#model_version:v2023.03.01,score_date:2024-02-03T00:00:00+0000
cve,epss,percentile
CVE-1999-0001,0.01167,0.83486
CVE-1999-0002,0.02833,0.89699
CVE-1999-0003,0.02487,0.89039
CVE-1999-0004,0.00403,0.71038
CVE-1999-0005,0.94040,0.98996
CVE-1999-0006,0.05896,0.92719
CVE-1999-0007,0.00180,0.55302
CVE-1999-0008,0.00389,0.70546
CVE-1999-0009,0.00433,0.72007
CVE-1999-0010,0.01002,0.82070
CVE-1999-0011,0.01026,0.82260
CVE-1999-0012,0.00908,0.81082
CVE-1999-0013,0.00042,0.05722
CVE-1999-0014,0.00043,0.07477
CVE-1999-0015,0.00250,0.63059
CVE-1999-0016,0.00842,0.80341
CVE-1999-0017,0.00697,0.78209
CVE-1999-0018,0.00196,0.57520
CVE-1999-0019,0.00441,0.72253
CVE-1999-0021,0.01347,0.84747
CVE-1999-0022,0.00044,0.10704
CVE-1999-0023,0.00042,0.00438
CVE-1999-0024,0.00221,0.60231
CVE-1999-0025,0.00072,0.29666
CVE-1999-0026,0.00064,0.26188
CVE-1999-0027,0.00064,0.26188
CVE-1999-0028,0.00059,0.22933
CVE-1999-0029,0.00064,0.26188
CVE-1999-0030,0.00059,0.22933
CVE-1999-0031,0.00812,0.79959
CVE-1999-0032,0.00046,0.12678
CVE-1999-0033,0.00095,0.39674
CVE-1999-0034,0.00053,0.18836
CVE-1999-0035,0.00135,0.48807
CVE-1999-0036,0.00076,0.31156
CVE-1999-0037,0.00294,0.66088
CVE-1999-0038,0.00044,0.10704
CVE-1999-0039,0.04278,0.91480
CVE-1999-0040,0.00060,0.23365
CVE-1999-0041,0.00814,0.79989
CVE-1999-0042,0.92913,0.98859
CVE-1999-0043,0.00360,0.69422
CVE-1999-0044,0.00042,0.00438
CVE-1999-0045,0.00522,0.74459
CVE-1999-0046,0.00201,0.58012
CVE-1999-0047,0.04593,0.91754
CVE-1999-0048,0.00269,0.64450
CVE-1999-0049,0.00050,0.16807
CVE-1999-0050,0.00086,0.35640
CVE-1999-0051,0.00067,0.27636
CVE-1999-0052,0.01179,0.83600
CVE-1999-0053,0.00165,0.53156
CVE-1999-0054,0.00247,0.62721
CVE-1999-0055,0.00052,0.17712
CVE-1999-0056,0.00047,0.14199
CVE-1999-0057,0.00341,0.68564
CVE-1999-0058,0.04622,0.91773
CVE-1999-0059,0.00142,0.49981
CVE-1999-0060,0.01753,0.86682
CVE-1999-0061,0.01206,0.83797
CVE-1999-0062,0.00042,0.05722
CVE-1999-0063,0.00874,0.80678
CVE-1999-0064,0.00042,0.00438
CVE-1999-0065,0.00323,0.67708
CVE-1999-0066,0.06291,0.92944
CVE-1999-0067,0.73349,0.97850
CVE-1999-0068,0.01644,0.86279
CVE-1999-0069,0.00050,0.16504
CVE-1999-0070,0.40923,0.96960
CVE-1999-0071,0.00932,0.81344
CVE-1999-0072,0.00042,0.05722
CVE-1999-0073,0.02972,0.89900
CVE-1999-0074,0.00397,0.70888
CVE-1999-0075,0.00317,0.67442
CVE-1999-0076,0.00165,0.53156
CVE-1999-0077,0.00300,0.66423
CVE-1999-0078,0.00044,0.10704
CVE-1999-0079,0.01179,0.83600
CVE-1999-0080,0.01676,0.86382
CVE-1999-0081,0.00412,0.71345
CVE-1999-0082,0.11698,0.94808
CVE-1999-0083,0.00396,0.70849
CVE-1999-0084,0.00044,0.10704
CVE-1999-0085,0.02307,0.88634
CVE-1999-0086,0.00550,0.75145
CVE-1999-0087,0.00808,0.79935
CVE-1999-0088,0.00676,0.77793
CVE-1999-0089,0.00042,0.05722
CVE-1999-0090,0.00042,0.05722
CVE-1999-0091,0.00042,0.05722
CVE-1999-0092,0.00042,0.00438
CVE-1999-0093,0.00042,0.05722
CVE-1999-0094,0.00042,0.05722
CVE-1999-0095,0.01157,0.83399
CVE-1999-0096,0.00244,0.62433
CVE-1999-0097,0.00320,0.67573
CVE-1999-0098,0.01009,0.82119
CVE-1999-0099,0.00653,0.77318
CVE-1999-0100,0.01826,0.86971
CVE-1999-0101,0.00983,0.81880
CVE-1999-0102,0.01063,0.82633
CVE-1999-0103,0.01326,0.84623
CVE-1999-0104,0.00879,0.80748
CVE-1999-0105,0.00063,0.25790
CVE-1999-0106,0.00063,0.25790
CVE-1999-0107,0.00736,0.78859
CVE-1999-0108,0.00042,0.00438
CVE-1999-0109,0.00050,0.16504
CVE-1999-0111,0.00204,0.58357
CVE-1999-0112,0.00042,0.00438
CVE-1999-0113,0.93324,0.98910
CVE-1999-0114,0.00042,0.05722
CVE-1999-0115,0.00042,0.00438
CVE-1999-0116,0.26622,0.96337
CVE-1999-0117,0.00042,0.05722
CVE-1999-0118,0.00042,0.00438
CVE-1999-0119,0.00349,0.68930
CVE-1999-0120,0.00044,0.10704
CVE-1999-0121,0.00050,0.16807
CVE-1999-0122,0.00050,0.16888
CVE-1999-0123,0.00042,0.05722
CVE-1999-0124,0.03594,0.90764
CVE-1999-0125,0.00042,0.00438
CVE-1999-0126,0.00064,0.26188
CVE-1999-0127,0.00042,0.05722
CVE-1999-0128,0.69324,0.97725
CVE-1999-0129,0.00045,0.12298
CVE-1999-0130,0.00042,0.00438
CVE-1999-0131,0.00042,0.05722
CVE-1999-0132,0.00065,0.26786
CVE-1999-0133,0.00042,0.00438
CVE-1999-0134,0.00044,0.10704
CVE-1999-0135,0.00044,0.10704
CVE-1999-0136,0.00044,0.10704
CVE-1999-0137,0.00042,0.00438
CVE-1999-0138,0.00047,0.14182
CVE-1999-0139,0.00044,0.10704
CVE-1999-0140,0.00304,0.66639
CVE-1999-0141,0.00050,0.16807
CVE-1999-0142,0.04488,0.91659
CVE-1999-0143,0.00053,0.18565
CVE-1999-0144,0.00080,0.33230
CVE-1999-0145,0.00077,0.31662
CVE-1999-0146,0.00790,0.79694
CVE-1999-0147,0.06291,0.92944
CVE-1999-0148,0.00532,0.74694
CVE-1999-0149,0.05376,0.92405
CVE-1999-0150,0.00463,0.72859
CVE-1999-0151,0.00336,0.68381
CVE-1999-0152,0.01041,0.82424
CVE-1999-0153,0.00165,0.53144
CVE-1999-0154,0.43555,0.97038
CVE-1999-0155,0.00493,0.73711
CVE-1999-0156,0.00045,0.12293
CVE-1999-0157,0.00304,0.66640
CVE-1999-0158,0.00165,0.53178
CVE-1999-0159,0.00304,0.66640
CVE-1999-0160,0.00764,0.79285
CVE-1999-0161,0.00877,0.80727
CVE-1999-0162,0.00155,0.51758
CVE-1999-0163,0.00045,0.12293
CVE-1999-0164,0.00062,0.24522
CVE-1999-0165,0.02703,0.89464
CVE-1999-0166,0.00289,0.65760
CVE-1999-0167,0.00053,0.18565
CVE-1999-0168,0.03215,0.90261
CVE-1999-0169,0.04484,0.91655
CVE-1999-0170,0.00875,0.80706
CVE-1999-0171,0.00044,0.10370
CVE-1999-0172,0.02883,0.89778
CVE-1999-0173,0.00210,0.58961
CVE-1999-0174,0.01972,0.87572
CVE-1999-0175,0.00396,0.70836
CVE-1999-0176,0.03406,0.90543
CVE-1999-0177,0.01425,0.85191
CVE-1999-0178,0.07953,0.93685
CVE-1999-0179,0.00424,0.71744
CVE-1999-0180,0.01749,0.86662
CVE-1999-0181,0.02414,0.88878
CVE-1999-0182,0.03280,0.90365
CVE-1999-0183,0.40586,0.96946
CVE-1999-0184,0.00234,0.61527
CVE-1999-0185,0.00323,0.67729
CVE-1999-0186,0.00423,0.71712
CVE-1999-0188,0.00047,0.14199
CVE-1999-0189,0.06160,0.92875
CVE-1999-0190,0.00047,0.14199
CVE-1999-0191,0.96917,0.99660
CVE-1999-0192,0.04141,0.91361
CVE-1999-0193,0.00288,0.65698
CVE-1999-0194,0.00165,0.53156
CVE-1999-0195,0.00191,0.56755
CVE-1999-0196,0.01999,0.87669
CVE-1999-0197,0.01500,0.85594
CVE-1999-0198,0.01500,0.85594
CVE-1999-0199,0.00604,0.76299
CVE-1999-0200,0.11698,0.94808
CVE-1999-0201,0.00780,0.79524
CVE-1999-0202,0.01749,0.86662
CVE-1999-0203,0.01527,0.85733
CVE-1999-0204,0.04141,0.91361
CVE-1999-0205,0.00165,0.53156
CVE-1999-0206,0.06361,0.92988
CVE-1999-0207,0.03971,0.91181
CVE-1999-0208,0.95848,0.99327
CVE-1999-0209,0.01751,0.86672
CVE-1999-0210,0.01305,0.84507
CVE-1999-0211,0.00289,0.65760
CVE-1999-0212,0.02169,0.88258
CVE-1999-0213,0.03185,0.90219
CVE-1999-0214,0.01629,0.86219
CVE-1999-0215,0.02648,0.89358
CVE-1999-0216,0.00317,0.67421
CVE-1999-0217,0.00247,0.62721
CVE-1999-0218,0.00165,0.53156
CVE-1999-0219,0.10540,0.94519
CVE-1999-0220,0.00530,0.74663
CVE-1999-0221,0.00165,0.53156
CVE-1999-0222,0.00405,0.71095
CVE-1999-0223,0.00062,0.24522
CVE-1999-0224,0.00306,0.66758
CVE-1999-0225,0.01165,0.83463
CVE-1999-0226,0.00542,0.74969
CVE-1999-0227,0.00322,0.67673
CVE-1999-0228,0.00445,0.72379
CVE-1999-0229,0.00437,0.72143
CVE-1999-0230,0.00165,0.53156
CVE-1999-0231,0.00165,0.53156
CVE-1999-0232,0.00185,0.55873
CVE-1999-0233,0.14015,0.95198
CVE-1999-0234,0.00050,0.16807
CVE-1999-0235,0.00837,0.80278
CVE-1999-0236,0.00137,0.49135
CVE-1999-0237,0.02883,0.89778
CVE-1999-0238,0.01908,0.87350
CVE-1999-0239,0.00185,0.55833
CVE-1999-0240,0.01500,0.85594
CVE-1999-0241,0.00405,0.71122
CVE-1999-0242,0.01221,0.83919
CVE-1999-0243,0.01500,0.85594
CVE-1999-0244,0.05247,0.92297
CVE-1999-0245,0.00053,0.18456
CVE-1999-0246,0.01036,0.82358
CVE-1999-0247,0.00421,0.71659
CVE-1999-0248,0.11698,0.94808
CVE-1999-0249,0.00206,0.58592
CVE-1999-0250,0.01100,0.82944
CVE-1999-0251,0.00325,0.67816
CVE-1999-0252,0.00662,0.77544
CVE-1999-0253,0.12087,0.94890
CVE-1999-0254,0.32281,0.96626
CVE-1999-0255,0.00394,0.70775
CVE-1999-0256,0.96577,0.99540
CVE-1999-0257,0.00237,0.61889
CVE-1999-0258,0.77560,0.97972
CVE-1999-0259,0.00222,0.60578
CVE-1999-0260,0.00495,0.73767
CVE-1999-0261,0.00165,0.53156
CVE-1999-0262,0.37952,0.96858
CVE-1999-0263,0.00047,0.14199
CVE-1999-0264,0.00421,0.71654
CVE-1999-0265,0.00333,0.68282
CVE-1999-0266,0.02729,0.89521
CVE-1999-0267,0.02335,0.88686
CVE-1999-0268,0.00909,0.81092
CVE-1999-0269,0.00684,0.77989
CVE-1999-0270,0.00736,0.78855
CVE-1999-0271,0.00612,0.76477
CVE-1999-0272,0.00165,0.53156
CVE-1999-0273,0.00247,0.62721
CVE-1999-0274,0.01278,0.84306
CVE-1999-0275,0.01205,0.83791
CVE-1999-0276,0.05247,0.92297
CVE-1999-0277,0.00053,0.18565
CVE-1999-0278,0.95864,0.99331
CVE-1999-0279,0.03823,0.91042
CVE-1999-0280,0.03067,0.90049
CVE-1999-0281,0.00165,0.53144
CVE-1999-0283,0.03638,0.90816
CVE-1999-0284,0.00617,0.76596
CVE-1999-0285,0.00465,0.72892
CVE-1999-0286,0.00374,0.69970
CVE-1999-0287,0.01500,0.85594
CVE-1999-0288,0.31570,0.96601
CVE-1999-0289,0.00188,0.56345
CVE-1999-0290,0.01322,0.84604
CVE-1999-0291,0.00875,0.80706
CVE-1999-0292,0.00437,0.72143
CVE-1999-0293,0.00348,0.68917
CVE-1999-0294,0.00165,0.53144
CVE-1999-0295,0.00047,0.14199
CVE-1999-0296,0.00047,0.14199
CVE-1999-0297,0.00042,0.05722
CVE-1999-0298,0.01184,0.83628
CVE-1999-0299,0.04527,0.91689
CVE-1999-0300,0.04484,0.91655
CVE-1999-0301,0.00050,0.16504
CVE-1999-0302,0.00816,0.80010
CVE-1999-0303,0.00053,0.18565
CVE-1999-0304,0.00042,0.05722
CVE-1999-0305,0.00808,0.79934
CVE-1999-0306,0.00042,0.05722
CVE-1999-0307,0.00042,0.05722
CVE-1999-0308,0.00050,0.16807
CVE-1999-0309,0.00042,0.05722
CVE-1999-0310,0.11698,0.94808
CVE-1999-0311,0.00042,0.05722
CVE-1999-0312,0.00201,0.58111
CVE-1999-0313,0.00042,0.05722
CVE-1999-0314,0.00042,0.00438
CVE-1999-0315,0.00047,0.14199
CVE-1999-0316,0.00042,0.05722
CVE-1999-0317,0.00042,0.05722
CVE-1999-0318,0.00044,0.10704
CVE-1999-0319,0.00045,0.12293
CVE-1999-0320,0.00193,0.57169
CVE-1999-0321,0.00042,0.00438
CVE-1999-0322,0.00042,0.05722
CVE-1999-0323,0.01295,0.84444
CVE-1999-0324,0.00042,0.05722
CVE-1999-0325,0.00042,0.05722
CVE-1999-0326,0.00042,0.05722
CVE-1999-0327,0.00045,0.12293
CVE-1999-0328,0.00042,0.00438
CVE-1999-0329,0.00045,0.12293
CVE-1999-0330,0.00042,0.05722
CVE-1999-0331,0.02402,0.88853
CVE-1999-0332,0.01107,0.82996
CVE-1999-0333,0.01102,0.82958
CVE-1999-0334,0.00291,0.65882
CVE-1999-0336,0.00042,0.05722
CVE-1999-0337,0.00956,0.81609
CVE-1999-0338,0.00042,0.05722
CVE-1999-0339,0.00044,0.10704
CVE-1999-0340,0.00042,0.05722
CVE-1999-0341,0.00042,0.05722
CVE-1999-0342,0.00042,0.05722
CVE-1999-0343,0.00956,0.81615
CVE-1999-0344,0.00052,0.17523
CVE-1999-0345,0.00848,0.80404
CVE-1999-0346,0.00273,0.64735
CVE-1999-0347,0.01958,0.87523
CVE-1999-0348,0.00311,0.67030
CVE-1999-0349,0.00987,0.81914
CVE-1999-0350,0.00042,0.00438
CVE-1999-0351,0.00647,0.77183
CVE-1999-0352,0.00050,0.16807
CVE-1999-0353,0.00401,0.70977
CVE-1999-0354,0.00967,0.81714
CVE-1999-0355,0.01994,0.87649
CVE-1999-0356,0.02567,0.89184
CVE-1999-0357,0.03292,0.90383
CVE-1999-0358,0.00059,0.22933
CVE-1999-0359,0.01826,0.86971
CVE-1999-0360,0.00048,0.14360
CVE-1999-0361,0.11698,0.94808
CVE-1999-0362,0.00269,0.64470
CVE-1999-0363,0.00053,0.18836
CVE-1999-0364,0.00349,0.68930
CVE-1999-0365,0.01041,0.82424
CVE-1999-0366,0.01987,0.87622
CVE-1999-0367,0.00045,0.12293
CVE-1999-0368,0.62568,0.97567
CVE-1999-0369,0.00042,0.00438
CVE-1999-0370,0.00047,0.14199
CVE-1999-0371,0.00042,0.05722
CVE-1999-0372,0.00109,0.43770
CVE-1999-0373,0.00042,0.05722
CVE-1999-0374,0.00058,0.22612
CVE-1999-0375,0.00708,0.78376
CVE-1999-0376,0.00049,0.15117
CVE-1999-0377,0.00325,0.67816
CVE-1999-0378,0.00273,0.64735
CVE-1999-0379,0.00392,0.70712
CVE-1999-0380,0.00042,0.05722
CVE-1999-0381,0.00042,0.00438
CVE-1999-0382,0.00050,0.15982
CVE-1999-0383,0.01527,0.85733
CVE-1999-0384,0.00046,0.13795
CVE-1999-0385,0.00456,0.72678
CVE-1999-0386,0.95980,0.99356
CVE-1999-0387,0.00406,0.71157
CVE-1999-0388,0.00042,0.00438
CVE-1999-0389,0.00050,0.16807
CVE-1999-0390,0.00050,0.16807
CVE-1999-0391,0.03686,0.90885
CVE-1999-0392,0.00315,0.67301
CVE-1999-0393,0.03175,0.90202
CVE-1999-0394,0.11698,0.94808
CVE-1999-0395,0.00864,0.80570
CVE-1999-0396,0.00839,0.80298
CVE-1999-0397,0.03594,0.90764
CVE-1999-0398,0.00059,0.22933
CVE-1999-0399,0.00493,0.73711
CVE-1999-0400,0.00057,0.21302
CVE-1999-0401,0.00042,0.05722
CVE-1999-0402,0.00239,0.62066
CVE-1999-0403,0.00165,0.53156
CVE-1999-0404,0.03249,0.90321
CVE-1999-0405,0.00042,0.00438
CVE-1999-0406,0.00042,0.05722
CVE-1999-0407,0.70389,0.97760
CVE-1999-0408,0.01144,0.83293
CVE-1999-0409,0.00042,0.00438
CVE-1999-0410,0.00042,0.00438
CVE-1999-0411,0.00042,0.05722
CVE-1999-0412,0.00643,0.77120
CVE-1999-0413,0.00045,0.12293
CVE-1999-0414,0.00374,0.69980
CVE-1999-0415,0.01926,0.87416
CVE-1999-0416,0.02708,0.89478
CVE-1999-0417,0.00042,0.00438
CVE-1999-0418,0.00661,0.77498
CVE-1999-0419,0.00612,0.76477
CVE-1999-0420,0.00045,0.12293
CVE-1999-0421,0.00450,0.72501
CVE-1999-0422,0.00045,0.12293
CVE-1999-0423,0.00042,0.05722
CVE-1999-0424,0.00042,0.05722
CVE-1999-0425,0.00042,0.05722
CVE-1999-0426,0.03246,0.90318
CVE-1999-0427,0.01221,0.83919
CVE-1999-0428,0.00704,0.78305
CVE-1999-0429,0.01142,0.83280
CVE-1999-0430,0.01025,0.82245
CVE-1999-0431,0.02728,0.89520
CVE-1999-0432,0.00042,0.05722
CVE-1999-0433,0.00043,0.07477
CVE-1999-0434,0.00717,0.78544
CVE-1999-0435,0.00042,0.05722
CVE-1999-0436,0.00042,0.05722
CVE-1999-0437,0.01179,0.83600
CVE-1999-0438,0.01179,0.83600
CVE-1999-0439,0.00255,0.63498
CVE-1999-0440,0.05620,0.92575
CVE-1999-0441,0.03175,0.90202
CVE-1999-0442,0.00042,0.00438
CVE-1999-0443,0.00875,0.80706
CVE-1999-0444,0.03292,0.90383
CVE-1999-0445,0.00222,0.60578
CVE-1999-0446,0.00042,0.05722
CVE-1999-0447,0.00042,0.05722
CVE-1999-0448,0.76955,0.97953
CVE-1999-0449,0.95652,0.99290
CVE-1999-0450,0.01786,0.86799
CVE-1999-0451,0.00043,0.07477
CVE-1999-0452,0.01500,0.85594
CVE-1999-0453,0.00315,0.67241
CVE-1999-0454,0.00727,0.78723
CVE-1999-0455,0.01160,0.83426
CVE-1999-0457,0.00042,0.05722
CVE-1999-0458,0.00050,0.16040
CVE-1999-0459,0.00045,0.12293
CVE-1999-0460,0.00043,0.07477
CVE-1999-0461,0.00708,0.78388
CVE-1999-0462,0.00045,0.12293
CVE-1999-0463,0.00325,0.67816
CVE-1999-0464,0.00042,0.05722
CVE-1999-0465,0.00875,0.80706
CVE-1999-0466,0.00045,0.12293
CVE-1999-0467,0.00540,0.74895
CVE-1999-0468,0.00204,0.58456
CVE-1999-0469,0.01225,0.83944
CVE-1999-0470,0.00286,0.65602
CVE-1999-0471,0.00540,0.74895
CVE-1999-0472,0.00222,0.60578
CVE-1999-0473,0.00058,0.22612
CVE-1999-0474,0.00540,0.74895
CVE-1999-0475,0.00042,0.05722
CVE-1999-0476,0.00042,0.05722
CVE-1999-0477,0.00650,0.77262
CVE-1999-0478,0.00165,0.53156
CVE-1999-0479,0.00147,0.50659
CVE-1999-0480,0.00042,0.05722
CVE-1999-0481,0.00165,0.53156
CVE-1999-0482,0.00165,0.53156
CVE-1999-0483,0.00042,0.05722
CVE-1999-0484,0.00042,0.05722
CVE-1999-0485,0.00748,0.79013
CVE-1999-0486,0.00325,0.67816
CVE-1999-0487,0.00765,0.79289
CVE-1999-0488,0.01172,0.83532
CVE-1999-0489,0.00937,0.81390
CVE-1999-0490,0.00986,0.81912
CVE-1999-0491,0.00042,0.00438
CVE-1999-0492,0.01958,0.87523
CVE-1999-0493,0.01305,0.84507
CVE-1999-0494,0.00165,0.53156
CVE-1999-0495,0.00727,0.78723
CVE-1999-0496,0.00052,0.17523
CVE-1999-0497,0.19874,0.95910
CVE-1999-0498,0.00875,0.80706
CVE-1999-0499,0.00349,0.68930
CVE-1999-0501,0.00042,0.05722
CVE-1999-0502,0.01297,0.84458
CVE-1999-0503,0.00043,0.07673
CVE-1999-0504,0.00546,0.75050
CVE-1999-0505,0.00043,0.07673
CVE-1999-0506,0.00084,0.34874
CVE-1999-0507,0.01500,0.85594
CVE-1999-0508,0.00042,0.05722
CVE-1999-0509,0.68445,0.97701
CVE-1999-0510,0.01500,0.85594
CVE-1999-0511,0.00349,0.68930
CVE-1999-0512,0.01500,0.85594
CVE-1999-0513,0.96752,0.99602
CVE-1999-0514,0.00165,0.53156
CVE-1999-0515,0.01500,0.85594
CVE-1999-0516,0.01500,0.85594
CVE-1999-0517,0.45448,0.97100
CVE-1999-0518,0.00349,0.68930
CVE-1999-0519,0.00349,0.68930
CVE-1999-0520,0.02021,0.87750
CVE-1999-0521,0.00042,0.05722
CVE-1999-0522,0.00045,0.12293
CVE-1999-0523,0.19874,0.95910
CVE-1999-0524,0.88080,0.98444
CVE-1999-0525,0.19874,0.95910
CVE-1999-0526,0.93256,0.98902
CVE-1999-0527,0.00374,0.69970
CVE-1999-0528,0.01500,0.85594
CVE-1999-0529,0.01500,0.85594
CVE-1999-0530,0.01500,0.85594
CVE-1999-0532,0.97542,0.99996
CVE-1999-0533,0.01500,0.85594
CVE-1999-0534,0.00043,0.07673
CVE-1999-0535,0.00349,0.68930
CVE-1999-0537,0.00134,0.48576
CVE-1999-0539,0.01500,0.85594
CVE-1999-0541,0.01500,0.85594
CVE-1999-0546,0.00043,0.07673
CVE-1999-0547,0.01500,0.85594
CVE-1999-0548,0.01500,0.85594
CVE-1999-0549,0.00043,0.07673
CVE-1999-0550,0.01500,0.85594
CVE-1999-0551,0.00042,0.05722
CVE-1999-0554,0.01500,0.85594
CVE-1999-0555,0.01500,0.85594
CVE-1999-0556,0.01500,0.85594
CVE-1999-0559,0.00374,0.69970
CVE-1999-0560,0.00246,0.62639
CVE-1999-0561,0.01500,0.85594
CVE-1999-0562,0.00468,0.72991
CVE-1999-0564,0.01500,0.85594
CVE-1999-0565,0.01500,0.85594
CVE-1999-0566,0.00808,0.79935
CVE-1999-0568,0.03498,0.90653
CVE-1999-0569,0.01500,0.85594
CVE-1999-0570,0.00349,0.68930
CVE-1999-0571,0.01166,0.83481
CVE-1999-0572,0.00142,0.49966
CVE-1999-0575,0.00349,0.68930
CVE-1999-0576,0.00349,0.68930
CVE-1999-0577,0.00349,0.68930
CVE-1999-0578,0.00043,0.07673
CVE-1999-0579,0.00349,0.68930
CVE-1999-0580,0.00374,0.69970
CVE-1999-0581,0.00246,0.62639
CVE-1999-0582,0.07495,0.93498
CVE-1999-0583,0.01500,0.85594
CVE-1999-0584,0.01500,0.85594
CVE-1999-0585,0.00043,0.07673
CVE-1999-0586,0.19874,0.95910
CVE-1999-0587,0.01500,0.85594
CVE-1999-0588,0.01500,0.85594
CVE-1999-0589,0.00374,0.69970
CVE-1999-0590,0.00302,0.66514
CVE-1999-0591,0.00374,0.69970
CVE-1999-0592,0.01500,0.85594
CVE-1999-0593,0.00294,0.66074
CVE-1999-0594,0.01500,0.85594
CVE-1999-0595,0.00048,0.14794
CVE-1999-0596,0.01500,0.85594
CVE-1999-0597,0.00727,0.78723
CVE-1999-0598,0.01500,0.85594
CVE-1999-0599,0.01500,0.85594
CVE-1999-0600,0.01500,0.85594
CVE-1999-0601,0.01500,0.85594
CVE-1999-0602,0.01500,0.85594
CVE-1999-0603,0.01500,0.85594
CVE-1999-0604,0.00150,0.51183
CVE-1999-0605,0.00173,0.54513
CVE-1999-0606,0.00173,0.54513
CVE-1999-0607,0.00472,0.73106
CVE-1999-0608,0.00222,0.60578
CVE-1999-0609,0.00303,0.66583
CVE-1999-0610,0.00150,0.51183
CVE-1999-0611,0.01500,0.85594
CVE-1999-0612,0.96828,0.99629
CVE-1999-0613,0.19874,0.95910
CVE-1999-0618,0.11698,0.94808
CVE-1999-0624,0.00223,0.60707
CVE-1999-0625,0.19874,0.95910
CVE-1999-0626,0.01431,0.85226
CVE-1999-0627,0.00163,0.52951
CVE-1999-0628,0.00309,0.66944
CVE-1999-0629,0.19874,0.95910
CVE-1999-0630,0.01500,0.85594
CVE-1999-0632,0.19874,0.95910
CVE-1999-0635,0.00407,0.71179
CVE-1999-0636,0.01500,0.85594
CVE-1999-0637,0.19874,0.95910
CVE-1999-0638,0.19874,0.95910
CVE-1999-0639,0.19874,0.95910
CVE-1999-0640,0.01500,0.85594
CVE-1999-0641,0.19874,0.95910
CVE-1999-0650,0.00951,0.81557
CVE-1999-0651,0.01500,0.85594
CVE-1999-0653,0.01500,0.85594
CVE-1999-0654,0.01500,0.85594
CVE-1999-0656,0.00418,0.71533
CVE-1999-0657,0.19874,0.95910
CVE-1999-0661,0.02622,0.89306
CVE-1999-0662,0.01500,0.85594
CVE-1999-0663,0.01500,0.85594
CVE-1999-0664,0.00374,0.69970
CVE-1999-0665,0.01500,0.85594
CVE-1999-0667,0.00690,0.78090
CVE-1999-0668,0.07214,0.93409
CVE-1999-0669,0.02693,0.89450
CVE-1999-0670,0.00241,0.62220
CVE-1999-0671,0.00892,0.80910
CVE-1999-0672,0.00892,0.80910
CVE-1999-0673,0.00660,0.77482
CVE-1999-0674,0.00042,0.00438
CVE-1999-0675,0.00553,0.75210
CVE-1999-0676,0.00044,0.10704
CVE-1999-0677,0.01166,0.83481
CVE-1999-0678,0.01424,0.85185
CVE-1999-0679,0.09838,0.94316
CVE-1999-0680,0.00364,0.69563
CVE-1999-0681,0.02229,0.88428
CVE-1999-0682,0.00942,0.81447
CVE-1999-0683,0.00654,0.77339
CVE-1999-0684,0.00147,0.50659
CVE-1999-0685,0.00892,0.80910
CVE-1999-0686,0.00371,0.69869
CVE-1999-0687,0.01164,0.83460
CVE-1999-0688,0.00050,0.16807
CVE-1999-0689,0.00042,0.00438
CVE-1999-0690,0.00050,0.16807
CVE-1999-0691,0.00042,0.00438
CVE-1999-0692,0.01676,0.86382
CVE-1999-0693,0.00042,0.00438
CVE-1999-0694,0.00042,0.05722
CVE-1999-0695,0.00273,0.64735
CVE-1999-0696,0.01442,0.85294
CVE-1999-0697,0.00042,0.05722
CVE-1999-0698,0.00530,0.74663
CVE-1999-0699,0.01166,0.83481
CVE-1999-0700,0.00050,0.16504
CVE-1999-0701,0.00060,0.23665
CVE-1999-0702,0.08263,0.93789
CVE-1999-0703,0.00059,0.22933
CVE-1999-0704,0.01833,0.87002
CVE-1999-0705,0.01533,0.85764
CVE-1999-0706,0.00590,0.76028
CVE-1999-0707,0.00873,0.80664
CVE-1999-0708,0.00042,0.00438
CVE-1999-0710,0.06503,0.93069
CVE-1999-0711,0.00043,0.07735
CVE-1999-0712,0.00050,0.16040
CVE-1999-0713,0.00042,0.05722
CVE-1999-0714,0.00050,0.16040
CVE-1999-0715,0.00073,0.30262
CVE-1999-0716,0.00081,0.33798
CVE-1999-0717,0.00444,0.72328
CVE-1999-0718,0.00042,0.00438
CVE-1999-0719,0.00058,0.22016
CVE-1999-0720,0.00042,0.00438
CVE-1999-0721,0.00527,0.74576
CVE-1999-0722,0.05979,0.92765
CVE-1999-0723,0.00542,0.74960
CVE-1999-0724,0.00050,0.16807
CVE-1999-0725,0.00502,0.73950
CVE-1999-0726,0.00423,0.71718
CVE-1999-0727,0.00222,0.60578
CVE-1999-0728,0.00301,0.66489
CVE-1999-0729,0.00422,0.71690
CVE-1999-0730,0.01091,0.82863
CVE-1999-0731,0.00042,0.05722
CVE-1999-0732,0.00042,0.05722
CVE-1999-0733,0.00076,0.31156
CVE-1999-0734,0.00474,0.73166
CVE-1999-0735,0.00042,0.00438
CVE-1999-0736,0.96908,0.99658
CVE-1999-0737,0.96922,0.99663
CVE-1999-0738,0.01525,0.85726
CVE-1999-0739,0.01525,0.85726
CVE-1999-0740,0.01260,0.84206
CVE-1999-0741,0.03594,0.90764
CVE-1999-0742,0.00448,0.72461
CVE-1999-0743,0.00042,0.05722
CVE-1999-0744,0.02452,0.88969
CVE-1999-0745,0.04469,0.91643
CVE-1999-0746,0.03720,0.90921
CVE-1999-0747,0.00050,0.16807
CVE-1999-0748,0.02315,0.88649
CVE-1999-0749,0.00247,0.62733
CVE-1999-0750,0.16375,0.95525
CVE-1999-0751,0.01204,0.83782
CVE-1999-0752,0.00256,0.63501
CVE-1999-0753,0.04141,0.91361
CVE-1999-0754,0.00220,0.60019
CVE-1999-0755,0.00887,0.80851
CVE-1999-0756,0.00289,0.65768
CVE-1999-0757,0.00045,0.10878
CVE-1999-0758,0.00536,0.74820
CVE-1999-0759,0.05718,0.92624
CVE-1999-0760,0.01393,0.85027
CVE-1999-0761,0.00042,0.05722
CVE-1999-0762,0.00372,0.69921
CVE-1999-0763,0.00612,0.76477
CVE-1999-0764,0.00612,0.76477
CVE-1999-0765,0.00801,0.79843
CVE-1999-0766,0.00337,0.68406
CVE-1999-0767,0.00042,0.00438
CVE-1999-0768,0.03373,0.90500
CVE-1999-0769,0.00042,0.00438
CVE-1999-0770,0.00093,0.39086
CVE-1999-0771,0.01930,0.87431
CVE-1999-0772,0.00778,0.79497
CVE-1999-0773,0.00042,0.00438
CVE-1999-0774,0.00064,0.26188
CVE-1999-0775,0.00946,0.81497
CVE-1999-0776,0.00454,0.72647
CVE-1999-0777,0.01356,0.84828
CVE-1999-0778,0.00042,0.00438
CVE-1999-0779,0.00147,0.50659
CVE-1999-0780,0.00042,0.05722
CVE-1999-0781,0.00042,0.05722
CVE-1999-0782,0.00042,0.05722
CVE-1999-0783,0.00042,0.05722
CVE-1999-0784,0.00247,0.62781
CVE-1999-0785,0.00042,0.05722
CVE-1999-0786,0.00042,0.00438
CVE-1999-0787,0.00061,0.24096
CVE-1999-0788,0.01179,0.83600
CVE-1999-0789,0.25488,0.96283
CVE-1999-0790,0.00465,0.72890
CVE-1999-0791,0.04170,0.91386
CVE-1999-0792,0.00271,0.64575
CVE-1999-0793,0.00765,0.79289
CVE-1999-0794,0.00074,0.30529
CVE-1999-0795,0.01365,0.84892
CVE-1999-0796,0.01826,0.86971
CVE-1999-0797,0.00447,0.72432
CVE-1999-0798,0.00374,0.69970
CVE-1999-0799,0.06361,0.92988
CVE-1999-0800,0.02003,0.87692
CVE-1999-0801,0.00875,0.80706
CVE-1999-0802,0.00609,0.76396
CVE-1999-0803,0.00042,0.00438
CVE-1999-0804,0.00696,0.78181
CVE-1999-0805,0.00185,0.55850
CVE-1999-0806,0.00050,0.16504
CVE-1999-0807,0.00045,0.12293
CVE-1999-0808,0.00711,0.78458
CVE-1999-0809,0.00552,0.75200
CVE-1999-0810,0.00583,0.75855
CVE-1999-0811,0.01724,0.86572
CVE-1999-0812,0.00172,0.54297
CVE-1999-0813,0.00042,0.05722
CVE-1999-0814,0.00727,0.78723
CVE-1999-0815,0.01269,0.84255
CVE-1999-0816,0.00670,0.77713
CVE-1999-0817,0.00875,0.80706
CVE-1999-0818,0.00042,0.00438
CVE-1999-0819,0.00886,0.80842
CVE-1999-0820,0.00064,0.26188
CVE-1999-0821,0.00042,0.00438
CVE-1999-0822,0.16570,0.95544
CVE-1999-0823,0.00042,0.00438
CVE-1999-0824,0.00073,0.30345
CVE-1999-0825,0.00042,0.00438
CVE-1999-0826,0.00042,0.00438
CVE-1999-0827,0.00143,0.50029
CVE-1999-0828,0.00042,0.00438
CVE-1999-0829,0.00135,0.48661
CVE-1999-0830,0.00045,0.10878
CVE-1999-0831,0.00682,0.77961
CVE-1999-0832,0.00360,0.69432
CVE-1999-0833,0.00337,0.68413
CVE-1999-0834,0.01872,0.87168
CVE-1999-0835,0.01431,0.85226
CVE-1999-0836,0.00157,0.52148
CVE-1999-0837,0.00852,0.80446
CVE-1999-0838,0.03175,0.90202
CVE-1999-0839,0.00074,0.30529
CVE-1999-0840,0.00044,0.10704
CVE-1999-0841,0.00042,0.00438
CVE-1999-0842,0.00389,0.70540
CVE-1999-0843,0.00304,0.66640
CVE-1999-0844,0.00879,0.80751
CVE-1999-0845,0.00042,0.00438
CVE-1999-0846,0.00612,0.76477
CVE-1999-0847,0.01120,0.83103
CVE-1999-0848,0.00933,0.81364
CVE-1999-0849,0.01386,0.85003
CVE-1999-0850,0.00045,0.12293
CVE-1999-0851,0.00074,0.30526
CVE-1999-0852,0.00045,0.12293
CVE-1999-0853,0.01221,0.83919
CVE-1999-0854,0.00595,0.76116
CVE-1999-0855,0.00045,0.10878
CVE-1999-0856,0.00587,0.75951
CVE-1999-0857,0.00042,0.00438
CVE-1999-0858,0.00723,0.78660
CVE-1999-0859,0.00042,0.00438
CVE-1999-0860,0.00042,0.00438
CVE-1999-0861,0.00203,0.58259
CVE-1999-0862,0.00045,0.12293
CVE-1999-0863,0.00059,0.22933
CVE-1999-0864,0.00042,0.00438
CVE-1999-0865,0.01348,0.84756
CVE-1999-0866,0.00042,0.00438
CVE-1999-0867,0.00746,0.78986
CVE-1999-0868,0.00442,0.72288
CVE-1999-0869,0.01851,0.87088
CVE-1999-0870,0.00539,0.74871
CVE-1999-0871,0.00539,0.74871
CVE-1999-0872,0.00042,0.05722
CVE-1999-0873,0.02680,0.89428
CVE-1999-0874,0.71732,0.97808
CVE-1999-0875,0.01815,0.86920
CVE-1999-0876,0.00998,0.82031
CVE-1999-0877,0.00851,0.80434
CVE-1999-0878,0.01356,0.84827
CVE-1999-0879,0.04141,0.91361
CVE-1999-0880,0.00612,0.76477
CVE-1999-0881,0.00789,0.79681
CVE-1999-0882,0.00540,0.74895
CVE-1999-0883,0.01238,0.84049
CVE-1999-0884,0.00273,0.64735
CVE-1999-0885,0.00190,0.56622
CVE-1999-0886,0.00329,0.68025
CVE-1999-0887,0.02274,0.88553
CVE-1999-0888,0.00043,0.07735
CVE-1999-0889,0.00946,0.81497
CVE-1999-0890,0.01030,0.82284
CVE-1999-0891,0.02389,0.88823
CVE-1999-0892,0.00045,0.12293
CVE-1999-0893,0.00042,0.00438
CVE-1999-0894,0.03246,0.90318
CVE-1999-0895,0.01082,0.82799
CVE-1999-0896,0.06152,0.92872
CVE-1999-0897,0.00397,0.70899
CVE-1999-0898,0.00345,0.68739
CVE-1999-0899,0.00049,0.15117
CVE-1999-0900,0.00042,0.05722
CVE-1999-0901,0.00042,0.05722
CVE-1999-0902,0.00059,0.22933
CVE-1999-0903,0.02227,0.88420
CVE-1999-0904,0.03175,0.90202
CVE-1999-0905,0.01753,0.86682
CVE-1999-0906,0.00042,0.00438
CVE-1999-0907,0.00042,0.05722
CVE-1999-0908,0.01280,0.84323
CVE-1999-0909,0.00406,0.71171
CVE-1999-0910,0.00235,0.61656
CVE-1999-0911,0.05376,0.92405
CVE-1999-0912,0.00043,0.07477
CVE-1999-0913,0.02212,0.88379
CVE-1999-0914,0.00053,0.18836
CVE-1999-0915,0.02274,0.88553
CVE-1999-0916,0.00045,0.12293
CVE-1999-0917,0.00827,0.80154
CVE-1999-0918,0.00746,0.78986
CVE-1999-0919,0.00670,0.77713
CVE-1999-0920,0.04170,0.91386
CVE-1999-0921,0.01179,0.83600
CVE-1999-0922,0.00235,0.61676
CVE-1999-0923,0.00304,0.66631
CVE-1999-0924,0.00835,0.80259
CVE-1999-0925,0.00271,0.64575
CVE-1999-0926,0.00394,0.70767
CVE-1999-0927,0.02354,0.88737
CVE-1999-0928,0.03147,0.90160
CVE-1999-0929,0.00197,0.57680
CVE-1999-0930,0.00595,0.76116
CVE-1999-0931,0.00914,0.81151
CVE-1999-0932,0.00215,0.59605
CVE-1999-0933,0.02274,0.88553
CVE-1999-0934,0.02354,0.88737
CVE-1999-0935,0.02212,0.88379
CVE-1999-0936,0.00582,0.75835
CVE-1999-0937,0.00875,0.80706
CVE-1999-0938,0.00493,0.73711
CVE-1999-0939,0.00510,0.74157
CVE-1999-0940,0.00421,0.71659
CVE-1999-0941,0.00488,0.73565
CVE-1999-0942,0.00042,0.05722
CVE-1999-0943,0.02452,0.88969
CVE-1999-0944,0.00512,0.74212
CVE-1999-0945,0.09905,0.94334
CVE-1999-0946,0.02414,0.88879
CVE-1999-0947,0.02212,0.88379
CVE-1999-0948,0.00042,0.00438
CVE-1999-0949,0.00042,0.00438
CVE-1999-0950,0.04141,0.91361
CVE-1999-0951,0.09838,0.94316
CVE-1999-0952,0.00044,0.10704
CVE-1999-0953,0.04141,0.91361
CVE-1999-0954,0.11386,0.94736
CVE-1999-0955,0.01045,0.82447
CVE-1999-0956,0.00042,0.05722
CVE-1999-0957,0.00042,0.05722
CVE-1999-0958,0.00045,0.12293
CVE-1999-0959,0.00042,0.00438
CVE-1999-0960,0.00042,0.00438
CVE-1999-0961,0.00042,0.05722
CVE-1999-0962,0.00042,0.05722
CVE-1999-0963,0.00042,0.05722
CVE-1999-0964,0.00080,0.33472
CVE-1999-0965,0.00042,0.05722
CVE-1999-0966,0.00047,0.14199
CVE-1999-0967,0.02402,0.88853
CVE-1999-0968,0.04141,0.91361
CVE-1999-0969,0.13843,0.95166
CVE-1999-0970,0.03175,0.90202
CVE-1999-0971,0.00042,0.00438
CVE-1999-0972,0.02680,0.89428
CVE-1999-0973,0.01013,0.82151
CVE-1999-0974,0.00794,0.79757
CVE-1999-0975,0.00048,0.14360
CVE-1999-0976,0.00042,0.05722
CVE-1999-0977,0.05450,0.92456
CVE-1999-0978,0.00488,0.73566
CVE-1999-0979,0.00042,0.00438
CVE-1999-0980,0.08351,0.93815
CVE-1999-0981,0.00806,0.79905
CVE-1999-0982,0.00047,0.14199
CVE-1999-0983,0.00582,0.75835
CVE-1999-0984,0.00582,0.75835
CVE-1999-0985,0.02212,0.88379
CVE-1999-0986,0.00043,0.07477
CVE-1999-0987,0.00998,0.82031
CVE-1999-0988,0.00042,0.05722
CVE-1999-0989,0.01939,0.87454
CVE-1999-0990,0.00045,0.12293
CVE-1999-0991,0.03175,0.90202
CVE-1999-0992,0.01210,0.83832
CVE-1999-0993,0.00700,0.78246
CVE-1999-0994,0.01100,0.82945
CVE-1999-0995,0.05273,0.92313
CVE-1999-0996,0.04085,0.91310
CVE-1999-0997,0.03277,0.90361
CVE-1999-0998,0.00275,0.64865
CVE-1999-0999,0.00979,0.81839
CVE-1999-1000,0.00529,0.74643
CVE-1999-1001,0.00340,0.68548
CVE-1999-1002,0.00222,0.60578
CVE-1999-1003,0.01179,0.83600
CVE-1999-1004,0.00314,0.67206
CVE-1999-1005,0.01829,0.86982
CVE-1999-1006,0.00208,0.58826
CVE-1999-1007,0.01315,0.84566
CVE-1999-1008,0.00042,0.00438
CVE-1999-1009,0.00322,0.67703
CVE-1999-1010,0.00045,0.12293
CVE-1999-1011,0.27721,0.96406
CVE-1999-1012,0.00251,0.63120
CVE-1999-1013,0.00045,0.12293
CVE-1999-1014,0.00042,0.00438
CVE-1999-1015,0.00432,0.71942
CVE-1999-1016,0.00182,0.55607
CVE-1999-1017,0.00916,0.81180
CVE-1999-1018,0.00879,0.80745
CVE-1999-1019,0.00042,0.05722
CVE-1999-1020,0.01197,0.83725
CVE-1999-1021,0.00060,0.23605
CVE-1999-1022,0.00042,0.00438
CVE-1999-1023,0.00047,0.14199
CVE-1999-1024,0.02429,0.88922
CVE-1999-1025,0.00289,0.65759
CVE-1999-1026,0.00042,0.00438
CVE-1999-1027,0.00044,0.10704
CVE-1999-1028,0.00926,0.81298
CVE-1999-1029,0.00865,0.80584
CVE-1999-1030,0.03353,0.90472
CVE-1999-1031,0.01179,0.83600
CVE-1999-1032,0.00852,0.80448
CVE-1999-1033,0.00390,0.70621
CVE-1999-1034,0.00043,0.05916
CVE-1999-1035,0.01165,0.83463
CVE-1999-1036,0.00042,0.05722
CVE-1999-1037,0.00042,0.05722
CVE-1999-1038,0.00042,0.05722
CVE-1999-1039,0.00042,0.05722
CVE-1999-1040,0.00042,0.05722
CVE-1999-1041,0.00061,0.23768
CVE-1999-1042,0.00066,0.27234
CVE-1999-1043,0.00607,0.76361
CVE-1999-1044,0.00042,0.05722
CVE-1999-1045,0.02406,0.88860
CVE-1999-1046,0.06461,0.93044
CVE-1999-1047,0.00840,0.80307
CVE-1999-1048,0.00042,0.05722
CVE-1999-1049,0.00396,0.70852
CVE-1999-1050,0.01990,0.87633
CVE-1999-1051,0.00813,0.79970
CVE-1999-1052,0.86075,0.98332
CVE-1999-1053,0.93654,0.98946
CVE-1999-1054,0.00271,0.64575
CVE-1999-1055,0.16037,0.95486
CVE-1999-1057,0.00043,0.05916
CVE-1999-1058,0.08049,0.93720
CVE-1999-1059,0.00699,0.78238
CVE-1999-1060,0.00176,0.54792
CVE-1999-1061,0.01036,0.82358
CVE-1999-1062,0.00866,0.80597
CVE-1999-1063,0.23601,0.96171
CVE-1999-1064,0.02571,0.89190
CVE-1999-1065,0.00488,0.73565
CVE-1999-1066,0.00271,0.64575
CVE-1999-1067,0.00397,0.70899
CVE-1999-1068,0.00222,0.60590
CVE-1999-1069,0.03135,0.90145
CVE-1999-1070,0.00201,0.58091
CVE-1999-1071,0.00045,0.12293
CVE-1999-1072,0.00042,0.05722
CVE-1999-1073,0.00042,0.05722
CVE-1999-1074,0.00752,0.79092
CVE-1999-1075,0.00321,0.67611
CVE-1999-1076,0.00045,0.12293
CVE-1999-1077,0.00045,0.12293
CVE-1999-1078,0.00288,0.65683
CVE-1999-1079,0.00042,0.05722
CVE-1999-1080,0.00140,0.49575
CVE-1999-1081,0.00733,0.78825
CVE-1999-1082,0.00658,0.77407
CVE-1999-1083,0.00561,0.75352
CVE-1999-1084,0.00054,0.19417
CVE-1999-1085,0.01398,0.85059
CVE-1999-1086,0.00232,0.61378
CVE-1999-1087,0.00610,0.76433
CVE-1999-1088,0.00042,0.05722
CVE-1999-1089,0.00042,0.05722
CVE-1999-1090,0.00415,0.71460
CVE-1999-1091,0.00275,0.64865
CVE-1999-1092,0.00042,0.05722
CVE-1999-1093,0.00282,0.65309
CVE-1999-1094,0.00312,0.67112
CVE-1999-1095,0.00042,0.05722
CVE-1999-1096,0.00042,0.05722
CVE-1999-1097,0.00907,0.81070
CVE-1999-1098,0.00445,0.72366
CVE-1999-1099,0.00564,0.75437
CVE-1999-1100,0.00333,0.68267
CVE-1999-1101,0.00042,0.05722
CVE-1999-1102,0.00044,0.10704
CVE-1999-1103,0.00043,0.05916
CVE-1999-1104,0.00044,0.10351
CVE-1999-1105,0.96575,0.99540
CVE-1999-1106,0.00042,0.05722
CVE-1999-1107,0.00045,0.12293
CVE-1999-1109,0.03720,0.90921
CVE-1999-1110,0.00209,0.58854
CVE-1999-1111,0.00840,0.80307
CVE-1999-1112,0.01229,0.83957
CVE-1999-1113,0.00937,0.81392
CVE-1999-1114,0.00042,0.00438
CVE-1999-1115,0.00061,0.23998
CVE-1999-1116,0.00042,0.05722
CVE-1999-1117,0.00042,0.00438
CVE-1999-1118,0.00044,0.10704
CVE-1999-1119,0.00801,0.79846
CVE-1999-1120,0.00042,0.00438
CVE-1999-1121,0.00043,0.05916
CVE-1999-1122,0.00061,0.24202
CVE-1999-1123,0.00045,0.12368
CVE-1999-1124,0.00428,0.71850
CVE-1999-1125,0.00315,0.67251
CVE-1999-1126,0.00042,0.05722
CVE-1999-1127,0.01165,0.83463
CVE-1999-1128,0.00208,0.58799
CVE-1999-1129,0.00627,0.76803
CVE-1999-1130,0.02369,0.88774
CVE-1999-1131,0.00280,0.65197
CVE-1999-1132,0.02437,0.88938
CVE-1999-1133,0.00042,0.05722
CVE-1999-1134,0.00042,0.05722
CVE-1999-1135,0.00042,0.05722
CVE-1999-1136,0.00059,0.22933
CVE-1999-1137,0.00044,0.10704
CVE-1999-1138,0.00465,0.72925
CVE-1999-1139,0.00042,0.05722
CVE-1999-1140,0.00043,0.05916
CVE-1999-1141,0.00875,0.80706
CVE-1999-1142,0.00060,0.23605
CVE-1999-1143,0.00042,0.05722
CVE-1999-1144,0.00042,0.05722
CVE-1999-1145,0.00042,0.05722
CVE-1999-1146,0.00042,0.05722
CVE-1999-1147,0.08928,0.94029
CVE-1999-1148,0.01165,0.83463
CVE-1999-1149,0.00325,0.67816
CVE-1999-1150,0.00831,0.80211
CVE-1999-1151,0.00325,0.67816
CVE-1999-1152,0.00951,0.81557
CVE-1999-1153,0.00582,0.75835
CVE-1999-1154,0.05857,0.92695
CVE-1999-1155,0.05857,0.92695
CVE-1999-1156,0.00325,0.67816
CVE-1999-1157,0.00278,0.65015
CVE-1999-1158,0.00042,0.00438
CVE-1999-1159,0.00042,0.05722
CVE-1999-1160,0.01172,0.83534
CVE-1999-1161,0.00042,0.05722
CVE-1999-1162,0.00117,0.45644
CVE-1999-1163,0.01036,0.82358
CVE-1999-1164,0.20086,0.95925
CVE-1999-1165,0.00042,0.05722
CVE-1999-1166,0.00042,0.00438
CVE-1999-1167,0.00540,0.74895
CVE-1999-1168,0.00042,0.05722
CVE-1999-1169,0.00277,0.64949
CVE-1999-1170,0.00045,0.12293
CVE-1999-1171,0.00045,0.12293
CVE-1999-1172,0.01568,0.85927
CVE-1999-1173,0.00147,0.50699
CVE-1999-1174,0.00088,0.37077
CVE-1999-1175,0.00618,0.76632
CVE-1999-1176,0.00042,0.05722
CVE-1999-1177,0.00365,0.69647
CVE-1999-1178,0.00238,0.61979
CVE-1999-1179,0.00203,0.58304
CVE-1999-1180,0.00426,0.71776
CVE-1999-1181,0.00042,0.05722
CVE-1999-1182,0.00042,0.05722
CVE-1999-1183,0.00465,0.72908
CVE-1999-1184,0.00042,0.00438
CVE-1999-1185,0.00042,0.05722
CVE-1999-1186,0.00042,0.05722
CVE-1999-1187,0.00045,0.12293
CVE-1999-1188,0.00060,0.23365
CVE-1999-1189,0.00761,0.79238
CVE-1999-1190,0.00510,0.74178
CVE-1999-1191,0.00046,0.12542
CVE-1999-1192,0.00044,0.10704
CVE-1999-1193,0.00752,0.79088
CVE-1999-1194,0.00042,0.00438
CVE-1999-1195,0.00956,0.81615
CVE-1999-1196,0.00284,0.65458
CVE-1999-1197,0.00060,0.23605
CVE-1999-1198,0.00043,0.05916
CVE-1999-1199,0.02336,0.88690
CVE-1999-1200,0.00325,0.67816
CVE-1999-1201,0.01879,0.87215
CVE-1999-1202,0.00325,0.67816
CVE-1999-1203,0.01179,0.83600
CVE-1999-1204,0.00724,0.78671
CVE-1999-1205,0.00042,0.05722
CVE-1999-1206,0.05370,0.92396
CVE-1999-1207,0.00243,0.62330
CVE-1999-1208,0.00042,0.00438
CVE-1999-1209,0.00043,0.05916
CVE-1999-1210,0.00045,0.12293
CVE-1999-1211,0.00047,0.14058
CVE-1999-1212,0.00047,0.14058
CVE-1999-1213,0.00120,0.46112
CVE-1999-1214,0.00042,0.05722
CVE-1999-1215,0.00051,0.17148
CVE-1999-1216,0.00502,0.73954
CVE-1999-1217,0.00044,0.10532
CVE-1999-1218,0.00045,0.12225
CVE-1999-1219,0.00042,0.00438
CVE-1999-1220,0.01099,0.82937
CVE-1999-1221,0.00042,0.05722
CVE-1999-1222,0.00154,0.51695
CVE-1999-1223,0.00559,0.75315
CVE-1999-1224,0.00045,0.12293
CVE-1999-1225,0.00397,0.70872
CVE-1999-1226,0.00133,0.48305
CVE-1999-1227,0.00042,0.05722
CVE-1999-1228,0.01160,0.83426
CVE-1999-1229,0.00045,0.12293
CVE-1999-1230,0.00252,0.63169
CVE-1999-1231,0.00238,0.61979
CVE-1999-1232,0.00042,0.05722
CVE-1999-1233,0.00640,0.77041
CVE-1999-1234,0.23176,0.96138
CVE-1999-1235,0.00049,0.15117
CVE-1999-1236,0.00042,0.05722
CVE-1999-1237,0.00133,0.48453
CVE-1999-1238,0.00042,0.05722
CVE-1999-1239,0.00042,0.05722
CVE-1999-1240,0.00454,0.72630
CVE-1999-1241,0.00728,0.78743
CVE-1999-1242,0.00042,0.05722
CVE-1999-1243,0.00042,0.00438
CVE-1999-1244,0.00045,0.12293
CVE-1999-1245,0.00951,0.81557
CVE-1999-1246,0.00442,0.72300
CVE-1999-1247,0.00042,0.05722
CVE-1999-1248,0.00042,0.05722
CVE-1999-1249,0.00042,0.05722
CVE-1999-1250,0.00235,0.61676
CVE-1999-1251,0.00042,0.05722
CVE-1999-1252,0.00043,0.05916
CVE-1999-1253,0.00043,0.05916
CVE-1999-1254,0.02562,0.89172
CVE-1999-1255,0.00265,0.64202
CVE-1999-1256,0.00062,0.24501
CVE-1999-1257,0.00797,0.79803
CVE-1999-1258,0.00256,0.63549
CVE-1999-1259,0.00049,0.15070
CVE-1999-1260,0.00875,0.80706
CVE-1999-1261,0.00206,0.58648
CVE-1999-1262,0.00429,0.71856
CVE-1999-1263,0.00123,0.46572
CVE-1999-1264,0.00501,0.73936
CVE-1999-1265,0.01322,0.84604
CVE-1999-1266,0.00535,0.74794
CVE-1999-1267,0.00265,0.64202
CVE-1999-1268,0.00045,0.12293
CVE-1999-1269,0.00042,0.05722
CVE-1999-1270,0.00045,0.12293
CVE-1999-1271,0.00045,0.12293
CVE-1999-1272,0.00045,0.12293
CVE-1999-1273,0.00609,0.76391
CVE-1999-1274,0.03001,0.89937
CVE-1999-1275,0.00045,0.12293
CVE-1999-1276,0.00042,0.05722
CVE-1999-1277,0.00045,0.12293
CVE-1999-1278,0.01238,0.84049
CVE-1999-1279,0.00216,0.59659
CVE-1999-1280,0.00916,0.81180
CVE-1999-1281,0.00289,0.65768
CVE-1999-1282,0.00089,0.37391
CVE-1999-1283,0.00289,0.65768
CVE-1999-1284,0.01256,0.84163
CVE-1999-1285,0.00042,0.05722
CVE-1999-1286,0.00042,0.05722
CVE-1999-1287,0.00535,0.74794
CVE-1999-1288,0.00059,0.23116
CVE-1999-1289,0.00831,0.80211
CVE-1999-1290,0.00198,0.57754
CVE-1999-1291,0.00393,0.70746
CVE-1999-1292,0.00489,0.73600
CVE-1999-1293,0.00364,0.69577
CVE-1999-1294,0.00049,0.15070
CVE-1999-1295,0.00045,0.12225
CVE-1999-1296,0.00042,0.05722
CVE-1999-1297,0.00079,0.32902
CVE-1999-1298,0.00472,0.73125
CVE-1999-1299,0.00476,0.73227
CVE-1999-1300,0.00042,0.05722
CVE-1999-1301,0.00333,0.68267
CVE-1999-1302,0.00042,0.05722
CVE-1999-1303,0.00045,0.12293
CVE-1999-1304,0.00045,0.12293
CVE-1999-1305,0.00045,0.12293
CVE-1999-1306,0.00424,0.71743
CVE-1999-1307,0.00054,0.19352
CVE-1999-1308,0.00042,0.05722
CVE-1999-1309,0.00043,0.05916
CVE-1999-1311,0.00042,0.05722
CVE-1999-1312,0.00045,0.12225
CVE-1999-1313,0.00042,0.05722
CVE-1999-1314,0.00042,0.05722
CVE-1999-1315,0.00042,0.05722
CVE-1999-1316,0.00296,0.66206
CVE-1999-1317,0.00044,0.10351
CVE-1999-1318,0.00044,0.10704
CVE-1999-1319,0.00366,0.69685
CVE-1999-1320,0.00050,0.16885
CVE-1999-1321,0.00552,0.75189
CVE-1999-1322,0.00098,0.40510
CVE-1999-1323,0.00043,0.07360
CVE-1999-1324,0.00190,0.56528
CVE-1999-1325,0.00042,0.05722
CVE-1999-1326,0.00540,0.74895
CVE-1999-1327,0.00042,0.05722
CVE-1999-1328,0.00042,0.05722
CVE-1999-1329,0.00042,0.05722
CVE-1999-1330,0.00059,0.22933
CVE-1999-1331,0.00042,0.05722
CVE-1999-1332,0.00042,0.05722
CVE-1999-1333,0.05449,0.92455
CVE-1999-1334,0.01161,0.83434
CVE-1999-1335,0.00613,0.76506
CVE-1999-1336,0.01179,0.83600
CVE-1999-1337,0.00042,0.05722
CVE-1999-1338,0.02117,0.88062
CVE-1999-1339,0.01521,0.85712
CVE-1999-1340,0.00042,0.00438
CVE-1999-1341,0.00044,0.10370
CVE-1999-1342,0.00271,0.64575
CVE-1999-1343,0.00271,0.64575
CVE-1999-1344,0.00789,0.79692
CVE-1999-1345,0.00042,0.05722
CVE-1999-1346,0.00557,0.75283
CVE-1999-1347,0.00042,0.05722
CVE-1999-1348,0.00060,0.23520
CVE-1999-1349,0.00271,0.64575
CVE-1999-1350,0.00042,0.05722
CVE-1999-1351,0.05855,0.92693
CVE-1999-1352,0.00042,0.05722
CVE-1999-1353,0.00042,0.05722
CVE-1999-1354,0.00045,0.12293
CVE-1999-1355,0.00320,0.67576
CVE-1999-1356,0.00059,0.22933
CVE-1999-1357,0.00727,0.78723
CVE-1999-1358,0.00043,0.07673
CVE-1999-1359,0.00296,0.66206
CVE-1999-1360,0.00045,0.10875
CVE-1999-1361,0.00642,0.77092
CVE-1999-1362,0.00045,0.10875
CVE-1999-1363,0.00045,0.10875
CVE-1999-1364,0.00045,0.10875
CVE-1999-1365,0.00044,0.10566
CVE-1999-1366,0.00042,0.05722
CVE-1999-1367,0.00043,0.07673
CVE-1999-1368,0.04589,0.91746
CVE-1999-1369,0.00083,0.34481
CVE-1999-1370,0.00093,0.39155
CVE-1999-1371,0.00042,0.00438
CVE-1999-1372,0.00042,0.05722
CVE-1999-1373,0.00271,0.64575
CVE-1999-1374,0.00472,0.73106
CVE-1999-1375,0.04590,0.91749
CVE-1999-1376,0.75600,0.97914
CVE-1999-1377,0.01150,0.83339
CVE-1999-1378,0.00951,0.81557
CVE-1999-1379,0.01491,0.85518
CVE-1999-1380,0.00217,0.59780
CVE-1999-1381,0.00378,0.70147
CVE-1999-1382,0.00050,0.16885
CVE-1999-1383,0.00045,0.12293
CVE-1999-1384,0.00042,0.00438
CVE-1999-1385,0.00042,0.05722
CVE-1999-1386,0.00042,0.05722
CVE-1999-1387,0.03292,0.90383
CVE-1999-1388,0.00044,0.10704
CVE-1999-1389,0.02431,0.88926
CVE-1999-1390,0.00042,0.00438
CVE-1999-1391,0.00043,0.05916
CVE-1999-1392,0.00043,0.05916
CVE-1999-1393,0.00146,0.50553
CVE-1999-1394,0.00045,0.10878
CVE-1999-1395,0.00067,0.27660
CVE-1999-1396,0.00060,0.23605
CVE-1999-1397,0.02274,0.88555
CVE-1999-1398,0.00042,0.00438
CVE-1999-1399,0.00042,0.00438
CVE-1999-1400,0.00108,0.43468
CVE-1999-1401,0.00059,0.22933
CVE-1999-1402,0.00042,0.00438
CVE-1999-1403,0.00045,0.12293
CVE-1999-1404,0.00343,0.68639
CVE-1999-1405,0.00242,0.62302
CVE-1999-1406,0.00042,0.05722
CVE-1999-1407,0.00042,0.05722
CVE-1999-1408,0.00043,0.07477
CVE-1999-1409,0.00042,0.00438
CVE-1999-1410,0.00042,0.05722
CVE-1999-1411,0.00846,0.80377
CVE-1999-1412,0.00228,0.61049
CVE-1999-1413,0.00042,0.00438
CVE-1999-1414,0.00042,0.00438
CVE-1999-1415,0.00045,0.12225
CVE-1999-1416,0.00289,0.65768
CVE-1999-1417,0.00378,0.70132
CVE-1999-1418,0.00235,0.61676
CVE-1999-1419,0.00044,0.10704
CVE-1999-1420,0.01221,0.83919
CVE-1999-1421,0.01282,0.84360
CVE-1999-1422,0.00045,0.12293
CVE-1999-1423,0.00042,0.00438
CVE-1999-1424,0.00047,0.14199
CVE-1999-1425,0.00047,0.14199
CVE-1999-1426,0.00047,0.14199
CVE-1999-1427,0.00047,0.14199
CVE-1999-1428,0.00047,0.14199
CVE-1999-1429,0.00042,0.05722
CVE-1999-1430,0.00045,0.12293
CVE-1999-1431,0.00125,0.46869
CVE-1999-1432,0.00476,0.73223
CVE-1999-1433,0.00042,0.00438
CVE-1999-1434,0.00042,0.00438
CVE-1999-1435,0.00045,0.12293
CVE-1999-1436,0.01869,0.87157
CVE-1999-1437,0.04141,0.91361
CVE-1999-1438,0.00060,0.23605
CVE-1999-1439,0.00042,0.05722
CVE-1999-1440,0.02238,0.88456
CVE-1999-1441,0.00043,0.07477
CVE-1999-1442,0.00043,0.07477
CVE-1999-1443,0.00164,0.53033
CVE-1999-1444,0.01281,0.84332
CVE-1999-1445,0.00951,0.81557
CVE-1999-1446,0.00048,0.14794
CVE-1999-1447,0.23176,0.96138
CVE-1999-1448,0.00271,0.64575
CVE-1999-1449,0.00044,0.10704
CVE-1999-1450,0.01238,0.84049
CVE-1999-1451,0.03583,0.90751
CVE-1999-1452,0.00536,0.74805
CVE-1999-1453,0.00476,0.73222
CVE-1999-1454,0.00088,0.37077
CVE-1999-1455,0.02791,0.89627
CVE-1999-1456,0.01002,0.82071
CVE-1999-1457,0.00378,0.70147
CVE-1999-1458,0.00042,0.05722
CVE-1999-1459,0.00042,0.05722
CVE-1999-1460,0.00042,0.00438
CVE-1999-1461,0.00042,0.00438
CVE-1999-1462,0.00245,0.62613
CVE-1999-1463,0.00226,0.60941
CVE-1999-1464,0.00348,0.68862
CVE-1999-1465,0.00266,0.64275
CVE-1999-1466,0.00177,0.54955
CVE-1999-1467,0.00425,0.71750
CVE-1999-1468,0.00130,0.47845
CVE-1999-1469,0.00378,0.70147
CVE-1999-1470,0.00042,0.05722
CVE-1999-1471,0.00043,0.05916
CVE-1999-1472,0.02140,0.88172
CVE-1999-1473,0.00731,0.78790
CVE-1999-1474,0.01403,0.85087
CVE-1999-1475,0.00045,0.12293
CVE-1999-1476,0.00042,0.05722
CVE-1999-1477,0.00042,0.00438
CVE-1999-1478,0.90267,0.98590
CVE-1999-1479,0.03368,0.90492
CVE-1999-1480,0.00060,0.23520
CVE-1999-1481,0.00371,0.69896
CVE-1999-1482,0.00042,0.05722
CVE-1999-1483,0.00042,0.00438
CVE-1999-1484,0.00288,0.65684
CVE-1999-1485,0.05122,0.92211
CVE-1999-1486,0.00042,0.05722
CVE-1999-1487,0.00042,0.05722
CVE-1999-1488,0.00333,0.68288
CVE-1999-1489,0.00042,0.00438
CVE-1999-1490,0.00042,0.00438
CVE-1999-1491,0.00042,0.00438
CVE-1999-1492,0.00042,0.05722
CVE-1999-1493,0.01254,0.84151
CVE-1999-1494,0.00042,0.00438
CVE-1999-1495,0.00042,0.05722
CVE-1999-1496,0.00042,0.05722
CVE-1999-1497,0.00042,0.00438
CVE-1999-1498,0.00042,0.00438
CVE-1999-1499,0.00042,0.00438
CVE-1999-1500,0.00276,0.64922
CVE-1999-1501,0.00042,0.05722
CVE-1999-1502,0.01098,0.82928
CVE-1999-1503,0.00210,0.58955
CVE-1999-1504,0.00926,0.81296
CVE-1999-1505,0.00552,0.75189
CVE-1999-1506,0.00195,0.57450
CVE-1999-1507,0.00060,0.23605
CVE-1999-1508,0.01654,0.86307
CVE-1999-1509,0.02417,0.88885
CVE-1999-1510,0.94278,0.99029
CVE-1999-1511,0.24288,0.96211
CVE-1999-1512,0.01165,0.83473
CVE-1999-1513,0.00789,0.79692
CVE-1999-1514,0.02227,0.88416
CVE-1999-1515,0.00244,0.62533
CVE-1999-1516,0.00972,0.81769
CVE-1999-1517,0.00045,0.12293
CVE-1999-1518,0.00581,0.75813
CVE-1999-1519,0.03353,0.90472
CVE-1999-1520,0.00719,0.78601
CVE-1999-1521,0.06372,0.92994
CVE-1999-1522,0.00560,0.75318
CVE-1999-1523,0.00698,0.78220
CVE-1999-1524,0.00951,0.81557
CVE-1999-1525,0.00280,0.65158
CVE-1999-1526,0.00819,0.80047
CVE-1999-1527,0.00353,0.69114
CVE-1999-1528,0.00045,0.12293
CVE-1999-1529,0.00723,0.78665
CVE-1999-1530,0.00061,0.24105
CVE-1999-1531,0.00539,0.74883
CVE-1999-1532,0.01236,0.84025
CVE-1999-1533,0.03976,0.91185
CVE-1999-1534,0.00042,0.00438
CVE-1999-1535,0.03123,0.90127
CVE-1999-1536,0.00042,0.05722
CVE-1999-1537,0.00862,0.80556
CVE-1999-1538,0.89185,0.98519
CVE-1999-1539,0.19506,0.95878
CVE-1999-1540,0.00050,0.16040
CVE-1999-1541,0.00042,0.05722
CVE-1999-1542,0.00989,0.81954
CVE-1999-1543,0.00114,0.44967
CVE-1999-1544,0.09194,0.94116
CVE-1999-1545,0.00045,0.12293
CVE-1999-1546,0.00287,0.65672
CVE-1999-1547,0.00608,0.76384
CVE-1999-1548,0.00134,0.48577
CVE-1999-1549,0.01947,0.87484
CVE-1999-1550,0.00789,0.79681
CVE-1999-1551,0.93775,0.98962
CVE-1999-1552,0.00045,0.12293
CVE-1999-1553,0.04563,0.91717
CVE-1999-1554,0.00043,0.05916
CVE-1999-1555,0.00042,0.00438
CVE-1999-1556,0.00044,0.10532
CVE-1999-1557,0.07712,0.93560
CVE-1999-1558,0.00401,0.71001
CVE-1999-1559,0.00271,0.64591
CVE-1999-1560,0.00045,0.12293
CVE-1999-1561,0.00042,0.05722
CVE-1999-1562,0.00050,0.16807
CVE-1999-1563,0.00276,0.64884
CVE-1999-1564,0.00060,0.23520
CVE-1999-1565,0.00042,0.05722
CVE-1999-1566,0.00877,0.80735
CVE-1999-1567,0.01179,0.83600
CVE-1999-1568,0.00433,0.71997
CVE-1999-1569,0.03419,0.90561
CVE-1999-1570,0.00042,0.05722
CVE-1999-1571,0.00042,0.05722
CVE-1999-1572,0.00045,0.12307
CVE-1999-1573,0.01099,0.82940
CVE-1999-1574,0.00551,0.75159
CVE-1999-1575,0.01254,0.84152
CVE-1999-1576,0.03914,0.91138
CVE-1999-1577,0.00544,0.75009
CVE-1999-1578,0.00241,0.62176
CVE-1999-1579,0.17198,0.95634
CVE-1999-1580,0.00044,0.10450
CVE-1999-1581,0.14481,0.95263
CVE-1999-1582,0.00294,0.66086
CVE-1999-1583,0.00043,0.07527
CVE-1999-1584,0.00131,0.47944
CVE-1999-1585,0.00083,0.34397
CVE-1999-1586,0.00060,0.23605
CVE-1999-1587,0.00042,0.00438
CVE-1999-1588,0.02725,0.89513
CVE-1999-1589,0.00043,0.05918
CVE-1999-1590,0.00191,0.56686
CVE-1999-1591,0.01243,0.84078
CVE-1999-1592,0.00261,0.63907
CVE-1999-1593,0.02351,0.88729
CVE-2000-0001,0.01139,0.83257
CVE-2000-0002,0.08480,0.93862
CVE-2000-0003,0.00108,0.43325
CVE-2000-0004,0.00540,0.74895
CVE-2000-0005,0.00042,0.05722
CVE-2000-0006,0.00042,0.05722
CVE-2000-0007,0.01179,0.83600
CVE-2000-0008,0.00045,0.12293
CVE-2000-0009,0.00042,0.00438
CVE-2000-0010,0.03406,0.90543
CVE-2000-0011,0.04085,0.91310
CVE-2000-0012,0.01892,0.87270
CVE-2000-0013,0.00042,0.00438
CVE-2000-0014,0.00671,0.77719
CVE-2000-0015,0.00042,0.00438
CVE-2000-0016,0.01492,0.85523
CVE-2000-0017,0.02452,0.88969
CVE-2000-0018,0.00042,0.00438
CVE-2000-0019,0.00045,0.12293
CVE-2000-0020,0.01322,0.84604
CVE-2000-0021,0.00540,0.74895
CVE-2000-0022,0.00222,0.60578
CVE-2000-0023,0.01521,0.85712
CVE-2000-0024,0.00216,0.59609
CVE-2000-0025,0.01525,0.85726
CVE-2000-0026,0.04170,0.91386
CVE-2000-0027,0.00042,0.00438
CVE-2000-0028,0.01091,0.82869
CVE-2000-0029,0.00042,0.05722
CVE-2000-0030,0.00617,0.76596
CVE-2000-0031,0.00042,0.05722
CVE-2000-0032,0.00358,0.69319
CVE-2000-0033,0.00317,0.67442
CVE-2000-0034,0.00222,0.60578
CVE-2000-0035,0.00042,0.00438
CVE-2000-0036,0.00464,0.72887
CVE-2000-0037,0.00042,0.00438
CVE-2000-0038,0.02680,0.89428
CVE-2000-0039,0.05690,0.92608
CVE-2000-0040,0.06272,0.92937
CVE-2000-0041,0.00165,0.53156
CVE-2000-0042,0.00513,0.74234
CVE-2000-0043,0.02432,0.88928
CVE-2000-0044,0.00493,0.73711
CVE-2000-0045,0.00152,0.51356
CVE-2000-0046,0.01892,0.87270
CVE-2000-0047,0.01179,0.83600
CVE-2000-0048,0.00049,0.15807
CVE-2000-0049,0.00685,0.77999
CVE-2000-0050,0.00050,0.16807
CVE-2000-0051,0.00835,0.80259
CVE-2000-0052,0.00042,0.00438
CVE-2000-0053,0.05337,0.92367
CVE-2000-0054,0.01967,0.87542
CVE-2000-0055,0.00047,0.14199
CVE-2000-0056,0.00687,0.78047
CVE-2000-0057,0.03120,0.90124
CVE-2000-0058,0.00564,0.75437
CVE-2000-0059,0.02607,0.89272
CVE-2000-0060,0.01322,0.84604
CVE-2000-0061,0.02723,0.89509
CVE-2000-0062,0.01221,0.83919
CVE-2000-0063,0.00540,0.74895
CVE-2000-0064,0.01322,0.84604
CVE-2000-0065,0.01892,0.87270
CVE-2000-0066,0.00397,0.70899
CVE-2000-0067,0.00045,0.12293
CVE-2000-0068,0.00727,0.78723
CVE-2000-0069,0.00047,0.14199
CVE-2000-0070,0.00049,0.15142
CVE-2000-0071,0.92201,0.98773
CVE-2000-0072,0.00042,0.05722
CVE-2000-0073,0.00379,0.70207
CVE-2000-0074,0.02212,0.88379
CVE-2000-0075,0.03720,0.90921
CVE-2000-0076,0.00042,0.05722
CVE-2000-0077,0.00042,0.00438
CVE-2000-0078,0.00042,0.05722
CVE-2000-0079,0.00875,0.80706
CVE-2000-0080,0.00042,0.05722
CVE-2000-0081,0.02723,0.89509
CVE-2000-0082,0.01074,0.82733
CVE-2000-0083,0.00042,0.05722
CVE-2000-0084,0.00330,0.68146
CVE-2000-0085,0.05967,0.92758
CVE-2000-0086,0.00564,0.75437
CVE-2000-0087,0.00564,0.75437
CVE-2000-0088,0.00054,0.19658
CVE-2000-0089,0.00065,0.26877
CVE-2000-0090,0.00042,0.05722
CVE-2000-0091,0.05376,0.92405
CVE-2000-0092,0.00042,0.05722
CVE-2000-0093,0.01295,0.84444
CVE-2000-0094,0.00042,0.00438
CVE-2000-0095,0.00276,0.64879
CVE-2000-0096,0.00042,0.00438
CVE-2000-0097,0.96762,0.99605
CVE-2000-0098,0.96377,0.99468
CVE-2000-0099,0.00042,0.05722
CVE-2000-0100,0.00048,0.14360
CVE-2000-0101,0.00875,0.80706
CVE-2000-0102,0.00875,0.80706
CVE-2000-0103,0.00875,0.80706
CVE-2000-0104,0.00875,0.80706
CVE-2000-0105,0.92201,0.98773
CVE-2000-0106,0.00875,0.80706
CVE-2000-0107,0.00042,0.00438
CVE-2000-0108,0.00875,0.80706
CVE-2000-0109,0.02680,0.89428
CVE-2000-0110,0.00618,0.76618
CVE-2000-0111,0.01221,0.83919
CVE-2000-0112,0.00042,0.05722
CVE-2000-0113,0.01450,0.85332
CVE-2000-0114,0.09258,0.94137
CVE-2000-0115,0.00170,0.54105
CVE-2000-0116,0.01969,0.87550
CVE-2000-0117,0.00062,0.24522
CVE-2000-0118,0.00042,0.00438
CVE-2000-0119,0.00045,0.10878
CVE-2000-0120,0.02972,0.89900
CVE-2000-0121,0.00076,0.31438
CVE-2000-0122,0.11742,0.94824
CVE-2000-0123,0.00875,0.80706
CVE-2000-0124,0.00045,0.12293
CVE-2000-0125,0.01958,0.87523
CVE-2000-0126,0.96360,0.99462
CVE-2000-0127,0.01617,0.86166
CVE-2000-0128,0.37952,0.96858
CVE-2000-0129,0.00104,0.42352
CVE-2000-0130,0.00162,0.52925
CVE-2000-0131,0.01226,0.83948
CVE-2000-0132,0.00364,0.69586
CVE-2000-0133,0.36703,0.96805
CVE-2000-0134,0.00875,0.80706
CVE-2000-0135,0.00875,0.80706
CVE-2000-0136,0.01958,0.87523
CVE-2000-0137,0.00875,0.80706
CVE-2000-0138,0.91817,0.98736
CVE-2000-0139,0.00043,0.07477
CVE-2000-0140,0.01179,0.83600
CVE-2000-0141,0.00751,0.79068
CVE-2000-0142,0.00937,0.81392
CVE-2000-0143,0.00042,0.05722
CVE-2000-0144,0.11698,0.94809
CVE-2000-0145,0.02738,0.89536
CVE-2000-0146,0.00719,0.78601
CVE-2000-0147,0.00042,0.05722
CVE-2000-0148,0.00727,0.78715
CVE-2000-0149,0.02977,0.89906
CVE-2000-0150,0.00992,0.81986
CVE-2000-0151,0.00045,0.12293
CVE-2000-0152,0.02227,0.88416
CVE-2000-0153,0.71230,0.97795
CVE-2000-0154,0.00042,0.05722
CVE-2000-0155,0.00049,0.14988
CVE-2000-0156,0.00680,0.77913
CVE-2000-0157,0.00042,0.05722
CVE-2000-0158,0.00877,0.80733
CVE-2000-0159,0.01708,0.86500
CVE-2000-0160,0.00504,0.74013
CVE-2000-0161,0.00590,0.76019
CVE-2000-0162,0.00420,0.71602
CVE-2000-0163,0.00042,0.00438
CVE-2000-0164,0.00044,0.10704
CVE-2000-0165,0.09838,0.94316
CVE-2000-0166,0.09838,0.94316
CVE-2000-0167,0.00049,0.15826
CVE-2000-0168,0.00498,0.73824
CVE-2000-0169,0.01212,0.83844
CVE-2000-0170,0.00042,0.00438
CVE-2000-0171,0.00042,0.00438
CVE-2000-0172,0.00042,0.00438
CVE-2000-0173,0.00210,0.58955
CVE-2000-0174,0.01579,0.85991
CVE-2000-0175,0.00783,0.79558
CVE-2000-0176,0.00238,0.61979
CVE-2000-0177,0.02212,0.88379
CVE-2000-0178,0.01160,0.83426
CVE-2000-0179,0.03723,0.90927
CVE-2000-0180,0.03572,0.90736
CVE-2000-0181,0.00540,0.74895
CVE-2000-0182,0.00325,0.67816
CVE-2000-0183,0.02638,0.89339
CVE-2000-0184,0.00045,0.12293
CVE-2000-0185,0.00530,0.74670
CVE-2000-0186,0.00042,0.05722
CVE-2000-0187,0.01447,0.85320
CVE-2000-0188,0.00266,0.64278
CVE-2000-0189,0.00540,0.74895
CVE-2000-0190,0.00271,0.64575
CVE-2000-0191,0.02275,0.88556
CVE-2000-0192,0.01967,0.87542
CVE-2000-0193,0.00049,0.15807
CVE-2000-0194,0.00043,0.07687
CVE-2000-0195,0.00049,0.15807
CVE-2000-0196,0.00421,0.71659
CVE-2000-0197,0.00071,0.29367
CVE-2000-0198,0.03175,0.90202
CVE-2000-0199,0.00056,0.21112
CVE-2000-0200,0.01192,0.83682
CVE-2000-0201,0.00298,0.66342
CVE-2000-0202,0.02723,0.89509
CVE-2000-0203,0.00937,0.81394
CVE-2000-0204,0.03720,0.90921
CVE-2000-0205,0.01431,0.85225
CVE-2000-0206,0.00042,0.00438
CVE-2000-0207,0.07838,0.93630
CVE-2000-0208,0.02977,0.89906
CVE-2000-0209,0.00291,0.65885
CVE-2000-0210,0.00042,0.00438
CVE-2000-0211,0.24103,0.96202
CVE-2000-0212,0.03175,0.90202
CVE-2000-0213,0.02504,0.89065
CVE-2000-0214,0.00045,0.10878
CVE-2000-0215,0.00045,0.12293
CVE-2000-0216,0.00671,0.77717
CVE-2000-0217,0.00722,0.78642
CVE-2000-0218,0.00042,0.00438
CVE-2000-0219,0.00042,0.00438
CVE-2000-0220,0.00555,0.75256
CVE-2000-0221,0.00937,0.81392
CVE-2000-0222,0.02723,0.89509
CVE-2000-0223,0.00042,0.00438
CVE-2000-0224,0.00042,0.05722
CVE-2000-0225,0.00690,0.78087
CVE-2000-0226,0.00911,0.81112
CVE-2000-0227,0.00043,0.07477
CVE-2000-0228,0.03292,0.90383
CVE-2000-0229,0.00042,0.00438
CVE-2000-0230,0.00042,0.00438
CVE-2000-0231,0.00042,0.00438
CVE-2000-0232,0.00103,0.41574
CVE-2000-0233,0.00731,0.78792
CVE-2000-0234,0.00495,0.73768
CVE-2000-0235,0.00042,0.05722
CVE-2000-0236,0.20215,0.95934
CVE-2000-0237,0.00369,0.69821
CVE-2000-0238,0.00348,0.68857
CVE-2000-0239,0.03688,0.90889
CVE-2000-0240,0.02254,0.88499
CVE-2000-0241,0.00207,0.58708
CVE-2000-0242,0.01759,0.86696
CVE-2000-0243,0.02579,0.89206
CVE-2000-0244,0.00407,0.71182
CVE-2000-0245,0.08726,0.93964
CVE-2000-0246,0.96864,0.99643
CVE-2000-0247,0.00042,0.05722
CVE-2000-0248,0.01420,0.85162
CVE-2000-0249,0.00042,0.05722
CVE-2000-0250,0.00042,0.00438
CVE-2000-0251,0.00259,0.63701
CVE-2000-0252,0.00513,0.74246
CVE-2000-0253,0.01084,0.82819
CVE-2000-0254,0.02219,0.88399
CVE-2000-0255,0.00758,0.79188
CVE-2000-0256,0.00426,0.71797
CVE-2000-0257,0.03200,0.90242
CVE-2000-0258,0.00590,0.76020
CVE-2000-0259,0.00049,0.15855
CVE-2000-0260,0.01518,0.85698
CVE-2000-0261,0.00789,0.79681
CVE-2000-0262,0.03720,0.90921
CVE-2000-0263,0.00076,0.31339
CVE-2000-0264,0.00061,0.24096
CVE-2000-0265,0.00095,0.39677
CVE-2000-0266,0.01087,0.82837
CVE-2000-0267,0.00059,0.22933
CVE-2000-0268,0.00725,0.78691
CVE-2000-0269,0.00045,0.12293
CVE-2000-0270,0.00045,0.12293
CVE-2000-0271,0.00045,0.12293
CVE-2000-0272,0.02116,0.88057
CVE-2000-0273,0.00302,0.66507
CVE-2000-0274,0.00065,0.26904
CVE-2000-0275,0.00073,0.30154
CVE-2000-0276,0.00043,0.07477
CVE-2000-0277,0.00054,0.19434
CVE-2000-0278,0.02761,0.89580
CVE-2000-0279,0.03720,0.90921
CVE-2000-0280,0.00509,0.74153
CVE-2000-0281,0.00096,0.39793
CVE-2000-0282,0.01017,0.82189
CVE-2000-0283,0.00526,0.74561
CVE-2000-0284,0.92336,0.98789
CVE-2000-0285,0.00042,0.05722
CVE-2000-0286,0.00042,0.05722
CVE-2000-0287,0.16238,0.95513
CVE-2000-0288,0.00184,0.55740
CVE-2000-0289,0.00475,0.73186
CVE-2000-0290,0.01179,0.83600
CVE-2000-0291,0.00047,0.14199
CVE-2000-0292,0.01120,0.83112
CVE-2000-0293,0.00042,0.00438
CVE-2000-0294,0.00042,0.05722
CVE-2000-0295,0.03592,0.90760
CVE-2000-0296,0.00042,0.05722
CVE-2000-0297,0.00352,0.69053
CVE-2000-0298,0.00073,0.30345
CVE-2000-0299,0.00691,0.78097
CVE-2000-0300,0.00830,0.80184
CVE-2000-0301,0.00202,0.58211
CVE-2000-0302,0.97014,0.99697
CVE-2000-0303,0.00259,0.63738
CVE-2000-0304,0.89517,0.98543
CVE-2000-0305,0.01648,0.86287
CVE-2000-0306,0.02452,0.88969
CVE-2000-0307,0.00219,0.59913
CVE-2000-0308,0.00192,0.56984
CVE-2000-0309,0.00042,0.05722
CVE-2000-0310,0.00325,0.67816
CVE-2000-0311,0.00091,0.38391
CVE-2000-0312,0.00042,0.05722
CVE-2000-0313,0.00045,0.12293
CVE-2000-0314,0.00256,0.63536
CVE-2000-0315,0.00284,0.65452
CVE-2000-0316,0.00042,0.00438
CVE-2000-0317,0.00042,0.00438
CVE-2000-0318,0.00269,0.64477
CVE-2000-0319,0.00835,0.80259
CVE-2000-0320,0.00716,0.78530
CVE-2000-0321,0.00251,0.63120
CVE-2000-0322,0.31110,0.96581
CVE-2000-0323,0.01282,0.84361
CVE-2000-0324,0.01549,0.85839
CVE-2000-0325,0.00081,0.33798
CVE-2000-0326,0.00320,0.67587
CVE-2000-0327,0.00313,0.67168
CVE-2000-0328,0.02698,0.89458
CVE-2000-0329,0.01358,0.84845
CVE-2000-0330,0.16375,0.95525
CVE-2000-0331,0.00053,0.18846
CVE-2000-0332,0.02616,0.89287
CVE-2000-0333,0.00834,0.80239
CVE-2000-0334,0.00050,0.16040
CVE-2000-0335,0.00583,0.75856
CVE-2000-0336,0.00042,0.00438
CVE-2000-0337,0.00042,0.00438
CVE-2000-0338,0.00043,0.07477
CVE-2000-0339,0.02964,0.89887
CVE-2000-0340,0.00042,0.00438
CVE-2000-0341,0.03353,0.90472
CVE-2000-0342,0.00970,0.81755
CVE-2000-0343,0.02238,0.88456
CVE-2000-0344,0.00959,0.81636
CVE-2000-0345,0.00045,0.12293
CVE-2000-0346,0.00239,0.62038
CVE-2000-0347,0.24103,0.96202
CVE-2000-0348,0.00549,0.75133
CVE-2000-0349,0.00219,0.59913
CVE-2000-0350,0.00937,0.81395
CVE-2000-0351,0.00042,0.05722
CVE-2000-0352,0.00751,0.79068
CVE-2000-0353,0.00890,0.80891
CVE-2000-0354,0.00789,0.79681
CVE-2000-0355,0.01826,0.86971
CVE-2000-0356,0.00050,0.16807
CVE-2000-0357,0.01063,0.82631
CVE-2000-0358,0.00271,0.64575
CVE-2000-0359,0.02962,0.89885
CVE-2000-0360,0.01002,0.82065
CVE-2000-0361,0.00045,0.12293
CVE-2000-0362,0.00042,0.00438
CVE-2000-0363,0.00042,0.05722
CVE-2000-0364,0.00042,0.05722
CVE-2000-0365,0.00042,0.05722
CVE-2000-0366,0.00042,0.05722
CVE-2000-0367,0.00045,0.12293
CVE-2000-0368,0.00045,0.12293
CVE-2000-0369,0.01179,0.83600
CVE-2000-0370,0.00763,0.79271
CVE-2000-0371,0.00042,0.05722
CVE-2000-0372,0.00042,0.05722
CVE-2000-0373,0.00042,0.05722
CVE-2000-0374,0.00869,0.80628
CVE-2000-0375,0.00042,0.05722
CVE-2000-0376,0.00421,0.71659
CVE-2000-0377,0.00261,0.63916
CVE-2000-0378,0.00053,0.18836
CVE-2000-0379,0.00061,0.24096
CVE-2000-0380,0.96755,0.99602
CVE-2000-0381,0.01999,0.87674
CVE-2000-0382,0.00125,0.46959
CVE-2000-0383,0.00423,0.71722
CVE-2000-0384,0.06350,0.92982
CVE-2000-0385,0.00473,0.73149
CVE-2000-0386,0.01221,0.83919
CVE-2000-0387,0.00042,0.05722
CVE-2000-0388,0.00381,0.70260
CVE-2000-0389,0.08349,0.93813
CVE-2000-0390,0.01833,0.87001
CVE-2000-0391,0.01833,0.87001
CVE-2000-0392,0.00043,0.07691
CVE-2000-0393,0.00064,0.26188
CVE-2000-0394,0.01617,0.86165
CVE-2000-0395,0.03175,0.90202
CVE-2000-0396,0.01976,0.87584
CVE-2000-0397,0.02274,0.88553
CVE-2000-0398,0.00421,0.71659
CVE-2000-0399,0.01179,0.83600
CVE-2000-0400,0.01254,0.84149
CVE-2000-0401,0.02408,0.88867
CVE-2000-0402,0.97312,0.99857
CVE-2000-0403,0.14137,0.95216
CVE-2000-0404,0.14137,0.95216
CVE-2000-0405,0.02862,0.89746
CVE-2000-0406,0.00989,0.81955
CVE-2000-0407,0.00042,0.00438
CVE-2000-0408,0.94267,0.99026
CVE-2000-0409,0.00042,0.00438
CVE-2000-0410,0.00649,0.77196
CVE-2000-0411,0.01999,0.87676
CVE-2000-0412,0.05376,0.92405
CVE-2000-0413,0.95864,0.99331
CVE-2000-0414,0.00042,0.05722
CVE-2000-0415,0.00169,0.53903
CVE-2000-0416,0.00490,0.73634
CVE-2000-0417,0.03720,0.90921
CVE-2000-0418,0.01179,0.83600
CVE-2000-0419,0.01525,0.85727
CVE-2000-0420,0.00046,0.13795
CVE-2000-0421,0.00311,0.67032
CVE-2000-0422,0.00698,0.78220
CVE-2000-0423,0.01211,0.83840
CVE-2000-0424,0.03971,0.91181
CVE-2000-0425,0.02449,0.88962
CVE-2000-0426,0.03175,0.90202
CVE-2000-0427,0.00718,0.78558
CVE-2000-0428,0.00421,0.71659
CVE-2000-0429,0.02212,0.88379
CVE-2000-0430,0.01846,0.87073
CVE-2000-0431,0.00572,0.75588
CVE-2000-0432,0.03971,0.91181
CVE-2000-0433,0.00045,0.12293
CVE-2000-0434,0.00618,0.76618
CVE-2000-0435,0.01238,0.84049
CVE-2000-0436,0.01714,0.86533
CVE-2000-0437,0.10161,0.94431
CVE-2000-0438,0.00042,0.00438
CVE-2000-0439,0.00302,0.66497
CVE-2000-0440,0.04804,0.91966
CVE-2000-0441,0.00155,0.51883
CVE-2000-0442,0.00332,0.68237
CVE-2000-0443,0.07890,0.93652
CVE-2000-0444,0.05093,0.92193
CVE-2000-0445,0.00073,0.30263
CVE-2000-0446,0.01892,0.87270
CVE-2000-0447,0.00932,0.81358
CVE-2000-0448,0.00808,0.79934
CVE-2000-0449,0.01027,0.82263
CVE-2000-0450,0.01749,0.86662
CVE-2000-0451,0.03175,0.90202
CVE-2000-0452,0.01322,0.84604
CVE-2000-0453,0.00671,0.77719
CVE-2000-0454,0.00042,0.00438
CVE-2000-0455,0.00042,0.05722
CVE-2000-0456,0.00042,0.05722
CVE-2000-0457,0.31054,0.96580
CVE-2000-0458,0.00042,0.05722
CVE-2000-0459,0.00042,0.05722
CVE-2000-0460,0.00110,0.44000
CVE-2000-0461,0.00042,0.05722
CVE-2000-0462,0.00058,0.22612
CVE-2000-0463,0.03175,0.90202
CVE-2000-0464,0.00693,0.78140
CVE-2000-0465,0.10420,0.94490
CVE-2000-0466,0.00042,0.05722
CVE-2000-0467,0.00042,0.00438
CVE-2000-0468,0.00042,0.00438
CVE-2000-0469,0.00738,0.78887
CVE-2000-0470,0.03976,0.91185
CVE-2000-0471,0.00049,0.15835
CVE-2000-0472,0.01244,0.84090
CVE-2000-0473,0.01406,0.85103
CVE-2000-0474,0.02116,0.88057
CVE-2000-0475,0.00048,0.14806
CVE-2000-0476,0.00512,0.74213
CVE-2000-0477,0.00552,0.75197
CVE-2000-0478,0.00277,0.64942
CVE-2000-0479,0.00317,0.67431
CVE-2000-0480,0.00671,0.77723
CVE-2000-0481,0.00835,0.80259
CVE-2000-0482,0.01208,0.83814
CVE-2000-0483,0.01598,0.86066
CVE-2000-0484,0.02123,0.88079
CVE-2000-0485,0.00049,0.14992
CVE-2000-0486,0.00725,0.78691
CVE-2000-0487,0.00083,0.34592
CVE-2000-0488,0.00421,0.71659
CVE-2000-0489,0.00065,0.26904
CVE-2000-0490,0.02038,0.87806
CVE-2000-0491,0.07136,0.93374
CVE-2000-0492,0.00296,0.66198
CVE-2000-0493,0.35968,0.96780
CVE-2000-0494,0.00042,0.00438
CVE-2000-0495,0.24103,0.96202
CVE-2000-0497,0.00189,0.56462
CVE-2000-0498,0.00206,0.58606
CVE-2000-0499,0.00431,0.71905
CVE-2000-0500,0.01521,0.85707
CVE-2000-0501,0.00073,0.30323
CVE-2000-0502,0.00042,0.05722
CVE-2000-0503,0.00231,0.61346
CVE-2000-0504,0.02402,0.88855
CVE-2000-0505,0.00387,0.70510
CVE-2000-0506,0.00523,0.74496
CVE-2000-0507,0.03147,0.90160
CVE-2000-0508,0.01160,0.83430
CVE-2000-0509,0.00221,0.60213
CVE-2000-0510,0.00684,0.77976
CVE-2000-0511,0.00684,0.77976
CVE-2000-0512,0.00684,0.77976
CVE-2000-0513,0.00786,0.79600
CVE-2000-0514,0.00713,0.78487
CVE-2000-0515,0.00987,0.81916
CVE-2000-0516,0.00042,0.00438
CVE-2000-0517,0.00405,0.71139
CVE-2000-0518,0.00190,0.56610
CVE-2000-0519,0.00190,0.56610
CVE-2000-0520,0.00042,0.00438
CVE-2000-0521,0.00550,0.75154
CVE-2000-0522,0.01428,0.85206
CVE-2000-0523,0.03617,0.90792
CVE-2000-0524,0.00186,0.56053
CVE-2000-0525,0.00193,0.57160
CVE-2000-0526,0.01376,0.84949
CVE-2000-0527,0.02212,0.88379
CVE-2000-0528,0.00574,0.75653
CVE-2000-0529,0.01204,0.83781
CVE-2000-0530,0.00042,0.00438
CVE-2000-0531,0.00043,0.07477
CVE-2000-0532,0.00896,0.80946
CVE-2000-0533,0.00042,0.05722
CVE-2000-0534,0.00042,0.05722
CVE-2000-0535,0.00339,0.68495
CVE-2000-0536,0.00360,0.69411
CVE-2000-0537,0.00042,0.00438
CVE-2000-0538,0.02299,0.88611
CVE-2000-0539,0.00381,0.70252
CVE-2000-0540,0.00487,0.73541
CVE-2000-0541,0.00042,0.05722
CVE-2000-0542,0.00156,0.52011
CVE-2000-0543,0.00521,0.74442
CVE-2000-0544,0.00286,0.65609
CVE-2000-0545,0.00042,0.00438
CVE-2000-0546,0.00800,0.79827
CVE-2000-0547,0.00800,0.79827
CVE-2000-0548,0.01282,0.84364
CVE-2000-0549,0.01030,0.82289
CVE-2000-0550,0.03468,0.90618
CVE-2000-0551,0.00752,0.79092
CVE-2000-0552,0.00042,0.00438
CVE-2000-0553,0.00330,0.68060
CVE-2000-0554,0.00235,0.61676
CVE-2000-0555,0.00564,0.75440
CVE-2000-0556,0.00754,0.79114
CVE-2000-0557,0.01088,0.82844
CVE-2000-0558,0.00523,0.74476
CVE-2000-0559,0.00060,0.23365
CVE-2000-0561,0.00395,0.70814
CVE-2000-0562,0.00704,0.78310
CVE-2000-0563,0.00417,0.71510
CVE-2000-0564,0.00210,0.58955
CVE-2000-0565,0.00042,0.05722
CVE-2000-0566,0.00042,0.05722
CVE-2000-0567,0.03531,0.90689
CVE-2000-0568,0.01179,0.83600
CVE-2000-0569,0.01202,0.83766
CVE-2000-0570,0.03199,0.90241
CVE-2000-0571,0.03147,0.90160
CVE-2000-0572,0.00042,0.00438
CVE-2000-0573,0.97211,0.99798
CVE-2000-0574,0.04080,0.91297
CVE-2000-0575,0.00245,0.62565
CVE-2000-0576,0.00236,0.61739
CVE-2000-0577,0.04170,0.91386
CVE-2000-0578,0.00045,0.12293
CVE-2000-0579,0.00042,0.05722
CVE-2000-0580,0.04253,0.91455
CVE-2000-0581,0.88536,0.98471
CVE-2000-0582,0.02941,0.89853
CVE-2000-0583,0.01322,0.84604
CVE-2000-0584,0.03452,0.90601
CVE-2000-0585,0.02244,0.88467
CVE-2000-0586,0.01968,0.87548
CVE-2000-0587,0.00869,0.80628
CVE-2000-0588,0.01489,0.85509
CVE-2000-0589,0.00241,0.62182
CVE-2000-0590,0.03778,0.90991
CVE-2000-0591,0.00183,0.55649
CVE-2000-0592,0.01892,0.87270
CVE-2000-0593,0.01179,0.83600
CVE-2000-0594,0.13681,0.95144
CVE-2000-0595,0.00042,0.05722
CVE-2000-0596,0.01304,0.84501
CVE-2000-0597,0.02754,0.89567
CVE-2000-0598,0.00392,0.70687
CVE-2000-0599,0.00719,0.78597
CVE-2000-0600,0.00286,0.65601
CVE-2000-0601,0.01753,0.86682
CVE-2000-0602,0.00042,0.05722
CVE-2000-0603,0.00046,0.12687
CVE-2000-0604,0.00042,0.05722
CVE-2000-0605,0.00045,0.12293
CVE-2000-0606,0.00042,0.05722
CVE-2000-0607,0.00042,0.00438
CVE-2000-0608,0.00649,0.77196
CVE-2000-0609,0.01179,0.83600
CVE-2000-0610,0.00281,0.65229
CVE-2000-0611,0.00228,0.61058
CVE-2000-0612,0.00969,0.81741
CVE-2000-0613,0.06348,0.92979
CVE-2000-0614,0.00316,0.67355
CVE-2000-0615,0.00042,0.05722
CVE-2000-0616,0.00042,0.05722
CVE-2000-0617,0.00042,0.00438
CVE-2000-0618,0.00042,0.05722
CVE-2000-0619,0.00815,0.79997
CVE-2000-0620,0.00536,0.74808
CVE-2000-0621,0.01057,0.82558
CVE-2000-0622,0.02449,0.88962
CVE-2000-0623,0.00246,0.62637
CVE-2000-0624,0.01175,0.83547
CVE-2000-0625,0.00045,0.12293
CVE-2000-0626,0.00857,0.80510
CVE-2000-0627,0.00042,0.05722
CVE-2000-0628,0.00849,0.80410
CVE-2000-0629,0.00260,0.63824
CVE-2000-0630,0.76955,0.97953
CVE-2000-0631,0.02379,0.88800
CVE-2000-0632,0.00708,0.78376
CVE-2000-0633,0.00042,0.05722
CVE-2000-0634,0.01017,0.82189
CVE-2000-0635,0.00597,0.76150
CVE-2000-0636,0.01321,0.84592
CVE-2000-0637,0.00060,0.23665
CVE-2000-0638,0.05376,0.92405
CVE-2000-0639,0.01002,0.82063
CVE-2000-0640,0.02407,0.88864
CVE-2000-0641,0.05440,0.92451
CVE-2000-0642,0.00500,0.73871
CVE-2000-0643,0.00743,0.78948
CVE-2000-0644,0.01160,0.83430
CVE-2000-0645,0.00498,0.73833
CVE-2000-0646,0.00238,0.61979
CVE-2000-0647,0.00498,0.73833
CVE-2000-0648,0.00043,0.07477
CVE-2000-0649,0.00360,0.69440
CVE-2000-0650,0.00042,0.05722
CVE-2000-0651,0.00466,0.72949
CVE-2000-0652,0.00408,0.71216
CVE-2000-0653,0.00793,0.79744
CVE-2000-0654,0.00047,0.14010
CVE-2000-0655,0.01116,0.83065
CVE-2000-0656,0.01160,0.83430
CVE-2000-0657,0.00521,0.74442
CVE-2000-0658,0.00521,0.74442
CVE-2000-0659,0.00234,0.61515
CVE-2000-0660,0.01977,0.87586
CVE-2000-0661,0.00758,0.79188
CVE-2000-0662,0.01971,0.87561
CVE-2000-0663,0.00044,0.10351
CVE-2000-0664,0.02254,0.88499
CVE-2000-0665,0.24928,0.96252
CVE-2000-0666,0.05505,0.92498
CVE-2000-0667,0.00042,0.05722
CVE-2000-0668,0.00819,0.80039
CVE-2000-0669,0.00803,0.79867
CVE-2000-0670,0.00812,0.79963
CVE-2000-0671,0.01090,0.82853
CVE-2000-0672,0.00201,0.58137
CVE-2000-0673,0.05914,0.92734
CVE-2000-0674,0.00342,0.68630
CVE-2000-0675,0.05124,0.92214
CVE-2000-0676,0.01299,0.84469
CVE-2000-0677,0.00580,0.75790
CVE-2000-0678,0.00185,0.55878
CVE-2000-0679,0.00091,0.38070
CVE-2000-0680,0.00053,0.18681
CVE-2000-0681,0.28609,0.96459
CVE-2000-0682,0.00781,0.79533
CVE-2000-0683,0.00487,0.73559
CVE-2000-0684,0.01018,0.82193
CVE-2000-0685,0.02811,0.89661
CVE-2000-0686,0.00580,0.75798
CVE-2000-0687,0.00583,0.75853
CVE-2000-0688,0.02407,0.88864
CVE-2000-0689,0.03592,0.90760
CVE-2000-0690,0.03680,0.90877
CVE-2000-0691,0.00042,0.00438
CVE-2000-0692,0.00564,0.75440
CVE-2000-0693,0.00042,0.05722
CVE-2000-0694,0.00045,0.12293
CVE-2000-0695,0.00042,0.05722
CVE-2000-0696,0.03461,0.90609
CVE-2000-0697,0.00565,0.75466
CVE-2000-0698,0.00123,0.46546
CVE-2000-0699,0.02059,0.87877
CVE-2000-0700,0.00726,0.78702
CVE-2000-0701,0.00059,0.22831
CVE-2000-0702,0.00042,0.00438
CVE-2000-0703,0.00043,0.07520
CVE-2000-0704,0.02937,0.89847
CVE-2000-0705,0.03062,0.90037
CVE-2000-0706,0.05865,0.92703
CVE-2000-0707,0.00705,0.78340
CVE-2000-0708,0.01169,0.83519
CVE-2000-0709,0.96423,0.99480
CVE-2000-0710,0.96506,0.99509
CVE-2000-0711,0.03807,0.91022
CVE-2000-0712,0.00042,0.05722
CVE-2000-0713,0.00788,0.79619
CVE-2000-0714,0.00045,0.12293
CVE-2000-0715,0.00042,0.05722
CVE-2000-0716,0.00115,0.45191
CVE-2000-0717,0.01120,0.83112
CVE-2000-0718,0.00042,0.05722
CVE-2000-0719,0.00042,0.05722
CVE-2000-0720,0.01638,0.86248
CVE-2000-0721,0.00042,0.00438
CVE-2000-0722,0.00042,0.05722
CVE-2000-0723,0.00042,0.05722
CVE-2000-0724,0.00042,0.05722
CVE-2000-0725,0.00059,0.22933
CVE-2000-0726,0.00512,0.74220
CVE-2000-0727,0.00331,0.68165
CVE-2000-0728,0.00042,0.05722
CVE-2000-0729,0.00042,0.05722
CVE-2000-0730,0.00042,0.05722
CVE-2000-0731,0.00496,0.73790
CVE-2000-0732,0.00726,0.78710
CVE-2000-0733,0.01532,0.85759
CVE-2000-0734,0.01079,0.82768
CVE-2000-0735,0.00726,0.78710
CVE-2000-0736,0.00726,0.78710
CVE-2000-0737,0.00050,0.16695
CVE-2000-0738,0.00521,0.74442
CVE-2000-0739,0.02632,0.89327
CVE-2000-0740,0.02260,0.88518
CVE-2000-0741,0.01755,0.86688
CVE-2000-0742,0.01869,0.87156
CVE-2000-0743,0.00504,0.74006
CVE-2000-0745,0.03343,0.90451
CVE-2000-0746,0.00367,0.69730
CVE-2000-0747,0.00228,0.61093
CVE-2000-0748,0.00045,0.12293
CVE-2000-0749,0.00042,0.05722
CVE-2000-0750,0.00886,0.80844
CVE-2000-0751,0.09154,0.94100
CVE-2000-0752,0.00045,0.12293
CVE-2000-0753,0.00505,0.74048
CVE-2000-0754,0.00042,0.05722
CVE-2000-0755,0.00042,0.05722
CVE-2000-0756,0.00188,0.56434
CVE-2000-0757,0.01151,0.83348
CVE-2000-0758,0.00050,0.16807
CVE-2000-0759,0.15904,0.95475
CVE-2000-0760,0.15904,0.95475
CVE-2000-0761,0.00946,0.81496
CVE-2000-0762,0.03165,0.90185
CVE-2000-0763,0.00042,0.00438
CVE-2000-0764,0.01274,0.84283
CVE-2000-0765,0.00187,0.56250
CVE-2000-0766,0.02646,0.89352
CVE-2000-0767,0.00087,0.36028
CVE-2000-0768,0.00231,0.61346
CVE-2000-0769,0.00366,0.69685
CVE-2000-0770,0.00975,0.81794
CVE-2000-0771,0.00045,0.10875
CVE-2000-0772,0.00401,0.71001
CVE-2000-0773,0.00268,0.64420
CVE-2000-0774,0.00283,0.65404
CVE-2000-0775,0.09395,0.94183
CVE-2000-0776,0.02235,0.88449
CVE-2000-0777,0.00235,0.61692
CVE-2000-0778,0.96737,0.99597
CVE-2000-0779,0.00695,0.78177
CVE-2000-0780,0.00695,0.78167
CVE-2000-0781,0.00049,0.15018
CVE-2000-0782,0.01904,0.87329
CVE-2000-0783,0.00671,0.77733
CVE-2000-0784,0.00267,0.64341
CVE-2000-0785,0.01219,0.83902
CVE-2000-0786,0.00042,0.05722
CVE-2000-0787,0.10989,0.94638
CVE-2000-0788,0.00710,0.78436
CVE-2000-0789,0.00042,0.05722
CVE-2000-0790,0.00044,0.10351
CVE-2000-0791,0.00045,0.12293
CVE-2000-0792,0.00697,0.78200
CVE-2000-0793,0.06516,0.93073
CVE-2000-0794,0.00042,0.00438
CVE-2000-0795,0.00042,0.00438
CVE-2000-0796,0.00042,0.00438
CVE-2000-0797,0.00042,0.00438
CVE-2000-0798,0.00779,0.79520
CVE-2000-0799,0.00042,0.00438
CVE-2000-0800,0.00727,0.78723
CVE-2000-0801,0.00042,0.05722
CVE-2000-0802,0.00045,0.12293
CVE-2000-0803,0.01749,0.86662
CVE-2000-0804,0.00840,0.80307
CVE-2000-0805,0.02567,0.89184
CVE-2000-0806,0.00811,0.79947
CVE-2000-0807,0.01221,0.83919
CVE-2000-0808,0.00840,0.80307
CVE-2000-0809,0.01179,0.83600
CVE-2000-0810,0.01238,0.84049
CVE-2000-0811,0.00595,0.76116
CVE-2000-0812,0.00381,0.70276
CVE-2000-0813,0.00312,0.67115
CVE-2000-0816,0.00042,0.00438
CVE-2000-0817,0.00419,0.71582
CVE-2000-0818,0.00686,0.78025
CVE-2000-0824,0.00042,0.00438
CVE-2000-0825,0.00700,0.78251
CVE-2000-0826,0.00985,0.81898
CVE-2000-0827,0.00503,0.73989
CVE-2000-0828,0.05124,0.92214
CVE-2000-0829,0.00043,0.07477
CVE-2000-0830,0.05034,0.92144
CVE-2000-0831,0.00224,0.60735
CVE-2000-0832,0.00454,0.72647
CVE-2000-0833,0.03395,0.90527
CVE-2000-0834,0.02672,0.89400
CVE-2000-0835,0.01508,0.85638
CVE-2000-0836,0.01993,0.87647
CVE-2000-0837,0.00871,0.80648
CVE-2000-0838,0.00289,0.65768
CVE-2000-0839,0.00255,0.63496
CVE-2000-0840,0.00382,0.70305
CVE-2000-0841,0.00347,0.68824
CVE-2000-0842,0.00377,0.70099
CVE-2000-0843,0.00950,0.81537
CVE-2000-0844,0.00477,0.73246
CVE-2000-0845,0.00212,0.59261
CVE-2000-0846,0.01925,0.87409
CVE-2000-0847,0.00946,0.81500
CVE-2000-0848,0.00309,0.66957
CVE-2000-0849,0.00612,0.76475
CVE-2000-0850,0.00605,0.76320
CVE-2000-0851,0.00095,0.39697
CVE-2000-0852,0.00042,0.05753
CVE-2000-0853,0.02003,0.87692
CVE-2000-0854,0.01806,0.86884
CVE-2000-0855,0.00276,0.64884
CVE-2000-0856,0.00750,0.79053
CVE-2000-0857,0.00411,0.71319
CVE-2000-0858,0.01904,0.87332
CVE-2000-0859,0.00671,0.77733
CVE-2000-0860,0.00834,0.80240
CVE-2000-0861,0.00111,0.44137
CVE-2000-0862,0.00582,0.75839
CVE-2000-0863,0.00045,0.12293
CVE-2000-0864,0.00042,0.00438
CVE-2000-0865,0.00042,0.00438
CVE-2000-0866,0.00050,0.16807
CVE-2000-0867,0.00157,0.52157
CVE-2000-0868,0.88951,0.98498
CVE-2000-0869,0.01471,0.85429
CVE-2000-0870,0.01042,0.82428
CVE-2000-0871,0.01169,0.83519
CVE-2000-0872,0.02672,0.89400
CVE-2000-0873,0.00042,0.00438
CVE-2000-0874,0.00252,0.63175
CVE-2000-0875,0.01120,0.83112
CVE-2000-0876,0.00438,0.72169
CVE-2000-0877,0.00472,0.73118
CVE-2000-0878,0.00773,0.79414
CVE-2000-0879,0.00042,0.05722
CVE-2000-0880,0.00042,0.00438
CVE-2000-0881,0.00042,0.00438
CVE-2000-0882,0.00287,0.65626
CVE-2000-0883,0.00795,0.79770
CVE-2000-0884,0.93561,0.98932
CVE-2000-0885,0.00318,0.67473
CVE-2000-0886,0.95962,0.99352
CVE-2000-0887,0.03441,0.90590
CVE-2000-0888,0.01971,0.87570
CVE-2000-0889,0.01857,0.87110
CVE-2000-0890,0.00046,0.12664
CVE-2000-0891,0.00296,0.66224
CVE-2000-0892,0.00110,0.43967
CVE-2000-0893,0.00262,0.63962
CVE-2000-0894,0.00515,0.74284
CVE-2000-0895,0.01867,0.87149
CVE-2000-0896,0.00806,0.79907
CVE-2000-0897,0.02497,0.89052
CVE-2000-0898,0.00247,0.62766
CVE-2000-0899,0.00252,0.63169
CVE-2000-0900,0.01108,0.83009
CVE-2000-0901,0.00042,0.00438
CVE-2000-0902,0.00564,0.75437
CVE-2000-0903,0.01463,0.85401
CVE-2000-0904,0.01224,0.83938
CVE-2000-0905,0.00409,0.71260
CVE-2000-0906,0.01256,0.84160
CVE-2000-0907,0.00313,0.67185
CVE-2000-0908,0.04665,0.91825
CVE-2000-0909,0.04619,0.91770
CVE-2000-0910,0.00059,0.22933
CVE-2000-0911,0.00152,0.51398
CVE-2000-0912,0.01192,0.83681
CVE-2000-0913,0.00523,0.74498
CVE-2000-0914,0.01160,0.83430
CVE-2000-0915,0.00674,0.77770
CVE-2000-0916,0.00318,0.67481
CVE-2000-0917,0.95709,0.99301
CVE-2000-0918,0.00045,0.12225
CVE-2000-0919,0.01876,0.87195
CVE-2000-0920,0.02495,0.89049
CVE-2000-0921,0.02149,0.88216
CVE-2000-0922,0.00925,0.81287
CVE-2000-0923,0.09243,0.94133
CVE-2000-0924,0.02236,0.88452
CVE-2000-0925,0.00850,0.80419
CVE-2000-0926,0.03343,0.90451
CVE-2000-0927,0.00095,0.39677
CVE-2000-0928,0.00046,0.12644
CVE-2000-0929,0.00403,0.71038
CVE-2000-0930,0.02003,0.87692
CVE-2000-0931,0.00750,0.79053
CVE-2000-0932,0.00325,0.67816
CVE-2000-0933,0.00048,0.14806
CVE-2000-0934,0.00042,0.05722
CVE-2000-0935,0.00042,0.05770
CVE-2000-0936,0.00042,0.05770
CVE-2000-0937,0.02614,0.89283
CVE-2000-0938,0.00268,0.64439
CVE-2000-0939,0.00311,0.67073
CVE-2000-0940,0.01047,0.82466
CVE-2000-0941,0.18796,0.95805
CVE-2000-0942,0.95023,0.99151
CVE-2000-0943,0.01226,0.83947
CVE-2000-0944,0.03091,0.90083
CVE-2000-0945,0.96466,0.99493
CVE-2000-0946,0.00059,0.22933
CVE-2000-0947,0.00304,0.66635
CVE-2000-0948,0.00042,0.05722
CVE-2000-0949,0.00047,0.14014
CVE-2000-0950,0.00045,0.12225
CVE-2000-0951,0.03752,0.90963
CVE-2000-0952,0.00543,0.74979
CVE-2000-0953,0.03227,0.90286
CVE-2000-0954,0.00503,0.73988
CVE-2000-0955,0.00773,0.79426
CVE-2000-0956,0.00042,0.05722
CVE-2000-0957,0.03426,0.90571
CVE-2000-0958,0.00680,0.77920
CVE-2000-0959,0.00042,0.05722
CVE-2000-0960,0.00497,0.73792
CVE-2000-0961,0.00540,0.74923
CVE-2000-0962,0.01024,0.82239
CVE-2000-0963,0.00042,0.05722
CVE-2000-0964,0.00347,0.68824
CVE-2000-0965,0.00120,0.46112
CVE-2000-0966,0.00042,0.05722
CVE-2000-0967,0.94805,0.99116
CVE-2000-0968,0.00730,0.78778
CVE-2000-0969,0.00751,0.79068
CVE-2000-0970,0.01697,0.86462
CVE-2000-0971,0.30161,0.96537
CVE-2000-0972,0.00042,0.00438
CVE-2000-0973,0.05153,0.92233
CVE-2000-0974,0.01251,0.84126
CVE-2000-0975,0.01428,0.85207
CVE-2000-0976,0.00042,0.00438
CVE-2000-0977,0.06475,0.93051
CVE-2000-0978,0.00773,0.79414
CVE-2000-0979,0.03902,0.91127
CVE-2000-0980,0.00623,0.76726
CVE-2000-0981,0.00185,0.55817
CVE-2000-0982,0.00642,0.77094
CVE-2000-0983,0.10758,0.94587
CVE-2000-0984,0.00043,0.07477
CVE-2000-0985,0.00516,0.74315
CVE-2000-0986,0.00069,0.28554
CVE-2000-0987,0.00047,0.13957
CVE-2000-0988,0.00473,0.73148
CVE-2000-0989,0.01492,0.85523
CVE-2000-0990,0.00776,0.79478
CVE-2000-0991,0.05124,0.92214
CVE-2000-0992,0.00534,0.74769
CVE-2000-0993,0.00042,0.00438
CVE-2000-0994,0.00042,0.00438
CVE-2000-0995,0.00081,0.33648
CVE-2000-0996,0.00058,0.21976
CVE-2000-0997,0.00058,0.21976
CVE-2000-0998,0.00042,0.00438
CVE-2000-0999,0.03426,0.90571
CVE-2000-1000,0.00808,0.79933
CVE-2000-1001,0.01221,0.83919
CVE-2000-1002,0.00461,0.72813
CVE-2000-1003,0.00672,0.77751
CVE-2000-1004,0.00075,0.30794
CVE-2000-1005,0.02417,0.88885
CVE-2000-1006,0.74152,0.97876
CVE-2000-1007,0.00093,0.38949
CVE-2000-1008,0.00144,0.50184
CVE-2000-1009,0.00042,0.00438
CVE-2000-1010,0.00543,0.74996
CVE-2000-1011,0.00042,0.05722
CVE-2000-1012,0.00042,0.05722
CVE-2000-1013,0.00042,0.05722
CVE-2000-1014,0.05839,0.92684
CVE-2000-1015,0.00533,0.74737
CVE-2000-1016,0.01904,0.87329
CVE-2000-1017,0.00261,0.63909
CVE-2000-1018,0.00042,0.05722
CVE-2000-1019,0.00835,0.80259
CVE-2000-1020,0.00423,0.71701
CVE-2000-1021,0.02089,0.87977
CVE-2000-1022,0.03996,0.91202
CVE-2000-1023,0.02758,0.89576
CVE-2000-1024,0.00412,0.71341
CVE-2000-1025,0.02520,0.89105
CVE-2000-1026,0.03157,0.90175
CVE-2000-1027,0.01259,0.84203
CVE-2000-1028,0.00042,0.00438
CVE-2000-1029,0.00940,0.81432
CVE-2000-1030,0.00545,0.75029
CVE-2000-1031,0.00043,0.07322
CVE-2000-1032,0.00606,0.76348
CVE-2000-1033,0.02507,0.89071
CVE-2000-1034,0.00112,0.44381
CVE-2000-1035,0.35968,0.96780
CVE-2000-1036,0.01215,0.83859
CVE-2000-1037,0.01151,0.83348
CVE-2000-1038,0.01175,0.83570
CVE-2000-1039,0.01206,0.83799
CVE-2000-1040,0.01033,0.82324
CVE-2000-1041,0.00472,0.73110
CVE-2000-1042,0.01978,0.87594
CVE-2000-1043,0.03884,0.91106
CVE-2000-1044,0.00697,0.78200
CVE-2000-1045,0.00401,0.70989
CVE-2000-1046,0.00704,0.78310
CVE-2000-1047,0.01422,0.85175
CVE-2000-1048,0.01470,0.85424
CVE-2000-1049,0.00994,0.82008
CVE-2000-1050,0.01491,0.85517
CVE-2000-1051,0.00359,0.69389
CVE-2000-1052,0.00697,0.78210
CVE-2000-1053,0.02821,0.89676
CVE-2000-1054,0.00867,0.80607
CVE-2000-1055,0.00510,0.74158
CVE-2000-1056,0.00509,0.74145
CVE-2000-1057,0.00042,0.05722
CVE-2000-1058,0.01993,0.87647
CVE-2000-1059,0.00042,0.05722
CVE-2000-1060,0.00042,0.05722
CVE-2000-1061,0.00572,0.75587
CVE-2000-1062,0.00812,0.79964
CVE-2000-1063,0.00812,0.79964
CVE-2000-1064,0.00812,0.79964
CVE-2000-1065,0.00812,0.79964
CVE-2000-1066,0.00835,0.80259
CVE-2000-1068,0.00493,0.73711
CVE-2000-1069,0.01498,0.85562
CVE-2000-1070,0.00397,0.70899
CVE-2000-1071,0.00931,0.81341
CVE-2000-1072,0.00042,0.00438
CVE-2000-1073,0.00042,0.05722
CVE-2000-1074,0.01501,0.85595
CVE-2000-1075,0.00763,0.79267
CVE-2000-1076,0.00573,0.75618
CVE-2000-1077,0.00203,0.58326
CVE-2000-1078,0.00985,0.81901
CVE-2000-1079,0.01757,0.86691
CVE-2000-1080,0.00937,0.81394
CVE-2000-1081,0.00143,0.50116
CVE-2000-1082,0.37734,0.96851
CVE-2000-1083,0.00110,0.43952
CVE-2000-1084,0.37734,0.96851
CVE-2000-1085,0.00139,0.49425
CVE-2000-1086,0.37734,0.96851
CVE-2000-1087,0.37734,0.96851
CVE-2000-1088,0.37734,0.96851
CVE-2000-1089,0.96966,0.99680
CVE-2000-1090,0.01146,0.83312
CVE-2000-1092,0.02219,0.88399
CVE-2000-1093,0.00423,0.71698
CVE-2000-1094,0.02715,0.89494
CVE-2000-1095,0.00042,0.00438
CVE-2000-1096,0.00042,0.00438
CVE-2000-1097,0.01301,0.84480
CVE-2000-1098,0.00252,0.63169
CVE-2000-1099,0.00568,0.75508
CVE-2000-1100,0.00539,0.74881
CVE-2000-1101,0.00287,0.65633
CVE-2000-1102,0.00234,0.61515
CVE-2000-1103,0.00042,0.00438
CVE-2000-1104,0.00169,0.53863
CVE-2000-1105,0.00397,0.70886
CVE-2000-1106,0.00095,0.39677
CVE-2000-1107,0.00521,0.74442
CVE-2000-1108,0.00042,0.05722
CVE-2000-1109,0.00042,0.05722
CVE-2000-1110,0.00323,0.67707
CVE-2000-1111,0.00752,0.79080
CVE-2000-1112,0.02383,0.88810
CVE-2000-1113,0.00677,0.77872
CVE-2000-1114,0.00578,0.75735
CVE-2000-1115,0.00396,0.70843
CVE-2000-1116,0.01396,0.85053
CVE-2000-1117,0.00192,0.56985
CVE-2000-1118,0.00254,0.63286
CVE-2000-1119,0.00042,0.00438
CVE-2000-1120,0.00042,0.00438
CVE-2000-1121,0.00042,0.00438
CVE-2000-1122,0.00042,0.05722
CVE-2000-1123,0.00042,0.05722
CVE-2000-1124,0.00042,0.00438
CVE-2000-1125,0.00042,0.00438
CVE-2000-1126,0.00650,0.77255
CVE-2000-1127,0.00042,0.00438
CVE-2000-1128,0.00045,0.12293
CVE-2000-1129,0.00748,0.79012
CVE-2000-1130,0.00343,0.68665
CVE-2000-1131,0.00768,0.79342
CVE-2000-1132,0.01629,0.86218
CVE-2000-1133,0.00252,0.63176
CVE-2000-1134,0.00042,0.00438
CVE-2000-1135,0.00042,0.05722
CVE-2000-1136,0.00042,0.05722
CVE-2000-1137,0.00042,0.05722
CVE-2000-1138,0.08064,0.93729
CVE-2000-1139,0.00611,0.76443
CVE-2000-1140,0.00064,0.26177
CVE-2000-1141,0.00058,0.22612
CVE-2000-1142,0.00058,0.22612
CVE-2000-1143,0.00055,0.20495
CVE-2000-1144,0.00074,0.30725
CVE-2000-1145,0.00059,0.22933
CVE-2000-1146,0.00059,0.22933
CVE-2000-1147,0.00119,0.45852
CVE-2000-1148,0.00042,0.05722
CVE-2000-1149,0.00158,0.52284
CVE-2000-1150,0.00282,0.65345
CVE-2000-1151,0.00282,0.65345
CVE-2000-1152,0.00271,0.64575
CVE-2000-1153,0.00282,0.65345
CVE-2000-1154,0.00877,0.80735
CVE-2000-1155,0.00282,0.65345
CVE-2000-1156,0.00044,0.10704
CVE-2000-1157,0.00967,0.81724
CVE-2000-1158,0.01142,0.83283
CVE-2000-1159,0.00583,0.75853
CVE-2000-1160,0.00276,0.64884
CVE-2000-1161,0.00318,0.67481
CVE-2000-1162,0.00042,0.05722
CVE-2000-1163,0.00042,0.05722
CVE-2000-1164,0.00197,0.57662
CVE-2000-1165,0.01024,0.82239
CVE-2000-1166,0.00763,0.79269
CVE-2000-1167,0.00877,0.80733
CVE-2000-1168,0.00947,0.81505
CVE-2000-1169,0.00706,0.78350
CVE-2000-1170,0.00708,0.78376
CVE-2000-1171,0.03155,0.90171
CVE-2000-1172,0.00750,0.79053
CVE-2000-1173,0.00343,0.68662
CVE-2000-1174,0.01998,0.87666
CVE-2000-1175,0.00042,0.00438
CVE-2000-1176,0.02490,0.89043
CVE-2000-1177,0.00795,0.79770
CVE-2000-1178,0.00042,0.05722
CVE-2000-1179,0.00381,0.70264
CVE-2000-1180,0.00047,0.13957
CVE-2000-1181,0.01490,0.85510
CVE-2000-1182,0.00872,0.80655
CVE-2000-1183,0.00042,0.05722
CVE-2000-1184,0.00835,0.80259
CVE-2000-1185,0.00276,0.64884
CVE-2000-1186,0.00720,0.78619
CVE-2000-1187,0.00936,0.81384
CVE-2000-1188,0.00771,0.79391
CVE-2000-1189,0.00059,0.22933
CVE-2000-1190,0.00042,0.05722
CVE-2000-1191,0.00187,0.56219
CVE-2000-1192,0.01416,0.85140
CVE-2000-1193,0.02874,0.89765
CVE-2000-1194,0.20043,0.95922
CVE-2000-1195,0.00306,0.66746
CVE-2000-1196,0.01991,0.87638
CVE-2000-1197,0.00042,0.05722
CVE-2000-1198,0.00043,0.07477
CVE-2000-1199,0.00110,0.44000
CVE-2000-1200,0.00577,0.75734
CVE-2000-1201,0.00241,0.62171
CVE-2000-1202,0.00042,0.05722
CVE-2000-1203,0.01444,0.85308
CVE-2000-1204,0.00392,0.70685
CVE-2000-1205,0.00256,0.63508
CVE-2000-1206,0.00706,0.78355
CVE-2000-1207,0.00081,0.33648
CVE-2000-1208,0.00059,0.22831
CVE-2000-1209,0.96854,0.99640
CVE-2000-1210,0.01082,0.82811
CVE-2000-1211,0.00463,0.72869
CVE-2000-1212,0.00273,0.64747
CVE-2000-1213,0.00881,0.80770
CVE-2000-1214,0.00042,0.05722
CVE-2000-1215,0.00835,0.80251
CVE-2000-1216,0.00043,0.07702
CVE-2000-1217,0.00262,0.63962
CVE-2000-1218,0.01583,0.86010
CVE-2000-1219,0.00284,0.65442
CVE-2000-1220,0.01283,0.84366
CVE-2000-1221,0.02287,0.88584
CVE-2000-1222,0.00042,0.00438
CVE-2000-1223,0.00460,0.72783
CVE-2000-1224,0.04224,0.91427
CVE-2000-1225,0.00853,0.80470
CVE-2000-1226,0.00253,0.63234
CVE-2000-1227,0.00593,0.76085
CVE-2000-1228,0.05828,0.92678
CVE-2000-1229,0.00314,0.67227
CVE-2000-1230,0.01475,0.85444
CVE-2000-1231,0.00551,0.75164
CVE-2000-1232,0.00581,0.75810
CVE-2000-1233,0.00269,0.64496
CVE-2000-1234,0.02247,0.88473
CVE-2000-1235,0.07369,0.93458
CVE-2000-1236,0.00374,0.69993
CVE-2000-1237,0.00477,0.73239
CVE-2000-1238,0.01047,0.82460
CVE-2000-1239,0.00316,0.67356
CVE-2000-1240,0.00488,0.73588
CVE-2000-1241,0.00217,0.59788
CVE-2000-1242,0.00277,0.64974
CVE-2000-1243,0.00551,0.75160
CVE-2000-1244,0.03462,0.90613
CVE-2000-1245,0.00205,0.58481
CVE-2000-1246,0.00777,0.79486
CVE-2000-1247,0.00042,0.05722
CVE-2000-1254,0.00543,0.74983
CVE-2001-0001,0.00182,0.55533
CVE-2001-0002,0.06095,0.92835
CVE-2001-0003,0.00485,0.73503
CVE-2001-0004,0.87253,0.98398
CVE-2001-0005,0.00129,0.47739
CVE-2001-0006,0.00073,0.30247
CVE-2001-0007,0.01973,0.87573
CVE-2001-0008,0.02993,0.89924
CVE-2001-0009,0.01060,0.82582
CVE-2001-0010,0.02829,0.89690
CVE-2001-0011,0.02259,0.88512
CVE-2001-0012,0.00939,0.81422
CVE-2001-0013,0.02736,0.89533
CVE-2001-0014,0.01165,0.83463
CVE-2001-0015,0.00048,0.14216
CVE-2001-0016,0.00044,0.10351
CVE-2001-0017,0.02583,0.89216
CVE-2001-0018,0.90267,0.98590
CVE-2001-0019,0.00042,0.05722
CVE-2001-0020,0.00051,0.17104
CVE-2001-0021,0.08239,0.93785
CVE-2001-0022,0.16608,0.95549
CVE-2001-0023,0.04848,0.92000
CVE-2001-0024,0.04848,0.92000
CVE-2001-0025,0.04848,0.92000
CVE-2001-0026,0.04574,0.91731
CVE-2001-0027,0.04362,0.91549
CVE-2001-0028,0.02833,0.89700
CVE-2001-0029,0.01447,0.85318
CVE-2001-0030,0.00045,0.12293
CVE-2001-0031,0.00454,0.72647
CVE-2001-0032,0.03179,0.90211
CVE-2001-0033,0.00042,0.05722
CVE-2001-0034,0.00042,0.00438
CVE-2001-0035,0.00136,0.48983
CVE-2001-0036,0.00042,0.05722
CVE-2001-0037,0.02236,0.88452
CVE-2001-0038,0.02003,0.87692
CVE-2001-0039,0.00219,0.59897
CVE-2001-0040,0.00042,0.00438
CVE-2001-0041,0.00755,0.79136
CVE-2001-0042,0.03785,0.91000
CVE-2001-0043,0.05215,0.92279
CVE-2001-0044,0.00042,0.05753
CVE-2001-0045,0.00453,0.72596
CVE-2001-0046,0.00215,0.59586
CVE-2001-0047,0.01356,0.84828
CVE-2001-0048,0.00142,0.49870
CVE-2001-0049,0.03227,0.90286
CVE-2001-0050,0.02713,0.89486
CVE-2001-0051,0.00580,0.75790
CVE-2001-0052,0.00061,0.24210
CVE-2001-0053,0.02645,0.89349
CVE-2001-0054,0.00875,0.80708
CVE-2001-0055,0.00223,0.60663
CVE-2001-0056,0.00453,0.72624
CVE-2001-0057,0.00223,0.60663
CVE-2001-0058,0.00867,0.80615
CVE-2001-0059,0.00042,0.00438
CVE-2001-0060,0.00360,0.69399
CVE-2001-0061,0.00042,0.05722
CVE-2001-0062,0.00042,0.05722
CVE-2001-0063,0.00042,0.05722
CVE-2001-0064,0.00240,0.62108
CVE-2001-0065,0.00986,0.81902
CVE-2001-0066,0.00042,0.00438
CVE-2001-0067,0.00042,0.05722
CVE-2001-0068,0.00412,0.71333
CVE-2001-0069,0.00042,0.05722
CVE-2001-0070,0.00236,0.61777
CVE-2001-0071,0.00042,0.05722
CVE-2001-0072,0.00226,0.60947
CVE-2001-0073,0.00042,0.05722
CVE-2001-0074,0.05192,0.92267
CVE-2001-0075,0.05192,0.92267
CVE-2001-0076,0.00773,0.79414
CVE-2001-0077,0.00508,0.74112
CVE-2001-0078,0.00044,0.10704
CVE-2001-0079,0.00042,0.05722
CVE-2001-0080,0.01983,0.87612
CVE-2001-0081,0.00187,0.56234
CVE-2001-0082,0.01336,0.84684
CVE-2001-0083,0.02583,0.89216
CVE-2001-0084,0.00042,0.00438
CVE-2001-0085,0.00042,0.05722
CVE-2001-0086,0.00483,0.73439
CVE-2001-0087,0.00042,0.00438
CVE-2001-0088,0.00943,0.81463
CVE-2001-0089,0.00654,0.77334
CVE-2001-0090,0.00359,0.69368
CVE-2001-0091,0.00204,0.58456
CVE-2001-0092,0.00539,0.74871
CVE-2001-0093,0.00042,0.00438
CVE-2001-0094,0.00042,0.05722
CVE-2001-0095,0.00042,0.00438
CVE-2001-0096,0.04326,0.91525
CVE-2001-0097,0.02761,0.89580
CVE-2001-0098,0.88717,0.98481
CVE-2001-0099,0.91039,0.98654
CVE-2001-0100,0.91039,0.98654
CVE-2001-0101,0.01393,0.85027
CVE-2001-0102,0.00045,0.12293
CVE-2001-0103,0.00045,0.12293
CVE-2001-0104,0.00042,0.05722
CVE-2001-0105,0.00042,0.05722
CVE-2001-0106,0.00120,0.46112
CVE-2001-0107,0.00289,0.65768
CVE-2001-0108,0.00175,0.54728
CVE-2001-0109,0.00042,0.00438
CVE-2001-0110,0.00042,0.00438
CVE-2001-0111,0.00042,0.00438
CVE-2001-0112,0.00042,0.00438
CVE-2001-0113,0.00121,0.46306
CVE-2001-0114,0.00266,0.64302
CVE-2001-0115,0.00042,0.00438
CVE-2001-0116,0.00042,0.05722
CVE-2001-0117,0.00065,0.26818
CVE-2001-0118,0.00042,0.05722
CVE-2001-0119,0.00042,0.05722
CVE-2001-0120,0.00042,0.05722
CVE-2001-0121,0.00975,0.81798
CVE-2001-0122,0.01290,0.84414
CVE-2001-0123,0.01587,0.86019
CVE-2001-0124,0.00044,0.10704
CVE-2001-0125,0.00042,0.05722
CVE-2001-0126,0.00888,0.80859
CVE-2001-0127,0.01056,0.82539
CVE-2001-0128,0.00059,0.22933
CVE-2001-0129,0.07267,0.93423
CVE-2001-0130,0.00552,0.75189
CVE-2001-0131,0.00042,0.05722
CVE-2001-0132,0.00042,0.05722
CVE-2001-0133,0.00322,0.67701
CVE-2001-0134,0.00701,0.78256
CVE-2001-0135,0.00042,0.05722
CVE-2001-0136,0.04238,0.91446
CVE-2001-0137,0.03300,0.90399
CVE-2001-0138,0.00042,0.05722
CVE-2001-0139,0.00042,0.05722
CVE-2001-0140,0.00042,0.05722
CVE-2001-0141,0.00042,0.05722
CVE-2001-0142,0.00042,0.05722
CVE-2001-0143,0.00042,0.05722
CVE-2001-0144,0.08486,0.93863
CVE-2001-0145,0.00235,0.61615
CVE-2001-0146,0.01696,0.86457
CVE-2001-0147,0.00230,0.61273
CVE-2001-0148,0.03052,0.90023
CVE-2001-0149,0.09100,0.94077
CVE-2001-0150,0.07744,0.93576
CVE-2001-0151,0.88660,0.98477
CVE-2001-0152,0.00078,0.32074
CVE-2001-0153,0.00295,0.66170
CVE-2001-0154,0.03366,0.90491
CVE-2001-0155,0.00582,0.75835
CVE-2001-0156,0.00042,0.05722
CVE-2001-0157,0.00145,0.50307
CVE-2001-0160,0.00821,0.80072
CVE-2001-0161,0.00730,0.78777
CVE-2001-0162,0.01141,0.83267
CVE-2001-0163,0.00311,0.67057
CVE-2001-0164,0.00302,0.66512
CVE-2001-0165,0.00042,0.00438
CVE-2001-0166,0.00430,0.71899
CVE-2001-0167,0.09507,0.94223
CVE-2001-0168,0.21185,0.96008
CVE-2001-0169,0.00042,0.00438
CVE-2001-0170,0.00042,0.00438
CVE-2001-0171,0.01968,0.87548
CVE-2001-0172,0.00043,0.07477
CVE-2001-0173,0.00940,0.81432
CVE-2001-0174,0.00727,0.78717
CVE-2001-0175,0.01256,0.84163
CVE-2001-0176,0.00042,0.05722
CVE-2001-0177,0.01991,0.87638
CVE-2001-0178,0.00042,0.05722
CVE-2001-0179,0.00235,0.61676
CVE-2001-0180,0.00266,0.64278
CVE-2001-0181,0.00545,0.75044
CVE-2001-0182,0.00815,0.79997
CVE-2001-0183,0.02657,0.89375
CVE-2001-0184,0.01788,0.86804
CVE-2001-0185,0.00226,0.60913
CVE-2001-0186,0.00719,0.78600
CVE-2001-0187,0.03477,0.90631
CVE-2001-0188,0.00671,0.77733
CVE-2001-0189,0.02796,0.89634
CVE-2001-0190,0.00044,0.10704
CVE-2001-0191,0.00622,0.76698
CVE-2001-0192,0.36703,0.96805
CVE-2001-0193,0.00042,0.00438
CVE-2001-0194,0.00347,0.68824
CVE-2001-0195,0.00045,0.12293
CVE-2001-0196,0.00420,0.71615
CVE-2001-0197,0.04252,0.91454
CVE-2001-0198,0.00717,0.78551
CVE-2001-0199,0.02805,0.89652
CVE-2001-0200,0.00961,0.81656
CVE-2001-0201,0.00943,0.81463
CVE-2001-0202,0.00961,0.81656
CVE-2001-0203,0.00837,0.80276
CVE-2001-0204,0.00521,0.74442
CVE-2001-0205,0.68635,0.97706
CVE-2001-0206,0.05005,0.92117
CVE-2001-0207,0.01530,0.85747
CVE-2001-0208,0.00042,0.00438
CVE-2001-0209,0.00552,0.75189
CVE-2001-0210,0.27116,0.96364
CVE-2001-0211,0.26231,0.96321
CVE-2001-0212,0.53398,0.97336
CVE-2001-0213,0.00454,0.72630
CVE-2001-0214,0.01534,0.85767
CVE-2001-0215,0.03572,0.90736
CVE-2001-0216,0.02642,0.89344
CVE-2001-0217,0.03135,0.90145
CVE-2001-0218,0.00495,0.73767
CVE-2001-0219,0.00042,0.05722
CVE-2001-0220,0.00042,0.00438
CVE-2001-0221,0.00042,0.00438
CVE-2001-0222,0.00042,0.05722
CVE-2001-0223,0.00454,0.72630
CVE-2001-0224,0.06475,0.93051
CVE-2001-0225,0.00293,0.66029
CVE-2001-0226,0.00384,0.70379
CVE-2001-0227,0.00166,0.53286
CVE-2001-0228,0.00925,0.81287
CVE-2001-0229,0.00044,0.10704
CVE-2001-0230,0.00042,0.05722
CVE-2001-0231,0.16516,0.95539
CVE-2001-0232,0.01908,0.87350
CVE-2001-0233,0.04499,0.91674
CVE-2001-0234,0.00808,0.79931
CVE-2001-0235,0.00042,0.05722
CVE-2001-0236,0.78021,0.97984
CVE-2001-0237,0.13843,0.95166
CVE-2001-0238,0.01303,0.84491
CVE-2001-0239,0.04285,0.91484
CVE-2001-0240,0.00052,0.17523
CVE-2001-0241,0.95526,0.99263
CVE-2001-0242,0.00553,0.75201
CVE-2001-0243,0.03734,0.90939
CVE-2001-0244,0.00414,0.71424
CVE-2001-0245,0.91348,0.98685
CVE-2001-0246,0.00395,0.70792
CVE-2001-0247,0.01899,0.87312
CVE-2001-0248,0.00445,0.72349
CVE-2001-0249,0.01088,0.82842
CVE-2001-0250,0.01162,0.83438
CVE-2001-0251,0.00521,0.74442
CVE-2001-0252,0.01094,0.82885
CVE-2001-0253,0.60137,0.97494
CVE-2001-0254,0.00951,0.81557
CVE-2001-0255,0.02219,0.88399
CVE-2001-0256,0.00493,0.73711
CVE-2001-0257,0.00947,0.81509
CVE-2001-0258,0.00289,0.65768
CVE-2001-0259,0.00045,0.12367
CVE-2001-0260,0.02752,0.89565
CVE-2001-0261,0.00046,0.13871
CVE-2001-0262,0.01370,0.84913
CVE-2001-0263,0.00860,0.80534
CVE-2001-0264,0.00449,0.72486
CVE-2001-0265,0.00070,0.29088
CVE-2001-0266,0.00042,0.05722
CVE-2001-0267,0.00042,0.05722
CVE-2001-0268,0.00061,0.24110
CVE-2001-0269,0.00607,0.76354
CVE-2001-0270,0.00428,0.71851
CVE-2001-0271,0.03252,0.90324
CVE-2001-0272,0.02092,0.87996
CVE-2001-0273,0.00196,0.57513
CVE-2001-0274,0.28102,0.96432
CVE-2001-0275,0.00073,0.30159
CVE-2001-0276,0.00929,0.81321
CVE-2001-0277,0.00493,0.73701
CVE-2001-0278,0.00042,0.05722
CVE-2001-0279,0.00042,0.00438
CVE-2001-0280,0.14691,0.95294
CVE-2001-0281,0.00043,0.07410
CVE-2001-0282,0.01287,0.84398
CVE-2001-0283,0.00562,0.75361
CVE-2001-0284,0.00514,0.74255
CVE-2001-0285,0.00729,0.78758
CVE-2001-0286,0.03019,0.89959
CVE-2001-0287,0.00042,0.05722
CVE-2001-0288,0.00235,0.61609
CVE-2001-0289,0.00042,0.00438
CVE-2001-0290,0.00042,0.05722
CVE-2001-0291,0.00585,0.75890
CVE-2001-0292,0.01390,0.85015
CVE-2001-0293,0.05192,0.92267
CVE-2001-0294,0.01030,0.82290
CVE-2001-0295,0.02149,0.88216
CVE-2001-0296,0.01344,0.84729
CVE-2001-0297,0.01317,0.84579
CVE-2001-0298,0.00739,0.78893
CVE-2001-0299,0.00191,0.56745
CVE-2001-0300,0.00135,0.48730
CVE-2001-0301,0.00888,0.80861
CVE-2001-0302,0.00731,0.78794
CVE-2001-0303,0.00305,0.66701
CVE-2001-0304,0.02584,0.89219
CVE-2001-0305,0.05192,0.92267
CVE-2001-0306,0.02056,0.87868
CVE-2001-0307,0.01043,0.82434
CVE-2001-0308,0.00953,0.81583
CVE-2001-0309,0.00276,0.64922
CVE-2001-0310,0.00050,0.16807
CVE-2001-0311,0.00101,0.41136
CVE-2001-0312,0.00112,0.44599
CVE-2001-0313,0.00325,0.67816
CVE-2001-0314,0.00552,0.75189
CVE-2001-0315,0.04527,0.91689
CVE-2001-0316,0.00042,0.00438
CVE-2001-0317,0.00042,0.00438
CVE-2001-0318,0.00277,0.64973
CVE-2001-0319,0.00821,0.80075
CVE-2001-0320,0.01390,0.85015
CVE-2001-0321,0.01289,0.84409
CVE-2001-0322,0.05110,0.92205
CVE-2001-0323,0.01322,0.84604
CVE-2001-0324,0.00519,0.74387
CVE-2001-0325,0.18422,0.95758
CVE-2001-0326,0.01179,0.83588
CVE-2001-0327,0.01427,0.85201
CVE-2001-0328,0.02522,0.89109
CVE-2001-0329,0.03224,0.90272
CVE-2001-0330,0.00880,0.80762
CVE-2001-0331,0.01544,0.85814
CVE-2001-0332,0.00230,0.61215
CVE-2001-0333,0.04956,0.92074
CVE-2001-0334,0.00189,0.56481
CVE-2001-0335,0.03734,0.90939
CVE-2001-0336,0.00379,0.70207
CVE-2001-0337,0.25230,0.96269
CVE-2001-0338,0.01021,0.82219
CVE-2001-0339,0.86785,0.98377
CVE-2001-0340,0.00357,0.69303
CVE-2001-0341,0.02375,0.88792
CVE-2001-0344,0.00060,0.23665
CVE-2001-0345,0.01278,0.84306
CVE-2001-0346,0.00437,0.72143
CVE-2001-0347,0.02079,0.87947
CVE-2001-0348,0.00679,0.77897
CVE-2001-0349,0.00044,0.10532
CVE-2001-0350,0.00046,0.13795
CVE-2001-0351,0.00053,0.18846
CVE-2001-0352,0.00333,0.68276
CVE-2001-0353,0.00555,0.75244
CVE-2001-0354,0.00276,0.64884
CVE-2001-0355,0.00422,0.71690
CVE-2001-0357,0.02832,0.89696
CVE-2001-0358,0.04802,0.91964
CVE-2001-0359,0.01460,0.85391
CVE-2001-0360,0.03155,0.90171
CVE-2001-0361,0.00357,0.69280
CVE-2001-0364,0.01120,0.83112
CVE-2001-0365,0.04076,0.91295
CVE-2001-0366,0.00042,0.05722
CVE-2001-0367,0.00289,0.65768
CVE-2001-0368,0.00459,0.72752
CVE-2001-0369,0.00042,0.00438
CVE-2001-0370,0.00045,0.12293
CVE-2001-0371,0.00042,0.05722
CVE-2001-0372,0.00896,0.80946
CVE-2001-0373,0.00054,0.19191
CVE-2001-0374,0.00605,0.76320
CVE-2001-0375,0.02366,0.88771
CVE-2001-0376,0.00366,0.69685
CVE-2001-0377,0.00835,0.80259
CVE-2001-0378,0.00042,0.05722
CVE-2001-0379,0.00043,0.07527
CVE-2001-0380,0.01498,0.85562
CVE-2001-0381,0.00059,0.22933
CVE-2001-0382,0.00568,0.75508
CVE-2001-0383,0.01870,0.87161
CVE-2001-0384,0.00042,0.00438
CVE-2001-0385,0.06949,0.93298
CVE-2001-0386,0.02402,0.88855
CVE-2001-0387,0.00059,0.22831
CVE-2001-0388,0.00718,0.78556
CVE-2001-0389,0.00154,0.51653
CVE-2001-0390,0.00420,0.71599
CVE-2001-0391,0.00271,0.64575
CVE-2001-0392,0.00252,0.63169
CVE-2001-0393,0.00271,0.64575
CVE-2001-0394,0.00835,0.80259
CVE-2001-0395,0.00306,0.66748
CVE-2001-0396,0.00238,0.61979
CVE-2001-0397,0.00460,0.72797
CVE-2001-0398,0.00244,0.62516
CVE-2001-0399,0.00851,0.80441
CVE-2001-0400,0.01220,0.83907
CVE-2001-0401,0.00042,0.00438
CVE-2001-0402,0.02576,0.89198
CVE-2001-0403,0.00042,0.00438
CVE-2001-0404,0.00247,0.62769
CVE-2001-0405,0.01871,0.87164
CVE-2001-0406,0.00042,0.05770
CVE-2001-0407,0.00043,0.07735
CVE-2001-0408,0.00373,0.69949
CVE-2001-0409,0.00042,0.00438
CVE-2001-0410,0.00460,0.72797
CVE-2001-0411,0.00271,0.64575
CVE-2001-0412,0.00042,0.05722
CVE-2001-0413,0.01301,0.84480
CVE-2001-0414,0.96717,0.99587
CVE-2001-0415,0.00042,0.05722
CVE-2001-0416,0.00049,0.15845
CVE-2001-0417,0.00042,0.05722
CVE-2001-0418,0.01629,0.86217
CVE-2001-0419,0.00591,0.76058
CVE-2001-0420,0.02161,0.88241
CVE-2001-0421,0.03236,0.90305
CVE-2001-0422,0.00042,0.00438
CVE-2001-0423,0.00042,0.00438
CVE-2001-0424,0.00045,0.12293
CVE-2001-0425,0.01215,0.83856
CVE-2001-0426,0.00042,0.00438
CVE-2001-0427,0.00646,0.77154
CVE-2001-0428,0.00670,0.77710
CVE-2001-0429,0.00290,0.65818
CVE-2001-0430,0.00050,0.16040
CVE-2001-0431,0.01166,0.83481
CVE-2001-0432,0.00606,0.76343
CVE-2001-0433,0.00202,0.58198
CVE-2001-0434,0.00296,0.66218
CVE-2001-0435,0.00042,0.05722
CVE-2001-0436,0.24585,0.96230
CVE-2001-0437,0.00949,0.81528
CVE-2001-0438,0.00060,0.23520
CVE-2001-0439,0.00889,0.80881
CVE-2001-0440,0.05853,0.92692
CVE-2001-0441,0.00761,0.79239
CVE-2001-0442,0.03306,0.90405
CVE-2001-0443,0.00460,0.72797
CVE-2001-0444,0.00066,0.27255
CVE-2001-0446,0.00272,0.64636
CVE-2001-0447,0.00499,0.73842
CVE-2001-0448,0.00241,0.62171
CVE-2001-0449,0.00042,0.05722
CVE-2001-0450,0.00201,0.58007
CVE-2001-0451,0.00731,0.78792
CVE-2001-0452,0.01601,0.86081
CVE-2001-0453,0.00253,0.63246
CVE-2001-0454,0.05005,0.92117
CVE-2001-0455,0.00669,0.77690
CVE-2001-0456,0.00769,0.79358
CVE-2001-0457,0.00701,0.78253
CVE-2001-0458,0.00729,0.78747
CVE-2001-0459,0.00042,0.00438
CVE-2001-0460,0.00859,0.80529
CVE-2001-0461,0.04979,0.92087
CVE-2001-0462,0.02813,0.89663
CVE-2001-0463,0.01264,0.84233
CVE-2001-0464,0.01469,0.85422
CVE-2001-0465,0.00042,0.05722
CVE-2001-0466,0.36880,0.96813
CVE-2001-0467,0.01215,0.83859
CVE-2001-0468,0.00042,0.00438
CVE-2001-0469,0.00671,0.77733
CVE-2001-0470,0.00044,0.10704
CVE-2001-0471,0.00539,0.74881
CVE-2001-0472,0.00219,0.59910
CVE-2001-0473,0.00311,0.67073
CVE-2001-0474,0.00042,0.05722
CVE-2001-0475,0.00896,0.80946
CVE-2001-0476,0.01024,0.82244
CVE-2001-0477,0.00186,0.55919
CVE-2001-0478,0.01610,0.86136
CVE-2001-0479,0.01354,0.84795
CVE-2001-0480,0.01481,0.85468
CVE-2001-0481,0.00050,0.16807
CVE-2001-0482,0.00051,0.17404
CVE-2001-0483,0.00328,0.67963
CVE-2001-0484,0.01004,0.82078
CVE-2001-0485,0.00042,0.00438
CVE-2001-0486,0.04189,0.91402
CVE-2001-0487,0.01656,0.86313
CVE-2001-0488,0.00042,0.05722
CVE-2001-0489,0.00316,0.67342
CVE-2001-0490,0.00417,0.71521
CVE-2001-0491,0.00464,0.72881
CVE-2001-0492,0.00472,0.73118
CVE-2001-0493,0.01094,0.82885
CVE-2001-0494,0.00849,0.80411
CVE-2001-0495,0.00859,0.80527
CVE-2001-0496,0.00042,0.05722
CVE-2001-0497,0.00050,0.16807
CVE-2001-0498,0.00222,0.60590
CVE-2001-0499,0.07145,0.93379
CVE-2001-0500,0.96774,0.99614
CVE-2001-0501,0.00060,0.23665
CVE-2001-0502,0.00044,0.10351
CVE-2001-0503,0.03780,0.90993
CVE-2001-0504,0.01525,0.85727
CVE-2001-0505,0.06400,0.93010
CVE-2001-0506,0.54094,0.97351
CVE-2001-0507,0.00052,0.18061
CVE-2001-0508,0.09628,0.94260
CVE-2001-0509,0.00385,0.70438
CVE-2001-0513,0.02757,0.89572
CVE-2001-0514,0.00865,0.80584
CVE-2001-0515,0.00265,0.64190
CVE-2001-0516,0.00265,0.64190
CVE-2001-0517,0.02061,0.87883
CVE-2001-0518,0.00545,0.75033
CVE-2001-0519,0.01654,0.86307
CVE-2001-0520,0.01622,0.86192
CVE-2001-0521,0.01622,0.86192
CVE-2001-0522,0.02339,0.88697
CVE-2001-0523,0.00661,0.77501
CVE-2001-0524,0.00943,0.81463
CVE-2001-0525,0.00042,0.05722
CVE-2001-0526,0.00042,0.00438
CVE-2001-0527,0.03592,0.90760
CVE-2001-0528,0.00062,0.24501
CVE-2001-0529,0.00061,0.23843
CVE-2001-0530,0.00351,0.69040
CVE-2001-0533,0.00042,0.05722
CVE-2001-0534,0.00428,0.71825
CVE-2001-0535,0.00510,0.74174
CVE-2001-0537,0.88063,0.98443
CVE-2001-0538,0.05446,0.92455
CVE-2001-0540,0.03342,0.90448
CVE-2001-0541,0.00558,0.75296
CVE-2001-0542,0.17340,0.95650
CVE-2001-0543,0.00603,0.76283
CVE-2001-0544,0.00053,0.18846
CVE-2001-0545,0.78893,0.98013
CVE-2001-0546,0.03342,0.90448
CVE-2001-0547,0.00045,0.12341
CVE-2001-0548,0.00042,0.00438
CVE-2001-0549,0.00043,0.07623
CVE-2001-0550,0.96260,0.99424
CVE-2001-0551,0.00067,0.27776
CVE-2001-0552,0.01242,0.84076
CVE-2001-0553,0.00043,0.05918
CVE-2001-0554,0.00924,0.81280
CVE-2001-0555,0.81884,0.98132
CVE-2001-0556,0.00042,0.05722
CVE-2001-0557,0.01580,0.85994
CVE-2001-0558,0.02052,0.87856
CVE-2001-0559,0.00042,0.00438
CVE-2001-0560,0.00042,0.05722
CVE-2001-0561,0.21994,0.96058
CVE-2001-0562,0.00382,0.70290
CVE-2001-0563,0.03227,0.90286
CVE-2001-0564,0.02736,0.89532
CVE-2001-0565,0.00050,0.16824
CVE-2001-0566,0.00251,0.63125
CVE-2001-0567,0.00042,0.05722
CVE-2001-0568,0.00042,0.05722
CVE-2001-0569,0.00051,0.17104
CVE-2001-0570,0.00058,0.21976
CVE-2001-0571,0.01053,0.82515
CVE-2001-0572,0.01608,0.86129
CVE-2001-0573,0.00043,0.07527
CVE-2001-0574,0.01031,0.82298
CVE-2001-0575,0.00042,0.00438
CVE-2001-0576,0.00047,0.13992
CVE-2001-0577,0.00042,0.00438
CVE-2001-0578,0.00042,0.00438
CVE-2001-0579,0.00042,0.00438
CVE-2001-0580,0.00765,0.79290
CVE-2001-0581,0.02424,0.88908
CVE-2001-0582,0.00043,0.07527
CVE-2001-0583,0.00835,0.80259
CVE-2001-0584,0.00043,0.07477
CVE-2001-0585,0.00671,0.77733
CVE-2001-0586,0.00042,0.05722
CVE-2001-0587,0.00042,0.05722
CVE-2001-0588,0.00045,0.12293
CVE-2001-0589,0.00042,0.05722
CVE-2001-0590,0.03881,0.91104
CVE-2001-0591,0.00464,0.72877
CVE-2001-0592,0.00276,0.64922
CVE-2001-0593,0.02003,0.87692
CVE-2001-0594,0.00042,0.00438
CVE-2001-0595,0.00042,0.00438
CVE-2001-0596,0.08399,0.93830
CVE-2001-0597,0.00042,0.00438
CVE-2001-0598,0.00207,0.58713
CVE-2001-0599,0.00521,0.74442
CVE-2001-0600,0.00276,0.64922
CVE-2001-0601,0.00317,0.67431
CVE-2001-0602,0.00276,0.64922
CVE-2001-0603,0.00276,0.64922
CVE-2001-0604,0.00276,0.64922
CVE-2001-0605,0.00530,0.74651
CVE-2001-0606,0.00341,0.68566
CVE-2001-0607,0.00042,0.05722
CVE-2001-0608,0.00645,0.77140
CVE-2001-0609,0.01754,0.86684
CVE-2001-0610,0.00042,0.00438
CVE-2001-0611,0.00649,0.77241
CVE-2001-0612,0.01372,0.84922
CVE-2001-0613,0.00758,0.79188
CVE-2001-0614,0.02212,0.88379
CVE-2001-0615,0.01256,0.84160
CVE-2001-0616,0.01160,0.83430
CVE-2001-0617,0.00366,0.69685
CVE-2001-0618,0.00473,0.73132
CVE-2001-0619,0.00691,0.78095
CVE-2001-0620,0.00045,0.12293
CVE-2001-0621,0.00341,0.68592
CVE-2001-0622,0.00679,0.77890
CVE-2001-0623,0.00042,0.00438
CVE-2001-0624,0.00045,0.12293
CVE-2001-0625,0.00042,0.05722
CVE-2001-0626,0.03091,0.90083
CVE-2001-0627,0.00043,0.07736
CVE-2001-0628,0.00072,0.29496
CVE-2001-0629,0.00986,0.81903
CVE-2001-0630,0.01256,0.84160
CVE-2001-0631,0.00622,0.76702
CVE-2001-0632,0.00358,0.69332
CVE-2001-0633,0.00341,0.68583
CVE-2001-0634,0.00044,0.10704
CVE-2001-0635,0.00042,0.05722
CVE-2001-0636,0.00202,0.58198
CVE-2001-0641,0.00042,0.00438
CVE-2001-0642,0.00042,0.05722
CVE-2001-0643,0.01201,0.83762
CVE-2001-0644,0.00401,0.70979
CVE-2001-0645,0.02567,0.89185
CVE-2001-0646,0.01160,0.83430
CVE-2001-0647,0.00985,0.81901
CVE-2001-0648,0.01369,0.84906
CVE-2001-0649,0.00776,0.79478
CVE-2001-0650,0.01760,0.86698
CVE-2001-0652,0.00042,0.00438
CVE-2001-0653,0.00042,0.00438
CVE-2001-0658,0.02256,0.88506
CVE-2001-0659,0.00886,0.80843
CVE-2001-0660,0.01517,0.85685
CVE-2001-0662,0.90267,0.98590
CVE-2001-0663,0.88536,0.98471
CVE-2001-0664,0.05826,0.92677
CVE-2001-0665,0.03975,0.91185
CVE-2001-0666,0.00053,0.18834
CVE-2001-0667,0.01992,0.87642
CVE-2001-0668,0.03411,0.90551
CVE-2001-0669,0.07212,0.93407
CVE-2001-0670,0.19920,0.95914
CVE-2001-0671,0.00802,0.79847
CVE-2001-0674,0.00340,0.68540
CVE-2001-0675,0.03419,0.90561
CVE-2001-0676,0.00330,0.68153
CVE-2001-0677,0.01380,0.84968
CVE-2001-0678,0.00045,0.12293
CVE-2001-0679,0.02182,0.88296
CVE-2001-0680,0.28657,0.96460
CVE-2001-0681,0.00289,0.65768
CVE-2001-0682,0.00042,0.05722
CVE-2001-0683,0.00276,0.64922
CVE-2001-0684,0.00276,0.64922
CVE-2001-0685,0.00042,0.00438
CVE-2001-0686,0.00044,0.10704
CVE-2001-0687,0.00461,0.72813
CVE-2001-0688,0.01076,0.82750
CVE-2001-0689,0.00691,0.78095
CVE-2001-0690,0.19607,0.95884
CVE-2001-0691,0.00042,0.05722
CVE-2001-0692,0.01698,0.86463
CVE-2001-0693,0.01616,0.86160
CVE-2001-0694,0.01494,0.85547
CVE-2001-0695,0.00276,0.64922
CVE-2001-0696,0.00806,0.79907
CVE-2001-0697,0.01728,0.86586
CVE-2001-0698,0.00965,0.81697
CVE-2001-0699,0.00044,0.10704
CVE-2001-0700,0.23454,0.96157
CVE-2001-0701,0.00042,0.00438
CVE-2001-0702,0.02031,0.87781
CVE-2001-0703,0.02424,0.88908
CVE-2001-0704,0.02407,0.88864
CVE-2001-0705,0.02796,0.89634
CVE-2001-0706,0.00093,0.39086
CVE-2001-0707,0.00289,0.65768
CVE-2001-0708,0.00289,0.65768
CVE-2001-0709,0.14778,0.95306
CVE-2001-0710,0.01409,0.85115
CVE-2001-0711,0.00206,0.58597
CVE-2001-0712,0.01873,0.87183
CVE-2001-0713,0.00042,0.05722
CVE-2001-0714,0.00042,0.05722
CVE-2001-0715,0.00045,0.12293
CVE-2001-0716,0.00998,0.82034
CVE-2001-0717,0.03113,0.90115
CVE-2001-0718,0.01001,0.82053
CVE-2001-0719,0.11284,0.94714
CVE-2001-0720,0.05483,0.92485
CVE-2001-0721,0.03292,0.90383
CVE-2001-0722,0.03318,0.90416
CVE-2001-0723,0.00344,0.68702
CVE-2001-0724,0.01361,0.84860
CVE-2001-0726,0.00678,0.77877
CVE-2001-0727,0.96334,0.99453
CVE-2001-0728,0.00062,0.24307
CVE-2001-0729,0.00659,0.77421
CVE-2001-0730,0.00313,0.67189
CVE-2001-0731,0.96516,0.99513
CVE-2001-0733,0.01925,0.87411
CVE-2001-0734,0.00042,0.05722
CVE-2001-0735,0.00042,0.00438
CVE-2001-0736,0.00042,0.00438
CVE-2001-0737,0.00601,0.76221
CVE-2001-0738,0.00550,0.75158
CVE-2001-0739,0.00042,0.05722
CVE-2001-0740,0.02579,0.89206
CVE-2001-0741,0.00043,0.07477
CVE-2001-0742,0.00800,0.79828
CVE-2001-0743,0.00857,0.80510
CVE-2001-0744,0.00042,0.05722
CVE-2001-0745,0.00885,0.80806
CVE-2001-0746,0.02882,0.89775
CVE-2001-0747,0.00932,0.81355
CVE-2001-0748,0.01074,0.82733
CVE-2001-0749,0.00946,0.81496
CVE-2001-0750,0.00725,0.78691
CVE-2001-0751,0.00283,0.65374
CVE-2001-0752,0.00646,0.77154
CVE-2001-0753,0.00916,0.81180
CVE-2001-0754,0.00251,0.63097
CVE-2001-0755,0.00702,0.78275
CVE-2001-0756,0.00885,0.80805
CVE-2001-0757,0.03548,0.90708
CVE-2001-0758,0.00859,0.80525
CVE-2001-0759,0.00042,0.00438
CVE-2001-0760,0.01470,0.85427
CVE-2001-0761,0.01496,0.85555
CVE-2001-0762,0.00042,0.00438
CVE-2001-0763,0.27313,0.96374
CVE-2001-0764,0.00042,0.00438
CVE-2001-0765,0.00042,0.05722
CVE-2001-0766,0.00640,0.77040
CVE-2001-0767,0.00115,0.45024
CVE-2001-0768,0.00042,0.05722
CVE-2001-0769,0.00289,0.65768
CVE-2001-0770,0.04802,0.91964
CVE-2001-0771,0.00514,0.74265
CVE-2001-0772,0.00050,0.16807
CVE-2001-0773,0.02386,0.88815
CVE-2001-0774,0.00043,0.07322
CVE-2001-0775,0.27458,0.96390
CVE-2001-0776,0.00671,0.77733
CVE-2001-0777,0.00758,0.79188
CVE-2001-0778,0.01638,0.86248
CVE-2001-0779,0.55283,0.97384
CVE-2001-0780,0.19332,0.95859
CVE-2001-0781,0.75501,0.97910
CVE-2001-0782,0.00042,0.00438
CVE-2001-0783,0.00539,0.74880
CVE-2001-0784,0.01876,0.87199
CVE-2001-0785,0.00519,0.74382
CVE-2001-0786,0.00819,0.80047
CVE-2001-0787,0.00042,0.00438
CVE-2001-0788,0.01205,0.83790
CVE-2001-0789,0.00802,0.79863
CVE-2001-0790,0.00241,0.62171
CVE-2001-0791,0.00779,0.79521
CVE-2001-0792,0.01109,0.83016
CVE-2001-0794,0.00241,0.62171
CVE-2001-0795,0.00175,0.54684
CVE-2001-0796,0.00937,0.81394
CVE-2001-0797,0.97362,0.99888
CVE-2001-0799,0.01119,0.83083
CVE-2001-0800,0.96548,0.99529
CVE-2001-0801,0.00042,0.05722
CVE-2001-0803,0.27756,0.96407
CVE-2001-0804,0.01557,0.85878
CVE-2001-0805,0.03386,0.90514
CVE-2001-0806,0.00042,0.05722
CVE-2001-0807,0.00226,0.60903
CVE-2001-0808,0.08111,0.93740
CVE-2001-0809,0.00042,0.05722
CVE-2001-0815,0.47566,0.97168
CVE-2001-0816,0.00490,0.73642
CVE-2001-0817,0.06561,0.93094
CVE-2001-0818,0.06752,0.93203
CVE-2001-0819,0.09561,0.94236
CVE-2001-0820,0.11894,0.94852
CVE-2001-0821,0.00755,0.79137
CVE-2001-0822,0.00872,0.80655
CVE-2001-0823,0.00042,0.00438
CVE-2001-0824,0.00229,0.61196
CVE-2001-0825,0.01447,0.85322
CVE-2001-0826,0.00846,0.80382
CVE-2001-0827,0.00252,0.63169
CVE-2001-0828,0.01326,0.84622
CVE-2001-0829,0.00089,0.37269
CVE-2001-0830,0.03720,0.90921
CVE-2001-0831,0.00062,0.24501
CVE-2001-0832,0.00063,0.24930
CVE-2001-0833,0.00064,0.26495
CVE-2001-0834,0.01563,0.85905
CVE-2001-0835,0.01743,0.86643
CVE-2001-0836,0.01835,0.87026
CVE-2001-0837,0.00042,0.05722
CVE-2001-0838,0.01264,0.84236
CVE-2001-0839,0.03255,0.90327
CVE-2001-0840,0.03013,0.89950
CVE-2001-0841,0.00574,0.75655
CVE-2001-0842,0.00574,0.75655
CVE-2001-0843,0.06729,0.93193
CVE-2001-0844,0.03748,0.90953
CVE-2001-0845,0.00042,0.05722
CVE-2001-0846,0.02833,0.89698
CVE-2001-0847,0.01221,0.83919
CVE-2001-0848,0.00042,0.05722
CVE-2001-0849,0.02638,0.89340
CVE-2001-0850,0.00423,0.71713
CVE-2001-0851,0.00142,0.49913
CVE-2001-0852,0.06846,0.93249
CVE-2001-0853,0.01162,0.83442
CVE-2001-0854,0.00575,0.75662
CVE-2001-0855,0.00042,0.00438
CVE-2001-0856,0.00138,0.49327
CVE-2001-0857,0.08278,0.93794
CVE-2001-0858,0.00042,0.05722
CVE-2001-0859,0.00204,0.58454
CVE-2001-0860,0.58304,0.97451
CVE-2001-0861,0.01301,0.84480
CVE-2001-0862,0.00483,0.73442
CVE-2001-0863,0.01521,0.85712
CVE-2001-0864,0.00365,0.69650
CVE-2001-0865,0.00444,0.72340
CVE-2001-0866,0.00338,0.68471
CVE-2001-0867,0.00338,0.68471
CVE-2001-0868,0.00789,0.79681
CVE-2001-0869,0.00862,0.80556
CVE-2001-0870,0.00381,0.70264
CVE-2001-0871,0.00924,0.81269
CVE-2001-0872,0.00499,0.73851
CVE-2001-0873,0.00042,0.00438
CVE-2001-0874,0.01517,0.85685
CVE-2001-0875,0.01945,0.87479
CVE-2001-0876,0.96840,0.99633
CVE-2001-0877,0.97182,0.99779
CVE-2001-0879,0.00454,0.72635
CVE-2001-0884,0.00421,0.71640
CVE-2001-0886,0.00124,0.46834
CVE-2001-0887,0.00042,0.05722
CVE-2001-0888,0.01120,0.83112
CVE-2001-0889,0.01897,0.87303
CVE-2001-0890,0.00042,0.05722
CVE-2001-0891,0.00058,0.21976
CVE-2001-0892,0.00329,0.68050
CVE-2001-0893,0.00416,0.71483
CVE-2001-0894,0.01718,0.86550
CVE-2001-0895,0.02268,0.88535
CVE-2001-0896,0.01256,0.84163
CVE-2001-0897,0.00391,0.70663
CVE-2001-0898,0.01999,0.87676
CVE-2001-0899,0.04694,0.91854
CVE-2001-0900,0.02079,0.87948
CVE-2001-0901,0.00586,0.75905
CVE-2001-0902,0.01245,0.84096
CVE-2001-0903,0.01238,0.84049
CVE-2001-0904,0.00543,0.75000
CVE-2001-0905,0.00042,0.05722
CVE-2001-0906,0.00042,0.00438
CVE-2001-0907,0.00043,0.07520
CVE-2001-0908,0.03053,0.90026
CVE-2001-0909,0.06365,0.92991
CVE-2001-0910,0.00797,0.79803
CVE-2001-0911,0.01136,0.83247
CVE-2001-0912,0.00042,0.05722
CVE-2001-0913,0.00885,0.80805
CVE-2001-0914,0.00042,0.05722
CVE-2001-0915,0.00061,0.23942
CVE-2001-0916,0.00042,0.00438
CVE-2001-0917,0.01320,0.84587
CVE-2001-0918,0.00292,0.65989
CVE-2001-0919,0.00270,0.64514
CVE-2001-0920,0.00052,0.17542
CVE-2001-0921,0.00059,0.22933
CVE-2001-0922,0.03201,0.90248
CVE-2001-0923,0.00120,0.46190
CVE-2001-0924,0.34665,0.96727
CVE-2001-0925,0.94793,0.99114
CVE-2001-0926,0.00358,0.69323
CVE-2001-0927,0.02685,0.89439
CVE-2001-0928,0.05983,0.92767
CVE-2001-0929,0.00539,0.74877
CVE-2001-0930,0.00582,0.75835
CVE-2001-0931,0.02168,0.88255
CVE-2001-0932,0.03109,0.90109
CVE-2001-0933,0.00727,0.78723
CVE-2001-0934,0.00727,0.78723
CVE-2001-0935,0.00789,0.79692
CVE-2001-0936,0.00380,0.70224
CVE-2001-0937,0.00613,0.76504
CVE-2001-0938,0.00400,0.70974
CVE-2001-0939,0.01204,0.83781
CVE-2001-0940,0.03608,0.90781
CVE-2001-0941,0.00047,0.13957
CVE-2001-0942,0.00062,0.24501
CVE-2001-0943,0.00062,0.24501
CVE-2001-0944,0.00042,0.05722
CVE-2001-0945,0.02366,0.88769
CVE-2001-0946,0.00042,0.05722
CVE-2001-0947,0.00763,0.79269
CVE-2001-0948,0.01891,0.87266
CVE-2001-0949,0.20587,0.95963
CVE-2001-0950,0.01254,0.84150
CVE-2001-0951,0.33562,0.96679
CVE-2001-0952,0.03353,0.90472
CVE-2001-0953,0.01160,0.83426
CVE-2001-0954,0.01521,0.85712
CVE-2001-0955,0.00059,0.22933
CVE-2001-0956,0.00140,0.49550
CVE-2001-0958,0.02752,0.89565
CVE-2001-0959,0.00933,0.81362
CVE-2001-0960,0.01922,0.87396
CVE-2001-0961,0.06818,0.93236
CVE-2001-0962,0.01575,0.85977
CVE-2001-0963,0.01311,0.84537
CVE-2001-0964,0.01622,0.86190
CVE-2001-0965,0.01160,0.83430
CVE-2001-0966,0.01063,0.82631
CVE-2001-0967,0.00916,0.81180
CVE-2001-0968,0.00875,0.80706
CVE-2001-0969,0.00380,0.70224
CVE-2001-0970,0.01794,0.86834
CVE-2001-0971,0.00368,0.69785
CVE-2001-0972,0.00865,0.80584
CVE-2001-0973,0.01214,0.83854
CVE-2001-0974,0.00806,0.79913
CVE-2001-0975,0.01138,0.83254
CVE-2001-0976,0.00042,0.05722
CVE-2001-0977,0.02417,0.88886
CVE-2001-0978,0.00488,0.73571
CVE-2001-0979,0.00042,0.00438
CVE-2001-0980,0.01537,0.85783
CVE-2001-0981,0.00212,0.59206
CVE-2001-0982,0.00871,0.80652
CVE-2001-0983,0.00042,0.00438
CVE-2001-0984,0.00050,0.16807
CVE-2001-0985,0.04746,0.91897
CVE-2001-0986,0.95775,0.99314
CVE-2001-0987,0.05454,0.92459
CVE-2001-0988,0.00042,0.05722
CVE-2001-0989,0.00042,0.00438
CVE-2001-0990,0.00042,0.05722
CVE-2001-0991,0.03343,0.90451
CVE-2001-0992,0.04262,0.91464
CVE-2001-0993,0.00042,0.05722
CVE-2001-0994,0.00975,0.81798
CVE-2001-0995,0.00705,0.78340
CVE-2001-0996,0.00359,0.69385
CVE-2001-0997,0.02006,0.87710
CVE-2001-0998,0.00870,0.80633
CVE-2001-0999,0.00872,0.80661
CVE-2001-1000,0.00042,0.00438
CVE-2001-1002,0.02720,0.89501
CVE-2001-1003,0.00042,0.00438
CVE-2001-1004,0.00205,0.58530
CVE-2001-1005,0.00647,0.77184
CVE-2001-1006,0.00423,0.71706
CVE-2001-1007,0.00307,0.66845
CVE-2001-1008,0.01060,0.82614
CVE-2001-1009,0.01240,0.84057
CVE-2001-1010,0.01358,0.84843
CVE-2001-1011,0.01230,0.83959
CVE-2001-1012,0.00045,0.12293
CVE-2001-1013,0.03631,0.90807
CVE-2001-1014,0.29124,0.96484
CVE-2001-1015,0.00042,0.00438
CVE-2001-1016,0.00403,0.71063
CVE-2001-1017,0.00042,0.05722
CVE-2001-1018,0.00512,0.74220
CVE-2001-1019,0.00597,0.76140
CVE-2001-1020,0.03525,0.90679
CVE-2001-1021,0.76821,0.97949
CVE-2001-1022,0.01535,0.85773
CVE-2001-1023,0.00472,0.73118
CVE-2001-1024,0.00670,0.77713
CVE-2001-1025,0.00583,0.75853
CVE-2001-1026,0.00434,0.72014
CVE-2001-1027,0.12092,0.94893
CVE-2001-1028,0.00042,0.05722
CVE-2001-1029,0.00042,0.00438
CVE-2001-1030,0.00293,0.66033
CVE-2001-1031,0.00581,0.75808
CVE-2001-1032,0.10144,0.94426
CVE-2001-1033,0.00975,0.81798
CVE-2001-1034,0.00053,0.18259
CVE-2001-1035,0.01404,0.85091
CVE-2001-1036,0.00042,0.00438
CVE-2001-1037,0.00042,0.05722
CVE-2001-1038,0.01521,0.85712
CVE-2001-1039,0.00414,0.71420
CVE-2001-1040,0.00269,0.64460
CVE-2001-1041,0.00065,0.26855
CVE-2001-1042,0.00332,0.68198
CVE-2001-1043,0.00684,0.77983
CVE-2001-1044,0.02809,0.89656
CVE-2001-1045,0.01207,0.83808
CVE-2001-1046,0.01337,0.84694
CVE-2001-1047,0.00042,0.05722
CVE-2001-1048,0.01127,0.83165
CVE-2001-1049,0.00763,0.79269
CVE-2001-1050,0.00752,0.79092
CVE-2001-1051,0.00684,0.77989
CVE-2001-1052,0.00752,0.79092
CVE-2001-1053,0.00616,0.76580
CVE-2001-1054,0.01127,0.83165
CVE-2001-1055,0.03867,0.91080
CVE-2001-1056,0.00477,0.73241
CVE-2001-1057,0.00726,0.78710
CVE-2001-1058,0.00423,0.71719
CVE-2001-1059,0.00042,0.05722
CVE-2001-1060,0.00989,0.81954
CVE-2001-1061,0.00518,0.74348
CVE-2001-1062,0.00042,0.05722
CVE-2001-1063,0.00042,0.05722
CVE-2001-1064,0.00778,0.79495
CVE-2001-1065,0.00134,0.48577
CVE-2001-1066,0.00044,0.10704
CVE-2001-1067,0.02158,0.88233
CVE-2001-1068,0.00304,0.66607
CVE-2001-1069,0.00044,0.08124
CVE-2001-1070,0.00179,0.55195
CVE-2001-1071,0.02642,0.89343
CVE-2001-1072,0.01124,0.83142
CVE-2001-1073,0.00409,0.71239
CVE-2001-1074,0.00042,0.05722
CVE-2001-1075,0.00723,0.78661
CVE-2001-1076,0.00042,0.00438
CVE-2001-1077,0.00042,0.00438
CVE-2001-1078,0.02939,0.89851
CVE-2001-1079,0.00042,0.05722
CVE-2001-1080,0.02276,0.88557
CVE-2001-1081,0.01777,0.86758
CVE-2001-1082,0.00887,0.80851
CVE-2001-1083,0.05198,0.92269
CVE-2001-1084,0.00995,0.82009
CVE-2001-1085,0.00042,0.00438
CVE-2001-1086,0.02407,0.88864
CVE-2001-1087,0.01010,0.82126
CVE-2001-1088,0.03576,0.90742
CVE-2001-1089,0.00696,0.78183
CVE-2001-1090,0.00752,0.79092
CVE-2001-1091,0.00042,0.05722
CVE-2001-1092,0.00042,0.00438
CVE-2001-1093,0.00042,0.00438
CVE-2001-1094,0.00042,0.05722
CVE-2001-1095,0.00042,0.05722
CVE-2001-1096,0.00042,0.05722
CVE-2001-1097,0.03103,0.90099
CVE-2001-1098,0.00043,0.05916
CVE-2001-1099,0.00109,0.43577
CVE-2001-1100,0.01582,0.86004
CVE-2001-1101,0.00180,0.55303
CVE-2001-1102,0.00042,0.05722
CVE-2001-1103,0.00324,0.67768
CVE-2001-1104,0.00523,0.74490
CVE-2001-1105,0.00447,0.72414
CVE-2001-1106,0.00380,0.70218
CVE-2001-1107,0.02672,0.89400
CVE-2001-1108,0.03829,0.91046
CVE-2001-1109,0.04267,0.91470
CVE-2001-1110,0.00892,0.80911
CVE-2001-1111,0.00050,0.16807
CVE-2001-1112,0.02107,0.88036
CVE-2001-1113,0.00277,0.64988
CVE-2001-1114,0.20811,0.95981
CVE-2001-1115,0.06915,0.93280
CVE-2001-1116,0.00148,0.50760
CVE-2001-1117,0.00841,0.80329
CVE-2001-1118,0.01143,0.83292
CVE-2001-1119,0.00043,0.05916
CVE-2001-1120,0.01313,0.84551
CVE-2001-1122,0.00054,0.20290
CVE-2001-1123,0.00043,0.07322
CVE-2001-1124,0.01383,0.84980
CVE-2001-1125,0.00294,0.66074
CVE-2001-1126,0.00164,0.53037
CVE-2001-1127,0.00042,0.00438
CVE-2001-1128,0.00042,0.05722
CVE-2001-1129,0.00052,0.17542
CVE-2001-1130,0.04694,0.91854
CVE-2001-1131,0.00339,0.68481
CVE-2001-1132,0.01221,0.83919
CVE-2001-1133,0.00043,0.07477
CVE-2001-1134,0.00937,0.81394
CVE-2001-1135,0.00430,0.71885
CVE-2001-1136,0.00059,0.22933
CVE-2001-1137,0.02007,0.87713
CVE-2001-1138,0.01767,0.86721
CVE-2001-1139,0.06088,0.92815
CVE-2001-1140,0.00416,0.71486
CVE-2001-1141,0.00604,0.76317
CVE-2001-1142,0.00457,0.72712
CVE-2001-1143,0.02164,0.88247
CVE-2001-1144,0.01439,0.85267
CVE-2001-1145,0.00059,0.22933
CVE-2001-1146,0.00042,0.05722
CVE-2001-1147,0.00059,0.22933
CVE-2001-1148,0.00042,0.05753
CVE-2001-1149,0.00151,0.51293
CVE-2001-1150,0.00841,0.80329
CVE-2001-1151,0.00414,0.71447
CVE-2001-1152,0.00694,0.78142
CVE-2001-1153,0.00042,0.05722
CVE-2001-1154,0.00975,0.81798
CVE-2001-1155,0.00306,0.66746
CVE-2001-1156,0.01169,0.83519
CVE-2001-1157,0.00694,0.78142
CVE-2001-1158,0.01111,0.83033
CVE-2001-1159,0.01787,0.86803
CVE-2001-1160,0.02235,0.88449
CVE-2001-1161,0.04097,0.91321
CVE-2001-1162,0.01930,0.87431
CVE-2001-1163,0.01035,0.82349
CVE-2001-1164,0.00042,0.05722
CVE-2001-1165,0.00042,0.00438
CVE-2001-1166,0.00222,0.60595
CVE-2001-1168,0.06951,0.93304
CVE-2001-1169,0.00155,0.51757
CVE-2001-1170,0.01904,0.87329
CVE-2001-1171,0.00042,0.05722
CVE-2001-1172,0.00059,0.22933
CVE-2001-1173,0.00042,0.05722
CVE-2001-1174,0.05261,0.92308
CVE-2001-1175,0.00042,0.05722
CVE-2001-1176,0.01204,0.83777
CVE-2001-1177,0.00042,0.00438
CVE-2001-1178,0.00042,0.00438
CVE-2001-1179,0.00042,0.05722
CVE-2001-1180,0.00043,0.05916
CVE-2001-1181,0.00042,0.05722
CVE-2001-1182,0.00042,0.05722
CVE-2001-1183,0.01459,0.85387
CVE-2001-1184,0.02894,0.89790
CVE-2001-1185,0.00042,0.00438
CVE-2001-1186,0.08501,0.93871
CVE-2001-1187,0.02158,0.88231
CVE-2001-1188,0.01151,0.83348
CVE-2001-1189,0.00042,0.05722
CVE-2001-1190,0.00050,0.16807
CVE-2001-1191,0.00298,0.66297
CVE-2001-1192,0.00390,0.70644
CVE-2001-1193,0.00229,0.61196
CVE-2001-1194,0.03370,0.90495
CVE-2001-1195,0.02473,0.89011
CVE-2001-1196,0.01249,0.84116
CVE-2001-1197,0.00042,0.05722
CVE-2001-1198,0.00042,0.05722
CVE-2001-1199,0.09373,0.94177
CVE-2001-1200,0.00046,0.12652
CVE-2001-1201,0.00042,0.05722
CVE-2001-1202,0.03120,0.90124
CVE-2001-1203,0.00052,0.17542
CVE-2001-1204,0.01686,0.86421
CVE-2001-1205,0.02418,0.88888
CVE-2001-1206,0.00582,0.75835
CVE-2001-1207,0.06706,0.93181
CVE-2001-1208,0.00915,0.81167
CVE-2001-1209,0.02811,0.89662
CVE-2001-1210,0.00502,0.73976
CVE-2001-1211,0.00171,0.54203
CVE-2001-1212,0.01857,0.87108
CVE-2001-1213,0.00285,0.65490
CVE-2001-1214,0.01827,0.86972
CVE-2001-1215,0.01891,0.87266
CVE-2001-1216,0.05639,0.92582
CVE-2001-1217,0.49097,0.97223
CVE-2001-1218,0.00045,0.10875
CVE-2001-1219,0.00168,0.53569
CVE-2001-1220,0.00898,0.80986
CVE-2001-1221,0.00476,0.73219
CVE-2001-1222,0.00270,0.64549
CVE-2001-1223,0.00752,0.79092
CVE-2001-1224,0.01000,0.82048
CVE-2001-1225,0.00042,0.05722
CVE-2001-1226,0.00488,0.73568
CVE-2001-1227,0.00365,0.69650
CVE-2001-1228,0.01451,0.85343
CVE-2001-1229,0.06851,0.93252
CVE-2001-1230,0.05141,0.92223
CVE-2001-1231,0.00333,0.68275
CVE-2001-1232,0.00208,0.58738
CVE-2001-1233,0.00157,0.52124
CVE-2001-1234,0.02690,0.89444
CVE-2001-1235,0.01306,0.84511
CVE-2001-1236,0.02429,0.88916
CVE-2001-1237,0.02557,0.89162
CVE-2001-1238,0.00064,0.26260
CVE-2001-1239,0.00271,0.64575
CVE-2001-1240,0.00155,0.51757
CVE-2001-1241,0.06895,0.93274
CVE-2001-1242,0.02565,0.89177
CVE-2001-1243,0.03146,0.90158
CVE-2001-1244,0.01180,0.83601
CVE-2001-1245,0.00975,0.81798
CVE-2001-1246,0.04108,0.91331
CVE-2001-1247,0.00333,0.68265
CVE-2001-1248,0.00803,0.79869
CVE-2001-1249,0.00289,0.65768
CVE-2001-1250,0.01120,0.83112
CVE-2001-1251,0.01120,0.83112
CVE-2001-1252,0.00490,0.73642
CVE-2001-1253,0.00042,0.05722
CVE-2001-1254,0.00366,0.69685
CVE-2001-1255,0.00062,0.24501
CVE-2001-1256,0.00043,0.07611
CVE-2001-1257,0.01426,0.85192
CVE-2001-1258,0.00042,0.05722
CVE-2001-1259,0.01076,0.82750
CVE-2001-1260,0.00411,0.71317
CVE-2001-1261,0.00327,0.67878
CVE-2001-1262,0.00487,0.73542
CVE-2001-1263,0.03353,0.90472
CVE-2001-1264,0.01360,0.84857
CVE-2001-1265,0.00632,0.76889
CVE-2001-1266,0.04017,0.91224
CVE-2001-1267,0.00042,0.05722
CVE-2001-1268,0.00069,0.28579
CVE-2001-1269,0.00069,0.28579
CVE-2001-1270,0.00044,0.10445
CVE-2001-1271,0.00044,0.10445
CVE-2001-1272,0.00042,0.05722
CVE-2001-1273,0.00042,0.05722
CVE-2001-1274,0.00997,0.82029
CVE-2001-1275,0.00158,0.52256
CVE-2001-1276,0.00042,0.05722
CVE-2001-1277,0.00050,0.16040
CVE-2001-1278,0.00644,0.77127
CVE-2001-1279,0.19391,0.95867
CVE-2001-1280,0.00242,0.62299
CVE-2001-1281,0.00250,0.63064
CVE-2001-1282,0.00242,0.62299
CVE-2001-1283,0.01179,0.83588
CVE-2001-1284,0.00293,0.66059
CVE-2001-1285,0.00223,0.60656
CVE-2001-1286,0.00181,0.55359
CVE-2001-1287,0.00838,0.80290
CVE-2001-1288,0.00132,0.48094
CVE-2001-1289,0.01064,0.82648
CVE-2001-1290,0.01870,0.87161
CVE-2001-1291,0.03741,0.90947
CVE-2001-1292,0.00972,0.81775
CVE-2001-1293,0.01191,0.83676
CVE-2001-1294,0.01256,0.84163
CVE-2001-1295,0.00510,0.74172
CVE-2001-1296,0.00387,0.70508
CVE-2001-1297,0.01409,0.85116
CVE-2001-1298,0.00351,0.69028
CVE-2001-1299,0.01531,0.85756
CVE-2001-1300,0.03613,0.90787
CVE-2001-1301,0.00042,0.05722
CVE-2001-1302,0.00086,0.35780
CVE-2001-1303,0.01999,0.87676
CVE-2001-1304,0.00251,0.63120
CVE-2001-1305,0.00381,0.70264
CVE-2001-1306,0.01494,0.85540
CVE-2001-1307,0.02835,0.89701
CVE-2001-1308,0.07428,0.93480
CVE-2001-1309,0.02841,0.89714
CVE-2001-1310,0.03741,0.90948
CVE-2001-1311,0.02674,0.89413
CVE-2001-1312,0.02916,0.89819
CVE-2001-1313,0.01847,0.87076
CVE-2001-1314,0.05739,0.92630
CVE-2001-1315,0.09949,0.94354
CVE-2001-1316,0.05739,0.92630
CVE-2001-1317,0.04708,0.91863
CVE-2001-1318,0.08563,0.93886
CVE-2001-1319,0.02690,0.89445
CVE-2001-1320,0.45911,0.97113
CVE-2001-1321,0.00708,0.78374
CVE-2001-1322,0.00042,0.05722
CVE-2001-1323,0.02415,0.88880
CVE-2001-1324,0.00042,0.05722
CVE-2001-1325,0.03941,0.91159
CVE-2001-1326,0.01051,0.82500
CVE-2001-1327,0.00042,0.05722
CVE-2001-1328,0.03393,0.90523
CVE-2001-1329,0.00042,0.05722
CVE-2001-1330,0.00042,0.05722
CVE-2001-1331,0.00042,0.05722
CVE-2001-1332,0.06706,0.93181
CVE-2001-1333,0.00042,0.05722
CVE-2001-1334,0.01999,0.87676
CVE-2001-1335,0.04287,0.91487
CVE-2001-1336,0.01246,0.84098
CVE-2001-1337,0.00975,0.81798
CVE-2001-1338,0.01313,0.84551
CVE-2001-1339,0.07892,0.93653
CVE-2001-1340,0.02692,0.89447
CVE-2001-1341,0.01313,0.84551
CVE-2001-1342,0.01815,0.86917
CVE-2001-1343,0.02971,0.89898
CVE-2001-1344,0.02507,0.89071
CVE-2001-1345,0.00042,0.05722
CVE-2001-1346,0.00069,0.28607
CVE-2001-1347,0.00043,0.07631
CVE-2001-1348,0.00218,0.59816
CVE-2001-1349,0.00042,0.05722
CVE-2001-1350,0.00822,0.80086
CVE-2001-1351,0.01060,0.82581
CVE-2001-1352,0.01237,0.84038
CVE-2001-1353,0.00042,0.05722
CVE-2001-1354,0.00042,0.00438
CVE-2001-1355,0.00783,0.79556
CVE-2001-1356,0.01010,0.82126
CVE-2001-1357,0.00301,0.66468
CVE-2001-1358,0.00228,0.61076
CVE-2001-1359,0.00752,0.79092
CVE-2001-1360,0.00042,0.05722
CVE-2001-1361,0.00254,0.63435
CVE-2001-1362,0.00512,0.74224
CVE-2001-1363,0.00254,0.63435
CVE-2001-1364,0.00512,0.74224
CVE-2001-1365,0.00512,0.74224
CVE-2001-1366,0.00535,0.74794
CVE-2001-1367,0.01007,0.82102
CVE-2001-1368,0.00109,0.43847
CVE-2001-1369,0.00695,0.78177
CVE-2001-1370,0.25453,0.96279
CVE-2001-1371,0.91811,0.98735
CVE-2001-1372,0.10945,0.94625
CVE-2001-1373,0.00565,0.75465
CVE-2001-1374,0.00042,0.05722
CVE-2001-1375,0.00042,0.05722
CVE-2001-1376,0.03656,0.90840
CVE-2001-1377,0.00363,0.69553
CVE-2001-1378,0.00042,0.05722
CVE-2001-1379,0.00347,0.68839
CVE-2001-1380,0.04686,0.91845
CVE-2001-1382,0.00535,0.74794
CVE-2001-1383,0.00042,0.05722
CVE-2001-1384,0.00042,0.00438
CVE-2001-1385,0.00330,0.68105
CVE-2001-1386,0.00343,0.68642
CVE-2001-1387,0.00042,0.05722
CVE-2001-1388,0.00082,0.34097
CVE-2001-1389,0.08999,0.94049
CVE-2001-1390,0.00059,0.22933
CVE-2001-1391,0.00056,0.21208
CVE-2001-1392,0.00059,0.22933
CVE-2001-1393,0.00059,0.22933
CVE-2001-1394,0.00042,0.05722
CVE-2001-1395,0.00060,0.23400
CVE-2001-1396,0.00060,0.23400
CVE-2001-1397,0.00060,0.23400
CVE-2001-1398,0.01295,0.84445
CVE-2001-1399,0.00060,0.23400
CVE-2001-1400,0.00042,0.05722
CVE-2001-1401,0.01072,0.82712
CVE-2001-1402,0.00479,0.73324
CVE-2001-1403,0.00291,0.65929
CVE-2001-1404,0.00422,0.71688
CVE-2001-1405,0.00042,0.05722
CVE-2001-1406,0.00051,0.17104
CVE-2001-1407,0.00253,0.63240
CVE-2001-1408,0.01139,0.83260
CVE-2001-1409,0.00042,0.05722
CVE-2001-1410,0.11515,0.94761
CVE-2001-1411,0.00043,0.07410
CVE-2001-1412,0.00042,0.00438
CVE-2001-1413,0.05924,0.92739
CVE-2001-1414,0.03201,0.90248
CVE-2001-1415,0.00043,0.07527
CVE-2001-1416,0.00522,0.74472
CVE-2001-1417,0.02064,0.87892
CVE-2001-1418,0.02127,0.88107
CVE-2001-1419,0.03322,0.90422
CVE-2001-1420,0.02006,0.87708
CVE-2001-1421,0.02126,0.88088
CVE-2001-1422,0.00666,0.77610
CVE-2001-1423,0.01156,0.83396
CVE-2001-1424,0.01963,0.87534
CVE-2001-1425,0.01963,0.87534
CVE-2001-1426,0.02388,0.88822
CVE-2001-1427,0.01063,0.82643
CVE-2001-1428,0.03653,0.90836
CVE-2001-1429,0.00043,0.05864
CVE-2001-1430,0.02263,0.88524
CVE-2001-1431,0.00451,0.72552
CVE-2001-1432,0.01278,0.84311
CVE-2001-1433,0.01600,0.86078
CVE-2001-1434,0.00510,0.74172
CVE-2001-1435,0.00398,0.70925
CVE-2001-1436,0.00240,0.62142
CVE-2001-1437,0.01600,0.86078
CVE-2001-1438,0.01717,0.86543
CVE-2001-1439,0.00046,0.12664
CVE-2001-1440,0.02635,0.89334
CVE-2001-1441,0.00557,0.75285
CVE-2001-1442,0.00042,0.00438
CVE-2001-1443,0.00344,0.68698
CVE-2001-1444,0.00599,0.76177
CVE-2001-1445,0.00759,0.79216
CVE-2001-1446,0.01166,0.83475
CVE-2001-1447,0.00135,0.48649
CVE-2001-1448,0.00043,0.07527
CVE-2001-1449,0.00883,0.80788
CVE-2001-1450,0.00253,0.63255
CVE-2001-1451,0.02270,0.88541
CVE-2001-1452,0.01652,0.86299
CVE-2001-1453,0.01015,0.82164
CVE-2001-1454,0.01015,0.82164
CVE-2001-1455,0.00799,0.79817
CVE-2001-1456,0.02979,0.89909
CVE-2001-1457,0.01283,0.84369
CVE-2001-1458,0.01236,0.84024
CVE-2001-1459,0.00202,0.58251
CVE-2001-1460,0.00284,0.65439
CVE-2001-1461,0.00457,0.72717
CVE-2001-1462,0.00360,0.69408
CVE-2001-1463,0.00634,0.76922
CVE-2001-1464,0.00847,0.80392
CVE-2001-1465,0.00043,0.05864
CVE-2001-1466,0.03593,0.90762
CVE-2001-1467,0.00755,0.79145
CVE-2001-1468,0.01176,0.83574
CVE-2001-1469,0.00254,0.63440
CVE-2001-1470,0.00296,0.66186
CVE-2001-1471,0.00568,0.75510
CVE-2001-1472,0.00106,0.42910
CVE-2001-1473,0.00258,0.63616
CVE-2001-1474,0.00296,0.66186
CVE-2001-1475,0.00589,0.76004
CVE-2001-1476,0.00424,0.71745
CVE-2001-1477,0.00044,0.10161
CVE-2001-1478,0.00042,0.05722
CVE-2001-1479,0.00044,0.10704
CVE-2001-1480,0.01349,0.84762
CVE-2001-1481,0.01723,0.86567
CVE-2001-1482,0.00384,0.70391
CVE-2001-1483,0.00591,0.76043
CVE-2001-1484,0.00989,0.81951
CVE-2001-1487,0.00042,0.00438
CVE-2001-1488,0.00703,0.78284
CVE-2001-1489,0.17407,0.95658
CVE-2001-1490,0.01003,0.82072
CVE-2001-1491,0.01003,0.82072
CVE-2001-1494,0.00042,0.05722
CVE-2001-1495,0.01439,0.85270
CVE-2001-1496,0.04461,0.91635
CVE-2001-1497,0.00065,0.26763
CVE-2001-1498,0.00042,0.05722
CVE-2001-1499,0.00585,0.75897
CVE-2001-1500,0.00873,0.80667
CVE-2001-1501,0.06732,0.93196
CVE-2001-1502,0.20754,0.95977
CVE-2001-1503,0.00208,0.58747
CVE-2001-1504,0.04592,0.91752
CVE-2001-1505,0.00703,0.78284
CVE-2001-1506,0.00042,0.05722
CVE-2001-1507,0.03004,0.89941
CVE-2001-1508,0.00042,0.05722
CVE-2001-1509,0.00042,0.05722
CVE-2001-1510,0.01455,0.85359
CVE-2001-1511,0.00566,0.75475
CVE-2001-1512,0.00624,0.76737
CVE-2001-1513,0.01446,0.85316
CVE-2001-1514,0.00262,0.63987
CVE-2001-1515,0.11427,0.94744
CVE-2001-1516,0.00143,0.50108
CVE-2001-1517,0.02937,0.89848
CVE-2001-1518,0.00087,0.36042
CVE-2001-1519,0.00124,0.46781
CVE-2001-1520,0.00042,0.05722
CVE-2001-1521,0.00286,0.65576
CVE-2001-1522,0.00206,0.58589
CVE-2001-1523,0.00175,0.54703
CVE-2001-1524,0.00920,0.81221
CVE-2001-1525,0.01420,0.85162
CVE-2001-1526,0.00193,0.57237
CVE-2001-1527,0.00042,0.05722
CVE-2001-1528,0.03614,0.90789
CVE-2001-1529,0.00243,0.62388
CVE-2001-1530,0.00042,0.05754
CVE-2001-1531,0.03881,0.91103
CVE-2001-1532,0.00502,0.73964
CVE-2001-1533,0.06386,0.93000
CVE-2001-1534,0.00042,0.05722
CVE-2001-1535,0.00042,0.05722
CVE-2001-1536,0.00707,0.78365
CVE-2001-1537,0.00335,0.68333
CVE-2001-1538,0.01152,0.83368
CVE-2001-1539,0.01034,0.82345
CVE-2001-1540,0.00327,0.67918
CVE-2001-1541,0.00042,0.05722
CVE-2001-1542,0.02565,0.89178
CVE-2001-1543,0.01649,0.86288
CVE-2001-1544,0.00306,0.66761
CVE-2001-1545,0.00624,0.76737
CVE-2001-1546,0.00042,0.00438
CVE-2001-1547,0.06817,0.93236
CVE-2001-1548,0.00042,0.05722
CVE-2001-1549,0.00042,0.00438
CVE-2001-1550,0.00042,0.05722
CVE-2001-1551,0.00042,0.05722
CVE-2001-1552,0.02040,0.87819
CVE-2001-1553,0.00042,0.05722
CVE-2001-1554,0.00362,0.69518
CVE-2001-1555,0.00044,0.10704
CVE-2001-1556,0.00885,0.80814
CVE-2001-1557,0.00292,0.65991
CVE-2001-1558,0.00179,0.55187
CVE-2001-1559,0.00043,0.07477
CVE-2001-1560,0.00087,0.36042
CVE-2001-1561,0.00042,0.00438
CVE-2001-1562,0.00117,0.45564
CVE-2001-1563,0.00130,0.47844
CVE-2001-1564,0.00042,0.05722
CVE-2001-1565,0.00042,0.05722
CVE-2001-1566,0.02040,0.87815
CVE-2001-1567,0.00240,0.62123
CVE-2001-1568,0.00231,0.61323
CVE-2001-1569,0.00231,0.61323
CVE-2001-1570,0.00044,0.10532
CVE-2001-1571,0.01106,0.82988
CVE-2001-1572,0.01104,0.82970
CVE-2001-1573,0.01187,0.83647
CVE-2001-1574,0.01187,0.83647
CVE-2001-1575,0.01216,0.83880
CVE-2001-1576,0.00042,0.05722
CVE-2001-1577,0.00395,0.70807
CVE-2001-1578,0.00042,0.05722
CVE-2001-1579,0.00242,0.62316
CVE-2001-1580,0.02060,0.87880
CVE-2001-1581,0.00588,0.75964
CVE-2001-1582,0.00042,0.05763
CVE-2001-1583,0.19963,0.95918
CVE-2001-1584,0.00550,0.75142
CVE-2001-1585,0.00788,0.79655
CVE-2001-1586,0.01076,0.82755
CVE-2001-1587,0.01611,0.86138
CVE-2001-1593,0.00042,0.05722
CVE-2001-1594,0.00342,0.68637
CVE-2002-0001,0.01299,0.84471
CVE-2002-0002,0.01079,0.82769
CVE-2002-0003,0.01070,0.82698
CVE-2002-0004,0.00042,0.00438
CVE-2002-0005,0.15451,0.95413
CVE-2002-0006,0.08311,0.93802
CVE-2002-0007,0.01105,0.82985
CVE-2002-0008,0.00378,0.70143
CVE-2002-0009,0.01108,0.83008
CVE-2002-0010,0.01063,0.82643
CVE-2002-0011,0.13216,0.95070
CVE-2002-0012,0.95461,0.99246
CVE-2002-0013,0.95768,0.99313
CVE-2002-0014,0.01107,0.82995
CVE-2002-0017,0.04848,0.92000
CVE-2002-0018,0.03717,0.90915
CVE-2002-0020,0.03845,0.91064
CVE-2002-0021,0.03780,0.90993
CVE-2002-0022,0.09621,0.94260
CVE-2002-0023,0.00793,0.79747
CVE-2002-0024,0.00373,0.69956
CVE-2002-0025,0.03572,0.90734
CVE-2002-0026,0.00836,0.80270
CVE-2002-0027,0.01056,0.82548
CVE-2002-0028,0.07103,0.93362
CVE-2002-0029,0.93617,0.98940
CVE-2002-0030,0.00076,0.31257
CVE-2002-0031,0.01855,0.87103
CVE-2002-0032,0.04567,0.91723
CVE-2002-0033,0.19354,0.95862
CVE-2002-0034,0.00058,0.21573
CVE-2002-0036,0.06116,0.92844
CVE-2002-0037,0.01049,0.82486
CVE-2002-0038,0.01301,0.84480
CVE-2002-0039,0.00210,0.58955
CVE-2002-0040,0.00042,0.05722
CVE-2002-0041,0.00921,0.81239
CVE-2002-0042,0.00042,0.05722
CVE-2002-0043,0.00042,0.00438
CVE-2002-0044,0.00042,0.05722
CVE-2002-0045,0.00307,0.66847
CVE-2002-0046,0.00513,0.74247
CVE-2002-0047,0.00835,0.80259
CVE-2002-0048,0.91749,0.98728
CVE-2002-0049,0.00656,0.77359
CVE-2002-0050,0.02974,0.89903
CVE-2002-0051,0.00044,0.10351
CVE-2002-0052,0.24588,0.96230
CVE-2002-0053,0.26085,0.96313
CVE-2002-0054,0.01200,0.83744
CVE-2002-0055,0.96316,0.99446
CVE-2002-0056,0.09269,0.94141
CVE-2002-0057,0.02442,0.88948
CVE-2002-0058,0.00891,0.80902
CVE-2002-0059,0.42041,0.96990
CVE-2002-0060,0.01318,0.84581
CVE-2002-0061,0.10761,0.94588
CVE-2002-0062,0.00042,0.05722
CVE-2002-0063,0.01588,0.86028
CVE-2002-0064,0.00050,0.16807
CVE-2002-0065,0.00042,0.05722
CVE-2002-0066,0.00606,0.76349
CVE-2002-0067,0.00695,0.78171
CVE-2002-0068,0.43965,0.97051
CVE-2002-0069,0.03316,0.90415
CVE-2002-0070,0.07061,0.93346
CVE-2002-0071,0.09035,0.94059
CVE-2002-0072,0.10740,0.94584
CVE-2002-0073,0.96621,0.99553
CVE-2002-0074,0.08522,0.93876
CVE-2002-0075,0.06759,0.93206
CVE-2002-0076,0.00964,0.81690
CVE-2002-0077,0.02968,0.89893
CVE-2002-0078,0.74639,0.97889
CVE-2002-0079,0.96475,0.99495
CVE-2002-0080,0.00064,0.26279
CVE-2002-0081,0.93669,0.98949
CVE-2002-0082,0.43419,0.97033
CVE-2002-0083,0.00871,0.80646
CVE-2002-0084,0.54415,0.97358
CVE-2002-0085,0.02913,0.89816
CVE-2002-0086,0.00042,0.05722
CVE-2002-0087,0.00042,0.05722
CVE-2002-0088,0.00044,0.10704
CVE-2002-0089,0.00076,0.31404
CVE-2002-0090,0.00070,0.28769
CVE-2002-0091,0.02107,0.88037
CVE-2002-0092,0.00984,0.81889
CVE-2002-0093,0.00145,0.50415
CVE-2002-0094,0.01310,0.84528
CVE-2002-0095,0.02016,0.87734
CVE-2002-0096,0.00059,0.22933
CVE-2002-0097,0.00763,0.79269
CVE-2002-0098,0.00100,0.40977
CVE-2002-0099,0.01256,0.84163
CVE-2002-0100,0.00644,0.77133
CVE-2002-0101,0.00045,0.12341
CVE-2002-0102,0.02061,0.87883
CVE-2002-0103,0.00065,0.27014
CVE-2002-0104,0.00512,0.74220
CVE-2002-0105,0.00042,0.05722
CVE-2002-0106,0.01033,0.82324
CVE-2002-0107,0.00752,0.79083
CVE-2002-0108,0.01453,0.85347
CVE-2002-0109,0.01197,0.83730
CVE-2002-0110,0.00061,0.23967
CVE-2002-0111,0.02621,0.89305
CVE-2002-0112,0.02675,0.89415
CVE-2002-0113,0.00042,0.05722
CVE-2002-0114,0.00042,0.05722
CVE-2002-0115,0.01728,0.86586
CVE-2002-0116,0.01256,0.84163
CVE-2002-0117,0.09396,0.94184
CVE-2002-0118,0.02407,0.88864
CVE-2002-0119,0.00510,0.74183
CVE-2002-0120,0.00042,0.05722
CVE-2002-0121,0.00045,0.12297
CVE-2002-0122,0.00564,0.75440
CVE-2002-0123,0.02651,0.89362
CVE-2002-0124,0.00315,0.67236
CVE-2002-0125,0.00042,0.05722
CVE-2002-0126,0.06706,0.93181
CVE-2002-0127,0.00289,0.65768
CVE-2002-0128,0.09392,0.94182
CVE-2002-0129,0.00042,0.05722
CVE-2002-0130,0.00042,0.05722
CVE-2002-0131,0.00565,0.75465
CVE-2002-0132,0.00042,0.00438
CVE-2002-0133,0.08119,0.93742
CVE-2002-0134,0.01394,0.85044
CVE-2002-0135,0.03227,0.90286
CVE-2002-0136,0.00502,0.73970
CVE-2002-0137,0.00042,0.00438
CVE-2002-0138,0.00042,0.05722
CVE-2002-0139,0.00763,0.79269
CVE-2002-0140,0.00759,0.79215
CVE-2002-0141,0.00042,0.05722
CVE-2002-0142,0.06329,0.92967
CVE-2002-0143,0.00042,0.00438
CVE-2002-0144,0.00713,0.78490
CVE-2002-0145,0.01160,0.83426
CVE-2002-0146,0.00233,0.61495
CVE-2002-0147,0.21495,0.96030
CVE-2002-0148,0.36806,0.96809
CVE-2002-0149,0.21495,0.96030
CVE-2002-0150,0.94334,0.99043
CVE-2002-0151,0.00082,0.33957
CVE-2002-0152,0.04724,0.91875
CVE-2002-0153,0.08020,0.93707
CVE-2002-0154,0.06416,0.93018
CVE-2002-0155,0.09269,0.94141
CVE-2002-0157,0.00042,0.05722
CVE-2002-0158,0.00042,0.00438
CVE-2002-0159,0.02214,0.88385
CVE-2002-0160,0.00338,0.68478
CVE-2002-0162,0.00042,0.00438
CVE-2002-0163,0.22130,0.96066
CVE-2002-0164,0.00042,0.05722
CVE-2002-0165,0.00042,0.05722
CVE-2002-0166,0.01854,0.87101
CVE-2002-0167,0.00760,0.79228
CVE-2002-0168,0.00760,0.79228
CVE-2002-0169,0.00059,0.22933
CVE-2002-0170,0.00630,0.76858
CVE-2002-0171,0.00864,0.80578
CVE-2002-0172,0.00098,0.40489
CVE-2002-0173,0.00042,0.05722
CVE-2002-0174,0.00042,0.05722
CVE-2002-0175,0.00131,0.47911
CVE-2002-0176,0.00095,0.39677
CVE-2002-0177,0.11631,0.94793
CVE-2002-0178,0.00073,0.30142
CVE-2002-0179,0.04898,0.92036
CVE-2002-0180,0.05671,0.92596
CVE-2002-0181,0.01598,0.86066
CVE-2002-0184,0.00064,0.25825
CVE-2002-0185,0.02793,0.89630
CVE-2002-0186,0.93303,0.98909
CVE-2002-0187,0.00612,0.76472
CVE-2002-0188,0.03934,0.91155
CVE-2002-0189,0.17836,0.95711
CVE-2002-0190,0.04912,0.92046
CVE-2002-0191,0.03296,0.90393
CVE-2002-0193,0.06061,0.92802
CVE-2002-0196,0.00388,0.70532
CVE-2002-0197,0.00705,0.78340
CVE-2002-0198,0.04815,0.91979
CVE-2002-0199,0.02554,0.89160
CVE-2002-0200,0.01120,0.83112
CVE-2002-0201,0.04528,0.91690
CVE-2002-0202,0.00042,0.05722
CVE-2002-0203,0.00235,0.61676
CVE-2002-0204,0.04898,0.92036
CVE-2002-0205,0.00763,0.79269
CVE-2002-0206,0.04135,0.91352
CVE-2002-0207,0.08875,0.94010
CVE-2002-0208,0.00472,0.73118
CVE-2002-0209,0.00660,0.77476
CVE-2002-0210,0.00042,0.00438
CVE-2002-0211,0.00042,0.00438
CVE-2002-0212,0.00877,0.80733
CVE-2002-0213,0.00042,0.05722
CVE-2002-0214,0.00042,0.05722
CVE-2002-0215,0.00503,0.73978
CVE-2002-0216,0.00316,0.67383
CVE-2002-0217,0.01438,0.85260
CVE-2002-0218,0.00052,0.18046
CVE-2002-0219,0.00042,0.05722
CVE-2002-0220,0.00989,0.81954
CVE-2002-0221,0.00671,0.77733
CVE-2002-0222,0.00696,0.78183
CVE-2002-0223,0.00615,0.76548
CVE-2002-0224,0.06175,0.92883
CVE-2002-0225,0.00042,0.05722
CVE-2002-0226,0.01254,0.84150
CVE-2002-0227,0.03817,0.91033
CVE-2002-0228,0.00845,0.80370
CVE-2002-0229,0.00391,0.70649
CVE-2002-0230,0.01603,0.86109
CVE-2002-0231,0.01028,0.82268
CVE-2002-0232,0.00510,0.74172
CVE-2002-0233,0.00315,0.67236
CVE-2002-0234,0.00059,0.22933
CVE-2002-0235,0.00333,0.68267
CVE-2002-0236,0.03475,0.90629
CVE-2002-0237,0.09169,0.94105
CVE-2002-0238,0.00865,0.80584
CVE-2002-0239,0.00042,0.00438
CVE-2002-0240,0.00497,0.73801
CVE-2002-0241,0.00338,0.68461
CVE-2002-0242,0.01255,0.84154
CVE-2002-0243,0.00727,0.78723
CVE-2002-0244,0.01000,0.82047
CVE-2002-0245,0.00877,0.80733
CVE-2002-0246,0.00042,0.00438
CVE-2002-0247,0.00042,0.05722
CVE-2002-0248,0.00042,0.05722
CVE-2002-0249,0.01945,0.87478
CVE-2002-0250,0.02162,0.88243
CVE-2002-0251,0.06851,0.93252
CVE-2002-0252,0.00734,0.78836
CVE-2002-0253,0.00626,0.76790
CVE-2002-0254,0.00271,0.64575
CVE-2002-0255,0.01010,0.82126
CVE-2002-0256,0.03340,0.90445
CVE-2002-0257,0.05872,0.92707
CVE-2002-0258,0.00513,0.74243
CVE-2002-0259,0.00042,0.05722
CVE-2002-0260,0.06706,0.93181
CVE-2002-0261,0.00472,0.73103
CVE-2002-0262,0.00359,0.69389
CVE-2002-0263,0.03408,0.90547
CVE-2002-0264,0.01246,0.84098
CVE-2002-0265,0.00042,0.00438
CVE-2002-0266,0.01930,0.87431
CVE-2002-0267,0.00877,0.80733
CVE-2002-0268,0.00251,0.63118
CVE-2002-0269,0.01194,0.83705
CVE-2002-0270,0.00110,0.43987
CVE-2002-0271,0.00042,0.05722
CVE-2002-0272,0.04721,0.91873
CVE-2002-0273,0.01277,0.84305
CVE-2002-0274,0.00042,0.05722
CVE-2002-0275,0.00319,0.67506
CVE-2002-0276,0.15433,0.95412
CVE-2002-0277,0.01060,0.82576
CVE-2002-0278,0.00817,0.80015
CVE-2002-0279,0.00044,0.08101
CVE-2002-0280,0.02366,0.88770
CVE-2002-0281,0.00741,0.78926
CVE-2002-0282,0.00691,0.78105
CVE-2002-0283,0.04563,0.91721
CVE-2002-0284,0.00186,0.55927
CVE-2002-0285,0.01966,0.87539
CVE-2002-0286,0.01221,0.83919
CVE-2002-0287,0.00194,0.57327
CVE-2002-0288,0.01629,0.86216
CVE-2002-0289,0.04528,0.91690
CVE-2002-0290,0.05761,0.92643
CVE-2002-0291,0.03702,0.90902
CVE-2002-0292,0.00540,0.74895
CVE-2002-0293,0.00042,0.05722
CVE-2002-0294,0.00042,0.05722
CVE-2002-0295,0.00042,0.05722
CVE-2002-0296,0.00042,0.00438
CVE-2002-0297,0.00548,0.75112
CVE-2002-0298,0.00325,0.67816
CVE-2002-0299,0.00338,0.68475
CVE-2002-0300,0.01237,0.84033
CVE-2002-0301,0.00471,0.73079
CVE-2002-0302,0.00093,0.39094
CVE-2002-0303,0.00050,0.16885
CVE-2002-0304,0.00595,0.76116
CVE-2002-0305,0.00319,0.67544
CVE-2002-0306,0.00582,0.75835
CVE-2002-0307,0.08749,0.93970
CVE-2002-0308,0.00321,0.67639
CVE-2002-0309,0.00117,0.45627
CVE-2002-0310,0.01221,0.83919
CVE-2002-0311,0.02758,0.89576
CVE-2002-0312,0.00525,0.74527
CVE-2002-0313,0.03704,0.90902
CVE-2002-0314,0.00671,0.77733
CVE-2002-0315,0.00649,0.77241
CVE-2002-0316,0.02758,0.89576
CVE-2002-0317,0.00345,0.68736
CVE-2002-0318,0.00509,0.74129
CVE-2002-0319,0.03343,0.90451
CVE-2002-0320,0.15422,0.95411
CVE-2002-0321,0.01313,0.84551
CVE-2002-0322,0.01221,0.83919
CVE-2002-0323,0.00204,0.58421
CVE-2002-0324,0.00919,0.81213
CVE-2002-0325,0.94218,0.99021
CVE-2002-0326,0.00613,0.76496
CVE-2002-0327,0.00042,0.00438
CVE-2002-0328,0.02751,0.89564
CVE-2002-0329,0.11499,0.94758
CVE-2002-0330,0.04341,0.91537
CVE-2002-0331,0.02738,0.89535
CVE-2002-0332,0.39316,0.96916
CVE-2002-0333,0.01082,0.82804
CVE-2002-0334,0.00042,0.05722
CVE-2002-0335,0.01691,0.86442
CVE-2002-0336,0.01691,0.86442
CVE-2002-0337,0.00821,0.80063
CVE-2002-0338,0.01160,0.83430
CVE-2002-0339,0.00386,0.70483
CVE-2002-0340,0.00261,0.63922
CVE-2002-0341,0.00123,0.46597
CVE-2002-0342,0.00564,0.75440
CVE-2002-0343,0.00042,0.05722
CVE-2002-0344,0.00610,0.76424
CVE-2002-0345,0.00268,0.64415
CVE-2002-0346,0.04087,0.91313
CVE-2002-0347,0.00642,0.77093
CVE-2002-0348,0.01551,0.85844
CVE-2002-0349,0.00129,0.47594
CVE-2002-0350,0.00995,0.82010
CVE-2002-0351,0.03720,0.90923
CVE-2002-0352,0.00587,0.75951
CVE-2002-0353,0.00648,0.77189
CVE-2002-0354,0.00169,0.53929
CVE-2002-0355,0.00042,0.05722
CVE-2002-0356,0.00042,0.05722
CVE-2002-0357,0.00061,0.23858
CVE-2002-0358,0.00042,0.05722
CVE-2002-0359,0.02162,0.88243
CVE-2002-0360,0.03572,0.90734
CVE-2002-0362,0.03108,0.90109
CVE-2002-0363,0.00468,0.72992
CVE-2002-0364,0.93635,0.98943
CVE-2002-0366,0.00074,0.30692
CVE-2002-0367,0.00086,0.35533
CVE-2002-0368,0.00703,0.78290
CVE-2002-0369,0.05222,0.92283
CVE-2002-0370,0.04085,0.91309
CVE-2002-0371,0.58261,0.97449
CVE-2002-0372,0.01255,0.84157
CVE-2002-0373,0.00044,0.10351
CVE-2002-0374,0.01161,0.83435
CVE-2002-0375,0.01870,0.87161
CVE-2002-0376,0.02388,0.88821
CVE-2002-0377,0.00042,0.05722
CVE-2002-0378,0.00604,0.76297
CVE-2002-0379,0.32175,0.96622
CVE-2002-0380,0.07567,0.93523
CVE-2002-0381,0.00163,0.52939
CVE-2002-0382,0.01107,0.82995
CVE-2002-0384,0.12092,0.94893
CVE-2002-0385,0.00730,0.78780
CVE-2002-0386,0.91160,0.98664
CVE-2002-0387,0.02392,0.88827
CVE-2002-0388,0.01480,0.85464
CVE-2002-0389,0.00042,0.05722
CVE-2002-0391,0.18843,0.95808
CVE-2002-0392,0.76382,0.97935
CVE-2002-0393,0.02663,0.89381
CVE-2002-0394,0.00182,0.55533
CVE-2002-0395,0.00533,0.74737
CVE-2002-0396,0.00477,0.73256
CVE-2002-0397,0.00228,0.61082
CVE-2002-0398,0.00565,0.75461
CVE-2002-0399,0.05960,0.92753
CVE-2002-0400,0.06000,0.92778
CVE-2002-0401,0.02924,0.89829
CVE-2002-0402,0.02926,0.89832
CVE-2002-0403,0.00788,0.79617
CVE-2002-0404,0.00788,0.79617
CVE-2002-0405,0.09535,0.94230
CVE-2002-0406,0.03904,0.91129
CVE-2002-0407,0.00437,0.72154
CVE-2002-0408,0.00372,0.69898
CVE-2002-0409,0.18487,0.95766
CVE-2002-0410,0.00528,0.74629
CVE-2002-0411,0.00896,0.80946
CVE-2002-0412,0.09150,0.94099
CVE-2002-0413,0.03091,0.90083
CVE-2002-0414,0.00445,0.72376
CVE-2002-0415,0.00086,0.35716
CVE-2002-0416,0.02876,0.89766
CVE-2002-0417,0.01441,0.85285
CVE-2002-0418,0.02084,0.87963
CVE-2002-0419,0.02444,0.88953
CVE-2002-0420,0.00497,0.73791
CVE-2002-0421,0.97295,0.99847
CVE-2002-0422,0.01553,0.85857
CVE-2002-0423,0.03656,0.90842
CVE-2002-0424,0.00042,0.05722
CVE-2002-0425,0.00495,0.73749
CVE-2002-0426,0.00380,0.70224
CVE-2002-0427,0.00380,0.70224
CVE-2002-0428,0.00385,0.70424
CVE-2002-0429,0.00042,0.05722
CVE-2002-0430,0.00042,0.00438
CVE-2002-0431,0.03870,0.91087
CVE-2002-0432,0.02826,0.89685
CVE-2002-0433,0.00472,0.73118
CVE-2002-0434,0.01184,0.83630
CVE-2002-0435,0.00042,0.05722
CVE-2002-0436,0.01691,0.86440
CVE-2002-0437,0.01939,0.87458
CVE-2002-0438,0.01107,0.82992
CVE-2002-0439,0.00838,0.80289
CVE-2002-0440,0.00734,0.78831
CVE-2002-0441,0.00914,0.81148
CVE-2002-0442,0.00042,0.05722
CVE-2002-0443,0.00045,0.12069
CVE-2002-0444,0.01380,0.84971
CVE-2002-0445,0.00498,0.73820
CVE-2002-0446,0.00342,0.68630
CVE-2002-0447,0.00470,0.73060
CVE-2002-0448,0.01191,0.83679
CVE-2002-0449,0.07052,0.93341
CVE-2002-0450,0.04815,0.91979
CVE-2002-0451,0.05615,0.92564
CVE-2002-0452,0.00401,0.70979
CVE-2002-0453,0.00649,0.77241
CVE-2002-0454,0.04269,0.91471
CVE-2002-0455,0.00193,0.57167
CVE-2002-0456,0.00241,0.62172
CVE-2002-0457,0.00496,0.73778
CVE-2002-0458,0.01276,0.84296
CVE-2002-0459,0.00503,0.73986
CVE-2002-0460,0.00806,0.79907
CVE-2002-0461,0.02876,0.89765
CVE-2002-0462,0.01408,0.85110
CVE-2002-0463,0.00368,0.69774
CVE-2002-0464,0.01000,0.82043
CVE-2002-0465,0.00852,0.80447
CVE-2002-0466,0.00690,0.78087
CVE-2002-0467,0.09956,0.94357
CVE-2002-0468,0.00042,0.00438
CVE-2002-0469,0.00042,0.05722
CVE-2002-0470,0.00042,0.05722
CVE-2002-0471,0.01216,0.83865
CVE-2002-0472,0.00534,0.74750
CVE-2002-0473,0.11012,0.94640
CVE-2002-0474,0.00721,0.78632
CVE-2002-0475,0.00859,0.80521
CVE-2002-0476,0.00340,0.68532
CVE-2002-0477,0.01060,0.82614
CVE-2002-0478,0.00332,0.68213
CVE-2002-0479,0.00042,0.05722
CVE-2002-0480,0.01238,0.84049
CVE-2002-0481,0.00469,0.73028
CVE-2002-0482,0.00291,0.65877
CVE-2002-0483,0.02857,0.89739
CVE-2002-0484,0.01010,0.82124
CVE-2002-0485,0.00293,0.66067
CVE-2002-0486,0.00042,0.00438
CVE-2002-0487,0.00042,0.05722
CVE-2002-0488,0.01891,0.87266
CVE-2002-0489,0.01886,0.87242
CVE-2002-0490,0.00705,0.78340
CVE-2002-0491,0.00648,0.77188
CVE-2002-0492,0.00779,0.79521
CVE-2002-0493,0.00253,0.63250
CVE-2002-0494,0.00850,0.80426
CVE-2002-0495,0.02247,0.88472
CVE-2002-0496,0.00758,0.79188
CVE-2002-0497,0.00042,0.05722
CVE-2002-0498,0.00042,0.05722
CVE-2002-0499,0.00042,0.00438
CVE-2002-0500,0.00577,0.75734
CVE-2002-0501,0.00374,0.69981
CVE-2002-0502,0.01577,0.85984
CVE-2002-0503,0.00558,0.75300
CVE-2002-0504,0.01890,0.87261
CVE-2002-0505,0.00597,0.76146
CVE-2002-0506,0.00084,0.34924
CVE-2002-0507,0.07172,0.93390
CVE-2002-0508,0.00941,0.81436
CVE-2002-0509,0.02612,0.89280
CVE-2002-0510,0.00311,0.67034
CVE-2002-0511,0.00605,0.76320
CVE-2002-0512,0.00042,0.05722
CVE-2002-0513,0.00705,0.78340
CVE-2002-0514,0.00878,0.80742
CVE-2002-0515,0.00878,0.80742
CVE-2002-0516,0.02622,0.89306
CVE-2002-0517,0.00043,0.07323
CVE-2002-0518,0.01204,0.83781
CVE-2002-0520,0.01219,0.83900
CVE-2002-0521,0.01611,0.86142
CVE-2002-0522,0.00447,0.72414
CVE-2002-0523,0.00574,0.75653
CVE-2002-0524,0.00545,0.75043
CVE-2002-0525,0.00352,0.69062
CVE-2002-0526,0.00042,0.05722
CVE-2002-0527,0.01315,0.84568
CVE-2002-0528,0.00536,0.74804
CVE-2002-0529,0.00042,0.05722
CVE-2002-0530,0.00218,0.59815
CVE-2002-0531,0.00321,0.67619
CVE-2002-0532,0.00042,0.05722
CVE-2002-0533,0.01422,0.85169
CVE-2002-0534,0.00564,0.75440
CVE-2002-0535,0.04741,0.91892
CVE-2002-0536,0.00445,0.72364
CVE-2002-0537,0.00649,0.77241
CVE-2002-0538,0.00182,0.55563
CVE-2002-0539,0.00445,0.72364
CVE-2002-0540,0.06245,0.92921
CVE-2002-0541,0.02982,0.89913
CVE-2002-0542,0.00042,0.00438
CVE-2002-0543,0.00287,0.65639
CVE-2002-0544,0.00042,0.05722
CVE-2002-0545,0.00528,0.74612
CVE-2002-0546,0.01056,0.82546
CVE-2002-0547,0.02826,0.89685
CVE-2002-0548,0.00694,0.78142
CVE-2002-0549,0.01010,0.82126
CVE-2002-0550,0.01886,0.87242
CVE-2002-0551,0.01886,0.87242
CVE-2002-0552,0.00042,0.00438
CVE-2002-0553,0.02919,0.89822
CVE-2002-0554,0.00205,0.58542
CVE-2002-0555,0.00790,0.79693
CVE-2002-0556,0.02084,0.87963
CVE-2002-0557,0.00333,0.68267
CVE-2002-0558,0.00590,0.76015
CVE-2002-0559,0.03173,0.90195
CVE-2002-0560,0.84957,0.98278
CVE-2002-0561,0.85804,0.98314
CVE-2002-0562,0.78132,0.97986
CVE-2002-0563,0.94119,0.99007
CVE-2002-0564,0.00955,0.81599
CVE-2002-0565,0.01517,0.85686
CVE-2002-0566,0.01696,0.86454
CVE-2002-0567,0.06889,0.93270
CVE-2002-0568,0.93826,0.98969
CVE-2002-0569,0.01997,0.87660
CVE-2002-0570,0.00042,0.05722
CVE-2002-0571,0.00062,0.24501
CVE-2002-0572,0.00042,0.00438
CVE-2002-0573,0.82733,0.98177
CVE-2002-0574,0.00644,0.77127
CVE-2002-0575,0.00043,0.07520
CVE-2002-0576,0.01759,0.86698
CVE-2002-0577,0.00045,0.12245
CVE-2002-0578,0.00872,0.80657
CVE-2002-0579,0.00615,0.76546
CVE-2002-0580,0.00615,0.76546
CVE-2002-0581,0.00752,0.79092
CVE-2002-0582,0.00308,0.66898
CVE-2002-0583,0.00308,0.66898
CVE-2002-0584,0.00333,0.68284
CVE-2002-0585,0.00279,0.65110
CVE-2002-0586,0.01787,0.86803
CVE-2002-0587,0.03720,0.90923
CVE-2002-0588,0.03007,0.89945
CVE-2002-0589,0.04660,0.91815
CVE-2002-0590,0.02407,0.88864
CVE-2002-0591,0.04582,0.91739
CVE-2002-0592,0.01001,0.82053
CVE-2002-0593,0.01285,0.84386
CVE-2002-0594,0.01207,0.83808
CVE-2002-0595,0.03116,0.90121
CVE-2002-0596,0.00314,0.67215
CVE-2002-0597,0.94918,0.99138
CVE-2002-0598,0.08615,0.93921
CVE-2002-0599,0.30131,0.96532
CVE-2002-0600,0.00841,0.80330
CVE-2002-0601,0.01301,0.84480
CVE-2002-0602,0.02416,0.88884
CVE-2002-0603,0.01301,0.84480
CVE-2002-0604,0.01301,0.84480
CVE-2002-0605,0.24884,0.96247
CVE-2002-0606,0.01751,0.86675
CVE-2002-0607,0.00803,0.79874
CVE-2002-0608,0.00983,0.81869
CVE-2002-0609,0.00195,0.57480
CVE-2002-0610,0.01374,0.84934
CVE-2002-0611,0.04964,0.92081
CVE-2002-0612,0.01041,0.82412
CVE-2002-0613,0.05761,0.92643
CVE-2002-0614,0.00328,0.67948
CVE-2002-0615,0.03087,0.90069
CVE-2002-0616,0.03179,0.90207
CVE-2002-0617,0.02625,0.89314
CVE-2002-0618,0.06468,0.93048
CVE-2002-0619,0.02279,0.88565
CVE-2002-0620,0.05883,0.92712
CVE-2002-0621,0.08741,0.93969
CVE-2002-0622,0.05675,0.92600
CVE-2002-0623,0.06498,0.93067
CVE-2002-0624,0.08135,0.93746
CVE-2002-0626,0.00479,0.73327
CVE-2002-0627,0.00496,0.73769
CVE-2002-0628,0.00605,0.76336
CVE-2002-0629,0.01301,0.84480
CVE-2002-0630,0.01444,0.85308
CVE-2002-0631,0.00042,0.05722
CVE-2002-0632,0.00356,0.69222
CVE-2002-0637,0.00997,0.82024
CVE-2002-0638,0.00355,0.69187
CVE-2002-0639,0.78469,0.98001
CVE-2002-0640,0.40316,0.96937
CVE-2002-0641,0.03363,0.90480
CVE-2002-0642,0.97424,0.99931
CVE-2002-0643,0.00060,0.23657
CVE-2002-0644,0.00372,0.69903
CVE-2002-0645,0.00145,0.50302
CVE-2002-0647,0.10962,0.94629
CVE-2002-0648,0.14644,0.95285
CVE-2002-0649,0.96317,0.99446
CVE-2002-0650,0.09831,0.94313
CVE-2002-0651,0.02553,0.89159
CVE-2002-0652,0.06414,0.93016
CVE-2002-0653,0.00063,0.25033
CVE-2002-0654,0.13208,0.95068
CVE-2002-0655,0.22421,0.96090
CVE-2002-0656,0.97258,0.99822
CVE-2002-0657,0.03895,0.91117
CVE-2002-0658,0.00067,0.27694
CVE-2002-0659,0.01185,0.83637
CVE-2002-0660,0.02361,0.88757
CVE-2002-0661,0.95962,0.99352
CVE-2002-0662,0.00042,0.05722
CVE-2002-0663,0.01192,0.83684
CVE-2002-0664,0.00668,0.77678
CVE-2002-0665,0.01972,0.87571
CVE-2002-0666,0.04626,0.91776
CVE-2002-0667,0.01177,0.83576
CVE-2002-0668,0.00477,0.73254
CVE-2002-0669,0.00115,0.45183
CVE-2002-0670,0.01160,0.83426
CVE-2002-0671,0.00486,0.73527
CVE-2002-0672,0.00160,0.52578
CVE-2002-0673,0.00160,0.52578
CVE-2002-0674,0.00179,0.55188
CVE-2002-0675,0.00059,0.22933
CVE-2002-0676,0.11152,0.94678
CVE-2002-0677,0.00789,0.79689
CVE-2002-0678,0.00742,0.78940
CVE-2002-0679,0.02229,0.88427
CVE-2002-0680,0.01950,0.87494
CVE-2002-0681,0.06974,0.93313
CVE-2002-0682,0.01470,0.85428
CVE-2002-0683,0.02772,0.89595
CVE-2002-0684,0.01246,0.84099
CVE-2002-0685,0.01502,0.85609
CVE-2002-0686,0.06804,0.93231
CVE-2002-0687,0.00371,0.69871
CVE-2002-0688,0.00394,0.70773
CVE-2002-0690,0.06095,0.92835
CVE-2002-0691,0.01351,0.84776
CVE-2002-0692,0.03161,0.90180
CVE-2002-0693,0.88902,0.98496
CVE-2002-0694,0.04003,0.91206
CVE-2002-0695,0.07383,0.93463
CVE-2002-0696,0.00724,0.78674
CVE-2002-0697,0.01097,0.82923
CVE-2002-0698,0.05470,0.92476
CVE-2002-0699,0.01252,0.84130
CVE-2002-0700,0.01273,0.84274
CVE-2002-0701,0.00062,0.24477
CVE-2002-0702,0.20261,0.95941
CVE-2002-0703,0.00372,0.69904
CVE-2002-0704,0.02006,0.87709
CVE-2002-0705,0.01425,0.85191
CVE-2002-0706,0.01238,0.84049
CVE-2002-0707,0.01179,0.83600
CVE-2002-0708,0.01608,0.86130
CVE-2002-0709,0.00323,0.67734
CVE-2002-0710,0.01463,0.85402
CVE-2002-0711,0.01283,0.84369
CVE-2002-0712,0.00060,0.23628
CVE-2002-0713,0.16193,0.95506
CVE-2002-0714,0.00707,0.78366
CVE-2002-0715,0.00798,0.79806
CVE-2002-0716,0.00084,0.34808
CVE-2002-0717,0.02851,0.89731
CVE-2002-0718,0.01279,0.84311
CVE-2002-0719,0.00193,0.57168
CVE-2002-0720,0.00044,0.10351
CVE-2002-0721,0.06156,0.92874
CVE-2002-0722,0.06201,0.92896
CVE-2002-0723,0.30711,0.96559
CVE-2002-0724,0.14235,0.95230
CVE-2002-0725,0.00044,0.10351
CVE-2002-0726,0.05083,0.92188
CVE-2002-0727,0.00953,0.81583
CVE-2002-0728,0.00410,0.71282
CVE-2002-0729,0.00817,0.80019
CVE-2002-0730,0.03091,0.90083
CVE-2002-0731,0.03091,0.90083
CVE-2002-0732,0.03091,0.90083
CVE-2002-0733,0.10782,0.94593
CVE-2002-0734,0.04396,0.91583
CVE-2002-0735,0.05940,0.92746
CVE-2002-0736,0.01038,0.82382
CVE-2002-0737,0.05001,0.92113
CVE-2002-0738,0.01127,0.83165
CVE-2002-0739,0.00649,0.77241
CVE-2002-0740,0.00042,0.00438
CVE-2002-0741,0.02099,0.88019
CVE-2002-0742,0.00279,0.65135
CVE-2002-0743,0.00279,0.65135
CVE-2002-0744,0.00279,0.65135
CVE-2002-0745,0.00279,0.65135
CVE-2002-0746,0.00279,0.65135
CVE-2002-0747,0.00446,0.72387
CVE-2002-0748,0.01637,0.86244
CVE-2002-0749,0.02821,0.89677
CVE-2002-0750,0.02249,0.88478
CVE-2002-0751,0.01403,0.85089
CVE-2002-0752,0.03291,0.90380
CVE-2002-0753,0.06468,0.93047
CVE-2002-0754,0.00052,0.18252
CVE-2002-0755,0.00059,0.22933
CVE-2002-0756,0.00615,0.76546
CVE-2002-0757,0.00468,0.73017
CVE-2002-0758,0.01820,0.86941
CVE-2002-0759,0.00155,0.51846
CVE-2002-0760,0.00042,0.05722
CVE-2002-0761,0.00051,0.17104
CVE-2002-0762,0.00042,0.05722
CVE-2002-0763,0.00352,0.69047
CVE-2002-0764,0.81837,0.98127
CVE-2002-0765,0.00479,0.73327
CVE-2002-0766,0.00061,0.24110
CVE-2002-0767,0.00114,0.44967
CVE-2002-0768,0.00399,0.70948
CVE-2002-0769,0.00361,0.69474
CVE-2002-0770,0.04373,0.91561
CVE-2002-0771,0.01501,0.85596
CVE-2002-0772,0.02318,0.88655
CVE-2002-0773,0.02093,0.88001
CVE-2002-0774,0.00696,0.78183
CVE-2002-0775,0.01708,0.86501
CVE-2002-0776,0.01091,0.82871
CVE-2002-0777,0.04735,0.91884
CVE-2002-0778,0.00669,0.77690
CVE-2002-0779,0.00762,0.79247
CVE-2002-0780,0.00704,0.78312
CVE-2002-0781,0.00493,0.73705
CVE-2002-0782,0.00502,0.73972
CVE-2002-0783,0.03343,0.90451
CVE-2002-0784,0.00347,0.68829
CVE-2002-0785,0.01896,0.87297
CVE-2002-0786,0.00290,0.65863
CVE-2002-0787,0.03151,0.90164
CVE-2002-0788,0.00042,0.05722
CVE-2002-0789,0.09698,0.94276
CVE-2002-0790,0.00042,0.05722
CVE-2002-0791,0.02376,0.88793
CVE-2002-0792,0.02519,0.89104
CVE-2002-0793,0.00152,0.51363
CVE-2002-0794,0.00931,0.81335
CVE-2002-0795,0.00042,0.05722
CVE-2002-0796,0.03164,0.90184
CVE-2002-0797,0.00650,0.77253
CVE-2002-0798,0.00042,0.05722
CVE-2002-0799,0.04367,0.91555
CVE-2002-0800,0.00253,0.63249
CVE-2002-0801,0.17401,0.95656
CVE-2002-0802,0.00264,0.64137
CVE-2002-0803,0.00858,0.80516
CVE-2002-0804,0.00643,0.77115
CVE-2002-0805,0.00042,0.05722
CVE-2002-0806,0.00051,0.17147
CVE-2002-0807,0.00804,0.79877
CVE-2002-0808,0.00527,0.74581
CVE-2002-0809,0.00433,0.71981
CVE-2002-0810,0.00675,0.77791
CVE-2002-0811,0.00222,0.60591
CVE-2002-0812,0.00337,0.68409
CVE-2002-0813,0.02991,0.89922
CVE-2002-0814,0.13657,0.95140
CVE-2002-0815,0.00424,0.71730
CVE-2002-0816,0.00044,0.08107
CVE-2002-0817,0.00042,0.00438
CVE-2002-0818,0.08928,0.94028
CVE-2002-0819,0.00075,0.30794
CVE-2002-0820,0.00042,0.05722
CVE-2002-0821,0.08120,0.93742
CVE-2002-0822,0.01001,0.82055
CVE-2002-0823,0.62412,0.97563
CVE-2002-0824,0.00042,0.00438
CVE-2002-0825,0.01409,0.85116
CVE-2002-0826,0.06662,0.93158
CVE-2002-0827,0.00042,0.05722
CVE-2002-0829,0.00042,0.05722
CVE-2002-0830,0.01536,0.85779
CVE-2002-0831,0.00042,0.05722
CVE-2002-0832,0.00999,0.82040
CVE-2002-0833,0.07953,0.93685
CVE-2002-0834,0.01364,0.84875
CVE-2002-0835,0.03766,0.90981
CVE-2002-0836,0.01139,0.83257
CVE-2002-0837,0.09162,0.94104
CVE-2002-0838,0.00281,0.65250
CVE-2002-0839,0.00087,0.36461
CVE-2002-0840,0.97141,0.99759
CVE-2002-0842,0.02362,0.88761
CVE-2002-0843,0.00361,0.69481
CVE-2002-0844,0.00042,0.05722
CVE-2002-0845,0.05159,0.92239
CVE-2002-0846,0.08767,0.93975
CVE-2002-0847,0.01891,0.87266
CVE-2002-0848,0.00155,0.51867
CVE-2002-0849,0.00042,0.05722
CVE-2002-0850,0.04768,0.91929
CVE-2002-0851,0.00042,0.00438
CVE-2002-0852,0.00162,0.52817
CVE-2002-0853,0.01161,0.83432
CVE-2002-0854,0.00042,0.05722
CVE-2002-0855,0.08266,0.93791
CVE-2002-0856,0.00523,0.74497
CVE-2002-0857,0.00835,0.80261
CVE-2002-0858,0.00930,0.81332
CVE-2002-0859,0.18318,0.95746
CVE-2002-0860,0.02489,0.89041
CVE-2002-0861,0.00735,0.78852
CVE-2002-0862,0.03435,0.90583
CVE-2002-0863,0.02008,0.87716
CVE-2002-0864,0.05665,0.92592
CVE-2002-0865,0.00861,0.80551
CVE-2002-0866,0.16897,0.95588
CVE-2002-0867,0.01115,0.83060
CVE-2002-0869,0.06179,0.92888
CVE-2002-0870,0.00314,0.67214
CVE-2002-0871,0.00059,0.22933
CVE-2002-0872,0.01238,0.84049
CVE-2002-0873,0.00587,0.75951
CVE-2002-0874,0.00899,0.80990
CVE-2002-0875,0.00078,0.32334
CVE-2002-0876,0.03224,0.90272
CVE-2002-0877,0.00903,0.81038
CVE-2002-0878,0.00315,0.67297
CVE-2002-0879,0.00550,0.75154
CVE-2002-0880,0.00186,0.55916
CVE-2002-0881,0.00099,0.40669
CVE-2002-0882,0.01464,0.85405
CVE-2002-0883,0.00050,0.16807
CVE-2002-0884,0.03561,0.90720
CVE-2002-0885,0.03572,0.90734
CVE-2002-0886,0.02748,0.89558
CVE-2002-0887,0.00042,0.00438
CVE-2002-0888,0.00626,0.76783
CVE-2002-0889,0.00042,0.05722
CVE-2002-0891,0.01094,0.82885
CVE-2002-0892,0.01069,0.82697
CVE-2002-0893,0.00624,0.76747
CVE-2002-0894,0.01160,0.83430
CVE-2002-0895,0.02177,0.88282
CVE-2002-0896,0.00207,0.58722
CVE-2002-0897,0.02654,0.89368
CVE-2002-0898,0.00686,0.78014
CVE-2002-0899,0.00644,0.77122
CVE-2002-0900,0.02844,0.89722
CVE-2002-0901,0.02273,0.88547
CVE-2002-0902,0.02491,0.89045
CVE-2002-0903,0.00703,0.78276
CVE-2002-0904,0.01350,0.84766
CVE-2002-0905,0.00042,0.00438
CVE-2002-0906,0.05800,0.92663
CVE-2002-0907,0.01827,0.86975
CVE-2002-0908,0.00990,0.81958
CVE-2002-0909,0.00042,0.05753
CVE-2002-0910,0.01157,0.83400
CVE-2002-0911,0.00042,0.05722
CVE-2002-0912,0.00563,0.75420
CVE-2002-0913,0.00560,0.75323
CVE-2002-0914,0.01301,0.84480
CVE-2002-0915,0.00042,0.05722
CVE-2002-0916,0.03847,0.91066
CVE-2002-0917,0.01121,0.83118
CVE-2002-0918,0.88075,0.98443
CVE-2002-0919,0.01322,0.84600
CVE-2002-0920,0.00362,0.69524
CVE-2002-0921,0.00942,0.81448
CVE-2002-0922,0.01785,0.86793
CVE-2002-0923,0.02420,0.88898
CVE-2002-0924,0.01534,0.85764
CVE-2002-0925,0.09270,0.94142
CVE-2002-0926,0.03471,0.90624
CVE-2002-0928,0.01792,0.86820
CVE-2002-0929,0.00874,0.80677
CVE-2002-0930,0.00874,0.80677
CVE-2002-0931,0.04576,0.91733
CVE-2002-0932,0.00260,0.63850
CVE-2002-0933,0.00696,0.78183
CVE-2002-0934,0.00342,0.68626
CVE-2002-0935,0.02421,0.88899
CVE-2002-0936,0.00166,0.53287
CVE-2002-0937,0.00665,0.77595
CVE-2002-0938,0.02287,0.88583
CVE-2002-0939,0.00050,0.16807
CVE-2002-0940,0.00050,0.16807
CVE-2002-0941,0.00052,0.18252
CVE-2002-0942,0.01276,0.84297
CVE-2002-0943,0.00441,0.72254
CVE-2002-0944,0.01024,0.82242
CVE-2002-0945,0.05387,0.92411
CVE-2002-0946,0.01557,0.85878
CVE-2002-0947,0.07686,0.93555
CVE-2002-0948,0.06352,0.92983
CVE-2002-0949,0.03343,0.90451
CVE-2002-0950,0.01925,0.87411
CVE-2002-0951,0.00217,0.59769
CVE-2002-0952,0.00646,0.77154
CVE-2002-0953,0.03501,0.90654
CVE-2002-0954,0.00262,0.63978
CVE-2002-0955,0.03091,0.90083
CVE-2002-0956,0.00241,0.62200
CVE-2002-0957,0.00252,0.63169
CVE-2002-0958,0.00705,0.78340
CVE-2002-0959,0.02407,0.88864
CVE-2002-0960,0.00943,0.81463
CVE-2002-0961,0.00293,0.66005
CVE-2002-0962,0.04890,0.92031
CVE-2002-0963,0.00244,0.62426
CVE-2002-0964,0.03340,0.90445
CVE-2002-0965,0.95009,0.99149
CVE-2002-0966,0.03720,0.90923
CVE-2002-0967,0.03872,0.91089
CVE-2002-0968,0.17058,0.95606
CVE-2002-0969,0.00064,0.26142
CVE-2002-0970,0.01134,0.83213
CVE-2002-0971,0.00042,0.05722
CVE-2002-0972,0.00075,0.30784
CVE-2002-0973,0.00050,0.16807
CVE-2002-0974,0.02370,0.88778
CVE-2002-0975,0.01498,0.85561
CVE-2002-0976,0.95055,0.99154
CVE-2002-0977,0.01504,0.85615
CVE-2002-0978,0.00149,0.51006
CVE-2002-0979,0.13226,0.95073
CVE-2002-0980,0.74677,0.97891
CVE-2002-0981,0.00042,0.05722
CVE-2002-0982,0.00306,0.66748
CVE-2002-0983,0.00806,0.79907
CVE-2002-0984,0.02638,0.89340
CVE-2002-0985,0.00979,0.81842
CVE-2002-0986,0.02830,0.89695
CVE-2002-0987,0.00042,0.00438
CVE-2002-0988,0.00649,0.77239
CVE-2002-0989,0.02180,0.88292
CVE-2002-0990,0.00182,0.55564
CVE-2002-0991,0.00042,0.00438
CVE-2002-0992,0.00050,0.16807
CVE-2002-0993,0.00050,0.16807
CVE-2002-0994,0.00985,0.81893
CVE-2002-0995,0.03741,0.90947
CVE-2002-0996,0.04532,0.91694
CVE-2002-0997,0.00704,0.78312
CVE-2002-0998,0.01333,0.84666
CVE-2002-0999,0.00164,0.53038
CVE-2002-1000,0.05387,0.92411
CVE-2002-1001,0.19587,0.95883
CVE-2002-1002,0.00602,0.76236
CVE-2002-1003,0.04931,0.92060
CVE-2002-1004,0.02471,0.89007
CVE-2002-1005,0.00269,0.64470
CVE-2002-1006,0.00687,0.78029
CVE-2002-1007,0.03091,0.90083
CVE-2002-1008,0.03091,0.90083
CVE-2002-1009,0.03091,0.90083
CVE-2002-1010,0.00407,0.71190
CVE-2002-1011,0.03005,0.89943
CVE-2002-1012,0.03005,0.89943
CVE-2002-1013,0.00042,0.00438
CVE-2002-1014,0.21372,0.96019
CVE-2002-1015,0.02684,0.89435
CVE-2002-1016,0.00113,0.44733
CVE-2002-1017,0.00063,0.25197
CVE-2002-1018,0.00857,0.80509
CVE-2002-1019,0.00452,0.72583
CVE-2002-1020,0.00452,0.72583
CVE-2002-1021,0.02171,0.88265
CVE-2002-1022,0.00831,0.80219
CVE-2002-1023,0.84604,0.98259
CVE-2002-1024,0.00923,0.81267
CVE-2002-1025,0.00674,0.77769
CVE-2002-1026,0.01169,0.83519
CVE-2002-1027,0.02385,0.88813
CVE-2002-1028,0.03199,0.90241
CVE-2002-1029,0.03199,0.90241
CVE-2002-1030,0.00785,0.79586
CVE-2002-1031,0.01000,0.82043
CVE-2002-1032,0.00998,0.82031
CVE-2002-1033,0.01922,0.87397
CVE-2002-1034,0.00870,0.80641
CVE-2002-1035,0.01094,0.82885
CVE-2002-1036,0.05454,0.92459
CVE-2002-1037,0.00574,0.75653
CVE-2002-1038,0.00420,0.71615
CVE-2002-1039,0.00397,0.70867
CVE-2002-1040,0.00171,0.54248
CVE-2002-1041,0.00292,0.65996
CVE-2002-1042,0.32045,0.96617
CVE-2002-1043,0.01160,0.83430
CVE-2002-1044,0.01831,0.86990
CVE-2002-1045,0.00521,0.74442
CVE-2002-1046,0.00521,0.74442
CVE-2002-1047,0.00723,0.78657
CVE-2002-1048,0.08038,0.93715
CVE-2002-1049,0.03156,0.90173
CVE-2002-1050,0.07205,0.93406
CVE-2002-1051,0.00052,0.18046
CVE-2002-1052,0.01736,0.86620
CVE-2002-1053,0.01034,0.82346
CVE-2002-1054,0.11518,0.94765
CVE-2002-1055,0.00975,0.81798
CVE-2002-1056,0.15174,0.95359
CVE-2002-1057,0.07957,0.93686
CVE-2002-1058,0.01832,0.86996
CVE-2002-1059,0.10709,0.94571
CVE-2002-1060,0.00645,0.77139
CVE-2002-1061,0.05062,0.92170
CVE-2002-1062,0.01925,0.87411
CVE-2002-1063,0.00975,0.81798
CVE-2002-1064,0.00472,0.73118
CVE-2002-1065,0.00831,0.80211
CVE-2002-1066,0.03720,0.90923
CVE-2002-1067,0.00671,0.77733
CVE-2002-1068,0.00973,0.81781
CVE-2002-1069,0.00165,0.53203
CVE-2002-1070,0.02725,0.89513
CVE-2002-1071,0.01457,0.85375
CVE-2002-1072,0.02706,0.89474
CVE-2002-1073,0.04367,0.91555
CVE-2002-1075,0.01792,0.86820
CVE-2002-1076,0.11604,0.94790
CVE-2002-1077,0.00975,0.81799
CVE-2002-1078,0.00308,0.66900
CVE-2002-1079,0.02257,0.88510
CVE-2002-1080,0.00859,0.80523
CVE-2002-1081,0.00674,0.77770
CVE-2002-1082,0.00414,0.71447
CVE-2002-1083,0.00555,0.75245
CVE-2002-1084,0.00962,0.81666
CVE-2002-1085,0.01160,0.83426
CVE-2002-1086,0.00196,0.57531
CVE-2002-1087,0.00170,0.53956
CVE-2002-1088,0.05255,0.92303
CVE-2002-1089,0.01542,0.85803
CVE-2002-1090,0.00365,0.69624
CVE-2002-1091,0.11553,0.94772
CVE-2002-1092,0.00428,0.71837
CVE-2002-1093,0.00823,0.80096
CVE-2002-1094,0.00727,0.78728
CVE-2002-1095,0.00823,0.80096
CVE-2002-1096,0.00428,0.71837
CVE-2002-1097,0.00370,0.69864
CVE-2002-1098,0.00428,0.71837
CVE-2002-1099,0.00422,0.71686
CVE-2002-1100,0.00867,0.80615
CVE-2002-1101,0.00483,0.73437
CVE-2002-1102,0.00823,0.80096
CVE-2002-1103,0.00209,0.58867
CVE-2002-1104,0.00823,0.80096
CVE-2002-1105,0.00042,0.05722
CVE-2002-1106,0.00360,0.69436
CVE-2002-1107,0.00428,0.71837
CVE-2002-1108,0.00283,0.65423
CVE-2002-1109,0.00052,0.18252
CVE-2002-1110,0.00279,0.65079
CVE-2002-1111,0.00378,0.70165
CVE-2002-1112,0.00378,0.70165
CVE-2002-1113,0.07982,0.93693
CVE-2002-1114,0.01597,0.86061
CVE-2002-1115,0.00345,0.68745
CVE-2002-1116,0.00248,0.62830
CVE-2002-1117,0.00653,0.77318
CVE-2002-1118,0.10696,0.94567
CVE-2002-1119,0.00042,0.05722
CVE-2002-1120,0.20431,0.95953
CVE-2002-1121,0.01115,0.83060
CVE-2002-1122,0.04768,0.91929
CVE-2002-1123,0.95940,0.99349
CVE-2002-1124,0.00042,0.05753
CVE-2002-1125,0.00042,0.00438
CVE-2002-1126,0.00392,0.70686
CVE-2002-1127,0.00042,0.05722
CVE-2002-1128,0.00042,0.05722
CVE-2002-1129,0.00042,0.00438
CVE-2002-1131,0.04774,0.91933
CVE-2002-1132,0.00708,0.78389
CVE-2002-1133,0.00397,0.70867
CVE-2002-1134,0.00157,0.52074
CVE-2002-1135,0.04745,0.91896
CVE-2002-1137,0.01437,0.85257
CVE-2002-1138,0.02256,0.88504
CVE-2002-1139,0.00880,0.80762
CVE-2002-1140,0.00901,0.81014
CVE-2002-1141,0.00901,0.81014
CVE-2002-1142,0.85266,0.98291
CVE-2002-1143,0.03412,0.90554
CVE-2002-1145,0.01684,0.86414
CVE-2002-1146,0.04253,0.91455
CVE-2002-1147,0.07424,0.93476
CVE-2002-1148,0.01609,0.86132
CVE-2002-1149,0.67643,0.97675
CVE-2002-1150,0.01087,0.82836
CVE-2002-1151,0.01158,0.83407
CVE-2002-1152,0.01237,0.84038
CVE-2002-1153,0.01355,0.84815
CVE-2002-1154,0.01038,0.82377
CVE-2002-1155,0.00042,0.00438
CVE-2002-1156,0.00087,0.35940
CVE-2002-1157,0.03198,0.90239
CVE-2002-1158,0.00060,0.23520
CVE-2002-1159,0.01706,0.86497
CVE-2002-1160,0.00043,0.05916
CVE-2002-1165,0.00122,0.46520
CVE-2002-1166,0.05075,0.92179
CVE-2002-1167,0.00654,0.77328
CVE-2002-1168,0.00654,0.77328
CVE-2002-1169,0.03252,0.90325
CVE-2002-1170,0.02416,0.88884
CVE-2002-1174,0.11798,0.94834
CVE-2002-1175,0.03349,0.90461
CVE-2002-1176,0.01598,0.86068
CVE-2002-1177,0.02423,0.88903
CVE-2002-1178,0.01407,0.85108
CVE-2002-1179,0.59746,0.97485
CVE-2002-1180,0.00968,0.81734
CVE-2002-1181,0.02711,0.89482
CVE-2002-1182,0.06693,0.93171
CVE-2002-1183,0.10055,0.94404
CVE-2002-1184,0.00051,0.17245
CVE-2002-1185,0.15396,0.95409
CVE-2002-1186,0.76127,0.97928
CVE-2002-1187,0.03113,0.90114
CVE-2002-1188,0.59361,0.97477
CVE-2002-1189,0.00052,0.18252
CVE-2002-1190,0.00669,0.77690
CVE-2002-1191,0.01536,0.85779
CVE-2002-1192,0.00042,0.00438
CVE-2002-1193,0.00042,0.05722
CVE-2002-1194,0.04802,0.91964
CVE-2002-1195,0.00203,0.58274
CVE-2002-1196,0.01006,0.82091
CVE-2002-1197,0.01543,0.85810
CVE-2002-1198,0.00189,0.56484
CVE-2002-1199,0.00485,0.73513
CVE-2002-1200,0.07977,0.93691
CVE-2002-1201,0.05127,0.92216
CVE-2002-1202,0.00752,0.79092
CVE-2002-1203,0.01128,0.83169
CVE-2002-1204,0.00356,0.69222
CVE-2002-1209,0.03015,0.89954
CVE-2002-1210,0.00235,0.61676
CVE-2002-1211,0.04730,0.91879
CVE-2002-1212,0.01120,0.83112
CVE-2002-1213,0.00359,0.69389
CVE-2002-1214,0.96773,0.99613
CVE-2002-1215,0.07730,0.93570
CVE-2002-1216,0.00215,0.59569
CVE-2002-1217,0.93262,0.98904
CVE-2002-1219,0.08597,0.93917
CVE-2002-1220,0.11338,0.94725
CVE-2002-1221,0.03906,0.91130
CVE-2002-1222,0.00976,0.81807
CVE-2002-1223,0.00816,0.80006
CVE-2002-1224,0.01684,0.86413
CVE-2002-1225,0.00941,0.81440
CVE-2002-1226,0.00223,0.60650
CVE-2002-1227,0.00764,0.79279
CVE-2002-1228,0.00280,0.65207
CVE-2002-1229,0.02523,0.89110
CVE-2002-1230,0.00044,0.08090
CVE-2002-1231,0.00042,0.05722
CVE-2002-1232,0.04072,0.91290
CVE-2002-1233,0.00044,0.08047
CVE-2002-1235,0.29359,0.96497
CVE-2002-1236,0.04384,0.91571
CVE-2002-1238,0.02022,0.87753
CVE-2002-1239,0.00042,0.00438
CVE-2002-1242,0.00790,0.79701
CVE-2002-1244,0.07408,0.93469
CVE-2002-1245,0.00060,0.23520
CVE-2002-1247,0.00042,0.05722
CVE-2002-1248,0.03406,0.90541
CVE-2002-1250,0.00042,0.00438
CVE-2002-1251,0.02544,0.89145
CVE-2002-1252,0.00414,0.71419
CVE-2002-1253,0.00042,0.05722
CVE-2002-1254,0.94815,0.99118
CVE-2002-1255,0.02262,0.88523
CVE-2002-1256,0.00879,0.80748
CVE-2002-1257,0.02284,0.88577
CVE-2002-1258,0.16202,0.95509
CVE-2002-1260,0.01861,0.87126
CVE-2002-1262,0.03834,0.91051
CVE-2002-1264,0.49005,0.97220
CVE-2002-1265,0.02879,0.89773
CVE-2002-1266,0.00042,0.05722
CVE-2002-1267,0.00927,0.81309
CVE-2002-1268,0.00042,0.05722
CVE-2002-1269,0.00042,0.05722
CVE-2002-1270,0.00042,0.05722
CVE-2002-1271,0.01107,0.82995
CVE-2002-1272,0.00850,0.80426
CVE-2002-1275,0.04041,0.91243
CVE-2002-1276,0.00129,0.47749
CVE-2002-1277,0.09674,0.94268
CVE-2002-1278,0.01383,0.84978
CVE-2002-1279,0.00042,0.05753
CVE-2002-1280,0.00121,0.46272
CVE-2002-1281,0.09162,0.94104
CVE-2002-1282,0.09162,0.94104
CVE-2002-1283,0.00876,0.80719
CVE-2002-1284,0.00042,0.05722
CVE-2002-1285,0.00052,0.18252
CVE-2002-1286,0.01855,0.87106
CVE-2002-1287,0.18449,0.95762
CVE-2002-1288,0.01302,0.84489
CVE-2002-1289,0.04492,0.91663
CVE-2002-1290,0.02026,0.87763
CVE-2002-1291,0.18992,0.95822
CVE-2002-1292,0.01582,0.86005
CVE-2002-1293,0.01255,0.84157
CVE-2002-1294,0.02097,0.88010
CVE-2002-1295,0.00590,0.76029
CVE-2002-1296,0.00060,0.23605
CVE-2002-1306,0.09373,0.94177
CVE-2002-1307,0.01469,0.85420
CVE-2002-1308,0.20022,0.95921
CVE-2002-1309,0.01355,0.84819
CVE-2002-1310,0.01211,0.83841
CVE-2002-1311,0.00042,0.05722
CVE-2002-1312,0.02149,0.88215
CVE-2002-1313,0.00042,0.05722
CVE-2002-1315,0.81537,0.98100
CVE-2002-1316,0.07837,0.93627
CVE-2002-1317,0.13403,0.95103
CVE-2002-1318,0.09520,0.94226
CVE-2002-1319,0.00060,0.23520
CVE-2002-1320,0.09518,0.94225
CVE-2002-1321,0.04731,0.91880
CVE-2002-1322,0.03720,0.90921
CVE-2002-1323,0.00133,0.48341
CVE-2002-1325,0.01107,0.82996
CVE-2002-1327,0.10015,0.94375
CVE-2002-1334,0.00957,0.81618
CVE-2002-1335,0.01163,0.83443
CVE-2002-1336,0.00461,0.72818
CVE-2002-1337,0.97038,0.99709
CVE-2002-1338,0.01194,0.83704
CVE-2002-1339,0.00344,0.68702
CVE-2002-1340,0.00344,0.68702
CVE-2002-1341,0.00937,0.81396
CVE-2002-1342,0.01649,0.86290
CVE-2002-1344,0.04617,0.91768
CVE-2002-1345,0.00125,0.46922
CVE-2002-1347,0.09712,0.94278
CVE-2002-1348,0.00640,0.77058
CVE-2002-1349,0.00044,0.07795
CVE-2002-1350,0.02371,0.88781
CVE-2002-1351,0.02848,0.89728
CVE-2002-1352,0.00274,0.64752
CVE-2002-1353,0.00651,0.77299
CVE-2002-1354,0.00192,0.56859
CVE-2002-1355,0.00561,0.75347
CVE-2002-1356,0.01802,0.86858
CVE-2002-1357,0.19304,0.95854
CVE-2002-1358,0.04415,0.91599
CVE-2002-1359,0.97181,0.99779
CVE-2002-1360,0.04415,0.91599
CVE-2002-1361,0.05507,0.92499
CVE-2002-1362,0.01040,0.82412
CVE-2002-1363,0.10285,0.94453
CVE-2002-1364,0.00212,0.59255
CVE-2002-1365,0.36902,0.96816
CVE-2002-1366,0.00043,0.07416
CVE-2002-1367,0.01821,0.86946
CVE-2002-1368,0.24246,0.96210
CVE-2002-1369,0.05429,0.92444
CVE-2002-1371,0.05126,0.92215
CVE-2002-1372,0.01398,0.85060
CVE-2002-1373,0.02244,0.88466
CVE-2002-1374,0.02299,0.88611
CVE-2002-1375,0.12852,0.95007
CVE-2002-1376,0.01136,0.83244
CVE-2002-1377,0.00059,0.22933
CVE-2002-1378,0.05834,0.92681
CVE-2002-1379,0.00229,0.61165
CVE-2002-1380,0.00043,0.07477
CVE-2002-1381,0.00174,0.54678
CVE-2002-1382,0.03022,0.89966
CVE-2002-1383,0.06314,0.92954
CVE-2002-1384,0.00064,0.26351
CVE-2002-1385,0.00042,0.05722
CVE-2002-1386,0.00042,0.05722
CVE-2002-1387,0.00042,0.05722
CVE-2002-1388,0.00248,0.62828
CVE-2002-1389,0.00042,0.05722
CVE-2002-1390,0.00496,0.73772
CVE-2002-1391,0.06831,0.93243
CVE-2002-1392,0.00042,0.05722
CVE-2002-1393,0.00970,0.81747
CVE-2002-1394,0.00260,0.63825
CVE-2002-1395,0.00042,0.05722
CVE-2002-1396,0.01277,0.84300
CVE-2002-1397,0.00042,0.05722
CVE-2002-1398,0.00079,0.32777
CVE-2002-1399,0.00458,0.72737
CVE-2002-1400,0.02922,0.89825
CVE-2002-1401,0.00308,0.66884
CVE-2002-1402,0.00042,0.05722
CVE-2002-1403,0.00060,0.23520
CVE-2002-1405,0.04273,0.91474
CVE-2002-1406,0.00052,0.18252
CVE-2002-1407,0.00671,0.77724
CVE-2002-1408,0.00391,0.70680
CVE-2002-1409,0.00042,0.05722
CVE-2002-1410,0.04235,0.91443
CVE-2002-1411,0.02084,0.87963
CVE-2002-1412,0.13607,0.95132
CVE-2002-1413,0.01647,0.86286
CVE-2002-1414,0.00042,0.00438
CVE-2002-1415,0.01173,0.83541
CVE-2002-1416,0.00620,0.76664
CVE-2002-1417,0.55890,0.97392
CVE-2002-1418,0.00614,0.76536
CVE-2002-1419,0.00477,0.73256
CVE-2002-1420,0.00043,0.07322
CVE-2002-1421,0.00218,0.59816
CVE-2002-1422,0.02143,0.88178
CVE-2002-1423,0.01906,0.87337
CVE-2002-1424,0.01184,0.83629
CVE-2002-1425,0.00908,0.81081
CVE-2002-1426,0.04350,0.91542
CVE-2002-1427,0.03060,0.90034
CVE-2002-1428,0.02783,0.89610
CVE-2002-1429,0.04449,0.91623
CVE-2002-1430,0.00533,0.74725
CVE-2002-1431,0.01010,0.82126
CVE-2002-1432,0.01128,0.83168
CVE-2002-1433,0.00671,0.77733
CVE-2002-1434,0.00687,0.78029
CVE-2002-1435,0.08302,0.93801
CVE-2002-1436,0.08103,0.93738
CVE-2002-1437,0.02284,0.88579
CVE-2002-1438,0.01144,0.83292
CVE-2002-1439,0.00052,0.18252
CVE-2002-1440,0.00494,0.73722
CVE-2002-1441,0.11105,0.94666
CVE-2002-1442,0.00288,0.65703
CVE-2002-1443,0.00277,0.64942
CVE-2002-1444,0.06523,0.93080
CVE-2002-1445,0.00580,0.75784
CVE-2002-1446,0.00571,0.75569
CVE-2002-1447,0.00042,0.00438
CVE-2002-1448,0.00938,0.81398
CVE-2002-1449,0.00706,0.78361
CVE-2002-1450,0.00167,0.53527
CVE-2002-1451,0.01774,0.86749
CVE-2002-1452,0.04366,0.91554
CVE-2002-1453,0.00580,0.75784
CVE-2002-1454,0.00604,0.76315
CVE-2002-1455,0.00527,0.74602
CVE-2002-1456,0.16916,0.95590
CVE-2002-1457,0.00204,0.58432
CVE-2002-1458,0.00615,0.76549
CVE-2002-1459,0.00947,0.81503
CVE-2002-1460,0.00455,0.72666
CVE-2002-1461,0.03751,0.90960
CVE-2002-1462,0.00363,0.69535
CVE-2002-1463,0.00290,0.65842
CVE-2002-1464,0.00658,0.77410
CVE-2002-1465,0.00191,0.56679
CVE-2002-1466,0.00306,0.66748
CVE-2002-1467,0.00296,0.66236
CVE-2002-1468,0.00438,0.72180
CVE-2002-1469,0.02231,0.88431
CVE-2002-1470,0.00053,0.18852
CVE-2002-1471,0.00214,0.59523
CVE-2002-1472,0.00042,0.05722
CVE-2002-1473,0.00079,0.33100
CVE-2002-1474,0.00277,0.64968
CVE-2002-1475,0.00277,0.64968
CVE-2002-1476,0.00042,0.05722
CVE-2002-1477,0.01449,0.85329
CVE-2002-1478,0.00821,0.80064
CVE-2002-1479,0.00042,0.05722
CVE-2002-1480,0.00678,0.77883
CVE-2002-1481,0.01860,0.87122
CVE-2002-1482,0.00204,0.58432
CVE-2002-1483,0.02499,0.89055
CVE-2002-1484,0.02400,0.88845
CVE-2002-1485,0.00219,0.59893
CVE-2002-1486,0.02316,0.88651
CVE-2002-1487,0.00638,0.77005
CVE-2002-1488,0.00638,0.77005
CVE-2002-1489,0.45219,0.97090
CVE-2002-1490,0.00042,0.05722
CVE-2002-1491,0.00042,0.05722
CVE-2002-1492,0.00042,0.00438
CVE-2002-1493,0.00357,0.69286
CVE-2002-1494,0.00357,0.69286
CVE-2002-1495,0.00298,0.66352
CVE-2002-1496,0.03792,0.91009
CVE-2002-1497,0.00264,0.64112
CVE-2002-1498,0.00852,0.80443
CVE-2002-1499,0.00415,0.71478
CVE-2002-1500,0.00042,0.05722
CVE-2002-1501,0.01995,0.87653
CVE-2002-1502,0.00042,0.05722
CVE-2002-1503,0.00042,0.00438
CVE-2002-1504,0.02581,0.89212
CVE-2002-1505,0.00221,0.60230
CVE-2002-1506,0.00042,0.00438
CVE-2002-1507,0.00251,0.63120
CVE-2002-1508,0.00042,0.05722
CVE-2002-1509,0.00058,0.22612
CVE-2002-1510,0.00463,0.72869
CVE-2002-1511,0.00790,0.79695
CVE-2002-1512,0.00042,0.00438
CVE-2002-1513,0.00042,0.00438
CVE-2002-1514,0.00042,0.00438
CVE-2002-1515,0.10403,0.94484
CVE-2002-1516,0.00042,0.05722
CVE-2002-1517,0.00042,0.05722
CVE-2002-1518,0.00042,0.05722
CVE-2002-1519,0.03260,0.90339
CVE-2002-1520,0.01144,0.83299
CVE-2002-1521,0.00045,0.12337
CVE-2002-1522,0.02520,0.89106
CVE-2002-1523,0.02925,0.89829
CVE-2002-1524,0.02303,0.88618
CVE-2002-1525,0.01398,0.85061
CVE-2002-1526,0.00317,0.67423
CVE-2002-1527,0.02703,0.89463
CVE-2002-1528,0.00417,0.71529
CVE-2002-1529,0.00269,0.64468
CVE-2002-1530,0.00595,0.76101
CVE-2002-1531,0.00848,0.80398
CVE-2002-1532,0.00848,0.80398
CVE-2002-1533,0.00569,0.75537
CVE-2002-1534,0.00479,0.73331
CVE-2002-1535,0.00175,0.54729
CVE-2002-1536,0.01947,0.87483
CVE-2002-1537,0.00207,0.58706
CVE-2002-1538,0.00393,0.70749
CVE-2002-1539,0.01825,0.86967
CVE-2002-1540,0.00043,0.07360
CVE-2002-1541,0.00611,0.76440
CVE-2002-1542,0.04054,0.91269
CVE-2002-1543,0.00042,0.05722
CVE-2002-1544,0.03265,0.90344
CVE-2002-1545,0.00892,0.80911
CVE-2002-1546,0.00785,0.79589
CVE-2002-1547,0.03564,0.90725
CVE-2002-1548,0.00044,0.10161
CVE-2002-1549,0.03917,0.91141
CVE-2002-1550,0.00042,0.05722
CVE-2002-1551,0.00044,0.10161
CVE-2002-1552,0.00594,0.76092
CVE-2002-1553,0.00547,0.75077
CVE-2002-1554,0.00052,0.18252
CVE-2002-1555,0.00240,0.62138
CVE-2002-1556,0.00236,0.61736
CVE-2002-1557,0.00236,0.61736
CVE-2002-1558,0.00547,0.75077
CVE-2002-1559,0.03156,0.90174
CVE-2002-1560,0.02718,0.89498
CVE-2002-1561,0.56300,0.97404
CVE-2002-1562,0.00675,0.77788
CVE-2002-1563,0.00059,0.22933
CVE-2002-1564,0.02577,0.89201
CVE-2002-1565,0.01522,0.85717
CVE-2002-1566,0.03380,0.90509
CVE-2002-1567,0.00713,0.78478
CVE-2002-1568,0.01108,0.83008
CVE-2002-1569,0.09597,0.94252
CVE-2002-1570,0.54974,0.97375
CVE-2002-1571,0.00069,0.28494
CVE-2002-1572,0.00395,0.70807
CVE-2002-1573,0.00395,0.70807
CVE-2002-1574,0.00059,0.22933
CVE-2002-1575,0.01063,0.82643
CVE-2002-1576,0.00042,0.00438
CVE-2002-1577,0.00822,0.80086
CVE-2002-1578,0.01641,0.86264
CVE-2002-1579,0.01069,0.82696
CVE-2002-1580,0.39303,0.96916
CVE-2002-1581,0.01615,0.86155
CVE-2002-1582,0.01417,0.85152
CVE-2002-1583,0.00042,0.05722
CVE-2002-1584,0.01134,0.83221
CVE-2002-1585,0.07965,0.93689
CVE-2002-1586,0.00044,0.10704
CVE-2002-1587,0.00044,0.10704
CVE-2002-1588,0.07965,0.93689
CVE-2002-1589,0.00044,0.10704
CVE-2002-1590,0.00044,0.10704
CVE-2002-1591,0.00347,0.68811
CVE-2002-1592,0.00101,0.41229
CVE-2002-1593,0.03785,0.90999
CVE-2002-1594,0.00042,0.00438
CVE-2002-1595,0.00344,0.68711
CVE-2002-1596,0.00963,0.81675
CVE-2002-1597,0.00954,0.81594
CVE-2002-1598,0.00085,0.35392
CVE-2002-1599,0.01087,0.82834
CVE-2002-1600,0.00584,0.75874
CVE-2002-1601,0.00598,0.76163
CVE-2002-1602,0.00052,0.17996
CVE-2002-1603,0.04171,0.91387
CVE-2002-1604,0.04007,0.91211
CVE-2002-1605,0.02295,0.88606
CVE-2002-1606,0.00042,0.00438
CVE-2002-1607,0.00043,0.05916
CVE-2002-1608,0.00043,0.05916
CVE-2002-1609,0.00043,0.05916
CVE-2002-1610,0.00045,0.12220
CVE-2002-1611,0.00043,0.05916
CVE-2002-1612,0.00061,0.23768
CVE-2002-1613,0.00043,0.05916
CVE-2002-1614,0.00042,0.00438
CVE-2002-1615,0.00043,0.05916
CVE-2002-1616,0.00054,0.19144
CVE-2002-1617,0.00051,0.17436
CVE-2002-1618,0.00073,0.30312
CVE-2002-1619,0.01154,0.83373
CVE-2002-1620,0.01424,0.85188
CVE-2002-1621,0.02129,0.88114
CVE-2002-1622,0.00551,0.75159
CVE-2002-1623,0.00431,0.71917
CVE-2002-1624,0.04102,0.91327
CVE-2002-1625,0.01604,0.86115
CVE-2002-1626,0.00589,0.76013
CVE-2002-1627,0.00589,0.76013
CVE-2002-1628,0.00579,0.75767
CVE-2002-1629,0.01781,0.86771
CVE-2002-1630,0.01911,0.87358
CVE-2002-1631,0.00502,0.73970
CVE-2002-1632,0.00628,0.76833
CVE-2002-1633,0.00053,0.19005
CVE-2002-1634,0.00953,0.81582
CVE-2002-1635,0.01315,0.84568
CVE-2002-1636,0.00160,0.52604
CVE-2002-1637,0.00054,0.19234
CVE-2002-1639,0.00512,0.74204
CVE-2002-1640,0.00654,0.77338
CVE-2002-1641,0.01384,0.84982
CVE-2002-1642,0.00043,0.07690
CVE-2002-1643,0.95217,0.99191
CVE-2002-1644,0.00062,0.24375
CVE-2002-1645,0.01796,0.86843
CVE-2002-1646,0.01719,0.86554
CVE-2002-1647,0.00384,0.70396
CVE-2002-1648,0.02014,0.87729
CVE-2002-1649,0.00507,0.74092
CVE-2002-1650,0.01035,0.82346
CVE-2002-1651,0.00294,0.66087
CVE-2002-1652,0.06093,0.92834
CVE-2002-1653,0.00604,0.76306
CVE-2002-1654,0.02854,0.89735
CVE-2002-1655,0.01425,0.85188
CVE-2002-1656,0.01021,0.82219
CVE-2002-1657,0.00651,0.77299
CVE-2002-1658,0.00076,0.31439
CVE-2002-1659,0.00245,0.62621
CVE-2002-1660,0.00945,0.81487
CVE-2002-1661,0.06395,0.93007
CVE-2002-1662,0.00528,0.74627
CVE-2002-1663,0.04458,0.91633
CVE-2002-1664,0.00456,0.72697
CVE-2002-1665,0.02906,0.89809
CVE-2002-1666,0.02490,0.89043
CVE-2002-1667,0.00042,0.05722
CVE-2002-1668,0.00042,0.05722
CVE-2002-1669,0.00042,0.05722
CVE-2002-1670,0.00055,0.20637
CVE-2002-1671,0.01473,0.85437
CVE-2002-1672,0.00042,0.05722
CVE-2002-1673,0.00042,0.00438
CVE-2002-1674,0.00042,0.05722
CVE-2002-1675,0.02667,0.89391
CVE-2002-1676,0.00042,0.05722
CVE-2002-1677,0.00536,0.74830
CVE-2002-1678,0.00668,0.77674
CVE-2002-1679,0.00387,0.70502
CVE-2002-1680,0.00286,0.65576
CVE-2002-1681,0.00528,0.74627
CVE-2002-1682,0.00042,0.05722
CVE-2002-1683,0.00233,0.61464
CVE-2002-1684,0.00378,0.70132
CVE-2002-1685,0.00233,0.61464
CVE-2002-1686,0.00243,0.62388
CVE-2002-1687,0.00042,0.05722
CVE-2002-1688,0.03667,0.90857
CVE-2002-1689,0.00710,0.78446
CVE-2002-1690,0.00243,0.62388
CVE-2002-1691,0.01376,0.84954
CVE-2002-1692,0.00083,0.34397
CVE-2002-1694,0.01026,0.82257
CVE-2002-1695,0.00623,0.76732
CVE-2002-1696,0.00171,0.54237
CVE-2002-1697,0.00591,0.76043
CVE-2002-1698,0.02040,0.87819
CVE-2002-1699,0.00290,0.65863
CVE-2002-1700,0.01152,0.83369
CVE-2002-1702,0.00315,0.67286
CVE-2002-1703,0.01170,0.83523
CVE-2002-1704,0.01754,0.86687
CVE-2002-1705,0.31288,0.96588
CVE-2002-1706,0.00660,0.77484
CVE-2002-1707,0.00642,0.77091
CVE-2002-1708,0.00706,0.78360
CVE-2002-1709,0.00415,0.71463
CVE-2002-1710,0.00042,0.05722
CVE-2002-1711,0.00042,0.05722
CVE-2002-1712,0.09481,0.94213
CVE-2002-1713,0.00061,0.23768
CVE-2002-1714,0.18761,0.95803
CVE-2002-1715,0.00042,0.00438
CVE-2002-1716,0.00729,0.78759
CVE-2002-1717,0.01015,0.82164
CVE-2002-1718,0.00389,0.70592
CVE-2002-1719,0.00549,0.75131
CVE-2002-1720,0.00459,0.72774
CVE-2002-1721,0.01216,0.83880
CVE-2002-1722,0.00168,0.53611
CVE-2002-1723,0.00561,0.75344
CVE-2002-1724,0.00530,0.74666
CVE-2002-1725,0.00658,0.77393
CVE-2002-1726,0.00897,0.80966
CVE-2002-1727,0.01163,0.83443
CVE-2002-1728,0.00536,0.74830
CVE-2002-1729,0.00530,0.74666
CVE-2002-1730,0.00677,0.77869
CVE-2002-1731,0.00042,0.00438
CVE-2002-1732,0.00614,0.76528
CVE-2002-1733,0.00260,0.63817
CVE-2002-1734,0.01152,0.83368
CVE-2002-1735,0.00042,0.05722
CVE-2002-1736,0.00421,0.71644
CVE-2002-1737,0.00042,0.05722
CVE-2002-1738,0.00703,0.78284
CVE-2002-1739,0.00042,0.05722
CVE-2002-1740,0.00042,0.00438
CVE-2002-1741,0.00042,0.00438
CVE-2002-1742,0.02180,0.88290
CVE-2002-1743,0.01216,0.83880
CVE-2002-1744,0.04644,0.91800
CVE-2002-1745,0.00904,0.81044
CVE-2002-1746,0.00317,0.67426
CVE-2002-1747,0.00317,0.67426
CVE-2002-1748,0.00215,0.59605
CVE-2002-1749,0.00053,0.18559
CVE-2002-1750,0.95467,0.99250
CVE-2002-1751,0.95467,0.99250
CVE-2002-1752,0.95467,0.99250
CVE-2002-1753,0.95467,0.99250
CVE-2002-1754,0.00050,0.16885
CVE-2002-1755,0.00317,0.67426
CVE-2002-1756,0.00947,0.81509
CVE-2002-1757,0.02525,0.89113
CVE-2002-1758,0.00703,0.78284
CVE-2002-1759,0.00703,0.78284
CVE-2002-1760,0.00218,0.59796
CVE-2002-1761,0.00414,0.71397
CVE-2002-1762,0.00408,0.71225
CVE-2002-1763,0.00044,0.10704
CVE-2002-1764,0.00042,0.00438
CVE-2002-1765,0.01427,0.85203
CVE-2002-1766,0.00042,0.00438
CVE-2002-1767,0.00075,0.30778
CVE-2002-1768,0.01057,0.82551
CVE-2002-1769,0.08124,0.93743
CVE-2002-1770,0.02013,0.87727
CVE-2002-1771,0.00713,0.78483
CVE-2002-1772,0.00050,0.16885
CVE-2002-1773,0.03575,0.90739
CVE-2002-1774,0.00325,0.67837
CVE-2002-1775,0.00325,0.67837
CVE-2002-1776,0.00325,0.67837
CVE-2002-1777,0.00325,0.67837
CVE-2002-1778,0.00422,0.71686
CVE-2002-1779,0.00163,0.52979
CVE-2002-1780,0.01216,0.83880
CVE-2002-1781,0.04008,0.91212
CVE-2002-1782,0.00042,0.05722
CVE-2002-1783,0.31263,0.96587
CVE-2002-1784,0.01105,0.82987
CVE-2002-1785,0.00143,0.50178
CVE-2002-1786,0.00042,0.05722
CVE-2002-1787,0.00042,0.05722
CVE-2002-1788,0.00580,0.75792
CVE-2002-1789,0.00074,0.30754
CVE-2002-1790,0.01644,0.86278
CVE-2002-1791,0.00042,0.05722
CVE-2002-1792,0.05577,0.92547
CVE-2002-1793,0.00259,0.63738
CVE-2002-1794,0.01980,0.87604
CVE-2002-1795,0.01346,0.84735
CVE-2002-1796,0.00042,0.05722
CVE-2002-1797,0.00042,0.05722
CVE-2002-1798,0.00812,0.79960
CVE-2002-1799,0.00353,0.69133
CVE-2002-1800,0.00561,0.75344
CVE-2002-1801,0.00413,0.71375
CVE-2002-1802,0.00278,0.65019
CVE-2002-1803,0.00328,0.67960
CVE-2002-1804,0.00368,0.69763
CVE-2002-1805,0.00353,0.69133
CVE-2002-1806,0.00368,0.69763
CVE-2002-1807,0.00390,0.70616
CVE-2002-1808,0.00350,0.68996
CVE-2002-1809,0.02749,0.89560
CVE-2002-1810,0.00892,0.80912
CVE-2002-1811,0.03154,0.90170
CVE-2002-1812,0.00042,0.00438
CVE-2002-1813,0.02471,0.89006
CVE-2002-1814,0.00042,0.00438
CVE-2002-1815,0.00429,0.71860
CVE-2002-1816,0.13196,0.95066
CVE-2002-1817,0.00400,0.70964
CVE-2002-1818,0.03752,0.90962
CVE-2002-1819,0.00480,0.73353
CVE-2002-1820,0.01152,0.83368
CVE-2002-1821,0.00174,0.54643
CVE-2002-1822,0.00553,0.75214
CVE-2002-1823,0.08276,0.93793
CVE-2002-1824,0.00180,0.55323
CVE-2002-1825,0.01947,0.87483
CVE-2002-1826,0.00042,0.00438
CVE-2002-1827,0.00043,0.07477
CVE-2002-1828,0.06677,0.93165
CVE-2002-1829,0.00312,0.67111
CVE-2002-1830,0.02110,0.88043
CVE-2002-1831,0.08392,0.93828
CVE-2002-1832,0.00952,0.81563
CVE-2002-1833,0.02469,0.89000
CVE-2002-1834,0.00884,0.80801
CVE-2002-1835,0.01581,0.86003
CVE-2002-1836,0.01447,0.85320
CVE-2002-1837,0.01914,0.87369
CVE-2002-1838,0.00060,0.23381
CVE-2002-1839,0.00703,0.78284
CVE-2002-1840,0.01503,0.85613
CVE-2002-1841,0.00479,0.73329
CVE-2002-1842,0.01101,0.82947
CVE-2002-1843,0.01101,0.82947
CVE-2002-1844,0.00044,0.10532
CVE-2002-1845,0.00315,0.67286
CVE-2002-1846,0.00264,0.64149
CVE-2002-1847,0.01659,0.86322
CVE-2002-1848,0.00042,0.05722
CVE-2002-1849,0.01215,0.83862
CVE-2002-1850,0.00491,0.73658
CVE-2002-1851,0.03257,0.90336
CVE-2002-1852,0.00307,0.66812
CVE-2002-1853,0.00242,0.62322
CVE-2002-1854,0.01439,0.85270
CVE-2002-1855,0.06191,0.92893
CVE-2002-1856,0.00761,0.79234
CVE-2002-1857,0.00691,0.78108
CVE-2002-1858,0.02158,0.88232
CVE-2002-1859,0.00331,0.68185
CVE-2002-1860,0.00934,0.81374
CVE-2002-1861,0.01205,0.83793
CVE-2002-1862,0.05190,0.92263
CVE-2002-1863,0.00042,0.05722
CVE-2002-1864,0.02040,0.87818
CVE-2002-1865,0.03659,0.90844
CVE-2002-1866,0.01216,0.83880
CVE-2002-1867,0.01041,0.82413
CVE-2002-1868,0.04785,0.91953
CVE-2002-1869,0.00058,0.22612
CVE-2002-1870,0.02667,0.89391
CVE-2002-1871,0.00055,0.20573
CVE-2002-1872,0.01284,0.84372
CVE-2002-1873,0.00915,0.81169
CVE-2002-1874,0.01005,0.82088
CVE-2002-1875,0.00052,0.18252
CVE-2002-1876,0.00307,0.66841
CVE-2002-1877,0.00703,0.78277
CVE-2002-1878,0.05181,0.92251
CVE-2002-1879,0.00228,0.61062
CVE-2002-1880,0.00460,0.72792
CVE-2002-1881,0.01003,0.82072
CVE-2002-1882,0.01201,0.83755
CVE-2002-1883,0.01020,0.82213
CVE-2002-1884,0.04286,0.91485
CVE-2002-1885,0.00826,0.80134
CVE-2002-1886,0.01920,0.87391
CVE-2002-1887,0.05802,0.92665
CVE-2002-1888,0.00052,0.17666
CVE-2002-1889,0.01068,0.82671
CVE-2002-1890,0.00042,0.05722
CVE-2002-1891,0.03576,0.90741
CVE-2002-1892,0.00042,0.05722
CVE-2002-1893,0.00259,0.63733
CVE-2002-1894,0.00737,0.78868
CVE-2002-1895,0.00371,0.69868
CVE-2002-1896,0.00042,0.00438
CVE-2002-1897,0.05670,0.92595
CVE-2002-1898,0.04303,0.91502
CVE-2002-1899,0.00399,0.70927
CVE-2002-1900,0.00141,0.49731
CVE-2002-1901,0.00141,0.49731
CVE-2002-1902,0.00952,0.81563
CVE-2002-1903,0.00490,0.73643
CVE-2002-1904,0.02360,0.88750
CVE-2002-1905,0.03275,0.90356
CVE-2002-1906,0.01696,0.86460
CVE-2002-1907,0.01696,0.86460
CVE-2002-1908,0.00826,0.80146
CVE-2002-1909,0.00591,0.76043
CVE-2002-1910,0.00600,0.76198
CVE-2002-1911,0.03484,0.90635
CVE-2002-1912,0.00420,0.71600
CVE-2002-1913,0.00466,0.72933
CVE-2002-1914,0.00060,0.23520
CVE-2002-1915,0.00042,0.05722
CVE-2002-1916,0.00313,0.67183
CVE-2002-1917,0.00312,0.67120
CVE-2002-1918,0.01414,0.85133
CVE-2002-1919,0.00349,0.68965
CVE-2002-1920,0.01216,0.83880
CVE-2002-1921,0.01782,0.86774
CVE-2002-1922,0.00501,0.73888
CVE-2002-1923,0.01782,0.86774
CVE-2002-1924,0.00677,0.77869
CVE-2002-1925,0.01156,0.83394
CVE-2002-1926,0.00407,0.71203
CVE-2002-1927,0.00044,0.10161
CVE-2002-1928,0.00400,0.70953
CVE-2002-1929,0.00826,0.80147
CVE-2002-1930,0.04381,0.91569
CVE-2002-1931,0.00242,0.62322
CVE-2002-1932,0.01628,0.86210
CVE-2002-1933,0.00044,0.10532
CVE-2002-1934,0.00534,0.74747
CVE-2002-1935,0.00677,0.77869
CVE-2002-1936,0.01152,0.83368
CVE-2002-1937,0.00348,0.68884
CVE-2002-1938,0.04263,0.91465
CVE-2002-1939,0.00052,0.17666
CVE-2002-1940,0.00335,0.68333
CVE-2002-1941,0.00952,0.81563
CVE-2002-1942,0.01225,0.83942
CVE-2002-1943,0.00692,0.78122
CVE-2002-1944,0.00307,0.66800
CVE-2002-1945,0.03154,0.90170
CVE-2002-1946,0.00042,0.05722
CVE-2002-1947,0.00509,0.74140
CVE-2002-1948,0.00042,0.05753
CVE-2002-1949,0.00216,0.59630
CVE-2002-1950,0.00312,0.67111
CVE-2002-1951,0.07352,0.93452
CVE-2002-1952,0.01152,0.83368
CVE-2002-1953,0.01259,0.84204
CVE-2002-1954,0.00373,0.69954
CVE-2002-1955,0.00298,0.66352
CVE-2002-1956,0.00042,0.05722
CVE-2002-1957,0.00893,0.80922
CVE-2002-1958,0.00497,0.73793
CVE-2002-1959,0.01037,0.82375
CVE-2002-1960,0.00220,0.59959
CVE-2002-1961,0.00771,0.79384
CVE-2002-1962,0.00945,0.81482
CVE-2002-1963,0.00042,0.05722
CVE-2002-1964,0.00271,0.64604
CVE-2002-1965,0.00315,0.67286
CVE-2002-1966,0.01612,0.86144
CVE-2002-1967,0.00947,0.81509
CVE-2002-1968,0.00042,0.05722
CVE-2002-1969,0.00260,0.63826
CVE-2002-1970,0.00042,0.05722
CVE-2002-1971,0.01522,0.85716
CVE-2002-1972,0.00042,0.05722
CVE-2002-1973,0.14868,0.95320
CVE-2002-1974,0.01573,0.85970
CVE-2002-1975,0.00042,0.05722
CVE-2002-1976,0.00069,0.28494
CVE-2002-1977,0.00058,0.22612
CVE-2002-1978,0.00626,0.76790
CVE-2002-1979,0.00614,0.76513
CVE-2002-1980,0.00044,0.10704
CVE-2002-1981,0.00493,0.73702
CVE-2002-1982,0.01551,0.85844
CVE-2002-1983,0.00042,0.00438
CVE-2002-1984,0.00397,0.70876
CVE-2002-1985,0.01545,0.85818
CVE-2002-1986,0.02277,0.88560
CVE-2002-1987,0.00429,0.71860
CVE-2002-1988,0.00952,0.81563
CVE-2002-1989,0.00255,0.63493
CVE-2002-1990,0.00591,0.76043
CVE-2002-1991,0.00443,0.72306
CVE-2002-1992,0.00712,0.78462
CVE-2002-1993,0.20754,0.95977
CVE-2002-1994,0.01364,0.84887
CVE-2002-1995,0.00328,0.67960
CVE-2002-1996,0.01845,0.87070
CVE-2002-1997,0.02610,0.89277
CVE-2002-1998,0.00967,0.81722
CVE-2002-1999,0.00259,0.63770
CVE-2002-2000,0.00052,0.17666
CVE-2002-20001,0.01004,0.82079
CVE-2002-2001,0.00042,0.05722
CVE-2002-2002,0.01076,0.82756
CVE-2002-2003,0.00439,0.72212
CVE-2002-2004,0.00272,0.64682
CVE-2002-2005,0.00677,0.77823
CVE-2002-2006,0.01824,0.86962
CVE-2002-2007,0.00261,0.63874
CVE-2002-2008,0.00374,0.69981
CVE-2002-2009,0.00235,0.61672
CVE-2002-2010,0.00312,0.67111
CVE-2002-2011,0.00328,0.67960
CVE-2002-2012,0.01455,0.85359
CVE-2002-2013,0.00312,0.67083
CVE-2002-2014,0.05022,0.92138
CVE-2002-2015,0.02371,0.88782
CVE-2002-2016,0.00042,0.00438
CVE-2002-2017,0.00214,0.59481
CVE-2002-2018,0.00042,0.05722
CVE-2002-2019,0.00803,0.79873
CVE-2002-2020,0.01152,0.83368
CVE-2002-2021,0.00328,0.67960
CVE-2002-2022,0.00076,0.31190
CVE-2002-2023,0.00042,0.05722
CVE-2002-2024,0.00591,0.76043
CVE-2002-2025,0.02706,0.89475
CVE-2002-2026,0.00590,0.76015
CVE-2002-2027,0.00537,0.74844
CVE-2002-2028,0.00384,0.70387
CVE-2002-2029,0.70329,0.97759
CVE-2002-2030,0.03314,0.90413
CVE-2002-2031,0.02454,0.88973
CVE-2002-2032,0.02220,0.88401
CVE-2002-2033,0.00407,0.71192
CVE-2002-2034,0.02664,0.89382
CVE-2002-2035,0.00154,0.51739
CVE-2002-2036,0.01900,0.87313
CVE-2002-2037,0.00212,0.59249
CVE-2002-2038,0.00042,0.05722
CVE-2002-2039,0.00042,0.00438
CVE-2002-2040,0.00042,0.00438
CVE-2002-2041,0.00042,0.00438
CVE-2002-2042,0.00042,0.00438
CVE-2002-2043,0.00243,0.62357
CVE-2002-2044,0.01062,0.82626
CVE-2002-2045,0.01814,0.86915
CVE-2002-2046,0.00716,0.78537
CVE-2002-2047,0.01389,0.85012
CVE-2002-2048,0.02882,0.89775
CVE-2002-2049,0.01600,0.86076
CVE-2002-2050,0.00042,0.05722
CVE-2002-2051,0.00042,0.05722
CVE-2002-2052,0.01057,0.82551
CVE-2002-2053,0.00909,0.81091
CVE-2002-2054,0.00902,0.81032
CVE-2002-2055,0.00265,0.64199
CVE-2002-2056,0.00169,0.53879
CVE-2002-2057,0.00500,0.73874
CVE-2002-2058,0.00466,0.72933
CVE-2002-2059,0.00060,0.23520
CVE-2002-2060,0.04166,0.91379
CVE-2002-2061,0.02859,0.89743
CVE-2002-2062,0.94240,0.99023
CVE-2002-2063,0.00994,0.82000
CVE-2002-2064,0.01095,0.82895
CVE-2002-2065,0.00591,0.76043
CVE-2002-2066,0.00681,0.77934
CVE-2002-2067,0.00681,0.77934
CVE-2002-2068,0.00414,0.71429
CVE-2002-2069,0.00414,0.71429
CVE-2002-2070,0.00414,0.71429
CVE-2002-2071,0.03154,0.90170
CVE-2002-2072,0.02762,0.89581
CVE-2002-2073,0.01525,0.85727
CVE-2002-2074,0.00345,0.68735
CVE-2002-2075,0.00294,0.66079
CVE-2002-2076,0.00376,0.70034
CVE-2002-2077,0.03429,0.90577
CVE-2002-2078,0.05086,0.92190
CVE-2002-2079,0.01216,0.83880
CVE-2002-2080,0.01427,0.85203
CVE-2002-2081,0.02040,0.87819
CVE-2002-2082,0.01076,0.82753
CVE-2002-2083,0.00050,0.16885
CVE-2002-2084,0.01612,0.86144
CVE-2002-2085,0.00330,0.68110
CVE-2002-2086,0.01082,0.82800
CVE-2002-2087,0.00386,0.70457
CVE-2002-2088,0.00953,0.81577
CVE-2002-2089,0.00044,0.10704
CVE-2002-2090,0.00400,0.70953
CVE-2002-2091,0.03106,0.90106
CVE-2002-2092,0.00042,0.05722
CVE-2002-2093,0.00052,0.17666
CVE-2002-2094,0.00538,0.74863
CVE-2002-2095,0.00235,0.61658
CVE-2002-2096,0.10840,0.94606
CVE-2002-2097,0.01284,0.84371
CVE-2002-2098,0.05424,0.92440
CVE-2002-2099,0.00042,0.05722
CVE-2002-2100,0.00685,0.78003
CVE-2002-2101,0.00849,0.80414
CVE-2002-2102,0.01216,0.83880
CVE-2002-2103,0.01947,0.87482
CVE-2002-2104,0.07947,0.93682
CVE-2002-2105,0.00043,0.07631
CVE-2002-2106,0.05802,0.92665
CVE-2002-2107,0.00350,0.68996
CVE-2002-2108,0.00624,0.76742
CVE-2002-2109,0.01019,0.82211
CVE-2002-2110,0.01156,0.83394
CVE-2002-2111,0.00952,0.81563
CVE-2002-2112,0.00651,0.77299
CVE-2002-2113,0.02560,0.89169
CVE-2002-2114,0.03170,0.90192
CVE-2002-2115,0.00220,0.59959
CVE-2002-2116,0.01364,0.84887
CVE-2002-2117,0.00415,0.71467
CVE-2002-2118,0.01159,0.83412
CVE-2002-2119,0.02196,0.88331
CVE-2002-2120,0.00142,0.49976
CVE-2002-2121,0.01216,0.83880
CVE-2002-2122,0.00042,0.05722
CVE-2002-2123,0.01216,0.83868
CVE-2002-2124,0.01364,0.84887
CVE-2002-2125,0.00326,0.67859
CVE-2002-2126,0.00042,0.05722
CVE-2002-2127,0.00052,0.17666
CVE-2002-2128,0.00042,0.05722
CVE-2002-2129,0.00315,0.67286
CVE-2002-2130,0.01732,0.86599
CVE-2002-2131,0.00395,0.70788
CVE-2002-2132,0.00060,0.23586
CVE-2002-2133,0.01942,0.87468
CVE-2002-2134,0.03249,0.90321
CVE-2002-2137,0.00452,0.72571
CVE-2002-2138,0.02145,0.88185
CVE-2002-2139,0.00116,0.45243
CVE-2002-2140,0.00724,0.78682
CVE-2002-2141,0.02002,0.87685
CVE-2002-2142,0.00336,0.68395
CVE-2002-2143,0.03244,0.90313
CVE-2002-2144,0.00349,0.68937
CVE-2002-2145,0.03693,0.90895
CVE-2002-2146,0.01316,0.84574
CVE-2002-2148,0.00628,0.76823
CVE-2002-2149,0.03154,0.90170
CVE-2002-2150,0.01220,0.83910
CVE-2002-2152,0.01152,0.83368
CVE-2002-2153,0.01170,0.83525
CVE-2002-2154,0.00703,0.78276
CVE-2002-2155,0.00522,0.74458
CVE-2002-2156,0.00470,0.73049
CVE-2002-2158,0.00591,0.76043
CVE-2002-2159,0.01095,0.82895
CVE-2002-2161,0.01216,0.83880
CVE-2002-2162,0.00042,0.00438
CVE-2002-2163,0.00099,0.40707
CVE-2002-2164,0.10912,0.94619
CVE-2002-2165,0.00042,0.00438
CVE-2002-2166,0.00169,0.53879
CVE-2002-2167,0.00429,0.71860
CVE-2002-2168,0.00327,0.67911
CVE-2002-2169,0.02873,0.89761
CVE-2002-2170,0.03186,0.90220
CVE-2002-2171,0.00315,0.67286
CVE-2002-2172,0.00062,0.24477
CVE-2002-2173,0.04084,0.91309
CVE-2002-2174,0.01181,0.83612
CVE-2002-2175,0.00533,0.74727
CVE-2002-2176,0.00307,0.66844
CVE-2002-2177,0.00544,0.75026
CVE-2002-2178,0.00509,0.74155
CVE-2002-2179,0.02654,0.89366
CVE-2002-2180,0.00042,0.05722
CVE-2002-2181,0.00220,0.60210
CVE-2002-2182,0.03669,0.90858
CVE-2002-2183,0.00538,0.74867
CVE-2002-2184,0.00236,0.61766
CVE-2002-2185,0.00208,0.58772
CVE-2002-2186,0.00407,0.71192
CVE-2002-2187,0.00261,0.63916
CVE-2002-2188,0.00042,0.05722
CVE-2002-2189,0.00422,0.71691
CVE-2002-2190,0.04227,0.91432
CVE-2002-2191,0.03068,0.90049
CVE-2002-2192,0.00873,0.80662
CVE-2002-2193,0.00368,0.69763
CVE-2002-2195,0.01527,0.85734
CVE-2002-2196,0.08219,0.93778
CVE-2002-2197,0.00044,0.10704
CVE-2002-2198,0.04166,0.91379
CVE-2002-2199,0.00042,0.05722
CVE-2002-2200,0.04907,0.92044
CVE-2002-2201,0.10826,0.94604
CVE-2002-2202,0.00046,0.13867
CVE-2002-2203,0.00044,0.10704
CVE-2002-2204,0.01152,0.83368
CVE-2002-2205,0.01752,0.86677
CVE-2002-2206,0.00043,0.07360
CVE-2002-2207,0.05424,0.92440
CVE-2002-2208,0.11825,0.94844
CVE-2002-2209,0.00262,0.63987
CVE-2002-2210,0.00042,0.05722
CVE-2002-2211,0.01937,0.87446
CVE-2002-2212,0.00610,0.76423
CVE-2002-2213,0.00610,0.76423
CVE-2002-2214,0.00848,0.80405
CVE-2002-2215,0.00198,0.57758
CVE-2002-2216,0.00378,0.70146
CVE-2002-2217,0.07581,0.93526
CVE-2002-2218,0.00325,0.67833
CVE-2002-2219,0.39027,0.96908
CVE-2002-2220,0.00042,0.05722
CVE-2002-2221,0.00042,0.05722
CVE-2002-2222,0.00701,0.78257
CVE-2002-2223,0.03177,0.90204
CVE-2002-2224,0.03177,0.90204
CVE-2002-2225,0.01774,0.86741
CVE-2002-2226,0.36583,0.96799
CVE-2002-2227,0.00732,0.78812
CVE-2002-2228,0.00257,0.63557
CVE-2002-2229,0.00530,0.74662
CVE-2002-2230,0.00132,0.48166
CVE-2002-2231,0.00254,0.63423
CVE-2002-2232,0.07185,0.93396
CVE-2002-2233,0.00290,0.65841
CVE-2002-2234,0.00783,0.79560
CVE-2002-2235,0.00283,0.65379
CVE-2002-2236,0.01610,0.86133
CVE-2002-2237,0.01431,0.85229
CVE-2002-2238,0.00530,0.74662
CVE-2002-2239,0.00593,0.76072
CVE-2002-2240,0.00327,0.67939
CVE-2002-2241,0.00766,0.79318
CVE-2002-2242,0.00191,0.56783
CVE-2002-2243,0.00920,0.81233
CVE-2002-2244,0.00042,0.05722
CVE-2002-2245,0.00095,0.39671
CVE-2002-2246,0.00195,0.57440
CVE-2002-2247,0.00894,0.80932
CVE-2002-2248,0.03428,0.90573
CVE-2002-2249,0.01958,0.87520
CVE-2002-2250,0.16199,0.95509
CVE-2002-2251,0.04721,0.91873
CVE-2002-2252,0.00102,0.41519
CVE-2002-2253,0.08028,0.93711
CVE-2002-2254,0.00051,0.17134
CVE-2002-2255,0.00195,0.57440
CVE-2002-2256,0.00530,0.74662
CVE-2002-2257,0.01595,0.86055
CVE-2002-2258,0.01160,0.83421
CVE-2002-2259,0.00042,0.05722
CVE-2002-2260,0.00226,0.60939
CVE-2002-2261,0.01606,0.86121
CVE-2002-2262,0.01004,0.82082
CVE-2002-2263,0.00042,0.05722
CVE-2002-2264,0.00640,0.77051
CVE-2002-2265,0.00303,0.66562
CVE-2002-2266,0.00766,0.79318
CVE-2002-2267,0.00042,0.05722
CVE-2002-2268,0.91349,0.98685
CVE-2002-2269,0.00343,0.68686
CVE-2002-2270,0.00042,0.05722
CVE-2002-2271,0.00359,0.69373
CVE-2002-2272,0.00720,0.78610
CVE-2002-2273,0.00220,0.60154
CVE-2002-2274,0.00042,0.05722
CVE-2002-2275,0.00042,0.05722
CVE-2002-2276,0.00369,0.69805
CVE-2002-2277,0.00140,0.49543
CVE-2002-2278,0.00132,0.48166
CVE-2002-2279,0.00718,0.78584
CVE-2002-2280,0.00051,0.17134
CVE-2002-2281,0.05143,0.92226
CVE-2002-2282,0.00042,0.05722
CVE-2002-2283,0.00088,0.36841
CVE-2002-2284,0.00304,0.66633
CVE-2002-2285,0.00311,0.67049
CVE-2002-2286,0.00706,0.78352
CVE-2002-2287,0.02283,0.88576
CVE-2002-2288,0.00992,0.81984
CVE-2002-2289,0.00948,0.81521
CVE-2002-2290,0.00540,0.74912
CVE-2002-2291,0.01144,0.83296
CVE-2002-2292,0.00345,0.68772
CVE-2002-2293,0.00042,0.05722
CVE-2002-2294,0.00154,0.51684
CVE-2002-2295,0.21867,0.96050
CVE-2002-2296,0.00195,0.57440
CVE-2002-2297,0.00565,0.75455
CVE-2002-2298,0.00568,0.75519
CVE-2002-2299,0.00568,0.75519
CVE-2002-2300,0.10884,0.94614
CVE-2002-2301,0.00042,0.05722
CVE-2002-2302,0.00479,0.73343
CVE-2002-2303,0.00411,0.71323
CVE-2002-2304,0.00064,0.26120
CVE-2002-2305,0.00125,0.47070
CVE-2002-2306,0.02712,0.89485
CVE-2002-2307,0.00385,0.70435
CVE-2002-2308,0.00264,0.64126
CVE-2002-2309,0.06022,0.92790
CVE-2002-2310,0.00572,0.75610
CVE-2002-2311,0.01013,0.82149
CVE-2002-2312,0.01013,0.82147
CVE-2002-2313,0.00280,0.65146
CVE-2002-2314,0.01521,0.85706
CVE-2002-2315,0.02060,0.87879
CVE-2002-2316,0.00354,0.69155
CVE-2002-2317,0.00154,0.51684
CVE-2002-2318,0.00195,0.57440
CVE-2002-2319,0.01406,0.85105
CVE-2002-2320,0.00219,0.59938
CVE-2002-2321,0.00195,0.57440
CVE-2002-2322,0.00330,0.68102
CVE-2002-2323,0.00128,0.47408
CVE-2002-2324,0.00044,0.08021
CVE-2002-2325,0.02460,0.88988
CVE-2002-2326,0.00260,0.63821
CVE-2002-2327,0.00044,0.10704
CVE-2002-2328,0.03468,0.90619
CVE-2002-2329,0.00827,0.80155
CVE-2002-2330,0.00192,0.57132
CVE-2002-2331,0.01038,0.82385
CVE-2002-2332,0.01002,0.82064
CVE-2002-2333,0.00850,0.80423
CVE-2002-2334,0.00042,0.05722
CVE-2002-2335,0.00677,0.77871
CVE-2002-2336,0.01404,0.85098
CVE-2002-2337,0.00631,0.76874
CVE-2002-2338,0.05355,0.92384
CVE-2002-2339,0.00156,0.52007
CVE-2002-2340,0.00220,0.60207
CVE-2002-2341,0.00186,0.55980
CVE-2002-2342,0.00191,0.56783
CVE-2002-2343,0.00186,0.55980
CVE-2002-2344,0.00278,0.65037
CVE-2002-2345,0.00666,0.77621
CVE-2002-2346,0.00330,0.68102
CVE-2002-2347,0.00192,0.56902
CVE-2002-2348,0.00186,0.55980
CVE-2002-2349,0.01122,0.83126
CVE-2002-2350,0.00160,0.52571
CVE-2002-2351,0.01880,0.87218
CVE-2002-2352,0.00317,0.67421
CVE-2002-2353,0.01510,0.85650
CVE-2002-2354,0.00943,0.81469
CVE-2002-2355,0.00249,0.62905
CVE-2002-2356,0.00303,0.66562
CVE-2002-2357,0.01082,0.82811
CVE-2002-2358,0.00386,0.70474
CVE-2002-2359,0.00233,0.61440
CVE-2002-2360,0.02969,0.89894
CVE-2002-2361,0.00260,0.63845
CVE-2002-2362,0.00186,0.55980
CVE-2002-2363,0.00042,0.05722
CVE-2002-2364,0.00132,0.48166
CVE-2002-2365,0.00951,0.81557
CVE-2002-2366,0.03383,0.90512
CVE-2002-2367,0.02955,0.89872
CVE-2002-2368,0.02007,0.87714
CVE-2002-2369,0.00377,0.70123
CVE-2002-2370,0.03402,0.90537
CVE-2002-2371,0.01163,0.83447
CVE-2002-2372,0.01502,0.85606
CVE-2002-2373,0.00756,0.79173
CVE-2002-2374,0.00185,0.55860
CVE-2002-2375,0.00382,0.70287
CVE-2002-2376,0.00297,0.66267
CVE-2002-2377,0.00254,0.63423
CVE-2002-2378,0.00192,0.57132
CVE-2002-2379,0.01985,0.87617
CVE-2002-2380,0.00633,0.76900
CVE-2002-2381,0.08477,0.93859
CVE-2002-2382,0.00042,0.05722
CVE-2002-2383,0.00125,0.47070
CVE-2002-2384,0.00042,0.05722
CVE-2002-2385,0.10812,0.94602
CVE-2002-2386,0.00192,0.57132
CVE-2002-2387,0.00345,0.68772
CVE-2002-2388,0.00315,0.67299
CVE-2002-2389,0.00841,0.80333
CVE-2002-2390,0.03745,0.90951
CVE-2002-2391,0.00102,0.41432
CVE-2002-2392,0.00633,0.76902
CVE-2002-2393,0.00943,0.81469
CVE-2002-2394,0.00873,0.80666
CVE-2002-2395,0.00873,0.80666
CVE-2002-2396,0.00042,0.05722
CVE-2002-2397,0.00502,0.73950
CVE-2002-2398,0.00398,0.70924
CVE-2002-2399,0.01699,0.86467
CVE-2002-2400,0.13092,0.95050
CVE-2002-2401,0.00044,0.08021
CVE-2002-2402,0.00756,0.79173
CVE-2002-2403,0.02221,0.88404
CVE-2002-2404,0.01160,0.83421
CVE-2002-2405,0.00149,0.50921
CVE-2002-2406,0.00827,0.80155
CVE-2002-2407,0.00042,0.05722
CVE-2002-2408,0.00788,0.79655
CVE-2002-2409,0.00098,0.40441
CVE-2002-2410,0.00369,0.69805
CVE-2002-2411,0.02422,0.88901
CVE-2002-2412,0.00053,0.18852
CVE-2002-2413,0.00346,0.68793
CVE-2002-2414,0.00763,0.79264
CVE-2002-2415,0.00820,0.80050
CVE-2002-2416,0.01076,0.82749
CVE-2002-2417,0.04758,0.91918
CVE-2002-2418,0.00415,0.71458
CVE-2002-2419,0.00801,0.79834
CVE-2002-2420,0.00951,0.81547
CVE-2002-2421,0.00341,0.68587
CVE-2002-2422,0.00297,0.66267
CVE-2002-2423,0.00359,0.69363
CVE-2002-2424,0.00186,0.55980
CVE-2002-2425,0.00888,0.80854
CVE-2002-2426,0.00247,0.62713
CVE-2002-2427,0.00214,0.59489
CVE-2002-2428,0.00480,0.73344
CVE-2002-2429,0.00411,0.71302
CVE-2002-2430,0.00333,0.68273
CVE-2002-2431,0.00503,0.73999
CVE-2002-2432,0.00109,0.43769
CVE-2002-2433,0.00208,0.58744
CVE-2002-2434,0.00116,0.45398
CVE-2002-2435,0.00578,0.75744
CVE-2002-2436,0.00341,0.68592
CVE-2002-2437,0.00330,0.68108
CVE-2002-2438,0.00398,0.70922
CVE-2002-2439,0.00086,0.35759
CVE-2002-2443,0.95516,0.99259
CVE-2002-2444,0.00351,0.69027
CVE-2002-2445,0.00325,0.67827
CVE-2002-2446,0.00420,0.71598
CVE-2003-0001,0.02328,0.88671
CVE-2003-0002,0.01366,0.84895
CVE-2003-0003,0.02013,0.87728
CVE-2003-0004,0.00045,0.11808
CVE-2003-0007,0.00311,0.67025
CVE-2003-0009,0.04983,0.92091
CVE-2003-0010,0.10214,0.94441
CVE-2003-0011,0.00502,0.73945
CVE-2003-0012,0.00042,0.05722
CVE-2003-0013,0.04218,0.91419
CVE-2003-0014,0.00042,0.05722
CVE-2003-0015,0.28806,0.96462
CVE-2003-0016,0.05858,0.92698
CVE-2003-0017,0.00103,0.41575
CVE-2003-0018,0.00042,0.05722
CVE-2003-0019,0.00042,0.05845
CVE-2003-0020,0.01020,0.82213
CVE-2003-0021,0.00347,0.68812
CVE-2003-0022,0.00390,0.70638
CVE-2003-0023,0.00547,0.75086
CVE-2003-0024,0.00680,0.77927
CVE-2003-0025,0.00588,0.75987
CVE-2003-0026,0.13471,0.95114
CVE-2003-0027,0.54019,0.97345
CVE-2003-0028,0.97348,0.99881
CVE-2003-0030,0.01578,0.85990
CVE-2003-0031,0.00441,0.72263
CVE-2003-0032,0.00415,0.71480
CVE-2003-0033,0.35963,0.96779
CVE-2003-0034,0.00042,0.00438
CVE-2003-0035,0.00042,0.05722
CVE-2003-0036,0.00042,0.05722
CVE-2003-0037,0.05054,0.92163
CVE-2003-0038,0.00393,0.70732
CVE-2003-0039,0.04433,0.91612
CVE-2003-0040,0.00258,0.63638
CVE-2003-0041,0.00850,0.80423
CVE-2003-0042,0.88183,0.98447
CVE-2003-0043,0.00440,0.72242
CVE-2003-0044,0.93262,0.98905
CVE-2003-0045,0.00352,0.69057
CVE-2003-0046,0.00059,0.22933
CVE-2003-0047,0.00059,0.22933
CVE-2003-0048,0.00059,0.22933
CVE-2003-0049,0.00479,0.73327
CVE-2003-0050,0.78783,0.98009
CVE-2003-0051,0.00767,0.79334
CVE-2003-0052,0.00767,0.79334
CVE-2003-0053,0.00679,0.77903
CVE-2003-0054,0.01237,0.84038
CVE-2003-0055,0.04998,0.92103
CVE-2003-0056,0.00042,0.00438
CVE-2003-0057,0.06794,0.93228
CVE-2003-0058,0.01451,0.85337
CVE-2003-0059,0.02164,0.88248
CVE-2003-0060,0.08843,0.93994
CVE-2003-0061,0.00042,0.05722
CVE-2003-0062,0.00045,0.12299
CVE-2003-0063,0.01072,0.82716
CVE-2003-0064,0.00292,0.65992
CVE-2003-0065,0.00680,0.77927
CVE-2003-0066,0.00468,0.72992
CVE-2003-0067,0.00610,0.76433
CVE-2003-0068,0.00411,0.71303
CVE-2003-0069,0.00680,0.77927
CVE-2003-0070,0.00297,0.66275
CVE-2003-0071,0.00059,0.22933
CVE-2003-0072,0.01402,0.85079
CVE-2003-0073,0.01100,0.82940
CVE-2003-0074,0.00541,0.74935
CVE-2003-0075,0.07241,0.93415
CVE-2003-0076,0.00514,0.74252
CVE-2003-0077,0.00407,0.71196
CVE-2003-0078,0.01978,0.87593
CVE-2003-0079,0.00059,0.22933
CVE-2003-0080,0.00402,0.71022
CVE-2003-0081,0.04666,0.91826
CVE-2003-0082,0.02103,0.88026
CVE-2003-0083,0.01634,0.86237
CVE-2003-0084,0.00407,0.71196
CVE-2003-0085,0.96331,0.99452
CVE-2003-0086,0.00349,0.68964
CVE-2003-0087,0.00043,0.07520
CVE-2003-0088,0.00042,0.05722
CVE-2003-0089,0.00042,0.00438
CVE-2003-0091,0.00063,0.25302
CVE-2003-0092,0.00044,0.10704
CVE-2003-0093,0.02015,0.87731
CVE-2003-0094,0.00307,0.66880
CVE-2003-0095,0.68889,0.97713
CVE-2003-0096,0.02337,0.88692
CVE-2003-0097,0.00391,0.70649
CVE-2003-0098,0.00950,0.81529
CVE-2003-0099,0.00085,0.35242
CVE-2003-0100,0.01855,0.87105
CVE-2003-0101,0.06884,0.93266
CVE-2003-0102,0.00238,0.62003
CVE-2003-0103,0.01063,0.82636
CVE-2003-0104,0.00797,0.79796
CVE-2003-0105,0.00515,0.74299
CVE-2003-0106,0.00121,0.46253
CVE-2003-0107,0.04092,0.91318
CVE-2003-0108,0.03790,0.91005
CVE-2003-0109,0.97418,0.99927
CVE-2003-0110,0.01151,0.83345
CVE-2003-0111,0.06792,0.93227
CVE-2003-0112,0.00044,0.08094
CVE-2003-0113,0.07800,0.93613
CVE-2003-0114,0.02143,0.88178
CVE-2003-0115,0.00957,0.81620
CVE-2003-0116,0.00822,0.80076
CVE-2003-0117,0.00866,0.80596
CVE-2003-0118,0.00280,0.65166
CVE-2003-0119,0.01220,0.83911
CVE-2003-0120,0.00042,0.05722
CVE-2003-0121,0.02576,0.89198
CVE-2003-0122,0.01605,0.86116
CVE-2003-0123,0.00320,0.67566
CVE-2003-0124,0.00212,0.59255
CVE-2003-0125,0.09798,0.94303
CVE-2003-0126,0.00182,0.55533
CVE-2003-0127,0.00043,0.05918
CVE-2003-0128,0.16193,0.95507
CVE-2003-0129,0.06072,0.92807
CVE-2003-0130,0.02509,0.89081
CVE-2003-0131,0.05378,0.92407
CVE-2003-0132,0.91799,0.98733
CVE-2003-0133,0.01040,0.82412
CVE-2003-0134,0.00889,0.80878
CVE-2003-0135,0.00367,0.69736
CVE-2003-0136,0.00042,0.05722
CVE-2003-0137,0.01289,0.84409
CVE-2003-0138,0.01843,0.87061
CVE-2003-0139,0.02086,0.87969
CVE-2003-0140,0.02179,0.88290
CVE-2003-0141,0.01217,0.83884
CVE-2003-0142,0.00422,0.71676
CVE-2003-0143,0.01201,0.83755
CVE-2003-0144,0.00043,0.07520
CVE-2003-0145,0.01918,0.87383
CVE-2003-0146,0.09019,0.94057
CVE-2003-0147,0.00863,0.80559
CVE-2003-0148,0.00044,0.10161
CVE-2003-0149,0.00884,0.80792
CVE-2003-0150,0.02054,0.87863
CVE-2003-0151,0.08264,0.93790
CVE-2003-0152,0.00458,0.72731
CVE-2003-0153,0.00890,0.80889
CVE-2003-0154,0.01136,0.83240
CVE-2003-0155,0.00664,0.77579
CVE-2003-0156,0.01172,0.83530
CVE-2003-0159,0.02926,0.89832
CVE-2003-0160,0.00190,0.56626
CVE-2003-0161,0.17217,0.95637
CVE-2003-0162,0.01219,0.83900
CVE-2003-0163,0.00746,0.78992
CVE-2003-0165,0.00143,0.50092
CVE-2003-0166,0.10161,0.94430
CVE-2003-0167,0.00668,0.77672
CVE-2003-0168,0.13749,0.95152
CVE-2003-0169,0.01356,0.84829
CVE-2003-0170,0.01265,0.84240
CVE-2003-0171,0.00042,0.00438
CVE-2003-0172,0.14352,0.95245
CVE-2003-0173,0.00043,0.07323
CVE-2003-0174,0.00416,0.71487
CVE-2003-0175,0.00045,0.12220
CVE-2003-0176,0.00210,0.58955
CVE-2003-0177,0.00044,0.10161
CVE-2003-0178,0.91779,0.98730
CVE-2003-0179,0.04942,0.92064
CVE-2003-0180,0.00898,0.80984
CVE-2003-0181,0.00694,0.78157
CVE-2003-0187,0.00265,0.64256
CVE-2003-0188,0.00042,0.05722
CVE-2003-0189,0.00888,0.80868
CVE-2003-0190,0.01517,0.85685
CVE-2003-0192,0.01038,0.82385
CVE-2003-0193,0.00042,0.05722
CVE-2003-0194,0.00044,0.10161
CVE-2003-0195,0.06072,0.92807
CVE-2003-0196,0.04494,0.91665
CVE-2003-0197,0.00042,0.05722
CVE-2003-0198,0.00254,0.63431
CVE-2003-0201,0.97066,0.99721
CVE-2003-0202,0.00042,0.05722
CVE-2003-0203,0.01276,0.84297
CVE-2003-0204,0.00811,0.79953
CVE-2003-0205,0.00231,0.61303
CVE-2003-0206,0.00252,0.63169
CVE-2003-0207,0.00042,0.05722
CVE-2003-0208,0.00224,0.60734
CVE-2003-0209,0.12097,0.94893
CVE-2003-0210,0.03014,0.89952
CVE-2003-0211,0.08184,0.93764
CVE-2003-0212,0.00828,0.80160
CVE-2003-0213,0.30570,0.96555
CVE-2003-0214,0.00042,0.05722
CVE-2003-0215,0.00453,0.72612
CVE-2003-0216,0.00078,0.32234
CVE-2003-0217,0.00323,0.67718
CVE-2003-0218,0.07624,0.93541
CVE-2003-0219,0.02730,0.89524
CVE-2003-0220,0.47023,0.97149
CVE-2003-0221,0.00042,0.05722
CVE-2003-0222,0.34924,0.96740
CVE-2003-0223,0.01903,0.87327
CVE-2003-0224,0.00414,0.71448
CVE-2003-0225,0.06159,0.92875
CVE-2003-0226,0.05929,0.92743
CVE-2003-0227,0.95933,0.99347
CVE-2003-0228,0.95561,0.99270
CVE-2003-0230,0.00053,0.19045
CVE-2003-0231,0.11463,0.94749
CVE-2003-0232,0.00043,0.07733
CVE-2003-0233,0.04984,0.92092
CVE-2003-0235,0.00582,0.75816
CVE-2003-0236,0.10588,0.94534
CVE-2003-0237,0.01237,0.84038
CVE-2003-0238,0.01444,0.85308
CVE-2003-0239,0.01444,0.85308
CVE-2003-0240,0.02353,0.88734
CVE-2003-0241,0.00521,0.74443
CVE-2003-0242,0.01132,0.83193
CVE-2003-0243,0.01379,0.84963
CVE-2003-0244,0.12290,0.94919
CVE-2003-0245,0.96597,0.99545
CVE-2003-0246,0.00044,0.08000
CVE-2003-0247,0.02816,0.89670
CVE-2003-0248,0.00793,0.79745
CVE-2003-0249,0.00369,0.69828
CVE-2003-0251,0.13244,0.95075
CVE-2003-0252,0.16329,0.95521
CVE-2003-0253,0.00282,0.65353
CVE-2003-0254,0.00228,0.61096
CVE-2003-0255,0.01535,0.85769
CVE-2003-0256,0.01332,0.84653
CVE-2003-0257,0.00058,0.21976
CVE-2003-0258,0.00787,0.79607
CVE-2003-0259,0.00831,0.80212
CVE-2003-0260,0.00831,0.80212
CVE-2003-0261,0.00042,0.05722
CVE-2003-0262,0.00042,0.00438
CVE-2003-0263,0.51619,0.97282
CVE-2003-0264,0.24220,0.96207
CVE-2003-0265,0.00042,0.00438
CVE-2003-0266,0.08106,0.93740
CVE-2003-0267,0.01063,0.82636
CVE-2003-0268,0.00459,0.72775
CVE-2003-0269,0.00042,0.00438
CVE-2003-0270,0.02478,0.89019
CVE-2003-0271,0.03380,0.90510
CVE-2003-0272,0.00875,0.80706
CVE-2003-0273,0.00368,0.69782
CVE-2003-0274,0.01281,0.84331
CVE-2003-0275,0.00252,0.63164
CVE-2003-0276,0.05335,0.92366
CVE-2003-0277,0.02451,0.88966
CVE-2003-0278,0.00824,0.80107
CVE-2003-0279,0.00329,0.68007
CVE-2003-0280,0.13276,0.95081
CVE-2003-0281,0.00060,0.23520
CVE-2003-0282,0.00179,0.55220
CVE-2003-0283,0.00830,0.80185
CVE-2003-0284,0.00329,0.68008
CVE-2003-0285,0.00455,0.72661
CVE-2003-0286,0.00396,0.70822
CVE-2003-0287,0.01601,0.86092
CVE-2003-0288,0.04815,0.91979
CVE-2003-0289,0.00042,0.00438
CVE-2003-0290,0.04570,0.91727
CVE-2003-0291,0.00686,0.78026
CVE-2003-0292,0.04753,0.91903
CVE-2003-0293,0.01200,0.83751
CVE-2003-0294,0.00686,0.78027
CVE-2003-0295,0.00879,0.80744
CVE-2003-0296,0.00340,0.68547
CVE-2003-0297,0.00537,0.74833
CVE-2003-0298,0.00285,0.65523
CVE-2003-0299,0.00340,0.68547
CVE-2003-0300,0.00321,0.67608
CVE-2003-0301,0.00383,0.70319
CVE-2003-0302,0.00129,0.47751
CVE-2003-0303,0.00268,0.64432
CVE-2003-0304,0.01654,0.86307
CVE-2003-0305,0.00194,0.57365
CVE-2003-0306,0.00120,0.46076
CVE-2003-0307,0.00727,0.78723
CVE-2003-0308,0.00042,0.05722
CVE-2003-0309,0.03751,0.90959
CVE-2003-0310,0.00863,0.80568
CVE-2003-0312,0.17580,0.95682
CVE-2003-0313,0.01175,0.83549
CVE-2003-0314,0.03740,0.90945
CVE-2003-0315,0.01542,0.85805
CVE-2003-0316,0.00101,0.41108
CVE-2003-0317,0.04273,0.91474
CVE-2003-0318,0.00121,0.46354
CVE-2003-0319,0.00757,0.79180
CVE-2003-0320,0.06997,0.93319
CVE-2003-0321,0.01272,0.84269
CVE-2003-0322,0.00115,0.45183
CVE-2003-0323,0.00622,0.76701
CVE-2003-0324,0.00668,0.77672
CVE-2003-0325,0.00042,0.00438
CVE-2003-0326,0.00044,0.10161
CVE-2003-0327,0.00927,0.81309
CVE-2003-0328,0.00721,0.78633
CVE-2003-0329,0.00042,0.05722
CVE-2003-0330,0.00042,0.05722
CVE-2003-0331,0.00201,0.58094
CVE-2003-0332,0.00277,0.64956
CVE-2003-0333,0.00095,0.39753
CVE-2003-0334,0.00059,0.22933
CVE-2003-0335,0.00314,0.67215
CVE-2003-0336,0.00686,0.78027
CVE-2003-0337,0.00042,0.05722
CVE-2003-0338,0.13062,0.95041
CVE-2003-0339,0.07900,0.93656
CVE-2003-0340,0.00314,0.67215
CVE-2003-0341,0.00432,0.71957
CVE-2003-0342,0.00042,0.05722
CVE-2003-0343,0.00201,0.58000
CVE-2003-0344,0.97070,0.99725
CVE-2003-0345,0.32667,0.96641
CVE-2003-0346,0.31506,0.96597
CVE-2003-0347,0.94458,0.99064
CVE-2003-0348,0.01350,0.84770
CVE-2003-0349,0.96470,0.99494
CVE-2003-0350,0.00053,0.18266
CVE-2003-0352,0.97161,0.99768
CVE-2003-0353,0.11314,0.94721
CVE-2003-0354,0.00345,0.68764
CVE-2003-0355,0.00274,0.64760
CVE-2003-0356,0.03455,0.90603
CVE-2003-0357,0.07293,0.93432
CVE-2003-0358,0.00042,0.00438
CVE-2003-0359,0.00042,0.05722
CVE-2003-0360,0.00236,0.61741
CVE-2003-0361,0.00307,0.66821
CVE-2003-0362,0.00042,0.05722
CVE-2003-0363,0.00626,0.76796
CVE-2003-0364,0.04513,0.91683
CVE-2003-0365,0.00042,0.05722
CVE-2003-0366,0.00099,0.40559
CVE-2003-0367,0.00042,0.05722
CVE-2003-0368,0.01447,0.85317
CVE-2003-0370,0.00659,0.77420
CVE-2003-0371,0.00407,0.71179
CVE-2003-0372,0.00044,0.08022
CVE-2003-0373,0.00042,0.05753
CVE-2003-0374,0.00377,0.70074
CVE-2003-0375,0.00234,0.61573
CVE-2003-0376,0.05758,0.92640
CVE-2003-0377,0.03378,0.90505
CVE-2003-0378,0.00141,0.49786
CVE-2003-0379,0.00145,0.50305
CVE-2003-0380,0.03083,0.90065
CVE-2003-0381,0.00042,0.05722
CVE-2003-0382,0.00042,0.05722
CVE-2003-0385,0.00042,0.00438
CVE-2003-0386,0.02501,0.89061
CVE-2003-0388,0.00042,0.00438
CVE-2003-0389,0.00217,0.59780
CVE-2003-0390,0.00042,0.00438
CVE-2003-0391,0.03262,0.90342
CVE-2003-0392,0.00615,0.76543
CVE-2003-0393,0.00583,0.75866
CVE-2003-0394,0.02751,0.89564
CVE-2003-0395,0.03847,0.91066
CVE-2003-0396,0.00042,0.00438
CVE-2003-0397,0.05247,0.92297
CVE-2003-0398,0.01787,0.86803
CVE-2003-0399,0.00376,0.70043
CVE-2003-0400,0.01011,0.82135
CVE-2003-0401,0.00888,0.80872
CVE-2003-0402,0.00775,0.79446
CVE-2003-0403,0.00788,0.79626
CVE-2003-0404,0.00238,0.61995
CVE-2003-0405,0.01014,0.82162
CVE-2003-0406,0.00052,0.18252
CVE-2003-0407,0.02557,0.89164
CVE-2003-0408,0.00042,0.00438
CVE-2003-0409,0.02056,0.87867
CVE-2003-0410,0.09698,0.94276
CVE-2003-0411,0.04879,0.92021
CVE-2003-0412,0.02283,0.88577
CVE-2003-0413,0.01603,0.86107
CVE-2003-0414,0.00063,0.25302
CVE-2003-0415,0.00741,0.78934
CVE-2003-0416,0.01001,0.82051
CVE-2003-0417,0.01364,0.84875
CVE-2003-0418,0.00250,0.62990
CVE-2003-0419,0.00246,0.62650
CVE-2003-0420,0.00043,0.05916
CVE-2003-0421,0.00831,0.80211
CVE-2003-0422,0.00289,0.65768
CVE-2003-0423,0.00725,0.78687
CVE-2003-0424,0.00725,0.78687
CVE-2003-0425,0.02895,0.89792
CVE-2003-0426,0.00729,0.78757
CVE-2003-0427,0.04815,0.91979
CVE-2003-0428,0.01629,0.86215
CVE-2003-0429,0.02926,0.89832
CVE-2003-0430,0.00648,0.77189
CVE-2003-0431,0.00344,0.68715
CVE-2003-0432,0.00344,0.68715
CVE-2003-0433,0.00333,0.68255
CVE-2003-0434,0.05067,0.92174
CVE-2003-0435,0.02594,0.89242
CVE-2003-0436,0.01840,0.87054
CVE-2003-0437,0.01840,0.87054
CVE-2003-0438,0.00042,0.05722
CVE-2003-0440,0.00042,0.05722
CVE-2003-0441,0.00042,0.05753
CVE-2003-0442,0.02022,0.87754
CVE-2003-0444,0.02584,0.89218
CVE-2003-0445,0.00800,0.79827
CVE-2003-0446,0.02181,0.88294
CVE-2003-0447,0.05925,0.92740
CVE-2003-0448,0.00042,0.05722
CVE-2003-0449,0.00042,0.00438
CVE-2003-0450,0.03675,0.90868
CVE-2003-0451,0.00042,0.05753
CVE-2003-0452,0.00042,0.05722
CVE-2003-0453,0.00543,0.74982
CVE-2003-0454,0.00042,0.00438
CVE-2003-0455,0.00042,0.05722
CVE-2003-0456,0.00614,0.76537
CVE-2003-0458,0.00042,0.05722
CVE-2003-0459,0.00499,0.73854
CVE-2003-0460,0.05797,0.92660
CVE-2003-0461,0.00042,0.05722
CVE-2003-0462,0.00043,0.07477
CVE-2003-0464,0.00042,0.05722
CVE-2003-0465,0.00217,0.59790
CVE-2003-0466,0.93840,0.98970
CVE-2003-0467,0.00221,0.60317
CVE-2003-0468,0.02642,0.89345
CVE-2003-0469,0.13026,0.95034
CVE-2003-0470,0.00815,0.79995
CVE-2003-0471,0.36890,0.96813
CVE-2003-0472,0.01040,0.82412
CVE-2003-0473,0.00416,0.71487
CVE-2003-0474,0.01582,0.86005
CVE-2003-0475,0.01582,0.86005
CVE-2003-0476,0.00042,0.05722
CVE-2003-0477,0.00252,0.63169
CVE-2003-0478,0.04991,0.92095
CVE-2003-0479,0.00121,0.46354
CVE-2003-0480,0.00042,0.05722
CVE-2003-0481,0.00142,0.49945
CVE-2003-0482,0.01264,0.84236
CVE-2003-0483,0.01242,0.84075
CVE-2003-0484,0.00363,0.69540
CVE-2003-0485,0.00044,0.10161
CVE-2003-0486,0.00345,0.68764
CVE-2003-0487,0.01714,0.86529
CVE-2003-0488,0.02561,0.89171
CVE-2003-0489,0.00042,0.05722
CVE-2003-0490,0.00042,0.05722
CVE-2003-0491,0.01460,0.85391
CVE-2003-0492,0.01002,0.82063
CVE-2003-0493,0.00377,0.70074
CVE-2003-0494,0.01007,0.82102
CVE-2003-0495,0.00196,0.57582
CVE-2003-0496,0.00049,0.15917
CVE-2003-0497,0.00042,0.00438
CVE-2003-0498,0.00042,0.05722
CVE-2003-0499,0.00121,0.46344
CVE-2003-0500,0.00212,0.59098
CVE-2003-0501,0.00042,0.00438
CVE-2003-0502,0.00729,0.78757
CVE-2003-0503,0.01678,0.86395
CVE-2003-0504,0.00603,0.76289
CVE-2003-0505,0.03246,0.90320
CVE-2003-0506,0.02704,0.89470
CVE-2003-0507,0.06745,0.93200
CVE-2003-0508,0.01445,0.85309
CVE-2003-0509,0.00854,0.80474
CVE-2003-0510,0.01937,0.87445
CVE-2003-0511,0.02425,0.88910
CVE-2003-0512,0.00518,0.74359
CVE-2003-0513,0.01220,0.83909
CVE-2003-0514,0.03689,0.90889
CVE-2003-0515,0.00118,0.45754
CVE-2003-0516,0.00193,0.57242
CVE-2003-0517,0.00042,0.05722
CVE-2003-0518,0.00139,0.49422
CVE-2003-0519,0.02704,0.89470
CVE-2003-0520,0.00289,0.65768
CVE-2003-0521,0.01773,0.86737
CVE-2003-0522,0.00204,0.58410
CVE-2003-0523,0.00623,0.76734
CVE-2003-0524,0.00042,0.05722
CVE-2003-0525,0.00344,0.68706
CVE-2003-0526,0.03183,0.90216
CVE-2003-0528,0.69640,0.97735
CVE-2003-0530,0.11208,0.94695
CVE-2003-0531,0.10582,0.94533
CVE-2003-0532,0.32962,0.96650
CVE-2003-0533,0.97208,0.99797
CVE-2003-0535,0.00042,0.05722
CVE-2003-0536,0.00056,0.21208
CVE-2003-0537,0.00042,0.05722
CVE-2003-0538,0.00304,0.66631
CVE-2003-0539,0.00042,0.05722
CVE-2003-0540,0.07700,0.93558
CVE-2003-0541,0.01444,0.85308
CVE-2003-0542,0.00097,0.40101
CVE-2003-0543,0.96727,0.99592
CVE-2003-0544,0.30907,0.96574
CVE-2003-0545,0.58626,0.97456
CVE-2003-0546,0.00875,0.80706
CVE-2003-0547,0.00042,0.05722
CVE-2003-0548,0.00410,0.71273
CVE-2003-0549,0.00410,0.71273
CVE-2003-0550,0.00245,0.62589
CVE-2003-0551,0.00453,0.72601
CVE-2003-0552,0.00890,0.80885
CVE-2003-0553,0.43507,0.97037
CVE-2003-0554,0.00325,0.67816
CVE-2003-0555,0.00340,0.68547
CVE-2003-0556,0.00325,0.67816
CVE-2003-0557,0.00171,0.54239
CVE-2003-0558,0.01278,0.84310
CVE-2003-0559,0.00513,0.74243
CVE-2003-0560,0.00145,0.50403
CVE-2003-0561,0.00374,0.69982
CVE-2003-0562,0.04529,0.91691
CVE-2003-0564,0.19563,0.95881
CVE-2003-0565,0.00400,0.70960
CVE-2003-0567,0.79903,0.98048
CVE-2003-0572,0.00284,0.65484
CVE-2003-0573,0.00099,0.40564
CVE-2003-0574,0.00042,0.05722
CVE-2003-0575,0.00880,0.80754
CVE-2003-0576,0.00325,0.67816
CVE-2003-0577,0.09097,0.94075
CVE-2003-0578,0.00042,0.05722
CVE-2003-0579,0.00042,0.00438
CVE-2003-0580,0.00042,0.05722
CVE-2003-0581,0.00828,0.80160
CVE-2003-0583,0.00042,0.05722
CVE-2003-0584,0.00062,0.24874
CVE-2003-0585,0.00184,0.55758
CVE-2003-0586,0.03598,0.90772
CVE-2003-0587,0.00169,0.53856
CVE-2003-0588,0.00617,0.76604
CVE-2003-0589,0.00617,0.76604
CVE-2003-0590,0.00288,0.65721
CVE-2003-0592,0.01057,0.82559
CVE-2003-0593,0.00754,0.79123
CVE-2003-0594,0.01038,0.82384
CVE-2003-0595,0.01035,0.82349
CVE-2003-0596,0.00042,0.05722
CVE-2003-0597,0.00042,0.05722
CVE-2003-0599,0.00397,0.70878
CVE-2003-0601,0.00845,0.80365
CVE-2003-0602,0.00507,0.74080
CVE-2003-0603,0.00042,0.05722
CVE-2003-0604,0.01032,0.82300
CVE-2003-0605,0.96784,0.99615
CVE-2003-0606,0.00042,0.05722
CVE-2003-0607,0.00042,0.05722
CVE-2003-0609,0.00042,0.00438
CVE-2003-0610,0.02218,0.88397
CVE-2003-0611,0.00042,0.00438
CVE-2003-0612,0.00043,0.07663
CVE-2003-0613,0.00042,0.05722
CVE-2003-0614,0.00445,0.72376
CVE-2003-0615,0.00787,0.79613
CVE-2003-0616,0.01721,0.86562
CVE-2003-0617,0.00042,0.05722
CVE-2003-0618,0.00042,0.05722
CVE-2003-0619,0.04570,0.91727
CVE-2003-0620,0.00042,0.00438
CVE-2003-0621,0.01001,0.82048
CVE-2003-0622,0.01256,0.84157
CVE-2003-0623,0.00306,0.66786
CVE-2003-0624,0.00209,0.58916
CVE-2003-0625,0.03972,0.91183
CVE-2003-0626,0.01123,0.83135
CVE-2003-0627,0.01834,0.87019
CVE-2003-0628,0.00479,0.73319
CVE-2003-0629,0.00140,0.49513
CVE-2003-0630,0.00042,0.05753
CVE-2003-0631,0.00042,0.05722
CVE-2003-0632,0.01365,0.84893
CVE-2003-0633,0.00832,0.80221
CVE-2003-0634,0.01443,0.85299
CVE-2003-0635,0.00144,0.50278
CVE-2003-0636,0.00169,0.53936
CVE-2003-0637,0.00133,0.48439
CVE-2003-0638,0.00819,0.80044
CVE-2003-0639,0.00320,0.67600
CVE-2003-0640,0.00221,0.60291
CVE-2003-0641,0.00042,0.05722
CVE-2003-0642,0.00042,0.05722
CVE-2003-0643,0.00070,0.28797
CVE-2003-0644,0.00042,0.05722
CVE-2003-0645,0.00042,0.00438
CVE-2003-0646,0.02423,0.88903
CVE-2003-0647,0.00937,0.81396
CVE-2003-0648,0.00225,0.60815
CVE-2003-0649,0.00042,0.00438
CVE-2003-0650,0.04328,0.91527
CVE-2003-0651,0.01240,0.84055
CVE-2003-0652,0.00042,0.05722
CVE-2003-0653,0.00271,0.64575
CVE-2003-0654,0.01598,0.86068
CVE-2003-0655,0.00042,0.00438
CVE-2003-0656,0.00042,0.05722
CVE-2003-0657,0.00123,0.46612
CVE-2003-0658,0.00767,0.79334
CVE-2003-0659,0.00061,0.24097
CVE-2003-0660,0.13996,0.95193
CVE-2003-0661,0.00906,0.81063
CVE-2003-0662,0.96713,0.99585
CVE-2003-0663,0.05090,0.92191
CVE-2003-0664,0.01006,0.82094
CVE-2003-0665,0.07724,0.93566
CVE-2003-0666,0.09293,0.94153
CVE-2003-0669,0.00044,0.10704
CVE-2003-0670,0.00042,0.05722
CVE-2003-0671,0.00042,0.00438
CVE-2003-0672,0.00553,0.75200
CVE-2003-0676,0.01034,0.82329
CVE-2003-0677,0.00717,0.78552
CVE-2003-0679,0.00042,0.05722
CVE-2003-0680,0.00260,0.63856
CVE-2003-0681,0.00831,0.80208
CVE-2003-0682,0.00916,0.81181
CVE-2003-0683,0.00402,0.71022
CVE-2003-0685,0.00418,0.71542
CVE-2003-0686,0.51176,0.97272
CVE-2003-0688,0.07256,0.93420
CVE-2003-0689,0.00379,0.70192
CVE-2003-0690,0.00831,0.80207
CVE-2003-0692,0.00912,0.81127
CVE-2003-0693,0.43988,0.97051
CVE-2003-0694,0.04837,0.91992
CVE-2003-0695,0.01622,0.86193
CVE-2003-0696,0.00376,0.70057
CVE-2003-0697,0.00084,0.34808
CVE-2003-0699,0.00422,0.71695
CVE-2003-0700,0.00373,0.69938
CVE-2003-0701,0.07724,0.93566
CVE-2003-0702,0.03702,0.90902
CVE-2003-0703,0.00042,0.05722
CVE-2003-0704,0.00042,0.05722
CVE-2003-0705,0.02156,0.88227
CVE-2003-0706,0.00710,0.78445
CVE-2003-0707,0.01119,0.83092
CVE-2003-0708,0.00282,0.65348
CVE-2003-0709,0.01057,0.82553
CVE-2003-0711,0.55758,0.97390
CVE-2003-0712,0.00574,0.75639
CVE-2003-0714,0.08801,0.93982
CVE-2003-0715,0.70330,0.97760
CVE-2003-0717,0.97158,0.99767
CVE-2003-0718,0.94652,0.99094
CVE-2003-0719,0.95568,0.99272
CVE-2003-0720,0.24577,0.96229
CVE-2003-0721,0.12205,0.94910
CVE-2003-0722,0.97073,0.99725
CVE-2003-0723,0.01787,0.86800
CVE-2003-0724,0.00380,0.70219
CVE-2003-0725,0.88061,0.98442
CVE-2003-0726,0.84878,0.98274
CVE-2003-0727,0.93206,0.98890
CVE-2003-0728,0.00284,0.65461
CVE-2003-0729,0.02693,0.89449
CVE-2003-0730,0.05875,0.92709
CVE-2003-0731,0.00243,0.62386
CVE-2003-0732,0.00243,0.62386
CVE-2003-0733,0.00259,0.63771
CVE-2003-0734,0.00260,0.63856
CVE-2003-0735,0.00233,0.61469
CVE-2003-0736,0.00695,0.78169
CVE-2003-0737,0.00576,0.75710
CVE-2003-0738,0.00325,0.67816
CVE-2003-0739,0.00042,0.05722
CVE-2003-0740,0.00042,0.00438
CVE-2003-0742,0.00042,0.05722
CVE-2003-0743,0.12902,0.95017
CVE-2003-0744,0.01536,0.85779
CVE-2003-0745,0.00427,0.71802
CVE-2003-0746,0.01633,0.86229
CVE-2003-0747,0.93530,0.98931
CVE-2003-0748,0.93073,0.98878
CVE-2003-0749,0.95186,0.99186
CVE-2003-0750,0.00601,0.76221
CVE-2003-0751,0.00205,0.58491
CVE-2003-0752,0.00281,0.65254
CVE-2003-0753,0.01098,0.82929
CVE-2003-0754,0.01307,0.84514
CVE-2003-0755,0.01510,0.85645
CVE-2003-0756,0.01826,0.86969
CVE-2003-0757,0.02864,0.89748
CVE-2003-0758,0.00042,0.00438
CVE-2003-0759,0.00042,0.00438
CVE-2003-0760,0.04218,0.91420
CVE-2003-0761,0.01606,0.86122
CVE-2003-0762,0.01510,0.85645
CVE-2003-0763,0.00163,0.53022
CVE-2003-0764,0.00479,0.73319
CVE-2003-0765,0.01673,0.86374
CVE-2003-0766,0.00431,0.71932
CVE-2003-0767,0.02148,0.88197
CVE-2003-0768,0.96901,0.99654
CVE-2003-0769,0.00156,0.52009
CVE-2003-0770,0.04919,0.92050
CVE-2003-0771,0.00042,0.05722
CVE-2003-0772,0.96040,0.99373
CVE-2003-0773,0.01304,0.84498
CVE-2003-0774,0.01982,0.87607
CVE-2003-0775,0.03085,0.90067
CVE-2003-0776,0.00748,0.79017
CVE-2003-0777,0.00634,0.76930
CVE-2003-0778,0.01055,0.82535
CVE-2003-0779,0.00255,0.63447
CVE-2003-0780,0.93129,0.98884
CVE-2003-0781,0.00228,0.61093
CVE-2003-0782,0.00316,0.67343
CVE-2003-0783,0.00042,0.00438
CVE-2003-0784,0.00562,0.75358
CVE-2003-0785,0.00356,0.69265
CVE-2003-0786,0.01782,0.86780
CVE-2003-0787,0.00672,0.77745
CVE-2003-0788,0.02950,0.89865
CVE-2003-0789,0.00371,0.69882
CVE-2003-0791,0.01172,0.83532
CVE-2003-0792,0.03550,0.90709
CVE-2003-0793,0.00059,0.22933
CVE-2003-0794,0.00059,0.22933
CVE-2003-0795,0.01767,0.86723
CVE-2003-0796,0.01021,0.82222
CVE-2003-0797,0.01444,0.85308
CVE-2003-0801,0.00196,0.57564
CVE-2003-0802,0.00779,0.79517
CVE-2003-0803,0.03252,0.90324
CVE-2003-0804,0.01119,0.83095
CVE-2003-0805,0.00630,0.76860
CVE-2003-0806,0.50834,0.97262
CVE-2003-0807,0.08241,0.93786
CVE-2003-0809,0.94300,0.99033
CVE-2003-0812,0.96963,0.99678
CVE-2003-0813,0.41493,0.96976
CVE-2003-0814,0.01725,0.86576
CVE-2003-0815,0.00456,0.72700
CVE-2003-0816,0.01660,0.86325
CVE-2003-0817,0.00871,0.80651
CVE-2003-0818,0.97370,0.99892
CVE-2003-0819,0.31188,0.96583
CVE-2003-0820,0.10458,0.94497
CVE-2003-0821,0.25111,0.96260
CVE-2003-0822,0.97040,0.99711
CVE-2003-0823,0.04458,0.91631
CVE-2003-0824,0.40202,0.96933
CVE-2003-0825,0.96665,0.99567
CVE-2003-0826,0.06325,0.92964
CVE-2003-0827,0.00385,0.70413
CVE-2003-0828,0.00042,0.05722
CVE-2003-0830,0.00042,0.00438
CVE-2003-0831,0.13375,0.95098
CVE-2003-0832,0.00550,0.75155
CVE-2003-0833,0.00431,0.71932
CVE-2003-0834,0.00043,0.05918
CVE-2003-0835,0.13276,0.95081
CVE-2003-0836,0.00522,0.74452
CVE-2003-0837,0.00766,0.79318
CVE-2003-0838,0.95041,0.99152
CVE-2003-0839,0.03872,0.91090
CVE-2003-0840,0.00042,0.00438
CVE-2003-0841,0.00173,0.54520
CVE-2003-0842,0.01787,0.86800
CVE-2003-0843,0.00905,0.81053
CVE-2003-0844,0.00042,0.05722
CVE-2003-0845,0.10901,0.94617
CVE-2003-0846,0.00042,0.05722
CVE-2003-0847,0.00042,0.00438
CVE-2003-0848,0.00042,0.00438
CVE-2003-0849,0.09765,0.94292
CVE-2003-0850,0.03465,0.90615
CVE-2003-0851,0.21439,0.96025
CVE-2003-0852,0.00419,0.71580
CVE-2003-0853,0.00456,0.72688
CVE-2003-0854,0.00042,0.00438
CVE-2003-0855,0.01790,0.86816
CVE-2003-0856,0.00060,0.23520
CVE-2003-0857,0.00042,0.05722
CVE-2003-0858,0.00042,0.05722
CVE-2003-0859,0.00042,0.05722
CVE-2003-0860,0.00313,0.67133
CVE-2003-0861,0.00313,0.67133
CVE-2003-0863,0.08075,0.93732
CVE-2003-0864,0.06021,0.92789
CVE-2003-0865,0.44541,0.97062
CVE-2003-0866,0.00633,0.76920
CVE-2003-0870,0.04814,0.91978
CVE-2003-0871,0.00228,0.61093
CVE-2003-0872,0.00042,0.05722
CVE-2003-0874,0.00711,0.78450
CVE-2003-0875,0.00042,0.05722
CVE-2003-0876,0.00058,0.22612
CVE-2003-0877,0.00042,0.05722
CVE-2003-0878,0.00042,0.05722
CVE-2003-0880,0.00042,0.05722
CVE-2003-0881,0.00514,0.74257
CVE-2003-0882,0.00342,0.68605
CVE-2003-0883,0.00042,0.05722
CVE-2003-0885,0.00134,0.48488
CVE-2003-0886,0.13564,0.95128
CVE-2003-0887,0.00042,0.05722
CVE-2003-0894,0.00076,0.31324
CVE-2003-0895,0.00316,0.67353
CVE-2003-0896,0.10355,0.94471
CVE-2003-0897,0.00043,0.07422
CVE-2003-0898,0.00042,0.00438
CVE-2003-0899,0.27577,0.96399
CVE-2003-0900,0.00238,0.61988
CVE-2003-0901,0.11612,0.94792
CVE-2003-0902,0.00271,0.64604
CVE-2003-0903,0.35327,0.96753
CVE-2003-0904,0.00526,0.74560
CVE-2003-0905,0.86574,0.98364
CVE-2003-0906,0.10332,0.94466
CVE-2003-0907,0.96181,0.99405
CVE-2003-0908,0.00061,0.23872
CVE-2003-0909,0.07729,0.93569
CVE-2003-0910,0.00061,0.23872
CVE-2003-0913,0.00059,0.22933
CVE-2003-0914,0.00852,0.80444
CVE-2003-0924,0.00043,0.07731
CVE-2003-0925,0.02256,0.88507
CVE-2003-0926,0.00788,0.79617
CVE-2003-0927,0.02256,0.88507
CVE-2003-0928,0.00687,0.78042
CVE-2003-0929,0.00407,0.71208
CVE-2003-0930,0.00407,0.71208
CVE-2003-0931,0.00927,0.81309
CVE-2003-0932,0.00042,0.05722
CVE-2003-0933,0.00042,0.05722
CVE-2003-0934,0.00104,0.42004
CVE-2003-0935,0.00352,0.69086
CVE-2003-0936,0.00045,0.11828
CVE-2003-0937,0.00042,0.05722
CVE-2003-0938,0.00042,0.05722
CVE-2003-0939,0.02620,0.89299
CVE-2003-0940,0.01576,0.85979
CVE-2003-0941,0.01025,0.82251
CVE-2003-0942,0.01057,0.82553
CVE-2003-0943,0.01115,0.83058
CVE-2003-0944,0.01057,0.82553
CVE-2003-0945,0.01019,0.82205
CVE-2003-0946,0.01352,0.84787
CVE-2003-0947,0.00042,0.00438
CVE-2003-0948,0.00042,0.05722
CVE-2003-0949,0.00042,0.05722
CVE-2003-0950,0.01332,0.84653
CVE-2003-0951,0.00191,0.56827
CVE-2003-0954,0.00043,0.07623
CVE-2003-0955,0.00042,0.00438
CVE-2003-0956,0.00042,0.05753
CVE-2003-0959,0.00262,0.63987
CVE-2003-0960,0.00160,0.52666
CVE-2003-0961,0.00042,0.00439
CVE-2003-0962,0.33263,0.96667
CVE-2003-0963,0.01740,0.86631
CVE-2003-0965,0.02030,0.87779
CVE-2003-0966,0.04548,0.91709
CVE-2003-0967,0.00843,0.80349
CVE-2003-0968,0.01581,0.86000
CVE-2003-0969,0.03425,0.90570
CVE-2003-0970,0.00246,0.62684
CVE-2003-0971,0.01663,0.86343
CVE-2003-0972,0.00278,0.65014
CVE-2003-0973,0.04366,0.91554
CVE-2003-0974,0.04404,0.91588
CVE-2003-0975,0.00569,0.75528
CVE-2003-0976,0.00239,0.62066
CVE-2003-0977,0.00953,0.81580
CVE-2003-0978,0.03472,0.90627
CVE-2003-0979,0.00244,0.62506
CVE-2003-0980,0.00147,0.50593
CVE-2003-0981,0.00147,0.50593
CVE-2003-0982,0.05674,0.92599
CVE-2003-0983,0.00277,0.64945
CVE-2003-0984,0.00087,0.35907
CVE-2003-0985,0.00044,0.10355
CVE-2003-0986,0.00042,0.05722
CVE-2003-0987,0.00377,0.70084
CVE-2003-0988,0.02783,0.89611
CVE-2003-0989,0.27844,0.96411
CVE-2003-0990,0.70166,0.97756
CVE-2003-0991,0.01506,0.85629
CVE-2003-0992,0.00373,0.69931
CVE-2003-0993,0.00342,0.68627
CVE-2003-0994,0.00043,0.07360
CVE-2003-0995,0.02240,0.88459
CVE-2003-0996,0.00044,0.10161
CVE-2003-0997,0.00126,0.47214
CVE-2003-0998,0.00103,0.41653
CVE-2003-0999,0.00046,0.13811
CVE-2003-1000,0.00221,0.60334
CVE-2003-1001,0.00162,0.52817
CVE-2003-1002,0.00162,0.52817
CVE-2003-1003,0.00232,0.61368
CVE-2003-1004,0.00162,0.52817
CVE-2003-1005,0.01439,0.85269
CVE-2003-1006,0.00042,0.00438
CVE-2003-1007,0.00352,0.69076
CVE-2003-1008,0.00042,0.05722
CVE-2003-1009,0.01651,0.86297
CVE-2003-1010,0.00042,0.05722
CVE-2003-1011,0.00042,0.05722
CVE-2003-1012,0.02692,0.89448
CVE-2003-1013,0.16412,0.95528
CVE-2003-1014,0.00797,0.79803
CVE-2003-1015,0.00797,0.79803
CVE-2003-1016,0.00797,0.79803
CVE-2003-1017,0.00767,0.79322
CVE-2003-1018,0.00060,0.23370
CVE-2003-1020,0.00327,0.67881
CVE-2003-1021,0.00043,0.05916
CVE-2003-1022,0.01596,0.86059
CVE-2003-1023,0.13334,0.95092
CVE-2003-1024,0.00122,0.46456
CVE-2003-1025,0.97393,0.99910
CVE-2003-1026,0.01570,0.85934
CVE-2003-1027,0.16658,0.95557
CVE-2003-1028,0.00309,0.66955
CVE-2003-1029,0.40692,0.96951
CVE-2003-1030,0.33204,0.96660
CVE-2003-1031,0.00196,0.57564
CVE-2003-1032,0.03291,0.90379
CVE-2003-1033,0.00042,0.05722
CVE-2003-1034,0.00042,0.05722
CVE-2003-1035,0.01094,0.82889
CVE-2003-1036,0.02397,0.88839
CVE-2003-1037,0.02883,0.89778
CVE-2003-1038,0.00547,0.75094
CVE-2003-1039,0.02397,0.88839
CVE-2003-1040,0.00060,0.23520
CVE-2003-1041,0.44281,0.97057
CVE-2003-1042,0.00322,0.67685
CVE-2003-1043,0.00322,0.67685
CVE-2003-1044,0.00535,0.74785
CVE-2003-1045,0.02075,0.87937
CVE-2003-1046,0.00562,0.75369
CVE-2003-1048,0.62967,0.97571
CVE-2003-1049,0.00042,0.05722
CVE-2003-1050,0.00042,0.00438
CVE-2003-1051,0.00042,0.00438
CVE-2003-1052,0.00076,0.31160
CVE-2003-1053,0.00089,0.37197
CVE-2003-1054,0.03793,0.91010
CVE-2003-1055,0.00042,0.00438
CVE-2003-1056,0.00063,0.25302
CVE-2003-1057,0.00044,0.10704
CVE-2003-1058,0.00064,0.26304
CVE-2003-1059,0.00181,0.55521
CVE-2003-1060,0.06872,0.93262
CVE-2003-1061,0.00044,0.10704
CVE-2003-1062,0.00042,0.05722
CVE-2003-1063,0.01621,0.86187
CVE-2003-1064,0.01552,0.85853
CVE-2003-1065,0.00044,0.10704
CVE-2003-1066,0.02003,0.87693
CVE-2003-1067,0.00076,0.31404
CVE-2003-1068,0.00044,0.10704
CVE-2003-1069,0.03526,0.90683
CVE-2003-1070,0.07907,0.93657
CVE-2003-1071,0.00042,0.00438
CVE-2003-1072,0.00044,0.10704
CVE-2003-1073,0.00043,0.07520
CVE-2003-1074,0.00258,0.63627
CVE-2003-1075,0.10711,0.94573
CVE-2003-1076,0.00090,0.37769
CVE-2003-1077,0.00044,0.10704
CVE-2003-1078,0.01741,0.86635
CVE-2003-1079,0.10711,0.94573
CVE-2003-1080,0.00042,0.05722
CVE-2003-1081,0.00411,0.71329
CVE-2003-1082,0.00219,0.59887
CVE-2003-1083,0.13150,0.95062
CVE-2003-1084,0.06472,0.93050
CVE-2003-1085,0.06133,0.92861
CVE-2003-1086,0.02869,0.89756
CVE-2003-1087,0.01164,0.83457
CVE-2003-1088,0.01020,0.82217
CVE-2003-1089,0.01920,0.87391
CVE-2003-1090,0.09930,0.94349
CVE-2003-1091,0.08384,0.93825
CVE-2003-1092,0.00747,0.79002
CVE-2003-1093,0.00061,0.23998
CVE-2003-1094,0.00425,0.71763
CVE-2003-1095,0.00061,0.23998
CVE-2003-1096,0.07817,0.93620
CVE-2003-1097,0.00042,0.00438
CVE-2003-1098,0.00042,0.00438
CVE-2003-1099,0.00042,0.00438
CVE-2003-1100,0.00871,0.80651
CVE-2003-1101,0.01505,0.85621
CVE-2003-1102,0.00663,0.77560
CVE-2003-1103,0.01143,0.83285
CVE-2003-1104,0.04733,0.91882
CVE-2003-1105,0.02367,0.88773
CVE-2003-1106,0.01220,0.83910
CVE-2003-1107,0.00869,0.80627
CVE-2003-1108,0.04075,0.91295
CVE-2003-1109,0.04396,0.91582
CVE-2003-1110,0.03924,0.91146
CVE-2003-1111,0.05810,0.92668
CVE-2003-1112,0.02017,0.87737
CVE-2003-1113,0.02827,0.89688
CVE-2003-1114,0.02333,0.88683
CVE-2003-1115,0.02017,0.87737
CVE-2003-1116,0.00542,0.74972
CVE-2003-1117,0.08819,0.93987
CVE-2003-1118,0.08579,0.93913
CVE-2003-1119,0.00285,0.65519
CVE-2003-1120,0.00043,0.05916
CVE-2003-1121,0.02000,0.87680
CVE-2003-1122,0.00500,0.73877
CVE-2003-1123,0.01190,0.83669
CVE-2003-1124,0.00060,0.23605
CVE-2003-1125,0.00073,0.30400
CVE-2003-1126,0.00428,0.71842
CVE-2003-1127,0.00428,0.71846
CVE-2003-1128,0.02263,0.88525
CVE-2003-1129,0.06968,0.93311
CVE-2003-1131,0.11472,0.94752
CVE-2003-1132,0.00209,0.58867
CVE-2003-1133,0.00042,0.05722
CVE-2003-1134,0.00042,0.00438
CVE-2003-1135,0.00361,0.69454
CVE-2003-1136,0.00721,0.78627
CVE-2003-1137,0.02179,0.88287
CVE-2003-1138,0.01953,0.87505
CVE-2003-1139,0.00384,0.70385
CVE-2003-1140,0.00275,0.64834
CVE-2003-1141,0.84050,0.98232
CVE-2003-1142,0.00681,0.77936
CVE-2003-1143,0.04610,0.91760
CVE-2003-1144,0.27431,0.96388
CVE-2003-1145,0.02272,0.88545
CVE-2003-1146,0.01157,0.83401
CVE-2003-1148,0.05520,0.92508
CVE-2003-1149,0.00363,0.69526
CVE-2003-1150,0.12610,0.94973
CVE-2003-1151,0.00540,0.74922
CVE-2003-1152,0.01286,0.84393
CVE-2003-1153,0.00857,0.80504
CVE-2003-1154,0.00617,0.76594
CVE-2003-1155,0.00044,0.08217
CVE-2003-1156,0.00044,0.10704
CVE-2003-1157,0.00867,0.80610
CVE-2003-1158,0.03304,0.90402
CVE-2003-1159,0.02105,0.88034
CVE-2003-1160,0.03020,0.89961
CVE-2003-1161,0.00042,0.05722
CVE-2003-1162,0.03195,0.90232
CVE-2003-1163,0.02336,0.88691
CVE-2003-1164,0.00328,0.67960
CVE-2003-1165,0.02683,0.89434
CVE-2003-1166,0.01244,0.84091
CVE-2003-1167,0.00042,0.00438
CVE-2003-1168,0.00389,0.70545
CVE-2003-1169,0.00042,0.00438
CVE-2003-1170,0.00074,0.30754
CVE-2003-1171,0.07997,0.93699
CVE-2003-1172,0.00239,0.62010
CVE-2003-1173,0.03131,0.90138
CVE-2003-1174,0.00062,0.24561
CVE-2003-1175,0.02176,0.88282
CVE-2003-1176,0.01477,0.85453
CVE-2003-1177,0.24226,0.96208
CVE-2003-1178,0.02204,0.88349
CVE-2003-1179,0.24757,0.96242
CVE-2003-1180,0.01100,0.82942
CVE-2003-1181,0.02065,0.87894
CVE-2003-1182,0.00706,0.78360
CVE-2003-1183,0.00063,0.25576
CVE-2003-1184,0.01610,0.86136
CVE-2003-1185,0.00725,0.78689
CVE-2003-1186,0.02368,0.88774
CVE-2003-1187,0.01058,0.82563
CVE-2003-1188,0.01950,0.87498
CVE-2003-1189,0.01690,0.86437
CVE-2003-1190,0.00477,0.73280
CVE-2003-1191,0.06236,0.92918
CVE-2003-1192,0.96546,0.99527
CVE-2003-1193,0.00265,0.64236
CVE-2003-1194,0.01053,0.82513
CVE-2003-1195,0.00204,0.58434
CVE-2003-1196,0.00266,0.64279
CVE-2003-1197,0.02272,0.88545
CVE-2003-1198,0.01834,0.87019
CVE-2003-1199,0.03455,0.90603
CVE-2003-1200,0.96706,0.99581
CVE-2003-1201,0.02785,0.89614
CVE-2003-1202,0.00804,0.79887
CVE-2003-1203,0.00265,0.64191
CVE-2003-1204,0.03910,0.91134
CVE-2003-1205,0.01834,0.87019
CVE-2003-1206,0.01950,0.87498
CVE-2003-1207,0.04195,0.91404
CVE-2003-1208,0.00577,0.75732
CVE-2003-1209,0.01495,0.85548
CVE-2003-1210,0.00227,0.61036
CVE-2003-1211,0.01066,0.82657
CVE-2003-1212,0.01449,0.85329
CVE-2003-1213,0.01371,0.84916
CVE-2003-1214,0.00913,0.81139
CVE-2003-1215,0.00059,0.22933
CVE-2003-1216,0.01998,0.87667
CVE-2003-1219,0.00265,0.64199
CVE-2003-1220,0.00350,0.68999
CVE-2003-1221,0.00156,0.52061
CVE-2003-1222,0.00227,0.60966
CVE-2003-1223,0.00350,0.68999
CVE-2003-1224,0.00042,0.05722
CVE-2003-1225,0.00042,0.05722
CVE-2003-1226,0.00042,0.05722
CVE-2003-1227,0.02163,0.88247
CVE-2003-1228,0.08282,0.93794
CVE-2003-1229,0.01642,0.86267
CVE-2003-1230,0.00904,0.81040
CVE-2003-1231,0.01192,0.83688
CVE-2003-1232,0.00725,0.78685
CVE-2003-1233,0.00069,0.28667
CVE-2003-1234,0.00060,0.23520
CVE-2003-1235,0.00466,0.72933
CVE-2003-1236,0.07662,0.93548
CVE-2003-1237,0.00312,0.67111
CVE-2003-1238,0.00368,0.69773
CVE-2003-1239,0.00704,0.78301
CVE-2003-1240,0.01849,0.87083
CVE-2003-1241,0.00487,0.73554
CVE-2003-1242,0.03013,0.89950
CVE-2003-1243,0.00368,0.69763
CVE-2003-1244,0.00141,0.49745
CVE-2003-1245,0.05107,0.92203
CVE-2003-1246,0.00042,0.05722
CVE-2003-1247,0.19677,0.95889
CVE-2003-1248,0.02341,0.88700
CVE-2003-1249,0.04286,0.91487
CVE-2003-1250,0.04688,0.91851
CVE-2003-1251,0.03244,0.90313
CVE-2003-1252,0.06343,0.92973
CVE-2003-1253,0.00713,0.78487
CVE-2003-1254,0.00535,0.74781
CVE-2003-1255,0.00466,0.72933
CVE-2003-1256,0.01661,0.86326
CVE-2003-1257,0.00378,0.70151
CVE-2003-1258,0.00540,0.74920
CVE-2003-1259,0.03894,0.91116
CVE-2003-1260,0.18924,0.95813
CVE-2003-1261,0.00042,0.05722
CVE-2003-1262,0.06852,0.93252
CVE-2003-1263,0.05145,0.92227
CVE-2003-1264,0.02057,0.87872
CVE-2003-1265,0.00042,0.05722
CVE-2003-1266,0.05339,0.92369
CVE-2003-1267,0.00947,0.81509
CVE-2003-1268,0.00797,0.79798
CVE-2003-1269,0.00561,0.75344
CVE-2003-1270,0.00319,0.67547
CVE-2003-1271,0.00368,0.69763
CVE-2003-1272,0.03015,0.89954
CVE-2003-1273,0.00294,0.66087
CVE-2003-1274,0.00291,0.65896
CVE-2003-1275,0.25464,0.96281
CVE-2003-1276,0.00042,0.05722
CVE-2003-1277,0.00531,0.74691
CVE-2003-1278,0.00366,0.69687
CVE-2003-1279,0.00042,0.05722
CVE-2003-1280,0.00485,0.73509
CVE-2003-1281,0.00042,0.05722
CVE-2003-1282,0.00596,0.76134
CVE-2003-1283,0.03106,0.90106
CVE-2003-1284,0.00958,0.81626
CVE-2003-1285,0.00938,0.81411
CVE-2003-1286,0.07018,0.93327
CVE-2003-1287,0.00464,0.72886
CVE-2003-1288,0.00042,0.05753
CVE-2003-1289,0.00042,0.05722
CVE-2003-1290,0.01146,0.83309
CVE-2003-1291,0.00042,0.05722
CVE-2003-1292,0.03485,0.90636
CVE-2003-1293,0.00169,0.53947
CVE-2003-1294,0.00044,0.08000
CVE-2003-1295,0.00044,0.10161
CVE-2003-1296,0.00264,0.64079
CVE-2003-1297,0.00413,0.71375
CVE-2003-1298,0.00275,0.64875
CVE-2003-1299,0.00176,0.54859
CVE-2003-1300,0.00895,0.80937
CVE-2003-1301,0.06658,0.93157
CVE-2003-1302,0.00240,0.62126
CVE-2003-1303,0.01183,0.83622
CVE-2003-1304,0.03448,0.90597
CVE-2003-1305,0.00313,0.67183
CVE-2003-1306,0.00333,0.68250
CVE-2003-1307,0.00042,0.00438
CVE-2003-1308,0.00042,0.00438
CVE-2003-1309,0.00919,0.81209
CVE-2003-1310,0.00042,0.00438
CVE-2003-1311,0.00360,0.69423
CVE-2003-1312,0.00405,0.71133
CVE-2003-1313,0.04757,0.91917
CVE-2003-1314,0.07325,0.93444
CVE-2003-1315,0.00863,0.80560
CVE-2003-1316,0.00675,0.77792
CVE-2003-1317,0.02432,0.88929
CVE-2003-1318,0.03105,0.90103
CVE-2003-1319,0.09196,0.94116
CVE-2003-1320,0.00520,0.74393
CVE-2003-1321,0.02563,0.89173
CVE-2003-1322,0.03534,0.90695
CVE-2003-1323,0.00058,0.21931
CVE-2003-1324,0.00042,0.05722
CVE-2003-1325,0.00079,0.33198
CVE-2003-1326,0.00681,0.77937
CVE-2003-1327,0.00540,0.74914
CVE-2003-1328,0.09222,0.94127
CVE-2003-1329,0.00269,0.64490
CVE-2003-1330,0.00513,0.74232
CVE-2003-1331,0.00119,0.45957
CVE-2003-1332,0.01866,0.87144
CVE-2003-1333,0.00505,0.74039
CVE-2003-1334,0.00113,0.44687
CVE-2003-1335,0.00298,0.66352
CVE-2003-1336,0.82312,0.98155
CVE-2003-1337,0.03943,0.91159
CVE-2003-1338,0.00187,0.56292
CVE-2003-1339,0.14256,0.95233
CVE-2003-1340,0.00090,0.38000
CVE-2003-1341,0.10467,0.94499
CVE-2003-1342,0.13124,0.95054
CVE-2003-1343,0.03706,0.90905
CVE-2003-1344,0.00608,0.76374
CVE-2003-1345,0.00345,0.68772
CVE-2003-1346,0.00693,0.78130
CVE-2003-1347,0.00923,0.81263
CVE-2003-1348,0.00195,0.57440
CVE-2003-1349,0.00489,0.73606
CVE-2003-1350,0.00715,0.78518
CVE-2003-1351,0.00467,0.72969
CVE-2003-1352,0.00330,0.68102
CVE-2003-1353,0.00192,0.57132
CVE-2003-1354,0.03008,0.89946
CVE-2003-1355,0.04854,0.92003
CVE-2003-1356,0.00062,0.24773
CVE-2003-1357,0.00788,0.79655
CVE-2003-1358,0.00042,0.00438
CVE-2003-1359,0.00042,0.05763
CVE-2003-1360,0.00042,0.05722
CVE-2003-1361,0.01147,0.83320
CVE-2003-1362,0.00228,0.61051
CVE-2003-1363,0.00330,0.68102
CVE-2003-1364,0.02160,0.88238
CVE-2003-1365,0.00597,0.76142
CVE-2003-1366,0.00048,0.14716
CVE-2003-1367,0.00370,0.69857
CVE-2003-1368,0.11260,0.94710
CVE-2003-1369,0.13767,0.95155
CVE-2003-1370,0.00328,0.67998
CVE-2003-1371,0.00415,0.71467
CVE-2003-1372,0.00481,0.73387
CVE-2003-1373,0.00729,0.78753
CVE-2003-1374,0.00042,0.05722
CVE-2003-1375,0.00042,0.05763
CVE-2003-1376,0.00042,0.05722
CVE-2003-1377,0.03077,0.90061
CVE-2003-1378,0.14144,0.95217
CVE-2003-1379,0.00330,0.68102
CVE-2003-1380,0.00448,0.72465
CVE-2003-1381,0.02125,0.88083
CVE-2003-1382,0.03876,0.91099
CVE-2003-1383,0.00473,0.73125
CVE-2003-1384,0.00920,0.81233
CVE-2003-1385,0.03881,0.91103
CVE-2003-1386,0.03146,0.90156
CVE-2003-1387,0.04010,0.91215
CVE-2003-1388,0.00403,0.71065
CVE-2003-1389,0.00152,0.51365
CVE-2003-1390,0.00042,0.05722
CVE-2003-1391,0.00131,0.48001
CVE-2003-1392,0.00044,0.08021
CVE-2003-1393,0.02828,0.89689
CVE-2003-1394,0.00575,0.75663
CVE-2003-1395,0.02112,0.88047
CVE-2003-1396,0.00557,0.75278
CVE-2003-1397,0.00302,0.66529
CVE-2003-1398,0.00593,0.76086
CVE-2003-1399,0.00042,0.05722
CVE-2003-1400,0.00195,0.57440
CVE-2003-1401,0.00940,0.81434
CVE-2003-1402,0.01147,0.83320
CVE-2003-1403,0.00450,0.72513
CVE-2003-1404,0.00659,0.77420
CVE-2003-1405,0.05878,0.92710
CVE-2003-1406,0.01958,0.87520
CVE-2003-1407,0.00049,0.15859
CVE-2003-1408,0.00370,0.69857
CVE-2003-1409,0.01857,0.87109
CVE-2003-1410,0.06769,0.93213
CVE-2003-1411,0.05842,0.92688
CVE-2003-1412,0.15726,0.95444
CVE-2003-1413,0.00621,0.76671
CVE-2003-1414,0.01303,0.84494
CVE-2003-1415,0.01063,0.82633
CVE-2003-1416,0.00587,0.75911
CVE-2003-1417,0.00042,0.05722
CVE-2003-1418,0.00173,0.54546
CVE-2003-1419,0.02327,0.88667
CVE-2003-1420,0.00129,0.47643
CVE-2003-1421,0.00186,0.55998
CVE-2003-1422,0.00191,0.56825
CVE-2003-1423,0.00308,0.66934
CVE-2003-1424,0.00540,0.74912
CVE-2003-1425,0.00940,0.81435
CVE-2003-1426,0.00042,0.05722
CVE-2003-1427,0.00870,0.80638
CVE-2003-1428,0.00042,0.05722
CVE-2003-1429,0.03723,0.90927
CVE-2003-1430,0.02185,0.88304
CVE-2003-1431,0.01792,0.86822
CVE-2003-1432,0.04664,0.91824
CVE-2003-1433,0.01263,0.84224
CVE-2003-1434,0.00756,0.79173
CVE-2003-1435,0.00064,0.26120
CVE-2003-1436,0.02070,0.87919
CVE-2003-1437,0.00042,0.05722
CVE-2003-1438,0.00176,0.54860
CVE-2003-1439,0.00150,0.51171
CVE-2003-1440,0.00860,0.80531
CVE-2003-1441,0.00860,0.80531
CVE-2003-1442,0.01832,0.86998
CVE-2003-1443,0.00042,0.05722
CVE-2003-1444,0.00042,0.05722
CVE-2003-1445,0.00042,0.00438
CVE-2003-1446,0.00042,0.05722
CVE-2003-1447,0.00042,0.05722
CVE-2003-1448,0.08883,0.94012
CVE-2003-1449,0.00756,0.79173
CVE-2003-1450,0.04959,0.92075
CVE-2003-1451,0.00774,0.79440
CVE-2003-1452,0.00060,0.23543
CVE-2003-1453,0.00186,0.55980
CVE-2003-1454,0.00377,0.70123
CVE-2003-1455,0.00042,0.05753
CVE-2003-1456,0.01541,0.85802
CVE-2003-1457,0.00114,0.44891
CVE-2003-1458,0.00102,0.41432
CVE-2003-1459,0.02186,0.88307
CVE-2003-1460,0.00042,0.05722
CVE-2003-1461,0.00047,0.13959
CVE-2003-1462,0.01386,0.84999
CVE-2003-1463,0.00303,0.66582
CVE-2003-1464,0.00850,0.80423
CVE-2003-1465,0.00409,0.71240
CVE-2003-1466,0.00614,0.76513
CVE-2003-1467,0.00308,0.66888
CVE-2003-1468,0.00898,0.80976
CVE-2003-1469,0.02188,0.88314
CVE-2003-1470,0.01668,0.86359
CVE-2003-1471,0.04103,0.91328
CVE-2003-1472,0.00771,0.79390
CVE-2003-1473,0.00042,0.05763
CVE-2003-1474,0.00042,0.05722
CVE-2003-1475,0.00732,0.78809
CVE-2003-1476,0.00042,0.05722
CVE-2003-1477,0.01002,0.82064
CVE-2003-1478,0.00492,0.73691
CVE-2003-1479,0.00367,0.69722
CVE-2003-1480,0.00176,0.54801
CVE-2003-1481,0.01139,0.83258
CVE-2003-1482,0.00044,0.08021
CVE-2003-1483,0.00117,0.45549
CVE-2003-1484,0.01313,0.84549
CVE-2003-1485,0.00293,0.66020
CVE-2003-1486,0.00396,0.70856
CVE-2003-1487,0.01044,0.82441
CVE-2003-1488,0.01161,0.83433
CVE-2003-1489,0.00216,0.59621
CVE-2003-1490,0.01132,0.83200
CVE-2003-1491,0.00788,0.79655
CVE-2003-1492,0.00306,0.66780
CVE-2003-1493,0.00765,0.79290
CVE-2003-1494,0.00707,0.78364
CVE-2003-1495,0.00351,0.69037
CVE-2003-1496,0.00228,0.61102
CVE-2003-1497,0.00858,0.80518
CVE-2003-1498,0.00186,0.55980
CVE-2003-1499,0.01614,0.86150
CVE-2003-1500,0.08044,0.93717
CVE-2003-1501,0.00413,0.71380
CVE-2003-1502,0.00042,0.05722
CVE-2003-1503,0.03876,0.91099
CVE-2003-1504,0.00064,0.26120
CVE-2003-1505,0.11094,0.94656
CVE-2003-1506,0.00426,0.71798
CVE-2003-1507,0.00788,0.79655
CVE-2003-1508,0.00855,0.80486
CVE-2003-1509,0.00814,0.79989
CVE-2003-1510,0.00716,0.78527
CVE-2003-1511,0.00959,0.81644
CVE-2003-1512,0.00651,0.77290
CVE-2003-1513,0.00195,0.57440
CVE-2003-1514,0.00962,0.81669
CVE-2003-1515,0.00777,0.79480
CVE-2003-1516,0.00761,0.79245
CVE-2003-1517,0.01385,0.84994
CVE-2003-1518,0.01383,0.84975
CVE-2003-1519,0.00195,0.57440
CVE-2003-1520,0.00064,0.26120
CVE-2003-1521,0.00680,0.77928
CVE-2003-1522,0.00186,0.55980
CVE-2003-1523,0.00146,0.50496
CVE-2003-1524,0.00042,0.05722
CVE-2003-1525,0.00269,0.64448
CVE-2003-1526,0.00240,0.62108
CVE-2003-1527,0.00431,0.71916
CVE-2003-1528,0.00042,0.05722
CVE-2003-1529,0.00626,0.76791
CVE-2003-1530,0.00087,0.36669
CVE-2003-1531,0.00395,0.70786
CVE-2003-1532,0.00087,0.36669
CVE-2003-1533,0.00064,0.26120
CVE-2003-1534,0.00367,0.69722
CVE-2003-1535,0.02577,0.89201
CVE-2003-1536,0.09404,0.94187
CVE-2003-1537,0.00213,0.59279
CVE-2003-1538,0.00293,0.66043
CVE-2003-1539,0.00220,0.60207
CVE-2003-1540,0.01953,0.87504
CVE-2003-1541,0.01784,0.86789
CVE-2003-1542,0.00345,0.68772
CVE-2003-1543,0.00369,0.69799
CVE-2003-1544,0.00993,0.81993
CVE-2003-1545,0.04765,0.91924
CVE-2003-1546,0.00254,0.63423
CVE-2003-1547,0.00250,0.63055
CVE-2003-1548,0.01814,0.86914
CVE-2003-1549,0.00376,0.70048
CVE-2003-1550,0.01385,0.84991
CVE-2003-1551,0.00499,0.73852
CVE-2003-1552,0.01268,0.84253
CVE-2003-1553,0.01407,0.85107
CVE-2003-1554,0.00347,0.68851
CVE-2003-1555,0.02012,0.87723
CVE-2003-1556,0.00192,0.57132
CVE-2003-1557,0.07383,0.93463
CVE-2003-1558,0.07114,0.93369
CVE-2003-1559,0.02129,0.88113
CVE-2003-1560,0.00302,0.66550
CVE-2003-1561,0.00259,0.63680
CVE-2003-1562,0.01502,0.85608
CVE-2003-1563,0.00060,0.23605
CVE-2003-1564,0.00381,0.70268
CVE-2003-1566,0.05843,0.92688
CVE-2003-1567,0.00731,0.78794
CVE-2003-1568,0.00480,0.73344
CVE-2003-1569,0.00411,0.71302
CVE-2003-1570,0.00192,0.56915
CVE-2003-1571,0.00627,0.76801
CVE-2003-1572,0.00140,0.49714
CVE-2003-1573,0.01225,0.83944
CVE-2003-1574,0.00756,0.79173
CVE-2003-1575,0.00043,0.07360
CVE-2003-1576,0.05061,0.92169
CVE-2003-1577,0.00223,0.60696
CVE-2003-1578,0.00344,0.68720
CVE-2003-1579,0.00240,0.62117
CVE-2003-1580,0.00236,0.61746
CVE-2003-1581,0.00194,0.57325
CVE-2003-1582,0.00212,0.59234
CVE-2003-1583,0.00160,0.52571
CVE-2003-1584,0.00160,0.52571
CVE-2003-1585,0.00160,0.52571
CVE-2003-1586,0.00160,0.52571
CVE-2003-1587,0.00160,0.52571
CVE-2003-1588,0.00044,0.10704
CVE-2003-1589,0.00146,0.50571
CVE-2003-1590,0.00176,0.54821
CVE-2003-1591,0.00116,0.45398
CVE-2003-1592,0.00699,0.78235
CVE-2003-1593,0.00317,0.67433
CVE-2003-1594,0.00268,0.64392
CVE-2003-1595,0.00189,0.56464
CVE-2003-1596,0.00268,0.64392
CVE-2003-1598,0.00350,0.68998
CVE-2003-1599,0.01149,0.83335
CVE-2003-1603,0.00181,0.55396
CVE-2003-1604,0.00778,0.79509
CVE-2003-1605,0.00124,0.46760
CVE-2003-5001,0.00186,0.55990
CVE-2003-5002,0.00067,0.27676
CVE-2003-5003,0.00067,0.27676
CVE-2004-0001,0.00043,0.05916
CVE-2004-0002,0.00427,0.71802
CVE-2004-0003,0.00065,0.26796
CVE-2004-0004,0.01811,0.86900
CVE-2004-0005,0.49630,0.97236
CVE-2004-0006,0.24090,0.96200
CVE-2004-0007,0.29316,0.96495
CVE-2004-0008,0.22992,0.96128
CVE-2004-0009,0.01356,0.84827
CVE-2004-0010,0.00062,0.24592
CVE-2004-0011,0.02105,0.88029
CVE-2004-0013,0.01422,0.85169
CVE-2004-0014,0.00705,0.78341
CVE-2004-0015,0.00042,0.05722
CVE-2004-0016,0.00775,0.79446
CVE-2004-0017,0.00202,0.58167
CVE-2004-0028,0.02001,0.87680
CVE-2004-0029,0.00043,0.07623
CVE-2004-0030,0.06858,0.93256
CVE-2004-0031,0.01075,0.82738
CVE-2004-0032,0.01561,0.85900
CVE-2004-0033,0.02637,0.89337
CVE-2004-0034,0.01122,0.83128
CVE-2004-0035,0.00509,0.74139
CVE-2004-0036,0.03916,0.91140
CVE-2004-0037,0.01119,0.83101
CVE-2004-0038,0.01433,0.85244
CVE-2004-0039,0.90876,0.98637
CVE-2004-0040,0.05970,0.92760
CVE-2004-0041,0.00406,0.71168
CVE-2004-0042,0.00479,0.73319
CVE-2004-0043,0.08017,0.93707
CVE-2004-0044,0.00689,0.78068
CVE-2004-0045,0.94323,0.99039
CVE-2004-0046,0.00621,0.76688
CVE-2004-0047,0.00060,0.23520
CVE-2004-0049,0.00500,0.73867
CVE-2004-0050,0.00569,0.75528
CVE-2004-0051,0.00797,0.79803
CVE-2004-0052,0.00797,0.79803
CVE-2004-0053,0.00797,0.79803
CVE-2004-0054,0.05553,0.92526
CVE-2004-0055,0.94755,0.99109
CVE-2004-0056,0.04012,0.91217
CVE-2004-0057,0.14329,0.95242
CVE-2004-0058,0.00042,0.05722
CVE-2004-0059,0.00512,0.74206
CVE-2004-0060,0.00325,0.67816
CVE-2004-0061,0.00723,0.78666
CVE-2004-0062,0.00865,0.80586
CVE-2004-0063,0.00486,0.73529
CVE-2004-0064,0.00042,0.00438
CVE-2004-0065,0.00228,0.61105
CVE-2004-0066,0.00543,0.74991
CVE-2004-0067,0.01816,0.86926
CVE-2004-0068,0.00823,0.80104
CVE-2004-0069,0.17955,0.95719
CVE-2004-0070,0.06526,0.93082
CVE-2004-0071,0.01290,0.84412
CVE-2004-0072,0.02952,0.89868
CVE-2004-0073,0.06614,0.93137
CVE-2004-0074,0.00042,0.00438
CVE-2004-0075,0.00060,0.23520
CVE-2004-0077,0.00043,0.07333
CVE-2004-0078,0.08660,0.93934
CVE-2004-0079,0.00569,0.75536
CVE-2004-0080,0.01017,0.82192
CVE-2004-0081,0.00260,0.63862
CVE-2004-0082,0.01042,0.82429
CVE-2004-0083,0.03309,0.90407
CVE-2004-0084,0.10578,0.94528
CVE-2004-0085,0.00268,0.64404
CVE-2004-0086,0.00284,0.65461
CVE-2004-0087,0.00042,0.05722
CVE-2004-0088,0.00042,0.05722
CVE-2004-0089,0.00265,0.64234
CVE-2004-0090,0.00519,0.74386
CVE-2004-0091,0.00914,0.81156
CVE-2004-0092,0.00313,0.67133
CVE-2004-0093,0.07621,0.93539
CVE-2004-0094,0.07621,0.93539
CVE-2004-0095,0.02426,0.88911
CVE-2004-0096,0.03485,0.90636
CVE-2004-0097,0.20114,0.95929
CVE-2004-0099,0.00042,0.05722
CVE-2004-0103,0.00042,0.05722
CVE-2004-0104,0.93200,0.98889
CVE-2004-0105,0.19691,0.95891
CVE-2004-0106,0.00061,0.23937
CVE-2004-0107,0.00044,0.08217
CVE-2004-0108,0.00042,0.05722
CVE-2004-0109,0.00135,0.48688
CVE-2004-0110,0.64890,0.97612
CVE-2004-0111,0.01438,0.85261
CVE-2004-0112,0.00350,0.68977
CVE-2004-0113,0.01467,0.85415
CVE-2004-0114,0.00042,0.00438
CVE-2004-0115,0.00096,0.39767
CVE-2004-0116,0.47773,0.97173
CVE-2004-0117,0.40348,0.96938
CVE-2004-0118,0.02798,0.89637
CVE-2004-0119,0.96587,0.99541
CVE-2004-0120,0.96671,0.99569
CVE-2004-0121,0.96513,0.99511
CVE-2004-0122,0.01235,0.84020
CVE-2004-0123,0.46290,0.97124
CVE-2004-0124,0.00739,0.78895
CVE-2004-0125,0.00042,0.05722
CVE-2004-0126,0.00042,0.05722
CVE-2004-0127,0.01812,0.86905
CVE-2004-0128,0.07063,0.93348
CVE-2004-0129,0.01375,0.84947
CVE-2004-0130,0.00621,0.76682
CVE-2004-0131,0.02519,0.89102
CVE-2004-0132,0.08002,0.93700
CVE-2004-0133,0.00042,0.05722
CVE-2004-0134,0.00042,0.05722
CVE-2004-0135,0.00042,0.05722
CVE-2004-0136,0.00042,0.05722
CVE-2004-0137,0.00042,0.05722
CVE-2004-0138,0.00044,0.08000
CVE-2004-0139,0.00416,0.71487
CVE-2004-0143,0.01336,0.84681
CVE-2004-0148,0.00044,0.08000
CVE-2004-0149,0.00042,0.05753
CVE-2004-0150,0.06827,0.93241
CVE-2004-0151,0.00042,0.05722
CVE-2004-0152,0.03530,0.90688
CVE-2004-0153,0.02211,0.88371
CVE-2004-0154,0.00604,0.76315
CVE-2004-0155,0.01310,0.84529
CVE-2004-0156,0.01998,0.87664
CVE-2004-0157,0.00060,0.23520
CVE-2004-0158,0.00042,0.00438
CVE-2004-0159,0.07149,0.93381
CVE-2004-0160,0.00042,0.05722
CVE-2004-0161,0.00797,0.79803
CVE-2004-0162,0.00797,0.79803
CVE-2004-0163,0.00927,0.81309
CVE-2004-0164,0.85966,0.98324
CVE-2004-0165,0.03843,0.91061
CVE-2004-0166,0.00345,0.68780
CVE-2004-0167,0.00915,0.81167
CVE-2004-0168,0.00378,0.70154
CVE-2004-0169,0.03005,0.89944
CVE-2004-0171,0.03667,0.90857
CVE-2004-0172,0.00042,0.05722
CVE-2004-0173,0.00430,0.71896
CVE-2004-0174,0.00868,0.80620
CVE-2004-0175,0.00254,0.63427
CVE-2004-0176,0.92709,0.98839
CVE-2004-0177,0.00834,0.80242
CVE-2004-0178,0.00062,0.24569
CVE-2004-0179,0.00612,0.76487
CVE-2004-0180,0.00421,0.71630
CVE-2004-0181,0.00042,0.05722
CVE-2004-0182,0.00219,0.59893
CVE-2004-0183,0.89172,0.98517
CVE-2004-0184,0.94711,0.99104
CVE-2004-0185,0.07516,0.93506
CVE-2004-0186,0.00042,0.05770
CVE-2004-0188,0.00060,0.23520
CVE-2004-0189,0.02708,0.89479
CVE-2004-0190,0.00128,0.47554
CVE-2004-0191,0.01940,0.87463
CVE-2004-0192,0.00496,0.73769
CVE-2004-0193,0.24423,0.96219
CVE-2004-0194,0.13801,0.95159
CVE-2004-0197,0.10015,0.94375
CVE-2004-0199,0.96056,0.99375
CVE-2004-0200,0.95702,0.99299
CVE-2004-0201,0.01712,0.86523
CVE-2004-0202,0.19339,0.95860
CVE-2004-0203,0.96201,0.99411
CVE-2004-0204,0.96546,0.99528
CVE-2004-0205,0.03669,0.90859
CVE-2004-0206,0.18969,0.95819
CVE-2004-0207,0.00084,0.34945
CVE-2004-0208,0.00043,0.07669
CVE-2004-0209,0.81878,0.98131
CVE-2004-0210,0.00395,0.70790
CVE-2004-0211,0.00043,0.07412
CVE-2004-0212,0.86093,0.98337
CVE-2004-0213,0.00587,0.75949
CVE-2004-0214,0.95990,0.99360
CVE-2004-0215,0.06139,0.92865
CVE-2004-0216,0.89332,0.98529
CVE-2004-0217,0.00043,0.07360
CVE-2004-0218,0.33722,0.96684
CVE-2004-0219,0.03581,0.90748
CVE-2004-0220,0.01760,0.86701
CVE-2004-0221,0.03581,0.90748
CVE-2004-0222,0.01286,0.84391
CVE-2004-0224,0.02127,0.88106
CVE-2004-0226,0.00674,0.77775
CVE-2004-0227,0.02584,0.89218
CVE-2004-0228,0.00043,0.07520
CVE-2004-0229,0.00059,0.22933
CVE-2004-0230,0.00265,0.64233
CVE-2004-0231,0.00070,0.28955
CVE-2004-0232,0.00415,0.71474
CVE-2004-0233,0.00043,0.07520
CVE-2004-0234,0.93424,0.98919
CVE-2004-0235,0.00636,0.76966
CVE-2004-0236,0.00509,0.74139
CVE-2004-0237,0.01804,0.86871
CVE-2004-0238,0.01329,0.84639
CVE-2004-0239,0.00355,0.69179
CVE-2004-0240,0.02201,0.88343
CVE-2004-0241,0.06595,0.93127
CVE-2004-0242,0.02387,0.88820
CVE-2004-0243,0.00508,0.74125
CVE-2004-0244,0.00043,0.07477
CVE-2004-0245,0.02990,0.89921
CVE-2004-0246,0.06317,0.92959
CVE-2004-0247,0.04587,0.91745
CVE-2004-0248,0.01913,0.87366
CVE-2004-0249,0.09148,0.94098
CVE-2004-0250,0.00276,0.64928
CVE-2004-0251,0.01162,0.83440
CVE-2004-0252,0.01192,0.83686
CVE-2004-0253,0.00331,0.68166
CVE-2004-0254,0.01162,0.83440
CVE-2004-0255,0.04587,0.91745
CVE-2004-0256,0.00042,0.05722
CVE-2004-0257,0.02328,0.88669
CVE-2004-0258,0.13681,0.95143
CVE-2004-0259,0.00518,0.74347
CVE-2004-0260,0.00622,0.76701
CVE-2004-0261,0.04273,0.91473
CVE-2004-0262,0.04566,0.91721
CVE-2004-0263,0.00301,0.66463
CVE-2004-0264,0.04027,0.91231
CVE-2004-0265,0.01162,0.83440
CVE-2004-0266,0.00370,0.69836
CVE-2004-0267,0.00042,0.05722
CVE-2004-0268,0.04548,0.91708
CVE-2004-0269,0.00275,0.64868
CVE-2004-0270,0.07256,0.93420
CVE-2004-0271,0.00491,0.73650
CVE-2004-0272,0.00268,0.64390
CVE-2004-0273,0.00550,0.75147
CVE-2004-0274,0.01883,0.87232
CVE-2004-0275,0.00260,0.63857
CVE-2004-0276,0.09187,0.94112
CVE-2004-0277,0.09784,0.94297
CVE-2004-0278,0.01207,0.83807
CVE-2004-0279,0.00042,0.05722
CVE-2004-0280,0.00547,0.75084
CVE-2004-0281,0.02013,0.87727
CVE-2004-0282,0.04675,0.91835
CVE-2004-0283,0.00042,0.05722
CVE-2004-0284,0.01041,0.82423
CVE-2004-0285,0.05858,0.92698
CVE-2004-0286,0.03763,0.90977
CVE-2004-0287,0.08962,0.94041
CVE-2004-0288,0.03592,0.90758
CVE-2004-0289,0.00042,0.05722
CVE-2004-0290,0.01000,0.82042
CVE-2004-0291,0.00261,0.63890
CVE-2004-0292,0.04492,0.91664
CVE-2004-0293,0.01714,0.86532
CVE-2004-0294,0.00515,0.74299
CVE-2004-0295,0.04548,0.91708
CVE-2004-0296,0.01825,0.86964
CVE-2004-0297,0.96249,0.99421
CVE-2004-0298,0.04587,0.91745
CVE-2004-0299,0.00043,0.07477
CVE-2004-0300,0.03763,0.90976
CVE-2004-0301,0.02539,0.89139
CVE-2004-0302,0.01714,0.86532
CVE-2004-0303,0.02384,0.88811
CVE-2004-0304,0.00194,0.57365
CVE-2004-0305,0.00563,0.75423
CVE-2004-0306,0.00405,0.71101
CVE-2004-0307,0.00744,0.78974
CVE-2004-0308,0.00416,0.71487
CVE-2004-0309,0.10974,0.94634
CVE-2004-0310,0.00517,0.74339
CVE-2004-0311,0.01237,0.84038
CVE-2004-0312,0.05190,0.92261
CVE-2004-0313,0.32895,0.96646
CVE-2004-0314,0.00168,0.53567
CVE-2004-0315,0.03124,0.90128
CVE-2004-0316,0.01038,0.82377
CVE-2004-0317,0.00906,0.81066
CVE-2004-0318,0.04725,0.91875
CVE-2004-0319,0.01162,0.83440
CVE-2004-0320,0.00042,0.05722
CVE-2004-0321,0.01192,0.83686
CVE-2004-0322,0.01439,0.85268
CVE-2004-0323,0.00717,0.78544
CVE-2004-0324,0.02685,0.89439
CVE-2004-0325,0.00439,0.72218
CVE-2004-0326,0.81471,0.98099
CVE-2004-0327,0.01714,0.86532
CVE-2004-0328,0.00042,0.05722
CVE-2004-0329,0.01207,0.83807
CVE-2004-0330,0.94145,0.99010
CVE-2004-0331,0.95235,0.99196
CVE-2004-0332,0.01007,0.82102
CVE-2004-0333,0.34498,0.96720
CVE-2004-0334,0.00352,0.69053
CVE-2004-0335,0.00599,0.76180
CVE-2004-0336,0.00533,0.74728
CVE-2004-0337,0.00702,0.78266
CVE-2004-0338,0.00372,0.69925
CVE-2004-0339,0.00537,0.74842
CVE-2004-0340,0.00042,0.00438
CVE-2004-0341,0.00042,0.05722
CVE-2004-0342,0.00042,0.05722
CVE-2004-0343,0.00221,0.60230
CVE-2004-0344,0.00813,0.79974
CVE-2004-0345,0.00748,0.79026
CVE-2004-0346,0.00042,0.05722
CVE-2004-0347,0.00403,0.71054
CVE-2004-0348,0.00219,0.59935
CVE-2004-0349,0.01929,0.87427
CVE-2004-0350,0.00042,0.05722
CVE-2004-0351,0.00042,0.05722
CVE-2004-0352,0.00843,0.80344
CVE-2004-0353,0.03896,0.91120
CVE-2004-0354,0.09393,0.94183
CVE-2004-0355,0.00597,0.76149
CVE-2004-0356,0.04665,0.91825
CVE-2004-0357,0.04841,0.91995
CVE-2004-0358,0.02539,0.89139
CVE-2004-0359,0.36803,0.96809
CVE-2004-0360,0.00045,0.12368
CVE-2004-0361,0.04548,0.91708
CVE-2004-0362,0.96016,0.99367
CVE-2004-0363,0.93823,0.98969
CVE-2004-0364,0.52811,0.97319
CVE-2004-0365,0.13847,0.95166
CVE-2004-0366,0.00223,0.60635
CVE-2004-0367,0.04068,0.91287
CVE-2004-0368,0.90885,0.98638
CVE-2004-0369,0.85929,0.98320
CVE-2004-0370,0.00058,0.22612
CVE-2004-0371,0.00902,0.81021
CVE-2004-0372,0.00042,0.05722
CVE-2004-0374,0.02750,0.89561
CVE-2004-0375,0.02205,0.88354
CVE-2004-0376,0.01422,0.85169
CVE-2004-0377,0.03492,0.90644
CVE-2004-0379,0.00994,0.81997
CVE-2004-0380,0.96593,0.99543
CVE-2004-0381,0.00062,0.24552
CVE-2004-0382,0.00052,0.18252
CVE-2004-0383,0.00052,0.18252
CVE-2004-0385,0.12357,0.94933
CVE-2004-0386,0.28707,0.96461
CVE-2004-0387,0.33688,0.96684
CVE-2004-0388,0.00046,0.12542
CVE-2004-0389,0.14570,0.95274
CVE-2004-0390,0.04178,0.91394
CVE-2004-0391,0.01714,0.86530
CVE-2004-0392,0.01192,0.83686
CVE-2004-0393,0.02502,0.89062
CVE-2004-0394,0.00103,0.41661
CVE-2004-0395,0.00042,0.05722
CVE-2004-0396,0.97019,0.99699
CVE-2004-0397,0.96359,0.99462
CVE-2004-0398,0.01902,0.87320
CVE-2004-0399,0.36506,0.96797
CVE-2004-0400,0.03888,0.91110
CVE-2004-0401,0.00463,0.72869
CVE-2004-0402,0.00042,0.05722
CVE-2004-0403,0.08949,0.94038
CVE-2004-0404,0.00042,0.05722
CVE-2004-0405,0.01095,0.82896
CVE-2004-0407,0.01273,0.84276
CVE-2004-0408,0.02544,0.89145
CVE-2004-0409,0.18932,0.95815
CVE-2004-0411,0.07235,0.93414
CVE-2004-0412,0.00559,0.75306
CVE-2004-0413,0.31460,0.96596
CVE-2004-0414,0.01631,0.86222
CVE-2004-0415,0.00042,0.00438
CVE-2004-0416,0.94752,0.99108
CVE-2004-0417,0.93080,0.98879
CVE-2004-0418,0.39674,0.96921
CVE-2004-0419,0.02511,0.89084
CVE-2004-0420,0.96684,0.99576
CVE-2004-0421,0.01420,0.85160
CVE-2004-0422,0.00042,0.05722
CVE-2004-0423,0.00042,0.05722
CVE-2004-0424,0.00042,0.00438
CVE-2004-0425,0.02532,0.89126
CVE-2004-0426,0.03526,0.90682
CVE-2004-0427,0.00047,0.13912
CVE-2004-0428,0.00452,0.72566
CVE-2004-0429,0.00623,0.76728
CVE-2004-0430,0.10566,0.94524
CVE-2004-0431,0.06611,0.93135
CVE-2004-0432,0.00403,0.71058
CVE-2004-0433,0.02620,0.89299
CVE-2004-0434,0.05925,0.92740
CVE-2004-0435,0.00042,0.05722
CVE-2004-0437,0.01616,0.86161
CVE-2004-0444,0.92439,0.98806
CVE-2004-0445,0.91958,0.98750
CVE-2004-0447,0.00062,0.24569
CVE-2004-0448,0.01925,0.87411
CVE-2004-0450,0.04381,0.91571
CVE-2004-0451,0.01329,0.84638
CVE-2004-0452,0.00044,0.08000
CVE-2004-0453,0.00052,0.17542
CVE-2004-0454,0.00042,0.05722
CVE-2004-0455,0.00042,0.05722
CVE-2004-0456,0.00416,0.71485
CVE-2004-0457,0.00064,0.26125
CVE-2004-0458,0.00263,0.64044
CVE-2004-0459,0.07807,0.93616
CVE-2004-0460,0.93490,0.98929
CVE-2004-0461,0.02459,0.88984
CVE-2004-0462,0.00044,0.08189
CVE-2004-0465,0.04387,0.91574
CVE-2004-0466,0.02646,0.89351
CVE-2004-0467,0.05057,0.92164
CVE-2004-0468,0.01552,0.85853
CVE-2004-0469,0.01903,0.87326
CVE-2004-0470,0.00553,0.75206
CVE-2004-0471,0.00059,0.22933
CVE-2004-0473,0.71124,0.97793
CVE-2004-0474,0.03680,0.90877
CVE-2004-0475,0.01034,0.82345
CVE-2004-0476,0.01038,0.82377
CVE-2004-0477,0.00578,0.75759
CVE-2004-0478,0.00526,0.74571
CVE-2004-0479,0.12991,0.95031
CVE-2004-0480,0.80100,0.98053
CVE-2004-0481,0.00044,0.10704
CVE-2004-0482,0.00043,0.07663
CVE-2004-0483,0.01536,0.85779
CVE-2004-0484,0.04025,0.91230
CVE-2004-0485,0.00540,0.74913
CVE-2004-0486,0.02778,0.89604
CVE-2004-0487,0.37913,0.96856
CVE-2004-0488,0.57484,0.97431
CVE-2004-0489,0.01209,0.83820
CVE-2004-0490,0.00042,0.00438
CVE-2004-0491,0.00042,0.05722
CVE-2004-0492,0.01228,0.83955
CVE-2004-0493,0.96228,0.99416
CVE-2004-0494,0.01237,0.84038
CVE-2004-0495,0.00042,0.05722
CVE-2004-0496,0.00044,0.10704
CVE-2004-0497,0.00042,0.00438
CVE-2004-0498,0.00253,0.63234
CVE-2004-0500,0.07831,0.93626
CVE-2004-0501,0.01798,0.86847
CVE-2004-0502,0.00946,0.81495
CVE-2004-0503,0.05501,0.92496
CVE-2004-0504,0.01077,0.82761
CVE-2004-0505,0.01077,0.82761
CVE-2004-0506,0.00962,0.81666
CVE-2004-0507,0.03269,0.90352
CVE-2004-0510,0.00183,0.55657
CVE-2004-0511,0.00112,0.44392
CVE-2004-0512,0.00092,0.38721
CVE-2004-0513,0.00398,0.70903
CVE-2004-0514,0.00103,0.41730
CVE-2004-0515,0.00059,0.22933
CVE-2004-0516,0.00059,0.22933
CVE-2004-0517,0.00059,0.22933
CVE-2004-0518,0.00397,0.70878
CVE-2004-0519,0.02285,0.88580
CVE-2004-0520,0.01844,0.87067
CVE-2004-0521,0.00523,0.74493
CVE-2004-0522,0.00374,0.69991
CVE-2004-0523,0.26142,0.96315
CVE-2004-0524,0.00664,0.77584
CVE-2004-0525,0.00902,0.81023
CVE-2004-0526,0.05394,0.92415
CVE-2004-0527,0.01741,0.86634
CVE-2004-0528,0.01730,0.86593
CVE-2004-0529,0.00060,0.23520
CVE-2004-0530,0.00042,0.05722
CVE-2004-0533,0.00180,0.55290
CVE-2004-0534,0.00440,0.72245
CVE-2004-0535,0.00044,0.08043
CVE-2004-0536,0.59315,0.97476
CVE-2004-0537,0.00386,0.70476
CVE-2004-0538,0.00350,0.68985
CVE-2004-0539,0.01187,0.83648
CVE-2004-0540,0.02397,0.88839
CVE-2004-0541,0.96571,0.99537
CVE-2004-0542,0.91998,0.98753
CVE-2004-0543,0.00408,0.71233
CVE-2004-0544,0.00043,0.07520
CVE-2004-0545,0.00043,0.07623
CVE-2004-0547,0.00927,0.81309
CVE-2004-0548,0.00042,0.00438
CVE-2004-0549,0.96426,0.99481
CVE-2004-0550,0.05069,0.92177
CVE-2004-0551,0.00875,0.80707
CVE-2004-0552,0.87635,0.98418
CVE-2004-0554,0.00049,0.14999
CVE-2004-0555,0.03536,0.90697
CVE-2004-0557,0.26843,0.96350
CVE-2004-0558,0.03723,0.90926
CVE-2004-0559,0.00042,0.05722
CVE-2004-0560,0.01285,0.84387
CVE-2004-0561,0.01285,0.84387
CVE-2004-0563,0.00042,0.05722
CVE-2004-0564,0.00042,0.05722
CVE-2004-0565,0.00044,0.08000
CVE-2004-0566,0.72049,0.97812
CVE-2004-0567,0.90188,0.98586
CVE-2004-0568,0.09214,0.94123
CVE-2004-0569,0.11754,0.94826
CVE-2004-0571,0.15458,0.95414
CVE-2004-0572,0.56852,0.97416
CVE-2004-0573,0.93372,0.98913
CVE-2004-0574,0.95503,0.99255
CVE-2004-0575,0.76112,0.97928
CVE-2004-0576,0.00927,0.81309
CVE-2004-0577,0.00543,0.74991
CVE-2004-0578,0.00543,0.74991
CVE-2004-0579,0.00042,0.00438
CVE-2004-0580,0.02205,0.88354
CVE-2004-0581,0.00042,0.05722
CVE-2004-0582,0.00595,0.76117
CVE-2004-0583,0.00633,0.76907
CVE-2004-0584,0.02479,0.89020
CVE-2004-0586,0.01076,0.82750
CVE-2004-0587,0.00043,0.07668
CVE-2004-0588,0.01053,0.82513
CVE-2004-0589,0.00379,0.70195
CVE-2004-0590,0.01764,0.86712
CVE-2004-0591,0.91611,0.98707
CVE-2004-0592,0.01156,0.83394
CVE-2004-0593,0.00626,0.76783
CVE-2004-0594,0.93356,0.98912
CVE-2004-0595,0.93900,0.98978
CVE-2004-0596,0.00042,0.05722
CVE-2004-0597,0.96351,0.99459
CVE-2004-0598,0.07054,0.93342
CVE-2004-0599,0.06714,0.93183
CVE-2004-0600,0.96401,0.99475
CVE-2004-0601,0.00438,0.72182
CVE-2004-0602,0.00042,0.05722
CVE-2004-0603,0.00497,0.73803
CVE-2004-0604,0.01536,0.85779
CVE-2004-0605,0.03019,0.89958
CVE-2004-0606,0.01217,0.83885
CVE-2004-0607,0.93339,0.98911
CVE-2004-0608,0.62019,0.97555
CVE-2004-0609,0.00449,0.72486
CVE-2004-0610,0.01482,0.85470
CVE-2004-0611,0.01063,0.82636
CVE-2004-0612,0.00515,0.74285
CVE-2004-0613,0.11708,0.94815
CVE-2004-0614,0.00270,0.64526
CVE-2004-0615,0.01630,0.86220
CVE-2004-0616,0.02458,0.88978
CVE-2004-0617,0.00702,0.78266
CVE-2004-0618,0.00043,0.07477
CVE-2004-0619,0.00060,0.23520
CVE-2004-0620,0.00475,0.73204
CVE-2004-0621,0.05190,0.92261
CVE-2004-0622,0.00165,0.53213
CVE-2004-0623,0.02685,0.89439
CVE-2004-0624,0.00822,0.80086
CVE-2004-0625,0.00158,0.52344
CVE-2004-0626,0.01296,0.84455
CVE-2004-0627,0.89254,0.98524
CVE-2004-0628,0.03497,0.90652
CVE-2004-0629,0.04488,0.91658
CVE-2004-0630,0.13696,0.95145
CVE-2004-0631,0.07212,0.93408
CVE-2004-0632,0.10725,0.94581
CVE-2004-0633,0.02557,0.89162
CVE-2004-0634,0.02273,0.88547
CVE-2004-0635,0.02207,0.88364
CVE-2004-0636,0.93297,0.98908
CVE-2004-0637,0.96559,0.99535
CVE-2004-0638,0.00858,0.80519
CVE-2004-0639,0.03285,0.90372
CVE-2004-0640,0.02685,0.89439
CVE-2004-0641,0.01573,0.85970
CVE-2004-0642,0.21397,0.96024
CVE-2004-0643,0.00050,0.15976
CVE-2004-0644,0.05751,0.92637
CVE-2004-0645,0.09656,0.94265
CVE-2004-0646,0.08225,0.93781
CVE-2004-0647,0.00042,0.05722
CVE-2004-0648,0.07667,0.93549
CVE-2004-0649,0.02539,0.89138
CVE-2004-0650,0.02032,0.87787
CVE-2004-0651,0.01362,0.84864
CVE-2004-0652,0.00079,0.32774
CVE-2004-0653,0.00087,0.35939
CVE-2004-0654,0.00087,0.36462
CVE-2004-0655,0.00042,0.05722
CVE-2004-0656,0.00927,0.81309
CVE-2004-0657,0.00191,0.56695
CVE-2004-0658,0.00042,0.05722
CVE-2004-0659,0.09964,0.94359
CVE-2004-0660,0.00824,0.80107
CVE-2004-0661,0.01536,0.85779
CVE-2004-0662,0.00755,0.79139
CVE-2004-0663,0.00517,0.74339
CVE-2004-0664,0.01714,0.86532
CVE-2004-0665,0.01784,0.86788
CVE-2004-0666,0.01259,0.84201
CVE-2004-0667,0.00042,0.05722
CVE-2004-0668,0.03788,0.91002
CVE-2004-0669,0.00787,0.79611
CVE-2004-0670,0.01192,0.83686
CVE-2004-0671,0.01301,0.84475
CVE-2004-0672,0.00702,0.78266
CVE-2004-0673,0.00702,0.78266
CVE-2004-0674,0.01192,0.83686
CVE-2004-0675,0.00702,0.78266
CVE-2004-0676,0.02797,0.89636
CVE-2004-0677,0.00325,0.67816
CVE-2004-0678,0.00263,0.64040
CVE-2004-0679,0.00775,0.79468
CVE-2004-0680,0.01203,0.83774
CVE-2004-0681,0.00491,0.73650
CVE-2004-0682,0.04534,0.91697
CVE-2004-0683,0.08039,0.93715
CVE-2004-0684,0.01572,0.85942
CVE-2004-0685,0.00043,0.05916
CVE-2004-0686,0.79689,0.98035
CVE-2004-0687,0.34767,0.96733
CVE-2004-0688,0.29182,0.96486
CVE-2004-0689,0.00042,0.05722
CVE-2004-0690,0.00061,0.23843
CVE-2004-0691,0.33536,0.96678
CVE-2004-0692,0.03358,0.90476
CVE-2004-0693,0.03451,0.90600
CVE-2004-0694,0.03124,0.90127
CVE-2004-0695,0.87713,0.98422
CVE-2004-0696,0.00569,0.75528
CVE-2004-0697,0.00548,0.75107
CVE-2004-0698,0.00042,0.05722
CVE-2004-0699,0.87131,0.98391
CVE-2004-0700,0.90061,0.98577
CVE-2004-0701,0.00061,0.23948
CVE-2004-0702,0.00212,0.59208
CVE-2004-0703,0.00235,0.61608
CVE-2004-0704,0.00449,0.72486
CVE-2004-0705,0.00459,0.72753
CVE-2004-0706,0.00042,0.05722
CVE-2004-0707,0.00164,0.53131
CVE-2004-0708,0.01254,0.84150
CVE-2004-0709,0.01104,0.82966
CVE-2004-0710,0.01831,0.86992
CVE-2004-0711,0.00618,0.76623
CVE-2004-0712,0.00043,0.05916
CVE-2004-0713,0.00979,0.81836
CVE-2004-0714,0.01238,0.84042
CVE-2004-0715,0.00387,0.70501
CVE-2004-0716,0.04304,0.91504
CVE-2004-0717,0.00319,0.67518
CVE-2004-0718,0.01156,0.83395
CVE-2004-0719,0.94552,0.99081
CVE-2004-0720,0.00603,0.76279
CVE-2004-0721,0.01328,0.84630
CVE-2004-0722,0.92020,0.98755
CVE-2004-0723,0.00275,0.64825
CVE-2004-0724,0.01119,0.83095
CVE-2004-0725,0.01046,0.82457
CVE-2004-0726,0.00864,0.80573
CVE-2004-0727,0.07735,0.93574
CVE-2004-0728,0.67628,0.97675
CVE-2004-0729,0.00762,0.79258
CVE-2004-0730,0.01502,0.85605
CVE-2004-0731,0.00801,0.79846
CVE-2004-0732,0.00262,0.63979
CVE-2004-0733,0.09133,0.94093
CVE-2004-0734,0.20965,0.95993
CVE-2004-0735,0.42987,0.97021
CVE-2004-0736,0.00547,0.75094
CVE-2004-0737,0.00822,0.80086
CVE-2004-0738,0.00152,0.51480
CVE-2004-0739,0.00522,0.74465
CVE-2004-0740,0.01168,0.83495
CVE-2004-0741,0.00325,0.67816
CVE-2004-0742,0.00793,0.79744
CVE-2004-0743,0.00309,0.66955
CVE-2004-0744,0.01444,0.85308
CVE-2004-0745,0.00407,0.71196
CVE-2004-0746,0.02194,0.88324
CVE-2004-0747,0.00046,0.12663
CVE-2004-0748,0.12523,0.94955
CVE-2004-0749,0.02898,0.89796
CVE-2004-0750,0.00475,0.73204
CVE-2004-0751,0.05658,0.92590
CVE-2004-0752,0.00045,0.12307
CVE-2004-0753,0.03281,0.90366
CVE-2004-0754,0.07502,0.93501
CVE-2004-0755,0.00042,0.05722
CVE-2004-0757,0.02207,0.88364
CVE-2004-0758,0.04264,0.91466
CVE-2004-0759,0.00825,0.80122
CVE-2004-0760,0.05076,0.92180
CVE-2004-0761,0.01375,0.84941
CVE-2004-0762,0.01411,0.85124
CVE-2004-0763,0.96498,0.99505
CVE-2004-0764,0.02591,0.89233
CVE-2004-0765,0.00783,0.79558
CVE-2004-0766,0.00132,0.48290
CVE-2004-0767,0.00132,0.48290
CVE-2004-0768,0.04768,0.91929
CVE-2004-0769,0.35625,0.96758
CVE-2004-0770,0.00042,0.05722
CVE-2004-0771,0.02125,0.88084
CVE-2004-0772,0.19348,0.95861
CVE-2004-0774,0.00329,0.68032
CVE-2004-0775,0.09774,0.94295
CVE-2004-0777,0.08288,0.93797
CVE-2004-0778,0.95670,0.99293
CVE-2004-0779,0.00679,0.77904
CVE-2004-0780,0.00063,0.25302
CVE-2004-0781,0.00207,0.58659
CVE-2004-0782,0.30469,0.96551
CVE-2004-0783,0.30469,0.96551
CVE-2004-0784,0.01051,0.82495
CVE-2004-0785,0.06509,0.93072
CVE-2004-0786,0.08884,0.94013
CVE-2004-0787,0.00228,0.61077
CVE-2004-0788,0.05843,0.92689
CVE-2004-0789,0.02280,0.88571
CVE-2004-0790,0.96513,0.99512
CVE-2004-0791,0.61241,0.97534
CVE-2004-0792,0.00573,0.75627
CVE-2004-0793,0.00094,0.39283
CVE-2004-0794,0.01437,0.85259
CVE-2004-0795,0.02076,0.87940
CVE-2004-0796,0.03451,0.90600
CVE-2004-0797,0.87268,0.98398
CVE-2004-0798,0.94479,0.99067
CVE-2004-0799,0.02680,0.89425
CVE-2004-0800,0.00042,0.05767
CVE-2004-0801,0.00510,0.74178
CVE-2004-0802,0.05779,0.92651
CVE-2004-0803,0.06080,0.92810
CVE-2004-0804,0.01457,0.85376
CVE-2004-0805,0.11612,0.94792
CVE-2004-0806,0.00042,0.00438
CVE-2004-0807,0.03560,0.90719
CVE-2004-0808,0.06553,0.93088
CVE-2004-0809,0.00878,0.80742
CVE-2004-0810,0.01536,0.85779
CVE-2004-0811,0.00253,0.63234
CVE-2004-0812,0.00042,0.05722
CVE-2004-0813,0.00044,0.08000
CVE-2004-0814,0.00117,0.45616
CVE-2004-0815,0.86503,0.98356
CVE-2004-0816,0.04907,0.92043
CVE-2004-0817,0.07179,0.93394
CVE-2004-0819,0.00927,0.81309
CVE-2004-0820,0.50171,0.97245
CVE-2004-0821,0.00043,0.05916
CVE-2004-0822,0.00092,0.38907
CVE-2004-0823,0.02251,0.88483
CVE-2004-0824,0.00042,0.00438
CVE-2004-0825,0.04163,0.91376
CVE-2004-0826,0.01775,0.86754
CVE-2004-0827,0.04393,0.91580
CVE-2004-0828,0.00042,0.05722
CVE-2004-0829,0.55591,0.97388
CVE-2004-0830,0.02230,0.88429
CVE-2004-0831,0.00042,0.05722
CVE-2004-0832,0.03574,0.90739
CVE-2004-0833,0.00815,0.80000
CVE-2004-0834,0.00053,0.18259
CVE-2004-0835,0.00874,0.80688
CVE-2004-0836,0.00675,0.77778
CVE-2004-0837,0.00330,0.68111
CVE-2004-0838,0.00042,0.05722
CVE-2004-0839,0.79982,0.98050
CVE-2004-0840,0.89069,0.98509
CVE-2004-0841,0.96329,0.99451
CVE-2004-0842,0.96846,0.99636
CVE-2004-0843,0.01484,0.85484
CVE-2004-0844,0.94546,0.99080
CVE-2004-0845,0.00800,0.79822
CVE-2004-0846,0.72434,0.97819
CVE-2004-0847,0.93976,0.98988
CVE-2004-0848,0.65389,0.97628
CVE-2004-0849,0.00746,0.78992
CVE-2004-0850,0.00043,0.05916
CVE-2004-0851,0.00042,0.05722
CVE-2004-0852,0.03536,0.90697
CVE-2004-0866,0.00552,0.75193
CVE-2004-0867,0.03100,0.90093
CVE-2004-0869,0.00305,0.66697
CVE-2004-0870,0.00602,0.76250
CVE-2004-0871,0.00325,0.67828
CVE-2004-0872,0.00332,0.68228
CVE-2004-0873,0.00488,0.73567
CVE-2004-0875,0.00452,0.72594
CVE-2004-0880,0.00042,0.05722
CVE-2004-0881,0.00042,0.05722
CVE-2004-0882,0.95907,0.99342
CVE-2004-0883,0.10590,0.94534
CVE-2004-0884,0.00046,0.12526
CVE-2004-0885,0.00180,0.55309
CVE-2004-0886,0.05284,0.92323
CVE-2004-0887,0.00042,0.05722
CVE-2004-0888,0.07001,0.93321
CVE-2004-0889,0.04636,0.91795
CVE-2004-0891,0.08815,0.93986
CVE-2004-0892,0.73444,0.97851
CVE-2004-0893,0.00045,0.12221
CVE-2004-0894,0.00044,0.08090
CVE-2004-0897,0.59254,0.97474
CVE-2004-0899,0.05908,0.92726
CVE-2004-0900,0.05044,0.92155
CVE-2004-0901,0.51613,0.97282
CVE-2004-0902,0.87377,0.98403
CVE-2004-0903,0.11648,0.94795
CVE-2004-0904,0.11694,0.94805
CVE-2004-0905,0.01835,0.87023
CVE-2004-0906,0.00111,0.44162
CVE-2004-0907,0.00042,0.05722
CVE-2004-0908,0.00292,0.65976
CVE-2004-0909,0.03715,0.90914
CVE-2004-0911,0.00702,0.78271
CVE-2004-0913,0.00070,0.28797
CVE-2004-0914,0.08803,0.93983
CVE-2004-0915,0.00263,0.64042
CVE-2004-0916,0.00866,0.80592
CVE-2004-0917,0.01491,0.85520
CVE-2004-0918,0.96354,0.99460
CVE-2004-0919,0.00043,0.05916
CVE-2004-0920,0.00114,0.44991
CVE-2004-0921,0.00228,0.61093
CVE-2004-0922,0.00207,0.58726
CVE-2004-0923,0.00043,0.05916
CVE-2004-0924,0.00112,0.44290
CVE-2004-0925,0.00138,0.49327
CVE-2004-0926,0.03168,0.90190
CVE-2004-0927,0.00276,0.64880
CVE-2004-0928,0.25359,0.96274
CVE-2004-0929,0.03432,0.90581
CVE-2004-0930,0.04048,0.91262
CVE-2004-0931,0.01444,0.85308
CVE-2004-0932,0.95622,0.99283
CVE-2004-0933,0.95677,0.99295
CVE-2004-0934,0.96435,0.99482
CVE-2004-0935,0.96529,0.99521
CVE-2004-0936,0.96529,0.99521
CVE-2004-0937,0.96529,0.99521
CVE-2004-0938,0.93250,0.98902
CVE-2004-0939,0.01011,0.82134
CVE-2004-0940,0.00124,0.46724
CVE-2004-0941,0.13228,0.95074
CVE-2004-0942,0.96511,0.99511
CVE-2004-0944,0.00602,0.76258
CVE-2004-0945,0.01128,0.83170
CVE-2004-0946,0.24440,0.96220
CVE-2004-0947,0.09956,0.94357
CVE-2004-0949,0.08382,0.93824
CVE-2004-0950,0.00457,0.72709
CVE-2004-0951,0.03663,0.90850
CVE-2004-0952,0.04024,0.91228
CVE-2004-0953,0.06570,0.93096
CVE-2004-0956,0.00544,0.75006
CVE-2004-0957,0.00065,0.26853
CVE-2004-0958,0.03028,0.89981
CVE-2004-0959,0.00045,0.12297
CVE-2004-0960,0.77624,0.97973
CVE-2004-0961,0.02001,0.87683
CVE-2004-0962,0.00807,0.79918
CVE-2004-0963,0.27793,0.96409
CVE-2004-0964,0.16691,0.95561
CVE-2004-0965,0.00060,0.23520
CVE-2004-0966,0.00042,0.05722
CVE-2004-0967,0.00045,0.12498
CVE-2004-0968,0.00042,0.05722
CVE-2004-0969,0.00042,0.05722
CVE-2004-0970,0.00042,0.05722
CVE-2004-0971,0.00042,0.05722
CVE-2004-0972,0.00042,0.05722
CVE-2004-0974,0.00042,0.05722
CVE-2004-0975,0.00042,0.05722
CVE-2004-0976,0.00042,0.05722
CVE-2004-0977,0.00042,0.05722
CVE-2004-0978,0.07140,0.93377
CVE-2004-0979,0.09234,0.94130
CVE-2004-0980,0.00567,0.75497
CVE-2004-0981,0.08887,0.94016
CVE-2004-0982,0.03735,0.90941
CVE-2004-0983,0.02416,0.88884
CVE-2004-0984,0.00044,0.10161
CVE-2004-0985,0.05044,0.92155
CVE-2004-0986,0.01095,0.82897
CVE-2004-0987,0.02499,0.89057
CVE-2004-0988,0.00545,0.75036
CVE-2004-0989,0.13395,0.95100
CVE-2004-0990,0.21652,0.96035
CVE-2004-0991,0.09774,0.94295
CVE-2004-0992,0.01891,0.87266
CVE-2004-0993,0.02620,0.89297
CVE-2004-0994,0.03521,0.90674
CVE-2004-0996,0.00042,0.00438
CVE-2004-0997,0.00042,0.05722
CVE-2004-0998,0.02878,0.89771
CVE-2004-0999,0.00618,0.76624
CVE-2004-1000,0.00042,0.05722
CVE-2004-1001,0.00042,0.05722
CVE-2004-1002,0.01119,0.83095
CVE-2004-1003,0.09289,0.94151
CVE-2004-1004,0.00867,0.80611
CVE-2004-1005,0.00867,0.80611
CVE-2004-1006,0.01555,0.85865
CVE-2004-1007,0.00325,0.67816
CVE-2004-1008,0.12092,0.94893
CVE-2004-1009,0.00873,0.80671
CVE-2004-1010,0.17503,0.95674
CVE-2004-1011,0.10383,0.94481
CVE-2004-1012,0.08534,0.93877
CVE-2004-1013,0.10669,0.94559
CVE-2004-1014,0.11019,0.94642
CVE-2004-1015,0.04768,0.91929
CVE-2004-1016,0.00042,0.00438
CVE-2004-1017,0.01379,0.84966
CVE-2004-1018,0.00874,0.80690
CVE-2004-1019,0.05315,0.92352
CVE-2004-1020,0.01959,0.87525
CVE-2004-1021,0.00313,0.67133
CVE-2004-1022,0.00044,0.10161
CVE-2004-1023,0.00042,0.05722
CVE-2004-1025,0.02214,0.88386
CVE-2004-1026,0.05470,0.92476
CVE-2004-1027,0.00342,0.68623
CVE-2004-1028,0.00042,0.05722
CVE-2004-1029,0.19170,0.95841
CVE-2004-1030,0.00042,0.05722
CVE-2004-1031,0.00042,0.05722
CVE-2004-1032,0.00042,0.05722
CVE-2004-1033,0.00042,0.05722
CVE-2004-1034,0.05517,0.92505
CVE-2004-1035,0.00706,0.78344
CVE-2004-1036,0.02702,0.89462
CVE-2004-1037,0.91198,0.98670
CVE-2004-1038,0.00176,0.54808
CVE-2004-1039,0.00837,0.80276
CVE-2004-1043,0.93832,0.98970
CVE-2004-1049,0.96724,0.99591
CVE-2004-1050,0.92713,0.98840
CVE-2004-1051,0.00060,0.23520
CVE-2004-1052,0.00932,0.81345
CVE-2004-1053,0.00474,0.73171
CVE-2004-1054,0.00042,0.00438
CVE-2004-1055,0.00919,0.81211
CVE-2004-1056,0.00164,0.53104
CVE-2004-1057,0.00059,0.22933
CVE-2004-1058,0.00062,0.24569
CVE-2004-1059,0.00350,0.68987
CVE-2004-1060,0.35928,0.96777
CVE-2004-1061,0.02025,0.87760
CVE-2004-1062,0.00593,0.76084
CVE-2004-1063,0.00277,0.64943
CVE-2004-1064,0.00690,0.78090
CVE-2004-1065,0.13410,0.95104
CVE-2004-1066,0.00042,0.05722
CVE-2004-1067,0.03476,0.90630
CVE-2004-1068,0.00063,0.25094
CVE-2004-1069,0.00042,0.05722
CVE-2004-1070,0.00066,0.27163
CVE-2004-1071,0.00064,0.26143
CVE-2004-1072,0.00082,0.34184
CVE-2004-1073,0.00042,0.00438
CVE-2004-1074,0.00066,0.27449
CVE-2004-1075,0.04682,0.91842
CVE-2004-1076,0.00043,0.07663
CVE-2004-1077,0.01706,0.86496
CVE-2004-1078,0.10854,0.94609
CVE-2004-1079,0.00060,0.23520
CVE-2004-1080,0.96846,0.99636
CVE-2004-1081,0.00042,0.05722
CVE-2004-1082,0.00260,0.63861
CVE-2004-1083,0.01532,0.85760
CVE-2004-1084,0.00453,0.72602
CVE-2004-1085,0.00042,0.05722
CVE-2004-1086,0.06390,0.93003
CVE-2004-1087,0.00063,0.25668
CVE-2004-1088,0.01455,0.85360
CVE-2004-1089,0.00042,0.05722
CVE-2004-1090,0.00873,0.80671
CVE-2004-1091,0.00873,0.80671
CVE-2004-1092,0.00873,0.80671
CVE-2004-1093,0.00873,0.80671
CVE-2004-1094,0.73975,0.97869
CVE-2004-1095,0.11960,0.94864
CVE-2004-1096,0.01981,0.87605
CVE-2004-1097,0.01777,0.86758
CVE-2004-1098,0.00453,0.72599
CVE-2004-1099,0.02346,0.88718
CVE-2004-1100,0.00339,0.68482
CVE-2004-1101,0.01325,0.84617
CVE-2004-1102,0.02886,0.89782
CVE-2004-1103,0.00524,0.74507
CVE-2004-1104,0.13840,0.95165
CVE-2004-1105,0.03621,0.90797
CVE-2004-1106,0.04881,0.92023
CVE-2004-1107,0.00042,0.05722
CVE-2004-1108,0.00042,0.05722
CVE-2004-1109,0.02228,0.88424
CVE-2004-1110,0.00042,0.05722
CVE-2004-1111,0.01900,0.87314
CVE-2004-1112,0.00452,0.72571
CVE-2004-1113,0.00509,0.74139
CVE-2004-1114,0.13578,0.95129
CVE-2004-1115,0.00042,0.05722
CVE-2004-1116,0.00042,0.05722
CVE-2004-1117,0.00042,0.05722
CVE-2004-1118,0.13138,0.95058
CVE-2004-1119,0.85712,0.98311
CVE-2004-1120,0.01120,0.83106
CVE-2004-1121,0.06182,0.92890
CVE-2004-1122,0.01075,0.82738
CVE-2004-1123,0.00263,0.64055
CVE-2004-1124,0.00060,0.23520
CVE-2004-1125,0.06203,0.92897
CVE-2004-1127,0.14279,0.95235
CVE-2004-1128,0.03407,0.90544
CVE-2004-1129,0.00300,0.66452
CVE-2004-1130,0.00421,0.71632
CVE-2004-1131,0.00042,0.05753
CVE-2004-1133,0.00925,0.81289
CVE-2004-1134,0.96528,0.99520
CVE-2004-1135,0.11483,0.94754
CVE-2004-1136,0.00141,0.49813
CVE-2004-1137,0.31391,0.96592
CVE-2004-1138,0.00060,0.23520
CVE-2004-1139,0.00848,0.80399
CVE-2004-1140,0.00623,0.76722
CVE-2004-1141,0.00623,0.76722
CVE-2004-1142,0.01379,0.84962
CVE-2004-1143,0.01060,0.82605
CVE-2004-1144,0.00042,0.05722
CVE-2004-1145,0.00580,0.75789
CVE-2004-1146,0.00355,0.69180
CVE-2004-1147,0.01779,0.86762
CVE-2004-1148,0.00543,0.74991
CVE-2004-1149,0.00042,0.05722
CVE-2004-1150,0.00753,0.79100
CVE-2004-1151,0.00043,0.07663
CVE-2004-1152,0.10572,0.94526
CVE-2004-1153,0.54261,0.97355
CVE-2004-1154,0.09907,0.94335
CVE-2004-1155,0.69771,0.97738
CVE-2004-1156,0.00562,0.75370
CVE-2004-1157,0.01172,0.83530
CVE-2004-1158,0.02306,0.88634
CVE-2004-1160,0.01387,0.85005
CVE-2004-1161,0.02153,0.88223
CVE-2004-1162,0.00555,0.75256
CVE-2004-1163,0.00251,0.63097
CVE-2004-1164,0.00823,0.80096
CVE-2004-1165,0.81064,0.98081
CVE-2004-1166,0.96783,0.99615
CVE-2004-1167,0.00359,0.69370
CVE-2004-1168,0.02859,0.89742
CVE-2004-1169,0.00325,0.67816
CVE-2004-1170,0.03407,0.90546
CVE-2004-1171,0.00093,0.39200
CVE-2004-1172,0.95517,0.99260
CVE-2004-1173,0.01380,0.84971
CVE-2004-1174,0.00319,0.67520
CVE-2004-1175,0.01039,0.82402
CVE-2004-1176,0.06487,0.93062
CVE-2004-1177,0.00394,0.70765
CVE-2004-1179,0.00042,0.05722
CVE-2004-1180,0.01783,0.86782
CVE-2004-1181,0.00042,0.05722
CVE-2004-1182,0.00695,0.78173
CVE-2004-1183,0.08218,0.93777
CVE-2004-1184,0.00321,0.67609
CVE-2004-1185,0.01739,0.86630
CVE-2004-1186,0.02332,0.88680
CVE-2004-1187,0.04005,0.91208
CVE-2004-1188,0.00486,0.73529
CVE-2004-1189,0.00089,0.37195
CVE-2004-1190,0.00042,0.05722
CVE-2004-1191,0.00042,0.05722
CVE-2004-1192,0.08360,0.93819
CVE-2004-1193,0.00042,0.05722
CVE-2004-1194,0.01207,0.83807
CVE-2004-1195,0.01207,0.83807
CVE-2004-1196,0.00702,0.78266
CVE-2004-1197,0.00845,0.80369
CVE-2004-1198,0.01618,0.86170
CVE-2004-1199,0.01151,0.83348
CVE-2004-1200,0.03550,0.90709
CVE-2004-1201,0.00427,0.71817
CVE-2004-1202,0.68882,0.97713
CVE-2004-1203,0.00796,0.79791
CVE-2004-1204,0.00042,0.05722
CVE-2004-1205,0.00547,0.75094
CVE-2004-1206,0.02077,0.87943
CVE-2004-1207,0.08758,0.93974
CVE-2004-1208,0.03763,0.90977
CVE-2004-1209,0.00315,0.67265
CVE-2004-1210,0.00702,0.78266
CVE-2004-1211,0.96366,0.99466
CVE-2004-1212,0.02115,0.88055
CVE-2004-1213,0.00702,0.78266
CVE-2004-1214,0.02844,0.89721
CVE-2004-1215,0.01207,0.83807
CVE-2004-1216,0.01207,0.83807
CVE-2004-1217,0.02231,0.88431
CVE-2004-1218,0.01177,0.83578
CVE-2004-1219,0.00569,0.75528
CVE-2004-1220,0.01188,0.83652
CVE-2004-1221,0.02077,0.87943
CVE-2004-1222,0.52114,0.97303
CVE-2004-1223,0.02053,0.87861
CVE-2004-1224,0.00042,0.05722
CVE-2004-1225,0.00253,0.63261
CVE-2004-1226,0.00547,0.75094
CVE-2004-1227,0.04055,0.91270
CVE-2004-1228,0.00313,0.67133
CVE-2004-1229,0.01237,0.84038
CVE-2004-1230,0.00543,0.74991
CVE-2004-1231,0.00397,0.70878
CVE-2004-1232,0.03793,0.91010
CVE-2004-1233,0.01119,0.83095
CVE-2004-1234,0.40710,0.96952
CVE-2004-1235,0.00042,0.00438
CVE-2004-1236,0.10974,0.94634
CVE-2004-1237,0.00042,0.05722
CVE-2004-1244,0.37332,0.96832
CVE-2004-1254,0.02726,0.89515
CVE-2004-1255,0.03670,0.90866
CVE-2004-1256,0.04150,0.91367
CVE-2004-1257,0.03670,0.90866
CVE-2004-1258,0.03388,0.90518
CVE-2004-1259,0.01828,0.86978
CVE-2004-1260,0.04150,0.91367
CVE-2004-1261,0.01588,0.86024
CVE-2004-1262,0.03670,0.90866
CVE-2004-1263,0.00042,0.05722
CVE-2004-1264,0.08180,0.93761
CVE-2004-1265,0.03670,0.90866
CVE-2004-1266,0.03670,0.90866
CVE-2004-1267,0.08619,0.93922
CVE-2004-1268,0.00042,0.05722
CVE-2004-1269,0.01560,0.85894
CVE-2004-1270,0.00042,0.05722
CVE-2004-1271,0.03670,0.90866
CVE-2004-1272,0.03670,0.90866
CVE-2004-1273,0.03670,0.90866
CVE-2004-1274,0.01109,0.83016
CVE-2004-1275,0.03138,0.90146
CVE-2004-1276,0.00042,0.05722
CVE-2004-1277,0.00140,0.49677
CVE-2004-1278,0.03670,0.90866
CVE-2004-1279,0.02859,0.89742
CVE-2004-1280,0.00404,0.71078
CVE-2004-1281,0.00140,0.49677
CVE-2004-1282,0.04997,0.92102
CVE-2004-1283,0.03670,0.90866
CVE-2004-1284,0.04997,0.92102
CVE-2004-1285,0.03670,0.90866
CVE-2004-1286,0.02216,0.88392
CVE-2004-1287,0.00669,0.77682
CVE-2004-1288,0.04997,0.92102
CVE-2004-1289,0.01828,0.86978
CVE-2004-1290,0.02859,0.89742
CVE-2004-1291,0.08171,0.93759
CVE-2004-1292,0.04997,0.92102
CVE-2004-1293,0.02216,0.88392
CVE-2004-1294,0.00140,0.49677
CVE-2004-1295,0.00042,0.05722
CVE-2004-1296,0.00042,0.05722
CVE-2004-1297,0.03670,0.90866
CVE-2004-1298,0.02216,0.88392
CVE-2004-1299,0.02216,0.88392
CVE-2004-1300,0.04997,0.92102
CVE-2004-1301,0.02216,0.88392
CVE-2004-1302,0.04777,0.91935
CVE-2004-1303,0.00107,0.43142
CVE-2004-1304,0.00858,0.80513
CVE-2004-1305,0.15264,0.95371
CVE-2004-1306,0.29210,0.96487
CVE-2004-1307,0.04810,0.91972
CVE-2004-1308,0.12924,0.95021
CVE-2004-1309,0.03407,0.90544
CVE-2004-1310,0.04496,0.91669
CVE-2004-1311,0.03996,0.91201
CVE-2004-1312,0.01259,0.84201
CVE-2004-1313,0.00042,0.05722
CVE-2004-1314,0.01473,0.85439
CVE-2004-1315,0.96267,0.99426
CVE-2004-1316,0.56055,0.97393
CVE-2004-1317,0.83621,0.98213
CVE-2004-1318,0.00736,0.78866
CVE-2004-1319,0.04885,0.92026
CVE-2004-1320,0.01203,0.83774
CVE-2004-1321,0.00921,0.81240
CVE-2004-1322,0.01275,0.84293
CVE-2004-1323,0.00042,0.05722
CVE-2004-1324,0.02486,0.89038
CVE-2004-1325,0.65256,0.97626
CVE-2004-1326,0.00042,0.00438
CVE-2004-1327,0.00788,0.79622
CVE-2004-1328,0.00042,0.05722
CVE-2004-1329,0.00042,0.00438
CVE-2004-1330,0.00042,0.00438
CVE-2004-1331,0.88665,0.98478
CVE-2004-1332,0.25498,0.96283
CVE-2004-1333,0.00042,0.00438
CVE-2004-1334,0.00042,0.05722
CVE-2004-1335,0.00042,0.00438
CVE-2004-1336,0.00042,0.05722
CVE-2004-1337,0.00042,0.05722
CVE-2004-1338,0.00112,0.44483
CVE-2004-1339,0.00085,0.35507
CVE-2004-1340,0.00042,0.05722
CVE-2004-1341,0.00169,0.53947
CVE-2004-1342,0.00834,0.80236
CVE-2004-1343,0.00279,0.65086
CVE-2004-1345,0.00104,0.42019
CVE-2004-1346,0.00086,0.35635
CVE-2004-1347,0.07179,0.93394
CVE-2004-1348,0.02768,0.89590
CVE-2004-1349,0.00094,0.39273
CVE-2004-1350,0.12781,0.94994
CVE-2004-1351,0.29834,0.96518
CVE-2004-1352,0.00044,0.10704
CVE-2004-1353,0.00063,0.25302
CVE-2004-1354,0.01218,0.83893
CVE-2004-1355,0.00090,0.37769
CVE-2004-1356,0.00090,0.37769
CVE-2004-1357,0.01469,0.85421
CVE-2004-1358,0.00382,0.70283
CVE-2004-1359,0.00044,0.10704
CVE-2004-1360,0.00047,0.14011
CVE-2004-1361,0.05595,0.92555
CVE-2004-1362,0.00827,0.80151
CVE-2004-1363,0.10490,0.94504
CVE-2004-1364,0.01704,0.86484
CVE-2004-1365,0.00050,0.15982
CVE-2004-1366,0.00048,0.14339
CVE-2004-1367,0.00053,0.18438
CVE-2004-1368,0.04011,0.91215
CVE-2004-1369,0.01974,0.87574
CVE-2004-1370,0.01190,0.83670
CVE-2004-1371,0.75247,0.97902
CVE-2004-1372,0.00043,0.07623
CVE-2004-1373,0.97160,0.99767
CVE-2004-1374,0.00042,0.05753
CVE-2004-1375,0.00042,0.05722
CVE-2004-1376,0.95617,0.99282
CVE-2004-1377,0.00042,0.05722
CVE-2004-1378,0.07341,0.93448
CVE-2004-1379,0.07830,0.93624
CVE-2004-1380,0.00190,0.56597
CVE-2004-1381,0.34135,0.96707
CVE-2004-1382,0.00042,0.05722
CVE-2004-1383,0.00501,0.73936
CVE-2004-1384,0.00886,0.80838
CVE-2004-1385,0.01838,0.87046
CVE-2004-1386,0.01194,0.83703
CVE-2004-1387,0.00042,0.05722
CVE-2004-1388,0.66143,0.97641
CVE-2004-1389,0.04494,0.91665
CVE-2004-1390,0.04158,0.91373
CVE-2004-1391,0.00043,0.05916
CVE-2004-1392,0.00889,0.80883
CVE-2004-1393,0.00225,0.60832
CVE-2004-1394,0.00090,0.37769
CVE-2004-1395,0.04489,0.91659
CVE-2004-1396,0.01027,0.82266
CVE-2004-1397,0.00353,0.69110
CVE-2004-1398,0.01232,0.84000
CVE-2004-1399,0.00356,0.69262
CVE-2004-1400,0.02465,0.88995
CVE-2004-1401,0.00193,0.57224
CVE-2004-1402,0.00226,0.60909
CVE-2004-1403,0.01237,0.84038
CVE-2004-1404,0.03977,0.91186
CVE-2004-1405,0.04789,0.91956
CVE-2004-1406,0.00197,0.57594
CVE-2004-1407,0.00535,0.74779
CVE-2004-1408,0.00925,0.81281
CVE-2004-1409,0.00257,0.63582
CVE-2004-1410,0.00263,0.64040
CVE-2004-1411,0.00709,0.78402
CVE-2004-1412,0.00325,0.67838
CVE-2004-1413,0.00279,0.65085
CVE-2004-1414,0.00311,0.67056
CVE-2004-1415,0.00268,0.64438
CVE-2004-1416,0.00458,0.72748
CVE-2004-1417,0.00790,0.79699
CVE-2004-1418,0.00273,0.64696
CVE-2004-1419,0.02944,0.89856
CVE-2004-1420,0.00963,0.81678
CVE-2004-1421,0.03055,0.90028
CVE-2004-1422,0.01466,0.85411
CVE-2004-1423,0.18427,0.95760
CVE-2004-1424,0.00607,0.76368
CVE-2004-1425,0.00315,0.67324
CVE-2004-1426,0.00294,0.66120
CVE-2004-1427,0.00896,0.80952
CVE-2004-1428,0.00915,0.81162
CVE-2004-1429,0.00822,0.80086
CVE-2004-1430,0.00226,0.60940
CVE-2004-1431,0.00478,0.73286
CVE-2004-1432,0.01492,0.85522
CVE-2004-1433,0.01492,0.85522
CVE-2004-1434,0.02185,0.88302
CVE-2004-1435,0.01787,0.86801
CVE-2004-1436,0.01559,0.85890
CVE-2004-1437,0.04638,0.91796
CVE-2004-1438,0.00195,0.57459
CVE-2004-1439,0.12456,0.94947
CVE-2004-1440,0.08346,0.93813
CVE-2004-1441,0.00541,0.74950
CVE-2004-1442,0.00412,0.71342
CVE-2004-1443,0.00477,0.73280
CVE-2004-1444,0.01474,0.85442
CVE-2004-1445,0.00042,0.05722
CVE-2004-1446,0.01662,0.86329
CVE-2004-1447,0.00647,0.77179
CVE-2004-1448,0.01999,0.87677
CVE-2004-1449,0.00208,0.58744
CVE-2004-1450,0.00212,0.59192
CVE-2004-1451,0.00288,0.65712
CVE-2004-1452,0.00042,0.05722
CVE-2004-1453,0.00042,0.05722
CVE-2004-1454,0.02042,0.87829
CVE-2004-1455,0.03822,0.91042
CVE-2004-1456,0.87569,0.98415
CVE-2004-1457,0.02397,0.88838
CVE-2004-1458,0.01081,0.82781
CVE-2004-1459,0.00685,0.77994
CVE-2004-1460,0.00570,0.75547
CVE-2004-1461,0.00386,0.70444
CVE-2004-1462,0.02689,0.89443
CVE-2004-1463,0.00266,0.64302
CVE-2004-1464,0.01664,0.86346
CVE-2004-1465,0.00113,0.44667
CVE-2004-1466,0.10044,0.94402
CVE-2004-1467,0.00886,0.80838
CVE-2004-1468,0.00682,0.77956
CVE-2004-1469,0.00074,0.30750
CVE-2004-1470,0.02933,0.89842
CVE-2004-1471,0.01367,0.84898
CVE-2004-1472,0.00263,0.64010
CVE-2004-1473,0.00198,0.57737
CVE-2004-1474,0.00642,0.77101
CVE-2004-1475,0.00696,0.78184
CVE-2004-1476,0.00410,0.71289
CVE-2004-1477,0.00437,0.72138
CVE-2004-1478,0.00991,0.81967
CVE-2004-1480,0.00976,0.81805
CVE-2004-1481,0.26048,0.96310
CVE-2004-1482,0.00640,0.77042
CVE-2004-1483,0.00179,0.55157
CVE-2004-1484,0.02533,0.89128
CVE-2004-1485,0.00522,0.74465
CVE-2004-1486,0.00938,0.81398
CVE-2004-1487,0.00203,0.58304
CVE-2004-1488,0.01943,0.87473
CVE-2004-1489,0.00234,0.61504
CVE-2004-1490,0.00702,0.78267
CVE-2004-1491,0.04519,0.91685
CVE-2004-1492,0.01216,0.83882
CVE-2004-1493,0.05020,0.92137
CVE-2004-1494,0.01686,0.86421
CVE-2004-1495,0.00829,0.80180
CVE-2004-1496,0.00288,0.65696
CVE-2004-1497,0.00042,0.05722
CVE-2004-1498,0.00300,0.66452
CVE-2004-1499,0.00710,0.78438
CVE-2004-1500,0.00712,0.78474
CVE-2004-1501,0.00325,0.67816
CVE-2004-1502,0.00325,0.67816
CVE-2004-1503,0.34451,0.96718
CVE-2004-1504,0.00547,0.75084
CVE-2004-1505,0.01382,0.84975
CVE-2004-1506,0.00353,0.69110
CVE-2004-1507,0.00551,0.75166
CVE-2004-1508,0.01075,0.82738
CVE-2004-1509,0.00478,0.73286
CVE-2004-1510,0.00896,0.80952
CVE-2004-1511,0.01225,0.83940
CVE-2004-1512,0.00717,0.78550
CVE-2004-1513,0.01307,0.84515
CVE-2004-1514,0.02416,0.88884
CVE-2004-1515,0.00330,0.68151
CVE-2004-1516,0.00737,0.78874
CVE-2004-1517,0.00633,0.76919
CVE-2004-1518,0.00217,0.59759
CVE-2004-1519,0.00950,0.81532
CVE-2004-1520,0.95869,0.99332
CVE-2004-1521,0.03890,0.91112
CVE-2004-1522,0.01878,0.87204
CVE-2004-1523,0.01216,0.83882
CVE-2004-1524,0.01216,0.83882
CVE-2004-1525,0.01255,0.84153
CVE-2004-1526,0.00313,0.67133
CVE-2004-1527,0.00839,0.80300
CVE-2004-1528,0.00727,0.78712
CVE-2004-1529,0.00923,0.81260
CVE-2004-1530,0.00456,0.72680
CVE-2004-1531,0.01180,0.83605
CVE-2004-1532,0.01060,0.82581
CVE-2004-1533,0.02505,0.89067
CVE-2004-1534,0.00419,0.71580
CVE-2004-1535,0.04055,0.91270
CVE-2004-1536,0.00501,0.73936
CVE-2004-1537,0.00313,0.67165
CVE-2004-1538,0.00226,0.60940
CVE-2004-1539,0.00959,0.81637
CVE-2004-1540,0.03838,0.91056
CVE-2004-1541,0.22591,0.96100
CVE-2004-1542,0.03461,0.90612
CVE-2004-1543,0.02178,0.88284
CVE-2004-1544,0.00307,0.66850
CVE-2004-1545,0.04159,0.91374
CVE-2004-1546,0.85381,0.98296
CVE-2004-1547,0.01530,0.85748
CVE-2004-1548,0.00536,0.74805
CVE-2004-1549,0.01011,0.82134
CVE-2004-1550,0.01788,0.86804
CVE-2004-1551,0.00168,0.53567
CVE-2004-1552,0.00422,0.71685
CVE-2004-1553,0.00212,0.59232
CVE-2004-1554,0.05788,0.92654
CVE-2004-1555,0.00634,0.76921
CVE-2004-1556,0.01444,0.85308
CVE-2004-1557,0.00374,0.69994
CVE-2004-1558,0.71053,0.97782
CVE-2004-1559,0.00789,0.79674
CVE-2004-1560,0.86503,0.98356
CVE-2004-1561,0.96497,0.99505
CVE-2004-1562,0.00823,0.80103
CVE-2004-1563,0.00819,0.80044
CVE-2004-1564,0.04071,0.91289
CVE-2004-1565,0.00279,0.65090
CVE-2004-1566,0.01105,0.82983
CVE-2004-1567,0.05102,0.92199
CVE-2004-1568,0.00823,0.80101
CVE-2004-1569,0.11113,0.94670
CVE-2004-1570,0.00509,0.74139
CVE-2004-1571,0.00547,0.75084
CVE-2004-1572,0.00767,0.79334
CVE-2004-1573,0.00042,0.05722
CVE-2004-1574,0.06309,0.92951
CVE-2004-1575,0.01094,0.82883
CVE-2004-1576,0.01119,0.83095
CVE-2004-1577,0.00547,0.75094
CVE-2004-1578,0.01655,0.86310
CVE-2004-1579,0.00547,0.75094
CVE-2004-1580,0.00572,0.75605
CVE-2004-1581,0.00547,0.75094
CVE-2004-1582,0.01144,0.83299
CVE-2004-1583,0.00240,0.62093
CVE-2004-1584,0.04817,0.91982
CVE-2004-1585,0.04961,0.92080
CVE-2004-1586,0.00152,0.51438
CVE-2004-1587,0.15067,0.95347
CVE-2004-1588,0.00210,0.58945
CVE-2004-1589,0.00326,0.67842
CVE-2004-1590,0.00646,0.77158
CVE-2004-1591,0.00822,0.80086
CVE-2004-1592,0.05531,0.92519
CVE-2004-1593,0.00353,0.69110
CVE-2004-1594,0.00396,0.70835
CVE-2004-1595,0.51126,0.97272
CVE-2004-1596,0.04745,0.91896
CVE-2004-1597,0.02597,0.89247
CVE-2004-1598,0.00555,0.75249
CVE-2004-1599,0.01523,0.85718
CVE-2004-1600,0.00755,0.79139
CVE-2004-1601,0.02846,0.89725
CVE-2004-1602,0.02574,0.89194
CVE-2004-1603,0.00047,0.13903
CVE-2004-1604,0.00262,0.64004
CVE-2004-1605,0.01883,0.87231
CVE-2004-1606,0.01981,0.87605
CVE-2004-1607,0.00747,0.79005
CVE-2004-1608,0.02688,0.89443
CVE-2004-1609,0.01459,0.85388
CVE-2004-1610,0.00825,0.80130
CVE-2004-1611,0.01108,0.83007
CVE-2004-1612,0.34688,0.96729
CVE-2004-1613,0.01058,0.82567
CVE-2004-1614,0.01400,0.85071
CVE-2004-1615,0.00420,0.71588
CVE-2004-1616,0.01948,0.87488
CVE-2004-1617,0.02677,0.89420
CVE-2004-1618,0.01878,0.87204
CVE-2004-1619,0.08180,0.93761
CVE-2004-1620,0.02625,0.89315
CVE-2004-1621,0.00926,0.81294
CVE-2004-1622,0.00253,0.63261
CVE-2004-1623,0.05515,0.92504
CVE-2004-1624,0.00042,0.05722
CVE-2004-1625,0.01119,0.83095
CVE-2004-1626,0.17485,0.95669
CVE-2004-1627,0.25854,0.96301
CVE-2004-1628,0.00564,0.75445
CVE-2004-1629,0.00228,0.61105
CVE-2004-1630,0.00345,0.68738
CVE-2004-1631,0.00496,0.73772
CVE-2004-1632,0.00345,0.68738
CVE-2004-1633,0.00290,0.65848
CVE-2004-1634,0.00246,0.62689
CVE-2004-1635,0.00714,0.78509
CVE-2004-1636,0.08180,0.93761
CVE-2004-1637,0.01007,0.82102
CVE-2004-1638,0.51126,0.97272
CVE-2004-1639,0.01207,0.83807
CVE-2004-1640,0.00830,0.80192
CVE-2004-1641,0.04289,0.91489
CVE-2004-1642,0.04039,0.91242
CVE-2004-1643,0.02937,0.89849
CVE-2004-1644,0.01444,0.85308
CVE-2004-1645,0.00710,0.78438
CVE-2004-1646,0.01737,0.86626
CVE-2004-1647,0.00178,0.55086
CVE-2004-1648,0.00899,0.80988
CVE-2004-1649,0.00055,0.20609
CVE-2004-1650,0.11511,0.94759
CVE-2004-1651,0.00432,0.71964
CVE-2004-1652,0.00313,0.67133
CVE-2004-1653,0.01041,0.82415
CVE-2004-1654,0.00703,0.78300
CVE-2004-1655,0.00674,0.77771
CVE-2004-1656,0.01717,0.86546
CVE-2004-1657,0.00654,0.77339
CVE-2004-1658,0.00042,0.05722
CVE-2004-1659,0.00290,0.65834
CVE-2004-1660,0.01573,0.85946
CVE-2004-1661,0.03269,0.90351
CVE-2004-1662,0.00485,0.73520
CVE-2004-1663,0.01583,0.86009
CVE-2004-1664,0.04327,0.91525
CVE-2004-1665,0.00264,0.64112
CVE-2004-1666,0.01347,0.84749
CVE-2004-1667,0.01803,0.86868
CVE-2004-1668,0.00276,0.64928
CVE-2004-1669,0.00248,0.62828
CVE-2004-1670,0.00609,0.76393
CVE-2004-1671,0.00496,0.73772
CVE-2004-1672,0.00891,0.80894
CVE-2004-1673,0.00891,0.80894
CVE-2004-1674,0.00891,0.80894
CVE-2004-1675,0.04651,0.91807
CVE-2004-1676,0.03407,0.90544
CVE-2004-1677,0.00543,0.74991
CVE-2004-1678,0.01846,0.87075
CVE-2004-1679,0.01450,0.85334
CVE-2004-1680,0.01136,0.83240
CVE-2004-1681,0.00042,0.00438
CVE-2004-1682,0.01075,0.82738
CVE-2004-1683,0.00042,0.05722
CVE-2004-1684,0.00605,0.76321
CVE-2004-1685,0.00483,0.73442
CVE-2004-1686,0.00316,0.67329
CVE-2004-1687,0.01509,0.85642
CVE-2004-1688,0.04063,0.91283
CVE-2004-1689,0.00043,0.07331
CVE-2004-1690,0.01716,0.86542
CVE-2004-1691,0.08673,0.93941
CVE-2004-1692,0.00597,0.76145
CVE-2004-1693,0.05559,0.92529
CVE-2004-1694,0.00275,0.64824
CVE-2004-1695,0.01988,0.87629
CVE-2004-1696,0.05255,0.92304
CVE-2004-1697,0.00891,0.80894
CVE-2004-1698,0.04883,0.92024
CVE-2004-1699,0.04069,0.91288
CVE-2004-1700,0.00257,0.63586
CVE-2004-1701,0.13313,0.95088
CVE-2004-1702,0.01453,0.85351
CVE-2004-1703,0.03675,0.90867
CVE-2004-1704,0.01060,0.82581
CVE-2004-1705,0.04722,0.91874
CVE-2004-1706,0.02431,0.88927
CVE-2004-1707,0.00082,0.34104
CVE-2004-1708,0.01063,0.82636
CVE-2004-1709,0.00042,0.05722
CVE-2004-1710,0.01333,0.84665
CVE-2004-1711,0.00345,0.68738
CVE-2004-1712,0.00168,0.53567
CVE-2004-1713,0.00042,0.05722
CVE-2004-1714,0.00043,0.07477
CVE-2004-1715,0.01144,0.83293
CVE-2004-1716,0.03323,0.90424
CVE-2004-1717,0.04150,0.91367
CVE-2004-1718,0.00042,0.05722
CVE-2004-1719,0.01162,0.83442
CVE-2004-1720,0.03113,0.90113
CVE-2004-1721,0.01223,0.83931
CVE-2004-1722,0.00824,0.80106
CVE-2004-1723,0.00547,0.75094
CVE-2004-1724,0.05569,0.92536
CVE-2004-1725,0.01623,0.86195
CVE-2004-1726,0.02553,0.89157
CVE-2004-1727,0.07376,0.93461
CVE-2004-1728,0.11708,0.94815
CVE-2004-1729,0.00396,0.70835
CVE-2004-1730,0.00841,0.80331
CVE-2004-1731,0.04505,0.91679
CVE-2004-1732,0.00241,0.62169
CVE-2004-1733,0.00256,0.63548
CVE-2004-1734,0.00757,0.79182
CVE-2004-1735,0.00290,0.65834
CVE-2004-1736,0.00478,0.73286
CVE-2004-1737,0.00279,0.65097
CVE-2004-1738,0.00677,0.77866
CVE-2004-1739,0.05020,0.92137
CVE-2004-1740,0.00658,0.77406
CVE-2004-1741,0.04063,0.91283
CVE-2004-1742,0.01943,0.87470
CVE-2004-1743,0.01940,0.87461
CVE-2004-1744,0.10665,0.94557
CVE-2004-1745,0.03419,0.90562
CVE-2004-1746,0.00789,0.79674
CVE-2004-1747,0.00257,0.63586
CVE-2004-1748,0.00043,0.07477
CVE-2004-1749,0.01040,0.82412
CVE-2004-1750,0.01216,0.83882
CVE-2004-1751,0.01176,0.83572
CVE-2004-1752,0.21374,0.96020
CVE-2004-1753,0.00762,0.79257
CVE-2004-1754,0.66109,0.97641
CVE-2004-1755,0.00489,0.73603
CVE-2004-1756,0.01614,0.86150
CVE-2004-1757,0.00043,0.05916
CVE-2004-1758,0.00046,0.12673
CVE-2004-1759,0.17488,0.95669
CVE-2004-1760,0.01215,0.83862
CVE-2004-1761,0.00515,0.74296
CVE-2004-1762,0.00385,0.70402
CVE-2004-1763,0.08345,0.93812
CVE-2004-1764,0.00043,0.05916
CVE-2004-1765,0.11317,0.94723
CVE-2004-1766,0.00719,0.78599
CVE-2004-1767,0.00060,0.23605
CVE-2004-1768,0.00466,0.72934
CVE-2004-1769,0.12442,0.94946
CVE-2004-1770,0.13008,0.95033
CVE-2004-1771,0.00365,0.69615
CVE-2004-1772,0.00042,0.05754
CVE-2004-1773,0.00501,0.73899
CVE-2004-1774,0.97312,0.99858
CVE-2004-1775,0.00770,0.79372
CVE-2004-1776,0.01569,0.85930
CVE-2004-1777,0.01265,0.84237
CVE-2004-1778,0.00042,0.05722
CVE-2004-1779,0.00355,0.69180
CVE-2004-1780,0.00042,0.05722
CVE-2004-1781,0.00042,0.00438
CVE-2004-1782,0.35117,0.96745
CVE-2004-1783,0.01947,0.87483
CVE-2004-1784,0.24716,0.96239
CVE-2004-1785,0.03297,0.90395
CVE-2004-1786,0.03828,0.91045
CVE-2004-1787,0.01066,0.82654
CVE-2004-1788,0.01203,0.83771
CVE-2004-1789,0.02070,0.87917
CVE-2004-1790,0.00826,0.80147
CVE-2004-1791,0.00874,0.80687
CVE-2004-1792,0.06556,0.93089
CVE-2004-1793,0.20906,0.95989
CVE-2004-1794,0.00286,0.65576
CVE-2004-1795,0.00042,0.05722
CVE-2004-1796,0.04187,0.91400
CVE-2004-1797,0.00946,0.81494
CVE-2004-1798,0.00792,0.79738
CVE-2004-1799,0.00913,0.81139
CVE-2004-1800,0.01573,0.85970
CVE-2004-1801,0.01969,0.87550
CVE-2004-1802,0.01215,0.83857
CVE-2004-1804,0.01216,0.83880
CVE-2004-1805,0.09019,0.94057
CVE-2004-1806,0.00918,0.81200
CVE-2004-1807,0.00866,0.80595
CVE-2004-1808,0.00042,0.05722
CVE-2004-1809,0.00433,0.71993
CVE-2004-1810,0.00256,0.63503
CVE-2004-1811,0.02757,0.89573
CVE-2004-1812,0.89479,0.98540
CVE-2004-1813,0.02989,0.89920
CVE-2004-1814,0.00376,0.70034
CVE-2004-1815,0.30661,0.96557
CVE-2004-1816,0.01989,0.87633
CVE-2004-1817,0.00353,0.69133
CVE-2004-1818,0.02166,0.88251
CVE-2004-1819,0.00733,0.78822
CVE-2004-1820,0.06526,0.93082
CVE-2004-1821,0.01310,0.84531
CVE-2004-1822,0.00680,0.77922
CVE-2004-1823,0.01733,0.86602
CVE-2004-1824,0.01206,0.83796
CVE-2004-1825,0.00437,0.72159
CVE-2004-1826,0.00623,0.76724
CVE-2004-1827,0.00817,0.80025
CVE-2004-1828,0.01933,0.87440
CVE-2004-1829,0.00621,0.76688
CVE-2004-1830,0.02843,0.89717
CVE-2004-1831,0.01364,0.84887
CVE-2004-1832,0.01364,0.84887
CVE-2004-1833,0.00287,0.65647
CVE-2004-1834,0.00067,0.27627
CVE-2004-1835,0.01042,0.82425
CVE-2004-1836,0.01707,0.86497
CVE-2004-1837,0.00242,0.62322
CVE-2004-1838,0.01451,0.85338
CVE-2004-1839,0.00477,0.73239
CVE-2004-1840,0.00343,0.68661
CVE-2004-1841,0.00221,0.60222
CVE-2004-1842,0.04767,0.91927
CVE-2004-1843,0.00534,0.74769
CVE-2004-1844,0.00508,0.74100
CVE-2004-1845,0.00607,0.76356
CVE-2004-1846,0.00753,0.79103
CVE-2004-1847,0.02086,0.87969
CVE-2004-1848,0.46741,0.97143
CVE-2004-1849,0.01389,0.85012
CVE-2004-1850,0.02140,0.88171
CVE-2004-1851,0.01898,0.87307
CVE-2004-1852,0.01803,0.86862
CVE-2004-1853,0.02555,0.89160
CVE-2004-1854,0.31388,0.96591
CVE-2004-1855,0.00514,0.74263
CVE-2004-1856,0.89795,0.98563
CVE-2004-1857,0.92346,0.98791
CVE-2004-1858,0.00327,0.67918
CVE-2004-1859,0.87506,0.98413
CVE-2004-1860,0.05177,0.92247
CVE-2004-1861,0.00043,0.07659
CVE-2004-1862,0.02267,0.88534
CVE-2004-1863,0.00403,0.71060
CVE-2004-1864,0.01879,0.87214
CVE-2004-1865,0.00327,0.67912
CVE-2004-1866,0.03938,0.91156
CVE-2004-1867,0.00315,0.67286
CVE-2004-1868,0.54756,0.97366
CVE-2004-1869,0.01950,0.87498
CVE-2004-1870,0.00557,0.75276
CVE-2004-1871,0.00983,0.81881
CVE-2004-1872,0.00353,0.69133
CVE-2004-1873,0.01169,0.83519
CVE-2004-1874,0.00397,0.70882
CVE-2004-1875,0.64812,0.97611
CVE-2004-1876,0.00042,0.05722
CVE-2004-1877,0.01659,0.86323
CVE-2004-1878,0.00533,0.74734
CVE-2004-1879,0.00259,0.63733
CVE-2004-1880,0.01216,0.83880
CVE-2004-1881,0.01203,0.83773
CVE-2004-1882,0.00867,0.80610
CVE-2004-1883,0.01890,0.87262
CVE-2004-1884,0.05137,0.92222
CVE-2004-1885,0.38683,0.96883
CVE-2004-1887,0.03512,0.90667
CVE-2004-1888,0.01700,0.86469
CVE-2004-1889,0.01216,0.83880
CVE-2004-1890,0.01118,0.83077
CVE-2004-1891,0.00115,0.45163
CVE-2004-1892,0.13654,0.95139
CVE-2004-1893,0.01281,0.84334
CVE-2004-1894,0.00042,0.05722
CVE-2004-1895,0.00042,0.05722
CVE-2004-1896,0.28409,0.96449
CVE-2004-1897,0.06637,0.93147
CVE-2004-1898,0.20981,0.95995
CVE-2004-1899,0.03630,0.90806
CVE-2004-1900,0.07916,0.93661
CVE-2004-1901,0.00042,0.05722
CVE-2004-1902,0.00042,0.05722
CVE-2004-1903,0.03576,0.90741
CVE-2004-1904,0.10687,0.94564
CVE-2004-1905,0.01225,0.83942
CVE-2004-1906,0.08828,0.93989
CVE-2004-1907,0.04025,0.91229
CVE-2004-1908,0.32740,0.96643
CVE-2004-1909,0.01128,0.83170
CVE-2004-1910,0.01548,0.85833
CVE-2004-1911,0.00718,0.78574
CVE-2004-1912,0.01602,0.86096
CVE-2004-1913,0.00315,0.67286
CVE-2004-1914,0.00227,0.61036
CVE-2004-1915,0.63453,0.97582
CVE-2004-1916,0.47296,0.97156
CVE-2004-1917,0.37068,0.96826
CVE-2004-1918,0.01834,0.87019
CVE-2004-1919,0.04914,0.92047
CVE-2004-1920,0.01110,0.83024
CVE-2004-1921,0.01573,0.85970
CVE-2004-1922,0.00302,0.66532
CVE-2004-1923,0.01376,0.84950
CVE-2004-1924,0.00593,0.76074
CVE-2004-1925,0.00319,0.67504
CVE-2004-1926,0.02852,0.89732
CVE-2004-1927,0.01053,0.82510
CVE-2004-1928,0.03069,0.90052
CVE-2004-1929,0.00247,0.62750
CVE-2004-1930,0.01020,0.82217
CVE-2004-1932,0.00255,0.63475
CVE-2004-1933,0.00042,0.05722
CVE-2004-1934,0.11451,0.94746
CVE-2004-1935,0.00266,0.64268
CVE-2004-1936,0.00945,0.81482
CVE-2004-1937,0.01821,0.86947
CVE-2004-1938,0.00452,0.72566
CVE-2004-1939,0.00500,0.73868
CVE-2004-1940,0.02505,0.89067
CVE-2004-1941,0.04006,0.91208
CVE-2004-1942,0.00279,0.65069
CVE-2004-1943,0.05821,0.92674
CVE-2004-1944,0.04673,0.91834
CVE-2004-1945,0.30237,0.96539
CVE-2004-1946,0.00076,0.31190
CVE-2004-1947,0.07513,0.93503
CVE-2004-1948,0.00042,0.05722
CVE-2004-1949,0.02081,0.87951
CVE-2004-1950,0.01062,0.82624
CVE-2004-1951,0.01283,0.84367
CVE-2004-1952,0.00255,0.63475
CVE-2004-1953,0.03116,0.90119
CVE-2004-1954,0.01048,0.82471
CVE-2004-1955,0.00835,0.80248
CVE-2004-1956,0.00772,0.79410
CVE-2004-1957,0.00509,0.74155
CVE-2004-1958,0.01068,0.82671
CVE-2004-1959,0.00879,0.80752
CVE-2004-1960,0.00789,0.79674
CVE-2004-1961,0.00223,0.60647
CVE-2004-1962,0.00280,0.65139
CVE-2004-1963,0.00675,0.77782
CVE-2004-1964,0.00679,0.77903
CVE-2004-1965,0.01130,0.83185
CVE-2004-1966,0.00501,0.73936
CVE-2004-1967,0.02543,0.89143
CVE-2004-1968,0.02915,0.89818
CVE-2004-1969,0.01573,0.85970
CVE-2004-1970,0.00417,0.71517
CVE-2004-1971,0.00502,0.73964
CVE-2004-1972,0.00255,0.63475
CVE-2004-1973,0.05200,0.92270
CVE-2004-1974,0.00502,0.73964
CVE-2004-1975,0.00287,0.65629
CVE-2004-1976,0.01455,0.85360
CVE-2004-1977,0.02149,0.88215
CVE-2004-1978,0.00621,0.76688
CVE-2004-1979,0.00345,0.68766
CVE-2004-1980,0.00429,0.71860
CVE-2004-1981,0.01216,0.83880
CVE-2004-1982,0.01560,0.85894
CVE-2004-1983,0.00043,0.07477
CVE-2004-1984,0.01252,0.84129
CVE-2004-1985,0.00621,0.76688
CVE-2004-1986,0.01550,0.85842
CVE-2004-1987,0.01317,0.84578
CVE-2004-1988,0.09075,0.94070
CVE-2004-1989,0.09075,0.94070
CVE-2004-1990,0.04461,0.91635
CVE-2004-1991,0.00564,0.75438
CVE-2004-1992,0.93104,0.98882
CVE-2004-1993,0.19443,0.95872
CVE-2004-1994,0.01803,0.86863
CVE-2004-1995,0.12525,0.94956
CVE-2004-1996,0.00353,0.69133
CVE-2004-1997,0.00061,0.23949
CVE-2004-1998,0.00460,0.72792
CVE-2004-1999,0.00390,0.70642
CVE-2004-2000,0.01121,0.83120
CVE-2004-2001,0.00044,0.10161
CVE-2004-2002,0.01156,0.83394
CVE-2004-2003,0.14279,0.95235
CVE-2004-2004,0.01095,0.82895
CVE-2004-2005,0.18068,0.95728
CVE-2004-2006,0.00042,0.05722
CVE-2004-2007,0.00353,0.69133
CVE-2004-2008,0.00338,0.68450
CVE-2004-2009,0.00591,0.76043
CVE-2004-2010,0.01573,0.85970
CVE-2004-2011,0.00393,0.70754
CVE-2004-2012,0.00042,0.00438
CVE-2004-2013,0.00042,0.05722
CVE-2004-2014,0.00043,0.07520
CVE-2004-2015,0.00286,0.65576
CVE-2004-2016,0.05424,0.92440
CVE-2004-2017,0.01211,0.83832
CVE-2004-2018,0.09568,0.94239
CVE-2004-2019,0.00724,0.78675
CVE-2004-2020,0.01051,0.82499
CVE-2004-2021,0.01434,0.85248
CVE-2004-2022,0.00198,0.57748
CVE-2004-2023,0.00887,0.80847
CVE-2004-2024,0.00264,0.64098
CVE-2004-2025,0.00184,0.55784
CVE-2004-2026,0.16182,0.95505
CVE-2004-2027,0.04556,0.91712
CVE-2004-2028,0.00500,0.73868
CVE-2004-2029,0.11176,0.94685
CVE-2004-2030,0.00642,0.77102
CVE-2004-2031,0.01062,0.82626
CVE-2004-2032,0.02177,0.88283
CVE-2004-2033,0.07731,0.93570
CVE-2004-2034,0.18293,0.95744
CVE-2004-2035,0.07458,0.93488
CVE-2004-2036,0.00972,0.81769
CVE-2004-2037,0.19104,0.95833
CVE-2004-2038,0.00789,0.79676
CVE-2004-2039,0.00881,0.80768
CVE-2004-2040,0.01706,0.86496
CVE-2004-2041,0.03019,0.89960
CVE-2004-2042,0.02024,0.87758
CVE-2004-2043,0.21448,0.96026
CVE-2004-2044,0.40360,0.96939
CVE-2004-2045,0.04961,0.92080
CVE-2004-2046,0.02149,0.88215
CVE-2004-2047,0.05141,0.92225
CVE-2004-2048,0.01879,0.87216
CVE-2004-2049,0.00070,0.28797
CVE-2004-2050,0.00060,0.23520
CVE-2004-2051,0.00284,0.65469
CVE-2004-2052,0.00262,0.63987
CVE-2004-2053,0.06574,0.93115
CVE-2004-2054,0.00551,0.75174
CVE-2004-2055,0.00553,0.75214
CVE-2004-2056,0.00322,0.67701
CVE-2004-2057,0.00613,0.76492
CVE-2004-2058,0.00674,0.77771
CVE-2004-2059,0.01535,0.85768
CVE-2004-2060,0.01260,0.84208
CVE-2004-2061,0.14323,0.95240
CVE-2004-2062,0.00227,0.61036
CVE-2004-2063,0.00789,0.79674
CVE-2004-2064,0.00437,0.72159
CVE-2004-2065,0.01298,0.84463
CVE-2004-2066,0.00223,0.60629
CVE-2004-2067,0.00353,0.69134
CVE-2004-2068,0.01834,0.87019
CVE-2004-2069,0.08389,0.93827
CVE-2004-2070,0.00042,0.05722
CVE-2004-2071,0.05848,0.92691
CVE-2004-2072,0.00985,0.81898
CVE-2004-2073,0.00042,0.05764
CVE-2004-2074,0.02940,0.89851
CVE-2004-2075,0.02149,0.88215
CVE-2004-2076,0.00446,0.72408
CVE-2004-2077,0.06958,0.93308
CVE-2004-2078,0.06886,0.93267
CVE-2004-2079,0.01437,0.85257
CVE-2004-2080,0.00771,0.79392
CVE-2004-2081,0.00464,0.72885
CVE-2004-2082,0.03913,0.91137
CVE-2004-2083,0.00819,0.80037
CVE-2004-2084,0.01165,0.83472
CVE-2004-2085,0.00705,0.78319
CVE-2004-2086,0.27138,0.96366
CVE-2004-2087,0.02255,0.88503
CVE-2004-2088,0.05471,0.92477
CVE-2004-2089,0.00319,0.67547
CVE-2004-2090,0.05926,0.92741
CVE-2004-2091,0.02780,0.89606
CVE-2004-2092,0.00060,0.23520
CVE-2004-2093,0.00042,0.00438
CVE-2004-2094,0.00315,0.67286
CVE-2004-2095,0.01165,0.83467
CVE-2004-2096,0.00789,0.79674
CVE-2004-2097,0.00042,0.05722
CVE-2004-2098,0.00259,0.63733
CVE-2004-2099,0.04617,0.91768
CVE-2004-2100,0.00551,0.75172
CVE-2004-2101,0.00947,0.81509
CVE-2004-2102,0.00277,0.64981
CVE-2004-2103,0.00214,0.59487
CVE-2004-2104,0.02471,0.89006
CVE-2004-2105,0.01820,0.86945
CVE-2004-2106,0.02551,0.89154
CVE-2004-2107,0.08519,0.93874
CVE-2004-2108,0.00594,0.76100
CVE-2004-2109,0.01058,0.82567
CVE-2004-2110,0.00184,0.55784
CVE-2004-2111,0.97235,0.99814
CVE-2004-2112,0.01711,0.86518
CVE-2004-2113,0.00718,0.78574
CVE-2004-2114,0.03576,0.90741
CVE-2004-2115,0.95884,0.99338
CVE-2004-2116,0.01434,0.85248
CVE-2004-2117,0.09698,0.94275
CVE-2004-2118,0.01950,0.87498
CVE-2004-2119,0.00718,0.78574
CVE-2004-2120,0.06133,0.92862
CVE-2004-2121,0.01304,0.84501
CVE-2004-2122,0.00259,0.63733
CVE-2004-2123,0.00233,0.61453
CVE-2004-2124,0.07784,0.93594
CVE-2004-2125,0.00060,0.23520
CVE-2004-2126,0.00042,0.05722
CVE-2004-2127,0.04572,0.91730
CVE-2004-2128,0.03667,0.90855
CVE-2004-2129,0.03154,0.90170
CVE-2004-2130,0.01048,0.82477
CVE-2004-2131,0.00042,0.00438
CVE-2004-2132,0.02761,0.89581
CVE-2004-2133,0.00042,0.05722
CVE-2004-2134,0.00044,0.08124
CVE-2004-2135,0.00100,0.40991
CVE-2004-2136,0.00065,0.26902
CVE-2004-2137,0.05759,0.92640
CVE-2004-2138,0.00619,0.76644
CVE-2004-2139,0.00741,0.78934
CVE-2004-2140,0.00271,0.64586
CVE-2004-2142,0.00432,0.71949
CVE-2004-2143,0.00671,0.77734
CVE-2004-2144,0.00867,0.80613
CVE-2004-2145,0.00204,0.58434
CVE-2004-2146,0.00197,0.57695
CVE-2004-2147,0.00092,0.38740
CVE-2004-2148,0.00070,0.28797
CVE-2004-2149,0.00899,0.80994
CVE-2004-2150,0.00977,0.81824
CVE-2004-2151,0.09453,0.94206
CVE-2004-2152,0.00477,0.73280
CVE-2004-2153,0.00620,0.76659
CVE-2004-2154,0.00514,0.74265
CVE-2004-2155,0.00945,0.81482
CVE-2004-2156,0.00548,0.75116
CVE-2004-2157,0.00684,0.77986
CVE-2004-2158,0.00913,0.81145
CVE-2004-2159,0.00381,0.70279
CVE-2004-2160,0.00144,0.50242
CVE-2004-2161,0.19924,0.95915
CVE-2004-2162,0.00830,0.80192
CVE-2004-2163,0.00918,0.81203
CVE-2004-2164,0.01815,0.86921
CVE-2004-2165,0.04656,0.91811
CVE-2004-2166,0.01110,0.83024
CVE-2004-2167,0.12055,0.94881
CVE-2004-2168,0.01950,0.87498
CVE-2004-2169,0.00181,0.55376
CVE-2004-2170,0.02911,0.89814
CVE-2004-2171,0.00353,0.69133
CVE-2004-2172,0.02524,0.89111
CVE-2004-2173,0.01282,0.84358
CVE-2004-2174,0.00715,0.78515
CVE-2004-2175,0.00501,0.73936
CVE-2004-2176,0.00062,0.24391
CVE-2004-2177,0.00259,0.63733
CVE-2004-2178,0.00322,0.67701
CVE-2004-2179,0.00875,0.80695
CVE-2004-2180,0.00193,0.57237
CVE-2004-2181,0.00227,0.61036
CVE-2004-2182,0.00754,0.79121
CVE-2004-2183,0.00324,0.67768
CVE-2004-2184,0.00862,0.80552
CVE-2004-2185,0.00956,0.81611
CVE-2004-2186,0.00184,0.55784
CVE-2004-2187,0.00129,0.47627
CVE-2004-2188,0.00259,0.63733
CVE-2004-2189,0.00184,0.55784
CVE-2004-2190,0.00273,0.64706
CVE-2004-2191,0.00923,0.81260
CVE-2004-2192,0.01983,0.87611
CVE-2004-2193,0.00717,0.78550
CVE-2004-2194,0.04015,0.91221
CVE-2004-2195,0.01689,0.86430
CVE-2004-2196,0.01317,0.84575
CVE-2004-2197,0.00060,0.23520
CVE-2004-2198,0.01668,0.86358
CVE-2004-2199,0.00312,0.67111
CVE-2004-2200,0.00355,0.69210
CVE-2004-2201,0.00310,0.66996
CVE-2004-2202,0.00163,0.52969
CVE-2004-2203,0.00914,0.81157
CVE-2004-2204,0.00060,0.23520
CVE-2004-2205,0.00060,0.23520
CVE-2004-2206,0.01879,0.87214
CVE-2004-2207,0.00260,0.63817
CVE-2004-2208,0.00541,0.74945
CVE-2004-2209,0.00322,0.67701
CVE-2004-2210,0.00349,0.68939
CVE-2004-2211,0.00704,0.78309
CVE-2004-2212,0.00871,0.80644
CVE-2004-2213,0.00977,0.81824
CVE-2004-2214,0.00873,0.80667
CVE-2004-2215,0.00042,0.05722
CVE-2004-2216,0.02295,0.88606
CVE-2004-2217,0.01690,0.86437
CVE-2004-2218,0.00501,0.73936
CVE-2004-2219,0.84037,0.98231
CVE-2004-2220,0.03641,0.90820
CVE-2004-2221,0.60629,0.97505
CVE-2004-2222,0.04277,0.91478
CVE-2004-2223,0.01690,0.86437
CVE-2004-2224,0.02208,0.88368
CVE-2004-2225,0.81139,0.98086
CVE-2004-2226,0.00285,0.65513
CVE-2004-2227,0.06310,0.92952
CVE-2004-2228,0.00060,0.23520
CVE-2004-2229,0.00385,0.70426
CVE-2004-2230,0.00060,0.23520
CVE-2004-2231,0.00042,0.05722
CVE-2004-2232,0.01505,0.85618
CVE-2004-2233,0.00575,0.75680
CVE-2004-2234,0.00315,0.67247
CVE-2004-2235,0.00315,0.67247
CVE-2004-2236,0.00315,0.67247
CVE-2004-2237,0.00432,0.71949
CVE-2004-2238,0.00645,0.77142
CVE-2004-2239,0.00955,0.81607
CVE-2004-2240,0.01110,0.83018
CVE-2004-2241,0.01105,0.82983
CVE-2004-2242,0.00328,0.67960
CVE-2004-2243,0.01152,0.83368
CVE-2004-2244,0.01757,0.86692
CVE-2004-2245,0.06456,0.93038
CVE-2004-2246,0.00277,0.64981
CVE-2004-2247,0.00264,0.64098
CVE-2004-2248,0.00409,0.71242
CVE-2004-2249,0.00395,0.70798
CVE-2004-2250,0.00395,0.70798
CVE-2004-2251,0.00900,0.80997
CVE-2004-2252,0.01068,0.82681
CVE-2004-2253,0.01918,0.87384
CVE-2004-2254,0.04098,0.91322
CVE-2004-2255,0.02381,0.88805
CVE-2004-2256,0.02381,0.88805
CVE-2004-2257,0.05903,0.92722
CVE-2004-2258,0.00042,0.05722
CVE-2004-2259,0.21814,0.96047
CVE-2004-2260,0.00479,0.73329
CVE-2004-2261,0.00477,0.73280
CVE-2004-2262,0.05074,0.92179
CVE-2004-2263,0.00793,0.79743
CVE-2004-2264,0.00165,0.53202
CVE-2004-2265,0.00052,0.18252
CVE-2004-2266,0.01164,0.83453
CVE-2004-2267,0.00414,0.71414
CVE-2004-2268,0.01616,0.86160
CVE-2004-2269,0.00042,0.05722
CVE-2004-2270,0.00058,0.22694
CVE-2004-2271,0.79814,0.98042
CVE-2004-2272,0.01697,0.86462
CVE-2004-2273,0.00327,0.67918
CVE-2004-2274,0.00587,0.75960
CVE-2004-2275,0.05039,0.92148
CVE-2004-2276,0.00069,0.28683
CVE-2004-2277,0.01194,0.83704
CVE-2004-2278,0.00168,0.53608
CVE-2004-2279,0.00193,0.57237
CVE-2004-2280,0.07546,0.93518
CVE-2004-2281,0.00596,0.76137
CVE-2004-2282,0.00413,0.71372
CVE-2004-2283,0.00387,0.70504
CVE-2004-2284,0.03282,0.90369
CVE-2004-2286,0.02365,0.88766
CVE-2004-2287,0.02851,0.89729
CVE-2004-2288,0.00195,0.57395
CVE-2004-2289,0.00841,0.80328
CVE-2004-2290,0.01286,0.84392
CVE-2004-2291,0.05214,0.92277
CVE-2004-2292,0.00947,0.81509
CVE-2004-2293,0.04663,0.91823
CVE-2004-2294,0.00328,0.67960
CVE-2004-2295,0.00835,0.80248
CVE-2004-2296,0.00724,0.78675
CVE-2004-2297,0.18454,0.95762
CVE-2004-2298,0.01565,0.85917
CVE-2004-2299,0.04067,0.91285
CVE-2004-2300,0.00042,0.05722
CVE-2004-2301,0.01216,0.83880
CVE-2004-2302,0.00043,0.07416
CVE-2004-2303,0.00042,0.00438
CVE-2004-2304,0.09594,0.94251
CVE-2004-2305,0.00590,0.76029
CVE-2004-2306,0.00062,0.24522
CVE-2004-2307,0.01069,0.82683
CVE-2004-2308,0.00328,0.67960
CVE-2004-2309,0.00042,0.00438
CVE-2004-2310,0.00818,0.80034
CVE-2004-2311,0.00042,0.00438
CVE-2004-2312,0.00042,0.00438
CVE-2004-2313,0.00591,0.76043
CVE-2004-2314,0.01725,0.86573
CVE-2004-2315,0.01216,0.83880
CVE-2004-2316,0.01216,0.83880
CVE-2004-2317,0.00357,0.69299
CVE-2004-2318,0.02521,0.89109
CVE-2004-2319,0.00042,0.05722
CVE-2004-2320,0.00563,0.75375
CVE-2004-2321,0.00042,0.05722
CVE-2004-2322,0.00791,0.79723
CVE-2004-2323,0.01301,0.84476
CVE-2004-2324,0.00649,0.77225
CVE-2004-2325,0.00479,0.73338
CVE-2004-2326,0.00459,0.72755
CVE-2004-2327,0.01275,0.84294
CVE-2004-2328,0.01364,0.84887
CVE-2004-2329,0.00060,0.23520
CVE-2004-2330,0.01710,0.86512
CVE-2004-2331,0.00042,0.05722
CVE-2004-2332,0.00287,0.65629
CVE-2004-2333,0.00977,0.81824
CVE-2004-2334,0.01255,0.84154
CVE-2004-2335,0.00042,0.05722
CVE-2004-2336,0.02120,0.88071
CVE-2004-2337,0.00042,0.05722
CVE-2004-2338,0.00647,0.77187
CVE-2004-2339,0.00044,0.08021
CVE-2004-2340,0.00599,0.76184
CVE-2004-2341,0.01053,0.82516
CVE-2004-2342,0.02521,0.89109
CVE-2004-2343,0.00042,0.05722
CVE-2004-2344,0.05190,0.92263
CVE-2004-2345,0.00096,0.39762
CVE-2004-2346,0.00169,0.53879
CVE-2004-2347,0.08399,0.93830
CVE-2004-2348,0.01068,0.82671
CVE-2004-2349,0.00187,0.56254
CVE-2004-2350,0.00255,0.63475
CVE-2004-2351,0.00395,0.70818
CVE-2004-2352,0.00395,0.70818
CVE-2004-2353,0.00940,0.81429
CVE-2004-2354,0.00225,0.60816
CVE-2004-2355,0.00946,0.81494
CVE-2004-2356,0.04523,0.91687
CVE-2004-2357,0.00642,0.77100
CVE-2004-2358,0.00390,0.70616
CVE-2004-2359,0.00554,0.75233
CVE-2004-2360,0.04138,0.91352
CVE-2004-2361,0.02568,0.89186
CVE-2004-2362,0.01643,0.86274
CVE-2004-2363,0.00258,0.63649
CVE-2004-2364,0.03311,0.90410
CVE-2004-2365,0.00067,0.27796
CVE-2004-2366,0.04634,0.91783
CVE-2004-2367,0.03830,0.91048
CVE-2004-2368,0.06075,0.92808
CVE-2004-2369,0.00608,0.76371
CVE-2004-2370,0.17750,0.95700
CVE-2004-2371,0.05502,0.92497
CVE-2004-2372,0.00042,0.05722
CVE-2004-2373,0.06863,0.93257
CVE-2004-2374,0.01437,0.85258
CVE-2004-2375,0.22680,0.96105
CVE-2004-2376,0.01727,0.86581
CVE-2004-2377,0.02149,0.88215
CVE-2004-2378,0.02521,0.89109
CVE-2004-2379,0.01015,0.82170
CVE-2004-2380,0.00875,0.80707
CVE-2004-2381,0.02149,0.88215
CVE-2004-2382,0.01834,0.87019
CVE-2004-2383,0.81934,0.98134
CVE-2004-2384,0.01035,0.82350
CVE-2004-2385,0.03067,0.90048
CVE-2004-2386,0.12657,0.94979
CVE-2004-2387,0.15464,0.95417
CVE-2004-2388,0.00340,0.68538
CVE-2004-2389,0.01989,0.87633
CVE-2004-2390,0.00352,0.69080
CVE-2004-2391,0.01068,0.82671
CVE-2004-2392,0.00475,0.73188
CVE-2004-2393,0.02052,0.87858
CVE-2004-2394,0.00058,0.22612
CVE-2004-2395,0.00042,0.05722
CVE-2004-2396,0.00059,0.22933
CVE-2004-2397,0.00389,0.70596
CVE-2004-2398,0.00042,0.05722
CVE-2004-2399,0.00327,0.67918
CVE-2004-2400,0.00042,0.05722
CVE-2004-2401,0.00708,0.78381
CVE-2004-2402,0.01240,0.84060
CVE-2004-2403,0.01522,0.85716
CVE-2004-2405,0.01287,0.84397
CVE-2004-2406,0.00264,0.64098
CVE-2004-2407,0.00220,0.59981
CVE-2004-2408,0.00060,0.23520
CVE-2004-2409,0.00094,0.39285
CVE-2004-2410,0.00044,0.10161
CVE-2004-2411,0.00479,0.73324
CVE-2004-2412,0.00187,0.56254
CVE-2004-2413,0.00266,0.64288
CVE-2004-2414,0.00050,0.16885
CVE-2004-2415,0.00741,0.78925
CVE-2004-2416,0.95758,0.99310
CVE-2004-2417,0.04580,0.91737
CVE-2004-2418,0.00042,0.00438
CVE-2004-2419,0.00042,0.05722
CVE-2004-2420,0.02149,0.88215
CVE-2004-2421,0.00466,0.72951
CVE-2004-2422,0.01449,0.85330
CVE-2004-2423,0.00619,0.76640
CVE-2004-2424,0.02206,0.88355
CVE-2004-2425,0.05684,0.92607
CVE-2004-2426,0.01492,0.85520
CVE-2004-2427,0.03461,0.90611
CVE-2004-2428,0.00413,0.71375
CVE-2004-2429,0.14305,0.95238
CVE-2004-2430,0.00060,0.23520
CVE-2004-2431,0.00873,0.80667
CVE-2004-2432,0.02994,0.89927
CVE-2004-2433,0.07528,0.93512
CVE-2004-2434,0.05056,0.92164
CVE-2004-2435,0.01126,0.83151
CVE-2004-2436,0.00042,0.05722
CVE-2004-2437,0.00649,0.77225
CVE-2004-2438,0.00286,0.65576
CVE-2004-2439,0.00721,0.78625
CVE-2004-2440,0.00042,0.05722
CVE-2004-2441,0.00482,0.73398
CVE-2004-2442,0.01812,0.86904
CVE-2004-2443,0.02177,0.88283
CVE-2004-2444,0.00678,0.77886
CVE-2004-2445,0.01605,0.86119
CVE-2004-2446,0.02279,0.88569
CVE-2004-2447,0.01734,0.86606
CVE-2004-2448,0.00692,0.78129
CVE-2004-2449,0.06556,0.93089
CVE-2004-2450,0.00675,0.77782
CVE-2004-2451,0.01961,0.87530
CVE-2004-2452,0.01286,0.84393
CVE-2004-2453,0.00575,0.75680
CVE-2004-2454,0.00042,0.05722
CVE-2004-2455,0.01898,0.87307
CVE-2004-2456,0.00793,0.79743
CVE-2004-2457,0.01216,0.83880
CVE-2004-2458,0.00557,0.75279
CVE-2004-2459,0.00042,0.05722
CVE-2004-2460,0.01574,0.85972
CVE-2004-2461,0.00857,0.80506
CVE-2004-2462,0.00042,0.05722
CVE-2004-2463,0.07997,0.93698
CVE-2004-2464,0.02911,0.89814
CVE-2004-2465,0.00169,0.53879
CVE-2004-2466,0.17764,0.95702
CVE-2004-2467,0.02994,0.89927
CVE-2004-2468,0.00399,0.70927
CVE-2004-2469,0.00381,0.70268
CVE-2004-2470,0.00575,0.75680
CVE-2004-2471,0.00277,0.64989
CVE-2004-2472,0.02149,0.88215
CVE-2004-2473,0.00042,0.05722
CVE-2004-2474,0.00649,0.77225
CVE-2004-2475,0.03005,0.89944
CVE-2004-2476,0.01433,0.85242
CVE-2004-2477,0.00060,0.23520
CVE-2004-2478,0.02266,0.88532
CVE-2004-2479,0.00888,0.80869
CVE-2004-2480,0.01165,0.83471
CVE-2004-2481,0.00647,0.77176
CVE-2004-2482,0.04472,0.91644
CVE-2004-2483,0.02149,0.88215
CVE-2004-2484,0.00433,0.71993
CVE-2004-2485,0.01814,0.86913
CVE-2004-2486,0.02671,0.89397
CVE-2004-2487,0.00866,0.80596
CVE-2004-2488,0.00257,0.63577
CVE-2004-2489,0.00110,0.43919
CVE-2004-2490,0.00043,0.07623
CVE-2004-2491,0.01871,0.87164
CVE-2004-2492,0.00477,0.73280
CVE-2004-2493,0.00267,0.64322
CVE-2004-2494,0.00916,0.81176
CVE-2004-2495,0.02149,0.88215
CVE-2004-2496,0.09698,0.94275
CVE-2004-2497,0.01223,0.83927
CVE-2004-2498,0.01754,0.86684
CVE-2004-2499,0.01834,0.87019
CVE-2004-2500,0.00575,0.75680
CVE-2004-2501,0.24680,0.96236
CVE-2004-2502,0.00042,0.00438
CVE-2004-2503,0.02213,0.88383
CVE-2004-2504,0.00191,0.56681
CVE-2004-2505,0.02261,0.88520
CVE-2004-2506,0.00692,0.78129
CVE-2004-2507,0.05287,0.92325
CVE-2004-2508,0.01569,0.85932
CVE-2004-2509,0.01517,0.85673
CVE-2004-2510,0.00716,0.78525
CVE-2004-2511,0.01225,0.83940
CVE-2004-2512,0.02238,0.88455
CVE-2004-2513,0.04166,0.91379
CVE-2004-2514,0.00946,0.81494
CVE-2004-2515,0.00076,0.31190
CVE-2004-2516,0.01745,0.86651
CVE-2004-2517,0.09698,0.94275
CVE-2004-2518,0.01826,0.86968
CVE-2004-2519,0.05182,0.92252
CVE-2004-2520,0.03148,0.90160
CVE-2004-2521,0.02149,0.88215
CVE-2004-2522,0.01020,0.82214
CVE-2004-2523,0.02353,0.88735
CVE-2004-2524,0.01353,0.84793
CVE-2004-2525,0.00414,0.71414
CVE-2004-2526,0.01038,0.82376
CVE-2004-2527,0.00953,0.81584
CVE-2004-2528,0.00916,0.81176
CVE-2004-2529,0.03625,0.90799
CVE-2004-2530,0.04441,0.91617
CVE-2004-2531,0.01968,0.87546
CVE-2004-2532,0.00180,0.55308
CVE-2004-2533,0.01562,0.85901
CVE-2004-2534,0.09092,0.94074
CVE-2004-2535,0.00984,0.81888
CVE-2004-2536,0.00709,0.78403
CVE-2004-2537,0.00575,0.75680
CVE-2004-2538,0.02560,0.89169
CVE-2004-2539,0.01834,0.87019
CVE-2004-2540,0.27775,0.96408
CVE-2004-2541,0.05298,0.92343
CVE-2004-2542,0.00231,0.61325
CVE-2004-2543,0.06610,0.93134
CVE-2004-2544,0.00055,0.20553
CVE-2004-2545,0.01216,0.83880
CVE-2004-2546,0.00201,0.58015
CVE-2004-2547,0.01035,0.82353
CVE-2004-2548,0.01052,0.82505
CVE-2004-2549,0.19447,0.95874
CVE-2004-2550,0.00477,0.73280
CVE-2004-2551,0.00921,0.81240
CVE-2004-2552,0.00042,0.05722
CVE-2004-2553,0.00339,0.68490
CVE-2004-2554,0.00080,0.33489
CVE-2004-2555,0.00042,0.00438
CVE-2004-2556,0.01752,0.86676
CVE-2004-2557,0.01752,0.86676
CVE-2004-2558,0.02580,0.89209
CVE-2004-2559,0.01168,0.83509
CVE-2004-2560,0.03115,0.90116
CVE-2004-2561,0.00360,0.69415
CVE-2004-2562,0.00310,0.66996
CVE-2004-2563,0.01007,0.82099
CVE-2004-2564,0.00535,0.74783
CVE-2004-2565,0.01351,0.84779
CVE-2004-2566,0.03471,0.90625
CVE-2004-2567,0.00524,0.74507
CVE-2004-2568,0.01135,0.83232
CVE-2004-2569,0.00042,0.05722
CVE-2004-2570,0.02064,0.87890
CVE-2004-2571,0.01847,0.87075
CVE-2004-2572,0.00536,0.74825
CVE-2004-2573,0.05054,0.92163
CVE-2004-2574,0.00328,0.67960
CVE-2004-2575,0.00658,0.77399
CVE-2004-2576,0.00413,0.71375
CVE-2004-2577,0.00628,0.76823
CVE-2004-2578,0.00651,0.77299
CVE-2004-2579,0.01240,0.84055
CVE-2004-2580,0.00363,0.69557
CVE-2004-2581,0.00664,0.77578
CVE-2004-2582,0.01244,0.84088
CVE-2004-2583,0.01296,0.84452
CVE-2004-2584,0.00200,0.57964
CVE-2004-2585,0.00775,0.79453
CVE-2004-2586,0.00664,0.77576
CVE-2004-2587,0.01869,0.87156
CVE-2004-2588,0.01284,0.84373
CVE-2004-2589,0.00446,0.72407
CVE-2004-2590,0.00548,0.75116
CVE-2004-2591,0.00071,0.29383
CVE-2004-2592,0.12545,0.94960
CVE-2004-2593,0.09299,0.94157
CVE-2004-2594,0.01156,0.83398
CVE-2004-2595,0.06610,0.93134
CVE-2004-2596,0.02644,0.89346
CVE-2004-2597,0.03414,0.90556
CVE-2004-2598,0.01068,0.82681
CVE-2004-2599,0.00043,0.07663
CVE-2004-2600,0.00741,0.78930
CVE-2004-2601,0.00977,0.81824
CVE-2004-2602,0.01619,0.86176
CVE-2004-2603,0.01036,0.82362
CVE-2004-2604,0.00395,0.70818
CVE-2004-2605,0.00042,0.05722
CVE-2004-2606,0.03955,0.91169
CVE-2004-2607,0.00042,0.05722
CVE-2004-2608,0.00390,0.70628
CVE-2004-2609,0.00043,0.07360
CVE-2004-2610,0.00042,0.05722
CVE-2004-2611,0.00059,0.22933
CVE-2004-2612,0.01573,0.85970
CVE-2004-2613,0.00532,0.74695
CVE-2004-2614,0.13944,0.95185
CVE-2004-2615,0.00042,0.05722
CVE-2004-2616,0.00283,0.65375
CVE-2004-2617,0.01863,0.87137
CVE-2004-2618,0.00841,0.80330
CVE-2004-2619,0.01741,0.86634
CVE-2004-2620,0.00138,0.49281
CVE-2004-2621,0.00454,0.72645
CVE-2004-2622,0.01296,0.84448
CVE-2004-2623,0.00548,0.75116
CVE-2004-2624,0.00477,0.73280
CVE-2004-2625,0.02506,0.89068
CVE-2004-2626,0.02088,0.87973
CVE-2004-2627,0.13207,0.95068
CVE-2004-2628,0.01766,0.86720
CVE-2004-2629,0.01337,0.84693
CVE-2004-2630,0.02145,0.88184
CVE-2004-2631,0.06164,0.92877
CVE-2004-2632,0.02794,0.89631
CVE-2004-2633,0.00565,0.75456
CVE-2004-2634,0.00043,0.07416
CVE-2004-2635,0.05803,0.92665
CVE-2004-2636,0.03195,0.90232
CVE-2004-2637,0.07345,0.93450
CVE-2004-2638,0.01573,0.85970
CVE-2004-2639,0.01573,0.85970
CVE-2004-2640,0.02057,0.87873
CVE-2004-2641,0.04253,0.91454
CVE-2004-2642,0.00779,0.79513
CVE-2004-2643,0.00368,0.69765
CVE-2004-2644,0.00548,0.75116
CVE-2004-2645,0.00548,0.75116
CVE-2004-2646,0.06374,0.92995
CVE-2004-2647,0.06374,0.92995
CVE-2004-2648,0.00042,0.05722
CVE-2004-2649,0.01773,0.86738
CVE-2004-2650,0.00042,0.05722
CVE-2004-2651,0.00670,0.77714
CVE-2004-2652,0.06122,0.92854
CVE-2004-2653,0.00223,0.60666
CVE-2004-2654,0.05595,0.92555
CVE-2004-2655,0.01198,0.83734
CVE-2004-2656,0.00502,0.73957
CVE-2004-2657,0.00042,0.05722
CVE-2004-2658,0.00042,0.05722
CVE-2004-2659,0.00216,0.59645
CVE-2004-2660,0.00060,0.23520
CVE-2004-2661,0.00378,0.70146
CVE-2004-2662,0.00265,0.64228
CVE-2004-2663,0.00835,0.80262
CVE-2004-2664,0.00378,0.70146
CVE-2004-2665,0.00042,0.05722
CVE-2004-2666,0.00713,0.78491
CVE-2004-2667,0.00488,0.73584
CVE-2004-2668,0.00168,0.53597
CVE-2004-2669,0.00578,0.75755
CVE-2004-2670,0.02974,0.89902
CVE-2004-2671,0.00716,0.78539
CVE-2004-2672,0.00217,0.59788
CVE-2004-2673,0.01072,0.82718
CVE-2004-2674,0.00258,0.63645
CVE-2004-2675,0.02593,0.89237
CVE-2004-2676,0.00042,0.05722
CVE-2004-2677,0.21677,0.96038
CVE-2004-2678,0.01649,0.86293
CVE-2004-2679,0.00611,0.76438
CVE-2004-2680,0.00315,0.67250
CVE-2004-2681,0.00578,0.75735
CVE-2004-2682,0.00077,0.32047
CVE-2004-2683,0.00044,0.10161
CVE-2004-2684,0.00044,0.10161
CVE-2004-2685,0.08713,0.93954
CVE-2004-2686,0.00042,0.00438
CVE-2004-2687,0.94886,0.99131
CVE-2004-2688,0.00232,0.61362
CVE-2004-2689,0.00523,0.74485
CVE-2004-2690,0.00578,0.75759
CVE-2004-2691,0.96307,0.99442
CVE-2004-2692,0.05456,0.92462
CVE-2004-2693,0.00042,0.05722
CVE-2004-2694,0.00396,0.70843
CVE-2004-2695,0.00355,0.69184
CVE-2004-2696,0.00189,0.56502
CVE-2004-2697,0.00042,0.00438
CVE-2004-2698,0.00043,0.07477
CVE-2004-2699,0.01400,0.85071
CVE-2004-2700,0.00249,0.62897
CVE-2004-2701,0.00270,0.64528
CVE-2004-2702,0.00561,0.75355
CVE-2004-2703,0.00385,0.70410
CVE-2004-2704,0.00546,0.75051
CVE-2004-2705,0.00638,0.76990
CVE-2004-2706,0.00433,0.71989
CVE-2004-2707,0.00389,0.70542
CVE-2004-2708,0.00244,0.62423
CVE-2004-2709,0.02814,0.89666
CVE-2004-2710,0.03649,0.90831
CVE-2004-2711,0.02814,0.89666
CVE-2004-2712,0.00249,0.62900
CVE-2004-2713,0.00042,0.05722
CVE-2004-2714,0.00197,0.57649
CVE-2004-2715,0.08465,0.93856
CVE-2004-2716,0.00104,0.42006
CVE-2004-2717,0.00633,0.76901
CVE-2004-2718,0.00495,0.73766
CVE-2004-2719,0.38298,0.96873
CVE-2004-2720,0.00397,0.70865
CVE-2004-2721,0.00358,0.69320
CVE-2004-2722,0.00042,0.05722
CVE-2004-2723,0.00042,0.05722
CVE-2004-2724,0.02671,0.89398
CVE-2004-2725,0.08651,0.93930
CVE-2004-2726,0.00512,0.74219
CVE-2004-2727,0.03902,0.91126
CVE-2004-2728,0.01795,0.86839
CVE-2004-2729,0.00042,0.05722
CVE-2004-2730,0.00046,0.13782
CVE-2004-2731,0.00042,0.05753
CVE-2004-2732,0.01177,0.83575
CVE-2004-2733,0.01376,0.84953
CVE-2004-2734,0.02105,0.88032
CVE-2004-2735,0.00281,0.65224
CVE-2004-2736,0.01638,0.86251
CVE-2004-2737,0.00073,0.30137
CVE-2004-2738,0.00281,0.65224
CVE-2004-2739,0.01519,0.85700
CVE-2004-2740,0.00709,0.78393
CVE-2004-2741,0.00281,0.65224
CVE-2004-2742,0.00265,0.64232
CVE-2004-2743,0.00696,0.78194
CVE-2004-2744,0.00288,0.65695
CVE-2004-2745,0.01274,0.84288
CVE-2004-2746,0.01508,0.85634
CVE-2004-2747,0.00161,0.52766
CVE-2004-2748,0.02358,0.88745
CVE-2004-2749,0.01548,0.85831
CVE-2004-2750,0.00832,0.80222
CVE-2004-2751,0.00378,0.70142
CVE-2004-2752,0.00192,0.57132
CVE-2004-2753,0.00042,0.05722
CVE-2004-2754,0.00194,0.57337
CVE-2004-2755,0.01642,0.86267
CVE-2004-2756,0.00161,0.52792
CVE-2004-2757,0.00118,0.45829
CVE-2004-2758,0.03529,0.90687
CVE-2004-2759,0.00044,0.10704
CVE-2004-2760,0.00756,0.79173
CVE-2004-2761,0.01224,0.83931
CVE-2004-2762,0.01439,0.85267
CVE-2004-2763,0.00482,0.73422
CVE-2004-2764,0.00918,0.81194
CVE-2004-2765,0.00130,0.47789
CVE-2004-2766,0.00228,0.61115
CVE-2004-2767,0.01086,0.82830
CVE-2004-2768,0.00042,0.05722
CVE-2004-2769,0.00156,0.51988
CVE-2004-2771,0.02575,0.89194
CVE-2004-2776,0.00490,0.73640
CVE-2004-2777,0.00342,0.68637
CVE-2004-2778,0.00042,0.05722
CVE-2004-2779,0.00181,0.55366
CVE-2005-0001,0.00065,0.26873
CVE-2005-0002,0.01007,0.82102
CVE-2005-0003,0.00088,0.37099
CVE-2005-0004,0.00062,0.24552
CVE-2005-0005,0.10833,0.94605
CVE-2005-0006,0.00623,0.76722
CVE-2005-0007,0.00630,0.76859
CVE-2005-0008,0.00275,0.64826
CVE-2005-0009,0.00623,0.76722
CVE-2005-0010,0.00630,0.76859
CVE-2005-0011,0.01429,0.85214
CVE-2005-0012,0.04535,0.91698
CVE-2005-0013,0.00060,0.23520
CVE-2005-0014,0.00853,0.80471
CVE-2005-0015,0.01119,0.83101
CVE-2005-0016,0.00042,0.05722
CVE-2005-0017,0.00042,0.05722
CVE-2005-0018,0.00042,0.05722
CVE-2005-0019,0.00042,0.05722
CVE-2005-0020,0.00060,0.23520
CVE-2005-0021,0.00188,0.56323
CVE-2005-0022,0.00155,0.51853
CVE-2005-0023,0.00042,0.00438
CVE-2005-0033,0.03414,0.90555
CVE-2005-0034,0.03410,0.90549
CVE-2005-0035,0.14871,0.95321
CVE-2005-0036,0.02019,0.87743
CVE-2005-0037,0.01364,0.84887
CVE-2005-0038,0.01053,0.82518
CVE-2005-0039,0.01031,0.82296
CVE-2005-0040,0.00831,0.80202
CVE-2005-0043,0.18629,0.95783
CVE-2005-0044,0.49487,0.97234
CVE-2005-0045,0.96038,0.99372
CVE-2005-0047,0.00220,0.59997
CVE-2005-0048,0.24511,0.96224
CVE-2005-0049,0.05626,0.92578
CVE-2005-0050,0.93564,0.98932
CVE-2005-0051,0.84730,0.98267
CVE-2005-0053,0.87051,0.98387
CVE-2005-0054,0.89593,0.98548
CVE-2005-0055,0.95672,0.99294
CVE-2005-0056,0.72827,0.97836
CVE-2005-0057,0.78098,0.97985
CVE-2005-0058,0.04408,0.91595
CVE-2005-0059,0.97031,0.99704
CVE-2005-0060,0.00046,0.12561
CVE-2005-0061,0.00044,0.10532
CVE-2005-0063,0.94168,0.99014
CVE-2005-0064,0.09592,0.94249
CVE-2005-0065,0.00313,0.67133
CVE-2005-0066,0.00132,0.48290
CVE-2005-0067,0.00132,0.48290
CVE-2005-0068,0.00132,0.48290
CVE-2005-0069,0.00042,0.05722
CVE-2005-0070,0.00042,0.05722
CVE-2005-0071,0.00475,0.73205
CVE-2005-0072,0.00042,0.05722
CVE-2005-0073,0.00042,0.05722
CVE-2005-0074,0.00042,0.05722
CVE-2005-0075,0.00608,0.76382
CVE-2005-0076,0.00042,0.05753
CVE-2005-0077,0.00042,0.05722
CVE-2005-0078,0.00156,0.51979
CVE-2005-0079,0.00042,0.05722
CVE-2005-0080,0.00543,0.74991
CVE-2005-0081,0.00210,0.58955
CVE-2005-0082,0.00210,0.58955
CVE-2005-0083,0.00291,0.65896
CVE-2005-0084,0.02088,0.87974
CVE-2005-0085,0.02327,0.88668
CVE-2005-0086,0.00518,0.74347
CVE-2005-0087,0.00044,0.10161
CVE-2005-0088,0.00320,0.67562
CVE-2005-0089,0.12777,0.94994
CVE-2005-0090,0.00042,0.05722
CVE-2005-0091,0.00042,0.05722
CVE-2005-0092,0.00042,0.05722
CVE-2005-0094,0.92930,0.98861
CVE-2005-0095,0.96980,0.99685
CVE-2005-0096,0.06194,0.92894
CVE-2005-0097,0.90565,0.98609
CVE-2005-0098,0.00042,0.05753
CVE-2005-0099,0.00042,0.05722
CVE-2005-0100,0.00706,0.78346
CVE-2005-0101,0.02148,0.88196
CVE-2005-0102,0.00045,0.12304
CVE-2005-0103,0.02055,0.87866
CVE-2005-0104,0.00605,0.76325
CVE-2005-0105,0.00042,0.00438
CVE-2005-0106,0.00042,0.05722
CVE-2005-0107,0.00329,0.68027
CVE-2005-0108,0.00235,0.61605
CVE-2005-0109,0.00075,0.30892
CVE-2005-0110,0.00210,0.58987
CVE-2005-0111,0.02923,0.89827
CVE-2005-0112,0.00224,0.60794
CVE-2005-0113,0.00060,0.23520
CVE-2005-0114,0.00042,0.05722
CVE-2005-0115,0.00845,0.80376
CVE-2005-0116,0.97215,0.99801
CVE-2005-0117,0.00042,0.05722
CVE-2005-0118,0.00042,0.05722
CVE-2005-0119,0.00042,0.05722
CVE-2005-0120,0.00042,0.05722
CVE-2005-0121,0.00042,0.05753
CVE-2005-0124,0.00065,0.26861
CVE-2005-0125,0.00043,0.05916
CVE-2005-0126,0.01212,0.83841
CVE-2005-0127,0.01290,0.84412
CVE-2005-0129,0.10739,0.94584
CVE-2005-0130,0.01334,0.84675
CVE-2005-0131,0.01921,0.87393
CVE-2005-0133,0.01122,0.83129
CVE-2005-0134,0.00044,0.10161
CVE-2005-0135,0.00044,0.08000
CVE-2005-0136,0.00060,0.23520
CVE-2005-0137,0.00042,0.05722
CVE-2005-0138,0.00519,0.74386
CVE-2005-0139,0.00519,0.74386
CVE-2005-0140,0.00626,0.76782
CVE-2005-0141,0.00505,0.74047
CVE-2005-0142,0.00042,0.05722
CVE-2005-0143,0.00256,0.63539
CVE-2005-0144,0.00127,0.47275
CVE-2005-0145,0.46471,0.97136
CVE-2005-0146,0.03268,0.90349
CVE-2005-0147,0.02173,0.88269
CVE-2005-0148,0.00698,0.78224
CVE-2005-0149,0.00658,0.77400
CVE-2005-0150,0.05857,0.92697
CVE-2005-0151,0.00786,0.79594
CVE-2005-0152,0.02878,0.89771
CVE-2005-0155,0.00042,0.00438
CVE-2005-0156,0.00042,0.00438
CVE-2005-0157,0.00220,0.59981
CVE-2005-0158,0.00339,0.68483
CVE-2005-0159,0.00042,0.05722
CVE-2005-0160,0.00437,0.72141
CVE-2005-0161,0.00061,0.24096
CVE-2005-0162,0.01969,0.87551
CVE-2005-0173,0.01085,0.82825
CVE-2005-0174,0.97004,0.99692
CVE-2005-0175,0.04691,0.91852
CVE-2005-0176,0.00340,0.68533
CVE-2005-0177,0.00517,0.74337
CVE-2005-0178,0.00043,0.07416
CVE-2005-0179,0.00042,0.05722
CVE-2005-0180,0.00042,0.05722
CVE-2005-0182,0.01221,0.83913
CVE-2005-0183,0.00060,0.23520
CVE-2005-0184,0.00042,0.05722
CVE-2005-0185,0.09745,0.94287
CVE-2005-0186,0.01790,0.86816
CVE-2005-0187,0.04496,0.91669
CVE-2005-0188,0.03748,0.90953
CVE-2005-0189,0.10807,0.94600
CVE-2005-0190,0.00363,0.69530
CVE-2005-0191,0.04203,0.91409
CVE-2005-0192,0.00261,0.63898
CVE-2005-0193,0.00042,0.00438
CVE-2005-0194,0.00921,0.81239
CVE-2005-0195,0.01036,0.82356
CVE-2005-0196,0.01349,0.84759
CVE-2005-0197,0.00531,0.74685
CVE-2005-0198,0.02322,0.88662
CVE-2005-0199,0.16218,0.95512
CVE-2005-0200,0.00750,0.79050
CVE-2005-0201,0.00042,0.05722
CVE-2005-0202,0.00846,0.80379
CVE-2005-0204,0.00042,0.05722
CVE-2005-0205,0.00042,0.05722
CVE-2005-0206,0.00662,0.77544
CVE-2005-0207,0.00070,0.28797
CVE-2005-0208,0.08359,0.93818
CVE-2005-0209,0.02644,0.89346
CVE-2005-0210,0.00062,0.24569
CVE-2005-0211,0.20222,0.95935
CVE-2005-0212,0.01484,0.85484
CVE-2005-0213,0.00347,0.68826
CVE-2005-0214,0.00627,0.76799
CVE-2005-0215,0.00234,0.61501
CVE-2005-0216,0.00353,0.69110
CVE-2005-0217,0.03234,0.90303
CVE-2005-0218,0.08568,0.93909
CVE-2005-0219,0.00414,0.71414
CVE-2005-0220,0.01681,0.86404
CVE-2005-0221,0.00924,0.81270
CVE-2005-0222,0.00767,0.79334
CVE-2005-0223,0.00525,0.74536
CVE-2005-0224,0.00391,0.70669
CVE-2005-0225,0.00042,0.05722
CVE-2005-0226,0.06990,0.93317
CVE-2005-0227,0.00044,0.08000
CVE-2005-0229,0.05538,0.92521
CVE-2005-0230,0.57496,0.97432
CVE-2005-0231,0.00494,0.73716
CVE-2005-0232,0.00539,0.74877
CVE-2005-0233,0.95715,0.99301
CVE-2005-0234,0.02048,0.87845
CVE-2005-0235,0.00666,0.77616
CVE-2005-0236,0.01614,0.86151
CVE-2005-0237,0.01056,0.82545
CVE-2005-0238,0.00301,0.66486
CVE-2005-0239,0.00672,0.77752
CVE-2005-0240,0.00053,0.18259
CVE-2005-0241,0.96545,0.99527
CVE-2005-0242,0.00052,0.18252
CVE-2005-0243,0.07412,0.93470
CVE-2005-0244,0.00245,0.62622
CVE-2005-0245,0.01792,0.86821
CVE-2005-0246,0.03232,0.90295
CVE-2005-0247,0.62597,0.97568
CVE-2005-0248,0.00282,0.65351
CVE-2005-0249,0.00448,0.72459
CVE-2005-0250,0.00042,0.05767
CVE-2005-0251,0.00118,0.45767
CVE-2005-0252,0.00148,0.50744
CVE-2005-0253,0.00528,0.74611
CVE-2005-0254,0.00527,0.74605
CVE-2005-0255,0.02616,0.89287
CVE-2005-0256,0.07182,0.93395
CVE-2005-0258,0.00953,0.81578
CVE-2005-0259,0.00242,0.62311
CVE-2005-0260,0.43671,0.97044
CVE-2005-0261,0.00042,0.05722
CVE-2005-0262,0.00042,0.00438
CVE-2005-0263,0.00042,0.00438
CVE-2005-0264,0.00353,0.69110
CVE-2005-0265,0.00197,0.57647
CVE-2005-0266,0.00257,0.63586
CVE-2005-0267,0.00675,0.77791
CVE-2005-0268,0.00712,0.78477
CVE-2005-0269,0.00400,0.70968
CVE-2005-0270,0.00396,0.70835
CVE-2005-0271,0.00241,0.62169
CVE-2005-0272,0.00869,0.80628
CVE-2005-0273,0.00508,0.74099
CVE-2005-0274,0.00440,0.72245
CVE-2005-0275,0.00325,0.67816
CVE-2005-0276,0.00934,0.81376
CVE-2005-0277,0.21402,0.96024
CVE-2005-0278,0.00928,0.81314
CVE-2005-0279,0.01216,0.83882
CVE-2005-0280,0.10389,0.94482
CVE-2005-0281,0.00353,0.69110
CVE-2005-0282,0.00219,0.59918
CVE-2005-0283,0.01737,0.86626
CVE-2005-0284,0.00183,0.55674
CVE-2005-0285,0.00899,0.80994
CVE-2005-0286,0.00815,0.80000
CVE-2005-0287,0.00599,0.76180
CVE-2005-0288,0.00231,0.61294
CVE-2005-0289,0.01444,0.85308
CVE-2005-0290,0.00701,0.78260
CVE-2005-0291,0.01049,0.82481
CVE-2005-0292,0.01385,0.84991
CVE-2005-0293,0.00957,0.81617
CVE-2005-0294,0.01484,0.85484
CVE-2005-0295,0.00042,0.05722
CVE-2005-0296,0.01531,0.85753
CVE-2005-0297,0.00112,0.44443
CVE-2005-0298,0.00218,0.59840
CVE-2005-0299,0.00356,0.69262
CVE-2005-0300,0.00535,0.74779
CVE-2005-0301,0.00718,0.78559
CVE-2005-0302,0.00177,0.54879
CVE-2005-0303,0.00257,0.63578
CVE-2005-0304,0.00308,0.66929
CVE-2005-0305,0.12997,0.95032
CVE-2005-0306,0.00449,0.72486
CVE-2005-0307,0.00193,0.57189
CVE-2005-0308,0.83621,0.98213
CVE-2005-0309,0.00679,0.77903
CVE-2005-0310,0.00547,0.75094
CVE-2005-0311,0.00965,0.81695
CVE-2005-0312,0.00342,0.68628
CVE-2005-0313,0.01575,0.85974
CVE-2005-0314,0.00479,0.73338
CVE-2005-0315,0.00287,0.65616
CVE-2005-0316,0.05113,0.92206
CVE-2005-0317,0.00570,0.75547
CVE-2005-0318,0.00128,0.47497
CVE-2005-0319,0.00189,0.56523
CVE-2005-0320,0.02184,0.88300
CVE-2005-0321,0.00149,0.50956
CVE-2005-0322,0.00042,0.05722
CVE-2005-0323,0.00587,0.75948
CVE-2005-0324,0.01011,0.82134
CVE-2005-0325,0.08042,0.93716
CVE-2005-0326,0.00547,0.75094
CVE-2005-0327,0.00822,0.80086
CVE-2005-0328,0.00518,0.74355
CVE-2005-0329,0.00706,0.78346
CVE-2005-0330,0.01533,0.85763
CVE-2005-0331,0.00246,0.62688
CVE-2005-0332,0.01763,0.86710
CVE-2005-0333,0.01948,0.87486
CVE-2005-0334,0.01216,0.83882
CVE-2005-0335,0.00535,0.74779
CVE-2005-0336,0.00677,0.77866
CVE-2005-0337,0.02590,0.89231
CVE-2005-0338,0.14391,0.95250
CVE-2005-0339,0.01435,0.85253
CVE-2005-0340,0.02582,0.89212
CVE-2005-0341,0.00342,0.68626
CVE-2005-0342,0.00042,0.00438
CVE-2005-0343,0.00480,0.73363
CVE-2005-0344,0.01868,0.87155
CVE-2005-0345,0.02721,0.89503
CVE-2005-0346,0.00042,0.05722
CVE-2005-0347,0.03050,0.90021
CVE-2005-0348,0.00715,0.78514
CVE-2005-0349,0.03272,0.90354
CVE-2005-0350,0.03593,0.90762
CVE-2005-0351,0.00042,0.05722
CVE-2005-0352,0.00042,0.05722
CVE-2005-0353,0.90104,0.98580
CVE-2005-0356,0.94156,0.99012
CVE-2005-0357,0.00398,0.70909
CVE-2005-0358,0.03263,0.90344
CVE-2005-0359,0.02219,0.88398
CVE-2005-0360,0.00497,0.73792
CVE-2005-0362,0.00229,0.61197
CVE-2005-0363,0.00357,0.69290
CVE-2005-0364,0.01218,0.83895
CVE-2005-0365,0.00042,0.05722
CVE-2005-0366,0.00592,0.76065
CVE-2005-0367,0.00283,0.65396
CVE-2005-0368,0.00217,0.59792
CVE-2005-0369,0.00271,0.64575
CVE-2005-0370,0.00271,0.64575
CVE-2005-0371,0.00271,0.64575
CVE-2005-0372,0.01410,0.85119
CVE-2005-0373,0.03458,0.90607
CVE-2005-0374,0.00353,0.69110
CVE-2005-0375,0.00621,0.76682
CVE-2005-0376,0.02483,0.89033
CVE-2005-0377,0.01570,0.85935
CVE-2005-0378,0.00781,0.79535
CVE-2005-0379,0.00315,0.67324
CVE-2005-0380,0.80541,0.98065
CVE-2005-0381,0.00284,0.65445
CVE-2005-0382,0.03461,0.90612
CVE-2005-0383,0.01495,0.85550
CVE-2005-0384,0.10668,0.94558
CVE-2005-0385,0.00042,0.00438
CVE-2005-0386,0.00169,0.53947
CVE-2005-0387,0.00042,0.05722
CVE-2005-0388,0.00271,0.64604
CVE-2005-0390,0.05712,0.92622
CVE-2005-0391,0.00129,0.47627
CVE-2005-0392,0.00042,0.05722
CVE-2005-0393,0.00042,0.05722
CVE-2005-0396,0.00060,0.23520
CVE-2005-0397,0.08187,0.93766
CVE-2005-0398,0.05324,0.92360
CVE-2005-0399,0.95366,0.99223
CVE-2005-0400,0.00044,0.08000
CVE-2005-0401,0.13932,0.95182
CVE-2005-0402,0.90884,0.98638
CVE-2005-0403,0.00042,0.05722
CVE-2005-0404,0.05008,0.92125
CVE-2005-0406,0.00046,0.12695
CVE-2005-0407,0.00396,0.70835
CVE-2005-0408,0.04039,0.91242
CVE-2005-0409,0.06073,0.92807
CVE-2005-0410,0.00186,0.56063
CVE-2005-0411,0.04830,0.91987
CVE-2005-0412,0.00919,0.81211
CVE-2005-0413,0.00720,0.78616
CVE-2005-0414,0.00740,0.78913
CVE-2005-0415,0.00772,0.79400
CVE-2005-0416,0.88509,0.98468
CVE-2005-0417,0.00256,0.63506
CVE-2005-0418,0.00228,0.61054
CVE-2005-0419,0.02544,0.89146
CVE-2005-0420,0.97173,0.99773
CVE-2005-0421,0.00042,0.00438
CVE-2005-0422,0.00042,0.00438
CVE-2005-0423,0.00312,0.67116
CVE-2005-0424,0.00542,0.74976
CVE-2005-0425,0.00358,0.69329
CVE-2005-0426,0.05991,0.92771
CVE-2005-0427,0.00414,0.71419
CVE-2005-0428,0.01032,0.82304
CVE-2005-0429,0.01093,0.82879
CVE-2005-0430,0.03421,0.90566
CVE-2005-0431,0.00397,0.70878
CVE-2005-0432,0.00279,0.65068
CVE-2005-0433,0.00494,0.73720
CVE-2005-0434,0.00525,0.74542
CVE-2005-0435,0.00527,0.74603
CVE-2005-0436,0.01415,0.85138
CVE-2005-0437,0.00537,0.74850
CVE-2005-0438,0.13422,0.95106
CVE-2005-0439,0.14730,0.95298
CVE-2005-0440,0.00910,0.81099
CVE-2005-0441,0.14175,0.95224
CVE-2005-0442,0.02070,0.87916
CVE-2005-0443,0.00699,0.78237
CVE-2005-0444,0.00042,0.05722
CVE-2005-0445,0.00587,0.75948
CVE-2005-0446,0.95776,0.99314
CVE-2005-0447,0.19051,0.95827
CVE-2005-0448,0.00062,0.24569
CVE-2005-0449,0.01456,0.85366
CVE-2005-0450,0.00376,0.70056
CVE-2005-0451,0.00317,0.67431
CVE-2005-0452,0.01500,0.85571
CVE-2005-0453,0.00378,0.70159
CVE-2005-0454,0.00695,0.78171
CVE-2005-0455,0.58324,0.97452
CVE-2005-0456,0.00995,0.82016
CVE-2005-0457,0.00042,0.05722
CVE-2005-0458,0.00140,0.49513
CVE-2005-0459,0.00299,0.66383
CVE-2005-0460,0.00764,0.79283
CVE-2005-0461,0.00563,0.75423
CVE-2005-0462,0.00168,0.53567
CVE-2005-0463,0.00237,0.61822
CVE-2005-0464,0.00042,0.00438
CVE-2005-0465,0.00042,0.00438
CVE-2005-0467,0.01348,0.84755
CVE-2005-0468,0.93952,0.98983
CVE-2005-0469,0.92387,0.98800
CVE-2005-0470,0.01444,0.85308
CVE-2005-0471,0.00461,0.72823
CVE-2005-0472,0.05534,0.92520
CVE-2005-0473,0.07908,0.93658
CVE-2005-0474,0.01051,0.82500
CVE-2005-0475,0.00578,0.75736
CVE-2005-0476,0.00168,0.53567
CVE-2005-0477,0.00244,0.62438
CVE-2005-0478,0.26049,0.96311
CVE-2005-0479,0.06047,0.92798
CVE-2005-0480,0.00536,0.74826
CVE-2005-0481,0.01114,0.83051
CVE-2005-0482,0.01103,0.82961
CVE-2005-0483,0.00809,0.79942
CVE-2005-0484,0.00867,0.80607
CVE-2005-0485,0.00540,0.74916
CVE-2005-0486,0.00324,0.67777
CVE-2005-0487,0.00519,0.74384
CVE-2005-0488,0.00786,0.79596
CVE-2005-0489,0.00042,0.05722
CVE-2005-0490,0.00706,0.78345
CVE-2005-0491,0.60030,0.97491
CVE-2005-0492,0.00895,0.80943
CVE-2005-0493,0.00219,0.59941
CVE-2005-0494,0.05398,0.92417
CVE-2005-0495,0.00258,0.63642
CVE-2005-0496,0.09056,0.94066
CVE-2005-0497,0.00191,0.56785
CVE-2005-0498,0.00687,0.78042
CVE-2005-0499,0.00325,0.67816
CVE-2005-0500,0.42001,0.96989
CVE-2005-0501,0.03108,0.90109
CVE-2005-0502,0.00535,0.74779
CVE-2005-0503,0.00042,0.05722
CVE-2005-0504,0.00100,0.40802
CVE-2005-0505,0.00878,0.80740
CVE-2005-0506,0.03278,0.90362
CVE-2005-0507,0.00356,0.69262
CVE-2005-0508,0.00052,0.18252
CVE-2005-0509,0.01201,0.83751
CVE-2005-0510,0.00044,0.10161
CVE-2005-0511,0.89064,0.98509
CVE-2005-0512,0.00514,0.74258
CVE-2005-0513,0.02728,0.89521
CVE-2005-0514,0.00301,0.66481
CVE-2005-0515,0.00042,0.05722
CVE-2005-0516,0.08454,0.93853
CVE-2005-0517,0.00042,0.00438
CVE-2005-0518,0.00042,0.00438
CVE-2005-0519,0.01237,0.84038
CVE-2005-0520,0.01237,0.84038
CVE-2005-0521,0.00042,0.00438
CVE-2005-0522,0.00042,0.00438
CVE-2005-0523,0.05098,0.92195
CVE-2005-0524,0.09502,0.94222
CVE-2005-0525,0.09676,0.94269
CVE-2005-0526,0.00284,0.65449
CVE-2005-0527,0.85943,0.98322
CVE-2005-0529,0.00062,0.24443
CVE-2005-0530,0.00042,0.05722
CVE-2005-0531,0.00042,0.05722
CVE-2005-0532,0.00042,0.05722
CVE-2005-0533,0.21536,0.96032
CVE-2005-0534,0.00380,0.70245
CVE-2005-0535,0.00716,0.78535
CVE-2005-0536,0.00987,0.81923
CVE-2005-0537,0.00228,0.61105
CVE-2005-0538,0.00274,0.64808
CVE-2005-0539,0.00042,0.05722
CVE-2005-0540,0.00605,0.76321
CVE-2005-0541,0.01021,0.82222
CVE-2005-0542,0.00042,0.05722
CVE-2005-0543,0.00518,0.74360
CVE-2005-0544,0.00414,0.71419
CVE-2005-0545,0.00044,0.10532
CVE-2005-0546,0.01327,0.84628
CVE-2005-0547,0.00287,0.65616
CVE-2005-0548,0.01611,0.86141
CVE-2005-0549,0.01611,0.86141
CVE-2005-0550,0.00044,0.10532
CVE-2005-0551,0.01312,0.84549
CVE-2005-0553,0.95264,0.99200
CVE-2005-0554,0.95668,0.99292
CVE-2005-0555,0.92401,0.98802
CVE-2005-0558,0.07055,0.93343
CVE-2005-0560,0.71854,0.97809
CVE-2005-0562,0.13721,0.95150
CVE-2005-0563,0.96975,0.99683
CVE-2005-0564,0.14553,0.95273
CVE-2005-0565,0.01942,0.87468
CVE-2005-0566,0.18849,0.95809
CVE-2005-0567,0.02994,0.89927
CVE-2005-0568,0.05255,0.92304
CVE-2005-0569,0.00599,0.76192
CVE-2005-0570,0.01364,0.84887
CVE-2005-0571,0.00977,0.81824
CVE-2005-0572,0.00606,0.76344
CVE-2005-0573,0.00291,0.65896
CVE-2005-0574,0.00422,0.71667
CVE-2005-0575,0.09591,0.94248
CVE-2005-0576,0.00044,0.10704
CVE-2005-0577,0.01599,0.86069
CVE-2005-0578,0.00042,0.05722
CVE-2005-0579,0.00042,0.05722
CVE-2005-0580,0.00042,0.05722
CVE-2005-0581,0.92538,0.98818
CVE-2005-0582,0.88266,0.98452
CVE-2005-0583,0.03867,0.91080
CVE-2005-0584,0.00089,0.37481
CVE-2005-0585,0.00270,0.64559
CVE-2005-0586,0.00600,0.76204
CVE-2005-0587,0.00455,0.72657
CVE-2005-0588,0.08084,0.93736
CVE-2005-0589,0.19404,0.95869
CVE-2005-0590,0.01508,0.85634
CVE-2005-0591,0.00458,0.72735
CVE-2005-0592,0.04542,0.91704
CVE-2005-0593,0.00582,0.75828
CVE-2005-0594,0.00043,0.05864
CVE-2005-0595,0.96860,0.99641
CVE-2005-0596,0.00044,0.10161
CVE-2005-0597,0.00887,0.80847
CVE-2005-0598,0.01845,0.87071
CVE-2005-0599,0.01004,0.82078
CVE-2005-0600,0.01115,0.83064
CVE-2005-0601,0.00859,0.80526
CVE-2005-0602,0.00043,0.07416
CVE-2005-0603,0.00653,0.77327
CVE-2005-0604,0.00046,0.12695
CVE-2005-0605,0.02171,0.88262
CVE-2005-0606,0.00826,0.80147
CVE-2005-0607,0.00619,0.76636
CVE-2005-0608,0.02662,0.89380
CVE-2005-0610,0.00042,0.05722
CVE-2005-0611,0.67556,0.97673
CVE-2005-0612,0.00920,0.81235
CVE-2005-0613,0.00166,0.53355
CVE-2005-0614,0.05325,0.92360
CVE-2005-0615,0.00262,0.63980
CVE-2005-0616,0.00288,0.65679
CVE-2005-0617,0.00388,0.70527
CVE-2005-0618,0.00203,0.58267
CVE-2005-0619,0.00042,0.00438
CVE-2005-0620,0.00042,0.05722
CVE-2005-0621,0.06732,0.93196
CVE-2005-0622,0.00551,0.75164
CVE-2005-0623,0.03808,0.91024
CVE-2005-0624,0.00042,0.05722
CVE-2005-0625,0.00062,0.24560
CVE-2005-0626,0.00756,0.79148
CVE-2005-0627,0.00042,0.05722
CVE-2005-0628,0.00260,0.63817
CVE-2005-0629,0.00508,0.74104
CVE-2005-0630,0.00541,0.74952
CVE-2005-0631,0.00640,0.77044
CVE-2005-0632,0.03133,0.90141
CVE-2005-0633,0.04482,0.91653
CVE-2005-0634,0.13138,0.95058
CVE-2005-0635,0.03465,0.90615
CVE-2005-0636,0.01717,0.86542
CVE-2005-0637,0.00456,0.72691
CVE-2005-0638,0.00969,0.81739
CVE-2005-0639,0.01999,0.87669
CVE-2005-0640,0.00042,0.05722
CVE-2005-0641,0.00169,0.53947
CVE-2005-0642,0.00155,0.51771
CVE-2005-0643,0.04252,0.91453
CVE-2005-0644,0.84933,0.98276
CVE-2005-0645,0.00169,0.53879
CVE-2005-0646,0.00184,0.55784
CVE-2005-0647,0.01863,0.87135
CVE-2005-0648,0.00176,0.54847
CVE-2005-0649,0.00176,0.54847
CVE-2005-0650,0.00946,0.81494
CVE-2005-0651,0.01032,0.82303
CVE-2005-0652,0.00042,0.05722
CVE-2005-0653,0.00174,0.54643
CVE-2005-0654,0.00193,0.57173
CVE-2005-0655,0.00413,0.71375
CVE-2005-0656,0.00355,0.69210
CVE-2005-0657,0.00705,0.78322
CVE-2005-0658,0.00327,0.67911
CVE-2005-0659,0.00444,0.72329
CVE-2005-0660,0.00169,0.53879
CVE-2005-0661,0.00184,0.55784
CVE-2005-0662,0.00169,0.53879
CVE-2005-0663,0.00322,0.67701
CVE-2005-0664,0.06979,0.93315
CVE-2005-0665,0.00494,0.73726
CVE-2005-0666,0.00351,0.69039
CVE-2005-0667,0.09433,0.94198
CVE-2005-0668,0.00318,0.67455
CVE-2005-0669,0.01238,0.84045
CVE-2005-0670,0.01228,0.83956
CVE-2005-0671,0.04008,0.91211
CVE-2005-0672,0.02012,0.87724
CVE-2005-0673,0.00360,0.69404
CVE-2005-0674,0.00264,0.64077
CVE-2005-0675,0.00193,0.57237
CVE-2005-0676,0.01433,0.85243
CVE-2005-0677,0.00240,0.62143
CVE-2005-0678,0.03909,0.91134
CVE-2005-0679,0.02234,0.88448
CVE-2005-0680,0.03402,0.90538
CVE-2005-0681,0.04962,0.92080
CVE-2005-0682,0.00313,0.67166
CVE-2005-0684,0.96719,0.99588
CVE-2005-0685,0.01455,0.85360
CVE-2005-0686,0.01083,0.82815
CVE-2005-0687,0.01952,0.87502
CVE-2005-0688,0.08916,0.94024
CVE-2005-0689,0.03299,0.90398
CVE-2005-0690,0.00042,0.05722
CVE-2005-0691,0.03882,0.91104
CVE-2005-0692,0.00259,0.63733
CVE-2005-0693,0.01313,0.84556
CVE-2005-0694,0.00596,0.76134
CVE-2005-0695,0.00561,0.75344
CVE-2005-0696,0.13548,0.95126
CVE-2005-0697,0.00184,0.55784
CVE-2005-0698,0.00340,0.68539
CVE-2005-0699,0.04464,0.91638
CVE-2005-0700,0.03420,0.90563
CVE-2005-0701,0.95356,0.99222
CVE-2005-0702,0.00212,0.59206
CVE-2005-0703,0.00282,0.65349
CVE-2005-0704,0.03364,0.90487
CVE-2005-0705,0.00739,0.78903
CVE-2005-0706,0.02036,0.87798
CVE-2005-0707,0.00709,0.78395
CVE-2005-0708,0.00660,0.77480
CVE-2005-0709,0.97045,0.99713
CVE-2005-0710,0.96937,0.99670
CVE-2005-0711,0.00060,0.23391
CVE-2005-0712,0.00042,0.05722
CVE-2005-0713,0.00042,0.00438
CVE-2005-0715,0.00042,0.05722
CVE-2005-0716,0.00042,0.00438
CVE-2005-0718,0.13507,0.95120
CVE-2005-0719,0.00042,0.05722
CVE-2005-0720,0.04485,0.91656
CVE-2005-0721,0.00660,0.77480
CVE-2005-0722,0.00439,0.72212
CVE-2005-0723,0.00141,0.49731
CVE-2005-0724,0.00439,0.72212
CVE-2005-0725,0.00184,0.55784
CVE-2005-0726,0.00153,0.51614
CVE-2005-0729,0.01504,0.85617
CVE-2005-0730,0.01159,0.83412
CVE-2005-0731,0.04096,0.91319
CVE-2005-0732,0.00500,0.73874
CVE-2005-0733,0.00500,0.73874
CVE-2005-0734,0.01364,0.84887
CVE-2005-0735,0.06267,0.92935
CVE-2005-0736,0.00042,0.00438
CVE-2005-0737,0.01997,0.87663
CVE-2005-0738,0.01052,0.82508
CVE-2005-0739,0.01986,0.87618
CVE-2005-0740,0.08304,0.93801
CVE-2005-0741,0.00218,0.59850
CVE-2005-0742,0.01611,0.86141
CVE-2005-0743,0.03399,0.90534
CVE-2005-0744,0.00688,0.78055
CVE-2005-0745,0.00042,0.05722
CVE-2005-0746,0.01455,0.85361
CVE-2005-0747,0.00349,0.68958
CVE-2005-0748,0.01517,0.85688
CVE-2005-0749,0.00062,0.24569
CVE-2005-0750,0.00043,0.07520
CVE-2005-0752,0.70845,0.97779
CVE-2005-0753,0.89624,0.98552
CVE-2005-0754,0.02586,0.89228
CVE-2005-0755,0.17871,0.95713
CVE-2005-0756,0.00062,0.24569
CVE-2005-0757,0.00060,0.23520
CVE-2005-0758,0.00064,0.26266
CVE-2005-0759,0.01688,0.86426
CVE-2005-0760,0.02228,0.88420
CVE-2005-0761,0.01125,0.83146
CVE-2005-0762,0.08559,0.93883
CVE-2005-0763,0.00044,0.10161
CVE-2005-0764,0.02390,0.88825
CVE-2005-0765,0.00775,0.79461
CVE-2005-0766,0.00775,0.79461
CVE-2005-0767,0.00042,0.05722
CVE-2005-0768,0.30502,0.96552
CVE-2005-0769,0.02070,0.87919
CVE-2005-0770,0.00646,0.77164
CVE-2005-0771,0.96863,0.99642
CVE-2005-0772,0.18328,0.95748
CVE-2005-0773,0.97279,0.99837
CVE-2005-0774,0.00327,0.67911
CVE-2005-0775,0.01168,0.83509
CVE-2005-0776,0.02323,0.88663
CVE-2005-0777,0.00286,0.65576
CVE-2005-0778,0.00713,0.78483
CVE-2005-0779,0.03484,0.90635
CVE-2005-0780,0.12546,0.94960
CVE-2005-0781,0.00227,0.61036
CVE-2005-0782,0.00886,0.80838
CVE-2005-0783,0.00315,0.67286
CVE-2005-0784,0.00312,0.67111
CVE-2005-0785,0.00355,0.69210
CVE-2005-0786,0.00255,0.63475
CVE-2005-0787,0.00042,0.05722
CVE-2005-0788,0.04817,0.91983
CVE-2005-0789,0.00365,0.69653
CVE-2005-0790,0.00658,0.77393
CVE-2005-0791,0.00555,0.75253
CVE-2005-0792,0.01310,0.84531
CVE-2005-0793,0.01095,0.82895
CVE-2005-0794,0.01364,0.84887
CVE-2005-0795,0.01138,0.83252
CVE-2005-0796,0.01494,0.85539
CVE-2005-0797,0.00492,0.73683
CVE-2005-0798,0.03126,0.90131
CVE-2005-0799,0.06694,0.93172
CVE-2005-0800,0.09593,0.94250
CVE-2005-0801,0.00436,0.72103
CVE-2005-0802,0.00542,0.74967
CVE-2005-0803,0.95192,0.99187
CVE-2005-0804,0.02898,0.89795
CVE-2005-0805,0.00227,0.61036
CVE-2005-0806,0.01834,0.87019
CVE-2005-0807,0.07006,0.93322
CVE-2005-0808,0.86245,0.98345
CVE-2005-0809,0.01156,0.83396
CVE-2005-0810,0.00315,0.67316
CVE-2005-0811,0.00215,0.59605
CVE-2005-0812,0.00334,0.68303
CVE-2005-0813,0.00655,0.77343
CVE-2005-0814,0.01439,0.85269
CVE-2005-0815,0.00306,0.66765
CVE-2005-0816,0.00044,0.10704
CVE-2005-0817,0.92767,0.98850
CVE-2005-0818,0.00195,0.57395
CVE-2005-0819,0.00687,0.78046
CVE-2005-0820,0.00534,0.74747
CVE-2005-0821,0.00400,0.70972
CVE-2005-0822,0.00064,0.26248
CVE-2005-0823,0.00045,0.12367
CVE-2005-0824,0.00042,0.05722
CVE-2005-0825,0.00042,0.05722
CVE-2005-0826,0.01225,0.83942
CVE-2005-0827,0.01038,0.82395
CVE-2005-0828,0.04011,0.91215
CVE-2005-0829,0.00313,0.67181
CVE-2005-0830,0.01978,0.87600
CVE-2005-0831,0.00253,0.63256
CVE-2005-0832,0.00169,0.53879
CVE-2005-0833,0.00701,0.78254
CVE-2005-0834,0.00439,0.72212
CVE-2005-0835,0.00268,0.64417
CVE-2005-0836,0.51016,0.97269
CVE-2005-0837,0.00345,0.68729
CVE-2005-0838,0.00676,0.77800
CVE-2005-0839,0.00042,0.05722
CVE-2005-0841,0.00501,0.73936
CVE-2005-0842,0.00277,0.64981
CVE-2005-0843,0.02161,0.88242
CVE-2005-0844,0.00042,0.05722
CVE-2005-0845,0.00345,0.68751
CVE-2005-0846,0.00286,0.65576
CVE-2005-0847,0.02958,0.89878
CVE-2005-0848,0.04956,0.92073
CVE-2005-0849,0.01110,0.83027
CVE-2005-0850,0.00196,0.57549
CVE-2005-0851,0.00159,0.52428
CVE-2005-0852,0.00043,0.07477
CVE-2005-0853,0.01667,0.86357
CVE-2005-0854,0.02071,0.87920
CVE-2005-0855,0.00555,0.75251
CVE-2005-0856,0.00154,0.51739
CVE-2005-0857,0.00328,0.67960
CVE-2005-0858,0.00227,0.61036
CVE-2005-0859,0.14411,0.95253
CVE-2005-0860,0.06321,0.92961
CVE-2005-0861,0.00412,0.71344
CVE-2005-0862,0.23075,0.96133
CVE-2005-0863,0.00265,0.64199
CVE-2005-0864,0.01121,0.83125
CVE-2005-0865,0.01575,0.85978
CVE-2005-0866,0.00042,0.05722
CVE-2005-0867,0.00042,0.05722
CVE-2005-0868,0.00264,0.64156
CVE-2005-0869,0.00628,0.76823
CVE-2005-0870,0.00948,0.81516
CVE-2005-0871,0.00688,0.78059
CVE-2005-0872,0.87395,0.98404
CVE-2005-0873,0.00545,0.75035
CVE-2005-0874,0.00303,0.66574
CVE-2005-0875,0.00118,0.45820
CVE-2005-0876,0.00776,0.79476
CVE-2005-0877,0.00713,0.78483
CVE-2005-0878,0.00260,0.63817
CVE-2005-0879,0.14323,0.95240
CVE-2005-0880,0.00502,0.73964
CVE-2005-0881,0.00459,0.72777
CVE-2005-0882,0.01164,0.83453
CVE-2005-0883,0.00326,0.67847
CVE-2005-0884,0.00754,0.79121
CVE-2005-0885,0.00259,0.63733
CVE-2005-0886,0.00290,0.65867
CVE-2005-0887,0.08427,0.93838
CVE-2005-0888,0.00242,0.62322
CVE-2005-0889,0.00278,0.65044
CVE-2005-0890,0.00227,0.61036
CVE-2005-0891,0.03503,0.90657
CVE-2005-0892,0.02321,0.88658
CVE-2005-0893,0.00091,0.38514
CVE-2005-0894,0.00042,0.05722
CVE-2005-0895,0.03496,0.90651
CVE-2005-0896,0.00229,0.61142
CVE-2005-0897,0.00555,0.75251
CVE-2005-0898,0.00217,0.59726
CVE-2005-0899,0.00142,0.49991
CVE-2005-0900,0.00596,0.76134
CVE-2005-0901,0.00259,0.63733
CVE-2005-0902,0.00269,0.64496
CVE-2005-0903,0.26949,0.96357
CVE-2005-0904,0.00361,0.69449
CVE-2005-0905,0.00531,0.74679
CVE-2005-0906,0.10687,0.94564
CVE-2005-0907,0.00189,0.56455
CVE-2005-0908,0.00217,0.59726
CVE-2005-0909,0.01152,0.83368
CVE-2005-0910,0.00175,0.54703
CVE-2005-0911,0.00153,0.51614
CVE-2005-0912,0.00318,0.67455
CVE-2005-0913,0.00583,0.75859
CVE-2005-0914,0.00169,0.53947
CVE-2005-0915,0.00462,0.72838
CVE-2005-0916,0.00043,0.07477
CVE-2005-0917,0.00826,0.80134
CVE-2005-0918,0.00310,0.67019
CVE-2005-0919,0.00758,0.79200
CVE-2005-0920,0.00130,0.47836
CVE-2005-0921,0.00046,0.13867
CVE-2005-0922,0.00234,0.61518
CVE-2005-0923,0.00054,0.19124
CVE-2005-0924,0.00964,0.81682
CVE-2005-0925,0.00448,0.72455
CVE-2005-0926,0.00365,0.69647
CVE-2005-0927,0.00366,0.69693
CVE-2005-0928,0.00718,0.78574
CVE-2005-0929,0.00886,0.80832
CVE-2005-0930,0.00355,0.69210
CVE-2005-0931,0.11398,0.94738
CVE-2005-0932,0.00154,0.51739
CVE-2005-0933,0.00314,0.67210
CVE-2005-0934,0.00169,0.53879
CVE-2005-0935,0.01126,0.83157
CVE-2005-0936,0.05468,0.92475
CVE-2005-0937,0.00042,0.05722
CVE-2005-0938,0.00651,0.77299
CVE-2005-0941,0.04954,0.92071
CVE-2005-0942,0.01986,0.87620
CVE-2005-0943,0.00441,0.72250
CVE-2005-0944,0.16314,0.95520
CVE-2005-0945,0.00353,0.69133
CVE-2005-0946,0.00322,0.67701
CVE-2005-0947,0.00693,0.78131
CVE-2005-0948,0.00310,0.66996
CVE-2005-0949,0.00484,0.73468
CVE-2005-0950,0.02074,0.87933
CVE-2005-0952,0.00713,0.78483
CVE-2005-0953,0.00087,0.36463
CVE-2005-0954,0.01287,0.84398
CVE-2005-0955,0.00307,0.66835
CVE-2005-0956,0.00218,0.59796
CVE-2005-0957,0.00867,0.80611
CVE-2005-0958,0.04711,0.91864
CVE-2005-0959,0.00317,0.67443
CVE-2005-0960,0.00936,0.81388
CVE-2005-0961,0.00286,0.65576
CVE-2005-0962,0.00227,0.61036
CVE-2005-0963,0.00059,0.22933
CVE-2005-0964,0.00042,0.05722
CVE-2005-0965,0.03305,0.90404
CVE-2005-0966,0.05301,0.92344
CVE-2005-0967,0.05161,0.92242
CVE-2005-0968,0.00266,0.64284
CVE-2005-0969,0.00042,0.05722
CVE-2005-0970,0.00066,0.27457
CVE-2005-0971,0.00043,0.05864
CVE-2005-0972,0.00043,0.05864
CVE-2005-0973,0.00042,0.05722
CVE-2005-0974,0.00043,0.07527
CVE-2005-0975,0.00042,0.05722
CVE-2005-0976,0.00466,0.72933
CVE-2005-0977,0.00060,0.23520
CVE-2005-0978,0.02598,0.89250
CVE-2005-0979,0.03563,0.90722
CVE-2005-0980,0.03909,0.91134
CVE-2005-0981,0.00315,0.67286
CVE-2005-0982,0.00169,0.53879
CVE-2005-0983,0.01950,0.87498
CVE-2005-0984,0.02934,0.89844
CVE-2005-0985,0.00042,0.05722
CVE-2005-0986,0.93219,0.98897
CVE-2005-0987,0.00421,0.71644
CVE-2005-0988,0.00086,0.35753
CVE-2005-0989,0.94411,0.99054
CVE-2005-0990,0.00042,0.05722
CVE-2005-0991,0.00042,0.05722
CVE-2005-0992,0.00593,0.76073
CVE-2005-0993,0.00042,0.00438
CVE-2005-0994,0.00317,0.67435
CVE-2005-0995,0.00474,0.73165
CVE-2005-0996,0.00188,0.56374
CVE-2005-0997,0.00333,0.68254
CVE-2005-0998,0.00439,0.72212
CVE-2005-0999,0.00250,0.63014
CVE-2005-1000,0.00353,0.69133
CVE-2005-10001,0.00072,0.29847
CVE-2005-10002,0.00062,0.24333
CVE-2005-1001,0.00460,0.72792
CVE-2005-1002,0.01650,0.86294
CVE-2005-1003,0.00377,0.70062
CVE-2005-1004,0.00315,0.67286
CVE-2005-1005,0.03456,0.90606
CVE-2005-1006,0.00679,0.77907
CVE-2005-1007,0.01364,0.84887
CVE-2005-1008,0.00159,0.52505
CVE-2005-1009,0.97335,0.99873
CVE-2005-1010,0.00286,0.65576
CVE-2005-1011,0.00182,0.55593
CVE-2005-1012,0.00388,0.70529
CVE-2005-1013,0.05423,0.92437
CVE-2005-1014,0.08250,0.93787
CVE-2005-1015,0.01168,0.83509
CVE-2005-1016,0.00477,0.73280
CVE-2005-1017,0.00306,0.66785
CVE-2005-1018,0.97124,0.99751
CVE-2005-1019,0.00042,0.00438
CVE-2005-1020,0.02811,0.89660
CVE-2005-1021,0.02400,0.88847
CVE-2005-1022,0.00400,0.70953
CVE-2005-1023,0.00313,0.67181
CVE-2005-1024,0.00661,0.77504
CVE-2005-1025,0.00332,0.68216
CVE-2005-1026,0.00501,0.73936
CVE-2005-1027,0.00265,0.64199
CVE-2005-1028,0.00356,0.69256
CVE-2005-1029,0.00619,0.76645
CVE-2005-1030,0.00607,0.76357
CVE-2005-1031,0.00579,0.75765
CVE-2005-1033,0.04124,0.91340
CVE-2005-1034,0.02149,0.88215
CVE-2005-1035,0.00220,0.59981
CVE-2005-1036,0.00042,0.05722
CVE-2005-1037,0.00856,0.80495
CVE-2005-1038,0.00042,0.05722
CVE-2005-1039,0.00042,0.05722
CVE-2005-1040,0.00050,0.16885
CVE-2005-1041,0.00060,0.23520
CVE-2005-1042,0.14444,0.95260
CVE-2005-1043,0.01422,0.85181
CVE-2005-1045,0.01569,0.85931
CVE-2005-1046,0.17997,0.95723
CVE-2005-1047,0.01212,0.83842
CVE-2005-1048,0.01111,0.83031
CVE-2005-1049,0.01606,0.86119
CVE-2005-1050,0.00692,0.78129
CVE-2005-1051,0.00162,0.52913
CVE-2005-1052,0.09435,0.94199
CVE-2005-1053,0.00718,0.78574
CVE-2005-1054,0.15024,0.95341
CVE-2005-1055,0.01573,0.85970
CVE-2005-1056,0.01774,0.86742
CVE-2005-1057,0.00474,0.73163
CVE-2005-1058,0.00474,0.73163
CVE-2005-1059,0.00347,0.68806
CVE-2005-1060,0.10284,0.94452
CVE-2005-1061,0.00390,0.70638
CVE-2005-1062,0.00931,0.81334
CVE-2005-1063,0.00953,0.81580
CVE-2005-1064,0.00042,0.05722
CVE-2005-1065,0.00050,0.16885
CVE-2005-1066,0.00042,0.05722
CVE-2005-1067,0.00042,0.05722
CVE-2005-1068,0.01602,0.86094
CVE-2005-1069,0.00409,0.71242
CVE-2005-1070,0.00741,0.78916
CVE-2005-1071,0.00305,0.66682
CVE-2005-1072,0.00169,0.53947
CVE-2005-1073,0.02911,0.89814
CVE-2005-1074,0.00909,0.81089
CVE-2005-1075,0.00830,0.80192
CVE-2005-1076,0.00223,0.60683
CVE-2005-1077,0.00232,0.61380
CVE-2005-1078,0.01077,0.82757
CVE-2005-1079,0.00255,0.63475
CVE-2005-1080,0.00492,0.73689
CVE-2005-1081,0.00368,0.69763
CVE-2005-1082,0.01252,0.84128
CVE-2005-1083,0.00264,0.64149
CVE-2005-1084,0.00153,0.51614
CVE-2005-1085,0.00141,0.49731
CVE-2005-1086,0.19485,0.95878
CVE-2005-1087,0.03325,0.90429
CVE-2005-1088,0.00060,0.23520
CVE-2005-1089,0.00272,0.64642
CVE-2005-1090,0.00578,0.75745
CVE-2005-1091,0.01229,0.83958
CVE-2005-1092,0.00042,0.00438
CVE-2005-1093,0.16069,0.95491
CVE-2005-1094,0.00042,0.00438
CVE-2005-1095,0.00473,0.73145
CVE-2005-1096,0.01164,0.83453
CVE-2005-1097,0.00042,0.00438
CVE-2005-1098,0.00042,0.00438
CVE-2005-1099,0.75058,0.97899
CVE-2005-1100,0.13270,0.95080
CVE-2005-1101,0.07633,0.93543
CVE-2005-1102,0.00482,0.73403
CVE-2005-1103,0.00042,0.05722
CVE-2005-1104,0.00169,0.53879
CVE-2005-1105,0.00603,0.76279
CVE-2005-1106,0.00548,0.75120
CVE-2005-1107,0.00042,0.05722
CVE-2005-1108,0.00630,0.76861
CVE-2005-1109,0.10607,0.94540
CVE-2005-1110,0.07769,0.93591
CVE-2005-1111,0.00045,0.12316
CVE-2005-1112,0.02544,0.89145
CVE-2005-1113,0.00360,0.69404
CVE-2005-1114,0.00538,0.74858
CVE-2005-1115,0.00552,0.75191
CVE-2005-1116,0.00169,0.53879
CVE-2005-1117,0.03909,0.91134
CVE-2005-1118,0.00604,0.76299
CVE-2005-1119,0.00042,0.05722
CVE-2005-1120,0.00615,0.76574
CVE-2005-1121,0.00292,0.65975
CVE-2005-1122,0.02694,0.89452
CVE-2005-1123,0.01296,0.84452
CVE-2005-1124,0.00044,0.10704
CVE-2005-1125,0.00979,0.81838
CVE-2005-1126,0.00042,0.05722
CVE-2005-1127,0.18787,0.95804
CVE-2005-1128,0.00153,0.51614
CVE-2005-1129,0.00069,0.28494
CVE-2005-1130,0.01020,0.82217
CVE-2005-1131,0.00541,0.74941
CVE-2005-1132,0.01364,0.84887
CVE-2005-1133,0.00502,0.73964
CVE-2005-1134,0.00798,0.79810
CVE-2005-1135,0.00406,0.71163
CVE-2005-1136,0.00704,0.78303
CVE-2005-1137,0.00389,0.70545
CVE-2005-1138,0.00304,0.66666
CVE-2005-1139,0.00600,0.76212
CVE-2005-1140,0.00217,0.59726
CVE-2005-1141,0.03699,0.90900
CVE-2005-1142,0.03699,0.90900
CVE-2005-1143,0.00264,0.64077
CVE-2005-1144,0.00606,0.76344
CVE-2005-1145,0.00227,0.60979
CVE-2005-1146,0.00239,0.62034
CVE-2005-1147,0.01093,0.82880
CVE-2005-1148,0.00457,0.72719
CVE-2005-1149,0.00264,0.64118
CVE-2005-1150,0.01836,0.87028
CVE-2005-1151,0.00060,0.23520
CVE-2005-1152,0.00071,0.29383
CVE-2005-1153,0.13699,0.95146
CVE-2005-1154,0.05400,0.92421
CVE-2005-1155,0.95321,0.99214
CVE-2005-1156,0.01034,0.82336
CVE-2005-1157,0.02081,0.87951
CVE-2005-1158,0.25115,0.96261
CVE-2005-1159,0.01472,0.85437
CVE-2005-1160,0.00485,0.73520
CVE-2005-1161,0.00653,0.77324
CVE-2005-1162,0.00745,0.78983
CVE-2005-1163,0.12572,0.94968
CVE-2005-1164,0.02269,0.88539
CVE-2005-1165,0.00947,0.81509
CVE-2005-1166,0.00062,0.24477
CVE-2005-1167,0.00042,0.05722
CVE-2005-1168,0.00226,0.60951
CVE-2005-1169,0.01152,0.83368
CVE-2005-1170,0.00333,0.68254
CVE-2005-1171,0.00265,0.64199
CVE-2005-1172,0.00242,0.62322
CVE-2005-1173,0.01623,0.86197
CVE-2005-1174,0.74632,0.97889
CVE-2005-1175,0.88938,0.98497
CVE-2005-1176,0.00052,0.17666
CVE-2005-1177,0.00654,0.77338
CVE-2005-1178,0.00392,0.70724
CVE-2005-1179,0.01021,0.82220
CVE-2005-1180,0.01084,0.82822
CVE-2005-1181,0.03436,0.90584
CVE-2005-1182,0.00436,0.72108
CVE-2005-1183,0.00315,0.67286
CVE-2005-1184,0.74638,0.97889
CVE-2005-1185,0.00042,0.05722
CVE-2005-1186,0.00221,0.60389
CVE-2005-1187,0.00396,0.70823
CVE-2005-1188,0.00507,0.74098
CVE-2005-1189,0.00259,0.63733
CVE-2005-1190,0.00307,0.66800
CVE-2005-1191,0.23458,0.96158
CVE-2005-1192,0.06657,0.93156
CVE-2005-1193,0.06731,0.93194
CVE-2005-1194,0.00071,0.29156
CVE-2005-1195,0.01806,0.86878
CVE-2005-1196,0.00397,0.70864
CVE-2005-1197,0.00607,0.76351
CVE-2005-1198,0.00436,0.72103
CVE-2005-1199,0.00227,0.61036
CVE-2005-1200,0.01573,0.85970
CVE-2005-1201,0.00737,0.78874
CVE-2005-1202,0.02620,0.89300
CVE-2005-1203,0.00748,0.79024
CVE-2005-1204,0.04916,0.92049
CVE-2005-1205,0.93902,0.98979
CVE-2005-1206,0.52687,0.97316
CVE-2005-1207,0.01239,0.84051
CVE-2005-1208,0.45388,0.97099
CVE-2005-1211,0.80241,0.98057
CVE-2005-1212,0.14083,0.95204
CVE-2005-1213,0.97381,0.99899
CVE-2005-1214,0.13805,0.95159
CVE-2005-1215,0.32150,0.96621
CVE-2005-1216,0.02224,0.88412
CVE-2005-1218,0.23475,0.96160
CVE-2005-1219,0.94494,0.99070
CVE-2005-1220,0.01168,0.83509
CVE-2005-1221,0.00204,0.58434
CVE-2005-1222,0.05879,0.92710
CVE-2005-1223,0.00227,0.61036
CVE-2005-1224,0.00699,0.78242
CVE-2005-1225,0.00327,0.67911
CVE-2005-1226,0.00651,0.77288
CVE-2005-1227,0.00528,0.74627
CVE-2005-1228,0.00836,0.80268
CVE-2005-1229,0.00264,0.64078
CVE-2005-1230,0.00315,0.67324
CVE-2005-1231,0.00216,0.59629
CVE-2005-1232,0.01708,0.86501
CVE-2005-1233,0.00825,0.80125
CVE-2005-1234,0.01549,0.85834
CVE-2005-1235,0.00638,0.76995
CVE-2005-1236,0.00182,0.55593
CVE-2005-1237,0.09160,0.94102
CVE-2005-1238,0.00241,0.62221
CVE-2005-1239,0.00328,0.67983
CVE-2005-1240,0.00448,0.72468
CVE-2005-1241,0.00377,0.70062
CVE-2005-1242,0.00391,0.70659
CVE-2005-1243,0.00376,0.70034
CVE-2005-1244,0.01837,0.87036
CVE-2005-1245,0.00477,0.73280
CVE-2005-1246,0.03332,0.90439
CVE-2005-1247,0.02727,0.89517
CVE-2005-1248,0.05180,0.92250
CVE-2005-1249,0.00907,0.81074
CVE-2005-1250,0.96313,0.99443
CVE-2005-1252,0.00673,0.77765
CVE-2005-1254,0.11106,0.94667
CVE-2005-1255,0.38212,0.96865
CVE-2005-1256,0.83465,0.98206
CVE-2005-1260,0.02025,0.87762
CVE-2005-1261,0.21245,0.96011
CVE-2005-1262,0.03363,0.90486
CVE-2005-1263,0.00042,0.00438
CVE-2005-1264,0.00122,0.46521
CVE-2005-1265,0.00060,0.23520
CVE-2005-1266,0.29331,0.96495
CVE-2005-1267,0.07979,0.93692
CVE-2005-1268,0.00886,0.80845
CVE-2005-1269,0.05020,0.92135
CVE-2005-1270,0.00042,0.05722
CVE-2005-1272,0.97191,0.99786
CVE-2005-1274,0.01436,0.85257
CVE-2005-1275,0.02821,0.89677
CVE-2005-1278,0.13947,0.95186
CVE-2005-1279,0.83745,0.98217
CVE-2005-1280,0.13187,0.95065
CVE-2005-1281,0.00261,0.63928
CVE-2005-1282,0.00286,0.65576
CVE-2005-1283,0.00964,0.81692
CVE-2005-1284,0.01168,0.83509
CVE-2005-1285,0.00706,0.78360
CVE-2005-1286,0.00042,0.05722
CVE-2005-1287,0.00705,0.78334
CVE-2005-1288,0.00884,0.80793
CVE-2005-1289,0.02560,0.89169
CVE-2005-1290,0.00193,0.57237
CVE-2005-1291,0.00562,0.75365
CVE-2005-1292,0.00533,0.74723
CVE-2005-1293,0.00182,0.55593
CVE-2005-1294,0.00042,0.05722
CVE-2005-1295,0.00660,0.77480
CVE-2005-1296,0.00460,0.72783
CVE-2005-1297,0.00392,0.70693
CVE-2005-1298,0.00660,0.77480
CVE-2005-1299,0.00460,0.72783
CVE-2005-1300,0.00392,0.70693
CVE-2005-1301,0.00187,0.56276
CVE-2005-1302,0.00649,0.77225
CVE-2005-1303,0.00660,0.77480
CVE-2005-1304,0.00660,0.77480
CVE-2005-1305,0.00439,0.72212
CVE-2005-1306,0.00787,0.79603
CVE-2005-1307,0.00042,0.00438
CVE-2005-1308,0.08573,0.93911
CVE-2005-1309,0.00355,0.69210
CVE-2005-1310,0.00221,0.60222
CVE-2005-1311,0.00242,0.62322
CVE-2005-1312,0.06365,0.92990
CVE-2005-1313,0.00259,0.63733
CVE-2005-1314,0.00259,0.63733
CVE-2005-1315,0.00259,0.63733
CVE-2005-1316,0.00259,0.63733
CVE-2005-1317,0.00876,0.80716
CVE-2005-1318,0.00259,0.63733
CVE-2005-1319,0.00259,0.63733
CVE-2005-1320,0.00259,0.63733
CVE-2005-1321,0.00259,0.63733
CVE-2005-1322,0.00259,0.63733
CVE-2005-1323,0.95515,0.99259
CVE-2005-1324,0.00286,0.65576
CVE-2005-1325,0.02192,0.88320
CVE-2005-1326,0.00791,0.79703
CVE-2005-1327,0.00217,0.59726
CVE-2005-1328,0.00913,0.81140
CVE-2005-1329,0.01380,0.84968
CVE-2005-1330,0.00044,0.10161
CVE-2005-1331,0.01919,0.87386
CVE-2005-1332,0.00823,0.80102
CVE-2005-1333,0.01907,0.87338
CVE-2005-1335,0.00043,0.05864
CVE-2005-1336,0.00043,0.05864
CVE-2005-1337,0.00623,0.76725
CVE-2005-1338,0.00044,0.10161
CVE-2005-1339,0.00584,0.75871
CVE-2005-1340,0.00553,0.75219
CVE-2005-1341,0.01122,0.83130
CVE-2005-1342,0.86624,0.98367
CVE-2005-1343,0.00043,0.05864
CVE-2005-1344,0.00401,0.71005
CVE-2005-1345,0.01349,0.84760
CVE-2005-1346,0.00274,0.64811
CVE-2005-1347,0.03740,0.90946
CVE-2005-1348,0.95620,0.99282
CVE-2005-1349,0.12214,0.94911
CVE-2005-1350,0.00439,0.72212
CVE-2005-1351,0.00460,0.72783
CVE-2005-1352,0.00141,0.49731
CVE-2005-1353,0.00439,0.72212
CVE-2005-1354,0.00460,0.72783
CVE-2005-1355,0.00439,0.72212
CVE-2005-1356,0.00141,0.49731
CVE-2005-1357,0.00439,0.72212
CVE-2005-1358,0.00460,0.72783
CVE-2005-1359,0.00141,0.49731
CVE-2005-1360,0.06526,0.93082
CVE-2005-1361,0.00211,0.59051
CVE-2005-1362,0.00163,0.52950
CVE-2005-1363,0.00142,0.49874
CVE-2005-1364,0.00654,0.77334
CVE-2005-1365,0.01821,0.86951
CVE-2005-1366,0.05604,0.92560
CVE-2005-1367,0.00367,0.69729
CVE-2005-1368,0.00052,0.18252
CVE-2005-1369,0.00042,0.05722
CVE-2005-1370,0.09017,0.94056
CVE-2005-1371,0.00042,0.00438
CVE-2005-1372,0.00042,0.00438
CVE-2005-1373,0.01032,0.82303
CVE-2005-1374,0.02575,0.89195
CVE-2005-1375,0.00960,0.81653
CVE-2005-1376,0.00541,0.74944
CVE-2005-1377,0.01727,0.86585
CVE-2005-1378,0.01024,0.82243
CVE-2005-1379,0.00042,0.05722
CVE-2005-1380,0.03709,0.90909
CVE-2005-1381,0.95840,0.99324
CVE-2005-1382,0.96026,0.99369
CVE-2005-1383,0.95387,0.99228
CVE-2005-1384,0.00972,0.81769
CVE-2005-1385,0.01599,0.86072
CVE-2005-1386,0.00439,0.72212
CVE-2005-1387,0.00042,0.05722
CVE-2005-1388,0.00220,0.59959
CVE-2005-1391,0.13125,0.95054
CVE-2005-1392,0.00042,0.05722
CVE-2005-1393,0.00042,0.05753
CVE-2005-1394,0.00042,0.00438
CVE-2005-1395,0.00042,0.05722
CVE-2005-1396,0.00042,0.00438
CVE-2005-1397,0.01164,0.83453
CVE-2005-1398,0.03197,0.90236
CVE-2005-1399,0.00042,0.05722
CVE-2005-1400,0.00042,0.05722
CVE-2005-1401,0.02750,0.89562
CVE-2005-1402,0.03496,0.90651
CVE-2005-1403,0.03310,0.90408
CVE-2005-1404,0.02453,0.88970
CVE-2005-1405,0.00071,0.29383
CVE-2005-1406,0.00070,0.28797
CVE-2005-1407,0.00042,0.05722
CVE-2005-1408,0.00879,0.80743
CVE-2005-1409,0.00565,0.75458
CVE-2005-1410,0.00070,0.28797
CVE-2005-1411,0.00042,0.00438
CVE-2005-1412,0.00390,0.70645
CVE-2005-1413,0.00566,0.75470
CVE-2005-1414,0.00042,0.00438
CVE-2005-1415,0.44487,0.97062
CVE-2005-1416,0.00681,0.77953
CVE-2005-1417,0.00317,0.67435
CVE-2005-1418,0.00042,0.00438
CVE-2005-1419,0.00228,0.61062
CVE-2005-1420,0.00397,0.70896
CVE-2005-1421,0.00321,0.67630
CVE-2005-1422,0.00555,0.75251
CVE-2005-1423,0.05417,0.92435
CVE-2005-1424,0.00042,0.00438
CVE-2005-1425,0.02454,0.88972
CVE-2005-1426,0.01047,0.82465
CVE-2005-1427,0.00730,0.78774
CVE-2005-1428,0.00460,0.72787
CVE-2005-1429,0.00322,0.67701
CVE-2005-1430,0.00042,0.05722
CVE-2005-1431,0.05206,0.92273
CVE-2005-1433,0.00044,0.10161
CVE-2005-1434,0.00427,0.71810
CVE-2005-1435,0.02994,0.89926
CVE-2005-1436,0.04959,0.92076
CVE-2005-1437,0.00221,0.60222
CVE-2005-1438,0.01152,0.83368
CVE-2005-1439,0.00839,0.80299
CVE-2005-1440,0.02867,0.89753
CVE-2005-1441,0.03749,0.90957
CVE-2005-1442,0.00042,0.05722
CVE-2005-1443,0.01013,0.82148
CVE-2005-1444,0.03748,0.90954
CVE-2005-1445,0.00315,0.67324
CVE-2005-1446,0.00780,0.79527
CVE-2005-1447,0.00805,0.79901
CVE-2005-1448,0.00412,0.71359
CVE-2005-1449,0.00264,0.64098
CVE-2005-1450,0.00432,0.71949
CVE-2005-1451,0.01152,0.83368
CVE-2005-1452,0.00264,0.64098
CVE-2005-1453,0.00415,0.71475
CVE-2005-1454,0.00673,0.77758
CVE-2005-1455,0.00446,0.72387
CVE-2005-1456,0.00739,0.78903
CVE-2005-1457,0.00739,0.78903
CVE-2005-1458,0.00340,0.68537
CVE-2005-1459,0.00739,0.78903
CVE-2005-1460,0.00739,0.78903
CVE-2005-1461,0.06880,0.93265
CVE-2005-1462,0.06348,0.92980
CVE-2005-1463,0.03722,0.90926
CVE-2005-1464,0.00739,0.78903
CVE-2005-1465,0.00739,0.78903
CVE-2005-1466,0.00739,0.78903
CVE-2005-1467,0.00739,0.78903
CVE-2005-1468,0.00826,0.80145
CVE-2005-1469,0.00664,0.77576
CVE-2005-1470,0.03757,0.90966
CVE-2005-1471,0.66757,0.97656
CVE-2005-1472,0.00042,0.05722
CVE-2005-1473,0.00075,0.31080
CVE-2005-1474,0.00537,0.74844
CVE-2005-1475,0.00661,0.77505
CVE-2005-1476,0.95237,0.99197
CVE-2005-1477,0.80171,0.98055
CVE-2005-1478,0.05170,0.92246
CVE-2005-1479,0.00784,0.79579
CVE-2005-1480,0.01991,0.87637
CVE-2005-1481,0.00793,0.79750
CVE-2005-1482,0.02438,0.88939
CVE-2005-1483,0.01036,0.82362
CVE-2005-1484,0.00385,0.70416
CVE-2005-1485,0.00628,0.76823
CVE-2005-1486,0.01752,0.86676
CVE-2005-1487,0.00720,0.78616
CVE-2005-1488,0.00069,0.28586
CVE-2005-1489,0.00591,0.76043
CVE-2005-1490,0.00129,0.47738
CVE-2005-1491,0.00215,0.59605
CVE-2005-1492,0.01029,0.82280
CVE-2005-1493,0.01145,0.83306
CVE-2005-1494,0.00328,0.67960
CVE-2005-1495,0.00728,0.78741
CVE-2005-1496,0.50576,0.97251
CVE-2005-1497,0.00628,0.76823
CVE-2005-1498,0.00789,0.79674
CVE-2005-1499,0.01942,0.87468
CVE-2005-1500,0.00321,0.67627
CVE-2005-1501,0.01168,0.83509
CVE-2005-1502,0.06623,0.93140
CVE-2005-1503,0.01410,0.85122
CVE-2005-1504,0.01685,0.86419
CVE-2005-1505,0.00315,0.67247
CVE-2005-1506,0.00451,0.72542
CVE-2005-1507,0.07858,0.93638
CVE-2005-1508,0.02081,0.87955
CVE-2005-1509,0.00649,0.77225
CVE-2005-1510,0.01152,0.83368
CVE-2005-1511,0.00945,0.81482
CVE-2005-1512,0.01168,0.83509
CVE-2005-1513,0.05207,0.92273
CVE-2005-1514,0.06403,0.93011
CVE-2005-1515,0.04292,0.91496
CVE-2005-1516,0.00897,0.80966
CVE-2005-1517,0.00220,0.60008
CVE-2005-1518,0.00044,0.10704
CVE-2005-1519,0.48161,0.97181
CVE-2005-1520,0.12075,0.94888
CVE-2005-1521,0.07437,0.93482
CVE-2005-1522,0.01450,0.85332
CVE-2005-1523,0.83183,0.98195
CVE-2005-1524,0.02280,0.88571
CVE-2005-1525,0.01014,0.82163
CVE-2005-1526,0.04921,0.92052
CVE-2005-1527,0.00708,0.78379
CVE-2005-1528,0.00042,0.00438
CVE-2005-1530,0.55229,0.97383
CVE-2005-1531,0.01184,0.83632
CVE-2005-1532,0.67370,0.97670
CVE-2005-1543,0.95667,0.99292
CVE-2005-1544,0.37242,0.96830
CVE-2005-1545,0.00791,0.79726
CVE-2005-1546,0.00791,0.79726
CVE-2005-1547,0.00443,0.72320
CVE-2005-1548,0.00223,0.60637
CVE-2005-1549,0.00328,0.67983
CVE-2005-1550,0.04308,0.91508
CVE-2005-1551,0.00693,0.78131
CVE-2005-1552,0.02931,0.89838
CVE-2005-1553,0.00805,0.79901
CVE-2005-1554,0.00599,0.76184
CVE-2005-1555,0.00260,0.63817
CVE-2005-1556,0.01832,0.86998
CVE-2005-1557,0.01527,0.85734
CVE-2005-1558,0.00764,0.79278
CVE-2005-1559,0.08461,0.93854
CVE-2005-1560,0.07443,0.93484
CVE-2005-1561,0.00440,0.72236
CVE-2005-1562,0.00914,0.81149
CVE-2005-1563,0.08013,0.93705
CVE-2005-1564,0.00722,0.78647
CVE-2005-1565,0.00339,0.68497
CVE-2005-1566,0.00913,0.81139
CVE-2005-1567,0.00153,0.51614
CVE-2005-1568,0.00439,0.72212
CVE-2005-1569,0.00141,0.49731
CVE-2005-1570,0.00245,0.62628
CVE-2005-1571,0.00415,0.71478
CVE-2005-1572,0.00327,0.67918
CVE-2005-1573,0.00189,0.56455
CVE-2005-1574,0.02174,0.88270
CVE-2005-1575,0.00736,0.78859
CVE-2005-1576,0.00593,0.76075
CVE-2005-1577,0.00571,0.75560
CVE-2005-1578,0.00044,0.10161
CVE-2005-1579,0.00759,0.79217
CVE-2005-1580,0.01999,0.87669
CVE-2005-1581,0.00141,0.49780
CVE-2005-1582,0.00196,0.57554
CVE-2005-1583,0.00245,0.62594
CVE-2005-1584,0.00264,0.64077
CVE-2005-1585,0.00269,0.64496
CVE-2005-1586,0.00619,0.76636
CVE-2005-1587,0.01020,0.82217
CVE-2005-1588,0.00189,0.56455
CVE-2005-1589,0.00042,0.00438
CVE-2005-1590,0.00042,0.00438
CVE-2005-1591,0.00246,0.62684
CVE-2005-1592,0.00716,0.78537
CVE-2005-1593,0.02272,0.88545
CVE-2005-1594,0.00480,0.73363
CVE-2005-1595,0.00779,0.79515
CVE-2005-1596,0.08886,0.94015
CVE-2005-1597,0.01309,0.84526
CVE-2005-1598,0.02176,0.88276
CVE-2005-1599,0.00286,0.65576
CVE-2005-1600,0.00548,0.75116
CVE-2005-1601,0.01038,0.82395
CVE-2005-1602,0.00169,0.53882
CVE-2005-1603,0.04961,0.92080
CVE-2005-1604,0.09202,0.94119
CVE-2005-1605,0.00918,0.81200
CVE-2005-1606,0.00042,0.00438
CVE-2005-1607,0.00913,0.81138
CVE-2005-1608,0.00757,0.79179
CVE-2005-1609,0.01693,0.86445
CVE-2005-1610,0.05081,0.92186
CVE-2005-1611,0.02166,0.88251
CVE-2005-1612,0.00250,0.63014
CVE-2005-1613,0.01583,0.86008
CVE-2005-1614,0.01583,0.86008
CVE-2005-1615,0.00451,0.72542
CVE-2005-1616,0.00660,0.77480
CVE-2005-1617,0.00042,0.05722
CVE-2005-1618,0.06732,0.93196
CVE-2005-1619,0.00265,0.64199
CVE-2005-1620,0.00277,0.64981
CVE-2005-1621,0.00681,0.77953
CVE-2005-1622,0.00233,0.61453
CVE-2005-1625,0.01552,0.85851
CVE-2005-1626,0.00392,0.70683
CVE-2005-1627,0.00069,0.28494
CVE-2005-1628,0.05115,0.92207
CVE-2005-1629,0.00157,0.52123
CVE-2005-1630,0.00264,0.64098
CVE-2005-1631,0.00509,0.74140
CVE-2005-1632,0.00042,0.05722
CVE-2005-1633,0.00333,0.68254
CVE-2005-1634,0.00141,0.49731
CVE-2005-1635,0.00439,0.72212
CVE-2005-1636,0.00064,0.26283
CVE-2005-1637,0.00133,0.48346
CVE-2005-1638,0.00259,0.63733
CVE-2005-1639,0.00269,0.64496
CVE-2005-1640,0.00548,0.75118
CVE-2005-1641,0.00044,0.10445
CVE-2005-1642,0.02284,0.88578
CVE-2005-1643,0.02378,0.88798
CVE-2005-1644,0.00528,0.74627
CVE-2005-1645,0.01968,0.87546
CVE-2005-1646,0.00717,0.78548
CVE-2005-1647,0.00731,0.78783
CVE-2005-1648,0.00731,0.78783
CVE-2005-1649,0.00885,0.80811
CVE-2005-1650,0.00754,0.79121
CVE-2005-1651,0.00884,0.80799
CVE-2005-1652,0.00630,0.76862
CVE-2005-1653,0.00448,0.72460
CVE-2005-1654,0.01762,0.86704
CVE-2005-1655,0.01828,0.86976
CVE-2005-1656,0.00502,0.73964
CVE-2005-1657,0.01163,0.83445
CVE-2005-1658,0.00293,0.66013
CVE-2005-1659,0.00169,0.53879
CVE-2005-1660,0.00610,0.76427
CVE-2005-1661,0.01159,0.83412
CVE-2005-1662,0.01336,0.84683
CVE-2005-1663,0.02509,0.89079
CVE-2005-1664,0.10328,0.94462
CVE-2005-1665,0.83445,0.98206
CVE-2005-1666,0.06371,0.92993
CVE-2005-1667,0.04961,0.92080
CVE-2005-1668,0.00661,0.77505
CVE-2005-1669,0.00429,0.71872
CVE-2005-1670,0.00172,0.54464
CVE-2005-1671,0.00042,0.05722
CVE-2005-1672,0.00217,0.59726
CVE-2005-1673,0.00189,0.56455
CVE-2005-1674,0.00656,0.77372
CVE-2005-1675,0.01194,0.83703
CVE-2005-1676,0.00528,0.74618
CVE-2005-1677,0.00683,0.77972
CVE-2005-1678,0.00248,0.62821
CVE-2005-1679,0.00451,0.72556
CVE-2005-1680,0.00487,0.73548
CVE-2005-1681,0.06365,0.92990
CVE-2005-1682,0.00154,0.51716
CVE-2005-1683,0.02594,0.89241
CVE-2005-1684,0.00197,0.57633
CVE-2005-1685,0.00551,0.75172
CVE-2005-1686,0.00587,0.75961
CVE-2005-1687,0.00322,0.67701
CVE-2005-1688,0.00356,0.69256
CVE-2005-1689,0.34254,0.96711
CVE-2005-1691,0.00544,0.75008
CVE-2005-1692,0.11280,0.94713
CVE-2005-1693,0.02451,0.88964
CVE-2005-1694,0.00153,0.51614
CVE-2005-1695,0.00341,0.68574
CVE-2005-1696,0.00169,0.53947
CVE-2005-1697,0.00356,0.69256
CVE-2005-1698,0.00356,0.69256
CVE-2005-1699,0.00086,0.35595
CVE-2005-1700,0.00147,0.50692
CVE-2005-1701,0.00227,0.61036
CVE-2005-1702,0.14936,0.95329
CVE-2005-1703,0.08923,0.94027
CVE-2005-1704,0.00138,0.49280
CVE-2005-1705,0.00042,0.05722
CVE-2005-1706,0.00630,0.76862
CVE-2005-1707,0.00042,0.00438
CVE-2005-1708,0.00076,0.31156
CVE-2005-1709,0.04060,0.91272
CVE-2005-1710,0.00414,0.71414
CVE-2005-1711,0.00247,0.62731
CVE-2005-1712,0.00432,0.71949
CVE-2005-1713,0.00286,0.65576
CVE-2005-1714,0.00169,0.53879
CVE-2005-1715,0.00718,0.78574
CVE-2005-1716,0.00444,0.72329
CVE-2005-1717,0.01869,0.87156
CVE-2005-1718,0.03484,0.90635
CVE-2005-1719,0.00264,0.64098
CVE-2005-1720,0.00044,0.10161
CVE-2005-1721,0.00470,0.73049
CVE-2005-1722,0.00042,0.05722
CVE-2005-1723,0.00264,0.64098
CVE-2005-1724,0.00502,0.73954
CVE-2005-1725,0.00042,0.00438
CVE-2005-1726,0.00060,0.23520
CVE-2005-1727,0.00042,0.05722
CVE-2005-1728,0.00042,0.05722
CVE-2005-1729,0.22093,0.96063
CVE-2005-1730,0.02064,0.87892
CVE-2005-1732,0.00790,0.79702
CVE-2005-1733,0.00484,0.73482
CVE-2005-1734,0.00218,0.59796
CVE-2005-1735,0.00260,0.63817
CVE-2005-1736,0.00315,0.67247
CVE-2005-1737,0.00466,0.72934
CVE-2005-1738,0.00522,0.74458
CVE-2005-1739,0.04376,0.91564
CVE-2005-1740,0.00045,0.12498
CVE-2005-1741,0.08923,0.94027
CVE-2005-1742,0.00345,0.68773
CVE-2005-1743,0.00396,0.70852
CVE-2005-1744,0.00396,0.70852
CVE-2005-1745,0.00115,0.45196
CVE-2005-1746,0.00580,0.75783
CVE-2005-1747,0.96442,0.99485
CVE-2005-1748,0.00580,0.75783
CVE-2005-1749,0.02213,0.88383
CVE-2005-1750,0.00278,0.65053
CVE-2005-1751,0.00044,0.10371
CVE-2005-1752,0.01806,0.86884
CVE-2005-1753,0.00421,0.71650
CVE-2005-1754,0.01388,0.85008
CVE-2005-1755,0.00857,0.80504
CVE-2005-1756,0.00241,0.62195
CVE-2005-1757,0.01649,0.86291
CVE-2005-1758,0.20095,0.95926
CVE-2005-1759,0.00042,0.05722
CVE-2005-1760,0.00060,0.23520
CVE-2005-1761,0.00108,0.43366
CVE-2005-1762,0.00062,0.24569
CVE-2005-1763,0.00047,0.13960
CVE-2005-1764,0.00060,0.23520
CVE-2005-1765,0.00042,0.05722
CVE-2005-1766,0.82565,0.98169
CVE-2005-1767,0.00045,0.11985
CVE-2005-1768,0.00061,0.23811
CVE-2005-1769,0.01610,0.86136
CVE-2005-1770,0.00042,0.05722
CVE-2005-1771,0.01376,0.84954
CVE-2005-1772,0.00947,0.81509
CVE-2005-1773,0.02675,0.89414
CVE-2005-1774,0.00042,0.05722
CVE-2005-1775,0.00404,0.71081
CVE-2005-1776,0.01682,0.86405
CVE-2005-1777,0.00305,0.66682
CVE-2005-1778,0.00211,0.59030
CVE-2005-1779,0.00390,0.70645
CVE-2005-1780,0.00269,0.64496
CVE-2005-1781,0.00597,0.76146
CVE-2005-1782,0.01270,0.84261
CVE-2005-1783,0.00536,0.74830
CVE-2005-1784,0.05445,0.92454
CVE-2005-1785,0.00498,0.73839
CVE-2005-1786,0.00278,0.65053
CVE-2005-1787,0.00975,0.81793
CVE-2005-1788,0.00178,0.55137
CVE-2005-1789,0.00189,0.56455
CVE-2005-1790,0.97290,0.99844
CVE-2005-1791,0.01559,0.85890
CVE-2005-1792,0.00508,0.74103
CVE-2005-1793,0.00388,0.70511
CVE-2005-1794,0.01760,0.86700
CVE-2005-1795,0.00812,0.79965
CVE-2005-1796,0.10718,0.94576
CVE-2005-1797,0.00323,0.67724
CVE-2005-1798,0.00919,0.81211
CVE-2005-1799,0.00169,0.53879
CVE-2005-1800,0.00196,0.57533
CVE-2005-1801,0.00110,0.43918
CVE-2005-1802,0.01296,0.84452
CVE-2005-1803,0.00326,0.67847
CVE-2005-1804,0.00224,0.60786
CVE-2005-1805,0.00266,0.64279
CVE-2005-1806,0.56838,0.97415
CVE-2005-1807,0.11919,0.94854
CVE-2005-1808,0.01215,0.83862
CVE-2005-1809,0.00170,0.53954
CVE-2005-1810,0.01825,0.86965
CVE-2005-1811,0.00286,0.65576
CVE-2005-1812,0.51882,0.97292
CVE-2005-1813,0.00506,0.74068
CVE-2005-1814,0.01518,0.85698
CVE-2005-1815,0.04138,0.91353
CVE-2005-1816,0.00088,0.37056
CVE-2005-1817,0.00724,0.78674
CVE-2005-1818,0.00262,0.63980
CVE-2005-1819,0.00169,0.53879
CVE-2005-1820,0.04286,0.91485
CVE-2005-1821,0.06780,0.93218
CVE-2005-1822,0.00958,0.81632
CVE-2005-1823,0.00789,0.79674
CVE-2005-1824,0.00177,0.54899
CVE-2005-1825,0.57152,0.97421
CVE-2005-1826,0.18872,0.95811
CVE-2005-1827,0.01067,0.82661
CVE-2005-1828,0.00510,0.74172
CVE-2005-1829,0.00463,0.72865
CVE-2005-1830,0.00732,0.78804
CVE-2005-1831,0.00042,0.05722
CVE-2005-1832,0.00350,0.68996
CVE-2005-1833,0.00620,0.76666
CVE-2005-1834,0.00349,0.68965
CVE-2005-1835,0.00461,0.72817
CVE-2005-1836,0.00157,0.52085
CVE-2005-1837,0.00072,0.29719
CVE-2005-1838,0.00268,0.64432
CVE-2005-1839,0.00269,0.64496
CVE-2005-1840,0.00709,0.78390
CVE-2005-1841,0.00044,0.08124
CVE-2005-1842,0.00043,0.07688
CVE-2005-1843,0.00043,0.07688
CVE-2005-1846,0.00144,0.50240
CVE-2005-1847,0.00392,0.70683
CVE-2005-1848,0.00291,0.65896
CVE-2005-1849,0.11376,0.94733
CVE-2005-1850,0.00264,0.64098
CVE-2005-1851,0.00264,0.64098
CVE-2005-1852,0.06763,0.93208
CVE-2005-1853,0.00042,0.05722
CVE-2005-1854,0.00871,0.80648
CVE-2005-1855,0.00042,0.05722
CVE-2005-1856,0.00042,0.05722
CVE-2005-1857,0.01195,0.83717
CVE-2005-1858,0.00042,0.00438
CVE-2005-1859,0.00042,0.05722
CVE-2005-1864,0.00410,0.71271
CVE-2005-1865,0.01066,0.82653
CVE-2005-1866,0.00540,0.74919
CVE-2005-1867,0.03597,0.90771
CVE-2005-1868,0.00604,0.76317
CVE-2005-1869,0.01895,0.87286
CVE-2005-1870,0.05502,0.92497
CVE-2005-1871,0.01168,0.83509
CVE-2005-1872,0.75372,0.97905
CVE-2005-1873,0.02960,0.89881
CVE-2005-1874,0.00745,0.78985
CVE-2005-1875,0.00439,0.72201
CVE-2005-1876,0.00215,0.59608
CVE-2005-1877,0.00254,0.63308
CVE-2005-1878,0.00042,0.05722
CVE-2005-1879,0.00042,0.05722
CVE-2005-1880,0.00042,0.05722
CVE-2005-1881,0.01389,0.85012
CVE-2005-1882,0.07126,0.93371
CVE-2005-1883,0.01542,0.85807
CVE-2005-1884,0.02224,0.88414
CVE-2005-1885,0.00622,0.76699
CVE-2005-1886,0.00916,0.81176
CVE-2005-1887,0.00044,0.10704
CVE-2005-1888,0.00288,0.65679
CVE-2005-1889,0.00243,0.62361
CVE-2005-1890,0.00240,0.62086
CVE-2005-1891,0.01809,0.86895
CVE-2005-1892,0.00971,0.81758
CVE-2005-1893,0.01692,0.86445
CVE-2005-1894,0.05812,0.92670
CVE-2005-1895,0.00500,0.73868
CVE-2005-1896,0.02750,0.89562
CVE-2005-1897,0.00262,0.63987
CVE-2005-1898,0.00591,0.76043
CVE-2005-1899,0.04961,0.92080
CVE-2005-1900,0.00918,0.81203
CVE-2005-1901,0.00615,0.76574
CVE-2005-1902,0.00616,0.76587
CVE-2005-1903,0.02794,0.89632
CVE-2005-1904,0.00327,0.67911
CVE-2005-1905,0.00042,0.00438
CVE-2005-1906,0.00322,0.67701
CVE-2005-1907,0.05890,0.92714
CVE-2005-1908,0.00640,0.77053
CVE-2005-1909,0.00206,0.58589
CVE-2005-1910,0.00269,0.64496
CVE-2005-1911,0.00133,0.48439
CVE-2005-1913,0.00042,0.05722
CVE-2005-1914,0.00042,0.05722
CVE-2005-1915,0.00042,0.05722
CVE-2005-1916,0.00042,0.05722
CVE-2005-1917,0.00042,0.05722
CVE-2005-1918,0.00109,0.43527
CVE-2005-1920,0.00317,0.67431
CVE-2005-1921,0.97360,0.99887
CVE-2005-1922,0.00860,0.80536
CVE-2005-1923,0.00194,0.57331
CVE-2005-1924,0.11803,0.94834
CVE-2005-1925,0.01351,0.84775
CVE-2005-1928,0.03193,0.90230
CVE-2005-1929,0.70458,0.97761
CVE-2005-1930,0.00555,0.75255
CVE-2005-1931,0.03496,0.90651
CVE-2005-1932,0.00221,0.60229
CVE-2005-1933,0.00408,0.71222
CVE-2005-1934,0.04174,0.91391
CVE-2005-1935,0.83008,0.98190
CVE-2005-1936,0.00591,0.76053
CVE-2005-1937,0.00293,0.66053
CVE-2005-1939,0.90225,0.98588
CVE-2005-1941,0.00042,0.05722
CVE-2005-1942,0.00617,0.76594
CVE-2005-1943,0.00831,0.80208
CVE-2005-1944,0.00042,0.05722
CVE-2005-1945,0.00292,0.65990
CVE-2005-1946,0.00225,0.60826
CVE-2005-1947,0.00319,0.67547
CVE-2005-1948,0.00217,0.59756
CVE-2005-1949,0.02930,0.89837
CVE-2005-1950,0.11332,0.94724
CVE-2005-1951,0.04736,0.91885
CVE-2005-1952,0.00502,0.73942
CVE-2005-1953,0.03808,0.91024
CVE-2005-1954,0.00502,0.73964
CVE-2005-1955,0.00313,0.67181
CVE-2005-1956,0.00350,0.69007
CVE-2005-1957,0.01168,0.83509
CVE-2005-1959,0.02311,0.88642
CVE-2005-1960,0.00387,0.70489
CVE-2005-1961,0.00042,0.05722
CVE-2005-1962,0.00395,0.70818
CVE-2005-1963,0.01003,0.82075
CVE-2005-1964,0.00716,0.78537
CVE-2005-1965,0.05275,0.92316
CVE-2005-1966,0.00387,0.70489
CVE-2005-1967,0.00178,0.55137
CVE-2005-1968,0.00299,0.66369
CVE-2005-1969,0.00239,0.62034
CVE-2005-1970,0.00080,0.33436
CVE-2005-1971,0.00884,0.80799
CVE-2005-1972,0.00185,0.55842
CVE-2005-1973,0.00658,0.77401
CVE-2005-1974,0.01408,0.85111
CVE-2005-1975,0.00587,0.75948
CVE-2005-1976,0.00125,0.47024
CVE-2005-1978,0.75321,0.97904
CVE-2005-1979,0.21649,0.96035
CVE-2005-1980,0.05772,0.92648
CVE-2005-1981,0.00302,0.66524
CVE-2005-1982,0.00292,0.65947
CVE-2005-1983,0.97518,0.99986
CVE-2005-1984,0.84054,0.98233
CVE-2005-1985,0.21559,0.96032
CVE-2005-1987,0.90080,0.98578
CVE-2005-1988,0.94517,0.99076
CVE-2005-1989,0.15370,0.95406
CVE-2005-1990,0.96439,0.99484
CVE-2005-1992,0.03868,0.91081
CVE-2005-1993,0.00063,0.25094
CVE-2005-1994,0.00977,0.81824
CVE-2005-1995,0.00692,0.78129
CVE-2005-1996,0.02118,0.88066
CVE-2005-1997,0.00651,0.77299
CVE-2005-1998,0.01999,0.87674
CVE-2005-1999,0.00528,0.74614
CVE-2005-2000,0.00181,0.55457
CVE-2005-2001,0.00720,0.78620
CVE-2005-2002,0.01200,0.83746
CVE-2005-2003,0.00502,0.73964
CVE-2005-2004,0.00291,0.65927
CVE-2005-2005,0.00502,0.73964
CVE-2005-2006,0.04449,0.91623
CVE-2005-2007,0.00756,0.79150
CVE-2005-2008,0.00619,0.76636
CVE-2005-2009,0.00221,0.60286
CVE-2005-2010,0.00306,0.66768
CVE-2005-2011,0.00195,0.57395
CVE-2005-2012,0.00328,0.67984
CVE-2005-2013,0.00389,0.70545
CVE-2005-2014,0.00174,0.54643
CVE-2005-2017,0.00043,0.07360
CVE-2005-2019,0.00234,0.61535
CVE-2005-2020,0.00297,0.66245
CVE-2005-2021,0.00198,0.57705
CVE-2005-2022,0.00147,0.50606
CVE-2005-2023,0.00519,0.74386
CVE-2005-2024,0.01815,0.86921
CVE-2005-2025,0.00502,0.73966
CVE-2005-2026,0.00601,0.76223
CVE-2005-2027,0.00251,0.63144
CVE-2005-2028,0.00250,0.63014
CVE-2005-2029,0.00421,0.71637
CVE-2005-2030,0.00540,0.74912
CVE-2005-2031,0.00169,0.53861
CVE-2005-2032,0.00044,0.10704
CVE-2005-2033,0.00603,0.76288
CVE-2005-2034,0.00233,0.61453
CVE-2005-2035,0.00117,0.45510
CVE-2005-2036,0.00740,0.78912
CVE-2005-2037,0.00218,0.59796
CVE-2005-2038,0.00264,0.64149
CVE-2005-2039,0.00924,0.81280
CVE-2005-2040,0.02076,0.87939
CVE-2005-2041,0.16070,0.95491
CVE-2005-2042,0.00605,0.76322
CVE-2005-2043,0.00470,0.73052
CVE-2005-2044,0.00930,0.81331
CVE-2005-2045,0.00518,0.74364
CVE-2005-2046,0.00216,0.59669
CVE-2005-2047,0.00192,0.56856
CVE-2005-2048,0.00221,0.60286
CVE-2005-2049,0.00221,0.60286
CVE-2005-2050,0.04155,0.91372
CVE-2005-2051,0.05984,0.92768
CVE-2005-2052,0.42833,0.97014
CVE-2005-2053,0.00556,0.75270
CVE-2005-2054,0.00379,0.70176
CVE-2005-2055,0.02422,0.88902
CVE-2005-2056,0.02149,0.88218
CVE-2005-2057,0.00916,0.81173
CVE-2005-2058,0.00307,0.66844
CVE-2005-2059,0.00646,0.77166
CVE-2005-2060,0.00682,0.77963
CVE-2005-2061,0.00742,0.78938
CVE-2005-2062,0.00399,0.70939
CVE-2005-2063,0.00233,0.61453
CVE-2005-2064,0.02050,0.87853
CVE-2005-2065,0.02050,0.87853
CVE-2005-2066,0.00264,0.64118
CVE-2005-2067,0.00264,0.64118
CVE-2005-2068,0.00264,0.64149
CVE-2005-2069,0.01150,0.83336
CVE-2005-2070,0.01296,0.84452
CVE-2005-2071,0.00042,0.00438
CVE-2005-2072,0.00045,0.12367
CVE-2005-2073,0.00042,0.05722
CVE-2005-2074,0.00286,0.65576
CVE-2005-2075,0.01547,0.85827
CVE-2005-2076,0.00163,0.52994
CVE-2005-2077,0.00253,0.63224
CVE-2005-2078,0.00206,0.58593
CVE-2005-2079,0.08729,0.93965
CVE-2005-2080,0.01233,0.84009
CVE-2005-2081,0.01717,0.86543
CVE-2005-2082,0.00225,0.60825
CVE-2005-2083,0.04404,0.91587
CVE-2005-2084,0.00197,0.57633
CVE-2005-2085,0.05818,0.92672
CVE-2005-2086,0.15236,0.95369
CVE-2005-2087,0.96375,0.99467
CVE-2005-2088,0.97461,0.99955
CVE-2005-2089,0.79188,0.98022
CVE-2005-2090,0.97185,0.99781
CVE-2005-2091,0.36737,0.96806
CVE-2005-2092,0.10052,0.94403
CVE-2005-2093,0.43942,0.97050
CVE-2005-2094,0.34811,0.96736
CVE-2005-2095,0.00564,0.75449
CVE-2005-2096,0.05888,0.92713
CVE-2005-2097,0.00065,0.26796
CVE-2005-2098,0.04514,0.91683
CVE-2005-2099,0.04472,0.91644
CVE-2005-2100,0.00042,0.05722
CVE-2005-2101,0.00098,0.40304
CVE-2005-2102,0.03363,0.90486
CVE-2005-2103,0.20265,0.95941
CVE-2005-2104,0.00042,0.05722
CVE-2005-2105,0.00791,0.79722
CVE-2005-2106,0.03430,0.90578
CVE-2005-2107,0.00350,0.68996
CVE-2005-2108,0.00255,0.63475
CVE-2005-2109,0.00667,0.77661
CVE-2005-2110,0.01038,0.82395
CVE-2005-2111,0.45083,0.97087
CVE-2005-2112,0.00480,0.73346
CVE-2005-2113,0.00303,0.66586
CVE-2005-2114,0.53404,0.97336
CVE-2005-2115,0.01296,0.84452
CVE-2005-2117,0.91326,0.98683
CVE-2005-2118,0.96764,0.99607
CVE-2005-2119,0.95221,0.99192
CVE-2005-2120,0.03043,0.90015
CVE-2005-2122,0.96847,0.99637
CVE-2005-2123,0.46786,0.97144
CVE-2005-2124,0.96495,0.99503
CVE-2005-2126,0.01660,0.86324
CVE-2005-2127,0.52402,0.97309
CVE-2005-2128,0.71486,0.97802
CVE-2005-2132,0.00109,0.43521
CVE-2005-2134,0.00042,0.05722
CVE-2005-2135,0.00156,0.51921
CVE-2005-2136,0.00042,0.05722
CVE-2005-2137,0.00591,0.76043
CVE-2005-2138,0.00217,0.59726
CVE-2005-2139,0.00608,0.76381
CVE-2005-2140,0.02480,0.89028
CVE-2005-2141,0.08023,0.93707
CVE-2005-2142,0.00176,0.54779
CVE-2005-2143,0.00854,0.80475
CVE-2005-2144,0.00042,0.05722
CVE-2005-2145,0.00042,0.05722
CVE-2005-2146,0.00042,0.05722
CVE-2005-2147,0.00363,0.69559
CVE-2005-2148,0.04095,0.91319
CVE-2005-2149,0.01029,0.82281
CVE-2005-2150,0.88296,0.98457
CVE-2005-2151,0.00138,0.49281
CVE-2005-2152,0.00394,0.70763
CVE-2005-2153,0.00306,0.66777
CVE-2005-2154,0.02474,0.89012
CVE-2005-2155,0.01351,0.84778
CVE-2005-2156,0.00156,0.52031
CVE-2005-2157,0.02400,0.88848
CVE-2005-2158,0.00601,0.76223
CVE-2005-2159,0.00313,0.67183
CVE-2005-2160,0.00391,0.70669
CVE-2005-2161,0.00360,0.69404
CVE-2005-2162,0.02986,0.89915
CVE-2005-2163,0.00353,0.69133
CVE-2005-2164,0.00184,0.55784
CVE-2005-2165,0.03378,0.90506
CVE-2005-2166,0.00203,0.58260
CVE-2005-2167,0.00169,0.53947
CVE-2005-2168,0.00259,0.63769
CVE-2005-2169,0.00499,0.73854
CVE-2005-2170,0.02962,0.89885
CVE-2005-2173,0.00101,0.41157
CVE-2005-2174,0.00116,0.45362
CVE-2005-2175,0.88693,0.98479
CVE-2005-2176,0.01834,0.87019
CVE-2005-2177,0.10230,0.94444
CVE-2005-2178,0.05756,0.92639
CVE-2005-2179,0.00667,0.77661
CVE-2005-2180,0.00042,0.05722
CVE-2005-2181,0.00602,0.76239
CVE-2005-2182,0.00677,0.77869
CVE-2005-2183,0.00807,0.79925
CVE-2005-2184,0.00387,0.70489
CVE-2005-2185,0.00660,0.77480
CVE-2005-2186,0.00144,0.50245
CVE-2005-2187,0.00187,0.56075
CVE-2005-2188,0.00962,0.81666
CVE-2005-2189,0.00502,0.73964
CVE-2005-2190,0.00156,0.51919
CVE-2005-2191,0.00285,0.65502
CVE-2005-2192,0.01438,0.85261
CVE-2005-2193,0.00322,0.67701
CVE-2005-2194,0.04688,0.91851
CVE-2005-2195,0.01296,0.84452
CVE-2005-2196,0.00052,0.17666
CVE-2005-2197,0.00278,0.65053
CVE-2005-2198,0.01665,0.86350
CVE-2005-2199,0.02429,0.88920
CVE-2005-2200,0.00628,0.76832
CVE-2005-2201,0.00176,0.54845
CVE-2005-2202,0.00313,0.67166
CVE-2005-2203,0.00449,0.72469
CVE-2005-2204,0.01013,0.82151
CVE-2005-2205,0.09795,0.94301
CVE-2005-2206,0.00192,0.56856
CVE-2005-2207,0.00365,0.69613
CVE-2005-2208,0.03154,0.90170
CVE-2005-2209,0.00042,0.05722
CVE-2005-2210,0.01997,0.87663
CVE-2005-2211,0.00042,0.05722
CVE-2005-2212,0.00240,0.62086
CVE-2005-2213,0.02882,0.89775
CVE-2005-2214,0.00042,0.05722
CVE-2005-2215,0.00242,0.62322
CVE-2005-2216,0.00960,0.81648
CVE-2005-2217,0.00853,0.80470
CVE-2005-2218,0.00070,0.28797
CVE-2005-2219,0.00786,0.79597
CVE-2005-2220,0.00581,0.75810
CVE-2005-2221,0.00156,0.51919
CVE-2005-2222,0.00373,0.69935
CVE-2005-2223,0.12078,0.94889
CVE-2005-2224,0.01063,0.82631
CVE-2005-2225,0.01052,0.82507
CVE-2005-2226,0.00739,0.78896
CVE-2005-2227,0.00042,0.05722
CVE-2005-2228,0.00439,0.72212
CVE-2005-2229,0.02288,0.88584
CVE-2005-2230,0.00042,0.05722
CVE-2005-2231,0.00042,0.05722
CVE-2005-2232,0.00051,0.17341
CVE-2005-2233,0.00042,0.05722
CVE-2005-2234,0.00042,0.05722
CVE-2005-2235,0.00042,0.05722
CVE-2005-2236,0.00076,0.31190
CVE-2005-2237,0.00076,0.31190
CVE-2005-2238,0.00110,0.43951
CVE-2005-2239,0.01019,0.82210
CVE-2005-2240,0.00042,0.05722
CVE-2005-2241,0.00225,0.60814
CVE-2005-2242,0.04090,0.91316
CVE-2005-2243,0.00225,0.60814
CVE-2005-2244,0.01555,0.85867
CVE-2005-2245,0.00482,0.73398
CVE-2005-2246,0.10011,0.94373
CVE-2005-2247,0.00315,0.67247
CVE-2005-2248,0.00415,0.71478
CVE-2005-2249,0.00264,0.64098
CVE-2005-2250,0.15693,0.95442
CVE-2005-2251,0.65688,0.97632
CVE-2005-2252,0.00598,0.76170
CVE-2005-2253,0.00189,0.56455
CVE-2005-2254,0.00202,0.58188
CVE-2005-2255,0.00401,0.71002
CVE-2005-2256,0.01552,0.85853
CVE-2005-2257,0.00826,0.80134
CVE-2005-2258,0.01371,0.84915
CVE-2005-2259,0.02836,0.89703
CVE-2005-2260,0.04947,0.92066
CVE-2005-2261,0.04826,0.91986
CVE-2005-2262,0.57077,0.97419
CVE-2005-2263,0.02460,0.88987
CVE-2005-2264,0.10852,0.94608
CVE-2005-2265,0.96673,0.99571
CVE-2005-2266,0.00923,0.81267
CVE-2005-2267,0.77480,0.97968
CVE-2005-2268,0.00746,0.78997
CVE-2005-2269,0.10431,0.94492
CVE-2005-2270,0.16161,0.95502
CVE-2005-2271,0.00207,0.58672
CVE-2005-2272,0.01524,0.85720
CVE-2005-2273,0.00572,0.75611
CVE-2005-2274,0.05915,0.92735
CVE-2005-2276,0.00770,0.79379
CVE-2005-2277,0.09894,0.94330
CVE-2005-2278,0.93978,0.98988
CVE-2005-2279,0.01834,0.87019
CVE-2005-2280,0.00225,0.60814
CVE-2005-2281,0.00163,0.52970
CVE-2005-2282,0.00173,0.54487
CVE-2005-2283,0.00110,0.43951
CVE-2005-2284,0.00139,0.49424
CVE-2005-2285,0.00378,0.70164
CVE-2005-2286,0.00589,0.76004
CVE-2005-2287,0.97180,0.99777
CVE-2005-2288,0.00286,0.65576
CVE-2005-2289,0.00628,0.76823
CVE-2005-2290,0.19443,0.95872
CVE-2005-2291,0.00085,0.35392
CVE-2005-2292,0.00092,0.38840
CVE-2005-2293,0.00092,0.38840
CVE-2005-2294,0.00092,0.38840
CVE-2005-2295,0.06670,0.93163
CVE-2005-2296,0.00439,0.72212
CVE-2005-2297,0.96622,0.99553
CVE-2005-2298,0.00413,0.71372
CVE-2005-2299,0.01036,0.82362
CVE-2005-2300,0.00042,0.05722
CVE-2005-2301,0.01689,0.86429
CVE-2005-2302,0.00053,0.18460
CVE-2005-2304,0.00397,0.70876
CVE-2005-2305,0.02275,0.88555
CVE-2005-2306,0.00052,0.18252
CVE-2005-2307,0.00089,0.37482
CVE-2005-2308,0.92603,0.98830
CVE-2005-2309,0.00275,0.64871
CVE-2005-2310,0.93960,0.98985
CVE-2005-2311,0.00042,0.05722
CVE-2005-2312,0.00902,0.81019
CVE-2005-2313,0.00044,0.10161
CVE-2005-2314,0.01298,0.84465
CVE-2005-2315,0.02360,0.88750
CVE-2005-2316,0.01364,0.84887
CVE-2005-2317,0.01298,0.84463
CVE-2005-2318,0.00141,0.49777
CVE-2005-2319,0.10424,0.94490
CVE-2005-2320,0.00553,0.75219
CVE-2005-2321,0.02180,0.88293
CVE-2005-2322,0.01816,0.86921
CVE-2005-2323,0.00977,0.81812
CVE-2005-2324,0.00198,0.57705
CVE-2005-2325,0.01008,0.82107
CVE-2005-2326,0.00198,0.57705
CVE-2005-2327,0.00195,0.57395
CVE-2005-2328,0.00417,0.71530
CVE-2005-2329,0.00446,0.72405
CVE-2005-2330,0.01725,0.86577
CVE-2005-2331,0.00608,0.76381
CVE-2005-2332,0.00355,0.69210
CVE-2005-2333,0.00355,0.69210
CVE-2005-2334,0.00387,0.70489
CVE-2005-2335,0.04841,0.91995
CVE-2005-2336,0.00287,0.65629
CVE-2005-2337,0.01593,0.86051
CVE-2005-2338,0.00432,0.71964
CVE-2005-2339,0.00141,0.49731
CVE-2005-2340,0.97001,0.99690
CVE-2005-2341,0.01761,0.86703
CVE-2005-2342,0.14718,0.95297
CVE-2005-2343,0.02997,0.89932
CVE-2005-2344,0.00573,0.75626
CVE-2005-2346,0.03619,0.90793
CVE-2005-2349,0.00255,0.63454
CVE-2005-2350,0.00107,0.43258
CVE-2005-2351,0.00044,0.10161
CVE-2005-2352,0.00235,0.61731
CVE-2005-2353,0.00042,0.05722
CVE-2005-2354,0.00697,0.78207
CVE-2005-2357,0.01196,0.83721
CVE-2005-2358,0.00481,0.73368
CVE-2005-2359,0.01068,0.82681
CVE-2005-2360,0.00970,0.81744
CVE-2005-2361,0.00970,0.81744
CVE-2005-2362,0.01067,0.82666
CVE-2005-2363,0.00970,0.81744
CVE-2005-2364,0.00924,0.81270
CVE-2005-2365,0.00970,0.81744
CVE-2005-2366,0.00970,0.81744
CVE-2005-2367,0.01385,0.84993
CVE-2005-2368,0.00742,0.78937
CVE-2005-2369,0.02621,0.89303
CVE-2005-2370,0.05261,0.92309
CVE-2005-2371,0.93286,0.98907
CVE-2005-2372,0.07708,0.93559
CVE-2005-2373,0.13088,0.95049
CVE-2005-2374,0.01152,0.83368
CVE-2005-2375,0.00319,0.67547
CVE-2005-2376,0.00319,0.67547
CVE-2005-2377,0.01216,0.83880
CVE-2005-2378,0.04541,0.91703
CVE-2005-2379,0.00185,0.55855
CVE-2005-2380,0.00291,0.65927
CVE-2005-2381,0.00502,0.73964
CVE-2005-2382,0.00042,0.05722
CVE-2005-2383,0.00307,0.66835
CVE-2005-2384,0.00345,0.68751
CVE-2005-2385,0.05319,0.92356
CVE-2005-2386,0.00189,0.56486
CVE-2005-2387,0.03699,0.90900
CVE-2005-2388,0.00159,0.52439
CVE-2005-2389,0.00133,0.48439
CVE-2005-2390,0.00421,0.71638
CVE-2005-2391,0.00439,0.72212
CVE-2005-2392,0.00359,0.69367
CVE-2005-2393,0.00193,0.57237
CVE-2005-2394,0.00389,0.70545
CVE-2005-2395,0.00756,0.79174
CVE-2005-2396,0.00414,0.71389
CVE-2005-2397,0.00789,0.79674
CVE-2005-2398,0.00808,0.79930
CVE-2005-2399,0.01168,0.83509
CVE-2005-2400,0.01298,0.84463
CVE-2005-2401,0.00703,0.78284
CVE-2005-2402,0.01105,0.82983
CVE-2005-2403,0.00764,0.79283
CVE-2005-2404,0.00649,0.77225
CVE-2005-2405,0.01704,0.86483
CVE-2005-2406,0.00476,0.73216
CVE-2005-2407,0.00879,0.80752
CVE-2005-2409,0.13270,0.95080
CVE-2005-2410,0.01711,0.86512
CVE-2005-2411,0.03014,0.89951
CVE-2005-2412,0.01068,0.82681
CVE-2005-2413,0.01613,0.86149
CVE-2005-2414,0.05696,0.92612
CVE-2005-2415,0.02053,0.87862
CVE-2005-2416,0.01045,0.82446
CVE-2005-2417,0.00881,0.80768
CVE-2005-2419,0.01129,0.83180
CVE-2005-2420,0.09894,0.94330
CVE-2005-2421,0.00221,0.60228
CVE-2005-2422,0.00259,0.63733
CVE-2005-2423,0.00628,0.76823
CVE-2005-2424,0.03257,0.90331
CVE-2005-2425,0.02076,0.87939
CVE-2005-2426,0.00650,0.77264
CVE-2005-2427,0.00477,0.73280
CVE-2005-2428,0.01188,0.83655
CVE-2005-2429,0.00312,0.67093
CVE-2005-2430,0.01202,0.83768
CVE-2005-2431,0.00272,0.64682
CVE-2005-2432,0.05711,0.92621
CVE-2005-2433,0.01029,0.82282
CVE-2005-2434,0.01038,0.82395
CVE-2005-2435,0.00677,0.77866
CVE-2005-2436,0.00977,0.81824
CVE-2005-2437,0.01068,0.82681
CVE-2005-2438,0.00479,0.73338
CVE-2005-2439,0.00649,0.77225
CVE-2005-2440,0.00649,0.77225
CVE-2005-2441,0.00649,0.77249
CVE-2005-2442,0.03053,0.90027
CVE-2005-2443,0.00628,0.76823
CVE-2005-2444,0.00042,0.05722
CVE-2005-2445,0.00918,0.81200
CVE-2005-2448,0.08587,0.93915
CVE-2005-2449,0.00042,0.05722
CVE-2005-2450,0.32713,0.96641
CVE-2005-2451,0.13257,0.95078
CVE-2005-2452,0.06610,0.93134
CVE-2005-2453,0.00484,0.73477
CVE-2005-2454,0.00043,0.05916
CVE-2005-2455,0.00642,0.77093
CVE-2005-2456,0.00092,0.38705
CVE-2005-2457,0.08554,0.93881
CVE-2005-2458,0.16117,0.95496
CVE-2005-2459,0.08434,0.93841
CVE-2005-2460,0.00946,0.81494
CVE-2005-2461,0.01135,0.83235
CVE-2005-2462,0.00131,0.47968
CVE-2005-2463,0.00661,0.77502
CVE-2005-2464,0.00475,0.73185
CVE-2005-2465,0.00259,0.63733
CVE-2005-2466,0.00637,0.76969
CVE-2005-2467,0.01499,0.85565
CVE-2005-2468,0.00946,0.81502
CVE-2005-2469,0.00080,0.33489
CVE-2005-2470,0.01913,0.87367
CVE-2005-2471,0.02054,0.87863
CVE-2005-2472,0.04577,0.91734
CVE-2005-2473,0.00681,0.77933
CVE-2005-2474,0.01029,0.82282
CVE-2005-2475,0.00064,0.26266
CVE-2005-2476,0.00532,0.74706
CVE-2005-2477,0.00795,0.79769
CVE-2005-2478,0.01066,0.82660
CVE-2005-2479,0.20469,0.95956
CVE-2005-2480,0.00268,0.64405
CVE-2005-2481,0.00439,0.72212
CVE-2005-2482,0.00381,0.70268
CVE-2005-2483,0.12043,0.94878
CVE-2005-2484,0.00999,0.82039
CVE-2005-2485,0.00307,0.66812
CVE-2005-2486,0.00227,0.61036
CVE-2005-2487,0.00059,0.22933
CVE-2005-2488,0.00886,0.80838
CVE-2005-2489,0.02430,0.88923
CVE-2005-2490,0.00065,0.26861
CVE-2005-2491,0.02345,0.88712
CVE-2005-2492,0.00056,0.21179
CVE-2005-2494,0.00062,0.24569
CVE-2005-2495,0.02472,0.89009
CVE-2005-2496,0.00070,0.28797
CVE-2005-2498,0.01058,0.82565
CVE-2005-2499,0.00060,0.23520
CVE-2005-2500,0.07869,0.93645
CVE-2005-2501,0.00352,0.69081
CVE-2005-2502,0.00485,0.73518
CVE-2005-2503,0.00174,0.54602
CVE-2005-2504,0.00044,0.10161
CVE-2005-2505,0.00854,0.80481
CVE-2005-2506,0.00280,0.65141
CVE-2005-2507,0.02792,0.89629
CVE-2005-2508,0.00042,0.00438
CVE-2005-2509,0.00052,0.17666
CVE-2005-2510,0.00052,0.18252
CVE-2005-2511,0.00224,0.60730
CVE-2005-2512,0.00044,0.10161
CVE-2005-2513,0.00262,0.63939
CVE-2005-2514,0.00042,0.05722
CVE-2005-2515,0.00042,0.05722
CVE-2005-2516,0.00658,0.77408
CVE-2005-2517,0.00072,0.29495
CVE-2005-2518,0.04377,0.91565
CVE-2005-2519,0.00042,0.05722
CVE-2005-2520,0.00048,0.14340
CVE-2005-2521,0.00042,0.05722
CVE-2005-2522,0.01954,0.87512
CVE-2005-2523,0.00237,0.61871
CVE-2005-2524,0.01086,0.82827
CVE-2005-2525,0.01118,0.83077
CVE-2005-2526,0.01118,0.83077
CVE-2005-2527,0.00044,0.10704
CVE-2005-2529,0.00579,0.75776
CVE-2005-2530,0.01219,0.83903
CVE-2005-2531,0.03363,0.90486
CVE-2005-2532,0.02149,0.88215
CVE-2005-2533,0.00272,0.64675
CVE-2005-2534,0.02149,0.88215
CVE-2005-2535,0.15439,0.95413
CVE-2005-2536,0.01552,0.85851
CVE-2005-2537,0.00427,0.71800
CVE-2005-2538,0.00427,0.71800
CVE-2005-2539,0.01215,0.83860
CVE-2005-2540,0.02401,0.88849
CVE-2005-2541,0.00634,0.76927
CVE-2005-2542,0.01371,0.84915
CVE-2005-2543,0.02900,0.89803
CVE-2005-2544,0.01068,0.82681
CVE-2005-2545,0.01879,0.87213
CVE-2005-2546,0.00439,0.72212
CVE-2005-2547,0.01490,0.85513
CVE-2005-2548,0.08731,0.93965
CVE-2005-2549,0.08327,0.93805
CVE-2005-2550,0.10991,0.94638
CVE-2005-2551,0.96674,0.99572
CVE-2005-2552,0.00581,0.75803
CVE-2005-2553,0.00125,0.47026
CVE-2005-2554,0.00042,0.05722
CVE-2005-2555,0.00084,0.34956
CVE-2005-2556,0.00742,0.78936
CVE-2005-2557,0.00508,0.74106
CVE-2005-2558,0.96765,0.99608
CVE-2005-2559,0.02029,0.87771
CVE-2005-2560,0.00313,0.67181
CVE-2005-2561,0.00221,0.60228
CVE-2005-2562,0.00242,0.62328
CVE-2005-2563,0.00312,0.67111
CVE-2005-2564,0.03557,0.90716
CVE-2005-2565,0.00502,0.73964
CVE-2005-2566,0.00153,0.51614
CVE-2005-2567,0.01216,0.83868
CVE-2005-2568,0.00889,0.80874
CVE-2005-2569,0.00277,0.64981
CVE-2005-2570,0.00502,0.73964
CVE-2005-2571,0.00335,0.68333
CVE-2005-2572,0.02023,0.87754
CVE-2005-2573,0.00585,0.75894
CVE-2005-2574,0.00703,0.78284
CVE-2005-2575,0.00322,0.67701
CVE-2005-2576,0.00391,0.70667
CVE-2005-2577,0.05717,0.92624
CVE-2005-2579,0.00042,0.05722
CVE-2005-2580,0.86680,0.98369
CVE-2005-2581,0.07744,0.93576
CVE-2005-2582,0.00042,0.05722
CVE-2005-2583,0.00251,0.63123
CVE-2005-2584,0.00042,0.05722
CVE-2005-2585,0.00327,0.67918
CVE-2005-2586,0.00042,0.05722
CVE-2005-2587,0.11099,0.94665
CVE-2005-2588,0.00575,0.75686
CVE-2005-2589,0.00564,0.75443
CVE-2005-2590,0.00679,0.77903
CVE-2005-2591,0.00977,0.81824
CVE-2005-2592,0.00617,0.76594
CVE-2005-2593,0.00537,0.74841
CVE-2005-2594,0.00905,0.81058
CVE-2005-2595,0.00259,0.63733
CVE-2005-2596,0.00070,0.28797
CVE-2005-2597,0.00042,0.05722
CVE-2005-2598,0.00447,0.72426
CVE-2005-2599,0.00537,0.74841
CVE-2005-2600,0.01286,0.84393
CVE-2005-2601,0.00269,0.64496
CVE-2005-2602,0.00374,0.69977
CVE-2005-2603,0.00819,0.80044
CVE-2005-2604,0.02006,0.87708
CVE-2005-2605,0.00204,0.58416
CVE-2005-2606,0.00409,0.71242
CVE-2005-2607,0.00886,0.80841
CVE-2005-2608,0.00169,0.53879
CVE-2005-2609,0.00466,0.72933
CVE-2005-2610,0.00355,0.69210
CVE-2005-2611,0.97329,0.99871
CVE-2005-2612,0.12657,0.94980
CVE-2005-2613,0.00408,0.71227
CVE-2005-2614,0.14905,0.95325
CVE-2005-2615,0.00432,0.71949
CVE-2005-2616,0.22084,0.96063
CVE-2005-2617,0.00042,0.05722
CVE-2005-2618,0.94991,0.99148
CVE-2005-2619,0.02869,0.89755
CVE-2005-2620,0.01026,0.82253
CVE-2005-2621,0.00376,0.70037
CVE-2005-2622,0.00259,0.63733
CVE-2005-2623,0.00703,0.78284
CVE-2005-2624,0.00219,0.59901
CVE-2005-2625,0.00460,0.72783
CVE-2005-2626,0.02811,0.89661
CVE-2005-2627,0.13904,0.95176
CVE-2005-2628,0.94578,0.99083
CVE-2005-2629,0.16739,0.95566
CVE-2005-2630,0.45806,0.97109
CVE-2005-2631,0.00772,0.79406
CVE-2005-2632,0.00327,0.67911
CVE-2005-2633,0.06011,0.92782
CVE-2005-2634,0.15035,0.95344
CVE-2005-2635,0.00926,0.81296
CVE-2005-2636,0.00649,0.77225
CVE-2005-2637,0.00227,0.61036
CVE-2005-2638,0.00315,0.67286
CVE-2005-2639,0.19726,0.95895
CVE-2005-2640,0.03067,0.90048
CVE-2005-2641,0.02121,0.88075
CVE-2005-2642,0.23383,0.96153
CVE-2005-2643,0.00384,0.70400
CVE-2005-2644,0.02399,0.88844
CVE-2005-2645,0.00868,0.80620
CVE-2005-2646,0.00355,0.69179
CVE-2005-2647,0.00317,0.67446
CVE-2005-2648,0.02636,0.89335
CVE-2005-2649,0.00368,0.69763
CVE-2005-2650,0.00624,0.76759
CVE-2005-2651,0.19250,0.95848
CVE-2005-2652,0.01542,0.85807
CVE-2005-2653,0.01036,0.82362
CVE-2005-2654,0.00983,0.81865
CVE-2005-2655,0.00072,0.29719
CVE-2005-2656,0.00042,0.05722
CVE-2005-2657,0.00042,0.05722
CVE-2005-2658,0.00608,0.76384
CVE-2005-2659,0.00583,0.75867
CVE-2005-2660,0.00042,0.05722
CVE-2005-2661,0.01902,0.87323
CVE-2005-2662,0.01897,0.87298
CVE-2005-2663,0.00042,0.05722
CVE-2005-2664,0.00042,0.05722
CVE-2005-2665,0.71473,0.97801
CVE-2005-2666,0.00071,0.29383
CVE-2005-2667,0.01389,0.85011
CVE-2005-2668,0.95173,0.99182
CVE-2005-2669,0.02344,0.88711
CVE-2005-2670,0.00431,0.71911
CVE-2005-2672,0.00044,0.08000
CVE-2005-2673,0.00206,0.58613
CVE-2005-2674,0.00328,0.67960
CVE-2005-2675,0.00227,0.61036
CVE-2005-2676,0.00242,0.62322
CVE-2005-2677,0.00417,0.71507
CVE-2005-2678,0.16116,0.95495
CVE-2005-2679,0.00095,0.39560
CVE-2005-2680,0.00153,0.51624
CVE-2005-2681,0.00042,0.05722
CVE-2005-2682,0.00723,0.78665
CVE-2005-2683,0.00227,0.61036
CVE-2005-2684,0.03220,0.90266
CVE-2005-2685,0.00656,0.77372
CVE-2005-2686,0.00573,0.75622
CVE-2005-2687,0.02475,0.89016
CVE-2005-2688,0.00217,0.59726
CVE-2005-2689,0.00223,0.60683
CVE-2005-2690,0.00413,0.71368
CVE-2005-2691,0.01384,0.84982
CVE-2005-2692,0.00189,0.56455
CVE-2005-2693,0.00047,0.13916
CVE-2005-2694,0.02748,0.89558
CVE-2005-2695,0.00602,0.76239
CVE-2005-2696,0.00297,0.66254
CVE-2005-2697,0.00360,0.69434
CVE-2005-2698,0.00169,0.53879
CVE-2005-2699,0.00167,0.53525
CVE-2005-2700,0.00214,0.59456
CVE-2005-2701,0.94146,0.99011
CVE-2005-2702,0.92986,0.98867
CVE-2005-2703,0.01751,0.86670
CVE-2005-2704,0.03915,0.91139
CVE-2005-2705,0.94809,0.99118
CVE-2005-2706,0.95449,0.99244
CVE-2005-2707,0.00550,0.75139
CVE-2005-2708,0.00060,0.23520
CVE-2005-2709,0.00042,0.00438
CVE-2005-2710,0.96851,0.99640
CVE-2005-2711,0.00060,0.23520
CVE-2005-2712,0.03196,0.90233
CVE-2005-2713,0.00043,0.07331
CVE-2005-2714,0.00043,0.07322
CVE-2005-2715,0.95592,0.99275
CVE-2005-2716,0.07118,0.93370
CVE-2005-2717,0.03093,0.90087
CVE-2005-2718,0.05712,0.92622
CVE-2005-2719,0.09453,0.94206
CVE-2005-2720,0.08559,0.93883
CVE-2005-2721,0.00315,0.67286
CVE-2005-2722,0.00439,0.72212
CVE-2005-2723,0.00599,0.76184
CVE-2005-2724,0.00690,0.78082
CVE-2005-2725,0.00042,0.00438
CVE-2005-2726,0.00681,0.77953
CVE-2005-2727,0.00692,0.78129
CVE-2005-2728,0.93963,0.98985
CVE-2005-2729,0.04815,0.91980
CVE-2005-2730,0.00502,0.73964
CVE-2005-2731,0.00176,0.54779
CVE-2005-2732,0.00227,0.61042
CVE-2005-2733,0.91676,0.98713
CVE-2005-2734,0.00487,0.73537
CVE-2005-2735,0.00414,0.71389
CVE-2005-2736,0.00831,0.80202
CVE-2005-2737,0.00831,0.80202
CVE-2005-2738,0.00445,0.72372
CVE-2005-2739,0.00208,0.58814
CVE-2005-2741,0.00042,0.05722
CVE-2005-2742,0.00179,0.55167
CVE-2005-2743,0.01789,0.86807
CVE-2005-2744,0.02931,0.89839
CVE-2005-2745,0.00671,0.77728
CVE-2005-2746,0.00347,0.68838
CVE-2005-2747,0.05563,0.92530
CVE-2005-2748,0.00046,0.12647
CVE-2005-2749,0.00071,0.29224
CVE-2005-2750,0.00071,0.29224
CVE-2005-2751,0.00071,0.29224
CVE-2005-2752,0.00071,0.29224
CVE-2005-2753,0.01906,0.87336
CVE-2005-2754,0.01906,0.87336
CVE-2005-2755,0.00580,0.75796
CVE-2005-2756,0.15622,0.95433
CVE-2005-2757,0.06571,0.93097
CVE-2005-2758,0.01952,0.87504
CVE-2005-2761,0.00179,0.55243
CVE-2005-2762,0.00044,0.10161
CVE-2005-2763,0.02004,0.87705
CVE-2005-2764,0.00343,0.68663
CVE-2005-2765,0.00066,0.27286
CVE-2005-2766,0.00045,0.11828
CVE-2005-2767,0.26213,0.96318
CVE-2005-2768,0.16633,0.95554
CVE-2005-2769,0.01641,0.86266
CVE-2005-2770,0.01166,0.83475
CVE-2005-2771,0.00806,0.79909
CVE-2005-2772,0.01701,0.86472
CVE-2005-2773,0.96609,0.99551
CVE-2005-2774,0.02564,0.89176
CVE-2005-2775,0.03909,0.91134
CVE-2005-2776,0.01036,0.82362
CVE-2005-2777,0.08816,0.93986
CVE-2005-2778,0.00168,0.53586
CVE-2005-2779,0.00210,0.59022
CVE-2005-2780,0.00169,0.53879
CVE-2005-2781,0.02234,0.88443
CVE-2005-2782,0.05473,0.92479
CVE-2005-2783,0.00265,0.64199
CVE-2005-2784,0.00242,0.62313
CVE-2005-2785,0.00042,0.05722
CVE-2005-2786,0.00230,0.61256
CVE-2005-2787,0.01243,0.84079
CVE-2005-2788,0.00227,0.61036
CVE-2005-2789,0.00802,0.79852
CVE-2005-2790,0.00802,0.79852
CVE-2005-2791,0.05255,0.92304
CVE-2005-2792,0.00604,0.76306
CVE-2005-2793,0.00701,0.78261
CVE-2005-2794,0.19192,0.95844
CVE-2005-2796,0.15477,0.95419
CVE-2005-2797,0.00932,0.81352
CVE-2005-2798,0.01362,0.84862
CVE-2005-2799,0.77113,0.97957
CVE-2005-2800,0.00056,0.20766
CVE-2005-2801,0.01296,0.84452
CVE-2005-2803,0.00287,0.65629
CVE-2005-2804,0.03315,0.90414
CVE-2005-2805,0.00703,0.78284
CVE-2005-2806,0.02081,0.87954
CVE-2005-2807,0.00042,0.00438
CVE-2005-2808,0.00502,0.73952
CVE-2005-2809,0.00042,0.05722
CVE-2005-2810,0.00042,0.05722
CVE-2005-2811,0.00042,0.05722
CVE-2005-2812,0.47941,0.97177
CVE-2005-2813,0.01949,0.87490
CVE-2005-2814,0.00289,0.65744
CVE-2005-2815,0.00690,0.78076
CVE-2005-2816,0.00141,0.49731
CVE-2005-2817,0.00962,0.81670
CVE-2005-2818,0.00266,0.64294
CVE-2005-2819,0.00934,0.81379
CVE-2005-2820,0.00614,0.76528
CVE-2005-2827,0.00073,0.30185
CVE-2005-2829,0.96480,0.99497
CVE-2005-2830,0.96506,0.99508
CVE-2005-2831,0.96719,0.99588
CVE-2005-2836,0.00323,0.67711
CVE-2005-2837,0.00403,0.71062
CVE-2005-2838,0.01825,0.86965
CVE-2005-2839,0.00141,0.49780
CVE-2005-2840,0.00220,0.59981
CVE-2005-2841,0.92751,0.98847
CVE-2005-2842,0.86159,0.98341
CVE-2005-2843,0.00617,0.76594
CVE-2005-2844,0.11876,0.94850
CVE-2005-2845,0.00628,0.76823
CVE-2005-2846,0.07053,0.93342
CVE-2005-2847,0.97031,0.99703
CVE-2005-2848,0.46792,0.97144
CVE-2005-2849,0.00339,0.68494
CVE-2005-2850,0.04999,0.92104
CVE-2005-2851,0.00042,0.05722
CVE-2005-2852,0.03368,0.90494
CVE-2005-2853,0.00242,0.62322
CVE-2005-2854,0.00271,0.64586
CVE-2005-2855,0.06456,0.93038
CVE-2005-2856,0.02186,0.88304
CVE-2005-2857,0.08411,0.93836
CVE-2005-2858,0.00460,0.72792
CVE-2005-2859,0.00042,0.05722
CVE-2005-2860,0.00554,0.75240
CVE-2005-2861,0.00407,0.71191
CVE-2005-2862,0.00845,0.80369
CVE-2005-2863,0.00259,0.63733
CVE-2005-2864,0.00042,0.05722
CVE-2005-2865,0.00630,0.76867
CVE-2005-2866,0.00042,0.00438
CVE-2005-2867,0.00184,0.55784
CVE-2005-2868,0.00042,0.00438
CVE-2005-2869,0.62448,0.97565
CVE-2005-2870,0.04972,0.92085
CVE-2005-2871,0.96417,0.99479
CVE-2005-2872,0.16743,0.95567
CVE-2005-2873,0.00070,0.28797
CVE-2005-2874,0.11916,0.94854
CVE-2005-2875,0.02567,0.89183
CVE-2005-2876,0.00091,0.38429
CVE-2005-2877,0.96821,0.99627
CVE-2005-2878,0.89642,0.98554
CVE-2005-2879,0.00042,0.05722
CVE-2005-2880,0.00599,0.76184
CVE-2005-2881,0.01271,0.84267
CVE-2005-2882,0.01192,0.83688
CVE-2005-2884,0.00355,0.69210
CVE-2005-2885,0.01317,0.84578
CVE-2005-2886,0.01192,0.83688
CVE-2005-2887,0.00675,0.77782
CVE-2005-2888,0.00218,0.59796
CVE-2005-2889,0.00586,0.75908
CVE-2005-2890,0.00042,0.05722
CVE-2005-2891,0.04723,0.91874
CVE-2005-2892,0.02178,0.88284
CVE-2005-2893,0.01396,0.85054
CVE-2005-2894,0.00259,0.63733
CVE-2005-2895,0.00489,0.73606
CVE-2005-2896,0.00227,0.61036
CVE-2005-2897,0.00502,0.73964
CVE-2005-2898,0.00042,0.00438
CVE-2005-2899,0.00141,0.49731
CVE-2005-2900,0.00141,0.49731
CVE-2005-2901,0.00141,0.49731
CVE-2005-2902,0.00223,0.60629
CVE-2005-2903,0.08595,0.93916
CVE-2005-2904,0.02958,0.89878
CVE-2005-2912,0.00272,0.64682
CVE-2005-2914,0.00670,0.77706
CVE-2005-2915,0.00147,0.50609
CVE-2005-2916,0.00340,0.68529
CVE-2005-2917,0.95988,0.99359
CVE-2005-2918,0.00110,0.44040
CVE-2005-2919,0.17139,0.95628
CVE-2005-2920,0.33132,0.96656
CVE-2005-2922,0.02392,0.88827
CVE-2005-2923,0.69406,0.97728
CVE-2005-2925,0.00042,0.00438
CVE-2005-2926,0.00060,0.23520
CVE-2005-2927,0.00060,0.23520
CVE-2005-2929,0.01788,0.86806
CVE-2005-2930,0.00997,0.82027
CVE-2005-2931,0.90404,0.98599
CVE-2005-2932,0.00042,0.05722
CVE-2005-2933,0.38126,0.96864
CVE-2005-2934,0.00042,0.00438
CVE-2005-2935,0.00068,0.28038
CVE-2005-2936,0.00176,0.54774
CVE-2005-2938,0.00042,0.05722
CVE-2005-2939,0.00042,0.05722
CVE-2005-2940,0.00044,0.08021
CVE-2005-2943,0.39866,0.96924
CVE-2005-2944,0.00042,0.05722
CVE-2005-2945,0.00042,0.05722
CVE-2005-2946,0.00425,0.71760
CVE-2005-2947,0.00475,0.73207
CVE-2005-2948,0.00042,0.05722
CVE-2005-2949,0.00454,0.72630
CVE-2005-2950,0.01195,0.83715
CVE-2005-2951,0.05618,0.92573
CVE-2005-2952,0.02172,0.88266
CVE-2005-2953,0.00315,0.67286
CVE-2005-2954,0.01451,0.85341
CVE-2005-2955,0.00046,0.12695
CVE-2005-2956,0.02147,0.88193
CVE-2005-2957,0.05984,0.92768
CVE-2005-2958,0.01769,0.86727
CVE-2005-2959,0.00043,0.07322
CVE-2005-2960,0.00044,0.08000
CVE-2005-2961,0.01009,0.82118
CVE-2005-2962,0.00042,0.05722
CVE-2005-2963,0.01298,0.84463
CVE-2005-2964,0.02128,0.88112
CVE-2005-2966,0.03718,0.90917
CVE-2005-2967,0.01477,0.85453
CVE-2005-2968,0.96155,0.99396
CVE-2005-2969,0.01259,0.84200
CVE-2005-2970,0.00794,0.79760
CVE-2005-2971,0.16792,0.95572
CVE-2005-2972,0.02749,0.89559
CVE-2005-2973,0.00046,0.12532
CVE-2005-2974,0.03345,0.90458
CVE-2005-2975,0.00873,0.80672
CVE-2005-2976,0.01269,0.84258
CVE-2005-2977,0.00042,0.05722
CVE-2005-2978,0.03343,0.90451
CVE-2005-2979,0.00572,0.75605
CVE-2005-2980,0.00789,0.79674
CVE-2005-2981,0.00131,0.47948
CVE-2005-2982,0.00141,0.49731
CVE-2005-2983,0.00134,0.48574
CVE-2005-2984,0.00384,0.70386
CVE-2005-2985,0.00227,0.61036
CVE-2005-2986,0.01573,0.85970
CVE-2005-2987,0.01381,0.84973
CVE-2005-2988,0.00412,0.71335
CVE-2005-2989,0.00227,0.61036
CVE-2005-2990,0.00058,0.22612
CVE-2005-2991,0.00042,0.05722
CVE-2005-2992,0.00042,0.05722
CVE-2005-2993,0.00367,0.69722
CVE-2005-2994,0.00416,0.71498
CVE-2005-2995,0.00042,0.05722
CVE-2005-2996,0.02312,0.88644
CVE-2005-2997,0.00314,0.67210
CVE-2005-2998,0.01214,0.83851
CVE-2005-2999,0.00502,0.73964
CVE-2005-3000,0.00193,0.57237
CVE-2005-3001,0.00044,0.10704
CVE-2005-3002,0.01341,0.84706
CVE-2005-3003,0.00154,0.51739
CVE-2005-3004,0.11099,0.94665
CVE-2005-3005,0.01865,0.87143
CVE-2005-3006,0.01557,0.85877
CVE-2005-3007,0.06013,0.92784
CVE-2005-3008,0.01168,0.83509
CVE-2005-3009,0.00259,0.63733
CVE-2005-3010,0.02946,0.89859
CVE-2005-3011,0.00064,0.26351
CVE-2005-3012,0.00042,0.05722
CVE-2005-3013,0.00042,0.05722
CVE-2005-3014,0.00259,0.63733
CVE-2005-3015,0.01736,0.86623
CVE-2005-3016,0.00315,0.67247
CVE-2005-3017,0.00175,0.54703
CVE-2005-3018,0.03862,0.91075
CVE-2005-3019,0.00631,0.76876
CVE-2005-3020,0.01083,0.82817
CVE-2005-3021,0.00217,0.59780
CVE-2005-3022,0.00191,0.56750
CVE-2005-3023,0.00217,0.59726
CVE-2005-3024,0.00191,0.56750
CVE-2005-3025,0.00217,0.59726
CVE-2005-3026,0.02629,0.89324
CVE-2005-3027,0.10545,0.94521
CVE-2005-3029,0.05984,0.92768
CVE-2005-3030,0.00431,0.71911
CVE-2005-3031,0.02031,0.87780
CVE-2005-3032,0.01829,0.86982
CVE-2005-3033,0.01313,0.84556
CVE-2005-3034,0.01171,0.83529
CVE-2005-3035,0.01960,0.87529
CVE-2005-3036,0.00042,0.05722
CVE-2005-3037,0.00614,0.76534
CVE-2005-3038,0.00591,0.76043
CVE-2005-3039,0.00269,0.64496
CVE-2005-3040,0.01146,0.83307
CVE-2005-3041,0.00203,0.58276
CVE-2005-3042,0.02507,0.89072
CVE-2005-3043,0.00450,0.72498
CVE-2005-3044,0.00130,0.47865
CVE-2005-3045,0.00255,0.63475
CVE-2005-3046,0.00143,0.50083
CVE-2005-3047,0.00202,0.58188
CVE-2005-3048,0.01340,0.84702
CVE-2005-3049,0.00881,0.80768
CVE-2005-3050,0.00460,0.72792
CVE-2005-3051,0.17819,0.95710
CVE-2005-3052,0.00451,0.72542
CVE-2005-3053,0.00121,0.46331
CVE-2005-3054,0.00078,0.32741
CVE-2005-3055,0.00162,0.52800
CVE-2005-3056,0.00588,0.75982
CVE-2005-3057,0.03822,0.91041
CVE-2005-3058,0.05396,0.92416
CVE-2005-3059,0.00405,0.71123
CVE-2005-3060,0.00043,0.05916
CVE-2005-3061,0.08559,0.93883
CVE-2005-3062,0.00954,0.81589
CVE-2005-3063,0.00480,0.73363
CVE-2005-3064,0.05241,0.92292
CVE-2005-3065,0.01202,0.83763
CVE-2005-3066,0.00704,0.78317
CVE-2005-3067,0.00591,0.76059
CVE-2005-3068,0.00894,0.80932
CVE-2005-3069,0.00042,0.05722
CVE-2005-3070,0.00042,0.05722
CVE-2005-3071,0.00044,0.10704
CVE-2005-3072,0.00649,0.77225
CVE-2005-3073,0.00642,0.77102
CVE-2005-3074,0.00184,0.55784
CVE-2005-3075,0.00184,0.55784
CVE-2005-3076,0.01168,0.83509
CVE-2005-3077,0.02878,0.89771
CVE-2005-3078,0.00169,0.53879
CVE-2005-3079,0.00140,0.49521
CVE-2005-3080,0.00357,0.69299
CVE-2005-3081,0.69130,0.97719
CVE-2005-3082,0.00918,0.81200
CVE-2005-3083,0.02486,0.89037
CVE-2005-3084,0.00248,0.62823
CVE-2005-3085,0.00175,0.54703
CVE-2005-3086,0.00390,0.70645
CVE-2005-3087,0.00286,0.65585
CVE-2005-3088,0.00061,0.23768
CVE-2005-3089,0.09372,0.94176
CVE-2005-3090,0.00141,0.49731
CVE-2005-3091,0.00442,0.72291
CVE-2005-3092,0.05319,0.92356
CVE-2005-3093,0.00140,0.49707
CVE-2005-3094,0.13207,0.95068
CVE-2005-3095,0.01552,0.85851
CVE-2005-3096,0.01552,0.85851
CVE-2005-3097,0.00226,0.60917
CVE-2005-3098,0.00042,0.00438
CVE-2005-3099,0.00063,0.25302
CVE-2005-3100,0.00415,0.71475
CVE-2005-3101,0.00628,0.76823
CVE-2005-3102,0.00117,0.45485
CVE-2005-3103,0.00169,0.53879
CVE-2005-3104,0.00104,0.42318
CVE-2005-3105,0.00060,0.23520
CVE-2005-3106,0.00043,0.07416
CVE-2005-3107,0.00121,0.46331
CVE-2005-3108,0.00060,0.23520
CVE-2005-3109,0.00070,0.28797
CVE-2005-3110,0.01978,0.87594
CVE-2005-3111,0.00042,0.05722
CVE-2005-3112,0.00058,0.22612
CVE-2005-3113,0.01573,0.85970
CVE-2005-3114,0.06634,0.93145
CVE-2005-3115,0.00042,0.05722
CVE-2005-3116,0.95464,0.99247
CVE-2005-3118,0.00575,0.75680
CVE-2005-3119,0.00042,0.05722
CVE-2005-3120,0.04357,0.91547
CVE-2005-3121,0.00042,0.05722
CVE-2005-3123,0.00695,0.78170
CVE-2005-3124,0.00042,0.05722
CVE-2005-3126,0.00042,0.05722
CVE-2005-3127,0.00315,0.67286
CVE-2005-3128,0.00915,0.81158
CVE-2005-3129,0.00949,0.81523
CVE-2005-3130,0.00307,0.66835
CVE-2005-3131,0.00315,0.67286
CVE-2005-3132,0.00628,0.76823
CVE-2005-3133,0.02445,0.88954
CVE-2005-3134,0.00919,0.81212
CVE-2005-3135,0.17915,0.95716
CVE-2005-3136,0.05439,0.92450
CVE-2005-3137,0.00044,0.08000
CVE-2005-3138,0.01556,0.85873
CVE-2005-3139,0.00782,0.79547
CVE-2005-3140,0.00230,0.61210
CVE-2005-3141,0.01834,0.87019
CVE-2005-3142,0.17484,0.95668
CVE-2005-3143,0.00330,0.68103
CVE-2005-3144,0.00952,0.81563
CVE-2005-3145,0.00307,0.66800
CVE-2005-3146,0.00042,0.05722
CVE-2005-3147,0.00042,0.05722
CVE-2005-3148,0.00070,0.28797
CVE-2005-3149,0.00060,0.23520
CVE-2005-3150,0.00932,0.81352
CVE-2005-3151,0.00162,0.52808
CVE-2005-3152,0.00899,0.80996
CVE-2005-3153,0.00376,0.70039
CVE-2005-3154,0.12507,0.94951
CVE-2005-3155,0.77903,0.97983
CVE-2005-3156,0.00282,0.65348
CVE-2005-3157,0.00255,0.63475
CVE-2005-3158,0.00189,0.56455
CVE-2005-3159,0.00255,0.63475
CVE-2005-3160,0.00153,0.51614
CVE-2005-3161,0.00725,0.78689
CVE-2005-3163,0.00240,0.62086
CVE-2005-3164,0.00903,0.81036
CVE-2005-3165,0.00220,0.60209
CVE-2005-3166,0.01216,0.83880
CVE-2005-3167,0.00286,0.65576
CVE-2005-3168,0.07515,0.93505
CVE-2005-3169,0.00829,0.80178
CVE-2005-3170,0.04409,0.91596
CVE-2005-3171,0.00046,0.13867
CVE-2005-3172,0.00907,0.81074
CVE-2005-3173,0.00044,0.07742
CVE-2005-3174,0.00046,0.13867
CVE-2005-3175,0.00046,0.13867
CVE-2005-3176,0.10324,0.94461
CVE-2005-3177,0.00055,0.20637
CVE-2005-3178,0.02926,0.89834
CVE-2005-3179,0.00042,0.05722
CVE-2005-3180,0.01781,0.86771
CVE-2005-3181,0.00072,0.29900
CVE-2005-3182,0.16069,0.95491
CVE-2005-3183,0.00328,0.67978
CVE-2005-3184,0.08265,0.93791
CVE-2005-3185,0.02279,0.88570
CVE-2005-3186,0.02128,0.88112
CVE-2005-3187,0.06831,0.93242
CVE-2005-3188,0.19942,0.95916
CVE-2005-3189,0.75532,0.97911
CVE-2005-3190,0.61685,0.97549
CVE-2005-3191,0.00608,0.76377
CVE-2005-3192,0.18405,0.95756
CVE-2005-3193,0.00672,0.77741
CVE-2005-3194,0.03921,0.91144
CVE-2005-3196,0.00174,0.54602
CVE-2005-3197,0.00060,0.23520
CVE-2005-3198,0.00060,0.23520
CVE-2005-3199,0.00753,0.79097
CVE-2005-3200,0.01206,0.83796
CVE-2005-3201,0.01302,0.84489
CVE-2005-3202,0.07922,0.93664
CVE-2005-3203,0.00090,0.37976
CVE-2005-3204,0.06758,0.93205
CVE-2005-3205,0.00124,0.46698
CVE-2005-3206,0.03633,0.90807
CVE-2005-3207,0.05057,0.92165
CVE-2005-3208,0.01034,0.82338
CVE-2005-3209,0.00122,0.46521
CVE-2005-3210,0.00272,0.64657
CVE-2005-3211,0.00291,0.65928
CVE-2005-3212,0.00291,0.65894
CVE-2005-3213,0.00272,0.64657
CVE-2005-3214,0.00272,0.64657
CVE-2005-3215,0.00272,0.64657
CVE-2005-3216,0.00412,0.71330
CVE-2005-3217,0.00155,0.51822
CVE-2005-3218,0.00272,0.64657
CVE-2005-3219,0.00272,0.64657
CVE-2005-3220,0.00459,0.72753
CVE-2005-3221,0.00459,0.72753
CVE-2005-3222,0.00272,0.64657
CVE-2005-3223,0.00272,0.64657
CVE-2005-3224,0.00272,0.64657
CVE-2005-3225,0.00251,0.63085
CVE-2005-3226,0.00272,0.64657
CVE-2005-3227,0.00272,0.64657
CVE-2005-3228,0.00272,0.64657
CVE-2005-3229,0.00272,0.64657
CVE-2005-3230,0.00272,0.64657
CVE-2005-3231,0.00280,0.65189
CVE-2005-3232,0.00272,0.64657
CVE-2005-3233,0.00272,0.64657
CVE-2005-3234,0.00272,0.64657
CVE-2005-3235,0.00272,0.64657
CVE-2005-3236,0.00650,0.77254
CVE-2005-3237,0.02816,0.89670
CVE-2005-3238,0.00042,0.05722
CVE-2005-3239,0.16145,0.95500
CVE-2005-3240,0.08173,0.93759
CVE-2005-3241,0.01379,0.84966
CVE-2005-3242,0.01379,0.84966
CVE-2005-3243,0.10769,0.94590
CVE-2005-3244,0.01379,0.84966
CVE-2005-3245,0.01291,0.84421
CVE-2005-3246,0.01379,0.84966
CVE-2005-3247,0.01291,0.84421
CVE-2005-3248,0.01379,0.84966
CVE-2005-3249,0.00998,0.82032
CVE-2005-3250,0.00044,0.10704
CVE-2005-3251,0.01396,0.85053
CVE-2005-3252,0.94468,0.99065
CVE-2005-3253,0.10020,0.94378
CVE-2005-3254,0.00350,0.68985
CVE-2005-3255,0.00340,0.68526
CVE-2005-3256,0.01373,0.84927
CVE-2005-3257,0.00042,0.00438
CVE-2005-3258,0.20407,0.95951
CVE-2005-3259,0.00640,0.77044
CVE-2005-3260,0.01361,0.84859
CVE-2005-3261,0.00733,0.78822
CVE-2005-3262,0.09129,0.94092
CVE-2005-3263,0.17457,0.95666
CVE-2005-3264,0.00399,0.70927
CVE-2005-3265,0.25087,0.96258
CVE-2005-3267,0.05576,0.92546
CVE-2005-3268,0.00042,0.05722
CVE-2005-3269,0.00777,0.79487
CVE-2005-3270,0.00043,0.07360
CVE-2005-3271,0.00060,0.23520
CVE-2005-3272,0.02512,0.89085
CVE-2005-3273,0.02321,0.88659
CVE-2005-3274,0.01556,0.85871
CVE-2005-3275,0.05506,0.92499
CVE-2005-3276,0.00108,0.43385
CVE-2005-3277,0.89850,0.98567
CVE-2005-3278,0.00060,0.23520
CVE-2005-3279,0.00042,0.05722
CVE-2005-3280,0.02438,0.88940
CVE-2005-3281,0.00179,0.55173
CVE-2005-3282,0.00450,0.72500
CVE-2005-3283,0.00453,0.72614
CVE-2005-3284,0.10636,0.94550
CVE-2005-3285,0.00646,0.77165
CVE-2005-3286,0.00042,0.05722
CVE-2005-3287,0.00232,0.61419
CVE-2005-3288,0.00113,0.44706
CVE-2005-3289,0.00042,0.05722
CVE-2005-3290,0.00157,0.52123
CVE-2005-3291,0.00042,0.05722
CVE-2005-3292,0.00169,0.53879
CVE-2005-3293,0.03194,0.90231
CVE-2005-3294,0.61578,0.97542
CVE-2005-3295,0.00060,0.23520
CVE-2005-3296,0.07452,0.93486
CVE-2005-3297,0.14789,0.95308
CVE-2005-3298,0.08933,0.94030
CVE-2005-3299,0.02334,0.88684
CVE-2005-3300,0.02256,0.88508
CVE-2005-3301,0.00945,0.81484
CVE-2005-3302,0.00214,0.59500
CVE-2005-3303,0.16613,0.95552
CVE-2005-3304,0.01333,0.84666
CVE-2005-3305,0.01061,0.82616
CVE-2005-3306,0.00259,0.63733
CVE-2005-3307,0.01999,0.87674
CVE-2005-3308,0.00830,0.80192
CVE-2005-3309,0.01236,0.84025
CVE-2005-3310,0.00308,0.66929
CVE-2005-3311,0.00042,0.05722
CVE-2005-3312,0.95875,0.99334
CVE-2005-3313,0.01379,0.84966
CVE-2005-3314,0.80659,0.98067
CVE-2005-3315,0.95533,0.99265
CVE-2005-3316,0.00200,0.57954
CVE-2005-3317,0.18620,0.95782
CVE-2005-3318,0.02926,0.89834
CVE-2005-3319,0.00171,0.54142
CVE-2005-3320,0.00328,0.67960
CVE-2005-3321,0.00050,0.16885
CVE-2005-3322,0.01600,0.86075
CVE-2005-3323,0.02277,0.88560
CVE-2005-3324,0.11148,0.94677
CVE-2005-3325,0.00675,0.77787
CVE-2005-3326,0.00255,0.63499
CVE-2005-3327,0.00639,0.77037
CVE-2005-3328,0.03106,0.90106
CVE-2005-3329,0.00988,0.81935
CVE-2005-3330,0.84085,0.98233
CVE-2005-3331,0.00042,0.05722
CVE-2005-3332,0.04579,0.91737
CVE-2005-3333,0.01234,0.84015
CVE-2005-3334,0.00830,0.80192
CVE-2005-3335,0.10752,0.94586
CVE-2005-3336,0.01310,0.84531
CVE-2005-3337,0.00442,0.72291
CVE-2005-3338,0.00941,0.81440
CVE-2005-3339,0.00961,0.81661
CVE-2005-3340,0.00070,0.28797
CVE-2005-3341,0.00042,0.05722
CVE-2005-3342,0.00042,0.05722
CVE-2005-3343,0.00044,0.08217
CVE-2005-3344,0.02158,0.88232
CVE-2005-3345,0.00060,0.23520
CVE-2005-3346,0.00042,0.00438
CVE-2005-3347,0.01474,0.85443
CVE-2005-3348,0.00457,0.72711
CVE-2005-3349,0.00042,0.05722
CVE-2005-3350,0.02084,0.87967
CVE-2005-3351,0.66907,0.97659
CVE-2005-3352,0.01623,0.86196
CVE-2005-3353,0.05107,0.92202
CVE-2005-3354,0.00165,0.53249
CVE-2005-3355,0.00421,0.71639
CVE-2005-3356,0.00088,0.37099
CVE-2005-3357,0.97267,0.99828
CVE-2005-3358,0.00042,0.00438
CVE-2005-3359,0.00125,0.47026
CVE-2005-3360,0.00042,0.05722
CVE-2005-3361,0.00259,0.63733
CVE-2005-3363,0.02829,0.89691
CVE-2005-3364,0.01110,0.83018
CVE-2005-3365,0.00521,0.74447
CVE-2005-3366,0.05578,0.92548
CVE-2005-3367,0.00259,0.63733
CVE-2005-3368,0.00789,0.79674
CVE-2005-3369,0.00335,0.68342
CVE-2005-3370,0.01894,0.87279
CVE-2005-3371,0.01894,0.87279
CVE-2005-3372,0.02474,0.89014
CVE-2005-3373,0.01924,0.87406
CVE-2005-3374,0.01894,0.87279
CVE-2005-3375,0.01894,0.87279
CVE-2005-3376,0.01820,0.86940
CVE-2005-3377,0.02706,0.89474
CVE-2005-3378,0.01234,0.84018
CVE-2005-3379,0.07527,0.93512
CVE-2005-3380,0.07156,0.93385
CVE-2005-3381,0.04436,0.91614
CVE-2005-3382,0.04643,0.91798
CVE-2005-3383,0.00416,0.71500
CVE-2005-3384,0.00578,0.75746
CVE-2005-3385,0.00416,0.71500
CVE-2005-3386,0.02042,0.87827
CVE-2005-3387,0.00541,0.74935
CVE-2005-3388,0.92827,0.98852
CVE-2005-3389,0.02529,0.89121
CVE-2005-3390,0.94359,0.99047
CVE-2005-3391,0.03007,0.89945
CVE-2005-3392,0.03007,0.89945
CVE-2005-3393,0.02437,0.88937
CVE-2005-3394,0.00603,0.76269
CVE-2005-3395,0.01115,0.83054
CVE-2005-3396,0.01998,0.87667
CVE-2005-3397,0.00141,0.49777
CVE-2005-3398,0.01125,0.83146
CVE-2005-3399,0.00291,0.65893
CVE-2005-3400,0.00291,0.65893
CVE-2005-3401,0.03728,0.90936
CVE-2005-3402,0.00534,0.74741
CVE-2005-3403,0.00922,0.81253
CVE-2005-3404,0.10607,0.94542
CVE-2005-3405,0.08681,0.93949
CVE-2005-3406,0.00587,0.75948
CVE-2005-3407,0.01333,0.84661
CVE-2005-3408,0.00974,0.81789
CVE-2005-3409,0.09326,0.94166
CVE-2005-3411,0.00452,0.72561
CVE-2005-3412,0.00830,0.80192
CVE-2005-3413,0.00831,0.80202
CVE-2005-3414,0.01828,0.86980
CVE-2005-3415,0.06323,0.92963
CVE-2005-3416,0.02572,0.89191
CVE-2005-3417,0.02572,0.89191
CVE-2005-3418,0.00641,0.77072
CVE-2005-3419,0.00800,0.79833
CVE-2005-3420,0.02545,0.89147
CVE-2005-3421,0.02975,0.89904
CVE-2005-3422,0.00253,0.63224
CVE-2005-3423,0.01386,0.85000
CVE-2005-3424,0.00369,0.69813
CVE-2005-3425,0.00414,0.71448
CVE-2005-3426,0.02378,0.88796
CVE-2005-3427,0.00078,0.32621
CVE-2005-3428,0.00924,0.81269
CVE-2005-3429,0.00988,0.81940
CVE-2005-3430,0.01830,0.86988
CVE-2005-3431,0.01374,0.84937
CVE-2005-3432,0.01914,0.87369
CVE-2005-3433,0.00198,0.57742
CVE-2005-3434,0.01160,0.83417
CVE-2005-3435,0.00409,0.71249
CVE-2005-3436,0.00587,0.75948
CVE-2005-3437,0.00334,0.68316
CVE-2005-3438,0.00427,0.71819
CVE-2005-3439,0.00888,0.80858
CVE-2005-3440,0.00334,0.68316
CVE-2005-3441,0.00888,0.80858
CVE-2005-3442,0.00888,0.80858
CVE-2005-3443,0.00334,0.68316
CVE-2005-3444,0.00334,0.68316
CVE-2005-3445,0.00431,0.71904
CVE-2005-3446,0.00334,0.68316
CVE-2005-3447,0.00888,0.80858
CVE-2005-3448,0.00334,0.68316
CVE-2005-3449,0.00499,0.73857
CVE-2005-3450,0.00334,0.68316
CVE-2005-3451,0.00431,0.71904
CVE-2005-3452,0.00334,0.68316
CVE-2005-3453,0.00334,0.68316
CVE-2005-3454,0.00334,0.68316
CVE-2005-3455,0.00501,0.73938
CVE-2005-3456,0.00888,0.80858
CVE-2005-3457,0.00334,0.68316
CVE-2005-3458,0.00888,0.80858
CVE-2005-3459,0.00334,0.68316
CVE-2005-3460,0.00431,0.71904
CVE-2005-3461,0.00888,0.80858
CVE-2005-3462,0.00334,0.68316
CVE-2005-3463,0.00300,0.66443
CVE-2005-3464,0.00334,0.68316
CVE-2005-3465,0.00334,0.68316
CVE-2005-3466,0.00334,0.68316
CVE-2005-3467,0.00496,0.73784
CVE-2005-3468,0.00298,0.66325
CVE-2005-3469,0.11099,0.94665
CVE-2005-3470,0.01333,0.84661
CVE-2005-3471,0.00429,0.71860
CVE-2005-3472,0.01267,0.84246
CVE-2005-3473,0.00565,0.75467
CVE-2005-3474,0.00059,0.22933
CVE-2005-3475,0.06459,0.93042
CVE-2005-3476,0.00060,0.23520
CVE-2005-3477,0.01374,0.84935
CVE-2005-3478,0.00227,0.61036
CVE-2005-3479,0.00259,0.63698
CVE-2005-3480,0.00596,0.76134
CVE-2005-3481,0.05516,0.92505
CVE-2005-3482,0.01508,0.85637
CVE-2005-3483,0.08522,0.93875
CVE-2005-3484,0.00797,0.79797
CVE-2005-3485,0.19531,0.95881
CVE-2005-3486,0.14316,0.95239
CVE-2005-3487,0.10866,0.94612
CVE-2005-3488,0.06863,0.93257
CVE-2005-3489,0.20067,0.95924
CVE-2005-3490,0.00385,0.70416
CVE-2005-3491,0.04306,0.91507
CVE-2005-3492,0.02269,0.88539
CVE-2005-3493,0.04961,0.92080
CVE-2005-3494,0.00367,0.69739
CVE-2005-3495,0.01104,0.82970
CVE-2005-3496,0.00461,0.72822
CVE-2005-3497,0.00526,0.74559
CVE-2005-3498,0.00369,0.69819
CVE-2005-3499,0.03601,0.90776
CVE-2005-3500,0.44148,0.97054
CVE-2005-3501,0.01024,0.82241
CVE-2005-3502,0.00954,0.81590
CVE-2005-3503,0.00042,0.00438
CVE-2005-3504,0.01763,0.86710
CVE-2005-3505,0.01475,0.85447
CVE-2005-3506,0.00204,0.58452
CVE-2005-3507,0.06846,0.93250
CVE-2005-3508,0.00784,0.79579
CVE-2005-3509,0.00255,0.63475
CVE-2005-3510,0.01533,0.85762
CVE-2005-3511,0.00202,0.58188
CVE-2005-3512,0.00315,0.67286
CVE-2005-3513,0.00488,0.73588
CVE-2005-3514,0.01323,0.84610
CVE-2005-3515,0.00991,0.81983
CVE-2005-3516,0.00991,0.81983
CVE-2005-3517,0.00977,0.81824
CVE-2005-3518,0.01036,0.82364
CVE-2005-3519,0.09930,0.94349
CVE-2005-3520,0.01429,0.85212
CVE-2005-3521,0.03073,0.90056
CVE-2005-3522,0.00819,0.80044
CVE-2005-3523,0.54465,0.97358
CVE-2005-3524,0.27976,0.96421
CVE-2005-3525,0.40368,0.96940
CVE-2005-3526,0.18493,0.95766
CVE-2005-3527,0.00043,0.07416
CVE-2005-3528,0.00929,0.81318
CVE-2005-3529,0.01164,0.83456
CVE-2005-3530,0.01312,0.84544
CVE-2005-3531,0.00042,0.05722
CVE-2005-3532,0.00623,0.76728
CVE-2005-3533,0.00042,0.00438
CVE-2005-3534,0.21424,0.96025
CVE-2005-3535,0.00042,0.05722
CVE-2005-3536,0.00394,0.70763
CVE-2005-3537,0.01236,0.84023
CVE-2005-3538,0.02811,0.89661
CVE-2005-3539,0.10680,0.94560
CVE-2005-3540,0.05319,0.92356
CVE-2005-3543,0.02078,0.87946
CVE-2005-3544,0.00484,0.73477
CVE-2005-3545,0.01302,0.84489
CVE-2005-3546,0.00065,0.26796
CVE-2005-3547,0.01202,0.83764
CVE-2005-3548,0.01433,0.85245
CVE-2005-3549,0.00775,0.79466
CVE-2005-3550,0.01629,0.86214
CVE-2005-3551,0.00628,0.76823
CVE-2005-3552,0.01248,0.84111
CVE-2005-3553,0.01322,0.84606
CVE-2005-3554,0.06443,0.93029
CVE-2005-3555,0.00360,0.69419
CVE-2005-3556,0.01302,0.84485
CVE-2005-3557,0.01008,0.82108
CVE-2005-3558,0.13860,0.95167
CVE-2005-3559,0.05063,0.92170
CVE-2005-3560,0.07792,0.93611
CVE-2005-3564,0.00060,0.23520
CVE-2005-3565,0.02341,0.88699
CVE-2005-3566,0.00042,0.00438
CVE-2005-3567,0.00256,0.63513
CVE-2005-3568,0.00042,0.05722
CVE-2005-3569,0.00928,0.81316
CVE-2005-3570,0.00311,0.67044
CVE-2005-3571,0.02750,0.89563
CVE-2005-3572,0.00327,0.67911
CVE-2005-3573,0.90997,0.98649
CVE-2005-3574,0.00977,0.81824
CVE-2005-3575,0.00784,0.79579
CVE-2005-3576,0.01914,0.87369
CVE-2005-3577,0.00328,0.67960
CVE-2005-3578,0.00227,0.61036
CVE-2005-3579,0.01914,0.87369
CVE-2005-3580,0.00042,0.05722
CVE-2005-3581,0.00042,0.05722
CVE-2005-3582,0.00042,0.05722
CVE-2005-3583,0.27775,0.96408
CVE-2005-3584,0.00195,0.57395
CVE-2005-3585,0.01028,0.82269
CVE-2005-3586,0.00448,0.72433
CVE-2005-3587,0.00432,0.71949
CVE-2005-3588,0.00327,0.67911
CVE-2005-3589,0.55865,0.97392
CVE-2005-3590,0.00262,0.63988
CVE-2005-3591,0.92919,0.98859
CVE-2005-3592,0.00488,0.73588
CVE-2005-3594,0.00317,0.67426
CVE-2005-3595,0.35274,0.96752
CVE-2005-3596,0.00578,0.75746
CVE-2005-3618,0.02669,0.89394
CVE-2005-3619,0.01125,0.83143
CVE-2005-3620,0.00046,0.12673
CVE-2005-3621,0.01080,0.82778
CVE-2005-3622,0.01160,0.83419
CVE-2005-3623,0.04067,0.91286
CVE-2005-3624,0.01275,0.84293
CVE-2005-3625,0.00606,0.76341
CVE-2005-3626,0.00524,0.74502
CVE-2005-3627,0.03642,0.90821
CVE-2005-3628,0.02128,0.88112
CVE-2005-3629,0.00060,0.23520
CVE-2005-3630,0.01296,0.84446
CVE-2005-3631,0.00042,0.05722
CVE-2005-3632,0.00108,0.43491
CVE-2005-3633,0.00972,0.81776
CVE-2005-3634,0.02843,0.89718
CVE-2005-3635,0.01736,0.86624
CVE-2005-3636,0.02088,0.87975
CVE-2005-3638,0.02816,0.89670
CVE-2005-3639,0.08166,0.93758
CVE-2005-3640,0.23839,0.96186
CVE-2005-3641,0.00307,0.66828
CVE-2005-3642,0.00541,0.74942
CVE-2005-3643,0.00570,0.75545
CVE-2005-3644,0.47855,0.97175
CVE-2005-3645,0.01237,0.84031
CVE-2005-3646,0.01820,0.86942
CVE-2005-3647,0.00042,0.05722
CVE-2005-3648,0.01110,0.83018
CVE-2005-3649,0.01549,0.85836
CVE-2005-3650,0.24389,0.96217
CVE-2005-3651,0.03056,0.90029
CVE-2005-3652,0.23022,0.96131
CVE-2005-3653,0.04601,0.91757
CVE-2005-3654,0.34476,0.96719
CVE-2005-3655,0.24094,0.96201
CVE-2005-3656,0.07819,0.93621
CVE-2005-3657,0.41790,0.96985
CVE-2005-3658,0.13009,0.95033
CVE-2005-3659,0.14804,0.95310
CVE-2005-3660,0.00070,0.28797
CVE-2005-3661,0.05556,0.92527
CVE-2005-3662,0.00117,0.45482
CVE-2005-3663,0.00042,0.05722
CVE-2005-3664,0.17484,0.95668
CVE-2005-3665,0.01531,0.85755
CVE-2005-3666,0.00367,0.69698
CVE-2005-3667,0.00426,0.71779
CVE-2005-3668,0.00311,0.67023
CVE-2005-3669,0.07345,0.93450
CVE-2005-3670,0.06353,0.92984
CVE-2005-3671,0.05450,0.92455
CVE-2005-3672,0.09718,0.94279
CVE-2005-3673,0.09890,0.94329
CVE-2005-3674,0.05149,0.92230
CVE-2005-3675,0.01337,0.84693
CVE-2005-3676,0.00572,0.75605
CVE-2005-3677,0.08561,0.93884
CVE-2005-3678,0.00668,0.77672
CVE-2005-3679,0.07035,0.93336
CVE-2005-3680,0.00315,0.67324
CVE-2005-3681,0.00572,0.75605
CVE-2005-3682,0.01200,0.83744
CVE-2005-3683,0.70853,0.97780
CVE-2005-3684,0.05998,0.92776
CVE-2005-3685,0.00591,0.76051
CVE-2005-3686,0.00505,0.74050
CVE-2005-3687,0.00317,0.67426
CVE-2005-3688,0.00717,0.78550
CVE-2005-3689,0.01165,0.83461
CVE-2005-3690,0.09434,0.94198
CVE-2005-3691,0.01314,0.84558
CVE-2005-3692,0.00614,0.76528
CVE-2005-3693,0.01717,0.86543
CVE-2005-3694,0.24622,0.96232
CVE-2005-3695,0.00484,0.73477
CVE-2005-3696,0.00501,0.73936
CVE-2005-3697,0.00613,0.76503
CVE-2005-3698,0.00536,0.74822
CVE-2005-3699,0.00149,0.50924
CVE-2005-3700,0.00060,0.23520
CVE-2005-3701,0.00060,0.23520
CVE-2005-3702,0.01068,0.82681
CVE-2005-3704,0.02124,0.88082
CVE-2005-3705,0.06571,0.93097
CVE-2005-3706,0.00758,0.79200
CVE-2005-3707,0.05226,0.92287
CVE-2005-3708,0.05585,0.92552
CVE-2005-3709,0.05354,0.92383
CVE-2005-3710,0.83643,0.98214
CVE-2005-3711,0.62796,0.97569
CVE-2005-3712,0.01278,0.84307
CVE-2005-3713,0.28651,0.96460
CVE-2005-3714,0.02552,0.89156
CVE-2005-3715,0.00490,0.73627
CVE-2005-3716,0.00414,0.71416
CVE-2005-3717,0.01110,0.83024
CVE-2005-3718,0.02012,0.87724
CVE-2005-3719,0.00174,0.54602
CVE-2005-3720,0.00335,0.68333
CVE-2005-3721,0.00703,0.78284
CVE-2005-3722,0.01152,0.83368
CVE-2005-3723,0.01152,0.83368
CVE-2005-3724,0.01600,0.86077
CVE-2005-3725,0.00381,0.70279
CVE-2005-3726,0.00649,0.77225
CVE-2005-3727,0.88037,0.98439
CVE-2005-3728,0.03828,0.91045
CVE-2005-3729,0.00873,0.80674
CVE-2005-3730,0.01265,0.84240
CVE-2005-3731,0.00417,0.71513
CVE-2005-3732,0.17906,0.95715
CVE-2005-3733,0.24531,0.96227
CVE-2005-3734,0.00928,0.81315
CVE-2005-3735,0.01064,0.82646
CVE-2005-3736,0.00625,0.76765
CVE-2005-3737,0.21893,0.96051
CVE-2005-3738,0.01974,0.87574
CVE-2005-3739,0.01054,0.82528
CVE-2005-3740,0.00904,0.81045
CVE-2005-3741,0.00262,0.63987
CVE-2005-3742,0.00789,0.79674
CVE-2005-3743,0.00157,0.52123
CVE-2005-3744,0.00526,0.74559
CVE-2005-3745,0.00225,0.60830
CVE-2005-3746,0.00501,0.73936
CVE-2005-3747,0.01089,0.82851
CVE-2005-3748,0.00236,0.61738
CVE-2005-3749,0.00058,0.22694
CVE-2005-3750,0.15052,0.95346
CVE-2005-3751,0.01687,0.86422
CVE-2005-3752,0.00220,0.59981
CVE-2005-3753,0.00122,0.46514
CVE-2005-3754,0.01109,0.83016
CVE-2005-3755,0.01366,0.84896
CVE-2005-3756,0.01199,0.83741
CVE-2005-3757,0.44725,0.97071
CVE-2005-3758,0.43577,0.97039
CVE-2005-3759,0.00333,0.68253
CVE-2005-3760,0.00942,0.81449
CVE-2005-3761,0.00260,0.63817
CVE-2005-3762,0.01983,0.87611
CVE-2005-3763,0.00596,0.76134
CVE-2005-3764,0.00330,0.68148
CVE-2005-3765,0.02787,0.89618
CVE-2005-3766,0.00335,0.68333
CVE-2005-3767,0.01068,0.82681
CVE-2005-3768,0.01447,0.85317
CVE-2005-3769,0.00157,0.52123
CVE-2005-3770,0.01596,0.86059
CVE-2005-3771,0.00414,0.71414
CVE-2005-3772,0.00553,0.75205
CVE-2005-3773,0.00482,0.73398
CVE-2005-3774,0.43116,0.97024
CVE-2005-3775,0.01517,0.85688
CVE-2005-3776,0.00169,0.53879
CVE-2005-3777,0.00703,0.78284
CVE-2005-3778,0.00133,0.48439
CVE-2005-3779,0.00060,0.23520
CVE-2005-3780,0.00788,0.79616
CVE-2005-3781,0.00724,0.78676
CVE-2005-3782,0.00071,0.29314
CVE-2005-3783,0.02858,0.89740
CVE-2005-3784,0.00062,0.24569
CVE-2005-3785,0.00042,0.05722
CVE-2005-3786,0.00050,0.16885
CVE-2005-3787,0.00479,0.73338
CVE-2005-3788,0.02400,0.88847
CVE-2005-3789,0.01265,0.84239
CVE-2005-3790,0.00789,0.79674
CVE-2005-3791,0.00317,0.67426
CVE-2005-3792,0.95179,0.99185
CVE-2005-3793,0.00507,0.74081
CVE-2005-3794,0.01038,0.82395
CVE-2005-3795,0.00615,0.76574
CVE-2005-3796,0.00814,0.79985
CVE-2005-3797,0.15360,0.95402
CVE-2005-3798,0.00918,0.81200
CVE-2005-3799,0.00410,0.71289
CVE-2005-3800,0.00413,0.71361
CVE-2005-3801,0.00042,0.05722
CVE-2005-3802,0.02234,0.88443
CVE-2005-3803,0.01054,0.82528
CVE-2005-3804,0.01513,0.85656
CVE-2005-3805,0.00060,0.23520
CVE-2005-3806,0.00062,0.24569
CVE-2005-3807,0.00043,0.07520
CVE-2005-3808,0.00043,0.07520
CVE-2005-3809,0.00330,0.68103
CVE-2005-3810,0.00136,0.48970
CVE-2005-3811,0.18549,0.95772
CVE-2005-3812,0.01691,0.86439
CVE-2005-3813,0.01856,0.87108
CVE-2005-3814,0.01475,0.85447
CVE-2005-3815,0.00572,0.75605
CVE-2005-3816,0.00461,0.72812
CVE-2005-3817,0.00646,0.77163
CVE-2005-3818,0.01612,0.86144
CVE-2005-3819,0.02080,0.87949
CVE-2005-3820,0.01165,0.83461
CVE-2005-3821,0.00615,0.76574
CVE-2005-3822,0.00753,0.79097
CVE-2005-3823,0.01898,0.87307
CVE-2005-3824,0.02223,0.88408
CVE-2005-3825,0.00572,0.75605
CVE-2005-3826,0.00461,0.72812
CVE-2005-3827,0.00835,0.80248
CVE-2005-3828,0.00327,0.67911
CVE-2005-3829,0.01364,0.84887
CVE-2005-3830,0.00385,0.70416
CVE-2005-3831,0.01123,0.83136
CVE-2005-3832,0.01835,0.87028
CVE-2005-3833,0.00572,0.75605
CVE-2005-3834,0.00789,0.79674
CVE-2005-3835,0.01056,0.82542
CVE-2005-3836,0.00322,0.67701
CVE-2005-3837,0.00677,0.77866
CVE-2005-3838,0.00732,0.78811
CVE-2005-3839,0.00677,0.77866
CVE-2005-3840,0.00256,0.63537
CVE-2005-3841,0.00677,0.77866
CVE-2005-3842,0.00649,0.77225
CVE-2005-3843,0.01333,0.84661
CVE-2005-3844,0.00886,0.80832
CVE-2005-3845,0.00903,0.81037
CVE-2005-3846,0.00886,0.80832
CVE-2005-3847,0.00042,0.05722
CVE-2005-3848,0.04356,0.91547
CVE-2005-3849,0.00942,0.81448
CVE-2005-3850,0.00477,0.73280
CVE-2005-3851,0.00477,0.73280
CVE-2005-3852,0.00327,0.67911
CVE-2005-3853,0.00307,0.66835
CVE-2005-3854,0.00540,0.74919
CVE-2005-3855,0.00572,0.75605
CVE-2005-3856,0.00097,0.40268
CVE-2005-3857,0.00042,0.00438
CVE-2005-3858,0.05477,0.92482
CVE-2005-3859,0.11599,0.94790
CVE-2005-3860,0.10420,0.94489
CVE-2005-3861,0.04470,0.91643
CVE-2005-3862,0.34606,0.96724
CVE-2005-3863,0.05467,0.92474
CVE-2005-3864,0.11099,0.94665
CVE-2005-3865,0.00572,0.75605
CVE-2005-3866,0.00923,0.81260
CVE-2005-3867,0.00615,0.76574
CVE-2005-3868,0.00603,0.76269
CVE-2005-3869,0.01785,0.86796
CVE-2005-3870,0.00501,0.73936
CVE-2005-3871,0.00621,0.76683
CVE-2005-3872,0.00603,0.76269
CVE-2005-3873,0.00572,0.75605
CVE-2005-3874,0.00572,0.75605
CVE-2005-3875,0.00461,0.72812
CVE-2005-3876,0.00439,0.72201
CVE-2005-3877,0.00262,0.63981
CVE-2005-3878,0.01594,0.86053
CVE-2005-3879,0.01370,0.84910
CVE-2005-3880,0.00793,0.79750
CVE-2005-3881,0.00526,0.74559
CVE-2005-3882,0.11099,0.94665
CVE-2005-3883,0.01155,0.83391
CVE-2005-3884,0.00603,0.76269
CVE-2005-3885,0.00042,0.05722
CVE-2005-3886,0.00060,0.23520
CVE-2005-3887,0.01999,0.87668
CVE-2005-3888,0.04688,0.91851
CVE-2005-3889,0.02149,0.88215
CVE-2005-3890,0.02149,0.88215
CVE-2005-3891,0.02149,0.88215
CVE-2005-3892,0.00977,0.81824
CVE-2005-3893,0.00228,0.61093
CVE-2005-3894,0.00401,0.71008
CVE-2005-3895,0.00894,0.80929
CVE-2005-3896,0.00319,0.67547
CVE-2005-3897,0.00276,0.64889
CVE-2005-3899,0.00342,0.68625
CVE-2005-3900,0.00523,0.74488
CVE-2005-3901,0.00483,0.73439
CVE-2005-3902,0.00817,0.80025
CVE-2005-3903,0.00060,0.23520
CVE-2005-3904,0.05836,0.92683
CVE-2005-3905,0.02050,0.87851
CVE-2005-3906,0.02050,0.87851
CVE-2005-3907,0.02607,0.89272
CVE-2005-3908,0.00599,0.76194
CVE-2005-3909,0.00784,0.79579
CVE-2005-3910,0.00179,0.55173
CVE-2005-3911,0.00501,0.73936
CVE-2005-3912,0.03978,0.91188
CVE-2005-3913,0.00319,0.67508
CVE-2005-3914,0.00514,0.74251
CVE-2005-3915,0.02621,0.89303
CVE-2005-3916,0.00572,0.75605
CVE-2005-3917,0.00327,0.67911
CVE-2005-3918,0.00227,0.61036
CVE-2005-3919,0.00315,0.67286
CVE-2005-3920,0.00572,0.75605
CVE-2005-3921,0.05637,0.92581
CVE-2005-3922,0.25371,0.96275
CVE-2005-3923,0.00628,0.76823
CVE-2005-3924,0.01126,0.83157
CVE-2005-3925,0.00603,0.76269
CVE-2005-3926,0.10169,0.94432
CVE-2005-3927,0.01977,0.87585
CVE-2005-3928,0.00042,0.00438
CVE-2005-3929,0.03840,0.91057
CVE-2005-3930,0.00784,0.79579
CVE-2005-3931,0.00811,0.79957
CVE-2005-3932,0.00572,0.75605
CVE-2005-3933,0.00572,0.75605
CVE-2005-3934,0.72755,0.97833
CVE-2005-3935,0.00572,0.75605
CVE-2005-3936,0.01152,0.83368
CVE-2005-3937,0.00931,0.81338
CVE-2005-3938,0.01302,0.84489
CVE-2005-3939,0.00603,0.76269
CVE-2005-3940,0.00773,0.79418
CVE-2005-3941,0.00684,0.77978
CVE-2005-3942,0.00684,0.77978
CVE-2005-3943,0.00501,0.73936
CVE-2005-3944,0.00572,0.75605
CVE-2005-3945,0.00593,0.76085
CVE-2005-3946,0.00315,0.67305
CVE-2005-3947,0.01926,0.87416
CVE-2005-3948,0.01451,0.85343
CVE-2005-3949,0.00792,0.79733
CVE-2005-3950,0.00143,0.50100
CVE-2005-3951,0.00327,0.67911
CVE-2005-3952,0.01509,0.85639
CVE-2005-3953,0.00784,0.79579
CVE-2005-3954,0.00991,0.81983
CVE-2005-3955,0.01002,0.82065
CVE-2005-3956,0.00227,0.61036
CVE-2005-3957,0.00432,0.71949
CVE-2005-3958,0.00784,0.79579
CVE-2005-3959,0.01894,0.87283
CVE-2005-3960,0.02149,0.88215
CVE-2005-3961,0.01224,0.83936
CVE-2005-3962,0.00151,0.51355
CVE-2005-3963,0.01059,0.82571
CVE-2005-3964,0.01480,0.85464
CVE-2005-3966,0.00789,0.79674
CVE-2005-3967,0.00677,0.77866
CVE-2005-3968,0.00498,0.73813
CVE-2005-3969,0.00649,0.77225
CVE-2005-3970,0.00477,0.73280
CVE-2005-3971,0.00365,0.69608
CVE-2005-3972,0.00789,0.79674
CVE-2005-3973,0.00431,0.71926
CVE-2005-3974,0.04981,0.92088
CVE-2005-3975,0.00375,0.70020
CVE-2005-3976,0.00649,0.77225
CVE-2005-3977,0.00677,0.77866
CVE-2005-3978,0.00791,0.79719
CVE-2005-3979,0.00526,0.74567
CVE-2005-3980,0.00969,0.81739
CVE-2005-3981,0.00061,0.24183
CVE-2005-3982,0.04838,0.91992
CVE-2005-3983,0.00388,0.70514
CVE-2005-3984,0.00526,0.74565
CVE-2005-3985,0.02617,0.89289
CVE-2005-3986,0.00873,0.80673
CVE-2005-3987,0.00153,0.51614
CVE-2005-3988,0.00572,0.75605
CVE-2005-3989,0.01364,0.84887
CVE-2005-3991,0.00315,0.67286
CVE-2005-3992,0.15277,0.95372
CVE-2005-3993,0.00539,0.74875
CVE-2005-3995,0.08519,0.93874
CVE-2005-3996,0.01291,0.84420
CVE-2005-3997,0.01297,0.84461
CVE-2005-3998,0.00411,0.71310
CVE-2005-3999,0.00414,0.71414
CVE-2005-4000,0.00411,0.71310
CVE-2005-4001,0.00603,0.76269
CVE-2005-4002,0.00077,0.32062
CVE-2005-4003,0.00126,0.47088
CVE-2005-4004,0.00285,0.65502
CVE-2005-4005,0.04467,0.91641
CVE-2005-4006,0.03822,0.91041
CVE-2005-4007,0.00315,0.67247
CVE-2005-4008,0.00322,0.67701
CVE-2005-4009,0.00221,0.60228
CVE-2005-4010,0.01111,0.83031
CVE-2005-4011,0.01455,0.85361
CVE-2005-4012,0.02868,0.89755
CVE-2005-4013,0.01099,0.82938
CVE-2005-4014,0.03363,0.90486
CVE-2005-4015,0.00985,0.81902
CVE-2005-4016,0.11099,0.94665
CVE-2005-4017,0.00591,0.76043
CVE-2005-4018,0.11099,0.94665
CVE-2005-4019,0.00886,0.80832
CVE-2005-4020,0.00327,0.67911
CVE-2005-4021,0.00628,0.76823
CVE-2005-4022,0.00677,0.77866
CVE-2005-4023,0.00651,0.77299
CVE-2005-4024,0.00169,0.53879
CVE-2005-4025,0.00987,0.81921
CVE-2005-4026,0.00596,0.76134
CVE-2005-4027,0.00253,0.63228
CVE-2005-4028,0.00350,0.68996
CVE-2005-4029,0.00644,0.77126
CVE-2005-4030,0.00743,0.78961
CVE-2005-4031,0.11355,0.94728
CVE-2005-4032,0.00315,0.67286
CVE-2005-4033,0.00692,0.78129
CVE-2005-4034,0.00791,0.79719
CVE-2005-4035,0.00791,0.79719
CVE-2005-4036,0.00286,0.65576
CVE-2005-4037,0.00886,0.80832
CVE-2005-4038,0.01234,0.84015
CVE-2005-4039,0.01711,0.86518
CVE-2005-4040,0.01274,0.84283
CVE-2005-4041,0.00615,0.76574
CVE-2005-4042,0.00286,0.65576
CVE-2005-4043,0.00784,0.79579
CVE-2005-4044,0.00677,0.77866
CVE-2005-4045,0.02019,0.87743
CVE-2005-4046,0.00482,0.73396
CVE-2005-4047,0.00253,0.63224
CVE-2005-4048,0.01524,0.85723
CVE-2005-4049,0.02311,0.88643
CVE-2005-4050,0.15464,0.95417
CVE-2005-4051,0.00677,0.77869
CVE-2005-4052,0.00836,0.80268
CVE-2005-4053,0.00649,0.77249
CVE-2005-4054,0.11099,0.94665
CVE-2005-4055,0.00886,0.80832
CVE-2005-4056,0.00649,0.77225
CVE-2005-4057,0.00677,0.77866
CVE-2005-4058,0.00526,0.74559
CVE-2005-4059,0.00649,0.77225
CVE-2005-4060,0.00499,0.73850
CVE-2005-4061,0.00477,0.73280
CVE-2005-4062,0.00477,0.73280
CVE-2005-4063,0.00461,0.72816
CVE-2005-4064,0.00399,0.70939
CVE-2005-4065,0.04956,0.92073
CVE-2005-4066,0.00042,0.05722
CVE-2005-4068,0.00042,0.05722
CVE-2005-4069,0.00062,0.24305
CVE-2005-4071,0.00419,0.71565
CVE-2005-4072,0.00286,0.65576
CVE-2005-4073,0.00903,0.81037
CVE-2005-4074,0.03663,0.90850
CVE-2005-4075,0.00484,0.73477
CVE-2005-4076,0.00042,0.00438
CVE-2005-4077,0.00055,0.20512
CVE-2005-4078,0.00487,0.73537
CVE-2005-4079,0.02219,0.88397
CVE-2005-4080,0.01216,0.83867
CVE-2005-4081,0.00366,0.69677
CVE-2005-4082,0.00042,0.05722
CVE-2005-4083,0.00344,0.68716
CVE-2005-4084,0.00427,0.71812
CVE-2005-4085,0.57818,0.97437
CVE-2005-4086,0.00685,0.77991
CVE-2005-4087,0.00954,0.81589
CVE-2005-4088,0.00327,0.67911
CVE-2005-4089,0.95759,0.99311
CVE-2005-4090,0.01919,0.87385
CVE-2005-4091,0.00315,0.67286
CVE-2005-4092,0.95309,0.99211
CVE-2005-4093,0.02429,0.88920
CVE-2005-4094,0.01736,0.86623
CVE-2005-4095,0.01552,0.85853
CVE-2005-4126,0.00283,0.65381
CVE-2005-4130,0.00941,0.81441
CVE-2005-4131,0.61658,0.97548
CVE-2005-4132,0.00575,0.75680
CVE-2005-4133,0.00044,0.10704
CVE-2005-4134,0.96258,0.99424
CVE-2005-4135,0.04308,0.91508
CVE-2005-4136,0.00315,0.67286
CVE-2005-4137,0.01066,0.82660
CVE-2005-4138,0.00422,0.71669
CVE-2005-4139,0.00969,0.81739
CVE-2005-4140,0.03670,0.90860
CVE-2005-4141,0.00324,0.67756
CVE-2005-4142,0.03271,0.90353
CVE-2005-4143,0.00972,0.81769
CVE-2005-4144,0.01830,0.86988
CVE-2005-4145,0.30369,0.96545
CVE-2005-4146,0.01289,0.84410
CVE-2005-4147,0.02663,0.89382
CVE-2005-4148,0.00777,0.79481
CVE-2005-4149,0.01038,0.82395
CVE-2005-4150,0.00414,0.71414
CVE-2005-4151,0.00042,0.05722
CVE-2005-4152,0.01991,0.87637
CVE-2005-4153,0.87770,0.98427
CVE-2005-4154,0.01012,0.82141
CVE-2005-4155,0.05596,0.92556
CVE-2005-4156,0.00327,0.67918
CVE-2005-4157,0.01749,0.86664
CVE-2005-4158,0.00042,0.00438
CVE-2005-4159,0.01111,0.83031
CVE-2005-4160,0.01999,0.87674
CVE-2005-4161,0.00518,0.74360
CVE-2005-4162,0.00591,0.76047
CVE-2005-4163,0.00491,0.73670
CVE-2005-4164,0.00327,0.67911
CVE-2005-4165,0.00662,0.77540
CVE-2005-4166,0.00253,0.63224
CVE-2005-4167,0.01265,0.84240
CVE-2005-4168,0.01475,0.85445
CVE-2005-4169,0.01178,0.83586
CVE-2005-4170,0.03721,0.90925
CVE-2005-4171,0.08950,0.94038
CVE-2005-4172,0.00859,0.80525
CVE-2005-4173,0.00859,0.80525
CVE-2005-4174,0.06877,0.93264
CVE-2005-4175,0.00074,0.30697
CVE-2005-4176,0.00073,0.30170
CVE-2005-4177,0.00484,0.73477
CVE-2005-4178,0.00243,0.62332
CVE-2005-4189,0.00347,0.68805
CVE-2005-4190,0.00266,0.64309
CVE-2005-4191,0.00164,0.53084
CVE-2005-4192,0.00335,0.68334
CVE-2005-4193,0.00477,0.73280
CVE-2005-4194,0.05145,0.92227
CVE-2005-4195,0.00622,0.76693
CVE-2005-4196,0.01638,0.86246
CVE-2005-4197,0.08816,0.93986
CVE-2005-4198,0.00505,0.74050
CVE-2005-4199,0.01222,0.83920
CVE-2005-4200,0.00467,0.72967
CVE-2005-4201,0.00681,0.77953
CVE-2005-4202,0.01718,0.86549
CVE-2005-4203,0.01790,0.86814
CVE-2005-4204,0.00141,0.49731
CVE-2005-4205,0.00253,0.63224
CVE-2005-4206,0.02308,0.88637
CVE-2005-4207,0.00227,0.61036
CVE-2005-4208,0.00420,0.71603
CVE-2005-4209,0.00525,0.74530
CVE-2005-4210,0.01878,0.87202
CVE-2005-4211,0.07606,0.93534
CVE-2005-4212,0.03877,0.91099
CVE-2005-4213,0.05177,0.92248
CVE-2005-4214,0.02392,0.88826
CVE-2005-4215,0.01364,0.84887
CVE-2005-4216,0.39776,0.96923
CVE-2005-4217,0.02143,0.88179
CVE-2005-4218,0.00221,0.60222
CVE-2005-4219,0.00411,0.71292
CVE-2005-4220,0.01834,0.87019
CVE-2005-4221,0.11099,0.94665
CVE-2005-4222,0.00169,0.53879
CVE-2005-4223,0.00760,0.79227
CVE-2005-4224,0.01009,0.82117
CVE-2005-4225,0.00780,0.79531
CVE-2005-4226,0.01082,0.82812
CVE-2005-4227,0.00780,0.79531
CVE-2005-4228,0.00211,0.59053
CVE-2005-4229,0.00532,0.74706
CVE-2005-4230,0.00322,0.67701
CVE-2005-4231,0.00286,0.65576
CVE-2005-4232,0.00505,0.74050
CVE-2005-4233,0.00305,0.66682
CVE-2005-4234,0.00572,0.75605
CVE-2005-4235,0.00677,0.77866
CVE-2005-4236,0.00677,0.77866
CVE-2005-4237,0.00677,0.77866
CVE-2005-4238,0.00531,0.74683
CVE-2005-4239,0.00315,0.67286
CVE-2005-4240,0.00227,0.61036
CVE-2005-4241,0.00789,0.79674
CVE-2005-4242,0.00259,0.63733
CVE-2005-4243,0.00875,0.80711
CVE-2005-4244,0.00192,0.57157
CVE-2005-4245,0.00690,0.78089
CVE-2005-4246,0.00096,0.39996
CVE-2005-4247,0.00263,0.64031
CVE-2005-4248,0.00615,0.76574
CVE-2005-4249,0.00536,0.74830
CVE-2005-4250,0.01815,0.86916
CVE-2005-4251,0.00603,0.76269
CVE-2005-4252,0.00677,0.77866
CVE-2005-4253,0.01240,0.84060
CVE-2005-4254,0.00572,0.75605
CVE-2005-4255,0.00315,0.67286
CVE-2005-4256,0.00141,0.49777
CVE-2005-4257,0.00279,0.65075
CVE-2005-4258,0.00243,0.62373
CVE-2005-4259,0.00126,0.47088
CVE-2005-4260,0.00309,0.66964
CVE-2005-4261,0.00458,0.72734
CVE-2005-4262,0.00745,0.78976
CVE-2005-4263,0.00364,0.69568
CVE-2005-4264,0.00789,0.79686
CVE-2005-4266,0.00734,0.78835
CVE-2005-4267,0.96797,0.99620
CVE-2005-4268,0.00815,0.79996
CVE-2005-4269,0.00044,0.07742
CVE-2005-4270,0.01613,0.86149
CVE-2005-4271,0.00042,0.05722
CVE-2005-4272,0.07407,0.93469
CVE-2005-4273,0.00042,0.05722
CVE-2005-4274,0.00327,0.67918
CVE-2005-4275,0.01019,0.82210
CVE-2005-4276,0.01647,0.86286
CVE-2005-4277,0.00717,0.78550
CVE-2005-4278,0.00060,0.23520
CVE-2005-4279,0.00042,0.05722
CVE-2005-4280,0.00042,0.05722
CVE-2005-4281,0.00286,0.65576
CVE-2005-4282,0.00677,0.77866
CVE-2005-4283,0.00677,0.77866
CVE-2005-4284,0.00587,0.75948
CVE-2005-4285,0.00789,0.79674
CVE-2005-4286,0.00327,0.67911
CVE-2005-4287,0.04490,0.91661
CVE-2005-4288,0.00315,0.67286
CVE-2005-4289,0.00195,0.57395
CVE-2005-4290,0.00789,0.79674
CVE-2005-4291,0.00789,0.79674
CVE-2005-4292,0.01105,0.82983
CVE-2005-4293,0.00991,0.81983
CVE-2005-4294,0.00434,0.72022
CVE-2005-4295,0.00259,0.63733
CVE-2005-4296,0.01019,0.82210
CVE-2005-4297,0.00286,0.65576
CVE-2005-4298,0.00265,0.64199
CVE-2005-4299,0.00265,0.64199
CVE-2005-4300,0.01384,0.84982
CVE-2005-4301,0.00677,0.77866
CVE-2005-4302,0.01755,0.86689
CVE-2005-4303,0.00305,0.66682
CVE-2005-4304,0.00427,0.71800
CVE-2005-4305,0.00614,0.76528
CVE-2005-4306,0.00265,0.64199
CVE-2005-4307,0.00991,0.81983
CVE-2005-4308,0.01152,0.83368
CVE-2005-4309,0.00228,0.61062
CVE-2005-4310,0.00620,0.76659
CVE-2005-4311,0.00265,0.64199
CVE-2005-4312,0.00649,0.77225
CVE-2005-4313,0.01333,0.84661
CVE-2005-4314,0.00315,0.67286
CVE-2005-4315,0.00526,0.74559
CVE-2005-4316,0.33753,0.96685
CVE-2005-4317,0.43454,0.97035
CVE-2005-4318,0.18275,0.95741
CVE-2005-4319,0.12179,0.94905
CVE-2005-4320,0.03079,0.90063
CVE-2005-4321,0.11928,0.94855
CVE-2005-4322,0.00357,0.69305
CVE-2005-4323,0.02552,0.89156
CVE-2005-4324,0.02782,0.89609
CVE-2005-4325,0.00575,0.75680
CVE-2005-4326,0.00561,0.75344
CVE-2005-4327,0.00315,0.67286
CVE-2005-4328,0.00789,0.79674
CVE-2005-4329,0.00572,0.75605
CVE-2005-4330,0.00572,0.75605
CVE-2005-4331,0.00572,0.75605
CVE-2005-4332,0.01997,0.87661
CVE-2005-4333,0.00789,0.79674
CVE-2005-4334,0.00182,0.55593
CVE-2005-4335,0.01216,0.83880
CVE-2005-4336,0.00587,0.75948
CVE-2005-4337,0.00534,0.74743
CVE-2005-4338,0.00639,0.77029
CVE-2005-4339,0.00141,0.49780
CVE-2005-4341,0.00259,0.63769
CVE-2005-4342,0.05599,0.92558
CVE-2005-4343,0.03517,0.90671
CVE-2005-4344,0.00042,0.05722
CVE-2005-4345,0.00070,0.28797
CVE-2005-4346,0.00390,0.70631
CVE-2005-4347,0.00213,0.59362
CVE-2005-4348,0.07924,0.93665
CVE-2005-4349,0.01925,0.87408
CVE-2005-4350,0.04515,0.91684
CVE-2005-4351,0.00122,0.46521
CVE-2005-4352,0.00042,0.05722
CVE-2005-4353,0.00322,0.67701
CVE-2005-4354,0.00169,0.53879
CVE-2005-4355,0.00285,0.65502
CVE-2005-4356,0.00322,0.67701
CVE-2005-4357,0.02475,0.89015
CVE-2005-4358,0.01029,0.82283
CVE-2005-4359,0.00390,0.70631
CVE-2005-4360,0.96712,0.99584
CVE-2005-4361,0.00532,0.74706
CVE-2005-4362,0.00427,0.71809
CVE-2005-4363,0.00484,0.73477
CVE-2005-4364,0.00532,0.74706
CVE-2005-4365,0.00484,0.73477
CVE-2005-4366,0.00527,0.74602
CVE-2005-4367,0.00677,0.77866
CVE-2005-4368,0.01189,0.83660
CVE-2005-4369,0.00477,0.73280
CVE-2005-4370,0.01232,0.84005
CVE-2005-4371,0.01683,0.86409
CVE-2005-4372,0.00677,0.77866
CVE-2005-4373,0.00591,0.76043
CVE-2005-4374,0.00419,0.71573
CVE-2005-4375,0.00532,0.74706
CVE-2005-4376,0.00328,0.67984
CVE-2005-4377,0.00258,0.63636
CVE-2005-4378,0.00266,0.64279
CVE-2005-4379,0.00690,0.78082
CVE-2005-4380,0.00889,0.80881
CVE-2005-4381,0.00484,0.73477
CVE-2005-4382,0.01265,0.84241
CVE-2005-4383,0.00677,0.77866
CVE-2005-4384,0.00977,0.81824
CVE-2005-4385,0.00294,0.66091
CVE-2005-4386,0.00266,0.64294
CVE-2005-4387,0.00677,0.77866
CVE-2005-4388,0.00587,0.75948
CVE-2005-4389,0.00977,0.81824
CVE-2005-4390,0.11099,0.94665
CVE-2005-4391,0.00677,0.77866
CVE-2005-4392,0.01333,0.84661
CVE-2005-4393,0.00587,0.75948
CVE-2005-4394,0.00677,0.77866
CVE-2005-4395,0.00677,0.77866
CVE-2005-4396,0.00233,0.61453
CVE-2005-4397,0.00184,0.55784
CVE-2005-4398,0.00286,0.65545
CVE-2005-4399,0.00265,0.64199
CVE-2005-4400,0.00311,0.67063
CVE-2005-4401,0.00286,0.65576
CVE-2005-4402,0.01160,0.83421
CVE-2005-4403,0.00307,0.66835
CVE-2005-4404,0.00184,0.55784
CVE-2005-4405,0.00591,0.76043
CVE-2005-4406,0.00322,0.67701
CVE-2005-4407,0.00169,0.53879
CVE-2005-4408,0.00461,0.72812
CVE-2005-4409,0.00259,0.63733
CVE-2005-4410,0.00286,0.65576
CVE-2005-4411,0.94458,0.99063
CVE-2005-4412,0.00046,0.12695
CVE-2005-4413,0.00242,0.62324
CVE-2005-4414,0.00264,0.64098
CVE-2005-4415,0.00328,0.67960
CVE-2005-4416,0.00227,0.61036
CVE-2005-4417,0.03709,0.90908
CVE-2005-4418,0.00042,0.05722
CVE-2005-4419,0.00461,0.72812
CVE-2005-4420,0.00677,0.77866
CVE-2005-4421,0.01573,0.85970
CVE-2005-4422,0.00520,0.74404
CVE-2005-4423,0.00374,0.69977
CVE-2005-4424,0.00529,0.74644
CVE-2005-4425,0.01834,0.87019
CVE-2005-4426,0.00172,0.54453
CVE-2005-4427,0.01073,0.82723
CVE-2005-4428,0.00587,0.75948
CVE-2005-4429,0.00307,0.66835
CVE-2005-4430,0.00305,0.66682
CVE-2005-4431,0.00322,0.67701
CVE-2005-4432,0.00649,0.77249
CVE-2005-4433,0.00677,0.77866
CVE-2005-4434,0.00285,0.65502
CVE-2005-4435,0.00403,0.71062
CVE-2005-4436,0.04688,0.91851
CVE-2005-4437,0.04352,0.91543
CVE-2005-4438,0.35786,0.96769
CVE-2005-4439,0.09299,0.94157
CVE-2005-4440,0.00685,0.78000
CVE-2005-4441,0.00685,0.78000
CVE-2005-4442,0.00042,0.05722
CVE-2005-4443,0.00042,0.05722
CVE-2005-4444,0.10464,0.94499
CVE-2005-4445,0.11860,0.94847
CVE-2005-4446,0.00233,0.61453
CVE-2005-4447,0.00134,0.48475
CVE-2005-4448,0.00583,0.75860
CVE-2005-4449,0.00508,0.74109
CVE-2005-4450,0.00153,0.51614
CVE-2005-4451,0.01864,0.87139
CVE-2005-4452,0.00488,0.73588
CVE-2005-4453,0.00474,0.73153
CVE-2005-4454,0.00751,0.79070
CVE-2005-4455,0.00317,0.67426
CVE-2005-4456,0.01862,0.87130
CVE-2005-4457,0.00901,0.81008
CVE-2005-4458,0.00543,0.74999
CVE-2005-4459,0.95136,0.99170
CVE-2005-4460,0.02229,0.88427
CVE-2005-4461,0.00886,0.80832
CVE-2005-4462,0.03761,0.90968
CVE-2005-4463,0.00595,0.76107
CVE-2005-4464,0.01364,0.84887
CVE-2005-4465,0.02621,0.89303
CVE-2005-4466,0.27179,0.96368
CVE-2005-4467,0.00594,0.76094
CVE-2005-4468,0.12065,0.94886
CVE-2005-4469,0.01670,0.86363
CVE-2005-4470,0.02244,0.88465
CVE-2005-4471,0.01359,0.84849
CVE-2005-4472,0.09855,0.94321
CVE-2005-4473,0.00515,0.74279
CVE-2005-4474,0.00221,0.60286
CVE-2005-4475,0.00521,0.74421
CVE-2005-4476,0.02176,0.88282
CVE-2005-4477,0.00706,0.78360
CVE-2005-4478,0.00334,0.68302
CVE-2005-4479,0.00572,0.75605
CVE-2005-4480,0.00521,0.74421
CVE-2005-4481,0.00528,0.74627
CVE-2005-4482,0.00947,0.81511
CVE-2005-4483,0.00461,0.72816
CVE-2005-4484,0.00229,0.61159
CVE-2005-4485,0.00819,0.80036
CVE-2005-4486,0.00182,0.55593
CVE-2005-4487,0.00286,0.65576
CVE-2005-4488,0.00315,0.67286
CVE-2005-4489,0.00718,0.78574
CVE-2005-4490,0.00253,0.63224
CVE-2005-4491,0.00468,0.72994
CVE-2005-4492,0.00677,0.77866
CVE-2005-4493,0.01601,0.86092
CVE-2005-4494,0.00587,0.75948
CVE-2005-4495,0.00256,0.63537
CVE-2005-4496,0.00532,0.74706
CVE-2005-4497,0.00461,0.72816
CVE-2005-4498,0.00259,0.63733
CVE-2005-4499,0.01884,0.87234
CVE-2005-4500,0.00591,0.76048
CVE-2005-4501,0.02383,0.88810
CVE-2005-4502,0.01251,0.84127
CVE-2005-4503,0.19890,0.95912
CVE-2005-4504,0.12312,0.94924
CVE-2005-4505,0.00042,0.00438
CVE-2005-4506,0.00042,0.05722
CVE-2005-4507,0.00345,0.68766
CVE-2005-4508,0.00561,0.75344
CVE-2005-4509,0.00327,0.67911
CVE-2005-4510,0.01679,0.86399
CVE-2005-4511,0.00076,0.31190
CVE-2005-4512,0.00259,0.63733
CVE-2005-4513,0.00677,0.77866
CVE-2005-4514,0.01933,0.87438
CVE-2005-4515,0.00810,0.79944
CVE-2005-4516,0.00991,0.81983
CVE-2005-4517,0.11099,0.94665
CVE-2005-4518,0.18860,0.95810
CVE-2005-4519,0.01542,0.85803
CVE-2005-4520,0.00745,0.78980
CVE-2005-4521,0.01115,0.83056
CVE-2005-4522,0.00983,0.81865
CVE-2005-4523,0.00438,0.72175
CVE-2005-4524,0.00366,0.69692
CVE-2005-4525,0.00042,0.05722
CVE-2005-4526,0.03202,0.90250
CVE-2005-4527,0.00501,0.73936
CVE-2005-4528,0.00327,0.67911
CVE-2005-4529,0.01152,0.83368
CVE-2005-4530,0.03641,0.90819
CVE-2005-4532,0.00060,0.23520
CVE-2005-4533,0.00201,0.58112
CVE-2005-4534,0.00601,0.76222
CVE-2005-4536,0.00042,0.05722
CVE-2005-4545,0.00477,0.73280
CVE-2005-4546,0.01333,0.84661
CVE-2005-4547,0.00286,0.65576
CVE-2005-4548,0.00649,0.77225
CVE-2005-4549,0.03736,0.90942
CVE-2005-4550,0.46264,0.97124
CVE-2005-4551,0.00286,0.65576
CVE-2005-4552,0.00063,0.25302
CVE-2005-4553,0.07769,0.93591
CVE-2005-4554,0.01935,0.87442
CVE-2005-4555,0.02936,0.89846
CVE-2005-4556,0.11509,0.94759
CVE-2005-4557,0.01361,0.84858
CVE-2005-4558,0.13613,0.95133
CVE-2005-4559,0.08220,0.93778
CVE-2005-4560,0.97313,0.99859
CVE-2005-4563,0.01041,0.82419
CVE-2005-4564,0.01364,0.84887
CVE-2005-4565,0.01168,0.83509
CVE-2005-4566,0.00914,0.81157
CVE-2005-4567,0.01556,0.85874
CVE-2005-4568,0.01852,0.87095
CVE-2005-4569,0.01651,0.86298
CVE-2005-4570,0.01296,0.84452
CVE-2005-4571,0.00286,0.65576
CVE-2005-4572,0.00221,0.60228
CVE-2005-4573,0.10758,0.94587
CVE-2005-4574,0.00789,0.79674
CVE-2005-4575,0.00692,0.78129
CVE-2005-4576,0.00789,0.79674
CVE-2005-4577,0.00741,0.78930
CVE-2005-4578,0.00439,0.72201
CVE-2005-4579,0.01620,0.86178
CVE-2005-4580,0.00677,0.77866
CVE-2005-4581,0.00060,0.23520
CVE-2005-4582,0.01041,0.82413
CVE-2005-4583,0.01897,0.87302
CVE-2005-4584,0.09073,0.94069
CVE-2005-4585,0.01758,0.86694
CVE-2005-4586,0.00753,0.79097
CVE-2005-4587,0.02105,0.88034
CVE-2005-4588,0.00195,0.57395
CVE-2005-4589,0.00042,0.05722
CVE-2005-4590,0.00042,0.05722
CVE-2005-4591,0.10611,0.94546
CVE-2005-4592,0.10611,0.94546
CVE-2005-4593,0.15598,0.95430
CVE-2005-4594,0.13904,0.95176
CVE-2005-4595,0.00060,0.23520
CVE-2005-4596,0.00532,0.74706
CVE-2005-4597,0.00677,0.77866
CVE-2005-4598,0.00265,0.64199
CVE-2005-4599,0.00485,0.73490
CVE-2005-4600,0.00639,0.77025
CVE-2005-4601,0.01925,0.87409
CVE-2005-4602,0.01333,0.84661
CVE-2005-4603,0.01198,0.83735
CVE-2005-4604,0.00134,0.48490
CVE-2005-4605,0.00079,0.32811
CVE-2005-4606,0.00279,0.65095
CVE-2005-4607,0.00587,0.75948
CVE-2005-4608,0.01333,0.84661
CVE-2005-4609,0.01406,0.85107
CVE-2005-4610,0.05005,0.92116
CVE-2005-4611,0.00322,0.67701
CVE-2005-4612,0.00439,0.72201
CVE-2005-4613,0.00259,0.63733
CVE-2005-4614,0.00793,0.79750
CVE-2005-4615,0.00322,0.67701
CVE-2005-4616,0.00322,0.67701
CVE-2005-4617,0.00153,0.51626
CVE-2005-4618,0.00044,0.08043
CVE-2005-4619,0.00221,0.60222
CVE-2005-4620,0.00042,0.00438
CVE-2005-4621,0.00387,0.70502
CVE-2005-4622,0.06003,0.92780
CVE-2005-4623,0.02577,0.89202
CVE-2005-4624,0.01058,0.82562
CVE-2005-4625,0.08462,0.93855
CVE-2005-4626,0.00427,0.71812
CVE-2005-4627,0.00716,0.78525
CVE-2005-4628,0.00184,0.55784
CVE-2005-4629,0.00184,0.55784
CVE-2005-4630,0.01111,0.83031
CVE-2005-4631,0.00184,0.55784
CVE-2005-4632,0.00184,0.55784
CVE-2005-4634,0.00184,0.55784
CVE-2005-4635,0.03363,0.90486
CVE-2005-4636,0.00052,0.18252
CVE-2005-4637,0.00500,0.73868
CVE-2005-4638,0.00591,0.76043
CVE-2005-4639,0.00060,0.23520
CVE-2005-4640,0.00184,0.55784
CVE-2005-4641,0.00184,0.55784
CVE-2005-4642,0.01696,0.86459
CVE-2005-4643,0.00649,0.77225
CVE-2005-4644,0.00928,0.81315
CVE-2005-4645,0.00269,0.64496
CVE-2005-4646,0.02042,0.87828
CVE-2005-4647,0.00958,0.81632
CVE-2005-4648,0.00250,0.62985
CVE-2005-4649,0.00347,0.68840
CVE-2005-4650,0.01333,0.84656
CVE-2005-4651,0.00226,0.60960
CVE-2005-4652,0.00696,0.78193
CVE-2005-4653,0.02017,0.87735
CVE-2005-4654,0.01632,0.86227
CVE-2005-4655,0.00355,0.69210
CVE-2005-4656,0.00637,0.76969
CVE-2005-4657,0.01348,0.84758
CVE-2005-4658,0.00410,0.71278
CVE-2005-4659,0.00042,0.05722
CVE-2005-4660,0.00042,0.05722
CVE-2005-4661,0.00651,0.77299
CVE-2005-4662,0.00667,0.77657
CVE-2005-4663,0.00311,0.67043
CVE-2005-4664,0.00409,0.71261
CVE-2005-4665,0.00487,0.73537
CVE-2005-4666,0.00587,0.75948
CVE-2005-4667,0.00207,0.58675
CVE-2005-4668,0.00042,0.05722
CVE-2005-4669,0.00154,0.51739
CVE-2005-4670,0.00886,0.80838
CVE-2005-4671,0.00315,0.67286
CVE-2005-4672,0.00355,0.69210
CVE-2005-4673,0.00570,0.75551
CVE-2005-4674,0.00501,0.73936
CVE-2005-4675,0.00328,0.67960
CVE-2005-4676,0.06700,0.93177
CVE-2005-4677,0.01111,0.83031
CVE-2005-4678,0.00264,0.64149
CVE-2005-4679,0.00407,0.71182
CVE-2005-4680,0.00427,0.71820
CVE-2005-4681,0.00060,0.23520
CVE-2005-4682,0.00285,0.65502
CVE-2005-4683,0.00069,0.28494
CVE-2005-4684,0.00410,0.71282
CVE-2005-4685,0.00221,0.60282
CVE-2005-4686,0.00376,0.70044
CVE-2005-4687,0.00651,0.77299
CVE-2005-4688,0.00115,0.45163
CVE-2005-4689,0.00464,0.72873
CVE-2005-4690,0.00042,0.05722
CVE-2005-4691,0.00042,0.05722
CVE-2005-4692,0.00264,0.64098
CVE-2005-4693,0.01216,0.83880
CVE-2005-4694,0.01264,0.84232
CVE-2005-4695,0.00427,0.71823
CVE-2005-4696,0.00167,0.53434
CVE-2005-4697,0.00044,0.10730
CVE-2005-4698,0.01052,0.82505
CVE-2005-4699,0.03228,0.90288
CVE-2005-4700,0.00681,0.77931
CVE-2005-4701,0.00044,0.10704
CVE-2005-4702,0.00197,0.57644
CVE-2005-4703,0.00297,0.66288
CVE-2005-4704,0.00474,0.73162
CVE-2005-4705,0.00474,0.73162
CVE-2005-4706,0.00044,0.10704
CVE-2005-4707,0.00677,0.77866
CVE-2005-4708,0.00089,0.37281
CVE-2005-4709,0.00591,0.76043
CVE-2005-4710,0.00135,0.48783
CVE-2005-4711,0.00253,0.63228
CVE-2005-4712,0.00230,0.61280
CVE-2005-4713,0.03363,0.90486
CVE-2005-4714,0.09576,0.94244
CVE-2005-4715,0.03757,0.90966
CVE-2005-4716,0.01216,0.83880
CVE-2005-4717,0.12548,0.94962
CVE-2005-4718,0.00726,0.78701
CVE-2005-4719,0.00753,0.79097
CVE-2005-4720,0.03767,0.90982
CVE-2005-4721,0.00751,0.79062
CVE-2005-4722,0.00658,0.77393
CVE-2005-4723,0.12787,0.94995
CVE-2005-4724,0.00227,0.61036
CVE-2005-4725,0.00613,0.76503
CVE-2005-4726,0.00628,0.76823
CVE-2005-4727,0.03641,0.90818
CVE-2005-4728,0.00042,0.05722
CVE-2005-4729,0.01211,0.83837
CVE-2005-4730,0.00264,0.64098
CVE-2005-4731,0.00591,0.76043
CVE-2005-4732,0.00259,0.63733
CVE-2005-4733,0.00042,0.05722
CVE-2005-4734,0.37066,0.96825
CVE-2005-4735,0.01967,0.87543
CVE-2005-4736,0.00424,0.71740
CVE-2005-4737,0.00665,0.77594
CVE-2005-4738,0.00311,0.67025
CVE-2005-4739,0.00475,0.73200
CVE-2005-4740,0.00336,0.68400
CVE-2005-4741,0.00309,0.66946
CVE-2005-4742,0.00044,0.10161
CVE-2005-4743,0.00253,0.63246
CVE-2005-4744,0.02224,0.88413
CVE-2005-4745,0.00450,0.72529
CVE-2005-4746,0.02589,0.89230
CVE-2005-4747,0.00259,0.63733
CVE-2005-4748,0.00366,0.69655
CVE-2005-4749,0.00524,0.74518
CVE-2005-4750,0.02002,0.87685
CVE-2005-4751,0.00213,0.59364
CVE-2005-4752,0.00042,0.05722
CVE-2005-4753,0.00205,0.58509
CVE-2005-4754,0.00283,0.65362
CVE-2005-4755,0.00042,0.05722
CVE-2005-4756,0.00198,0.57754
CVE-2005-4757,0.00415,0.71479
CVE-2005-4758,0.00102,0.41487
CVE-2005-4759,0.00227,0.60967
CVE-2005-4760,0.00148,0.50742
CVE-2005-4761,0.00050,0.16040
CVE-2005-4762,0.00042,0.05722
CVE-2005-4763,0.02002,0.87685
CVE-2005-4764,0.01070,0.82700
CVE-2005-4765,0.01331,0.84647
CVE-2005-4766,0.00556,0.75261
CVE-2005-4767,0.01636,0.86242
CVE-2005-4768,0.00322,0.67701
CVE-2005-4769,0.00171,0.54231
CVE-2005-4770,0.00157,0.52123
CVE-2005-4771,0.00042,0.05722
CVE-2005-4772,0.00195,0.57446
CVE-2005-4773,0.00042,0.05722
CVE-2005-4774,0.00886,0.80838
CVE-2005-4775,0.00488,0.73588
CVE-2005-4776,0.00042,0.05722
CVE-2005-4777,0.00042,0.05722
CVE-2005-4778,0.00042,0.05722
CVE-2005-4779,0.00042,0.05722
CVE-2005-4780,0.00886,0.80838
CVE-2005-4781,0.00270,0.64517
CVE-2005-4782,0.00042,0.05722
CVE-2005-4783,0.00042,0.05722
CVE-2005-4784,0.00043,0.07417
CVE-2005-4785,0.01015,0.82170
CVE-2005-4786,0.00851,0.80434
CVE-2005-4787,0.00508,0.74112
CVE-2005-4788,0.00042,0.05722
CVE-2005-4789,0.00042,0.05722
CVE-2005-4790,0.00064,0.26128
CVE-2005-4791,0.00080,0.33489
CVE-2005-4792,0.00169,0.53861
CVE-2005-4793,0.00279,0.65095
CVE-2005-4794,0.12457,0.94948
CVE-2005-4795,0.00044,0.10704
CVE-2005-4796,0.00044,0.10704
CVE-2005-4797,0.96335,0.99454
CVE-2005-4798,0.09829,0.94313
CVE-2005-4799,0.02428,0.88914
CVE-2005-4800,0.00852,0.80444
CVE-2005-4801,0.02037,0.87802
CVE-2005-4802,0.00049,0.14994
CVE-2005-4803,0.00044,0.08217
CVE-2005-4804,0.01179,0.83587
CVE-2005-4805,0.04225,0.91430
CVE-2005-4806,0.11987,0.94868
CVE-2005-4807,0.01102,0.82958
CVE-2005-4808,0.00129,0.47681
CVE-2005-4809,0.15462,0.95414
CVE-2005-4810,0.03058,0.90033
CVE-2005-4811,0.00042,0.05722
CVE-2005-4812,0.02234,0.88445
CVE-2005-4813,0.03302,0.90400
CVE-2005-4814,0.00534,0.74747
CVE-2005-4815,0.06201,0.92896
CVE-2005-4816,0.08523,0.93876
CVE-2005-4817,0.00819,0.80046
CVE-2005-4818,0.00140,0.49582
CVE-2005-4819,0.01208,0.83812
CVE-2005-4820,0.00298,0.66341
CVE-2005-4821,0.00541,0.74948
CVE-2005-4822,0.00843,0.80349
CVE-2005-4823,0.31202,0.96584
CVE-2005-4824,0.00506,0.74064
CVE-2005-4825,0.00585,0.75893
CVE-2005-4826,0.01726,0.86579
CVE-2005-4827,0.15792,0.95458
CVE-2005-4828,0.00300,0.66412
CVE-2005-4829,0.00217,0.59788
CVE-2005-4830,0.00638,0.77003
CVE-2005-4831,0.00333,0.68272
CVE-2005-4832,0.91476,0.98694
CVE-2005-4833,0.01684,0.86410
CVE-2005-4834,0.01539,0.85786
CVE-2005-4835,0.03846,0.91065
CVE-2005-4836,0.00104,0.42284
CVE-2005-4837,0.08410,0.93835
CVE-2005-4838,0.01570,0.85935
CVE-2005-4839,0.00161,0.52688
CVE-2005-4840,0.82498,0.98167
CVE-2005-4841,0.00268,0.64431
CVE-2005-4842,0.00268,0.64431
CVE-2005-4843,0.00341,0.68590
CVE-2005-4844,0.00268,0.64431
CVE-2005-4845,0.00381,0.70269
CVE-2005-4846,0.00200,0.57962
CVE-2005-4847,0.00261,0.63907
CVE-2005-4848,0.08181,0.93762
CVE-2005-4849,0.00072,0.29505
CVE-2005-4850,0.00121,0.46319
CVE-2005-4851,0.00098,0.40490
CVE-2005-4852,0.00102,0.41321
CVE-2005-4853,0.00301,0.66480
CVE-2005-4854,0.00285,0.65495
CVE-2005-4855,0.00087,0.36574
CVE-2005-4856,0.00311,0.67077
CVE-2005-4857,0.00158,0.52226
CVE-2005-4858,0.00229,0.61158
CVE-2005-4859,0.00375,0.70027
CVE-2005-4860,0.00042,0.05722
CVE-2005-4861,0.00788,0.79655
CVE-2005-4862,0.00320,0.67597
CVE-2005-4863,0.00042,0.05722
CVE-2005-4864,0.00042,0.05722
CVE-2005-4865,0.25118,0.96262
CVE-2005-4866,0.00909,0.81090
CVE-2005-4867,0.28024,0.96425
CVE-2005-4868,0.00049,0.15818
CVE-2005-4869,0.00043,0.07477
CVE-2005-4870,0.01375,0.84939
CVE-2005-4871,0.00502,0.73977
CVE-2005-4872,0.00249,0.62892
CVE-2005-4873,0.00467,0.72987
CVE-2005-4874,0.00245,0.62597
CVE-2005-4875,0.00756,0.79173
CVE-2005-4876,0.00132,0.48166
CVE-2005-4877,0.00132,0.48166
CVE-2005-4878,0.00254,0.63423
CVE-2005-4879,0.00297,0.66267
CVE-2005-4880,0.00451,0.72546
CVE-2005-4881,0.00044,0.08000
CVE-2005-4882,0.01394,0.85045
CVE-2005-4883,0.00225,0.60851
CVE-2005-4884,0.00153,0.51540
CVE-2005-4885,0.00379,0.70214
CVE-2005-4886,0.01338,0.84699
CVE-2005-4887,0.00228,0.61057
CVE-2005-4888,0.00923,0.81264
CVE-2005-4889,0.00042,0.05722
CVE-2005-4890,0.00057,0.21257
CVE-2005-4891,0.00499,0.73856
CVE-2005-4895,0.00126,0.47123
CVE-2005-4900,0.00306,0.66735
CVE-2006-0001,0.97039,0.99709
CVE-2006-0002,0.95237,0.99197
CVE-2006-0003,0.96680,0.99575
CVE-2006-0004,0.08855,0.94003
CVE-2006-0005,0.96273,0.99429
CVE-2006-0006,0.96565,0.99536
CVE-2006-0007,0.96937,0.99669
CVE-2006-0008,0.00042,0.00438
CVE-2006-0009,0.58267,0.97449
CVE-2006-0010,0.62337,0.97561
CVE-2006-0012,0.76418,0.97937
CVE-2006-0013,0.94309,0.99038
CVE-2006-0014,0.60799,0.97512
CVE-2006-0015,0.26843,0.96350
CVE-2006-0019,0.17265,0.95645
CVE-2006-0020,0.02019,0.87744
CVE-2006-0021,0.96520,0.99516
CVE-2006-0022,0.35192,0.96748
CVE-2006-0023,0.00074,0.30464
CVE-2006-0024,0.50923,0.97266
CVE-2006-0025,0.94937,0.99140
CVE-2006-0026,0.96300,0.99440
CVE-2006-0027,0.97307,0.99854
CVE-2006-0028,0.96548,0.99528
CVE-2006-0029,0.75752,0.97918
CVE-2006-0030,0.64246,0.97601
CVE-2006-0031,0.63126,0.97573
CVE-2006-0032,0.85465,0.98300
CVE-2006-0033,0.40818,0.96954
CVE-2006-0034,0.92238,0.98778
CVE-2006-0035,0.00060,0.23520
CVE-2006-0036,0.04477,0.91650
CVE-2006-0037,0.00060,0.23520
CVE-2006-0038,0.00091,0.38474
CVE-2006-0039,0.00065,0.26873
CVE-2006-0040,0.01834,0.87019
CVE-2006-0042,0.01176,0.83573
CVE-2006-0043,0.00043,0.07668
CVE-2006-0044,0.03123,0.90126
CVE-2006-0045,0.00060,0.23520
CVE-2006-0046,0.04988,0.92094
CVE-2006-0047,0.20128,0.95929
CVE-2006-0048,0.01364,0.84887
CVE-2006-0049,0.00600,0.76210
CVE-2006-0050,0.00042,0.05722
CVE-2006-0051,0.03834,0.91052
CVE-2006-0052,0.12378,0.94935
CVE-2006-0053,0.01252,0.84128
CVE-2006-0054,0.02149,0.88215
CVE-2006-0055,0.00042,0.05722
CVE-2006-0056,0.27558,0.96398
CVE-2006-0057,0.02242,0.88463
CVE-2006-0058,0.93970,0.98986
CVE-2006-0059,0.23975,0.96193
CVE-2006-0061,0.01063,0.82642
CVE-2006-0062,0.00436,0.72119
CVE-2006-0063,0.00430,0.71884
CVE-2006-0064,0.02987,0.89917
CVE-2006-0065,0.04013,0.91217
CVE-2006-0066,0.04467,0.91641
CVE-2006-0067,0.01879,0.87214
CVE-2006-0068,0.01333,0.84661
CVE-2006-0069,0.00679,0.77903
CVE-2006-0070,0.00216,0.59641
CVE-2006-0071,0.00042,0.05722
CVE-2006-0072,0.03054,0.90027
CVE-2006-0073,0.00313,0.67181
CVE-2006-0074,0.00352,0.69064
CVE-2006-0075,0.58186,0.97445
CVE-2006-0076,0.07476,0.93493
CVE-2006-0077,0.00070,0.28797
CVE-2006-0078,0.04434,0.91613
CVE-2006-0079,0.00931,0.81338
CVE-2006-0080,0.01352,0.84786
CVE-2006-0081,0.00929,0.81323
CVE-2006-0082,0.01742,0.86642
CVE-2006-0083,0.02474,0.89013
CVE-2006-0084,0.04163,0.91376
CVE-2006-0085,0.00278,0.65053
CVE-2006-0086,0.00713,0.78483
CVE-2006-0087,0.42175,0.96997
CVE-2006-0088,0.00909,0.81089
CVE-2006-0089,0.04546,0.91706
CVE-2006-0090,0.00385,0.70416
CVE-2006-0091,0.00286,0.65576
CVE-2006-0093,0.00286,0.65576
CVE-2006-0094,0.01081,0.82798
CVE-2006-0095,0.00064,0.26266
CVE-2006-0096,0.00070,0.28797
CVE-2006-0097,0.01892,0.87267
CVE-2006-0098,0.00060,0.23520
CVE-2006-0099,0.03054,0.90027
CVE-2006-0100,0.00042,0.05722
CVE-2006-0101,0.00633,0.76900
CVE-2006-0102,0.01315,0.84564
CVE-2006-0103,0.02997,0.89930
CVE-2006-0104,0.02254,0.88498
CVE-2006-0105,0.08587,0.93915
CVE-2006-0106,0.03019,0.89958
CVE-2006-0107,0.00327,0.67911
CVE-2006-0108,0.00327,0.67911
CVE-2006-0109,0.02993,0.89924
CVE-2006-0110,0.06456,0.93038
CVE-2006-0111,0.00713,0.78483
CVE-2006-0112,0.00286,0.65576
CVE-2006-0113,0.00591,0.76043
CVE-2006-0114,0.01208,0.83815
CVE-2006-0115,0.00237,0.61899
CVE-2006-0116,0.02993,0.89924
CVE-2006-0117,0.01044,0.82441
CVE-2006-0118,0.01044,0.82441
CVE-2006-0119,0.03092,0.90086
CVE-2006-0120,0.07520,0.93508
CVE-2006-0121,0.00453,0.72600
CVE-2006-0122,0.00414,0.71414
CVE-2006-0123,0.00687,0.78045
CVE-2006-0124,0.01361,0.84859
CVE-2006-0125,0.01629,0.86214
CVE-2006-0126,0.00042,0.05722
CVE-2006-0127,0.00414,0.71444
CVE-2006-0128,0.01488,0.85504
CVE-2006-0129,0.01929,0.87427
CVE-2006-0130,0.00606,0.76340
CVE-2006-0131,0.00488,0.73588
CVE-2006-0132,0.00745,0.78985
CVE-2006-0133,0.00042,0.00438
CVE-2006-0134,0.58849,0.97457
CVE-2006-0135,0.00507,0.74078
CVE-2006-0136,0.03471,0.90625
CVE-2006-0137,0.01126,0.83157
CVE-2006-0138,0.01341,0.84706
CVE-2006-0139,0.01030,0.82289
CVE-2006-0140,0.01024,0.82245
CVE-2006-0141,0.02149,0.88215
CVE-2006-0142,0.00286,0.65576
CVE-2006-0143,0.95970,0.99355
CVE-2006-0144,0.03608,0.90780
CVE-2006-0145,0.00060,0.23520
CVE-2006-0146,0.05900,0.92721
CVE-2006-0147,0.02661,0.89379
CVE-2006-0148,0.01296,0.84452
CVE-2006-0149,0.00169,0.53947
CVE-2006-0150,0.10311,0.94457
CVE-2006-0151,0.00064,0.26351
CVE-2006-0152,0.00677,0.77866
CVE-2006-0153,0.26399,0.96328
CVE-2006-0154,0.00972,0.81769
CVE-2006-0155,0.00923,0.81260
CVE-2006-0156,0.01315,0.84564
CVE-2006-0157,0.02056,0.87870
CVE-2006-0158,0.00327,0.67911
CVE-2006-0159,0.00256,0.63537
CVE-2006-0160,0.76998,0.97954
CVE-2006-0161,0.00062,0.24522
CVE-2006-0162,0.37577,0.96843
CVE-2006-0163,0.00762,0.79255
CVE-2006-0164,0.08942,0.94034
CVE-2006-0165,0.00477,0.73280
CVE-2006-0166,0.01932,0.87435
CVE-2006-0167,0.19924,0.95915
CVE-2006-0168,0.01361,0.84859
CVE-2006-0169,0.01879,0.87216
CVE-2006-0171,0.04490,0.91661
CVE-2006-0172,0.00505,0.74046
CVE-2006-0173,0.01149,0.83331
CVE-2006-0174,0.01662,0.86332
CVE-2006-0175,0.00424,0.71726
CVE-2006-0176,0.00042,0.00438
CVE-2006-0177,0.00042,0.00438
CVE-2006-0178,0.00151,0.51313
CVE-2006-0179,0.03622,0.90797
CVE-2006-0180,0.01095,0.82896
CVE-2006-0181,0.00060,0.23520
CVE-2006-0182,0.17086,0.95612
CVE-2006-0183,0.00196,0.57556
CVE-2006-0184,0.00910,0.81098
CVE-2006-0185,0.01800,0.86851
CVE-2006-0187,0.01916,0.87377
CVE-2006-0188,0.01202,0.83769
CVE-2006-0189,0.20709,0.95974
CVE-2006-0190,0.00063,0.25302
CVE-2006-0191,0.00063,0.25302
CVE-2006-0192,0.01274,0.84283
CVE-2006-0193,0.00615,0.76574
CVE-2006-0194,0.00707,0.78368
CVE-2006-0195,0.01202,0.83769
CVE-2006-0196,0.00042,0.05722
CVE-2006-0197,0.00361,0.69453
CVE-2006-0198,0.00353,0.69133
CVE-2006-0199,0.02241,0.88462
CVE-2006-0200,0.11766,0.94829
CVE-2006-0201,0.01488,0.85502
CVE-2006-0202,0.00042,0.05722
CVE-2006-0203,0.01723,0.86566
CVE-2006-0204,0.01312,0.84544
CVE-2006-0205,0.00702,0.78268
CVE-2006-0206,0.12818,0.95000
CVE-2006-0207,0.01305,0.84507
CVE-2006-0208,0.00759,0.79213
CVE-2006-0209,0.27076,0.96361
CVE-2006-0210,0.00991,0.81983
CVE-2006-0211,0.00499,0.73850
CVE-2006-0212,0.01486,0.85492
CVE-2006-0213,0.00042,0.05722
CVE-2006-0214,0.14543,0.95272
CVE-2006-0215,0.00169,0.53879
CVE-2006-0216,0.00628,0.76823
CVE-2006-0217,0.01733,0.86602
CVE-2006-0218,0.00147,0.50692
CVE-2006-0219,0.00308,0.66938
CVE-2006-0220,0.00256,0.63539
CVE-2006-0221,0.00327,0.67911
CVE-2006-0222,0.00315,0.67286
CVE-2006-0223,0.00356,0.69252
CVE-2006-0224,0.00064,0.26450
CVE-2006-0225,0.00111,0.44283
CVE-2006-0226,0.08359,0.93818
CVE-2006-0227,0.00045,0.12236
CVE-2006-0228,0.00070,0.28797
CVE-2006-0229,0.00042,0.05722
CVE-2006-0230,0.15673,0.95440
CVE-2006-0231,0.71260,0.97795
CVE-2006-0232,0.04817,0.91982
CVE-2006-0233,0.00630,0.76873
CVE-2006-0234,0.01302,0.84489
CVE-2006-0235,0.00931,0.81338
CVE-2006-0236,0.02006,0.87709
CVE-2006-0237,0.00315,0.67286
CVE-2006-0238,0.00918,0.81200
CVE-2006-0239,0.00474,0.73165
CVE-2006-0240,0.00364,0.69583
CVE-2006-0241,0.00713,0.78483
CVE-2006-0242,0.00466,0.72933
CVE-2006-0243,0.00677,0.77866
CVE-2006-0244,0.04309,0.91508
CVE-2006-0245,0.01578,0.85988
CVE-2006-0246,0.00587,0.75948
CVE-2006-0247,0.00923,0.81260
CVE-2006-0248,0.00884,0.80801
CVE-2006-0249,0.95474,0.99251
CVE-2006-0250,0.13195,0.95065
CVE-2006-0251,0.00718,0.78574
CVE-2006-0252,0.01278,0.84309
CVE-2006-0253,0.08286,0.93796
CVE-2006-0254,0.00176,0.54832
CVE-2006-0255,0.00042,0.05722
CVE-2006-0256,0.00759,0.79212
CVE-2006-0257,0.01666,0.86352
CVE-2006-0258,0.01244,0.84088
CVE-2006-0259,0.00582,0.75831
CVE-2006-0260,0.01682,0.86407
CVE-2006-0261,0.05466,0.92473
CVE-2006-0262,0.01738,0.86628
CVE-2006-0263,0.01500,0.85569
CVE-2006-0265,0.02042,0.87826
CVE-2006-0266,0.00583,0.75851
CVE-2006-0267,0.00583,0.75851
CVE-2006-0268,0.00583,0.75851
CVE-2006-0269,0.00352,0.69086
CVE-2006-0270,0.00773,0.79418
CVE-2006-0271,0.00650,0.77267
CVE-2006-0272,0.95128,0.99167
CVE-2006-0273,0.01738,0.86628
CVE-2006-0274,0.01244,0.84088
CVE-2006-0275,0.07318,0.93442
CVE-2006-0276,0.17001,0.95601
CVE-2006-0277,0.00880,0.80755
CVE-2006-0278,0.01738,0.86628
CVE-2006-0279,0.01244,0.84088
CVE-2006-0280,0.01244,0.84088
CVE-2006-0281,0.01244,0.84088
CVE-2006-0282,0.01244,0.84088
CVE-2006-0283,0.17001,0.95601
CVE-2006-0284,0.01244,0.84088
CVE-2006-0285,0.01244,0.84088
CVE-2006-0286,0.01244,0.84088
CVE-2006-0287,0.03084,0.90066
CVE-2006-0288,0.17001,0.95601
CVE-2006-0289,0.05546,0.92523
CVE-2006-0290,0.01244,0.84088
CVE-2006-0291,0.01244,0.84088
CVE-2006-0292,0.95778,0.99315
CVE-2006-0293,0.87181,0.98394
CVE-2006-0294,0.89989,0.98573
CVE-2006-0295,0.96965,0.99679
CVE-2006-0296,0.95832,0.99323
CVE-2006-0297,0.93916,0.98982
CVE-2006-0298,0.81859,0.98130
CVE-2006-0299,0.16963,0.95596
CVE-2006-0300,0.29401,0.96500
CVE-2006-0301,0.01953,0.87506
CVE-2006-0302,0.01038,0.82395
CVE-2006-0303,0.00315,0.67247
CVE-2006-0304,0.18672,0.95796
CVE-2006-0305,0.02804,0.89649
CVE-2006-0306,0.13326,0.95090
CVE-2006-0307,0.07105,0.93363
CVE-2006-0308,0.01849,0.87083
CVE-2006-0309,0.01522,0.85714
CVE-2006-0310,0.01165,0.83471
CVE-2006-0311,0.01451,0.85341
CVE-2006-0312,0.03365,0.90489
CVE-2006-0313,0.00570,0.75552
CVE-2006-0314,0.00184,0.55784
CVE-2006-0315,0.00527,0.74592
CVE-2006-0316,0.33132,0.96656
CVE-2006-0317,0.00315,0.67286
CVE-2006-0318,0.00967,0.81722
CVE-2006-0319,0.03158,0.90177
CVE-2006-0320,0.67457,0.97671
CVE-2006-0321,0.05019,0.92134
CVE-2006-0322,0.00446,0.72407
CVE-2006-0323,0.96770,0.99610
CVE-2006-0324,0.00847,0.80384
CVE-2006-0325,0.01643,0.86270
CVE-2006-0327,0.00673,0.77766
CVE-2006-0328,0.91726,0.98724
CVE-2006-0329,0.01111,0.83031
CVE-2006-0330,0.00807,0.79917
CVE-2006-0331,0.00042,0.00438
CVE-2006-0332,0.00608,0.76375
CVE-2006-0333,0.00259,0.63733
CVE-2006-0334,0.00587,0.75948
CVE-2006-0335,0.04688,0.91851
CVE-2006-0336,0.00446,0.72407
CVE-2006-0337,0.17084,0.95610
CVE-2006-0338,0.01103,0.82959
CVE-2006-0339,0.17084,0.95610
CVE-2006-0340,0.03095,0.90089
CVE-2006-0341,0.00484,0.73477
CVE-2006-0342,0.03015,0.89953
CVE-2006-0343,0.00982,0.81857
CVE-2006-0344,0.00333,0.68277
CVE-2006-0345,0.00797,0.79796
CVE-2006-0346,0.01195,0.83715
CVE-2006-0347,0.00841,0.80334
CVE-2006-0348,0.07695,0.93556
CVE-2006-0349,0.00974,0.81789
CVE-2006-0350,0.02850,0.89728
CVE-2006-0351,0.08940,0.94033
CVE-2006-0352,0.01406,0.85107
CVE-2006-0353,0.00042,0.05722
CVE-2006-0354,0.01287,0.84397
CVE-2006-0355,0.05020,0.92137
CVE-2006-0356,0.01215,0.83862
CVE-2006-0357,0.04914,0.92047
CVE-2006-0358,0.00791,0.79719
CVE-2006-0359,0.47135,0.97152
CVE-2006-0360,0.01129,0.83179
CVE-2006-0361,0.01271,0.84268
CVE-2006-0362,0.05125,0.92215
CVE-2006-0363,0.00045,0.11802
CVE-2006-0364,0.06983,0.93316
CVE-2006-0365,0.00286,0.65576
CVE-2006-0366,0.00532,0.74706
CVE-2006-0367,0.00492,0.73685
CVE-2006-0368,0.06252,0.92926
CVE-2006-0369,0.00063,0.25006
CVE-2006-0370,0.01217,0.83888
CVE-2006-0371,0.01107,0.82992
CVE-2006-0372,0.00791,0.79719
CVE-2006-0373,0.00233,0.61453
CVE-2006-0374,0.01989,0.87630
CVE-2006-0375,0.00677,0.77869
CVE-2006-0376,0.47127,0.97151
CVE-2006-0377,0.00774,0.79434
CVE-2006-0378,0.00587,0.75948
CVE-2006-0379,0.00042,0.05722
CVE-2006-0380,0.00042,0.05722
CVE-2006-0381,0.04206,0.91411
CVE-2006-0382,0.00060,0.23520
CVE-2006-0383,0.08671,0.93939
CVE-2006-0384,0.02187,0.88312
CVE-2006-0386,0.00061,0.23768
CVE-2006-0387,0.05350,0.92381
CVE-2006-0388,0.01170,0.83523
CVE-2006-0389,0.00486,0.73524
CVE-2006-0391,0.00070,0.29070
CVE-2006-0392,0.00601,0.76230
CVE-2006-0393,0.02054,0.87864
CVE-2006-0395,0.03402,0.90538
CVE-2006-0396,0.45022,0.97085
CVE-2006-0397,0.01035,0.82352
CVE-2006-0398,0.01035,0.82352
CVE-2006-0399,0.01035,0.82352
CVE-2006-0400,0.09484,0.94218
CVE-2006-0401,0.00282,0.65325
CVE-2006-0402,0.00918,0.81200
CVE-2006-0403,0.01041,0.82423
CVE-2006-0404,0.00762,0.79259
CVE-2006-0405,0.06321,0.92961
CVE-2006-0406,0.00692,0.78129
CVE-2006-0407,0.01375,0.84938
CVE-2006-0408,0.00063,0.25302
CVE-2006-0409,0.02816,0.89670
CVE-2006-0410,0.01095,0.82892
CVE-2006-0411,0.01573,0.85970
CVE-2006-0412,0.00248,0.62811
CVE-2006-0413,0.00320,0.67570
CVE-2006-0414,0.01202,0.83765
CVE-2006-0415,0.00328,0.67960
CVE-2006-0416,0.00189,0.56525
CVE-2006-0417,0.01309,0.84527
CVE-2006-0418,0.00764,0.79276
CVE-2006-0419,0.00681,0.77934
CVE-2006-0420,0.00400,0.70974
CVE-2006-0421,0.00070,0.28797
CVE-2006-0422,0.03256,0.90330
CVE-2006-0423,0.02438,0.88939
CVE-2006-0424,0.00333,0.68282
CVE-2006-0425,0.01231,0.83999
CVE-2006-0426,0.00545,0.75045
CVE-2006-0427,0.00071,0.29224
CVE-2006-0428,0.02737,0.89533
CVE-2006-0429,0.00071,0.29224
CVE-2006-0430,0.02323,0.88662
CVE-2006-0431,0.00071,0.29224
CVE-2006-0432,0.00071,0.29224
CVE-2006-0433,0.06610,0.93134
CVE-2006-0434,0.00317,0.67390
CVE-2006-0435,0.02129,0.88114
CVE-2006-0436,0.00060,0.23520
CVE-2006-0437,0.01968,0.87547
CVE-2006-0438,0.02984,0.89914
CVE-2006-0439,0.01165,0.83461
CVE-2006-0440,0.00155,0.51881
CVE-2006-0441,0.38183,0.96864
CVE-2006-0442,0.00526,0.74566
CVE-2006-0443,0.01453,0.85353
CVE-2006-0444,0.00686,0.78011
CVE-2006-0445,0.00229,0.61158
CVE-2006-0446,0.00359,0.69364
CVE-2006-0447,0.10636,0.94550
CVE-2006-0448,0.01764,0.86712
CVE-2006-0449,0.02149,0.88215
CVE-2006-0450,0.02105,0.88034
CVE-2006-0451,0.00999,0.82037
CVE-2006-0452,0.01364,0.84887
CVE-2006-0453,0.01364,0.84887
CVE-2006-0454,0.12743,0.94990
CVE-2006-0455,0.00120,0.46128
CVE-2006-0456,0.00137,0.49092
CVE-2006-0457,0.00397,0.70879
CVE-2006-0458,0.01364,0.84887
CVE-2006-0459,0.03841,0.91059
CVE-2006-0460,0.87013,0.98387
CVE-2006-0461,0.01174,0.83543
CVE-2006-0462,0.01121,0.83120
CVE-2006-0463,0.00259,0.63733
CVE-2006-0464,0.00153,0.51614
CVE-2006-0465,0.00169,0.53879
CVE-2006-0466,0.00258,0.63636
CVE-2006-0467,0.06489,0.93065
CVE-2006-0468,0.26120,0.96315
CVE-2006-0469,0.00649,0.77249
CVE-2006-0470,0.01524,0.85720
CVE-2006-0471,0.01555,0.85869
CVE-2006-0472,0.01555,0.85869
CVE-2006-0473,0.01894,0.87283
CVE-2006-0474,0.09502,0.94222
CVE-2006-0475,0.01364,0.84887
CVE-2006-0476,0.66547,0.97649
CVE-2006-0477,0.08559,0.93883
CVE-2006-0478,0.09652,0.94265
CVE-2006-0479,0.00706,0.78362
CVE-2006-0480,0.00484,0.73477
CVE-2006-0481,0.02582,0.89214
CVE-2006-0482,0.00060,0.23520
CVE-2006-0483,0.01809,0.86895
CVE-2006-0484,0.00657,0.77376
CVE-2006-0485,0.00060,0.23520
CVE-2006-0486,0.00060,0.23520
CVE-2006-0487,0.00214,0.59489
CVE-2006-0488,0.00044,0.07742
CVE-2006-0489,0.00060,0.23520
CVE-2006-0490,0.00790,0.79694
CVE-2006-0491,0.07139,0.93376
CVE-2006-0492,0.01211,0.83833
CVE-2006-0493,0.00677,0.77866
CVE-2006-0494,0.00042,0.05722
CVE-2006-0495,0.00259,0.63733
CVE-2006-0496,0.91474,0.98694
CVE-2006-0497,0.00793,0.79750
CVE-2006-0498,0.00677,0.77866
CVE-2006-0499,0.00677,0.77866
CVE-2006-0500,0.00728,0.78745
CVE-2006-0501,0.00286,0.65576
CVE-2006-0502,0.14767,0.95304
CVE-2006-0503,0.06699,0.93175
CVE-2006-0504,0.00876,0.80715
CVE-2006-0505,0.00327,0.67918
CVE-2006-0506,0.00615,0.76574
CVE-2006-0507,0.00615,0.76574
CVE-2006-0508,0.00651,0.77299
CVE-2006-0509,0.06456,0.93038
CVE-2006-0510,0.00591,0.76048
CVE-2006-0511,0.00070,0.28797
CVE-2006-0512,0.00042,0.05722
CVE-2006-0513,0.01086,0.82832
CVE-2006-0515,0.10856,0.94611
CVE-2006-0516,0.00063,0.25302
CVE-2006-0517,0.02136,0.88163
CVE-2006-0518,0.00437,0.72159
CVE-2006-0519,0.00658,0.77393
CVE-2006-0520,0.11099,0.94665
CVE-2006-0521,0.00615,0.76574
CVE-2006-0522,0.00839,0.80295
CVE-2006-0523,0.00649,0.77225
CVE-2006-0524,0.02936,0.89846
CVE-2006-0525,0.00044,0.08124
CVE-2006-0526,0.00044,0.08044
CVE-2006-0527,0.05939,0.92746
CVE-2006-0528,0.17355,0.95652
CVE-2006-0529,0.06668,0.93162
CVE-2006-0530,0.06844,0.93248
CVE-2006-0531,0.00063,0.25302
CVE-2006-0532,0.00867,0.80610
CVE-2006-0533,0.00630,0.76873
CVE-2006-0534,0.00452,0.72561
CVE-2006-0535,0.00131,0.47948
CVE-2006-0536,0.00677,0.77866
CVE-2006-0537,0.33262,0.96666
CVE-2006-0538,0.01442,0.85295
CVE-2006-0539,0.00043,0.07520
CVE-2006-0540,0.00221,0.60228
CVE-2006-0541,0.00677,0.77866
CVE-2006-0542,0.00734,0.78839
CVE-2006-0543,0.00272,0.64682
CVE-2006-0544,0.93936,0.98982
CVE-2006-0545,0.00784,0.79579
CVE-2006-0546,0.00822,0.80076
CVE-2006-0547,0.00874,0.80679
CVE-2006-0548,0.01032,0.82309
CVE-2006-0549,0.00680,0.77925
CVE-2006-0550,0.04482,0.91653
CVE-2006-0551,0.00445,0.72378
CVE-2006-0552,0.02084,0.87966
CVE-2006-0553,0.00573,0.75631
CVE-2006-0554,0.00044,0.08000
CVE-2006-0555,0.02858,0.89740
CVE-2006-0557,0.00105,0.42650
CVE-2006-0558,0.00060,0.23520
CVE-2006-0559,0.81786,0.98124
CVE-2006-0561,0.00042,0.05722
CVE-2006-0562,0.01013,0.82151
CVE-2006-0563,0.01066,0.82653
CVE-2006-0564,0.60957,0.97516
CVE-2006-0565,0.27127,0.96364
CVE-2006-0566,0.08587,0.93915
CVE-2006-0567,0.00349,0.68937
CVE-2006-0568,0.01733,0.86604
CVE-2006-0569,0.00286,0.65576
CVE-2006-0570,0.00372,0.69926
CVE-2006-0571,0.00831,0.80202
CVE-2006-0572,0.01234,0.84018
CVE-2006-0573,0.00972,0.81773
CVE-2006-0574,0.00587,0.75948
CVE-2006-0575,0.05995,0.92773
CVE-2006-0576,0.00042,0.05722
CVE-2006-0577,0.00042,0.05722
CVE-2006-0578,0.12828,0.95003
CVE-2006-0579,0.14576,0.95276
CVE-2006-0580,0.74231,0.97879
CVE-2006-0581,0.00371,0.69868
CVE-2006-0582,0.00104,0.42325
CVE-2006-0583,0.00784,0.79579
CVE-2006-0584,0.00042,0.05722
CVE-2006-0585,0.28131,0.96432
CVE-2006-0586,0.09785,0.94298
CVE-2006-0587,0.00684,0.77985
CVE-2006-0588,0.00278,0.65053
CVE-2006-0589,0.00551,0.75164
CVE-2006-0590,0.00489,0.73606
CVE-2006-0591,0.00064,0.26310
CVE-2006-0592,0.07682,0.93553
CVE-2006-0593,0.00614,0.76528
CVE-2006-0597,0.01029,0.82284
CVE-2006-0598,0.01076,0.82756
CVE-2006-0599,0.01371,0.84917
CVE-2006-0600,0.02149,0.88215
CVE-2006-0602,0.00621,0.76670
CVE-2006-0603,0.00798,0.79808
CVE-2006-0604,0.01639,0.86252
CVE-2006-0605,0.00831,0.80202
CVE-2006-0606,0.00649,0.77225
CVE-2006-0607,0.02838,0.89708
CVE-2006-0608,0.00743,0.78957
CVE-2006-0609,0.01195,0.83715
CVE-2006-0610,0.00650,0.77262
CVE-2006-0611,0.00660,0.77484
CVE-2006-0612,0.00042,0.05722
CVE-2006-0613,0.00723,0.78656
CVE-2006-0614,0.00707,0.78367
CVE-2006-0615,0.00670,0.77697
CVE-2006-0616,0.03155,0.90172
CVE-2006-0617,0.03155,0.90172
CVE-2006-0618,0.02461,0.88989
CVE-2006-0619,0.00042,0.05722
CVE-2006-0620,0.00042,0.00438
CVE-2006-0621,0.00043,0.07663
CVE-2006-0622,0.00060,0.23520
CVE-2006-0623,0.00042,0.00438
CVE-2006-0624,0.00421,0.71636
CVE-2006-0625,0.03707,0.90907
CVE-2006-0626,0.00960,0.81653
CVE-2006-0627,0.01195,0.83715
CVE-2006-0628,0.11297,0.94716
CVE-2006-0629,0.02402,0.88851
CVE-2006-0630,0.03039,0.90009
CVE-2006-0631,0.02816,0.89671
CVE-2006-0632,0.00738,0.78879
CVE-2006-0633,0.00361,0.69485
CVE-2006-0634,0.00070,0.28797
CVE-2006-0635,0.00044,0.10161
CVE-2006-0636,0.02234,0.88443
CVE-2006-0637,0.03401,0.90536
CVE-2006-0638,0.00573,0.75629
CVE-2006-0639,0.00399,0.70927
CVE-2006-0640,0.00044,0.10161
CVE-2006-0641,0.00180,0.55335
CVE-2006-0642,0.01488,0.85501
CVE-2006-0643,0.00615,0.76574
CVE-2006-0644,0.02308,0.88636
CVE-2006-0645,0.03019,0.89958
CVE-2006-0646,0.00042,0.05722
CVE-2006-0647,0.34007,0.96698
CVE-2006-0648,0.02293,0.88602
CVE-2006-0649,0.00677,0.77866
CVE-2006-0650,0.01029,0.82280
CVE-2006-0651,0.00227,0.61036
CVE-2006-0652,0.00272,0.64660
CVE-2006-0653,0.00278,0.65053
CVE-2006-0654,0.01653,0.86301
CVE-2006-0655,0.00397,0.70882
CVE-2006-0656,0.01312,0.84546
CVE-2006-0657,0.00257,0.63562
CVE-2006-0658,0.03132,0.90139
CVE-2006-0659,0.11546,0.94770
CVE-2006-0660,0.02094,0.88002
CVE-2006-0661,0.00831,0.80202
CVE-2006-0662,0.00614,0.76528
CVE-2006-0663,0.00692,0.78111
CVE-2006-0664,0.00426,0.71796
CVE-2006-0665,0.00288,0.65673
CVE-2006-0666,0.00043,0.07623
CVE-2006-0667,0.00042,0.05722
CVE-2006-0668,0.00221,0.60222
CVE-2006-0669,0.00317,0.67435
CVE-2006-0670,0.09641,0.94262
CVE-2006-0671,0.17811,0.95709
CVE-2006-0672,0.00472,0.73114
CVE-2006-0673,0.00822,0.80091
CVE-2006-0674,0.00043,0.07623
CVE-2006-0675,0.00830,0.80192
CVE-2006-0676,0.00830,0.80192
CVE-2006-0677,0.13060,0.95040
CVE-2006-0678,0.00044,0.08004
CVE-2006-0679,0.07856,0.93638
CVE-2006-0680,0.01068,0.82681
CVE-2006-0681,0.11423,0.94744
CVE-2006-0682,0.00677,0.77866
CVE-2006-0683,0.00831,0.80202
CVE-2006-0684,0.10320,0.94459
CVE-2006-0685,0.08908,0.94021
CVE-2006-0686,0.01830,0.86988
CVE-2006-0687,0.11949,0.94862
CVE-2006-0688,0.02451,0.88967
CVE-2006-0689,0.00831,0.80202
CVE-2006-0690,0.00793,0.79750
CVE-2006-0691,0.13454,0.95110
CVE-2006-0692,0.00864,0.80572
CVE-2006-0693,0.01016,0.82179
CVE-2006-0694,0.00977,0.81824
CVE-2006-0695,0.05005,0.92116
CVE-2006-0696,0.00649,0.77225
CVE-2006-0697,0.00888,0.80855
CVE-2006-0698,0.00327,0.67911
CVE-2006-0699,0.00532,0.74706
CVE-2006-0700,0.03898,0.91122
CVE-2006-0701,0.03067,0.90048
CVE-2006-0702,0.07164,0.93389
CVE-2006-0703,0.00403,0.71046
CVE-2006-0704,0.00658,0.77393
CVE-2006-0705,0.01609,0.86131
CVE-2006-0706,0.01109,0.83013
CVE-2006-0707,0.00794,0.79757
CVE-2006-0708,0.10058,0.94405
CVE-2006-0709,0.12087,0.94890
CVE-2006-0710,0.19213,0.95845
CVE-2006-0711,0.01814,0.86913
CVE-2006-0712,0.03568,0.90729
CVE-2006-0713,0.03147,0.90158
CVE-2006-0714,0.02737,0.89534
CVE-2006-0715,0.00315,0.67286
CVE-2006-0716,0.00538,0.74858
CVE-2006-0717,0.10135,0.94424
CVE-2006-0718,0.01337,0.84693
CVE-2006-0719,0.00784,0.79579
CVE-2006-0720,0.00663,0.77561
CVE-2006-0721,0.01451,0.85341
CVE-2006-0722,0.17307,0.95648
CVE-2006-0723,0.02565,0.89178
CVE-2006-0724,0.05020,0.92135
CVE-2006-0725,0.05988,0.92770
CVE-2006-0726,0.00690,0.78082
CVE-2006-0727,0.00918,0.81200
CVE-2006-0728,0.06009,0.92782
CVE-2006-0729,0.01070,0.82700
CVE-2006-0730,0.01834,0.87019
CVE-2006-0731,0.02525,0.89114
CVE-2006-0732,0.00715,0.78519
CVE-2006-0733,0.00368,0.69763
CVE-2006-0734,0.00409,0.71258
CVE-2006-0735,0.01070,0.82701
CVE-2006-0736,0.85504,0.98302
CVE-2006-0737,0.05277,0.92318
CVE-2006-0738,0.03922,0.91144
CVE-2006-0739,0.01834,0.87019
CVE-2006-0741,0.00127,0.47251
CVE-2006-0742,0.00130,0.47865
CVE-2006-0743,0.02412,0.88874
CVE-2006-0744,0.00105,0.42650
CVE-2006-0745,0.00060,0.23365
CVE-2006-0746,0.02744,0.89545
CVE-2006-0747,0.48595,0.97208
CVE-2006-0748,0.22822,0.96115
CVE-2006-0749,0.97291,0.99845
CVE-2006-0750,0.00294,0.66109
CVE-2006-0751,0.00433,0.71983
CVE-2006-0752,0.00951,0.81552
CVE-2006-0753,0.95614,0.99280
CVE-2006-0754,0.00622,0.76699
CVE-2006-0755,0.51853,0.97291
CVE-2006-0756,0.02696,0.89455
CVE-2006-0757,0.18377,0.95752
CVE-2006-0758,0.00594,0.76093
CVE-2006-0759,0.00590,0.76023
CVE-2006-0760,0.00273,0.64699
CVE-2006-0761,0.07010,0.93324
CVE-2006-0762,0.00042,0.05722
CVE-2006-0763,0.00259,0.63733
CVE-2006-0764,0.01464,0.85405
CVE-2006-0765,0.00272,0.64657
CVE-2006-0766,0.00272,0.64657
CVE-2006-0767,0.00910,0.81104
CVE-2006-0768,0.02521,0.89109
CVE-2006-0769,0.00063,0.25302
CVE-2006-0770,0.00286,0.65576
CVE-2006-0771,0.09287,0.94150
CVE-2006-0772,0.01093,0.82880
CVE-2006-0773,0.00854,0.80482
CVE-2006-0774,0.01451,0.85341
CVE-2006-0775,0.00854,0.80474
CVE-2006-0776,0.00972,0.81773
CVE-2006-0777,0.01897,0.87298
CVE-2006-0778,0.01211,0.83833
CVE-2006-0779,0.00722,0.78648
CVE-2006-0780,0.00831,0.80202
CVE-2006-0781,0.00654,0.77335
CVE-2006-0782,0.12448,0.94947
CVE-2006-0783,0.00718,0.78574
CVE-2006-0784,0.09562,0.94239
CVE-2006-0785,0.00380,0.70230
CVE-2006-0786,0.03091,0.90083
CVE-2006-0787,0.01434,0.85249
CVE-2006-0788,0.04015,0.91219
CVE-2006-0789,0.01898,0.87307
CVE-2006-0790,0.01834,0.87019
CVE-2006-0791,0.34885,0.96739
CVE-2006-0792,0.00532,0.74706
CVE-2006-0793,0.01068,0.82681
CVE-2006-0794,0.00651,0.77299
CVE-2006-0795,0.04916,0.92048
CVE-2006-0796,0.00677,0.77866
CVE-2006-0797,0.14781,0.95307
CVE-2006-0798,0.00351,0.69022
CVE-2006-0799,0.51886,0.97292
CVE-2006-0800,0.00401,0.70986
CVE-2006-0801,0.02350,0.88725
CVE-2006-0802,0.00615,0.76574
CVE-2006-0803,0.00216,0.59687
CVE-2006-0804,0.01086,0.82832
CVE-2006-0805,0.03202,0.90250
CVE-2006-0806,0.26972,0.96359
CVE-2006-0807,0.02110,0.88041
CVE-2006-0808,0.01189,0.83659
CVE-2006-0809,0.00648,0.77192
CVE-2006-0810,0.00257,0.63591
CVE-2006-0811,0.00868,0.80619
CVE-2006-0812,0.00060,0.23520
CVE-2006-0813,0.01835,0.87028
CVE-2006-0814,0.01029,0.82283
CVE-2006-0815,0.01344,0.84730
CVE-2006-0816,0.01825,0.86966
CVE-2006-0817,0.01554,0.85861
CVE-2006-0818,0.00700,0.78250
CVE-2006-0819,0.01207,0.83804
CVE-2006-0820,0.00614,0.76528
CVE-2006-0821,0.00307,0.66835
CVE-2006-0822,0.02871,0.89759
CVE-2006-0823,0.00658,0.77398
CVE-2006-0824,0.14704,0.95296
CVE-2006-0825,0.43861,0.97048
CVE-2006-0826,0.02149,0.88215
CVE-2006-0827,0.01068,0.82681
CVE-2006-0828,0.00677,0.77869
CVE-2006-0829,0.01852,0.87095
CVE-2006-0830,0.32733,0.96642
CVE-2006-0831,0.00642,0.77087
CVE-2006-0832,0.00831,0.80208
CVE-2006-0833,0.00677,0.77866
CVE-2006-0834,0.00734,0.78835
CVE-2006-0835,0.00798,0.79812
CVE-2006-0836,0.01068,0.82672
CVE-2006-0837,0.00042,0.05722
CVE-2006-0838,0.00042,0.05722
CVE-2006-0839,0.00713,0.78483
CVE-2006-0840,0.04484,0.91654
CVE-2006-0841,0.00746,0.79001
CVE-2006-0842,0.00630,0.76873
CVE-2006-0843,0.00977,0.81824
CVE-2006-0844,0.01234,0.84018
CVE-2006-0845,0.00350,0.68971
CVE-2006-0846,0.00679,0.77903
CVE-2006-0847,0.00843,0.80345
CVE-2006-0848,0.97469,0.99960
CVE-2006-0850,0.00649,0.77225
CVE-2006-0851,0.00886,0.80832
CVE-2006-0852,0.06161,0.92876
CVE-2006-0853,0.01462,0.85398
CVE-2006-0854,0.04216,0.91417
CVE-2006-0855,0.02517,0.89097
CVE-2006-0856,0.00621,0.76672
CVE-2006-0857,0.00229,0.61142
CVE-2006-0858,0.00042,0.05722
CVE-2006-0859,0.02072,0.87927
CVE-2006-0860,0.04283,0.91482
CVE-2006-0861,0.01089,0.82851
CVE-2006-0862,0.01344,0.84730
CVE-2006-0863,0.01160,0.83419
CVE-2006-0864,0.01830,0.86988
CVE-2006-0865,0.00947,0.81509
CVE-2006-0866,0.00591,0.76043
CVE-2006-0867,0.00327,0.67918
CVE-2006-0868,0.01033,0.82326
CVE-2006-0869,0.01733,0.86603
CVE-2006-0870,0.00665,0.77598
CVE-2006-0871,0.00512,0.74211
CVE-2006-0872,0.00759,0.79220
CVE-2006-0873,0.01854,0.87099
CVE-2006-0874,0.00433,0.71983
CVE-2006-0875,0.03670,0.90859
CVE-2006-0876,0.02149,0.88215
CVE-2006-0877,0.05896,0.92719
CVE-2006-0878,0.00954,0.81590
CVE-2006-0879,0.00909,0.81089
CVE-2006-0880,0.00819,0.80044
CVE-2006-0881,0.09903,0.94333
CVE-2006-0882,0.02726,0.89515
CVE-2006-0883,0.04500,0.91675
CVE-2006-0884,0.95166,0.99181
CVE-2006-0885,0.00649,0.77249
CVE-2006-0886,0.00677,0.77866
CVE-2006-0887,0.02881,0.89774
CVE-2006-0888,0.00960,0.81654
CVE-2006-0889,0.00677,0.77866
CVE-2006-0890,0.03468,0.90618
CVE-2006-0891,0.06363,0.92989
CVE-2006-0892,0.03306,0.90405
CVE-2006-0893,0.00561,0.75346
CVE-2006-0894,0.01323,0.84610
CVE-2006-0895,0.00743,0.78949
CVE-2006-0896,0.01252,0.84130
CVE-2006-0897,0.01274,0.84283
CVE-2006-0898,0.01146,0.83308
CVE-2006-0899,0.04388,0.91575
CVE-2006-0900,0.96594,0.99544
CVE-2006-0901,0.00118,0.45653
CVE-2006-0903,0.00062,0.24607
CVE-2006-0905,0.01830,0.86988
CVE-2006-0906,0.00886,0.80832
CVE-2006-0907,0.00157,0.52205
CVE-2006-0908,0.00434,0.72024
CVE-2006-0909,0.09439,0.94201
CVE-2006-0910,0.03330,0.90438
CVE-2006-0911,0.03037,0.90006
CVE-2006-0912,0.01834,0.87019
CVE-2006-0913,0.00260,0.63841
CVE-2006-0914,0.00206,0.58601
CVE-2006-0915,0.00529,0.74633
CVE-2006-0916,0.00598,0.76164
CVE-2006-0917,0.00042,0.05722
CVE-2006-0918,0.13904,0.95176
CVE-2006-0919,0.00599,0.76184
CVE-2006-0920,0.00042,0.00438
CVE-2006-0921,0.00597,0.76148
CVE-2006-0922,0.04128,0.91346
CVE-2006-0923,0.00830,0.80192
CVE-2006-0924,0.00677,0.77866
CVE-2006-0925,0.06198,0.92895
CVE-2006-0926,0.02795,0.89633
CVE-2006-0927,0.00723,0.78666
CVE-2006-0928,0.01038,0.82395
CVE-2006-0929,0.00391,0.70675
CVE-2006-0930,0.00259,0.63685
CVE-2006-0931,0.08231,0.93783
CVE-2006-0932,0.01239,0.84052
CVE-2006-0933,0.00315,0.67286
CVE-2006-0934,0.00587,0.75948
CVE-2006-0935,0.00346,0.68789
CVE-2006-0936,0.01358,0.84846
CVE-2006-0937,0.00628,0.76823
CVE-2006-0938,0.00860,0.80538
CVE-2006-0939,0.00501,0.73936
CVE-2006-0940,0.15107,0.95351
CVE-2006-0941,0.00866,0.80595
CVE-2006-0942,0.00227,0.61036
CVE-2006-0943,0.01333,0.84661
CVE-2006-0944,0.05928,0.92742
CVE-2006-0945,0.00474,0.73179
CVE-2006-0946,0.06456,0.93038
CVE-2006-0947,0.05102,0.92199
CVE-2006-0948,0.00060,0.23520
CVE-2006-0949,0.00910,0.81104
CVE-2006-0950,0.01441,0.85284
CVE-2006-0951,0.00045,0.12299
CVE-2006-0956,0.00359,0.69366
CVE-2006-0957,0.02255,0.88501
CVE-2006-0958,0.00432,0.71964
CVE-2006-0959,0.01509,0.85639
CVE-2006-0960,0.02970,0.89896
CVE-2006-0961,0.00664,0.77586
CVE-2006-0962,0.11099,0.94665
CVE-2006-0963,0.00042,0.05753
CVE-2006-0964,0.00042,0.05722
CVE-2006-0965,0.00042,0.05722
CVE-2006-0966,0.00042,0.05722
CVE-2006-0967,0.00042,0.05722
CVE-2006-0968,0.00060,0.23520
CVE-2006-0969,0.00734,0.78835
CVE-2006-0970,0.01168,0.83509
CVE-2006-0971,0.17529,0.95676
CVE-2006-0972,0.00479,0.73330
CVE-2006-0973,0.00909,0.81089
CVE-2006-0974,0.00542,0.74967
CVE-2006-0976,0.01737,0.86625
CVE-2006-0977,0.01068,0.82681
CVE-2006-0978,0.00614,0.76528
CVE-2006-0979,0.00575,0.75680
CVE-2006-0980,0.00286,0.65576
CVE-2006-0981,0.00819,0.80036
CVE-2006-0982,0.00242,0.62315
CVE-2006-0983,0.00621,0.76688
CVE-2006-0984,0.00830,0.80192
CVE-2006-0985,0.00716,0.78529
CVE-2006-0986,0.00898,0.80968
CVE-2006-0987,0.01568,0.85926
CVE-2006-0988,0.01479,0.85459
CVE-2006-0989,0.93010,0.98870
CVE-2006-0990,0.01373,0.84928
CVE-2006-0991,0.71349,0.97799
CVE-2006-0992,0.35092,0.96744
CVE-2006-0993,0.02098,0.88017
CVE-2006-0994,0.93551,0.98932
CVE-2006-0995,0.03363,0.90486
CVE-2006-0996,0.08985,0.94046
CVE-2006-0997,0.00971,0.81762
CVE-2006-0998,0.01307,0.84516
CVE-2006-0999,0.01232,0.84003
CVE-2006-1000,0.00172,0.54284
CVE-2006-10001,0.00070,0.28800
CVE-2006-1001,0.02746,0.89555
CVE-2006-1002,0.03583,0.90751
CVE-2006-1003,0.01149,0.83335
CVE-2006-1004,0.00477,0.73280
CVE-2006-1005,0.00652,0.77302
CVE-2006-1006,0.00355,0.69213
CVE-2006-1007,0.00603,0.76269
CVE-2006-1008,0.00803,0.79870
CVE-2006-1009,0.00042,0.05722
CVE-2006-1010,0.23802,0.96184
CVE-2006-1011,0.00042,0.05722
CVE-2006-1012,0.00649,0.77225
CVE-2006-1013,0.04907,0.92044
CVE-2006-1014,0.00086,0.35673
CVE-2006-1015,0.07353,0.93453
CVE-2006-1016,0.88043,0.98441
CVE-2006-1017,0.13035,0.95037
CVE-2006-1018,0.00096,0.39996
CVE-2006-1019,0.00169,0.53879
CVE-2006-1020,0.01111,0.83031
CVE-2006-1021,0.00532,0.74706
CVE-2006-1022,0.08858,0.94004
CVE-2006-1023,0.00905,0.81050
CVE-2006-1024,0.00649,0.77225
CVE-2006-1025,0.00802,0.79857
CVE-2006-1026,0.01573,0.85970
CVE-2006-1027,0.01038,0.82395
CVE-2006-1028,0.01834,0.87019
CVE-2006-1029,0.00846,0.80379
CVE-2006-1030,0.01038,0.82395
CVE-2006-1031,0.08223,0.93780
CVE-2006-1032,0.15107,0.95351
CVE-2006-1033,0.00716,0.78525
CVE-2006-1034,0.00176,0.54811
CVE-2006-1035,0.02629,0.89325
CVE-2006-1036,0.00314,0.67212
CVE-2006-1037,0.00296,0.66237
CVE-2006-1038,0.01898,0.87307
CVE-2006-1039,0.01436,0.85255
CVE-2006-1040,0.00688,0.78059
CVE-2006-1041,0.00615,0.76574
CVE-2006-1042,0.00597,0.76155
CVE-2006-1043,0.96572,0.99538
CVE-2006-1044,0.25436,0.96278
CVE-2006-1045,0.02962,0.89884
CVE-2006-1046,0.07937,0.93677
CVE-2006-1047,0.00262,0.63987
CVE-2006-1048,0.00414,0.71388
CVE-2006-1049,0.00173,0.54499
CVE-2006-1050,0.00042,0.05722
CVE-2006-1051,0.00649,0.77225
CVE-2006-1052,0.00062,0.24569
CVE-2006-1055,0.14052,0.95202
CVE-2006-1056,0.00101,0.41124
CVE-2006-1057,0.00043,0.07416
CVE-2006-1058,0.00042,0.05722
CVE-2006-1059,0.00059,0.23116
CVE-2006-1060,0.02128,0.88112
CVE-2006-1061,0.02955,0.89873
CVE-2006-1062,0.00910,0.81105
CVE-2006-1063,0.01948,0.87485
CVE-2006-1064,0.00485,0.73490
CVE-2006-1065,0.00421,0.71644
CVE-2006-1066,0.00060,0.23520
CVE-2006-1067,0.04688,0.91851
CVE-2006-1068,0.03019,0.89959
CVE-2006-1069,0.00432,0.71949
CVE-2006-1070,0.00946,0.81494
CVE-2006-1071,0.00946,0.81494
CVE-2006-1072,0.00286,0.65576
CVE-2006-1073,0.03185,0.90220
CVE-2006-1074,0.02149,0.88215
CVE-2006-1075,0.16335,0.95522
CVE-2006-1076,0.00549,0.75135
CVE-2006-1077,0.00677,0.77866
CVE-2006-1078,0.00045,0.11990
CVE-2006-1079,0.00060,0.23520
CVE-2006-1080,0.00946,0.81494
CVE-2006-1081,0.01121,0.83120
CVE-2006-1082,0.01105,0.82983
CVE-2006-1083,0.00703,0.78295
CVE-2006-1084,0.00881,0.80770
CVE-2006-1085,0.03762,0.90975
CVE-2006-1087,0.00871,0.80653
CVE-2006-1088,0.00951,0.81548
CVE-2006-1089,0.00414,0.71414
CVE-2006-1090,0.01364,0.84887
CVE-2006-1091,0.01296,0.84452
CVE-2006-1092,0.00063,0.25302
CVE-2006-1093,0.00872,0.80662
CVE-2006-1094,0.00572,0.75605
CVE-2006-1095,0.00060,0.23520
CVE-2006-1096,0.01105,0.82983
CVE-2006-1097,0.01713,0.86526
CVE-2006-1098,0.00557,0.75276
CVE-2006-1099,0.04579,0.91737
CVE-2006-1100,0.11739,0.94823
CVE-2006-1101,0.43429,0.97033
CVE-2006-1102,0.16726,0.95565
CVE-2006-1103,0.01834,0.87019
CVE-2006-1104,0.01184,0.83631
CVE-2006-1105,0.00948,0.81519
CVE-2006-1106,0.00587,0.75948
CVE-2006-1107,0.00433,0.71993
CVE-2006-1108,0.00918,0.81200
CVE-2006-1109,0.00450,0.72498
CVE-2006-1110,0.00923,0.81260
CVE-2006-1111,0.00465,0.72907
CVE-2006-1112,0.00658,0.77399
CVE-2006-1113,0.01051,0.82502
CVE-2006-1114,0.01711,0.86518
CVE-2006-1115,0.00387,0.70491
CVE-2006-1116,0.27266,0.96371
CVE-2006-1117,0.01359,0.84851
CVE-2006-1118,0.00427,0.71809
CVE-2006-1119,0.00122,0.46430
CVE-2006-1120,0.01299,0.84467
CVE-2006-1121,0.02838,0.89707
CVE-2006-1122,0.01089,0.82849
CVE-2006-1123,0.07865,0.93641
CVE-2006-1124,0.26755,0.96344
CVE-2006-1125,0.00060,0.23520
CVE-2006-1126,0.01359,0.84851
CVE-2006-1127,0.00487,0.73537
CVE-2006-1128,0.00843,0.80345
CVE-2006-1129,0.01895,0.87287
CVE-2006-1130,0.01309,0.84527
CVE-2006-1131,0.00710,0.78438
CVE-2006-1132,0.00227,0.61036
CVE-2006-1133,0.00649,0.77249
CVE-2006-1134,0.01075,0.82741
CVE-2006-1135,0.00991,0.81983
CVE-2006-1136,0.00764,0.79278
CVE-2006-1137,0.03978,0.91188
CVE-2006-1138,0.01451,0.85336
CVE-2006-1139,0.00663,0.77565
CVE-2006-1140,0.00572,0.75605
CVE-2006-1141,0.16069,0.95491
CVE-2006-1142,0.00977,0.81824
CVE-2006-1143,0.00312,0.67111
CVE-2006-1144,0.00649,0.77249
CVE-2006-1145,0.02946,0.89859
CVE-2006-1146,0.12269,0.94917
CVE-2006-1147,0.02018,0.87740
CVE-2006-1148,0.96329,0.99450
CVE-2006-1149,0.10026,0.94398
CVE-2006-1150,0.02208,0.88368
CVE-2006-1151,0.04788,0.91956
CVE-2006-1152,0.01068,0.82681
CVE-2006-1153,0.00678,0.77887
CVE-2006-1154,0.14802,0.95309
CVE-2006-1155,0.00434,0.72022
CVE-2006-1156,0.01392,0.85024
CVE-2006-1157,0.00718,0.78574
CVE-2006-1158,0.06610,0.93134
CVE-2006-1159,0.14856,0.95317
CVE-2006-1160,0.00587,0.75948
CVE-2006-1161,0.00190,0.56653
CVE-2006-1162,0.00985,0.81895
CVE-2006-1163,0.01113,0.83044
CVE-2006-1164,0.00731,0.78783
CVE-2006-1165,0.00677,0.77866
CVE-2006-1166,0.00070,0.28797
CVE-2006-1167,0.00042,0.05722
CVE-2006-1168,0.10325,0.94461
CVE-2006-1172,0.17795,0.95705
CVE-2006-1173,0.34944,0.96740
CVE-2006-1174,0.00150,0.51229
CVE-2006-1175,0.00393,0.70743
CVE-2006-1176,0.13031,0.95036
CVE-2006-1178,0.02234,0.88445
CVE-2006-1182,0.00044,0.08124
CVE-2006-1183,0.00042,0.00438
CVE-2006-1184,0.14383,0.95249
CVE-2006-1185,0.90552,0.98608
CVE-2006-1186,0.94584,0.99085
CVE-2006-1188,0.93581,0.98936
CVE-2006-1189,0.93026,0.98873
CVE-2006-1190,0.79488,0.98031
CVE-2006-1191,0.68389,0.97700
CVE-2006-1192,0.95177,0.99184
CVE-2006-1193,0.96606,0.99549
CVE-2006-1194,0.12018,0.94872
CVE-2006-1195,0.06766,0.93210
CVE-2006-1196,0.01470,0.85426
CVE-2006-1197,0.00042,0.05722
CVE-2006-1198,0.00042,0.05722
CVE-2006-1199,0.00484,0.73477
CVE-2006-1200,0.02255,0.88501
CVE-2006-1201,0.01102,0.82956
CVE-2006-1202,0.00649,0.77249
CVE-2006-1203,0.01573,0.85970
CVE-2006-1204,0.01475,0.85447
CVE-2006-1205,0.01826,0.86972
CVE-2006-1206,0.02725,0.89514
CVE-2006-1207,0.00857,0.80504
CVE-2006-1208,0.02269,0.88538
CVE-2006-1209,0.04285,0.91484
CVE-2006-1210,0.01152,0.83368
CVE-2006-1211,0.00613,0.76503
CVE-2006-1212,0.13402,0.95101
CVE-2006-1213,0.10246,0.94447
CVE-2006-1214,0.15384,0.95407
CVE-2006-1215,0.00273,0.64736
CVE-2006-1216,0.00916,0.81176
CVE-2006-1217,0.01644,0.86276
CVE-2006-1218,0.06332,0.92970
CVE-2006-1219,0.03663,0.90850
CVE-2006-1220,0.00042,0.05722
CVE-2006-1221,0.00043,0.07416
CVE-2006-1222,0.01214,0.83854
CVE-2006-1223,0.00789,0.79676
CVE-2006-1224,0.00652,0.77312
CVE-2006-1225,0.02614,0.89282
CVE-2006-1226,0.00485,0.73490
CVE-2006-1227,0.00478,0.73289
CVE-2006-1228,0.03236,0.90305
CVE-2006-1229,0.00327,0.67911
CVE-2006-1230,0.01142,0.83280
CVE-2006-1231,0.00042,0.05722
CVE-2006-1232,0.01200,0.83744
CVE-2006-1233,0.02102,0.88025
CVE-2006-1234,0.02905,0.89808
CVE-2006-1235,0.00448,0.72442
CVE-2006-1236,0.34620,0.96726
CVE-2006-1237,0.00918,0.81194
CVE-2006-1238,0.02819,0.89673
CVE-2006-1239,0.00477,0.73280
CVE-2006-1240,0.00042,0.00438
CVE-2006-1241,0.00042,0.05722
CVE-2006-1242,0.03183,0.90215
CVE-2006-1243,0.02484,0.89036
CVE-2006-1244,0.01250,0.84122
CVE-2006-1245,0.96763,0.99606
CVE-2006-1246,0.00043,0.07623
CVE-2006-1247,0.00042,0.05722
CVE-2006-1248,0.00059,0.22933
CVE-2006-1249,0.56317,0.97405
CVE-2006-1250,0.00432,0.71949
CVE-2006-1251,0.02719,0.89499
CVE-2006-1252,0.00753,0.79107
CVE-2006-1253,0.01290,0.84413
CVE-2006-1254,0.02666,0.89387
CVE-2006-1255,0.89527,0.98544
CVE-2006-1256,0.00814,0.79982
CVE-2006-1257,0.06174,0.92883
CVE-2006-1258,0.01350,0.84765
CVE-2006-1259,0.00544,0.75019
CVE-2006-1260,0.04924,0.92054
CVE-2006-1261,0.00431,0.71926
CVE-2006-1262,0.00747,0.79003
CVE-2006-1263,0.00143,0.50108
CVE-2006-1264,0.01240,0.84060
CVE-2006-1265,0.00538,0.74858
CVE-2006-1266,0.00516,0.74314
CVE-2006-1267,0.00349,0.68953
CVE-2006-1268,0.02564,0.89176
CVE-2006-1269,0.00042,0.00438
CVE-2006-1270,0.00272,0.64675
CVE-2006-1271,0.00960,0.81653
CVE-2006-1272,0.01465,0.85407
CVE-2006-1273,0.00799,0.79816
CVE-2006-1274,0.00060,0.23520
CVE-2006-1275,0.07616,0.93537
CVE-2006-1276,0.07225,0.93411
CVE-2006-1277,0.00614,0.76528
CVE-2006-1278,0.01360,0.84856
CVE-2006-1279,0.00167,0.53424
CVE-2006-1280,0.00425,0.71774
CVE-2006-1281,0.00376,0.70042
CVE-2006-1282,0.00755,0.79143
CVE-2006-1283,0.00060,0.23520
CVE-2006-1284,0.00043,0.07360
CVE-2006-1285,0.00043,0.07360
CVE-2006-1286,0.00043,0.07360
CVE-2006-1287,0.00214,0.59492
CVE-2006-1288,0.00239,0.62059
CVE-2006-1289,0.00993,0.81995
CVE-2006-1290,0.02135,0.88159
CVE-2006-1291,0.06699,0.93175
CVE-2006-1292,0.01629,0.86214
CVE-2006-1293,0.01665,0.86350
CVE-2006-1294,0.14502,0.95265
CVE-2006-1295,0.00477,0.73280
CVE-2006-1296,0.00264,0.64131
CVE-2006-1297,0.02580,0.89209
CVE-2006-1298,0.01854,0.87102
CVE-2006-1300,0.94876,0.99131
CVE-2006-1301,0.90872,0.98637
CVE-2006-1302,0.88270,0.98453
CVE-2006-1303,0.74758,0.97894
CVE-2006-1304,0.89452,0.98539
CVE-2006-1305,0.25502,0.96284
CVE-2006-1306,0.89566,0.98546
CVE-2006-1308,0.88158,0.98446
CVE-2006-1309,0.90872,0.98637
CVE-2006-1311,0.90183,0.98585
CVE-2006-1313,0.90403,0.98598
CVE-2006-1314,0.94763,0.99110
CVE-2006-1315,0.10940,0.94624
CVE-2006-1316,0.78831,0.98011
CVE-2006-1318,0.12444,0.94946
CVE-2006-1319,0.00104,0.42004
CVE-2006-1320,0.00466,0.72951
CVE-2006-1321,0.00286,0.65576
CVE-2006-1322,0.05630,0.92579
CVE-2006-1323,0.01129,0.83178
CVE-2006-1324,0.01586,0.86017
CVE-2006-1325,0.01601,0.86092
CVE-2006-1326,0.00857,0.80508
CVE-2006-1327,0.00886,0.80832
CVE-2006-1328,0.02782,0.89608
CVE-2006-1329,0.06610,0.93134
CVE-2006-1330,0.00320,0.67570
CVE-2006-1331,0.04140,0.91357
CVE-2006-1332,0.01168,0.83509
CVE-2006-1333,0.00498,0.73829
CVE-2006-1334,0.00608,0.76379
CVE-2006-1335,0.00195,0.57455
CVE-2006-1336,0.07979,0.93692
CVE-2006-1337,0.09617,0.94258
CVE-2006-1338,0.01948,0.87489
CVE-2006-1339,0.01873,0.87184
CVE-2006-1340,0.00500,0.73874
CVE-2006-1341,0.00804,0.79883
CVE-2006-1342,0.00042,0.00438
CVE-2006-1343,0.00064,0.26266
CVE-2006-1344,0.00830,0.80192
CVE-2006-1345,0.00488,0.73588
CVE-2006-1346,0.00543,0.75000
CVE-2006-1347,0.00772,0.79399
CVE-2006-1348,0.01015,0.82170
CVE-2006-1349,0.00991,0.81983
CVE-2006-1350,0.02234,0.88443
CVE-2006-1351,0.01434,0.85250
CVE-2006-1352,0.02518,0.89101
CVE-2006-1353,0.00723,0.78667
CVE-2006-1354,0.00391,0.70653
CVE-2006-1355,0.00060,0.23520
CVE-2006-1356,0.00643,0.77119
CVE-2006-1357,0.00991,0.81983
CVE-2006-1358,0.01248,0.84111
CVE-2006-1359,0.97266,0.99826
CVE-2006-1360,0.00159,0.52360
CVE-2006-1361,0.00677,0.77866
CVE-2006-1362,0.00221,0.60228
CVE-2006-1363,0.04237,0.91444
CVE-2006-1364,0.02127,0.88105
CVE-2006-1365,0.00535,0.74781
CVE-2006-1366,0.07881,0.93650
CVE-2006-1367,0.13516,0.95122
CVE-2006-1368,0.06790,0.93224
CVE-2006-1369,0.00813,0.79970
CVE-2006-1370,0.03201,0.90246
CVE-2006-1371,0.03185,0.90218
CVE-2006-1372,0.01051,0.82497
CVE-2006-1373,0.01105,0.82983
CVE-2006-1374,0.00886,0.80832
CVE-2006-1375,0.00910,0.81104
CVE-2006-1376,0.00042,0.05722
CVE-2006-1377,0.01431,0.85224
CVE-2006-1378,0.00070,0.29119
CVE-2006-1379,0.00042,0.05722
CVE-2006-1380,0.00042,0.05722
CVE-2006-1381,0.00242,0.62227
CVE-2006-1382,0.04317,0.91518
CVE-2006-1383,0.00398,0.70916
CVE-2006-1384,0.00688,0.78060
CVE-2006-1385,0.12380,0.94937
CVE-2006-1386,0.01884,0.87234
CVE-2006-1387,0.00505,0.74031
CVE-2006-1388,0.91277,0.98677
CVE-2006-1389,0.07030,0.93334
CVE-2006-1390,0.00044,0.08217
CVE-2006-1391,0.01352,0.84783
CVE-2006-1392,0.00691,0.78104
CVE-2006-1393,0.00691,0.78104
CVE-2006-1394,0.00874,0.80691
CVE-2006-1395,0.00227,0.61036
CVE-2006-1396,0.00286,0.65576
CVE-2006-1397,0.00518,0.74349
CVE-2006-1398,0.00972,0.81773
CVE-2006-1399,0.00677,0.77866
CVE-2006-1400,0.00414,0.71414
CVE-2006-1401,0.00677,0.77866
CVE-2006-1402,0.09217,0.94125
CVE-2006-1403,0.02047,0.87843
CVE-2006-1404,0.00484,0.73477
CVE-2006-1405,0.00414,0.71414
CVE-2006-1406,0.00414,0.71414
CVE-2006-1407,0.00606,0.76342
CVE-2006-1408,0.02456,0.88976
CVE-2006-1409,0.02105,0.88034
CVE-2006-1410,0.00587,0.75948
CVE-2006-1411,0.00477,0.73280
CVE-2006-1412,0.03416,0.90559
CVE-2006-1413,0.00698,0.78228
CVE-2006-1414,0.00411,0.71310
CVE-2006-1415,0.00414,0.71414
CVE-2006-1416,0.00414,0.71414
CVE-2006-1417,0.00468,0.72994
CVE-2006-1418,0.00411,0.71310
CVE-2006-1419,0.02178,0.88286
CVE-2006-1420,0.00678,0.77887
CVE-2006-1421,0.01071,0.82710
CVE-2006-1422,0.00270,0.64517
CVE-2006-1423,0.00183,0.55690
CVE-2006-1425,0.00649,0.77249
CVE-2006-1426,0.00501,0.73926
CVE-2006-1427,0.00789,0.79676
CVE-2006-1428,0.00649,0.77249
CVE-2006-1429,0.00718,0.78574
CVE-2006-1430,0.01206,0.83796
CVE-2006-1431,0.00718,0.78574
CVE-2006-1432,0.00488,0.73588
CVE-2006-1433,0.00692,0.78129
CVE-2006-1434,0.01601,0.86092
CVE-2006-1435,0.01601,0.86092
CVE-2006-1436,0.00677,0.77866
CVE-2006-1437,0.00651,0.77299
CVE-2006-1438,0.02676,0.89419
CVE-2006-1439,0.00260,0.63804
CVE-2006-1440,0.00078,0.32621
CVE-2006-1441,0.06939,0.93296
CVE-2006-1442,0.00948,0.81521
CVE-2006-1443,0.00507,0.74099
CVE-2006-1444,0.00061,0.23971
CVE-2006-1445,0.01326,0.84624
CVE-2006-1446,0.00816,0.80002
CVE-2006-1447,0.01091,0.82869
CVE-2006-1448,0.00507,0.74099
CVE-2006-1449,0.06939,0.93296
CVE-2006-1450,0.05329,0.92364
CVE-2006-1451,0.00061,0.23768
CVE-2006-1452,0.00061,0.23768
CVE-2006-1453,0.15055,0.95346
CVE-2006-1454,0.16128,0.95498
CVE-2006-1455,0.08671,0.93939
CVE-2006-1456,0.05329,0.92364
CVE-2006-1457,0.00607,0.76362
CVE-2006-1458,0.05793,0.92656
CVE-2006-1459,0.02376,0.88793
CVE-2006-1460,0.79875,0.98047
CVE-2006-1461,0.04375,0.91562
CVE-2006-1462,0.04326,0.91524
CVE-2006-1463,0.12816,0.95000
CVE-2006-1464,0.04436,0.91615
CVE-2006-1465,0.03073,0.90056
CVE-2006-1466,0.00898,0.80967
CVE-2006-1467,0.89186,0.98519
CVE-2006-1468,0.01070,0.82703
CVE-2006-1469,0.01601,0.86083
CVE-2006-1470,0.07460,0.93489
CVE-2006-1471,0.00060,0.23385
CVE-2006-1472,0.00879,0.80750
CVE-2006-1473,0.06064,0.92804
CVE-2006-1474,0.00141,0.49731
CVE-2006-1475,0.00044,0.10532
CVE-2006-1476,0.00312,0.67117
CVE-2006-1477,0.34467,0.96718
CVE-2006-1478,0.00971,0.81759
CVE-2006-1479,0.01202,0.83769
CVE-2006-1480,0.02203,0.88347
CVE-2006-1481,0.00292,0.65969
CVE-2006-1482,0.00484,0.73477
CVE-2006-1483,0.01207,0.83804
CVE-2006-1484,0.00042,0.05722
CVE-2006-1485,0.00818,0.80028
CVE-2006-1486,0.00718,0.78574
CVE-2006-1487,0.00718,0.78574
CVE-2006-1488,0.00910,0.81104
CVE-2006-1489,0.00227,0.61036
CVE-2006-1490,0.24710,0.96238
CVE-2006-1491,0.35102,0.96744
CVE-2006-1492,0.00697,0.78213
CVE-2006-1493,0.01140,0.83262
CVE-2006-1494,0.01218,0.83893
CVE-2006-1495,0.02114,0.88053
CVE-2006-1496,0.01207,0.83802
CVE-2006-1497,0.01388,0.85010
CVE-2006-1498,0.00939,0.81421
CVE-2006-1499,0.00804,0.79883
CVE-2006-1500,0.00917,0.81184
CVE-2006-1501,0.00505,0.74050
CVE-2006-1502,0.02747,0.89556
CVE-2006-1503,0.05798,0.92661
CVE-2006-1504,0.01261,0.84210
CVE-2006-1505,0.04488,0.91658
CVE-2006-1506,0.00044,0.10704
CVE-2006-1507,0.00599,0.76194
CVE-2006-1508,0.01397,0.85056
CVE-2006-1509,0.00060,0.23520
CVE-2006-1510,0.00639,0.77039
CVE-2006-1511,0.06209,0.92901
CVE-2006-1513,0.00729,0.78761
CVE-2006-1514,0.12807,0.94998
CVE-2006-1515,0.15464,0.95417
CVE-2006-1516,0.89392,0.98532
CVE-2006-1517,0.31392,0.96592
CVE-2006-1518,0.17116,0.95623
CVE-2006-1520,0.02421,0.88900
CVE-2006-1522,0.00062,0.24569
CVE-2006-1523,0.01017,0.82190
CVE-2006-1524,0.00147,0.50635
CVE-2006-1525,0.00062,0.24569
CVE-2006-1526,0.00095,0.39657
CVE-2006-1527,0.20443,0.95954
CVE-2006-1528,0.00130,0.47865
CVE-2006-1529,0.81800,0.98125
CVE-2006-1530,0.20339,0.95946
CVE-2006-1531,0.09665,0.94266
CVE-2006-1532,0.00587,0.75948
CVE-2006-1533,0.00804,0.79883
CVE-2006-1534,0.00569,0.75523
CVE-2006-1535,0.00195,0.57395
CVE-2006-1536,0.00157,0.52123
CVE-2006-1537,0.01029,0.82282
CVE-2006-1538,0.00097,0.40292
CVE-2006-1539,0.00209,0.58854
CVE-2006-1540,0.45519,0.97102
CVE-2006-1541,0.00874,0.80676
CVE-2006-1542,0.00042,0.00438
CVE-2006-1543,0.00658,0.77398
CVE-2006-1544,0.00615,0.76574
CVE-2006-1545,0.02343,0.88706
CVE-2006-1546,0.01548,0.85831
CVE-2006-1547,0.01420,0.85165
CVE-2006-1548,0.01459,0.85386
CVE-2006-1549,0.00045,0.12367
CVE-2006-1550,0.01283,0.84368
CVE-2006-1551,0.86758,0.98376
CVE-2006-1552,0.05797,0.92660
CVE-2006-1553,0.00804,0.79883
CVE-2006-1554,0.00615,0.76574
CVE-2006-1555,0.09484,0.94218
CVE-2006-1556,0.00706,0.78360
CVE-2006-1557,0.00791,0.79719
CVE-2006-1558,0.03078,0.90061
CVE-2006-1559,0.00183,0.55650
CVE-2006-1560,0.00748,0.79025
CVE-2006-1561,0.00940,0.81426
CVE-2006-1562,0.02676,0.89419
CVE-2006-1563,0.00637,0.76971
CVE-2006-1564,0.00042,0.05722
CVE-2006-1565,0.00042,0.05722
CVE-2006-1566,0.00042,0.05722
CVE-2006-1567,0.00419,0.71573
CVE-2006-1568,0.01261,0.84210
CVE-2006-1569,0.00557,0.75277
CVE-2006-1570,0.00414,0.71414
CVE-2006-1571,0.00887,0.80849
CVE-2006-1572,0.02178,0.88286
CVE-2006-1573,0.10026,0.94398
CVE-2006-1574,0.00414,0.71414
CVE-2006-1575,0.02676,0.89419
CVE-2006-1576,0.02255,0.88501
CVE-2006-1577,0.02539,0.89137
CVE-2006-1578,0.00189,0.56447
CVE-2006-1579,0.00305,0.66682
CVE-2006-1580,0.00649,0.77249
CVE-2006-1581,0.01991,0.87637
CVE-2006-1582,0.00322,0.67686
CVE-2006-1583,0.00275,0.64874
CVE-2006-1584,0.02258,0.88511
CVE-2006-1585,0.00487,0.73554
CVE-2006-1586,0.00670,0.77700
CVE-2006-1587,0.00042,0.05722
CVE-2006-1588,0.00042,0.05722
CVE-2006-1589,0.00042,0.05722
CVE-2006-1590,0.00649,0.77249
CVE-2006-1591,0.33622,0.96681
CVE-2006-1592,0.11970,0.94866
CVE-2006-1593,0.15036,0.95345
CVE-2006-1594,0.03048,0.90018
CVE-2006-1595,0.01246,0.84100
CVE-2006-1596,0.04317,0.91518
CVE-2006-1598,0.01165,0.83467
CVE-2006-1599,0.01552,0.85851
CVE-2006-1600,0.00184,0.55784
CVE-2006-1601,0.00044,0.10704
CVE-2006-1602,0.02374,0.88792
CVE-2006-1603,0.00574,0.75656
CVE-2006-1604,0.00409,0.71242
CVE-2006-1605,0.05005,0.92116
CVE-2006-1606,0.00339,0.68508
CVE-2006-1607,0.01074,0.82732
CVE-2006-1608,0.00042,0.00438
CVE-2006-1609,0.01834,0.87019
CVE-2006-1610,0.07918,0.93662
CVE-2006-1611,0.01234,0.84014
CVE-2006-1612,0.02676,0.89419
CVE-2006-1613,0.01051,0.82497
CVE-2006-1614,0.10681,0.94561
CVE-2006-1615,0.08929,0.94029
CVE-2006-1616,0.00154,0.51739
CVE-2006-1617,0.00193,0.57237
CVE-2006-1618,0.62077,0.97557
CVE-2006-1619,0.02688,0.89442
CVE-2006-1620,0.01207,0.83804
CVE-2006-1621,0.00187,0.56236
CVE-2006-1622,0.00436,0.72112
CVE-2006-1623,0.00719,0.78607
CVE-2006-1624,0.01216,0.83880
CVE-2006-1625,0.02954,0.89871
CVE-2006-1626,0.92620,0.98832
CVE-2006-1627,0.04773,0.91932
CVE-2006-1628,0.00285,0.65489
CVE-2006-1629,0.00613,0.76495
CVE-2006-1630,0.22843,0.96117
CVE-2006-1631,0.03363,0.90486
CVE-2006-1634,0.00328,0.67960
CVE-2006-1635,0.00378,0.70158
CVE-2006-1636,0.04322,0.91520
CVE-2006-1637,0.00690,0.78082
CVE-2006-1638,0.00840,0.80325
CVE-2006-1639,0.01033,0.82325
CVE-2006-1640,0.00690,0.78082
CVE-2006-1641,0.01704,0.86485
CVE-2006-1642,0.00677,0.77866
CVE-2006-1643,0.00649,0.77225
CVE-2006-1644,0.00692,0.78129
CVE-2006-1645,0.06481,0.93059
CVE-2006-1646,0.01834,0.87019
CVE-2006-1647,0.01960,0.87528
CVE-2006-1648,0.05082,0.92188
CVE-2006-1649,0.00064,0.26340
CVE-2006-1650,0.00307,0.66855
CVE-2006-1651,0.37169,0.96828
CVE-2006-1652,0.95131,0.99169
CVE-2006-1653,0.01522,0.85716
CVE-2006-1654,0.02052,0.87857
CVE-2006-1655,0.00264,0.64154
CVE-2006-1656,0.00042,0.05722
CVE-2006-1657,0.00614,0.76528
CVE-2006-1658,0.00814,0.79985
CVE-2006-1659,0.01151,0.83346
CVE-2006-1660,0.00436,0.72112
CVE-2006-1661,0.02620,0.89301
CVE-2006-1662,0.12323,0.94927
CVE-2006-1664,0.09841,0.94320
CVE-2006-1665,0.00259,0.63733
CVE-2006-1666,0.00327,0.67911
CVE-2006-1667,0.00741,0.78924
CVE-2006-1668,0.00848,0.80407
CVE-2006-1669,0.00549,0.75137
CVE-2006-1670,0.02866,0.89752
CVE-2006-1671,0.06808,0.93232
CVE-2006-1672,0.13207,0.95068
CVE-2006-1673,0.00481,0.73369
CVE-2006-1674,0.00175,0.54703
CVE-2006-1675,0.00789,0.79674
CVE-2006-1676,0.00470,0.73051
CVE-2006-1677,0.01042,0.82427
CVE-2006-1678,0.00896,0.80951
CVE-2006-1679,0.00789,0.79674
CVE-2006-1680,0.00651,0.77299
CVE-2006-1681,0.01015,0.82170
CVE-2006-1682,0.00789,0.79674
CVE-2006-1683,0.00554,0.75223
CVE-2006-1684,0.00264,0.64149
CVE-2006-1685,0.00958,0.81632
CVE-2006-1686,0.00427,0.71812
CVE-2006-1687,0.00259,0.63733
CVE-2006-1688,0.21684,0.96038
CVE-2006-1689,0.00060,0.23520
CVE-2006-1690,0.01900,0.87317
CVE-2006-1691,0.00940,0.81426
CVE-2006-1692,0.00221,0.60228
CVE-2006-1693,0.00496,0.73784
CVE-2006-1694,0.00572,0.75605
CVE-2006-1695,0.00042,0.05722
CVE-2006-1696,0.00414,0.71414
CVE-2006-1697,0.00991,0.81983
CVE-2006-1698,0.00275,0.64874
CVE-2006-1699,0.00886,0.80838
CVE-2006-1700,0.01290,0.84413
CVE-2006-1701,0.00991,0.81983
CVE-2006-1702,0.05054,0.92163
CVE-2006-1703,0.00954,0.81589
CVE-2006-1704,0.01687,0.86423
CVE-2006-1705,0.73735,0.97865
CVE-2006-1706,0.01260,0.84206
CVE-2006-1707,0.00703,0.78284
CVE-2006-1708,0.00886,0.80832
CVE-2006-1709,0.06481,0.93059
CVE-2006-1710,0.00855,0.80487
CVE-2006-1711,0.14566,0.95274
CVE-2006-1712,0.00306,0.66741
CVE-2006-1713,0.00706,0.78360
CVE-2006-1714,0.03284,0.90370
CVE-2006-1715,0.00318,0.67450
CVE-2006-1716,0.03744,0.90950
CVE-2006-1717,0.00528,0.74627
CVE-2006-1718,0.03372,0.90497
CVE-2006-1719,0.03058,0.90033
CVE-2006-1720,0.00546,0.75066
CVE-2006-1721,0.07344,0.93450
CVE-2006-1722,0.00436,0.72112
CVE-2006-1723,0.56397,0.97406
CVE-2006-1724,0.09099,0.94076
CVE-2006-1725,0.08442,0.93847
CVE-2006-1726,0.23441,0.96156
CVE-2006-1727,0.06140,0.92866
CVE-2006-1728,0.26104,0.96313
CVE-2006-1729,0.04599,0.91756
CVE-2006-1730,0.97377,0.99895
CVE-2006-1731,0.20452,0.95955
CVE-2006-1732,0.16439,0.95531
CVE-2006-1733,0.97123,0.99751
CVE-2006-1734,0.97328,0.99870
CVE-2006-1735,0.97491,0.99971
CVE-2006-1736,0.21848,0.96049
CVE-2006-1737,0.97146,0.99760
CVE-2006-1738,0.96848,0.99638
CVE-2006-1739,0.97278,0.99836
CVE-2006-1740,0.12267,0.94917
CVE-2006-1741,0.05746,0.92633
CVE-2006-1742,0.07666,0.93548
CVE-2006-1743,0.00221,0.60228
CVE-2006-1744,0.00060,0.23520
CVE-2006-1745,0.00315,0.67286
CVE-2006-1746,0.01251,0.84126
CVE-2006-1747,0.07376,0.93462
CVE-2006-1748,0.00286,0.65576
CVE-2006-1749,0.07918,0.93662
CVE-2006-1750,0.00546,0.75068
CVE-2006-1751,0.00355,0.69213
CVE-2006-1752,0.00677,0.77866
CVE-2006-1753,0.00042,0.05722
CVE-2006-1754,0.01302,0.84489
CVE-2006-1755,0.07865,0.93641
CVE-2006-1756,0.09484,0.94218
CVE-2006-1757,0.00193,0.57237
CVE-2006-1758,0.00572,0.75605
CVE-2006-1759,0.00946,0.81494
CVE-2006-1760,0.00789,0.79676
CVE-2006-1761,0.01105,0.82983
CVE-2006-1762,0.00578,0.75737
CVE-2006-1763,0.00333,0.68279
CVE-2006-1764,0.00628,0.76823
CVE-2006-1765,0.00706,0.78360
CVE-2006-1766,0.00153,0.51582
CVE-2006-1767,0.18567,0.95777
CVE-2006-1768,0.04682,0.91842
CVE-2006-1769,0.05214,0.92276
CVE-2006-1770,0.10019,0.94377
CVE-2006-1771,0.03341,0.90446
CVE-2006-1772,0.00042,0.05722
CVE-2006-1773,0.00256,0.63545
CVE-2006-1774,0.02290,0.88590
CVE-2006-1775,0.00662,0.77549
CVE-2006-1776,0.04617,0.91767
CVE-2006-1777,0.01721,0.86560
CVE-2006-1778,0.00569,0.75523
CVE-2006-1779,0.02081,0.87955
CVE-2006-1780,0.00063,0.25302
CVE-2006-1781,0.20896,0.95988
CVE-2006-1782,0.00046,0.12678
CVE-2006-1783,0.00195,0.57395
CVE-2006-1784,0.06574,0.93115
CVE-2006-1785,0.00273,0.64747
CVE-2006-1786,0.00699,0.78235
CVE-2006-1787,0.01060,0.82575
CVE-2006-1788,0.00913,0.81140
CVE-2006-1789,0.00841,0.80334
CVE-2006-1790,0.96635,0.99557
CVE-2006-1791,0.00525,0.74548
CVE-2006-1792,0.00518,0.74364
CVE-2006-1793,0.00900,0.81000
CVE-2006-1794,0.01512,0.85652
CVE-2006-1795,0.00259,0.63733
CVE-2006-1796,0.00310,0.67006
CVE-2006-1797,0.00060,0.23520
CVE-2006-1798,0.00940,0.81426
CVE-2006-1799,0.04308,0.91508
CVE-2006-1800,0.03884,0.91106
CVE-2006-1801,0.00718,0.78574
CVE-2006-1802,0.00649,0.77249
CVE-2006-1803,0.00955,0.81606
CVE-2006-1804,0.00966,0.81706
CVE-2006-1805,0.00931,0.81338
CVE-2006-1806,0.00615,0.76574
CVE-2006-1807,0.00544,0.75019
CVE-2006-1808,0.00718,0.78574
CVE-2006-1809,0.00658,0.77393
CVE-2006-1810,0.00169,0.53879
CVE-2006-1811,0.00189,0.56447
CVE-2006-1812,0.00692,0.78129
CVE-2006-1813,0.00657,0.77376
CVE-2006-1814,0.00060,0.23520
CVE-2006-1815,0.00677,0.77866
CVE-2006-1816,0.05273,0.92314
CVE-2006-1817,0.02171,0.88263
CVE-2006-1818,0.00304,0.66630
CVE-2006-1819,0.02636,0.89336
CVE-2006-1820,0.00456,0.72685
CVE-2006-1821,0.01991,0.87637
CVE-2006-1822,0.00830,0.80192
CVE-2006-1823,0.00681,0.77953
CVE-2006-1824,0.00615,0.76574
CVE-2006-1825,0.00835,0.80263
CVE-2006-1826,0.00566,0.75474
CVE-2006-1827,0.10225,0.94441
CVE-2006-1828,0.18208,0.95738
CVE-2006-1829,0.00266,0.64295
CVE-2006-1830,0.00045,0.12236
CVE-2006-1831,0.00973,0.81782
CVE-2006-1832,0.01257,0.84164
CVE-2006-1833,0.00910,0.81104
CVE-2006-1834,0.09455,0.94207
CVE-2006-1835,0.00991,0.81983
CVE-2006-1836,0.00060,0.23520
CVE-2006-1837,0.00538,0.74858
CVE-2006-1838,0.01090,0.82858
CVE-2006-1839,0.13860,0.95167
CVE-2006-1840,0.00498,0.73830
CVE-2006-1841,0.00677,0.77866
CVE-2006-1842,0.00587,0.75948
CVE-2006-1843,0.00259,0.63733
CVE-2006-1844,0.00042,0.05722
CVE-2006-1846,0.00280,0.65160
CVE-2006-1847,0.00588,0.75991
CVE-2006-1848,0.01036,0.82362
CVE-2006-1849,0.00958,0.81632
CVE-2006-1850,0.00532,0.74706
CVE-2006-1851,0.00591,0.76043
CVE-2006-1852,0.00305,0.66682
CVE-2006-1853,0.01223,0.83925
CVE-2006-1854,0.00141,0.49731
CVE-2006-1855,0.00137,0.49092
CVE-2006-1856,0.03930,0.91152
CVE-2006-1857,0.10531,0.94516
CVE-2006-1858,0.10710,0.94572
CVE-2006-1859,0.00072,0.29630
CVE-2006-1860,0.00331,0.68192
CVE-2006-1861,0.18102,0.95730
CVE-2006-1862,0.00060,0.23520
CVE-2006-1863,0.00060,0.23365
CVE-2006-1864,0.00060,0.23365
CVE-2006-1865,0.00871,0.80652
CVE-2006-1866,0.00789,0.79686
CVE-2006-1867,0.01293,0.84430
CVE-2006-1868,0.06017,0.92786
CVE-2006-1869,0.00864,0.80575
CVE-2006-1870,0.01143,0.83291
CVE-2006-1871,0.02491,0.89044
CVE-2006-1872,0.01293,0.84430
CVE-2006-1873,0.00924,0.81272
CVE-2006-1874,0.00761,0.79242
CVE-2006-1875,0.00731,0.78785
CVE-2006-1876,0.00319,0.67507
CVE-2006-1877,0.00237,0.61890
CVE-2006-1878,0.00991,0.81983
CVE-2006-1879,0.01758,0.86694
CVE-2006-1880,0.01482,0.85472
CVE-2006-1881,0.01315,0.84570
CVE-2006-1882,0.01410,0.85121
CVE-2006-1883,0.01315,0.84570
CVE-2006-1884,0.01315,0.84570
CVE-2006-1885,0.01482,0.85472
CVE-2006-1886,0.01482,0.85472
CVE-2006-1887,0.01482,0.85472
CVE-2006-1888,0.05630,0.92579
CVE-2006-1889,0.00614,0.76528
CVE-2006-1890,0.40476,0.96943
CVE-2006-1891,0.00690,0.78082
CVE-2006-1892,0.00042,0.05722
CVE-2006-1893,0.00706,0.78360
CVE-2006-1894,0.00169,0.53879
CVE-2006-1895,0.00412,0.71345
CVE-2006-1896,0.00696,0.78189
CVE-2006-1897,0.00910,0.81104
CVE-2006-1898,0.00630,0.76873
CVE-2006-1899,0.00587,0.75948
CVE-2006-1900,0.20676,0.95967
CVE-2006-1901,0.00235,0.61658
CVE-2006-1902,0.00061,0.23941
CVE-2006-1903,0.00259,0.63733
CVE-2006-1904,0.00169,0.53879
CVE-2006-1905,0.32965,0.96650
CVE-2006-1906,0.00718,0.78574
CVE-2006-1907,0.00439,0.72201
CVE-2006-1908,0.00495,0.73765
CVE-2006-1909,0.01824,0.86961
CVE-2006-1910,0.00540,0.74920
CVE-2006-1911,0.00286,0.65576
CVE-2006-1912,0.01262,0.84219
CVE-2006-1913,0.03293,0.90390
CVE-2006-1914,0.00628,0.76823
CVE-2006-1915,0.00311,0.67057
CVE-2006-1916,0.01220,0.83910
CVE-2006-1917,0.00835,0.80248
CVE-2006-1918,0.00229,0.61142
CVE-2006-1919,0.10026,0.94398
CVE-2006-1920,0.00720,0.78620
CVE-2006-1921,0.03101,0.90095
CVE-2006-1922,0.17757,0.95701
CVE-2006-1923,0.00587,0.75948
CVE-2006-1924,0.00696,0.78193
CVE-2006-1925,0.00377,0.70074
CVE-2006-1926,0.04026,0.91231
CVE-2006-1927,0.02149,0.88215
CVE-2006-1928,0.03363,0.90486
CVE-2006-1929,0.03600,0.90776
CVE-2006-1930,0.00506,0.74053
CVE-2006-1931,0.03692,0.90893
CVE-2006-1932,0.01145,0.83302
CVE-2006-1933,0.01643,0.86272
CVE-2006-1934,0.04458,0.91633
CVE-2006-1935,0.04274,0.91475
CVE-2006-1936,0.02658,0.89377
CVE-2006-1937,0.02197,0.88332
CVE-2006-1938,0.01643,0.86272
CVE-2006-1939,0.02197,0.88332
CVE-2006-1940,0.01643,0.86272
CVE-2006-1941,0.16031,0.95485
CVE-2006-1942,0.00993,0.81995
CVE-2006-1943,0.00991,0.81983
CVE-2006-1944,0.00991,0.81983
CVE-2006-1945,0.00270,0.64515
CVE-2006-1946,0.00991,0.81983
CVE-2006-1947,0.00501,0.73936
CVE-2006-1948,0.00189,0.56514
CVE-2006-1949,0.00322,0.67701
CVE-2006-1950,0.00718,0.78574
CVE-2006-1951,0.00838,0.80284
CVE-2006-1952,0.00654,0.77335
CVE-2006-1953,0.00718,0.78585
CVE-2006-1954,0.01513,0.85660
CVE-2006-1955,0.03462,0.90613
CVE-2006-1956,0.00399,0.70946
CVE-2006-1957,0.01984,0.87615
CVE-2006-1958,0.00471,0.73077
CVE-2006-1959,0.14964,0.95331
CVE-2006-1960,0.01837,0.87036
CVE-2006-1961,0.00760,0.79234
CVE-2006-1962,0.00811,0.79952
CVE-2006-1963,0.00520,0.74394
CVE-2006-1964,0.00457,0.72721
CVE-2006-1965,0.00789,0.79676
CVE-2006-1966,0.01216,0.83880
CVE-2006-1967,0.00615,0.76574
CVE-2006-1968,0.00587,0.75948
CVE-2006-1969,0.00587,0.75948
CVE-2006-1970,0.00587,0.75948
CVE-2006-1971,0.00991,0.81983
CVE-2006-1972,0.00615,0.76574
CVE-2006-1973,0.08596,0.93916
CVE-2006-1974,0.01321,0.84593
CVE-2006-1975,0.00259,0.63733
CVE-2006-1976,0.00169,0.53879
CVE-2006-1977,0.00677,0.77866
CVE-2006-1978,0.00096,0.39996
CVE-2006-1979,0.00789,0.79674
CVE-2006-1980,0.00718,0.78574
CVE-2006-1981,0.00052,0.17666
CVE-2006-1982,0.41000,0.96964
CVE-2006-1983,0.10773,0.94593
CVE-2006-1984,0.09991,0.94371
CVE-2006-1985,0.02138,0.88169
CVE-2006-1986,0.80017,0.98051
CVE-2006-1987,0.79916,0.98048
CVE-2006-1988,0.03488,0.90639
CVE-2006-1989,0.06801,0.93231
CVE-2006-1990,0.03664,0.90852
CVE-2006-1991,0.03488,0.90640
CVE-2006-1992,0.96331,0.99452
CVE-2006-1993,0.96046,0.99374
CVE-2006-1994,0.16627,0.95553
CVE-2006-1995,0.01847,0.87077
CVE-2006-1996,0.01165,0.83467
CVE-2006-1997,0.00042,0.05722
CVE-2006-1998,0.00042,0.05722
CVE-2006-1999,0.03544,0.90706
CVE-2006-2000,0.00587,0.75948
CVE-2006-20001,0.00158,0.52344
CVE-2006-2001,0.00433,0.71993
CVE-2006-2002,0.05007,0.92119
CVE-2006-2003,0.00259,0.63733
CVE-2006-2004,0.00769,0.79369
CVE-2006-2005,0.16754,0.95568
CVE-2006-2006,0.01082,0.82806
CVE-2006-2007,0.35786,0.96769
CVE-2006-2008,0.10026,0.94398
CVE-2006-2009,0.25145,0.96266
CVE-2006-2010,0.00575,0.75687
CVE-2006-2011,0.00923,0.81260
CVE-2006-2012,0.11061,0.94648
CVE-2006-2013,0.00946,0.81494
CVE-2006-2014,0.00642,0.77102
CVE-2006-2015,0.00667,0.77654
CVE-2006-2016,0.00699,0.78239
CVE-2006-2017,0.02149,0.88215
CVE-2006-2018,0.00156,0.52050
CVE-2006-2019,0.09689,0.94271
CVE-2006-2020,0.02714,0.89492
CVE-2006-2021,0.01351,0.84774
CVE-2006-2022,0.27976,0.96421
CVE-2006-2023,0.06766,0.93210
CVE-2006-2024,0.04329,0.91527
CVE-2006-2025,0.00503,0.73981
CVE-2006-2026,0.00442,0.72287
CVE-2006-2027,0.01298,0.84464
CVE-2006-2028,0.00526,0.74565
CVE-2006-2029,0.00649,0.77199
CVE-2006-2030,0.00327,0.67918
CVE-2006-2031,0.00286,0.65576
CVE-2006-2032,0.00459,0.72777
CVE-2006-2033,0.00487,0.73549
CVE-2006-2034,0.00305,0.66682
CVE-2006-2035,0.00042,0.05722
CVE-2006-2036,0.00071,0.29383
CVE-2006-2037,0.00315,0.67286
CVE-2006-2038,0.00636,0.76965
CVE-2006-2039,0.00439,0.72201
CVE-2006-2040,0.00698,0.78226
CVE-2006-2041,0.00591,0.76043
CVE-2006-2042,0.01068,0.82672
CVE-2006-2043,0.00042,0.00438
CVE-2006-2044,0.00548,0.75116
CVE-2006-2045,0.00042,0.05722
CVE-2006-2046,0.00649,0.77199
CVE-2006-2047,0.00696,0.78193
CVE-2006-2048,0.00991,0.81983
CVE-2006-2049,0.01015,0.82170
CVE-2006-2050,0.00600,0.76208
CVE-2006-2051,0.00710,0.78438
CVE-2006-2052,0.00789,0.79674
CVE-2006-2053,0.00619,0.76649
CVE-2006-2054,0.04688,0.91851
CVE-2006-2055,0.20799,0.95980
CVE-2006-2056,0.08146,0.93750
CVE-2006-2057,0.01936,0.87443
CVE-2006-2058,0.01164,0.83456
CVE-2006-2059,0.48466,0.97202
CVE-2006-2060,0.00565,0.75456
CVE-2006-2061,0.01657,0.86316
CVE-2006-2062,0.01384,0.84985
CVE-2006-2063,0.02444,0.88951
CVE-2006-2064,0.00063,0.25302
CVE-2006-2065,0.00784,0.79568
CVE-2006-2066,0.02310,0.88641
CVE-2006-2067,0.00480,0.73363
CVE-2006-2068,0.01834,0.87019
CVE-2006-2069,0.05001,0.92113
CVE-2006-2070,0.01724,0.86568
CVE-2006-2071,0.00064,0.26266
CVE-2006-2072,0.03292,0.90386
CVE-2006-2073,0.08155,0.93755
CVE-2006-2074,0.01821,0.86950
CVE-2006-2075,0.02289,0.88589
CVE-2006-2076,0.08541,0.93879
CVE-2006-2077,0.00607,0.76352
CVE-2006-2078,0.05369,0.92396
CVE-2006-2079,0.00946,0.81494
CVE-2006-2080,0.02392,0.88828
CVE-2006-2081,0.97433,0.99937
CVE-2006-2082,0.01100,0.82942
CVE-2006-2083,0.02020,0.87748
CVE-2006-2084,0.00860,0.80538
CVE-2006-2085,0.08479,0.93861
CVE-2006-2086,0.91809,0.98735
CVE-2006-2087,0.04688,0.91851
CVE-2006-2088,0.00232,0.61405
CVE-2006-2089,0.00315,0.67286
CVE-2006-2090,0.00159,0.52360
CVE-2006-2091,0.00628,0.76823
CVE-2006-2092,0.04250,0.91451
CVE-2006-2093,0.05269,0.92312
CVE-2006-2094,0.29765,0.96516
CVE-2006-2095,0.01051,0.82502
CVE-2006-2096,0.00628,0.76823
CVE-2006-2097,0.00556,0.75270
CVE-2006-2098,0.00734,0.78835
CVE-2006-2099,0.06821,0.93240
CVE-2006-2100,0.00708,0.78382
CVE-2006-2101,0.12956,0.95027
CVE-2006-2102,0.00708,0.78382
CVE-2006-2103,0.00616,0.76582
CVE-2006-2104,0.01900,0.87317
CVE-2006-2105,0.00165,0.53204
CVE-2006-2106,0.00429,0.71855
CVE-2006-2107,0.11876,0.94850
CVE-2006-2108,0.03347,0.90460
CVE-2006-2109,0.02705,0.89472
CVE-2006-2110,0.00073,0.30222
CVE-2006-2111,0.03525,0.90680
CVE-2006-2112,0.02407,0.88866
CVE-2006-2113,0.07360,0.93455
CVE-2006-2114,0.02585,0.89223
CVE-2006-2115,0.01450,0.85334
CVE-2006-2116,0.03998,0.91204
CVE-2006-2117,0.00609,0.76399
CVE-2006-2118,0.01335,0.84677
CVE-2006-2119,0.08232,0.93783
CVE-2006-2120,0.11694,0.94805
CVE-2006-2121,0.05830,0.92679
CVE-2006-2122,0.08795,0.93981
CVE-2006-2123,0.00471,0.73077
CVE-2006-2124,0.00484,0.73477
CVE-2006-2126,0.00752,0.79085
CVE-2006-2127,0.01834,0.87021
CVE-2006-2128,0.00846,0.80379
CVE-2006-2129,0.00379,0.70206
CVE-2006-2130,0.00626,0.76786
CVE-2006-2131,0.03728,0.90936
CVE-2006-2132,0.00117,0.45465
CVE-2006-2133,0.00184,0.55784
CVE-2006-2134,0.06574,0.93115
CVE-2006-2135,0.00649,0.77225
CVE-2006-2136,0.00966,0.81706
CVE-2006-2137,0.09741,0.94286
CVE-2006-2138,0.00991,0.81983
CVE-2006-2139,0.00619,0.76649
CVE-2006-2140,0.00649,0.77249
CVE-2006-2141,0.00484,0.73477
CVE-2006-2142,0.17757,0.95701
CVE-2006-2143,0.00991,0.81983
CVE-2006-2144,0.04587,0.91743
CVE-2006-2145,0.00520,0.74395
CVE-2006-2146,0.00587,0.75948
CVE-2006-2147,0.00042,0.05722
CVE-2006-2148,0.11258,0.94709
CVE-2006-2149,0.03842,0.91060
CVE-2006-2150,0.00760,0.79229
CVE-2006-2151,0.10026,0.94398
CVE-2006-2152,0.10026,0.94398
CVE-2006-2153,0.00677,0.77866
CVE-2006-2154,0.00042,0.05722
CVE-2006-2155,0.00042,0.05722
CVE-2006-2156,0.01434,0.85248
CVE-2006-2157,0.00184,0.55784
CVE-2006-2158,0.01143,0.83284
CVE-2006-2159,0.01273,0.84272
CVE-2006-2160,0.00677,0.77866
CVE-2006-2161,0.02926,0.89834
CVE-2006-2162,0.10851,0.94608
CVE-2006-2163,0.00789,0.79674
CVE-2006-2164,0.00573,0.75636
CVE-2006-2165,0.00608,0.76370
CVE-2006-2166,0.00323,0.67708
CVE-2006-2167,0.00587,0.75948
CVE-2006-2168,0.01335,0.84677
CVE-2006-2169,0.00488,0.73588
CVE-2006-2170,0.06266,0.92934
CVE-2006-2171,0.03772,0.90989
CVE-2006-2172,0.04811,0.91974
CVE-2006-2173,0.05192,0.92264
CVE-2006-2174,0.06456,0.93038
CVE-2006-2175,0.05973,0.92764
CVE-2006-2176,0.00789,0.79674
CVE-2006-2177,0.00886,0.80838
CVE-2006-2178,0.00518,0.74356
CVE-2006-2179,0.00474,0.73153
CVE-2006-2180,0.20088,0.95925
CVE-2006-2181,0.00787,0.79615
CVE-2006-2182,0.05011,0.92128
CVE-2006-2183,0.00060,0.23520
CVE-2006-2184,0.00677,0.77866
CVE-2006-2185,0.00220,0.60211
CVE-2006-2186,0.00681,0.77931
CVE-2006-2187,0.01654,0.86305
CVE-2006-2188,0.02539,0.89137
CVE-2006-2189,0.00648,0.77190
CVE-2006-2190,0.05338,0.92368
CVE-2006-2191,0.01115,0.83055
CVE-2006-2193,0.01822,0.86956
CVE-2006-2194,0.00060,0.23520
CVE-2006-2195,0.03628,0.90802
CVE-2006-2196,0.00060,0.23520
CVE-2006-2197,0.01065,0.82652
CVE-2006-2198,0.01921,0.87394
CVE-2006-2199,0.02068,0.87912
CVE-2006-2200,0.04355,0.91546
CVE-2006-2201,0.00070,0.28797
CVE-2006-2202,0.00613,0.76504
CVE-2006-2203,0.00554,0.75239
CVE-2006-2204,0.00542,0.74966
CVE-2006-2205,0.00042,0.05722
CVE-2006-2206,0.00826,0.80134
CVE-2006-2208,0.00946,0.81494
CVE-2006-2209,0.00637,0.76969
CVE-2006-2210,0.00512,0.74225
CVE-2006-2211,0.03116,0.90119
CVE-2006-2212,0.06557,0.93090
CVE-2006-2213,0.09326,0.94166
CVE-2006-2214,0.00972,0.81769
CVE-2006-2216,0.00591,0.76043
CVE-2006-2217,0.00265,0.64182
CVE-2006-2218,0.71132,0.97793
CVE-2006-2219,0.01803,0.86863
CVE-2006-2220,0.00844,0.80356
CVE-2006-2221,0.00060,0.23520
CVE-2006-2222,0.19447,0.95874
CVE-2006-2223,0.02481,0.89031
CVE-2006-2224,0.14240,0.95231
CVE-2006-2225,0.26272,0.96324
CVE-2006-2226,0.16043,0.95486
CVE-2006-2227,0.00690,0.78082
CVE-2006-2228,0.00241,0.62219
CVE-2006-2229,0.01600,0.86077
CVE-2006-2230,0.00738,0.78887
CVE-2006-2231,0.00615,0.76574
CVE-2006-2232,0.01105,0.82983
CVE-2006-2233,0.26755,0.96344
CVE-2006-2234,0.00521,0.74421
CVE-2006-2235,0.00678,0.77882
CVE-2006-2236,0.05642,0.92583
CVE-2006-2237,0.94663,0.99097
CVE-2006-2238,0.79622,0.98033
CVE-2006-2239,0.00917,0.81184
CVE-2006-2240,0.02234,0.88445
CVE-2006-2241,0.03535,0.90696
CVE-2006-2242,0.09092,0.94074
CVE-2006-2243,0.00943,0.81455
CVE-2006-2244,0.00600,0.76208
CVE-2006-2245,0.08467,0.93857
CVE-2006-2246,0.01015,0.82170
CVE-2006-2247,0.01165,0.83467
CVE-2006-2248,0.00910,0.81104
CVE-2006-2249,0.01029,0.82280
CVE-2006-2250,0.01038,0.82395
CVE-2006-2251,0.00414,0.71426
CVE-2006-2252,0.02714,0.89492
CVE-2006-2253,0.10026,0.94398
CVE-2006-2254,0.09562,0.94239
CVE-2006-2255,0.00884,0.80792
CVE-2006-2256,0.03188,0.90222
CVE-2006-2257,0.00587,0.75948
CVE-2006-2258,0.00430,0.71899
CVE-2006-2259,0.00800,0.79828
CVE-2006-2260,0.00477,0.73280
CVE-2006-2261,0.15334,0.95397
CVE-2006-2262,0.00991,0.81983
CVE-2006-2263,0.00670,0.77700
CVE-2006-2264,0.00306,0.66771
CVE-2006-2265,0.01458,0.85385
CVE-2006-2266,0.00649,0.77225
CVE-2006-2267,0.08587,0.93915
CVE-2006-2268,0.04805,0.91969
CVE-2006-2269,0.00315,0.67286
CVE-2006-2270,0.16445,0.95532
CVE-2006-2271,0.22125,0.96065
CVE-2006-2272,0.22364,0.96086
CVE-2006-2273,0.04261,0.91464
CVE-2006-2274,0.19734,0.95895
CVE-2006-2275,0.09326,0.94166
CVE-2006-2276,0.07891,0.93653
CVE-2006-2277,0.00924,0.81280
CVE-2006-2278,0.00951,0.81552
CVE-2006-2279,0.00636,0.76965
CVE-2006-2280,0.01711,0.86518
CVE-2006-2281,0.03416,0.90559
CVE-2006-2282,0.00615,0.76574
CVE-2006-2283,0.05933,0.92744
CVE-2006-2284,0.01640,0.86254
CVE-2006-2285,0.08772,0.93977
CVE-2006-2286,0.02050,0.87852
CVE-2006-2287,0.00286,0.65576
CVE-2006-2288,0.00060,0.23520
CVE-2006-2289,0.00042,0.05722
CVE-2006-2290,0.01601,0.86092
CVE-2006-2291,0.00477,0.73280
CVE-2006-2292,0.00487,0.73554
CVE-2006-2293,0.00652,0.77304
CVE-2006-2294,0.01440,0.85276
CVE-2006-2295,0.03267,0.90348
CVE-2006-2296,0.00652,0.77304
CVE-2006-2297,0.87932,0.98434
CVE-2006-2298,0.06610,0.93134
CVE-2006-2300,0.00608,0.76382
CVE-2006-2301,0.00728,0.78731
CVE-2006-2302,0.00211,0.59051
CVE-2006-2303,0.01165,0.83467
CVE-2006-2304,0.16600,0.95548
CVE-2006-2305,0.00677,0.77866
CVE-2006-2306,0.00947,0.81511
CVE-2006-2307,0.00434,0.72022
CVE-2006-2308,0.00351,0.69022
CVE-2006-2309,0.00391,0.70665
CVE-2006-2310,0.02958,0.89878
CVE-2006-2311,0.00286,0.65576
CVE-2006-2312,0.00877,0.80731
CVE-2006-2313,0.01676,0.86383
CVE-2006-2314,0.02357,0.88743
CVE-2006-2315,0.12918,0.95020
CVE-2006-2316,0.00043,0.07477
CVE-2006-2317,0.01207,0.83804
CVE-2006-2318,0.10566,0.94524
CVE-2006-2319,0.03587,0.90756
CVE-2006-2320,0.00636,0.76965
CVE-2006-2321,0.00614,0.76528
CVE-2006-2322,0.01284,0.84373
CVE-2006-2323,0.18176,0.95733
CVE-2006-2324,0.00520,0.74392
CVE-2006-2325,0.00792,0.79732
CVE-2006-2326,0.00681,0.77953
CVE-2006-2327,0.65792,0.97635
CVE-2006-2328,0.00390,0.70631
CVE-2006-2329,0.00427,0.71800
CVE-2006-2330,0.00475,0.73181
CVE-2006-2331,0.00628,0.76832
CVE-2006-2332,0.02722,0.89505
CVE-2006-2333,0.00263,0.64054
CVE-2006-2334,0.00080,0.33201
CVE-2006-2335,0.00581,0.75808
CVE-2006-2336,0.01115,0.83062
CVE-2006-2337,0.00617,0.76602
CVE-2006-2338,0.01152,0.83368
CVE-2006-2339,0.00692,0.78129
CVE-2006-2340,0.00615,0.76574
CVE-2006-2341,0.00778,0.79503
CVE-2006-2342,0.15514,0.95422
CVE-2006-2343,0.00286,0.65576
CVE-2006-2344,0.00600,0.76208
CVE-2006-2345,0.00232,0.61405
CVE-2006-2346,0.01749,0.86664
CVE-2006-2347,0.00717,0.78552
CVE-2006-2348,0.00848,0.80405
CVE-2006-2349,0.15101,0.95350
CVE-2006-2351,0.00182,0.55527
CVE-2006-2352,0.00285,0.65527
CVE-2006-2353,0.00528,0.74608
CVE-2006-2354,0.00240,0.62083
CVE-2006-2355,0.01927,0.87417
CVE-2006-2356,0.00814,0.79984
CVE-2006-2357,0.00506,0.74069
CVE-2006-2358,0.00286,0.65576
CVE-2006-2359,0.03740,0.90945
CVE-2006-2360,0.11099,0.94665
CVE-2006-2361,0.23653,0.96175
CVE-2006-2362,0.01135,0.83229
CVE-2006-2363,0.00388,0.70530
CVE-2006-2364,0.00355,0.69210
CVE-2006-2365,0.00199,0.57832
CVE-2006-2366,0.00466,0.72929
CVE-2006-2367,0.01603,0.86111
CVE-2006-2368,0.01036,0.82362
CVE-2006-2369,0.97175,0.99775
CVE-2006-2370,0.92561,0.98821
CVE-2006-2371,0.93760,0.98960
CVE-2006-2372,0.96263,0.99425
CVE-2006-2373,0.00626,0.76780
CVE-2006-2374,0.00056,0.21089
CVE-2006-2376,0.48227,0.97183
CVE-2006-2378,0.84122,0.98234
CVE-2006-2379,0.82740,0.98177
CVE-2006-2380,0.39168,0.96913
CVE-2006-2382,0.81752,0.98122
CVE-2006-2383,0.44160,0.97055
CVE-2006-2384,0.13354,0.95095
CVE-2006-2385,0.07278,0.93427
CVE-2006-2386,0.77302,0.97962
CVE-2006-2387,0.66973,0.97660
CVE-2006-2388,0.91383,0.98687
CVE-2006-2389,0.68674,0.97707
CVE-2006-2390,0.00886,0.80838
CVE-2006-2391,0.86871,0.98382
CVE-2006-2392,0.03842,0.91060
CVE-2006-2393,0.09333,0.94168
CVE-2006-2394,0.00355,0.69210
CVE-2006-2395,0.03997,0.91202
CVE-2006-2396,0.00946,0.81494
CVE-2006-2397,0.00768,0.79340
CVE-2006-2398,0.01725,0.86577
CVE-2006-2399,0.09982,0.94365
CVE-2006-2400,0.06957,0.93306
CVE-2006-2401,0.05082,0.92188
CVE-2006-2402,0.01517,0.85686
CVE-2006-2403,0.01569,0.85931
CVE-2006-2404,0.01434,0.85248
CVE-2006-2405,0.01408,0.85110
CVE-2006-2406,0.00333,0.68280
CVE-2006-2407,0.52922,0.97322
CVE-2006-2408,0.13682,0.95144
CVE-2006-2409,0.01712,0.86523
CVE-2006-2410,0.04688,0.91851
CVE-2006-2411,0.13904,0.95176
CVE-2006-2412,0.04688,0.91851
CVE-2006-2413,0.15654,0.95438
CVE-2006-2414,0.00718,0.78585
CVE-2006-2415,0.00615,0.76574
CVE-2006-2416,0.02081,0.87950
CVE-2006-2417,0.00467,0.72988
CVE-2006-2418,0.01797,0.86845
CVE-2006-2419,0.00362,0.69526
CVE-2006-2420,0.01519,0.85702
CVE-2006-2421,0.05319,0.92356
CVE-2006-2422,0.00977,0.81824
CVE-2006-2423,0.00649,0.77249
CVE-2006-2424,0.11228,0.94701
CVE-2006-2425,0.01733,0.86602
CVE-2006-2426,0.23994,0.96195
CVE-2006-2427,0.00060,0.23520
CVE-2006-2428,0.01875,0.87192
CVE-2006-2429,0.00505,0.74031
CVE-2006-2430,0.02027,0.87765
CVE-2006-2431,0.01977,0.87586
CVE-2006-2432,0.02018,0.87739
CVE-2006-2433,0.00379,0.70210
CVE-2006-2434,0.00563,0.75421
CVE-2006-2435,0.00850,0.80425
CVE-2006-2436,0.00422,0.71684
CVE-2006-2437,0.03211,0.90258
CVE-2006-2438,0.00664,0.77573
CVE-2006-2439,0.17410,0.95659
CVE-2006-2440,0.01238,0.84043
CVE-2006-2441,0.00260,0.63826
CVE-2006-2442,0.00042,0.05722
CVE-2006-2443,0.00042,0.05722
CVE-2006-2444,0.92087,0.98760
CVE-2006-2445,0.02064,0.87891
CVE-2006-2446,0.01446,0.85315
CVE-2006-2447,0.93689,0.98950
CVE-2006-2448,0.02064,0.87891
CVE-2006-2449,0.00062,0.24569
CVE-2006-2450,0.04926,0.92056
CVE-2006-2451,0.00042,0.00438
CVE-2006-2452,0.00044,0.10371
CVE-2006-2453,0.02549,0.89150
CVE-2006-2458,0.22573,0.96098
CVE-2006-2459,0.04172,0.91389
CVE-2006-2460,0.03347,0.90459
CVE-2006-2461,0.01545,0.85820
CVE-2006-2462,0.01545,0.85820
CVE-2006-2463,0.00586,0.75906
CVE-2006-2464,0.00042,0.05722
CVE-2006-2465,0.01101,0.82950
CVE-2006-2466,0.00640,0.77054
CVE-2006-2467,0.00312,0.67120
CVE-2006-2468,0.00223,0.60647
CVE-2006-2469,0.00563,0.75426
CVE-2006-2470,0.00456,0.72682
CVE-2006-2471,0.01188,0.83658
CVE-2006-2472,0.00069,0.28494
CVE-2006-2473,0.00499,0.73850
CVE-2006-2474,0.00784,0.79579
CVE-2006-2475,0.00367,0.69701
CVE-2006-2476,0.00688,0.78056
CVE-2006-2477,0.00337,0.68408
CVE-2006-2478,0.03630,0.90806
CVE-2006-2479,0.01241,0.84067
CVE-2006-2480,0.01839,0.87052
CVE-2006-2481,0.01334,0.84667
CVE-2006-2482,0.00912,0.81126
CVE-2006-2483,0.03261,0.90340
CVE-2006-2484,0.00355,0.69210
CVE-2006-2485,0.18556,0.95775
CVE-2006-2486,0.00390,0.70631
CVE-2006-2487,0.18556,0.95775
CVE-2006-2488,0.00395,0.70818
CVE-2006-2489,0.08757,0.93973
CVE-2006-2490,0.01309,0.84524
CVE-2006-2491,0.03293,0.90390
CVE-2006-2492,0.93478,0.98927
CVE-2006-2494,0.18506,0.95767
CVE-2006-2495,0.01152,0.83368
CVE-2006-2496,0.82689,0.98174
CVE-2006-2497,0.00504,0.74014
CVE-2006-2498,0.00810,0.79946
CVE-2006-2499,0.00450,0.72498
CVE-2006-2500,0.01089,0.82849
CVE-2006-2501,0.01537,0.85784
CVE-2006-2502,0.86676,0.98369
CVE-2006-2503,0.00931,0.81338
CVE-2006-2504,0.00718,0.78559
CVE-2006-2505,0.00206,0.58622
CVE-2006-2506,0.03496,0.90651
CVE-2006-2507,0.14767,0.95304
CVE-2006-2508,0.02251,0.88484
CVE-2006-2509,0.00184,0.55784
CVE-2006-2510,0.00521,0.74421
CVE-2006-2511,0.00368,0.69787
CVE-2006-2512,0.00322,0.67663
CVE-2006-2513,0.01970,0.87560
CVE-2006-2514,0.00750,0.79054
CVE-2006-2515,0.02954,0.89871
CVE-2006-2516,0.02318,0.88656
CVE-2006-2517,0.00649,0.77225
CVE-2006-2518,0.01315,0.84564
CVE-2006-2519,0.02353,0.88733
CVE-2006-2520,0.03215,0.90262
CVE-2006-2521,0.02300,0.88614
CVE-2006-2522,0.02738,0.89536
CVE-2006-2523,0.06574,0.93115
CVE-2006-2524,0.01940,0.87464
CVE-2006-2525,0.00696,0.78193
CVE-2006-2526,0.01143,0.83284
CVE-2006-2527,0.05314,0.92349
CVE-2006-2528,0.00933,0.81371
CVE-2006-2529,0.00984,0.81888
CVE-2006-2530,0.11231,0.94702
CVE-2006-2531,0.01138,0.83252
CVE-2006-2532,0.00385,0.70405
CVE-2006-2533,0.00615,0.76574
CVE-2006-2534,0.00703,0.78284
CVE-2006-2535,0.00553,0.75216
CVE-2006-2536,0.00587,0.75948
CVE-2006-2537,0.09144,0.94097
CVE-2006-2538,0.00537,0.74841
CVE-2006-2539,0.00042,0.05722
CVE-2006-2540,0.00534,0.74747
CVE-2006-2541,0.01667,0.86355
CVE-2006-2542,0.00042,0.05722
CVE-2006-2543,0.00931,0.81344
CVE-2006-2544,0.00182,0.55618
CVE-2006-2545,0.00520,0.74403
CVE-2006-2546,0.00505,0.74031
CVE-2006-2547,0.00748,0.79013
CVE-2006-2548,0.53248,0.97333
CVE-2006-2549,0.09046,0.94062
CVE-2006-2550,0.08889,0.94016
CVE-2006-2551,0.00060,0.23520
CVE-2006-2552,0.00453,0.72624
CVE-2006-2553,0.00611,0.76435
CVE-2006-2554,0.02809,0.89658
CVE-2006-2555,0.04849,0.92001
CVE-2006-2556,0.00477,0.73280
CVE-2006-2557,0.03188,0.90221
CVE-2006-2558,0.00615,0.76574
CVE-2006-2559,0.05314,0.92349
CVE-2006-2560,0.01029,0.82280
CVE-2006-2561,0.01741,0.86634
CVE-2006-2562,0.01468,0.85418
CVE-2006-2563,0.00092,0.38723
CVE-2006-2564,0.00587,0.75948
CVE-2006-2565,0.00966,0.81706
CVE-2006-2566,0.00692,0.78129
CVE-2006-2567,0.00677,0.77866
CVE-2006-2568,0.12321,0.94925
CVE-2006-2569,0.00572,0.75605
CVE-2006-2570,0.04265,0.91468
CVE-2006-2571,0.00923,0.81260
CVE-2006-2572,0.00614,0.76528
CVE-2006-2573,0.00327,0.67911
CVE-2006-2574,0.00060,0.23520
CVE-2006-2575,0.16031,0.95485
CVE-2006-2576,0.02234,0.88448
CVE-2006-2577,0.01152,0.83368
CVE-2006-2578,0.00696,0.78194
CVE-2006-2579,0.06544,0.93085
CVE-2006-2580,0.01923,0.87404
CVE-2006-2581,0.00259,0.63733
CVE-2006-2582,0.01152,0.83368
CVE-2006-2583,0.58036,0.97443
CVE-2006-2584,0.00677,0.77866
CVE-2006-2585,0.00385,0.70405
CVE-2006-2586,0.00169,0.53879
CVE-2006-2587,0.06290,0.92943
CVE-2006-2588,0.00414,0.71429
CVE-2006-2589,0.00385,0.70405
CVE-2006-2590,0.00390,0.70631
CVE-2006-2591,0.00319,0.67508
CVE-2006-2592,0.01168,0.83509
CVE-2006-2605,0.00433,0.71993
CVE-2006-2606,0.00615,0.76574
CVE-2006-2607,0.00134,0.48502
CVE-2006-2608,0.09396,0.94184
CVE-2006-2609,0.00326,0.67862
CVE-2006-2610,0.00355,0.69210
CVE-2006-2611,0.09597,0.94252
CVE-2006-2612,0.00294,0.66112
CVE-2006-2613,0.00723,0.78654
CVE-2006-2614,0.00063,0.25302
CVE-2006-2615,0.01569,0.85931
CVE-2006-2616,0.00918,0.81200
CVE-2006-2617,0.00915,0.81160
CVE-2006-2618,0.00630,0.76873
CVE-2006-2629,0.00043,0.07477
CVE-2006-2630,0.97180,0.99778
CVE-2006-2631,0.00538,0.74863
CVE-2006-2632,0.00175,0.54685
CVE-2006-2633,0.00200,0.57973
CVE-2006-2634,0.01315,0.84564
CVE-2006-2635,0.01268,0.84251
CVE-2006-2636,0.17233,0.95639
CVE-2006-2637,0.01202,0.83769
CVE-2006-2638,0.00652,0.77304
CVE-2006-2639,0.00587,0.75948
CVE-2006-2640,0.00477,0.73280
CVE-2006-2641,0.00587,0.75948
CVE-2006-2642,0.00587,0.75948
CVE-2006-2643,0.00259,0.63733
CVE-2006-2644,0.01214,0.83855
CVE-2006-2645,0.07826,0.93623
CVE-2006-2646,0.02207,0.88365
CVE-2006-2647,0.00043,0.07623
CVE-2006-2648,0.00499,0.73850
CVE-2006-2649,0.05560,0.92529
CVE-2006-2650,0.01121,0.83120
CVE-2006-2651,0.00615,0.76574
CVE-2006-2652,0.02676,0.89419
CVE-2006-2653,0.00808,0.79931
CVE-2006-2654,0.00172,0.54265
CVE-2006-2655,0.21739,0.96041
CVE-2006-2656,0.02920,0.89824
CVE-2006-2658,0.00654,0.77335
CVE-2006-2659,0.08565,0.93908
CVE-2006-2660,0.00045,0.12297
CVE-2006-2661,0.07727,0.93568
CVE-2006-2662,0.00060,0.23520
CVE-2006-2663,0.00571,0.75560
CVE-2006-2664,0.00615,0.76574
CVE-2006-2665,0.03231,0.90293
CVE-2006-2666,0.04235,0.91443
CVE-2006-2667,0.12796,0.94996
CVE-2006-2668,0.14437,0.95259
CVE-2006-2669,0.00640,0.77043
CVE-2006-2670,0.00677,0.77866
CVE-2006-2671,0.00427,0.71809
CVE-2006-2672,0.01030,0.82292
CVE-2006-2673,0.05214,0.92276
CVE-2006-2674,0.00636,0.76965
CVE-2006-2675,0.01152,0.83368
CVE-2006-2676,0.00591,0.76043
CVE-2006-2677,0.00591,0.76043
CVE-2006-2678,0.01696,0.86459
CVE-2006-2679,0.00060,0.23520
CVE-2006-2680,0.00484,0.73477
CVE-2006-2681,0.03654,0.90837
CVE-2006-2682,0.03420,0.90564
CVE-2006-2683,0.03420,0.90564
CVE-2006-2684,0.00587,0.75948
CVE-2006-2685,0.95265,0.99200
CVE-2006-2686,0.18525,0.95770
CVE-2006-2687,0.00337,0.68408
CVE-2006-2688,0.00720,0.78620
CVE-2006-2689,0.01561,0.85900
CVE-2006-2690,0.00378,0.70146
CVE-2006-2691,0.00900,0.80997
CVE-2006-2692,0.00354,0.69155
CVE-2006-2693,0.01054,0.82527
CVE-2006-2694,0.00957,0.81622
CVE-2006-2695,0.04949,0.92068
CVE-2006-2696,0.00521,0.74421
CVE-2006-2697,0.00238,0.61977
CVE-2006-2698,0.01496,0.85553
CVE-2006-2699,0.01930,0.87430
CVE-2006-2700,0.01530,0.85751
CVE-2006-2701,0.00327,0.67911
CVE-2006-2702,0.02463,0.88992
CVE-2006-2703,0.01023,0.82231
CVE-2006-2704,0.01049,0.82485
CVE-2006-2705,0.02234,0.88445
CVE-2006-2706,0.02234,0.88445
CVE-2006-2707,0.01314,0.84560
CVE-2006-2708,0.01040,0.82405
CVE-2006-2709,0.18743,0.95801
CVE-2006-2710,0.00930,0.81327
CVE-2006-2711,0.02473,0.89010
CVE-2006-2712,0.02836,0.89702
CVE-2006-2713,0.02473,0.89010
CVE-2006-2714,0.03464,0.90614
CVE-2006-2715,0.02727,0.89516
CVE-2006-2716,0.03840,0.91058
CVE-2006-2717,0.00147,0.50700
CVE-2006-2718,0.00689,0.78065
CVE-2006-2719,0.00071,0.29177
CVE-2006-2720,0.00322,0.67701
CVE-2006-2721,0.00205,0.58493
CVE-2006-2722,0.00179,0.55216
CVE-2006-2723,0.59694,0.97484
CVE-2006-2724,0.00530,0.74666
CVE-2006-2725,0.01191,0.83677
CVE-2006-2726,0.47188,0.97154
CVE-2006-2727,0.01942,0.87468
CVE-2006-2728,0.00718,0.78574
CVE-2006-2729,0.00259,0.63733
CVE-2006-2730,0.09278,0.94150
CVE-2006-2731,0.00688,0.78058
CVE-2006-2732,0.00884,0.80794
CVE-2006-2733,0.01868,0.87153
CVE-2006-2734,0.00533,0.74722
CVE-2006-2735,0.34010,0.96699
CVE-2006-2736,0.21503,0.96030
CVE-2006-2737,0.07583,0.93527
CVE-2006-2738,0.02234,0.88443
CVE-2006-2739,0.20172,0.95931
CVE-2006-2740,0.02653,0.89365
CVE-2006-2741,0.12057,0.94882
CVE-2006-2742,0.01095,0.82901
CVE-2006-2743,0.03326,0.90434
CVE-2006-2744,0.08103,0.93739
CVE-2006-2745,0.60507,0.97500
CVE-2006-2746,0.16257,0.95515
CVE-2006-2747,0.01243,0.84078
CVE-2006-2748,0.01735,0.86608
CVE-2006-2749,0.00879,0.80749
CVE-2006-2750,0.00690,0.78082
CVE-2006-2751,0.00831,0.80202
CVE-2006-2752,0.00253,0.63243
CVE-2006-2753,0.00444,0.72343
CVE-2006-2754,0.01563,0.85913
CVE-2006-2755,0.00783,0.79555
CVE-2006-2756,0.02149,0.88217
CVE-2006-2757,0.00690,0.78082
CVE-2006-2758,0.00446,0.72388
CVE-2006-2759,0.00588,0.75988
CVE-2006-2760,0.00917,0.81184
CVE-2006-2761,0.00696,0.78193
CVE-2006-2762,0.11107,0.94667
CVE-2006-2763,0.01374,0.84932
CVE-2006-2764,0.00259,0.63733
CVE-2006-2765,0.00443,0.72324
CVE-2006-2766,0.96228,0.99416
CVE-2006-2767,0.08294,0.93798
CVE-2006-2768,0.09278,0.94150
CVE-2006-2769,0.01276,0.84298
CVE-2006-2770,0.00793,0.79745
CVE-2006-2771,0.04006,0.91211
CVE-2006-2772,0.00528,0.74627
CVE-2006-2773,0.01322,0.84598
CVE-2006-2774,0.02676,0.89419
CVE-2006-2775,0.21305,0.96014
CVE-2006-2776,0.75871,0.97920
CVE-2006-2777,0.50112,0.97244
CVE-2006-2778,0.48049,0.97178
CVE-2006-2779,0.97220,0.99805
CVE-2006-2780,0.50809,0.97260
CVE-2006-2781,0.31659,0.96604
CVE-2006-2782,0.94074,0.99000
CVE-2006-2783,0.14105,0.95207
CVE-2006-2784,0.19808,0.95900
CVE-2006-2785,0.37643,0.96845
CVE-2006-2786,0.12267,0.94917
CVE-2006-2787,0.58368,0.97452
CVE-2006-2788,0.24525,0.96225
CVE-2006-2789,0.00865,0.80589
CVE-2006-2790,0.00063,0.25302
CVE-2006-2791,0.00429,0.71860
CVE-2006-2792,0.00327,0.67911
CVE-2006-2793,0.00630,0.76854
CVE-2006-2794,0.00794,0.79766
CVE-2006-2795,0.00521,0.74421
CVE-2006-2796,0.00620,0.76658
CVE-2006-2797,0.00149,0.50971
CVE-2006-2798,0.02954,0.89871
CVE-2006-2799,0.00528,0.74627
CVE-2006-2800,0.00676,0.77796
CVE-2006-2801,0.00439,0.72201
CVE-2006-2802,0.09449,0.94204
CVE-2006-2803,0.02166,0.88250
CVE-2006-2804,0.00528,0.74627
CVE-2006-2805,0.00171,0.54192
CVE-2006-2806,0.01959,0.87526
CVE-2006-2807,0.02623,0.89307
CVE-2006-2808,0.00322,0.67681
CVE-2006-2809,0.00521,0.74421
CVE-2006-2810,0.05142,0.92225
CVE-2006-2811,0.25106,0.96260
CVE-2006-2812,0.00386,0.70470
CVE-2006-2813,0.00545,0.75047
CVE-2006-2814,0.14734,0.95299
CVE-2006-2815,0.02415,0.88881
CVE-2006-2816,0.00266,0.64294
CVE-2006-2817,0.00501,0.73936
CVE-2006-2818,0.08563,0.93907
CVE-2006-2819,0.05054,0.92163
CVE-2006-2820,0.00677,0.77866
CVE-2006-2821,0.00706,0.78360
CVE-2006-2822,0.00843,0.80349
CVE-2006-2823,0.00951,0.81552
CVE-2006-2824,0.00749,0.79043
CVE-2006-2825,0.00070,0.28957
CVE-2006-2826,0.01054,0.82526
CVE-2006-2827,0.00385,0.70405
CVE-2006-2828,0.04821,0.91983
CVE-2006-2829,0.00114,0.44948
CVE-2006-2830,0.08570,0.93910
CVE-2006-2831,0.15286,0.95373
CVE-2006-2832,0.00353,0.69121
CVE-2006-2833,0.00814,0.79982
CVE-2006-2834,0.16828,0.95583
CVE-2006-2835,0.07865,0.93641
CVE-2006-2836,0.00649,0.77225
CVE-2006-2837,0.00285,0.65502
CVE-2006-2838,0.05114,0.92206
CVE-2006-2839,0.00333,0.68277
CVE-2006-2840,0.00528,0.74627
CVE-2006-2841,0.52327,0.97307
CVE-2006-2842,0.25691,0.96292
CVE-2006-2843,0.04317,0.91518
CVE-2006-2844,0.04317,0.91518
CVE-2006-2845,0.04317,0.91518
CVE-2006-2846,0.00137,0.49052
CVE-2006-2847,0.01077,0.82763
CVE-2006-2848,0.00408,0.71226
CVE-2006-2849,0.08060,0.93729
CVE-2006-2850,0.00587,0.75948
CVE-2006-2851,0.00414,0.71414
CVE-2006-2852,0.08350,0.93814
CVE-2006-2853,0.00960,0.81653
CVE-2006-2854,0.00501,0.73936
CVE-2006-2855,0.00501,0.73936
CVE-2006-2856,0.00042,0.05722
CVE-2006-2857,0.00916,0.81174
CVE-2006-2858,0.05343,0.92372
CVE-2006-2859,0.01528,0.85742
CVE-2006-2860,0.02174,0.88271
CVE-2006-2861,0.00886,0.80832
CVE-2006-2862,0.00649,0.77225
CVE-2006-2863,0.10699,0.94568
CVE-2006-2864,0.25123,0.96262
CVE-2006-2865,0.06780,0.93218
CVE-2006-2866,0.11228,0.94701
CVE-2006-2867,0.00784,0.79579
CVE-2006-2868,0.12321,0.94925
CVE-2006-2869,0.00575,0.75680
CVE-2006-2870,0.00516,0.74314
CVE-2006-2871,0.16828,0.95583
CVE-2006-2872,0.01573,0.85970
CVE-2006-2873,0.00508,0.74100
CVE-2006-2874,0.00168,0.53608
CVE-2006-2875,0.16736,0.95566
CVE-2006-2876,0.00386,0.70470
CVE-2006-2877,0.47188,0.97154
CVE-2006-2878,0.03662,0.90849
CVE-2006-2879,0.00966,0.81706
CVE-2006-2880,0.01135,0.83227
CVE-2006-2881,0.33736,0.96685
CVE-2006-2882,0.00474,0.73165
CVE-2006-2883,0.00991,0.81983
CVE-2006-2884,0.00931,0.81338
CVE-2006-2885,0.00615,0.76574
CVE-2006-2886,0.00259,0.63733
CVE-2006-2887,0.00817,0.80014
CVE-2006-2888,0.08563,0.93907
CVE-2006-2889,0.00736,0.78857
CVE-2006-2890,0.02288,0.88585
CVE-2006-2891,0.00355,0.69210
CVE-2006-2892,0.00718,0.78574
CVE-2006-2893,0.00746,0.78989
CVE-2006-2894,0.06969,0.93312
CVE-2006-2895,0.00477,0.73280
CVE-2006-2896,0.17747,0.95700
CVE-2006-2897,0.00286,0.65576
CVE-2006-2898,0.12371,0.94934
CVE-2006-2899,0.03679,0.90876
CVE-2006-2900,0.95035,0.99151
CVE-2006-2901,0.06659,0.93158
CVE-2006-2902,0.00268,0.64389
CVE-2006-2903,0.00677,0.77866
CVE-2006-2904,0.00327,0.67911
CVE-2006-2905,0.00692,0.78129
CVE-2006-2906,0.11687,0.94803
CVE-2006-2908,0.57178,0.97421
CVE-2006-2909,0.34216,0.96710
CVE-2006-2910,0.00870,0.80637
CVE-2006-2911,0.00940,0.81426
CVE-2006-2912,0.00569,0.75523
CVE-2006-2913,0.00615,0.76574
CVE-2006-2914,0.11974,0.94867
CVE-2006-2915,0.01704,0.86485
CVE-2006-2916,0.00059,0.23171
CVE-2006-2917,0.00398,0.70916
CVE-2006-2918,0.03404,0.90541
CVE-2006-2919,0.12528,0.94957
CVE-2006-2920,0.33357,0.96672
CVE-2006-2921,0.00957,0.81622
CVE-2006-2922,0.22309,0.96081
CVE-2006-2923,0.10437,0.94496
CVE-2006-2924,0.03363,0.90486
CVE-2006-2925,0.00414,0.71414
CVE-2006-2926,0.92029,0.98756
CVE-2006-2927,0.00285,0.65502
CVE-2006-2928,0.12321,0.94925
CVE-2006-2929,0.05356,0.92387
CVE-2006-2930,0.00044,0.10704
CVE-2006-2931,0.02958,0.89876
CVE-2006-2932,0.00042,0.05722
CVE-2006-2933,0.00070,0.28797
CVE-2006-2934,0.17976,0.95722
CVE-2006-2935,0.00044,0.08215
CVE-2006-2936,0.01136,0.83245
CVE-2006-2937,0.10846,0.94607
CVE-2006-2940,0.07577,0.93524
CVE-2006-2941,0.32144,0.96621
CVE-2006-2942,0.02150,0.88220
CVE-2006-2943,0.02387,0.88821
CVE-2006-2944,0.01814,0.86913
CVE-2006-2945,0.00133,0.48298
CVE-2006-2946,0.00591,0.76043
CVE-2006-2947,0.00977,0.81824
CVE-2006-2948,0.00910,0.81104
CVE-2006-2949,0.01601,0.86092
CVE-2006-2950,0.01059,0.82574
CVE-2006-2951,0.07733,0.93572
CVE-2006-2952,0.00839,0.80300
CVE-2006-2953,0.00414,0.71414
CVE-2006-2954,0.00843,0.80349
CVE-2006-2955,0.00499,0.73850
CVE-2006-2956,0.00677,0.77866
CVE-2006-2957,0.00137,0.49052
CVE-2006-2958,0.00225,0.60844
CVE-2006-2959,0.00741,0.78928
CVE-2006-2960,0.01573,0.85970
CVE-2006-2961,0.81100,0.98083
CVE-2006-2962,0.05319,0.92355
CVE-2006-2963,0.00414,0.71414
CVE-2006-2964,0.13699,0.95147
CVE-2006-2965,0.00677,0.77866
CVE-2006-2966,0.06634,0.93145
CVE-2006-2967,0.00042,0.05722
CVE-2006-2968,0.00615,0.76574
CVE-2006-2969,0.00587,0.75948
CVE-2006-2970,0.00692,0.78129
CVE-2006-2971,0.19447,0.95874
CVE-2006-2972,0.00804,0.79883
CVE-2006-2973,0.00117,0.45510
CVE-2006-2974,0.00328,0.67965
CVE-2006-2975,0.37194,0.96829
CVE-2006-2976,0.00575,0.75680
CVE-2006-2977,0.00917,0.81184
CVE-2006-2978,0.00977,0.81824
CVE-2006-2979,0.00433,0.71993
CVE-2006-2980,0.00322,0.67701
CVE-2006-2981,0.00179,0.55216
CVE-2006-2982,0.14437,0.95259
CVE-2006-2983,0.00650,0.77260
CVE-2006-2984,0.00546,0.75066
CVE-2006-2985,0.00229,0.61131
CVE-2006-2986,0.00484,0.73477
CVE-2006-2987,0.00218,0.59796
CVE-2006-2988,0.00587,0.75948
CVE-2006-2989,0.00477,0.73280
CVE-2006-2990,0.00414,0.71414
CVE-2006-2991,0.00690,0.78082
CVE-2006-2992,0.00414,0.71414
CVE-2006-2993,0.00544,0.75019
CVE-2006-2994,0.00546,0.75068
CVE-2006-2995,0.09713,0.94279
CVE-2006-2996,0.08047,0.93719
CVE-2006-2997,0.00868,0.80619
CVE-2006-2998,0.06574,0.93115
CVE-2006-2999,0.01105,0.82983
CVE-2006-3000,0.01105,0.82983
CVE-2006-3001,0.01105,0.82983
CVE-2006-3002,0.01036,0.82362
CVE-2006-3003,0.00370,0.69841
CVE-2006-3004,0.00923,0.81260
CVE-2006-3005,0.00535,0.74786
CVE-2006-3006,0.00718,0.78574
CVE-2006-3007,0.00615,0.76574
CVE-2006-3009,0.01206,0.83796
CVE-2006-3010,0.01128,0.83174
CVE-2006-3011,0.00069,0.28487
CVE-2006-3012,0.02102,0.88024
CVE-2006-3013,0.04130,0.91348
CVE-2006-3014,0.58300,0.97450
CVE-2006-3015,0.00764,0.79274
CVE-2006-3016,0.01094,0.82889
CVE-2006-3017,0.05387,0.92410
CVE-2006-3018,0.02568,0.89186
CVE-2006-3019,0.28219,0.96439
CVE-2006-3020,0.00822,0.80079
CVE-2006-3021,0.00528,0.74627
CVE-2006-3022,0.00528,0.74627
CVE-2006-3023,0.00285,0.65502
CVE-2006-3024,0.00615,0.76574
CVE-2006-3025,0.00337,0.68431
CVE-2006-3026,0.00285,0.65502
CVE-2006-3027,0.00628,0.76825
CVE-2006-3028,0.10026,0.94398
CVE-2006-3029,0.00477,0.73280
CVE-2006-3030,0.00414,0.71414
CVE-2006-3031,0.00285,0.65502
CVE-2006-3032,0.00414,0.71414
CVE-2006-3033,0.00355,0.69210
CVE-2006-3034,0.01038,0.82395
CVE-2006-3035,0.00137,0.49052
CVE-2006-3036,0.00991,0.81983
CVE-2006-3037,0.00286,0.65576
CVE-2006-3038,0.01105,0.82983
CVE-2006-3039,0.01105,0.82983
CVE-2006-3040,0.01573,0.85970
CVE-2006-3041,0.01168,0.83509
CVE-2006-3042,0.08563,0.93907
CVE-2006-3043,0.01195,0.83715
CVE-2006-3044,0.01105,0.82983
CVE-2006-3045,0.01152,0.83368
CVE-2006-3046,0.00168,0.53554
CVE-2006-3047,0.00453,0.72614
CVE-2006-3048,0.00789,0.79689
CVE-2006-3049,0.00677,0.77866
CVE-2006-3050,0.01252,0.84132
CVE-2006-3051,0.03656,0.90839
CVE-2006-3052,0.00835,0.80263
CVE-2006-3053,0.08563,0.93907
CVE-2006-3054,0.00229,0.61131
CVE-2006-3055,0.00221,0.60394
CVE-2006-3056,0.00221,0.60394
CVE-2006-3057,0.02149,0.88215
CVE-2006-3059,0.94976,0.99145
CVE-2006-3060,0.00677,0.77866
CVE-2006-3061,0.01057,0.82551
CVE-2006-3062,0.00677,0.77866
CVE-2006-3063,0.00677,0.77866
CVE-2006-3064,0.00209,0.58914
CVE-2006-3065,0.00886,0.80832
CVE-2006-3066,0.02950,0.89865
CVE-2006-3067,0.06610,0.93134
CVE-2006-3068,0.01839,0.87051
CVE-2006-3069,0.11722,0.94821
CVE-2006-3070,0.57461,0.97429
CVE-2006-3071,0.00587,0.75948
CVE-2006-3072,0.00060,0.23520
CVE-2006-3073,0.01140,0.83262
CVE-2006-3074,0.01131,0.83188
CVE-2006-3075,0.04617,0.91767
CVE-2006-3076,0.02753,0.89566
CVE-2006-3077,0.00164,0.53100
CVE-2006-3078,0.00636,0.76965
CVE-2006-3079,0.00677,0.77866
CVE-2006-3080,0.00615,0.76574
CVE-2006-3081,0.02485,0.89036
CVE-2006-3082,0.54542,0.97360
CVE-2006-3083,0.00045,0.10879
CVE-2006-3084,0.00047,0.14172
CVE-2006-3085,0.05477,0.92482
CVE-2006-3086,0.33965,0.96696
CVE-2006-3087,0.00402,0.71034
CVE-2006-3088,0.00259,0.63733
CVE-2006-3089,0.03646,0.90823
CVE-2006-3090,0.01948,0.87487
CVE-2006-3091,0.01489,0.85506
CVE-2006-3092,0.06625,0.93141
CVE-2006-3093,0.01617,0.86166
CVE-2006-3094,0.01071,0.82710
CVE-2006-3095,0.00615,0.76574
CVE-2006-3096,0.00149,0.50971
CVE-2006-3097,0.00086,0.35714
CVE-2006-3100,0.00241,0.62166
CVE-2006-3101,0.88499,0.98468
CVE-2006-3102,0.08192,0.93767
CVE-2006-3103,0.01140,0.83262
CVE-2006-3104,0.00716,0.78525
CVE-2006-3105,0.02816,0.89671
CVE-2006-3106,0.00193,0.57237
CVE-2006-3107,0.01528,0.85742
CVE-2006-3108,0.00123,0.46598
CVE-2006-3109,0.00736,0.78852
CVE-2006-3110,0.00259,0.63733
CVE-2006-3111,0.00573,0.75636
CVE-2006-3112,0.00628,0.76823
CVE-2006-3113,0.96864,0.99643
CVE-2006-3114,0.00060,0.23520
CVE-2006-3115,0.00322,0.67701
CVE-2006-3116,0.13293,0.95086
CVE-2006-3117,0.01058,0.82566
CVE-2006-3118,0.00042,0.05722
CVE-2006-3119,0.04105,0.91330
CVE-2006-3120,0.16112,0.95494
CVE-2006-3121,0.07747,0.93579
CVE-2006-3122,0.88164,0.98446
CVE-2006-3123,0.00043,0.07663
CVE-2006-3124,0.27858,0.96412
CVE-2006-3125,0.15286,0.95373
CVE-2006-3126,0.01868,0.87154
CVE-2006-3127,0.07285,0.93430
CVE-2006-3128,0.00723,0.78660
CVE-2006-3129,0.00587,0.75948
CVE-2006-3130,0.00966,0.81706
CVE-2006-3131,0.00614,0.76528
CVE-2006-3132,0.01015,0.82170
CVE-2006-3134,0.53284,0.97334
CVE-2006-3135,0.00555,0.75254
CVE-2006-3136,0.05750,0.92636
CVE-2006-3137,0.00285,0.65502
CVE-2006-3138,0.00572,0.75585
CVE-2006-3139,0.00640,0.77060
CVE-2006-3140,0.00179,0.55216
CVE-2006-3141,0.00587,0.75948
CVE-2006-3142,0.00572,0.75605
CVE-2006-3143,0.00461,0.72816
CVE-2006-3144,0.13062,0.95041
CVE-2006-3145,0.10611,0.94546
CVE-2006-3146,0.15893,0.95474
CVE-2006-3147,0.03569,0.90730
CVE-2006-3148,0.00966,0.81706
CVE-2006-3149,0.00587,0.75948
CVE-2006-3150,0.00966,0.81706
CVE-2006-3151,0.00484,0.73477
CVE-2006-3152,0.00584,0.75873
CVE-2006-3153,0.00587,0.75948
CVE-2006-3154,0.00804,0.79883
CVE-2006-3155,0.00259,0.63733
CVE-2006-3156,0.00615,0.76574
CVE-2006-3157,0.00615,0.76574
CVE-2006-3158,0.12553,0.94963
CVE-2006-3159,0.00044,0.10704
CVE-2006-3160,0.00587,0.75948
CVE-2006-3161,0.00572,0.75605
CVE-2006-3162,0.01573,0.85970
CVE-2006-3163,0.00636,0.76965
CVE-2006-3164,0.00772,0.79396
CVE-2006-3165,0.00966,0.81706
CVE-2006-3166,0.00164,0.53100
CVE-2006-3167,0.00432,0.71970
CVE-2006-3168,0.01204,0.83785
CVE-2006-3169,0.00972,0.81773
CVE-2006-3170,0.00762,0.79259
CVE-2006-3171,0.02156,0.88227
CVE-2006-3172,0.30198,0.96538
CVE-2006-3173,0.05356,0.92387
CVE-2006-3174,0.01879,0.87213
CVE-2006-3175,0.10275,0.94451
CVE-2006-3176,0.00886,0.80832
CVE-2006-3177,0.10026,0.94398
CVE-2006-3178,0.00565,0.75461
CVE-2006-3179,0.00615,0.76574
CVE-2006-3180,0.02954,0.89871
CVE-2006-3181,0.00917,0.81184
CVE-2006-3182,0.01375,0.84947
CVE-2006-3183,0.02954,0.89871
CVE-2006-3184,0.00538,0.74863
CVE-2006-3185,0.16828,0.95583
CVE-2006-3186,0.00532,0.74706
CVE-2006-3187,0.00444,0.72346
CVE-2006-3188,0.00206,0.58604
CVE-2006-3189,0.00532,0.74706
CVE-2006-3190,0.03708,0.90908
CVE-2006-3191,0.00789,0.79674
CVE-2006-3192,0.13139,0.95060
CVE-2006-3193,0.16205,0.95509
CVE-2006-3194,0.01711,0.86518
CVE-2006-3195,0.00315,0.67286
CVE-2006-3196,0.00591,0.76043
CVE-2006-3197,0.00286,0.65595
CVE-2006-3198,0.08576,0.93912
CVE-2006-3199,0.02949,0.89862
CVE-2006-3200,0.51035,0.97271
CVE-2006-3201,0.00060,0.23520
CVE-2006-3202,0.00042,0.05722
CVE-2006-3203,0.00783,0.79557
CVE-2006-3204,0.00467,0.72989
CVE-2006-3205,0.00591,0.76043
CVE-2006-3206,0.00309,0.66940
CVE-2006-3207,0.00258,0.63654
CVE-2006-3208,0.00408,0.71215
CVE-2006-3209,0.00044,0.08021
CVE-2006-3210,0.26760,0.96345
CVE-2006-3211,0.00587,0.75948
CVE-2006-3212,0.00286,0.65576
CVE-2006-3213,0.00310,0.66996
CVE-2006-3214,0.03363,0.90486
CVE-2006-3215,0.21994,0.96058
CVE-2006-3216,0.03428,0.90577
CVE-2006-3217,0.01084,0.82817
CVE-2006-3218,0.00322,0.67701
CVE-2006-3219,0.00322,0.67701
CVE-2006-3220,0.00322,0.67701
CVE-2006-3221,0.00784,0.79579
CVE-2006-3222,0.43111,0.97024
CVE-2006-3223,0.00927,0.81301
CVE-2006-3224,0.00256,0.63534
CVE-2006-3225,0.00944,0.81477
CVE-2006-3226,0.09100,0.94076
CVE-2006-3227,0.33821,0.96688
CVE-2006-3228,0.89315,0.98527
CVE-2006-3229,0.00477,0.73280
CVE-2006-3230,0.00615,0.76574
CVE-2006-3231,0.00926,0.81295
CVE-2006-3232,0.00536,0.74823
CVE-2006-3233,0.00615,0.76574
CVE-2006-3234,0.00573,0.75636
CVE-2006-3235,0.00587,0.75948
CVE-2006-3236,0.00636,0.76965
CVE-2006-3237,0.00587,0.75948
CVE-2006-3238,0.00544,0.75019
CVE-2006-3239,0.00229,0.61131
CVE-2006-3240,0.00295,0.66177
CVE-2006-3241,0.00677,0.77866
CVE-2006-3242,0.24113,0.96203
CVE-2006-3243,0.00804,0.79883
CVE-2006-3244,0.00503,0.73982
CVE-2006-3245,0.00532,0.74706
CVE-2006-3246,0.00587,0.75948
CVE-2006-3247,0.00587,0.75948
CVE-2006-3249,0.00649,0.77225
CVE-2006-3250,0.04390,0.91577
CVE-2006-3251,0.02020,0.87748
CVE-2006-3252,0.95515,0.99259
CVE-2006-3253,0.00908,0.81085
CVE-2006-3254,0.00501,0.73936
CVE-2006-3255,0.00501,0.73936
CVE-2006-3256,0.00227,0.61036
CVE-2006-3257,0.00433,0.71993
CVE-2006-3258,0.00587,0.75948
CVE-2006-3259,0.00991,0.81983
CVE-2006-3260,0.01312,0.84544
CVE-2006-3261,0.00876,0.80718
CVE-2006-3262,0.03108,0.90108
CVE-2006-3263,0.00149,0.50971
CVE-2006-3264,0.01358,0.84845
CVE-2006-3265,0.00414,0.71414
CVE-2006-3266,0.20909,0.95989
CVE-2006-3267,0.00649,0.77225
CVE-2006-3268,0.01174,0.83544
CVE-2006-3269,0.11814,0.94842
CVE-2006-3270,0.00179,0.55216
CVE-2006-3271,0.00603,0.76269
CVE-2006-3272,0.00309,0.66940
CVE-2006-3273,0.00587,0.75948
CVE-2006-3274,0.00953,0.81584
CVE-2006-3275,0.00649,0.77225
CVE-2006-3276,0.23441,0.96157
CVE-2006-3277,0.07279,0.93429
CVE-2006-3278,0.00587,0.75948
CVE-2006-3279,0.00615,0.76574
CVE-2006-3280,0.95392,0.99229
CVE-2006-3281,0.96845,0.99635
CVE-2006-3282,0.01038,0.82395
CVE-2006-3283,0.00322,0.67701
CVE-2006-3284,0.00677,0.77866
CVE-2006-3285,0.02469,0.89000
CVE-2006-3286,0.01830,0.86988
CVE-2006-3287,0.01830,0.86988
CVE-2006-3288,0.01704,0.86483
CVE-2006-3289,0.00434,0.72022
CVE-2006-3290,0.00951,0.81552
CVE-2006-3291,0.00675,0.77780
CVE-2006-3292,0.01024,0.82243
CVE-2006-3293,0.03197,0.90234
CVE-2006-3294,0.11814,0.94842
CVE-2006-3295,0.00718,0.78574
CVE-2006-3296,0.00784,0.79579
CVE-2006-3297,0.00164,0.53100
CVE-2006-3298,0.03484,0.90635
CVE-2006-3299,0.00718,0.78574
CVE-2006-3300,0.10026,0.94398
CVE-2006-3301,0.00677,0.77866
CVE-2006-3302,0.00486,0.73532
CVE-2006-3303,0.00677,0.77866
CVE-2006-3304,0.01434,0.85249
CVE-2006-3305,0.00587,0.75948
CVE-2006-3306,0.00445,0.72359
CVE-2006-3307,0.00439,0.72201
CVE-2006-3308,0.00291,0.65901
CVE-2006-3309,0.00784,0.79579
CVE-2006-3311,0.79846,0.98043
CVE-2006-3312,0.01133,0.83211
CVE-2006-3313,0.01051,0.82499
CVE-2006-3314,0.08563,0.93907
CVE-2006-3315,0.05615,0.92572
CVE-2006-3316,0.08202,0.93772
CVE-2006-3317,0.13562,0.95127
CVE-2006-3318,0.00917,0.81184
CVE-2006-3319,0.01051,0.82499
CVE-2006-3320,0.02047,0.87843
CVE-2006-3321,0.00285,0.65502
CVE-2006-3322,0.00804,0.79883
CVE-2006-3323,0.19360,0.95862
CVE-2006-3324,0.00624,0.76739
CVE-2006-3325,0.00722,0.78644
CVE-2006-3326,0.01114,0.83052
CVE-2006-3327,0.00587,0.75948
CVE-2006-3328,0.00587,0.75948
CVE-2006-3329,0.11099,0.94665
CVE-2006-3330,0.01900,0.87317
CVE-2006-3331,0.01688,0.86428
CVE-2006-3332,0.00327,0.67911
CVE-2006-3333,0.00164,0.53100
CVE-2006-3334,0.02036,0.87798
CVE-2006-3335,0.00060,0.23520
CVE-2006-3336,0.02062,0.87889
CVE-2006-3337,0.00649,0.77249
CVE-2006-3338,0.00587,0.75948
CVE-2006-3339,0.01038,0.82395
CVE-2006-3340,0.28864,0.96466
CVE-2006-3341,0.00572,0.75605
CVE-2006-3342,0.00434,0.72022
CVE-2006-3343,0.05356,0.92387
CVE-2006-3344,0.00548,0.75111
CVE-2006-3345,0.00164,0.53100
CVE-2006-3346,0.00966,0.81706
CVE-2006-3347,0.00784,0.79579
CVE-2006-3348,0.00149,0.50971
CVE-2006-3349,0.00149,0.50971
CVE-2006-3350,0.09884,0.94327
CVE-2006-3351,0.08354,0.93816
CVE-2006-3352,0.08832,0.93990
CVE-2006-3353,0.01629,0.86218
CVE-2006-3354,0.92612,0.98831
CVE-2006-3355,0.08805,0.93983
CVE-2006-3356,0.00774,0.79435
CVE-2006-3357,0.96142,0.99394
CVE-2006-3358,0.00885,0.80816
CVE-2006-3359,0.00958,0.81632
CVE-2006-3360,0.00757,0.79178
CVE-2006-3361,0.09278,0.94150
CVE-2006-3362,0.05914,0.92734
CVE-2006-3363,0.09390,0.94181
CVE-2006-3364,0.09160,0.94102
CVE-2006-3365,0.01643,0.86274
CVE-2006-3366,0.00789,0.79674
CVE-2006-3367,0.00628,0.76823
CVE-2006-3368,0.00538,0.74868
CVE-2006-3369,0.01233,0.84013
CVE-2006-3370,0.00628,0.76823
CVE-2006-3371,0.01233,0.84013
CVE-2006-3372,0.06561,0.93094
CVE-2006-3373,0.00042,0.05722
CVE-2006-3374,0.05615,0.92572
CVE-2006-3375,0.08563,0.93907
CVE-2006-3376,0.18971,0.95822
CVE-2006-3377,0.01879,0.87213
CVE-2006-3378,0.00060,0.23520
CVE-2006-3379,0.06439,0.93028
CVE-2006-3380,0.01834,0.87019
CVE-2006-3381,0.03998,0.91204
CVE-2006-3382,0.01015,0.82170
CVE-2006-3383,0.00259,0.63733
CVE-2006-3384,0.01165,0.83473
CVE-2006-3385,0.00621,0.76688
CVE-2006-3386,0.00428,0.71846
CVE-2006-3387,0.01205,0.83790
CVE-2006-3388,0.00896,0.80951
CVE-2006-3389,0.01029,0.82275
CVE-2006-3390,0.01165,0.83467
CVE-2006-3391,0.01641,0.86265
CVE-2006-3392,0.95550,0.99268
CVE-2006-3393,0.02105,0.88034
CVE-2006-3394,0.00784,0.79579
CVE-2006-3395,0.06642,0.93149
CVE-2006-3396,0.15259,0.95371
CVE-2006-3397,0.00414,0.71414
CVE-2006-3398,0.00628,0.76823
CVE-2006-3399,0.00615,0.76574
CVE-2006-3400,0.04512,0.91682
CVE-2006-3401,0.10351,0.94469
CVE-2006-3402,0.00227,0.61036
CVE-2006-3403,0.18485,0.95766
CVE-2006-3404,0.00984,0.81890
CVE-2006-3405,0.00315,0.67286
CVE-2006-3406,0.00394,0.70772
CVE-2006-3407,0.00906,0.81065
CVE-2006-3408,0.04688,0.91851
CVE-2006-3409,0.25743,0.96295
CVE-2006-3410,0.00951,0.81552
CVE-2006-3411,0.00651,0.77299
CVE-2006-3412,0.01460,0.85390
CVE-2006-3413,0.00523,0.74485
CVE-2006-3414,0.00651,0.77299
CVE-2006-3415,0.00246,0.62682
CVE-2006-3416,0.00355,0.69218
CVE-2006-3417,0.00651,0.77299
CVE-2006-3418,0.00713,0.78483
CVE-2006-3419,0.00384,0.70400
CVE-2006-3420,0.01152,0.83368
CVE-2006-3421,0.22309,0.96081
CVE-2006-3422,0.05054,0.92163
CVE-2006-3423,0.28529,0.96455
CVE-2006-3424,0.04841,0.91996
CVE-2006-3425,0.02963,0.89887
CVE-2006-3426,0.00630,0.76860
CVE-2006-3427,0.73726,0.97864
CVE-2006-3428,0.00615,0.76574
CVE-2006-3429,0.00677,0.77866
CVE-2006-3430,0.01450,0.85333
CVE-2006-3431,0.17320,0.95649
CVE-2006-3434,0.57888,0.97438
CVE-2006-3435,0.73684,0.97862
CVE-2006-3436,0.91388,0.98688
CVE-2006-3438,0.02570,0.89189
CVE-2006-3439,0.96546,0.99528
CVE-2006-3440,0.90633,0.98614
CVE-2006-3441,0.93667,0.98948
CVE-2006-3442,0.76009,0.97925
CVE-2006-3443,0.00473,0.73134
CVE-2006-3444,0.00427,0.71813
CVE-2006-3445,0.48227,0.97183
CVE-2006-3448,0.91549,0.98702
CVE-2006-3449,0.02770,0.89593
CVE-2006-3450,0.69728,0.97737
CVE-2006-3451,0.72026,0.97812
CVE-2006-3452,0.00062,0.24832
CVE-2006-3453,0.21976,0.96057
CVE-2006-3454,0.00042,0.00442
CVE-2006-3455,0.00042,0.05722
CVE-2006-3456,0.00502,0.73949
CVE-2006-3457,0.00042,0.05722
CVE-2006-3458,0.00042,0.05722
CVE-2006-3459,0.17345,0.95651
CVE-2006-3460,0.01953,0.87506
CVE-2006-3461,0.03684,0.90882
CVE-2006-3462,0.03494,0.90646
CVE-2006-3463,0.03000,0.89935
CVE-2006-3464,0.02246,0.88471
CVE-2006-3465,0.36180,0.96784
CVE-2006-3467,0.16777,0.95570
CVE-2006-3468,0.26720,0.96342
CVE-2006-3469,0.93181,0.98888
CVE-2006-3470,0.01156,0.83396
CVE-2006-3471,0.64450,0.97603
CVE-2006-3472,0.20339,0.95945
CVE-2006-3473,0.01871,0.87163
CVE-2006-3474,0.00227,0.61036
CVE-2006-3475,0.40981,0.96964
CVE-2006-3476,0.00991,0.81983
CVE-2006-3477,0.01834,0.87019
CVE-2006-3478,0.05615,0.92572
CVE-2006-3479,0.01068,0.82681
CVE-2006-3480,0.00476,0.73229
CVE-2006-3481,0.00861,0.80550
CVE-2006-3482,0.00587,0.75948
CVE-2006-3483,0.00884,0.80801
CVE-2006-3484,0.01493,0.85533
CVE-2006-3485,0.00570,0.75553
CVE-2006-3486,0.00098,0.40457
CVE-2006-3487,0.00378,0.70146
CVE-2006-3488,0.00513,0.74244
CVE-2006-3489,0.03372,0.90498
CVE-2006-3490,0.03372,0.90498
CVE-2006-3491,0.27986,0.96424
CVE-2006-3492,0.09326,0.94166
CVE-2006-3493,0.28304,0.96444
CVE-2006-3494,0.03119,0.90123
CVE-2006-3495,0.00045,0.12109
CVE-2006-3496,0.06790,0.93224
CVE-2006-3497,0.01556,0.85870
CVE-2006-3498,0.05329,0.92362
CVE-2006-3499,0.00045,0.12334
CVE-2006-3500,0.00066,0.27237
CVE-2006-3501,0.01183,0.83624
CVE-2006-3502,0.01500,0.85568
CVE-2006-3503,0.01183,0.83624
CVE-2006-3504,0.00702,0.78273
CVE-2006-3505,0.04876,0.92017
CVE-2006-3506,0.00061,0.23768
CVE-2006-3507,0.00097,0.40081
CVE-2006-3508,0.00088,0.36827
CVE-2006-3509,0.00088,0.36827
CVE-2006-3510,0.80682,0.98068
CVE-2006-3511,0.92278,0.98783
CVE-2006-3512,0.94659,0.99095
CVE-2006-3513,0.90518,0.98605
CVE-2006-3514,0.00587,0.75948
CVE-2006-3515,0.02809,0.89658
CVE-2006-3516,0.00149,0.50971
CVE-2006-3517,0.05319,0.92355
CVE-2006-3518,0.00363,0.69535
CVE-2006-3519,0.01015,0.82170
CVE-2006-3520,0.05615,0.92572
CVE-2006-3521,0.00164,0.53100
CVE-2006-3522,0.00572,0.75586
CVE-2006-3523,0.01364,0.84887
CVE-2006-3524,0.92836,0.98853
CVE-2006-3525,0.00179,0.55216
CVE-2006-3526,0.00587,0.75948
CVE-2006-3527,0.25215,0.96268
CVE-2006-3528,0.12891,0.95016
CVE-2006-3529,0.06968,0.93310
CVE-2006-3530,0.10519,0.94514
CVE-2006-3531,0.00921,0.81237
CVE-2006-3532,0.04226,0.91431
CVE-2006-3533,0.03098,0.90090
CVE-2006-3534,0.02480,0.89027
CVE-2006-3535,0.14778,0.95306
CVE-2006-3536,0.00889,0.80874
CVE-2006-3537,0.02360,0.88755
CVE-2006-3538,0.01105,0.82983
CVE-2006-3539,0.01516,0.85673
CVE-2006-3540,0.00042,0.05722
CVE-2006-3541,0.00384,0.70350
CVE-2006-3542,0.00614,0.76528
CVE-2006-3543,0.00300,0.66441
CVE-2006-3544,0.00510,0.74180
CVE-2006-3545,0.03058,0.90033
CVE-2006-3546,0.03484,0.90635
CVE-2006-3547,0.00313,0.67169
CVE-2006-3548,0.01302,0.84481
CVE-2006-3549,0.01260,0.84209
CVE-2006-3550,0.00614,0.76528
CVE-2006-3551,0.00044,0.10161
CVE-2006-3552,0.01204,0.83779
CVE-2006-3553,0.01392,0.85023
CVE-2006-3554,0.00861,0.80541
CVE-2006-3555,0.00434,0.72022
CVE-2006-3556,0.11081,0.94652
CVE-2006-3557,0.00432,0.71970
CVE-2006-3558,0.00833,0.80234
CVE-2006-3559,0.00750,0.79046
CVE-2006-3560,0.01132,0.83201
CVE-2006-3561,0.02363,0.88763
CVE-2006-3562,0.05080,0.92185
CVE-2006-3563,0.00315,0.67286
CVE-2006-3564,0.01879,0.87213
CVE-2006-3565,0.00966,0.81706
CVE-2006-3566,0.00651,0.77299
CVE-2006-3567,0.00614,0.76528
CVE-2006-3568,0.02816,0.89670
CVE-2006-3569,0.00058,0.22694
CVE-2006-3570,0.00477,0.73280
CVE-2006-3571,0.01680,0.86402
CVE-2006-3572,0.01095,0.82898
CVE-2006-3573,0.13812,0.95160
CVE-2006-3574,0.02500,0.89059
CVE-2006-3575,0.00042,0.05722
CVE-2006-3576,0.00149,0.50971
CVE-2006-3577,0.00223,0.60637
CVE-2006-3578,0.00657,0.77376
CVE-2006-3579,0.00468,0.72995
CVE-2006-3580,0.00445,0.72381
CVE-2006-3581,0.26585,0.96335
CVE-2006-3582,0.11050,0.94646
CVE-2006-3583,0.01898,0.87307
CVE-2006-3584,0.02124,0.88083
CVE-2006-3585,0.00690,0.78082
CVE-2006-3586,0.00966,0.81706
CVE-2006-3587,0.12045,0.94878
CVE-2006-3588,0.19186,0.95843
CVE-2006-3589,0.00052,0.17512
CVE-2006-3590,0.38099,0.96862
CVE-2006-3591,0.27420,0.96388
CVE-2006-3592,0.00060,0.23520
CVE-2006-3593,0.00244,0.62513
CVE-2006-3594,0.15464,0.95417
CVE-2006-3595,0.03768,0.90983
CVE-2006-3596,0.03363,0.90486
CVE-2006-3597,0.00085,0.35460
CVE-2006-3598,0.00307,0.66835
CVE-2006-3599,0.00179,0.55216
CVE-2006-3600,0.08448,0.93849
CVE-2006-3601,0.01152,0.83368
CVE-2006-3602,0.01679,0.86399
CVE-2006-3603,0.06456,0.93038
CVE-2006-3604,0.01070,0.82702
CVE-2006-3605,0.73726,0.97864
CVE-2006-3606,0.01025,0.82246
CVE-2006-3607,0.00886,0.80838
CVE-2006-3608,0.04000,0.91205
CVE-2006-3609,0.00677,0.77866
CVE-2006-3610,0.00378,0.70146
CVE-2006-3611,0.00991,0.81967
CVE-2006-3612,0.00137,0.49052
CVE-2006-3613,0.00259,0.63733
CVE-2006-3614,0.00649,0.77225
CVE-2006-3615,0.05019,0.92134
CVE-2006-3616,0.01206,0.83796
CVE-2006-3617,0.00286,0.65605
CVE-2006-3618,0.00269,0.64496
CVE-2006-3619,0.00966,0.81711
CVE-2006-3620,0.00355,0.69210
CVE-2006-3621,0.00227,0.61036
CVE-2006-3622,0.00185,0.55816
CVE-2006-3623,0.09607,0.94254
CVE-2006-3624,0.00315,0.67286
CVE-2006-3625,0.00432,0.71970
CVE-2006-3626,0.00065,0.26873
CVE-2006-3627,0.01632,0.86225
CVE-2006-3628,0.02113,0.88048
CVE-2006-3629,0.01643,0.86272
CVE-2006-3630,0.01276,0.84295
CVE-2006-3631,0.01825,0.86963
CVE-2006-3632,0.03810,0.91026
CVE-2006-3633,0.00385,0.70440
CVE-2006-3634,0.00042,0.05722
CVE-2006-3635,0.00042,0.05722
CVE-2006-3636,0.02046,0.87840
CVE-2006-3637,0.96340,0.99455
CVE-2006-3638,0.71310,0.97797
CVE-2006-3639,0.44683,0.97070
CVE-2006-3640,0.81237,0.98090
CVE-2006-3643,0.02803,0.89646
CVE-2006-3647,0.06844,0.93249
CVE-2006-3648,0.17828,0.95710
CVE-2006-3649,0.62252,0.97558
CVE-2006-3650,0.82289,0.98153
CVE-2006-3651,0.67767,0.97679
CVE-2006-3652,0.49620,0.97235
CVE-2006-3653,0.66958,0.97659
CVE-2006-3654,0.94055,0.98998
CVE-2006-3655,0.90903,0.98640
CVE-2006-3656,0.81559,0.98101
CVE-2006-3657,0.70034,0.97749
CVE-2006-3658,0.51035,0.97271
CVE-2006-3659,0.70034,0.97749
CVE-2006-3660,0.54879,0.97372
CVE-2006-3661,0.00164,0.53100
CVE-2006-3662,0.00835,0.80248
CVE-2006-3663,0.00042,0.05722
CVE-2006-3664,0.05976,0.92765
CVE-2006-3665,0.00304,0.66630
CVE-2006-3666,0.00229,0.61131
CVE-2006-3667,0.00575,0.75680
CVE-2006-3668,0.02719,0.89499
CVE-2006-3669,0.00042,0.05722
CVE-2006-3670,0.29142,0.96485
CVE-2006-3671,0.01152,0.83368
CVE-2006-3672,0.06695,0.93173
CVE-2006-3673,0.02336,0.88691
CVE-2006-3674,0.05082,0.92188
CVE-2006-3675,0.00168,0.53555
CVE-2006-3676,0.16909,0.95590
CVE-2006-3677,0.97389,0.99907
CVE-2006-3678,0.07531,0.93514
CVE-2006-3679,0.28556,0.96456
CVE-2006-3680,0.00991,0.81983
CVE-2006-3681,0.00587,0.75911
CVE-2006-3682,0.03308,0.90406
CVE-2006-3683,0.18556,0.95775
CVE-2006-3684,0.03115,0.90118
CVE-2006-3685,0.01168,0.83509
CVE-2006-3686,0.00631,0.76880
CVE-2006-3687,0.36072,0.96782
CVE-2006-3688,0.00526,0.74559
CVE-2006-3689,0.15334,0.95397
CVE-2006-3690,0.13139,0.95060
CVE-2006-3691,0.00700,0.78245
CVE-2006-3692,0.10040,0.94400
CVE-2006-3693,0.00044,0.08111
CVE-2006-3694,0.07178,0.93393
CVE-2006-3695,0.03709,0.90909
CVE-2006-3696,0.00043,0.07477
CVE-2006-3697,0.00046,0.12627
CVE-2006-3698,0.26169,0.96316
CVE-2006-3699,0.00987,0.81918
CVE-2006-3700,0.05914,0.92733
CVE-2006-3701,0.00987,0.81918
CVE-2006-3702,0.00774,0.79442
CVE-2006-3703,0.00987,0.81918
CVE-2006-3704,0.05914,0.92733
CVE-2006-3705,0.00307,0.66852
CVE-2006-3706,0.02455,0.88975
CVE-2006-3707,0.00553,0.75203
CVE-2006-3708,0.05914,0.92733
CVE-2006-3709,0.02455,0.88975
CVE-2006-3710,0.05914,0.92733
CVE-2006-3711,0.01009,0.82113
CVE-2006-3712,0.05506,0.92498
CVE-2006-3713,0.01009,0.82113
CVE-2006-3714,0.02455,0.88975
CVE-2006-3715,0.05914,0.92733
CVE-2006-3716,0.05914,0.92733
CVE-2006-3717,0.05914,0.92733
CVE-2006-3718,0.05914,0.92733
CVE-2006-3719,0.00475,0.73181
CVE-2006-3720,0.00475,0.73181
CVE-2006-3721,0.05914,0.92733
CVE-2006-3722,0.05914,0.92733
CVE-2006-3723,0.05914,0.92733
CVE-2006-3724,0.05914,0.92733
CVE-2006-3725,0.00043,0.07360
CVE-2006-3726,0.82856,0.98186
CVE-2006-3727,0.01147,0.83320
CVE-2006-3728,0.00775,0.79468
CVE-2006-3729,0.04675,0.91836
CVE-2006-3730,0.97294,0.99846
CVE-2006-3731,0.00172,0.54309
CVE-2006-3732,0.00614,0.76514
CVE-2006-3733,0.04768,0.91927
CVE-2006-3734,0.00068,0.27964
CVE-2006-3735,0.31901,0.96611
CVE-2006-3736,0.06574,0.93115
CVE-2006-3737,0.00878,0.80741
CVE-2006-3738,0.96245,0.99420
CVE-2006-3739,0.00093,0.39201
CVE-2006-3740,0.00093,0.39134
CVE-2006-3741,0.00064,0.26319
CVE-2006-3742,0.00232,0.61386
CVE-2006-3743,0.01876,0.87196
CVE-2006-3744,0.01238,0.84050
CVE-2006-3745,0.00065,0.26796
CVE-2006-3746,0.87611,0.98417
CVE-2006-3747,0.97438,0.99940
CVE-2006-3748,0.05068,0.92176
CVE-2006-3749,0.07011,0.93325
CVE-2006-3750,0.08079,0.93734
CVE-2006-3751,0.08836,0.93992
CVE-2006-3752,0.00906,0.81062
CVE-2006-3753,0.00637,0.76987
CVE-2006-3754,0.01528,0.85742
CVE-2006-3755,0.01152,0.83368
CVE-2006-3756,0.00383,0.70330
CVE-2006-3757,0.00546,0.75069
CVE-2006-3758,0.00966,0.81706
CVE-2006-3759,0.00381,0.70268
CVE-2006-3760,0.00439,0.72203
CVE-2006-3761,0.01185,0.83639
CVE-2006-3762,0.00568,0.75515
CVE-2006-3763,0.01132,0.83201
CVE-2006-3764,0.00703,0.78284
CVE-2006-3765,0.00587,0.75948
CVE-2006-3766,0.00319,0.67508
CVE-2006-3767,0.03504,0.90659
CVE-2006-3768,0.14575,0.95276
CVE-2006-3769,0.02561,0.89170
CVE-2006-3770,0.00816,0.80012
CVE-2006-3771,0.31730,0.96607
CVE-2006-3772,0.09577,0.94245
CVE-2006-3773,0.08467,0.93857
CVE-2006-3774,0.08139,0.93749
CVE-2006-3775,0.00875,0.80714
CVE-2006-3776,0.11599,0.94790
CVE-2006-3777,0.08000,0.93700
CVE-2006-3778,0.07518,0.93507
CVE-2006-3779,0.00474,0.73153
CVE-2006-3780,0.00587,0.75950
CVE-2006-3781,0.00724,0.78676
CVE-2006-3782,0.00063,0.25302
CVE-2006-3783,0.00063,0.25302
CVE-2006-3784,0.00043,0.07360
CVE-2006-3785,0.00043,0.07360
CVE-2006-3786,0.00043,0.07360
CVE-2006-3787,0.00043,0.07477
CVE-2006-3788,0.10636,0.94550
CVE-2006-3789,0.09296,0.94154
CVE-2006-3790,0.09326,0.94166
CVE-2006-3791,0.09326,0.94166
CVE-2006-3792,0.01283,0.84368
CVE-2006-3793,0.22309,0.96081
CVE-2006-3794,0.00804,0.79883
CVE-2006-3795,0.00614,0.76528
CVE-2006-3796,0.01168,0.83509
CVE-2006-3797,0.00318,0.67482
CVE-2006-3798,0.00713,0.78483
CVE-2006-3799,0.00962,0.81670
CVE-2006-3800,0.00923,0.81260
CVE-2006-3801,0.63739,0.97588
CVE-2006-3802,0.13754,0.95153
CVE-2006-3803,0.96871,0.99647
CVE-2006-3804,0.37863,0.96855
CVE-2006-3805,0.75206,0.97902
CVE-2006-3806,0.97438,0.99940
CVE-2006-3807,0.65099,0.97620
CVE-2006-3808,0.08116,0.93741
CVE-2006-3809,0.03988,0.91195
CVE-2006-3810,0.32008,0.96615
CVE-2006-3811,0.68559,0.97703
CVE-2006-3812,0.03100,0.90093
CVE-2006-3813,0.00042,0.05722
CVE-2006-3814,0.02839,0.89708
CVE-2006-3815,0.00042,0.00438
CVE-2006-3816,0.00409,0.71242
CVE-2006-3817,0.00652,0.77307
CVE-2006-3818,0.01032,0.82314
CVE-2006-3819,0.11069,0.94650
CVE-2006-3820,0.00414,0.71414
CVE-2006-3821,0.01195,0.83715
CVE-2006-3822,0.00205,0.58527
CVE-2006-3823,0.01146,0.83313
CVE-2006-3824,0.00042,0.00438
CVE-2006-3825,0.00044,0.10704
CVE-2006-3826,0.00807,0.79916
CVE-2006-3827,0.00331,0.68183
CVE-2006-3828,0.00235,0.61683
CVE-2006-3829,0.01082,0.82807
CVE-2006-3830,0.00115,0.45194
CVE-2006-3831,0.01038,0.82395
CVE-2006-3832,0.11148,0.94677
CVE-2006-3833,0.00713,0.78483
CVE-2006-3834,0.00253,0.63243
CVE-2006-3835,0.87069,0.98388
CVE-2006-3836,0.01711,0.86518
CVE-2006-3837,0.00381,0.70268
CVE-2006-3838,0.31025,0.96578
CVE-2006-3840,0.10257,0.94449
CVE-2006-3841,0.00433,0.71993
CVE-2006-3842,0.01105,0.82983
CVE-2006-3843,0.04292,0.91495
CVE-2006-3844,0.00603,0.76292
CVE-2006-3845,0.15149,0.95355
CVE-2006-3846,0.06955,0.93306
CVE-2006-3847,0.06350,0.92982
CVE-2006-3848,0.00690,0.78082
CVE-2006-3849,0.13904,0.95176
CVE-2006-3850,0.40971,0.96963
CVE-2006-3851,0.00227,0.61036
CVE-2006-3852,0.00614,0.76528
CVE-2006-3853,0.04604,0.91758
CVE-2006-3854,0.93050,0.98875
CVE-2006-3855,0.00734,0.78842
CVE-2006-3856,0.00043,0.07623
CVE-2006-3857,0.02784,0.89611
CVE-2006-3858,0.00043,0.07623
CVE-2006-3859,0.00423,0.71714
CVE-2006-3860,0.01677,0.86393
CVE-2006-3861,0.00377,0.70067
CVE-2006-3862,0.03239,0.90310
CVE-2006-3864,0.81838,0.98128
CVE-2006-3867,0.65078,0.97619
CVE-2006-3868,0.65770,0.97634
CVE-2006-3869,0.95413,0.99236
CVE-2006-3873,0.16395,0.95527
CVE-2006-3875,0.65078,0.97619
CVE-2006-3876,0.59972,0.97490
CVE-2006-3877,0.05296,0.92342
CVE-2006-3878,0.00042,0.05722
CVE-2006-3879,0.08052,0.93721
CVE-2006-3880,0.14115,0.95209
CVE-2006-3881,0.00259,0.63733
CVE-2006-3882,0.00432,0.71970
CVE-2006-3883,0.01397,0.85056
CVE-2006-3884,0.01186,0.83646
CVE-2006-3885,0.00419,0.71556
CVE-2006-3886,0.00227,0.61036
CVE-2006-3887,0.11732,0.94822
CVE-2006-3888,0.30850,0.96566
CVE-2006-3890,0.82257,0.98152
CVE-2006-3892,0.07517,0.93506
CVE-2006-3893,0.07363,0.93457
CVE-2006-3894,0.08710,0.93952
CVE-2006-3896,0.00168,0.53556
CVE-2006-3897,0.96457,0.99490
CVE-2006-3898,0.67945,0.97685
CVE-2006-3899,0.29899,0.96523
CVE-2006-3900,0.01546,0.85825
CVE-2006-3901,0.13904,0.95176
CVE-2006-3902,0.00164,0.53100
CVE-2006-3903,0.00923,0.81260
CVE-2006-3904,0.01412,0.85127
CVE-2006-3905,0.00777,0.79483
CVE-2006-3906,0.05920,0.92736
CVE-2006-3907,0.26628,0.96337
CVE-2006-3908,0.05675,0.92600
CVE-2006-3909,0.02735,0.89529
CVE-2006-3910,0.83962,0.98229
CVE-2006-3911,0.22259,0.96078
CVE-2006-3912,0.00094,0.39398
CVE-2006-3913,0.04639,0.91797
CVE-2006-3914,0.00288,0.65703
CVE-2006-3915,0.92278,0.98783
CVE-2006-3916,0.00587,0.75948
CVE-2006-3917,0.05615,0.92572
CVE-2006-3918,0.97139,0.99758
CVE-2006-3919,0.00540,0.74918
CVE-2006-3920,0.06392,0.93004
CVE-2006-3921,0.00344,0.68719
CVE-2006-3922,0.14437,0.95259
CVE-2006-3923,0.01315,0.84564
CVE-2006-3924,0.00266,0.64294
CVE-2006-3925,0.02836,0.89704
CVE-2006-3926,0.01698,0.86464
CVE-2006-3927,0.06456,0.93038
CVE-2006-3928,0.15334,0.95397
CVE-2006-3929,0.01066,0.82659
CVE-2006-3930,0.15360,0.95402
CVE-2006-3931,0.00042,0.00438
CVE-2006-3932,0.00322,0.67701
CVE-2006-3933,0.00262,0.63971
CVE-2006-3934,0.00372,0.69911
CVE-2006-3935,0.00891,0.80899
CVE-2006-3936,0.00268,0.64396
CVE-2006-3937,0.00628,0.76823
CVE-2006-3938,0.01551,0.85846
CVE-2006-3939,0.01152,0.83368
CVE-2006-3940,0.00433,0.72004
CVE-2006-3941,0.00472,0.73109
CVE-2006-3942,0.96942,0.99671
CVE-2006-3943,0.26055,0.96311
CVE-2006-3944,0.46384,0.97135
CVE-2006-3945,0.00714,0.78508
CVE-2006-3946,0.02591,0.89234
CVE-2006-3947,0.09030,0.94059
CVE-2006-3948,0.00789,0.79674
CVE-2006-3949,0.01742,0.86642
CVE-2006-3950,0.00854,0.80481
CVE-2006-3951,0.05356,0.92387
CVE-2006-3952,0.53137,0.97328
CVE-2006-3953,0.00312,0.67111
CVE-2006-3954,0.00377,0.70086
CVE-2006-3955,0.18738,0.95800
CVE-2006-3956,0.00615,0.76574
CVE-2006-3957,0.05054,0.92163
CVE-2006-3958,0.00613,0.76497
CVE-2006-3959,0.00835,0.80248
CVE-2006-3960,0.00294,0.66109
CVE-2006-3961,0.87923,0.98433
CVE-2006-3962,0.02317,0.88653
CVE-2006-3963,0.00157,0.52123
CVE-2006-3964,0.02742,0.89541
CVE-2006-3965,0.00378,0.70146
CVE-2006-3966,0.34509,0.96721
CVE-2006-3967,0.05615,0.92572
CVE-2006-3968,0.00755,0.79134
CVE-2006-3969,0.14876,0.95322
CVE-2006-3970,0.09705,0.94277
CVE-2006-3971,0.04219,0.91422
CVE-2006-3972,0.01795,0.86839
CVE-2006-3973,0.00042,0.05722
CVE-2006-3974,0.00479,0.73318
CVE-2006-3975,0.05134,0.92219
CVE-2006-3976,0.02262,0.88522
CVE-2006-3977,0.02262,0.88522
CVE-2006-3978,0.00044,0.08124
CVE-2006-3979,0.00187,0.56285
CVE-2006-3980,0.09030,0.94059
CVE-2006-3981,0.00650,0.77260
CVE-2006-3982,0.05615,0.92572
CVE-2006-3983,0.05615,0.92572
CVE-2006-3984,0.15956,0.95479
CVE-2006-3985,0.00365,0.69629
CVE-2006-3986,0.16828,0.95583
CVE-2006-3987,0.11228,0.94701
CVE-2006-3988,0.11228,0.94701
CVE-2006-3989,0.40971,0.96963
CVE-2006-3990,0.10357,0.94473
CVE-2006-3991,0.05615,0.92572
CVE-2006-3992,0.02077,0.87942
CVE-2006-3993,0.19100,0.95832
CVE-2006-3994,0.00803,0.79870
CVE-2006-3995,0.14862,0.95318
CVE-2006-3996,0.02813,0.89664
CVE-2006-3997,0.16828,0.95583
CVE-2006-3998,0.08563,0.93907
CVE-2006-3999,0.00042,0.05722
CVE-2006-4000,0.01047,0.82459
CVE-2006-4001,0.01886,0.87251
CVE-2006-4002,0.00432,0.71964
CVE-2006-4003,0.01136,0.83244
CVE-2006-4004,0.01711,0.86518
CVE-2006-4005,0.06696,0.93174
CVE-2006-4006,0.07096,0.93360
CVE-2006-4007,0.05615,0.92572
CVE-2006-4008,0.05615,0.92572
CVE-2006-4009,0.00789,0.79674
CVE-2006-4010,0.02033,0.87790
CVE-2006-4011,0.01758,0.86695
CVE-2006-4012,0.06846,0.93250
CVE-2006-4013,0.20997,0.95998
CVE-2006-4014,0.00602,0.76237
CVE-2006-4015,0.03044,0.90015
CVE-2006-4016,0.00615,0.76574
CVE-2006-4017,0.00615,0.76574
CVE-2006-4018,0.87490,0.98413
CVE-2006-4019,0.12824,0.95003
CVE-2006-4020,0.00183,0.55657
CVE-2006-4021,0.00359,0.69360
CVE-2006-4022,0.00043,0.05916
CVE-2006-4023,0.00327,0.67930
CVE-2006-4024,0.00902,0.81023
CVE-2006-4025,0.00788,0.79616
CVE-2006-4026,0.08191,0.93767
CVE-2006-4028,0.01653,0.86304
CVE-2006-4029,0.22897,0.96122
CVE-2006-4030,0.00910,0.81104
CVE-2006-4031,0.00098,0.40461
CVE-2006-4032,0.01160,0.83419
CVE-2006-4033,0.08919,0.94025
CVE-2006-4034,0.05615,0.92572
CVE-2006-4035,0.00833,0.80228
CVE-2006-4036,0.15360,0.95402
CVE-2006-4037,0.02903,0.89806
CVE-2006-4038,0.01070,0.82703
CVE-2006-4039,0.00568,0.75516
CVE-2006-4040,0.09987,0.94369
CVE-2006-4041,0.00994,0.81998
CVE-2006-4042,0.00370,0.69858
CVE-2006-4043,0.00563,0.75422
CVE-2006-4044,0.08698,0.93950
CVE-2006-4045,0.10026,0.94398
CVE-2006-4046,0.31972,0.96614
CVE-2006-4047,0.00649,0.77225
CVE-2006-4048,0.01573,0.85970
CVE-2006-4049,0.00044,0.10704
CVE-2006-4050,0.09783,0.94297
CVE-2006-4051,0.05612,0.92562
CVE-2006-4052,0.61825,0.97552
CVE-2006-4053,0.33201,0.96659
CVE-2006-4054,0.01573,0.85970
CVE-2006-4055,0.15360,0.95402
CVE-2006-4056,0.00636,0.76965
CVE-2006-4057,0.06138,0.92864
CVE-2006-4058,0.02182,0.88297
CVE-2006-4059,0.11033,0.94645
CVE-2006-4060,0.15360,0.95402
CVE-2006-4061,0.08563,0.93907
CVE-2006-4062,0.01168,0.83509
CVE-2006-4063,0.05319,0.92355
CVE-2006-4064,0.01592,0.86045
CVE-2006-4065,0.01168,0.83509
CVE-2006-4066,0.02682,0.89431
CVE-2006-4067,0.00445,0.72359
CVE-2006-4068,0.02847,0.89726
CVE-2006-4069,0.00923,0.81260
CVE-2006-4070,0.00366,0.69665
CVE-2006-4071,0.16546,0.95540
CVE-2006-4072,0.00541,0.74939
CVE-2006-4073,0.15334,0.95397
CVE-2006-4074,0.06767,0.93211
CVE-2006-4075,0.39878,0.96925
CVE-2006-4076,0.02374,0.88792
CVE-2006-4077,0.14068,0.95203
CVE-2006-4078,0.09484,0.94218
CVE-2006-4079,0.01601,0.86092
CVE-2006-4080,0.00258,0.63637
CVE-2006-4081,0.13402,0.95101
CVE-2006-4082,0.00064,0.26504
CVE-2006-4083,0.01152,0.83368
CVE-2006-4084,0.00232,0.61386
CVE-2006-4085,0.00650,0.77260
CVE-2006-4086,0.00164,0.53100
CVE-2006-4087,0.00259,0.63733
CVE-2006-4088,0.00286,0.65576
CVE-2006-4089,0.11937,0.94857
CVE-2006-4090,0.00615,0.76574
CVE-2006-4091,0.00677,0.77866
CVE-2006-4092,0.00042,0.05722
CVE-2006-4093,0.00044,0.08125
CVE-2006-4095,0.12057,0.94882
CVE-2006-4096,0.20489,0.95957
CVE-2006-4097,0.02230,0.88429
CVE-2006-4098,0.18511,0.95768
CVE-2006-4099,0.01830,0.86988
CVE-2006-4102,0.03899,0.91123
CVE-2006-4103,0.15360,0.95402
CVE-2006-4104,0.00587,0.75948
CVE-2006-4105,0.00677,0.77866
CVE-2006-4106,0.00286,0.65576
CVE-2006-4107,0.00649,0.77225
CVE-2006-4108,0.00649,0.77225
CVE-2006-4109,0.00479,0.73338
CVE-2006-4110,0.01408,0.85112
CVE-2006-4111,0.02711,0.89482
CVE-2006-4112,0.03707,0.90906
CVE-2006-4113,0.10534,0.94518
CVE-2006-4114,0.13475,0.95114
CVE-2006-4115,0.09278,0.94150
CVE-2006-4116,0.01083,0.82813
CVE-2006-4117,0.06034,0.92795
CVE-2006-4118,0.00870,0.80633
CVE-2006-4119,0.00179,0.55216
CVE-2006-4120,0.02039,0.87810
CVE-2006-4121,0.09278,0.94150
CVE-2006-4122,0.05494,0.92492
CVE-2006-4123,0.05054,0.92163
CVE-2006-4124,0.00042,0.00438
CVE-2006-4125,0.40386,0.96941
CVE-2006-4126,0.07153,0.93382
CVE-2006-4127,0.00546,0.75068
CVE-2006-4128,0.07879,0.93650
CVE-2006-4129,0.46216,0.97118
CVE-2006-4130,0.06419,0.93021
CVE-2006-4131,0.19286,0.95851
CVE-2006-4132,0.08587,0.93915
CVE-2006-4133,0.24531,0.96227
CVE-2006-4134,0.07178,0.93393
CVE-2006-4135,0.04317,0.91518
CVE-2006-4136,0.00689,0.78073
CVE-2006-4137,0.00614,0.76514
CVE-2006-4138,0.01021,0.82218
CVE-2006-4139,0.00340,0.68525
CVE-2006-4140,0.02154,0.88225
CVE-2006-4141,0.00322,0.67701
CVE-2006-4142,0.00775,0.79452
CVE-2006-4143,0.01364,0.84887
CVE-2006-4144,0.46263,0.97123
CVE-2006-4145,0.00065,0.26796
CVE-2006-4146,0.00371,0.69894
CVE-2006-4154,0.84746,0.98267
CVE-2006-4155,0.00882,0.80776
CVE-2006-4156,0.05356,0.92387
CVE-2006-4157,0.00706,0.78360
CVE-2006-4158,0.11814,0.94842
CVE-2006-4159,0.33336,0.96668
CVE-2006-4160,0.13139,0.95060
CVE-2006-4161,0.02911,0.89814
CVE-2006-4162,0.00521,0.74421
CVE-2006-4163,0.04590,0.91748
CVE-2006-4164,0.05615,0.92572
CVE-2006-4165,0.00412,0.71359
CVE-2006-4166,0.14660,0.95287
CVE-2006-4168,0.28148,0.96433
CVE-2006-4169,0.00496,0.73778
CVE-2006-4172,0.00042,0.05722
CVE-2006-4175,0.07136,0.93374
CVE-2006-4177,0.35440,0.96755
CVE-2006-4178,0.00043,0.07477
CVE-2006-4181,0.46341,0.97127
CVE-2006-4182,0.36668,0.96803
CVE-2006-4183,0.91832,0.98737
CVE-2006-4184,0.00042,0.05722
CVE-2006-4185,0.00050,0.16885
CVE-2006-4186,0.00050,0.16885
CVE-2006-4187,0.00060,0.23520
CVE-2006-4188,0.04491,0.91663
CVE-2006-4189,0.39359,0.96916
CVE-2006-4190,0.00042,0.00438
CVE-2006-4191,0.01180,0.83602
CVE-2006-4192,0.23949,0.96191
CVE-2006-4193,0.09546,0.94233
CVE-2006-4194,0.01814,0.86913
CVE-2006-4195,0.08846,0.93995
CVE-2006-4196,0.12244,0.94915
CVE-2006-4197,0.21378,0.96021
CVE-2006-4198,0.23293,0.96149
CVE-2006-4199,0.00528,0.74627
CVE-2006-4200,0.01335,0.84677
CVE-2006-4201,0.27642,0.96403
CVE-2006-4202,0.00227,0.61036
CVE-2006-4203,0.08563,0.93907
CVE-2006-4204,0.08000,0.93700
CVE-2006-4205,0.03909,0.91134
CVE-2006-4206,0.00558,0.75305
CVE-2006-4207,0.11722,0.94821
CVE-2006-4208,0.01434,0.85248
CVE-2006-4209,0.09987,0.94369
CVE-2006-4210,0.01275,0.84292
CVE-2006-4211,0.00587,0.75948
CVE-2006-4212,0.00966,0.81706
CVE-2006-4213,0.01152,0.83368
CVE-2006-4214,0.00625,0.76765
CVE-2006-4215,0.07070,0.93353
CVE-2006-4217,0.02892,0.89788
CVE-2006-4218,0.00652,0.77312
CVE-2006-4219,0.94296,0.99033
CVE-2006-4220,0.00292,0.65954
CVE-2006-4221,0.89078,0.98510
CVE-2006-4222,0.00233,0.61432
CVE-2006-4223,0.00358,0.69350
CVE-2006-4224,0.00259,0.63733
CVE-2006-4226,0.00356,0.69237
CVE-2006-4227,0.03159,0.90178
CVE-2006-4228,0.05623,0.92576
CVE-2006-4229,0.02163,0.88246
CVE-2006-4230,0.03909,0.91134
CVE-2006-4231,0.00592,0.76062
CVE-2006-4232,0.00042,0.05722
CVE-2006-4233,0.00042,0.05722
CVE-2006-4234,0.05615,0.92572
CVE-2006-4235,0.35348,0.96753
CVE-2006-4236,0.48090,0.97179
CVE-2006-4237,0.05054,0.92163
CVE-2006-4238,0.00227,0.61036
CVE-2006-4239,0.08563,0.93907
CVE-2006-4240,0.12019,0.94873
CVE-2006-4241,0.05615,0.92572
CVE-2006-4242,0.29745,0.96514
CVE-2006-4243,0.00222,0.60556
CVE-2006-4244,0.03416,0.90559
CVE-2006-4245,0.00513,0.74228
CVE-2006-4246,0.00291,0.65902
CVE-2006-4247,0.00198,0.57702
CVE-2006-4248,0.00042,0.05722
CVE-2006-4249,0.00290,0.65816
CVE-2006-4250,0.00042,0.00438
CVE-2006-4251,0.10801,0.94596
CVE-2006-4252,0.01945,0.87478
CVE-2006-4253,0.97205,0.99794
CVE-2006-4254,0.01090,0.82857
CVE-2006-4255,0.00690,0.78082
CVE-2006-4256,0.01879,0.87213
CVE-2006-4257,0.08354,0.93815
CVE-2006-4258,0.00391,0.70675
CVE-2006-4259,0.00442,0.72306
CVE-2006-4260,0.00657,0.77376
CVE-2006-4262,0.01680,0.86402
CVE-2006-4263,0.25755,0.96295
CVE-2006-4264,0.01573,0.85970
CVE-2006-4265,0.00587,0.75950
CVE-2006-4266,0.00043,0.07360
CVE-2006-4267,0.01621,0.86183
CVE-2006-4268,0.19153,0.95839
CVE-2006-4269,0.01528,0.85742
CVE-2006-4270,0.07944,0.93681
CVE-2006-4271,0.02360,0.88755
CVE-2006-4272,0.01562,0.85904
CVE-2006-4273,0.06481,0.93059
CVE-2006-4275,0.01168,0.83509
CVE-2006-4276,0.02360,0.88755
CVE-2006-4277,0.02360,0.88755
CVE-2006-4278,0.15334,0.95397
CVE-2006-4279,0.01451,0.85341
CVE-2006-4280,0.01581,0.86003
CVE-2006-4281,0.00957,0.81622
CVE-2006-4282,0.15334,0.95397
CVE-2006-4283,0.01168,0.83509
CVE-2006-4284,0.05343,0.92372
CVE-2006-4285,0.04733,0.91881
CVE-2006-4286,0.01168,0.83509
CVE-2006-4287,0.15983,0.95480
CVE-2006-4288,0.06058,0.92802
CVE-2006-4289,0.14305,0.95238
CVE-2006-4290,0.02802,0.89642
CVE-2006-4291,0.09477,0.94212
CVE-2006-4292,0.01834,0.87019
CVE-2006-4293,0.00649,0.77249
CVE-2006-4294,0.01084,0.82821
CVE-2006-4295,0.00253,0.63224
CVE-2006-4296,0.10026,0.94398
CVE-2006-4297,0.00939,0.81418
CVE-2006-4298,0.00377,0.70086
CVE-2006-4299,0.00573,0.75628
CVE-2006-4300,0.00421,0.71636
CVE-2006-4301,0.32266,0.96625
CVE-2006-4302,0.01719,0.86552
CVE-2006-4303,0.03329,0.90436
CVE-2006-4304,0.06635,0.93145
CVE-2006-4305,0.96651,0.99562
CVE-2006-4306,0.00063,0.25302
CVE-2006-4307,0.00064,0.26289
CVE-2006-4308,0.00957,0.81625
CVE-2006-4309,0.01168,0.83509
CVE-2006-4310,0.11469,0.94750
CVE-2006-4311,0.09484,0.94218
CVE-2006-4312,0.00060,0.23520
CVE-2006-4313,0.11373,0.94732
CVE-2006-4314,0.00819,0.80038
CVE-2006-4315,0.00042,0.05722
CVE-2006-4316,0.00060,0.23520
CVE-2006-4317,0.02313,0.88647
CVE-2006-4318,0.64852,0.97611
CVE-2006-4319,0.00063,0.25302
CVE-2006-4320,0.01168,0.83509
CVE-2006-4321,0.10026,0.94398
CVE-2006-4322,0.05054,0.92163
CVE-2006-4323,0.00880,0.80761
CVE-2006-4324,0.04219,0.91422
CVE-2006-4325,0.04010,0.91214
CVE-2006-4326,0.30857,0.96568
CVE-2006-4327,0.04219,0.91422
CVE-2006-4328,0.00849,0.80414
CVE-2006-4329,0.11722,0.94821
CVE-2006-4330,0.02038,0.87805
CVE-2006-4331,0.01818,0.86933
CVE-2006-4332,0.01791,0.86818
CVE-2006-4333,0.01501,0.85599
CVE-2006-4334,0.07301,0.93436
CVE-2006-4335,0.02190,0.88315
CVE-2006-4336,0.03106,0.90104
CVE-2006-4337,0.03773,0.90990
CVE-2006-4338,0.07169,0.93390
CVE-2006-4339,0.09305,0.94158
CVE-2006-4340,0.32998,0.96652
CVE-2006-4342,0.00045,0.12220
CVE-2006-4343,0.01566,0.85921
CVE-2006-4344,0.04157,0.91373
CVE-2006-4345,0.17540,0.95679
CVE-2006-4346,0.07698,0.93557
CVE-2006-4347,0.00938,0.81399
CVE-2006-4348,0.15334,0.95397
CVE-2006-4349,0.08563,0.93907
CVE-2006-4350,0.00322,0.67701
CVE-2006-4351,0.00386,0.70470
CVE-2006-4352,0.00384,0.70390
CVE-2006-4353,0.01076,0.82748
CVE-2006-4354,0.15334,0.95397
CVE-2006-4355,0.00477,0.73280
CVE-2006-4356,0.00649,0.77225
CVE-2006-4357,0.05615,0.92572
CVE-2006-4358,0.06456,0.93038
CVE-2006-4359,0.14745,0.95302
CVE-2006-4360,0.00182,0.55573
CVE-2006-4361,0.00587,0.75948
CVE-2006-4362,0.00991,0.81983
CVE-2006-4363,0.08563,0.93907
CVE-2006-4364,0.22593,0.96100
CVE-2006-4365,0.11762,0.94828
CVE-2006-4366,0.05054,0.92163
CVE-2006-4367,0.00227,0.61036
CVE-2006-4368,0.02292,0.88598
CVE-2006-4369,0.01150,0.83336
CVE-2006-4370,0.02545,0.89146
CVE-2006-4371,0.00245,0.62563
CVE-2006-4372,0.03964,0.91176
CVE-2006-4373,0.16828,0.95583
CVE-2006-4374,0.00235,0.61612
CVE-2006-4375,0.01168,0.83509
CVE-2006-4376,0.00521,0.74421
CVE-2006-4377,0.00218,0.59796
CVE-2006-4378,0.01573,0.85970
CVE-2006-4379,0.96446,0.99487
CVE-2006-4380,0.00060,0.23520
CVE-2006-4381,0.33169,0.96657
CVE-2006-4382,0.13068,0.95043
CVE-2006-4384,0.72725,0.97833
CVE-2006-4385,0.08561,0.93885
CVE-2006-4386,0.15673,0.95440
CVE-2006-4387,0.00070,0.28797
CVE-2006-4388,0.10714,0.94574
CVE-2006-4389,0.03722,0.90925
CVE-2006-4390,0.00510,0.74164
CVE-2006-4391,0.02952,0.89867
CVE-2006-4392,0.00042,0.05845
CVE-2006-4393,0.00042,0.05722
CVE-2006-4394,0.00964,0.81683
CVE-2006-4395,0.01862,0.87131
CVE-2006-4396,0.00042,0.00438
CVE-2006-4397,0.00070,0.28797
CVE-2006-4398,0.00042,0.05859
CVE-2006-4399,0.00069,0.28556
CVE-2006-4400,0.01164,0.83450
CVE-2006-4401,0.04196,0.91404
CVE-2006-4402,0.06149,0.92869
CVE-2006-4403,0.04768,0.91930
CVE-2006-4404,0.00990,0.81957
CVE-2006-4406,0.07357,0.93455
CVE-2006-4407,0.01822,0.86955
CVE-2006-4408,0.04559,0.91713
CVE-2006-4409,0.02243,0.88463
CVE-2006-4410,0.02419,0.88891
CVE-2006-4411,0.00043,0.05916
CVE-2006-4412,0.06889,0.93270
CVE-2006-4413,0.00042,0.05722
CVE-2006-4416,0.00043,0.07623
CVE-2006-4417,0.01033,0.82325
CVE-2006-4418,0.00792,0.79731
CVE-2006-4419,0.00305,0.66682
CVE-2006-4420,0.01980,0.87603
CVE-2006-4421,0.00265,0.64199
CVE-2006-4422,0.25646,0.96290
CVE-2006-4423,0.08563,0.93907
CVE-2006-4424,0.02360,0.88755
CVE-2006-4425,0.18176,0.95733
CVE-2006-4426,0.11814,0.94842
CVE-2006-4427,0.11075,0.94651
CVE-2006-4428,0.15334,0.95397
CVE-2006-4429,0.00829,0.80177
CVE-2006-4430,0.15584,0.95427
CVE-2006-4431,0.13058,0.95039
CVE-2006-4432,0.00506,0.74051
CVE-2006-4433,0.03123,0.90126
CVE-2006-4434,0.11809,0.94835
CVE-2006-4435,0.00070,0.28797
CVE-2006-4436,0.22077,0.96062
CVE-2006-4437,0.13128,0.95055
CVE-2006-4438,0.03892,0.91113
CVE-2006-4439,0.00044,0.10704
CVE-2006-4440,0.02234,0.88448
CVE-2006-4441,0.01168,0.83509
CVE-2006-4442,0.01135,0.83227
CVE-2006-4443,0.05615,0.92572
CVE-2006-4444,0.00415,0.71472
CVE-2006-4445,0.02374,0.88792
CVE-2006-4446,0.96482,0.99499
CVE-2006-4447,0.00061,0.23768
CVE-2006-4448,0.09278,0.94150
CVE-2006-4449,0.04682,0.91842
CVE-2006-4450,0.06145,0.92866
CVE-2006-4451,0.01274,0.84277
CVE-2006-4452,0.19290,0.95853
CVE-2006-4453,0.00286,0.65576
CVE-2006-4454,0.00886,0.80838
CVE-2006-4455,0.16918,0.95592
CVE-2006-4456,0.16828,0.95583
CVE-2006-4457,0.00650,0.77260
CVE-2006-4458,0.01999,0.87674
CVE-2006-4459,0.00376,0.70038
CVE-2006-4460,0.00286,0.65576
CVE-2006-4461,0.00232,0.61386
CVE-2006-4462,0.00829,0.80177
CVE-2006-4463,0.00804,0.79883
CVE-2006-4464,0.06459,0.93042
CVE-2006-4465,0.02005,0.87706
CVE-2006-4466,0.00412,0.71341
CVE-2006-4467,0.01375,0.84947
CVE-2006-4468,0.00646,0.77154
CVE-2006-4469,0.06936,0.93293
CVE-2006-4470,0.01020,0.82215
CVE-2006-4471,0.00230,0.61255
CVE-2006-4472,0.00332,0.68214
CVE-2006-4473,0.00354,0.69168
CVE-2006-4474,0.01135,0.83227
CVE-2006-4475,0.00482,0.73398
CVE-2006-4476,0.01330,0.84640
CVE-2006-4477,0.19988,0.95920
CVE-2006-4478,0.01302,0.84489
CVE-2006-4479,0.00991,0.81983
CVE-2006-4480,0.00218,0.59804
CVE-2006-4481,0.00064,0.26326
CVE-2006-4482,0.01049,0.82485
CVE-2006-4483,0.02243,0.88465
CVE-2006-4484,0.31694,0.96606
CVE-2006-4485,0.04171,0.91389
CVE-2006-4486,0.04146,0.91364
CVE-2006-4487,0.00910,0.81104
CVE-2006-4488,0.11228,0.94701
CVE-2006-4489,0.48090,0.97179
CVE-2006-4490,0.90779,0.98627
CVE-2006-4491,0.01367,0.84899
CVE-2006-4492,0.00628,0.76823
CVE-2006-4493,0.00042,0.05722
CVE-2006-4494,0.15169,0.95359
CVE-2006-4495,0.96005,0.99363
CVE-2006-4496,0.00259,0.63733
CVE-2006-4497,0.00227,0.61036
CVE-2006-4498,0.06574,0.93115
CVE-2006-4499,0.00206,0.58652
CVE-2006-4500,0.00286,0.65576
CVE-2006-4501,0.00229,0.61131
CVE-2006-4502,0.01095,0.82892
CVE-2006-4503,0.00657,0.77376
CVE-2006-4504,0.00886,0.80832
CVE-2006-4505,0.14543,0.95272
CVE-2006-4506,0.00042,0.05722
CVE-2006-4507,0.00042,0.05722
CVE-2006-4508,0.01844,0.87069
CVE-2006-4509,0.91877,0.98740
CVE-2006-4510,0.90888,0.98639
CVE-2006-4511,0.51373,0.97276
CVE-2006-4513,0.24945,0.96252
CVE-2006-4514,0.02128,0.88112
CVE-2006-4516,0.00043,0.07477
CVE-2006-4517,0.04289,0.91490
CVE-2006-4518,0.03363,0.90486
CVE-2006-4519,0.08607,0.93919
CVE-2006-4520,0.04338,0.91532
CVE-2006-4521,0.04547,0.91707
CVE-2006-4522,0.00043,0.07623
CVE-2006-4523,0.03363,0.90486
CVE-2006-4524,0.00485,0.73491
CVE-2006-4525,0.00532,0.74706
CVE-2006-4526,0.00649,0.77225
CVE-2006-4527,0.01080,0.82776
CVE-2006-4528,0.00615,0.76574
CVE-2006-4529,0.00804,0.79883
CVE-2006-4530,0.02255,0.88501
CVE-2006-4531,0.10607,0.94542
CVE-2006-4532,0.01843,0.87066
CVE-2006-4533,0.25758,0.96296
CVE-2006-4534,0.61091,0.97521
CVE-2006-4535,0.00064,0.26319
CVE-2006-4536,0.00255,0.63475
CVE-2006-4537,0.00060,0.23520
CVE-2006-4538,0.00130,0.47865
CVE-2006-4539,0.22335,0.96084
CVE-2006-4540,0.01102,0.82957
CVE-2006-4541,0.00043,0.07520
CVE-2006-4542,0.01997,0.87663
CVE-2006-4543,0.00706,0.78360
CVE-2006-4544,0.02147,0.88191
CVE-2006-4545,0.08564,0.93907
CVE-2006-4546,0.00517,0.74332
CVE-2006-4547,0.00126,0.47153
CVE-2006-4548,0.00877,0.80735
CVE-2006-4549,0.00591,0.76043
CVE-2006-4550,0.00295,0.66181
CVE-2006-4551,0.00889,0.80874
CVE-2006-4552,0.00521,0.74421
CVE-2006-4553,0.04304,0.91504
CVE-2006-4554,0.02709,0.89480
CVE-2006-4555,0.10701,0.94568
CVE-2006-4556,0.01520,0.85703
CVE-2006-4557,0.01168,0.83509
CVE-2006-4558,0.06788,0.93223
CVE-2006-4559,0.17405,0.95657
CVE-2006-4560,0.53139,0.97329
CVE-2006-4561,0.00906,0.81063
CVE-2006-4562,0.00252,0.63210
CVE-2006-4563,0.06481,0.93059
CVE-2006-4564,0.00526,0.74559
CVE-2006-4565,0.24233,0.96209
CVE-2006-4566,0.96657,0.99563
CVE-2006-4567,0.01777,0.86759
CVE-2006-4568,0.02129,0.88115
CVE-2006-4569,0.10102,0.94416
CVE-2006-4570,0.06148,0.92868
CVE-2006-4571,0.49834,0.97240
CVE-2006-4572,0.05670,0.92595
CVE-2006-4573,0.03965,0.91176
CVE-2006-4574,0.01873,0.87183
CVE-2006-4575,0.00584,0.75872
CVE-2006-4576,0.01601,0.86092
CVE-2006-4577,0.01658,0.86319
CVE-2006-4578,0.01573,0.85970
CVE-2006-4579,0.00681,0.77953
CVE-2006-4580,0.02449,0.88960
CVE-2006-4581,0.01068,0.82681
CVE-2006-4582,0.00668,0.77676
CVE-2006-4583,0.20896,0.95988
CVE-2006-4584,0.13197,0.95066
CVE-2006-4585,0.00628,0.76834
CVE-2006-4586,0.00415,0.71481
CVE-2006-4587,0.02410,0.88872
CVE-2006-4588,0.01692,0.86443
CVE-2006-4589,0.15334,0.95397
CVE-2006-4590,0.00649,0.77225
CVE-2006-4591,0.05054,0.92163
CVE-2006-4592,0.00354,0.69138
CVE-2006-4593,0.02176,0.88282
CVE-2006-4594,0.00829,0.80177
CVE-2006-4595,0.00733,0.78822
CVE-2006-4596,0.08401,0.93831
CVE-2006-4597,0.09792,0.94299
CVE-2006-4598,0.00772,0.79411
CVE-2006-4599,0.00572,0.75605
CVE-2006-4600,0.00312,0.67116
CVE-2006-4601,0.00960,0.81653
CVE-2006-4602,0.96408,0.99477
CVE-2006-4603,0.06928,0.93292
CVE-2006-4604,0.05054,0.92163
CVE-2006-4605,0.13139,0.95060
CVE-2006-4606,0.00790,0.79695
CVE-2006-4607,0.06928,0.93292
CVE-2006-4608,0.01546,0.85825
CVE-2006-4609,0.02904,0.89807
CVE-2006-4610,0.36664,0.96803
CVE-2006-4611,0.23632,0.96173
CVE-2006-4612,0.00811,0.79957
CVE-2006-4613,0.01690,0.86437
CVE-2006-4614,0.00042,0.05722
CVE-2006-4615,0.00042,0.05722
CVE-2006-4616,0.19035,0.95826
CVE-2006-4617,0.00534,0.74747
CVE-2006-4618,0.01573,0.85970
CVE-2006-4619,0.00042,0.05722
CVE-2006-4620,0.00797,0.79794
CVE-2006-4621,0.00650,0.77260
CVE-2006-4622,0.83903,0.98224
CVE-2006-4623,0.09273,0.94144
CVE-2006-4624,0.01649,0.86290
CVE-2006-4625,0.00060,0.23584
CVE-2006-4626,0.04426,0.91605
CVE-2006-4627,0.03058,0.90033
CVE-2006-4628,0.00677,0.77866
CVE-2006-4629,0.10026,0.94398
CVE-2006-4630,0.10026,0.94398
CVE-2006-4631,0.04931,0.92060
CVE-2006-4632,0.00569,0.75523
CVE-2006-4633,0.00948,0.81514
CVE-2006-4634,0.00789,0.79674
CVE-2006-4635,0.00492,0.73684
CVE-2006-4636,0.01622,0.86194
CVE-2006-4637,0.07070,0.93353
CVE-2006-4638,0.09015,0.94055
CVE-2006-4639,0.01071,0.82706
CVE-2006-4640,0.13507,0.95119
CVE-2006-4641,0.00182,0.55593
CVE-2006-4642,0.00042,0.05722
CVE-2006-4643,0.00227,0.61036
CVE-2006-4644,0.08563,0.93907
CVE-2006-4645,0.16828,0.95583
CVE-2006-4646,0.01045,0.82448
CVE-2006-4647,0.15334,0.95397
CVE-2006-4648,0.03115,0.90118
CVE-2006-4649,0.01056,0.82542
CVE-2006-4650,0.08801,0.93982
CVE-2006-4651,0.01314,0.84558
CVE-2006-4652,0.01168,0.83509
CVE-2006-4653,0.00910,0.81104
CVE-2006-4654,0.03727,0.90931
CVE-2006-4655,0.00042,0.00438
CVE-2006-4656,0.04617,0.91767
CVE-2006-4657,0.00060,0.23520
CVE-2006-4658,0.00977,0.81824
CVE-2006-4659,0.01068,0.82681
CVE-2006-4660,0.00868,0.80619
CVE-2006-4661,0.04714,0.91867
CVE-2006-4662,0.35348,0.96753
CVE-2006-4663,0.00042,0.05722
CVE-2006-4664,0.40971,0.96963
CVE-2006-4665,0.00677,0.77866
CVE-2006-4666,0.13935,0.95183
CVE-2006-4667,0.00569,0.75523
CVE-2006-4668,0.00991,0.81983
CVE-2006-4669,0.01573,0.85970
CVE-2006-4670,0.14411,0.95253
CVE-2006-4671,0.02292,0.88597
CVE-2006-4672,0.08846,0.93995
CVE-2006-4673,0.01012,0.82147
CVE-2006-4674,0.01812,0.86907
CVE-2006-4675,0.01886,0.87251
CVE-2006-4676,0.00042,0.00438
CVE-2006-4677,0.01253,0.84136
CVE-2006-4678,0.04836,0.91990
CVE-2006-4679,0.00607,0.76362
CVE-2006-4680,0.00495,0.73765
CVE-2006-4681,0.00876,0.80716
CVE-2006-4682,0.03196,0.90233
CVE-2006-4683,0.00861,0.80552
CVE-2006-4684,0.00948,0.81514
CVE-2006-4685,0.10873,0.94613
CVE-2006-4686,0.39990,0.96930
CVE-2006-4687,0.57401,0.97428
CVE-2006-4688,0.96670,0.99569
CVE-2006-4689,0.63308,0.97577
CVE-2006-4691,0.96674,0.99572
CVE-2006-4692,0.92340,0.98790
CVE-2006-4693,0.11123,0.94672
CVE-2006-4694,0.74063,0.97872
CVE-2006-4695,0.84275,0.98242
CVE-2006-4696,0.96941,0.99670
CVE-2006-4697,0.78516,0.98003
CVE-2006-4702,0.72864,0.97837
CVE-2006-4704,0.96486,0.99501
CVE-2006-4705,0.01392,0.85024
CVE-2006-4706,0.02788,0.89620
CVE-2006-4707,0.03021,0.89963
CVE-2006-4708,0.00662,0.77554
CVE-2006-4709,0.00253,0.63237
CVE-2006-4710,0.00806,0.79904
CVE-2006-4711,0.00326,0.67843
CVE-2006-4712,0.06615,0.93137
CVE-2006-4713,0.16828,0.95583
CVE-2006-4714,0.11814,0.94842
CVE-2006-4715,0.00835,0.80248
CVE-2006-4716,0.05288,0.92337
CVE-2006-4717,0.03167,0.90188
CVE-2006-4718,0.00495,0.73762
CVE-2006-4719,0.10534,0.94518
CVE-2006-4720,0.11762,0.94828
CVE-2006-4721,0.01789,0.86810
CVE-2006-4722,0.08563,0.93907
CVE-2006-4723,0.08199,0.93771
CVE-2006-4724,0.02184,0.88301
CVE-2006-4725,0.00042,0.00438
CVE-2006-4726,0.00285,0.65488
CVE-2006-4727,0.00192,0.57132
CVE-2006-4731,0.01523,0.85718
CVE-2006-4732,0.01592,0.86046
CVE-2006-4733,0.19290,0.95853
CVE-2006-4734,0.00474,0.73168
CVE-2006-4735,0.00589,0.76003
CVE-2006-4736,0.00384,0.70354
CVE-2006-4737,0.00306,0.66797
CVE-2006-4738,0.01096,0.82915
CVE-2006-4739,0.00268,0.64410
CVE-2006-4740,0.00649,0.77238
CVE-2006-4741,0.01376,0.84950
CVE-2006-4742,0.00293,0.66008
CVE-2006-4743,0.00649,0.77238
CVE-2006-4744,0.00559,0.75312
CVE-2006-4745,0.00042,0.05722
CVE-2006-4746,0.01081,0.82793
CVE-2006-4747,0.00295,0.66174
CVE-2006-4748,0.00569,0.75523
CVE-2006-4749,0.00609,0.76417
CVE-2006-4750,0.13044,0.95038
CVE-2006-4751,0.05103,0.92200
CVE-2006-4752,0.00746,0.78989
CVE-2006-4753,0.03140,0.90151
CVE-2006-4754,0.01401,0.85076
CVE-2006-4755,0.00143,0.50129
CVE-2006-4756,0.00168,0.53597
CVE-2006-4757,0.00201,0.58021
CVE-2006-4758,0.00558,0.75304
CVE-2006-4759,0.00841,0.80328
CVE-2006-4760,0.01195,0.83715
CVE-2006-4761,0.01062,0.82626
CVE-2006-4762,0.01105,0.82983
CVE-2006-4763,0.02091,0.87992
CVE-2006-4764,0.08563,0.93907
CVE-2006-4765,0.00389,0.70600
CVE-2006-4766,0.01999,0.87674
CVE-2006-4767,0.00597,0.76148
CVE-2006-4768,0.01352,0.84785
CVE-2006-4769,0.08563,0.93907
CVE-2006-4770,0.04757,0.91917
CVE-2006-4771,0.00295,0.66174
CVE-2006-4772,0.00405,0.71133
CVE-2006-4773,0.28933,0.96470
CVE-2006-4774,0.04410,0.91597
CVE-2006-4775,0.08069,0.93731
CVE-2006-4776,0.44442,0.97061
CVE-2006-4777,0.97205,0.99794
CVE-2006-4778,0.00306,0.66797
CVE-2006-4779,0.06574,0.93115
CVE-2006-4780,0.14437,0.95259
CVE-2006-4781,0.03238,0.90307
CVE-2006-4782,0.01417,0.85154
CVE-2006-4783,0.00746,0.78997
CVE-2006-4784,0.00677,0.77866
CVE-2006-4785,0.00684,0.77986
CVE-2006-4786,0.01038,0.82395
CVE-2006-4787,0.00042,0.05722
CVE-2006-4788,0.01573,0.85970
CVE-2006-4789,0.00042,0.00438
CVE-2006-4790,0.06337,0.92971
CVE-2006-4793,0.00377,0.70077
CVE-2006-4794,0.01729,0.86590
CVE-2006-4795,0.00042,0.05722
CVE-2006-4796,0.00739,0.78892
CVE-2006-4797,0.00677,0.77866
CVE-2006-4798,0.00232,0.61391
CVE-2006-4799,0.01049,0.82479
CVE-2006-4800,0.07177,0.93392
CVE-2006-4801,0.00042,0.05722
CVE-2006-4802,0.00043,0.07689
CVE-2006-4803,0.00042,0.05722
CVE-2006-4805,0.02230,0.88430
CVE-2006-4806,0.12026,0.94876
CVE-2006-4807,0.07531,0.93514
CVE-2006-4808,0.05895,0.92718
CVE-2006-4809,0.06687,0.93169
CVE-2006-4810,0.00064,0.26403
CVE-2006-4811,0.09577,0.94245
CVE-2006-4812,0.57962,0.97441
CVE-2006-4813,0.00066,0.27454
CVE-2006-4814,0.00072,0.29630
CVE-2006-4819,0.29941,0.96526
CVE-2006-4820,0.00042,0.05722
CVE-2006-4821,0.00477,0.73280
CVE-2006-4822,0.00587,0.75948
CVE-2006-4823,0.14437,0.95259
CVE-2006-4824,0.15334,0.95397
CVE-2006-4825,0.00789,0.79674
CVE-2006-4826,0.02360,0.88755
CVE-2006-4827,0.09278,0.94150
CVE-2006-4828,0.04809,0.91971
CVE-2006-4829,0.08788,0.93980
CVE-2006-4830,0.00445,0.72368
CVE-2006-4831,0.00451,0.72559
CVE-2006-4832,0.23018,0.96131
CVE-2006-4833,0.04688,0.91851
CVE-2006-4834,0.11722,0.94821
CVE-2006-4835,0.00589,0.76003
CVE-2006-4836,0.00192,0.57135
CVE-2006-4837,0.05422,0.92437
CVE-2006-4838,0.00295,0.66174
CVE-2006-4839,0.11598,0.94788
CVE-2006-4842,0.00055,0.20551
CVE-2006-4843,0.09632,0.94260
CVE-2006-4844,0.07414,0.93471
CVE-2006-4845,0.09477,0.94212
CVE-2006-4846,0.07124,0.93371
CVE-2006-4847,0.97036,0.99706
CVE-2006-4848,0.03676,0.90872
CVE-2006-4849,0.14437,0.95259
CVE-2006-4850,0.11228,0.94701
CVE-2006-4851,0.01081,0.82793
CVE-2006-4852,0.05343,0.92372
CVE-2006-4853,0.00354,0.69138
CVE-2006-4855,0.00042,0.00438
CVE-2006-4856,0.00488,0.73563
CVE-2006-4857,0.00670,0.77700
CVE-2006-4858,0.08139,0.93749
CVE-2006-4859,0.02559,0.89167
CVE-2006-4860,0.01386,0.85001
CVE-2006-4861,0.00228,0.61109
CVE-2006-4862,0.00228,0.61109
CVE-2006-4863,0.02234,0.88448
CVE-2006-4864,0.02360,0.88755
CVE-2006-4865,0.00289,0.65780
CVE-2006-4866,0.00042,0.00438
CVE-2006-4867,0.00572,0.75605
CVE-2006-4868,0.14731,0.95299
CVE-2006-4869,0.05068,0.92176
CVE-2006-4870,0.14733,0.95299
CVE-2006-4871,0.00811,0.79957
CVE-2006-4872,0.00811,0.79957
CVE-2006-4873,0.00589,0.76003
CVE-2006-4874,0.00294,0.66081
CVE-2006-4875,0.02538,0.89136
CVE-2006-4876,0.00193,0.57172
CVE-2006-4877,0.14566,0.95274
CVE-2006-4878,0.08481,0.93862
CVE-2006-4879,0.00649,0.77225
CVE-2006-4880,0.00910,0.81104
CVE-2006-4881,0.00908,0.81085
CVE-2006-4882,0.00421,0.71636
CVE-2006-4883,0.00615,0.76574
CVE-2006-4884,0.00168,0.53536
CVE-2006-4885,0.01573,0.85970
CVE-2006-4886,0.00042,0.05722
CVE-2006-4887,0.00042,0.05722
CVE-2006-4888,0.02874,0.89763
CVE-2006-4889,0.28596,0.96457
CVE-2006-4890,0.09987,0.94369
CVE-2006-4891,0.00421,0.71636
CVE-2006-4892,0.00421,0.71636
CVE-2006-4893,0.05790,0.92655
CVE-2006-4894,0.00295,0.66174
CVE-2006-4895,0.00898,0.80975
CVE-2006-4897,0.02277,0.88559
CVE-2006-4898,0.04757,0.91917
CVE-2006-4899,0.13078,0.95045
CVE-2006-4900,0.00497,0.73800
CVE-2006-4901,0.02618,0.89291
CVE-2006-4902,0.88450,0.98464
CVE-2006-4904,0.06574,0.93115
CVE-2006-4905,0.01573,0.85970
CVE-2006-4906,0.00572,0.75605
CVE-2006-4907,0.00649,0.77238
CVE-2006-4908,0.00710,0.78447
CVE-2006-4909,0.00615,0.76574
CVE-2006-4910,0.04559,0.91713
CVE-2006-4911,0.06725,0.93189
CVE-2006-4912,0.05288,0.92337
CVE-2006-4913,0.09826,0.94310
CVE-2006-4914,0.00545,0.75047
CVE-2006-4915,0.00295,0.66174
CVE-2006-4916,0.00348,0.68915
CVE-2006-4917,0.00718,0.78574
CVE-2006-4918,0.15334,0.95397
CVE-2006-4919,0.00657,0.77376
CVE-2006-4920,0.04317,0.91518
CVE-2006-4921,0.01573,0.85970
CVE-2006-4922,0.00668,0.77676
CVE-2006-4923,0.00718,0.78574
CVE-2006-4924,0.92567,0.98825
CVE-2006-4925,0.06155,0.92873
CVE-2006-4926,0.00042,0.00438
CVE-2006-4927,0.00043,0.07521
CVE-2006-4935,0.00217,0.59788
CVE-2006-4936,0.00217,0.59788
CVE-2006-4937,0.00118,0.45813
CVE-2006-4938,0.00118,0.45813
CVE-2006-4939,0.00152,0.51428
CVE-2006-4940,0.00207,0.58731
CVE-2006-4941,0.00128,0.47464
CVE-2006-4942,0.00207,0.58705
CVE-2006-4943,0.00207,0.58731
CVE-2006-4944,0.01736,0.86621
CVE-2006-4945,0.08199,0.93771
CVE-2006-4946,0.08199,0.93771
CVE-2006-4947,0.01048,0.82478
CVE-2006-4948,0.82910,0.98188
CVE-2006-4949,0.00677,0.77866
CVE-2006-4950,0.02694,0.89451
CVE-2006-4951,0.01879,0.87213
CVE-2006-4952,0.04659,0.91814
CVE-2006-4953,0.00213,0.59334
CVE-2006-4954,0.04659,0.91814
CVE-2006-4955,0.01217,0.83890
CVE-2006-4956,0.00721,0.78632
CVE-2006-4957,0.00572,0.75605
CVE-2006-4958,0.05815,0.92671
CVE-2006-4959,0.01076,0.82748
CVE-2006-4960,0.02410,0.88872
CVE-2006-4961,0.00649,0.77225
CVE-2006-4962,0.03185,0.90220
CVE-2006-4963,0.01711,0.86518
CVE-2006-4964,0.08922,0.94025
CVE-2006-4965,0.01979,0.87602
CVE-2006-4966,0.14902,0.95325
CVE-2006-4967,0.04219,0.91422
CVE-2006-4968,0.10607,0.94542
CVE-2006-4969,0.27226,0.96369
CVE-2006-4970,0.08563,0.93907
CVE-2006-4971,0.00589,0.76003
CVE-2006-4972,0.00495,0.73762
CVE-2006-4973,0.00491,0.73652
CVE-2006-4974,0.01527,0.85732
CVE-2006-4975,0.00366,0.69694
CVE-2006-4976,0.00405,0.71133
CVE-2006-4977,0.02684,0.89436
CVE-2006-4978,0.00906,0.81062
CVE-2006-4979,0.04589,0.91747
CVE-2006-4980,0.01202,0.83764
CVE-2006-4981,0.00045,0.11828
CVE-2006-4982,0.00052,0.18252
CVE-2006-4983,0.00383,0.70338
CVE-2006-4984,0.00750,0.79055
CVE-2006-4985,0.00246,0.62686
CVE-2006-4986,0.00401,0.71012
CVE-2006-4987,0.00898,0.80975
CVE-2006-4988,0.00333,0.68272
CVE-2006-4989,0.00401,0.71012
CVE-2006-4990,0.13315,0.95088
CVE-2006-4991,0.00042,0.05722
CVE-2006-4992,0.09191,0.94115
CVE-2006-4993,0.06574,0.93115
CVE-2006-4994,0.00042,0.05722
CVE-2006-4995,0.00609,0.76417
CVE-2006-4996,0.01426,0.85198
CVE-2006-4997,0.03966,0.91177
CVE-2006-5000,0.96771,0.99612
CVE-2006-5001,0.47997,0.97177
CVE-2006-5002,0.00625,0.76776
CVE-2006-5003,0.00042,0.05722
CVE-2006-5004,0.00042,0.05722
CVE-2006-5005,0.00042,0.05722
CVE-2006-5006,0.00042,0.05722
CVE-2006-5007,0.00042,0.05722
CVE-2006-5008,0.01266,0.84246
CVE-2006-5009,0.00042,0.05722
CVE-2006-5010,0.00042,0.05722
CVE-2006-5011,0.00042,0.05722
CVE-2006-5012,0.00044,0.10704
CVE-2006-5013,0.08774,0.93977
CVE-2006-5014,0.01739,0.86629
CVE-2006-5015,0.02234,0.88448
CVE-2006-5016,0.03992,0.91198
CVE-2006-5017,0.00784,0.79579
CVE-2006-5018,0.00269,0.64482
CVE-2006-5019,0.03656,0.90840
CVE-2006-5020,0.29187,0.96486
CVE-2006-5021,0.04739,0.91890
CVE-2006-5022,0.05288,0.92337
CVE-2006-5023,0.00348,0.68915
CVE-2006-5024,0.00405,0.71109
CVE-2006-5025,0.00217,0.59788
CVE-2006-5026,0.00217,0.59788
CVE-2006-5027,0.00589,0.76003
CVE-2006-5028,0.01711,0.86518
CVE-2006-5029,0.00306,0.66797
CVE-2006-5030,0.00197,0.57684
CVE-2006-5031,0.01312,0.84545
CVE-2006-5032,0.06574,0.93115
CVE-2006-5033,0.17779,0.95704
CVE-2006-5034,0.01603,0.86108
CVE-2006-5035,0.00268,0.64410
CVE-2006-5036,0.01607,0.86123
CVE-2006-5037,0.00497,0.73797
CVE-2006-5038,0.01573,0.85970
CVE-2006-5039,0.00261,0.63907
CVE-2006-5040,0.00217,0.59788
CVE-2006-5041,0.00217,0.59788
CVE-2006-5042,0.00261,0.63907
CVE-2006-5043,0.07514,0.93504
CVE-2006-5044,0.00714,0.78503
CVE-2006-5045,0.11599,0.94790
CVE-2006-5046,0.00405,0.71109
CVE-2006-5047,0.00350,0.68985
CVE-2006-5048,0.15822,0.95462
CVE-2006-5049,0.00364,0.69573
CVE-2006-5050,0.00350,0.68988
CVE-2006-5051,0.72451,0.97819
CVE-2006-5052,0.02249,0.88477
CVE-2006-5053,0.19290,0.95853
CVE-2006-5054,0.00249,0.62908
CVE-2006-5055,0.09238,0.94133
CVE-2006-5056,0.02176,0.88282
CVE-2006-5057,0.02176,0.88282
CVE-2006-5058,0.03686,0.90886
CVE-2006-5059,0.02313,0.88647
CVE-2006-5060,0.04682,0.91842
CVE-2006-5061,0.15334,0.95397
CVE-2006-5062,0.08563,0.93907
CVE-2006-5063,0.02410,0.88872
CVE-2006-5064,0.02176,0.88282
CVE-2006-5065,0.04805,0.91968
CVE-2006-5066,0.02176,0.88282
CVE-2006-5067,0.01573,0.85970
CVE-2006-5068,0.15360,0.95402
CVE-2006-5069,0.00433,0.71993
CVE-2006-5070,0.11814,0.94842
CVE-2006-5071,0.00502,0.73970
CVE-2006-5072,0.00044,0.08000
CVE-2006-5073,0.08553,0.93881
CVE-2006-5074,0.02176,0.88282
CVE-2006-5075,0.06275,0.92938
CVE-2006-5076,0.16828,0.95583
CVE-2006-5077,0.09278,0.94150
CVE-2006-5078,0.05288,0.92337
CVE-2006-5079,0.06948,0.93297
CVE-2006-5080,0.00404,0.71084
CVE-2006-5081,0.01096,0.82915
CVE-2006-5082,0.01097,0.82919
CVE-2006-5083,0.01573,0.85970
CVE-2006-5084,0.23405,0.96154
CVE-2006-5085,0.01827,0.86973
CVE-2006-5086,0.00602,0.76255
CVE-2006-5087,0.04757,0.91917
CVE-2006-5088,0.02874,0.89764
CVE-2006-5089,0.02576,0.89197
CVE-2006-5090,0.00662,0.77554
CVE-2006-5091,0.00042,0.05722
CVE-2006-5092,0.10026,0.94398
CVE-2006-5093,0.08079,0.93734
CVE-2006-5094,0.12291,0.94920
CVE-2006-5095,0.01096,0.82915
CVE-2006-5096,0.06481,0.93059
CVE-2006-5097,0.13699,0.95147
CVE-2006-5098,0.01521,0.85708
CVE-2006-5099,0.00977,0.81825
CVE-2006-5100,0.08060,0.93729
CVE-2006-5101,0.43410,0.97032
CVE-2006-5102,0.08563,0.93907
CVE-2006-5103,0.05288,0.92337
CVE-2006-5104,0.00291,0.65875
CVE-2006-5105,0.01081,0.82793
CVE-2006-5106,0.01045,0.82448
CVE-2006-5107,0.00213,0.59334
CVE-2006-5108,0.04604,0.91758
CVE-2006-5109,0.00401,0.71012
CVE-2006-5110,0.00495,0.73762
CVE-2006-5111,0.04991,0.92096
CVE-2006-5112,0.80277,0.98057
CVE-2006-5113,0.01100,0.82942
CVE-2006-5114,0.02859,0.89741
CVE-2006-5115,0.01603,0.86110
CVE-2006-5116,0.03626,0.90800
CVE-2006-5117,0.01351,0.84776
CVE-2006-5118,0.03676,0.90872
CVE-2006-5119,0.01771,0.86733
CVE-2006-5120,0.00789,0.79674
CVE-2006-5121,0.00804,0.79883
CVE-2006-5122,0.00250,0.63075
CVE-2006-5123,0.03189,0.90225
CVE-2006-5124,0.03046,0.90018
CVE-2006-5125,0.00429,0.71864
CVE-2006-5126,0.05288,0.92337
CVE-2006-5127,0.02039,0.87809
CVE-2006-5128,0.01054,0.82526
CVE-2006-5129,0.00495,0.73762
CVE-2006-5130,0.00316,0.67377
CVE-2006-5131,0.02509,0.89078
CVE-2006-5132,0.03093,0.90087
CVE-2006-5133,0.06574,0.93115
CVE-2006-5134,0.00359,0.69380
CVE-2006-5135,0.04757,0.91917
CVE-2006-5136,0.00898,0.80975
CVE-2006-5137,0.02565,0.89179
CVE-2006-5138,0.00401,0.71012
CVE-2006-5139,0.00659,0.77418
CVE-2006-5140,0.00213,0.59334
CVE-2006-5141,0.03728,0.90935
CVE-2006-5142,0.89005,0.98505
CVE-2006-5143,0.96925,0.99665
CVE-2006-5144,0.01601,0.86092
CVE-2006-5145,0.00501,0.73936
CVE-2006-5146,0.02176,0.88282
CVE-2006-5147,0.03676,0.90872
CVE-2006-5148,0.05288,0.92337
CVE-2006-5149,0.01129,0.83176
CVE-2006-5150,0.00329,0.68036
CVE-2006-5151,0.02341,0.88699
CVE-2006-5152,0.56467,0.97408
CVE-2006-5153,0.00198,0.57731
CVE-2006-5154,0.08938,0.94032
CVE-2006-5155,0.08563,0.93907
CVE-2006-5156,0.97262,0.99824
CVE-2006-5157,0.22203,0.96074
CVE-2006-5158,0.02936,0.89846
CVE-2006-5159,0.46558,0.97139
CVE-2006-5160,0.00223,0.60634
CVE-2006-5161,0.00519,0.74370
CVE-2006-5162,0.12606,0.94973
CVE-2006-5163,0.00042,0.05722
CVE-2006-5164,0.06481,0.93059
CVE-2006-5165,0.09278,0.94150
CVE-2006-5166,0.03676,0.90872
CVE-2006-5167,0.11814,0.94842
CVE-2006-5168,0.00445,0.72359
CVE-2006-5169,0.00225,0.60861
CVE-2006-5170,0.00463,0.72858
CVE-2006-5171,0.25960,0.96306
CVE-2006-5172,0.02563,0.89174
CVE-2006-5173,0.00042,0.05775
CVE-2006-5174,0.00064,0.26319
CVE-2006-5175,0.00299,0.66399
CVE-2006-5176,0.13061,0.95040
CVE-2006-5177,0.19160,0.95841
CVE-2006-5178,0.00050,0.16045
CVE-2006-5179,0.00243,0.62335
CVE-2006-5180,0.05007,0.92125
CVE-2006-5181,0.01573,0.85970
CVE-2006-5182,0.08563,0.93907
CVE-2006-5183,0.00976,0.81806
CVE-2006-5184,0.00843,0.80349
CVE-2006-5185,0.09643,0.94262
CVE-2006-5186,0.15757,0.95448
CVE-2006-5187,0.08563,0.93907
CVE-2006-5188,0.01292,0.84424
CVE-2006-5189,0.04757,0.91917
CVE-2006-5190,0.03782,0.90994
CVE-2006-5191,0.06350,0.92982
CVE-2006-5192,0.05288,0.92337
CVE-2006-5193,0.05288,0.92337
CVE-2006-5194,0.00268,0.64410
CVE-2006-5195,0.00316,0.67377
CVE-2006-5196,0.04961,0.92080
CVE-2006-5197,0.00354,0.69167
CVE-2006-5198,0.96122,0.99389
CVE-2006-5199,0.00047,0.13976
CVE-2006-5200,0.00593,0.76079
CVE-2006-5201,0.01409,0.85115
CVE-2006-5202,0.01743,0.86647
CVE-2006-5203,0.00192,0.56916
CVE-2006-5204,0.00269,0.64486
CVE-2006-5205,0.00366,0.69677
CVE-2006-5206,0.00172,0.54266
CVE-2006-5207,0.09015,0.94055
CVE-2006-5208,0.00732,0.78811
CVE-2006-5209,0.05477,0.92481
CVE-2006-5210,0.01918,0.87383
CVE-2006-5211,0.02115,0.88054
CVE-2006-5212,0.02629,0.89324
CVE-2006-5213,0.00044,0.10704
CVE-2006-5214,0.00047,0.14035
CVE-2006-5215,0.00044,0.10704
CVE-2006-5216,0.94429,0.99056
CVE-2006-5217,0.00171,0.54169
CVE-2006-5218,0.00042,0.05722
CVE-2006-5219,0.03336,0.90442
CVE-2006-5220,0.25549,0.96285
CVE-2006-5221,0.00334,0.68302
CVE-2006-5222,0.08563,0.93907
CVE-2006-5223,0.18556,0.95775
CVE-2006-5224,0.08563,0.93907
CVE-2006-5225,0.00544,0.75019
CVE-2006-5226,0.08563,0.93907
CVE-2006-5227,0.04010,0.91214
CVE-2006-5228,0.01454,0.85358
CVE-2006-5229,0.01048,0.82471
CVE-2006-5230,0.16828,0.95583
CVE-2006-5231,0.04688,0.91851
CVE-2006-5232,0.07593,0.93529
CVE-2006-5233,0.01280,0.84320
CVE-2006-5234,0.09593,0.94250
CVE-2006-5235,0.00533,0.74733
CVE-2006-5236,0.05093,0.92193
CVE-2006-5237,0.00306,0.66797
CVE-2006-5238,0.00405,0.71109
CVE-2006-5239,0.00787,0.79615
CVE-2006-5240,0.36664,0.96803
CVE-2006-5241,0.36259,0.96785
CVE-2006-5242,0.00240,0.62134
CVE-2006-5243,0.06775,0.93216
CVE-2006-5244,0.19117,0.95835
CVE-2006-5245,0.17086,0.95612
CVE-2006-5246,0.04806,0.91970
CVE-2006-5247,0.03053,0.90026
CVE-2006-5248,0.00354,0.69167
CVE-2006-5249,0.10026,0.94398
CVE-2006-5250,0.06574,0.93115
CVE-2006-5251,0.04739,0.91890
CVE-2006-5252,0.00653,0.77321
CVE-2006-5253,0.00777,0.79491
CVE-2006-5254,0.04757,0.91917
CVE-2006-5255,0.00777,0.79491
CVE-2006-5256,0.15360,0.95402
CVE-2006-5257,0.04757,0.91917
CVE-2006-5258,0.08601,0.93917
CVE-2006-5259,0.14902,0.95325
CVE-2006-5260,0.01096,0.82915
CVE-2006-5261,0.08563,0.93907
CVE-2006-5262,0.03032,0.89985
CVE-2006-5263,0.01894,0.87281
CVE-2006-5264,0.00488,0.73584
CVE-2006-5265,0.00421,0.71649
CVE-2006-5266,0.16921,0.95593
CVE-2006-5268,0.09693,0.94273
CVE-2006-5269,0.07756,0.93583
CVE-2006-5270,0.58599,0.97455
CVE-2006-5271,0.04415,0.91598
CVE-2006-5272,0.44903,0.97081
CVE-2006-5273,0.07292,0.93432
CVE-2006-5274,0.03164,0.90185
CVE-2006-5276,0.62027,0.97556
CVE-2006-5277,0.03918,0.91142
CVE-2006-5278,0.05702,0.92616
CVE-2006-5280,0.02292,0.88597
CVE-2006-5281,0.14437,0.95259
CVE-2006-5282,0.10026,0.94398
CVE-2006-5283,0.06574,0.93115
CVE-2006-5284,0.09278,0.94150
CVE-2006-5285,0.00966,0.81706
CVE-2006-5286,0.00655,0.77347
CVE-2006-5287,0.00215,0.59546
CVE-2006-5288,0.01573,0.85970
CVE-2006-5289,0.15575,0.95427
CVE-2006-5290,0.08569,0.93909
CVE-2006-5291,0.26523,0.96332
CVE-2006-5292,0.04757,0.91917
CVE-2006-5293,0.01603,0.86107
CVE-2006-5294,0.01105,0.82973
CVE-2006-5295,0.23741,0.96182
CVE-2006-5296,0.96789,0.99618
CVE-2006-5297,0.00045,0.12116
CVE-2006-5298,0.00042,0.05722
CVE-2006-5299,0.01192,0.83688
CVE-2006-5300,0.00539,0.74887
CVE-2006-5301,0.11409,0.94741
CVE-2006-5302,0.15573,0.95427
CVE-2006-5303,0.00042,0.05722
CVE-2006-5304,0.11722,0.94821
CVE-2006-5305,0.11228,0.94701
CVE-2006-5306,0.07926,0.93666
CVE-2006-5307,0.18556,0.95775
CVE-2006-5308,0.36983,0.96821
CVE-2006-5309,0.16828,0.95583
CVE-2006-5310,0.09238,0.94133
CVE-2006-5311,0.04757,0.91917
CVE-2006-5312,0.03728,0.90935
CVE-2006-5313,0.00562,0.75364
CVE-2006-5314,0.15334,0.95397
CVE-2006-5315,0.02292,0.88598
CVE-2006-5316,0.00453,0.72598
CVE-2006-5317,0.11722,0.94821
CVE-2006-5318,0.12935,0.95024
CVE-2006-5319,0.01434,0.85248
CVE-2006-5320,0.01725,0.86577
CVE-2006-5321,0.00293,0.66008
CVE-2006-5322,0.00204,0.58389
CVE-2006-5323,0.00536,0.74823
CVE-2006-5324,0.00596,0.76137
CVE-2006-5325,0.00609,0.76417
CVE-2006-5326,0.00609,0.76417
CVE-2006-5327,0.00042,0.05722
CVE-2006-5328,0.00042,0.05722
CVE-2006-5330,0.01489,0.85506
CVE-2006-5331,0.00042,0.05722
CVE-2006-5332,0.04696,0.91855
CVE-2006-5333,0.02393,0.88830
CVE-2006-5334,0.01724,0.86572
CVE-2006-5335,0.06500,0.93068
CVE-2006-5336,0.01841,0.87059
CVE-2006-5337,0.00783,0.79559
CVE-2006-5338,0.04696,0.91855
CVE-2006-5339,0.01560,0.85893
CVE-2006-5340,0.83365,0.98202
CVE-2006-5341,0.02167,0.88255
CVE-2006-5342,0.02393,0.88830
CVE-2006-5343,0.01227,0.83950
CVE-2006-5344,0.54854,0.97371
CVE-2006-5345,0.01560,0.85893
CVE-2006-5346,0.00725,0.78686
CVE-2006-5347,0.01033,0.82323
CVE-2006-5348,0.01033,0.82323
CVE-2006-5349,0.01033,0.82323
CVE-2006-5350,0.00198,0.57776
CVE-2006-5351,0.00990,0.81960
CVE-2006-5352,0.01033,0.82323
CVE-2006-5353,0.01033,0.82323
CVE-2006-5354,0.01033,0.82323
CVE-2006-5355,0.01033,0.82323
CVE-2006-5356,0.01033,0.82323
CVE-2006-5357,0.01033,0.82323
CVE-2006-5358,0.01033,0.82323
CVE-2006-5359,0.03153,0.90166
CVE-2006-5360,0.01033,0.82323
CVE-2006-5361,0.01033,0.82323
CVE-2006-5362,0.01033,0.82323
CVE-2006-5363,0.00400,0.70967
CVE-2006-5364,0.00101,0.41081
CVE-2006-5365,0.01033,0.82323
CVE-2006-5366,0.01033,0.82323
CVE-2006-5367,0.00970,0.81754
CVE-2006-5368,0.01033,0.82323
CVE-2006-5369,0.02344,0.88709
CVE-2006-5370,0.02344,0.88709
CVE-2006-5371,0.00970,0.81754
CVE-2006-5372,0.00970,0.81754
CVE-2006-5373,0.00970,0.81754
CVE-2006-5374,0.02344,0.88709
CVE-2006-5375,0.01033,0.82323
CVE-2006-5376,0.00970,0.81754
CVE-2006-5377,0.00970,0.81754
CVE-2006-5378,0.00970,0.81754
CVE-2006-5379,0.41313,0.96972
CVE-2006-5380,0.00898,0.80975
CVE-2006-5381,0.00405,0.71133
CVE-2006-5382,0.01898,0.87307
CVE-2006-5383,0.00572,0.75605
CVE-2006-5384,0.08563,0.93907
CVE-2006-5385,0.16828,0.95583
CVE-2006-5386,0.03693,0.90894
CVE-2006-5387,0.16828,0.95583
CVE-2006-5388,0.00218,0.59859
CVE-2006-5389,0.00589,0.76003
CVE-2006-5390,0.06315,0.92954
CVE-2006-5391,0.06345,0.92978
CVE-2006-5392,0.23933,0.96190
CVE-2006-5393,0.00042,0.05722
CVE-2006-5394,0.00042,0.05722
CVE-2006-5395,0.00668,0.77664
CVE-2006-5396,0.00044,0.10704
CVE-2006-5397,0.00042,0.05722
CVE-2006-5398,0.00886,0.80832
CVE-2006-5399,0.20896,0.95988
CVE-2006-5400,0.04319,0.91519
CVE-2006-5401,0.04757,0.91917
CVE-2006-5402,0.05394,0.92415
CVE-2006-5403,0.05926,0.92741
CVE-2006-5404,0.05168,0.92245
CVE-2006-5405,0.00423,0.71712
CVE-2006-5406,0.00042,0.05722
CVE-2006-5407,0.01081,0.82793
CVE-2006-5408,0.01601,0.86092
CVE-2006-5409,0.00573,0.75636
CVE-2006-5410,0.00659,0.77419
CVE-2006-5411,0.06699,0.93175
CVE-2006-5412,0.05921,0.92738
CVE-2006-5413,0.15334,0.95397
CVE-2006-5414,0.00554,0.75227
CVE-2006-5415,0.16828,0.95583
CVE-2006-5416,0.01095,0.82900
CVE-2006-5417,0.10280,0.94452
CVE-2006-5418,0.08139,0.93749
CVE-2006-5419,0.01528,0.85742
CVE-2006-5420,0.02149,0.88215
CVE-2006-5421,0.06574,0.93115
CVE-2006-5422,0.06574,0.93115
CVE-2006-5423,0.05007,0.92125
CVE-2006-5424,0.08298,0.93799
CVE-2006-5425,0.03428,0.90577
CVE-2006-5426,0.08563,0.93907
CVE-2006-5427,0.06574,0.93115
CVE-2006-5428,0.01288,0.84399
CVE-2006-5429,0.06574,0.93115
CVE-2006-5430,0.01601,0.86092
CVE-2006-5431,0.05042,0.92154
CVE-2006-5432,0.06171,0.92881
CVE-2006-5433,0.05007,0.92125
CVE-2006-5434,0.05007,0.92125
CVE-2006-5435,0.00641,0.77072
CVE-2006-5436,0.03728,0.90935
CVE-2006-5437,0.00385,0.70435
CVE-2006-5438,0.01096,0.82915
CVE-2006-5439,0.01004,0.82083
CVE-2006-5440,0.00990,0.81961
CVE-2006-5441,0.01096,0.82915
CVE-2006-5442,0.01546,0.85825
CVE-2006-5443,0.00668,0.77676
CVE-2006-5444,0.96880,0.99649
CVE-2006-5445,0.84214,0.98237
CVE-2006-5446,0.00749,0.79042
CVE-2006-5447,0.01105,0.82983
CVE-2006-5448,0.05161,0.92241
CVE-2006-5449,0.00583,0.75847
CVE-2006-5450,0.00421,0.71636
CVE-2006-5451,0.03667,0.90854
CVE-2006-5452,0.00044,0.08043
CVE-2006-5453,0.00186,0.55895
CVE-2006-5454,0.06284,0.92942
CVE-2006-5455,0.06112,0.92841
CVE-2006-5456,0.00839,0.80295
CVE-2006-5457,0.00164,0.53046
CVE-2006-5458,0.08047,0.93719
CVE-2006-5459,0.00609,0.76417
CVE-2006-5460,0.00609,0.76417
CVE-2006-5461,0.00045,0.12116
CVE-2006-5462,0.30702,0.96558
CVE-2006-5463,0.44763,0.97072
CVE-2006-5464,0.28989,0.96477
CVE-2006-5465,0.49177,0.97225
CVE-2006-5466,0.03008,0.89947
CVE-2006-5467,0.15660,0.95439
CVE-2006-5468,0.01473,0.85438
CVE-2006-5469,0.01873,0.87183
CVE-2006-5471,0.06574,0.93115
CVE-2006-5472,0.14437,0.95259
CVE-2006-5473,0.01096,0.82915
CVE-2006-5474,0.02394,0.88832
CVE-2006-5475,0.02182,0.88297
CVE-2006-5476,0.01830,0.86988
CVE-2006-5477,0.01169,0.83514
CVE-2006-5478,0.95581,0.99274
CVE-2006-5479,0.00332,0.68210
CVE-2006-5480,0.04134,0.91351
CVE-2006-5481,0.00558,0.75296
CVE-2006-5482,0.00043,0.07477
CVE-2006-5483,0.00043,0.07477
CVE-2006-5484,0.02007,0.87710
CVE-2006-5485,0.06574,0.93115
CVE-2006-5486,0.00436,0.72128
CVE-2006-5487,0.02492,0.89046
CVE-2006-5488,0.00306,0.66797
CVE-2006-5489,0.00633,0.76906
CVE-2006-5490,0.00570,0.75553
CVE-2006-5491,0.00439,0.72201
CVE-2006-5492,0.00379,0.70206
CVE-2006-5493,0.16828,0.95583
CVE-2006-5494,0.11599,0.94790
CVE-2006-5495,0.30826,0.96566
CVE-2006-5496,0.00587,0.75948
CVE-2006-5497,0.03115,0.90118
CVE-2006-5498,0.00754,0.79124
CVE-2006-5499,0.03928,0.91150
CVE-2006-5500,0.00117,0.45621
CVE-2006-5501,0.16067,0.95489
CVE-2006-5502,0.16067,0.95489
CVE-2006-5503,0.00295,0.66174
CVE-2006-5504,0.00677,0.77866
CVE-2006-5505,0.06574,0.93115
CVE-2006-5506,0.22309,0.96079
CVE-2006-5507,0.25482,0.96282
CVE-2006-5508,0.00439,0.72201
CVE-2006-5509,0.00804,0.79883
CVE-2006-5510,0.01824,0.86961
CVE-2006-5511,0.00885,0.80818
CVE-2006-5512,0.00532,0.74706
CVE-2006-5513,0.00649,0.77225
CVE-2006-5514,0.00286,0.65543
CVE-2006-5515,0.00690,0.78082
CVE-2006-5516,0.01678,0.86396
CVE-2006-5517,0.40347,0.96938
CVE-2006-5518,0.14411,0.95253
CVE-2006-5519,0.05068,0.92176
CVE-2006-5520,0.01096,0.82915
CVE-2006-5521,0.15334,0.95397
CVE-2006-5522,0.04757,0.91917
CVE-2006-5523,0.05288,0.92337
CVE-2006-5524,0.05123,0.92212
CVE-2006-5525,0.04467,0.91641
CVE-2006-5526,0.06574,0.93115
CVE-2006-5527,0.15360,0.95402
CVE-2006-5528,0.00709,0.78397
CVE-2006-5529,0.00406,0.71155
CVE-2006-5530,0.00246,0.62686
CVE-2006-5531,0.08563,0.93907
CVE-2006-5532,0.04219,0.91422
CVE-2006-5533,0.01528,0.85742
CVE-2006-5534,0.00250,0.63069
CVE-2006-5535,0.00718,0.78574
CVE-2006-5536,0.02087,0.87970
CVE-2006-5537,0.01105,0.82983
CVE-2006-5538,0.00316,0.67383
CVE-2006-5539,0.10026,0.94398
CVE-2006-5540,0.01726,0.86579
CVE-2006-5541,0.00956,0.81614
CVE-2006-5542,0.01172,0.83532
CVE-2006-5543,0.11228,0.94701
CVE-2006-5544,0.36385,0.96788
CVE-2006-5545,0.69196,0.97722
CVE-2006-5546,0.02727,0.89517
CVE-2006-5547,0.01941,0.87466
CVE-2006-5548,0.01941,0.87466
CVE-2006-5549,0.01296,0.84446
CVE-2006-5550,0.00043,0.07477
CVE-2006-5551,0.09764,0.94292
CVE-2006-5552,0.19143,0.95839
CVE-2006-5553,0.02400,0.88847
CVE-2006-5554,0.01789,0.86809
CVE-2006-5555,0.11722,0.94821
CVE-2006-5556,0.00042,0.00438
CVE-2006-5557,0.00042,0.00438
CVE-2006-5558,0.00237,0.61898
CVE-2006-5559,0.97003,0.99691
CVE-2006-5560,0.00404,0.71084
CVE-2006-5561,0.00213,0.59334
CVE-2006-5562,0.04757,0.91917
CVE-2006-5563,0.02149,0.88215
CVE-2006-5564,0.00294,0.66081
CVE-2006-5565,0.00507,0.74093
CVE-2006-5566,0.03737,0.90943
CVE-2006-5567,0.50519,0.97251
CVE-2006-5568,0.10919,0.94622
CVE-2006-5569,0.00461,0.72814
CVE-2006-5570,0.00843,0.80345
CVE-2006-5571,0.22897,0.96122
CVE-2006-5574,0.09103,0.94079
CVE-2006-5577,0.07033,0.93336
CVE-2006-5578,0.04420,0.91602
CVE-2006-5579,0.81010,0.98079
CVE-2006-5581,0.77818,0.97980
CVE-2006-5583,0.89618,0.98551
CVE-2006-5584,0.06283,0.92941
CVE-2006-5585,0.00056,0.21205
CVE-2006-5586,0.00044,0.08092
CVE-2006-5587,0.09593,0.94250
CVE-2006-5588,0.08563,0.93907
CVE-2006-5589,0.00439,0.72201
CVE-2006-5590,0.10026,0.94398
CVE-2006-5591,0.00931,0.81339
CVE-2006-5592,0.22811,0.96114
CVE-2006-5593,0.03559,0.90718
CVE-2006-5594,0.01081,0.82793
CVE-2006-5595,0.00278,0.65060
CVE-2006-5596,0.00689,0.78070
CVE-2006-5597,0.04219,0.91422
CVE-2006-5598,0.00877,0.80734
CVE-2006-5599,0.03653,0.90835
CVE-2006-5600,0.00042,0.05722
CVE-2006-5601,0.16564,0.95543
CVE-2006-5602,0.00200,0.57962
CVE-2006-5603,0.00129,0.47567
CVE-2006-5604,0.00393,0.70747
CVE-2006-5605,0.00362,0.69505
CVE-2006-5606,0.00591,0.76060
CVE-2006-5607,0.00545,0.75047
CVE-2006-5608,0.00540,0.74918
CVE-2006-5609,0.01674,0.86380
CVE-2006-5610,0.00533,0.74733
CVE-2006-5611,0.00261,0.63907
CVE-2006-5612,0.11599,0.94790
CVE-2006-5613,0.10026,0.94398
CVE-2006-5614,0.97030,0.99703
CVE-2006-5615,0.04809,0.91971
CVE-2006-5616,0.00990,0.81962
CVE-2006-5617,0.00404,0.71091
CVE-2006-5618,0.01718,0.86549
CVE-2006-5619,0.00064,0.26319
CVE-2006-5620,0.13139,0.95060
CVE-2006-5621,0.04223,0.91426
CVE-2006-5622,0.00599,0.76188
CVE-2006-5623,0.05288,0.92337
CVE-2006-5624,0.06417,0.93019
CVE-2006-5625,0.02180,0.88291
CVE-2006-5626,0.01320,0.84586
CVE-2006-5627,0.24795,0.96243
CVE-2006-5628,0.00306,0.66797
CVE-2006-5629,0.00368,0.69788
CVE-2006-5630,0.00857,0.80505
CVE-2006-5631,0.00440,0.72229
CVE-2006-5632,0.00536,0.74815
CVE-2006-5633,0.38776,0.96886
CVE-2006-5634,0.12619,0.94975
CVE-2006-5635,0.00171,0.54169
CVE-2006-5636,0.05779,0.92652
CVE-2006-5637,0.09215,0.94124
CVE-2006-5638,0.00501,0.73936
CVE-2006-5639,0.00575,0.75680
CVE-2006-5640,0.00365,0.69633
CVE-2006-5641,0.00365,0.69633
CVE-2006-5642,0.00405,0.71109
CVE-2006-5643,0.03667,0.90855
CVE-2006-5645,0.20348,0.95946
CVE-2006-5646,0.74251,0.97880
CVE-2006-5647,0.13596,0.95131
CVE-2006-5648,0.00042,0.05722
CVE-2006-5649,0.00042,0.05722
CVE-2006-5650,0.96543,0.99526
CVE-2006-5651,0.01371,0.84917
CVE-2006-5652,0.01215,0.83861
CVE-2006-5653,0.00637,0.76984
CVE-2006-5654,0.00547,0.75085
CVE-2006-5655,0.00306,0.66797
CVE-2006-5656,0.01084,0.82819
CVE-2006-5657,0.00405,0.71109
CVE-2006-5658,0.02497,0.89050
CVE-2006-5659,0.00042,0.05722
CVE-2006-5660,0.24058,0.96199
CVE-2006-5661,0.05346,0.92379
CVE-2006-5662,0.00599,0.76188
CVE-2006-5663,0.00042,0.05722
CVE-2006-5664,0.00042,0.05722
CVE-2006-5665,0.10026,0.94398
CVE-2006-5666,0.00599,0.76188
CVE-2006-5667,0.10026,0.94398
CVE-2006-5668,0.02449,0.88960
CVE-2006-5669,0.04809,0.91971
CVE-2006-5670,0.15334,0.95397
CVE-2006-5671,0.00533,0.74733
CVE-2006-5672,0.03676,0.90872
CVE-2006-5673,0.16828,0.95583
CVE-2006-5674,0.01096,0.82915
CVE-2006-5675,0.00395,0.70799
CVE-2006-5676,0.00497,0.73809
CVE-2006-5677,0.00042,0.05722
CVE-2006-5678,0.01528,0.85742
CVE-2006-5679,0.00055,0.20406
CVE-2006-5680,0.00768,0.79351
CVE-2006-5681,0.00787,0.79613
CVE-2006-5701,0.00043,0.07477
CVE-2006-5702,0.02985,0.89915
CVE-2006-5703,0.00788,0.79656
CVE-2006-5704,0.00042,0.05722
CVE-2006-5705,0.00245,0.62632
CVE-2006-5706,0.00042,0.05722
CVE-2006-5707,0.09160,0.94102
CVE-2006-5708,0.00103,0.41751
CVE-2006-5709,0.00405,0.71109
CVE-2006-5710,0.12178,0.94905
CVE-2006-5711,0.02774,0.89598
CVE-2006-5712,0.00886,0.80838
CVE-2006-5713,0.00293,0.66008
CVE-2006-5714,0.01734,0.86608
CVE-2006-5715,0.02855,0.89737
CVE-2006-5716,0.03177,0.90204
CVE-2006-5717,0.00268,0.64410
CVE-2006-5718,0.00381,0.70281
CVE-2006-5719,0.00649,0.77225
CVE-2006-5720,0.06407,0.93013
CVE-2006-5721,0.00043,0.07477
CVE-2006-5722,0.00456,0.72694
CVE-2006-5723,0.00306,0.66797
CVE-2006-5724,0.00042,0.05722
CVE-2006-5725,0.00954,0.81590
CVE-2006-5726,0.00042,0.00438
CVE-2006-5727,0.20535,0.95959
CVE-2006-5728,0.01257,0.84167
CVE-2006-5729,0.00474,0.73153
CVE-2006-5730,0.10534,0.94518
CVE-2006-5731,0.01718,0.86549
CVE-2006-5732,0.00710,0.78445
CVE-2006-5733,0.02896,0.89794
CVE-2006-5734,0.01096,0.82915
CVE-2006-5735,0.01621,0.86187
CVE-2006-5736,0.01357,0.84840
CVE-2006-5737,0.00042,0.05722
CVE-2006-5738,0.00069,0.28539
CVE-2006-5739,0.00508,0.74117
CVE-2006-5740,0.01873,0.87183
CVE-2006-5741,0.00614,0.76528
CVE-2006-5742,0.01068,0.82681
CVE-2006-5743,0.00268,0.64410
CVE-2006-5744,0.00207,0.58680
CVE-2006-5745,0.97037,0.99708
CVE-2006-5746,0.00454,0.72645
CVE-2006-5747,0.26697,0.96342
CVE-2006-5748,0.08025,0.93710
CVE-2006-5749,0.00072,0.29630
CVE-2006-5750,0.43226,0.97027
CVE-2006-5751,0.00064,0.26343
CVE-2006-5752,0.02344,0.88710
CVE-2006-5753,0.00044,0.08000
CVE-2006-5754,0.00042,0.05722
CVE-2006-5755,0.00044,0.08000
CVE-2006-5757,0.00065,0.27031
CVE-2006-5758,0.00048,0.14239
CVE-2006-5759,0.00453,0.72598
CVE-2006-5760,0.13139,0.95060
CVE-2006-5761,0.01517,0.85673
CVE-2006-5762,0.78362,0.97995
CVE-2006-5763,0.11921,0.94855
CVE-2006-5764,0.04092,0.91317
CVE-2006-5765,0.01126,0.83157
CVE-2006-5766,0.04757,0.91917
CVE-2006-5767,0.12834,0.95004
CVE-2006-5768,0.29156,0.96485
CVE-2006-5769,0.00268,0.64410
CVE-2006-5770,0.03293,0.90390
CVE-2006-5771,0.00679,0.77903
CVE-2006-5772,0.00439,0.72201
CVE-2006-5773,0.00545,0.75047
CVE-2006-5774,0.00414,0.71414
CVE-2006-5775,0.01135,0.83227
CVE-2006-5776,0.04251,0.91452
CVE-2006-5777,0.04500,0.91674
CVE-2006-5778,0.00042,0.05722
CVE-2006-5779,0.88957,0.98499
CVE-2006-5780,0.80523,0.98064
CVE-2006-5781,0.17484,0.95668
CVE-2006-5782,0.05514,0.92503
CVE-2006-5783,0.00749,0.79044
CVE-2006-5784,0.00236,0.61786
CVE-2006-5785,0.03930,0.91150
CVE-2006-5786,0.01789,0.86809
CVE-2006-5787,0.03009,0.89948
CVE-2006-5788,0.10258,0.94449
CVE-2006-5789,0.06426,0.93024
CVE-2006-5790,0.09576,0.94244
CVE-2006-5791,0.00614,0.76528
CVE-2006-5792,0.88340,0.98459
CVE-2006-5793,0.03110,0.90110
CVE-2006-5794,0.03680,0.90878
CVE-2006-5795,0.05750,0.92636
CVE-2006-5796,0.16704,0.95561
CVE-2006-5797,0.00742,0.78941
CVE-2006-5798,0.00306,0.66797
CVE-2006-5799,0.00779,0.79523
CVE-2006-5800,0.00244,0.62437
CVE-2006-5801,0.00496,0.73784
CVE-2006-5802,0.00599,0.76188
CVE-2006-5803,0.00777,0.79491
CVE-2006-5804,0.02360,0.88755
CVE-2006-5805,0.06001,0.92779
CVE-2006-5806,0.00042,0.05722
CVE-2006-5807,0.00042,0.05722
CVE-2006-5808,0.00042,0.05722
CVE-2006-5809,0.00261,0.63907
CVE-2006-5810,0.00645,0.77145
CVE-2006-5811,0.05750,0.92636
CVE-2006-5812,0.00310,0.66999
CVE-2006-5813,0.00208,0.58800
CVE-2006-5814,0.02279,0.88563
CVE-2006-5815,0.47803,0.97173
CVE-2006-5816,0.01081,0.82793
CVE-2006-5817,0.00042,0.05722
CVE-2006-5818,0.00042,0.05753
CVE-2006-5819,0.13322,0.95089
CVE-2006-5820,0.59672,0.97482
CVE-2006-5821,0.36405,0.96789
CVE-2006-5822,0.20739,0.95976
CVE-2006-5823,0.00091,0.38396
CVE-2006-5824,0.00042,0.05722
CVE-2006-5825,0.00789,0.79674
CVE-2006-5826,0.03805,0.91022
CVE-2006-5827,0.03388,0.90518
CVE-2006-5828,0.00599,0.76188
CVE-2006-5829,0.00376,0.70045
CVE-2006-5830,0.02620,0.89301
CVE-2006-5831,0.08563,0.93907
CVE-2006-5832,0.02855,0.89737
CVE-2006-5833,0.02704,0.89469
CVE-2006-5834,0.01755,0.86689
CVE-2006-5835,0.00645,0.77138
CVE-2006-5836,0.00042,0.00438
CVE-2006-5837,0.04902,0.92038
CVE-2006-5838,0.04805,0.91968
CVE-2006-5839,0.05007,0.92125
CVE-2006-5840,0.01219,0.83905
CVE-2006-5841,0.10026,0.94398
CVE-2006-5842,0.00042,0.05722
CVE-2006-5843,0.01085,0.82824
CVE-2006-5844,0.00860,0.80535
CVE-2006-5845,0.00375,0.70022
CVE-2006-5846,0.01246,0.84098
CVE-2006-5847,0.00657,0.77385
CVE-2006-5849,0.05007,0.92125
CVE-2006-5850,0.36280,0.96786
CVE-2006-5851,0.00042,0.00438
CVE-2006-5852,0.00042,0.00438
CVE-2006-5853,0.01315,0.84565
CVE-2006-5854,0.92837,0.98854
CVE-2006-5855,0.96371,0.99467
CVE-2006-5856,0.81610,0.98113
CVE-2006-5857,0.48157,0.97180
CVE-2006-5858,0.01142,0.83276
CVE-2006-5859,0.00465,0.72891
CVE-2006-5860,0.00595,0.76112
CVE-2006-5861,0.48733,0.97214
CVE-2006-5862,0.00070,0.28797
CVE-2006-5863,0.15334,0.95397
CVE-2006-5864,0.92342,0.98790
CVE-2006-5865,0.10258,0.94449
CVE-2006-5866,0.01721,0.86561
CVE-2006-5867,0.11549,0.94771
CVE-2006-5868,0.02319,0.88658
CVE-2006-5869,0.00508,0.74123
CVE-2006-5870,0.11789,0.94831
CVE-2006-5871,0.00070,0.28797
CVE-2006-5872,0.02424,0.88907
CVE-2006-5873,0.03399,0.90533
CVE-2006-5874,0.07061,0.93346
CVE-2006-5875,0.02289,0.88587
CVE-2006-5876,0.12336,0.94928
CVE-2006-5877,0.01280,0.84320
CVE-2006-5878,0.02451,0.88967
CVE-2006-5879,0.00670,0.77700
CVE-2006-5880,0.17583,0.95684
CVE-2006-5881,0.06773,0.93215
CVE-2006-5882,0.05746,0.92633
CVE-2006-5883,0.00411,0.71291
CVE-2006-5884,0.01604,0.86112
CVE-2006-5885,0.02272,0.88546
CVE-2006-5886,0.00421,0.71636
CVE-2006-5887,0.06773,0.93215
CVE-2006-5888,0.17583,0.95684
CVE-2006-5889,0.00960,0.81653
CVE-2006-5890,0.00354,0.69146
CVE-2006-5891,0.00811,0.79957
CVE-2006-5892,0.00370,0.69864
CVE-2006-5893,0.14428,0.95254
CVE-2006-5894,0.01345,0.84732
CVE-2006-5895,0.18556,0.95775
CVE-2006-5896,0.00749,0.79028
CVE-2006-5897,0.00432,0.71943
CVE-2006-5898,0.00385,0.70435
CVE-2006-5899,0.03728,0.90935
CVE-2006-5900,0.00488,0.73584
CVE-2006-5901,0.00298,0.66341
CVE-2006-5902,0.00533,0.74733
CVE-2006-5903,0.00533,0.74733
CVE-2006-5904,0.00609,0.76417
CVE-2006-5905,0.03359,0.90477
CVE-2006-5906,0.02374,0.88792
CVE-2006-5907,0.00208,0.58740
CVE-2006-5908,0.00214,0.59512
CVE-2006-5909,0.02430,0.88924
CVE-2006-5910,0.03036,0.89989
CVE-2006-5911,0.15520,0.95423
CVE-2006-5912,0.00575,0.75680
CVE-2006-5913,0.02481,0.89028
CVE-2006-5914,0.00821,0.80067
CVE-2006-5915,0.06481,0.93059
CVE-2006-5916,0.00394,0.70758
CVE-2006-5917,0.00906,0.81062
CVE-2006-5918,0.03957,0.91171
CVE-2006-5919,0.11722,0.94821
CVE-2006-5920,0.05288,0.92337
CVE-2006-5921,0.00677,0.77866
CVE-2006-5922,0.00589,0.76003
CVE-2006-5923,0.04757,0.91917
CVE-2006-5924,0.00165,0.53190
CVE-2006-5925,0.80732,0.98071
CVE-2006-5926,0.00573,0.75636
CVE-2006-5927,0.00649,0.77225
CVE-2006-5928,0.48908,0.97220
CVE-2006-5929,0.00533,0.74733
CVE-2006-5930,0.09326,0.94166
CVE-2006-5931,0.00225,0.60861
CVE-2006-5932,0.02460,0.88986
CVE-2006-5933,0.00228,0.61109
CVE-2006-5934,0.00811,0.79957
CVE-2006-5935,0.01325,0.84618
CVE-2006-5936,0.00370,0.69864
CVE-2006-5937,0.01570,0.85936
CVE-2006-5938,0.00634,0.76930
CVE-2006-5939,0.01073,0.82727
CVE-2006-5940,0.00455,0.72668
CVE-2006-5942,0.00868,0.80621
CVE-2006-5943,0.00528,0.74621
CVE-2006-5944,0.01181,0.83612
CVE-2006-5945,0.00526,0.74567
CVE-2006-5946,0.00506,0.74073
CVE-2006-5947,0.00372,0.69925
CVE-2006-5948,0.17136,0.95627
CVE-2006-5949,0.00442,0.72293
CVE-2006-5950,0.00580,0.75792
CVE-2006-5951,0.05405,0.92428
CVE-2006-5952,0.17583,0.95684
CVE-2006-5953,0.00709,0.78397
CVE-2006-5954,0.00843,0.80349
CVE-2006-5955,0.00459,0.72758
CVE-2006-5956,0.00042,0.05722
CVE-2006-5957,0.00295,0.66168
CVE-2006-5958,0.02490,0.89042
CVE-2006-5959,0.00445,0.72381
CVE-2006-5960,0.00918,0.81204
CVE-2006-5961,0.00217,0.59727
CVE-2006-5962,0.00544,0.75019
CVE-2006-5963,0.00714,0.78510
CVE-2006-5964,0.00421,0.71652
CVE-2006-5965,0.00042,0.05722
CVE-2006-5966,0.02167,0.88252
CVE-2006-5967,0.09421,0.94194
CVE-2006-5968,0.00042,0.05722
CVE-2006-5969,0.00042,0.05722
CVE-2006-5970,0.01165,0.83467
CVE-2006-5971,0.00951,0.81552
CVE-2006-5972,0.13327,0.95091
CVE-2006-5973,0.15195,0.95365
CVE-2006-5974,0.11029,0.94643
CVE-2006-5975,0.00918,0.81204
CVE-2006-5976,0.00480,0.73350
CVE-2006-5977,0.00204,0.58389
CVE-2006-5978,0.00451,0.72559
CVE-2006-5979,0.00589,0.76003
CVE-2006-5980,0.01081,0.82793
CVE-2006-5981,0.00194,0.57370
CVE-2006-5982,0.00247,0.62786
CVE-2006-5983,0.00797,0.79797
CVE-2006-5984,0.00774,0.79440
CVE-2006-5985,0.00362,0.69505
CVE-2006-5986,0.00362,0.69505
CVE-2006-5987,0.17583,0.95684
CVE-2006-5988,0.00306,0.66778
CVE-2006-5989,0.14095,0.95205
CVE-2006-5990,0.00361,0.69490
CVE-2006-5991,0.00576,0.75708
CVE-2006-5994,0.66866,0.97658
CVE-2006-6007,0.00383,0.70321
CVE-2006-6008,0.00645,0.77144
CVE-2006-6009,0.00482,0.73402
CVE-2006-6010,0.03933,0.91154
CVE-2006-6011,0.00298,0.66341
CVE-2006-6012,0.00288,0.65722
CVE-2006-6013,0.00064,0.26319
CVE-2006-6014,0.00042,0.05722
CVE-2006-6015,0.02719,0.89500
CVE-2006-6016,0.00155,0.51774
CVE-2006-6017,0.00281,0.65246
CVE-2006-6018,0.01528,0.85742
CVE-2006-6019,0.00411,0.71315
CVE-2006-6020,0.00783,0.79562
CVE-2006-6021,0.00821,0.80067
CVE-2006-6022,0.00947,0.81511
CVE-2006-6023,0.01096,0.82915
CVE-2006-6024,0.00277,0.64982
CVE-2006-6025,0.01141,0.83274
CVE-2006-6026,0.90960,0.98645
CVE-2006-6027,0.94116,0.99006
CVE-2006-6028,0.01552,0.85847
CVE-2006-6029,0.00354,0.69146
CVE-2006-6030,0.00439,0.72201
CVE-2006-6031,0.00439,0.72201
CVE-2006-6032,0.00488,0.73584
CVE-2006-6033,0.00661,0.77508
CVE-2006-6034,0.00439,0.72201
CVE-2006-6035,0.00910,0.81108
CVE-2006-6036,0.00306,0.66797
CVE-2006-6037,0.00929,0.81322
CVE-2006-6038,0.00410,0.71272
CVE-2006-6039,0.00599,0.76188
CVE-2006-6040,0.03667,0.90855
CVE-2006-6041,0.09828,0.94312
CVE-2006-6042,0.04504,0.91678
CVE-2006-6043,0.00653,0.77321
CVE-2006-6044,0.16828,0.95583
CVE-2006-6045,0.15334,0.95397
CVE-2006-6046,0.00199,0.57830
CVE-2006-6047,0.02299,0.88611
CVE-2006-6048,0.00385,0.70427
CVE-2006-6049,0.02360,0.88755
CVE-2006-6050,0.00171,0.54169
CVE-2006-6051,0.04465,0.91639
CVE-2006-6052,0.00554,0.75227
CVE-2006-6053,0.00130,0.47788
CVE-2006-6054,0.00130,0.47788
CVE-2006-6055,0.14022,0.95199
CVE-2006-6056,0.00130,0.47788
CVE-2006-6057,0.00042,0.05722
CVE-2006-6058,0.00130,0.47788
CVE-2006-6059,0.18576,0.95779
CVE-2006-6060,0.00042,0.05722
CVE-2006-6061,0.05939,0.92745
CVE-2006-6062,0.16550,0.95541
CVE-2006-6063,0.93248,0.98901
CVE-2006-6064,0.06880,0.93265
CVE-2006-6065,0.11814,0.94842
CVE-2006-6066,0.01268,0.84252
CVE-2006-6067,0.00207,0.58695
CVE-2006-6068,0.00681,0.77953
CVE-2006-6069,0.00405,0.71133
CVE-2006-6070,0.00365,0.69633
CVE-2006-6071,0.01573,0.85970
CVE-2006-6072,0.00302,0.66521
CVE-2006-6073,0.00114,0.44992
CVE-2006-6074,0.00574,0.75657
CVE-2006-6075,0.00491,0.73664
CVE-2006-6076,0.27412,0.96387
CVE-2006-6077,0.10112,0.94417
CVE-2006-6078,0.16863,0.95585
CVE-2006-6079,0.01081,0.82793
CVE-2006-6080,0.00317,0.67435
CVE-2006-6081,0.01096,0.82915
CVE-2006-6082,0.00752,0.79075
CVE-2006-6083,0.00450,0.72505
CVE-2006-6084,0.02549,0.89152
CVE-2006-6085,0.00452,0.72567
CVE-2006-6086,0.08675,0.93946
CVE-2006-6087,0.00484,0.73477
CVE-2006-6088,0.00752,0.79075
CVE-2006-6089,0.00613,0.76497
CVE-2006-6090,0.00857,0.80513
CVE-2006-6091,0.00477,0.73280
CVE-2006-6092,0.00377,0.70077
CVE-2006-6093,0.08563,0.93907
CVE-2006-6094,0.00791,0.79717
CVE-2006-6095,0.00166,0.53311
CVE-2006-6096,0.00111,0.44152
CVE-2006-6097,0.01518,0.85694
CVE-2006-6101,0.00046,0.13759
CVE-2006-6102,0.00624,0.76758
CVE-2006-6103,0.00046,0.13759
CVE-2006-6104,0.06361,0.92987
CVE-2006-6105,0.00042,0.00442
CVE-2006-6106,0.14131,0.95214
CVE-2006-6107,0.00072,0.29630
CVE-2006-6108,0.00385,0.70430
CVE-2006-6109,0.00254,0.63424
CVE-2006-6110,0.00204,0.58389
CVE-2006-6111,0.00912,0.81122
CVE-2006-6112,0.01758,0.86695
CVE-2006-6113,0.00595,0.76107
CVE-2006-6115,0.00171,0.54169
CVE-2006-6116,0.00171,0.54169
CVE-2006-6117,0.00171,0.54169
CVE-2006-6118,0.02432,0.88929
CVE-2006-6119,0.00617,0.76596
CVE-2006-6120,0.11770,0.94829
CVE-2006-6121,0.22470,0.96093
CVE-2006-6122,0.00217,0.59788
CVE-2006-6123,0.08491,0.93864
CVE-2006-6124,0.00778,0.79496
CVE-2006-6125,0.12167,0.94904
CVE-2006-6126,0.00042,0.05722
CVE-2006-6127,0.00054,0.19474
CVE-2006-6128,0.00042,0.05722
CVE-2006-6129,0.00042,0.00438
CVE-2006-6130,0.00047,0.13988
CVE-2006-6131,0.00042,0.00438
CVE-2006-6132,0.00715,0.78516
CVE-2006-6133,0.95226,0.99193
CVE-2006-6134,0.97116,0.99747
CVE-2006-6135,0.00486,0.73533
CVE-2006-6136,0.00385,0.70406
CVE-2006-6137,0.00508,0.74117
CVE-2006-6138,0.00275,0.64864
CVE-2006-6139,0.00282,0.65323
CVE-2006-6140,0.00609,0.76417
CVE-2006-6141,0.09839,0.94317
CVE-2006-6142,0.01991,0.87641
CVE-2006-6143,0.58391,0.97453
CVE-2006-6144,0.06867,0.93259
CVE-2006-6145,0.00042,0.05722
CVE-2006-6146,0.00277,0.64943
CVE-2006-6147,0.00746,0.78993
CVE-2006-6148,0.00926,0.81297
CVE-2006-6149,0.00171,0.54169
CVE-2006-6150,0.06574,0.93115
CVE-2006-6151,0.04757,0.91917
CVE-2006-6152,0.00377,0.70077
CVE-2006-6153,0.00504,0.74014
CVE-2006-6154,0.15334,0.95397
CVE-2006-6155,0.00140,0.49582
CVE-2006-6156,0.00154,0.51673
CVE-2006-6157,0.26640,0.96339
CVE-2006-6158,0.02469,0.89001
CVE-2006-6159,0.02257,0.88508
CVE-2006-6160,0.00171,0.54169
CVE-2006-6161,0.00207,0.58680
CVE-2006-6162,0.00249,0.62955
CVE-2006-6163,0.00143,0.50129
CVE-2006-6164,0.00042,0.05722
CVE-2006-6165,0.00042,0.05722
CVE-2006-6166,0.00399,0.70938
CVE-2006-6167,0.02374,0.88792
CVE-2006-6168,0.01009,0.82115
CVE-2006-6169,0.02387,0.88821
CVE-2006-6170,0.30682,0.96558
CVE-2006-6171,0.01559,0.85891
CVE-2006-6172,0.09101,0.94078
CVE-2006-6173,0.00042,0.00438
CVE-2006-6174,0.00487,0.73537
CVE-2006-6175,0.01721,0.86560
CVE-2006-6176,0.01714,0.86528
CVE-2006-6177,0.01215,0.83858
CVE-2006-6178,0.05086,0.92191
CVE-2006-6179,0.05086,0.92191
CVE-2006-6180,0.00495,0.73762
CVE-2006-6181,0.03679,0.90876
CVE-2006-6182,0.00042,0.05722
CVE-2006-6183,0.81780,0.98124
CVE-2006-6184,0.47286,0.97156
CVE-2006-6185,0.01527,0.85730
CVE-2006-6186,0.00350,0.68988
CVE-2006-6187,0.00481,0.73389
CVE-2006-6188,0.00474,0.73165
CVE-2006-6189,0.00305,0.66710
CVE-2006-6190,0.00774,0.79442
CVE-2006-6191,0.00354,0.69146
CVE-2006-6192,0.00609,0.76417
CVE-2006-6193,0.00365,0.69633
CVE-2006-6194,0.00395,0.70792
CVE-2006-6195,0.00833,0.80226
CVE-2006-6196,0.06356,0.92984
CVE-2006-6197,0.02176,0.88282
CVE-2006-6198,0.00720,0.78617
CVE-2006-6199,0.81228,0.98090
CVE-2006-6200,0.00893,0.80920
CVE-2006-6201,0.15740,0.95447
CVE-2006-6202,0.00898,0.80975
CVE-2006-6203,0.01999,0.87674
CVE-2006-6204,0.00377,0.70077
CVE-2006-6205,0.01220,0.83911
CVE-2006-6206,0.00463,0.72861
CVE-2006-6207,0.00601,0.76230
CVE-2006-6208,0.00806,0.79913
CVE-2006-6209,0.03679,0.90876
CVE-2006-6210,0.00305,0.66710
CVE-2006-6211,0.00662,0.77554
CVE-2006-6212,0.01736,0.86621
CVE-2006-6213,0.05288,0.92337
CVE-2006-6214,0.00599,0.76188
CVE-2006-6215,0.00140,0.49582
CVE-2006-6216,0.00213,0.59334
CVE-2006-6217,0.00609,0.76417
CVE-2006-6218,0.00261,0.63891
CVE-2006-6219,0.00497,0.73797
CVE-2006-6220,0.00710,0.78448
CVE-2006-6221,0.02394,0.88831
CVE-2006-6222,0.89498,0.98541
CVE-2006-6223,0.21901,0.96052
CVE-2006-6224,0.01179,0.83601
CVE-2006-6225,0.05716,0.92623
CVE-2006-6226,0.01838,0.87045
CVE-2006-6227,0.01834,0.87019
CVE-2006-6228,0.00316,0.67377
CVE-2006-6229,0.00198,0.57702
CVE-2006-6230,0.00649,0.77225
CVE-2006-6231,0.01038,0.82395
CVE-2006-6232,0.17136,0.95627
CVE-2006-6233,0.00302,0.66521
CVE-2006-6234,0.00210,0.58982
CVE-2006-6235,0.04388,0.91575
CVE-2006-6236,0.48189,0.97182
CVE-2006-6237,0.00931,0.81338
CVE-2006-6238,0.00404,0.71088
CVE-2006-6239,0.00619,0.76652
CVE-2006-6240,0.00259,0.63685
CVE-2006-6241,0.06331,0.92969
CVE-2006-6242,0.03646,0.90824
CVE-2006-6243,0.03679,0.90876
CVE-2006-6244,0.00418,0.71549
CVE-2006-6245,0.00439,0.72201
CVE-2006-6246,0.01749,0.86664
CVE-2006-6247,0.03679,0.90876
CVE-2006-6248,0.00649,0.77238
CVE-2006-6249,0.01714,0.86528
CVE-2006-6250,0.02675,0.89414
CVE-2006-6251,0.85801,0.98314
CVE-2006-6252,0.00349,0.68943
CVE-2006-6253,0.00746,0.78989
CVE-2006-6254,0.02184,0.88302
CVE-2006-6255,0.00709,0.78402
CVE-2006-6256,0.01694,0.86452
CVE-2006-6257,0.02956,0.89873
CVE-2006-6258,0.06050,0.92798
CVE-2006-6259,0.03129,0.90135
CVE-2006-6260,0.00649,0.77225
CVE-2006-6261,0.02942,0.89854
CVE-2006-6262,0.01689,0.86429
CVE-2006-6263,0.02424,0.88907
CVE-2006-6264,0.03654,0.90837
CVE-2006-6265,0.12704,0.94984
CVE-2006-6266,0.00854,0.80474
CVE-2006-6267,0.00405,0.71133
CVE-2006-6268,0.00198,0.57775
CVE-2006-6269,0.00193,0.57231
CVE-2006-6270,0.00204,0.58389
CVE-2006-6271,0.00488,0.73584
CVE-2006-6272,0.00783,0.79562
CVE-2006-6273,0.01081,0.82793
CVE-2006-6274,0.00418,0.71544
CVE-2006-6275,0.00044,0.10704
CVE-2006-6276,0.10582,0.94533
CVE-2006-6277,0.01478,0.85456
CVE-2006-6278,0.02410,0.88872
CVE-2006-6279,0.00910,0.81104
CVE-2006-6280,0.00599,0.76188
CVE-2006-6281,0.05042,0.92154
CVE-2006-6282,0.00653,0.77321
CVE-2006-6283,0.00587,0.75948
CVE-2006-6284,0.01905,0.87333
CVE-2006-6285,0.01573,0.85970
CVE-2006-6286,0.00042,0.05722
CVE-2006-6287,0.13414,0.95105
CVE-2006-6288,0.08439,0.93846
CVE-2006-6289,0.02832,0.89696
CVE-2006-6290,0.01105,0.82972
CVE-2006-6291,0.00657,0.77380
CVE-2006-6292,0.01543,0.85811
CVE-2006-6293,0.61406,0.97538
CVE-2006-6294,0.00405,0.71109
CVE-2006-6295,0.06574,0.93115
CVE-2006-6296,0.96707,0.99581
CVE-2006-6297,0.03785,0.91000
CVE-2006-6298,0.00171,0.54169
CVE-2006-6299,0.12821,0.95001
CVE-2006-6300,0.00295,0.66174
CVE-2006-6301,0.05082,0.92188
CVE-2006-6302,0.04688,0.91851
CVE-2006-6303,0.04899,0.92037
CVE-2006-6304,0.01302,0.84484
CVE-2006-6305,0.00560,0.75330
CVE-2006-6306,0.00592,0.76063
CVE-2006-6307,0.02636,0.89334
CVE-2006-6308,0.00042,0.05722
CVE-2006-6309,0.05254,0.92302
CVE-2006-6310,0.10402,0.94484
CVE-2006-6311,0.38805,0.96886
CVE-2006-6318,0.07025,0.93331
CVE-2006-6328,0.00187,0.56236
CVE-2006-6329,0.00200,0.57964
CVE-2006-6330,0.00303,0.66579
CVE-2006-6331,0.00689,0.78067
CVE-2006-6332,0.79182,0.98018
CVE-2006-6333,0.00974,0.81784
CVE-2006-6334,0.10407,0.94485
CVE-2006-6335,0.12914,0.95018
CVE-2006-6336,0.15742,0.95448
CVE-2006-6337,0.00268,0.64390
CVE-2006-6338,0.05362,0.92391
CVE-2006-6339,0.00716,0.78534
CVE-2006-6340,0.00730,0.78775
CVE-2006-6341,0.15334,0.95397
CVE-2006-6342,0.00168,0.53607
CVE-2006-6343,0.00886,0.80832
CVE-2006-6344,0.00233,0.61487
CVE-2006-6345,0.01621,0.86187
CVE-2006-6346,0.04068,0.91287
CVE-2006-6347,0.00397,0.70869
CVE-2006-6348,0.00488,0.73584
CVE-2006-6349,0.00511,0.74197
CVE-2006-6350,0.01088,0.82847
CVE-2006-6351,0.01088,0.82847
CVE-2006-6352,0.20762,0.95977
CVE-2006-6353,0.00248,0.62809
CVE-2006-6354,0.00481,0.73389
CVE-2006-6355,0.00365,0.69633
CVE-2006-6356,0.02156,0.88229
CVE-2006-6357,0.00316,0.67377
CVE-2006-6358,0.00966,0.81706
CVE-2006-6359,0.01701,0.86472
CVE-2006-6360,0.14437,0.95259
CVE-2006-6361,0.03629,0.90803
CVE-2006-6363,0.04682,0.91842
CVE-2006-6364,0.02000,0.87678
CVE-2006-6365,0.00421,0.71636
CVE-2006-6366,0.00786,0.79600
CVE-2006-6367,0.00254,0.63424
CVE-2006-6368,0.15334,0.95397
CVE-2006-6369,0.00345,0.68763
CVE-2006-6370,0.00168,0.53597
CVE-2006-6371,0.01601,0.86092
CVE-2006-6372,0.00362,0.69505
CVE-2006-6373,0.00589,0.76003
CVE-2006-6374,0.00833,0.80231
CVE-2006-6375,0.03388,0.90518
CVE-2006-6376,0.02159,0.88237
CVE-2006-6377,0.07915,0.93660
CVE-2006-6378,0.01073,0.82726
CVE-2006-6379,0.91218,0.98674
CVE-2006-6380,0.00822,0.80079
CVE-2006-6381,0.00765,0.79288
CVE-2006-6382,0.00042,0.05722
CVE-2006-6383,0.00043,0.07520
CVE-2006-6384,0.00354,0.69167
CVE-2006-6385,0.00050,0.16292
CVE-2006-6386,0.01139,0.83255
CVE-2006-6387,0.00193,0.57172
CVE-2006-6388,0.00488,0.73584
CVE-2006-6389,0.02432,0.88929
CVE-2006-6390,0.01603,0.86110
CVE-2006-6391,0.03255,0.90329
CVE-2006-6392,0.00726,0.78711
CVE-2006-6393,0.00495,0.73762
CVE-2006-6394,0.00306,0.66797
CVE-2006-6395,0.00042,0.05753
CVE-2006-6396,0.06403,0.93012
CVE-2006-6397,0.00042,0.05722
CVE-2006-6398,0.00193,0.57231
CVE-2006-6399,0.00193,0.57232
CVE-2006-6400,0.15791,0.95457
CVE-2006-6401,0.01002,0.82068
CVE-2006-6402,0.00352,0.69084
CVE-2006-6403,0.00389,0.70543
CVE-2006-6404,0.00766,0.79318
CVE-2006-6405,0.00406,0.71170
CVE-2006-6406,0.26563,0.96334
CVE-2006-6407,0.00406,0.71170
CVE-2006-6408,0.00662,0.77545
CVE-2006-6409,0.00856,0.80498
CVE-2006-6410,0.00042,0.00438
CVE-2006-6411,0.03785,0.90999
CVE-2006-6413,0.01601,0.86092
CVE-2006-6414,0.00129,0.47567
CVE-2006-6415,0.01081,0.82793
CVE-2006-6416,0.04757,0.91917
CVE-2006-6417,0.17804,0.95709
CVE-2006-6418,0.00042,0.05722
CVE-2006-6419,0.01096,0.82915
CVE-2006-6420,0.00495,0.73762
CVE-2006-6421,0.03339,0.90444
CVE-2006-6422,0.01141,0.83274
CVE-2006-6423,0.84625,0.98260
CVE-2006-6424,0.87622,0.98417
CVE-2006-6425,0.16325,0.95520
CVE-2006-6426,0.07513,0.93504
CVE-2006-6427,0.01154,0.83373
CVE-2006-6428,0.01573,0.85970
CVE-2006-6429,0.00611,0.76441
CVE-2006-6430,0.01038,0.82395
CVE-2006-6431,0.00255,0.63457
CVE-2006-6432,0.00977,0.81824
CVE-2006-6433,0.00659,0.77418
CVE-2006-6434,0.00509,0.74144
CVE-2006-6435,0.00609,0.76417
CVE-2006-6436,0.00609,0.76417
CVE-2006-6437,0.00121,0.46372
CVE-2006-6438,0.00042,0.05722
CVE-2006-6439,0.00405,0.71133
CVE-2006-6440,0.00609,0.76417
CVE-2006-6441,0.00042,0.05722
CVE-2006-6442,0.11390,0.94737
CVE-2006-6443,0.00629,0.76853
CVE-2006-6444,0.04033,0.91233
CVE-2006-6445,0.03295,0.90392
CVE-2006-6446,0.00406,0.71142
CVE-2006-6447,0.01334,0.84669
CVE-2006-6448,0.00193,0.57231
CVE-2006-6449,0.00441,0.72259
CVE-2006-6450,0.00761,0.79244
CVE-2006-6451,0.00655,0.77345
CVE-2006-6452,0.00488,0.73584
CVE-2006-6453,0.02145,0.88184
CVE-2006-6454,0.01276,0.84295
CVE-2006-6455,0.00573,0.75636
CVE-2006-6456,0.96178,0.99404
CVE-2006-6457,0.00287,0.65664
CVE-2006-6458,0.01280,0.84320
CVE-2006-6459,0.00652,0.77308
CVE-2006-6460,0.00508,0.74117
CVE-2006-6461,0.00356,0.69252
CVE-2006-6462,0.02292,0.88597
CVE-2006-6463,0.00492,0.73684
CVE-2006-6464,0.01107,0.82996
CVE-2006-6465,0.00363,0.69554
CVE-2006-6466,0.00316,0.67377
CVE-2006-6467,0.00385,0.70439
CVE-2006-6468,0.00071,0.29421
CVE-2006-6469,0.00082,0.34227
CVE-2006-6470,0.00261,0.63907
CVE-2006-6471,0.00261,0.63907
CVE-2006-6472,0.00261,0.63907
CVE-2006-6473,0.00250,0.63058
CVE-2006-6474,0.00042,0.05722
CVE-2006-6475,0.02354,0.88735
CVE-2006-6476,0.00042,0.05722
CVE-2006-6477,0.00042,0.05722
CVE-2006-6478,0.00997,0.82026
CVE-2006-6479,0.06481,0.93059
CVE-2006-6480,0.01038,0.82395
CVE-2006-6481,0.11367,0.94731
CVE-2006-6482,0.02120,0.88073
CVE-2006-6483,0.02852,0.89733
CVE-2006-6484,0.00630,0.76861
CVE-2006-6485,0.05123,0.92211
CVE-2006-6486,0.00302,0.66521
CVE-2006-6487,0.02741,0.89540
CVE-2006-6488,0.11259,0.94710
CVE-2006-6489,0.01964,0.87536
CVE-2006-6490,0.07893,0.93654
CVE-2006-6493,0.09736,0.94284
CVE-2006-6494,0.00042,0.00442
CVE-2006-6495,0.00042,0.00442
CVE-2006-6496,0.00042,0.05722
CVE-2006-6497,0.78789,0.98009
CVE-2006-6498,0.72707,0.97832
CVE-2006-6499,0.02123,0.88080
CVE-2006-6500,0.23747,0.96182
CVE-2006-6501,0.09515,0.94224
CVE-2006-6502,0.55246,0.97383
CVE-2006-6503,0.07651,0.93546
CVE-2006-6504,0.92117,0.98763
CVE-2006-6505,0.74942,0.97897
CVE-2006-6506,0.02379,0.88800
CVE-2006-6507,0.06727,0.93190
CVE-2006-6508,0.00368,0.69787
CVE-2006-6509,0.00042,0.05722
CVE-2006-6510,0.00042,0.05722
CVE-2006-6511,0.00653,0.77321
CVE-2006-6512,0.00526,0.74563
CVE-2006-6513,0.00856,0.80493
CVE-2006-6514,0.00790,0.79702
CVE-2006-6515,0.00277,0.64961
CVE-2006-6516,0.02360,0.88755
CVE-2006-6517,0.00662,0.77554
CVE-2006-6518,0.00662,0.77554
CVE-2006-6519,0.00213,0.59334
CVE-2006-6520,0.06481,0.93059
CVE-2006-6521,0.00213,0.59334
CVE-2006-6522,0.00488,0.73584
CVE-2006-6523,0.05123,0.92212
CVE-2006-6524,0.00306,0.66797
CVE-2006-6525,0.00228,0.61109
CVE-2006-6526,0.06574,0.93115
CVE-2006-6527,0.00533,0.74733
CVE-2006-6528,0.01081,0.82793
CVE-2006-6529,0.00579,0.75763
CVE-2006-6530,0.00306,0.66797
CVE-2006-6531,0.00652,0.77308
CVE-2006-6532,0.00491,0.73664
CVE-2006-6533,0.00652,0.77312
CVE-2006-6534,0.00326,0.67843
CVE-2006-6535,0.05397,0.92417
CVE-2006-6536,0.00469,0.73024
CVE-2006-6537,0.01923,0.87403
CVE-2006-6538,0.19447,0.95874
CVE-2006-6539,0.15176,0.95360
CVE-2006-6540,0.00306,0.66797
CVE-2006-6541,0.04644,0.91800
CVE-2006-6542,0.00406,0.71142
CVE-2006-6543,0.00167,0.53419
CVE-2006-6544,0.00362,0.69505
CVE-2006-6545,0.05903,0.92723
CVE-2006-6546,0.06011,0.92783
CVE-2006-6547,0.02474,0.89013
CVE-2006-6548,0.00111,0.44113
CVE-2006-6549,0.01081,0.82793
CVE-2006-6550,0.03728,0.90935
CVE-2006-6551,0.03728,0.90935
CVE-2006-6552,0.15904,0.95474
CVE-2006-6553,0.06574,0.93115
CVE-2006-6554,0.01834,0.87019
CVE-2006-6555,0.00204,0.58389
CVE-2006-6556,0.12601,0.94970
CVE-2006-6557,0.00298,0.66326
CVE-2006-6558,0.05277,0.92318
CVE-2006-6559,0.00351,0.69036
CVE-2006-6560,0.05042,0.92154
CVE-2006-6561,0.96751,0.99601
CVE-2006-6563,0.00042,0.00438
CVE-2006-6564,0.01342,0.84714
CVE-2006-6565,0.08835,0.93991
CVE-2006-6566,0.10026,0.94398
CVE-2006-6567,0.01573,0.85970
CVE-2006-6568,0.00726,0.78711
CVE-2006-6569,0.03304,0.90402
CVE-2006-6570,0.00828,0.80164
CVE-2006-6571,0.00662,0.77554
CVE-2006-6572,0.00347,0.68814
CVE-2006-6573,0.00301,0.66493
CVE-2006-6574,0.04854,0.92004
CVE-2006-6575,0.03728,0.90935
CVE-2006-6576,0.64476,0.97605
CVE-2006-6577,0.00213,0.59334
CVE-2006-6578,0.00337,0.68419
CVE-2006-6579,0.00069,0.28769
CVE-2006-6580,0.00348,0.68878
CVE-2006-6581,0.01009,0.82119
CVE-2006-6582,0.00822,0.80079
CVE-2006-6583,0.00508,0.74117
CVE-2006-6584,0.03017,0.89955
CVE-2006-6585,0.00223,0.60634
CVE-2006-6586,0.04757,0.91917
CVE-2006-6587,0.00469,0.73028
CVE-2006-6588,0.01204,0.83787
CVE-2006-6589,0.01224,0.83939
CVE-2006-6590,0.04378,0.91566
CVE-2006-6591,0.01081,0.82793
CVE-2006-6592,0.05903,0.92723
CVE-2006-6593,0.05042,0.92154
CVE-2006-6594,0.00380,0.70226
CVE-2006-6595,0.00208,0.58740
CVE-2006-6596,0.01641,0.86265
CVE-2006-6597,0.06426,0.93024
CVE-2006-6598,0.00276,0.64912
CVE-2006-6599,0.03069,0.90052
CVE-2006-6600,0.00194,0.57366
CVE-2006-6601,0.05299,0.92344
CVE-2006-6602,0.14773,0.95305
CVE-2006-6603,0.07940,0.93678
CVE-2006-6604,0.00375,0.70009
CVE-2006-6605,0.50816,0.97261
CVE-2006-6606,0.00439,0.72201
CVE-2006-6607,0.00042,0.05722
CVE-2006-6608,0.02250,0.88480
CVE-2006-6609,0.03785,0.90999
CVE-2006-6610,0.01923,0.87401
CVE-2006-6611,0.08563,0.93907
CVE-2006-6612,0.08563,0.93907
CVE-2006-6613,0.02019,0.87742
CVE-2006-6614,0.00071,0.29177
CVE-2006-6615,0.05042,0.92154
CVE-2006-6616,0.00354,0.69172
CVE-2006-6617,0.02794,0.89630
CVE-2006-6618,0.00043,0.07360
CVE-2006-6619,0.00042,0.00438
CVE-2006-6620,0.00043,0.07360
CVE-2006-6621,0.00043,0.07360
CVE-2006-6622,0.00043,0.07360
CVE-2006-6623,0.00043,0.07360
CVE-2006-6624,0.05159,0.92240
CVE-2006-6625,0.00645,0.77145
CVE-2006-6626,0.00385,0.70427
CVE-2006-6627,0.15227,0.95366
CVE-2006-6628,0.03273,0.90355
CVE-2006-6629,0.00405,0.71109
CVE-2006-6630,0.00609,0.76417
CVE-2006-6631,0.04757,0.91917
CVE-2006-6632,0.04757,0.91917
CVE-2006-6633,0.04757,0.91917
CVE-2006-6634,0.04493,0.91664
CVE-2006-6635,0.04757,0.91917
CVE-2006-6636,0.02028,0.87766
CVE-2006-6637,0.01040,0.82407
CVE-2006-6638,0.05314,0.92350
CVE-2006-6639,0.00042,0.05722
CVE-2006-6640,0.01311,0.84535
CVE-2006-6641,0.01303,0.84493
CVE-2006-6642,0.00396,0.70828
CVE-2006-6643,0.04961,0.92080
CVE-2006-6644,0.08563,0.93907
CVE-2006-6645,0.03676,0.90872
CVE-2006-6646,0.00495,0.73762
CVE-2006-6647,0.00488,0.73584
CVE-2006-6648,0.08563,0.93907
CVE-2006-6649,0.03021,0.89963
CVE-2006-6650,0.08563,0.93907
CVE-2006-6651,0.04462,0.91637
CVE-2006-6652,0.02294,0.88603
CVE-2006-6653,0.00042,0.05722
CVE-2006-6654,0.00125,0.47023
CVE-2006-6655,0.00042,0.05722
CVE-2006-6656,0.00042,0.05722
CVE-2006-6657,0.00042,0.05722
CVE-2006-6658,0.00552,0.75179
CVE-2006-6659,0.07067,0.93350
CVE-2006-6660,0.01002,0.82069
CVE-2006-6661,0.04618,0.91769
CVE-2006-6662,0.00042,0.05722
CVE-2006-6663,0.02149,0.88215
CVE-2006-6664,0.05243,0.92294
CVE-2006-6665,0.92073,0.98759
CVE-2006-6666,0.05042,0.92154
CVE-2006-6667,0.00140,0.49582
CVE-2006-6668,0.00316,0.67377
CVE-2006-6669,0.02410,0.88872
CVE-2006-6670,0.00451,0.72559
CVE-2006-6671,0.12185,0.94907
CVE-2006-6672,0.00244,0.62396
CVE-2006-6673,0.06345,0.92978
CVE-2006-6674,0.00042,0.05722
CVE-2006-6675,0.00367,0.69742
CVE-2006-6676,0.08496,0.93866
CVE-2006-6677,0.01595,0.86056
CVE-2006-6678,0.00482,0.73398
CVE-2006-6679,0.01080,0.82775
CVE-2006-6680,0.00042,0.05722
CVE-2006-6681,0.01573,0.85970
CVE-2006-6682,0.00724,0.78677
CVE-2006-6683,0.00219,0.59906
CVE-2006-6684,0.04291,0.91495
CVE-2006-6685,0.00042,0.05722
CVE-2006-6686,0.05288,0.92337
CVE-2006-6687,0.00119,0.45977
CVE-2006-6688,0.00509,0.74144
CVE-2006-6689,0.00488,0.73567
CVE-2006-6690,0.05649,0.92588
CVE-2006-6691,0.06574,0.93115
CVE-2006-6692,0.00822,0.80089
CVE-2006-6693,0.00779,0.79518
CVE-2006-6694,0.01894,0.87281
CVE-2006-6695,0.00316,0.67377
CVE-2006-6696,0.65139,0.97623
CVE-2006-6697,0.02634,0.89333
CVE-2006-6698,0.00042,0.05722
CVE-2006-6699,0.00154,0.51733
CVE-2006-6700,0.00495,0.73762
CVE-2006-6701,0.00657,0.77372
CVE-2006-6702,0.00488,0.73584
CVE-2006-6703,0.10353,0.94471
CVE-2006-6704,0.00362,0.69505
CVE-2006-6705,0.00367,0.69700
CVE-2006-6706,0.00137,0.49214
CVE-2006-6707,0.83791,0.98218
CVE-2006-6708,0.00532,0.74695
CVE-2006-6709,0.00317,0.67435
CVE-2006-6710,0.01939,0.87456
CVE-2006-6711,0.05288,0.92337
CVE-2006-6712,0.02410,0.88872
CVE-2006-6713,0.06614,0.93136
CVE-2006-6714,0.00937,0.81391
CVE-2006-6715,0.11814,0.94842
CVE-2006-6716,0.00213,0.59334
CVE-2006-6717,0.01573,0.85970
CVE-2006-6718,0.00533,0.74733
CVE-2006-6719,0.02892,0.89787
CVE-2006-6720,0.04999,0.92104
CVE-2006-6721,0.00662,0.77554
CVE-2006-6722,0.03049,0.90019
CVE-2006-6723,0.90905,0.98641
CVE-2006-6724,0.02134,0.88158
CVE-2006-6725,0.00249,0.62871
CVE-2006-6726,0.02145,0.88185
CVE-2006-6727,0.00514,0.74258
CVE-2006-6728,0.01280,0.84320
CVE-2006-6729,0.00697,0.78209
CVE-2006-6730,0.00042,0.05722
CVE-2006-6731,0.10099,0.94414
CVE-2006-6732,0.05068,0.92176
CVE-2006-6733,0.00246,0.62686
CVE-2006-6734,0.00599,0.76194
CVE-2006-6735,0.00323,0.67713
CVE-2006-6736,0.00752,0.79079
CVE-2006-6737,0.00536,0.74810
CVE-2006-6738,0.01939,0.87456
CVE-2006-6739,0.02600,0.89255
CVE-2006-6740,0.17498,0.95670
CVE-2006-6741,0.00338,0.68448
CVE-2006-6742,0.01109,0.83014
CVE-2006-6743,0.00042,0.05722
CVE-2006-6744,0.00139,0.49379
CVE-2006-6745,0.01888,0.87256
CVE-2006-6746,0.00599,0.76194
CVE-2006-6747,0.00211,0.59065
CVE-2006-6748,0.00514,0.74258
CVE-2006-6749,0.00539,0.74874
CVE-2006-6750,0.00835,0.80244
CVE-2006-6751,0.19820,0.95901
CVE-2006-6752,0.00596,0.76122
CVE-2006-6753,0.00071,0.29268
CVE-2006-6754,0.00381,0.70260
CVE-2006-6755,0.00661,0.77502
CVE-2006-6756,0.01959,0.87526
CVE-2006-6757,0.01167,0.83488
CVE-2006-6758,0.01396,0.85051
CVE-2006-6759,0.09149,0.94099
CVE-2006-6760,0.00894,0.80934
CVE-2006-6761,0.09982,0.94365
CVE-2006-6762,0.00702,0.78269
CVE-2006-6763,0.00508,0.74117
CVE-2006-6764,0.01096,0.82915
CVE-2006-6765,0.05007,0.92125
CVE-2006-6766,0.00140,0.49582
CVE-2006-6767,0.16918,0.95592
CVE-2006-6768,0.00959,0.81642
CVE-2006-6769,0.02313,0.88647
CVE-2006-6770,0.05288,0.92337
CVE-2006-6771,0.05288,0.92337
CVE-2006-6772,0.12725,0.94986
CVE-2006-6773,0.05102,0.92199
CVE-2006-6774,0.05288,0.92337
CVE-2006-6775,0.01691,0.86439
CVE-2006-6776,0.00213,0.59334
CVE-2006-6777,0.00663,0.77558
CVE-2006-6778,0.06481,0.93059
CVE-2006-6779,0.22739,0.96108
CVE-2006-6780,0.00880,0.80761
CVE-2006-6781,0.00401,0.71012
CVE-2006-6782,0.01135,0.83227
CVE-2006-6783,0.17086,0.95612
CVE-2006-6784,0.00302,0.66521
CVE-2006-6785,0.01368,0.84902
CVE-2006-6786,0.00225,0.60797
CVE-2006-6787,0.00354,0.69146
CVE-2006-6788,0.05288,0.92337
CVE-2006-6789,0.15334,0.95397
CVE-2006-6790,0.03229,0.90291
CVE-2006-6791,0.00396,0.70828
CVE-2006-6792,0.00354,0.69146
CVE-2006-6793,0.05288,0.92337
CVE-2006-6794,0.00354,0.69146
CVE-2006-6795,0.05288,0.92337
CVE-2006-6796,0.05288,0.92337
CVE-2006-6797,0.00081,0.33718
CVE-2006-6799,0.02664,0.89383
CVE-2006-6800,0.18556,0.95775
CVE-2006-6801,0.05288,0.92337
CVE-2006-6802,0.00171,0.54169
CVE-2006-6803,0.00396,0.70828
CVE-2006-6804,0.00171,0.54169
CVE-2006-6805,0.00351,0.69036
CVE-2006-6806,0.00351,0.69036
CVE-2006-6807,0.00198,0.57775
CVE-2006-6808,0.03293,0.90390
CVE-2006-6809,0.05288,0.92337
CVE-2006-6810,0.06276,0.92939
CVE-2006-6811,0.01190,0.83668
CVE-2006-6812,0.02576,0.89197
CVE-2006-6813,0.00171,0.54169
CVE-2006-6814,0.00746,0.79000
CVE-2006-6815,0.00261,0.63888
CVE-2006-6816,0.00591,0.76049
CVE-2006-6817,0.00354,0.69167
CVE-2006-6818,0.01211,0.83836
CVE-2006-6819,0.00345,0.68754
CVE-2006-6820,0.00334,0.68309
CVE-2006-6821,0.00334,0.68309
CVE-2006-6822,0.00444,0.72345
CVE-2006-6823,0.05288,0.92337
CVE-2006-6824,0.01422,0.85179
CVE-2006-6825,0.00529,0.74641
CVE-2006-6826,0.00405,0.71109
CVE-2006-6827,0.03149,0.90162
CVE-2006-6828,0.00244,0.62396
CVE-2006-6829,0.00354,0.69167
CVE-2006-6830,0.04757,0.91917
CVE-2006-6831,0.00284,0.65431
CVE-2006-6832,0.00467,0.72990
CVE-2006-6833,0.00575,0.75680
CVE-2006-6834,0.00548,0.75116
CVE-2006-6835,0.00302,0.66521
CVE-2006-6836,0.00421,0.71639
CVE-2006-6837,0.09645,0.94263
CVE-2006-6838,0.03162,0.90181
CVE-2006-6839,0.00575,0.75680
CVE-2006-6840,0.00575,0.75680
CVE-2006-6841,0.00575,0.75680
CVE-2006-6842,0.00213,0.59334
CVE-2006-6843,0.00533,0.74733
CVE-2006-6844,0.02313,0.88647
CVE-2006-6845,0.01745,0.86653
CVE-2006-6846,0.00171,0.54169
CVE-2006-6847,0.06556,0.93090
CVE-2006-6848,0.01016,0.82181
CVE-2006-6849,0.03216,0.90264
CVE-2006-6850,0.06574,0.93115
CVE-2006-6851,0.00783,0.79562
CVE-2006-6852,0.00438,0.72175
CVE-2006-6853,0.08700,0.93950
CVE-2006-6854,0.00532,0.74706
CVE-2006-6855,0.12186,0.94908
CVE-2006-6856,0.04536,0.91699
CVE-2006-6857,0.00154,0.51673
CVE-2006-6858,0.00644,0.77123
CVE-2006-6859,0.00421,0.71659
CVE-2006-6860,0.15740,0.95447
CVE-2006-6861,0.00166,0.53324
CVE-2006-6862,0.00333,0.68285
CVE-2006-6863,0.15334,0.95397
CVE-2006-6864,0.10026,0.94398
CVE-2006-6865,0.01037,0.82369
CVE-2006-6866,0.03359,0.90477
CVE-2006-6867,0.15334,0.95397
CVE-2006-6868,0.01601,0.86092
CVE-2006-6869,0.01294,0.84440
CVE-2006-6870,0.13305,0.95087
CVE-2006-6871,0.02313,0.88647
CVE-2006-6872,0.00608,0.76380
CVE-2006-6873,0.00540,0.74918
CVE-2006-6874,0.00316,0.67377
CVE-2006-6875,0.03791,0.91007
CVE-2006-6876,0.01600,0.86077
CVE-2006-6877,0.02004,0.87705
CVE-2006-6878,0.00898,0.80975
CVE-2006-6879,0.00763,0.79273
CVE-2006-6880,0.00144,0.50284
CVE-2006-6881,0.00392,0.70683
CVE-2006-6882,0.00227,0.61006
CVE-2006-6883,0.00777,0.79491
CVE-2006-6884,0.41596,0.96979
CVE-2006-6885,0.15028,0.95342
CVE-2006-6886,0.00785,0.79590
CVE-2006-6887,0.02293,0.88601
CVE-2006-6888,0.02867,0.89754
CVE-2006-6889,0.03765,0.90979
CVE-2006-6890,0.02937,0.89848
CVE-2006-6891,0.02867,0.89754
CVE-2006-6892,0.00643,0.77118
CVE-2006-6893,0.00440,0.72236
CVE-2006-6894,0.00217,0.59788
CVE-2006-6895,0.00403,0.71040
CVE-2006-6896,0.00763,0.79270
CVE-2006-6897,0.00532,0.74696
CVE-2006-6898,0.00743,0.78950
CVE-2006-6899,0.17616,0.95688
CVE-2006-6900,0.00405,0.71109
CVE-2006-6901,0.02609,0.89275
CVE-2006-6902,0.02609,0.89275
CVE-2006-6903,0.01081,0.82793
CVE-2006-6904,0.00718,0.78593
CVE-2006-6905,0.01542,0.85805
CVE-2006-6906,0.00052,0.18252
CVE-2006-6907,0.00405,0.71109
CVE-2006-6908,0.04588,0.91745
CVE-2006-6909,0.03791,0.91007
CVE-2006-6910,0.01149,0.83333
CVE-2006-6911,0.00156,0.52031
CVE-2006-6912,0.01016,0.82181
CVE-2006-6913,0.01096,0.82915
CVE-2006-6914,0.01110,0.83024
CVE-2006-6915,0.01045,0.82449
CVE-2006-6916,0.00217,0.59788
CVE-2006-6917,0.90985,0.98646
CVE-2006-6918,0.00217,0.59788
CVE-2006-6919,0.05102,0.92199
CVE-2006-6920,0.01662,0.86330
CVE-2006-6921,0.00042,0.05722
CVE-2006-6922,0.00306,0.66797
CVE-2006-6923,0.00541,0.74948
CVE-2006-6924,0.02578,0.89203
CVE-2006-6925,0.04824,0.91985
CVE-2006-6926,0.00261,0.63907
CVE-2006-6927,0.01271,0.84264
CVE-2006-6928,0.01714,0.86532
CVE-2006-6929,0.01267,0.84248
CVE-2006-6930,0.00544,0.75007
CVE-2006-6931,0.11353,0.94728
CVE-2006-6932,0.00167,0.53419
CVE-2006-6933,0.00405,0.71133
CVE-2006-6934,0.02410,0.88872
CVE-2006-6935,0.00649,0.77225
CVE-2006-6936,0.00532,0.74695
CVE-2006-6937,0.00370,0.69864
CVE-2006-6938,0.01674,0.86380
CVE-2006-6939,0.00044,0.08000
CVE-2006-6940,0.03534,0.90695
CVE-2006-6941,0.00405,0.71133
CVE-2006-6942,0.00952,0.81563
CVE-2006-6943,0.00619,0.76647
CVE-2006-6944,0.01190,0.83673
CVE-2006-6945,0.00943,0.81459
CVE-2006-6946,0.00533,0.74733
CVE-2006-6947,0.00248,0.62848
CVE-2006-6948,0.00248,0.62848
CVE-2006-6949,0.00042,0.05722
CVE-2006-6950,0.01686,0.86422
CVE-2006-6951,0.02176,0.88282
CVE-2006-6952,0.00050,0.15989
CVE-2006-6953,0.00042,0.05722
CVE-2006-6954,0.01014,0.82163
CVE-2006-6955,0.00220,0.59984
CVE-2006-6956,0.00364,0.69603
CVE-2006-6957,0.00655,0.77342
CVE-2006-6958,0.09790,0.94298
CVE-2006-6959,0.00042,0.05722
CVE-2006-6960,0.01190,0.83673
CVE-2006-6961,0.01190,0.83673
CVE-2006-6962,0.01618,0.86169
CVE-2006-6963,0.02374,0.88792
CVE-2006-6964,0.00201,0.58094
CVE-2006-6965,0.01584,0.86010
CVE-2006-6966,0.04086,0.91312
CVE-2006-6968,0.00243,0.62343
CVE-2006-6969,0.18837,0.95807
CVE-2006-6970,0.00336,0.68374
CVE-2006-6971,0.00248,0.62836
CVE-2006-6972,0.00887,0.80852
CVE-2006-6973,0.00926,0.81293
CVE-2006-6974,0.00774,0.79439
CVE-2006-6975,0.04370,0.91558
CVE-2006-6976,0.02333,0.88683
CVE-2006-6977,0.00227,0.61006
CVE-2006-6978,0.00227,0.61006
CVE-2006-6979,0.01273,0.84276
CVE-2006-6980,0.00319,0.67512
CVE-2006-6981,0.00265,0.64247
CVE-2006-6982,0.00237,0.61869
CVE-2006-6983,0.00354,0.69167
CVE-2006-6984,0.00354,0.69167
CVE-2006-6985,0.00354,0.69167
CVE-2006-6986,0.00354,0.69167
CVE-2006-6987,0.00354,0.69167
CVE-2006-6988,0.00354,0.69167
CVE-2006-6989,0.00354,0.69167
CVE-2006-6990,0.00354,0.69167
CVE-2006-6991,0.00354,0.69167
CVE-2006-6992,0.00354,0.69167
CVE-2006-6993,0.00140,0.49582
CVE-2006-6994,0.02233,0.88437
CVE-2006-6995,0.02085,0.87968
CVE-2006-6996,0.00154,0.51673
CVE-2006-6997,0.00413,0.71377
CVE-2006-6998,0.00287,0.65664
CVE-2006-6999,0.00394,0.70779
CVE-2006-7000,0.00650,0.77255
CVE-2006-7001,0.00242,0.62314
CVE-2006-7002,0.00154,0.51673
CVE-2006-7003,0.00508,0.74117
CVE-2006-7004,0.00662,0.77554
CVE-2006-7005,0.00147,0.50639
CVE-2006-7006,0.02360,0.88755
CVE-2006-7007,0.03275,0.90358
CVE-2006-7008,0.00405,0.71109
CVE-2006-7009,0.00609,0.76417
CVE-2006-7010,0.00233,0.61487
CVE-2006-7011,0.00758,0.79196
CVE-2006-7012,0.03754,0.90964
CVE-2006-7013,0.01081,0.82793
CVE-2006-7014,0.01886,0.87251
CVE-2006-7015,0.04039,0.91241
CVE-2006-7016,0.01692,0.86443
CVE-2006-7017,0.02038,0.87806
CVE-2006-7018,0.04039,0.91241
CVE-2006-7019,0.04120,0.91337
CVE-2006-7020,0.00729,0.78753
CVE-2006-7021,0.05080,0.92185
CVE-2006-7022,0.01096,0.82915
CVE-2006-7023,0.00677,0.77866
CVE-2006-7024,0.03676,0.90872
CVE-2006-7025,0.00370,0.69831
CVE-2006-7026,0.02822,0.89678
CVE-2006-7027,0.82793,0.98183
CVE-2006-7028,0.22660,0.96102
CVE-2006-7029,0.12139,0.94900
CVE-2006-7030,0.12243,0.94914
CVE-2006-7031,0.21389,0.96022
CVE-2006-7032,0.05891,0.92715
CVE-2006-7033,0.00488,0.73584
CVE-2006-7034,0.00302,0.66521
CVE-2006-7035,0.00385,0.70435
CVE-2006-7036,0.03106,0.90106
CVE-2006-7037,0.00042,0.05722
CVE-2006-7038,0.01346,0.84737
CVE-2006-7039,0.01834,0.87019
CVE-2006-7040,0.01834,0.87019
CVE-2006-7041,0.01834,0.87019
CVE-2006-7042,0.00662,0.77554
CVE-2006-7043,0.00111,0.44113
CVE-2006-7044,0.01096,0.82915
CVE-2006-7045,0.00609,0.76417
CVE-2006-7046,0.00588,0.75981
CVE-2006-7047,0.03131,0.90137
CVE-2006-7048,0.03132,0.90139
CVE-2006-7049,0.03322,0.90423
CVE-2006-7050,0.02021,0.87749
CVE-2006-7051,0.00043,0.07477
CVE-2006-7052,0.02619,0.89296
CVE-2006-7053,0.01253,0.84136
CVE-2006-7054,0.01834,0.87019
CVE-2006-7055,0.14438,0.95260
CVE-2006-7056,0.02132,0.88150
CVE-2006-7057,0.00168,0.53597
CVE-2006-7058,0.00243,0.62343
CVE-2006-7059,0.00966,0.81712
CVE-2006-7060,0.00438,0.72184
CVE-2006-7061,0.00815,0.79999
CVE-2006-7062,0.00554,0.75227
CVE-2006-7063,0.01789,0.86809
CVE-2006-7064,0.00366,0.69673
CVE-2006-7065,0.09613,0.94257
CVE-2006-7066,0.17113,0.95622
CVE-2006-7067,0.04822,0.91984
CVE-2006-7068,0.03964,0.91175
CVE-2006-7069,0.08451,0.93852
CVE-2006-7070,0.04322,0.91520
CVE-2006-7071,0.00732,0.78805
CVE-2006-7072,0.01269,0.84257
CVE-2006-7073,0.00477,0.73280
CVE-2006-7074,0.01190,0.83673
CVE-2006-7075,0.00362,0.69521
CVE-2006-7076,0.00442,0.72286
CVE-2006-7077,0.00527,0.74578
CVE-2006-7078,0.00641,0.77069
CVE-2006-7079,0.03037,0.89991
CVE-2006-7080,0.00431,0.71928
CVE-2006-7081,0.08451,0.93852
CVE-2006-7082,0.01592,0.86046
CVE-2006-7083,0.00596,0.76123
CVE-2006-7085,0.00307,0.66821
CVE-2006-7086,0.01903,0.87326
CVE-2006-7087,0.03067,0.90046
CVE-2006-7088,0.00204,0.58389
CVE-2006-7089,0.00168,0.53597
CVE-2006-7090,0.01510,0.85647
CVE-2006-7091,0.02713,0.89486
CVE-2006-7092,0.00306,0.66797
CVE-2006-7093,0.00353,0.69123
CVE-2006-7094,0.00560,0.75334
CVE-2006-7095,0.05818,0.92673
CVE-2006-7096,0.05818,0.92673
CVE-2006-7097,0.00217,0.59788
CVE-2006-7098,0.00042,0.00438
CVE-2006-7099,0.01875,0.87192
CVE-2006-7100,0.01984,0.87614
CVE-2006-7101,0.00409,0.71238
CVE-2006-7102,0.01736,0.86621
CVE-2006-7103,0.01599,0.86071
CVE-2006-7104,0.01635,0.86241
CVE-2006-7105,0.00632,0.76884
CVE-2006-7106,0.00756,0.79175
CVE-2006-7107,0.03964,0.91175
CVE-2006-7108,0.00070,0.28797
CVE-2006-7109,0.00336,0.68400
CVE-2006-7110,0.00331,0.68190
CVE-2006-7111,0.01253,0.84136
CVE-2006-7112,0.00656,0.77360
CVE-2006-7113,0.00966,0.81708
CVE-2006-7114,0.00839,0.80299
CVE-2006-7115,0.01659,0.86323
CVE-2006-7116,0.01435,0.85252
CVE-2006-7117,0.00670,0.77711
CVE-2006-7118,0.00090,0.37981
CVE-2006-7119,0.03728,0.90935
CVE-2006-7120,0.05288,0.92337
CVE-2006-7121,0.01834,0.87019
CVE-2006-7122,0.01535,0.85771
CVE-2006-7123,0.00439,0.72201
CVE-2006-7124,0.01958,0.87521
CVE-2006-7125,0.01087,0.82838
CVE-2006-7126,0.00775,0.79462
CVE-2006-7127,0.02040,0.87816
CVE-2006-7128,0.02038,0.87806
CVE-2006-7129,0.00042,0.00438
CVE-2006-7130,0.05080,0.92185
CVE-2006-7131,0.03693,0.90894
CVE-2006-7132,0.04042,0.91245
CVE-2006-7133,0.01718,0.86549
CVE-2006-7134,0.04651,0.91808
CVE-2006-7135,0.03728,0.90935
CVE-2006-7136,0.05042,0.92154
CVE-2006-7137,0.00243,0.62343
CVE-2006-7138,0.00133,0.48359
CVE-2006-7139,0.03236,0.90305
CVE-2006-7140,0.00772,0.79399
CVE-2006-7141,0.00657,0.77380
CVE-2006-7142,0.00059,0.22933
CVE-2006-7143,0.01152,0.83352
CVE-2006-7144,0.00584,0.75879
CVE-2006-7145,0.00344,0.68700
CVE-2006-7146,0.01736,0.86621
CVE-2006-7147,0.01984,0.87614
CVE-2006-7148,0.05042,0.92154
CVE-2006-7149,0.00979,0.81842
CVE-2006-7150,0.00599,0.76184
CVE-2006-7151,0.00042,0.05722
CVE-2006-7152,0.01811,0.86903
CVE-2006-7153,0.03106,0.90106
CVE-2006-7154,0.01119,0.83098
CVE-2006-7155,0.04232,0.91436
CVE-2006-7156,0.15334,0.95397
CVE-2006-7157,0.01201,0.83754
CVE-2006-7158,0.01748,0.86657
CVE-2006-7159,0.00465,0.72925
CVE-2006-7160,0.00042,0.05722
CVE-2006-7161,0.00710,0.78435
CVE-2006-7162,0.00042,0.05722
CVE-2006-7163,0.00069,0.28481
CVE-2006-7164,0.00276,0.64894
CVE-2006-7165,0.01194,0.83700
CVE-2006-7166,0.01194,0.83700
CVE-2006-7167,0.03817,0.91032
CVE-2006-7168,0.02876,0.89766
CVE-2006-7169,0.04548,0.91709
CVE-2006-7170,0.00149,0.50913
CVE-2006-7171,0.00329,0.68016
CVE-2006-7172,0.04450,0.91625
CVE-2006-7173,0.03229,0.90291
CVE-2006-7174,0.01081,0.82793
CVE-2006-7175,0.00147,0.50682
CVE-2006-7176,0.01179,0.83586
CVE-2006-7177,0.05347,0.92380
CVE-2006-7178,0.13356,0.95095
CVE-2006-7179,0.13086,0.95047
CVE-2006-7180,0.05012,0.92131
CVE-2006-7181,0.01043,0.82436
CVE-2006-7182,0.00609,0.76417
CVE-2006-7183,0.05007,0.92125
CVE-2006-7184,0.03599,0.90774
CVE-2006-7185,0.02822,0.89678
CVE-2006-7186,0.00198,0.57702
CVE-2006-7187,0.00154,0.51673
CVE-2006-7188,0.00373,0.69960
CVE-2006-7189,0.00154,0.51673
CVE-2006-7190,0.00154,0.51673
CVE-2006-7191,0.00042,0.05722
CVE-2006-7192,0.08437,0.93843
CVE-2006-7193,0.00820,0.80053
CVE-2006-7194,0.06225,0.92913
CVE-2006-7195,0.01509,0.85638
CVE-2006-7196,0.96286,0.99434
CVE-2006-7197,0.00393,0.70749
CVE-2006-7198,0.00716,0.78531
CVE-2006-7199,0.00468,0.73015
CVE-2006-7200,0.00104,0.42304
CVE-2006-7201,0.00463,0.72857
CVE-2006-7202,0.00522,0.74456
CVE-2006-7203,0.00044,0.08000
CVE-2006-7204,0.00045,0.12297
CVE-2006-7205,0.00299,0.66373
CVE-2006-7206,0.16655,0.95557
CVE-2006-7207,0.00585,0.75901
CVE-2006-7208,0.02829,0.89693
CVE-2006-7209,0.00146,0.50502
CVE-2006-7210,0.53228,0.97333
CVE-2006-7211,0.00042,0.05722
CVE-2006-7212,0.00282,0.65326
CVE-2006-7213,0.00157,0.52126
CVE-2006-7214,0.01028,0.82271
CVE-2006-7215,0.00062,0.24773
CVE-2006-7216,0.00078,0.32101
CVE-2006-7217,0.00480,0.73345
CVE-2006-7218,0.00118,0.45690
CVE-2006-7219,0.00118,0.45690
CVE-2006-7220,0.00235,0.61688
CVE-2006-7221,0.00160,0.52556
CVE-2006-7222,0.10430,0.94492
CVE-2006-7223,0.00289,0.65726
CVE-2006-7225,0.01068,0.82682
CVE-2006-7226,0.01449,0.85330
CVE-2006-7227,0.02007,0.87712
CVE-2006-7228,0.02007,0.87712
CVE-2006-7229,0.00920,0.81233
CVE-2006-7230,0.01345,0.84733
CVE-2006-7231,0.00068,0.28434
CVE-2006-7232,0.00668,0.77672
CVE-2006-7233,0.00250,0.63055
CVE-2006-7234,0.00042,0.00438
CVE-2006-7235,0.11386,0.94735
CVE-2006-7236,0.00295,0.66142
CVE-2006-7237,0.00568,0.75519
CVE-2006-7238,0.00122,0.46493
CVE-2006-7239,0.00296,0.66231
CVE-2006-7240,0.00044,0.10161
CVE-2006-7241,0.00114,0.44810
CVE-2006-7242,0.00114,0.44810
CVE-2006-7243,0.00824,0.80115
CVE-2006-7244,0.00305,0.66725
CVE-2006-7245,0.00235,0.61603
CVE-2006-7246,0.00144,0.50197
CVE-2006-7247,0.00290,0.65852
CVE-2006-7250,0.14312,0.95239
CVE-2006-7252,0.00119,0.45844
CVE-2006-7253,0.00315,0.67315
CVE-2006-7254,0.00042,0.05722
CVE-2007-0001,0.00043,0.07477
CVE-2007-0002,0.21300,0.96013
CVE-2007-0003,0.00070,0.28797
CVE-2007-0004,0.00044,0.10161
CVE-2007-0005,0.00042,0.00438
CVE-2007-0006,0.00044,0.08000
CVE-2007-0007,0.00042,0.05722
CVE-2007-0008,0.96481,0.99498
CVE-2007-0009,0.96294,0.99437
CVE-2007-0010,0.00088,0.37162
CVE-2007-0011,0.00632,0.76896
CVE-2007-0012,0.00578,0.75749
CVE-2007-0014,0.00046,0.13811
CVE-2007-0015,0.96658,0.99563
CVE-2007-0016,0.17039,0.95604
CVE-2007-0017,0.95130,0.99168
CVE-2007-0018,0.95209,0.99190
CVE-2007-0019,0.03356,0.90474
CVE-2007-0020,0.23304,0.96152
CVE-2007-0021,0.49225,0.97225
CVE-2007-0022,0.00044,0.10872
CVE-2007-0023,0.00042,0.00438
CVE-2007-0024,0.96586,0.99541
CVE-2007-0025,0.67238,0.97667
CVE-2007-0026,0.85578,0.98305
CVE-2007-0027,0.92968,0.98866
CVE-2007-0028,0.76673,0.97944
CVE-2007-0029,0.73476,0.97852
CVE-2007-0030,0.88251,0.98451
CVE-2007-0031,0.89024,0.98507
CVE-2007-0033,0.74934,0.97896
CVE-2007-0034,0.94170,0.99014
CVE-2007-0035,0.76651,0.97943
CVE-2007-0038,0.20468,0.95955
CVE-2007-0039,0.13334,0.95093
CVE-2007-0040,0.87212,0.98396
CVE-2007-0041,0.67155,0.97663
CVE-2007-0042,0.95816,0.99319
CVE-2007-0043,0.67155,0.97663
CVE-2007-0044,0.93234,0.98899
CVE-2007-0045,0.90506,0.98604
CVE-2007-0046,0.91033,0.98653
CVE-2007-0047,0.04860,0.92007
CVE-2007-0048,0.75634,0.97914
CVE-2007-0049,0.03188,0.90221
CVE-2007-0050,0.02399,0.88843
CVE-2007-0051,0.91747,0.98727
CVE-2007-0052,0.00370,0.69864
CVE-2007-0053,0.00670,0.77700
CVE-2007-0054,0.00783,0.79562
CVE-2007-0055,0.01999,0.87674
CVE-2007-0056,0.02442,0.88948
CVE-2007-0057,0.00850,0.80419
CVE-2007-0058,0.01596,0.86061
CVE-2007-0059,0.12354,0.94931
CVE-2007-0060,0.91929,0.98744
CVE-2007-0061,0.19259,0.95849
CVE-2007-0062,0.14376,0.95249
CVE-2007-0063,0.10867,0.94612
CVE-2007-0064,0.85745,0.98312
CVE-2007-0065,0.65991,0.97639
CVE-2007-0066,0.26244,0.96321
CVE-2007-0067,0.01791,0.86818
CVE-2007-0068,0.01736,0.86619
CVE-2007-0069,0.93891,0.98977
CVE-2007-0071,0.96845,0.99634
CVE-2007-0072,0.07756,0.93583
CVE-2007-0073,0.07756,0.93583
CVE-2007-0074,0.07756,0.93583
CVE-2007-0075,0.01208,0.83814
CVE-2007-0076,0.01709,0.86504
CVE-2007-0077,0.00919,0.81219
CVE-2007-0078,0.00860,0.80535
CVE-2007-0079,0.01121,0.83120
CVE-2007-0080,0.00075,0.30910
CVE-2007-0081,0.00042,0.00438
CVE-2007-0082,0.02033,0.87790
CVE-2007-0083,0.00833,0.80225
CVE-2007-0084,0.00044,0.08021
CVE-2007-0085,0.00043,0.07520
CVE-2007-0086,0.00437,0.72137
CVE-2007-0087,0.33583,0.96680
CVE-2007-0088,0.00597,0.76148
CVE-2007-0089,0.00710,0.78447
CVE-2007-0090,0.01709,0.86504
CVE-2007-0091,0.03930,0.91151
CVE-2007-0092,0.12185,0.94907
CVE-2007-0093,0.00862,0.80557
CVE-2007-0094,0.01709,0.86504
CVE-2007-0095,0.00664,0.77584
CVE-2007-0096,0.00710,0.78447
CVE-2007-0097,0.01056,0.82537
CVE-2007-0098,0.02986,0.89916
CVE-2007-0099,0.95059,0.99155
CVE-2007-0100,0.00509,0.74144
CVE-2007-0101,0.01573,0.85970
CVE-2007-0102,0.03964,0.91175
CVE-2007-0103,0.07840,0.93631
CVE-2007-0104,0.06789,0.93223
CVE-2007-0105,0.10773,0.94592
CVE-2007-0106,0.01542,0.85807
CVE-2007-0107,0.00486,0.73523
CVE-2007-0108,0.00880,0.80761
CVE-2007-0109,0.01538,0.85785
CVE-2007-0110,0.03411,0.90550
CVE-2007-0111,0.19666,0.95887
CVE-2007-0112,0.12185,0.94907
CVE-2007-0113,0.05245,0.92295
CVE-2007-0114,0.01020,0.82218
CVE-2007-0115,0.00567,0.75493
CVE-2007-0116,0.01106,0.82990
CVE-2007-0117,0.00707,0.78364
CVE-2007-0118,0.03172,0.90195
CVE-2007-0119,0.03870,0.91087
CVE-2007-0120,0.05517,0.92506
CVE-2007-0121,0.01267,0.84248
CVE-2007-0122,0.00585,0.75894
CVE-2007-0123,0.00856,0.80498
CVE-2007-0124,0.01088,0.82848
CVE-2007-0125,0.03785,0.90999
CVE-2007-0126,0.17154,0.95628
CVE-2007-0127,0.16264,0.95517
CVE-2007-0128,0.00354,0.69146
CVE-2007-0129,0.00354,0.69146
CVE-2007-0130,0.10241,0.94446
CVE-2007-0131,0.01573,0.85970
CVE-2007-0132,0.00972,0.81766
CVE-2007-0133,0.00140,0.49582
CVE-2007-0134,0.08648,0.93929
CVE-2007-0135,0.09477,0.94212
CVE-2007-0136,0.00434,0.72053
CVE-2007-0137,0.01694,0.86453
CVE-2007-0138,0.01141,0.83274
CVE-2007-0139,0.00779,0.79517
CVE-2007-0140,0.00452,0.72566
CVE-2007-0141,0.02338,0.88695
CVE-2007-0142,0.00871,0.80643
CVE-2007-0143,0.13084,0.95046
CVE-2007-0144,0.00495,0.73762
CVE-2007-0145,0.01081,0.82793
CVE-2007-0146,0.00858,0.80516
CVE-2007-0147,0.00515,0.74275
CVE-2007-0148,0.45292,0.97098
CVE-2007-0149,0.01088,0.82847
CVE-2007-0150,0.02374,0.88792
CVE-2007-0151,0.01073,0.82726
CVE-2007-0152,0.01088,0.82847
CVE-2007-0153,0.01088,0.82847
CVE-2007-0154,0.01088,0.82847
CVE-2007-0155,0.01088,0.82847
CVE-2007-0156,0.01096,0.82915
CVE-2007-0157,0.07553,0.93520
CVE-2007-0158,0.00222,0.60556
CVE-2007-0159,0.02502,0.89063
CVE-2007-0160,0.08059,0.93727
CVE-2007-0161,0.00042,0.00438
CVE-2007-0162,0.00042,0.00438
CVE-2007-0163,0.10916,0.94621
CVE-2007-0164,0.10916,0.94621
CVE-2007-0165,0.41438,0.96975
CVE-2007-0166,0.00122,0.46521
CVE-2007-0167,0.33238,0.96665
CVE-2007-0168,0.95985,0.99357
CVE-2007-0169,0.94263,0.99024
CVE-2007-0170,0.05288,0.92337
CVE-2007-0171,0.05405,0.92428
CVE-2007-0172,0.20102,0.95927
CVE-2007-0173,0.03638,0.90815
CVE-2007-0174,0.11130,0.94672
CVE-2007-0175,0.00759,0.79214
CVE-2007-0176,0.09423,0.94195
CVE-2007-0177,0.84488,0.98250
CVE-2007-0178,0.06574,0.93115
CVE-2007-0179,0.00213,0.59334
CVE-2007-0180,0.00675,0.77790
CVE-2007-0181,0.09987,0.94369
CVE-2007-0182,0.19645,0.95885
CVE-2007-0183,0.00987,0.81913
CVE-2007-0184,0.01590,0.86040
CVE-2007-0185,0.01062,0.82629
CVE-2007-0186,0.03449,0.90597
CVE-2007-0187,0.01721,0.86560
CVE-2007-0188,0.00517,0.74332
CVE-2007-0189,0.01573,0.85970
CVE-2007-0190,0.06574,0.93115
CVE-2007-0191,0.00495,0.73762
CVE-2007-0192,0.01081,0.82793
CVE-2007-0193,0.01081,0.82793
CVE-2007-0194,0.00589,0.76003
CVE-2007-0195,0.01121,0.83120
CVE-2007-0196,0.00340,0.68542
CVE-2007-0197,0.96552,0.99531
CVE-2007-0198,0.02149,0.88215
CVE-2007-0199,0.03363,0.90486
CVE-2007-0200,0.17804,0.95709
CVE-2007-0201,0.06882,0.93265
CVE-2007-0202,0.01593,0.86048
CVE-2007-0203,0.00591,0.76053
CVE-2007-0204,0.03490,0.90642
CVE-2007-0205,0.02418,0.88887
CVE-2007-0206,0.00949,0.81523
CVE-2007-0208,0.12668,0.94982
CVE-2007-0209,0.18518,0.95769
CVE-2007-0210,0.00042,0.00438
CVE-2007-0211,0.00042,0.00438
CVE-2007-0213,0.96766,0.99609
CVE-2007-0214,0.69211,0.97722
CVE-2007-0215,0.74226,0.97878
CVE-2007-0216,0.68066,0.97688
CVE-2007-0217,0.96383,0.99470
CVE-2007-0218,0.72270,0.97817
CVE-2007-0219,0.87474,0.98412
CVE-2007-0220,0.50095,0.97243
CVE-2007-0221,0.13930,0.95181
CVE-2007-0222,0.00417,0.71511
CVE-2007-0223,0.00649,0.77225
CVE-2007-0224,0.00306,0.66797
CVE-2007-0225,0.00495,0.73762
CVE-2007-0226,0.00670,0.77700
CVE-2007-0227,0.00548,0.75119
CVE-2007-0228,0.09562,0.94239
CVE-2007-0229,0.97162,0.99769
CVE-2007-0230,0.01057,0.82559
CVE-2007-0231,0.02093,0.87999
CVE-2007-0232,0.10026,0.94398
CVE-2007-0233,0.04651,0.91808
CVE-2007-0235,0.00042,0.00438
CVE-2007-0236,0.25630,0.96289
CVE-2007-0237,0.00042,0.05722
CVE-2007-0238,0.49582,0.97235
CVE-2007-0239,0.02170,0.88260
CVE-2007-0240,0.00544,0.75025
CVE-2007-0242,0.00519,0.74376
CVE-2007-0243,0.42360,0.97001
CVE-2007-0244,0.17101,0.95618
CVE-2007-0245,0.65187,0.97624
CVE-2007-0246,0.01630,0.86220
CVE-2007-0247,0.96935,0.99667
CVE-2007-0248,0.27567,0.96398
CVE-2007-0249,0.00411,0.71315
CVE-2007-0250,0.00611,0.76438
CVE-2007-0251,0.04960,0.92076
CVE-2007-0252,0.00609,0.76417
CVE-2007-0253,0.00052,0.18252
CVE-2007-0254,0.02437,0.88937
CVE-2007-0255,0.07815,0.93618
CVE-2007-0256,0.09562,0.94239
CVE-2007-0257,0.00042,0.00438
CVE-2007-0258,0.06148,0.92869
CVE-2007-0259,0.00844,0.80356
CVE-2007-0260,0.01528,0.85742
CVE-2007-0261,0.05427,0.92443
CVE-2007-0262,0.00405,0.71133
CVE-2007-0263,0.00659,0.77418
CVE-2007-0264,0.00042,0.00438
CVE-2007-0265,0.02120,0.88071
CVE-2007-0266,0.01077,0.82763
CVE-2007-0267,0.00048,0.14461
CVE-2007-0268,0.00386,0.70479
CVE-2007-0269,0.00170,0.54131
CVE-2007-0270,0.12858,0.95007
CVE-2007-0271,0.01321,0.84592
CVE-2007-0272,0.02071,0.87925
CVE-2007-0273,0.00233,0.61467
CVE-2007-0274,0.00821,0.80068
CVE-2007-0275,0.00098,0.40531
CVE-2007-0276,0.00198,0.57776
CVE-2007-0277,0.00098,0.40460
CVE-2007-0278,0.00191,0.56825
CVE-2007-0279,0.01301,0.84476
CVE-2007-0280,0.00527,0.74583
CVE-2007-0281,0.00353,0.69104
CVE-2007-0282,0.00092,0.38777
CVE-2007-0283,0.00170,0.53983
CVE-2007-0284,0.00384,0.70381
CVE-2007-0285,0.00249,0.62919
CVE-2007-0286,0.00351,0.69012
CVE-2007-0287,0.00092,0.38777
CVE-2007-0288,0.00092,0.38777
CVE-2007-0289,0.00665,0.77604
CVE-2007-0290,0.00251,0.63148
CVE-2007-0291,0.00170,0.54131
CVE-2007-0292,0.00749,0.79030
CVE-2007-0293,0.00460,0.72783
CVE-2007-0294,0.00092,0.38777
CVE-2007-0295,0.00292,0.65963
CVE-2007-0296,0.00092,0.38777
CVE-2007-0297,0.00200,0.57929
CVE-2007-0298,0.36664,0.96803
CVE-2007-0299,0.01321,0.84593
CVE-2007-0300,0.11814,0.94842
CVE-2007-0301,0.06968,0.93311
CVE-2007-0302,0.01311,0.84535
CVE-2007-0303,0.00437,0.72135
CVE-2007-0304,0.00354,0.69146
CVE-2007-0305,0.00752,0.79079
CVE-2007-0306,0.09368,0.94175
CVE-2007-0307,0.08563,0.93907
CVE-2007-0308,0.00456,0.72679
CVE-2007-0309,0.49554,0.97234
CVE-2007-0310,0.02504,0.89066
CVE-2007-0311,0.02964,0.89888
CVE-2007-0312,0.00554,0.75227
CVE-2007-0313,0.00474,0.73153
CVE-2007-0314,0.04757,0.91917
CVE-2007-0315,0.03305,0.90403
CVE-2007-0316,0.01766,0.86720
CVE-2007-0317,0.03096,0.90090
CVE-2007-0318,0.04269,0.91472
CVE-2007-0319,0.30861,0.96568
CVE-2007-0320,0.11294,0.94715
CVE-2007-0321,0.11732,0.94822
CVE-2007-0322,0.03989,0.91196
CVE-2007-0323,0.31247,0.96586
CVE-2007-0324,0.26179,0.96317
CVE-2007-0325,0.84052,0.98232
CVE-2007-0326,0.14123,0.95211
CVE-2007-0328,0.01996,0.87658
CVE-2007-0329,0.02000,0.87679
CVE-2007-0330,0.05588,0.92553
CVE-2007-0331,0.00411,0.71315
CVE-2007-0332,0.00898,0.80975
CVE-2007-0333,0.00042,0.00438
CVE-2007-0334,0.01898,0.87307
CVE-2007-0335,0.04855,0.92004
CVE-2007-0336,0.00042,0.05722
CVE-2007-0337,0.04741,0.91891
CVE-2007-0338,0.08427,0.93839
CVE-2007-0339,0.00540,0.74918
CVE-2007-0340,0.00406,0.71142
CVE-2007-0341,0.01055,0.82534
CVE-2007-0342,0.48595,0.97209
CVE-2007-0343,0.02007,0.87710
CVE-2007-0344,0.90845,0.98632
CVE-2007-0345,0.00101,0.41120
CVE-2007-0346,0.00214,0.59512
CVE-2007-0347,0.00992,0.81988
CVE-2007-0348,0.81611,0.98117
CVE-2007-0349,0.00385,0.70435
CVE-2007-0350,0.00355,0.69213
CVE-2007-0351,0.00042,0.05722
CVE-2007-0352,0.93723,0.98954
CVE-2007-0353,0.03293,0.90390
CVE-2007-0354,0.02982,0.89912
CVE-2007-0355,0.01402,0.85079
CVE-2007-0356,0.09839,0.94316
CVE-2007-0357,0.01828,0.86979
CVE-2007-0358,0.04462,0.91636
CVE-2007-0359,0.06574,0.93115
CVE-2007-0360,0.10026,0.94398
CVE-2007-0361,0.04870,0.92014
CVE-2007-0362,0.02338,0.88695
CVE-2007-0363,0.01579,0.85992
CVE-2007-0364,0.09720,0.94281
CVE-2007-0365,0.01135,0.83227
CVE-2007-0366,0.00042,0.05722
CVE-2007-0367,0.00042,0.05722
CVE-2007-0368,0.00224,0.60711
CVE-2007-0369,0.00302,0.66521
CVE-2007-0370,0.00302,0.66521
CVE-2007-0371,0.06899,0.93277
CVE-2007-0372,0.02513,0.89086
CVE-2007-0373,0.01000,0.82046
CVE-2007-0374,0.00599,0.76184
CVE-2007-0375,0.00891,0.80903
CVE-2007-0376,0.03391,0.90521
CVE-2007-0377,0.01024,0.82241
CVE-2007-0378,0.00170,0.53980
CVE-2007-0379,0.00633,0.76908
CVE-2007-0380,0.00515,0.74289
CVE-2007-0381,0.00207,0.58680
CVE-2007-0382,0.00599,0.76184
CVE-2007-0383,0.00476,0.73224
CVE-2007-0384,0.01601,0.86092
CVE-2007-0385,0.01038,0.82395
CVE-2007-0386,0.00405,0.71109
CVE-2007-0387,0.00406,0.71160
CVE-2007-0388,0.00409,0.71238
CVE-2007-0389,0.01718,0.86549
CVE-2007-0390,0.04290,0.91491
CVE-2007-0391,0.00085,0.35449
CVE-2007-0392,0.00042,0.05722
CVE-2007-0393,0.00044,0.10704
CVE-2007-0394,0.00042,0.05722
CVE-2007-0395,0.08563,0.93907
CVE-2007-0396,0.05403,0.92425
CVE-2007-0397,0.01280,0.84330
CVE-2007-0398,0.00488,0.73584
CVE-2007-0399,0.00859,0.80522
CVE-2007-0400,0.00488,0.73584
CVE-2007-0401,0.00168,0.53597
CVE-2007-0402,0.00495,0.73762
CVE-2007-0403,0.00649,0.77225
CVE-2007-0404,0.00965,0.81698
CVE-2007-0405,0.00368,0.69787
CVE-2007-0406,0.00042,0.05753
CVE-2007-0407,0.02338,0.88695
CVE-2007-0408,0.04432,0.91611
CVE-2007-0409,0.00071,0.29224
CVE-2007-0410,0.00904,0.81046
CVE-2007-0411,0.01619,0.86177
CVE-2007-0412,0.00856,0.80499
CVE-2007-0413,0.00042,0.05722
CVE-2007-0414,0.02518,0.89101
CVE-2007-0415,0.00955,0.81605
CVE-2007-0416,0.21128,0.96005
CVE-2007-0417,0.00537,0.74836
CVE-2007-0418,0.04432,0.91611
CVE-2007-0419,0.02518,0.89101
CVE-2007-0420,0.00848,0.80400
CVE-2007-0421,0.01030,0.82285
CVE-2007-0422,0.02518,0.89101
CVE-2007-0423,0.00115,0.45196
CVE-2007-0424,0.02518,0.89101
CVE-2007-0425,0.00563,0.75426
CVE-2007-0426,0.00464,0.72871
CVE-2007-0427,0.94492,0.99070
CVE-2007-0428,0.03620,0.90796
CVE-2007-0429,0.05339,0.92369
CVE-2007-0430,0.00043,0.07477
CVE-2007-0431,0.07619,0.93537
CVE-2007-0432,0.01680,0.86403
CVE-2007-0433,0.00358,0.69347
CVE-2007-0434,0.00059,0.22933
CVE-2007-0435,0.07756,0.93579
CVE-2007-0436,0.00042,0.05722
CVE-2007-0437,0.00094,0.39313
CVE-2007-0441,0.01066,0.82657
CVE-2007-0442,0.00397,0.70884
CVE-2007-0443,0.10539,0.94518
CVE-2007-0444,0.01010,0.82123
CVE-2007-0445,0.56261,0.97403
CVE-2007-0446,0.77368,0.97964
CVE-2007-0447,0.15830,0.95463
CVE-2007-0448,0.01136,0.83245
CVE-2007-0449,0.94560,0.99082
CVE-2007-0450,0.97384,0.99903
CVE-2007-0451,0.03599,0.90773
CVE-2007-0452,0.00948,0.81518
CVE-2007-0453,0.00131,0.48065
CVE-2007-0454,0.01910,0.87357
CVE-2007-0455,0.05124,0.92213
CVE-2007-0456,0.01053,0.82510
CVE-2007-0457,0.01053,0.82510
CVE-2007-0458,0.01053,0.82510
CVE-2007-0459,0.02162,0.88244
CVE-2007-0460,0.00489,0.73600
CVE-2007-0461,0.00101,0.41175
CVE-2007-0462,0.87720,0.98422
CVE-2007-0463,0.39087,0.96910
CVE-2007-0464,0.95310,0.99211
CVE-2007-0465,0.92841,0.98854
CVE-2007-0466,0.90550,0.98607
CVE-2007-0467,0.00042,0.00438
CVE-2007-0468,0.19153,0.95839
CVE-2007-0469,0.01632,0.86226
CVE-2007-0470,0.00044,0.10704
CVE-2007-0471,0.22859,0.96119
CVE-2007-0472,0.00044,0.08002
CVE-2007-0473,0.00044,0.08000
CVE-2007-0474,0.00044,0.08000
CVE-2007-0475,0.00044,0.08043
CVE-2007-0476,0.00042,0.05722
CVE-2007-0477,0.01658,0.86319
CVE-2007-0478,0.01032,0.82301
CVE-2007-0479,0.04475,0.91648
CVE-2007-0480,0.20970,0.95994
CVE-2007-0481,0.04475,0.91648
CVE-2007-0482,0.00044,0.10704
CVE-2007-0483,0.00495,0.73762
CVE-2007-0484,0.00439,0.72201
CVE-2007-0485,0.09987,0.94369
CVE-2007-0486,0.02292,0.88597
CVE-2007-0487,0.01081,0.82793
CVE-2007-0488,0.01149,0.83333
CVE-2007-0489,0.09015,0.94055
CVE-2007-0490,0.00405,0.71133
CVE-2007-0491,0.00456,0.72694
CVE-2007-0492,0.00186,0.55991
CVE-2007-0493,0.19899,0.95912
CVE-2007-0494,0.96918,0.99661
CVE-2007-0495,0.05042,0.92154
CVE-2007-0496,0.03667,0.90855
CVE-2007-0497,0.13084,0.95046
CVE-2007-0498,0.00609,0.76417
CVE-2007-0499,0.04485,0.91656
CVE-2007-0500,0.05042,0.92154
CVE-2007-0501,0.04485,0.91656
CVE-2007-0502,0.05736,0.92629
CVE-2007-0503,0.00044,0.10704
CVE-2007-0504,0.03270,0.90353
CVE-2007-0505,0.02508,0.89076
CVE-2007-0506,0.00360,0.69398
CVE-2007-0507,0.00316,0.67363
CVE-2007-0508,0.05042,0.92154
CVE-2007-0509,0.00319,0.67518
CVE-2007-0510,0.00426,0.71780
CVE-2007-0511,0.21660,0.96036
CVE-2007-0512,0.00535,0.74786
CVE-2007-0513,0.00481,0.73387
CVE-2007-0514,0.01490,0.85510
CVE-2007-0515,0.96397,0.99473
CVE-2007-0516,0.00140,0.49508
CVE-2007-0517,0.01106,0.82990
CVE-2007-0518,0.03878,0.91100
CVE-2007-0519,0.00250,0.63066
CVE-2007-0520,0.00237,0.61848
CVE-2007-0521,0.00905,0.81058
CVE-2007-0522,0.00905,0.81058
CVE-2007-0523,0.01096,0.82918
CVE-2007-0524,0.00905,0.81058
CVE-2007-0525,0.00295,0.66168
CVE-2007-0526,0.01728,0.86589
CVE-2007-0527,0.00495,0.73742
CVE-2007-0528,0.02645,0.89350
CVE-2007-0529,0.00374,0.69964
CVE-2007-0530,0.00609,0.76417
CVE-2007-0531,0.08211,0.93776
CVE-2007-0532,0.00554,0.75227
CVE-2007-0533,0.01927,0.87419
CVE-2007-0534,0.00665,0.77601
CVE-2007-0535,0.02509,0.89078
CVE-2007-0536,0.00042,0.05722
CVE-2007-0537,0.10387,0.94481
CVE-2007-0538,0.01834,0.87019
CVE-2007-0539,0.01141,0.83274
CVE-2007-0540,0.05277,0.92318
CVE-2007-0541,0.00411,0.71308
CVE-2007-0542,0.00488,0.73584
CVE-2007-0543,0.00602,0.76254
CVE-2007-0544,0.00682,0.77956
CVE-2007-0545,0.00554,0.75227
CVE-2007-0546,0.00554,0.75227
CVE-2007-0547,0.00268,0.64410
CVE-2007-0548,0.05384,0.92408
CVE-2007-0549,0.00488,0.73584
CVE-2007-0550,0.00488,0.73584
CVE-2007-0551,0.01096,0.82915
CVE-2007-0552,0.03391,0.90521
CVE-2007-0553,0.00495,0.73762
CVE-2007-0554,0.09304,0.94157
CVE-2007-0555,0.00925,0.81285
CVE-2007-0556,0.01490,0.85510
CVE-2007-0557,0.00044,0.10161
CVE-2007-0558,0.05007,0.92125
CVE-2007-0559,0.05007,0.92125
CVE-2007-0560,0.00871,0.80643
CVE-2007-0561,0.28481,0.96453
CVE-2007-0562,0.93433,0.98920
CVE-2007-0563,0.60997,0.97518
CVE-2007-0564,0.00087,0.36462
CVE-2007-0565,0.01041,0.82421
CVE-2007-0566,0.00670,0.77700
CVE-2007-0567,0.01091,0.82863
CVE-2007-0568,0.15334,0.95397
CVE-2007-0569,0.00649,0.77234
CVE-2007-0570,0.08563,0.93907
CVE-2007-0571,0.10026,0.94398
CVE-2007-0572,0.05042,0.92154
CVE-2007-0573,0.19304,0.95855
CVE-2007-0574,0.00234,0.61576
CVE-2007-0575,0.03679,0.90876
CVE-2007-0576,0.14204,0.95228
CVE-2007-0577,0.06011,0.92783
CVE-2007-0578,0.01941,0.87465
CVE-2007-0579,0.04286,0.91487
CVE-2007-0580,0.11809,0.94836
CVE-2007-0581,0.17136,0.95627
CVE-2007-0582,0.00262,0.64003
CVE-2007-0583,0.00477,0.73280
CVE-2007-0584,0.17804,0.95709
CVE-2007-0585,0.03432,0.90581
CVE-2007-0588,0.79599,0.98032
CVE-2007-0589,0.00228,0.61109
CVE-2007-0590,0.00288,0.65722
CVE-2007-0591,0.06574,0.93115
CVE-2007-0592,0.02410,0.88872
CVE-2007-0593,0.01257,0.84167
CVE-2007-0594,0.00554,0.75227
CVE-2007-0595,0.00677,0.77866
CVE-2007-0596,0.00453,0.72602
CVE-2007-0597,0.00401,0.71012
CVE-2007-0598,0.00213,0.59334
CVE-2007-0599,0.00898,0.80975
CVE-2007-0600,0.06343,0.92973
CVE-2007-0601,0.01027,0.82264
CVE-2007-0602,0.00042,0.00438
CVE-2007-0603,0.07737,0.93574
CVE-2007-0604,0.00362,0.69505
CVE-2007-0605,0.00652,0.77305
CVE-2007-0606,0.00830,0.80193
CVE-2007-0607,0.01619,0.86177
CVE-2007-0608,0.01615,0.86154
CVE-2007-0609,0.03406,0.90542
CVE-2007-0610,0.00495,0.73762
CVE-2007-0611,0.00495,0.73762
CVE-2007-0612,0.57924,0.97439
CVE-2007-0613,0.01596,0.86060
CVE-2007-0614,0.05403,0.92425
CVE-2007-0615,0.02149,0.88215
CVE-2007-0616,0.00666,0.77617
CVE-2007-0617,0.01096,0.82915
CVE-2007-0618,0.00428,0.71837
CVE-2007-0619,0.06212,0.92905
CVE-2007-0620,0.02907,0.89809
CVE-2007-0622,0.00266,0.64271
CVE-2007-0623,0.02982,0.89912
CVE-2007-0624,0.00611,0.76438
CVE-2007-0625,0.00042,0.05722
CVE-2007-0626,0.03391,0.90522
CVE-2007-0627,0.00042,0.05722
CVE-2007-0628,0.00840,0.80325
CVE-2007-0629,0.00421,0.71642
CVE-2007-0630,0.00140,0.49582
CVE-2007-0631,0.03134,0.90143
CVE-2007-0632,0.00228,0.61109
CVE-2007-0633,0.15334,0.95397
CVE-2007-0634,0.05169,0.92246
CVE-2007-0635,0.14411,0.95253
CVE-2007-0636,0.00058,0.22612
CVE-2007-0637,0.02896,0.89794
CVE-2007-0638,0.01803,0.86861
CVE-2007-0639,0.01943,0.87470
CVE-2007-0640,0.00530,0.74667
CVE-2007-0641,0.02764,0.89583
CVE-2007-0642,0.00284,0.65479
CVE-2007-0643,0.02550,0.89153
CVE-2007-0644,0.13290,0.95085
CVE-2007-0645,0.03036,0.89990
CVE-2007-0646,0.04135,0.91351
CVE-2007-0647,0.01231,0.83995
CVE-2007-0648,0.06035,0.92796
CVE-2007-0649,0.01055,0.82535
CVE-2007-0650,0.06459,0.93041
CVE-2007-0651,0.02450,0.88963
CVE-2007-0652,0.01922,0.87398
CVE-2007-0653,0.24701,0.96238
CVE-2007-0654,0.23556,0.96164
CVE-2007-0655,0.00360,0.69445
CVE-2007-0656,0.08563,0.93907
CVE-2007-0657,0.00764,0.79284
CVE-2007-0658,0.06786,0.93222
CVE-2007-0659,0.02041,0.87824
CVE-2007-0660,0.01601,0.86092
CVE-2007-0661,0.00670,0.77710
CVE-2007-0662,0.15334,0.95397
CVE-2007-0663,0.00140,0.49582
CVE-2007-0664,0.01046,0.82456
CVE-2007-0665,0.01426,0.85198
CVE-2007-0666,0.01984,0.87616
CVE-2007-0667,0.01040,0.82408
CVE-2007-0668,0.00044,0.10704
CVE-2007-0669,0.00043,0.05916
CVE-2007-0670,0.00042,0.05722
CVE-2007-0671,0.94753,0.99109
CVE-2007-0672,0.01452,0.85345
CVE-2007-0673,0.02377,0.88794
CVE-2007-0674,0.20781,0.95978
CVE-2007-0675,0.93231,0.98898
CVE-2007-0676,0.08495,0.93865
CVE-2007-0677,0.09929,0.94348
CVE-2007-0678,0.00396,0.70828
CVE-2007-0679,0.08563,0.93907
CVE-2007-0680,0.17804,0.95709
CVE-2007-0681,0.04618,0.91769
CVE-2007-0682,0.10026,0.94398
CVE-2007-0683,0.06344,0.92977
CVE-2007-0684,0.15304,0.95374
CVE-2007-0685,0.00696,0.78189
CVE-2007-0686,0.01259,0.84203
CVE-2007-0687,0.00142,0.49991
CVE-2007-0688,0.00871,0.80643
CVE-2007-0689,0.01164,0.83455
CVE-2007-0690,0.00954,0.81593
CVE-2007-0692,0.00828,0.80161
CVE-2007-0693,0.04052,0.91267
CVE-2007-0694,0.00391,0.70661
CVE-2007-0695,0.00355,0.69213
CVE-2007-0696,0.00495,0.73762
CVE-2007-0697,0.05618,0.92572
CVE-2007-0698,0.00204,0.58389
CVE-2007-0699,0.04473,0.91645
CVE-2007-0700,0.00439,0.72213
CVE-2007-0701,0.11722,0.94821
CVE-2007-0702,0.15790,0.95457
CVE-2007-0703,0.03676,0.90872
CVE-2007-0704,0.00777,0.79491
CVE-2007-0705,0.05314,0.92349
CVE-2007-0706,0.01211,0.83836
CVE-2007-0707,0.06487,0.93064
CVE-2007-0708,0.00043,0.07477
CVE-2007-0709,0.00042,0.05722
CVE-2007-0710,0.02615,0.89284
CVE-2007-0711,0.07055,0.93342
CVE-2007-0712,0.04880,0.92022
CVE-2007-0713,0.07096,0.93360
CVE-2007-0714,0.92272,0.98782
CVE-2007-0715,0.05135,0.92220
CVE-2007-0716,0.05135,0.92220
CVE-2007-0717,0.05156,0.92236
CVE-2007-0718,0.84584,0.98258
CVE-2007-0719,0.02861,0.89743
CVE-2007-0720,0.05027,0.92142
CVE-2007-0721,0.03065,0.90040
CVE-2007-0722,0.03999,0.91204
CVE-2007-0723,0.01274,0.84280
CVE-2007-0724,0.00042,0.00438
CVE-2007-0725,0.00043,0.05916
CVE-2007-0726,0.03395,0.90528
CVE-2007-0728,0.00043,0.05916
CVE-2007-0729,0.00042,0.00438
CVE-2007-0730,0.02156,0.88228
CVE-2007-0731,0.00531,0.74681
CVE-2007-0732,0.00043,0.05916
CVE-2007-0733,0.05157,0.92237
CVE-2007-0734,0.00679,0.77907
CVE-2007-0735,0.02123,0.88079
CVE-2007-0736,0.03856,0.91070
CVE-2007-0737,0.00043,0.05916
CVE-2007-0738,0.00043,0.05916
CVE-2007-0739,0.00043,0.05916
CVE-2007-0740,0.01033,0.82327
CVE-2007-0741,0.05329,0.92364
CVE-2007-0742,0.01742,0.86641
CVE-2007-0743,0.00043,0.05916
CVE-2007-0744,0.00043,0.05916
CVE-2007-0745,0.00143,0.50036
CVE-2007-0746,0.05751,0.92637
CVE-2007-0747,0.00045,0.12338
CVE-2007-0748,0.08061,0.93729
CVE-2007-0749,0.06560,0.93093
CVE-2007-0750,0.01728,0.86587
CVE-2007-0751,0.00042,0.05722
CVE-2007-0752,0.00042,0.00438
CVE-2007-0753,0.00042,0.00438
CVE-2007-0754,0.10332,0.94466
CVE-2007-0756,0.19447,0.95874
CVE-2007-0757,0.15790,0.95457
CVE-2007-0758,0.05007,0.92125
CVE-2007-0759,0.02616,0.89288
CVE-2007-0760,0.05102,0.92199
CVE-2007-0761,0.10026,0.94398
CVE-2007-0762,0.17804,0.95709
CVE-2007-0763,0.00411,0.71315
CVE-2007-0764,0.00397,0.70869
CVE-2007-0765,0.00821,0.80067
CVE-2007-0766,0.03238,0.90307
CVE-2007-0767,0.00495,0.73762
CVE-2007-0768,0.00484,0.73477
CVE-2007-0769,0.01601,0.86092
CVE-2007-0770,0.04032,0.91232
CVE-2007-0771,0.00042,0.05722
CVE-2007-0772,0.09465,0.94209
CVE-2007-0773,0.00042,0.05722
CVE-2007-0774,0.40289,0.96936
CVE-2007-0775,0.96626,0.99555
CVE-2007-0776,0.92943,0.98863
CVE-2007-0777,0.96467,0.99493
CVE-2007-0778,0.00618,0.76615
CVE-2007-0779,0.08470,0.93858
CVE-2007-0780,0.00754,0.79122
CVE-2007-0784,0.00380,0.70226
CVE-2007-0785,0.08563,0.93907
CVE-2007-0786,0.00886,0.80832
CVE-2007-0787,0.02374,0.88792
CVE-2007-0788,0.02279,0.88565
CVE-2007-0789,0.00240,0.62134
CVE-2007-0790,0.01167,0.83487
CVE-2007-0791,0.04371,0.91558
CVE-2007-0792,0.14641,0.95284
CVE-2007-0793,0.01081,0.82793
CVE-2007-0794,0.00240,0.62134
CVE-2007-0795,0.02374,0.88792
CVE-2007-0796,0.16093,0.95494
CVE-2007-0797,0.10019,0.94377
CVE-2007-0798,0.00744,0.78972
CVE-2007-0799,0.00649,0.77225
CVE-2007-0800,0.55606,0.97388
CVE-2007-0801,0.01598,0.86064
CVE-2007-0802,0.01343,0.84720
CVE-2007-0803,0.06060,0.92802
CVE-2007-0804,0.04151,0.91368
CVE-2007-0805,0.00042,0.00438
CVE-2007-0806,0.01027,0.82264
CVE-2007-0807,0.02410,0.88872
CVE-2007-0808,0.01081,0.82793
CVE-2007-0809,0.10026,0.94398
CVE-2007-0810,0.07417,0.93472
CVE-2007-0811,0.91624,0.98709
CVE-2007-0812,0.00854,0.80478
CVE-2007-0813,0.00891,0.80892
CVE-2007-0814,0.01027,0.82267
CVE-2007-0815,0.00477,0.73280
CVE-2007-0816,0.27150,0.96367
CVE-2007-0817,0.01479,0.85462
CVE-2007-0819,0.00042,0.05722
CVE-2007-0820,0.10026,0.94398
CVE-2007-0821,0.01470,0.85423
CVE-2007-0822,0.00042,0.05722
CVE-2007-0823,0.00042,0.05722
CVE-2007-0824,0.06574,0.93115
CVE-2007-0825,0.00947,0.81504
CVE-2007-0826,0.09368,0.94175
CVE-2007-0827,0.18848,0.95809
CVE-2007-0828,0.10026,0.94398
CVE-2007-0829,0.00042,0.05722
CVE-2007-0830,0.00328,0.67972
CVE-2007-0831,0.00588,0.75981
CVE-2007-0832,0.00042,0.05722
CVE-2007-0833,0.00042,0.05722
CVE-2007-0834,0.00488,0.73584
CVE-2007-0835,0.00833,0.80232
CVE-2007-0836,0.01012,0.82142
CVE-2007-0837,0.15790,0.95457
CVE-2007-0838,0.00618,0.76620
CVE-2007-0839,0.10723,0.94577
CVE-2007-0840,0.00600,0.76214
CVE-2007-0841,0.00487,0.73543
CVE-2007-0842,0.00565,0.75462
CVE-2007-0843,0.00045,0.12250
CVE-2007-0844,0.04433,0.91612
CVE-2007-0845,0.04316,0.91515
CVE-2007-0846,0.02873,0.89761
CVE-2007-0847,0.00599,0.76184
CVE-2007-0848,0.17804,0.95709
CVE-2007-0849,0.00042,0.00438
CVE-2007-0850,0.01060,0.82579
CVE-2007-0851,0.45505,0.97102
CVE-2007-0852,0.00488,0.73584
CVE-2007-0853,0.00306,0.66797
CVE-2007-0854,0.04479,0.91652
CVE-2007-0855,0.08551,0.93880
CVE-2007-0856,0.00042,0.00438
CVE-2007-0857,0.02791,0.89627
CVE-2007-0859,0.00161,0.52685
CVE-2007-0860,0.00609,0.76417
CVE-2007-0861,0.01096,0.82915
CVE-2007-0862,0.00440,0.72232
CVE-2007-0863,0.03106,0.90106
CVE-2007-0864,0.00821,0.80067
CVE-2007-0865,0.38255,0.96869
CVE-2007-0866,0.00042,0.05722
CVE-2007-0867,0.06574,0.93115
CVE-2007-0868,0.03035,0.89988
CVE-2007-0869,0.00433,0.72003
CVE-2007-0870,0.79866,0.98046
CVE-2007-0871,0.12323,0.94927
CVE-2007-0872,0.01046,0.82459
CVE-2007-0873,0.10164,0.94431
CVE-2007-0874,0.12991,0.95030
CVE-2007-0875,0.00386,0.70479
CVE-2007-0876,0.00506,0.74059
CVE-2007-0877,0.00130,0.47786
CVE-2007-0878,0.08104,0.93739
CVE-2007-0879,0.06487,0.93064
CVE-2007-0880,0.00405,0.71133
CVE-2007-0881,0.11935,0.94857
CVE-2007-0882,0.97328,0.99870
CVE-2007-0883,0.04271,0.91472
CVE-2007-0884,0.10417,0.94488
CVE-2007-0885,0.00930,0.81325
CVE-2007-0886,0.15475,0.95419
CVE-2007-0887,0.03503,0.90658
CVE-2007-0888,0.01954,0.87508
CVE-2007-0889,0.00042,0.05722
CVE-2007-0890,0.00718,0.78574
CVE-2007-0891,0.00444,0.72335
CVE-2007-0892,0.01195,0.83712
CVE-2007-0893,0.00549,0.75125
CVE-2007-0894,0.00957,0.81622
CVE-2007-0895,0.00044,0.10704
CVE-2007-0896,0.07278,0.93428
CVE-2007-0897,0.16271,0.95518
CVE-2007-0898,0.01562,0.85902
CVE-2007-0899,0.00210,0.58958
CVE-2007-0900,0.22452,0.96092
CVE-2007-0901,0.00677,0.77866
CVE-2007-0902,0.00935,0.81380
CVE-2007-0903,0.00548,0.75116
CVE-2007-0904,0.00409,0.71238
CVE-2007-0905,0.03659,0.90845
CVE-2007-0906,0.01616,0.86162
CVE-2007-0907,0.04222,0.91425
CVE-2007-0908,0.01290,0.84411
CVE-2007-0909,0.02169,0.88258
CVE-2007-0910,0.03397,0.90530
CVE-2007-0911,0.03177,0.90205
CVE-2007-0912,0.01096,0.82915
CVE-2007-0913,0.04993,0.92098
CVE-2007-0914,0.05184,0.92252
CVE-2007-0915,0.00622,0.76692
CVE-2007-0916,0.00042,0.05722
CVE-2007-0917,0.08264,0.93789
CVE-2007-0918,0.01949,0.87489
CVE-2007-0919,0.01721,0.86561
CVE-2007-0920,0.00396,0.70828
CVE-2007-0921,0.01803,0.86863
CVE-2007-0922,0.00333,0.68272
CVE-2007-0923,0.00926,0.81297
CVE-2007-0924,0.01253,0.84136
CVE-2007-0925,0.00461,0.72816
CVE-2007-0926,0.01081,0.82793
CVE-2007-0927,0.24378,0.96216
CVE-2007-0928,0.00977,0.81824
CVE-2007-0929,0.00714,0.78510
CVE-2007-0930,0.00405,0.71109
CVE-2007-0931,0.22672,0.96103
CVE-2007-0932,0.02796,0.89635
CVE-2007-0933,0.08356,0.93817
CVE-2007-0934,0.80033,0.98053
CVE-2007-0936,0.79698,0.98036
CVE-2007-0938,0.70824,0.97779
CVE-2007-0939,0.24234,0.96210
CVE-2007-0940,0.93741,0.98957
CVE-2007-0942,0.87777,0.98428
CVE-2007-0943,0.78372,0.97996
CVE-2007-0944,0.93894,0.98977
CVE-2007-0945,0.80681,0.98067
CVE-2007-0946,0.93864,0.98973
CVE-2007-0947,0.91498,0.98696
CVE-2007-0948,0.14454,0.95261
CVE-2007-0949,0.16736,0.95566
CVE-2007-0950,0.00947,0.81511
CVE-2007-0951,0.00396,0.70828
CVE-2007-0952,0.00495,0.73762
CVE-2007-0953,0.00815,0.79991
CVE-2007-0954,0.00405,0.71109
CVE-2007-0955,0.06617,0.93138
CVE-2007-0956,0.01552,0.85852
CVE-2007-0957,0.96535,0.99524
CVE-2007-0958,0.00044,0.08000
CVE-2007-0959,0.06252,0.92926
CVE-2007-0960,0.00238,0.61972
CVE-2007-0961,0.07066,0.93349
CVE-2007-0962,0.03979,0.91189
CVE-2007-0963,0.01096,0.82902
CVE-2007-0964,0.00963,0.81675
CVE-2007-0965,0.01331,0.84642
CVE-2007-0966,0.02149,0.88215
CVE-2007-0967,0.01834,0.87019
CVE-2007-0968,0.00360,0.69398
CVE-2007-0969,0.04290,0.91491
CVE-2007-0970,0.00849,0.80412
CVE-2007-0971,0.00973,0.81777
CVE-2007-0972,0.06250,0.92925
CVE-2007-0973,0.06175,0.92884
CVE-2007-0974,0.00405,0.71109
CVE-2007-0975,0.00309,0.66953
CVE-2007-0976,0.20709,0.95974
CVE-2007-0977,0.00687,0.78047
CVE-2007-0978,0.00042,0.05722
CVE-2007-0979,0.00844,0.80356
CVE-2007-0980,0.02250,0.88480
CVE-2007-0981,0.96742,0.99599
CVE-2007-0982,0.00295,0.66174
CVE-2007-0983,0.07596,0.93530
CVE-2007-0984,0.00340,0.68542
CVE-2007-0985,0.00090,0.37981
CVE-2007-0986,0.10171,0.94432
CVE-2007-0987,0.02722,0.89505
CVE-2007-0988,0.00809,0.79937
CVE-2007-0994,0.02323,0.88664
CVE-2007-0995,0.01982,0.87608
CVE-2007-0996,0.04560,0.91715
CVE-2007-0997,0.00042,0.05722
CVE-2007-0998,0.00044,0.08000
CVE-2007-0999,0.02725,0.89512
CVE-2007-1000,0.00042,0.00438
CVE-2007-10001,0.00097,0.40170
CVE-2007-10002,0.00132,0.48219
CVE-2007-10003,0.00057,0.21459
CVE-2007-1001,0.03656,0.90839
CVE-2007-1002,0.16985,0.95598
CVE-2007-1003,0.02435,0.88934
CVE-2007-1004,0.03711,0.90910
CVE-2007-1005,0.42948,0.97019
CVE-2007-1006,0.01282,0.84359
CVE-2007-1007,0.13766,0.95154
CVE-2007-1008,0.01867,0.87150
CVE-2007-1009,0.00042,0.05722
CVE-2007-1010,0.56915,0.97418
CVE-2007-1011,0.10026,0.94398
CVE-2007-1012,0.00249,0.62955
CVE-2007-1013,0.15334,0.95397
CVE-2007-1014,0.15784,0.95455
CVE-2007-1015,0.00302,0.66521
CVE-2007-1016,0.00193,0.57232
CVE-2007-1017,0.11814,0.94842
CVE-2007-1018,0.00456,0.72694
CVE-2007-1019,0.01046,0.82453
CVE-2007-1020,0.02865,0.89750
CVE-2007-1021,0.00396,0.70828
CVE-2007-1022,0.00354,0.69146
CVE-2007-1023,0.00171,0.54169
CVE-2007-1024,0.15334,0.95397
CVE-2007-1025,0.08563,0.93907
CVE-2007-1026,0.90014,0.98576
CVE-2007-1027,0.00042,0.05722
CVE-2007-1028,0.00802,0.79857
CVE-2007-1029,0.16154,0.95501
CVE-2007-1030,0.03785,0.90999
CVE-2007-1031,0.01884,0.87234
CVE-2007-1032,0.00653,0.77321
CVE-2007-1033,0.01190,0.83673
CVE-2007-1034,0.00265,0.64246
CVE-2007-1035,0.02460,0.88986
CVE-2007-1036,0.96851,0.99639
CVE-2007-1037,0.21313,0.96016
CVE-2007-1038,0.01280,0.84320
CVE-2007-1039,0.00575,0.75680
CVE-2007-1040,0.04741,0.91891
CVE-2007-1041,0.17611,0.95688
CVE-2007-1042,0.00329,0.68034
CVE-2007-1043,0.05412,0.92433
CVE-2007-1044,0.03408,0.90547
CVE-2007-1045,0.02592,0.89235
CVE-2007-1046,0.00954,0.81590
CVE-2007-1047,0.01573,0.85970
CVE-2007-1048,0.01096,0.82915
CVE-2007-1049,0.01384,0.84984
CVE-2007-1050,0.01885,0.87236
CVE-2007-1051,0.00042,0.05722
CVE-2007-1052,0.01096,0.82915
CVE-2007-1053,0.00898,0.80975
CVE-2007-1054,0.08034,0.93714
CVE-2007-1055,0.01666,0.86353
CVE-2007-1056,0.00042,0.05722
CVE-2007-1057,0.00042,0.00438
CVE-2007-1058,0.05016,0.92133
CVE-2007-1059,0.11814,0.94842
CVE-2007-1060,0.31544,0.96598
CVE-2007-1061,0.91686,0.98713
CVE-2007-1062,0.06502,0.93069
CVE-2007-1063,0.01203,0.83771
CVE-2007-1064,0.00042,0.05722
CVE-2007-1065,0.00042,0.05722
CVE-2007-1066,0.00042,0.05722
CVE-2007-1067,0.00042,0.05722
CVE-2007-1068,0.00042,0.05722
CVE-2007-1069,0.05725,0.92626
CVE-2007-1070,0.94905,0.99135
CVE-2007-1071,0.59503,0.97480
CVE-2007-1072,0.00042,0.05722
CVE-2007-1073,0.00833,0.80231
CVE-2007-1074,0.21266,0.96012
CVE-2007-1075,0.00300,0.66412
CVE-2007-1076,0.06209,0.92900
CVE-2007-1077,0.00118,0.45670
CVE-2007-1078,0.10459,0.94497
CVE-2007-1079,0.00905,0.81057
CVE-2007-1080,0.00572,0.75588
CVE-2007-1081,0.00548,0.75116
CVE-2007-1082,0.01119,0.83083
CVE-2007-1083,0.50958,0.97268
CVE-2007-1084,0.08718,0.93954
CVE-2007-1085,0.02639,0.89340
CVE-2007-1086,0.00042,0.05722
CVE-2007-1087,0.00042,0.05722
CVE-2007-1088,0.00042,0.05722
CVE-2007-1089,0.00042,0.05722
CVE-2007-1090,0.81526,0.98100
CVE-2007-1091,0.38144,0.96864
CVE-2007-1092,0.96589,0.99542
CVE-2007-1093,0.10414,0.94488
CVE-2007-1094,0.04425,0.91604
CVE-2007-1095,0.07564,0.93523
CVE-2007-1096,0.00488,0.73584
CVE-2007-1097,0.01573,0.85970
CVE-2007-1098,0.00309,0.66953
CVE-2007-1099,0.01120,0.83104
CVE-2007-1100,0.01483,0.85479
CVE-2007-1101,0.00868,0.80617
CVE-2007-1102,0.01119,0.83098
CVE-2007-1103,0.00977,0.81824
CVE-2007-1104,0.04921,0.92051
CVE-2007-1105,0.04921,0.92051
CVE-2007-1106,0.06574,0.93115
CVE-2007-1107,0.93967,0.98986
CVE-2007-1108,0.11809,0.94836
CVE-2007-1109,0.00672,0.77742
CVE-2007-1110,0.03292,0.90387
CVE-2007-1111,0.04556,0.91712
CVE-2007-1112,0.04887,0.92027
CVE-2007-1114,0.69701,0.97735
CVE-2007-1115,0.02811,0.89662
CVE-2007-1116,0.01588,0.86031
CVE-2007-1117,0.05121,0.92210
CVE-2007-1118,0.11144,0.94675
CVE-2007-1119,0.11512,0.94760
CVE-2007-1120,0.01041,0.82421
CVE-2007-1121,0.00506,0.74053
CVE-2007-1122,0.00247,0.62723
CVE-2007-1123,0.02132,0.88150
CVE-2007-1124,0.02182,0.88296
CVE-2007-1125,0.01120,0.83106
CVE-2007-1126,0.03292,0.90387
CVE-2007-1127,0.03316,0.90415
CVE-2007-1128,0.01038,0.82395
CVE-2007-1129,0.01041,0.82421
CVE-2007-1130,0.08451,0.93852
CVE-2007-1131,0.08451,0.93852
CVE-2007-1132,0.00302,0.66529
CVE-2007-1133,0.17136,0.95627
CVE-2007-1134,0.00406,0.71148
CVE-2007-1135,0.00423,0.71713
CVE-2007-1136,0.05956,0.92751
CVE-2007-1137,0.01119,0.83098
CVE-2007-1138,0.01153,0.83372
CVE-2007-1139,0.00756,0.79175
CVE-2007-1140,0.02006,0.87707
CVE-2007-1141,0.01939,0.87456
CVE-2007-1142,0.00740,0.78911
CVE-2007-1143,0.00619,0.76652
CVE-2007-1144,0.00664,0.77592
CVE-2007-1145,0.00672,0.77742
CVE-2007-1146,0.00898,0.80975
CVE-2007-1147,0.01043,0.82436
CVE-2007-1148,0.05068,0.92176
CVE-2007-1149,0.01216,0.83864
CVE-2007-1150,0.00248,0.62796
CVE-2007-1151,0.00532,0.74706
CVE-2007-1152,0.00716,0.78541
CVE-2007-1153,0.00588,0.75981
CVE-2007-1154,0.00254,0.63284
CVE-2007-1155,0.00568,0.75509
CVE-2007-1156,0.09208,0.94122
CVE-2007-1157,0.00220,0.60006
CVE-2007-1158,0.02009,0.87717
CVE-2007-1159,0.00182,0.55606
CVE-2007-1160,0.01211,0.83836
CVE-2007-1161,0.00259,0.63669
CVE-2007-1162,0.03275,0.90358
CVE-2007-1163,0.00219,0.59908
CVE-2007-1164,0.22401,0.96088
CVE-2007-1165,0.11409,0.94741
CVE-2007-1166,0.00211,0.59065
CVE-2007-1167,0.03045,0.90016
CVE-2007-1168,0.03610,0.90784
CVE-2007-1169,0.00354,0.69167
CVE-2007-1170,0.02579,0.89205
CVE-2007-1171,0.00951,0.81559
CVE-2007-1172,0.00795,0.79769
CVE-2007-1173,0.87203,0.98395
CVE-2007-1174,0.00477,0.73280
CVE-2007-1175,0.00353,0.69123
CVE-2007-1176,0.00928,0.81314
CVE-2007-1177,0.00319,0.67522
CVE-2007-1178,0.00628,0.76828
CVE-2007-1179,0.00450,0.72495
CVE-2007-1180,0.00348,0.68866
CVE-2007-1181,0.00450,0.72495
CVE-2007-1182,0.00450,0.72495
CVE-2007-1183,0.01573,0.85970
CVE-2007-1184,0.00420,0.71610
CVE-2007-1185,0.00450,0.72495
CVE-2007-1186,0.00450,0.72495
CVE-2007-1187,0.00304,0.66605
CVE-2007-1188,0.01573,0.85970
CVE-2007-1189,0.00042,0.00438
CVE-2007-1190,0.03173,0.90196
CVE-2007-1191,0.00042,0.05722
CVE-2007-1192,0.02016,0.87734
CVE-2007-1193,0.00451,0.72559
CVE-2007-1194,0.00042,0.05722
CVE-2007-1195,0.11415,0.94741
CVE-2007-1196,0.01392,0.85025
CVE-2007-1197,0.00192,0.56916
CVE-2007-1198,0.00154,0.51673
CVE-2007-1199,0.05637,0.92581
CVE-2007-1201,0.93482,0.98928
CVE-2007-1202,0.67038,0.97662
CVE-2007-1203,0.80999,0.98078
CVE-2007-1204,0.93579,0.98935
CVE-2007-1205,0.93761,0.98960
CVE-2007-1206,0.00047,0.13888
CVE-2007-1209,0.00053,0.18560
CVE-2007-1211,0.05900,0.92721
CVE-2007-1212,0.00044,0.08092
CVE-2007-1213,0.00044,0.08092
CVE-2007-1214,0.81610,0.98113
CVE-2007-1215,0.00044,0.08092
CVE-2007-1216,0.11249,0.94707
CVE-2007-1217,0.00044,0.08043
CVE-2007-1218,0.08043,0.93717
CVE-2007-1219,0.08451,0.93852
CVE-2007-1220,0.00349,0.68942
CVE-2007-1221,0.00433,0.72005
CVE-2007-1222,0.00042,0.05722
CVE-2007-1223,0.00299,0.66398
CVE-2007-1224,0.03974,0.91184
CVE-2007-1225,0.01573,0.85970
CVE-2007-1226,0.00042,0.05722
CVE-2007-1227,0.00042,0.00438
CVE-2007-1228,0.00063,0.25668
CVE-2007-1229,0.85475,0.98301
CVE-2007-1230,0.00563,0.75429
CVE-2007-1231,0.00532,0.74706
CVE-2007-1232,0.13277,0.95082
CVE-2007-1233,0.08467,0.93857
CVE-2007-1234,0.00672,0.77742
CVE-2007-1235,0.00680,0.77929
CVE-2007-1236,0.00649,0.77238
CVE-2007-1237,0.00438,0.72184
CVE-2007-1238,0.01837,0.87031
CVE-2007-1239,0.92140,0.98766
CVE-2007-1240,0.00740,0.78911
CVE-2007-1241,0.00345,0.68732
CVE-2007-1242,0.00340,0.68514
CVE-2007-1243,0.04316,0.91515
CVE-2007-1244,0.06237,0.92918
CVE-2007-1245,0.00839,0.80301
CVE-2007-1246,0.31674,0.96604
CVE-2007-1247,0.07984,0.93694
CVE-2007-1248,0.00670,0.77711
CVE-2007-1249,0.02872,0.89760
CVE-2007-1250,0.00870,0.80641
CVE-2007-1251,0.09875,0.94324
CVE-2007-1252,0.07520,0.93508
CVE-2007-1253,0.01310,0.84528
CVE-2007-1254,0.00296,0.66235
CVE-2007-1255,0.00296,0.66235
CVE-2007-1256,0.00460,0.72787
CVE-2007-1257,0.03913,0.91137
CVE-2007-1258,0.01797,0.86846
CVE-2007-1259,0.00557,0.75289
CVE-2007-1260,0.23206,0.96138
CVE-2007-1261,0.00406,0.71148
CVE-2007-1262,0.00418,0.71541
CVE-2007-1263,0.29576,0.96507
CVE-2007-1264,0.03667,0.90856
CVE-2007-1265,0.01643,0.86273
CVE-2007-1266,0.03667,0.90856
CVE-2007-1267,0.01383,0.84978
CVE-2007-1268,0.01383,0.84978
CVE-2007-1269,0.01880,0.87218
CVE-2007-1270,0.01816,0.86927
CVE-2007-1271,0.00070,0.28797
CVE-2007-1273,0.00042,0.05722
CVE-2007-1276,0.00413,0.71377
CVE-2007-1277,0.96271,0.99427
CVE-2007-1278,0.07026,0.93332
CVE-2007-1279,0.00042,0.00438
CVE-2007-1280,0.00822,0.80081
CVE-2007-1281,0.02579,0.89205
CVE-2007-1282,0.74672,0.97891
CVE-2007-1285,0.11248,0.94707
CVE-2007-1286,0.14328,0.95241
CVE-2007-1287,0.01916,0.87376
CVE-2007-1288,0.02150,0.88219
CVE-2007-1289,0.00662,0.77555
CVE-2007-1290,0.00168,0.53597
CVE-2007-1291,0.00782,0.79548
CVE-2007-1292,0.10850,0.94607
CVE-2007-1293,0.00835,0.80251
CVE-2007-1294,0.03078,0.90061
CVE-2007-1295,0.00886,0.80832
CVE-2007-1296,0.00626,0.76780
CVE-2007-1297,0.88793,0.98488
CVE-2007-1298,0.00821,0.80067
CVE-2007-1299,0.08563,0.93907
CVE-2007-1300,0.00554,0.75227
CVE-2007-1301,0.04532,0.91693
CVE-2007-1302,0.00713,0.78492
CVE-2007-1303,0.03303,0.90401
CVE-2007-1304,0.00580,0.75797
CVE-2007-1305,0.01983,0.87612
CVE-2007-1306,0.95093,0.99162
CVE-2007-1307,0.00575,0.75680
CVE-2007-1308,0.95739,0.99307
CVE-2007-1309,0.00414,0.71388
CVE-2007-1313,0.02735,0.89530
CVE-2007-1319,0.45818,0.97110
CVE-2007-1320,0.00044,0.08043
CVE-2007-1321,0.00044,0.08043
CVE-2007-1322,0.00042,0.05722
CVE-2007-1324,0.02579,0.89205
CVE-2007-1325,0.03705,0.90904
CVE-2007-1326,0.00306,0.66797
CVE-2007-1327,0.05903,0.92724
CVE-2007-1328,0.00293,0.66008
CVE-2007-1329,0.06371,0.92993
CVE-2007-1330,0.00042,0.00438
CVE-2007-1331,0.00457,0.72705
CVE-2007-1332,0.03552,0.90710
CVE-2007-1337,0.07758,0.93583
CVE-2007-1338,0.01605,0.86118
CVE-2007-1339,0.00821,0.80067
CVE-2007-1340,0.05405,0.92428
CVE-2007-1341,0.00478,0.73306
CVE-2007-1342,0.00363,0.69537
CVE-2007-1343,0.03074,0.90057
CVE-2007-1344,0.10590,0.94535
CVE-2007-1345,0.00070,0.28797
CVE-2007-1346,0.00044,0.10704
CVE-2007-1347,0.88312,0.98458
CVE-2007-1349,0.00714,0.78505
CVE-2007-1350,0.94742,0.99107
CVE-2007-1351,0.05803,0.92666
CVE-2007-1352,0.02865,0.89748
CVE-2007-1353,0.00074,0.30456
CVE-2007-1354,0.00267,0.64346
CVE-2007-1355,0.06023,0.92791
CVE-2007-1357,0.28872,0.96467
CVE-2007-1358,0.80125,0.98055
CVE-2007-1359,0.11788,0.94831
CVE-2007-1360,0.00560,0.75334
CVE-2007-1361,0.00677,0.77866
CVE-2007-1362,0.10460,0.94498
CVE-2007-1363,0.00636,0.76960
CVE-2007-1364,0.02741,0.89540
CVE-2007-1365,0.44190,0.97056
CVE-2007-1366,0.00042,0.05722
CVE-2007-1367,0.00353,0.69123
CVE-2007-1368,0.00321,0.67638
CVE-2007-1369,0.00042,0.00438
CVE-2007-1370,0.00042,0.05722
CVE-2007-1371,0.01184,0.83635
CVE-2007-1372,0.08563,0.93907
CVE-2007-1373,0.81322,0.98093
CVE-2007-1374,0.00267,0.64345
CVE-2007-1375,0.02901,0.89804
CVE-2007-1376,0.04876,0.92018
CVE-2007-1377,0.00750,0.79049
CVE-2007-1378,0.00405,0.71109
CVE-2007-1379,0.00522,0.74458
CVE-2007-1380,0.01989,0.87631
CVE-2007-1381,0.01025,0.82251
CVE-2007-1382,0.00044,0.08189
CVE-2007-1383,0.01211,0.83834
CVE-2007-1384,0.00737,0.78875
CVE-2007-1385,0.05012,0.92131
CVE-2007-1387,0.13078,0.95045
CVE-2007-1388,0.00042,0.00438
CVE-2007-1389,0.01027,0.82264
CVE-2007-1390,0.00374,0.69964
CVE-2007-1391,0.09987,0.94369
CVE-2007-1392,0.02182,0.88296
CVE-2007-1393,0.17136,0.95627
CVE-2007-1394,0.15809,0.95460
CVE-2007-1395,0.06898,0.93276
CVE-2007-1396,0.03426,0.90571
CVE-2007-1397,0.17135,0.95625
CVE-2007-1398,0.05384,0.92408
CVE-2007-1399,0.82662,0.98173
CVE-2007-1400,0.00042,0.05722
CVE-2007-1401,0.00042,0.00438
CVE-2007-1402,0.03240,0.90310
CVE-2007-1403,0.92929,0.98860
CVE-2007-1404,0.74271,0.97881
CVE-2007-1405,0.00477,0.73280
CVE-2007-1406,0.00217,0.59788
CVE-2007-1407,0.00261,0.63907
CVE-2007-1408,0.00405,0.71109
CVE-2007-1409,0.01038,0.82395
CVE-2007-1410,0.00889,0.80879
CVE-2007-1411,0.10231,0.94444
CVE-2007-1412,0.00542,0.74966
CVE-2007-1413,0.01339,0.84701
CVE-2007-1414,0.04774,0.91933
CVE-2007-1415,0.29704,0.96513
CVE-2007-1416,0.17804,0.95709
CVE-2007-1417,0.01660,0.86324
CVE-2007-1418,0.00477,0.73280
CVE-2007-1419,0.00161,0.52770
CVE-2007-1420,0.00045,0.11984
CVE-2007-1421,0.15334,0.95397
CVE-2007-1422,0.00294,0.66089
CVE-2007-1423,0.06574,0.93115
CVE-2007-1424,0.05405,0.92428
CVE-2007-1425,0.00626,0.76780
CVE-2007-1426,0.02458,0.88983
CVE-2007-1427,0.01396,0.85051
CVE-2007-1428,0.10601,0.94539
CVE-2007-1429,0.01081,0.82793
CVE-2007-1430,0.05007,0.92125
CVE-2007-1431,0.00496,0.73784
CVE-2007-1432,0.01096,0.82915
CVE-2007-1433,0.00333,0.68272
CVE-2007-1434,0.00214,0.59512
CVE-2007-1435,0.59691,0.97483
CVE-2007-1436,0.03168,0.90189
CVE-2007-1437,0.01439,0.85274
CVE-2007-1438,0.00261,0.63891
CVE-2007-1439,0.34674,0.96727
CVE-2007-1440,0.00380,0.70226
CVE-2007-1441,0.03825,0.91044
CVE-2007-1442,0.00088,0.37044
CVE-2007-1443,0.00599,0.76171
CVE-2007-1444,0.00042,0.05722
CVE-2007-1445,0.09346,0.94170
CVE-2007-1446,0.05080,0.92185
CVE-2007-1447,0.89813,0.98565
CVE-2007-1448,0.00504,0.74011
CVE-2007-1449,0.00425,0.71767
CVE-2007-1450,0.00168,0.53597
CVE-2007-1451,0.00570,0.75551
CVE-2007-1452,0.00916,0.81171
CVE-2007-1453,0.01317,0.84576
CVE-2007-1454,0.00943,0.81460
CVE-2007-1455,0.01595,0.86054
CVE-2007-1456,0.01096,0.82915
CVE-2007-1457,0.00999,0.82039
CVE-2007-1458,0.28596,0.96457
CVE-2007-1459,0.09611,0.94256
CVE-2007-1460,0.01077,0.82760
CVE-2007-1461,0.01077,0.82760
CVE-2007-1462,0.00237,0.61869
CVE-2007-1463,0.14468,0.95262
CVE-2007-1464,0.11236,0.94702
CVE-2007-1465,0.32825,0.96645
CVE-2007-1466,0.15855,0.95470
CVE-2007-1467,0.00557,0.75285
CVE-2007-1468,0.00679,0.77897
CVE-2007-1469,0.00164,0.53047
CVE-2007-1470,0.02068,0.87912
CVE-2007-1471,0.03927,0.91148
CVE-2007-1472,0.18616,0.95780
CVE-2007-1473,0.01987,0.87624
CVE-2007-1474,0.01101,0.82950
CVE-2007-1475,0.00384,0.70348
CVE-2007-1476,0.00043,0.07477
CVE-2007-1477,0.00765,0.79288
CVE-2007-1478,0.01018,0.82194
CVE-2007-1479,0.00268,0.64410
CVE-2007-1480,0.01096,0.82915
CVE-2007-1481,0.00649,0.77225
CVE-2007-1482,0.00630,0.76873
CVE-2007-1483,0.06338,0.92971
CVE-2007-1484,0.00042,0.00438
CVE-2007-1485,0.00287,0.65627
CVE-2007-1486,0.03014,0.89951
CVE-2007-1487,0.01921,0.87392
CVE-2007-1488,0.02095,0.88005
CVE-2007-1489,0.00579,0.75766
CVE-2007-1490,0.00187,0.56291
CVE-2007-1491,0.00052,0.18252
CVE-2007-1492,0.09850,0.94321
CVE-2007-1493,0.03375,0.90503
CVE-2007-1494,0.00362,0.69505
CVE-2007-1495,0.00043,0.07360
CVE-2007-1496,0.00072,0.29630
CVE-2007-1497,0.00804,0.79889
CVE-2007-1498,0.88787,0.98486
CVE-2007-1499,0.95894,0.99339
CVE-2007-1500,0.00042,0.05722
CVE-2007-1501,0.06102,0.92837
CVE-2007-1502,0.12114,0.94897
CVE-2007-1503,0.02988,0.89919
CVE-2007-1504,0.00860,0.80534
CVE-2007-1505,0.00042,0.05722
CVE-2007-1506,0.01164,0.83455
CVE-2007-1507,0.02202,0.88345
CVE-2007-1508,0.00541,0.74951
CVE-2007-1509,0.01999,0.87674
CVE-2007-1510,0.51257,0.97275
CVE-2007-1511,0.02618,0.89291
CVE-2007-1512,0.01040,0.82408
CVE-2007-1513,0.07786,0.93595
CVE-2007-1514,0.05639,0.92582
CVE-2007-1515,0.01664,0.86347
CVE-2007-1516,0.06574,0.93115
CVE-2007-1517,0.12150,0.94902
CVE-2007-1518,0.00409,0.71238
CVE-2007-1519,0.00966,0.81712
CVE-2007-1520,0.01401,0.85072
CVE-2007-1521,0.02610,0.89277
CVE-2007-1522,0.01323,0.84606
CVE-2007-1523,0.00244,0.62511
CVE-2007-1524,0.01999,0.87674
CVE-2007-1525,0.14543,0.95272
CVE-2007-1526,0.00429,0.71863
CVE-2007-1527,0.57675,0.97435
CVE-2007-1528,0.57675,0.97435
CVE-2007-1529,0.79009,0.98015
CVE-2007-1530,0.06971,0.93312
CVE-2007-1531,0.44940,0.97082
CVE-2007-1532,0.71944,0.97811
CVE-2007-1533,0.84865,0.98273
CVE-2007-1534,0.80405,0.98060
CVE-2007-1535,0.29243,0.96490
CVE-2007-1536,0.04864,0.92011
CVE-2007-1537,0.00044,0.08021
CVE-2007-1538,0.00141,0.49835
CVE-2007-1539,0.01193,0.83695
CVE-2007-1540,0.01684,0.86413
CVE-2007-1541,0.00728,0.78745
CVE-2007-1542,0.36541,0.96798
CVE-2007-1543,0.18323,0.95747
CVE-2007-1544,0.12046,0.94879
CVE-2007-1545,0.13759,0.95153
CVE-2007-1546,0.13759,0.95153
CVE-2007-1547,0.13354,0.95094
CVE-2007-1548,0.00369,0.69816
CVE-2007-1549,0.01096,0.82915
CVE-2007-1550,0.01249,0.84115
CVE-2007-1551,0.00774,0.79439
CVE-2007-1552,0.12433,0.94944
CVE-2007-1553,0.01133,0.83210
CVE-2007-1554,0.00394,0.70767
CVE-2007-1555,0.10601,0.94539
CVE-2007-1556,0.00409,0.71238
CVE-2007-1557,0.00047,0.14044
CVE-2007-1558,0.01545,0.85821
CVE-2007-1559,0.88462,0.98465
CVE-2007-1560,0.94098,0.99003
CVE-2007-1561,0.24021,0.96196
CVE-2007-1562,0.04070,0.91289
CVE-2007-1563,0.06117,0.92845
CVE-2007-1564,0.02650,0.89361
CVE-2007-1565,0.00221,0.60297
CVE-2007-1566,0.00192,0.57001
CVE-2007-1567,0.04816,0.91981
CVE-2007-1568,0.13414,0.95105
CVE-2007-1569,0.11659,0.94797
CVE-2007-1571,0.14719,0.95297
CVE-2007-1572,0.00193,0.57232
CVE-2007-1573,0.00100,0.40883
CVE-2007-1574,0.00405,0.71133
CVE-2007-1575,0.00712,0.78461
CVE-2007-1576,0.00591,0.76054
CVE-2007-1577,0.02000,0.87679
CVE-2007-1578,0.60753,0.97510
CVE-2007-1579,0.59262,0.97474
CVE-2007-1580,0.00761,0.79237
CVE-2007-1581,0.01907,0.87348
CVE-2007-1582,0.00853,0.80452
CVE-2007-1583,0.60916,0.97516
CVE-2007-1584,0.00520,0.74399
CVE-2007-1585,0.01406,0.85107
CVE-2007-1586,0.02771,0.89594
CVE-2007-1587,0.00609,0.76417
CVE-2007-1588,0.01027,0.82265
CVE-2007-1589,0.00042,0.05722
CVE-2007-1590,0.24390,0.96218
CVE-2007-1591,0.01359,0.84851
CVE-2007-1592,0.00044,0.08000
CVE-2007-1593,0.02256,0.88503
CVE-2007-1594,0.94113,0.99005
CVE-2007-1595,0.03603,0.90777
CVE-2007-1596,0.09841,0.94319
CVE-2007-1597,0.00554,0.75227
CVE-2007-1598,0.03858,0.91071
CVE-2007-1599,0.00258,0.63615
CVE-2007-1600,0.09278,0.94150
CVE-2007-1601,0.00425,0.71767
CVE-2007-1602,0.00168,0.53597
CVE-2007-1603,0.00509,0.74144
CVE-2007-1604,0.05618,0.92574
CVE-2007-1605,0.00736,0.78853
CVE-2007-1606,0.00779,0.79522
CVE-2007-1607,0.00911,0.81120
CVE-2007-1608,0.02042,0.87826
CVE-2007-1609,0.00285,0.65496
CVE-2007-1610,0.00721,0.78633
CVE-2007-1611,0.00243,0.62343
CVE-2007-1612,0.00886,0.80832
CVE-2007-1613,0.01894,0.87281
CVE-2007-1614,0.06169,0.92879
CVE-2007-1615,0.10601,0.94539
CVE-2007-1616,0.00886,0.80832
CVE-2007-1617,0.00409,0.71238
CVE-2007-1618,0.00409,0.71238
CVE-2007-1619,0.00886,0.80832
CVE-2007-1620,0.10019,0.94377
CVE-2007-1621,0.06574,0.93115
CVE-2007-1622,0.01378,0.84961
CVE-2007-1623,0.00154,0.51673
CVE-2007-1624,0.00207,0.58680
CVE-2007-1625,0.01105,0.82983
CVE-2007-1626,0.04805,0.91968
CVE-2007-1628,0.09056,0.94066
CVE-2007-1629,0.00381,0.70277
CVE-2007-1630,0.00370,0.69864
CVE-2007-1631,0.01096,0.82915
CVE-2007-1632,0.00406,0.71148
CVE-2007-1633,0.01789,0.86809
CVE-2007-1634,0.00306,0.66797
CVE-2007-1635,0.00337,0.68406
CVE-2007-1636,0.01894,0.87281
CVE-2007-1637,0.00506,0.74062
CVE-2007-1638,0.02280,0.88572
CVE-2007-1639,0.00518,0.74354
CVE-2007-1640,0.19290,0.95853
CVE-2007-1641,0.00626,0.76780
CVE-2007-1642,0.00391,0.70660
CVE-2007-1643,0.09570,0.94240
CVE-2007-1644,0.03426,0.90572
CVE-2007-1645,0.04072,0.91291
CVE-2007-1646,0.00243,0.62343
CVE-2007-1647,0.02680,0.89426
CVE-2007-1648,0.03275,0.90358
CVE-2007-1649,0.00896,0.80944
CVE-2007-1650,0.01141,0.83274
CVE-2007-1651,0.02171,0.88263
CVE-2007-1652,0.02171,0.88263
CVE-2007-1653,0.00298,0.66341
CVE-2007-1654,0.00522,0.74458
CVE-2007-1655,0.09299,0.94157
CVE-2007-1656,0.00140,0.49582
CVE-2007-1657,0.00711,0.78455
CVE-2007-1658,0.94582,0.99083
CVE-2007-1659,0.03870,0.91088
CVE-2007-1660,0.03862,0.91076
CVE-2007-1661,0.01860,0.87120
CVE-2007-1662,0.01420,0.85164
CVE-2007-1663,0.00977,0.81811
CVE-2007-1664,0.00948,0.81519
CVE-2007-1665,0.00977,0.81811
CVE-2007-1666,0.01860,0.87122
CVE-2007-1667,0.05110,0.92204
CVE-2007-1669,0.16974,0.95598
CVE-2007-1670,0.02620,0.89298
CVE-2007-1671,0.03865,0.91079
CVE-2007-1672,0.03821,0.91039
CVE-2007-1673,0.03821,0.91039
CVE-2007-1674,0.93362,0.98913
CVE-2007-1675,0.92680,0.98837
CVE-2007-1677,0.00042,0.05753
CVE-2007-1678,0.00779,0.79522
CVE-2007-1679,0.00677,0.77866
CVE-2007-1680,0.65663,0.97632
CVE-2007-1681,0.08396,0.93829
CVE-2007-1682,0.61982,0.97555
CVE-2007-1683,0.76160,0.97931
CVE-2007-1684,0.07110,0.93368
CVE-2007-1685,0.24292,0.96212
CVE-2007-1687,0.13225,0.95073
CVE-2007-1688,0.09840,0.94318
CVE-2007-1689,0.92783,0.98851
CVE-2007-1690,0.25720,0.96294
CVE-2007-1691,0.25720,0.96294
CVE-2007-1692,0.27295,0.96372
CVE-2007-1693,0.00213,0.59366
CVE-2007-1695,0.00641,0.77072
CVE-2007-1696,0.00370,0.69864
CVE-2007-1697,0.01528,0.85742
CVE-2007-1698,0.00401,0.71012
CVE-2007-1699,0.12876,0.95015
CVE-2007-1700,0.02694,0.89454
CVE-2007-1701,0.01422,0.85180
CVE-2007-1702,0.07945,0.93681
CVE-2007-1703,0.10601,0.94539
CVE-2007-1704,0.10601,0.94539
CVE-2007-1705,0.00354,0.69146
CVE-2007-1706,0.00649,0.77225
CVE-2007-1707,0.05007,0.92125
CVE-2007-1708,0.06574,0.93115
CVE-2007-1709,0.00103,0.41660
CVE-2007-1710,0.00074,0.30707
CVE-2007-1711,0.02223,0.88408
CVE-2007-1712,0.05004,0.92115
CVE-2007-1713,0.01328,0.84631
CVE-2007-1714,0.03133,0.90140
CVE-2007-1715,0.01081,0.82793
CVE-2007-1716,0.00044,0.08000
CVE-2007-1717,0.00894,0.80925
CVE-2007-1718,0.01272,0.84270
CVE-2007-1719,0.00042,0.00438
CVE-2007-1720,0.04741,0.91891
CVE-2007-1721,0.15304,0.95374
CVE-2007-1722,0.09795,0.94303
CVE-2007-1723,0.01988,0.87625
CVE-2007-1724,0.00261,0.63907
CVE-2007-1725,0.04257,0.91461
CVE-2007-1726,0.00331,0.68186
CVE-2007-1727,0.00499,0.73858
CVE-2007-1728,0.01280,0.84320
CVE-2007-1729,0.01013,0.82149
CVE-2007-1730,0.00042,0.05722
CVE-2007-1731,0.09795,0.94303
CVE-2007-1732,0.00183,0.55675
CVE-2007-1733,0.29461,0.96500
CVE-2007-1734,0.00042,0.05722
CVE-2007-1735,0.15386,0.95407
CVE-2007-1736,0.00709,0.78391
CVE-2007-1737,0.01211,0.83836
CVE-2007-1738,0.00043,0.07477
CVE-2007-1739,0.32662,0.96640
CVE-2007-1741,0.00042,0.05753
CVE-2007-1742,0.00042,0.05722
CVE-2007-1743,0.00042,0.05722
CVE-2007-1744,0.00071,0.29383
CVE-2007-1745,0.01595,0.86057
CVE-2007-1747,0.88038,0.98440
CVE-2007-1748,0.96831,0.99630
CVE-2007-1749,0.95151,0.99175
CVE-2007-1750,0.80033,0.98053
CVE-2007-1751,0.96091,0.99384
CVE-2007-1754,0.91838,0.98738
CVE-2007-1756,0.80714,0.98069
CVE-2007-1762,0.00277,0.64987
CVE-2007-1763,0.08673,0.93941
CVE-2007-1764,0.01320,0.84590
CVE-2007-1765,0.03090,0.90077
CVE-2007-1766,0.13943,0.95184
CVE-2007-1767,0.01516,0.85670
CVE-2007-1768,0.00677,0.77866
CVE-2007-1770,0.17092,0.95613
CVE-2007-1771,0.08979,0.94046
CVE-2007-1772,0.04465,0.91639
CVE-2007-1773,0.01115,0.83056
CVE-2007-1774,0.00676,0.77817
CVE-2007-1775,0.00399,0.70945
CVE-2007-1776,0.00420,0.71589
CVE-2007-1777,0.22349,0.96085
CVE-2007-1778,0.06574,0.93115
CVE-2007-1779,0.00439,0.72201
CVE-2007-1780,0.00641,0.77069
CVE-2007-1781,0.00042,0.05722
CVE-2007-1782,0.00042,0.05722
CVE-2007-1784,0.03431,0.90580
CVE-2007-1785,0.96161,0.99398
CVE-2007-1786,0.01384,0.84981
CVE-2007-1787,0.14178,0.95225
CVE-2007-1788,0.01253,0.84136
CVE-2007-1789,0.01573,0.85970
CVE-2007-1790,0.17567,0.95680
CVE-2007-1791,0.00213,0.59334
CVE-2007-1792,0.01565,0.85919
CVE-2007-1793,0.00042,0.00438
CVE-2007-1794,0.01603,0.86108
CVE-2007-1795,0.04589,0.91747
CVE-2007-1796,0.00320,0.67566
CVE-2007-1797,0.26082,0.96312
CVE-2007-1798,0.00042,0.05722
CVE-2007-1799,0.00439,0.72226
CVE-2007-1800,0.00775,0.79459
CVE-2007-1801,0.03505,0.90660
CVE-2007-1802,0.00964,0.81683
CVE-2007-1803,0.00748,0.79024
CVE-2007-1804,0.13427,0.95107
CVE-2007-1805,0.00345,0.68763
CVE-2007-1806,0.00345,0.68763
CVE-2007-1807,0.13919,0.95180
CVE-2007-1808,0.00886,0.80832
CVE-2007-1809,0.11699,0.94810
CVE-2007-1810,0.00886,0.80832
CVE-2007-1811,0.00343,0.68652
CVE-2007-1812,0.17171,0.95631
CVE-2007-1813,0.00343,0.68652
CVE-2007-1814,0.00345,0.68763
CVE-2007-1815,0.00345,0.68763
CVE-2007-1816,0.00345,0.68763
CVE-2007-1817,0.13919,0.95180
CVE-2007-1818,0.08852,0.94002
CVE-2007-1819,0.70756,0.97774
CVE-2007-1820,0.01082,0.82798
CVE-2007-1821,0.00856,0.80497
CVE-2007-1822,0.00856,0.80497
CVE-2007-1823,0.00856,0.80497
CVE-2007-1824,0.02433,0.88931
CVE-2007-1825,0.04329,0.91528
CVE-2007-1826,0.02237,0.88454
CVE-2007-1827,0.03002,0.89938
CVE-2007-1828,0.00157,0.52155
CVE-2007-1829,0.00261,0.63907
CVE-2007-1830,0.00229,0.61124
CVE-2007-1831,0.00569,0.75519
CVE-2007-1832,0.00921,0.81241
CVE-2007-1833,0.04907,0.92042
CVE-2007-1834,0.03113,0.90114
CVE-2007-1835,0.00043,0.07520
CVE-2007-1836,0.00489,0.73619
CVE-2007-1837,0.10352,0.94471
CVE-2007-1838,0.01042,0.82427
CVE-2007-1839,0.10026,0.94398
CVE-2007-1840,0.00498,0.73818
CVE-2007-1841,0.13940,0.95184
CVE-2007-1842,0.02896,0.89794
CVE-2007-1843,0.09740,0.94286
CVE-2007-1844,0.02083,0.87959
CVE-2007-1845,0.01548,0.85830
CVE-2007-1846,0.00287,0.65634
CVE-2007-1847,0.00180,0.55307
CVE-2007-1848,0.00314,0.67203
CVE-2007-1849,0.03070,0.90052
CVE-2007-1850,0.00363,0.69545
CVE-2007-1851,0.00881,0.80771
CVE-2007-1852,0.01002,0.82062
CVE-2007-1853,0.00231,0.61316
CVE-2007-1854,0.00680,0.77929
CVE-2007-1855,0.01002,0.82062
CVE-2007-1856,0.00044,0.08000
CVE-2007-1858,0.00168,0.53634
CVE-2007-1859,0.00044,0.08000
CVE-2007-1860,0.00916,0.81172
CVE-2007-1861,0.00075,0.31102
CVE-2007-1862,0.00576,0.75693
CVE-2007-1863,0.95395,0.99230
CVE-2007-1864,0.00763,0.79264
CVE-2007-1865,0.00042,0.05722
CVE-2007-1866,0.21307,0.96015
CVE-2007-1867,0.10303,0.94455
CVE-2007-1868,0.77570,0.97972
CVE-2007-1869,0.21409,0.96024
CVE-2007-1870,0.03365,0.90489
CVE-2007-1871,0.00685,0.78001
CVE-2007-1872,0.00705,0.78340
CVE-2007-1873,0.00814,0.79981
CVE-2007-1874,0.00044,0.08124
CVE-2007-1876,0.00042,0.05722
CVE-2007-1877,0.03320,0.90420
CVE-2007-1878,0.07324,0.93443
CVE-2007-1879,0.02118,0.88065
CVE-2007-1880,0.00105,0.42422
CVE-2007-1881,0.00042,0.00438
CVE-2007-1882,0.03378,0.90506
CVE-2007-1883,0.00348,0.68862
CVE-2007-1884,0.02239,0.88458
CVE-2007-1885,0.01741,0.86636
CVE-2007-1886,0.01554,0.85858
CVE-2007-1887,0.01069,0.82698
CVE-2007-1888,0.01469,0.85420
CVE-2007-1889,0.20118,0.95929
CVE-2007-1890,0.00824,0.80116
CVE-2007-1891,0.34905,0.96739
CVE-2007-1892,0.15740,0.95447
CVE-2007-1893,0.00252,0.63212
CVE-2007-1894,0.11075,0.94651
CVE-2007-1895,0.01002,0.82062
CVE-2007-1896,0.00642,0.77096
CVE-2007-1897,0.02110,0.88044
CVE-2007-1898,0.03637,0.90814
CVE-2007-1899,0.00154,0.51746
CVE-2007-1900,0.00535,0.74801
CVE-2007-1901,0.01027,0.82266
CVE-2007-1902,0.00749,0.79027
CVE-2007-1903,0.00391,0.70661
CVE-2007-1904,0.01166,0.83483
CVE-2007-1905,0.00913,0.81145
CVE-2007-1906,0.09464,0.94209
CVE-2007-1907,0.08852,0.94002
CVE-2007-1908,0.09015,0.94055
CVE-2007-1909,0.13919,0.95180
CVE-2007-1910,0.92547,0.98819
CVE-2007-1911,0.00240,0.62150
CVE-2007-1912,0.27305,0.96373
CVE-2007-1913,0.01612,0.86147
CVE-2007-1914,0.01553,0.85855
CVE-2007-1915,0.13904,0.95176
CVE-2007-1916,0.13904,0.95176
CVE-2007-1917,0.13904,0.95176
CVE-2007-1918,0.03865,0.91079
CVE-2007-1919,0.00248,0.62819
CVE-2007-1920,0.00665,0.77599
CVE-2007-1921,0.06555,0.93089
CVE-2007-1922,0.17595,0.95685
CVE-2007-1923,0.01323,0.84610
CVE-2007-1924,0.00710,0.78443
CVE-2007-1925,0.00536,0.74828
CVE-2007-1926,0.00493,0.73706
CVE-2007-1927,0.00466,0.72955
CVE-2007-1928,0.07737,0.93574
CVE-2007-1929,0.01909,0.87354
CVE-2007-1930,0.01909,0.87354
CVE-2007-1931,0.00345,0.68763
CVE-2007-1932,0.03066,0.90043
CVE-2007-1933,0.02697,0.89458
CVE-2007-1934,0.07191,0.93399
CVE-2007-1935,0.00456,0.72694
CVE-2007-1936,0.00456,0.72694
CVE-2007-1937,0.09015,0.94055
CVE-2007-1938,0.00657,0.77385
CVE-2007-1939,0.00362,0.69505
CVE-2007-1940,0.00042,0.05722
CVE-2007-1941,0.00381,0.70265
CVE-2007-1942,0.00538,0.74861
CVE-2007-1943,0.00538,0.74861
CVE-2007-1944,0.00425,0.71764
CVE-2007-1945,0.00409,0.71249
CVE-2007-1946,0.07322,0.93442
CVE-2007-1947,0.00379,0.70201
CVE-2007-1948,0.00557,0.75278
CVE-2007-1949,0.00951,0.81554
CVE-2007-1950,0.00333,0.68261
CVE-2007-1951,0.00938,0.81407
CVE-2007-1952,0.00951,0.81554
CVE-2007-1953,0.00938,0.81407
CVE-2007-1954,0.00881,0.80771
CVE-2007-1955,0.03791,0.91007
CVE-2007-1956,0.00345,0.68763
CVE-2007-1957,0.00988,0.81932
CVE-2007-1958,0.00130,0.47786
CVE-2007-1959,0.00261,0.63907
CVE-2007-1960,0.00076,0.31357
CVE-2007-1961,0.06727,0.93192
CVE-2007-1962,0.01062,0.82623
CVE-2007-1963,0.11245,0.94706
CVE-2007-1964,0.00379,0.70177
CVE-2007-1965,0.00277,0.64973
CVE-2007-1966,0.00209,0.58833
CVE-2007-1967,0.01002,0.82062
CVE-2007-1968,0.11814,0.94842
CVE-2007-1969,0.00154,0.51673
CVE-2007-1970,0.00251,0.63142
CVE-2007-1971,0.00299,0.66385
CVE-2007-1972,0.14630,0.95282
CVE-2007-1973,0.00044,0.08021
CVE-2007-1974,0.01117,0.83075
CVE-2007-1975,0.01438,0.85266
CVE-2007-1976,0.02083,0.87959
CVE-2007-1977,0.01074,0.82734
CVE-2007-1978,0.00345,0.68763
CVE-2007-1979,0.00180,0.55307
CVE-2007-1980,0.13919,0.95180
CVE-2007-1981,0.01070,0.82700
CVE-2007-1982,0.02083,0.87959
CVE-2007-1983,0.08852,0.94002
CVE-2007-1984,0.00609,0.76417
CVE-2007-1985,0.00609,0.76417
CVE-2007-1986,0.15680,0.95441
CVE-2007-1987,0.00988,0.81932
CVE-2007-1988,0.00229,0.61124
CVE-2007-1989,0.00609,0.76403
CVE-2007-1990,0.00609,0.76417
CVE-2007-1991,0.00228,0.61059
CVE-2007-1992,0.06727,0.93192
CVE-2007-1993,0.05189,0.92260
CVE-2007-1994,0.00042,0.05722
CVE-2007-1995,0.01864,0.87140
CVE-2007-1996,0.04201,0.91408
CVE-2007-1997,0.20580,0.95962
CVE-2007-1998,0.07133,0.93373
CVE-2007-1999,0.08852,0.94002
CVE-2007-2000,0.00312,0.67119
CVE-2007-20001,0.00089,0.37607
CVE-2007-2001,0.00346,0.68795
CVE-2007-2002,0.00988,0.81932
CVE-2007-2003,0.00988,0.81932
CVE-2007-2004,0.00179,0.55196
CVE-2007-2005,0.09828,0.94312
CVE-2007-2006,0.00179,0.55196
CVE-2007-2007,0.01144,0.83294
CVE-2007-2008,0.00689,0.78067
CVE-2007-2009,0.13468,0.95113
CVE-2007-2010,0.00923,0.81261
CVE-2007-2011,0.01076,0.82752
CVE-2007-2012,0.00563,0.75376
CVE-2007-2013,0.00538,0.74857
CVE-2007-2014,0.06792,0.93226
CVE-2007-2015,0.24046,0.96198
CVE-2007-2016,0.00229,0.61124
CVE-2007-2017,0.02118,0.88065
CVE-2007-2018,0.00271,0.64593
CVE-2007-2019,0.17171,0.95631
CVE-2007-2020,0.06201,0.92896
CVE-2007-2021,0.00609,0.76417
CVE-2007-2022,0.02665,0.89385
CVE-2007-2023,0.00042,0.05722
CVE-2007-2024,0.03150,0.90164
CVE-2007-2025,0.02083,0.87959
CVE-2007-2026,0.05947,0.92748
CVE-2007-2027,0.00060,0.23365
CVE-2007-2028,0.01295,0.84446
CVE-2007-2029,0.04600,0.91756
CVE-2007-2030,0.00042,0.05722
CVE-2007-2031,0.24429,0.96220
CVE-2007-2032,0.02118,0.88065
CVE-2007-2033,0.00757,0.79181
CVE-2007-2034,0.00557,0.75287
CVE-2007-2035,0.01147,0.83324
CVE-2007-2036,0.02083,0.87959
CVE-2007-2037,0.00976,0.81801
CVE-2007-2038,0.01394,0.85045
CVE-2007-2039,0.00933,0.81370
CVE-2007-2040,0.00171,0.54238
CVE-2007-2041,0.02063,0.87889
CVE-2007-2042,0.00988,0.81932
CVE-2007-2043,0.10770,0.94592
CVE-2007-2044,0.06792,0.93226
CVE-2007-2045,0.09617,0.94258
CVE-2007-2046,0.01711,0.86519
CVE-2007-2047,0.00377,0.70061
CVE-2007-2048,0.01081,0.82795
CVE-2007-2049,0.06225,0.92913
CVE-2007-2050,0.01676,0.86385
CVE-2007-2051,0.00248,0.62821
CVE-2007-2052,0.02017,0.87735
CVE-2007-2053,0.12228,0.94912
CVE-2007-2054,0.02784,0.89611
CVE-2007-2055,0.00435,0.72081
CVE-2007-2057,0.63329,0.97578
CVE-2007-2058,0.00505,0.74037
CVE-2007-2059,0.10731,0.94583
CVE-2007-2060,0.02979,0.89909
CVE-2007-2061,0.00735,0.78847
CVE-2007-2062,0.10303,0.94455
CVE-2007-2063,0.00042,0.05722
CVE-2007-2064,0.08131,0.93745
CVE-2007-2065,0.06559,0.93092
CVE-2007-2066,0.00527,0.74580
CVE-2007-2067,0.11699,0.94810
CVE-2007-2068,0.14736,0.95301
CVE-2007-2069,0.01775,0.86750
CVE-2007-2070,0.11256,0.94708
CVE-2007-2071,0.00970,0.81749
CVE-2007-2072,0.01397,0.85055
CVE-2007-2073,0.00609,0.76417
CVE-2007-2074,0.00042,0.05722
CVE-2007-2075,0.00042,0.05722
CVE-2007-2076,0.02047,0.87841
CVE-2007-2077,0.01397,0.85055
CVE-2007-2078,0.02088,0.87975
CVE-2007-2079,0.06487,0.93064
CVE-2007-2080,0.00140,0.49582
CVE-2007-2081,0.03182,0.90214
CVE-2007-2082,0.00308,0.66928
CVE-2007-2083,0.00042,0.00438
CVE-2007-2084,0.01387,0.85006
CVE-2007-2085,0.01363,0.84867
CVE-2007-2086,0.01002,0.82062
CVE-2007-2087,0.00456,0.72694
CVE-2007-2088,0.01438,0.85266
CVE-2007-2089,0.08852,0.94002
CVE-2007-2090,0.00984,0.81886
CVE-2007-2091,0.04788,0.91955
CVE-2007-2092,0.00328,0.67982
CVE-2007-2093,0.02380,0.88801
CVE-2007-2094,0.15334,0.95397
CVE-2007-2095,0.00609,0.76417
CVE-2007-2096,0.00892,0.80906
CVE-2007-2097,0.01438,0.85266
CVE-2007-2098,0.03409,0.90548
CVE-2007-2099,0.00452,0.72581
CVE-2007-2100,0.01011,0.82133
CVE-2007-2101,0.00981,0.81852
CVE-2007-2102,0.01037,0.82367
CVE-2007-2103,0.01438,0.85266
CVE-2007-2104,0.01347,0.84750
CVE-2007-2105,0.01005,0.82087
CVE-2007-2106,0.00689,0.78067
CVE-2007-2107,0.00168,0.53597
CVE-2007-2108,0.23691,0.96177
CVE-2007-2109,0.00377,0.70087
CVE-2007-2110,0.00481,0.73364
CVE-2007-2111,0.00243,0.62345
CVE-2007-2112,0.01053,0.82513
CVE-2007-2113,0.01610,0.86134
CVE-2007-2114,0.22278,0.96079
CVE-2007-2115,0.01034,0.82340
CVE-2007-2116,0.77244,0.97961
CVE-2007-2117,0.01212,0.83841
CVE-2007-2118,0.01661,0.86328
CVE-2007-2119,0.02892,0.89788
CVE-2007-2120,0.04640,0.91797
CVE-2007-2121,0.00604,0.76312
CVE-2007-2122,0.00604,0.76312
CVE-2007-2123,0.00604,0.76312
CVE-2007-2124,0.00604,0.76312
CVE-2007-2125,0.00604,0.76312
CVE-2007-2126,0.00960,0.81647
CVE-2007-2127,0.00974,0.81784
CVE-2007-2128,0.00800,0.79830
CVE-2007-2129,0.00604,0.76312
CVE-2007-2130,0.00800,0.79830
CVE-2007-2131,0.00604,0.76312
CVE-2007-2132,0.00604,0.76312
CVE-2007-2133,0.00604,0.76312
CVE-2007-2134,0.00191,0.56825
CVE-2007-2135,0.00985,0.81894
CVE-2007-2136,0.28091,0.96429
CVE-2007-2137,0.90916,0.98641
CVE-2007-2138,0.00280,0.65142
CVE-2007-2139,0.94968,0.99144
CVE-2007-2140,0.01002,0.82062
CVE-2007-2141,0.15913,0.95476
CVE-2007-2142,0.19078,0.95829
CVE-2007-2143,0.06838,0.93247
CVE-2007-2144,0.06099,0.92836
CVE-2007-2145,0.00609,0.76417
CVE-2007-2146,0.00533,0.74733
CVE-2007-2147,0.01357,0.84840
CVE-2007-2148,0.00308,0.66928
CVE-2007-2149,0.00388,0.70526
CVE-2007-2150,0.00576,0.75692
CVE-2007-2151,0.04685,0.91844
CVE-2007-2152,0.80207,0.98056
CVE-2007-2153,0.01362,0.84863
CVE-2007-2154,0.08852,0.94002
CVE-2007-2155,0.01862,0.87131
CVE-2007-2156,0.29811,0.96517
CVE-2007-2157,0.01909,0.87354
CVE-2007-2158,0.06838,0.93247
CVE-2007-2159,0.00333,0.68261
CVE-2007-2160,0.00951,0.81554
CVE-2007-2161,0.02732,0.89528
CVE-2007-2162,0.00557,0.75286
CVE-2007-2163,0.00298,0.66341
CVE-2007-2164,0.00954,0.81591
CVE-2007-2165,0.04354,0.91545
CVE-2007-2166,0.14736,0.95301
CVE-2007-2167,0.02474,0.89012
CVE-2007-2168,0.01711,0.86519
CVE-2007-2169,0.04507,0.91681
CVE-2007-2170,0.01785,0.86795
CVE-2007-2171,0.94924,0.99138
CVE-2007-2172,0.00072,0.29630
CVE-2007-2173,0.01233,0.84011
CVE-2007-2174,0.00042,0.05722
CVE-2007-2175,0.95047,0.99153
CVE-2007-2176,0.01030,0.82286
CVE-2007-2177,0.09878,0.94325
CVE-2007-2178,0.01535,0.85772
CVE-2007-2179,0.01070,0.82700
CVE-2007-2180,0.00986,0.81903
CVE-2007-2181,0.08979,0.94046
CVE-2007-2182,0.05393,0.92414
CVE-2007-2183,0.00345,0.68763
CVE-2007-2184,0.01863,0.87136
CVE-2007-2185,0.06813,0.93235
CVE-2007-2186,0.05569,0.92536
CVE-2007-2187,0.09764,0.94292
CVE-2007-2188,0.00710,0.78443
CVE-2007-2189,0.06183,0.92891
CVE-2007-2190,0.00951,0.81554
CVE-2007-2191,0.22822,0.96114
CVE-2007-2192,0.16736,0.95566
CVE-2007-2193,0.88462,0.98465
CVE-2007-2194,0.26272,0.96324
CVE-2007-2195,0.03164,0.90183
CVE-2007-2196,0.01942,0.87466
CVE-2007-2197,0.00576,0.75692
CVE-2007-2198,0.00466,0.72955
CVE-2007-2199,0.58005,0.97442
CVE-2007-2200,0.03363,0.90487
CVE-2007-2201,0.15680,0.95441
CVE-2007-2202,0.08979,0.94046
CVE-2007-2203,0.00638,0.76992
CVE-2007-2204,0.17171,0.95631
CVE-2007-2205,0.07518,0.93507
CVE-2007-2206,0.00660,0.77485
CVE-2007-2207,0.02406,0.88860
CVE-2007-2208,0.01438,0.85266
CVE-2007-2209,0.19995,0.95921
CVE-2007-2210,0.05569,0.92536
CVE-2007-2211,0.00571,0.75558
CVE-2007-2212,0.00140,0.49582
CVE-2007-2213,0.03412,0.90552
CVE-2007-2214,0.01438,0.85266
CVE-2007-2216,0.94305,0.99034
CVE-2007-2217,0.95923,0.99346
CVE-2007-2218,0.95633,0.99286
CVE-2007-2219,0.80915,0.98078
CVE-2007-2221,0.93907,0.98980
CVE-2007-2222,0.96117,0.99387
CVE-2007-2223,0.91902,0.98742
CVE-2007-2224,0.90395,0.98597
CVE-2007-2225,0.06227,0.92915
CVE-2007-2227,0.10025,0.94378
CVE-2007-2228,0.93232,0.98898
CVE-2007-2229,0.00042,0.00438
CVE-2007-2230,0.00409,0.71244
CVE-2007-2231,0.00788,0.79629
CVE-2007-2232,0.04647,0.91804
CVE-2007-2233,0.01569,0.85929
CVE-2007-2234,0.00571,0.75558
CVE-2007-2235,0.00709,0.78389
CVE-2007-2236,0.02833,0.89700
CVE-2007-2237,0.71682,0.97807
CVE-2007-2238,0.95893,0.99339
CVE-2007-2239,0.16297,0.95519
CVE-2007-2240,0.01149,0.83332
CVE-2007-2241,0.07235,0.93414
CVE-2007-2242,0.10095,0.94414
CVE-2007-2243,0.00933,0.81359
CVE-2007-2244,0.14870,0.95320
CVE-2007-2245,0.02081,0.87950
CVE-2007-2246,0.04497,0.91670
CVE-2007-2247,0.00886,0.80832
CVE-2007-2248,0.00983,0.81864
CVE-2007-2249,0.03035,0.89987
CVE-2007-2250,0.03053,0.90025
CVE-2007-2251,0.01018,0.82197
CVE-2007-2252,0.01159,0.83414
CVE-2007-2253,0.00672,0.77741
CVE-2007-2254,0.01002,0.82062
CVE-2007-2255,0.02083,0.87959
CVE-2007-2256,0.00538,0.74857
CVE-2007-2257,0.10770,0.94592
CVE-2007-2258,0.06838,0.93247
CVE-2007-2259,0.13706,0.95147
CVE-2007-2260,0.02407,0.88866
CVE-2007-2261,0.01002,0.82062
CVE-2007-2262,0.10688,0.94565
CVE-2007-2263,0.96014,0.99366
CVE-2007-2264,0.96051,0.99374
CVE-2007-2265,0.01037,0.82367
CVE-2007-2266,0.01995,0.87657
CVE-2007-2267,0.01092,0.82875
CVE-2007-2268,0.02484,0.89036
CVE-2007-2269,0.00395,0.70803
CVE-2007-2270,0.14353,0.95246
CVE-2007-2271,0.01909,0.87354
CVE-2007-2272,0.04705,0.91863
CVE-2007-2273,0.10026,0.94398
CVE-2007-2274,0.00399,0.70934
CVE-2007-2275,0.00042,0.05722
CVE-2007-2276,0.01535,0.85772
CVE-2007-2277,0.01002,0.82062
CVE-2007-2278,0.01438,0.85266
CVE-2007-2279,0.02194,0.88324
CVE-2007-2280,0.97074,0.99726
CVE-2007-2281,0.82577,0.98171
CVE-2007-2282,0.03977,0.91187
CVE-2007-2283,0.17135,0.95625
CVE-2007-2284,0.17135,0.95625
CVE-2007-2285,0.03967,0.91178
CVE-2007-2286,0.00988,0.81932
CVE-2007-2287,0.06838,0.93247
CVE-2007-2288,0.06838,0.93247
CVE-2007-2289,0.00988,0.81932
CVE-2007-2290,0.11699,0.94810
CVE-2007-2291,0.40688,0.96950
CVE-2007-2292,0.01662,0.86333
CVE-2007-2293,0.95625,0.99284
CVE-2007-2294,0.09451,0.94205
CVE-2007-2295,0.55033,0.97378
CVE-2007-2296,0.79401,0.98028
CVE-2007-2297,0.09734,0.94283
CVE-2007-2298,0.06128,0.92859
CVE-2007-2299,0.00978,0.81833
CVE-2007-2300,0.01076,0.82752
CVE-2007-2301,0.06063,0.92804
CVE-2007-2302,0.06727,0.93192
CVE-2007-2303,0.02801,0.89642
CVE-2007-2304,0.01775,0.86750
CVE-2007-2305,0.00475,0.73186
CVE-2007-2306,0.01042,0.82425
CVE-2007-2307,0.12023,0.94875
CVE-2007-2308,0.00248,0.62819
CVE-2007-2309,0.00154,0.51673
CVE-2007-2310,0.00248,0.62819
CVE-2007-2311,0.01002,0.82062
CVE-2007-2312,0.00801,0.79847
CVE-2007-2313,0.06727,0.93192
CVE-2007-2314,0.00688,0.78054
CVE-2007-2315,0.00985,0.81897
CVE-2007-2316,0.01438,0.85266
CVE-2007-2317,0.17702,0.95696
CVE-2007-2318,0.02711,0.89481
CVE-2007-2319,0.05241,0.92291
CVE-2007-2320,0.00784,0.79579
CVE-2007-2321,0.00506,0.74056
CVE-2007-2322,0.01056,0.82538
CVE-2007-2323,0.04841,0.91996
CVE-2007-2324,0.01862,0.87131
CVE-2007-2325,0.06792,0.93226
CVE-2007-2326,0.06838,0.93247
CVE-2007-2327,0.08852,0.94002
CVE-2007-2328,0.01002,0.82062
CVE-2007-2329,0.01002,0.82062
CVE-2007-2330,0.10026,0.94398
CVE-2007-2331,0.01002,0.82062
CVE-2007-2332,0.00337,0.68422
CVE-2007-2333,0.02083,0.87959
CVE-2007-2334,0.03624,0.90798
CVE-2007-2335,0.00685,0.78001
CVE-2007-2336,0.00440,0.72227
CVE-2007-2337,0.00761,0.79238
CVE-2007-2338,0.10908,0.94619
CVE-2007-2339,0.01499,0.85564
CVE-2007-2340,0.08675,0.93946
CVE-2007-2341,0.10770,0.94592
CVE-2007-2342,0.00144,0.50255
CVE-2007-2343,0.36090,0.96782
CVE-2007-2344,0.02651,0.89362
CVE-2007-2345,0.06063,0.92804
CVE-2007-2346,0.15334,0.95397
CVE-2007-2347,0.08852,0.94002
CVE-2007-2348,0.02145,0.88188
CVE-2007-2349,0.00290,0.65870
CVE-2007-2350,0.00716,0.78532
CVE-2007-2351,0.00042,0.05722
CVE-2007-2352,0.02338,0.88693
CVE-2007-2353,0.00796,0.79787
CVE-2007-2354,0.00573,0.75638
CVE-2007-2355,0.04234,0.91442
CVE-2007-2356,0.05281,0.92321
CVE-2007-2357,0.01363,0.84867
CVE-2007-2358,0.01438,0.85266
CVE-2007-2359,0.00042,0.05722
CVE-2007-2360,0.00043,0.07360
CVE-2007-2361,0.00042,0.05722
CVE-2007-2362,0.09304,0.94158
CVE-2007-2363,0.04982,0.92090
CVE-2007-2364,0.08852,0.94002
CVE-2007-2365,0.48163,0.97181
CVE-2007-2366,0.91485,0.98695
CVE-2007-2367,0.04408,0.91594
CVE-2007-2368,0.00405,0.71133
CVE-2007-2369,0.00356,0.69248
CVE-2007-2370,0.00327,0.67947
CVE-2007-2371,0.00328,0.67989
CVE-2007-2372,0.00508,0.74117
CVE-2007-2373,0.00886,0.80832
CVE-2007-2374,0.25200,0.96267
CVE-2007-2375,0.01794,0.86834
CVE-2007-2376,0.00405,0.71133
CVE-2007-2377,0.00522,0.74456
CVE-2007-2378,0.00159,0.52488
CVE-2007-2379,0.00304,0.66610
CVE-2007-2380,0.00697,0.78210
CVE-2007-2381,0.00405,0.71133
CVE-2007-2382,0.00405,0.71133
CVE-2007-2383,0.00921,0.81241
CVE-2007-2384,0.00405,0.71133
CVE-2007-2385,0.03035,0.89988
CVE-2007-2386,0.38288,0.96871
CVE-2007-2387,0.02658,0.89376
CVE-2007-2388,0.03585,0.90753
CVE-2007-2389,0.00892,0.80911
CVE-2007-2390,0.06897,0.93275
CVE-2007-2391,0.00273,0.64738
CVE-2007-2392,0.02878,0.89770
CVE-2007-2393,0.04997,0.92102
CVE-2007-2394,0.69801,0.97745
CVE-2007-2395,0.06184,0.92892
CVE-2007-2396,0.05893,0.92716
CVE-2007-2397,0.73773,0.97866
CVE-2007-2398,0.01692,0.86445
CVE-2007-2399,0.10219,0.94441
CVE-2007-2400,0.00366,0.69695
CVE-2007-2401,0.01834,0.87002
CVE-2007-2402,0.00835,0.80263
CVE-2007-2403,0.02453,0.88971
CVE-2007-2404,0.00917,0.81188
CVE-2007-2405,0.01490,0.85512
CVE-2007-2406,0.03423,0.90567
CVE-2007-2407,0.00446,0.72407
CVE-2007-2408,0.01012,0.82142
CVE-2007-2409,0.00730,0.78773
CVE-2007-2410,0.00292,0.65977
CVE-2007-2411,0.02083,0.87959
CVE-2007-2412,0.00426,0.71786
CVE-2007-2414,0.03865,0.91079
CVE-2007-2415,0.01535,0.85772
CVE-2007-2416,0.00505,0.74043
CVE-2007-2417,0.13812,0.95160
CVE-2007-2418,0.11207,0.94695
CVE-2007-2419,0.09889,0.94329
CVE-2007-2420,0.00308,0.66884
CVE-2007-2421,0.15740,0.95447
CVE-2007-2422,0.00988,0.81932
CVE-2007-2423,0.00663,0.77566
CVE-2007-2424,0.10026,0.94398
CVE-2007-2425,0.01909,0.87354
CVE-2007-2426,0.09987,0.94369
CVE-2007-2427,0.00784,0.79579
CVE-2007-2428,0.11409,0.94741
CVE-2007-2429,0.02162,0.88244
CVE-2007-2430,0.00801,0.79836
CVE-2007-2431,0.00996,0.82022
CVE-2007-2432,0.00452,0.72581
CVE-2007-2433,0.00452,0.72581
CVE-2007-2434,0.06704,0.93178
CVE-2007-2435,0.03239,0.90308
CVE-2007-2437,0.01428,0.85206
CVE-2007-2438,0.01616,0.86158
CVE-2007-2439,0.04088,0.91314
CVE-2007-2440,0.01018,0.82199
CVE-2007-2441,0.01532,0.85759
CVE-2007-2442,0.96961,0.99678
CVE-2007-2443,0.96769,0.99610
CVE-2007-2444,0.52855,0.97321
CVE-2007-2445,0.85868,0.98318
CVE-2007-2446,0.96436,0.99483
CVE-2007-2447,0.66110,0.97641
CVE-2007-2448,0.00275,0.64861
CVE-2007-2449,0.97255,0.99821
CVE-2007-2450,0.00629,0.76840
CVE-2007-2451,0.01280,0.84321
CVE-2007-2452,0.00519,0.74383
CVE-2007-2453,0.00074,0.30456
CVE-2007-2454,0.00062,0.24516
CVE-2007-2455,0.00042,0.05722
CVE-2007-2456,0.15334,0.95397
CVE-2007-2457,0.02145,0.88188
CVE-2007-2458,0.02118,0.88065
CVE-2007-2459,0.09299,0.94157
CVE-2007-2460,0.00609,0.76417
CVE-2007-2461,0.02356,0.88740
CVE-2007-2462,0.02461,0.88989
CVE-2007-2463,0.02407,0.88861
CVE-2007-2464,0.02044,0.87831
CVE-2007-2465,0.00044,0.10704
CVE-2007-2466,0.07172,0.93391
CVE-2007-2467,0.00042,0.05722
CVE-2007-2468,0.00042,0.05722
CVE-2007-2469,0.00571,0.75558
CVE-2007-2470,0.00638,0.76992
CVE-2007-2471,0.01863,0.87136
CVE-2007-2472,0.00229,0.61124
CVE-2007-2473,0.01093,0.82882
CVE-2007-2474,0.02717,0.89497
CVE-2007-2475,0.00293,0.66020
CVE-2007-2476,0.00866,0.80593
CVE-2007-2477,0.01002,0.82062
CVE-2007-2478,0.16363,0.95523
CVE-2007-2479,0.00523,0.74492
CVE-2007-2480,0.00042,0.05722
CVE-2007-2481,0.01793,0.86825
CVE-2007-2482,0.00816,0.80011
CVE-2007-2483,0.01535,0.85774
CVE-2007-2484,0.02190,0.88315
CVE-2007-2485,0.08938,0.94032
CVE-2007-2486,0.01617,0.86168
CVE-2007-2487,0.22416,0.96090
CVE-2007-2488,0.06938,0.93295
CVE-2007-2489,0.14845,0.95316
CVE-2007-2490,0.04497,0.91670
CVE-2007-2491,0.00042,0.05722
CVE-2007-2492,0.00912,0.81126
CVE-2007-2493,0.10770,0.94592
CVE-2007-2494,0.12642,0.94978
CVE-2007-2495,0.11385,0.94734
CVE-2007-2496,0.12171,0.94904
CVE-2007-2497,0.04900,0.92037
CVE-2007-2498,0.10890,0.94615
CVE-2007-2499,0.01363,0.84867
CVE-2007-2500,0.09579,0.94246
CVE-2007-2501,0.12130,0.94898
CVE-2007-2502,0.03204,0.90253
CVE-2007-2503,0.03066,0.90043
CVE-2007-2504,0.01438,0.85266
CVE-2007-2505,0.15464,0.95417
CVE-2007-2506,0.07855,0.93637
CVE-2007-2507,0.02271,0.88542
CVE-2007-2508,0.93235,0.98899
CVE-2007-2509,0.00919,0.81216
CVE-2007-2510,0.01832,0.86995
CVE-2007-2511,0.00077,0.31779
CVE-2007-2512,0.00536,0.74807
CVE-2007-2513,0.00439,0.72223
CVE-2007-2514,0.03254,0.90326
CVE-2007-2519,0.06435,0.93025
CVE-2007-2520,0.26817,0.96349
CVE-2007-2521,0.06803,0.93231
CVE-2007-2522,0.95512,0.99258
CVE-2007-2523,0.00050,0.16292
CVE-2007-2524,0.01963,0.87533
CVE-2007-2525,0.00044,0.08000
CVE-2007-2526,0.24378,0.96216
CVE-2007-2527,0.15680,0.95441
CVE-2007-2528,0.06002,0.92779
CVE-2007-2529,0.00044,0.10704
CVE-2007-2530,0.10026,0.94398
CVE-2007-2531,0.10026,0.94398
CVE-2007-2532,0.00798,0.79804
CVE-2007-2533,0.11240,0.94704
CVE-2007-2534,0.00475,0.73186
CVE-2007-2535,0.01633,0.86229
CVE-2007-2536,0.05285,0.92324
CVE-2007-2537,0.00279,0.65109
CVE-2007-2538,0.00969,0.81740
CVE-2007-2539,0.01147,0.83324
CVE-2007-2540,0.19968,0.95919
CVE-2007-2541,0.15334,0.95397
CVE-2007-2542,0.10770,0.94592
CVE-2007-2543,0.00784,0.79579
CVE-2007-2544,0.15334,0.95397
CVE-2007-2545,0.31847,0.96609
CVE-2007-2546,0.02118,0.88065
CVE-2007-2547,0.00663,0.77566
CVE-2007-2548,0.00440,0.72233
CVE-2007-2549,0.00784,0.79579
CVE-2007-2550,0.01274,0.84283
CVE-2007-2551,0.00661,0.77537
CVE-2007-2552,0.00929,0.81318
CVE-2007-2553,0.00043,0.07520
CVE-2007-2554,0.00568,0.75502
CVE-2007-2555,0.00303,0.66572
CVE-2007-2556,0.03421,0.90565
CVE-2007-2557,0.00165,0.53142
CVE-2007-2558,0.01438,0.85266
CVE-2007-2559,0.02083,0.87959
CVE-2007-2560,0.01600,0.86075
CVE-2007-2561,0.12335,0.94927
CVE-2007-2562,0.00252,0.63206
CVE-2007-2563,0.15257,0.95370
CVE-2007-2564,0.09795,0.94303
CVE-2007-2565,0.02434,0.88933
CVE-2007-2566,0.05569,0.92536
CVE-2007-2567,0.09795,0.94303
CVE-2007-2568,0.16220,0.95513
CVE-2007-2569,0.17171,0.95631
CVE-2007-2570,0.10026,0.94398
CVE-2007-2571,0.01062,0.82623
CVE-2007-2572,0.02972,0.89899
CVE-2007-2573,0.08852,0.94002
CVE-2007-2574,0.00282,0.65323
CVE-2007-2575,0.02195,0.88325
CVE-2007-2576,0.22416,0.96090
CVE-2007-2577,0.00609,0.76390
CVE-2007-2578,0.01002,0.82062
CVE-2007-2579,0.03001,0.89936
CVE-2007-2580,0.00043,0.07520
CVE-2007-2581,0.96810,0.99623
CVE-2007-2582,0.24143,0.96205
CVE-2007-2583,0.00442,0.72286
CVE-2007-2584,0.54710,0.97365
CVE-2007-2585,0.22416,0.96090
CVE-2007-2586,0.91174,0.98667
CVE-2007-2587,0.00591,0.76061
CVE-2007-2588,0.18059,0.95728
CVE-2007-2589,0.00353,0.69116
CVE-2007-2590,0.01332,0.84650
CVE-2007-2591,0.02198,0.88336
CVE-2007-2592,0.01106,0.82989
CVE-2007-2593,0.48019,0.97177
CVE-2007-2594,0.15766,0.95451
CVE-2007-2595,0.00324,0.67764
CVE-2007-2596,0.02075,0.87935
CVE-2007-2597,0.14686,0.95293
CVE-2007-2598,0.37590,0.96843
CVE-2007-2599,0.00585,0.75890
CVE-2007-2600,0.01349,0.84759
CVE-2007-2601,0.08740,0.93968
CVE-2007-2602,0.00537,0.74833
CVE-2007-2603,0.01610,0.86133
CVE-2007-2604,0.01032,0.82301
CVE-2007-2605,0.00398,0.70900
CVE-2007-2606,0.00274,0.64757
CVE-2007-2607,0.09126,0.94091
CVE-2007-2608,0.11095,0.94657
CVE-2007-2609,0.30658,0.96556
CVE-2007-2610,0.00277,0.64998
CVE-2007-2611,0.42705,0.97010
CVE-2007-2612,0.00216,0.59633
CVE-2007-2613,0.00175,0.54756
CVE-2007-2614,0.00951,0.81547
CVE-2007-2615,0.17643,0.95691
CVE-2007-2616,0.70646,0.97765
CVE-2007-2617,0.00067,0.27622
CVE-2007-2618,0.01441,0.85285
CVE-2007-2619,0.00053,0.18687
CVE-2007-2620,0.10331,0.94466
CVE-2007-2621,0.00898,0.80984
CVE-2007-2622,0.01932,0.87435
CVE-2007-2623,0.06605,0.93129
CVE-2007-2624,0.01103,0.82962
CVE-2007-2625,0.00430,0.71884
CVE-2007-2626,0.00481,0.73365
CVE-2007-2627,0.00430,0.71884
CVE-2007-2628,0.09126,0.94091
CVE-2007-2629,0.00954,0.81593
CVE-2007-2630,0.00558,0.75305
CVE-2007-2631,0.00953,0.81576
CVE-2007-2632,0.03335,0.90441
CVE-2007-2633,0.01197,0.83729
CVE-2007-2634,0.00953,0.81576
CVE-2007-2635,0.00683,0.77968
CVE-2007-2636,0.00951,0.81547
CVE-2007-2637,0.00954,0.81593
CVE-2007-2638,0.01385,0.84989
CVE-2007-2639,0.03765,0.90980
CVE-2007-2640,0.00472,0.73104
CVE-2007-2641,0.09398,0.94185
CVE-2007-2642,0.02341,0.88700
CVE-2007-2643,0.01573,0.85946
CVE-2007-2644,0.04174,0.91393
CVE-2007-2645,0.40631,0.96948
CVE-2007-2646,0.15471,0.95418
CVE-2007-2647,0.07715,0.93561
CVE-2007-2648,0.21325,0.96017
CVE-2007-2649,0.02035,0.87795
CVE-2007-2650,0.00884,0.80796
CVE-2007-2651,0.10800,0.94596
CVE-2007-2652,0.06116,0.92843
CVE-2007-2654,0.00042,0.05722
CVE-2007-2655,0.11193,0.94687
CVE-2007-2656,0.05750,0.92635
CVE-2007-2657,0.15596,0.95429
CVE-2007-2658,0.14764,0.95303
CVE-2007-2659,0.01920,0.87389
CVE-2007-2660,0.02075,0.87935
CVE-2007-2661,0.00587,0.75959
CVE-2007-2662,0.23467,0.96159
CVE-2007-2663,0.09126,0.94091
CVE-2007-2664,0.09126,0.94091
CVE-2007-2665,0.00953,0.81576
CVE-2007-2666,0.23134,0.96135
CVE-2007-2667,0.09955,0.94356
CVE-2007-2668,0.13435,0.95107
CVE-2007-2669,0.00285,0.65511
CVE-2007-2670,0.00346,0.68789
CVE-2007-2671,0.10853,0.94609
CVE-2007-2672,0.00795,0.79780
CVE-2007-2673,0.00141,0.49749
CVE-2007-2674,0.00152,0.51386
CVE-2007-2675,0.03468,0.90619
CVE-2007-2676,0.20416,0.95953
CVE-2007-2677,0.20495,0.95957
CVE-2007-2678,0.04090,0.91316
CVE-2007-2679,0.00953,0.81576
CVE-2007-2680,0.00267,0.64345
CVE-2007-2681,0.00795,0.79772
CVE-2007-2682,0.02378,0.88798
CVE-2007-2683,0.00042,0.00438
CVE-2007-2684,0.01251,0.84125
CVE-2007-2685,0.00802,0.79856
CVE-2007-2686,0.00882,0.80779
CVE-2007-2687,0.13271,0.95080
CVE-2007-2688,0.02492,0.89046
CVE-2007-2689,0.01114,0.83054
CVE-2007-2690,0.01114,0.83054
CVE-2007-2691,0.00241,0.62167
CVE-2007-2692,0.00835,0.80243
CVE-2007-2693,0.00262,0.63961
CVE-2007-2694,0.00399,0.70949
CVE-2007-2695,0.01582,0.86006
CVE-2007-2696,0.01898,0.87310
CVE-2007-2697,0.02141,0.88174
CVE-2007-2698,0.00583,0.75855
CVE-2007-2699,0.00134,0.48556
CVE-2007-2700,0.00412,0.71332
CVE-2007-2701,0.00596,0.76138
CVE-2007-2702,0.00113,0.44634
CVE-2007-2703,0.00160,0.52652
CVE-2007-2704,0.02595,0.89244
CVE-2007-2705,0.00689,0.78063
CVE-2007-2706,0.13486,0.95114
CVE-2007-2707,0.09293,0.94153
CVE-2007-2708,0.06756,0.93205
CVE-2007-2709,0.02039,0.87809
CVE-2007-2710,0.00953,0.81576
CVE-2007-2711,0.88528,0.98470
CVE-2007-2712,0.00573,0.75615
CVE-2007-2713,0.02193,0.88321
CVE-2007-2714,0.01911,0.87360
CVE-2007-2715,0.05567,0.92534
CVE-2007-2716,0.01243,0.84081
CVE-2007-2717,0.00152,0.51386
CVE-2007-2718,0.03263,0.90344
CVE-2007-2719,0.01822,0.86951
CVE-2007-2720,0.00828,0.80161
CVE-2007-2721,0.12380,0.94936
CVE-2007-2722,0.05593,0.92554
CVE-2007-2723,0.00651,0.77288
CVE-2007-2724,0.00698,0.78227
CVE-2007-2725,0.39890,0.96927
CVE-2007-2726,0.03510,0.90665
CVE-2007-2727,0.00423,0.71704
CVE-2007-2728,0.01172,0.83534
CVE-2007-2729,0.00042,0.05722
CVE-2007-2730,0.00042,0.05722
CVE-2007-2731,0.01165,0.83470
CVE-2007-2732,0.03335,0.90441
CVE-2007-2733,0.00324,0.67764
CVE-2007-2734,0.02149,0.88218
CVE-2007-2735,0.00795,0.79780
CVE-2007-2736,0.06867,0.93261
CVE-2007-2737,0.00329,0.68047
CVE-2007-2738,0.00439,0.72216
CVE-2007-2739,0.00285,0.65511
CVE-2007-2740,0.00342,0.68610
CVE-2007-2741,0.03322,0.90421
CVE-2007-2742,0.00779,0.79517
CVE-2007-2743,0.15766,0.95451
CVE-2007-2744,0.17251,0.95640
CVE-2007-2745,0.00223,0.60658
CVE-2007-2746,0.00203,0.58261
CVE-2007-2747,0.01576,0.85980
CVE-2007-2748,0.00425,0.71757
CVE-2007-2749,0.03230,0.90293
CVE-2007-2750,0.00898,0.80984
CVE-2007-2751,0.10331,0.94466
CVE-2007-2752,0.00321,0.67604
CVE-2007-2753,0.00391,0.70656
CVE-2007-2754,0.61225,0.97533
CVE-2007-2755,0.15180,0.95362
CVE-2007-2756,0.03040,0.90010
CVE-2007-2757,0.01243,0.84081
CVE-2007-2758,0.10641,0.94553
CVE-2007-2759,0.00146,0.50440
CVE-2007-2760,0.00312,0.67085
CVE-2007-2761,0.21778,0.96045
CVE-2007-2762,0.18893,0.95812
CVE-2007-2763,0.16220,0.95513
CVE-2007-2764,0.00647,0.77175
CVE-2007-2765,0.00858,0.80515
CVE-2007-2766,0.00042,0.05722
CVE-2007-2767,0.01120,0.83112
CVE-2007-2768,0.00231,0.61294
CVE-2007-2769,0.02932,0.89840
CVE-2007-2770,0.00853,0.80452
CVE-2007-2771,0.63438,0.97581
CVE-2007-2772,0.20822,0.95982
CVE-2007-2773,0.23467,0.96159
CVE-2007-2774,0.20416,0.95953
CVE-2007-2775,0.11274,0.94712
CVE-2007-2776,0.06485,0.93062
CVE-2007-2777,0.04641,0.91798
CVE-2007-2778,0.01728,0.86588
CVE-2007-2779,0.10331,0.94466
CVE-2007-2780,0.01961,0.87529
CVE-2007-2781,0.00654,0.77338
CVE-2007-2782,0.02075,0.87935
CVE-2007-2783,0.10615,0.94547
CVE-2007-2784,0.04141,0.91363
CVE-2007-2785,0.00951,0.81547
CVE-2007-2786,0.04088,0.91314
CVE-2007-2787,0.35171,0.96748
CVE-2007-2788,0.62289,0.97559
CVE-2007-2789,0.01299,0.84471
CVE-2007-2790,0.00673,0.77763
CVE-2007-2791,0.14674,0.95291
CVE-2007-2792,0.53826,0.97343
CVE-2007-2793,0.09156,0.94101
CVE-2007-2795,0.10711,0.94573
CVE-2007-2796,0.09572,0.94242
CVE-2007-2797,0.00044,0.08000
CVE-2007-2798,0.95233,0.99196
CVE-2007-2799,0.02073,0.87931
CVE-2007-2800,0.00753,0.79102
CVE-2007-2801,0.01030,0.82285
CVE-2007-2802,0.00298,0.66326
CVE-2007-2803,0.00089,0.37471
CVE-2007-2804,0.00267,0.64345
CVE-2007-2805,0.00209,0.58920
CVE-2007-2806,0.00261,0.63885
CVE-2007-2807,0.01832,0.86998
CVE-2007-2808,0.00252,0.63191
CVE-2007-2809,0.10228,0.94443
CVE-2007-2810,0.00122,0.46378
CVE-2007-2811,0.00265,0.64242
CVE-2007-2812,0.02871,0.89756
CVE-2007-2813,0.03816,0.91031
CVE-2007-2814,0.16610,0.95552
CVE-2007-2815,0.96708,0.99582
CVE-2007-2816,0.04776,0.91934
CVE-2007-2817,0.00400,0.70955
CVE-2007-2818,0.00759,0.79203
CVE-2007-2819,0.00759,0.79203
CVE-2007-2820,0.19680,0.95889
CVE-2007-2821,0.03403,0.90539
CVE-2007-2822,0.07422,0.93475
CVE-2007-2823,0.09185,0.94111
CVE-2007-2824,0.00347,0.68830
CVE-2007-2825,0.00537,0.74834
CVE-2007-2826,0.07151,0.93382
CVE-2007-2827,0.23543,0.96164
CVE-2007-2828,0.00374,0.69976
CVE-2007-2829,0.11754,0.94825
CVE-2007-2830,0.10360,0.94475
CVE-2007-2831,0.00134,0.48569
CVE-2007-2832,0.00512,0.74210
CVE-2007-2833,0.02909,0.89810
CVE-2007-2834,0.96196,0.99409
CVE-2007-2835,0.00042,0.05722
CVE-2007-2836,0.00916,0.81177
CVE-2007-2837,0.00042,0.05722
CVE-2007-2838,0.00042,0.05722
CVE-2007-2839,0.00042,0.00438
CVE-2007-2843,0.02879,0.89772
CVE-2007-2844,0.01405,0.85098
CVE-2007-2845,0.17092,0.95612
CVE-2007-2846,0.33858,0.96691
CVE-2007-2847,0.00429,0.71868
CVE-2007-2848,0.05998,0.92776
CVE-2007-2849,0.02172,0.88268
CVE-2007-2850,0.02438,0.88941
CVE-2007-2851,0.39890,0.96927
CVE-2007-2852,0.14701,0.95295
CVE-2007-2853,0.02677,0.89421
CVE-2007-2854,0.00539,0.74871
CVE-2007-2855,0.03055,0.90028
CVE-2007-2856,0.25007,0.96253
CVE-2007-2857,0.10331,0.94466
CVE-2007-2858,0.00137,0.49175
CVE-2007-2859,0.03765,0.90979
CVE-2007-2860,0.00455,0.72671
CVE-2007-2861,0.02075,0.87935
CVE-2007-2862,0.00325,0.67795
CVE-2007-2863,0.21353,0.96019
CVE-2007-2864,0.95546,0.99267
CVE-2007-2865,0.01243,0.84081
CVE-2007-2866,0.00146,0.50473
CVE-2007-2867,0.96755,0.99603
CVE-2007-2868,0.86488,0.98355
CVE-2007-2869,0.12652,0.94978
CVE-2007-2870,0.01185,0.83640
CVE-2007-2871,0.01311,0.84541
CVE-2007-2872,0.33226,0.96664
CVE-2007-2873,0.00042,0.05722
CVE-2007-2874,0.01734,0.86604
CVE-2007-2875,0.00044,0.08000
CVE-2007-2876,0.02455,0.88976
CVE-2007-2877,0.00042,0.05722
CVE-2007-2878,0.00042,0.00438
CVE-2007-2879,0.00267,0.64379
CVE-2007-2880,0.00285,0.65511
CVE-2007-2881,0.83881,0.98223
CVE-2007-2882,0.06000,0.92777
CVE-2007-2883,0.00043,0.05916
CVE-2007-2884,0.14664,0.95288
CVE-2007-2885,0.01026,0.82260
CVE-2007-2886,0.04831,0.91987
CVE-2007-2887,0.00322,0.67680
CVE-2007-2888,0.92975,0.98866
CVE-2007-2889,0.00152,0.51386
CVE-2007-2890,0.00795,0.79780
CVE-2007-2891,0.17988,0.95722
CVE-2007-2892,0.00209,0.58898
CVE-2007-2893,0.00042,0.05722
CVE-2007-2894,0.00043,0.07477
CVE-2007-2895,0.21778,0.96045
CVE-2007-2896,0.01992,0.87643
CVE-2007-2897,0.87626,0.98417
CVE-2007-2898,0.00531,0.74681
CVE-2007-2899,0.01346,0.84745
CVE-2007-2900,0.07165,0.93389
CVE-2007-2901,0.00267,0.64345
CVE-2007-2902,0.00463,0.72867
CVE-2007-2903,0.40624,0.96947
CVE-2007-2904,0.00701,0.78256
CVE-2007-2905,0.00734,0.78838
CVE-2007-2906,0.00255,0.63454
CVE-2007-2907,0.00135,0.48752
CVE-2007-2908,0.00322,0.67680
CVE-2007-2909,0.00067,0.27823
CVE-2007-2910,0.00138,0.49330
CVE-2007-2911,0.00195,0.57391
CVE-2007-2912,0.00391,0.70679
CVE-2007-2913,0.00240,0.62073
CVE-2007-2914,0.00298,0.66296
CVE-2007-2915,0.00240,0.62073
CVE-2007-2916,0.00295,0.66134
CVE-2007-2917,0.06998,0.93320
CVE-2007-2918,0.90356,0.98597
CVE-2007-2919,0.75506,0.97910
CVE-2007-2920,0.10193,0.94437
CVE-2007-2921,0.04786,0.91955
CVE-2007-2923,0.01680,0.86402
CVE-2007-2924,0.11649,0.94796
CVE-2007-2925,0.00896,0.80955
CVE-2007-2926,0.07393,0.93465
CVE-2007-2927,0.11284,0.94714
CVE-2007-2928,0.13440,0.95108
CVE-2007-2929,0.00979,0.81835
CVE-2007-2930,0.02839,0.89709
CVE-2007-2931,0.94551,0.99081
CVE-2007-2932,0.00322,0.67680
CVE-2007-2933,0.00345,0.68733
CVE-2007-2934,0.01649,0.86292
CVE-2007-2935,0.08851,0.93997
CVE-2007-2936,0.09126,0.94091
CVE-2007-2937,0.06821,0.93239
CVE-2007-2938,0.35224,0.96750
CVE-2007-2939,0.15155,0.95357
CVE-2007-2940,0.09293,0.94153
CVE-2007-2941,0.09126,0.94091
CVE-2007-2942,0.00898,0.80984
CVE-2007-2943,0.04313,0.91510
CVE-2007-2944,0.00511,0.74191
CVE-2007-2945,0.00801,0.79843
CVE-2007-2946,0.21108,0.96002
CVE-2007-2947,0.16120,0.95496
CVE-2007-2948,0.23423,0.96155
CVE-2007-2949,0.52311,0.97307
CVE-2007-2950,0.00044,0.08000
CVE-2007-2951,0.01571,0.85939
CVE-2007-2952,0.09700,0.94276
CVE-2007-2953,0.28052,0.96427
CVE-2007-2954,0.73287,0.97848
CVE-2007-2955,0.90399,0.98597
CVE-2007-2956,0.20183,0.95932
CVE-2007-2957,0.05853,0.92692
CVE-2007-2958,0.02348,0.88722
CVE-2007-2959,0.00439,0.72216
CVE-2007-2960,0.01050,0.82487
CVE-2007-2961,0.01913,0.87366
CVE-2007-2962,0.00322,0.67680
CVE-2007-2963,0.00397,0.70878
CVE-2007-2964,0.12050,0.94879
CVE-2007-2965,0.00042,0.05722
CVE-2007-2966,0.16910,0.95590
CVE-2007-2967,0.06751,0.93202
CVE-2007-2968,0.00267,0.64345
CVE-2007-2969,0.06090,0.92816
CVE-2007-2970,0.00240,0.62073
CVE-2007-2971,0.88740,0.98485
CVE-2007-2972,0.07606,0.93534
CVE-2007-2973,0.08090,0.93737
CVE-2007-2974,0.17724,0.95698
CVE-2007-2975,0.05289,0.92338
CVE-2007-2976,0.00240,0.62073
CVE-2007-2977,0.01450,0.85333
CVE-2007-2978,0.02019,0.87742
CVE-2007-2979,0.00801,0.79843
CVE-2007-2980,0.17296,0.95646
CVE-2007-2981,0.22649,0.96102
CVE-2007-2982,0.05954,0.92750
CVE-2007-2983,0.07766,0.93586
CVE-2007-2984,0.09779,0.94296
CVE-2007-2985,0.01928,0.87422
CVE-2007-2986,0.06867,0.93261
CVE-2007-2987,0.89205,0.98521
CVE-2007-2988,0.12917,0.95019
CVE-2007-2989,0.05280,0.92320
CVE-2007-2990,0.00044,0.10704
CVE-2007-2991,0.00398,0.70899
CVE-2007-2992,0.00534,0.74744
CVE-2007-2993,0.00285,0.65511
CVE-2007-2994,0.00151,0.51300
CVE-2007-2995,0.00895,0.80943
CVE-2007-2996,0.00042,0.05722
CVE-2007-2997,0.00354,0.69134
CVE-2007-2998,0.00042,0.05722
CVE-2007-2999,0.00245,0.62565
CVE-2007-3000,0.00875,0.80696
CVE-2007-3001,0.00647,0.77180
CVE-2007-3002,0.00558,0.75297
CVE-2007-3003,0.00695,0.78175
CVE-2007-3006,0.16610,0.95552
CVE-2007-3007,0.00503,0.73990
CVE-2007-3008,0.00262,0.63998
CVE-2007-3009,0.07219,0.93410
CVE-2007-3010,0.97264,0.99825
CVE-2007-3011,0.02387,0.88820
CVE-2007-3012,0.00587,0.75952
CVE-2007-3013,0.00154,0.51629
CVE-2007-3014,0.00656,0.77360
CVE-2007-3017,0.00843,0.80353
CVE-2007-3018,0.00365,0.69648
CVE-2007-3021,0.00628,0.76834
CVE-2007-3022,0.01524,0.85721
CVE-2007-3023,0.01959,0.87525
CVE-2007-3024,0.00042,0.05722
CVE-2007-3025,0.01137,0.83250
CVE-2007-3026,0.11503,0.94758
CVE-2007-3027,0.72793,0.97834
CVE-2007-3028,0.87054,0.98388
CVE-2007-3029,0.79698,0.98036
CVE-2007-3030,0.63362,0.97578
CVE-2007-3032,0.84484,0.98249
CVE-2007-3033,0.95736,0.99306
CVE-2007-3034,0.95705,0.99300
CVE-2007-3035,0.68176,0.97693
CVE-2007-3036,0.00042,0.00438
CVE-2007-3037,0.54157,0.97353
CVE-2007-3038,0.04281,0.91481
CVE-2007-3039,0.97399,0.99914
CVE-2007-3040,0.75427,0.97907
CVE-2007-3041,0.74117,0.97875
CVE-2007-3042,0.00285,0.65511
CVE-2007-3043,0.00267,0.64345
CVE-2007-3044,0.02777,0.89603
CVE-2007-3045,0.01610,0.86133
CVE-2007-3046,0.00920,0.81221
CVE-2007-3047,0.00951,0.81547
CVE-2007-3048,0.00042,0.00438
CVE-2007-3049,0.00261,0.63885
CVE-2007-3050,0.02095,0.88004
CVE-2007-3051,0.00795,0.79780
CVE-2007-3052,0.00898,0.80984
CVE-2007-3053,0.01332,0.84652
CVE-2007-3054,0.00240,0.62073
CVE-2007-3055,0.00647,0.77180
CVE-2007-3056,0.01223,0.83925
CVE-2007-3057,0.61024,0.97519
CVE-2007-3058,0.01332,0.84652
CVE-2007-3059,0.00581,0.75806
CVE-2007-3060,0.01948,0.87487
CVE-2007-3061,0.01550,0.85841
CVE-2007-3062,0.00877,0.80733
CVE-2007-3063,0.00223,0.60649
CVE-2007-3064,0.00267,0.64379
CVE-2007-3065,0.00439,0.72216
CVE-2007-3066,0.02172,0.88268
CVE-2007-3067,0.00257,0.63598
CVE-2007-3068,0.74168,0.97877
CVE-2007-3069,0.00318,0.67453
CVE-2007-3070,0.00479,0.73318
CVE-2007-3071,0.03563,0.90722
CVE-2007-3072,0.01402,0.85086
CVE-2007-3073,0.09089,0.94073
CVE-2007-3074,0.01791,0.86819
CVE-2007-3075,0.00814,0.79981
CVE-2007-3076,0.02582,0.89213
CVE-2007-3077,0.00898,0.80984
CVE-2007-3078,0.00285,0.65511
CVE-2007-3079,0.00535,0.74784
CVE-2007-3080,0.00122,0.46378
CVE-2007-3081,0.00951,0.81547
CVE-2007-3082,0.01920,0.87389
CVE-2007-3083,0.00654,0.77332
CVE-2007-3084,0.00953,0.81576
CVE-2007-3085,0.02855,0.89738
CVE-2007-3086,0.00043,0.07477
CVE-2007-3087,0.00336,0.68379
CVE-2007-3088,0.00898,0.80984
CVE-2007-3089,0.92674,0.98836
CVE-2007-3091,0.95175,0.99183
CVE-2007-3092,0.04163,0.91377
CVE-2007-3093,0.20303,0.95944
CVE-2007-3094,0.02620,0.89297
CVE-2007-3095,0.00316,0.67387
CVE-2007-3096,0.15844,0.95466
CVE-2007-3097,0.01614,0.86153
CVE-2007-3098,0.03980,0.91190
CVE-2007-3099,0.00360,0.69438
CVE-2007-3100,0.00044,0.08000
CVE-2007-3101,0.81683,0.98120
CVE-2007-3102,0.00848,0.80405
CVE-2007-3103,0.00042,0.00438
CVE-2007-3104,0.00064,0.26441
CVE-2007-3105,0.00071,0.29437
CVE-2007-3106,0.01908,0.87351
CVE-2007-3107,0.00044,0.08000
CVE-2007-3108,0.00045,0.12301
CVE-2007-3109,0.00766,0.79294
CVE-2007-3110,0.00240,0.62073
CVE-2007-3111,0.35224,0.96750
CVE-2007-3112,0.06809,0.93233
CVE-2007-3113,0.01232,0.84003
CVE-2007-3114,0.04141,0.91363
CVE-2007-3115,0.05698,0.92615
CVE-2007-3116,0.01032,0.82301
CVE-2007-3117,0.00267,0.64345
CVE-2007-3118,0.17643,0.95691
CVE-2007-3119,0.00347,0.68834
CVE-2007-3120,0.00267,0.64345
CVE-2007-3121,0.00522,0.74458
CVE-2007-3122,0.02591,0.89234
CVE-2007-3123,0.14696,0.95294
CVE-2007-3124,0.00042,0.05722
CVE-2007-3126,0.00679,0.77894
CVE-2007-3127,0.01377,0.84957
CVE-2007-3128,0.00590,0.76028
CVE-2007-3129,0.01024,0.82240
CVE-2007-3130,0.01771,0.86732
CVE-2007-3131,0.00814,0.79990
CVE-2007-3132,0.07077,0.93355
CVE-2007-3133,0.01180,0.83606
CVE-2007-3134,0.00209,0.58920
CVE-2007-3135,0.00502,0.73969
CVE-2007-3136,0.06756,0.93205
CVE-2007-3137,0.00228,0.61072
CVE-2007-3138,0.00889,0.80875
CVE-2007-3139,0.03725,0.90928
CVE-2007-3140,0.25883,0.96302
CVE-2007-3141,0.00440,0.72230
CVE-2007-3142,0.00717,0.78548
CVE-2007-3143,0.00737,0.78873
CVE-2007-3144,0.01119,0.83099
CVE-2007-3145,0.00737,0.78873
CVE-2007-3146,0.00547,0.75072
CVE-2007-3147,0.94017,0.98993
CVE-2007-3148,0.25428,0.96278
CVE-2007-3149,0.00042,0.05722
CVE-2007-3150,0.00289,0.65774
CVE-2007-3151,0.10790,0.94595
CVE-2007-3152,0.01433,0.85234
CVE-2007-3153,0.00547,0.75072
CVE-2007-3154,0.00727,0.78726
CVE-2007-3155,0.00565,0.75460
CVE-2007-3156,0.01478,0.85457
CVE-2007-3157,0.10980,0.94636
CVE-2007-3158,0.01244,0.84089
CVE-2007-3159,0.06034,0.92794
CVE-2007-3160,0.15766,0.95451
CVE-2007-3161,0.00698,0.78224
CVE-2007-3162,0.09238,0.94132
CVE-2007-3163,0.01130,0.83186
CVE-2007-3164,0.27340,0.96375
CVE-2007-3165,0.00388,0.70529
CVE-2007-3166,0.00853,0.80452
CVE-2007-3167,0.04832,0.91987
CVE-2007-3168,0.08757,0.93973
CVE-2007-3169,0.21383,0.96022
CVE-2007-3170,0.00560,0.75325
CVE-2007-3171,0.01350,0.84772
CVE-2007-3172,0.00380,0.70249
CVE-2007-3173,0.00535,0.74784
CVE-2007-3174,0.00220,0.60178
CVE-2007-3175,0.00146,0.50440
CVE-2007-3176,0.00317,0.67400
CVE-2007-3177,0.00929,0.81324
CVE-2007-3178,0.00566,0.75481
CVE-2007-3179,0.00146,0.50440
CVE-2007-3180,0.00699,0.78238
CVE-2007-3181,0.33079,0.96654
CVE-2007-3182,0.00874,0.80689
CVE-2007-3183,0.01365,0.84892
CVE-2007-3184,0.00235,0.61644
CVE-2007-3185,0.03095,0.90088
CVE-2007-3186,0.83188,0.98196
CVE-2007-3187,0.02395,0.88836
CVE-2007-3188,0.00310,0.67001
CVE-2007-3189,0.00322,0.67680
CVE-2007-3190,0.00487,0.73535
CVE-2007-3191,0.06858,0.93256
CVE-2007-3192,0.02582,0.89213
CVE-2007-3193,0.02265,0.88531
CVE-2007-3194,0.00951,0.81547
CVE-2007-3195,0.00240,0.62073
CVE-2007-3196,0.00767,0.79323
CVE-2007-3197,0.00138,0.49362
CVE-2007-3198,0.00854,0.80482
CVE-2007-3199,0.17718,0.95697
CVE-2007-3200,0.00046,0.12627
CVE-2007-3201,0.02171,0.88265
CVE-2007-3202,0.00240,0.62073
CVE-2007-3203,0.09825,0.94310
CVE-2007-3204,0.00216,0.59659
CVE-2007-3205,0.00779,0.79511
CVE-2007-3207,0.09919,0.94346
CVE-2007-3208,0.18052,0.95727
CVE-2007-3209,0.00828,0.80161
CVE-2007-3210,0.05998,0.92776
CVE-2007-3211,0.00240,0.62073
CVE-2007-3212,0.00322,0.67680
CVE-2007-3213,0.00267,0.64345
CVE-2007-3214,0.00708,0.78380
CVE-2007-3215,0.01866,0.87144
CVE-2007-3216,0.95921,0.99345
CVE-2007-3217,0.12337,0.94929
CVE-2007-3218,0.00240,0.62073
CVE-2007-3219,0.00950,0.81533
CVE-2007-3220,0.34118,0.96707
CVE-2007-3221,0.44050,0.97054
CVE-2007-3222,0.12805,0.94997
CVE-2007-3223,0.06462,0.93045
CVE-2007-3224,0.00934,0.81373
CVE-2007-3225,0.00930,0.81326
CVE-2007-3226,0.00285,0.65511
CVE-2007-3227,0.00707,0.78371
CVE-2007-3228,0.24641,0.96234
CVE-2007-3229,0.00953,0.81576
CVE-2007-3230,0.09293,0.94153
CVE-2007-3231,0.00391,0.70658
CVE-2007-3232,0.00794,0.79753
CVE-2007-3233,0.03554,0.90711
CVE-2007-3234,0.00400,0.70955
CVE-2007-3235,0.00175,0.54693
CVE-2007-3236,0.69761,0.97737
CVE-2007-3237,0.44050,0.97054
CVE-2007-3238,0.00380,0.70219
CVE-2007-3239,0.01590,0.86041
CVE-2007-3240,0.00758,0.79199
CVE-2007-3241,0.00240,0.62073
CVE-2007-3242,0.01743,0.86646
CVE-2007-3243,0.00398,0.70899
CVE-2007-3244,0.00789,0.79677
CVE-2007-3245,0.02355,0.88739
CVE-2007-3246,0.00779,0.79515
CVE-2007-3247,0.00651,0.77269
CVE-2007-3248,0.05269,0.92312
CVE-2007-3249,0.00662,0.77546
CVE-2007-3250,0.00787,0.79605
CVE-2007-3251,0.00718,0.78591
CVE-2007-3252,0.00548,0.75107
CVE-2007-3253,0.02841,0.89714
CVE-2007-3254,0.00146,0.50567
CVE-2007-3255,0.00435,0.72083
CVE-2007-3256,0.00205,0.58489
CVE-2007-3257,0.02762,0.89582
CVE-2007-3258,0.00753,0.79102
CVE-2007-3259,0.00710,0.78448
CVE-2007-3260,0.00590,0.76022
CVE-2007-3261,0.00293,0.66063
CVE-2007-3262,0.02843,0.89716
CVE-2007-3263,0.00361,0.69460
CVE-2007-3264,0.00361,0.69460
CVE-2007-3265,0.00275,0.64831
CVE-2007-3266,0.02364,0.88763
CVE-2007-3267,0.00365,0.69640
CVE-2007-3268,0.02965,0.89889
CVE-2007-3269,0.00166,0.53363
CVE-2007-3270,0.08558,0.93882
CVE-2007-3271,0.01978,0.87600
CVE-2007-3272,0.02232,0.88433
CVE-2007-3273,0.00167,0.53410
CVE-2007-3274,0.00317,0.67414
CVE-2007-3275,0.00714,0.78500
CVE-2007-3276,0.00224,0.60728
CVE-2007-3277,0.00474,0.73160
CVE-2007-3278,0.00229,0.61153
CVE-2007-3279,0.01978,0.87600
CVE-2007-3280,0.03713,0.90912
CVE-2007-3281,0.00662,0.77546
CVE-2007-3282,0.17560,0.95680
CVE-2007-3283,0.00062,0.24522
CVE-2007-3284,0.02981,0.89911
CVE-2007-3285,0.02130,0.88147
CVE-2007-3286,0.03723,0.90927
CVE-2007-3288,0.00277,0.64972
CVE-2007-3289,0.24387,0.96217
CVE-2007-3290,0.01344,0.84728
CVE-2007-3291,0.00258,0.63637
CVE-2007-3292,0.00925,0.81289
CVE-2007-3293,0.00751,0.79073
CVE-2007-3294,0.00718,0.78593
CVE-2007-3295,0.00517,0.74341
CVE-2007-3296,0.00938,0.81401
CVE-2007-3297,0.16120,0.95496
CVE-2007-3298,0.00450,0.72534
CVE-2007-3299,0.00338,0.68466
CVE-2007-3300,0.02186,0.88306
CVE-2007-3301,0.00119,0.45858
CVE-2007-3302,0.94462,0.99065
CVE-2007-3303,0.00042,0.05722
CVE-2007-3304,0.00044,0.08125
CVE-2007-3305,0.30861,0.96568
CVE-2007-3306,0.06821,0.93239
CVE-2007-3307,0.00505,0.74036
CVE-2007-3308,0.00560,0.75330
CVE-2007-3309,0.01344,0.84728
CVE-2007-3310,0.00204,0.58452
CVE-2007-3311,0.00345,0.68733
CVE-2007-3312,0.00392,0.70707
CVE-2007-3313,0.00718,0.78590
CVE-2007-3314,0.92747,0.98846
CVE-2007-3315,0.00432,0.71963
CVE-2007-3316,0.88727,0.98483
CVE-2007-3317,0.02713,0.89491
CVE-2007-3318,0.04182,0.91398
CVE-2007-3319,0.01058,0.82561
CVE-2007-3320,0.01668,0.86358
CVE-2007-3321,0.01636,0.86243
CVE-2007-3322,0.01636,0.86243
CVE-2007-3323,0.00265,0.64259
CVE-2007-3324,0.00280,0.65152
CVE-2007-3325,0.06867,0.93261
CVE-2007-3326,0.00200,0.57948
CVE-2007-3327,0.01373,0.84927
CVE-2007-3328,0.00625,0.76766
CVE-2007-3329,0.13361,0.95097
CVE-2007-3330,0.00277,0.64972
CVE-2007-3331,0.00548,0.75107
CVE-2007-3332,0.01687,0.86423
CVE-2007-3333,0.05451,0.92456
CVE-2007-3334,0.80103,0.98054
CVE-2007-3335,0.00143,0.50175
CVE-2007-3336,0.73556,0.97859
CVE-2007-3337,0.00042,0.05722
CVE-2007-3338,0.60269,0.97497
CVE-2007-3339,0.00810,0.79945
CVE-2007-3340,0.09827,0.94311
CVE-2007-3341,0.01131,0.83189
CVE-2007-3342,0.00240,0.62130
CVE-2007-3343,0.00312,0.67089
CVE-2007-3344,0.00312,0.67089
CVE-2007-3345,0.00143,0.50175
CVE-2007-3346,0.02232,0.88433
CVE-2007-3347,0.00814,0.79986
CVE-2007-3348,0.02682,0.89430
CVE-2007-3349,0.02713,0.89491
CVE-2007-3350,0.01028,0.82271
CVE-2007-3351,0.00905,0.81056
CVE-2007-3352,0.00312,0.67089
CVE-2007-3353,0.00938,0.81401
CVE-2007-3354,0.00695,0.78175
CVE-2007-3355,0.00277,0.64972
CVE-2007-3356,0.00982,0.81862
CVE-2007-3357,0.00335,0.68330
CVE-2007-3358,0.09336,0.94169
CVE-2007-3359,0.00938,0.81401
CVE-2007-3360,0.01989,0.87631
CVE-2007-3361,0.02713,0.89491
CVE-2007-3362,0.04667,0.91830
CVE-2007-3363,0.00925,0.81289
CVE-2007-3364,0.00322,0.67680
CVE-2007-3365,0.02799,0.89637
CVE-2007-3366,0.00240,0.62130
CVE-2007-3367,0.00548,0.75107
CVE-2007-3368,0.01028,0.82271
CVE-2007-3369,0.04811,0.91974
CVE-2007-3370,0.10331,0.94466
CVE-2007-3371,0.09126,0.94091
CVE-2007-3372,0.00064,0.26441
CVE-2007-3373,0.00147,0.50708
CVE-2007-3374,0.00044,0.08043
CVE-2007-3375,0.11317,0.94722
CVE-2007-3376,0.03435,0.90584
CVE-2007-3377,0.01048,0.82468
CVE-2007-3378,0.01676,0.86385
CVE-2007-3379,0.00042,0.05722
CVE-2007-3380,0.05246,0.92296
CVE-2007-3381,0.00044,0.08000
CVE-2007-3382,0.02426,0.88912
CVE-2007-3383,0.74733,0.97893
CVE-2007-3384,0.00841,0.80328
CVE-2007-3385,0.00506,0.74075
CVE-2007-3386,0.00720,0.78612
CVE-2007-3387,0.03984,0.91191
CVE-2007-3388,0.11442,0.94745
CVE-2007-3389,0.00655,0.77344
CVE-2007-3390,0.00484,0.73488
CVE-2007-3391,0.00484,0.73488
CVE-2007-3392,0.00484,0.73488
CVE-2007-3393,0.00484,0.73488
CVE-2007-3394,0.00423,0.71725
CVE-2007-3396,0.00488,0.73589
CVE-2007-3397,0.00644,0.77121
CVE-2007-3398,0.08147,0.93751
CVE-2007-3399,0.00546,0.75054
CVE-2007-3400,0.17172,0.95632
CVE-2007-3401,0.10331,0.94466
CVE-2007-3402,0.00898,0.80984
CVE-2007-3403,0.05567,0.92534
CVE-2007-3404,0.01920,0.87389
CVE-2007-3405,0.00223,0.60638
CVE-2007-3406,0.08294,0.93797
CVE-2007-3407,0.02024,0.87759
CVE-2007-3408,0.00356,0.69272
CVE-2007-3409,0.13456,0.95110
CVE-2007-3410,0.95626,0.99285
CVE-2007-3411,0.00210,0.58987
CVE-2007-3412,0.00239,0.62058
CVE-2007-3413,0.00224,0.60728
CVE-2007-3414,0.00275,0.64831
CVE-2007-3415,0.00142,0.49853
CVE-2007-3416,0.00169,0.53923
CVE-2007-3417,0.00224,0.60728
CVE-2007-3418,0.00350,0.68992
CVE-2007-3419,0.00356,0.69272
CVE-2007-3420,0.00356,0.69272
CVE-2007-3421,0.00356,0.69272
CVE-2007-3422,0.00356,0.69272
CVE-2007-3423,0.00356,0.69272
CVE-2007-3424,0.00356,0.69272
CVE-2007-3425,0.00896,0.80956
CVE-2007-3426,0.00293,0.66063
CVE-2007-3427,0.00787,0.79605
CVE-2007-3428,0.00938,0.81401
CVE-2007-3429,0.04212,0.91415
CVE-2007-3430,0.00813,0.79980
CVE-2007-3431,0.24641,0.96234
CVE-2007-3432,0.00925,0.81289
CVE-2007-3433,0.00386,0.70477
CVE-2007-3434,0.00753,0.79102
CVE-2007-3435,0.78374,0.97996
CVE-2007-3436,0.02245,0.88469
CVE-2007-3437,0.00905,0.81056
CVE-2007-3438,0.00845,0.80364
CVE-2007-3439,0.00548,0.75107
CVE-2007-3440,0.00971,0.81763
CVE-2007-3441,0.00905,0.81056
CVE-2007-3442,0.00287,0.65627
CVE-2007-3443,0.00373,0.69960
CVE-2007-3444,0.06477,0.93053
CVE-2007-3445,0.00573,0.75624
CVE-2007-3446,0.01344,0.84728
CVE-2007-3447,0.00531,0.74687
CVE-2007-3448,0.00273,0.64726
CVE-2007-3449,0.00801,0.79838
CVE-2007-3450,0.00134,0.48581
CVE-2007-3451,0.00509,0.74127
CVE-2007-3452,0.29864,0.96521
CVE-2007-3453,0.00724,0.78680
CVE-2007-3454,0.83777,0.98218
CVE-2007-3455,0.01829,0.86980
CVE-2007-3456,0.96871,0.99646
CVE-2007-3457,0.00400,0.70963
CVE-2007-3458,0.00044,0.10704
CVE-2007-3459,0.04174,0.91393
CVE-2007-3460,0.10379,0.94480
CVE-2007-3461,0.29864,0.96521
CVE-2007-3462,0.00497,0.73795
CVE-2007-3463,0.00044,0.08021
CVE-2007-3464,0.00172,0.54266
CVE-2007-3465,0.00387,0.70487
CVE-2007-3467,0.02713,0.89491
CVE-2007-3468,0.02713,0.89491
CVE-2007-3469,0.00044,0.10704
CVE-2007-3470,0.05269,0.92312
CVE-2007-3471,0.00044,0.10704
CVE-2007-3472,0.03223,0.90271
CVE-2007-3473,0.21014,0.95999
CVE-2007-3474,0.01016,0.82176
CVE-2007-3475,0.11562,0.94776
CVE-2007-3476,0.02934,0.89844
CVE-2007-3477,0.01343,0.84720
CVE-2007-3478,0.18045,0.95725
CVE-2007-3479,0.05972,0.92763
CVE-2007-3480,0.00905,0.81056
CVE-2007-3481,0.02291,0.88592
CVE-2007-3482,0.00293,0.66052
CVE-2007-3483,0.00356,0.69272
CVE-2007-3484,0.00172,0.54308
CVE-2007-3485,0.00224,0.60728
CVE-2007-3486,0.00146,0.50502
CVE-2007-3487,0.05294,0.92340
CVE-2007-3488,0.32117,0.96620
CVE-2007-3489,0.02071,0.87925
CVE-2007-3490,0.83745,0.98216
CVE-2007-3491,0.02127,0.88109
CVE-2007-3492,0.01741,0.86635
CVE-2007-3493,0.39141,0.96912
CVE-2007-3494,0.00199,0.57902
CVE-2007-3495,0.00293,0.66063
CVE-2007-3496,0.00275,0.64831
CVE-2007-3497,0.00689,0.78066
CVE-2007-3498,0.00240,0.62130
CVE-2007-3499,0.00079,0.32924
CVE-2007-3500,0.00686,0.78015
CVE-2007-3501,0.00275,0.64831
CVE-2007-3502,0.01976,0.87583
CVE-2007-3503,0.00227,0.61045
CVE-2007-3504,0.17024,0.95603
CVE-2007-3505,0.01816,0.86923
CVE-2007-3506,0.00885,0.80815
CVE-2007-3507,0.15063,0.95347
CVE-2007-3508,0.00042,0.05722
CVE-2007-3509,0.11116,0.94670
CVE-2007-3510,0.86251,0.98346
CVE-2007-3511,0.03629,0.90804
CVE-2007-3512,0.11153,0.94679
CVE-2007-3513,0.00044,0.08000
CVE-2007-3514,0.00351,0.69045
CVE-2007-3515,0.00813,0.79980
CVE-2007-3516,0.00223,0.60638
CVE-2007-3517,0.00322,0.67680
CVE-2007-3518,0.00898,0.80984
CVE-2007-3519,0.00898,0.80984
CVE-2007-3520,0.00898,0.80984
CVE-2007-3521,0.29864,0.96521
CVE-2007-3522,0.24641,0.96234
CVE-2007-3523,0.01686,0.86420
CVE-2007-3524,0.23950,0.96192
CVE-2007-3525,0.00548,0.75107
CVE-2007-3526,0.00411,0.71329
CVE-2007-3527,0.00675,0.77789
CVE-2007-3528,0.01266,0.84245
CVE-2007-3529,0.00548,0.75107
CVE-2007-3530,0.00042,0.05722
CVE-2007-3531,0.00042,0.05722
CVE-2007-3532,0.00042,0.05722
CVE-2007-3533,0.02713,0.89491
CVE-2007-3534,0.17202,0.95635
CVE-2007-3535,0.01686,0.86420
CVE-2007-3536,0.07764,0.93585
CVE-2007-3537,0.00593,0.76079
CVE-2007-3538,0.00210,0.58987
CVE-2007-3539,0.00627,0.76798
CVE-2007-3540,0.00277,0.64972
CVE-2007-3541,0.00293,0.66063
CVE-2007-3542,0.00224,0.60728
CVE-2007-3543,0.00225,0.60868
CVE-2007-3544,0.00201,0.58120
CVE-2007-3545,0.02576,0.89199
CVE-2007-3546,0.00293,0.66063
CVE-2007-3547,0.02022,0.87752
CVE-2007-3548,0.00596,0.76136
CVE-2007-3549,0.00505,0.74036
CVE-2007-3550,0.03800,0.91020
CVE-2007-3551,0.00380,0.70239
CVE-2007-3552,0.04048,0.91261
CVE-2007-3553,0.00487,0.73545
CVE-2007-3554,0.26691,0.96341
CVE-2007-3555,0.00563,0.75418
CVE-2007-3556,0.02792,0.89628
CVE-2007-3557,0.00751,0.79073
CVE-2007-3558,0.00213,0.59298
CVE-2007-3559,0.00110,0.43946
CVE-2007-3560,0.00474,0.73160
CVE-2007-3561,0.00239,0.62058
CVE-2007-3562,0.00787,0.79605
CVE-2007-3563,0.00431,0.71922
CVE-2007-3564,0.02186,0.88306
CVE-2007-3566,0.83969,0.98229
CVE-2007-3567,0.02003,0.87688
CVE-2007-3568,0.00473,0.73140
CVE-2007-3569,0.00888,0.80871
CVE-2007-3570,0.00922,0.81250
CVE-2007-3571,0.00425,0.71759
CVE-2007-3572,0.06139,0.92865
CVE-2007-3573,0.00143,0.50175
CVE-2007-3574,0.01643,0.86273
CVE-2007-3575,0.00450,0.72534
CVE-2007-3576,0.73944,0.97869
CVE-2007-3577,0.00317,0.67423
CVE-2007-3578,0.00426,0.71778
CVE-2007-3579,0.00317,0.67423
CVE-2007-3580,0.00317,0.67423
CVE-2007-3581,0.00384,0.70385
CVE-2007-3582,0.00813,0.79980
CVE-2007-3583,0.00813,0.79980
CVE-2007-3584,0.00345,0.68733
CVE-2007-3585,0.00674,0.77771
CVE-2007-3586,0.00603,0.76290
CVE-2007-3587,0.12933,0.95023
CVE-2007-3588,0.00213,0.59298
CVE-2007-3589,0.00386,0.70477
CVE-2007-3590,0.00299,0.66365
CVE-2007-3591,0.00824,0.80106
CVE-2007-3592,0.00382,0.70285
CVE-2007-3593,0.00496,0.73781
CVE-2007-3594,0.00817,0.80017
CVE-2007-3596,0.00475,0.73185
CVE-2007-3597,0.02400,0.88846
CVE-2007-3598,0.00231,0.61355
CVE-2007-3599,0.00166,0.53295
CVE-2007-3600,0.00161,0.52761
CVE-2007-3601,0.00179,0.55242
CVE-2007-3602,0.00157,0.52126
CVE-2007-3603,0.00230,0.61214
CVE-2007-3604,0.00151,0.51345
CVE-2007-3605,0.95089,0.99161
CVE-2007-3606,0.08608,0.93919
CVE-2007-3607,0.03818,0.91035
CVE-2007-3608,0.01011,0.82138
CVE-2007-3609,0.00728,0.78740
CVE-2007-3610,0.00898,0.80984
CVE-2007-3611,0.03582,0.90750
CVE-2007-3612,0.01041,0.82418
CVE-2007-3613,0.01256,0.84158
CVE-2007-3614,0.46530,0.97139
CVE-2007-3615,0.04168,0.91381
CVE-2007-3616,0.00239,0.62043
CVE-2007-3617,0.00152,0.51485
CVE-2007-3618,0.86291,0.98348
CVE-2007-3619,0.01847,0.87079
CVE-2007-3620,0.00676,0.77816
CVE-2007-3621,0.11057,0.94647
CVE-2007-3622,0.02713,0.89491
CVE-2007-3623,0.00293,0.66063
CVE-2007-3624,0.88457,0.98464
CVE-2007-3625,0.04796,0.91959
CVE-2007-3626,0.02713,0.89491
CVE-2007-3627,0.00139,0.49443
CVE-2007-3628,0.00211,0.59070
CVE-2007-3629,0.00301,0.66458
CVE-2007-3630,0.02582,0.89213
CVE-2007-3631,0.00898,0.80984
CVE-2007-3632,0.64485,0.97606
CVE-2007-3633,0.02612,0.89279
CVE-2007-3634,0.00425,0.71773
CVE-2007-3635,0.00042,0.05722
CVE-2007-3636,0.01919,0.87387
CVE-2007-3637,0.00164,0.53127
CVE-2007-3638,0.00850,0.80420
CVE-2007-3639,0.00525,0.74527
CVE-2007-3640,0.00117,0.45556
CVE-2007-3641,0.05747,0.92634
CVE-2007-3642,0.08284,0.93796
CVE-2007-3643,0.01344,0.84728
CVE-2007-3644,0.07801,0.93613
CVE-2007-3645,0.06448,0.93032
CVE-2007-3646,0.01451,0.85342
CVE-2007-3647,0.02203,0.88347
CVE-2007-3648,0.00395,0.70789
CVE-2007-3649,0.08749,0.93970
CVE-2007-3650,0.00337,0.68428
CVE-2007-3651,0.00290,0.65854
CVE-2007-3652,0.00125,0.47070
CVE-2007-3653,0.00173,0.54537
CVE-2007-3654,0.00042,0.05722
CVE-2007-3655,0.94768,0.99111
CVE-2007-3656,0.92245,0.98780
CVE-2007-3657,0.00776,0.79474
CVE-2007-3658,0.00310,0.67002
CVE-2007-3659,0.00042,0.05722
CVE-2007-3660,0.00879,0.80746
CVE-2007-3661,0.00905,0.81056
CVE-2007-3662,0.01497,0.85557
CVE-2007-3663,0.02636,0.89335
CVE-2007-3664,0.00283,0.65365
CVE-2007-3665,0.01173,0.83537
CVE-2007-3666,0.02160,0.88238
CVE-2007-3667,0.00704,0.78311
CVE-2007-3668,0.00704,0.78311
CVE-2007-3669,0.00223,0.60668
CVE-2007-3670,0.34285,0.96711
CVE-2007-3671,0.00280,0.65206
CVE-2007-3672,0.00224,0.60728
CVE-2007-3673,0.00042,0.00438
CVE-2007-3675,0.15034,0.95344
CVE-2007-3676,0.02040,0.87816
CVE-2007-3677,0.00325,0.67799
CVE-2007-3678,0.05455,0.92461
CVE-2007-3679,0.01119,0.83082
CVE-2007-3680,0.00042,0.05722
CVE-2007-3681,0.00042,0.00438
CVE-2007-3682,0.00898,0.80984
CVE-2007-3683,0.00813,0.79980
CVE-2007-3684,0.00493,0.73695
CVE-2007-3685,0.00735,0.78843
CVE-2007-3686,0.01600,0.86076
CVE-2007-3687,0.00090,0.37743
CVE-2007-3688,0.01011,0.82138
CVE-2007-3689,0.00982,0.81862
CVE-2007-3690,0.00982,0.81862
CVE-2007-3691,0.00142,0.49853
CVE-2007-3692,0.00736,0.78863
CVE-2007-3693,0.00202,0.58224
CVE-2007-3694,0.00297,0.66267
CVE-2007-3695,0.01539,0.85788
CVE-2007-3696,0.01055,0.82531
CVE-2007-3697,0.18641,0.95793
CVE-2007-3698,0.23234,0.96142
CVE-2007-3699,0.03171,0.90194
CVE-2007-3700,0.00044,0.10704
CVE-2007-3701,0.12059,0.94884
CVE-2007-3702,0.01729,0.86591
CVE-2007-3703,0.04015,0.91218
CVE-2007-3704,0.01978,0.87600
CVE-2007-3705,0.00167,0.53410
CVE-2007-3706,0.00594,0.76093
CVE-2007-3707,0.00736,0.78863
CVE-2007-3708,0.00275,0.64831
CVE-2007-3709,0.00598,0.76162
CVE-2007-3710,0.00938,0.81401
CVE-2007-3711,0.02869,0.89756
CVE-2007-3712,0.00146,0.50502
CVE-2007-3713,0.02581,0.89210
CVE-2007-3714,0.02232,0.88433
CVE-2007-3715,0.00899,0.80990
CVE-2007-3716,0.01655,0.86307
CVE-2007-3717,0.00044,0.10704
CVE-2007-3718,0.00356,0.69272
CVE-2007-3719,0.00042,0.05722
CVE-2007-3720,0.00042,0.05722
CVE-2007-3721,0.00042,0.05722
CVE-2007-3722,0.00042,0.05722
CVE-2007-3723,0.00044,0.10704
CVE-2007-3724,0.00043,0.07422
CVE-2007-3725,0.12303,0.94923
CVE-2007-3726,0.01271,0.84263
CVE-2007-3727,0.00447,0.72419
CVE-2007-3728,0.04182,0.91398
CVE-2007-3729,0.00720,0.78608
CVE-2007-3730,0.00611,0.76439
CVE-2007-3731,0.00044,0.08000
CVE-2007-3732,0.00044,0.10161
CVE-2007-3734,0.92117,0.98762
CVE-2007-3735,0.61926,0.97554
CVE-2007-3736,0.38080,0.96861
CVE-2007-3737,0.78149,0.97987
CVE-2007-3738,0.49119,0.97224
CVE-2007-3739,0.00044,0.08000
CVE-2007-3740,0.00044,0.08000
CVE-2007-3741,0.02053,0.87860
CVE-2007-3742,0.00636,0.76957
CVE-2007-3743,0.02398,0.88841
CVE-2007-3744,0.03034,0.89987
CVE-2007-3745,0.03288,0.90374
CVE-2007-3746,0.02092,0.87998
CVE-2007-3747,0.03288,0.90374
CVE-2007-3748,0.02529,0.89121
CVE-2007-3749,0.00043,0.05916
CVE-2007-3750,0.17404,0.95657
CVE-2007-3751,0.63511,0.97583
CVE-2007-3752,0.01745,0.86652
CVE-2007-3753,0.01140,0.83261
CVE-2007-3754,0.00515,0.74299
CVE-2007-3755,0.00905,0.81051
CVE-2007-3756,0.00761,0.79241
CVE-2007-3757,0.00858,0.80515
CVE-2007-3758,0.00603,0.76278
CVE-2007-3759,0.00960,0.81651
CVE-2007-3760,0.00505,0.74042
CVE-2007-3761,0.00280,0.65144
CVE-2007-3762,0.16375,0.95524
CVE-2007-3763,0.95545,0.99267
CVE-2007-3764,0.96759,0.99605
CVE-2007-3765,0.08460,0.93853
CVE-2007-3768,0.01033,0.82328
CVE-2007-3769,0.00185,0.55890
CVE-2007-3770,0.00765,0.79287
CVE-2007-3771,0.00042,0.05722
CVE-2007-3772,0.01948,0.87485
CVE-2007-3773,0.00925,0.81289
CVE-2007-3774,0.00510,0.74183
CVE-2007-3775,0.02468,0.88999
CVE-2007-3776,0.00925,0.81283
CVE-2007-3777,0.00042,0.05722
CVE-2007-3778,0.01571,0.85939
CVE-2007-3779,0.00169,0.53849
CVE-2007-3780,0.84934,0.98277
CVE-2007-3781,0.00357,0.69308
CVE-2007-3782,0.00317,0.67436
CVE-2007-3783,0.00787,0.79605
CVE-2007-3784,0.00312,0.67089
CVE-2007-3785,0.01020,0.82215
CVE-2007-3786,0.02290,0.88589
CVE-2007-3787,0.01846,0.87074
CVE-2007-3788,0.00555,0.75259
CVE-2007-3789,0.00127,0.47359
CVE-2007-3790,0.00467,0.72984
CVE-2007-3791,0.08090,0.93737
CVE-2007-3792,0.06146,0.92867
CVE-2007-3793,0.01025,0.82250
CVE-2007-3794,0.00420,0.71609
CVE-2007-3795,0.00513,0.74245
CVE-2007-3796,0.01132,0.83203
CVE-2007-3798,0.65953,0.97637
CVE-2007-3799,0.09594,0.94251
CVE-2007-3800,0.00042,0.05722
CVE-2007-3803,0.01344,0.84728
CVE-2007-3804,0.00389,0.70591
CVE-2007-3805,0.00654,0.77337
CVE-2007-3806,0.01951,0.87499
CVE-2007-3807,0.00293,0.66063
CVE-2007-3808,0.00898,0.80984
CVE-2007-3809,0.00165,0.53183
CVE-2007-3810,0.00898,0.80984
CVE-2007-3811,0.00551,0.75170
CVE-2007-3812,0.00813,0.79980
CVE-2007-3813,0.19257,0.95849
CVE-2007-3814,0.01237,0.84040
CVE-2007-3815,0.00042,0.05722
CVE-2007-3816,0.03312,0.90412
CVE-2007-3817,0.00275,0.64831
CVE-2007-3818,0.00066,0.27481
CVE-2007-3819,0.01083,0.82816
CVE-2007-3820,0.01055,0.82532
CVE-2007-3821,0.02552,0.89157
CVE-2007-3822,0.00888,0.80871
CVE-2007-3823,0.12384,0.94937
CVE-2007-3824,0.00317,0.67427
CVE-2007-3825,0.09415,0.94189
CVE-2007-3826,0.95021,0.99150
CVE-2007-3827,0.00238,0.61985
CVE-2007-3828,0.02061,0.87882
CVE-2007-3829,0.29640,0.96510
CVE-2007-3830,0.00907,0.81080
CVE-2007-3831,0.00772,0.79400
CVE-2007-3832,0.22572,0.96097
CVE-2007-3833,0.01850,0.87088
CVE-2007-3834,0.00277,0.64972
CVE-2007-3835,0.00312,0.67089
CVE-2007-3836,0.00905,0.81056
CVE-2007-3837,0.00248,0.62843
CVE-2007-3838,0.00267,0.64335
CVE-2007-3839,0.00351,0.69042
CVE-2007-3840,0.00156,0.52025
CVE-2007-3841,0.00248,0.62791
CVE-2007-3842,0.00146,0.50502
CVE-2007-3843,0.00870,0.80636
CVE-2007-3844,0.96238,0.99420
CVE-2007-3845,0.96323,0.99447
CVE-2007-3846,0.00508,0.74104
CVE-2007-3847,0.00707,0.78371
CVE-2007-3848,0.00046,0.13781
CVE-2007-3849,0.00057,0.21321
CVE-2007-3850,0.00042,0.05722
CVE-2007-3851,0.00044,0.08000
CVE-2007-3852,0.00042,0.05722
CVE-2007-3853,0.01575,0.85974
CVE-2007-3854,0.00628,0.76808
CVE-2007-3855,0.93579,0.98935
CVE-2007-3856,0.00695,0.78179
CVE-2007-3857,0.00695,0.78179
CVE-2007-3858,0.02417,0.88887
CVE-2007-3859,0.01116,0.83070
CVE-2007-3860,0.00578,0.75740
CVE-2007-3861,0.01116,0.83070
CVE-2007-3862,0.02221,0.88405
CVE-2007-3863,0.01116,0.83070
CVE-2007-3864,0.01116,0.83070
CVE-2007-3865,0.01612,0.86143
CVE-2007-3866,0.02693,0.89450
CVE-2007-3867,0.01612,0.86143
CVE-2007-3868,0.00695,0.78179
CVE-2007-3869,0.02221,0.88405
CVE-2007-3870,0.00762,0.79248
CVE-2007-3871,0.01622,0.86191
CVE-2007-3872,0.91540,0.98701
CVE-2007-3873,0.00042,0.05722
CVE-2007-3874,0.00626,0.76791
CVE-2007-3875,0.47130,0.97152
CVE-2007-3876,0.00042,0.00438
CVE-2007-3880,0.00047,0.14044
CVE-2007-3881,0.00156,0.52025
CVE-2007-3882,0.00156,0.52025
CVE-2007-3883,0.27055,0.96361
CVE-2007-3884,0.00642,0.77091
CVE-2007-3885,0.00277,0.64972
CVE-2007-3886,0.00277,0.64972
CVE-2007-3887,0.00411,0.71326
CVE-2007-3888,0.00407,0.71184
CVE-2007-3889,0.00954,0.81598
CVE-2007-3890,0.33575,0.96680
CVE-2007-3891,0.93817,0.98967
CVE-2007-3892,0.08773,0.93977
CVE-2007-3893,0.61959,0.97555
CVE-2007-3895,0.91620,0.98709
CVE-2007-3896,0.95457,0.99245
CVE-2007-3897,0.95855,0.99328
CVE-2007-3898,0.96190,0.99408
CVE-2007-3899,0.58977,0.97460
CVE-2007-3901,0.96193,0.99408
CVE-2007-3902,0.55043,0.97378
CVE-2007-3903,0.75273,0.97903
CVE-2007-3905,0.00830,0.80195
CVE-2007-3906,0.00513,0.74245
CVE-2007-3907,0.02167,0.88253
CVE-2007-3908,0.00042,0.05722
CVE-2007-3909,0.00278,0.65020
CVE-2007-3910,0.00352,0.69050
CVE-2007-3911,0.62536,0.97566
CVE-2007-3912,0.00042,0.05722
CVE-2007-3913,0.00146,0.50496
CVE-2007-3915,0.00168,0.53801
CVE-2007-3916,0.00042,0.05722
CVE-2007-3917,0.02163,0.88246
CVE-2007-3918,0.00281,0.65224
CVE-2007-3919,0.00044,0.08000
CVE-2007-3920,0.00247,0.62751
CVE-2007-3921,0.00042,0.05722
CVE-2007-3922,0.02328,0.88672
CVE-2007-3923,0.02468,0.88999
CVE-2007-3924,0.00437,0.72159
CVE-2007-3925,0.97461,0.99956
CVE-2007-3926,0.01809,0.86896
CVE-2007-3927,0.14540,0.95269
CVE-2007-3928,0.07043,0.93339
CVE-2007-3929,0.06721,0.93187
CVE-2007-3930,0.04254,0.91458
CVE-2007-3931,0.00042,0.05722
CVE-2007-3932,0.05567,0.92534
CVE-2007-3933,0.06741,0.93199
CVE-2007-3934,0.17169,0.95629
CVE-2007-3935,0.09126,0.94091
CVE-2007-3936,0.00453,0.72602
CVE-2007-3937,0.00112,0.44384
CVE-2007-3938,0.00799,0.79815
CVE-2007-3939,0.00142,0.49899
CVE-2007-3940,0.00327,0.67947
CVE-2007-3941,0.00276,0.64937
CVE-2007-3942,0.00457,0.72708
CVE-2007-3943,0.00210,0.58987
CVE-2007-3944,0.79617,0.98033
CVE-2007-3945,0.00378,0.70166
CVE-2007-3946,0.11133,0.94673
CVE-2007-3947,0.10792,0.94595
CVE-2007-3948,0.10505,0.94509
CVE-2007-3949,0.02597,0.89246
CVE-2007-3950,0.05178,0.92249
CVE-2007-3951,0.17024,0.95604
CVE-2007-3952,0.02074,0.87931
CVE-2007-3953,0.04667,0.91830
CVE-2007-3954,0.00388,0.70513
CVE-2007-3955,0.27316,0.96374
CVE-2007-3956,0.08147,0.93751
CVE-2007-3957,0.06588,0.93124
CVE-2007-3958,0.91202,0.98670
CVE-2007-3959,0.04657,0.91811
CVE-2007-3960,0.00659,0.77427
CVE-2007-3961,0.04667,0.91830
CVE-2007-3962,0.16705,0.95562
CVE-2007-3963,0.00694,0.78157
CVE-2007-3964,0.00238,0.61919
CVE-2007-3965,0.00387,0.70487
CVE-2007-3966,0.00208,0.58781
CVE-2007-3967,0.00344,0.68712
CVE-2007-3968,0.00327,0.67924
CVE-2007-3969,0.12352,0.94930
CVE-2007-3970,0.03063,0.90038
CVE-2007-3971,0.06723,0.93187
CVE-2007-3972,0.06731,0.93194
CVE-2007-3973,0.02100,0.88020
CVE-2007-3974,0.02305,0.88632
CVE-2007-3975,0.00224,0.60728
CVE-2007-3976,0.00210,0.58987
CVE-2007-3977,0.00136,0.48906
CVE-2007-3978,0.00268,0.64406
CVE-2007-3979,0.00930,0.81332
CVE-2007-3980,0.09126,0.94091
CVE-2007-3981,0.00713,0.78490
CVE-2007-3982,0.00886,0.80845
CVE-2007-3983,0.00274,0.64778
CVE-2007-3984,0.01599,0.86073
CVE-2007-3985,0.00776,0.79470
CVE-2007-3986,0.01292,0.84425
CVE-2007-3987,0.00467,0.72987
CVE-2007-3988,0.01812,0.86908
CVE-2007-3989,0.00181,0.55400
CVE-2007-3990,0.00210,0.58987
CVE-2007-3991,0.00263,0.64013
CVE-2007-3992,0.00155,0.51748
CVE-2007-3993,0.00994,0.82000
CVE-2007-3996,0.09568,0.94239
CVE-2007-3997,0.10310,0.94456
CVE-2007-3998,0.01581,0.86003
CVE-2007-3999,0.96081,0.99382
CVE-2007-4000,0.09003,0.94050
CVE-2007-4003,0.00042,0.00438
CVE-2007-4004,0.00043,0.07332
CVE-2007-4005,0.33379,0.96673
CVE-2007-4006,0.94619,0.99090
CVE-2007-4007,0.13995,0.95192
CVE-2007-4008,0.02361,0.88757
CVE-2007-4009,0.07028,0.93333
CVE-2007-4010,0.02730,0.89523
CVE-2007-4011,0.02367,0.88772
CVE-2007-4012,0.02468,0.88999
CVE-2007-4013,0.01010,0.82123
CVE-2007-4014,0.02667,0.89392
CVE-2007-4016,0.01027,0.82261
CVE-2007-4017,0.01751,0.86670
CVE-2007-4018,0.00697,0.78199
CVE-2007-4020,0.00275,0.64831
CVE-2007-4021,0.00240,0.62130
CVE-2007-4022,0.00490,0.73627
CVE-2007-4023,0.00312,0.67089
CVE-2007-4024,0.00181,0.55400
CVE-2007-4025,0.00764,0.79281
CVE-2007-4026,0.00888,0.80868
CVE-2007-4027,0.00042,0.05722
CVE-2007-4028,0.01137,0.83248
CVE-2007-4029,0.01735,0.86609
CVE-2007-4031,0.03257,0.90331
CVE-2007-4032,0.10158,0.94428
CVE-2007-4033,0.02071,0.87920
CVE-2007-4034,0.92585,0.98827
CVE-2007-4035,0.00902,0.81022
CVE-2007-4036,0.04048,0.91261
CVE-2007-4037,0.00773,0.79426
CVE-2007-4038,0.00103,0.41621
CVE-2007-4039,0.00085,0.35304
CVE-2007-4040,0.00470,0.73042
CVE-2007-4041,0.02794,0.89632
CVE-2007-4042,0.00579,0.75762
CVE-2007-4043,0.00187,0.56177
CVE-2007-4045,0.03938,0.91155
CVE-2007-4046,0.00404,0.71084
CVE-2007-4047,0.04447,0.91622
CVE-2007-4048,0.00312,0.67089
CVE-2007-4050,0.02067,0.87902
CVE-2007-4051,0.00042,0.05722
CVE-2007-4052,0.00214,0.59514
CVE-2007-4053,0.00788,0.79619
CVE-2007-4054,0.12425,0.94942
CVE-2007-4055,0.09671,0.94268
CVE-2007-4056,0.01793,0.86823
CVE-2007-4057,0.01569,0.85929
CVE-2007-4058,0.90460,0.98602
CVE-2007-4059,0.02523,0.89110
CVE-2007-4060,0.03960,0.91172
CVE-2007-4061,0.13713,0.95149
CVE-2007-4062,0.00306,0.66770
CVE-2007-4063,0.00927,0.81301
CVE-2007-4064,0.00256,0.63517
CVE-2007-4065,0.01247,0.84105
CVE-2007-4066,0.01184,0.83634
CVE-2007-4067,0.07367,0.93458
CVE-2007-4068,0.00291,0.65887
CVE-2007-4069,0.01451,0.85342
CVE-2007-4070,0.00044,0.10704
CVE-2007-4071,0.00275,0.64831
CVE-2007-4072,0.00526,0.74554
CVE-2007-4073,0.00638,0.76995
CVE-2007-4074,0.01557,0.85880
CVE-2007-4075,0.00150,0.51191
CVE-2007-4076,0.00104,0.42331
CVE-2007-4077,0.00606,0.76338
CVE-2007-4078,0.00530,0.74661
CVE-2007-4079,0.00255,0.63457
CVE-2007-4080,0.00450,0.72501
CVE-2007-4081,0.00267,0.64335
CVE-2007-4082,0.00172,0.54257
CVE-2007-4083,0.00270,0.64507
CVE-2007-4084,0.00159,0.52510
CVE-2007-4085,0.00201,0.58107
CVE-2007-4086,0.00718,0.78590
CVE-2007-4087,0.00436,0.72121
CVE-2007-4088,0.00888,0.80871
CVE-2007-4089,0.01890,0.87262
CVE-2007-4090,0.00240,0.62130
CVE-2007-4091,0.18610,0.95779
CVE-2007-4092,0.01902,0.87320
CVE-2007-4093,0.00526,0.74554
CVE-2007-4094,0.00647,0.77173
CVE-2007-4095,0.00066,0.27429
CVE-2007-4096,0.01133,0.83205
CVE-2007-4097,0.01291,0.84416
CVE-2007-4098,0.00791,0.79704
CVE-2007-4099,0.01291,0.84416
CVE-2007-4100,0.00650,0.77261
CVE-2007-4101,0.14124,0.95212
CVE-2007-4102,0.00299,0.66365
CVE-2007-4103,0.13781,0.95157
CVE-2007-4104,0.01509,0.85644
CVE-2007-4105,0.13443,0.95108
CVE-2007-4106,0.00614,0.76536
CVE-2007-4107,0.00595,0.76116
CVE-2007-4108,0.00934,0.81374
CVE-2007-4109,0.00281,0.65208
CVE-2007-4110,0.00278,0.65012
CVE-2007-4111,0.00939,0.81423
CVE-2007-4112,0.00179,0.55227
CVE-2007-4113,0.00161,0.52762
CVE-2007-4114,0.00392,0.70718
CVE-2007-4115,0.00797,0.79798
CVE-2007-4116,0.00388,0.70527
CVE-2007-4117,0.00888,0.80868
CVE-2007-4118,0.00888,0.80868
CVE-2007-4119,0.00256,0.63505
CVE-2007-4120,0.00727,0.78725
CVE-2007-4121,0.00588,0.75983
CVE-2007-4122,0.02055,0.87865
CVE-2007-4123,0.00322,0.67673
CVE-2007-4124,0.00225,0.60850
CVE-2007-4125,0.05342,0.92370
CVE-2007-4126,0.00044,0.10704
CVE-2007-4127,0.03061,0.90036
CVE-2007-4128,0.00788,0.79619
CVE-2007-4129,0.00042,0.05722
CVE-2007-4130,0.00042,0.05722
CVE-2007-4131,0.02407,0.88861
CVE-2007-4132,0.00886,0.80841
CVE-2007-4133,0.00044,0.08000
CVE-2007-4134,0.01669,0.86362
CVE-2007-4135,0.00062,0.24773
CVE-2007-4136,0.03784,0.90996
CVE-2007-4137,0.01343,0.84722
CVE-2007-4138,0.00044,0.10363
CVE-2007-4139,0.00345,0.68775
CVE-2007-4140,0.05972,0.92763
CVE-2007-4141,0.00224,0.60728
CVE-2007-4142,0.00293,0.66063
CVE-2007-4143,0.00944,0.81478
CVE-2007-4144,0.00258,0.63637
CVE-2007-4145,0.21677,0.96037
CVE-2007-4146,0.00267,0.64335
CVE-2007-4147,0.00356,0.69272
CVE-2007-4148,0.02915,0.89818
CVE-2007-4149,0.08342,0.93811
CVE-2007-4150,0.00325,0.67818
CVE-2007-4151,0.00847,0.80392
CVE-2007-4152,0.00855,0.80486
CVE-2007-4153,0.00225,0.60800
CVE-2007-4154,0.00175,0.54771
CVE-2007-4155,0.28087,0.96428
CVE-2007-4156,0.03796,0.91011
CVE-2007-4157,0.00671,0.77727
CVE-2007-4158,0.06770,0.93214
CVE-2007-4159,0.00723,0.78655
CVE-2007-4160,0.00655,0.77351
CVE-2007-4161,0.02607,0.89271
CVE-2007-4162,0.00723,0.78655
CVE-2007-4163,0.00112,0.44384
CVE-2007-4164,0.02443,0.88950
CVE-2007-4165,0.00185,0.55875
CVE-2007-4166,0.00383,0.70329
CVE-2007-4167,0.00888,0.80868
CVE-2007-4169,0.00888,0.80868
CVE-2007-4170,0.00900,0.81003
CVE-2007-4171,0.00788,0.79619
CVE-2007-4172,0.00224,0.60720
CVE-2007-4173,0.00121,0.46300
CVE-2007-4174,0.01951,0.87500
CVE-2007-4175,0.00270,0.64507
CVE-2007-4176,0.00387,0.70487
CVE-2007-4177,0.00275,0.64831
CVE-2007-4178,0.00407,0.71184
CVE-2007-4179,0.00042,0.05722
CVE-2007-4180,0.00603,0.76261
CVE-2007-4181,0.01292,0.84426
CVE-2007-4182,0.00888,0.80868
CVE-2007-4183,0.00159,0.52510
CVE-2007-4184,0.00278,0.65057
CVE-2007-4185,0.00897,0.80958
CVE-2007-4186,0.12018,0.94873
CVE-2007-4187,0.02240,0.88459
CVE-2007-4188,0.00794,0.79759
CVE-2007-4189,0.00257,0.63556
CVE-2007-4190,0.00258,0.63645
CVE-2007-4191,0.00043,0.07520
CVE-2007-4192,0.00275,0.64831
CVE-2007-4193,0.00600,0.76203
CVE-2007-4194,0.00987,0.81920
CVE-2007-4195,0.01970,0.87558
CVE-2007-4196,0.01486,0.85494
CVE-2007-4197,0.01228,0.83953
CVE-2007-4198,0.02607,0.89271
CVE-2007-4199,0.02607,0.89271
CVE-2007-4200,0.02607,0.89271
CVE-2007-4201,0.00919,0.81220
CVE-2007-4202,0.00369,0.69826
CVE-2007-4203,0.00888,0.80868
CVE-2007-4204,0.00157,0.52126
CVE-2007-4205,0.04048,0.91261
CVE-2007-4206,0.00042,0.05722
CVE-2007-4207,0.00456,0.72699
CVE-2007-4208,0.09398,0.94185
CVE-2007-4209,0.00213,0.59298
CVE-2007-4210,0.00728,0.78740
CVE-2007-4211,0.00518,0.74355
CVE-2007-4212,0.00240,0.62130
CVE-2007-4213,0.06054,0.92800
CVE-2007-4216,0.00042,0.05722
CVE-2007-4217,0.00042,0.05722
CVE-2007-4218,0.96732,0.99592
CVE-2007-4219,0.88718,0.98482
CVE-2007-4220,0.01769,0.86727
CVE-2007-4221,0.23692,0.96177
CVE-2007-4222,0.84567,0.98258
CVE-2007-4223,0.00154,0.51712
CVE-2007-4224,0.01009,0.82116
CVE-2007-4225,0.02308,0.88636
CVE-2007-4226,0.00979,0.81838
CVE-2007-4227,0.01151,0.83349
CVE-2007-4228,0.00042,0.05722
CVE-2007-4229,0.03837,0.91054
CVE-2007-4230,0.02071,0.87925
CVE-2007-4231,0.15155,0.95357
CVE-2007-4232,0.07278,0.93428
CVE-2007-4233,0.00248,0.62843
CVE-2007-4234,0.00499,0.73855
CVE-2007-4235,0.06252,0.92926
CVE-2007-4236,0.00042,0.05722
CVE-2007-4237,0.00042,0.05722
CVE-2007-4238,0.00042,0.05722
CVE-2007-4239,0.00270,0.64507
CVE-2007-4240,0.00888,0.80868
CVE-2007-4241,0.25647,0.96290
CVE-2007-4242,0.00976,0.81807
CVE-2007-4243,0.10505,0.94509
CVE-2007-4244,0.08972,0.94044
CVE-2007-4245,0.00256,0.63517
CVE-2007-4246,0.12192,0.94908
CVE-2007-4247,0.02263,0.88524
CVE-2007-4248,0.00987,0.81920
CVE-2007-4249,0.00987,0.81920
CVE-2007-4250,0.01180,0.83602
CVE-2007-4251,0.01486,0.85494
CVE-2007-4252,0.01696,0.86456
CVE-2007-4253,0.00251,0.63124
CVE-2007-4254,0.04290,0.91493
CVE-2007-4255,0.00853,0.80452
CVE-2007-4256,0.02112,0.88046
CVE-2007-4257,0.13342,0.95094
CVE-2007-4258,0.00071,0.29322
CVE-2007-4259,0.00982,0.81862
CVE-2007-4260,0.00847,0.80392
CVE-2007-4261,0.01457,0.85379
CVE-2007-4262,0.00514,0.74251
CVE-2007-4263,0.00538,0.74861
CVE-2007-4264,0.00209,0.58920
CVE-2007-4265,0.00557,0.75286
CVE-2007-4267,0.00043,0.05916
CVE-2007-4268,0.00042,0.00438
CVE-2007-4269,0.00043,0.05916
CVE-2007-4270,0.00042,0.05753
CVE-2007-4271,0.00042,0.05722
CVE-2007-4272,0.00042,0.05722
CVE-2007-4273,0.00042,0.00442
CVE-2007-4275,0.00062,0.24569
CVE-2007-4276,0.00142,0.49874
CVE-2007-4277,0.00042,0.05722
CVE-2007-4278,0.08785,0.93979
CVE-2007-4279,0.17643,0.95691
CVE-2007-4280,0.95985,0.99357
CVE-2007-4281,0.00293,0.66063
CVE-2007-4282,0.00793,0.79751
CVE-2007-4283,0.10331,0.94466
CVE-2007-4284,0.01954,0.87511
CVE-2007-4285,0.02128,0.88109
CVE-2007-4286,0.91759,0.98728
CVE-2007-4287,0.06821,0.93239
CVE-2007-4288,0.77584,0.97973
CVE-2007-4289,0.01130,0.83182
CVE-2007-4290,0.00888,0.80868
CVE-2007-4291,0.06017,0.92787
CVE-2007-4292,0.02146,0.88190
CVE-2007-4293,0.02856,0.89738
CVE-2007-4294,0.13361,0.95097
CVE-2007-4295,0.13361,0.95097
CVE-2007-4296,0.00545,0.75044
CVE-2007-4297,0.00275,0.64831
CVE-2007-4301,0.00293,0.66063
CVE-2007-4302,0.00042,0.00438
CVE-2007-4303,0.00042,0.05753
CVE-2007-4304,0.00042,0.05722
CVE-2007-4305,0.00042,0.00438
CVE-2007-4306,0.00224,0.60728
CVE-2007-4307,0.01954,0.87511
CVE-2007-4308,0.00044,0.08000
CVE-2007-4309,0.00179,0.55242
CVE-2007-4310,0.00421,0.71646
CVE-2007-4311,0.00456,0.72688
CVE-2007-4312,0.00251,0.63124
CVE-2007-4313,0.15155,0.95357
CVE-2007-4314,0.02507,0.89072
CVE-2007-4315,0.00042,0.05722
CVE-2007-4316,0.00927,0.81301
CVE-2007-4317,0.01022,0.82227
CVE-2007-4318,0.00437,0.72160
CVE-2007-4319,0.00986,0.81912
CVE-2007-4320,0.16060,0.95488
CVE-2007-4321,0.21712,0.96040
CVE-2007-4322,0.00900,0.81003
CVE-2007-4323,0.03988,0.91195
CVE-2007-4324,0.01282,0.84364
CVE-2007-4325,0.12403,0.94939
CVE-2007-4326,0.02186,0.88306
CVE-2007-4327,0.30609,0.96555
CVE-2007-4328,0.10038,0.94399
CVE-2007-4329,0.09955,0.94356
CVE-2007-4330,0.14124,0.95212
CVE-2007-4331,0.00240,0.62130
CVE-2007-4332,0.00210,0.58987
CVE-2007-4333,0.00240,0.62130
CVE-2007-4334,0.00490,0.73627
CVE-2007-4335,0.05456,0.92462
CVE-2007-4336,0.94917,0.99137
CVE-2007-4337,0.12555,0.94964
CVE-2007-4338,0.43395,0.97032
CVE-2007-4339,0.02071,0.87925
CVE-2007-4340,0.00900,0.81003
CVE-2007-4341,0.11315,0.94721
CVE-2007-4342,0.01924,0.87406
CVE-2007-4343,0.06859,0.93257
CVE-2007-4344,0.10913,0.94620
CVE-2007-4345,0.04390,0.91577
CVE-2007-4346,0.01286,0.84391
CVE-2007-4347,0.01408,0.85112
CVE-2007-4348,0.00218,0.59886
CVE-2007-4349,0.06306,0.92950
CVE-2007-4350,0.00263,0.64036
CVE-2007-4351,0.08270,0.93792
CVE-2007-4352,0.12360,0.94933
CVE-2007-4353,0.00042,0.05753
CVE-2007-4354,0.00042,0.05722
CVE-2007-4355,0.00042,0.05722
CVE-2007-4356,0.00551,0.75176
CVE-2007-4357,0.03018,0.89957
CVE-2007-4358,0.14153,0.95219
CVE-2007-4359,0.00753,0.79103
CVE-2007-4360,0.04667,0.91830
CVE-2007-4361,0.02167,0.88253
CVE-2007-4362,0.00939,0.81423
CVE-2007-4363,0.01954,0.87511
CVE-2007-4364,0.00587,0.75913
CVE-2007-4365,0.00277,0.64972
CVE-2007-4366,0.05574,0.92545
CVE-2007-4367,0.07447,0.93485
CVE-2007-4368,0.83472,0.98207
CVE-2007-4369,0.02254,0.88498
CVE-2007-4370,0.91374,0.98686
CVE-2007-4371,0.00888,0.80868
CVE-2007-4372,0.00261,0.63907
CVE-2007-4373,0.00900,0.81003
CVE-2007-4374,0.00187,0.56279
CVE-2007-4375,0.15229,0.95367
CVE-2007-4376,0.01291,0.84416
CVE-2007-4377,0.01828,0.86977
CVE-2007-4378,0.09766,0.94293
CVE-2007-4379,0.04748,0.91898
CVE-2007-4380,0.00042,0.05722
CVE-2007-4381,0.08618,0.93922
CVE-2007-4382,0.05635,0.92580
CVE-2007-4383,0.00900,0.81003
CVE-2007-4384,0.06209,0.92901
CVE-2007-4385,0.16613,0.95553
CVE-2007-4386,0.00583,0.75847
CVE-2007-4387,0.32627,0.96637
CVE-2007-4388,0.00356,0.69272
CVE-2007-4389,0.03226,0.90282
CVE-2007-4390,0.00080,0.33425
CVE-2007-4391,0.06342,0.92972
CVE-2007-4392,0.01541,0.85800
CVE-2007-4393,0.00052,0.18252
CVE-2007-4394,0.00050,0.16885
CVE-2007-4395,0.02179,0.88289
CVE-2007-4396,0.02434,0.88933
CVE-2007-4397,0.01874,0.87191
CVE-2007-4398,0.01710,0.86507
CVE-2007-4399,0.01745,0.86652
CVE-2007-4400,0.01541,0.85800
CVE-2007-4401,0.02078,0.87946
CVE-2007-4402,0.11499,0.94758
CVE-2007-4403,0.03156,0.90172
CVE-2007-4404,0.04051,0.91266
CVE-2007-4405,0.01486,0.85494
CVE-2007-4406,0.00727,0.78725
CVE-2007-4407,0.00825,0.80126
CVE-2007-4408,0.00825,0.80126
CVE-2007-4409,0.01292,0.84426
CVE-2007-4410,0.00548,0.75103
CVE-2007-4411,0.00389,0.70607
CVE-2007-4412,0.00101,0.41062
CVE-2007-4413,0.00100,0.41003
CVE-2007-4414,0.00042,0.05722
CVE-2007-4415,0.00042,0.05722
CVE-2007-4416,0.00813,0.79965
CVE-2007-4417,0.00448,0.72462
CVE-2007-4418,0.00369,0.69806
CVE-2007-4419,0.11888,0.94851
CVE-2007-4420,0.06233,0.92917
CVE-2007-4421,0.00735,0.78847
CVE-2007-4422,0.13248,0.95075
CVE-2007-4423,0.01827,0.86974
CVE-2007-4424,0.00663,0.77557
CVE-2007-4425,0.01054,0.82530
CVE-2007-4426,0.04667,0.91830
CVE-2007-4427,0.00140,0.49507
CVE-2007-4428,0.08923,0.94026
CVE-2007-4429,0.04539,0.91701
CVE-2007-4430,0.01867,0.87149
CVE-2007-4431,0.01307,0.84520
CVE-2007-4432,0.00050,0.16885
CVE-2007-4433,0.00275,0.64876
CVE-2007-4434,0.00204,0.58452
CVE-2007-4435,0.00532,0.74714
CVE-2007-4436,0.00542,0.74963
CVE-2007-4437,0.00787,0.79605
CVE-2007-4438,0.01812,0.86908
CVE-2007-4439,0.06867,0.93261
CVE-2007-4440,0.74488,0.97885
CVE-2007-4441,0.00082,0.34030
CVE-2007-4442,0.10512,0.94513
CVE-2007-4443,0.04667,0.91830
CVE-2007-4444,0.24523,0.96225
CVE-2007-4445,0.04091,0.91317
CVE-2007-4446,0.11816,0.94843
CVE-2007-4447,0.03700,0.90900
CVE-2007-4448,0.02671,0.89398
CVE-2007-4449,0.01640,0.86253
CVE-2007-4450,0.01195,0.83718
CVE-2007-4451,0.01640,0.86253
CVE-2007-4452,0.02671,0.89398
CVE-2007-4453,0.00224,0.60728
CVE-2007-4454,0.01688,0.86427
CVE-2007-4455,0.07496,0.93499
CVE-2007-4456,0.00250,0.63022
CVE-2007-4457,0.02288,0.88585
CVE-2007-4458,0.02186,0.88307
CVE-2007-4459,0.85581,0.98306
CVE-2007-4460,0.00044,0.08000
CVE-2007-4461,0.00569,0.75531
CVE-2007-4462,0.00042,0.05722
CVE-2007-4463,0.18303,0.95745
CVE-2007-4464,0.00478,0.73312
CVE-2007-4465,0.01454,0.85356
CVE-2007-4466,0.89627,0.98553
CVE-2007-4467,0.11866,0.94848
CVE-2007-4470,0.09438,0.94200
CVE-2007-4471,0.04476,0.91649
CVE-2007-4472,0.09840,0.94318
CVE-2007-4473,0.08125,0.93744
CVE-2007-4474,0.97169,0.99772
CVE-2007-4475,0.96227,0.99415
CVE-2007-4476,0.00716,0.78542
CVE-2007-4477,0.02607,0.89271
CVE-2007-4478,0.02962,0.89886
CVE-2007-4479,0.00662,0.77546
CVE-2007-4480,0.00685,0.78001
CVE-2007-4481,0.00224,0.60728
CVE-2007-4482,0.00267,0.64379
CVE-2007-4483,0.00240,0.62130
CVE-2007-4484,0.02071,0.87925
CVE-2007-4485,0.01924,0.87406
CVE-2007-4486,0.20772,0.95978
CVE-2007-4487,0.00277,0.64972
CVE-2007-4488,0.00254,0.63434
CVE-2007-4489,0.21677,0.96037
CVE-2007-4490,0.00755,0.79134
CVE-2007-4491,0.00095,0.39597
CVE-2007-4492,0.00044,0.10704
CVE-2007-4493,0.00490,0.73638
CVE-2007-4494,0.01993,0.87646
CVE-2007-4495,0.00044,0.10704
CVE-2007-4496,0.00106,0.42914
CVE-2007-4497,0.00076,0.31291
CVE-2007-4498,0.79782,0.98038
CVE-2007-4499,0.00472,0.73114
CVE-2007-4500,0.00042,0.05722
CVE-2007-4501,0.00062,0.24773
CVE-2007-4502,0.00249,0.62943
CVE-2007-4503,0.52996,0.97324
CVE-2007-4504,0.02599,0.89251
CVE-2007-4505,0.00249,0.62943
CVE-2007-4506,0.52996,0.97324
CVE-2007-4507,0.00397,0.70875
CVE-2007-4508,0.27916,0.96418
CVE-2007-4509,0.00249,0.62943
CVE-2007-4510,0.09109,0.94080
CVE-2007-4511,0.01453,0.85347
CVE-2007-4512,0.00366,0.69678
CVE-2007-4513,0.00044,0.08043
CVE-2007-4514,0.00528,0.74610
CVE-2007-4515,0.85883,0.98318
CVE-2007-4516,0.02599,0.89250
CVE-2007-4517,0.89999,0.98574
CVE-2007-4521,0.07496,0.93499
CVE-2007-4522,0.00171,0.54162
CVE-2007-4523,0.00330,0.68149
CVE-2007-4524,0.10331,0.94466
CVE-2007-4525,0.01291,0.84416
CVE-2007-4526,0.00046,0.12627
CVE-2007-4527,0.01709,0.86505
CVE-2007-4528,0.00215,0.59533
CVE-2007-4529,0.00549,0.75125
CVE-2007-4530,0.00312,0.67089
CVE-2007-4531,0.18303,0.95745
CVE-2007-4532,0.01486,0.85494
CVE-2007-4533,0.19509,0.95879
CVE-2007-4534,0.23050,0.96132
CVE-2007-4535,0.12547,0.94961
CVE-2007-4536,0.00062,0.24773
CVE-2007-4537,0.21677,0.96037
CVE-2007-4538,0.03025,0.89978
CVE-2007-4539,0.00543,0.74997
CVE-2007-4540,0.00287,0.65649
CVE-2007-4541,0.00334,0.68294
CVE-2007-4542,0.00391,0.70663
CVE-2007-4543,0.00525,0.74537
CVE-2007-4544,0.00120,0.46139
CVE-2007-4545,0.00610,0.76427
CVE-2007-4546,0.00389,0.70607
CVE-2007-4547,0.00261,0.63911
CVE-2007-4548,0.00579,0.75770
CVE-2007-4549,0.03053,0.90025
CVE-2007-4550,0.01028,0.82270
CVE-2007-4551,0.05842,0.92688
CVE-2007-4552,0.00220,0.59960
CVE-2007-4553,0.15232,0.95367
CVE-2007-4554,0.00386,0.70445
CVE-2007-4555,0.00173,0.54519
CVE-2007-4556,0.16469,0.95534
CVE-2007-4557,0.00071,0.29170
CVE-2007-4559,0.00947,0.81503
CVE-2007-4560,0.96527,0.99519
CVE-2007-4561,0.43771,0.97046
CVE-2007-4562,0.02653,0.89366
CVE-2007-4563,0.00042,0.05722
CVE-2007-4564,0.00042,0.05722
CVE-2007-4565,0.01874,0.87190
CVE-2007-4566,0.33200,0.96659
CVE-2007-4567,0.07020,0.93329
CVE-2007-4568,0.90322,0.98593
CVE-2007-4569,0.00360,0.69435
CVE-2007-4570,0.00042,0.05722
CVE-2007-4571,0.00042,0.00438
CVE-2007-4572,0.04518,0.91685
CVE-2007-4573,0.00042,0.00438
CVE-2007-4574,0.00042,0.05722
CVE-2007-4575,0.02624,0.89310
CVE-2007-4577,0.04338,0.91533
CVE-2007-4578,0.11063,0.94650
CVE-2007-4580,0.00042,0.05722
CVE-2007-4581,0.00161,0.52753
CVE-2007-4582,0.11487,0.94755
CVE-2007-4583,0.04501,0.91675
CVE-2007-4584,0.02115,0.88054
CVE-2007-4585,0.02361,0.88757
CVE-2007-4586,0.00588,0.75985
CVE-2007-4587,0.00341,0.68573
CVE-2007-4588,0.00442,0.72294
CVE-2007-4589,0.00442,0.72294
CVE-2007-4590,0.00042,0.05722
CVE-2007-4591,0.00042,0.05722
CVE-2007-4592,0.00507,0.74097
CVE-2007-4593,0.00042,0.05722
CVE-2007-4594,0.00200,0.57927
CVE-2007-4595,0.00256,0.63517
CVE-2007-4596,0.00277,0.64957
CVE-2007-4597,0.00160,0.52617
CVE-2007-4598,0.00147,0.50681
CVE-2007-4599,0.96025,0.99369
CVE-2007-4600,0.00059,0.22933
CVE-2007-4601,0.00533,0.74718
CVE-2007-4602,0.00186,0.55917
CVE-2007-4603,0.00429,0.71857
CVE-2007-4604,0.00161,0.52753
CVE-2007-4605,0.01600,0.86079
CVE-2007-4606,0.01600,0.86079
CVE-2007-4607,0.92835,0.98853
CVE-2007-4608,0.00888,0.80868
CVE-2007-4609,0.00584,0.75872
CVE-2007-4610,0.01004,0.82082
CVE-2007-4611,0.00095,0.39597
CVE-2007-4612,0.00466,0.72929
CVE-2007-4613,0.00101,0.41084
CVE-2007-4614,0.00277,0.64992
CVE-2007-4615,0.01019,0.82204
CVE-2007-4616,0.00803,0.79873
CVE-2007-4617,0.00485,0.73499
CVE-2007-4618,0.01007,0.82104
CVE-2007-4619,0.42645,0.97007
CVE-2007-4620,0.09612,0.94256
CVE-2007-4621,0.00042,0.05722
CVE-2007-4622,0.00042,0.05722
CVE-2007-4623,0.00042,0.05722
CVE-2007-4624,0.00277,0.64977
CVE-2007-4625,0.00389,0.70541
CVE-2007-4626,0.00283,0.65365
CVE-2007-4627,0.12425,0.94942
CVE-2007-4628,0.00713,0.78490
CVE-2007-4629,0.01895,0.87285
CVE-2007-4630,0.00325,0.67796
CVE-2007-4631,0.00042,0.05722
CVE-2007-4632,0.00423,0.71705
CVE-2007-4633,0.00257,0.63556
CVE-2007-4634,0.00145,0.50315
CVE-2007-4635,0.00783,0.79556
CVE-2007-4636,0.22228,0.96076
CVE-2007-4637,0.01432,0.85231
CVE-2007-4638,0.03356,0.90473
CVE-2007-4639,0.02996,0.89929
CVE-2007-4640,0.00542,0.74963
CVE-2007-4641,0.00328,0.67964
CVE-2007-4642,0.21189,0.96009
CVE-2007-4643,0.04748,0.91898
CVE-2007-4644,0.00789,0.79689
CVE-2007-4645,0.00425,0.71756
CVE-2007-4646,0.75381,0.97906
CVE-2007-4647,0.01812,0.86906
CVE-2007-4648,0.00042,0.05763
CVE-2007-4649,0.00042,0.00438
CVE-2007-4650,0.01039,0.82401
CVE-2007-4651,0.00838,0.80281
CVE-2007-4652,0.00047,0.13898
CVE-2007-4653,0.00100,0.40966
CVE-2007-4654,0.00612,0.76474
CVE-2007-4655,0.00623,0.76731
CVE-2007-4656,0.00042,0.05722
CVE-2007-4657,0.01915,0.87375
CVE-2007-4658,0.01224,0.83935
CVE-2007-4659,0.02576,0.89199
CVE-2007-4660,0.01810,0.86897
CVE-2007-4661,0.01537,0.85783
CVE-2007-4662,0.01196,0.83720
CVE-2007-4663,0.00929,0.81317
CVE-2007-4664,0.01516,0.85670
CVE-2007-4665,0.06169,0.92881
CVE-2007-4666,0.06169,0.92881
CVE-2007-4667,0.06169,0.92881
CVE-2007-4668,0.00750,0.79050
CVE-2007-4669,0.00213,0.59372
CVE-2007-4670,0.01615,0.86157
CVE-2007-4671,0.02378,0.88797
CVE-2007-4672,0.26628,0.96338
CVE-2007-4673,0.00830,0.80195
CVE-2007-4674,0.03887,0.91110
CVE-2007-4675,0.55333,0.97386
CVE-2007-4676,0.95284,0.99203
CVE-2007-4677,0.78893,0.98014
CVE-2007-4678,0.00229,0.61129
CVE-2007-4679,0.00179,0.55168
CVE-2007-4680,0.01066,0.82656
CVE-2007-4681,0.00043,0.05916
CVE-2007-4682,0.00288,0.65675
CVE-2007-4683,0.00043,0.05916
CVE-2007-4684,0.00042,0.00438
CVE-2007-4685,0.00043,0.05916
CVE-2007-4686,0.00043,0.05916
CVE-2007-4687,0.01192,0.83681
CVE-2007-4688,0.00740,0.78904
CVE-2007-4689,0.04648,0.91805
CVE-2007-4690,0.01282,0.84360
CVE-2007-4691,0.00924,0.81278
CVE-2007-4692,0.00825,0.80118
CVE-2007-4693,0.00281,0.65215
CVE-2007-4694,0.00740,0.78904
CVE-2007-4695,0.00689,0.78074
CVE-2007-4696,0.00594,0.76092
CVE-2007-4697,0.04246,0.91450
CVE-2007-4698,0.00541,0.74951
CVE-2007-4699,0.01131,0.83189
CVE-2007-4700,0.01521,0.85710
CVE-2007-4701,0.00046,0.12673
CVE-2007-4702,0.01985,0.87617
CVE-2007-4703,0.02183,0.88300
CVE-2007-4704,0.00623,0.76733
CVE-2007-4706,0.13713,0.95150
CVE-2007-4707,0.02374,0.88788
CVE-2007-4708,0.03859,0.91073
CVE-2007-4709,0.01348,0.84754
CVE-2007-4710,0.04598,0.91755
CVE-2007-4711,0.00561,0.75355
CVE-2007-4712,0.08497,0.93867
CVE-2007-4713,0.00265,0.64232
CVE-2007-4714,0.00087,0.36669
CVE-2007-4715,0.06471,0.93049
CVE-2007-4716,0.00391,0.70673
CVE-2007-4717,0.00165,0.53166
CVE-2007-4718,0.06650,0.93154
CVE-2007-4719,0.00208,0.58781
CVE-2007-4720,0.11108,0.94668
CVE-2007-4722,0.25683,0.96291
CVE-2007-4723,0.00551,0.75166
CVE-2007-4724,0.00395,0.70812
CVE-2007-4725,0.11623,0.94792
CVE-2007-4726,0.01403,0.85087
CVE-2007-4727,0.31647,0.96603
CVE-2007-4730,0.00046,0.13785
CVE-2007-4731,0.92757,0.98848
CVE-2007-4732,0.00044,0.10704
CVE-2007-4733,0.00523,0.74485
CVE-2007-4734,0.17508,0.95675
CVE-2007-4735,0.22545,0.96096
CVE-2007-4736,0.00107,0.43102
CVE-2007-4737,0.01928,0.87424
CVE-2007-4738,0.02594,0.89242
CVE-2007-4739,0.00953,0.81581
CVE-2007-4740,0.09805,0.94305
CVE-2007-4741,0.00067,0.27655
CVE-2007-4742,0.00292,0.65993
CVE-2007-4743,0.92984,0.98867
CVE-2007-4744,0.15316,0.95375
CVE-2007-4745,0.00238,0.62005
CVE-2007-4746,0.00463,0.72863
CVE-2007-4747,0.01843,0.87064
CVE-2007-4748,0.08713,0.93954
CVE-2007-4749,0.01609,0.86130
CVE-2007-4750,0.05970,0.92759
CVE-2007-4751,0.00042,0.05722
CVE-2007-4752,0.01871,0.87165
CVE-2007-4753,0.03784,0.90996
CVE-2007-4754,0.12593,0.94968
CVE-2007-4755,0.07137,0.93375
CVE-2007-4756,0.00884,0.80798
CVE-2007-4757,0.05767,0.92645
CVE-2007-4758,0.03325,0.90429
CVE-2007-4759,0.00850,0.80423
CVE-2007-4760,0.00267,0.64367
CVE-2007-4761,0.00764,0.79279
CVE-2007-4762,0.00082,0.34033
CVE-2007-4763,0.04952,0.92069
CVE-2007-4764,0.00361,0.69464
CVE-2007-4766,0.02236,0.88453
CVE-2007-4767,0.02172,0.88267
CVE-2007-4768,0.03914,0.91138
CVE-2007-4769,0.01151,0.83345
CVE-2007-4770,0.00663,0.77569
CVE-2007-4771,0.00681,0.77938
CVE-2007-4772,0.00421,0.71662
CVE-2007-4773,0.00409,0.71257
CVE-2007-4774,0.00194,0.57327
CVE-2007-4776,0.95573,0.99274
CVE-2007-4777,0.00313,0.67171
CVE-2007-4778,0.00342,0.68617
CVE-2007-4779,0.00341,0.68573
CVE-2007-4780,0.00863,0.80559
CVE-2007-4781,0.00288,0.65716
CVE-2007-4782,0.01328,0.84635
CVE-2007-4783,0.01543,0.85813
CVE-2007-4784,0.01146,0.83313
CVE-2007-4785,0.01945,0.87477
CVE-2007-4786,0.00108,0.43327
CVE-2007-4787,0.01111,0.83034
CVE-2007-4788,0.02304,0.88622
CVE-2007-4789,0.02304,0.88622
CVE-2007-4790,0.96534,0.99524
CVE-2007-4791,0.00042,0.05722
CVE-2007-4792,0.00042,0.05722
CVE-2007-4793,0.00042,0.05722
CVE-2007-4794,0.00042,0.05722
CVE-2007-4795,0.00042,0.05722
CVE-2007-4796,0.00042,0.05722
CVE-2007-4797,0.00042,0.05753
CVE-2007-4798,0.00042,0.05722
CVE-2007-4799,0.00042,0.05722
CVE-2007-4802,0.29529,0.96505
CVE-2007-4803,0.07997,0.93698
CVE-2007-4804,0.00837,0.80277
CVE-2007-4805,0.02094,0.88002
CVE-2007-4806,0.02928,0.89836
CVE-2007-4807,0.02928,0.89836
CVE-2007-4808,0.00467,0.72975
CVE-2007-4809,0.11750,0.94824
CVE-2007-4810,0.00349,0.68952
CVE-2007-4811,0.00424,0.71742
CVE-2007-4812,0.02370,0.88777
CVE-2007-4813,0.00132,0.48166
CVE-2007-4814,0.69196,0.97722
CVE-2007-4815,0.05520,0.92509
CVE-2007-4816,0.36794,0.96809
CVE-2007-4817,0.09455,0.94208
CVE-2007-4818,0.01928,0.87424
CVE-2007-4819,0.00232,0.61362
CVE-2007-4820,0.01975,0.87577
CVE-2007-4821,0.07997,0.93698
CVE-2007-4822,0.00396,0.70849
CVE-2007-4823,0.00116,0.45376
CVE-2007-4824,0.00119,0.45973
CVE-2007-4825,0.02279,0.88563
CVE-2007-4826,0.00391,0.70652
CVE-2007-4827,0.33044,0.96653
CVE-2007-4828,0.00297,0.66275
CVE-2007-4829,0.01047,0.82465
CVE-2007-4830,0.00267,0.64367
CVE-2007-4831,0.00267,0.64367
CVE-2007-4832,0.11244,0.94705
CVE-2007-4833,0.00425,0.71753
CVE-2007-4834,0.08497,0.93867
CVE-2007-4835,0.00404,0.71069
CVE-2007-4836,0.00281,0.65224
CVE-2007-4837,0.00404,0.71069
CVE-2007-4838,0.27224,0.96369
CVE-2007-4839,0.00226,0.60953
CVE-2007-4840,0.01556,0.85871
CVE-2007-4841,0.01650,0.86294
CVE-2007-4842,0.01739,0.86629
CVE-2007-4843,0.00218,0.59823
CVE-2007-4844,0.00607,0.76368
CVE-2007-4845,0.00093,0.39001
CVE-2007-4846,0.09201,0.94118
CVE-2007-4847,0.00119,0.45863
CVE-2007-4848,0.00268,0.64428
CVE-2007-4849,0.00042,0.05722
CVE-2007-4850,0.01239,0.84054
CVE-2007-4861,0.00705,0.78318
CVE-2007-4862,0.00696,0.78196
CVE-2007-4863,0.00148,0.50872
CVE-2007-4872,0.00738,0.78876
CVE-2007-4873,0.00551,0.75176
CVE-2007-4874,0.00497,0.73803
CVE-2007-4879,0.02847,0.89725
CVE-2007-4880,0.96663,0.99567
CVE-2007-4881,0.00404,0.71069
CVE-2007-4882,0.00232,0.61362
CVE-2007-4883,0.00132,0.48166
CVE-2007-4884,0.00264,0.64126
CVE-2007-4885,0.00235,0.61603
CVE-2007-4886,0.00756,0.79173
CVE-2007-4887,0.01716,0.86541
CVE-2007-4888,0.00119,0.45886
CVE-2007-4889,0.01147,0.83320
CVE-2007-4890,0.02114,0.88052
CVE-2007-4891,0.95288,0.99204
CVE-2007-4892,0.00094,0.39474
CVE-2007-4893,0.00279,0.65070
CVE-2007-4894,0.00257,0.63561
CVE-2007-4895,0.00821,0.80072
CVE-2007-4896,0.00409,0.71235
CVE-2007-4897,0.10382,0.94480
CVE-2007-4898,0.00147,0.50594
CVE-2007-4899,0.00244,0.62443
CVE-2007-4900,0.00281,0.65224
CVE-2007-4901,0.02559,0.89168
CVE-2007-4902,0.22245,0.96077
CVE-2007-4903,0.14624,0.95281
CVE-2007-4904,0.02604,0.89265
CVE-2007-4905,0.01350,0.84770
CVE-2007-4906,0.06121,0.92853
CVE-2007-4907,0.11558,0.94776
CVE-2007-4908,0.00837,0.80279
CVE-2007-4909,0.07405,0.93468
CVE-2007-4910,0.00269,0.64448
CVE-2007-4911,0.07304,0.93437
CVE-2007-4912,0.00267,0.64367
CVE-2007-4913,0.00540,0.74912
CVE-2007-4914,0.00427,0.71821
CVE-2007-4915,0.68092,0.97691
CVE-2007-4916,0.94098,0.99002
CVE-2007-4917,0.00213,0.59272
CVE-2007-4918,0.22414,0.96088
CVE-2007-4919,0.00102,0.41432
CVE-2007-4920,0.00124,0.46848
CVE-2007-4921,0.07121,0.93370
CVE-2007-4922,0.00057,0.21520
CVE-2007-4923,0.08948,0.94037
CVE-2007-4924,0.09003,0.94050
CVE-2007-4925,0.04244,0.91448
CVE-2007-4926,0.00684,0.77990
CVE-2007-4927,0.01368,0.84901
CVE-2007-4928,0.00060,0.23520
CVE-2007-4929,0.00424,0.71742
CVE-2007-4930,0.01073,0.82726
CVE-2007-4931,0.00060,0.23280
CVE-2007-4932,0.01006,0.82095
CVE-2007-4933,0.00582,0.75836
CVE-2007-4934,0.07093,0.93358
CVE-2007-4935,0.02258,0.88511
CVE-2007-4936,0.00225,0.60802
CVE-2007-4937,0.00960,0.81649
CVE-2007-4938,0.16922,0.95593
CVE-2007-4939,0.25868,0.96302
CVE-2007-4940,0.02216,0.88392
CVE-2007-4941,0.02505,0.89066
CVE-2007-4942,0.00749,0.79039
CVE-2007-4943,0.03599,0.90774
CVE-2007-4944,0.00700,0.78251
CVE-2007-4945,0.00267,0.64367
CVE-2007-4946,0.00397,0.70874
CVE-2007-4947,0.03015,0.89953
CVE-2007-4948,0.01006,0.82095
CVE-2007-4949,0.00330,0.68114
CVE-2007-4950,0.00756,0.79173
CVE-2007-4951,0.00330,0.68114
CVE-2007-4952,0.00107,0.43198
CVE-2007-4953,0.00100,0.40966
CVE-2007-4954,0.02626,0.89321
CVE-2007-4955,0.01978,0.87598
CVE-2007-4956,0.00328,0.67998
CVE-2007-4957,0.02236,0.88453
CVE-2007-4958,0.00232,0.61362
CVE-2007-4959,0.00267,0.64367
CVE-2007-4960,0.00427,0.71816
CVE-2007-4961,0.00212,0.59189
CVE-2007-4962,0.11948,0.94861
CVE-2007-4963,0.00788,0.79655
CVE-2007-4964,0.04559,0.91714
CVE-2007-4965,0.04696,0.91854
CVE-2007-4966,0.00430,0.71898
CVE-2007-4967,0.00042,0.05722
CVE-2007-4968,0.00042,0.05722
CVE-2007-4969,0.00042,0.05722
CVE-2007-4970,0.00042,0.05722
CVE-2007-4971,0.00042,0.05722
CVE-2007-4972,0.00042,0.05722
CVE-2007-4974,0.24115,0.96204
CVE-2007-4975,0.00409,0.71235
CVE-2007-4976,0.01307,0.84519
CVE-2007-4977,0.00191,0.56838
CVE-2007-4978,0.06121,0.92853
CVE-2007-4979,0.00100,0.40966
CVE-2007-4980,0.05454,0.92460
CVE-2007-4981,0.00265,0.64232
CVE-2007-4982,0.12624,0.94976
CVE-2007-4983,0.21309,0.96015
CVE-2007-4984,0.00064,0.26120
CVE-2007-4985,0.01296,0.84447
CVE-2007-4986,0.01901,0.87319
CVE-2007-4987,0.00392,0.70688
CVE-2007-4988,0.00370,0.69832
CVE-2007-4990,0.03068,0.90051
CVE-2007-4991,0.96377,0.99469
CVE-2007-4992,0.37845,0.96854
CVE-2007-4993,0.00042,0.00438
CVE-2007-4994,0.00951,0.81558
CVE-2007-4995,0.11491,0.94756
CVE-2007-4996,0.04366,0.91553
CVE-2007-4997,0.13180,0.95063
CVE-2007-4998,0.00042,0.05722
CVE-2007-4999,0.05517,0.92506
CVE-2007-5000,0.79560,0.98031
CVE-2007-5001,0.00042,0.05722
CVE-2007-5003,0.93781,0.98962
CVE-2007-5004,0.91846,0.98738
CVE-2007-5005,0.05011,0.92130
CVE-2007-5006,0.06348,0.92980
CVE-2007-5007,0.01289,0.84407
CVE-2007-5008,0.00532,0.74711
CVE-2007-5009,0.13444,0.95109
CVE-2007-5010,0.00312,0.67099
CVE-2007-5011,0.01525,0.85724
CVE-2007-5012,0.00232,0.61362
CVE-2007-5013,0.00232,0.61377
CVE-2007-5014,0.00565,0.75455
CVE-2007-5015,0.25963,0.96307
CVE-2007-5016,0.00087,0.36669
CVE-2007-5017,0.03788,0.91001
CVE-2007-5018,0.07697,0.93557
CVE-2007-5019,0.92963,0.98865
CVE-2007-5020,0.40450,0.96941
CVE-2007-5022,0.00760,0.79222
CVE-2007-5023,0.00042,0.05722
CVE-2007-5024,0.00042,0.05722
CVE-2007-5025,0.00178,0.55053
CVE-2007-5026,0.01515,0.85665
CVE-2007-5027,0.00312,0.67099
CVE-2007-5028,0.00217,0.59716
CVE-2007-5029,0.03281,0.90367
CVE-2007-5030,0.03530,0.90688
CVE-2007-5031,0.04286,0.91486
CVE-2007-5032,0.00159,0.52409
CVE-2007-5033,0.00267,0.64367
CVE-2007-5034,0.00847,0.80397
CVE-2007-5035,0.00666,0.77612
CVE-2007-5036,0.08486,0.93862
CVE-2007-5037,0.01904,0.87331
CVE-2007-5038,0.02114,0.88051
CVE-2007-5039,0.00042,0.05722
CVE-2007-5040,0.00042,0.05722
CVE-2007-5041,0.00042,0.05722
CVE-2007-5042,0.00042,0.05722
CVE-2007-5043,0.00042,0.05722
CVE-2007-5044,0.00042,0.05722
CVE-2007-5045,0.01495,0.85550
CVE-2007-5046,0.00245,0.62634
CVE-2007-5047,0.00043,0.07360
CVE-2007-5048,0.18281,0.95742
CVE-2007-5050,0.04761,0.91921
CVE-2007-5051,0.00267,0.64367
CVE-2007-5052,0.00312,0.67099
CVE-2007-5053,0.00503,0.73999
CVE-2007-5054,0.00788,0.79655
CVE-2007-5055,0.00788,0.79655
CVE-2007-5056,0.72203,0.97816
CVE-2007-5057,0.01843,0.87064
CVE-2007-5058,0.01338,0.84696
CVE-2007-5059,0.00265,0.64232
CVE-2007-5060,0.00537,0.74842
CVE-2007-5061,0.00123,0.46645
CVE-2007-5062,0.02269,0.88537
CVE-2007-5063,0.00708,0.78389
CVE-2007-5064,0.22816,0.96114
CVE-2007-5065,0.02899,0.89800
CVE-2007-5066,0.00367,0.69702
CVE-2007-5067,0.95788,0.99316
CVE-2007-5068,0.00137,0.49170
CVE-2007-5069,0.04761,0.91921
CVE-2007-5070,0.08656,0.93932
CVE-2007-5071,0.12917,0.95019
CVE-2007-5072,0.00281,0.65224
CVE-2007-5078,0.00265,0.64232
CVE-2007-5079,0.00467,0.72980
CVE-2007-5080,0.92930,0.98862
CVE-2007-5081,0.91661,0.98712
CVE-2007-5082,0.81749,0.98122
CVE-2007-5083,0.51034,0.97270
CVE-2007-5084,0.06583,0.93123
CVE-2007-5085,0.00350,0.68990
CVE-2007-5086,0.00042,0.05722
CVE-2007-5087,0.00042,0.05722
CVE-2007-5088,0.00267,0.64367
CVE-2007-5089,0.11558,0.94776
CVE-2007-5090,0.00762,0.79257
CVE-2007-5091,0.00267,0.64367
CVE-2007-5092,0.05077,0.92182
CVE-2007-5093,0.00044,0.08000
CVE-2007-5094,0.06066,0.92805
CVE-2007-5095,0.02436,0.88935
CVE-2007-5096,0.00441,0.72268
CVE-2007-5097,0.00441,0.72268
CVE-2007-5098,0.37017,0.96822
CVE-2007-5099,0.06121,0.92853
CVE-2007-5100,0.01843,0.87064
CVE-2007-5101,0.00042,0.05722
CVE-2007-5102,0.01147,0.83320
CVE-2007-5103,0.00756,0.79173
CVE-2007-5104,0.00140,0.49543
CVE-2007-5105,0.00376,0.70031
CVE-2007-5106,0.00533,0.74721
CVE-2007-5107,0.85831,0.98317
CVE-2007-5108,0.00244,0.62423
CVE-2007-5109,0.00202,0.58189
CVE-2007-5110,0.04905,0.92040
CVE-2007-5111,0.01320,0.84590
CVE-2007-5112,0.02254,0.88497
CVE-2007-5113,0.00872,0.80658
CVE-2007-5114,0.00330,0.68114
CVE-2007-5115,0.00441,0.72268
CVE-2007-5116,0.03227,0.90284
CVE-2007-5117,0.05842,0.92688
CVE-2007-5118,0.00044,0.10704
CVE-2007-5119,0.00640,0.77052
CVE-2007-5120,0.00795,0.79774
CVE-2007-5121,0.00380,0.70230
CVE-2007-5122,0.00100,0.40966
CVE-2007-5123,0.00073,0.30137
CVE-2007-5124,0.00777,0.79483
CVE-2007-5126,0.00169,0.53904
CVE-2007-5127,0.00795,0.79774
CVE-2007-5128,0.00397,0.70874
CVE-2007-5129,0.00587,0.75912
CVE-2007-5130,0.00546,0.75053
CVE-2007-5131,0.00134,0.48603
CVE-2007-5132,0.00044,0.10704
CVE-2007-5133,0.19034,0.95826
CVE-2007-5134,0.00739,0.78890
CVE-2007-5135,0.54951,0.97374
CVE-2007-5136,0.00202,0.58220
CVE-2007-5137,0.34305,0.96713
CVE-2007-5138,0.02470,0.89005
CVE-2007-5139,0.02470,0.89005
CVE-2007-5140,0.06121,0.92853
CVE-2007-5141,0.00102,0.41432
CVE-2007-5142,0.00136,0.48925
CVE-2007-5143,0.00042,0.05722
CVE-2007-5144,0.08969,0.94042
CVE-2007-5145,0.01327,0.84629
CVE-2007-5146,0.01843,0.87064
CVE-2007-5147,0.00359,0.69373
CVE-2007-5148,0.00404,0.71073
CVE-2007-5149,0.28084,0.96428
CVE-2007-5150,0.00269,0.64473
CVE-2007-5151,0.00269,0.64473
CVE-2007-5152,0.01928,0.87424
CVE-2007-5153,0.14648,0.95286
CVE-2007-5154,0.00478,0.73312
CVE-2007-5155,0.05143,0.92226
CVE-2007-5156,0.33902,0.96692
CVE-2007-5157,0.06121,0.92853
CVE-2007-5158,0.05885,0.92713
CVE-2007-5159,0.00042,0.05722
CVE-2007-5160,0.00361,0.69448
CVE-2007-5161,0.00323,0.67742
CVE-2007-5162,0.00379,0.70200
CVE-2007-5163,0.00361,0.69448
CVE-2007-5164,0.00330,0.68114
CVE-2007-5165,0.00404,0.71073
CVE-2007-5166,0.00565,0.75455
CVE-2007-5167,0.00361,0.69448
CVE-2007-5168,0.00566,0.75476
CVE-2007-5169,0.22236,0.96076
CVE-2007-5170,0.01045,0.82447
CVE-2007-5171,0.00352,0.69052
CVE-2007-5172,0.00397,0.70874
CVE-2007-5173,0.08972,0.94044
CVE-2007-5174,0.02047,0.87842
CVE-2007-5175,0.01978,0.87598
CVE-2007-5176,0.00265,0.64232
CVE-2007-5177,0.00064,0.26120
CVE-2007-5178,0.28084,0.96428
CVE-2007-5179,0.00247,0.62744
CVE-2007-5180,0.00296,0.66239
CVE-2007-5181,0.00154,0.51666
CVE-2007-5182,0.00265,0.64232
CVE-2007-5183,0.00381,0.70258
CVE-2007-5184,0.27012,0.96360
CVE-2007-5185,0.07624,0.93540
CVE-2007-5186,0.18663,0.95796
CVE-2007-5187,0.00166,0.53269
CVE-2007-5188,0.01690,0.86435
CVE-2007-5189,0.00197,0.57631
CVE-2007-5190,0.00491,0.73670
CVE-2007-5191,0.00070,0.28990
CVE-2007-5193,0.00302,0.66550
CVE-2007-5194,0.00042,0.05722
CVE-2007-5195,0.00161,0.52793
CVE-2007-5196,0.00170,0.54101
CVE-2007-5197,0.01922,0.87400
CVE-2007-5198,0.02096,0.88006
CVE-2007-5199,0.00771,0.79388
CVE-2007-5200,0.00042,0.05722
CVE-2007-5201,0.00042,0.05722
CVE-2007-5207,0.00042,0.05722
CVE-2007-5208,0.21825,0.96048
CVE-2007-5209,0.03594,0.90765
CVE-2007-5210,0.00335,0.68342
CVE-2007-5211,0.00202,0.58220
CVE-2007-5212,0.00381,0.70258
CVE-2007-5213,0.00845,0.80375
CVE-2007-5214,0.00569,0.75541
CVE-2007-5215,0.00565,0.75455
CVE-2007-5216,0.00565,0.75455
CVE-2007-5217,0.68278,0.97696
CVE-2007-5218,0.00376,0.70031
CVE-2007-5219,0.04658,0.91813
CVE-2007-5220,0.00183,0.55625
CVE-2007-5221,0.08948,0.94037
CVE-2007-5222,0.00194,0.57337
CVE-2007-5223,0.01226,0.83949
CVE-2007-5224,0.02305,0.88632
CVE-2007-5225,0.00044,0.08022
CVE-2007-5226,0.00268,0.64403
CVE-2007-5227,0.00222,0.60613
CVE-2007-5228,0.00104,0.42284
CVE-2007-5229,0.01796,0.86842
CVE-2007-5230,0.02259,0.88512
CVE-2007-5231,0.00336,0.68380
CVE-2007-5232,0.02062,0.87886
CVE-2007-5233,0.00127,0.47374
CVE-2007-5234,0.02899,0.89800
CVE-2007-5235,0.00187,0.56309
CVE-2007-5236,0.00620,0.76652
CVE-2007-5237,0.00736,0.78866
CVE-2007-5238,0.00914,0.81152
CVE-2007-5239,0.00526,0.74556
CVE-2007-5240,0.01571,0.85940
CVE-2007-5241,0.00281,0.65219
CVE-2007-5242,0.04339,0.91534
CVE-2007-5243,0.48583,0.97207
CVE-2007-5244,0.63253,0.97576
CVE-2007-5245,0.04982,0.92089
CVE-2007-5246,0.29746,0.96514
CVE-2007-5247,0.02305,0.88633
CVE-2007-5248,0.23635,0.96174
CVE-2007-5249,0.02758,0.89576
CVE-2007-5250,0.02787,0.89618
CVE-2007-5251,0.00123,0.46587
CVE-2007-5252,0.01133,0.83209
CVE-2007-5253,0.01090,0.82855
CVE-2007-5254,0.00042,0.05722
CVE-2007-5255,0.00497,0.73803
CVE-2007-5256,0.24249,0.96211
CVE-2007-5257,0.23862,0.96186
CVE-2007-5258,0.00694,0.78157
CVE-2007-5259,0.00152,0.51482
CVE-2007-5260,0.00376,0.70030
CVE-2007-5261,0.00093,0.39001
CVE-2007-5262,0.10785,0.94594
CVE-2007-5263,0.04530,0.91692
CVE-2007-5264,0.00985,0.81894
CVE-2007-5265,0.11237,0.94703
CVE-2007-5266,0.02419,0.88891
CVE-2007-5267,0.06407,0.93013
CVE-2007-5268,0.01775,0.86751
CVE-2007-5269,0.19692,0.95891
CVE-2007-5270,0.00666,0.77615
CVE-2007-5271,0.02626,0.89321
CVE-2007-5272,0.00137,0.49170
CVE-2007-5273,0.01234,0.84014
CVE-2007-5274,0.00752,0.79082
CVE-2007-5275,0.01785,0.86794
CVE-2007-5276,0.00169,0.53942
CVE-2007-5277,0.00325,0.67823
CVE-2007-5278,0.00265,0.64237
CVE-2007-5279,0.29914,0.96525
CVE-2007-5280,0.00267,0.64367
CVE-2007-5281,0.01386,0.84999
CVE-2007-5282,0.01100,0.82943
CVE-2007-5283,0.00362,0.69513
CVE-2007-5289,0.20564,0.95960
CVE-2007-5290,0.00448,0.72440
CVE-2007-5291,0.00267,0.64367
CVE-2007-5292,0.00232,0.61362
CVE-2007-5293,0.00323,0.67742
CVE-2007-5294,0.01690,0.86435
CVE-2007-5295,0.00267,0.64367
CVE-2007-5296,0.00267,0.64367
CVE-2007-5297,0.00265,0.64232
CVE-2007-5298,0.09245,0.94134
CVE-2007-5299,0.02201,0.88343
CVE-2007-5300,0.11096,0.94658
CVE-2007-5301,0.26350,0.96327
CVE-2007-5302,0.00152,0.51484
CVE-2007-5303,0.00232,0.61362
CVE-2007-5304,0.00433,0.71996
CVE-2007-5305,0.02457,0.88977
CVE-2007-5306,0.00550,0.75138
CVE-2007-5307,0.00635,0.76943
CVE-2007-5308,0.00275,0.64821
CVE-2007-5309,0.05800,0.92662
CVE-2007-5310,0.02477,0.89019
CVE-2007-5311,0.01843,0.87064
CVE-2007-5312,0.00323,0.67742
CVE-2007-5313,0.06121,0.92853
CVE-2007-5314,0.05402,0.92424
CVE-2007-5315,0.06121,0.92853
CVE-2007-5316,0.00198,0.57772
CVE-2007-5318,0.00397,0.70874
CVE-2007-5319,0.00254,0.63293
CVE-2007-5320,0.86312,0.98348
CVE-2007-5321,0.04761,0.91921
CVE-2007-5322,0.71586,0.97805
CVE-2007-5323,0.10352,0.94470
CVE-2007-5325,0.31778,0.96607
CVE-2007-5326,0.06246,0.92922
CVE-2007-5327,0.90792,0.98628
CVE-2007-5328,0.96467,0.99494
CVE-2007-5329,0.83845,0.98221
CVE-2007-5330,0.03423,0.90569
CVE-2007-5331,0.03260,0.90337
CVE-2007-5332,0.94738,0.99107
CVE-2007-5333,0.09334,0.94169
CVE-2007-5334,0.01091,0.82863
CVE-2007-5335,0.01107,0.82991
CVE-2007-5337,0.00668,0.77668
CVE-2007-5338,0.02358,0.88745
CVE-2007-5339,0.96494,0.99503
CVE-2007-5340,0.38002,0.96859
CVE-2007-5341,0.01275,0.84294
CVE-2007-5342,0.00569,0.75533
CVE-2007-5344,0.80452,0.98061
CVE-2007-5347,0.54820,0.97366
CVE-2007-5348,0.88642,0.98476
CVE-2007-5350,0.00042,0.00438
CVE-2007-5351,0.57526,0.97433
CVE-2007-5352,0.00042,0.00438
CVE-2007-5355,0.00317,0.67414
CVE-2007-5358,0.03706,0.90905
CVE-2007-5360,0.20403,0.95950
CVE-2007-5361,0.04486,0.91657
CVE-2007-5362,0.04598,0.91755
CVE-2007-5363,0.01978,0.87598
CVE-2007-5364,0.00788,0.79655
CVE-2007-5365,0.95409,0.99234
CVE-2007-5366,0.00387,0.70495
CVE-2007-5367,0.00044,0.10704
CVE-2007-5368,0.00044,0.10704
CVE-2007-5369,0.03946,0.91160
CVE-2007-5370,0.00435,0.72087
CVE-2007-5371,0.00129,0.47721
CVE-2007-5372,0.00395,0.70795
CVE-2007-5373,0.00042,0.05722
CVE-2007-5374,0.00885,0.80806
CVE-2007-5375,0.00175,0.54706
CVE-2007-5377,0.00042,0.05722
CVE-2007-5378,0.01184,0.83634
CVE-2007-5379,0.00757,0.79183
CVE-2007-5380,0.02503,0.89063
CVE-2007-5381,0.87367,0.98402
CVE-2007-5382,0.01276,0.84299
CVE-2007-5383,0.02315,0.88648
CVE-2007-5384,0.00194,0.57281
CVE-2007-5385,0.00254,0.63423
CVE-2007-5386,0.00492,0.73688
CVE-2007-5387,0.02626,0.89321
CVE-2007-5388,0.05402,0.92424
CVE-2007-5389,0.01147,0.83320
CVE-2007-5390,0.02626,0.89321
CVE-2007-5391,0.02380,0.88803
CVE-2007-5392,0.12931,0.95023
CVE-2007-5393,0.20543,0.95959
CVE-2007-5394,0.19015,0.95825
CVE-2007-5395,0.22032,0.96059
CVE-2007-5396,0.05750,0.92635
CVE-2007-5397,0.03656,0.90842
CVE-2007-5398,0.96377,0.99468
CVE-2007-5399,0.62662,0.97568
CVE-2007-5400,0.77176,0.97958
CVE-2007-5401,0.00225,0.60831
CVE-2007-5402,0.00226,0.60938
CVE-2007-5403,0.00118,0.45785
CVE-2007-5404,0.00396,0.70856
CVE-2007-5405,0.91345,0.98684
CVE-2007-5406,0.40222,0.96933
CVE-2007-5407,0.26157,0.96316
CVE-2007-5408,0.00318,0.67448
CVE-2007-5409,0.02626,0.89321
CVE-2007-5410,0.05355,0.92384
CVE-2007-5411,0.00186,0.55980
CVE-2007-5412,0.05411,0.92432
CVE-2007-5413,0.01289,0.84411
CVE-2007-5414,0.00171,0.54212
CVE-2007-5415,0.00117,0.45625
CVE-2007-5416,0.02507,0.89070
CVE-2007-5417,0.01854,0.87100
CVE-2007-5418,0.03621,0.90796
CVE-2007-5419,0.00788,0.79655
CVE-2007-5420,0.00869,0.80629
CVE-2007-5422,0.00044,0.10704
CVE-2007-5423,0.95880,0.99337
CVE-2007-5424,0.00343,0.68660
CVE-2007-5425,0.00403,0.71049
CVE-2007-5426,0.00491,0.73670
CVE-2007-5427,0.00491,0.73670
CVE-2007-5428,0.00297,0.66267
CVE-2007-5429,0.00329,0.68018
CVE-2007-5430,0.00393,0.70746
CVE-2007-5431,0.00475,0.73202
CVE-2007-5432,0.00788,0.79655
CVE-2007-5433,0.00362,0.69513
CVE-2007-5434,0.00254,0.63423
CVE-2007-5435,0.01815,0.86917
CVE-2007-5436,0.04968,0.92084
CVE-2007-5437,0.00656,0.77371
CVE-2007-5438,0.00052,0.17512
CVE-2007-5439,0.00479,0.73343
CVE-2007-5440,0.10530,0.94516
CVE-2007-5441,0.00225,0.60831
CVE-2007-5442,0.00105,0.42683
CVE-2007-5443,0.00254,0.63423
CVE-2007-5444,0.00330,0.68102
CVE-2007-5445,0.03594,0.90765
CVE-2007-5446,0.01517,0.85684
CVE-2007-5447,0.00590,0.76021
CVE-2007-5448,0.41192,0.96969
CVE-2007-5449,0.00137,0.49170
CVE-2007-5450,0.00535,0.74782
CVE-2007-5451,0.02470,0.89005
CVE-2007-5452,0.00129,0.47721
CVE-2007-5453,0.00648,0.77193
CVE-2007-5454,0.00467,0.72969
CVE-2007-5455,0.00367,0.69722
CVE-2007-5456,0.03111,0.90111
CVE-2007-5457,0.06121,0.92853
CVE-2007-5458,0.00152,0.51494
CVE-2007-5459,0.00210,0.58968
CVE-2007-5460,0.00203,0.58310
CVE-2007-5461,0.00612,0.76489
CVE-2007-5462,0.03640,0.90817
CVE-2007-5463,0.00496,0.73774
CVE-2007-5464,0.08214,0.93777
CVE-2007-5465,0.03647,0.90828
CVE-2007-5466,0.14325,0.95241
CVE-2007-5467,0.13411,0.95104
CVE-2007-5468,0.00665,0.77597
CVE-2007-5469,0.00662,0.77555
CVE-2007-5470,0.00048,0.14250
CVE-2007-5471,0.01386,0.84999
CVE-2007-5472,0.00284,0.65441
CVE-2007-5473,0.00411,0.71313
CVE-2007-5474,0.01454,0.85357
CVE-2007-5475,0.00110,0.43954
CVE-2007-5476,0.02337,0.88693
CVE-2007-5477,0.00251,0.63113
CVE-2007-5478,0.00297,0.66267
CVE-2007-5479,0.00191,0.56836
CVE-2007-5480,0.00358,0.69312
CVE-2007-5481,0.00920,0.81233
CVE-2007-5482,0.03558,0.90717
CVE-2007-5483,0.00729,0.78749
CVE-2007-5484,0.00204,0.58390
CVE-2007-5485,0.00107,0.43102
CVE-2007-5486,0.00479,0.73343
CVE-2007-5487,0.16573,0.95546
CVE-2007-5488,0.00183,0.55678
CVE-2007-5489,0.00450,0.72533
CVE-2007-5490,0.00107,0.43102
CVE-2007-5491,0.00760,0.79222
CVE-2007-5492,0.00506,0.74057
CVE-2007-5493,0.00312,0.67093
CVE-2007-5494,0.00042,0.05722
CVE-2007-5495,0.00042,0.05722
CVE-2007-5496,0.00075,0.31053
CVE-2007-5497,0.03207,0.90254
CVE-2007-5498,0.00042,0.05722
CVE-2007-5500,0.00044,0.08000
CVE-2007-5501,0.07209,0.93407
CVE-2007-5502,0.00395,0.70791
CVE-2007-5503,0.12057,0.94883
CVE-2007-5504,0.33037,0.96653
CVE-2007-5505,0.01155,0.83389
CVE-2007-5506,0.03955,0.91166
CVE-2007-5507,0.04570,0.91728
CVE-2007-5508,0.00547,0.75084
CVE-2007-5509,0.00504,0.74009
CVE-2007-5510,0.00504,0.74009
CVE-2007-5511,0.97454,0.99949
CVE-2007-5512,0.01155,0.83389
CVE-2007-5513,0.00782,0.79551
CVE-2007-5514,0.00397,0.70881
CVE-2007-5515,0.00504,0.74009
CVE-2007-5516,0.01155,0.83389
CVE-2007-5517,0.01155,0.83389
CVE-2007-5518,0.01155,0.83389
CVE-2007-5519,0.01155,0.83389
CVE-2007-5520,0.01155,0.83389
CVE-2007-5521,0.01155,0.83389
CVE-2007-5522,0.01155,0.83389
CVE-2007-5523,0.01155,0.83389
CVE-2007-5524,0.01155,0.83389
CVE-2007-5525,0.01155,0.83389
CVE-2007-5526,0.01155,0.83389
CVE-2007-5527,0.01155,0.83389
CVE-2007-5528,0.01155,0.83389
CVE-2007-5529,0.01155,0.83389
CVE-2007-5530,0.01155,0.83389
CVE-2007-5531,0.00618,0.76617
CVE-2007-5532,0.00618,0.76617
CVE-2007-5533,0.00189,0.56484
CVE-2007-5534,0.00504,0.74009
CVE-2007-5535,0.00378,0.70141
CVE-2007-5536,0.00042,0.05722
CVE-2007-5537,0.02304,0.88622
CVE-2007-5538,0.07930,0.93675
CVE-2007-5539,0.00517,0.74335
CVE-2007-5540,0.01873,0.87183
CVE-2007-5541,0.01369,0.84905
CVE-2007-5542,0.03023,0.89978
CVE-2007-5543,0.03023,0.89978
CVE-2007-5544,0.00042,0.05722
CVE-2007-5545,0.05165,0.92244
CVE-2007-5546,0.04887,0.92030
CVE-2007-5547,0.00132,0.48166
CVE-2007-5548,0.00042,0.05722
CVE-2007-5549,0.00042,0.05722
CVE-2007-5550,0.00262,0.63935
CVE-2007-5551,0.00250,0.63008
CVE-2007-5552,0.00470,0.73054
CVE-2007-5554,0.00205,0.58495
CVE-2007-5555,0.00045,0.11828
CVE-2007-5556,0.00289,0.65786
CVE-2007-5557,0.00289,0.65786
CVE-2007-5558,0.00615,0.76576
CVE-2007-5559,0.00286,0.65604
CVE-2007-5560,0.00353,0.69115
CVE-2007-5561,0.03485,0.90636
CVE-2007-5562,0.00491,0.73670
CVE-2007-5563,0.00694,0.78157
CVE-2007-5564,0.00220,0.60154
CVE-2007-5565,0.00503,0.73999
CVE-2007-5566,0.00540,0.74912
CVE-2007-5567,0.02899,0.89800
CVE-2007-5568,0.08184,0.93763
CVE-2007-5569,0.02220,0.88401
CVE-2007-5570,0.00563,0.75428
CVE-2007-5571,0.00975,0.81799
CVE-2007-5572,0.00192,0.56917
CVE-2007-5573,0.02899,0.89800
CVE-2007-5574,0.02470,0.89005
CVE-2007-5575,0.00083,0.34332
CVE-2007-5576,0.00087,0.36573
CVE-2007-5577,0.00230,0.61267
CVE-2007-5578,0.01757,0.86693
CVE-2007-5579,0.02269,0.88537
CVE-2007-5580,0.17936,0.95719
CVE-2007-5581,0.00251,0.63113
CVE-2007-5582,0.00636,0.76965
CVE-2007-5583,0.02615,0.89283
CVE-2007-5584,0.02304,0.88622
CVE-2007-5585,0.00279,0.65078
CVE-2007-5587,0.00044,0.10528
CVE-2007-5588,0.00254,0.63423
CVE-2007-5589,0.00492,0.73688
CVE-2007-5590,0.17009,0.95602
CVE-2007-5591,0.04366,0.91553
CVE-2007-5592,0.02626,0.89321
CVE-2007-5593,0.11516,0.94765
CVE-2007-5594,0.00200,0.57925
CVE-2007-5595,0.01579,0.85994
CVE-2007-5596,0.00262,0.63972
CVE-2007-5597,0.00422,0.71689
CVE-2007-5598,0.00182,0.55605
CVE-2007-5599,0.00788,0.79655
CVE-2007-5600,0.00359,0.69373
CVE-2007-5601,0.96121,0.99388
CVE-2007-5602,0.36760,0.96808
CVE-2007-5603,0.84597,0.98258
CVE-2007-5604,0.18574,0.95779
CVE-2007-5605,0.08014,0.93705
CVE-2007-5606,0.10915,0.94620
CVE-2007-5607,0.17483,0.95667
CVE-2007-5608,0.01742,0.86637
CVE-2007-5610,0.12494,0.94951
CVE-2007-5612,0.06509,0.93071
CVE-2007-5613,0.00552,0.75192
CVE-2007-5614,0.01931,0.87434
CVE-2007-5615,0.00962,0.81673
CVE-2007-5616,0.00042,0.00438
CVE-2007-5617,0.00873,0.80665
CVE-2007-5618,0.00052,0.17512
CVE-2007-5619,0.00042,0.05722
CVE-2007-5620,0.03647,0.90828
CVE-2007-5621,0.00099,0.40616
CVE-2007-5622,0.06169,0.92881
CVE-2007-5623,0.10641,0.94552
CVE-2007-5624,0.00389,0.70591
CVE-2007-5625,0.00204,0.58412
CVE-2007-5626,0.00059,0.23170
CVE-2007-5627,0.02470,0.89005
CVE-2007-5628,0.02329,0.88674
CVE-2007-5629,0.00260,0.63843
CVE-2007-5630,0.00100,0.40966
CVE-2007-5631,0.09862,0.94322
CVE-2007-5632,0.00044,0.10704
CVE-2007-5633,0.00042,0.00438
CVE-2007-5634,0.00042,0.05722
CVE-2007-5635,0.00269,0.64448
CVE-2007-5636,0.24328,0.96213
CVE-2007-5637,0.08388,0.93826
CVE-2007-5638,0.00717,0.78545
CVE-2007-5639,0.02020,0.87746
CVE-2007-5640,0.01904,0.87332
CVE-2007-5641,0.03161,0.90181
CVE-2007-5642,0.02405,0.88858
CVE-2007-5643,0.00298,0.66300
CVE-2007-5644,0.00429,0.71874
CVE-2007-5646,0.00818,0.80029
CVE-2007-5647,0.00195,0.57440
CVE-2007-5648,0.00195,0.57440
CVE-2007-5649,0.00481,0.73387
CVE-2007-5650,0.01166,0.83478
CVE-2007-5651,0.02304,0.88622
CVE-2007-5652,0.01318,0.84582
CVE-2007-5653,0.00705,0.78321
CVE-2007-5654,0.27655,0.96404
CVE-2007-5655,0.08902,0.94018
CVE-2007-5656,0.05580,0.92549
CVE-2007-5657,0.05297,0.92343
CVE-2007-5658,0.04078,0.91296
CVE-2007-5659,0.97232,0.99812
CVE-2007-5660,0.96010,0.99365
CVE-2007-5661,0.01549,0.85837
CVE-2007-5663,0.22845,0.96118
CVE-2007-5664,0.00042,0.05722
CVE-2007-5665,0.00050,0.16885
CVE-2007-5666,0.00069,0.28621
CVE-2007-5667,0.00051,0.17429
CVE-2007-5671,0.00062,0.24773
CVE-2007-5673,0.00367,0.69722
CVE-2007-5674,0.01166,0.83478
CVE-2007-5675,0.03876,0.91099
CVE-2007-5676,0.02470,0.89005
CVE-2007-5677,0.00186,0.55980
CVE-2007-5678,0.00125,0.47070
CVE-2007-5679,0.00232,0.61372
CVE-2007-5682,0.04357,0.91548
CVE-2007-5683,0.00132,0.48166
CVE-2007-5684,0.01121,0.83114
CVE-2007-5685,0.01033,0.82316
CVE-2007-5686,0.00127,0.47327
CVE-2007-5687,0.43853,0.97047
CVE-2007-5688,0.00087,0.36669
CVE-2007-5689,0.03474,0.90628
CVE-2007-5690,0.00057,0.21368
CVE-2007-5691,0.00494,0.73726
CVE-2007-5692,0.00816,0.80004
CVE-2007-5693,0.02589,0.89229
CVE-2007-5694,0.01084,0.82818
CVE-2007-5695,0.00825,0.80123
CVE-2007-5696,0.00404,0.71073
CVE-2007-5697,0.05411,0.92432
CVE-2007-5698,0.00191,0.56836
CVE-2007-5699,0.07997,0.93698
CVE-2007-5700,0.00173,0.54568
CVE-2007-5701,0.00071,0.29175
CVE-2007-5702,0.00163,0.52940
CVE-2007-5703,0.00911,0.81119
CVE-2007-5704,0.00374,0.69966
CVE-2007-5705,0.00198,0.57732
CVE-2007-5706,0.04212,0.91416
CVE-2007-5707,0.03089,0.90075
CVE-2007-5708,0.02300,0.88612
CVE-2007-5709,0.12537,0.94960
CVE-2007-5710,0.00435,0.72087
CVE-2007-5711,0.01862,0.87129
CVE-2007-5712,0.11108,0.94668
CVE-2007-5713,0.00830,0.80182
CVE-2007-5714,0.01496,0.85556
CVE-2007-5715,0.00377,0.70067
CVE-2007-5716,0.00918,0.81206
CVE-2007-5717,0.01384,0.84983
CVE-2007-5718,0.00042,0.05722
CVE-2007-5719,0.00107,0.43102
CVE-2007-5720,0.02217,0.88395
CVE-2007-5721,0.01978,0.87598
CVE-2007-5722,0.10430,0.94492
CVE-2007-5723,0.01186,0.83645
CVE-2007-5724,0.00358,0.69312
CVE-2007-5725,0.00186,0.55980
CVE-2007-5726,0.01217,0.83886
CVE-2007-5727,0.00267,0.64352
CVE-2007-5728,0.02361,0.88758
CVE-2007-5729,0.00044,0.08043
CVE-2007-5730,0.00044,0.08043
CVE-2007-5731,0.00324,0.67759
CVE-2007-5732,0.00343,0.68686
CVE-2007-5733,0.01051,0.82494
CVE-2007-5734,0.00396,0.70856
CVE-2007-5735,0.00318,0.67500
CVE-2007-5736,0.00303,0.66554
CVE-2007-5737,0.00712,0.78462
CVE-2007-5738,0.00680,0.77923
CVE-2007-5739,0.01274,0.84288
CVE-2007-5740,0.26858,0.96351
CVE-2007-5741,0.01898,0.87311
CVE-2007-5742,0.02002,0.87687
CVE-2007-5743,0.00326,0.67860
CVE-2007-5745,0.07089,0.93357
CVE-2007-5746,0.21941,0.96054
CVE-2007-5747,0.12806,0.94998
CVE-2007-5751,0.00042,0.05722
CVE-2007-5752,0.04676,0.91838
CVE-2007-5753,0.00435,0.72080
CVE-2007-5754,0.02470,0.89005
CVE-2007-5755,0.38721,0.96884
CVE-2007-5756,0.00042,0.05722
CVE-2007-5757,0.00042,0.05722
CVE-2007-5758,0.00042,0.05722
CVE-2007-5760,0.02083,0.87960
CVE-2007-5761,0.00042,0.05722
CVE-2007-5762,0.00042,0.00438
CVE-2007-5764,0.00042,0.05722
CVE-2007-5766,0.00953,0.81577
CVE-2007-5767,0.40907,0.96955
CVE-2007-5768,0.00226,0.60937
CVE-2007-5769,0.00308,0.66931
CVE-2007-5770,0.00569,0.75542
CVE-2007-5771,0.01194,0.83701
CVE-2007-5772,0.00331,0.68194
CVE-2007-5773,0.00145,0.50330
CVE-2007-5774,0.00330,0.68102
CVE-2007-5775,0.34019,0.96701
CVE-2007-5776,0.00985,0.81896
CVE-2007-5777,0.00278,0.65037
CVE-2007-5778,0.00271,0.64592
CVE-2007-5779,0.75455,0.97909
CVE-2007-5780,0.06121,0.92853
CVE-2007-5781,0.06121,0.92853
CVE-2007-5782,0.01136,0.83237
CVE-2007-5783,0.00144,0.50242
CVE-2007-5784,0.02626,0.89321
CVE-2007-5785,0.00332,0.68240
CVE-2007-5786,0.02899,0.89800
CVE-2007-5787,0.00379,0.70205
CVE-2007-5788,0.00807,0.79926
CVE-2007-5789,0.01386,0.84999
CVE-2007-5790,0.00042,0.05722
CVE-2007-5791,0.03558,0.90717
CVE-2007-5792,0.00227,0.60989
CVE-2007-5793,0.01263,0.84223
CVE-2007-5794,0.00985,0.81899
CVE-2007-5795,0.00097,0.40060
CVE-2007-5796,0.00213,0.59402
CVE-2007-5797,0.00623,0.76724
CVE-2007-5798,0.00232,0.61363
CVE-2007-5799,0.00196,0.57503
CVE-2007-5800,0.11060,0.94648
CVE-2007-5801,0.00308,0.66914
CVE-2007-5802,0.02383,0.88808
CVE-2007-5803,0.00354,0.69136
CVE-2007-5804,0.00042,0.05722
CVE-2007-5805,0.00042,0.05722
CVE-2007-5806,0.00284,0.65441
CVE-2007-5807,0.03599,0.90774
CVE-2007-5808,0.00480,0.73356
CVE-2007-5809,0.00254,0.63423
CVE-2007-5810,0.00435,0.72072
CVE-2007-5811,0.00573,0.75631
CVE-2007-5812,0.00821,0.80072
CVE-2007-5813,0.01075,0.82747
CVE-2007-5814,0.08445,0.93848
CVE-2007-5815,0.05266,0.92310
CVE-2007-5816,0.01258,0.84169
CVE-2007-5817,0.00161,0.52792
CVE-2007-5818,0.00231,0.61358
CVE-2007-5819,0.00042,0.05722
CVE-2007-5820,0.03647,0.90828
CVE-2007-5821,0.05748,0.92634
CVE-2007-5822,0.02167,0.88252
CVE-2007-5823,0.00733,0.78828
CVE-2007-5824,0.03911,0.91135
CVE-2007-5825,0.10181,0.94433
CVE-2007-5826,0.11269,0.94711
CVE-2007-5827,0.00042,0.05722
CVE-2007-5828,0.00159,0.52409
CVE-2007-5829,0.00045,0.12179
CVE-2007-5830,0.01132,0.83200
CVE-2007-5831,0.00345,0.68772
CVE-2007-5832,0.00694,0.78157
CVE-2007-5833,0.00067,0.27655
CVE-2007-5834,0.00192,0.57132
CVE-2007-5835,0.00225,0.60843
CVE-2007-5836,0.00125,0.47070
CVE-2007-5837,0.03644,0.90821
CVE-2007-5838,0.00042,0.05722
CVE-2007-5839,0.00042,0.05722
CVE-2007-5840,0.07187,0.93397
CVE-2007-5841,0.02626,0.89321
CVE-2007-5842,0.07624,0.93540
CVE-2007-5843,0.05411,0.92432
CVE-2007-5844,0.00450,0.72533
CVE-2007-5845,0.00445,0.72383
CVE-2007-5846,0.85071,0.98284
CVE-2007-5847,0.00043,0.05916
CVE-2007-5848,0.00104,0.42244
CVE-2007-5849,0.42903,0.97015
CVE-2007-5850,0.00195,0.57448
CVE-2007-5851,0.00482,0.73402
CVE-2007-5853,0.00375,0.70011
CVE-2007-5854,0.00283,0.65382
CVE-2007-5855,0.00725,0.78696
CVE-2007-5856,0.00725,0.78696
CVE-2007-5857,0.00725,0.78696
CVE-2007-5858,0.00493,0.73696
CVE-2007-5859,0.04098,0.91322
CVE-2007-5860,0.00043,0.05916
CVE-2007-5861,0.00375,0.70011
CVE-2007-5862,0.02091,0.87994
CVE-2007-5863,0.91786,0.98730
CVE-2007-5887,0.00064,0.26120
CVE-2007-5888,0.00254,0.63423
CVE-2007-5889,0.01690,0.86435
CVE-2007-5890,0.02755,0.89569
CVE-2007-5891,0.00220,0.60154
CVE-2007-5892,0.05274,0.92316
CVE-2007-5893,0.01386,0.84999
CVE-2007-5894,0.03445,0.90594
CVE-2007-5896,0.00920,0.81233
CVE-2007-5897,0.00496,0.73781
CVE-2007-5898,0.00957,0.81616
CVE-2007-5899,0.00819,0.80041
CVE-2007-5900,0.00045,0.12297
CVE-2007-5901,0.00125,0.46943
CVE-2007-5902,0.03090,0.90078
CVE-2007-5904,0.02701,0.89461
CVE-2007-5905,0.01943,0.87472
CVE-2007-5906,0.00062,0.24773
CVE-2007-5907,0.00062,0.24773
CVE-2007-5909,0.85991,0.98327
CVE-2007-5910,0.03256,0.90330
CVE-2007-5911,0.12537,0.94960
CVE-2007-5912,0.00111,0.44281
CVE-2007-5913,0.01928,0.87424
CVE-2007-5914,0.01313,0.84555
CVE-2007-5915,0.02453,0.88971
CVE-2007-5916,0.00146,0.50496
CVE-2007-5917,0.00231,0.61358
CVE-2007-5918,0.00263,0.64053
CVE-2007-5919,0.00318,0.67500
CVE-2007-5920,0.01147,0.83320
CVE-2007-5921,0.00044,0.10704
CVE-2007-5922,0.00317,0.67415
CVE-2007-5923,0.80795,0.98072
CVE-2007-5924,0.00218,0.59886
CVE-2007-5925,0.03160,0.90179
CVE-2007-5926,0.00411,0.71301
CVE-2007-5927,0.00465,0.72904
CVE-2007-5928,0.00218,0.59849
CVE-2007-5929,0.01631,0.86223
CVE-2007-5930,0.00252,0.63190
CVE-2007-5931,0.00525,0.74524
CVE-2007-5932,0.00267,0.64352
CVE-2007-5933,0.03204,0.90252
CVE-2007-5934,0.00586,0.75906
CVE-2007-5935,0.01441,0.85286
CVE-2007-5936,0.00044,0.08000
CVE-2007-5937,0.02042,0.87825
CVE-2007-5938,0.04948,0.92067
CVE-2007-5939,0.01637,0.86245
CVE-2007-5940,0.00042,0.05722
CVE-2007-5941,0.02543,0.89144
CVE-2007-5942,0.00138,0.49353
CVE-2007-5943,0.00302,0.66550
CVE-2007-5944,0.00310,0.67016
CVE-2007-5945,0.00584,0.75875
CVE-2007-5946,0.00042,0.05722
CVE-2007-5947,0.00684,0.77986
CVE-2007-5948,0.00254,0.63423
CVE-2007-5949,0.00096,0.39972
CVE-2007-5950,0.00252,0.63190
CVE-2007-5951,0.00137,0.49170
CVE-2007-5952,0.00186,0.55980
CVE-2007-5953,0.00231,0.61315
CVE-2007-5954,0.00170,0.53979
CVE-2007-5955,0.00252,0.63190
CVE-2007-5956,0.00042,0.05722
CVE-2007-5957,0.00052,0.18008
CVE-2007-5958,0.00046,0.13851
CVE-2007-5959,0.95131,0.99168
CVE-2007-5960,0.01176,0.83571
CVE-2007-5961,0.00254,0.63423
CVE-2007-5962,0.05692,0.92609
CVE-2007-5963,0.00044,0.08000
CVE-2007-5964,0.00044,0.08000
CVE-2007-5965,0.00820,0.80049
CVE-2007-5966,0.00044,0.08000
CVE-2007-5967,0.00075,0.30975
CVE-2007-5969,0.02010,0.87719
CVE-2007-5970,0.00477,0.73233
CVE-2007-5971,0.00064,0.26441
CVE-2007-5972,0.00666,0.77611
CVE-2007-5973,0.00064,0.26120
CVE-2007-5974,0.00102,0.41432
CVE-2007-5975,0.00244,0.62537
CVE-2007-5976,0.00259,0.63740
CVE-2007-5977,0.00284,0.65476
CVE-2007-5978,0.00137,0.49170
CVE-2007-5979,0.00583,0.75868
CVE-2007-5980,0.00267,0.64352
CVE-2007-5981,0.00539,0.74884
CVE-2007-5982,0.00297,0.66267
CVE-2007-5983,0.00617,0.76603
CVE-2007-5984,0.08195,0.93768
CVE-2007-5985,0.00401,0.70985
CVE-2007-5986,0.00269,0.64473
CVE-2007-5987,0.01276,0.84299
CVE-2007-5988,0.01276,0.84299
CVE-2007-5989,0.86887,0.98383
CVE-2007-5990,0.00267,0.64352
CVE-2007-5991,0.00146,0.50496
CVE-2007-5992,0.00077,0.31810
CVE-2007-5993,0.00329,0.68018
CVE-2007-5994,0.00756,0.79173
CVE-2007-5995,0.01978,0.87598
CVE-2007-5996,0.00064,0.26120
CVE-2007-5997,0.00065,0.27088
CVE-2007-5998,0.00065,0.27088
CVE-2007-5999,0.00100,0.40966
CVE-2007-6000,0.04375,0.91562
CVE-2007-6001,0.00173,0.54537
CVE-2007-6002,0.00308,0.66888
CVE-2007-6003,0.00161,0.52792
CVE-2007-6004,0.00099,0.40627
CVE-2007-6005,0.71679,0.97806
CVE-2007-6006,0.00343,0.68660
CVE-2007-6007,0.12923,0.95020
CVE-2007-6008,0.01710,0.86506
CVE-2007-6009,0.03077,0.90061
CVE-2007-6010,0.00943,0.81469
CVE-2007-6011,0.00503,0.73999
CVE-2007-6012,0.00269,0.64473
CVE-2007-6013,0.01275,0.84292
CVE-2007-6014,0.00404,0.71069
CVE-2007-6015,0.97371,0.99893
CVE-2007-6016,0.96145,0.99395
CVE-2007-6017,0.72639,0.97828
CVE-2007-6018,0.00667,0.77656
CVE-2007-6019,0.21322,0.96016
CVE-2007-6020,0.74512,0.97886
CVE-2007-6021,0.19015,0.95825
CVE-2007-6025,0.00641,0.77079
CVE-2007-6026,0.69116,0.97718
CVE-2007-6027,0.02626,0.89321
CVE-2007-6028,0.32941,0.96648
CVE-2007-6029,0.03322,0.90422
CVE-2007-6030,0.00244,0.62423
CVE-2007-6031,0.00766,0.79318
CVE-2007-6032,0.00067,0.27862
CVE-2007-6033,0.00825,0.80125
CVE-2007-6035,0.00551,0.75177
CVE-2007-6036,0.07422,0.93475
CVE-2007-6037,0.00367,0.69735
CVE-2007-6038,0.02470,0.89005
CVE-2007-6039,0.00107,0.43141
CVE-2007-6040,0.00920,0.81233
CVE-2007-6041,0.20392,0.95948
CVE-2007-6042,0.00359,0.69373
CVE-2007-6043,0.00275,0.64820
CVE-2007-6044,0.00420,0.71606
CVE-2007-6045,0.00620,0.76660
CVE-2007-6046,0.00042,0.05722
CVE-2007-6047,0.00269,0.64450
CVE-2007-6048,0.00500,0.73870
CVE-2007-6049,0.00052,0.18008
CVE-2007-6050,0.00049,0.15845
CVE-2007-6051,0.00306,0.66763
CVE-2007-6052,0.00417,0.71517
CVE-2007-6053,0.00304,0.66663
CVE-2007-6054,0.00455,0.72652
CVE-2007-6055,0.00826,0.80144
CVE-2007-6056,0.01528,0.85742
CVE-2007-6057,0.07187,0.93397
CVE-2007-6058,0.00483,0.73431
CVE-2007-6059,0.00386,0.70462
CVE-2007-6060,0.13028,0.95035
CVE-2007-6061,0.00201,0.57982
CVE-2007-6062,0.03166,0.90187
CVE-2007-6063,0.00044,0.08043
CVE-2007-6067,0.01446,0.85316
CVE-2007-6077,0.02074,0.87932
CVE-2007-6078,0.00124,0.46722
CVE-2007-6079,0.00460,0.72789
CVE-2007-6080,0.01006,0.82095
CVE-2007-6081,0.00523,0.74485
CVE-2007-6082,0.12395,0.94938
CVE-2007-6083,0.02380,0.88802
CVE-2007-6084,0.00100,0.40966
CVE-2007-6085,0.00220,0.60154
CVE-2007-6086,0.00788,0.79655
CVE-2007-6087,0.00160,0.52542
CVE-2007-6088,0.06121,0.92853
CVE-2007-6089,0.08497,0.93867
CVE-2007-6090,0.00160,0.52571
CVE-2007-6091,0.00082,0.34033
CVE-2007-6092,0.00343,0.68660
CVE-2007-6093,0.01132,0.83200
CVE-2007-6094,0.01132,0.83200
CVE-2007-6095,0.00206,0.58589
CVE-2007-6096,0.00317,0.67415
CVE-2007-6097,0.00244,0.62423
CVE-2007-6098,0.00244,0.62423
CVE-2007-6099,0.00503,0.73999
CVE-2007-6100,0.00284,0.65441
CVE-2007-6101,0.08676,0.93947
CVE-2007-6102,0.00252,0.63190
CVE-2007-6103,0.10672,0.94559
CVE-2007-6104,0.00252,0.63190
CVE-2007-6105,0.06912,0.93280
CVE-2007-6106,0.09122,0.94086
CVE-2007-6109,0.01005,0.82090
CVE-2007-6110,0.00766,0.79294
CVE-2007-6111,0.00315,0.67287
CVE-2007-6112,0.02750,0.89563
CVE-2007-6113,0.01658,0.86320
CVE-2007-6114,0.03030,0.89982
CVE-2007-6115,0.03030,0.89982
CVE-2007-6116,0.00380,0.70236
CVE-2007-6117,0.03126,0.90132
CVE-2007-6118,0.00312,0.67125
CVE-2007-6119,0.00380,0.70236
CVE-2007-6120,0.00312,0.67125
CVE-2007-6121,0.00312,0.67103
CVE-2007-6122,0.09544,0.94232
CVE-2007-6123,0.00378,0.70141
CVE-2007-6124,0.00220,0.60154
CVE-2007-6125,0.00269,0.64473
CVE-2007-6126,0.00254,0.63423
CVE-2007-6127,0.00220,0.59960
CVE-2007-6128,0.00107,0.43102
CVE-2007-6129,0.03539,0.90700
CVE-2007-6130,0.00677,0.77821
CVE-2007-6131,0.00042,0.05722
CVE-2007-6133,0.04012,0.91216
CVE-2007-6134,0.00137,0.49170
CVE-2007-6135,0.00569,0.75526
CVE-2007-6136,0.00273,0.64718
CVE-2007-6137,0.00208,0.58781
CVE-2007-6138,0.00181,0.55460
CVE-2007-6139,0.02626,0.89321
CVE-2007-6140,0.00266,0.64263
CVE-2007-6141,0.00214,0.59417
CVE-2007-6142,0.00192,0.57132
CVE-2007-6143,0.00183,0.55625
CVE-2007-6144,0.01518,0.85689
CVE-2007-6145,0.00511,0.74187
CVE-2007-6146,0.01386,0.84999
CVE-2007-6147,0.01978,0.87598
CVE-2007-6148,0.17595,0.95685
CVE-2007-6149,0.10017,0.94376
CVE-2007-6150,0.00042,0.05722
CVE-2007-6151,0.00044,0.08043
CVE-2007-6156,0.00252,0.63190
CVE-2007-6157,0.00186,0.55980
CVE-2007-6158,0.00099,0.40627
CVE-2007-6159,0.00107,0.43102
CVE-2007-6160,0.00214,0.59417
CVE-2007-6161,0.00330,0.68102
CVE-2007-6162,0.00273,0.64718
CVE-2007-6163,0.00137,0.49170
CVE-2007-6164,0.00064,0.26120
CVE-2007-6165,0.13934,0.95183
CVE-2007-6166,0.96970,0.99681
CVE-2007-6167,0.00042,0.05722
CVE-2007-6168,0.00146,0.50496
CVE-2007-6169,0.00171,0.54155
CVE-2007-6170,0.00213,0.59291
CVE-2007-6171,0.00755,0.79137
CVE-2007-6172,0.00087,0.36669
CVE-2007-6173,0.00660,0.77486
CVE-2007-6174,0.00246,0.62666
CVE-2007-6175,0.09210,0.94123
CVE-2007-6176,0.02853,0.89733
CVE-2007-6177,0.05178,0.92250
CVE-2007-6178,0.02033,0.87789
CVE-2007-6179,0.10530,0.94516
CVE-2007-6180,0.00126,0.47194
CVE-2007-6181,0.02331,0.88675
CVE-2007-6182,0.00042,0.00438
CVE-2007-6183,0.00960,0.81654
CVE-2007-6184,0.03647,0.90828
CVE-2007-6185,0.04761,0.91921
CVE-2007-6186,0.00244,0.62423
CVE-2007-6187,0.01571,0.85937
CVE-2007-6188,0.01945,0.87477
CVE-2007-6189,0.10805,0.94598
CVE-2007-6190,0.00294,0.66084
CVE-2007-6191,0.01978,0.87598
CVE-2007-6192,0.00219,0.59919
CVE-2007-6193,0.00302,0.66550
CVE-2007-6194,0.02573,0.89192
CVE-2007-6195,0.49455,0.97233
CVE-2007-6196,0.00252,0.63190
CVE-2007-6197,0.00893,0.80921
CVE-2007-6198,0.02373,0.88787
CVE-2007-6199,0.02316,0.88650
CVE-2007-6200,0.01897,0.87303
CVE-2007-6201,0.00669,0.77688
CVE-2007-6202,0.00153,0.51517
CVE-2007-6203,0.97031,0.99704
CVE-2007-6204,0.55777,0.97391
CVE-2007-6205,0.00485,0.73513
CVE-2007-6206,0.00044,0.08000
CVE-2007-6207,0.00059,0.23170
CVE-2007-6208,0.00042,0.05722
CVE-2007-6209,0.00042,0.05722
CVE-2007-6210,0.00042,0.00438
CVE-2007-6211,0.00042,0.00438
CVE-2007-6212,0.00692,0.78114
CVE-2007-6213,0.00971,0.81759
CVE-2007-6214,0.01009,0.82120
CVE-2007-6215,0.00922,0.81253
CVE-2007-6216,0.00044,0.10704
CVE-2007-6217,0.00341,0.68581
CVE-2007-6218,0.11451,0.94747
CVE-2007-6219,0.00248,0.62808
CVE-2007-6220,0.01447,0.85322
CVE-2007-6221,0.00302,0.66550
CVE-2007-6222,0.00216,0.59675
CVE-2007-6223,0.00100,0.40966
CVE-2007-6224,0.01051,0.82501
CVE-2007-6225,0.00044,0.10704
CVE-2007-6226,0.01263,0.84224
CVE-2007-6227,0.00042,0.00438
CVE-2007-6228,0.53681,0.97340
CVE-2007-6229,0.00756,0.79173
CVE-2007-6230,0.00756,0.79173
CVE-2007-6231,0.01843,0.87064
CVE-2007-6232,0.00192,0.57132
CVE-2007-6233,0.00169,0.53930
CVE-2007-6234,0.00756,0.79173
CVE-2007-6235,0.01016,0.82177
CVE-2007-6236,0.20136,0.95930
CVE-2007-6237,0.00885,0.80806
CVE-2007-6238,0.04526,0.91688
CVE-2007-6239,0.17949,0.95719
CVE-2007-6240,0.00073,0.30137
CVE-2007-6241,0.00244,0.62423
CVE-2007-6242,0.92930,0.98862
CVE-2007-6243,0.02020,0.87745
CVE-2007-6244,0.96424,0.99480
CVE-2007-6245,0.01048,0.82476
CVE-2007-6246,0.00044,0.08124
CVE-2007-6249,0.00042,0.05722
CVE-2007-6250,0.60039,0.97492
CVE-2007-6252,0.04370,0.91558
CVE-2007-6253,0.09967,0.94361
CVE-2007-6254,0.03281,0.90368
CVE-2007-6255,0.22623,0.96101
CVE-2007-6258,0.15855,0.95469
CVE-2007-6260,0.01067,0.82662
CVE-2007-6261,0.00044,0.10866
CVE-2007-6262,0.33489,0.96676
CVE-2007-6263,0.01435,0.85253
CVE-2007-6265,0.00959,0.81636
CVE-2007-6266,0.00064,0.26120
CVE-2007-6267,0.00042,0.05722
CVE-2007-6268,0.01213,0.83847
CVE-2007-6269,0.00341,0.68581
CVE-2007-6270,0.00347,0.68827
CVE-2007-6271,0.00874,0.80678
CVE-2007-6272,0.00064,0.26120
CVE-2007-6273,0.12344,0.94930
CVE-2007-6274,0.00220,0.60169
CVE-2007-6275,0.00068,0.28434
CVE-2007-6276,0.20410,0.95952
CVE-2007-6277,0.36760,0.96808
CVE-2007-6278,0.01548,0.85832
CVE-2007-6279,0.08387,0.93825
CVE-2007-6281,0.36309,0.96787
CVE-2007-6282,0.00310,0.67013
CVE-2007-6283,0.00069,0.28670
CVE-2007-6284,0.01130,0.83185
CVE-2007-6285,0.00044,0.08000
CVE-2007-6286,0.02475,0.89016
CVE-2007-6287,0.00199,0.57863
CVE-2007-6288,0.00135,0.48729
CVE-2007-6289,0.01432,0.85233
CVE-2007-6290,0.00329,0.68025
CVE-2007-6291,0.00146,0.50496
CVE-2007-6292,0.00064,0.26120
CVE-2007-6293,0.00620,0.76660
CVE-2007-6294,0.00052,0.18008
CVE-2007-6295,0.00263,0.64010
CVE-2007-6296,0.00202,0.58219
CVE-2007-6297,0.00186,0.55980
CVE-2007-6298,0.00260,0.63851
CVE-2007-6299,0.00393,0.70732
CVE-2007-6300,0.00180,0.55335
CVE-2007-6301,0.00329,0.68018
CVE-2007-6302,0.37374,0.96833
CVE-2007-6303,0.00264,0.64171
CVE-2007-6304,0.01406,0.85103
CVE-2007-6305,0.00052,0.18008
CVE-2007-6306,0.00773,0.79419
CVE-2007-6307,0.00358,0.69312
CVE-2007-6308,0.00254,0.63423
CVE-2007-6309,0.00358,0.69312
CVE-2007-6310,0.00618,0.76621
CVE-2007-6311,0.00378,0.70142
CVE-2007-6312,0.00308,0.66888
CVE-2007-6313,0.00330,0.68141
CVE-2007-6314,0.01123,0.83135
CVE-2007-6315,0.00760,0.79223
CVE-2007-6316,0.00371,0.69882
CVE-2007-6317,0.00165,0.53167
CVE-2007-6318,0.00553,0.75204
CVE-2007-6319,0.01180,0.83609
CVE-2007-6320,0.00079,0.33085
CVE-2007-6321,0.01124,0.83141
CVE-2007-6322,0.03161,0.90180
CVE-2007-6323,0.04552,0.91710
CVE-2007-6324,0.02626,0.89321
CVE-2007-6325,0.21475,0.96028
CVE-2007-6326,0.03430,0.90579
CVE-2007-6327,0.06241,0.92920
CVE-2007-6328,0.00042,0.05722
CVE-2007-6329,0.04666,0.91827
CVE-2007-6330,0.00987,0.81914
CVE-2007-6331,0.03149,0.90163
CVE-2007-6332,0.03468,0.90619
CVE-2007-6333,0.01532,0.85761
CVE-2007-6334,0.00691,0.78105
CVE-2007-6335,0.24624,0.96233
CVE-2007-6336,0.17512,0.95675
CVE-2007-6337,0.01532,0.85760
CVE-2007-6338,0.00298,0.66300
CVE-2007-6339,0.07216,0.93410
CVE-2007-6340,0.00042,0.05722
CVE-2007-6341,0.19462,0.95875
CVE-2007-6342,0.00430,0.71898
CVE-2007-6343,0.01344,0.84726
CVE-2007-6344,0.02373,0.88784
CVE-2007-6345,0.00269,0.64473
CVE-2007-6346,0.00252,0.63190
CVE-2007-6347,0.08948,0.94037
CVE-2007-6348,0.09418,0.94192
CVE-2007-6349,0.02293,0.88601
CVE-2007-6350,0.02756,0.89571
CVE-2007-6351,0.01047,0.82460
CVE-2007-6352,0.02086,0.87970
CVE-2007-6353,0.02007,0.87712
CVE-2007-6354,0.00951,0.81538
CVE-2007-6355,0.00993,0.81994
CVE-2007-6356,0.02143,0.88179
CVE-2007-6357,0.05421,0.92436
CVE-2007-6358,0.00042,0.05722
CVE-2007-6359,0.00050,0.16034
CVE-2007-6360,0.06169,0.92881
CVE-2007-6361,0.00444,0.72345
CVE-2007-6362,0.00107,0.43102
CVE-2007-6363,0.00089,0.37305
CVE-2007-6364,0.00192,0.57132
CVE-2007-6365,0.00122,0.46493
CVE-2007-6366,0.00349,0.68952
CVE-2007-6367,0.00252,0.63190
CVE-2007-6368,0.01136,0.83237
CVE-2007-6369,0.00590,0.76022
CVE-2007-6371,0.00833,0.80228
CVE-2007-6372,0.02541,0.89142
CVE-2007-6373,0.00102,0.41272
CVE-2007-6374,0.00569,0.75526
CVE-2007-6375,0.00087,0.36669
CVE-2007-6376,0.00993,0.81992
CVE-2007-6377,0.91375,0.98687
CVE-2007-6378,0.01428,0.85207
CVE-2007-6379,0.00517,0.74341
CVE-2007-6380,0.00068,0.28434
CVE-2007-6381,0.00194,0.57321
CVE-2007-6382,0.01147,0.83320
CVE-2007-6383,0.00188,0.56361
CVE-2007-6384,0.02056,0.87869
CVE-2007-6385,0.00059,0.22860
CVE-2007-6386,0.00302,0.66516
CVE-2007-6387,0.59447,0.97478
CVE-2007-6388,0.81803,0.98126
CVE-2007-6389,0.00044,0.08000
CVE-2007-6390,0.00116,0.45372
CVE-2007-6391,0.00064,0.26120
CVE-2007-6392,0.00087,0.36669
CVE-2007-6393,0.00068,0.28359
CVE-2007-6394,0.00137,0.49170
CVE-2007-6395,0.00318,0.67500
CVE-2007-6396,0.00860,0.80532
CVE-2007-6397,0.00624,0.76737
CVE-2007-6398,0.00319,0.67539
CVE-2007-6399,0.00314,0.67208
CVE-2007-6400,0.01826,0.86968
CVE-2007-6401,0.87932,0.98434
CVE-2007-6402,0.16573,0.95546
CVE-2007-6403,0.08656,0.93932
CVE-2007-6404,0.01786,0.86798
CVE-2007-6405,0.01401,0.85075
CVE-2007-6406,0.00220,0.60154
CVE-2007-6407,0.00191,0.56743
CVE-2007-6408,0.00327,0.67935
CVE-2007-6409,0.00264,0.64126
CVE-2007-6410,0.00083,0.34332
CVE-2007-6411,0.03145,0.90155
CVE-2007-6412,0.01940,0.87463
CVE-2007-6413,0.01519,0.85700
CVE-2007-6414,0.04781,0.91951
CVE-2007-6415,0.00812,0.79959
CVE-2007-6416,0.00100,0.40979
CVE-2007-6417,0.00044,0.08000
CVE-2007-6418,0.00042,0.05722
CVE-2007-6419,0.05000,0.92110
CVE-2007-6420,0.00265,0.64203
CVE-2007-6421,0.00553,0.75218
CVE-2007-6422,0.03813,0.91029
CVE-2007-6423,0.00861,0.80550
CVE-2007-6424,0.00636,0.76956
CVE-2007-6425,0.04089,0.91315
CVE-2007-6426,0.03237,0.90306
CVE-2007-6427,0.00709,0.78404
CVE-2007-6428,0.01458,0.85382
CVE-2007-6429,0.00602,0.76235
CVE-2007-6430,0.00642,0.77086
CVE-2007-6431,0.03523,0.90677
CVE-2007-6432,0.24406,0.96219
CVE-2007-6433,0.01621,0.86180
CVE-2007-6434,0.00042,0.05722
CVE-2007-6435,0.37004,0.96821
CVE-2007-6436,0.04453,0.91628
CVE-2007-6437,0.55744,0.97390
CVE-2007-6438,0.00418,0.71545
CVE-2007-6439,0.00229,0.61154
CVE-2007-6441,0.00216,0.59678
CVE-2007-6450,0.00395,0.70805
CVE-2007-6451,0.00395,0.70805
CVE-2007-6452,0.00257,0.63605
CVE-2007-6453,0.02487,0.89039
CVE-2007-6454,0.57567,0.97434
CVE-2007-6455,0.00273,0.64718
CVE-2007-6456,0.00308,0.66914
CVE-2007-6457,0.06133,0.92861
CVE-2007-6458,0.00064,0.26120
CVE-2007-6459,0.05442,0.92453
CVE-2007-6460,0.00220,0.60169
CVE-2007-6461,0.00220,0.60154
CVE-2007-6462,0.00064,0.26120
CVE-2007-6463,0.00132,0.48166
CVE-2007-6464,0.02470,0.89005
CVE-2007-6465,0.00267,0.64352
CVE-2007-6466,0.00108,0.43481
CVE-2007-6467,0.00064,0.26120
CVE-2007-6468,0.05323,0.92358
CVE-2007-6469,0.00140,0.49543
CVE-2007-6470,0.00988,0.81933
CVE-2007-6471,0.03647,0.90824
CVE-2007-6472,0.00148,0.50873
CVE-2007-6473,0.00705,0.78337
CVE-2007-6474,0.00220,0.60154
CVE-2007-6475,0.00356,0.69242
CVE-2007-6476,0.00330,0.68102
CVE-2007-6477,0.00212,0.59264
CVE-2007-6478,0.30916,0.96576
CVE-2007-6479,0.00397,0.70897
CVE-2007-6480,0.04639,0.91796
CVE-2007-6481,0.00808,0.79932
CVE-2007-6482,0.04366,0.91553
CVE-2007-6483,0.02961,0.89884
CVE-2007-6484,0.00133,0.48455
CVE-2007-6485,0.11558,0.94776
CVE-2007-6486,0.00220,0.60154
CVE-2007-6487,0.00230,0.61276
CVE-2007-6488,0.01147,0.83320
CVE-2007-6489,0.00666,0.77615
CVE-2007-6490,0.00146,0.50438
CVE-2007-6491,0.00135,0.48729
CVE-2007-6492,0.00932,0.81345
CVE-2007-6493,0.08943,0.94034
CVE-2007-6494,0.01094,0.82891
CVE-2007-6495,0.02188,0.88313
CVE-2007-6496,0.01481,0.85470
CVE-2007-6497,0.01328,0.84636
CVE-2007-6498,0.00349,0.68952
CVE-2007-6499,0.00312,0.67114
CVE-2007-6500,0.00344,0.68705
CVE-2007-6501,0.00344,0.68705
CVE-2007-6502,0.00312,0.67114
CVE-2007-6503,0.00338,0.68470
CVE-2007-6504,0.00337,0.68411
CVE-2007-6505,0.00115,0.45223
CVE-2007-6506,0.94481,0.99068
CVE-2007-6507,0.97133,0.99755
CVE-2007-6508,0.02361,0.88757
CVE-2007-6509,0.74464,0.97884
CVE-2007-6510,0.07910,0.93658
CVE-2007-6511,0.00469,0.73032
CVE-2007-6512,0.00372,0.69910
CVE-2007-6513,0.00886,0.80820
CVE-2007-6514,0.00608,0.76385
CVE-2007-6515,0.05075,0.92180
CVE-2007-6516,0.07997,0.93698
CVE-2007-6517,0.00502,0.73971
CVE-2007-6518,0.00264,0.64159
CVE-2007-6519,0.00042,0.05722
CVE-2007-6520,0.00599,0.76173
CVE-2007-6521,0.14543,0.95271
CVE-2007-6522,0.00388,0.70528
CVE-2007-6523,0.02317,0.88652
CVE-2007-6524,0.00726,0.78708
CVE-2007-6525,0.00772,0.79408
CVE-2007-6526,0.00305,0.66721
CVE-2007-6527,0.00377,0.70123
CVE-2007-6528,0.01812,0.86905
CVE-2007-6529,0.00794,0.79753
CVE-2007-6530,0.87902,0.98432
CVE-2007-6531,0.03237,0.90306
CVE-2007-6532,0.03979,0.91189
CVE-2007-6533,0.33806,0.96688
CVE-2007-6534,0.00868,0.80616
CVE-2007-6535,0.02989,0.89920
CVE-2007-6536,0.01615,0.86156
CVE-2007-6537,0.44295,0.97058
CVE-2007-6538,0.00271,0.64582
CVE-2007-6539,0.01796,0.86841
CVE-2007-6540,0.00140,0.49543
CVE-2007-6541,0.00132,0.48166
CVE-2007-6542,0.02728,0.89520
CVE-2007-6543,0.00137,0.49170
CVE-2007-6544,0.00278,0.65041
CVE-2007-6545,0.00365,0.69639
CVE-2007-6546,0.00597,0.76153
CVE-2007-6547,0.00484,0.73467
CVE-2007-6548,0.01224,0.83933
CVE-2007-6549,0.00269,0.64448
CVE-2007-6550,0.16612,0.95552
CVE-2007-6551,0.09122,0.94086
CVE-2007-6552,0.00595,0.76114
CVE-2007-6553,0.02356,0.88741
CVE-2007-6554,0.00915,0.81168
CVE-2007-6555,0.01958,0.87520
CVE-2007-6556,0.00106,0.42987
CVE-2007-6557,0.00106,0.42886
CVE-2007-6558,0.26532,0.96332
CVE-2007-6559,0.00140,0.49571
CVE-2007-6560,0.00491,0.73670
CVE-2007-6561,0.18663,0.95796
CVE-2007-6562,0.05464,0.92470
CVE-2007-6563,0.29914,0.96525
CVE-2007-6564,0.00608,0.76373
CVE-2007-6565,0.00106,0.42886
CVE-2007-6566,0.00283,0.65400
CVE-2007-6567,0.00688,0.78061
CVE-2007-6568,0.02186,0.88307
CVE-2007-6569,0.00249,0.62951
CVE-2007-6570,0.00305,0.66721
CVE-2007-6571,0.00249,0.62953
CVE-2007-6572,0.00249,0.62953
CVE-2007-6573,0.00943,0.81469
CVE-2007-6574,0.00358,0.69312
CVE-2007-6575,0.00107,0.43102
CVE-2007-6576,0.00140,0.49571
CVE-2007-6577,0.00087,0.36669
CVE-2007-6578,0.00107,0.43102
CVE-2007-6579,0.00276,0.64881
CVE-2007-6580,0.00064,0.26120
CVE-2007-6581,0.01867,0.87152
CVE-2007-6582,0.03593,0.90761
CVE-2007-6583,0.00125,0.47070
CVE-2007-6584,0.00618,0.76615
CVE-2007-6585,0.07624,0.93540
CVE-2007-6586,0.00064,0.26120
CVE-2007-6587,0.01217,0.83891
CVE-2007-6588,0.00192,0.57132
CVE-2007-6589,0.00334,0.68297
CVE-2007-6591,0.00403,0.71052
CVE-2007-6592,0.00396,0.70856
CVE-2007-6593,0.07992,0.93695
CVE-2007-6594,0.00042,0.05722
CVE-2007-6595,0.00044,0.08000
CVE-2007-6596,0.00558,0.75294
CVE-2007-6597,0.00347,0.68827
CVE-2007-6598,0.01867,0.87151
CVE-2007-6599,0.09173,0.94106
CVE-2007-6600,0.00491,0.73649
CVE-2007-6601,0.00260,0.63861
CVE-2007-6602,0.00212,0.59098
CVE-2007-6603,0.00833,0.80233
CVE-2007-6604,0.01346,0.84744
CVE-2007-6605,0.05434,0.92446
CVE-2007-6606,0.00625,0.76764
CVE-2007-6607,0.00498,0.73815
CVE-2007-6608,0.00569,0.75526
CVE-2007-6609,0.15100,0.95349
CVE-2007-6610,0.00706,0.78351
CVE-2007-6611,0.00357,0.69282
CVE-2007-6612,0.01768,0.86726
CVE-2007-6613,0.01638,0.86247
CVE-2007-6614,0.01543,0.85810
CVE-2007-6615,0.00762,0.79249
CVE-2007-6616,0.00254,0.63423
CVE-2007-6617,0.00250,0.63055
CVE-2007-6618,0.00396,0.70856
CVE-2007-6619,0.00523,0.74485
CVE-2007-6620,0.00343,0.68686
CVE-2007-6621,0.00343,0.68686
CVE-2007-6622,0.00146,0.50496
CVE-2007-6623,0.00484,0.73482
CVE-2007-6624,0.01581,0.86001
CVE-2007-6625,0.04903,0.92039
CVE-2007-6626,0.06795,0.93229
CVE-2007-6627,0.06293,0.92947
CVE-2007-6628,0.04748,0.91898
CVE-2007-6629,0.04748,0.91898
CVE-2007-6630,0.14227,0.95230
CVE-2007-6631,0.40175,0.96933
CVE-2007-6632,0.02442,0.88947
CVE-2007-6633,0.00358,0.69312
CVE-2007-6634,0.00147,0.50708
CVE-2007-6635,0.00152,0.51406
CVE-2007-6636,0.00470,0.73059
CVE-2007-6637,0.00477,0.73233
CVE-2007-6638,0.06595,0.93127
CVE-2007-6639,0.00064,0.26120
CVE-2007-6640,0.00337,0.68431
CVE-2007-6641,0.00358,0.69312
CVE-2007-6642,0.00310,0.67008
CVE-2007-6643,0.00217,0.59728
CVE-2007-6644,0.00370,0.69840
CVE-2007-6645,0.01189,0.83661
CVE-2007-6646,0.01245,0.84094
CVE-2007-6647,0.00107,0.43102
CVE-2007-6648,0.06027,0.92791
CVE-2007-6649,0.02899,0.89800
CVE-2007-6650,0.01846,0.87074
CVE-2007-6651,0.01395,0.85049
CVE-2007-6652,0.04583,0.91739
CVE-2007-6653,0.01794,0.86830
CVE-2007-6654,0.74794,0.97895
CVE-2007-6655,0.06121,0.92853
CVE-2007-6656,0.09122,0.94086
CVE-2007-6657,0.02728,0.89520
CVE-2007-6658,0.00123,0.46645
CVE-2007-6659,0.00367,0.69722
CVE-2007-6660,0.00356,0.69249
CVE-2007-6661,0.00195,0.57501
CVE-2007-6662,0.00315,0.67308
CVE-2007-6663,0.01628,0.86213
CVE-2007-6664,0.00064,0.26120
CVE-2007-6665,0.00064,0.26120
CVE-2007-6666,0.00087,0.36669
CVE-2007-6667,0.00222,0.60593
CVE-2007-6668,0.02052,0.87856
CVE-2007-6669,0.00481,0.73387
CVE-2007-6670,0.00064,0.26120
CVE-2007-6671,0.00117,0.45540
CVE-2007-6672,0.00618,0.76626
CVE-2007-6673,0.00186,0.55980
CVE-2007-6674,0.00184,0.55716
CVE-2007-6675,0.00360,0.69428
CVE-2007-6676,0.00396,0.70856
CVE-2007-6677,0.00132,0.48166
CVE-2007-6679,0.00413,0.71362
CVE-2007-6680,0.00042,0.05722
CVE-2007-6681,0.25027,0.96255
CVE-2007-6682,0.72169,0.97814
CVE-2007-6683,0.00691,0.78102
CVE-2007-6684,0.01271,0.84266
CVE-2007-6685,0.00352,0.69085
CVE-2007-6686,0.00378,0.70141
CVE-2007-6687,0.00265,0.64225
CVE-2007-6688,0.00410,0.71284
CVE-2007-6689,0.00772,0.79407
CVE-2007-6690,0.00352,0.69085
CVE-2007-6691,0.01326,0.84622
CVE-2007-6692,0.01478,0.85457
CVE-2007-6693,0.00356,0.69277
CVE-2007-6694,0.00044,0.08000
CVE-2007-6695,0.00220,0.60169
CVE-2007-6696,0.00143,0.50077
CVE-2007-6697,0.16499,0.95537
CVE-2007-6698,0.00620,0.76653
CVE-2007-6699,0.02208,0.88366
CVE-2007-6700,0.00362,0.69516
CVE-2007-6701,0.79417,0.98028
CVE-2007-6702,0.01795,0.86838
CVE-2007-6703,0.00470,0.73054
CVE-2007-6704,0.00807,0.79916
CVE-2007-6705,0.00042,0.05722
CVE-2007-6706,0.05241,0.92292
CVE-2007-6707,0.00415,0.71458
CVE-2007-6708,0.00320,0.67562
CVE-2007-6709,0.01540,0.85797
CVE-2007-6711,0.00523,0.74485
CVE-2007-6712,0.00044,0.08000
CVE-2007-6713,0.00140,0.49714
CVE-2007-6714,0.02144,0.88182
CVE-2007-6715,0.01198,0.83736
CVE-2007-6716,0.00044,0.10360
CVE-2007-6717,0.00042,0.05722
CVE-2007-6718,0.00199,0.57793
CVE-2007-6719,0.00111,0.44281
CVE-2007-6720,0.00242,0.62240
CVE-2007-6721,0.00617,0.76606
CVE-2007-6722,0.00264,0.64111
CVE-2007-6723,0.00862,0.80555
CVE-2007-6724,0.00264,0.64111
CVE-2007-6725,0.08409,0.93834
CVE-2007-6726,0.00400,0.70954
CVE-2007-6727,0.00118,0.45665
CVE-2007-6728,0.00160,0.52571
CVE-2007-6729,0.00199,0.57863
CVE-2007-6730,0.00303,0.66560
CVE-2007-6731,0.04721,0.91872
CVE-2007-6732,0.05026,0.92141
CVE-2007-6733,0.00042,0.05722
CVE-2007-6734,0.00589,0.76010
CVE-2007-6735,0.00287,0.65639
CVE-2007-6736,0.00350,0.68991
CVE-2007-6737,0.00788,0.79655
CVE-2007-6738,0.00294,0.66116
CVE-2007-6739,0.01132,0.83200
CVE-2007-6740,0.00272,0.64671
CVE-2007-6741,0.00255,0.63457
CVE-2007-6742,0.00174,0.54675
CVE-2007-6743,0.00174,0.54675
CVE-2007-6744,0.00042,0.05722
CVE-2007-6745,0.00442,0.72289
CVE-2007-6746,0.00204,0.58451
CVE-2007-6750,0.01696,0.86454
CVE-2007-6751,0.00220,0.60154
CVE-2007-6752,0.01135,0.83232
CVE-2007-6753,0.00048,0.14463
CVE-2007-6754,0.00119,0.45844
CVE-2007-6755,0.00614,0.76530
CVE-2007-6756,0.00147,0.50599
CVE-2007-6757,0.00659,0.77422
CVE-2007-6758,0.00718,0.78595
CVE-2007-6759,0.00702,0.78269
CVE-2007-6760,0.00702,0.78269
CVE-2007-6761,0.00042,0.05722
CVE-2007-6762,0.00775,0.79470
CVE-2007-6763,0.00094,0.39456
CVE-2008-0001,0.00044,0.08000
CVE-2008-0002,0.00239,0.62067
CVE-2008-0003,0.18261,0.95740
CVE-2008-0005,0.01494,0.85544
CVE-2008-0006,0.45880,0.97112
CVE-2008-0007,0.00044,0.08000
CVE-2008-0008,0.00044,0.08000
CVE-2008-0009,0.00043,0.07658
CVE-2008-0010,0.00044,0.08000
CVE-2008-0011,0.91733,0.98725
CVE-2008-0012,0.07756,0.93583
CVE-2008-0013,0.07756,0.93583
CVE-2008-0014,0.07756,0.93583
CVE-2008-0015,0.97131,0.99755
CVE-2008-0016,0.88195,0.98449
CVE-2008-0017,0.16574,0.95546
CVE-2008-0020,0.94650,0.99093
CVE-2008-0026,0.00185,0.55871
CVE-2008-0027,0.17722,0.95697
CVE-2008-0028,0.01379,0.84962
CVE-2008-0029,0.01147,0.83320
CVE-2008-0031,0.05476,0.92480
CVE-2008-0032,0.09872,0.94323
CVE-2008-0033,0.71273,0.97796
CVE-2008-0034,0.00216,0.59640
CVE-2008-0035,0.06979,0.93315
CVE-2008-0036,0.05219,0.92282
CVE-2008-0037,0.00379,0.70197
CVE-2008-0038,0.00043,0.05916
CVE-2008-0039,0.02193,0.88321
CVE-2008-0040,0.04412,0.91597
CVE-2008-0041,0.00583,0.75848
CVE-2008-0042,0.02520,0.89105
CVE-2008-0043,0.01590,0.86041
CVE-2008-0044,0.02451,0.88964
CVE-2008-0045,0.00504,0.74011
CVE-2008-0046,0.00175,0.54691
CVE-2008-0047,0.85523,0.98303
CVE-2008-0048,0.00398,0.70912
CVE-2008-0049,0.00049,0.15116
CVE-2008-0050,0.00967,0.81722
CVE-2008-0051,0.00048,0.14804
CVE-2008-0052,0.02202,0.88344
CVE-2008-0053,0.11713,0.94816
CVE-2008-0054,0.01689,0.86430
CVE-2008-0055,0.00043,0.05916
CVE-2008-0056,0.00398,0.70912
CVE-2008-0057,0.11499,0.94757
CVE-2008-0058,0.09482,0.94216
CVE-2008-0059,0.00231,0.61299
CVE-2008-0060,0.02202,0.88344
CVE-2008-0061,0.05669,0.92593
CVE-2008-0062,0.39162,0.96912
CVE-2008-0063,0.01191,0.83676
CVE-2008-0064,0.08228,0.93782
CVE-2008-0065,0.77522,0.97971
CVE-2008-0066,0.49297,0.97229
CVE-2008-0067,0.89258,0.98525
CVE-2008-0068,0.96270,0.99426
CVE-2008-0069,0.10084,0.94412
CVE-2008-0070,0.01624,0.86197
CVE-2008-0071,0.03872,0.91090
CVE-2008-0072,0.43510,0.97037
CVE-2008-0073,0.00428,0.71829
CVE-2008-0074,0.00043,0.07330
CVE-2008-0075,0.60697,0.97509
CVE-2008-0076,0.89798,0.98564
CVE-2008-0077,0.90970,0.98645
CVE-2008-0078,0.82170,0.98139
CVE-2008-0080,0.71728,0.97808
CVE-2008-0081,0.71195,0.97794
CVE-2008-0082,0.87699,0.98421
CVE-2008-0083,0.68193,0.97694
CVE-2008-0084,0.94615,0.99089
CVE-2008-0085,0.00725,0.78693
CVE-2008-0086,0.96282,0.99432
CVE-2008-0087,0.03957,0.91170
CVE-2008-0088,0.96813,0.99623
CVE-2008-0089,0.00087,0.36669
CVE-2008-0090,0.03576,0.90742
CVE-2008-0091,0.01988,0.87624
CVE-2008-0092,0.00347,0.68851
CVE-2008-0093,0.00220,0.60207
CVE-2008-0094,0.01641,0.86265
CVE-2008-0095,0.96669,0.99568
CVE-2008-0096,0.12537,0.94960
CVE-2008-0097,0.03265,0.90345
CVE-2008-0098,0.27426,0.96388
CVE-2008-0099,0.00153,0.51536
CVE-2008-0100,0.29266,0.96491
CVE-2008-0101,0.04605,0.91759
CVE-2008-0102,0.61368,0.97536
CVE-2008-0103,0.42458,0.97003
CVE-2008-0104,0.58977,0.97460
CVE-2008-0105,0.59171,0.97471
CVE-2008-0106,0.96282,0.99432
CVE-2008-0107,0.41176,0.96968
CVE-2008-0108,0.95778,0.99315
CVE-2008-0109,0.54217,0.97354
CVE-2008-0110,0.73081,0.97842
CVE-2008-0111,0.76397,0.97935
CVE-2008-0112,0.81098,0.98082
CVE-2008-0113,0.70986,0.97782
CVE-2008-0114,0.81872,0.98131
CVE-2008-0115,0.75997,0.97925
CVE-2008-0116,0.68974,0.97714
CVE-2008-0117,0.70723,0.97771
CVE-2008-0118,0.95483,0.99252
CVE-2008-0119,0.64394,0.97602
CVE-2008-0120,0.90055,0.98576
CVE-2008-0121,0.85998,0.98327
CVE-2008-0122,0.01539,0.85789
CVE-2008-0123,0.02602,0.89257
CVE-2008-0124,0.00305,0.66721
CVE-2008-0125,0.00186,0.55980
CVE-2008-0127,0.92026,0.98756
CVE-2008-0128,0.00239,0.62031
CVE-2008-0129,0.00143,0.50090
CVE-2008-0130,0.00140,0.49543
CVE-2008-0131,0.00247,0.62744
CVE-2008-0132,0.02740,0.89538
CVE-2008-0133,0.00099,0.40627
CVE-2008-0134,0.00254,0.63423
CVE-2008-0135,0.00833,0.80233
CVE-2008-0136,0.00377,0.70123
CVE-2008-0137,0.02081,0.87952
CVE-2008-0138,0.01520,0.85705
CVE-2008-0139,0.00916,0.81173
CVE-2008-0140,0.00467,0.72969
CVE-2008-0141,0.00685,0.77994
CVE-2008-0142,0.00133,0.48455
CVE-2008-0143,0.05178,0.92250
CVE-2008-0144,0.01123,0.83132
CVE-2008-0145,0.00983,0.81883
CVE-2008-0146,0.00297,0.66267
CVE-2008-0147,0.00091,0.38134
CVE-2008-0148,0.00438,0.72178
CVE-2008-0149,0.00371,0.69886
CVE-2008-0150,0.01147,0.83320
CVE-2008-0151,0.28968,0.96475
CVE-2008-0152,0.00244,0.62393
CVE-2008-0153,0.26535,0.96332
CVE-2008-0154,0.00140,0.49543
CVE-2008-0155,0.00192,0.57132
CVE-2008-0156,0.00580,0.75793
CVE-2008-0157,0.00107,0.43102
CVE-2008-0158,0.01737,0.86624
CVE-2008-0159,0.00091,0.38134
CVE-2008-0162,0.00042,0.05722
CVE-2008-0163,0.00042,0.05722
CVE-2008-0164,0.00367,0.69724
CVE-2008-0165,0.00215,0.59537
CVE-2008-0166,0.01121,0.83117
CVE-2008-0167,0.00062,0.24773
CVE-2008-0169,0.01405,0.85100
CVE-2008-0171,0.01393,0.85028
CVE-2008-0172,0.01771,0.86730
CVE-2008-0173,0.00375,0.70020
CVE-2008-0174,0.00469,0.73019
CVE-2008-0175,0.46369,0.97135
CVE-2008-0176,0.30341,0.96544
CVE-2008-0177,0.49421,0.97232
CVE-2008-0178,0.00171,0.54158
CVE-2008-0179,0.00263,0.64017
CVE-2008-0180,0.00263,0.64017
CVE-2008-0181,0.00263,0.64017
CVE-2008-0182,0.00138,0.49366
CVE-2008-0184,0.01493,0.85534
CVE-2008-0185,0.00269,0.64473
CVE-2008-0186,0.00220,0.60154
CVE-2008-0187,0.00064,0.26120
CVE-2008-0190,0.01124,0.83141
CVE-2008-0191,0.00505,0.74046
CVE-2008-0192,0.00638,0.77003
CVE-2008-0193,0.00652,0.77306
CVE-2008-0194,0.01009,0.82122
CVE-2008-0195,0.00569,0.75530
CVE-2008-0196,0.00462,0.72833
CVE-2008-0197,0.00451,0.72539
CVE-2008-0198,0.00279,0.65130
CVE-2008-0199,0.01849,0.87082
CVE-2008-0200,0.00347,0.68851
CVE-2008-0201,0.00369,0.69799
CVE-2008-0202,0.00420,0.71594
CVE-2008-0203,0.00220,0.60207
CVE-2008-0204,0.00220,0.60207
CVE-2008-0205,0.00246,0.62682
CVE-2008-0206,0.00220,0.60207
CVE-2008-0207,0.02602,0.89257
CVE-2008-0208,0.00273,0.64745
CVE-2008-0209,0.00263,0.64011
CVE-2008-0210,0.00263,0.64012
CVE-2008-0211,0.00042,0.05722
CVE-2008-0212,0.04025,0.91230
CVE-2008-0213,0.04343,0.91538
CVE-2008-0214,0.01581,0.85999
CVE-2008-0215,0.01581,0.85999
CVE-2008-0216,0.00042,0.05722
CVE-2008-0217,0.00042,0.05722
CVE-2008-0218,0.00481,0.73387
CVE-2008-0219,0.00064,0.26120
CVE-2008-0220,0.33348,0.96669
CVE-2008-0221,0.00638,0.77024
CVE-2008-0222,0.02085,0.87968
CVE-2008-0223,0.19114,0.95835
CVE-2008-0224,0.00064,0.26120
CVE-2008-0225,0.10356,0.94472
CVE-2008-0226,0.97455,0.99950
CVE-2008-0227,0.34538,0.96722
CVE-2008-0228,0.00177,0.54972
CVE-2008-0229,0.01147,0.83320
CVE-2008-0230,0.05842,0.92688
CVE-2008-0231,0.02550,0.89152
CVE-2008-0232,0.00103,0.41633
CVE-2008-0233,0.00403,0.71053
CVE-2008-0234,0.75914,0.97921
CVE-2008-0235,0.17207,0.95637
CVE-2008-0236,0.95443,0.99242
CVE-2008-0237,0.95999,0.99362
CVE-2008-0238,0.09987,0.94370
CVE-2008-0239,0.68217,0.97695
CVE-2008-0240,0.00666,0.77619
CVE-2008-0241,0.00616,0.76591
CVE-2008-0242,0.00044,0.10704
CVE-2008-0243,0.00228,0.61076
CVE-2008-0244,0.96671,0.99570
CVE-2008-0245,0.00546,0.75064
CVE-2008-0246,0.00546,0.75064
CVE-2008-0247,0.52006,0.97295
CVE-2008-0248,0.11555,0.94774
CVE-2008-0249,0.01795,0.86838
CVE-2008-0250,0.00768,0.79351
CVE-2008-0251,0.00694,0.78157
CVE-2008-0252,0.00917,0.81188
CVE-2008-0253,0.00064,0.26120
CVE-2008-0254,0.00091,0.38134
CVE-2008-0255,0.00064,0.26120
CVE-2008-0256,0.00064,0.26120
CVE-2008-0257,0.00192,0.57132
CVE-2008-0258,0.00386,0.70474
CVE-2008-0259,0.00329,0.68025
CVE-2008-0260,0.00216,0.59621
CVE-2008-0261,0.00920,0.81233
CVE-2008-0262,0.00064,0.26120
CVE-2008-0263,0.03784,0.90996
CVE-2008-0264,0.03331,0.90438
CVE-2008-0265,0.00435,0.72087
CVE-2008-0266,0.01504,0.85617
CVE-2008-0267,0.00097,0.40227
CVE-2008-0268,0.00297,0.66267
CVE-2008-0269,0.00044,0.10704
CVE-2008-0270,0.00127,0.47256
CVE-2008-0271,0.00146,0.50438
CVE-2008-0272,0.00247,0.62745
CVE-2008-0273,0.00419,0.71579
CVE-2008-0274,0.00305,0.66721
CVE-2008-0275,0.00276,0.64930
CVE-2008-0276,0.00132,0.48166
CVE-2008-0277,0.00371,0.69875
CVE-2008-0278,0.00123,0.46611
CVE-2008-0279,0.00064,0.26120
CVE-2008-0280,0.00123,0.46645
CVE-2008-0281,0.00087,0.36669
CVE-2008-0282,0.00107,0.43102
CVE-2008-0283,0.00734,0.78833
CVE-2008-0284,0.00220,0.60154
CVE-2008-0285,0.04118,0.91336
CVE-2008-0286,0.00123,0.46645
CVE-2008-0287,0.01978,0.87598
CVE-2008-0288,0.00064,0.26120
CVE-2008-0289,0.06121,0.92853
CVE-2008-0290,0.00064,0.26120
CVE-2008-0291,0.00089,0.37471
CVE-2008-0292,0.00132,0.48166
CVE-2008-0293,0.00501,0.73898
CVE-2008-0294,0.00181,0.55501
CVE-2008-0295,0.04486,0.91657
CVE-2008-0296,0.00923,0.81268
CVE-2008-0297,0.00667,0.77663
CVE-2008-0298,0.06847,0.93251
CVE-2008-0299,0.00436,0.72108
CVE-2008-0300,0.03399,0.90534
CVE-2008-0301,0.00276,0.64881
CVE-2008-0302,0.00042,0.05722
CVE-2008-0303,0.00816,0.80009
CVE-2008-0304,0.31554,0.96598
CVE-2008-0306,0.00042,0.05722
CVE-2008-0307,0.05633,0.92580
CVE-2008-0308,0.00525,0.74548
CVE-2008-0309,0.02378,0.88796
CVE-2008-0310,0.00042,0.05722
CVE-2008-0311,0.73609,0.97859
CVE-2008-0312,0.05329,0.92362
CVE-2008-0313,0.30383,0.96546
CVE-2008-0314,0.17230,0.95638
CVE-2008-0318,0.53220,0.97332
CVE-2008-0320,0.92303,0.98786
CVE-2008-0322,0.00050,0.16493
CVE-2008-0324,0.00043,0.07477
CVE-2008-0325,0.00064,0.26120
CVE-2008-0326,0.00064,0.26120
CVE-2008-0327,0.00087,0.36669
CVE-2008-0328,0.00107,0.43102
CVE-2008-0329,0.01210,0.83830
CVE-2008-0330,0.02434,0.88933
CVE-2008-0331,0.01386,0.84999
CVE-2008-0332,0.01794,0.86830
CVE-2008-0333,0.00809,0.79937
CVE-2008-0334,0.00187,0.56309
CVE-2008-0335,0.00254,0.63423
CVE-2008-0336,0.00146,0.50438
CVE-2008-0337,0.07962,0.93688
CVE-2008-0338,0.00775,0.79455
CVE-2008-0339,0.18345,0.95749
CVE-2008-0340,0.01200,0.83750
CVE-2008-0341,0.01037,0.82368
CVE-2008-0342,0.01037,0.82368
CVE-2008-0343,0.01200,0.83750
CVE-2008-0344,0.01200,0.83750
CVE-2008-0345,0.01200,0.83750
CVE-2008-0346,0.01200,0.83750
CVE-2008-0347,0.00967,0.81723
CVE-2008-0348,0.01200,0.83750
CVE-2008-0349,0.01200,0.83750
CVE-2008-0350,0.00523,0.74485
CVE-2008-0351,0.00236,0.61756
CVE-2008-0352,0.01895,0.87287
CVE-2008-0353,0.00107,0.43102
CVE-2008-0354,0.00442,0.72297
CVE-2008-0355,0.00064,0.26120
CVE-2008-0356,0.85297,0.98293
CVE-2008-0357,0.01274,0.84288
CVE-2008-0358,0.00153,0.51517
CVE-2008-0359,0.00339,0.68498
CVE-2008-0360,0.00209,0.58922
CVE-2008-0361,0.01658,0.86317
CVE-2008-0362,0.00254,0.63423
CVE-2008-0363,0.00249,0.62894
CVE-2008-0364,0.06198,0.92894
CVE-2008-0365,0.00043,0.07332
CVE-2008-0366,0.00042,0.05722
CVE-2008-0367,0.00336,0.68381
CVE-2008-0368,0.00042,0.05722
CVE-2008-0369,0.00042,0.05722
CVE-2008-0370,0.00254,0.63423
CVE-2008-0371,0.00283,0.65400
CVE-2008-0372,0.02311,0.88641
CVE-2008-0373,0.00694,0.78157
CVE-2008-0374,0.00377,0.70064
CVE-2008-0375,0.01217,0.83885
CVE-2008-0376,0.00788,0.79655
CVE-2008-0377,0.00788,0.79655
CVE-2008-0378,0.02265,0.88530
CVE-2008-0379,0.01682,0.86405
CVE-2008-0380,0.10430,0.94492
CVE-2008-0381,0.00120,0.46075
CVE-2008-0382,0.65982,0.97638
CVE-2008-0383,0.00214,0.59477
CVE-2008-0384,0.00043,0.07477
CVE-2008-0385,0.00248,0.62861
CVE-2008-0386,0.03399,0.90533
CVE-2008-0387,0.91942,0.98746
CVE-2008-0388,0.05002,0.92114
CVE-2008-0389,0.00733,0.78828
CVE-2008-0390,0.01256,0.84158
CVE-2008-0391,0.00540,0.74912
CVE-2008-0392,0.47740,0.97172
CVE-2008-0393,0.01120,0.83102
CVE-2008-0394,0.23268,0.96146
CVE-2008-0395,0.00377,0.70123
CVE-2008-0396,0.02149,0.88217
CVE-2008-0397,0.00249,0.62894
CVE-2008-0398,0.00220,0.60207
CVE-2008-0399,0.18704,0.95799
CVE-2008-0400,0.00195,0.57440
CVE-2008-0401,0.84913,0.98275
CVE-2008-0402,0.00319,0.67513
CVE-2008-0403,0.00984,0.81890
CVE-2008-0404,0.00260,0.63846
CVE-2008-0405,0.00963,0.81674
CVE-2008-0406,0.10965,0.94630
CVE-2008-0407,0.00486,0.73521
CVE-2008-0408,0.00736,0.78861
CVE-2008-0409,0.00376,0.70048
CVE-2008-0410,0.00728,0.78741
CVE-2008-0411,0.51950,0.97294
CVE-2008-0412,0.09818,0.94308
CVE-2008-0413,0.15203,0.95365
CVE-2008-0414,0.01233,0.84010
CVE-2008-0415,0.00694,0.78144
CVE-2008-0416,0.00819,0.80037
CVE-2008-0417,0.01275,0.84291
CVE-2008-0418,0.00949,0.81522
CVE-2008-0419,0.06421,0.93022
CVE-2008-0420,0.06462,0.93045
CVE-2008-0421,0.00095,0.39667
CVE-2008-0422,0.93101,0.98882
CVE-2008-0423,0.05411,0.92432
CVE-2008-0424,0.00064,0.26120
CVE-2008-0425,0.01426,0.85197
CVE-2008-0426,0.00254,0.63423
CVE-2008-0427,0.01951,0.87500
CVE-2008-0428,0.00298,0.66330
CVE-2008-0429,0.00302,0.66496
CVE-2008-0430,0.00064,0.26120
CVE-2008-0431,0.01826,0.86968
CVE-2008-0432,0.00358,0.69312
CVE-2008-0433,0.15726,0.95444
CVE-2008-0434,0.08364,0.93821
CVE-2008-0435,0.01633,0.86227
CVE-2008-0436,0.00149,0.50941
CVE-2008-0437,0.36755,0.96807
CVE-2008-0438,0.00569,0.75526
CVE-2008-0439,0.00214,0.59417
CVE-2008-0440,0.00217,0.59716
CVE-2008-0441,0.00042,0.05722
CVE-2008-0442,0.00441,0.72268
CVE-2008-0443,0.16573,0.95546
CVE-2008-0444,0.00250,0.63055
CVE-2008-0445,0.00920,0.81233
CVE-2008-0446,0.00100,0.40966
CVE-2008-0447,0.00100,0.40966
CVE-2008-0448,0.00540,0.74912
CVE-2008-0449,0.00171,0.54155
CVE-2008-0450,0.00540,0.74912
CVE-2008-0451,0.00127,0.47299
CVE-2008-0452,0.00821,0.80072
CVE-2008-0453,0.00091,0.38134
CVE-2008-0454,0.28920,0.96470
CVE-2008-0455,0.82658,0.98173
CVE-2008-0456,0.00682,0.77959
CVE-2008-0457,0.12186,0.94908
CVE-2008-0458,0.01779,0.86763
CVE-2008-0459,0.01581,0.86001
CVE-2008-0460,0.00763,0.79264
CVE-2008-0461,0.00748,0.79015
CVE-2008-0462,0.00254,0.63423
CVE-2008-0463,0.00254,0.63423
CVE-2008-0464,0.02084,0.87965
CVE-2008-0465,0.01821,0.86949
CVE-2008-0466,0.00547,0.75089
CVE-2008-0467,0.17618,0.95689
CVE-2008-0468,0.00107,0.43102
CVE-2008-0469,0.09122,0.94086
CVE-2008-0470,0.02777,0.89602
CVE-2008-0471,0.00208,0.58788
CVE-2008-0472,0.00146,0.50438
CVE-2008-0473,0.00370,0.69848
CVE-2008-0474,0.00173,0.54537
CVE-2008-0475,0.00330,0.68102
CVE-2008-0476,0.00359,0.69363
CVE-2008-0477,0.18474,0.95765
CVE-2008-0478,0.00841,0.80332
CVE-2008-0479,0.00486,0.73521
CVE-2008-0480,0.00457,0.72725
CVE-2008-0481,0.00473,0.73128
CVE-2008-0485,0.20744,0.95976
CVE-2008-0486,0.05693,0.92610
CVE-2008-0487,0.00076,0.31151
CVE-2008-0488,0.01166,0.83478
CVE-2008-0489,0.01274,0.84288
CVE-2008-0490,0.00073,0.30298
CVE-2008-0491,0.00117,0.45465
CVE-2008-0492,0.90240,0.98588
CVE-2008-0493,0.13391,0.95100
CVE-2008-0494,0.00171,0.54234
CVE-2008-0495,0.03587,0.90755
CVE-2008-0496,0.00329,0.68018
CVE-2008-0497,0.00435,0.72087
CVE-2008-0498,0.00087,0.36669
CVE-2008-0499,0.00248,0.62861
CVE-2008-0500,0.00378,0.70141
CVE-2008-0501,0.01450,0.85331
CVE-2008-0502,0.05842,0.92688
CVE-2008-0503,0.02783,0.89610
CVE-2008-0504,0.00223,0.60700
CVE-2008-0505,0.00275,0.64854
CVE-2008-0506,0.96196,0.99410
CVE-2008-0507,0.00073,0.30298
CVE-2008-0508,0.00399,0.70936
CVE-2008-0509,0.00287,0.65656
CVE-2008-0510,0.00064,0.26120
CVE-2008-0511,0.00064,0.26120
CVE-2008-0512,0.00064,0.26120
CVE-2008-0513,0.01536,0.85775
CVE-2008-0514,0.00064,0.26120
CVE-2008-0515,0.00102,0.41272
CVE-2008-0516,0.00756,0.79173
CVE-2008-0517,0.00107,0.43102
CVE-2008-0518,0.00107,0.43102
CVE-2008-0519,0.00107,0.43102
CVE-2008-0520,0.00106,0.42987
CVE-2008-0521,0.01006,0.82093
CVE-2008-0522,0.00282,0.65305
CVE-2008-0523,0.00192,0.57132
CVE-2008-0524,0.00214,0.59454
CVE-2008-0525,0.00044,0.08000
CVE-2008-0526,0.01969,0.87557
CVE-2008-0527,0.00882,0.80776
CVE-2008-0528,0.10431,0.94493
CVE-2008-0529,0.07866,0.93644
CVE-2008-0530,0.10431,0.94493
CVE-2008-0531,0.00516,0.74306
CVE-2008-0532,0.92674,0.98836
CVE-2008-0533,0.01108,0.83009
CVE-2008-0534,0.02950,0.89864
CVE-2008-0535,0.02670,0.89396
CVE-2008-0536,0.02670,0.89396
CVE-2008-0537,0.01921,0.87393
CVE-2008-0538,0.00190,0.56607
CVE-2008-0539,0.00910,0.81108
CVE-2008-0540,0.00187,0.56309
CVE-2008-0541,0.00220,0.60207
CVE-2008-0542,0.00467,0.72969
CVE-2008-0543,0.00230,0.61251
CVE-2008-0544,0.07725,0.93566
CVE-2008-0545,0.01313,0.84554
CVE-2008-0546,0.00234,0.61584
CVE-2008-0547,0.00416,0.71495
CVE-2008-0548,0.00264,0.64126
CVE-2008-0549,0.00659,0.77414
CVE-2008-0550,0.08849,0.93996
CVE-2008-0551,0.34553,0.96722
CVE-2008-0552,0.00608,0.76373
CVE-2008-0553,0.20659,0.95966
CVE-2008-0554,0.04221,0.91424
CVE-2008-0555,0.01120,0.83103
CVE-2008-0556,0.00342,0.68612
CVE-2008-0557,0.00100,0.40966
CVE-2008-0558,0.00247,0.62744
CVE-2008-0559,0.01016,0.82178
CVE-2008-0560,0.00788,0.79655
CVE-2008-0561,0.00064,0.26120
CVE-2008-0562,0.00064,0.26120
CVE-2008-0563,0.00118,0.45676
CVE-2008-0564,0.00358,0.69349
CVE-2008-0565,0.00091,0.38134
CVE-2008-0566,0.00734,0.78833
CVE-2008-0567,0.01060,0.82578
CVE-2008-0568,0.00788,0.79655
CVE-2008-0569,0.02105,0.88028
CVE-2008-0570,0.00181,0.55501
CVE-2008-0571,0.00145,0.50330
CVE-2008-0572,0.00795,0.79768
CVE-2008-0573,0.00042,0.00438
CVE-2008-0574,0.00297,0.66267
CVE-2008-0575,0.00145,0.50330
CVE-2008-0576,0.00192,0.57132
CVE-2008-0577,0.00303,0.66562
CVE-2008-0578,0.00282,0.65305
CVE-2008-0579,0.00140,0.49543
CVE-2008-0580,0.00042,0.05722
CVE-2008-0581,0.00042,0.05722
CVE-2008-0582,0.00362,0.69499
CVE-2008-0583,0.00618,0.76625
CVE-2008-0584,0.00042,0.05753
CVE-2008-0585,0.00042,0.05722
CVE-2008-0586,0.00044,0.08043
CVE-2008-0587,0.00042,0.05722
CVE-2008-0588,0.00042,0.05722
CVE-2008-0589,0.00042,0.05722
CVE-2008-0590,0.04661,0.91816
CVE-2008-0591,0.03973,0.91183
CVE-2008-0592,0.05966,0.92757
CVE-2008-0593,0.00561,0.75348
CVE-2008-0594,0.02001,0.87682
CVE-2008-0595,0.00044,0.10360
CVE-2008-0596,0.11332,0.94724
CVE-2008-0597,0.10644,0.94554
CVE-2008-0598,0.00044,0.08000
CVE-2008-0599,0.24542,0.96228
CVE-2008-0600,0.00044,0.08000
CVE-2008-0601,0.00107,0.43198
CVE-2008-0602,0.00671,0.77717
CVE-2008-0603,0.00107,0.43198
CVE-2008-0604,0.00756,0.79173
CVE-2008-0605,0.00149,0.50941
CVE-2008-0606,0.00100,0.40966
CVE-2008-0607,0.00108,0.43336
CVE-2008-0608,0.04885,0.92025
CVE-2008-0609,0.01737,0.86625
CVE-2008-0610,0.32003,0.96615
CVE-2008-0611,0.00107,0.43198
CVE-2008-0612,0.00733,0.78825
CVE-2008-0613,0.00487,0.73540
CVE-2008-0614,0.00107,0.43198
CVE-2008-0615,0.00335,0.68336
CVE-2008-0616,0.00132,0.48075
CVE-2008-0617,0.00183,0.55662
CVE-2008-0618,0.00095,0.39700
CVE-2008-0619,0.08873,0.94009
CVE-2008-0620,0.05402,0.92423
CVE-2008-0621,0.78459,0.98000
CVE-2008-0622,0.00254,0.63423
CVE-2008-0623,0.22045,0.96059
CVE-2008-0624,0.05776,0.92650
CVE-2008-0625,0.06246,0.92922
CVE-2008-0628,0.00719,0.78606
CVE-2008-0629,0.05645,0.92584
CVE-2008-0630,0.14933,0.95329
CVE-2008-0631,0.01155,0.83391
CVE-2008-0632,0.06752,0.93202
CVE-2008-0633,0.00372,0.69911
CVE-2008-0634,0.08656,0.93932
CVE-2008-0635,0.00536,0.74804
CVE-2008-0636,0.01363,0.84868
CVE-2008-0638,0.92760,0.98848
CVE-2008-0639,0.43872,0.97048
CVE-2008-0640,0.00717,0.78543
CVE-2008-0642,0.00343,0.68645
CVE-2008-0643,0.00251,0.63125
CVE-2008-0644,0.00293,0.66017
CVE-2008-0645,0.00921,0.81243
CVE-2008-0646,0.01708,0.86502
CVE-2008-0647,0.12537,0.94960
CVE-2008-0648,0.00734,0.78833
CVE-2008-0649,0.00107,0.43198
CVE-2008-0650,0.00075,0.30849
CVE-2008-0651,0.00075,0.30849
CVE-2008-0652,0.00107,0.43198
CVE-2008-0653,0.00107,0.43198
CVE-2008-0654,0.00525,0.74534
CVE-2008-0655,0.95304,0.99210
CVE-2008-0656,0.01566,0.85920
CVE-2008-0657,0.01172,0.83533
CVE-2008-0658,0.00676,0.77819
CVE-2008-0659,0.66155,0.97642
CVE-2008-0660,0.76898,0.97951
CVE-2008-0661,0.10084,0.94412
CVE-2008-0662,0.00042,0.05722
CVE-2008-0663,0.00179,0.55186
CVE-2008-0664,0.00639,0.77028
CVE-2008-0665,0.00042,0.05722
CVE-2008-0666,0.00042,0.05722
CVE-2008-0667,0.01512,0.85655
CVE-2008-0668,0.09496,0.94220
CVE-2008-0669,0.00132,0.48166
CVE-2008-0670,0.00107,0.43198
CVE-2008-0671,0.23268,0.96146
CVE-2008-0672,0.02566,0.89182
CVE-2008-0673,0.01705,0.86493
CVE-2008-0674,0.53337,0.97335
CVE-2008-0675,0.00146,0.50496
CVE-2008-0676,0.00132,0.48166
CVE-2008-0677,0.00125,0.47070
CVE-2008-0678,0.00140,0.49543
CVE-2008-0679,0.00192,0.57132
CVE-2008-0680,0.07487,0.93497
CVE-2008-0681,0.00152,0.51494
CVE-2008-0682,0.00107,0.43102
CVE-2008-0683,0.00068,0.28434
CVE-2008-0684,0.00173,0.54537
CVE-2008-0685,0.00100,0.40966
CVE-2008-0686,0.00064,0.26120
CVE-2008-0687,0.00666,0.77615
CVE-2008-0688,0.00186,0.55980
CVE-2008-0689,0.00107,0.43198
CVE-2008-0690,0.00107,0.43198
CVE-2008-0691,0.00273,0.64718
CVE-2008-0692,0.00100,0.40966
CVE-2008-0693,0.00850,0.80423
CVE-2008-0694,0.00191,0.56743
CVE-2008-0695,0.00095,0.39667
CVE-2008-0696,0.00249,0.62956
CVE-2008-0697,0.00042,0.05722
CVE-2008-0698,0.00272,0.64678
CVE-2008-0699,0.01852,0.87092
CVE-2008-0700,0.00161,0.52792
CVE-2008-0701,0.00334,0.68327
CVE-2008-0702,0.09604,0.94253
CVE-2008-0703,0.01325,0.84620
CVE-2008-0704,0.01796,0.86845
CVE-2008-0706,0.00202,0.58252
CVE-2008-0707,0.00042,0.05722
CVE-2008-0708,0.00059,0.22933
CVE-2008-0709,0.00209,0.58909
CVE-2008-0711,0.04253,0.91457
CVE-2008-0712,0.44874,0.97080
CVE-2008-0713,0.01015,0.82166
CVE-2008-0714,0.00152,0.51494
CVE-2008-0715,0.03077,0.90061
CVE-2008-0716,0.00043,0.07360
CVE-2008-0717,0.00211,0.59028
CVE-2008-0718,0.00044,0.10704
CVE-2008-0719,0.00064,0.26120
CVE-2008-0720,0.00250,0.63055
CVE-2008-0721,0.00107,0.43198
CVE-2008-0722,0.00187,0.56309
CVE-2008-0723,0.00170,0.54075
CVE-2008-0724,0.00299,0.66379
CVE-2008-0725,0.01607,0.86124
CVE-2008-0726,0.09619,0.94259
CVE-2008-0727,0.90774,0.98625
CVE-2008-0728,0.01289,0.84406
CVE-2008-0729,0.03333,0.90439
CVE-2008-0730,0.00044,0.10704
CVE-2008-0731,0.00212,0.59260
CVE-2008-0732,0.00042,0.05722
CVE-2008-0733,0.00064,0.26120
CVE-2008-0734,0.00100,0.40966
CVE-2008-0735,0.00100,0.40966
CVE-2008-0736,0.00803,0.79875
CVE-2008-0737,0.00218,0.59853
CVE-2008-0738,0.00102,0.41272
CVE-2008-0739,0.00102,0.41272
CVE-2008-0740,0.00042,0.05722
CVE-2008-0741,0.00424,0.71732
CVE-2008-0742,0.01313,0.84554
CVE-2008-0743,0.02728,0.89520
CVE-2008-0744,0.00064,0.26120
CVE-2008-0745,0.00993,0.81992
CVE-2008-0746,0.00064,0.26120
CVE-2008-0747,0.11555,0.94774
CVE-2008-0748,0.33806,0.96688
CVE-2008-0749,0.00195,0.57440
CVE-2008-0750,0.00346,0.68802
CVE-2008-0751,0.00227,0.61008
CVE-2008-0752,0.00100,0.40966
CVE-2008-0753,0.00064,0.26120
CVE-2008-0754,0.00135,0.48729
CVE-2008-0755,0.13793,0.95158
CVE-2008-0756,0.09357,0.94173
CVE-2008-0757,0.00214,0.59493
CVE-2008-0758,0.00537,0.74843
CVE-2008-0759,0.01508,0.85634
CVE-2008-0760,0.02084,0.87965
CVE-2008-0761,0.00100,0.40966
CVE-2008-0762,0.00140,0.49543
CVE-2008-0763,0.17607,0.95687
CVE-2008-0764,0.13793,0.95158
CVE-2008-0765,0.00367,0.69722
CVE-2008-0766,0.10352,0.94470
CVE-2008-0767,0.15403,0.95410
CVE-2008-0768,0.01745,0.86650
CVE-2008-0769,0.00254,0.63423
CVE-2008-0770,0.00107,0.43198
CVE-2008-0771,0.00230,0.61251
CVE-2008-0772,0.00068,0.28434
CVE-2008-0773,0.00107,0.43198
CVE-2008-0774,0.00132,0.48166
CVE-2008-0775,0.00250,0.63055
CVE-2008-0776,0.00100,0.40966
CVE-2008-0777,0.00042,0.05722
CVE-2008-0778,0.84867,0.98274
CVE-2008-0779,0.00042,0.05722
CVE-2008-0780,0.00329,0.68055
CVE-2008-0781,0.00329,0.68055
CVE-2008-0782,0.08734,0.93967
CVE-2008-0783,0.00864,0.80571
CVE-2008-0784,0.00651,0.77282
CVE-2008-0785,0.00214,0.59523
CVE-2008-0786,0.00487,0.73543
CVE-2008-0787,0.00167,0.53517
CVE-2008-0788,0.00410,0.71281
CVE-2008-0789,0.00140,0.49543
CVE-2008-0790,0.02084,0.87965
CVE-2008-0791,0.01722,0.86565
CVE-2008-0792,0.00488,0.73572
CVE-2008-0793,0.00254,0.63423
CVE-2008-0794,0.01699,0.86467
CVE-2008-0795,0.00064,0.26120
CVE-2008-0796,0.00095,0.39667
CVE-2008-0797,0.00443,0.72316
CVE-2008-0798,0.01567,0.85925
CVE-2008-0799,0.00100,0.40966
CVE-2008-0800,0.00100,0.40966
CVE-2008-0801,0.00100,0.40966
CVE-2008-0802,0.00107,0.43102
CVE-2008-0803,0.01060,0.82578
CVE-2008-0804,0.01771,0.86732
CVE-2008-0805,0.01894,0.87277
CVE-2008-0806,0.00042,0.05722
CVE-2008-0807,0.00197,0.57677
CVE-2008-0808,0.00250,0.63055
CVE-2008-0809,0.00254,0.63423
CVE-2008-0810,0.00064,0.26120
CVE-2008-0811,0.00093,0.39001
CVE-2008-0812,0.02822,0.89679
CVE-2008-0813,0.01735,0.86612
CVE-2008-0814,0.00742,0.78943
CVE-2008-0815,0.00107,0.43102
CVE-2008-0816,0.00064,0.26120
CVE-2008-0817,0.00087,0.36669
CVE-2008-0818,0.03647,0.90828
CVE-2008-0819,0.00470,0.73044
CVE-2008-0820,0.00405,0.71135
CVE-2008-0821,0.00068,0.28434
CVE-2008-0822,0.00923,0.81267
CVE-2008-0823,0.01060,0.82603
CVE-2008-0824,0.00244,0.62423
CVE-2008-0825,0.00146,0.50496
CVE-2008-0826,0.00220,0.60154
CVE-2008-0827,0.00064,0.26120
CVE-2008-0828,0.00220,0.60154
CVE-2008-0829,0.00087,0.36669
CVE-2008-0830,0.03525,0.90681
CVE-2008-0831,0.00111,0.44281
CVE-2008-0832,0.00640,0.77062
CVE-2008-0833,0.00100,0.40966
CVE-2008-0834,0.00250,0.63004
CVE-2008-0835,0.00064,0.26120
CVE-2008-0836,0.00044,0.10704
CVE-2008-0837,0.00434,0.72070
CVE-2008-0838,0.00461,0.72817
CVE-2008-0839,0.00146,0.50496
CVE-2008-0840,0.01163,0.83446
CVE-2008-0841,0.00068,0.28434
CVE-2008-0842,0.00107,0.43102
CVE-2008-0843,0.00343,0.68666
CVE-2008-0844,0.00100,0.40966
CVE-2008-0845,0.00107,0.43102
CVE-2008-0846,0.00068,0.28434
CVE-2008-0847,0.00107,0.43102
CVE-2008-0848,0.00265,0.64225
CVE-2008-0849,0.00102,0.41432
CVE-2008-0850,0.00483,0.73431
CVE-2008-0851,0.00491,0.73670
CVE-2008-0852,0.05319,0.92353
CVE-2008-0853,0.00064,0.26120
CVE-2008-0854,0.00107,0.43102
CVE-2008-0855,0.00100,0.40966
CVE-2008-0856,0.00108,0.43336
CVE-2008-0857,0.00087,0.36669
CVE-2008-0858,0.06962,0.93308
CVE-2008-0859,0.01282,0.84358
CVE-2008-0860,0.00378,0.70141
CVE-2008-0861,0.02838,0.89707
CVE-2008-0862,0.00327,0.67946
CVE-2008-0863,0.00294,0.66077
CVE-2008-0864,0.00293,0.66035
CVE-2008-0865,0.00293,0.66035
CVE-2008-0866,0.00279,0.65069
CVE-2008-0867,0.00316,0.67378
CVE-2008-0868,0.00238,0.61921
CVE-2008-0869,0.00321,0.67643
CVE-2008-0870,0.00860,0.80530
CVE-2008-0871,0.87931,0.98434
CVE-2008-0872,0.00608,0.76373
CVE-2008-0873,0.00064,0.26120
CVE-2008-0874,0.00107,0.43102
CVE-2008-0875,0.00920,0.81233
CVE-2008-0876,0.00694,0.78166
CVE-2008-0877,0.00214,0.59417
CVE-2008-0878,0.00107,0.43102
CVE-2008-0879,0.00124,0.46848
CVE-2008-0880,0.00068,0.28434
CVE-2008-0881,0.00107,0.43198
CVE-2008-0882,0.11958,0.94863
CVE-2008-0883,0.00044,0.08124
CVE-2008-0884,0.00042,0.05722
CVE-2008-0887,0.00453,0.72597
CVE-2008-0888,0.06689,0.93170
CVE-2008-0889,0.00042,0.05722
CVE-2008-0890,0.00042,0.05722
CVE-2008-0891,0.13217,0.95071
CVE-2008-0892,0.00417,0.71520
CVE-2008-0893,0.01405,0.85100
CVE-2008-0894,0.01304,0.84497
CVE-2008-0895,0.00304,0.66633
CVE-2008-0896,0.00076,0.31436
CVE-2008-0897,0.00231,0.61342
CVE-2008-0898,0.00256,0.63552
CVE-2008-0899,0.00279,0.65069
CVE-2008-0900,0.00231,0.61342
CVE-2008-0901,0.00389,0.70596
CVE-2008-0902,0.00243,0.62370
CVE-2008-0903,0.00600,0.76197
CVE-2008-0904,0.00419,0.71574
CVE-2008-0905,0.00902,0.81018
CVE-2008-0906,0.00064,0.26120
CVE-2008-0907,0.00068,0.28434
CVE-2008-0908,0.00140,0.49543
CVE-2008-0909,0.00204,0.58384
CVE-2008-0910,0.01342,0.84718
CVE-2008-0911,0.00065,0.27088
CVE-2008-0912,0.28968,0.96475
CVE-2008-0913,0.00132,0.48166
CVE-2008-0914,0.00265,0.64225
CVE-2008-0915,0.00470,0.73072
CVE-2008-0916,0.00064,0.26120
CVE-2008-0917,0.00220,0.60154
CVE-2008-0918,0.00125,0.47070
CVE-2008-0919,0.00337,0.68411
CVE-2008-0920,0.00206,0.58577
CVE-2008-0921,0.00064,0.26120
CVE-2008-0922,0.00107,0.43198
CVE-2008-0923,0.00076,0.31291
CVE-2008-0924,0.07609,0.93535
CVE-2008-0925,0.00161,0.52694
CVE-2008-0926,0.34618,0.96725
CVE-2008-0927,0.96755,0.99603
CVE-2008-0928,0.00062,0.24388
CVE-2008-0930,0.00042,0.05722
CVE-2008-0931,0.00042,0.05722
CVE-2008-0932,0.01426,0.85192
CVE-2008-0933,0.00044,0.10704
CVE-2008-0934,0.00068,0.28434
CVE-2008-0935,0.40953,0.96962
CVE-2008-0936,0.00064,0.26120
CVE-2008-0937,0.00143,0.50090
CVE-2008-0938,0.00044,0.10704
CVE-2008-0939,0.00217,0.59732
CVE-2008-0940,0.00192,0.57132
CVE-2008-0941,0.00291,0.65888
CVE-2008-0942,0.00064,0.26120
CVE-2008-0943,0.00063,0.25639
CVE-2008-0944,0.14694,0.95294
CVE-2008-0945,0.01219,0.83901
CVE-2008-0946,0.00966,0.81713
CVE-2008-0947,0.38454,0.96879
CVE-2008-0948,0.31010,0.96577
CVE-2008-0949,0.01491,0.85519
CVE-2008-0951,0.30660,0.96556
CVE-2008-0952,0.20702,0.95972
CVE-2008-0953,0.12494,0.94951
CVE-2008-0955,0.61511,0.97540
CVE-2008-0956,0.31319,0.96589
CVE-2008-0957,0.05424,0.92438
CVE-2008-0958,0.22990,0.96128
CVE-2008-0959,0.36556,0.96798
CVE-2008-0960,0.96955,0.99675
CVE-2008-0961,0.01705,0.86493
CVE-2008-0962,0.02372,0.88783
CVE-2008-0963,0.01821,0.86950
CVE-2008-0964,0.36675,0.96804
CVE-2008-0965,0.10314,0.94457
CVE-2008-0967,0.00042,0.05722
CVE-2008-0971,0.00117,0.45559
CVE-2008-0973,0.02312,0.88645
CVE-2008-0974,0.03686,0.90887
CVE-2008-0975,0.03508,0.90664
CVE-2008-0976,0.04737,0.91887
CVE-2008-0977,0.03508,0.90664
CVE-2008-0978,0.00603,0.76264
CVE-2008-0979,0.03686,0.90887
CVE-2008-0980,0.00195,0.57440
CVE-2008-0981,0.00360,0.69421
CVE-2008-0982,0.00597,0.76147
CVE-2008-0983,0.09265,0.94140
CVE-2008-0984,0.08700,0.93951
CVE-2008-0985,0.09413,0.94188
CVE-2008-0986,0.09113,0.94083
CVE-2008-0987,0.20409,0.95951
CVE-2008-0988,0.00372,0.69910
CVE-2008-0989,0.00042,0.00438
CVE-2008-0990,0.00043,0.05916
CVE-2008-0992,0.00429,0.71861
CVE-2008-0993,0.00043,0.05916
CVE-2008-0994,0.00150,0.51207
CVE-2008-0995,0.00174,0.54598
CVE-2008-0996,0.00043,0.05916
CVE-2008-0997,0.02580,0.89207
CVE-2008-0998,0.00043,0.05916
CVE-2008-0999,0.00350,0.68973
CVE-2008-1000,0.01068,0.82682
CVE-2008-10001,0.00087,0.35933
CVE-2008-10002,0.00127,0.47350
CVE-2008-10003,0.00140,0.49585
CVE-2008-10004,0.00058,0.22658
CVE-2008-1001,0.00332,0.68222
CVE-2008-1002,0.00366,0.69659
CVE-2008-1003,0.00360,0.69426
CVE-2008-1004,0.00360,0.69426
CVE-2008-1005,0.00075,0.30788
CVE-2008-1006,0.00360,0.69426
CVE-2008-1007,0.00385,0.70407
CVE-2008-1008,0.00360,0.69426
CVE-2008-1009,0.00360,0.69426
CVE-2008-1010,0.10356,0.94472
CVE-2008-1011,0.00366,0.69659
CVE-2008-1012,0.01219,0.83903
CVE-2008-1013,0.02932,0.89841
CVE-2008-1014,0.00602,0.76245
CVE-2008-1015,0.05219,0.92282
CVE-2008-1016,0.03915,0.91139
CVE-2008-1017,0.22580,0.96099
CVE-2008-1018,0.27979,0.96423
CVE-2008-1019,0.78421,0.97998
CVE-2008-1020,0.78421,0.97998
CVE-2008-1021,0.10449,0.94496
CVE-2008-1022,0.78421,0.97998
CVE-2008-1023,0.03113,0.90115
CVE-2008-1024,0.02998,0.89932
CVE-2008-1025,0.00368,0.69767
CVE-2008-1026,0.08690,0.93949
CVE-2008-1027,0.00425,0.71758
CVE-2008-1028,0.03713,0.90913
CVE-2008-1030,0.00344,0.68709
CVE-2008-1031,0.03023,0.89975
CVE-2008-1032,0.03748,0.90954
CVE-2008-1033,0.00218,0.59802
CVE-2008-1034,0.04923,0.92053
CVE-2008-1035,0.19438,0.95871
CVE-2008-1036,0.00582,0.75816
CVE-2008-1037,0.00297,0.66267
CVE-2008-1038,0.01978,0.87598
CVE-2008-1039,0.00064,0.26120
CVE-2008-1040,0.03594,0.90765
CVE-2008-1041,0.00199,0.57863
CVE-2008-1042,0.01779,0.86763
CVE-2008-1043,0.03647,0.90824
CVE-2008-1044,0.12537,0.94960
CVE-2008-1045,0.00186,0.55980
CVE-2008-1046,0.00609,0.76397
CVE-2008-1047,0.00254,0.63423
CVE-2008-1048,0.00367,0.69722
CVE-2008-1049,0.00378,0.70141
CVE-2008-1050,0.00064,0.26120
CVE-2008-1051,0.00734,0.78833
CVE-2008-1052,0.06682,0.93167
CVE-2008-1053,0.00064,0.26120
CVE-2008-1054,0.91145,0.98662
CVE-2008-1055,0.93268,0.98905
CVE-2008-1056,0.00042,0.05722
CVE-2008-1057,0.00362,0.69513
CVE-2008-1058,0.00478,0.73310
CVE-2008-1059,0.01493,0.85535
CVE-2008-1060,0.01262,0.84220
CVE-2008-1061,0.00663,0.77561
CVE-2008-1062,0.00325,0.67839
CVE-2008-1063,0.00160,0.52571
CVE-2008-1064,0.00160,0.52571
CVE-2008-1065,0.00102,0.41272
CVE-2008-1066,0.01253,0.84136
CVE-2008-1067,0.00404,0.71073
CVE-2008-1068,0.00404,0.71073
CVE-2008-1069,0.02626,0.89321
CVE-2008-1070,0.00365,0.69626
CVE-2008-1071,0.00350,0.68983
CVE-2008-1072,0.00191,0.56685
CVE-2008-1073,0.00254,0.63423
CVE-2008-1074,0.05411,0.92432
CVE-2008-1075,0.00132,0.48166
CVE-2008-1076,0.00192,0.57132
CVE-2008-1077,0.00068,0.28434
CVE-2008-1078,0.00042,0.05722
CVE-2008-1079,0.01060,0.82603
CVE-2008-1080,0.01561,0.85896
CVE-2008-1081,0.01621,0.86186
CVE-2008-1082,0.00310,0.66999
CVE-2008-1083,0.63776,0.97589
CVE-2008-1084,0.00042,0.00438
CVE-2008-1085,0.52105,0.97302
CVE-2008-1086,0.83814,0.98220
CVE-2008-1087,0.68790,0.97710
CVE-2008-1088,0.73789,0.97867
CVE-2008-1089,0.56583,0.97410
CVE-2008-1090,0.59494,0.97480
CVE-2008-1091,0.70400,0.97761
CVE-2008-1092,0.43075,0.97023
CVE-2008-1093,0.00441,0.72283
CVE-2008-1094,0.00169,0.53898
CVE-2008-1095,0.00884,0.80801
CVE-2008-1096,0.04294,0.91498
CVE-2008-1097,0.02192,0.88320
CVE-2008-1098,0.00393,0.70742
CVE-2008-1099,0.00672,0.77751
CVE-2008-1100,0.45988,0.97114
CVE-2008-1101,0.60181,0.97495
CVE-2008-1102,0.28856,0.96465
CVE-2008-1103,0.00235,0.61672
CVE-2008-1104,0.16561,0.95543
CVE-2008-1105,0.97018,0.99698
CVE-2008-1106,0.00236,0.61775
CVE-2008-1107,0.16678,0.95559
CVE-2008-1108,0.10157,0.94428
CVE-2008-1109,0.16482,0.95536
CVE-2008-1110,0.03636,0.90813
CVE-2008-1111,0.00697,0.78214
CVE-2008-1113,0.00203,0.58346
CVE-2008-1114,0.00146,0.50578
CVE-2008-1115,0.00046,0.12543
CVE-2008-1116,0.06728,0.93192
CVE-2008-1117,0.54817,0.97366
CVE-2008-1118,0.01064,0.82647
CVE-2008-1119,0.01062,0.82628
CVE-2008-1120,0.00303,0.66597
CVE-2008-1121,0.00064,0.26120
CVE-2008-1122,0.00087,0.36669
CVE-2008-1123,0.00795,0.79768
CVE-2008-1124,0.00404,0.71073
CVE-2008-1125,0.00361,0.69480
CVE-2008-1126,0.00795,0.79768
CVE-2008-1127,0.01091,0.82862
CVE-2008-1128,0.01771,0.86732
CVE-2008-1129,0.00214,0.59417
CVE-2008-1130,0.00052,0.18008
CVE-2008-1131,0.00086,0.35809
CVE-2008-1132,0.00044,0.08225
CVE-2008-1133,0.00167,0.53444
CVE-2008-1134,0.00946,0.81499
CVE-2008-1135,0.00370,0.69857
CVE-2008-1136,0.03022,0.89966
CVE-2008-1137,0.00137,0.49170
CVE-2008-1138,0.00054,0.19390
CVE-2008-1139,0.00042,0.00438
CVE-2008-1140,0.00042,0.00438
CVE-2008-1141,0.00043,0.07477
CVE-2008-1142,0.00044,0.08000
CVE-2008-1144,0.00880,0.80760
CVE-2008-1145,0.23535,0.96162
CVE-2008-1146,0.01502,0.85608
CVE-2008-1147,0.01383,0.84980
CVE-2008-1148,0.01847,0.87078
CVE-2008-1149,0.00185,0.55830
CVE-2008-1150,0.02146,0.88190
CVE-2008-1151,0.02146,0.88190
CVE-2008-1152,0.02146,0.88190
CVE-2008-1153,0.01690,0.86433
CVE-2008-1154,0.09480,0.94213
CVE-2008-1155,0.01563,0.85911
CVE-2008-1156,0.01689,0.86432
CVE-2008-1157,0.01119,0.83081
CVE-2008-1158,0.01969,0.87557
CVE-2008-1159,0.02133,0.88156
CVE-2008-1160,0.15654,0.95438
CVE-2008-1161,0.04732,0.91880
CVE-2008-1162,0.00081,0.33773
CVE-2008-1163,0.00068,0.28434
CVE-2008-1164,0.00068,0.28434
CVE-2008-1165,0.00192,0.57132
CVE-2008-1166,0.00330,0.68102
CVE-2008-1167,0.44560,0.97063
CVE-2008-1168,0.00305,0.66721
CVE-2008-1169,0.01143,0.83287
CVE-2008-1170,0.06121,0.92853
CVE-2008-1171,0.00638,0.77024
CVE-2008-1172,0.00145,0.50330
CVE-2008-1173,0.00273,0.64718
CVE-2008-1174,0.00185,0.55842
CVE-2008-1175,0.00233,0.61445
CVE-2008-1176,0.00132,0.48166
CVE-2008-1177,0.00125,0.47070
CVE-2008-1178,0.01669,0.86361
CVE-2008-1179,0.00220,0.60154
CVE-2008-1180,0.00491,0.73670
CVE-2008-1181,0.01630,0.86221
CVE-2008-1182,0.00220,0.60154
CVE-2008-1183,0.00220,0.60154
CVE-2008-1184,0.00376,0.70060
CVE-2008-1185,0.01514,0.85662
CVE-2008-1186,0.01514,0.85662
CVE-2008-1187,0.13295,0.95086
CVE-2008-1188,0.56353,0.97405
CVE-2008-1189,0.16815,0.95574
CVE-2008-1190,0.01248,0.84108
CVE-2008-1191,0.03050,0.90022
CVE-2008-1192,0.01343,0.84719
CVE-2008-1193,0.07543,0.93516
CVE-2008-1194,0.01964,0.87536
CVE-2008-1195,0.02145,0.88187
CVE-2008-1196,0.14771,0.95305
CVE-2008-1197,0.00880,0.80760
CVE-2008-1198,0.00342,0.68609
CVE-2008-1199,0.00044,0.08000
CVE-2008-1200,0.05604,0.92559
CVE-2008-1201,0.05771,0.92647
CVE-2008-1202,0.00342,0.68611
CVE-2008-1203,0.02207,0.88365
CVE-2008-1204,0.00249,0.62953
CVE-2008-1205,0.00044,0.10704
CVE-2008-1206,0.02471,0.89005
CVE-2008-1207,0.03508,0.90664
CVE-2008-1208,0.00435,0.72087
CVE-2008-1209,0.00192,0.57132
CVE-2008-1210,0.01864,0.87141
CVE-2008-1211,0.00192,0.57132
CVE-2008-1212,0.00132,0.48166
CVE-2008-1213,0.00192,0.57132
CVE-2008-1214,0.01411,0.85126
CVE-2008-1215,0.00042,0.00438
CVE-2008-1216,0.00402,0.71031
CVE-2008-1217,0.01137,0.83249
CVE-2008-1218,0.07506,0.93501
CVE-2008-1219,0.00366,0.69696
CVE-2008-1220,0.00068,0.28434
CVE-2008-1221,0.03021,0.89962
CVE-2008-1222,0.00250,0.63055
CVE-2008-1223,0.00087,0.36038
CVE-2008-1224,0.00192,0.57132
CVE-2008-1225,0.00411,0.71292
CVE-2008-1226,0.00250,0.63055
CVE-2008-1227,0.16267,0.95517
CVE-2008-1228,0.00187,0.56309
CVE-2008-1229,0.00379,0.70181
CVE-2008-1230,0.02385,0.88814
CVE-2008-1231,0.00755,0.79136
CVE-2008-1232,0.02162,0.88245
CVE-2008-1233,0.41595,0.96978
CVE-2008-1234,0.00632,0.76887
CVE-2008-1235,0.49034,0.97221
CVE-2008-1236,0.34562,0.96723
CVE-2008-1237,0.34562,0.96723
CVE-2008-1238,0.00922,0.81247
CVE-2008-1240,0.01227,0.83952
CVE-2008-1241,0.00758,0.79198
CVE-2008-1242,0.00769,0.79368
CVE-2008-1243,0.00415,0.71458
CVE-2008-1244,0.01800,0.86852
CVE-2008-1245,0.01205,0.83789
CVE-2008-1246,0.00042,0.05722
CVE-2008-1247,0.09414,0.94189
CVE-2008-1248,0.00206,0.58596
CVE-2008-1249,0.00380,0.70218
CVE-2008-1250,0.00131,0.48052
CVE-2008-1251,0.00254,0.63423
CVE-2008-1252,0.01194,0.83708
CVE-2008-1253,0.00362,0.69525
CVE-2008-1254,0.00331,0.68182
CVE-2008-1255,0.00501,0.73898
CVE-2008-1256,0.00756,0.79173
CVE-2008-1257,0.00192,0.57132
CVE-2008-1258,0.00362,0.69525
CVE-2008-1259,0.00599,0.76189
CVE-2008-1260,0.00145,0.50330
CVE-2008-1261,0.00330,0.68102
CVE-2008-1262,0.12881,0.95015
CVE-2008-1263,0.00109,0.43541
CVE-2008-1264,0.00756,0.79173
CVE-2008-1265,0.00943,0.81469
CVE-2008-1266,0.01015,0.82165
CVE-2008-1267,0.01252,0.84132
CVE-2008-1268,0.00788,0.79655
CVE-2008-1269,0.00370,0.69857
CVE-2008-1270,0.02759,0.89578
CVE-2008-1272,0.00099,0.40627
CVE-2008-1273,0.00186,0.55980
CVE-2008-1274,0.00042,0.05722
CVE-2008-1275,0.03930,0.91153
CVE-2008-1276,0.18945,0.95815
CVE-2008-1277,0.23294,0.96149
CVE-2008-1278,0.06145,0.92867
CVE-2008-1279,0.02148,0.88197
CVE-2008-1280,0.02130,0.88148
CVE-2008-1281,0.02469,0.89000
CVE-2008-1282,0.05025,0.92140
CVE-2008-1283,0.00186,0.55980
CVE-2008-1284,0.00473,0.73129
CVE-2008-1285,0.00317,0.67413
CVE-2008-1286,0.00328,0.67963
CVE-2008-1287,0.00497,0.73795
CVE-2008-1288,0.00534,0.74773
CVE-2008-1289,0.96981,0.99686
CVE-2008-1290,0.00640,0.77058
CVE-2008-1291,0.00507,0.74086
CVE-2008-1292,0.00640,0.77058
CVE-2008-1293,0.00454,0.72649
CVE-2008-1294,0.00042,0.05722
CVE-2008-1295,0.00143,0.50090
CVE-2008-1296,0.00173,0.54537
CVE-2008-1297,0.00064,0.26120
CVE-2008-1298,0.00134,0.48603
CVE-2008-1299,0.00127,0.47222
CVE-2008-1300,0.00297,0.66267
CVE-2008-1301,0.01218,0.83899
CVE-2008-1302,0.04222,0.91425
CVE-2008-1303,0.09101,0.94078
CVE-2008-1304,0.00435,0.72087
CVE-2008-1305,0.00064,0.26120
CVE-2008-1306,0.00220,0.60154
CVE-2008-1307,0.14460,0.95261
CVE-2008-1308,0.00064,0.26120
CVE-2008-1309,0.96007,0.99364
CVE-2008-1310,0.01563,0.85911
CVE-2008-1311,0.60628,0.97505
CVE-2008-1312,0.02253,0.88495
CVE-2008-1313,0.00064,0.26120
CVE-2008-1314,0.00064,0.26120
CVE-2008-1315,0.00087,0.36669
CVE-2008-1316,0.00091,0.38134
CVE-2008-1317,0.00044,0.10704
CVE-2008-1318,0.00625,0.76775
CVE-2008-1319,0.02244,0.88466
CVE-2008-1320,0.05157,0.92239
CVE-2008-1321,0.04429,0.91609
CVE-2008-1322,0.04613,0.91763
CVE-2008-1323,0.00331,0.68182
CVE-2008-1324,0.01313,0.84554
CVE-2008-1325,0.02602,0.89259
CVE-2008-1326,0.00195,0.57440
CVE-2008-1327,0.09991,0.94370
CVE-2008-1328,0.88877,0.98495
CVE-2008-1329,0.01279,0.84315
CVE-2008-1330,0.00142,0.49869
CVE-2008-1331,0.94628,0.99091
CVE-2008-1332,0.02366,0.88770
CVE-2008-1333,0.06750,0.93201
CVE-2008-1334,0.00732,0.78809
CVE-2008-1335,0.00788,0.79655
CVE-2008-1336,0.00843,0.80353
CVE-2008-1337,0.01711,0.86513
CVE-2008-1338,0.04592,0.91751
CVE-2008-1340,0.01676,0.86383
CVE-2008-1341,0.00140,0.49543
CVE-2008-1342,0.00122,0.46493
CVE-2008-1343,0.00042,0.05722
CVE-2008-1344,0.00203,0.58293
CVE-2008-1345,0.00367,0.69722
CVE-2008-1346,0.00203,0.58293
CVE-2008-1347,0.00367,0.69722
CVE-2008-1348,0.00186,0.55980
CVE-2008-1349,0.06719,0.93186
CVE-2008-1350,0.00126,0.47124
CVE-2008-1351,0.00100,0.40966
CVE-2008-1352,0.00343,0.68686
CVE-2008-1353,0.09322,0.94162
CVE-2008-1354,0.00073,0.30137
CVE-2008-1355,0.00186,0.55980
CVE-2008-1356,0.00044,0.10704
CVE-2008-1357,0.83177,0.98194
CVE-2008-1358,0.09825,0.94309
CVE-2008-1359,0.00220,0.60154
CVE-2008-1360,0.00249,0.62890
CVE-2008-1361,0.00052,0.17512
CVE-2008-1362,0.00052,0.17512
CVE-2008-1363,0.00052,0.17703
CVE-2008-1364,0.00487,0.73544
CVE-2008-1365,0.24341,0.96214
CVE-2008-1366,0.01271,0.84266
CVE-2008-1367,0.01535,0.85770
CVE-2008-1368,0.00952,0.81563
CVE-2008-1369,0.01038,0.82383
CVE-2008-1370,0.00734,0.78833
CVE-2008-1371,0.00470,0.73044
CVE-2008-1372,0.08606,0.93918
CVE-2008-1373,0.95396,0.99231
CVE-2008-1374,0.02599,0.89251
CVE-2008-1375,0.00049,0.15804
CVE-2008-1376,0.01405,0.85100
CVE-2008-1377,0.00517,0.74330
CVE-2008-1379,0.00301,0.66487
CVE-2008-1380,0.04713,0.91867
CVE-2008-1381,0.00990,0.81959
CVE-2008-1382,0.03166,0.90186
CVE-2008-1383,0.00042,0.05722
CVE-2008-1384,0.01937,0.87446
CVE-2008-1385,0.00569,0.75526
CVE-2008-1386,0.00337,0.68411
CVE-2008-1387,0.07835,0.93627
CVE-2008-1389,0.11173,0.94685
CVE-2008-1390,0.03119,0.90123
CVE-2008-1391,0.02217,0.88394
CVE-2008-1392,0.01054,0.82528
CVE-2008-1393,0.01800,0.86852
CVE-2008-1394,0.01060,0.82603
CVE-2008-1395,0.00343,0.68660
CVE-2008-1396,0.00377,0.70123
CVE-2008-1397,0.00750,0.79046
CVE-2008-1398,0.00091,0.38134
CVE-2008-1399,0.00199,0.57863
CVE-2008-1400,0.00443,0.72316
CVE-2008-1401,0.01524,0.85722
CVE-2008-1402,0.01457,0.85376
CVE-2008-1403,0.09423,0.94194
CVE-2008-1404,0.00091,0.38134
CVE-2008-1405,0.04217,0.91418
CVE-2008-1406,0.00091,0.38134
CVE-2008-1407,0.00091,0.38134
CVE-2008-1408,0.06719,0.93186
CVE-2008-1409,0.02453,0.88971
CVE-2008-1410,0.01132,0.83190
CVE-2008-1411,0.02771,0.89593
CVE-2008-1412,0.07248,0.93417
CVE-2008-1413,0.00186,0.55980
CVE-2008-1414,0.00369,0.69799
CVE-2008-1415,0.00656,0.77369
CVE-2008-1416,0.06121,0.92853
CVE-2008-1417,0.00042,0.05722
CVE-2008-1419,0.00395,0.70802
CVE-2008-1420,0.04181,0.91397
CVE-2008-1423,0.02684,0.89435
CVE-2008-1425,0.00064,0.26120
CVE-2008-1426,0.00137,0.49170
CVE-2008-1427,0.00107,0.43102
CVE-2008-1428,0.00192,0.57132
CVE-2008-1429,0.04049,0.91265
CVE-2008-1430,0.00097,0.40074
CVE-2008-1431,0.00042,0.05722
CVE-2008-1432,0.00117,0.45629
CVE-2008-1434,0.79868,0.98046
CVE-2008-1435,0.49745,0.97237
CVE-2008-1436,0.94019,0.98994
CVE-2008-1437,0.88998,0.98504
CVE-2008-1438,0.21366,0.96019
CVE-2008-1440,0.02584,0.89219
CVE-2008-1441,0.02512,0.89085
CVE-2008-1442,0.68826,0.97711
CVE-2008-1444,0.92270,0.98781
CVE-2008-1445,0.92723,0.98843
CVE-2008-1446,0.96601,0.99547
CVE-2008-1447,0.10115,0.94419
CVE-2008-1448,0.94366,0.99050
CVE-2008-1451,0.00042,0.00438
CVE-2008-1453,0.00513,0.74246
CVE-2008-1454,0.39196,0.96914
CVE-2008-1455,0.89640,0.98554
CVE-2008-1456,0.24499,0.96224
CVE-2008-1457,0.24499,0.96224
CVE-2008-1458,0.00297,0.66267
CVE-2008-1459,0.00064,0.26120
CVE-2008-1460,0.00064,0.26120
CVE-2008-1461,0.12663,0.94981
CVE-2008-1462,0.00091,0.38134
CVE-2008-1463,0.00186,0.55980
CVE-2008-1464,0.00111,0.44281
CVE-2008-1465,0.00091,0.38134
CVE-2008-1466,0.00979,0.81837
CVE-2008-1467,0.07064,0.93348
CVE-2008-1468,0.00329,0.68055
CVE-2008-1469,0.00274,0.64748
CVE-2008-1470,0.00185,0.55873
CVE-2008-1471,0.00042,0.00438
CVE-2008-1472,0.92098,0.98761
CVE-2008-1473,0.00042,0.05722
CVE-2008-1474,0.00779,0.79514
CVE-2008-1475,0.00652,0.77307
CVE-2008-1476,0.00265,0.64225
CVE-2008-1477,0.00367,0.69722
CVE-2008-1478,0.06938,0.93294
CVE-2008-1479,0.00161,0.52792
CVE-2008-1480,0.10207,0.94439
CVE-2008-1481,0.00195,0.57440
CVE-2008-1482,0.07731,0.93570
CVE-2008-1483,0.00045,0.12301
CVE-2008-1484,0.02298,0.88610
CVE-2008-1485,0.00192,0.57132
CVE-2008-1486,0.00146,0.50496
CVE-2008-1487,0.00192,0.57132
CVE-2008-1488,0.18460,0.95762
CVE-2008-1489,0.02683,0.89435
CVE-2008-1490,0.03023,0.89978
CVE-2008-1491,0.70550,0.97763
CVE-2008-1492,0.02978,0.89908
CVE-2008-1493,0.02453,0.88971
CVE-2008-1494,0.00102,0.41519
CVE-2008-1495,0.00376,0.70042
CVE-2008-1496,0.00247,0.62726
CVE-2008-1497,0.90979,0.98646
CVE-2008-1498,0.03753,0.90963
CVE-2008-1499,0.00195,0.57440
CVE-2008-1500,0.00161,0.52792
CVE-2008-1501,0.09255,0.94137
CVE-2008-1502,0.00560,0.75330
CVE-2008-1503,0.00220,0.60154
CVE-2008-1504,0.00187,0.56309
CVE-2008-1505,0.02186,0.88307
CVE-2008-1506,0.00369,0.69805
CVE-2008-1507,0.00622,0.76690
CVE-2008-1508,0.00087,0.36669
CVE-2008-1509,0.00064,0.26120
CVE-2008-1510,0.00214,0.59417
CVE-2008-1511,0.00979,0.81837
CVE-2008-1512,0.01166,0.83478
CVE-2008-1513,0.00153,0.51536
CVE-2008-1514,0.00044,0.08000
CVE-2008-1515,0.00572,0.75612
CVE-2008-1517,0.00043,0.05916
CVE-2008-1518,0.00042,0.05722
CVE-2008-1521,0.00250,0.63065
CVE-2008-1522,0.00788,0.79655
CVE-2008-1523,0.00377,0.70123
CVE-2008-1524,0.00638,0.77008
CVE-2008-1525,0.00377,0.70067
CVE-2008-1526,0.00132,0.48071
CVE-2008-1527,0.00317,0.67429
CVE-2008-1528,0.00206,0.58589
CVE-2008-1529,0.00377,0.70123
CVE-2008-1530,0.04034,0.91234
CVE-2008-1531,0.08734,0.93968
CVE-2008-1532,0.11156,0.94680
CVE-2008-1533,0.01042,0.82429
CVE-2008-1534,0.04761,0.91921
CVE-2008-1535,0.00064,0.26120
CVE-2008-1536,0.00220,0.60154
CVE-2008-1537,0.04250,0.91451
CVE-2008-1538,0.00127,0.47222
CVE-2008-1539,0.00102,0.41272
CVE-2008-1540,0.00068,0.28434
CVE-2008-1541,0.01280,0.84330
CVE-2008-1542,0.01121,0.83124
CVE-2008-1543,0.00540,0.74912
CVE-2008-1544,0.95544,0.99266
CVE-2008-1545,0.00968,0.81730
CVE-2008-1546,0.01017,0.82188
CVE-2008-1547,0.03875,0.91097
CVE-2008-1548,0.00254,0.63423
CVE-2008-1549,0.00182,0.55545
CVE-2008-1550,0.00220,0.60154
CVE-2008-1551,0.00064,0.26120
CVE-2008-1552,0.10318,0.94459
CVE-2008-1553,0.00841,0.80332
CVE-2008-1554,0.00150,0.51207
CVE-2008-1555,0.00743,0.78960
CVE-2008-1556,0.00250,0.63055
CVE-2008-1557,0.00470,0.73072
CVE-2008-1558,0.29507,0.96504
CVE-2008-1559,0.00091,0.38134
CVE-2008-1560,0.00236,0.61801
CVE-2008-1561,0.02395,0.88834
CVE-2008-1562,0.01685,0.86416
CVE-2008-1563,0.01882,0.87225
CVE-2008-1564,0.02113,0.88050
CVE-2008-1565,0.01166,0.83478
CVE-2008-1566,0.00192,0.57132
CVE-2008-1567,0.00044,0.08000
CVE-2008-1568,0.00866,0.80598
CVE-2008-1569,0.00042,0.05722
CVE-2008-1570,0.00042,0.05722
CVE-2008-1571,0.00673,0.77757
CVE-2008-1572,0.00043,0.05916
CVE-2008-1573,0.00721,0.78621
CVE-2008-1574,0.02898,0.89795
CVE-2008-1575,0.04559,0.91714
CVE-2008-1576,0.03713,0.90913
CVE-2008-1577,0.04537,0.91700
CVE-2008-1578,0.00043,0.05916
CVE-2008-1579,0.00710,0.78449
CVE-2008-1580,0.00447,0.72411
CVE-2008-1581,0.03619,0.90794
CVE-2008-1582,0.04217,0.91418
CVE-2008-1583,0.02586,0.89226
CVE-2008-1584,0.41230,0.96970
CVE-2008-1585,0.01805,0.86874
CVE-2008-1586,0.02194,0.88323
CVE-2008-1588,0.00759,0.79214
CVE-2008-1589,0.00488,0.73589
CVE-2008-1590,0.03031,0.89984
CVE-2008-1591,0.00064,0.26120
CVE-2008-1592,0.00042,0.05722
CVE-2008-1593,0.00042,0.05722
CVE-2008-1594,0.00042,0.05722
CVE-2008-1595,0.00042,0.05722
CVE-2008-1596,0.00042,0.05722
CVE-2008-1597,0.00042,0.05722
CVE-2008-1598,0.00042,0.05722
CVE-2008-1599,0.00042,0.05722
CVE-2008-1600,0.00042,0.05722
CVE-2008-1601,0.00042,0.05722
CVE-2008-1602,0.77753,0.97978
CVE-2008-1603,0.00254,0.63423
CVE-2008-1604,0.00250,0.63055
CVE-2008-1605,0.00262,0.63994
CVE-2008-1606,0.02053,0.87860
CVE-2008-1607,0.00098,0.40375
CVE-2008-1608,0.00064,0.26120
CVE-2008-1609,0.01491,0.85515
CVE-2008-1610,0.37684,0.96847
CVE-2008-1611,0.37684,0.96847
CVE-2008-1612,0.00926,0.81298
CVE-2008-1613,0.00255,0.63479
CVE-2008-1614,0.00042,0.05722
CVE-2008-1615,0.00044,0.08000
CVE-2008-1617,0.04034,0.91235
CVE-2008-1618,0.01085,0.82823
CVE-2008-1619,0.00660,0.77494
CVE-2008-1620,0.01916,0.87376
CVE-2008-1621,0.00186,0.55980
CVE-2008-1622,0.00404,0.71073
CVE-2008-1623,0.00107,0.43102
CVE-2008-1624,0.02307,0.88635
CVE-2008-1625,0.00042,0.05722
CVE-2008-1626,0.00248,0.62861
CVE-2008-1627,0.00289,0.65782
CVE-2008-1628,0.01316,0.84573
CVE-2008-1629,0.00220,0.60154
CVE-2008-1630,0.00367,0.69722
CVE-2008-1631,0.00146,0.50496
CVE-2008-1632,0.00125,0.47070
CVE-2008-1633,0.00308,0.66914
CVE-2008-1634,0.00192,0.57132
CVE-2008-1635,0.02307,0.88635
CVE-2008-1636,0.00192,0.57132
CVE-2008-1637,0.00621,0.76667
CVE-2008-1638,0.00043,0.07335
CVE-2008-1639,0.00064,0.26120
CVE-2008-1640,0.00064,0.26120
CVE-2008-1641,0.00073,0.30137
CVE-2008-1642,0.00756,0.79173
CVE-2008-1643,0.00520,0.74390
CVE-2008-1644,0.00140,0.49543
CVE-2008-1645,0.01166,0.83478
CVE-2008-1646,0.00064,0.26120
CVE-2008-1647,0.05597,0.92557
CVE-2008-1648,0.03321,0.90421
CVE-2008-1649,0.00347,0.68851
CVE-2008-1650,0.00282,0.65313
CVE-2008-1651,0.01089,0.82852
CVE-2008-1652,0.00343,0.68686
CVE-2008-1653,0.00612,0.76485
CVE-2008-1654,0.00564,0.75441
CVE-2008-1655,0.01032,0.82310
CVE-2008-1656,0.02667,0.89389
CVE-2008-1657,0.00450,0.72524
CVE-2008-1658,0.00083,0.34393
CVE-2008-1659,0.00042,0.05722
CVE-2008-1660,0.00042,0.05722
CVE-2008-1661,0.93749,0.98959
CVE-2008-1662,0.02382,0.88807
CVE-2008-1663,0.00240,0.62095
CVE-2008-1664,0.04253,0.91457
CVE-2008-1665,0.01314,0.84557
CVE-2008-1666,0.00367,0.69755
CVE-2008-1667,0.02843,0.89720
CVE-2008-1668,0.01360,0.84855
CVE-2008-1669,0.00044,0.08000
CVE-2008-1670,0.03863,0.91077
CVE-2008-1671,0.00044,0.08000
CVE-2008-1672,0.04713,0.91865
CVE-2008-1673,0.07416,0.93471
CVE-2008-1675,0.00115,0.45240
CVE-2008-1676,0.00912,0.81122
CVE-2008-1677,0.06263,0.92931
CVE-2008-1678,0.13239,0.95074
CVE-2008-1679,0.00591,0.76047
CVE-2008-1680,0.00302,0.66550
CVE-2008-1681,0.00660,0.77491
CVE-2008-1682,0.01771,0.86732
CVE-2008-1684,0.00044,0.10704
CVE-2008-1685,0.00187,0.56165
CVE-2008-1686,0.06565,0.93095
CVE-2008-1687,0.01371,0.84918
CVE-2008-1688,0.02099,0.88019
CVE-2008-1689,0.02108,0.88038
CVE-2008-1690,0.20519,0.95958
CVE-2008-1691,0.01282,0.84358
CVE-2008-1692,0.00042,0.05722
CVE-2008-1693,0.09027,0.94058
CVE-2008-1694,0.00042,0.05722
CVE-2008-1696,0.00609,0.76390
CVE-2008-1697,0.95571,0.99273
CVE-2008-1698,0.00192,0.57132
CVE-2008-1699,0.00248,0.62861
CVE-2008-1700,0.00302,0.66496
CVE-2008-1701,0.00711,0.78456
CVE-2008-1702,0.01296,0.84453
CVE-2008-1703,0.14933,0.95329
CVE-2008-1704,0.10352,0.94470
CVE-2008-1705,0.07369,0.93459
CVE-2008-1706,0.02017,0.87736
CVE-2008-1707,0.01363,0.84871
CVE-2008-1708,0.01432,0.85231
CVE-2008-1709,0.00272,0.64627
CVE-2008-1710,0.00042,0.05722
CVE-2008-1711,0.00132,0.48071
CVE-2008-1712,0.02248,0.88476
CVE-2008-1713,0.03779,0.90992
CVE-2008-1714,0.00093,0.39250
CVE-2008-1715,0.00093,0.39250
CVE-2008-1716,0.00265,0.64225
CVE-2008-1717,0.00603,0.76264
CVE-2008-1718,0.02956,0.89874
CVE-2008-1719,0.00134,0.48506
CVE-2008-1720,0.07173,0.93391
CVE-2008-1721,0.10081,0.94411
CVE-2008-1722,0.01476,0.85449
CVE-2008-1724,0.85008,0.98280
CVE-2008-1725,0.52842,0.97320
CVE-2008-1726,0.00273,0.64700
CVE-2008-1727,0.02129,0.88116
CVE-2008-1728,0.01148,0.83330
CVE-2008-1729,0.00511,0.74185
CVE-2008-1730,0.01578,0.85985
CVE-2008-1731,0.01180,0.83609
CVE-2008-1732,0.00064,0.26120
CVE-2008-1733,0.00087,0.36669
CVE-2008-1734,0.00042,0.05722
CVE-2008-1735,0.00042,0.05722
CVE-2008-1736,0.00042,0.05722
CVE-2008-1737,0.00042,0.05722
CVE-2008-1738,0.00069,0.28453
CVE-2008-1739,0.01192,0.83680
CVE-2008-1740,0.01969,0.87557
CVE-2008-1741,0.01969,0.87557
CVE-2008-1742,0.02045,0.87835
CVE-2008-1743,0.01098,0.82927
CVE-2008-1744,0.01969,0.87557
CVE-2008-1745,0.01969,0.87557
CVE-2008-1746,0.01969,0.87557
CVE-2008-1747,0.01168,0.83495
CVE-2008-1748,0.01108,0.83010
CVE-2008-1749,0.02045,0.87835
CVE-2008-1750,0.00431,0.71922
CVE-2008-1751,0.01518,0.85694
CVE-2008-1752,0.00777,0.79494
CVE-2008-1753,0.00415,0.71458
CVE-2008-1754,0.00042,0.05722
CVE-2008-1755,0.02806,0.89653
CVE-2008-1756,0.00044,0.10704
CVE-2008-1757,0.00214,0.59417
CVE-2008-1758,0.00064,0.26120
CVE-2008-1759,0.00087,0.36669
CVE-2008-1760,0.05854,0.92693
CVE-2008-1761,0.02121,0.88074
CVE-2008-1762,0.09199,0.94117
CVE-2008-1763,0.01130,0.83181
CVE-2008-1764,0.00672,0.77743
CVE-2008-1765,0.72111,0.97813
CVE-2008-1766,0.00269,0.64448
CVE-2008-1767,0.01472,0.85434
CVE-2008-1768,0.02511,0.89083
CVE-2008-1769,0.01761,0.86702
CVE-2008-1770,0.15987,0.95481
CVE-2008-1771,0.06587,0.93124
CVE-2008-1772,0.00154,0.51628
CVE-2008-1773,0.01924,0.87408
CVE-2008-1774,0.00064,0.26120
CVE-2008-1775,0.00090,0.37733
CVE-2008-1776,0.01924,0.87408
CVE-2008-1777,0.02703,0.89467
CVE-2008-1778,0.00044,0.10704
CVE-2008-1779,0.00462,0.72832
CVE-2008-1780,0.00066,0.27158
CVE-2008-1782,0.01399,0.85068
CVE-2008-1783,0.05424,0.92439
CVE-2008-1784,0.03569,0.90731
CVE-2008-1785,0.00704,0.78308
CVE-2008-1786,0.32017,0.96616
CVE-2008-1787,0.00186,0.55980
CVE-2008-1788,0.00107,0.43198
CVE-2008-1789,0.00093,0.39250
CVE-2008-1790,0.00517,0.74325
CVE-2008-1791,0.00064,0.26120
CVE-2008-1792,0.00254,0.63423
CVE-2008-1793,0.00192,0.57132
CVE-2008-1794,0.00254,0.63423
CVE-2008-1795,0.03641,0.90820
CVE-2008-1796,0.00042,0.05722
CVE-2008-1797,0.00951,0.81541
CVE-2008-1798,0.01119,0.83091
CVE-2008-1799,0.01998,0.87665
CVE-2008-1800,0.00187,0.56309
CVE-2008-1801,0.95860,0.99329
CVE-2008-1802,0.92039,0.98757
CVE-2008-1803,0.10110,0.94417
CVE-2008-1804,0.02024,0.87757
CVE-2008-1805,0.05579,0.92549
CVE-2008-1806,0.02057,0.87874
CVE-2008-1807,0.02024,0.87757
CVE-2008-1808,0.02057,0.87874
CVE-2008-1809,0.82246,0.98141
CVE-2008-1810,0.00042,0.05722
CVE-2008-1811,0.00192,0.57151
CVE-2008-1812,0.00736,0.78865
CVE-2008-1813,0.00845,0.80370
CVE-2008-1814,0.00188,0.56319
CVE-2008-1815,0.00164,0.53116
CVE-2008-1816,0.00171,0.54238
CVE-2008-1817,0.00338,0.68450
CVE-2008-1818,0.00736,0.78865
CVE-2008-1819,0.00081,0.33791
CVE-2008-1820,0.01773,0.86740
CVE-2008-1821,0.01738,0.86627
CVE-2008-1822,0.00736,0.78865
CVE-2008-1823,0.00736,0.78865
CVE-2008-1824,0.00686,0.78019
CVE-2008-1825,0.00736,0.78865
CVE-2008-1826,0.00744,0.78967
CVE-2008-1827,0.00805,0.79890
CVE-2008-1828,0.00412,0.71350
CVE-2008-1829,0.00459,0.72779
CVE-2008-1830,0.00459,0.72779
CVE-2008-1831,0.00933,0.81372
CVE-2008-1832,0.00042,0.05722
CVE-2008-1833,0.08257,0.93788
CVE-2008-1834,0.00434,0.72053
CVE-2008-1835,0.00619,0.76648
CVE-2008-1836,0.05613,0.92562
CVE-2008-1837,0.08784,0.93979
CVE-2008-1838,0.00064,0.26120
CVE-2008-1839,0.00192,0.57132
CVE-2008-1840,0.00325,0.67794
CVE-2008-1841,0.00449,0.72479
CVE-2008-1842,0.20618,0.95964
CVE-2008-1843,0.00123,0.46645
CVE-2008-1844,0.00123,0.46645
CVE-2008-1845,0.00042,0.05722
CVE-2008-1846,0.00344,0.68692
CVE-2008-1847,0.00064,0.26120
CVE-2008-1848,0.00199,0.57863
CVE-2008-1849,0.00327,0.67939
CVE-2008-1850,0.00265,0.64225
CVE-2008-1851,0.04693,0.91853
CVE-2008-1852,0.06056,0.92801
CVE-2008-1853,0.04693,0.91853
CVE-2008-1854,0.03576,0.90743
CVE-2008-1855,0.92078,0.98759
CVE-2008-1856,0.02045,0.87833
CVE-2008-1857,0.01518,0.85694
CVE-2008-1858,0.00064,0.26120
CVE-2008-1859,0.00248,0.62861
CVE-2008-1860,0.05429,0.92444
CVE-2008-1861,0.00364,0.69597
CVE-2008-1862,0.00666,0.77612
CVE-2008-1863,0.00137,0.49170
CVE-2008-1864,0.00107,0.43102
CVE-2008-1865,0.00042,0.05722
CVE-2008-1866,0.01928,0.87425
CVE-2008-1867,0.00064,0.26120
CVE-2008-1868,0.00756,0.79173
CVE-2008-1869,0.00137,0.49170
CVE-2008-1870,0.00087,0.36669
CVE-2008-1871,0.00106,0.42888
CVE-2008-1872,0.00064,0.26120
CVE-2008-1873,0.00235,0.61691
CVE-2008-1874,0.00057,0.21520
CVE-2008-1875,0.00102,0.41432
CVE-2008-1876,0.02682,0.89430
CVE-2008-1877,0.00042,0.05722
CVE-2008-1878,0.16268,0.95518
CVE-2008-1880,0.01060,0.82603
CVE-2008-1881,0.21911,0.96053
CVE-2008-1883,0.01203,0.83772
CVE-2008-1884,0.00343,0.68686
CVE-2008-1885,0.04906,0.92041
CVE-2008-1886,0.00331,0.68175
CVE-2008-1887,0.00470,0.73061
CVE-2008-1888,0.01247,0.84106
CVE-2008-1889,0.00087,0.36669
CVE-2008-1890,0.00140,0.49543
CVE-2008-1891,0.00476,0.73217
CVE-2008-1892,0.00192,0.57132
CVE-2008-1893,0.02960,0.89882
CVE-2008-1894,0.00369,0.69799
CVE-2008-1895,0.00390,0.70620
CVE-2008-1896,0.00250,0.62996
CVE-2008-1897,0.93683,0.98949
CVE-2008-1898,0.96709,0.99584
CVE-2008-1900,0.00732,0.78807
CVE-2008-1901,0.00042,0.05722
CVE-2008-1902,0.00185,0.55858
CVE-2008-1903,0.02373,0.88787
CVE-2008-1904,0.02022,0.87752
CVE-2008-1905,0.01271,0.84266
CVE-2008-1906,0.00379,0.70181
CVE-2008-1907,0.00204,0.58426
CVE-2008-1908,0.01087,0.82835
CVE-2008-1909,0.00064,0.26120
CVE-2008-1910,0.12537,0.94960
CVE-2008-1911,0.00146,0.50496
CVE-2008-1912,0.11872,0.94849
CVE-2008-1913,0.00137,0.49170
CVE-2008-1914,0.74212,0.97877
CVE-2008-1915,0.00110,0.44030
CVE-2008-1916,0.00192,0.57132
CVE-2008-1917,0.00187,0.56309
CVE-2008-1918,0.00137,0.49119
CVE-2008-1919,0.00087,0.36669
CVE-2008-1920,0.15779,0.95455
CVE-2008-1921,0.00868,0.80616
CVE-2008-1922,0.00740,0.78910
CVE-2008-1923,0.01892,0.87268
CVE-2008-1924,0.00242,0.62298
CVE-2008-1925,0.05464,0.92470
CVE-2008-1926,0.01223,0.83930
CVE-2008-1927,0.00985,0.81897
CVE-2008-1928,0.01159,0.83411
CVE-2008-1930,0.01242,0.84076
CVE-2008-1931,0.00042,0.05722
CVE-2008-1932,0.00042,0.05722
CVE-2008-1933,0.01834,0.87020
CVE-2008-1934,0.00087,0.36669
CVE-2008-1935,0.00064,0.26120
CVE-2008-1936,0.00087,0.36669
CVE-2008-1937,0.01631,0.86222
CVE-2008-1938,0.01418,0.85156
CVE-2008-1939,0.00064,0.26120
CVE-2008-1940,0.00042,0.05722
CVE-2008-1941,0.00090,0.37733
CVE-2008-1942,0.03807,0.91023
CVE-2008-1943,0.00042,0.05722
CVE-2008-1944,0.00042,0.05722
CVE-2008-1945,0.00059,0.22841
CVE-2008-1946,0.00042,0.05722
CVE-2008-1947,0.12863,0.95014
CVE-2008-1948,0.08409,0.93834
CVE-2008-1949,0.05127,0.92216
CVE-2008-1950,0.06260,0.92930
CVE-2008-1951,0.00042,0.05722
CVE-2008-1952,0.00062,0.24773
CVE-2008-1953,0.00219,0.59940
CVE-2008-1954,0.00127,0.47374
CVE-2008-1955,0.00186,0.55980
CVE-2008-1956,0.00481,0.73387
CVE-2008-1957,0.00248,0.62861
CVE-2008-1958,0.00545,0.75040
CVE-2008-1959,0.08475,0.93859
CVE-2008-1960,0.00192,0.57132
CVE-2008-1961,0.00064,0.26120
CVE-2008-1962,0.00946,0.81501
CVE-2008-1963,0.02248,0.88476
CVE-2008-1964,0.00698,0.78227
CVE-2008-1965,0.93647,0.98945
CVE-2008-1966,0.01800,0.86854
CVE-2008-1967,0.00236,0.61801
CVE-2008-1968,0.03272,0.90354
CVE-2008-1969,0.00097,0.40100
CVE-2008-1970,0.00042,0.05722
CVE-2008-1971,0.02179,0.88287
CVE-2008-1972,0.00254,0.63423
CVE-2008-1973,0.11395,0.94738
CVE-2008-1974,0.01536,0.85779
CVE-2008-1975,0.00087,0.36669
CVE-2008-1976,0.00173,0.54498
CVE-2008-1977,0.00162,0.52879
CVE-2008-1978,0.00108,0.43390
CVE-2008-1979,0.54913,0.97373
CVE-2008-1980,0.00220,0.60154
CVE-2008-1981,0.00132,0.48274
CVE-2008-1982,0.00090,0.37813
CVE-2008-1983,0.00195,0.57440
CVE-2008-1984,0.02164,0.88248
CVE-2008-1985,0.00195,0.57440
CVE-2008-1986,0.00195,0.57440
CVE-2008-1987,0.00220,0.60154
CVE-2008-1988,0.00386,0.70482
CVE-2008-1989,0.02373,0.88787
CVE-2008-1990,0.00261,0.63881
CVE-2008-1991,0.00243,0.62363
CVE-2008-1992,0.01170,0.83520
CVE-2008-1993,0.02385,0.88814
CVE-2008-1994,0.00042,0.05722
CVE-2008-1995,0.00930,0.81327
CVE-2008-1996,0.11385,0.94735
CVE-2008-1997,0.00346,0.68804
CVE-2008-1998,0.00265,0.64208
CVE-2008-1999,0.01372,0.84925
CVE-2008-2000,0.14332,0.95242
CVE-2008-2001,0.17702,0.95696
CVE-2008-2002,0.01342,0.84718
CVE-2008-2003,0.00940,0.81430
CVE-2008-2004,0.00067,0.27766
CVE-2008-2005,0.86119,0.98338
CVE-2008-2006,0.05857,0.92696
CVE-2008-2008,0.04887,0.92030
CVE-2008-2009,0.03061,0.90035
CVE-2008-2010,0.01522,0.85716
CVE-2008-2011,0.00229,0.61195
CVE-2008-2012,0.00064,0.26120
CVE-2008-2013,0.00093,0.39250
CVE-2008-2014,0.03508,0.90664
CVE-2008-2015,0.10360,0.94476
CVE-2008-2016,0.00756,0.79173
CVE-2008-2017,0.00756,0.79173
CVE-2008-2018,0.00490,0.73636
CVE-2008-2019,0.00824,0.80114
CVE-2008-2020,0.00677,0.77823
CVE-2008-2021,0.17155,0.95629
CVE-2008-2022,0.00198,0.57741
CVE-2008-2023,0.00175,0.54752
CVE-2008-2024,0.00328,0.67998
CVE-2008-2025,0.00870,0.80637
CVE-2008-2026,0.00220,0.60154
CVE-2008-2027,0.00348,0.68878
CVE-2008-2028,0.00377,0.70123
CVE-2008-2029,0.00196,0.57503
CVE-2008-2030,0.00195,0.57440
CVE-2008-2031,0.00798,0.79810
CVE-2008-2032,0.04333,0.91529
CVE-2008-2034,0.00140,0.49543
CVE-2008-2035,0.00254,0.63423
CVE-2008-2036,0.00342,0.68609
CVE-2008-2037,0.00098,0.40524
CVE-2008-2038,0.00164,0.53103
CVE-2008-2040,0.88212,0.98450
CVE-2008-2041,0.00291,0.65899
CVE-2008-2042,0.02474,0.89014
CVE-2008-2043,0.00939,0.81419
CVE-2008-2044,0.12273,0.94917
CVE-2008-2045,0.02423,0.88905
CVE-2008-2046,0.00195,0.57440
CVE-2008-2047,0.00175,0.54752
CVE-2008-2048,0.00254,0.63423
CVE-2008-2049,0.00603,0.76264
CVE-2008-2050,0.02228,0.88421
CVE-2008-2051,0.01667,0.86356
CVE-2008-2052,0.00151,0.51314
CVE-2008-2053,0.00451,0.72540
CVE-2008-2054,0.06022,0.92790
CVE-2008-2055,0.01969,0.87557
CVE-2008-2056,0.01969,0.87557
CVE-2008-2057,0.01284,0.84370
CVE-2008-2058,0.01282,0.84358
CVE-2008-2059,0.00452,0.72594
CVE-2008-2060,0.01443,0.85297
CVE-2008-2061,0.01108,0.83010
CVE-2008-2062,0.00338,0.68457
CVE-2008-2063,0.00064,0.26120
CVE-2008-2064,0.01008,0.82106
CVE-2008-2065,0.00064,0.26120
CVE-2008-2066,0.00408,0.71220
CVE-2008-2067,0.00365,0.69612
CVE-2008-2068,0.00192,0.57132
CVE-2008-2069,0.10986,0.94637
CVE-2008-2070,0.00598,0.76157
CVE-2008-2071,0.00198,0.57734
CVE-2008-2072,0.00334,0.68293
CVE-2008-2073,0.02343,0.88707
CVE-2008-2074,0.02373,0.88787
CVE-2008-2075,0.00366,0.69676
CVE-2008-2076,0.02356,0.88740
CVE-2008-2077,0.00356,0.69277
CVE-2008-2078,0.00523,0.74485
CVE-2008-2079,0.00044,0.08000
CVE-2008-2080,0.01727,0.86582
CVE-2008-2081,0.00480,0.73345
CVE-2008-2082,0.00186,0.55980
CVE-2008-2083,0.00262,0.63933
CVE-2008-2084,0.00064,0.26120
CVE-2008-2085,0.06134,0.92862
CVE-2008-2086,0.48335,0.97185
CVE-2008-2087,0.00264,0.64143
CVE-2008-2088,0.00064,0.26120
CVE-2008-2089,0.03508,0.90664
CVE-2008-2090,0.03508,0.90664
CVE-2008-2091,0.01119,0.83091
CVE-2008-2092,0.14645,0.95286
CVE-2008-2093,0.00064,0.26120
CVE-2008-2094,0.00064,0.26120
CVE-2008-2095,0.00064,0.26120
CVE-2008-2096,0.10359,0.94475
CVE-2008-2097,0.01383,0.84978
CVE-2008-2098,0.00104,0.42247
CVE-2008-2099,0.00087,0.36038
CVE-2008-2100,0.00104,0.42248
CVE-2008-2101,0.00042,0.05722
CVE-2008-2103,0.00350,0.68993
CVE-2008-2104,0.00253,0.63242
CVE-2008-2105,0.00363,0.69543
CVE-2008-2106,0.16994,0.95599
CVE-2008-2107,0.01897,0.87300
CVE-2008-2108,0.01897,0.87300
CVE-2008-2109,0.02506,0.89069
CVE-2008-2110,0.03911,0.91135
CVE-2008-2111,0.07068,0.93351
CVE-2008-2112,0.00468,0.73014
CVE-2008-2113,0.00064,0.26120
CVE-2008-2114,0.00064,0.26120
CVE-2008-2115,0.00367,0.69722
CVE-2008-2116,0.00236,0.61780
CVE-2008-2117,0.00186,0.55980
CVE-2008-2118,0.00064,0.26120
CVE-2008-2119,0.01331,0.84647
CVE-2008-2120,0.00477,0.73252
CVE-2008-2121,0.04049,0.91265
CVE-2008-2122,0.02133,0.88152
CVE-2008-2123,0.94630,0.99091
CVE-2008-2124,0.00064,0.26120
CVE-2008-2125,0.00064,0.26120
CVE-2008-2126,0.00481,0.73387
CVE-2008-2127,0.00220,0.60207
CVE-2008-2128,0.00540,0.74912
CVE-2008-2129,0.00093,0.39250
CVE-2008-2130,0.00064,0.26120
CVE-2008-2131,0.00265,0.64225
CVE-2008-2132,0.00064,0.26120
CVE-2008-2133,0.00254,0.63423
CVE-2008-2134,0.01063,0.82641
CVE-2008-2135,0.00087,0.36669
CVE-2008-2136,0.89445,0.98533
CVE-2008-2137,0.00042,0.05722
CVE-2008-2138,0.92738,0.98844
CVE-2008-2139,0.00052,0.18252
CVE-2008-2140,0.00083,0.34332
CVE-2008-2142,0.00380,0.70248
CVE-2008-2143,0.00051,0.17398
CVE-2008-2144,0.09294,0.94154
CVE-2008-2145,0.00056,0.20757
CVE-2008-2146,0.00902,0.81021
CVE-2008-2147,0.00042,0.05722
CVE-2008-2148,0.00044,0.08000
CVE-2008-2149,0.01248,0.84111
CVE-2008-2152,0.08710,0.93953
CVE-2008-2154,0.00526,0.74567
CVE-2008-2157,0.12744,0.94990
CVE-2008-2158,0.69396,0.97727
CVE-2008-2159,0.00047,0.14003
CVE-2008-2160,0.24025,0.96196
CVE-2008-2161,0.63764,0.97589
CVE-2008-2162,0.00195,0.57440
CVE-2008-2163,0.00246,0.62659
CVE-2008-2165,0.00282,0.65305
CVE-2008-2166,0.00249,0.62951
CVE-2008-2167,0.89724,0.98559
CVE-2008-2168,0.02221,0.88402
CVE-2008-2169,0.00323,0.67720
CVE-2008-2170,0.00323,0.67720
CVE-2008-2171,0.01263,0.84223
CVE-2008-2172,0.01263,0.84223
CVE-2008-2173,0.00197,0.57650
CVE-2008-2174,0.00160,0.52548
CVE-2008-2175,0.00064,0.26120
CVE-2008-2176,0.00254,0.63423
CVE-2008-2177,0.00264,0.64139
CVE-2008-2178,0.00282,0.65305
CVE-2008-2179,0.00192,0.57132
CVE-2008-2180,0.00230,0.61251
CVE-2008-2181,0.00254,0.63423
CVE-2008-2182,0.00178,0.55106
CVE-2008-2183,0.00102,0.41432
CVE-2008-2184,0.00135,0.48729
CVE-2008-2185,0.00487,0.73549
CVE-2008-2186,0.00569,0.75526
CVE-2008-2187,0.00491,0.73670
CVE-2008-2188,0.00186,0.55980
CVE-2008-2189,0.00844,0.80362
CVE-2008-2190,0.00627,0.76806
CVE-2008-2191,0.10359,0.94475
CVE-2008-2192,0.02433,0.88929
CVE-2008-2193,0.02373,0.88787
CVE-2008-2194,0.00102,0.41432
CVE-2008-2195,0.00287,0.65637
CVE-2008-2196,0.00297,0.66267
CVE-2008-2197,0.00102,0.41432
CVE-2008-2198,0.08948,0.94037
CVE-2008-2199,0.05764,0.92644
CVE-2008-2200,0.00254,0.63423
CVE-2008-2201,0.00254,0.63423
CVE-2008-2202,0.00297,0.66267
CVE-2008-2203,0.00146,0.50496
CVE-2008-2204,0.00192,0.57132
CVE-2008-2205,0.00248,0.62861
CVE-2008-2206,0.00254,0.63423
CVE-2008-2207,0.00254,0.63423
CVE-2008-2208,0.00248,0.62861
CVE-2008-2209,0.00254,0.63423
CVE-2008-2210,0.00254,0.63423
CVE-2008-2211,0.00254,0.63423
CVE-2008-2212,0.00220,0.60154
CVE-2008-2213,0.00254,0.63423
CVE-2008-2214,0.68391,0.97700
CVE-2008-2215,0.00329,0.68025
CVE-2008-2216,0.00344,0.68698
CVE-2008-2217,0.00807,0.79925
CVE-2008-2218,0.03900,0.91125
CVE-2008-2219,0.00195,0.57440
CVE-2008-2220,0.01924,0.87408
CVE-2008-2221,0.00320,0.67582
CVE-2008-2222,0.00200,0.57967
CVE-2008-2223,0.00087,0.36669
CVE-2008-2224,0.02149,0.88199
CVE-2008-2225,0.00064,0.26120
CVE-2008-2226,0.00318,0.67500
CVE-2008-2227,0.00910,0.81097
CVE-2008-2228,0.02149,0.88199
CVE-2008-2230,0.00042,0.05722
CVE-2008-2231,0.00454,0.72628
CVE-2008-2232,0.00042,0.05722
CVE-2008-2233,0.00280,0.65162
CVE-2008-2234,0.17618,0.95689
CVE-2008-2235,0.00057,0.21318
CVE-2008-2236,0.00250,0.63055
CVE-2008-2237,0.11689,0.94804
CVE-2008-2238,0.12389,0.94938
CVE-2008-2240,0.97151,0.99764
CVE-2008-2241,0.25023,0.96254
CVE-2008-2242,0.91453,0.98692
CVE-2008-2244,0.83913,0.98224
CVE-2008-2245,0.96480,0.99498
CVE-2008-2246,0.04780,0.91951
CVE-2008-2247,0.96720,0.99589
CVE-2008-2248,0.96737,0.99598
CVE-2008-2249,0.86964,0.98386
CVE-2008-2250,0.00042,0.00438
CVE-2008-2251,0.00042,0.00438
CVE-2008-2252,0.00042,0.00438
CVE-2008-2253,0.91109,0.98661
CVE-2008-2254,0.94517,0.99075
CVE-2008-2255,0.77230,0.97960
CVE-2008-2256,0.93951,0.98983
CVE-2008-2257,0.94345,0.99045
CVE-2008-2258,0.94345,0.99045
CVE-2008-2259,0.74071,0.97873
CVE-2008-2263,0.00107,0.43102
CVE-2008-2264,0.00187,0.56309
CVE-2008-2265,0.00087,0.36669
CVE-2008-2266,0.00042,0.05722
CVE-2008-2267,0.13709,0.95148
CVE-2008-2268,0.00348,0.68878
CVE-2008-2269,0.02129,0.88116
CVE-2008-2270,0.02126,0.88088
CVE-2008-2271,0.00337,0.68421
CVE-2008-2272,0.00250,0.63055
CVE-2008-2273,0.00468,0.73014
CVE-2008-2274,0.00220,0.60154
CVE-2008-2275,0.04081,0.91305
CVE-2008-2276,0.00348,0.68887
CVE-2008-2277,0.00107,0.43102
CVE-2008-2278,0.00146,0.50496
CVE-2008-2279,0.00244,0.62423
CVE-2008-2280,0.00199,0.57863
CVE-2008-2281,0.96173,0.99403
CVE-2008-2282,0.02002,0.87686
CVE-2008-2283,0.47194,0.97154
CVE-2008-2284,0.02126,0.88088
CVE-2008-2285,0.00226,0.60937
CVE-2008-2286,0.27926,0.96419
CVE-2008-2287,0.00042,0.05722
CVE-2008-2288,0.00042,0.05722
CVE-2008-2289,0.00042,0.05722
CVE-2008-2290,0.00042,0.05722
CVE-2008-2291,0.00745,0.78979
CVE-2008-2292,0.23820,0.96185
CVE-2008-2293,0.01858,0.87117
CVE-2008-2294,0.01970,0.87559
CVE-2008-2295,0.00199,0.57863
CVE-2008-2296,0.00756,0.79173
CVE-2008-2297,0.01858,0.87117
CVE-2008-2298,0.02527,0.89117
CVE-2008-2299,0.00190,0.56596
CVE-2008-2300,0.00367,0.69736
CVE-2008-2301,0.00123,0.46645
CVE-2008-2302,0.00265,0.64225
CVE-2008-2303,0.19060,0.95827
CVE-2008-2304,0.00354,0.69149
CVE-2008-2305,0.03092,0.90085
CVE-2008-2306,0.01075,0.82740
CVE-2008-2307,0.09432,0.94197
CVE-2008-2308,0.00042,0.05722
CVE-2008-2309,0.01505,0.85618
CVE-2008-2310,0.00276,0.64881
CVE-2008-2311,0.02048,0.87844
CVE-2008-2312,0.00043,0.05916
CVE-2008-2313,0.00042,0.05722
CVE-2008-2314,0.00062,0.24773
CVE-2008-2315,0.00611,0.76451
CVE-2008-2316,0.00733,0.78827
CVE-2008-2317,0.76289,0.97932
CVE-2008-2318,0.00475,0.73203
CVE-2008-2320,0.00262,0.63982
CVE-2008-2321,0.12112,0.94896
CVE-2008-2322,0.01512,0.85653
CVE-2008-2323,0.00168,0.53579
CVE-2008-2324,0.00042,0.05722
CVE-2008-2325,0.01470,0.85424
CVE-2008-2326,0.01358,0.84845
CVE-2008-2327,0.00647,0.77175
CVE-2008-2329,0.00068,0.28341
CVE-2008-2330,0.00043,0.05916
CVE-2008-2331,0.00043,0.05916
CVE-2008-2332,0.00594,0.76089
CVE-2008-2333,0.00435,0.72087
CVE-2008-2334,0.00064,0.26120
CVE-2008-2335,0.00482,0.73416
CVE-2008-2336,0.00107,0.43102
CVE-2008-2337,0.00093,0.39001
CVE-2008-2338,0.03569,0.90731
CVE-2008-2339,0.00081,0.33773
CVE-2008-2340,0.00129,0.47721
CVE-2008-2341,0.00565,0.75455
CVE-2008-2342,0.00327,0.67939
CVE-2008-2343,0.00456,0.72683
CVE-2008-2344,0.00132,0.48166
CVE-2008-2345,0.00540,0.74912
CVE-2008-2346,0.01578,0.85987
CVE-2008-2347,0.01663,0.86342
CVE-2008-2348,0.01663,0.86342
CVE-2008-2349,0.01970,0.87559
CVE-2008-2350,0.01726,0.86578
CVE-2008-2351,0.00073,0.30298
CVE-2008-2352,0.02867,0.89752
CVE-2008-2353,0.01793,0.86829
CVE-2008-2354,0.00223,0.60682
CVE-2008-2355,0.01518,0.85694
CVE-2008-2356,0.00064,0.26120
CVE-2008-2357,0.12792,0.94996
CVE-2008-2358,0.00044,0.08043
CVE-2008-2359,0.00042,0.05722
CVE-2008-2360,0.00713,0.78485
CVE-2008-2361,0.00348,0.68866
CVE-2008-2362,0.01805,0.86876
CVE-2008-2363,0.04076,0.91296
CVE-2008-2364,0.00700,0.78246
CVE-2008-2365,0.00042,0.00438
CVE-2008-2366,0.00042,0.05722
CVE-2008-2367,0.00042,0.05722
CVE-2008-2368,0.00042,0.05722
CVE-2008-2369,0.00301,0.66465
CVE-2008-2370,0.01140,0.83265
CVE-2008-2371,0.00277,0.64999
CVE-2008-2372,0.00044,0.08000
CVE-2008-2374,0.01449,0.85328
CVE-2008-2375,0.08651,0.93930
CVE-2008-2376,0.02050,0.87850
CVE-2008-2377,0.02608,0.89273
CVE-2008-2378,0.00042,0.05722
CVE-2008-2379,0.00329,0.68055
CVE-2008-2380,0.00435,0.72090
CVE-2008-2381,0.00390,0.70648
CVE-2008-2382,0.08540,0.93878
CVE-2008-2383,0.01314,0.84561
CVE-2008-2384,0.00436,0.72126
CVE-2008-2388,0.00244,0.62423
CVE-2008-2389,0.00042,0.05722
CVE-2008-2390,0.88849,0.98492
CVE-2008-2391,0.01282,0.84358
CVE-2008-2392,0.00191,0.56722
CVE-2008-2393,0.00064,0.26120
CVE-2008-2394,0.00127,0.47299
CVE-2008-2395,0.00064,0.26120
CVE-2008-2396,0.03145,0.90156
CVE-2008-2397,0.00192,0.57132
CVE-2008-2398,0.00329,0.68048
CVE-2008-2399,0.01313,0.84555
CVE-2008-2400,0.00042,0.05722
CVE-2008-2401,0.01843,0.87067
CVE-2008-2402,0.00477,0.73252
CVE-2008-2403,0.01705,0.86493
CVE-2008-2404,0.09269,0.94142
CVE-2008-2405,0.01142,0.83275
CVE-2008-2406,0.01705,0.86493
CVE-2008-2407,0.15178,0.95361
CVE-2008-2408,0.15178,0.95361
CVE-2008-2409,0.52515,0.97310
CVE-2008-2410,0.00246,0.62659
CVE-2008-2411,0.00632,0.76897
CVE-2008-2412,0.00064,0.26120
CVE-2008-2413,0.00186,0.55980
CVE-2008-2414,0.00173,0.54537
CVE-2008-2415,0.00807,0.79925
CVE-2008-2416,0.00134,0.48554
CVE-2008-2417,0.00067,0.27862
CVE-2008-2418,0.00044,0.10704
CVE-2008-2419,0.01496,0.85554
CVE-2008-2420,0.01487,0.85498
CVE-2008-2421,0.87370,0.98403
CVE-2008-2422,0.00068,0.28434
CVE-2008-2423,0.01779,0.86762
CVE-2008-2424,0.00378,0.70141
CVE-2008-2425,0.00125,0.47070
CVE-2008-2426,0.05787,0.92653
CVE-2008-2427,0.15562,0.95425
CVE-2008-2428,0.00396,0.70843
CVE-2008-2429,0.00125,0.47070
CVE-2008-2430,0.12052,0.94880
CVE-2008-2431,0.47076,0.97150
CVE-2008-2432,0.01141,0.83270
CVE-2008-2433,0.08404,0.93833
CVE-2008-2434,0.30313,0.96542
CVE-2008-2435,0.30313,0.96542
CVE-2008-2436,0.22587,0.96099
CVE-2008-2437,0.82062,0.98136
CVE-2008-2438,0.82592,0.98172
CVE-2008-2439,0.01830,0.86989
CVE-2008-2441,0.07317,0.93441
CVE-2008-2443,0.00087,0.36669
CVE-2008-2444,0.00064,0.26120
CVE-2008-2445,0.00220,0.60207
CVE-2008-2446,0.00102,0.41432
CVE-2008-2447,0.00064,0.26120
CVE-2008-2448,0.00082,0.34033
CVE-2008-2449,0.00186,0.55980
CVE-2008-2450,0.00119,0.45853
CVE-2008-2451,0.00116,0.45303
CVE-2008-2452,0.00119,0.45853
CVE-2008-2453,0.00064,0.26120
CVE-2008-2454,0.00064,0.26120
CVE-2008-2455,0.00064,0.26120
CVE-2008-2456,0.00134,0.48603
CVE-2008-2457,0.00087,0.36669
CVE-2008-2458,0.00186,0.55980
CVE-2008-2459,0.01708,0.86501
CVE-2008-2460,0.00102,0.41272
CVE-2008-2461,0.00107,0.43102
CVE-2008-2462,0.00339,0.68485
CVE-2008-2463,0.97195,0.99790
CVE-2008-2464,0.02629,0.89325
CVE-2008-2468,0.41628,0.96980
CVE-2008-2469,0.91075,0.98658
CVE-2008-2470,0.74604,0.97888
CVE-2008-2474,0.05249,0.92300
CVE-2008-2475,0.00981,0.81853
CVE-2008-2476,0.02698,0.89459
CVE-2008-2477,0.00087,0.36669
CVE-2008-2478,0.03786,0.91000
CVE-2008-2479,0.10359,0.94475
CVE-2008-2480,0.06318,0.92960
CVE-2008-2481,0.12750,0.94991
CVE-2008-2482,0.02361,0.88757
CVE-2008-2483,0.00680,0.77915
CVE-2008-2484,0.00205,0.58516
CVE-2008-2485,0.00254,0.63423
CVE-2008-2486,0.00378,0.70141
CVE-2008-2487,0.00107,0.43102
CVE-2008-2488,0.01085,0.82823
CVE-2008-2489,0.00146,0.50496
CVE-2008-2490,0.00220,0.60154
CVE-2008-2491,0.00064,0.26120
CVE-2008-2492,0.00064,0.26120
CVE-2008-2493,0.00149,0.50941
CVE-2008-2494,0.00192,0.57132
CVE-2008-2495,0.00756,0.79173
CVE-2008-2496,0.00186,0.55980
CVE-2008-2497,0.00579,0.75771
CVE-2008-2498,0.00230,0.61251
CVE-2008-2499,0.96945,0.99672
CVE-2008-2500,0.00132,0.48166
CVE-2008-2501,0.00093,0.39001
CVE-2008-2502,0.00788,0.79655
CVE-2008-2503,0.00167,0.53522
CVE-2008-2504,0.00064,0.26120
CVE-2008-2505,0.00199,0.57863
CVE-2008-2506,0.00129,0.47721
CVE-2008-2507,0.00186,0.55980
CVE-2008-2508,0.00195,0.57440
CVE-2008-2509,0.00107,0.43102
CVE-2008-2510,0.00100,0.40966
CVE-2008-2511,0.10239,0.94446
CVE-2008-2512,0.00257,0.63602
CVE-2008-2513,0.00042,0.05722
CVE-2008-2514,0.00042,0.05722
CVE-2008-2515,0.00042,0.05722
CVE-2008-2516,0.00042,0.05722
CVE-2008-2517,0.00042,0.05722
CVE-2008-2518,0.00249,0.62951
CVE-2008-2519,0.00210,0.58964
CVE-2008-2520,0.03145,0.90156
CVE-2008-2521,0.00089,0.37284
CVE-2008-2522,0.00157,0.52151
CVE-2008-2523,0.00146,0.50496
CVE-2008-2524,0.00319,0.67539
CVE-2008-2525,0.00220,0.60154
CVE-2008-2526,0.00220,0.60154
CVE-2008-2527,0.00254,0.63423
CVE-2008-2528,0.00367,0.69727
CVE-2008-2529,0.00064,0.26120
CVE-2008-2530,0.00093,0.39001
CVE-2008-2531,0.00117,0.45513
CVE-2008-2532,0.00064,0.26120
CVE-2008-2533,0.00199,0.57863
CVE-2008-2534,0.00525,0.74534
CVE-2008-2535,0.00125,0.47070
CVE-2008-2536,0.00064,0.26120
CVE-2008-2537,0.00064,0.26120
CVE-2008-2538,0.00044,0.10704
CVE-2008-2539,0.00044,0.10704
CVE-2008-2540,0.11408,0.94739
CVE-2008-2541,0.27724,0.96407
CVE-2008-2542,0.13971,0.95188
CVE-2008-2543,0.07255,0.93419
CVE-2008-2544,0.00044,0.10445
CVE-2008-2545,0.06518,0.93074
CVE-2008-2547,0.02999,0.89933
CVE-2008-2548,0.11711,0.94815
CVE-2008-2549,0.29474,0.96501
CVE-2008-2550,0.00197,0.57658
CVE-2008-2551,0.95438,0.99241
CVE-2008-2552,0.00044,0.10704
CVE-2008-2553,0.00305,0.66721
CVE-2008-2554,0.00127,0.47299
CVE-2008-2555,0.00100,0.40966
CVE-2008-2556,0.00107,0.43198
CVE-2008-2557,0.00220,0.60154
CVE-2008-2558,0.00226,0.60937
CVE-2008-2559,0.32627,0.96637
CVE-2008-2560,0.00146,0.50496
CVE-2008-2561,0.00220,0.60154
CVE-2008-2562,0.00089,0.37284
CVE-2008-2563,0.00254,0.63423
CVE-2008-2564,0.00107,0.43102
CVE-2008-2565,0.00274,0.64769
CVE-2008-2566,0.00367,0.69722
CVE-2008-2567,0.00254,0.63423
CVE-2008-2568,0.00137,0.49170
CVE-2008-2569,0.00100,0.40966
CVE-2008-2570,0.00409,0.71238
CVE-2008-2571,0.00445,0.72361
CVE-2008-2572,0.00107,0.43102
CVE-2008-2573,0.08848,0.93996
CVE-2008-2574,0.08943,0.94035
CVE-2008-2575,0.05205,0.92272
CVE-2008-2576,0.00064,0.26176
CVE-2008-2577,0.00239,0.62043
CVE-2008-2578,0.00075,0.31102
CVE-2008-2579,0.00611,0.76445
CVE-2008-2580,0.00389,0.70545
CVE-2008-2581,0.00438,0.72162
CVE-2008-2582,0.00593,0.76086
CVE-2008-2583,0.00266,0.64292
CVE-2008-2585,0.00426,0.71794
CVE-2008-2586,0.00331,0.68154
CVE-2008-2587,0.00072,0.29904
CVE-2008-2588,0.00062,0.24501
CVE-2008-2589,0.00383,0.70339
CVE-2008-2590,0.00159,0.52447
CVE-2008-2591,0.00426,0.71794
CVE-2008-2592,0.00164,0.53116
CVE-2008-2593,0.00403,0.71066
CVE-2008-2594,0.00408,0.71232
CVE-2008-2595,0.81057,0.98080
CVE-2008-2596,0.00426,0.71794
CVE-2008-2597,0.00256,0.63523
CVE-2008-2598,0.00256,0.63523
CVE-2008-2599,0.00256,0.63523
CVE-2008-2600,0.00426,0.71794
CVE-2008-2601,0.00349,0.68960
CVE-2008-2602,0.00426,0.71794
CVE-2008-2603,0.00154,0.51743
CVE-2008-2604,0.00426,0.71794
CVE-2008-2605,0.00236,0.61741
CVE-2008-2606,0.00426,0.71794
CVE-2008-2607,0.88806,0.98489
CVE-2008-2608,0.00699,0.78241
CVE-2008-2609,0.00269,0.64485
CVE-2008-2610,0.00426,0.71794
CVE-2008-2611,0.00699,0.78241
CVE-2008-2612,0.00266,0.64292
CVE-2008-2613,0.00066,0.27456
CVE-2008-2614,0.00266,0.64292
CVE-2008-2615,0.00354,0.69152
CVE-2008-2616,0.00304,0.66658
CVE-2008-2617,0.00354,0.69152
CVE-2008-2618,0.00304,0.66658
CVE-2008-2619,0.00162,0.52805
CVE-2008-2620,0.00304,0.66658
CVE-2008-2621,0.00218,0.59827
CVE-2008-2622,0.00354,0.69152
CVE-2008-2623,0.00062,0.24501
CVE-2008-2624,0.00314,0.67213
CVE-2008-2625,0.00354,0.69169
CVE-2008-2626,0.00181,0.55460
CVE-2008-2627,0.00100,0.40966
CVE-2008-2628,0.00107,0.43198
CVE-2008-2629,0.00100,0.40966
CVE-2008-2630,0.00146,0.50496
CVE-2008-2631,0.92739,0.98845
CVE-2008-2632,0.00107,0.43198
CVE-2008-2633,0.00270,0.64535
CVE-2008-2634,0.00107,0.43198
CVE-2008-2635,0.00304,0.66605
CVE-2008-2636,0.12059,0.94883
CVE-2008-2637,0.00495,0.73765
CVE-2008-2638,0.05803,0.92666
CVE-2008-2639,0.82197,0.98139
CVE-2008-2640,0.00364,0.69595
CVE-2008-2641,0.27542,0.96397
CVE-2008-2642,0.00248,0.62861
CVE-2008-2643,0.00107,0.43102
CVE-2008-2644,0.00254,0.63423
CVE-2008-2645,0.01335,0.84678
CVE-2008-2646,0.00220,0.60207
CVE-2008-2647,0.00102,0.41272
CVE-2008-2648,0.01280,0.84331
CVE-2008-2649,0.01060,0.82578
CVE-2008-2650,0.06344,0.92978
CVE-2008-2651,0.00107,0.43198
CVE-2008-2652,0.00182,0.55545
CVE-2008-2654,0.07632,0.93543
CVE-2008-2662,0.00726,0.78702
CVE-2008-2663,0.00940,0.81433
CVE-2008-2664,0.00436,0.72113
CVE-2008-2665,0.00456,0.72677
CVE-2008-2666,0.00705,0.78342
CVE-2008-2667,0.00483,0.73426
CVE-2008-2668,0.00617,0.76609
CVE-2008-2669,0.00302,0.66494
CVE-2008-2670,0.00204,0.58426
CVE-2008-2671,0.00123,0.46645
CVE-2008-2672,0.02210,0.88371
CVE-2008-2673,0.00107,0.43102
CVE-2008-2674,0.00550,0.75140
CVE-2008-2675,0.00192,0.57132
CVE-2008-2676,0.00107,0.43198
CVE-2008-2677,0.00192,0.57132
CVE-2008-2678,0.00129,0.47721
CVE-2008-2679,0.00169,0.53835
CVE-2008-2680,0.00242,0.62248
CVE-2008-2681,0.00377,0.70123
CVE-2008-2682,0.00779,0.79510
CVE-2008-2683,0.83485,0.98210
CVE-2008-2684,0.09738,0.94285
CVE-2008-2685,0.00140,0.49543
CVE-2008-2686,0.03228,0.90288
CVE-2008-2687,0.02215,0.88388
CVE-2008-2688,0.00064,0.26120
CVE-2008-2689,0.00601,0.76218
CVE-2008-2690,0.00404,0.71073
CVE-2008-2691,0.00107,0.43102
CVE-2008-2692,0.00107,0.43102
CVE-2008-2693,0.14226,0.95229
CVE-2008-2694,0.00199,0.57863
CVE-2008-2695,0.00448,0.72465
CVE-2008-2696,0.01676,0.86384
CVE-2008-2697,0.00064,0.26120
CVE-2008-2698,0.00220,0.60154
CVE-2008-2699,0.00900,0.81001
CVE-2008-2700,0.00100,0.40966
CVE-2008-2701,0.57345,0.97426
CVE-2008-2702,0.00189,0.56473
CVE-2008-2703,0.89171,0.98517
CVE-2008-2704,0.04163,0.91377
CVE-2008-2705,0.01914,0.87371
CVE-2008-2706,0.00044,0.10704
CVE-2008-2707,0.01706,0.86495
CVE-2008-2708,0.00044,0.10704
CVE-2008-2709,0.00042,0.05722
CVE-2008-2710,0.00044,0.10704
CVE-2008-2711,0.10547,0.94522
CVE-2008-2712,0.01061,0.82615
CVE-2008-2713,0.16668,0.95558
CVE-2008-2714,0.00451,0.72545
CVE-2008-2715,0.00712,0.78473
CVE-2008-2716,0.00569,0.75536
CVE-2008-2717,0.00292,0.65940
CVE-2008-2718,0.00305,0.66721
CVE-2008-2719,0.01423,0.85182
CVE-2008-2720,0.00265,0.64225
CVE-2008-2721,0.00603,0.76264
CVE-2008-2722,0.01342,0.84718
CVE-2008-2723,0.00672,0.77753
CVE-2008-2724,0.00515,0.74293
CVE-2008-2725,0.00540,0.74934
CVE-2008-2726,0.00590,0.76016
CVE-2008-2729,0.00044,0.08108
CVE-2008-2730,0.00472,0.73109
CVE-2008-2732,0.02133,0.88156
CVE-2008-2733,0.02133,0.88156
CVE-2008-2734,0.02045,0.87835
CVE-2008-2735,0.01969,0.87557
CVE-2008-2736,0.00600,0.76213
CVE-2008-2739,0.00566,0.75469
CVE-2008-2742,0.05429,0.92443
CVE-2008-2743,0.00250,0.63055
CVE-2008-2744,0.00491,0.73670
CVE-2008-2745,0.10084,0.94412
CVE-2008-2746,0.00100,0.40966
CVE-2008-2747,0.00042,0.05722
CVE-2008-2748,0.11000,0.94639
CVE-2008-2749,0.02021,0.87751
CVE-2008-2750,0.15357,0.95397
CVE-2008-2751,0.00175,0.54718
CVE-2008-2752,0.02808,0.89655
CVE-2008-2753,0.00082,0.34033
CVE-2008-2754,0.00093,0.39250
CVE-2008-2755,0.00064,0.26120
CVE-2008-2756,0.00250,0.62996
CVE-2008-2757,0.00152,0.51407
CVE-2008-2758,0.00138,0.49220
CVE-2008-2759,0.00250,0.62996
CVE-2008-2760,0.00152,0.51407
CVE-2008-2761,0.00176,0.54850
CVE-2008-2762,0.00137,0.49136
CVE-2008-2763,0.00137,0.49136
CVE-2008-2764,0.00145,0.50355
CVE-2008-2765,0.00205,0.58476
CVE-2008-2766,0.00273,0.64745
CVE-2008-2767,0.00137,0.49136
CVE-2008-2768,0.00145,0.50355
CVE-2008-2769,0.00788,0.79655
CVE-2008-2770,0.00064,0.26120
CVE-2008-2771,0.00352,0.69075
CVE-2008-2772,0.00788,0.79655
CVE-2008-2773,0.00220,0.60154
CVE-2008-2774,0.00107,0.43102
CVE-2008-2775,0.00140,0.49543
CVE-2008-2776,0.00191,0.56836
CVE-2008-2777,0.00220,0.60154
CVE-2008-2778,0.00107,0.43102
CVE-2008-2779,0.00195,0.57390
CVE-2008-2780,0.00154,0.51628
CVE-2008-2781,0.00107,0.43102
CVE-2008-2782,0.02579,0.89207
CVE-2008-2783,0.00187,0.56309
CVE-2008-2784,0.00576,0.75712
CVE-2008-2785,0.43474,0.97035
CVE-2008-2786,0.00269,0.64448
CVE-2008-2787,0.01277,0.84304
CVE-2008-2788,0.00132,0.48166
CVE-2008-2789,0.01202,0.83767
CVE-2008-2790,0.00087,0.36669
CVE-2008-2791,0.00064,0.26120
CVE-2008-2792,0.00064,0.26120
CVE-2008-2793,0.00064,0.26120
CVE-2008-2794,0.00042,0.05722
CVE-2008-2795,0.00125,0.46861
CVE-2008-2796,0.00064,0.26120
CVE-2008-2797,0.00192,0.57132
CVE-2008-2798,0.37047,0.96824
CVE-2008-2799,0.37047,0.96824
CVE-2008-2800,0.00777,0.79493
CVE-2008-2801,0.20234,0.95936
CVE-2008-2802,0.22212,0.96075
CVE-2008-2803,0.13444,0.95109
CVE-2008-2805,0.01091,0.82862
CVE-2008-2806,0.02413,0.88875
CVE-2008-2807,0.01534,0.85767
CVE-2008-2808,0.01362,0.84865
CVE-2008-2809,0.01080,0.82780
CVE-2008-2810,0.01393,0.85042
CVE-2008-2811,0.43539,0.97038
CVE-2008-2812,0.00044,0.08000
CVE-2008-2813,0.00364,0.69597
CVE-2008-2814,0.00132,0.48166
CVE-2008-2815,0.00064,0.26120
CVE-2008-2816,0.00064,0.26120
CVE-2008-2817,0.00064,0.26120
CVE-2008-2818,0.01119,0.83091
CVE-2008-2819,0.00248,0.62861
CVE-2008-2820,0.02959,0.89879
CVE-2008-2821,0.00149,0.50952
CVE-2008-2822,0.00179,0.55156
CVE-2008-2823,0.00064,0.26120
CVE-2008-2824,0.01125,0.83146
CVE-2008-2825,0.00250,0.63055
CVE-2008-2826,0.00044,0.08000
CVE-2008-2827,0.00043,0.07520
CVE-2008-2828,0.04887,0.92030
CVE-2008-2829,0.00987,0.81922
CVE-2008-2830,0.00042,0.00438
CVE-2008-2831,0.00114,0.44973
CVE-2008-2832,0.02151,0.88222
CVE-2008-2833,0.04576,0.91732
CVE-2008-2834,0.00064,0.26120
CVE-2008-2835,0.00064,0.26120
CVE-2008-2836,0.05918,0.92736
CVE-2008-2837,0.00064,0.26120
CVE-2008-2838,0.00327,0.67939
CVE-2008-2839,0.00199,0.57863
CVE-2008-2840,0.00612,0.76485
CVE-2008-2841,0.12566,0.94967
CVE-2008-2842,0.00242,0.62248
CVE-2008-2843,0.00213,0.59370
CVE-2008-2844,0.00064,0.26120
CVE-2008-2845,0.00107,0.43102
CVE-2008-2846,0.00064,0.26120
CVE-2008-2847,0.00064,0.26120
CVE-2008-2848,0.00220,0.60154
CVE-2008-2849,0.00103,0.41614
CVE-2008-2850,0.00146,0.50496
CVE-2008-2851,0.00728,0.78744
CVE-2008-2852,0.00250,0.63055
CVE-2008-2853,0.00064,0.26120
CVE-2008-2854,0.02252,0.88491
CVE-2008-2855,0.00199,0.57863
CVE-2008-2856,0.00102,0.41272
CVE-2008-2857,0.00173,0.54530
CVE-2008-2858,0.00133,0.48455
CVE-2008-2859,0.02253,0.88495
CVE-2008-2860,0.00064,0.26120
CVE-2008-2861,0.00229,0.61155
CVE-2008-2862,0.00258,0.63649
CVE-2008-2863,0.01658,0.86316
CVE-2008-2864,0.00332,0.68198
CVE-2008-2865,0.00064,0.26120
CVE-2008-2866,0.00064,0.26120
CVE-2008-2867,0.00087,0.36669
CVE-2008-2868,0.00089,0.37471
CVE-2008-2869,0.00087,0.36669
CVE-2008-2870,0.00064,0.26120
CVE-2008-2871,0.00161,0.52792
CVE-2008-2872,0.00102,0.41432
CVE-2008-2873,0.00278,0.65037
CVE-2008-2874,0.00137,0.49170
CVE-2008-2875,0.00107,0.43102
CVE-2008-2876,0.04310,0.91509
CVE-2008-2877,0.02038,0.87808
CVE-2008-2878,0.00565,0.75463
CVE-2008-2879,0.00724,0.78679
CVE-2008-2880,0.03352,0.90470
CVE-2008-2881,0.00203,0.58320
CVE-2008-2882,0.00523,0.74485
CVE-2008-2883,0.00601,0.76218
CVE-2008-2884,0.10685,0.94563
CVE-2008-2885,0.04334,0.91530
CVE-2008-2886,0.01346,0.84736
CVE-2008-2887,0.01439,0.85273
CVE-2008-2888,0.02513,0.89091
CVE-2008-2889,0.00234,0.61519
CVE-2008-2890,0.00127,0.47299
CVE-2008-2891,0.00064,0.26120
CVE-2008-2892,0.00064,0.26120
CVE-2008-2893,0.00064,0.26120
CVE-2008-2894,0.00195,0.57480
CVE-2008-2895,0.01119,0.83091
CVE-2008-2896,0.01119,0.83091
CVE-2008-2897,0.00064,0.26120
CVE-2008-2898,0.04490,0.91660
CVE-2008-2899,0.00308,0.66914
CVE-2008-2900,0.00064,0.26120
CVE-2008-2901,0.00057,0.21520
CVE-2008-2902,0.00102,0.41432
CVE-2008-2903,0.00093,0.39250
CVE-2008-2904,0.00064,0.26120
CVE-2008-2905,0.31331,0.96589
CVE-2008-2906,0.00102,0.41432
CVE-2008-2907,0.00093,0.39250
CVE-2008-2908,0.42678,0.97009
CVE-2008-2909,0.00087,0.36669
CVE-2008-2910,0.20928,0.95990
CVE-2008-2911,0.00220,0.60207
CVE-2008-2912,0.00536,0.74804
CVE-2008-2913,0.00807,0.79925
CVE-2008-2914,0.00081,0.33773
CVE-2008-2915,0.00087,0.36669
CVE-2008-2916,0.00202,0.58253
CVE-2008-2917,0.00788,0.79629
CVE-2008-2918,0.00064,0.26120
CVE-2008-2919,0.00093,0.39250
CVE-2008-2920,0.00614,0.76513
CVE-2008-2921,0.00248,0.62861
CVE-2008-2922,0.15236,0.95368
CVE-2008-2923,0.00265,0.64225
CVE-2008-2924,0.00220,0.60154
CVE-2008-2925,0.00146,0.50496
CVE-2008-2926,0.00060,0.23520
CVE-2008-2927,0.10729,0.94582
CVE-2008-2928,0.59373,0.97478
CVE-2008-2929,0.00317,0.67413
CVE-2008-2930,0.10646,0.94555
CVE-2008-2931,0.00044,0.08000
CVE-2008-2932,0.08410,0.93835
CVE-2008-2933,0.01241,0.84068
CVE-2008-2934,0.05359,0.92390
CVE-2008-2935,0.18034,0.95725
CVE-2008-2936,0.00048,0.14709
CVE-2008-2937,0.00044,0.08000
CVE-2008-2938,0.96709,0.99583
CVE-2008-2939,0.07001,0.93321
CVE-2008-2940,0.00044,0.08000
CVE-2008-2941,0.00044,0.08000
CVE-2008-2942,0.00767,0.79320
CVE-2008-2943,0.01904,0.87331
CVE-2008-2944,0.00042,0.05722
CVE-2008-2945,0.01197,0.83729
CVE-2008-2946,0.01110,0.83020
CVE-2008-2947,0.95156,0.99179
CVE-2008-2948,0.13341,0.95093
CVE-2008-2949,0.03893,0.91114
CVE-2008-2950,0.33055,0.96654
CVE-2008-2951,0.00482,0.73423
CVE-2008-2952,0.82815,0.98184
CVE-2008-2953,0.04016,0.91223
CVE-2008-2954,0.03443,0.90592
CVE-2008-2955,0.06445,0.93030
CVE-2008-2956,0.00505,0.74036
CVE-2008-2957,0.04364,0.91552
CVE-2008-2958,0.00042,0.05722
CVE-2008-2959,0.89079,0.98511
CVE-2008-2960,0.00432,0.71960
CVE-2008-2961,0.02247,0.88473
CVE-2008-2962,0.00199,0.57863
CVE-2008-2963,0.00102,0.41272
CVE-2008-2964,0.00107,0.43198
CVE-2008-2965,0.00199,0.57863
CVE-2008-2966,0.00756,0.79173
CVE-2008-2967,0.00250,0.63055
CVE-2008-2968,0.00495,0.73735
CVE-2008-2969,0.00350,0.69002
CVE-2008-2970,0.00840,0.80326
CVE-2008-2971,0.00107,0.43102
CVE-2008-2972,0.00107,0.43102
CVE-2008-2973,0.00192,0.57132
CVE-2008-2974,0.00612,0.76485
CVE-2008-2975,0.00199,0.57863
CVE-2008-2976,0.00377,0.70088
CVE-2008-2977,0.00756,0.79173
CVE-2008-2978,0.00363,0.69532
CVE-2008-2979,0.00220,0.60154
CVE-2008-2980,0.00131,0.48022
CVE-2008-2981,0.00404,0.71073
CVE-2008-2982,0.00205,0.58479
CVE-2008-2983,0.00107,0.43198
CVE-2008-2984,0.00199,0.57863
CVE-2008-2985,0.00363,0.69532
CVE-2008-2986,0.02252,0.88491
CVE-2008-2987,0.00297,0.66267
CVE-2008-2988,0.00954,0.81598
CVE-2008-2989,0.00100,0.40966
CVE-2008-2990,0.02123,0.88078
CVE-2008-2991,0.37480,0.96836
CVE-2008-2992,0.97167,0.99771
CVE-2008-2993,0.01793,0.86829
CVE-2008-2994,0.00186,0.55980
CVE-2008-2995,0.00064,0.26120
CVE-2008-2996,0.00102,0.41432
CVE-2008-2997,0.00220,0.60207
CVE-2008-2998,0.00220,0.60154
CVE-2008-2999,0.00135,0.48729
CVE-2008-3000,0.00619,0.76643
CVE-2008-3001,0.03733,0.90938
CVE-2008-3003,0.00042,0.00438
CVE-2008-3004,0.96396,0.99472
CVE-2008-3005,0.49660,0.97236
CVE-2008-3006,0.68400,0.97701
CVE-2008-3007,0.88726,0.98483
CVE-2008-3008,0.95880,0.99336
CVE-2008-3009,0.14304,0.95237
CVE-2008-3010,0.10077,0.94411
CVE-2008-3012,0.90421,0.98599
CVE-2008-3013,0.81060,0.98081
CVE-2008-3014,0.81624,0.98118
CVE-2008-3015,0.73546,0.97859
CVE-2008-3018,0.76788,0.97948
CVE-2008-3019,0.78800,0.98010
CVE-2008-3020,0.81249,0.98091
CVE-2008-3021,0.85115,0.98286
CVE-2008-3022,0.02513,0.89091
CVE-2008-3023,0.02161,0.88240
CVE-2008-3024,0.00081,0.33688
CVE-2008-3025,0.00107,0.43102
CVE-2008-3026,0.00064,0.26120
CVE-2008-3027,0.00100,0.40966
CVE-2008-3028,0.00254,0.63423
CVE-2008-3029,0.00220,0.60154
CVE-2008-3030,0.00107,0.43102
CVE-2008-3031,0.01119,0.83091
CVE-2008-3032,0.00220,0.60154
CVE-2008-3033,0.01625,0.86203
CVE-2008-3034,0.00099,0.40627
CVE-2008-3035,0.00089,0.37284
CVE-2008-3036,0.01869,0.87157
CVE-2008-3037,0.00192,0.57132
CVE-2008-3038,0.00140,0.49543
CVE-2008-3039,0.00140,0.49543
CVE-2008-3040,0.00330,0.68102
CVE-2008-3041,0.00297,0.66255
CVE-2008-3042,0.00279,0.65085
CVE-2008-3043,0.00497,0.73810
CVE-2008-3044,0.00146,0.50496
CVE-2008-3045,0.00292,0.65968
CVE-2008-3046,0.00320,0.67568
CVE-2008-3047,0.00287,0.65669
CVE-2008-3048,0.00269,0.64448
CVE-2008-3049,0.00142,0.49921
CVE-2008-3050,0.00196,0.57582
CVE-2008-3051,0.00125,0.47070
CVE-2008-3052,0.00835,0.80249
CVE-2008-3053,0.00146,0.50496
CVE-2008-3054,0.00140,0.49543
CVE-2008-3055,0.00140,0.49543
CVE-2008-3056,0.00140,0.49543
CVE-2008-3057,0.00260,0.63821
CVE-2008-3058,0.00161,0.52713
CVE-2008-3059,0.00238,0.61917
CVE-2008-3060,0.00377,0.70123
CVE-2008-3061,0.00245,0.62586
CVE-2008-3063,0.00140,0.49543
CVE-2008-3064,0.00694,0.78146
CVE-2008-3066,0.96024,0.99368
CVE-2008-3067,0.00042,0.05722
CVE-2008-3068,0.02626,0.89316
CVE-2008-3069,0.00192,0.57132
CVE-2008-3070,0.00144,0.50275
CVE-2008-3071,0.00228,0.61109
CVE-2008-3072,0.00244,0.62423
CVE-2008-3073,0.00243,0.62338
CVE-2008-3074,0.00594,0.76090
CVE-2008-3075,0.00849,0.80413
CVE-2008-3076,0.00428,0.71839
CVE-2008-3077,0.00042,0.05722
CVE-2008-3078,0.00748,0.79015
CVE-2008-3079,0.00609,0.76390
CVE-2008-3080,0.00100,0.40973
CVE-2008-3081,0.00318,0.67452
CVE-2008-3082,0.00254,0.63423
CVE-2008-3083,0.00064,0.26120
CVE-2008-3087,0.00345,0.68772
CVE-2008-3088,0.00220,0.60154
CVE-2008-3089,0.00107,0.43102
CVE-2008-3090,0.00230,0.61222
CVE-2008-3091,0.00103,0.41614
CVE-2008-3092,0.00100,0.40981
CVE-2008-3093,0.01449,0.85326
CVE-2008-3094,0.00282,0.65353
CVE-2008-3095,0.00103,0.41614
CVE-2008-3096,0.00225,0.60858
CVE-2008-3097,0.00103,0.41614
CVE-2008-3098,0.01238,0.84050
CVE-2008-3100,0.01711,0.86513
CVE-2008-3101,0.00892,0.80906
CVE-2008-3102,0.00462,0.72850
CVE-2008-3103,0.02500,0.89058
CVE-2008-3104,0.03588,0.90756
CVE-2008-3105,0.05714,0.92623
CVE-2008-3106,0.01027,0.82268
CVE-2008-3107,0.02167,0.88254
CVE-2008-3108,0.01103,0.82963
CVE-2008-3109,0.01829,0.86981
CVE-2008-3110,0.00820,0.80052
CVE-2008-3111,0.67507,0.97671
CVE-2008-3112,0.01962,0.87531
CVE-2008-3113,0.02310,0.88641
CVE-2008-3114,0.01189,0.83661
CVE-2008-3115,0.24855,0.96245
CVE-2008-3116,0.05842,0.92685
CVE-2008-3117,0.00688,0.78056
CVE-2008-3118,0.00140,0.49543
CVE-2008-3119,0.00137,0.49170
CVE-2008-3121,0.00220,0.60154
CVE-2008-3122,0.00100,0.40981
CVE-2008-3123,0.00064,0.26120
CVE-2008-3124,0.00064,0.26120
CVE-2008-3125,0.00123,0.46645
CVE-2008-3126,0.01565,0.85920
CVE-2008-3127,0.04795,0.91957
CVE-2008-3128,0.02097,0.88010
CVE-2008-3129,0.00064,0.26120
CVE-2008-3130,0.00192,0.57132
CVE-2008-3131,0.00093,0.39250
CVE-2008-3132,0.00064,0.26120
CVE-2008-3133,0.00157,0.52151
CVE-2008-3134,0.05349,0.92381
CVE-2008-3135,0.02352,0.88731
CVE-2008-3136,0.00064,0.26120
CVE-2008-3137,0.00512,0.74218
CVE-2008-3138,0.00365,0.69626
CVE-2008-3139,0.00365,0.69626
CVE-2008-3140,0.01292,0.84424
CVE-2008-3141,0.00175,0.54695
CVE-2008-3142,0.00227,0.61042
CVE-2008-3143,0.01150,0.83339
CVE-2008-3144,0.01067,0.82663
CVE-2008-3145,0.00348,0.68863
CVE-2008-3146,0.00953,0.81581
CVE-2008-3147,0.00042,0.05722
CVE-2008-3148,0.00446,0.72399
CVE-2008-3149,0.01282,0.84358
CVE-2008-3150,0.05984,0.92768
CVE-2008-3151,0.00137,0.49170
CVE-2008-3152,0.00137,0.49170
CVE-2008-3153,0.00137,0.49170
CVE-2008-3154,0.00100,0.40966
CVE-2008-3155,0.02180,0.88292
CVE-2008-3156,0.01910,0.87356
CVE-2008-3157,0.00478,0.73310
CVE-2008-3158,0.00084,0.34810
CVE-2008-3159,0.28508,0.96454
CVE-2008-3160,0.00805,0.79899
CVE-2008-3161,0.00154,0.51726
CVE-2008-3162,0.13665,0.95141
CVE-2008-3163,0.00716,0.78528
CVE-2008-3164,0.01228,0.83955
CVE-2008-3165,0.01402,0.85085
CVE-2008-3166,0.10685,0.94563
CVE-2008-3167,0.01780,0.86766
CVE-2008-3168,0.00223,0.60682
CVE-2008-3169,0.04887,0.92030
CVE-2008-3170,0.01784,0.86789
CVE-2008-3171,0.00330,0.68102
CVE-2008-3172,0.00677,0.77823
CVE-2008-3173,0.00716,0.78530
CVE-2008-3174,0.03711,0.90910
CVE-2008-3175,0.13283,0.95083
CVE-2008-3177,0.02802,0.89646
CVE-2008-3178,0.11054,0.94647
CVE-2008-3179,0.02373,0.88784
CVE-2008-3180,0.00254,0.63423
CVE-2008-3181,0.00678,0.77878
CVE-2008-3182,0.13461,0.95112
CVE-2008-3183,0.13709,0.95148
CVE-2008-3184,0.00273,0.64718
CVE-2008-3185,0.00271,0.64585
CVE-2008-3186,0.00161,0.52792
CVE-2008-3187,0.00295,0.66162
CVE-2008-3188,0.00432,0.71950
CVE-2008-3189,0.00087,0.36669
CVE-2008-3190,0.01402,0.85085
CVE-2008-3191,0.00145,0.50409
CVE-2008-3192,0.00680,0.77915
CVE-2008-3193,0.00203,0.58293
CVE-2008-3194,0.01488,0.85501
CVE-2008-3195,0.12374,0.94934
CVE-2008-3196,0.00279,0.65078
CVE-2008-3197,0.00210,0.58969
CVE-2008-3198,0.02490,0.89044
CVE-2008-3199,0.01132,0.83200
CVE-2008-3200,0.00064,0.26120
CVE-2008-3201,0.00186,0.55980
CVE-2008-3202,0.00186,0.55980
CVE-2008-3203,0.04048,0.91259
CVE-2008-3204,0.00203,0.58293
CVE-2008-3205,0.00656,0.77369
CVE-2008-3206,0.00087,0.36669
CVE-2008-3207,0.06182,0.92890
CVE-2008-3208,0.11213,0.94696
CVE-2008-3209,0.09059,0.94067
CVE-2008-3210,0.10410,0.94486
CVE-2008-3211,0.01563,0.85911
CVE-2008-3212,0.00129,0.47721
CVE-2008-3213,0.00081,0.33773
CVE-2008-3214,0.04797,0.91960
CVE-2008-3215,0.08468,0.93857
CVE-2008-3216,0.00042,0.05722
CVE-2008-3217,0.00781,0.79541
CVE-2008-3218,0.00199,0.57900
CVE-2008-3219,0.00261,0.63914
CVE-2008-3220,0.00256,0.63527
CVE-2008-3221,0.00269,0.64475
CVE-2008-3222,0.00447,0.72416
CVE-2008-3223,0.00438,0.72169
CVE-2008-3224,0.00269,0.64448
CVE-2008-3225,0.00320,0.67568
CVE-2008-3226,0.00150,0.51030
CVE-2008-3227,0.00299,0.66379
CVE-2008-3228,0.00343,0.68660
CVE-2008-3229,0.00042,0.05722
CVE-2008-3230,0.00195,0.57453
CVE-2008-3231,0.06175,0.92884
CVE-2008-3232,0.09987,0.94366
CVE-2008-3233,0.00195,0.57440
CVE-2008-3234,0.01103,0.82963
CVE-2008-3235,0.00303,0.66575
CVE-2008-3236,0.00246,0.62696
CVE-2008-3237,0.00347,0.68851
CVE-2008-3238,0.00552,0.75185
CVE-2008-3239,0.08890,0.94016
CVE-2008-3240,0.00588,0.75981
CVE-2008-3241,0.00137,0.49170
CVE-2008-3242,0.17868,0.95712
CVE-2008-3243,0.01466,0.85412
CVE-2008-3244,0.01604,0.86114
CVE-2008-3245,0.00064,0.26120
CVE-2008-3246,0.28449,0.96450
CVE-2008-3247,0.00042,0.05722
CVE-2008-3248,0.00042,0.05722
CVE-2008-3249,0.01563,0.85911
CVE-2008-3250,0.00123,0.46645
CVE-2008-3251,0.00240,0.62081
CVE-2008-3252,0.29914,0.96525
CVE-2008-3253,0.00211,0.59039
CVE-2008-3254,0.00093,0.39250
CVE-2008-3255,0.00177,0.54908
CVE-2008-3256,0.00064,0.26120
CVE-2008-3257,0.92669,0.98835
CVE-2008-3258,0.00135,0.48729
CVE-2008-3259,0.00042,0.05722
CVE-2008-3260,0.00491,0.73670
CVE-2008-3261,0.01451,0.85338
CVE-2008-3262,0.00183,0.55679
CVE-2008-3263,0.96623,0.99554
CVE-2008-3264,0.07948,0.93683
CVE-2008-3265,0.00262,0.63933
CVE-2008-3266,0.00181,0.55460
CVE-2008-3267,0.00137,0.49170
CVE-2008-3268,0.00523,0.74485
CVE-2008-3269,0.06157,0.92875
CVE-2008-3270,0.00125,0.46875
CVE-2008-3271,0.00218,0.59885
CVE-2008-3272,0.00044,0.08000
CVE-2008-3273,0.00532,0.74715
CVE-2008-3274,0.00639,0.77026
CVE-2008-3275,0.00044,0.08000
CVE-2008-3276,0.66348,0.97644
CVE-2008-3277,0.00044,0.07794
CVE-2008-3278,0.00042,0.05722
CVE-2008-3279,0.00047,0.13944
CVE-2008-3280,0.00157,0.52146
CVE-2008-3281,0.00692,0.78119
CVE-2008-3282,0.04404,0.91588
CVE-2008-3283,0.10893,0.94615
CVE-2008-3285,0.00371,0.69895
CVE-2008-3286,0.05555,0.92526
CVE-2008-3287,0.03466,0.90616
CVE-2008-3288,0.00373,0.69953
CVE-2008-3289,0.00450,0.72529
CVE-2008-3290,0.04049,0.91265
CVE-2008-3291,0.00087,0.36669
CVE-2008-3292,0.01386,0.84995
CVE-2008-3293,0.01355,0.84815
CVE-2008-3294,0.00042,0.05722
CVE-2008-3295,0.00187,0.56309
CVE-2008-3296,0.01085,0.82826
CVE-2008-3297,0.00549,0.75126
CVE-2008-3298,0.00351,0.69042
CVE-2008-3299,0.01074,0.82730
CVE-2008-3300,0.01074,0.82730
CVE-2008-3301,0.00100,0.40923
CVE-2008-3302,0.00104,0.42331
CVE-2008-3303,0.00769,0.79368
CVE-2008-3304,0.00302,0.66550
CVE-2008-3305,0.00367,0.69722
CVE-2008-3306,0.00125,0.47070
CVE-2008-3307,0.00248,0.62861
CVE-2008-3308,0.01194,0.83708
CVE-2008-3309,0.00137,0.49170
CVE-2008-3310,0.00107,0.43102
CVE-2008-3311,0.02513,0.89091
CVE-2008-3312,0.00807,0.79925
CVE-2008-3313,0.01038,0.82380
CVE-2008-3314,0.09543,0.94232
CVE-2008-3315,0.00491,0.73670
CVE-2008-3316,0.00250,0.63055
CVE-2008-3317,0.09042,0.94061
CVE-2008-3318,0.06496,0.93067
CVE-2008-3319,0.07033,0.93335
CVE-2008-3320,0.01858,0.87117
CVE-2008-3321,0.07033,0.93335
CVE-2008-3322,0.03659,0.90846
CVE-2008-3323,0.00807,0.79918
CVE-2008-3324,0.00265,0.64248
CVE-2008-3325,0.00265,0.64228
CVE-2008-3326,0.00408,0.71220
CVE-2008-3327,0.00377,0.70123
CVE-2008-3328,0.00282,0.65305
CVE-2008-3329,0.00119,0.45837
CVE-2008-3330,0.00378,0.70153
CVE-2008-3331,0.00147,0.50599
CVE-2008-3332,0.01479,0.85461
CVE-2008-3333,0.00965,0.81692
CVE-2008-3334,0.00220,0.60154
CVE-2008-3335,0.01563,0.85911
CVE-2008-3336,0.00250,0.63055
CVE-2008-3337,0.00672,0.77746
CVE-2008-3338,0.05274,0.92316
CVE-2008-3339,0.01060,0.82603
CVE-2008-3340,0.00254,0.63423
CVE-2008-3341,0.00230,0.61251
CVE-2008-3342,0.00347,0.68851
CVE-2008-3343,0.00561,0.75351
CVE-2008-3344,0.00254,0.63423
CVE-2008-3345,0.00289,0.65794
CVE-2008-3346,0.00561,0.75351
CVE-2008-3347,0.00232,0.61372
CVE-2008-3348,0.00347,0.68851
CVE-2008-3349,0.00837,0.80273
CVE-2008-3350,0.02253,0.88495
CVE-2008-3351,0.00107,0.43102
CVE-2008-3352,0.00107,0.43102
CVE-2008-3353,0.00220,0.60154
CVE-2008-3354,0.02624,0.89309
CVE-2008-3355,0.00137,0.49170
CVE-2008-3356,0.00042,0.05722
CVE-2008-3357,0.00042,0.05722
CVE-2008-3358,0.00305,0.66721
CVE-2008-3359,0.00125,0.47070
CVE-2008-3360,0.17068,0.95607
CVE-2008-3361,0.01302,0.84486
CVE-2008-3362,0.03395,0.90529
CVE-2008-3363,0.04257,0.91460
CVE-2008-3364,0.63648,0.97586
CVE-2008-3365,0.01124,0.83139
CVE-2008-3366,0.00107,0.43102
CVE-2008-3367,0.00229,0.61155
CVE-2008-3368,0.05556,0.92527
CVE-2008-3369,0.00396,0.70847
CVE-2008-3370,0.00916,0.81177
CVE-2008-3371,0.02208,0.88367
CVE-2008-3372,0.00087,0.36669
CVE-2008-3373,0.04222,0.91425
CVE-2008-3374,0.00342,0.68609
CVE-2008-3375,0.09557,0.94235
CVE-2008-3376,0.00287,0.65669
CVE-2008-3377,0.00064,0.26120
CVE-2008-3378,0.00087,0.36669
CVE-2008-3379,0.00132,0.48166
CVE-2008-3380,0.00436,0.72126
CVE-2008-3381,0.00987,0.81915
CVE-2008-3382,0.00107,0.43102
CVE-2008-3383,0.00107,0.43102
CVE-2008-3384,0.02208,0.88367
CVE-2008-3385,0.03469,0.90620
CVE-2008-3386,0.00087,0.36669
CVE-2008-3387,0.00064,0.26120
CVE-2008-3388,0.00087,0.36669
CVE-2008-3389,0.00042,0.05722
CVE-2008-3390,0.01439,0.85273
CVE-2008-3391,0.00275,0.64870
CVE-2008-3392,0.00191,0.56690
CVE-2008-3393,0.00248,0.62861
CVE-2008-3394,0.00254,0.63423
CVE-2008-3395,0.00079,0.32814
CVE-2008-3396,0.10657,0.94556
CVE-2008-3397,0.00192,0.57132
CVE-2008-3398,0.00250,0.63055
CVE-2008-3399,0.00788,0.79655
CVE-2008-3400,0.00470,0.73072
CVE-2008-3401,0.17991,0.95723
CVE-2008-3402,0.18130,0.95731
CVE-2008-3403,0.00123,0.46645
CVE-2008-3404,0.00401,0.70996
CVE-2008-3405,0.02516,0.89097
CVE-2008-3406,0.00102,0.41432
CVE-2008-3407,0.00304,0.66633
CVE-2008-3408,0.14218,0.95229
CVE-2008-3409,0.18858,0.95810
CVE-2008-3410,0.02394,0.88834
CVE-2008-3411,0.01060,0.82603
CVE-2008-3412,0.00064,0.26120
CVE-2008-3413,0.00561,0.75351
CVE-2008-3414,0.00561,0.75351
CVE-2008-3415,0.03751,0.90961
CVE-2008-3416,0.00561,0.75351
CVE-2008-3417,0.00137,0.49170
CVE-2008-3418,0.00107,0.43102
CVE-2008-3419,0.00137,0.49170
CVE-2008-3420,0.00087,0.36669
CVE-2008-3421,0.00146,0.50438
CVE-2008-3422,0.00305,0.66721
CVE-2008-3423,0.00880,0.80758
CVE-2008-3424,0.01312,0.84547
CVE-2008-3425,0.00473,0.73133
CVE-2008-3426,0.00044,0.10704
CVE-2008-3428,0.00302,0.66516
CVE-2008-3429,0.03919,0.91143
CVE-2008-3430,0.32909,0.96647
CVE-2008-3431,0.00043,0.07520
CVE-2008-3432,0.00543,0.75004
CVE-2008-3433,0.00191,0.56692
CVE-2008-3434,0.00223,0.60648
CVE-2008-3435,0.00191,0.56692
CVE-2008-3436,0.00191,0.56692
CVE-2008-3437,0.00230,0.61265
CVE-2008-3438,0.00132,0.48175
CVE-2008-3439,0.00191,0.56692
CVE-2008-3440,0.00230,0.61265
CVE-2008-3441,0.00451,0.72542
CVE-2008-3442,0.00230,0.61265
CVE-2008-3443,0.14736,0.95300
CVE-2008-3444,0.00943,0.81457
CVE-2008-3445,0.00137,0.49170
CVE-2008-3446,0.02516,0.89097
CVE-2008-3447,0.16756,0.95569
CVE-2008-3448,0.00436,0.72126
CVE-2008-3449,0.01034,0.82337
CVE-2008-3450,0.00044,0.10704
CVE-2008-3451,0.00152,0.51502
CVE-2008-3452,0.00093,0.39250
CVE-2008-3453,0.00269,0.64448
CVE-2008-3454,0.04999,0.92110
CVE-2008-3455,0.02513,0.89091
CVE-2008-3456,0.00890,0.80889
CVE-2008-3457,0.00409,0.71263
CVE-2008-3458,0.00624,0.76738
CVE-2008-3459,0.00379,0.70188
CVE-2008-3460,0.78583,0.98003
CVE-2008-3464,0.00065,0.26868
CVE-2008-3465,0.02800,0.89639
CVE-2008-3466,0.97104,0.99739
CVE-2008-3471,0.95964,0.99353
CVE-2008-3472,0.94852,0.99128
CVE-2008-3473,0.96298,0.99439
CVE-2008-3474,0.05415,0.92434
CVE-2008-3475,0.96410,0.99478
CVE-2008-3476,0.96410,0.99478
CVE-2008-3477,0.87499,0.98413
CVE-2008-3479,0.84095,0.98233
CVE-2008-3480,0.19826,0.95902
CVE-2008-3481,0.00540,0.74912
CVE-2008-3482,0.00250,0.63055
CVE-2008-3483,0.00236,0.61801
CVE-2008-3484,0.00064,0.26120
CVE-2008-3485,0.00042,0.05722
CVE-2008-3486,0.01060,0.82603
CVE-2008-3487,0.00064,0.26120
CVE-2008-3488,0.00842,0.80339
CVE-2008-3489,0.00107,0.43102
CVE-2008-3490,0.00068,0.28359
CVE-2008-3491,0.00906,0.81064
CVE-2008-3492,0.01711,0.86513
CVE-2008-3493,0.00700,0.78249
CVE-2008-3494,0.01219,0.83904
CVE-2008-3495,0.00064,0.26120
CVE-2008-3496,0.00736,0.78855
CVE-2008-3497,0.10359,0.94475
CVE-2008-3498,0.00657,0.77381
CVE-2008-3499,0.00269,0.64448
CVE-2008-3500,0.00254,0.63423
CVE-2008-3501,0.00158,0.52250
CVE-2008-3502,0.00335,0.68368
CVE-2008-3503,0.00437,0.72140
CVE-2008-3504,0.00343,0.68660
CVE-2008-3505,0.00220,0.60154
CVE-2008-3506,0.00146,0.50496
CVE-2008-3507,0.00100,0.40966
CVE-2008-3508,0.00916,0.81180
CVE-2008-3509,0.10106,0.94416
CVE-2008-3510,0.00186,0.55980
CVE-2008-3511,0.00195,0.57440
CVE-2008-3512,0.00100,0.40966
CVE-2008-3513,0.00134,0.48603
CVE-2008-3514,0.00701,0.78259
CVE-2008-3515,0.00343,0.68645
CVE-2008-3516,0.00343,0.68645
CVE-2008-3519,0.00639,0.77026
CVE-2008-3520,0.00228,0.61097
CVE-2008-3521,0.00042,0.05722
CVE-2008-3522,0.00913,0.81139
CVE-2008-3524,0.00042,0.05722
CVE-2008-3525,0.00044,0.08000
CVE-2008-3526,0.08206,0.93775
CVE-2008-3527,0.00042,0.05722
CVE-2008-3528,0.00123,0.46544
CVE-2008-3529,0.94332,0.99042
CVE-2008-3530,0.01762,0.86706
CVE-2008-3531,0.00042,0.00438
CVE-2008-3532,0.00837,0.80272
CVE-2008-3533,0.07832,0.93626
CVE-2008-3534,0.00042,0.05722
CVE-2008-3535,0.00042,0.05722
CVE-2008-3536,0.04253,0.91457
CVE-2008-3537,0.04253,0.91457
CVE-2008-3538,0.01012,0.82146
CVE-2008-3539,0.00042,0.05722
CVE-2008-3542,0.00327,0.67930
CVE-2008-3543,0.03423,0.90568
CVE-2008-3544,0.44716,0.97070
CVE-2008-3545,0.03423,0.90568
CVE-2008-3546,0.00044,0.08043
CVE-2008-3547,0.03750,0.90958
CVE-2008-3548,0.00044,0.10704
CVE-2008-3549,0.00044,0.10704
CVE-2008-3550,0.00276,0.64912
CVE-2008-3551,0.13052,0.95038
CVE-2008-3552,0.11479,0.94754
CVE-2008-3553,0.10601,0.94537
CVE-2008-3554,0.00100,0.40966
CVE-2008-3555,0.01439,0.85273
CVE-2008-3556,0.00064,0.26120
CVE-2008-3557,0.04999,0.92110
CVE-2008-3558,0.94288,0.99031
CVE-2008-3559,0.00185,0.55842
CVE-2008-3560,0.00481,0.73387
CVE-2008-3561,0.00093,0.39250
CVE-2008-3562,0.00729,0.78756
CVE-2008-3563,0.00240,0.62081
CVE-2008-3564,0.04490,0.91660
CVE-2008-3565,0.00209,0.58843
CVE-2008-3566,0.00186,0.55980
CVE-2008-3567,0.00344,0.68692
CVE-2008-3568,0.01530,0.85751
CVE-2008-3569,0.00214,0.59417
CVE-2008-3570,0.04761,0.91923
CVE-2008-3571,0.84221,0.98238
CVE-2008-3572,0.00367,0.69722
CVE-2008-3573,0.01657,0.86314
CVE-2008-3574,0.00214,0.59417
CVE-2008-3575,0.04761,0.91923
CVE-2008-3576,0.08912,0.94022
CVE-2008-3577,0.00042,0.05722
CVE-2008-3578,0.06726,0.93189
CVE-2008-3579,0.00302,0.66550
CVE-2008-3580,0.00552,0.75185
CVE-2008-3581,0.00254,0.63423
CVE-2008-3582,0.00093,0.39250
CVE-2008-3583,0.09050,0.94063
CVE-2008-3584,0.01893,0.87271
CVE-2008-3585,0.00064,0.26120
CVE-2008-3586,0.00100,0.40966
CVE-2008-3587,0.00186,0.55980
CVE-2008-3588,0.00093,0.39001
CVE-2008-3589,0.01749,0.86666
CVE-2008-3590,0.00097,0.40074
CVE-2008-3591,0.00248,0.62861
CVE-2008-3592,0.01026,0.82255
CVE-2008-3593,0.01988,0.87629
CVE-2008-3594,0.00087,0.36669
CVE-2008-3595,0.02038,0.87808
CVE-2008-3596,0.00220,0.60207
CVE-2008-3597,0.00938,0.81407
CVE-2008-3598,0.00095,0.39635
CVE-2008-3599,0.00137,0.49170
CVE-2008-3600,0.01549,0.85837
CVE-2008-3601,0.00137,0.49170
CVE-2008-3602,0.01759,0.86698
CVE-2008-3603,0.00064,0.26120
CVE-2008-3604,0.00167,0.53511
CVE-2008-3605,0.01889,0.87260
CVE-2008-3606,0.07540,0.93516
CVE-2008-3607,0.02581,0.89211
CVE-2008-3608,0.00594,0.76089
CVE-2008-3609,0.00043,0.05916
CVE-2008-3610,0.00247,0.62757
CVE-2008-3611,0.00279,0.65078
CVE-2008-3612,0.02352,0.88732
CVE-2008-3613,0.01121,0.83116
CVE-2008-3614,0.04916,0.92048
CVE-2008-3615,0.01716,0.86541
CVE-2008-3616,0.00321,0.67624
CVE-2008-3617,0.00355,0.69183
CVE-2008-3618,0.00434,0.72025
CVE-2008-3619,0.00043,0.05916
CVE-2008-3621,0.02978,0.89907
CVE-2008-3622,0.00250,0.63005
CVE-2008-3623,0.07300,0.93435
CVE-2008-3624,0.01340,0.84703
CVE-2008-3625,0.43626,0.97041
CVE-2008-3626,0.02681,0.89429
CVE-2008-3627,0.06360,0.92986
CVE-2008-3628,0.01563,0.85912
CVE-2008-3629,0.01837,0.87030
CVE-2008-3630,0.02040,0.87814
CVE-2008-3631,0.00161,0.52688
CVE-2008-3632,0.05783,0.92652
CVE-2008-3634,0.00282,0.65331
CVE-2008-3635,0.01604,0.86115
CVE-2008-3636,0.00043,0.05916
CVE-2008-3637,0.03087,0.90068
CVE-2008-3638,0.00906,0.81060
CVE-2008-3639,0.81205,0.98087
CVE-2008-3640,0.84992,0.98280
CVE-2008-3641,0.92025,0.98755
CVE-2008-3642,0.04290,0.91492
CVE-2008-3643,0.00199,0.57785
CVE-2008-3644,0.00042,0.05722
CVE-2008-3645,0.00042,0.05722
CVE-2008-3646,0.02136,0.88162
CVE-2008-3647,0.01780,0.86767
CVE-2008-3648,0.14420,0.95254
CVE-2008-3649,0.00962,0.81668
CVE-2008-3650,0.00104,0.42231
CVE-2008-3651,0.01884,0.87233
CVE-2008-3652,0.09936,0.94351
CVE-2008-3653,0.00244,0.62423
CVE-2008-3654,0.00191,0.56783
CVE-2008-3655,0.28167,0.96435
CVE-2008-3656,0.10719,0.94577
CVE-2008-3657,0.05358,0.92389
CVE-2008-3658,0.03330,0.90437
CVE-2008-3659,0.03359,0.90477
CVE-2008-3660,0.04802,0.91965
CVE-2008-3661,0.00218,0.59802
CVE-2008-3662,0.00440,0.72242
CVE-2008-3663,0.00462,0.72850
CVE-2008-3664,0.00214,0.59417
CVE-2008-3666,0.00100,0.40929
CVE-2008-3667,0.70577,0.97764
CVE-2008-3668,0.00273,0.64718
CVE-2008-3669,0.00124,0.46848
CVE-2008-3670,0.00279,0.65067
CVE-2008-3671,0.00226,0.60937
CVE-2008-3672,0.00125,0.47070
CVE-2008-3673,0.00423,0.71701
CVE-2008-3674,0.00123,0.46645
CVE-2008-3675,0.01749,0.86666
CVE-2008-3676,0.06957,0.93307
CVE-2008-3677,0.00638,0.77024
CVE-2008-3678,0.00220,0.60154
CVE-2008-3679,0.00195,0.57440
CVE-2008-3680,0.06270,0.92936
CVE-2008-3681,0.11242,0.94705
CVE-2008-3682,0.00093,0.39250
CVE-2008-3683,0.01562,0.85902
CVE-2008-3684,0.14035,0.95200
CVE-2008-3685,0.05566,0.92531
CVE-2008-3686,0.00042,0.05722
CVE-2008-3687,0.00485,0.73511
CVE-2008-3688,0.02066,0.87895
CVE-2008-3691,0.00932,0.81357
CVE-2008-3692,0.00932,0.81357
CVE-2008-3693,0.00932,0.81357
CVE-2008-3694,0.00932,0.81357
CVE-2008-3695,0.00932,0.81357
CVE-2008-3696,0.00932,0.81357
CVE-2008-3697,0.14602,0.95280
CVE-2008-3698,0.00110,0.43922
CVE-2008-3699,0.00044,0.08000
CVE-2008-3700,0.00613,0.76493
CVE-2008-3701,0.00265,0.64225
CVE-2008-3702,0.13710,0.95149
CVE-2008-3703,0.93258,0.98903
CVE-2008-3704,0.96402,0.99475
CVE-2008-3705,0.00677,0.77871
CVE-2008-3706,0.00137,0.49170
CVE-2008-3707,0.00788,0.79655
CVE-2008-3708,0.01657,0.86316
CVE-2008-3709,0.00220,0.60154
CVE-2008-3710,0.00364,0.69597
CVE-2008-3711,0.00137,0.49170
CVE-2008-3712,0.00367,0.69701
CVE-2008-3713,0.00137,0.49170
CVE-2008-3714,0.55202,0.97382
CVE-2008-3715,0.00273,0.64718
CVE-2008-3716,0.00173,0.54493
CVE-2008-3717,0.00434,0.72053
CVE-2008-3718,0.00121,0.46316
CVE-2008-3719,0.00087,0.36669
CVE-2008-3720,0.00146,0.50496
CVE-2008-3721,0.00788,0.79655
CVE-2008-3722,0.00064,0.26120
CVE-2008-3723,0.00917,0.81181
CVE-2008-3724,0.00840,0.80305
CVE-2008-3725,0.00087,0.36669
CVE-2008-3726,0.00646,0.77160
CVE-2008-3727,0.01043,0.82439
CVE-2008-3728,0.01005,0.82084
CVE-2008-3729,0.01150,0.83337
CVE-2008-3730,0.00254,0.63423
CVE-2008-3731,0.00392,0.70720
CVE-2008-3732,0.09818,0.94308
CVE-2008-3733,0.12078,0.94889
CVE-2008-3734,0.11339,0.94725
CVE-2008-3735,0.00199,0.57826
CVE-2008-3736,0.00180,0.55267
CVE-2008-3737,0.01563,0.85911
CVE-2008-3738,0.00788,0.79655
CVE-2008-3739,0.00305,0.66721
CVE-2008-3740,0.00305,0.66721
CVE-2008-3741,0.00114,0.44821
CVE-2008-3742,0.01435,0.85252
CVE-2008-3743,0.00281,0.65251
CVE-2008-3744,0.00345,0.68737
CVE-2008-3745,0.00218,0.59831
CVE-2008-3746,0.02025,0.87761
CVE-2008-3747,0.00561,0.75356
CVE-2008-3748,0.00087,0.36669
CVE-2008-3749,0.00342,0.68609
CVE-2008-3750,0.00087,0.36669
CVE-2008-3751,0.00282,0.65313
CVE-2008-3752,0.00064,0.26120
CVE-2008-3753,0.00204,0.58426
CVE-2008-3754,0.00068,0.28434
CVE-2008-3755,0.00134,0.48603
CVE-2008-3756,0.00134,0.48603
CVE-2008-3757,0.00134,0.48603
CVE-2008-3758,0.00805,0.79897
CVE-2008-3759,0.00226,0.60959
CVE-2008-3760,0.01014,0.82155
CVE-2008-3761,0.00043,0.07520
CVE-2008-3762,0.00271,0.64585
CVE-2008-3763,0.01578,0.85989
CVE-2008-3764,0.02005,0.87706
CVE-2008-3765,0.00087,0.36669
CVE-2008-3766,0.01132,0.83200
CVE-2008-3767,0.00087,0.36669
CVE-2008-3768,0.00210,0.59003
CVE-2008-3769,0.01060,0.82603
CVE-2008-3770,0.01214,0.83852
CVE-2008-3771,0.00199,0.57863
CVE-2008-3772,0.00102,0.41432
CVE-2008-3773,0.00531,0.74678
CVE-2008-3774,0.00064,0.26120
CVE-2008-3775,0.00055,0.20748
CVE-2008-3776,0.20798,0.95979
CVE-2008-3777,0.00042,0.05722
CVE-2008-3778,0.00501,0.73898
CVE-2008-3779,0.00367,0.69722
CVE-2008-3780,0.00203,0.58293
CVE-2008-3781,0.00254,0.63423
CVE-2008-3782,0.00103,0.41614
CVE-2008-3783,0.10359,0.94475
CVE-2008-3784,0.00375,0.70015
CVE-2008-3785,0.00087,0.36669
CVE-2008-3786,0.00214,0.59417
CVE-2008-3787,0.00107,0.43102
CVE-2008-3788,0.00289,0.65794
CVE-2008-3789,0.00078,0.32074
CVE-2008-3790,0.02398,0.88840
CVE-2008-3791,0.00042,0.05722
CVE-2008-3792,0.00315,0.67261
CVE-2008-3794,0.15154,0.95355
CVE-2008-3795,0.00502,0.73975
CVE-2008-3796,0.01282,0.84358
CVE-2008-3798,0.00713,0.78485
CVE-2008-3799,0.00713,0.78485
CVE-2008-3800,0.01754,0.86683
CVE-2008-3801,0.01754,0.86683
CVE-2008-3802,0.00713,0.78485
CVE-2008-3803,0.00930,0.81324
CVE-2008-3804,0.00571,0.75562
CVE-2008-3805,0.01366,0.84897
CVE-2008-3806,0.00849,0.80411
CVE-2008-3807,0.00782,0.79551
CVE-2008-3808,0.01251,0.84124
CVE-2008-3809,0.01348,0.84759
CVE-2008-3810,0.01969,0.87557
CVE-2008-3811,0.02054,0.87864
CVE-2008-3812,0.01348,0.84759
CVE-2008-3813,0.00713,0.78485
CVE-2008-3814,0.00579,0.75779
CVE-2008-3815,0.00548,0.75097
CVE-2008-3816,0.02290,0.88590
CVE-2008-3817,0.01978,0.87593
CVE-2008-3818,0.01282,0.84358
CVE-2008-3819,0.00676,0.77814
CVE-2008-3820,0.01239,0.84054
CVE-2008-3821,0.00420,0.71611
CVE-2008-3823,0.00775,0.79454
CVE-2008-3824,0.01119,0.83096
CVE-2008-3825,0.00044,0.08000
CVE-2008-3826,0.00062,0.24773
CVE-2008-3827,0.05999,0.92777
CVE-2008-3828,0.00099,0.40727
CVE-2008-3829,0.01136,0.83242
CVE-2008-3830,0.00062,0.24773
CVE-2008-3831,0.00044,0.08000
CVE-2008-3832,0.00043,0.07477
CVE-2008-3833,0.00044,0.08000
CVE-2008-3834,0.01182,0.83620
CVE-2008-3835,0.02148,0.88199
CVE-2008-3836,0.02654,0.89366
CVE-2008-3837,0.00875,0.80694
CVE-2008-3838,0.00066,0.27158
CVE-2008-3839,0.00044,0.10704
CVE-2008-3840,0.00186,0.55937
CVE-2008-3841,0.00220,0.60154
CVE-2008-3842,0.40373,0.96940
CVE-2008-3843,0.39758,0.96922
CVE-2008-3844,0.01396,0.85052
CVE-2008-3845,0.00259,0.63674
CVE-2008-3846,0.00254,0.63423
CVE-2008-3847,0.00220,0.60154
CVE-2008-3848,0.00100,0.40966
CVE-2008-3849,0.00254,0.63423
CVE-2008-3850,0.00214,0.59417
CVE-2008-3851,0.01488,0.85502
CVE-2008-3852,0.00673,0.77767
CVE-2008-3853,0.04326,0.91524
CVE-2008-3854,0.13909,0.95178
CVE-2008-3855,0.00042,0.05722
CVE-2008-3856,0.00827,0.80152
CVE-2008-3857,0.00042,0.05722
CVE-2008-3858,0.01310,0.84527
CVE-2008-3859,0.02620,0.89298
CVE-2008-3860,0.00260,0.63864
CVE-2008-3861,0.00087,0.36669
CVE-2008-3862,0.54956,0.97375
CVE-2008-3863,0.30349,0.96544
CVE-2008-3864,0.09390,0.94182
CVE-2008-3865,0.54956,0.97375
CVE-2008-3866,0.00042,0.05722
CVE-2008-3867,0.00373,0.69937
CVE-2008-3868,0.00214,0.59454
CVE-2008-3869,0.64423,0.97603
CVE-2008-3870,0.86651,0.98367
CVE-2008-3871,0.00396,0.70831
CVE-2008-3872,0.00646,0.77167
CVE-2008-3873,0.02161,0.88239
CVE-2008-3874,0.00123,0.46545
CVE-2008-3875,0.00044,0.10704
CVE-2008-3876,0.00084,0.34943
CVE-2008-3877,0.05239,0.92290
CVE-2008-3878,0.86015,0.98328
CVE-2008-3879,0.09104,0.94079
CVE-2008-3880,0.00146,0.50496
CVE-2008-3881,0.00220,0.60154
CVE-2008-3882,0.00473,0.73128
CVE-2008-3883,0.00042,0.05722
CVE-2008-3884,0.00254,0.63423
CVE-2008-3885,0.00160,0.52542
CVE-2008-3886,0.00220,0.60207
CVE-2008-3887,0.00149,0.50945
CVE-2008-3888,0.00097,0.40074
CVE-2008-3889,0.00044,0.08000
CVE-2008-3890,0.00042,0.05722
CVE-2008-3891,0.00116,0.45376
CVE-2008-3892,0.79183,0.98018
CVE-2008-3893,0.00081,0.33882
CVE-2008-3894,0.00042,0.05722
CVE-2008-3895,0.00042,0.05722
CVE-2008-3896,0.00042,0.05722
CVE-2008-3897,0.00042,0.05722
CVE-2008-3898,0.00042,0.05722
CVE-2008-3899,0.00042,0.05722
CVE-2008-3900,0.00042,0.05722
CVE-2008-3901,0.00042,0.05722
CVE-2008-3902,0.00042,0.05722
CVE-2008-3903,0.00600,0.76214
CVE-2008-3904,0.00433,0.71974
CVE-2008-3905,0.00915,0.81158
CVE-2008-3906,0.01167,0.83487
CVE-2008-3907,0.01283,0.84369
CVE-2008-3908,0.01952,0.87503
CVE-2008-3909,0.00228,0.61046
CVE-2008-3910,0.00760,0.79221
CVE-2008-3911,0.00042,0.05722
CVE-2008-3912,0.00393,0.70747
CVE-2008-3913,0.00665,0.77603
CVE-2008-3914,0.00607,0.76351
CVE-2008-3915,0.66511,0.97649
CVE-2008-3916,0.00457,0.72712
CVE-2008-3917,0.00273,0.64718
CVE-2008-3918,0.00125,0.47070
CVE-2008-3919,0.04998,0.92103
CVE-2008-3920,0.01417,0.85155
CVE-2008-3921,0.00265,0.64225
CVE-2008-3922,0.96282,0.99432
CVE-2008-3923,0.00254,0.63423
CVE-2008-3924,0.00344,0.68695
CVE-2008-3925,0.00167,0.53423
CVE-2008-3926,0.00386,0.70483
CVE-2008-3927,0.00042,0.05722
CVE-2008-3928,0.00042,0.05722
CVE-2008-3929,0.00042,0.05722
CVE-2008-3930,0.00042,0.05722
CVE-2008-3931,0.00044,0.08000
CVE-2008-3932,0.00437,0.72155
CVE-2008-3933,0.00139,0.49412
CVE-2008-3934,0.00139,0.49412
CVE-2008-3935,0.00254,0.63423
CVE-2008-3936,0.02506,0.89070
CVE-2008-3937,0.00186,0.55980
CVE-2008-3938,0.00128,0.47458
CVE-2008-3939,0.00345,0.68772
CVE-2008-3940,0.00067,0.27782
CVE-2008-3941,0.00186,0.55980
CVE-2008-3942,0.00064,0.26120
CVE-2008-3943,0.00107,0.43102
CVE-2008-3944,0.00064,0.26120
CVE-2008-3945,0.00100,0.40966
CVE-2008-3946,0.00042,0.05722
CVE-2008-3947,0.00042,0.05722
CVE-2008-3948,0.00102,0.41432
CVE-2008-3949,0.00042,0.05722
CVE-2008-3950,0.06391,0.93003
CVE-2008-3951,0.00107,0.43102
CVE-2008-3952,0.00146,0.50496
CVE-2008-3953,0.00107,0.43102
CVE-2008-3954,0.00123,0.46645
CVE-2008-3955,0.00134,0.48603
CVE-2008-3956,0.00496,0.73769
CVE-2008-3957,0.12924,0.95020
CVE-2008-3958,0.01375,0.84948
CVE-2008-3959,0.00690,0.78091
CVE-2008-3960,0.05461,0.92466
CVE-2008-3961,0.00564,0.75442
CVE-2008-3962,0.00625,0.76775
CVE-2008-3963,0.06369,0.92992
CVE-2008-3964,0.00450,0.72533
CVE-2008-3965,0.00962,0.81668
CVE-2008-3966,0.00347,0.68851
CVE-2008-3967,0.00640,0.77050
CVE-2008-3968,0.00250,0.63055
CVE-2008-3969,0.00660,0.77477
CVE-2008-3970,0.00042,0.05722
CVE-2008-3971,0.09008,0.94051
CVE-2008-3972,0.00062,0.24773
CVE-2008-3973,0.00062,0.24501
CVE-2008-3974,0.01095,0.82893
CVE-2008-3975,0.00382,0.70304
CVE-2008-3976,0.00146,0.50455
CVE-2008-3977,0.00382,0.70304
CVE-2008-3978,0.00725,0.78694
CVE-2008-3979,0.96979,0.99685
CVE-2008-3980,0.00148,0.50751
CVE-2008-3981,0.00453,0.72612
CVE-2008-3982,0.95088,0.99160
CVE-2008-3983,0.95611,0.99279
CVE-2008-3984,0.95611,0.99279
CVE-2008-3985,0.00453,0.72612
CVE-2008-3986,0.00062,0.24501
CVE-2008-3987,0.00062,0.24501
CVE-2008-3988,0.00453,0.72612
CVE-2008-3989,0.00314,0.67213
CVE-2008-3990,0.00855,0.80491
CVE-2008-3991,0.00234,0.61517
CVE-2008-3992,0.00224,0.60755
CVE-2008-3993,0.00148,0.50751
CVE-2008-3994,0.00622,0.76696
CVE-2008-3995,0.15534,0.95425
CVE-2008-3996,0.10180,0.94433
CVE-2008-3997,0.00855,0.80491
CVE-2008-3998,0.00148,0.50751
CVE-2008-3999,0.01095,0.82893
CVE-2008-4000,0.00644,0.77128
CVE-2008-4001,0.00148,0.50751
CVE-2008-4002,0.00188,0.56350
CVE-2008-4003,0.00406,0.71155
CVE-2008-4004,0.00062,0.24501
CVE-2008-4005,0.00286,0.65547
CVE-2008-4006,0.02596,0.89245
CVE-2008-4007,0.00194,0.57371
CVE-2008-4008,0.97023,0.99701
CVE-2008-4009,0.00854,0.80480
CVE-2008-4010,0.00854,0.80480
CVE-2008-4011,0.00128,0.47470
CVE-2008-4012,0.00854,0.80480
CVE-2008-4013,0.00393,0.70750
CVE-2008-4014,0.00622,0.76696
CVE-2008-4015,0.00725,0.78694
CVE-2008-4016,0.00158,0.52227
CVE-2008-4017,0.00453,0.72612
CVE-2008-4018,0.00044,0.08000
CVE-2008-4019,0.94827,0.99125
CVE-2008-4020,0.10681,0.94561
CVE-2008-4023,0.89182,0.98518
CVE-2008-4024,0.94108,0.99004
CVE-2008-4025,0.84176,0.98236
CVE-2008-4026,0.74001,0.97871
CVE-2008-4027,0.94685,0.99102
CVE-2008-4028,0.92580,0.98826
CVE-2008-4029,0.93239,0.98900
CVE-2008-4030,0.84778,0.98269
CVE-2008-4031,0.84778,0.98269
CVE-2008-4032,0.81763,0.98123
CVE-2008-4033,0.94648,0.99093
CVE-2008-4036,0.00047,0.14006
CVE-2008-4037,0.11592,0.94787
CVE-2008-4038,0.87734,0.98423
CVE-2008-4039,0.00137,0.49170
CVE-2008-4040,0.00467,0.72969
CVE-2008-4041,0.13592,0.95130
CVE-2008-4043,0.00064,0.26120
CVE-2008-4044,0.00087,0.36669
CVE-2008-4045,0.00220,0.60154
CVE-2008-4046,0.00064,0.26120
CVE-2008-4047,0.01876,0.87199
CVE-2008-4048,0.14110,0.95208
CVE-2008-4049,0.05410,0.92429
CVE-2008-4050,0.07718,0.93564
CVE-2008-4051,0.00156,0.52007
CVE-2008-4052,0.00042,0.05722
CVE-2008-4053,0.00195,0.57440
CVE-2008-4054,0.00137,0.49170
CVE-2008-4055,0.00108,0.43336
CVE-2008-4056,0.00195,0.57440
CVE-2008-4057,0.00308,0.66914
CVE-2008-4058,0.09947,0.94353
CVE-2008-4059,0.21138,0.96006
CVE-2008-4060,0.26955,0.96358
CVE-2008-4061,0.23507,0.96160
CVE-2008-4062,0.02834,0.89701
CVE-2008-4063,0.11082,0.94653
CVE-2008-4064,0.39375,0.96917
CVE-2008-4065,0.96277,0.99430
CVE-2008-4066,0.95605,0.99278
CVE-2008-4067,0.01007,0.82104
CVE-2008-4068,0.00306,0.66787
CVE-2008-4069,0.02464,0.88993
CVE-2008-4070,0.14615,0.95281
CVE-2008-4071,0.10142,0.94425
CVE-2008-4072,0.00196,0.57567
CVE-2008-4073,0.00248,0.62861
CVE-2008-4074,0.00203,0.58293
CVE-2008-4075,0.01518,0.85694
CVE-2008-4076,0.00254,0.63423
CVE-2008-4077,0.02253,0.88495
CVE-2008-4078,0.00325,0.67794
CVE-2008-4079,0.00220,0.60154
CVE-2008-4080,0.57345,0.97426
CVE-2008-4081,0.01858,0.87117
CVE-2008-4082,0.00153,0.51585
CVE-2008-4083,0.00112,0.44435
CVE-2008-4084,0.01416,0.85151
CVE-2008-4085,0.00042,0.05722
CVE-2008-4086,0.00123,0.46645
CVE-2008-4087,0.00526,0.74571
CVE-2008-4088,0.00962,0.81668
CVE-2008-4089,0.00220,0.60154
CVE-2008-4090,0.00087,0.36669
CVE-2008-4091,0.00157,0.52151
CVE-2008-4092,0.00567,0.75491
CVE-2008-4093,0.00093,0.39250
CVE-2008-4094,0.00218,0.59844
CVE-2008-4095,0.00435,0.72080
CVE-2008-4096,0.07815,0.93617
CVE-2008-4097,0.00077,0.31742
CVE-2008-4098,0.00044,0.08000
CVE-2008-4099,0.01194,0.83699
CVE-2008-4100,0.01053,0.82512
CVE-2008-4101,0.00288,0.65700
CVE-2008-4102,0.01110,0.83026
CVE-2008-4103,0.00502,0.73947
CVE-2008-4104,0.00372,0.69924
CVE-2008-4105,0.01529,0.85744
CVE-2008-4106,0.01318,0.84581
CVE-2008-4107,0.01415,0.85140
CVE-2008-4108,0.00042,0.05722
CVE-2008-4109,0.04479,0.91652
CVE-2008-4110,0.94406,0.99053
CVE-2008-4111,0.00747,0.79011
CVE-2008-4113,0.00044,0.08191
CVE-2008-4114,0.07324,0.93444
CVE-2008-4115,0.00330,0.68102
CVE-2008-4116,0.07763,0.93585
CVE-2008-4117,0.01562,0.85902
CVE-2008-4118,0.00254,0.63423
CVE-2008-4119,0.00347,0.68837
CVE-2008-4120,0.00401,0.70996
CVE-2008-4121,0.00414,0.71399
CVE-2008-4122,0.00188,0.56353
CVE-2008-4125,0.00302,0.66550
CVE-2008-4126,0.00882,0.80780
CVE-2008-4127,0.04783,0.91952
CVE-2008-4128,0.01097,0.82918
CVE-2008-4129,0.00183,0.55688
CVE-2008-4130,0.00305,0.66721
CVE-2008-4131,0.00042,0.00438
CVE-2008-4132,0.02034,0.87791
CVE-2008-4133,0.02746,0.89555
CVE-2008-4134,0.11310,0.94719
CVE-2008-4135,0.09710,0.94278
CVE-2008-4136,0.07957,0.93688
CVE-2008-4137,0.08570,0.93910
CVE-2008-4138,0.23427,0.96155
CVE-2008-4139,0.00186,0.55980
CVE-2008-4140,0.00186,0.55980
CVE-2008-4141,0.07492,0.93497
CVE-2008-4142,0.00342,0.68609
CVE-2008-4143,0.00102,0.41272
CVE-2008-4144,0.00107,0.43102
CVE-2008-4145,0.00147,0.50709
CVE-2008-4146,0.02161,0.88242
CVE-2008-4147,0.00254,0.63423
CVE-2008-4148,0.00248,0.62861
CVE-2008-4149,0.00250,0.63055
CVE-2008-4150,0.00107,0.43102
CVE-2008-4151,0.01749,0.86666
CVE-2008-4152,0.00108,0.43390
CVE-2008-4153,0.00434,0.72053
CVE-2008-4154,0.00081,0.33773
CVE-2008-4155,0.01657,0.86316
CVE-2008-4156,0.07591,0.93529
CVE-2008-4157,0.00288,0.65673
CVE-2008-4158,0.01353,0.84788
CVE-2008-4159,0.00107,0.43102
CVE-2008-4160,0.00044,0.10704
CVE-2008-4161,0.01304,0.84498
CVE-2008-4162,0.00296,0.66224
CVE-2008-4163,0.02907,0.89810
CVE-2008-4164,0.00282,0.65331
CVE-2008-4165,0.00132,0.48166
CVE-2008-4166,0.03076,0.90058
CVE-2008-4167,0.05553,0.92525
CVE-2008-4168,0.00254,0.63423
CVE-2008-4169,0.00137,0.49170
CVE-2008-4170,0.00377,0.70123
CVE-2008-4171,0.00146,0.50496
CVE-2008-4172,0.00064,0.26120
CVE-2008-4173,0.00087,0.36669
CVE-2008-4174,0.00173,0.54537
CVE-2008-4175,0.00311,0.67026
CVE-2008-4176,0.00064,0.26120
CVE-2008-4177,0.00064,0.26120
CVE-2008-4178,0.00549,0.75134
CVE-2008-4179,0.00273,0.64718
CVE-2008-4180,0.00330,0.68102
CVE-2008-4181,0.03951,0.91163
CVE-2008-4182,0.00265,0.64225
CVE-2008-4183,0.02894,0.89790
CVE-2008-4184,0.00192,0.57132
CVE-2008-4185,0.00368,0.69760
CVE-2008-4186,0.00125,0.47070
CVE-2008-4187,0.01139,0.83256
CVE-2008-4188,0.02924,0.89828
CVE-2008-4190,0.00042,0.00438
CVE-2008-4191,0.00042,0.05722
CVE-2008-4192,0.00044,0.08000
CVE-2008-4193,0.84564,0.98257
CVE-2008-4194,0.00920,0.81233
CVE-2008-4195,0.00596,0.76125
CVE-2008-4196,0.00317,0.67413
CVE-2008-4197,0.13078,0.95044
CVE-2008-4198,0.00817,0.80016
CVE-2008-4199,0.00567,0.75498
CVE-2008-4200,0.00551,0.75178
CVE-2008-4201,0.03346,0.90458
CVE-2008-4202,0.00137,0.49170
CVE-2008-4203,0.00064,0.26120
CVE-2008-4204,0.00064,0.26120
CVE-2008-4205,0.00271,0.64585
CVE-2008-4206,0.01951,0.87500
CVE-2008-4207,0.00824,0.80112
CVE-2008-4208,0.00308,0.66914
CVE-2008-4210,0.00042,0.00438
CVE-2008-4211,0.03545,0.90706
CVE-2008-4212,0.02114,0.88052
CVE-2008-4214,0.00042,0.05722
CVE-2008-4215,0.00549,0.75138
CVE-2008-4216,0.00348,0.68872
CVE-2008-4217,0.12510,0.94952
CVE-2008-4218,0.00045,0.11994
CVE-2008-4219,0.00046,0.12526
CVE-2008-4220,0.00511,0.74195
CVE-2008-4221,0.00353,0.69103
CVE-2008-4222,0.03843,0.91061
CVE-2008-4223,0.02253,0.88492
CVE-2008-4224,0.00237,0.61824
CVE-2008-4225,0.01255,0.84154
CVE-2008-4226,0.01855,0.87105
CVE-2008-4227,0.00907,0.81079
CVE-2008-4228,0.00062,0.24773
CVE-2008-4229,0.00062,0.24773
CVE-2008-4230,0.00061,0.24028
CVE-2008-4231,0.07190,0.93398
CVE-2008-4232,0.00784,0.79580
CVE-2008-4233,0.01993,0.87646
CVE-2008-4234,0.04593,0.91752
CVE-2008-4236,0.00933,0.81358
CVE-2008-4237,0.00288,0.65687
CVE-2008-4241,0.00137,0.49170
CVE-2008-4242,0.01599,0.86071
CVE-2008-4243,0.00782,0.79546
CVE-2008-4244,0.01858,0.87117
CVE-2008-4245,0.01085,0.82823
CVE-2008-4246,0.00305,0.66725
CVE-2008-4247,0.09379,0.94180
CVE-2008-4250,0.97424,0.99931
CVE-2008-4252,0.88397,0.98461
CVE-2008-4253,0.89789,0.98563
CVE-2008-4254,0.96837,0.99632
CVE-2008-4255,0.96464,0.99492
CVE-2008-4256,0.89789,0.98563
CVE-2008-4258,0.96238,0.99419
CVE-2008-4259,0.96672,0.99571
CVE-2008-4260,0.45793,0.97109
CVE-2008-4261,0.49691,0.97237
CVE-2008-4264,0.96246,0.99421
CVE-2008-4265,0.96433,0.99482
CVE-2008-4266,0.60179,0.97495
CVE-2008-4268,0.22159,0.96070
CVE-2008-4269,0.95134,0.99169
CVE-2008-4278,0.00060,0.23266
CVE-2008-4279,0.00062,0.24773
CVE-2008-4281,0.00835,0.80260
CVE-2008-4283,0.00632,0.76886
CVE-2008-4284,0.00280,0.65173
CVE-2008-4285,0.00243,0.62354
CVE-2008-4292,0.00885,0.80817
CVE-2008-4293,0.08060,0.93728
CVE-2008-4294,0.00052,0.18008
CVE-2008-4295,0.27875,0.96412
CVE-2008-4296,0.00585,0.75884
CVE-2008-4297,0.00506,0.74052
CVE-2008-4298,0.11140,0.94675
CVE-2008-4299,0.04879,0.92021
CVE-2008-4300,0.00260,0.63833
CVE-2008-4301,0.00550,0.75147
CVE-2008-4302,0.00042,0.05765
CVE-2008-4303,0.00531,0.74691
CVE-2008-4304,0.00645,0.77148
CVE-2008-4305,0.00468,0.73014
CVE-2008-4306,0.00262,0.63993
CVE-2008-4307,0.00044,0.08000
CVE-2008-4308,0.00111,0.44250
CVE-2008-4309,0.04853,0.92002
CVE-2008-4310,0.01255,0.84155
CVE-2008-4311,0.00044,0.08000
CVE-2008-4313,0.00361,0.69484
CVE-2008-4314,0.04794,0.91957
CVE-2008-4315,0.01784,0.86788
CVE-2008-4316,0.00084,0.34616
CVE-2008-4318,0.01026,0.82258
CVE-2008-4319,0.00871,0.80649
CVE-2008-4320,0.01060,0.82604
CVE-2008-4321,0.00668,0.77674
CVE-2008-4322,0.33932,0.96693
CVE-2008-4323,0.00293,0.66057
CVE-2008-4324,0.09262,0.94138
CVE-2008-4325,0.01626,0.86207
CVE-2008-4326,0.00423,0.71700
CVE-2008-4327,0.02814,0.89665
CVE-2008-4328,0.00087,0.36669
CVE-2008-4329,0.02733,0.89529
CVE-2008-4330,0.01395,0.85049
CVE-2008-4331,0.01119,0.83091
CVE-2008-4332,0.00102,0.41432
CVE-2008-4333,0.00220,0.60207
CVE-2008-4334,0.01049,0.82485
CVE-2008-4335,0.00137,0.49170
CVE-2008-4336,0.00199,0.57863
CVE-2008-4337,0.00192,0.57132
CVE-2008-4338,0.00157,0.52194
CVE-2008-4339,0.01373,0.84931
CVE-2008-4340,0.05922,0.92739
CVE-2008-4341,0.01858,0.87117
CVE-2008-4342,0.53178,0.97330
CVE-2008-4343,0.10317,0.94458
CVE-2008-4344,0.00064,0.26120
CVE-2008-4345,0.00081,0.33773
CVE-2008-4346,0.00774,0.79437
CVE-2008-4347,0.00100,0.40966
CVE-2008-4348,0.00103,0.41633
CVE-2008-4349,0.00195,0.57440
CVE-2008-4350,0.00123,0.46645
CVE-2008-4351,0.00448,0.72465
CVE-2008-4352,0.00102,0.41272
CVE-2008-4353,0.00107,0.43198
CVE-2008-4354,0.00087,0.36669
CVE-2008-4355,0.00137,0.49170
CVE-2008-4356,0.00064,0.26120
CVE-2008-4357,0.00100,0.40966
CVE-2008-4358,0.00418,0.71554
CVE-2008-4359,0.01012,0.82142
CVE-2008-4360,0.01048,0.82472
CVE-2008-4361,0.01749,0.86666
CVE-2008-4362,0.00043,0.07477
CVE-2008-4363,0.00042,0.00438
CVE-2008-4364,0.00075,0.30795
CVE-2008-4365,0.00132,0.48166
CVE-2008-4366,0.01316,0.84575
CVE-2008-4368,0.00132,0.48071
CVE-2008-4369,0.00102,0.41432
CVE-2008-4370,0.00220,0.60207
CVE-2008-4371,0.00203,0.58293
CVE-2008-4372,0.00367,0.69722
CVE-2008-4373,0.00064,0.26120
CVE-2008-4374,0.00087,0.36669
CVE-2008-4375,0.00064,0.26120
CVE-2008-4376,0.00064,0.26120
CVE-2008-4377,0.00202,0.58180
CVE-2008-4378,0.00087,0.36669
CVE-2008-4379,0.00190,0.56632
CVE-2008-4380,0.06548,0.93086
CVE-2008-4381,0.01781,0.86773
CVE-2008-4382,0.00264,0.64126
CVE-2008-4383,0.14619,0.95281
CVE-2008-4384,0.65723,0.97633
CVE-2008-4385,0.63432,0.97581
CVE-2008-4387,0.06130,0.92860
CVE-2008-4388,0.91413,0.98690
CVE-2008-4389,0.00241,0.62203
CVE-2008-4390,0.00298,0.66302
CVE-2008-4391,0.01891,0.87263
CVE-2008-4392,0.00583,0.75862
CVE-2008-4393,0.00436,0.72126
CVE-2008-4394,0.00068,0.27922
CVE-2008-4395,0.05498,0.92494
CVE-2008-4396,0.04453,0.91628
CVE-2008-4397,0.86744,0.98375
CVE-2008-4398,0.95003,0.99149
CVE-2008-4399,0.95329,0.99215
CVE-2008-4400,0.02364,0.88765
CVE-2008-4401,0.03290,0.90376
CVE-2008-4402,0.12276,0.94918
CVE-2008-4403,0.04038,0.91239
CVE-2008-4404,0.00558,0.75300
CVE-2008-4405,0.00085,0.35355
CVE-2008-4406,0.00042,0.05722
CVE-2008-4407,0.00042,0.05722
CVE-2008-4408,0.00303,0.66591
CVE-2008-4409,0.03537,0.90698
CVE-2008-4410,0.00042,0.05722
CVE-2008-4411,0.00263,0.64036
CVE-2008-4412,0.00437,0.72161
CVE-2008-4413,0.00042,0.05722
CVE-2008-4414,0.00042,0.05722
CVE-2008-4415,0.00795,0.79780
CVE-2008-4416,0.00042,0.05722
CVE-2008-4418,0.03423,0.90568
CVE-2008-4419,0.00382,0.70306
CVE-2008-4420,0.00471,0.73082
CVE-2008-4421,0.01769,0.86728
CVE-2008-4423,0.00275,0.64819
CVE-2008-4424,0.00214,0.59417
CVE-2008-4425,0.00698,0.78225
CVE-2008-4426,0.00254,0.63423
CVE-2008-4427,0.01060,0.82603
CVE-2008-4428,0.04534,0.91696
CVE-2008-4429,0.01827,0.86973
CVE-2008-4431,0.00146,0.50496
CVE-2008-4432,0.00195,0.57440
CVE-2008-4433,0.00125,0.47070
CVE-2008-4434,0.12091,0.94891
CVE-2008-4435,0.00195,0.57440
CVE-2008-4436,0.00064,0.26120
CVE-2008-4437,0.00640,0.77049
CVE-2008-4438,0.00273,0.64718
CVE-2008-4439,0.02513,0.89091
CVE-2008-4440,0.00042,0.05722
CVE-2008-4441,0.01786,0.86796
CVE-2008-4444,0.05577,0.92548
CVE-2008-4445,0.00044,0.08000
CVE-2008-4446,0.00201,0.58103
CVE-2008-4447,0.00195,0.57440
CVE-2008-4448,0.00303,0.66560
CVE-2008-4449,0.86015,0.98328
CVE-2008-4450,0.00192,0.57132
CVE-2008-4451,0.00045,0.12231
CVE-2008-4452,0.15236,0.95368
CVE-2008-4453,0.18005,0.95724
CVE-2008-4454,0.00371,0.69897
CVE-2008-4455,0.00442,0.72298
CVE-2008-4456,0.01433,0.85244
CVE-2008-4457,0.00384,0.70399
CVE-2008-4458,0.00087,0.36669
CVE-2008-4459,0.00064,0.26120
CVE-2008-4460,0.00064,0.26120
CVE-2008-4461,0.00087,0.36669
CVE-2008-4462,0.00100,0.40966
CVE-2008-4463,0.00107,0.43102
CVE-2008-4464,0.00100,0.40966
CVE-2008-4465,0.00100,0.40966
CVE-2008-4466,0.00107,0.43102
CVE-2008-4467,0.00064,0.26120
CVE-2008-4468,0.00100,0.40966
CVE-2008-4469,0.00137,0.49170
CVE-2008-4470,0.00526,0.74571
CVE-2008-4471,0.01773,0.86740
CVE-2008-4472,0.02340,0.88697
CVE-2008-4473,0.25814,0.96298
CVE-2008-4474,0.00056,0.21215
CVE-2008-4475,0.00042,0.05722
CVE-2008-4476,0.00042,0.05722
CVE-2008-4477,0.00042,0.05722
CVE-2008-4478,0.92761,0.98849
CVE-2008-4479,0.89647,0.98555
CVE-2008-4480,0.30160,0.96536
CVE-2008-4481,0.00254,0.63423
CVE-2008-4482,0.00272,0.64629
CVE-2008-4483,0.00807,0.79925
CVE-2008-4484,0.15101,0.95350
CVE-2008-4485,0.00317,0.67408
CVE-2008-4486,0.01939,0.87459
CVE-2008-4487,0.00140,0.49543
CVE-2008-4488,0.00192,0.57132
CVE-2008-4489,0.00756,0.79173
CVE-2008-4490,0.00729,0.78756
CVE-2008-4491,0.00235,0.61663
CVE-2008-4492,0.00064,0.26120
CVE-2008-4493,0.30432,0.96548
CVE-2008-4494,0.00087,0.36669
CVE-2008-4495,0.00379,0.70187
CVE-2008-4496,0.00379,0.70187
CVE-2008-4497,0.00087,0.36669
CVE-2008-4498,0.00087,0.36669
CVE-2008-4499,0.01439,0.85273
CVE-2008-4500,0.01561,0.85897
CVE-2008-4501,0.01587,0.86020
CVE-2008-4502,0.25255,0.96271
CVE-2008-4503,0.02672,0.89399
CVE-2008-4504,0.03077,0.90061
CVE-2008-4505,0.00529,0.74632
CVE-2008-4506,0.00296,0.66244
CVE-2008-4507,0.00275,0.64834
CVE-2008-4508,0.02030,0.87778
CVE-2008-4509,0.08943,0.94035
CVE-2008-4510,0.00052,0.17787
CVE-2008-4511,0.00278,0.65037
CVE-2008-4512,0.00278,0.65037
CVE-2008-4513,0.00347,0.68851
CVE-2008-4514,0.00943,0.81469
CVE-2008-4515,0.00788,0.79655
CVE-2008-4516,0.00064,0.26120
CVE-2008-4517,0.00107,0.43102
CVE-2008-4518,0.00203,0.58293
CVE-2008-4519,0.00678,0.77878
CVE-2008-4520,0.00259,0.63800
CVE-2008-4521,0.00064,0.26120
CVE-2008-4522,0.02502,0.89062
CVE-2008-4523,0.00064,0.26120
CVE-2008-4524,0.00333,0.68251
CVE-2008-4525,0.00107,0.43102
CVE-2008-4526,0.02499,0.89058
CVE-2008-4527,0.00087,0.36669
CVE-2008-4528,0.01119,0.83091
CVE-2008-4529,0.08654,0.93930
CVE-2008-4530,0.00099,0.40616
CVE-2008-4531,0.00146,0.50496
CVE-2008-4532,0.00273,0.64718
CVE-2008-4533,0.00250,0.63055
CVE-2008-4534,0.00680,0.77913
CVE-2008-4535,0.00259,0.63800
CVE-2008-4536,0.00254,0.63423
CVE-2008-4537,0.00259,0.63800
CVE-2008-4539,0.00044,0.08043
CVE-2008-4540,0.00061,0.24003
CVE-2008-4541,0.09291,0.94152
CVE-2008-4542,0.00116,0.45241
CVE-2008-4543,0.01978,0.87593
CVE-2008-4544,0.01089,0.82850
CVE-2008-4545,0.00198,0.57755
CVE-2008-4546,0.00750,0.79061
CVE-2008-4547,0.15796,0.95459
CVE-2008-4548,0.06918,0.93288
CVE-2008-4549,0.02533,0.89127
CVE-2008-4551,0.02351,0.88731
CVE-2008-4552,0.01806,0.86879
CVE-2008-4553,0.00042,0.05722
CVE-2008-4554,0.00044,0.08000
CVE-2008-4555,0.00794,0.79757
CVE-2008-4556,0.83535,0.98211
CVE-2008-4557,0.05811,0.92669
CVE-2008-4558,0.76021,0.97926
CVE-2008-4559,0.04538,0.91700
CVE-2008-4560,0.00207,0.58734
CVE-2008-4562,0.04496,0.91669
CVE-2008-4563,0.82815,0.98184
CVE-2008-4564,0.93691,0.98951
CVE-2008-4569,0.00064,0.26120
CVE-2008-4570,0.00087,0.36669
CVE-2008-4571,0.00315,0.67321
CVE-2008-4572,0.47812,0.97174
CVE-2008-4573,0.00073,0.30137
CVE-2008-4574,0.00137,0.49170
CVE-2008-4575,0.01214,0.83850
CVE-2008-4576,0.08296,0.93798
CVE-2008-4577,0.00332,0.68201
CVE-2008-4578,0.00561,0.75345
CVE-2008-4579,0.00044,0.08000
CVE-2008-4580,0.00042,0.05722
CVE-2008-4581,0.00140,0.49663
CVE-2008-4582,0.00415,0.71466
CVE-2008-4583,0.03815,0.91030
CVE-2008-4584,0.11240,0.94703
CVE-2008-4585,0.00523,0.74485
CVE-2008-4586,0.09558,0.94235
CVE-2008-4587,0.08563,0.93885
CVE-2008-4588,0.11091,0.94655
CVE-2008-4589,0.00042,0.05722
CVE-2008-4590,0.00064,0.26120
CVE-2008-4591,0.00192,0.57132
CVE-2008-4592,0.01611,0.86138
CVE-2008-4593,0.00051,0.17134
CVE-2008-4594,0.00308,0.66914
CVE-2008-4595,0.00308,0.66914
CVE-2008-4596,0.00192,0.57132
CVE-2008-4597,0.00520,0.74408
CVE-2008-4598,0.00310,0.67007
CVE-2008-4599,0.00087,0.36669
CVE-2008-4600,0.04630,0.91781
CVE-2008-4601,0.00195,0.57440
CVE-2008-4602,0.01132,0.83191
CVE-2008-4603,0.00064,0.26120
CVE-2008-4604,0.00248,0.62861
CVE-2008-4605,0.00203,0.58293
CVE-2008-4606,0.00095,0.39635
CVE-2008-4609,0.05052,0.92157
CVE-2008-4610,0.16327,0.95521
CVE-2008-4611,0.00107,0.43102
CVE-2008-4612,0.00305,0.66721
CVE-2008-4613,0.00680,0.77913
CVE-2008-4614,0.01563,0.85911
CVE-2008-4615,0.00331,0.68193
CVE-2008-4616,0.01730,0.86594
CVE-2008-4617,0.00064,0.26120
CVE-2008-4618,0.00216,0.59632
CVE-2008-4619,0.24765,0.96242
CVE-2008-4620,0.00137,0.49170
CVE-2008-4621,0.00123,0.46645
CVE-2008-4622,0.10650,0.94556
CVE-2008-4623,0.00212,0.59269
CVE-2008-4624,0.13528,0.95125
CVE-2008-4625,0.00087,0.36669
CVE-2008-4626,0.02101,0.88023
CVE-2008-4627,0.00137,0.49170
CVE-2008-4628,0.00127,0.47374
CVE-2008-4629,0.00250,0.63055
CVE-2008-4630,0.00308,0.66914
CVE-2008-4631,0.04887,0.92030
CVE-2008-4632,0.01439,0.85273
CVE-2008-4633,0.00104,0.42331
CVE-2008-4634,0.00112,0.44333
CVE-2008-4635,0.00573,0.75617
CVE-2008-4636,0.00042,0.05722
CVE-2008-4637,0.00132,0.48166
CVE-2008-4638,0.00042,0.05722
CVE-2008-4639,0.00042,0.05722
CVE-2008-4640,0.00042,0.05722
CVE-2008-4641,0.00367,0.69757
CVE-2008-4642,0.00087,0.36669
CVE-2008-4643,0.00188,0.56371
CVE-2008-4644,0.00675,0.77776
CVE-2008-4645,0.00881,0.80770
CVE-2008-4646,0.00042,0.05722
CVE-2008-4647,0.00146,0.50496
CVE-2008-4648,0.00214,0.59417
CVE-2008-4649,0.01759,0.86698
CVE-2008-4650,0.00107,0.43102
CVE-2008-4651,0.00095,0.39696
CVE-2008-4652,0.06918,0.93288
CVE-2008-4653,0.00087,0.36669
CVE-2008-4654,0.78096,0.97985
CVE-2008-4655,0.00146,0.50496
CVE-2008-4656,0.00140,0.49543
CVE-2008-4657,0.00146,0.50496
CVE-2008-4658,0.00248,0.62861
CVE-2008-4659,0.00140,0.49543
CVE-2008-4660,0.00146,0.50496
CVE-2008-4661,0.00192,0.57132
CVE-2008-4662,0.02101,0.88023
CVE-2008-4663,0.00265,0.64225
CVE-2008-4664,0.09490,0.94218
CVE-2008-4665,0.00123,0.46645
CVE-2008-4666,0.00073,0.30311
CVE-2008-4667,0.01793,0.86829
CVE-2008-4668,0.01018,0.82196
CVE-2008-4669,0.00173,0.54537
CVE-2008-4670,0.00186,0.55980
CVE-2008-4671,0.00186,0.55980
CVE-2008-4672,0.00173,0.54537
CVE-2008-4673,0.22102,0.96064
CVE-2008-4674,0.00363,0.69527
CVE-2008-4675,0.00064,0.26120
CVE-2008-4676,0.00042,0.05722
CVE-2008-4677,0.00231,0.61315
CVE-2008-4678,0.01897,0.87304
CVE-2008-4679,0.01131,0.83189
CVE-2008-4680,0.00662,0.77550
CVE-2008-4681,0.00311,0.67047
CVE-2008-4682,0.01480,0.85465
CVE-2008-4683,0.00794,0.79754
CVE-2008-4684,0.00311,0.67068
CVE-2008-4685,0.00325,0.67802
CVE-2008-4686,0.03518,0.90673
CVE-2008-4687,0.96768,0.99610
CVE-2008-4688,0.00485,0.73512
CVE-2008-4689,0.00921,0.81244
CVE-2008-4690,0.01540,0.85797
CVE-2008-4691,0.00236,0.61758
CVE-2008-4692,0.00762,0.79255
CVE-2008-4693,0.00280,0.65207
CVE-2008-4694,0.28986,0.96476
CVE-2008-4695,0.11037,0.94645
CVE-2008-4696,0.84642,0.98261
CVE-2008-4697,0.00470,0.73045
CVE-2008-4698,0.00719,0.78603
CVE-2008-4699,0.58543,0.97454
CVE-2008-4700,0.00248,0.62861
CVE-2008-4701,0.00102,0.41432
CVE-2008-4702,0.00756,0.79173
CVE-2008-4703,0.00064,0.26120
CVE-2008-4704,0.02513,0.89091
CVE-2008-4705,0.00087,0.36669
CVE-2008-4706,0.00064,0.26120
CVE-2008-4707,0.03105,0.90102
CVE-2008-4708,0.02039,0.87813
CVE-2008-4709,0.00107,0.43102
CVE-2008-4710,0.00192,0.57132
CVE-2008-4711,0.00073,0.30311
CVE-2008-4712,0.00807,0.79925
CVE-2008-4713,0.00064,0.26120
CVE-2008-4714,0.01663,0.86342
CVE-2008-4715,0.00118,0.45672
CVE-2008-4716,0.00064,0.26120
CVE-2008-4717,0.00137,0.49170
CVE-2008-4718,0.01988,0.87629
CVE-2008-4719,0.05184,0.92253
CVE-2008-4720,0.08059,0.93727
CVE-2008-4721,0.02124,0.88083
CVE-2008-4722,0.00527,0.74585
CVE-2008-4723,0.00129,0.47568
CVE-2008-4724,0.00131,0.47938
CVE-2008-4725,0.00343,0.68648
CVE-2008-4726,0.16046,0.95487
CVE-2008-4727,0.00401,0.70996
CVE-2008-4728,0.40465,0.96942
CVE-2008-4729,0.17675,0.95693
CVE-2008-4730,0.00132,0.48166
CVE-2008-4731,0.00308,0.66914
CVE-2008-4732,0.00212,0.59098
CVE-2008-4733,0.00347,0.68851
CVE-2008-4734,0.00214,0.59454
CVE-2008-4735,0.01322,0.84599
CVE-2008-4736,0.00087,0.36669
CVE-2008-4737,0.00297,0.66267
CVE-2008-4738,0.00107,0.43102
CVE-2008-4739,0.00807,0.79925
CVE-2008-4740,0.01560,0.85893
CVE-2008-4741,0.01864,0.87140
CVE-2008-4742,0.00619,0.76634
CVE-2008-4743,0.00064,0.26120
CVE-2008-4744,0.00064,0.26120
CVE-2008-4745,0.00191,0.56836
CVE-2008-4746,0.00129,0.47721
CVE-2008-4747,0.00062,0.24517
CVE-2008-4748,0.08803,0.93982
CVE-2008-4749,0.00638,0.77024
CVE-2008-4750,0.03407,0.90546
CVE-2008-4751,0.10829,0.94604
CVE-2008-4752,0.04713,0.91866
CVE-2008-4753,0.00107,0.43102
CVE-2008-4754,0.00228,0.61071
CVE-2008-4755,0.00379,0.70187
CVE-2008-4756,0.00192,0.57132
CVE-2008-4757,0.00129,0.47721
CVE-2008-4758,0.00343,0.68686
CVE-2008-4759,0.02249,0.88478
CVE-2008-4760,0.05971,0.92760
CVE-2008-4761,0.00166,0.53257
CVE-2008-4762,0.07606,0.93533
CVE-2008-4763,0.00220,0.60154
CVE-2008-4764,0.02365,0.88766
CVE-2008-4765,0.00064,0.26120
CVE-2008-4766,0.00102,0.41519
CVE-2008-4767,0.00940,0.81436
CVE-2008-4768,0.00064,0.26120
CVE-2008-4769,0.00847,0.80396
CVE-2008-4770,0.07650,0.93545
CVE-2008-4771,0.26562,0.96333
CVE-2008-4772,0.00102,0.41432
CVE-2008-4773,0.00467,0.72969
CVE-2008-4774,0.00220,0.60207
CVE-2008-4775,0.00803,0.79871
CVE-2008-4776,0.00222,0.60609
CVE-2008-4777,0.00064,0.26120
CVE-2008-4778,0.00137,0.49170
CVE-2008-4779,0.47812,0.97174
CVE-2008-4780,0.01518,0.85694
CVE-2008-4781,0.01793,0.86829
CVE-2008-4782,0.00100,0.40966
CVE-2008-4783,0.02039,0.87813
CVE-2008-4784,0.02039,0.87813
CVE-2008-4785,0.00107,0.43102
CVE-2008-4786,0.00107,0.43102
CVE-2008-4787,0.18966,0.95819
CVE-2008-4788,0.00495,0.73748
CVE-2008-4789,0.00170,0.53954
CVE-2008-4790,0.00275,0.64873
CVE-2008-4791,0.00222,0.60623
CVE-2008-4792,0.00222,0.60623
CVE-2008-4793,0.00543,0.74987
CVE-2008-4794,0.10548,0.94522
CVE-2008-4795,0.34426,0.96716
CVE-2008-4796,0.01115,0.83063
CVE-2008-4797,0.00411,0.71319
CVE-2008-4798,0.06740,0.93199
CVE-2008-4799,0.00232,0.61414
CVE-2008-4800,0.08499,0.93870
CVE-2008-4801,0.07942,0.93680
CVE-2008-4802,0.00160,0.52571
CVE-2008-4803,0.00161,0.52792
CVE-2008-4804,0.00102,0.41272
CVE-2008-4805,0.00246,0.62659
CVE-2008-4806,0.00173,0.54565
CVE-2008-4807,0.00042,0.05722
CVE-2008-4808,0.00155,0.51812
CVE-2008-4809,0.00240,0.62140
CVE-2008-4810,0.01236,0.84026
CVE-2008-4811,0.01180,0.83609
CVE-2008-4812,0.36584,0.96800
CVE-2008-4813,0.77681,0.97977
CVE-2008-4814,0.32989,0.96651
CVE-2008-4815,0.00601,0.76225
CVE-2008-4816,0.00692,0.78118
CVE-2008-4817,0.37654,0.96846
CVE-2008-4818,0.00715,0.78513
CVE-2008-4819,0.04958,0.92074
CVE-2008-4820,0.00513,0.74236
CVE-2008-4821,0.00513,0.74236
CVE-2008-4822,0.02861,0.89744
CVE-2008-4823,0.00601,0.76226
CVE-2008-4824,0.62582,0.97567
CVE-2008-4825,0.00516,0.74306
CVE-2008-4827,0.81603,0.98112
CVE-2008-4828,0.96336,0.99454
CVE-2008-4829,0.14137,0.95215
CVE-2008-4830,0.31483,0.96597
CVE-2008-4831,0.00044,0.08124
CVE-2008-4832,0.00042,0.05722
CVE-2008-4834,0.90457,0.98601
CVE-2008-4835,0.89769,0.98561
CVE-2008-4837,0.93204,0.98890
CVE-2008-4841,0.89738,0.98559
CVE-2008-4844,0.97211,0.99798
CVE-2008-4863,0.00094,0.39460
CVE-2008-4864,0.00630,0.76869
CVE-2008-4865,0.00042,0.05722
CVE-2008-4866,0.00679,0.77903
CVE-2008-4867,0.00671,0.77718
CVE-2008-4868,0.00256,0.63532
CVE-2008-4869,0.00277,0.64960
CVE-2008-4870,0.00042,0.05722
CVE-2008-4871,0.00192,0.57132
CVE-2008-4872,0.00132,0.48166
CVE-2008-4873,0.03801,0.91020
CVE-2008-4874,0.00687,0.78044
CVE-2008-4875,0.00323,0.67722
CVE-2008-4876,0.00250,0.63055
CVE-2008-4877,0.00218,0.59801
CVE-2008-4878,0.00666,0.77619
CVE-2008-4879,0.00137,0.49170
CVE-2008-4880,0.00123,0.46645
CVE-2008-4881,0.00064,0.26120
CVE-2008-4882,0.00087,0.36669
CVE-2008-4883,0.00087,0.36669
CVE-2008-4884,0.00064,0.26120
CVE-2008-4885,0.00137,0.49170
CVE-2008-4886,0.00916,0.81177
CVE-2008-4887,0.00261,0.63932
CVE-2008-4888,0.00347,0.68851
CVE-2008-4889,0.00342,0.68609
CVE-2008-4890,0.00087,0.36669
CVE-2008-4891,0.00254,0.63423
CVE-2008-4892,0.00254,0.63423
CVE-2008-4893,0.00192,0.57132
CVE-2008-4894,0.00638,0.77024
CVE-2008-4895,0.00137,0.49170
CVE-2008-4896,0.00192,0.57132
CVE-2008-4897,0.00261,0.63932
CVE-2008-4898,0.00220,0.60154
CVE-2008-4899,0.00159,0.52409
CVE-2008-4900,0.00107,0.43102
CVE-2008-4901,0.00064,0.26120
CVE-2008-4902,0.00100,0.40966
CVE-2008-4903,0.00254,0.63423
CVE-2008-4904,0.00153,0.51585
CVE-2008-4905,0.00132,0.48071
CVE-2008-4906,0.00123,0.46645
CVE-2008-4907,0.17063,0.95606
CVE-2008-4908,0.00042,0.05722
CVE-2008-4909,0.00228,0.61070
CVE-2008-4910,0.03180,0.90211
CVE-2008-4911,0.02624,0.89309
CVE-2008-4912,0.00064,0.26120
CVE-2008-4913,0.01692,0.86444
CVE-2008-4914,0.00062,0.24773
CVE-2008-4915,0.00062,0.24773
CVE-2008-4916,0.00062,0.24773
CVE-2008-4917,0.00065,0.27035
CVE-2008-4918,0.00690,0.78084
CVE-2008-4919,0.15317,0.95376
CVE-2008-4921,0.00769,0.79368
CVE-2008-4922,0.73195,0.97843
CVE-2008-4923,0.00789,0.79679
CVE-2008-4924,0.00789,0.79679
CVE-2008-4925,0.00789,0.79679
CVE-2008-4926,0.00691,0.78099
CVE-2008-4927,0.95074,0.99158
CVE-2008-4928,0.00308,0.66939
CVE-2008-4929,0.00463,0.72861
CVE-2008-4930,0.00206,0.58652
CVE-2008-4931,0.00214,0.59417
CVE-2008-4932,0.04581,0.91738
CVE-2008-4933,0.00256,0.63521
CVE-2008-4934,0.00226,0.60904
CVE-2008-4935,0.00042,0.05722
CVE-2008-4936,0.00042,0.05722
CVE-2008-4937,0.00044,0.08000
CVE-2008-4938,0.00042,0.05722
CVE-2008-4939,0.00042,0.05722
CVE-2008-4940,0.00042,0.05722
CVE-2008-4941,0.00042,0.05722
CVE-2008-4942,0.00042,0.05722
CVE-2008-4943,0.00042,0.05722
CVE-2008-4944,0.00042,0.05722
CVE-2008-4945,0.00042,0.05722
CVE-2008-4946,0.00042,0.05722
CVE-2008-4947,0.00042,0.05722
CVE-2008-4948,0.00042,0.05722
CVE-2008-4949,0.00042,0.05722
CVE-2008-4950,0.00042,0.05722
CVE-2008-4951,0.00042,0.05722
CVE-2008-4952,0.00042,0.05722
CVE-2008-4953,0.00042,0.05722
CVE-2008-4954,0.00042,0.05722
CVE-2008-4955,0.00042,0.05722
CVE-2008-4956,0.00042,0.05722
CVE-2008-4957,0.00042,0.05722
CVE-2008-4958,0.00042,0.05722
CVE-2008-4959,0.00042,0.05722
CVE-2008-4960,0.00042,0.05722
CVE-2008-4963,0.01978,0.87593
CVE-2008-4964,0.00042,0.05722
CVE-2008-4965,0.00042,0.05722
CVE-2008-4966,0.00042,0.05722
CVE-2008-4967,0.00042,0.05722
CVE-2008-4968,0.00042,0.05722
CVE-2008-4969,0.00042,0.05722
CVE-2008-4970,0.00042,0.05722
CVE-2008-4971,0.00042,0.05722
CVE-2008-4972,0.00042,0.05722
CVE-2008-4973,0.00042,0.05722
CVE-2008-4974,0.00042,0.05722
CVE-2008-4975,0.00042,0.05722
CVE-2008-4976,0.00042,0.05722
CVE-2008-4977,0.00042,0.05722
CVE-2008-4978,0.00042,0.05722
CVE-2008-4979,0.00042,0.05722
CVE-2008-4980,0.00042,0.05722
CVE-2008-4981,0.00042,0.05722
CVE-2008-4982,0.00042,0.05722
CVE-2008-4983,0.00042,0.05722
CVE-2008-4984,0.00042,0.05722
CVE-2008-4985,0.00042,0.05722
CVE-2008-4986,0.00042,0.05722
CVE-2008-4987,0.00042,0.05722
CVE-2008-4988,0.00042,0.05722
CVE-2008-4989,0.00360,0.69445
CVE-2008-4990,0.00042,0.05722
CVE-2008-4991,0.00146,0.50496
CVE-2008-4992,0.00064,0.26350
CVE-2008-4993,0.00042,0.05722
CVE-2008-4994,0.00042,0.05722
CVE-2008-4995,0.00042,0.05722
CVE-2008-4996,0.00042,0.05722
CVE-2008-4997,0.00042,0.05722
CVE-2008-4998,0.00042,0.05722
CVE-2008-4999,0.12728,0.94987
CVE-2008-5000,0.00117,0.45472
CVE-2008-5001,0.04630,0.91778
CVE-2008-5002,0.69709,0.97736
CVE-2008-5003,0.00107,0.43102
CVE-2008-5004,0.00064,0.26120
CVE-2008-5005,0.06321,0.92961
CVE-2008-5006,0.00413,0.71385
CVE-2008-5007,0.00042,0.05722
CVE-2008-5008,0.00243,0.62369
CVE-2008-5009,0.00044,0.10704
CVE-2008-5010,0.04599,0.91755
CVE-2008-5011,0.00260,0.63864
CVE-2008-5012,0.00637,0.76973
CVE-2008-5013,0.46741,0.97143
CVE-2008-5014,0.11993,0.94869
CVE-2008-5015,0.02037,0.87803
CVE-2008-5016,0.75677,0.97916
CVE-2008-5017,0.01546,0.85824
CVE-2008-5018,0.02585,0.89225
CVE-2008-5019,0.00183,0.55688
CVE-2008-5021,0.84162,0.98235
CVE-2008-5022,0.00660,0.77497
CVE-2008-5023,0.00843,0.80343
CVE-2008-5024,0.01483,0.85480
CVE-2008-5025,0.00226,0.60915
CVE-2008-5026,0.00413,0.71368
CVE-2008-5027,0.03164,0.90183
CVE-2008-5028,0.02722,0.89504
CVE-2008-5029,0.00044,0.08000
CVE-2008-5030,0.02000,0.87677
CVE-2008-5031,0.01165,0.83470
CVE-2008-5032,0.00782,0.79543
CVE-2008-5033,0.00240,0.62141
CVE-2008-5034,0.00042,0.05722
CVE-2008-5035,0.04994,0.92098
CVE-2008-5036,0.97229,0.99810
CVE-2008-5037,0.00064,0.26120
CVE-2008-5038,0.22968,0.96126
CVE-2008-5039,0.00186,0.55980
CVE-2008-5040,0.01858,0.87117
CVE-2008-5041,0.00523,0.74485
CVE-2008-5042,0.08284,0.93795
CVE-2008-5043,0.00086,0.35602
CVE-2008-5044,0.00043,0.07631
CVE-2008-5045,0.00631,0.76877
CVE-2008-5046,0.00137,0.49170
CVE-2008-5047,0.00137,0.49170
CVE-2008-5048,0.00042,0.00438
CVE-2008-5049,0.00042,0.05763
CVE-2008-5050,0.05358,0.92389
CVE-2008-5051,0.00203,0.58293
CVE-2008-5052,0.02253,0.88493
CVE-2008-5053,0.22859,0.96118
CVE-2008-5054,0.00064,0.26120
CVE-2008-5055,0.00373,0.69937
CVE-2008-5056,0.00254,0.63423
CVE-2008-5057,0.00073,0.30137
CVE-2008-5058,0.00385,0.70423
CVE-2008-5059,0.00220,0.60154
CVE-2008-5060,0.00788,0.79655
CVE-2008-5061,0.00369,0.69799
CVE-2008-5062,0.00433,0.71975
CVE-2008-5063,0.22859,0.96118
CVE-2008-5064,0.00064,0.26120
CVE-2008-5065,0.01663,0.86342
CVE-2008-5066,0.02513,0.89091
CVE-2008-5067,0.00186,0.55980
CVE-2008-5068,0.00214,0.59417
CVE-2008-5069,0.00064,0.26120
CVE-2008-5070,0.00064,0.26120
CVE-2008-5071,0.00667,0.77653
CVE-2008-5072,0.06516,0.93073
CVE-2008-5073,0.02168,0.88256
CVE-2008-5074,0.00064,0.26120
CVE-2008-5075,0.00071,0.29226
CVE-2008-5076,0.00042,0.05722
CVE-2008-5077,0.00748,0.79011
CVE-2008-5078,0.11088,0.94655
CVE-2008-5079,0.00042,0.00438
CVE-2008-5080,0.00349,0.68949
CVE-2008-5081,0.96066,0.99378
CVE-2008-5082,0.00468,0.73014
CVE-2008-5083,0.00065,0.26756
CVE-2008-5086,0.00044,0.08000
CVE-2008-5087,0.00125,0.47070
CVE-2008-5088,0.00064,0.26120
CVE-2008-5089,0.01063,0.82641
CVE-2008-5090,0.12242,0.94913
CVE-2008-5091,0.01374,0.84935
CVE-2008-5092,0.00379,0.70204
CVE-2008-5093,0.00207,0.58726
CVE-2008-5094,0.00379,0.70204
CVE-2008-5095,0.00168,0.53812
CVE-2008-5096,0.00313,0.67163
CVE-2008-5097,0.00123,0.46645
CVE-2008-5098,0.00274,0.64799
CVE-2008-5099,0.00044,0.10704
CVE-2008-5100,0.00163,0.52930
CVE-2008-5101,0.00354,0.69175
CVE-2008-5102,0.03687,0.90889
CVE-2008-5103,0.00115,0.45170
CVE-2008-5104,0.00115,0.45170
CVE-2008-5105,0.05132,0.92218
CVE-2008-5106,0.03383,0.90512
CVE-2008-5107,0.00042,0.05722
CVE-2008-5108,0.01370,0.84912
CVE-2008-5109,0.00344,0.68712
CVE-2008-5110,0.00211,0.59076
CVE-2008-5111,0.00044,0.10704
CVE-2008-5112,0.09109,0.94081
CVE-2008-5113,0.00174,0.54573
CVE-2008-5114,0.00274,0.64799
CVE-2008-5115,0.01437,0.85258
CVE-2008-5116,0.01398,0.85059
CVE-2008-5117,0.00643,0.77111
CVE-2008-5118,0.00424,0.71744
CVE-2008-5119,0.00192,0.57132
CVE-2008-5120,0.70797,0.97778
CVE-2008-5121,0.00042,0.00438
CVE-2008-5122,0.00102,0.41432
CVE-2008-5123,0.00296,0.66217
CVE-2008-5124,0.00955,0.81601
CVE-2008-5125,0.01194,0.83708
CVE-2008-5126,0.00195,0.57440
CVE-2008-5127,0.00318,0.67500
CVE-2008-5128,0.00261,0.63874
CVE-2008-5129,0.00261,0.63874
CVE-2008-5130,0.00261,0.63874
CVE-2008-5131,0.00127,0.47299
CVE-2008-5132,0.00342,0.68609
CVE-2008-5133,0.00266,0.64309
CVE-2008-5134,0.08856,0.94003
CVE-2008-5135,0.00042,0.05722
CVE-2008-5136,0.00042,0.05722
CVE-2008-5137,0.00042,0.05722
CVE-2008-5138,0.00042,0.05722
CVE-2008-5139,0.00042,0.05722
CVE-2008-5140,0.00042,0.05722
CVE-2008-5141,0.00042,0.05722
CVE-2008-5142,0.00042,0.05722
CVE-2008-5143,0.00042,0.05722
CVE-2008-5144,0.00042,0.05722
CVE-2008-5145,0.00042,0.05722
CVE-2008-5146,0.00042,0.05722
CVE-2008-5147,0.00042,0.05722
CVE-2008-5148,0.00042,0.05722
CVE-2008-5149,0.00042,0.05722
CVE-2008-5150,0.00042,0.05722
CVE-2008-5151,0.00042,0.05722
CVE-2008-5152,0.00042,0.05722
CVE-2008-5153,0.00042,0.05722
CVE-2008-5154,0.00042,0.05722
CVE-2008-5155,0.00095,0.39581
CVE-2008-5156,0.00042,0.05722
CVE-2008-5157,0.00042,0.05722
CVE-2008-5158,0.01705,0.86493
CVE-2008-5159,0.56945,0.97418
CVE-2008-5160,0.04738,0.91888
CVE-2008-5161,0.01049,0.82486
CVE-2008-5162,0.00052,0.18008
CVE-2008-5163,0.00064,0.26120
CVE-2008-5164,0.00186,0.55980
CVE-2008-5165,0.00366,0.69685
CVE-2008-5166,0.00081,0.33773
CVE-2008-5167,0.20080,0.95924
CVE-2008-5168,0.00081,0.33773
CVE-2008-5169,0.00127,0.47374
CVE-2008-5170,0.00064,0.26120
CVE-2008-5171,0.00808,0.79937
CVE-2008-5172,0.00192,0.57132
CVE-2008-5173,0.00302,0.66516
CVE-2008-5174,0.00127,0.47374
CVE-2008-5175,0.00149,0.50952
CVE-2008-5176,0.05802,0.92664
CVE-2008-5177,0.20296,0.95943
CVE-2008-5178,0.47346,0.97157
CVE-2008-5179,0.06477,0.93053
CVE-2008-5180,0.63844,0.97591
CVE-2008-5181,0.02266,0.88533
CVE-2008-5182,0.00044,0.08000
CVE-2008-5183,0.03337,0.90443
CVE-2008-5184,0.01257,0.84168
CVE-2008-5185,0.16652,0.95556
CVE-2008-5186,0.01406,0.85106
CVE-2008-5187,0.01886,0.87243
CVE-2008-5188,0.00044,0.08000
CVE-2008-5189,0.00212,0.59248
CVE-2008-5190,0.00385,0.70423
CVE-2008-5191,0.01421,0.85167
CVE-2008-5192,0.00248,0.62861
CVE-2008-5193,0.00254,0.63423
CVE-2008-5194,0.00123,0.46645
CVE-2008-5195,0.00087,0.36669
CVE-2008-5196,0.00064,0.26120
CVE-2008-5197,0.00118,0.45672
CVE-2008-5198,0.00064,0.26120
CVE-2008-5199,0.17914,0.95715
CVE-2008-5200,0.00115,0.45161
CVE-2008-5201,0.00788,0.79655
CVE-2008-5202,0.00220,0.60207
CVE-2008-5203,0.00199,0.57863
CVE-2008-5204,0.00377,0.70088
CVE-2008-5205,0.00192,0.57132
CVE-2008-5206,0.00441,0.72268
CVE-2008-5207,0.00351,0.69018
CVE-2008-5208,0.00087,0.36669
CVE-2008-5209,0.02806,0.89653
CVE-2008-5210,0.02038,0.87808
CVE-2008-5211,0.00436,0.72126
CVE-2008-5212,0.00064,0.26120
CVE-2008-5213,0.00087,0.36669
CVE-2008-5214,0.00220,0.60154
CVE-2008-5215,0.00102,0.41432
CVE-2008-5216,0.00064,0.26120
CVE-2008-5217,0.00729,0.78756
CVE-2008-5218,0.01646,0.86282
CVE-2008-5219,0.02039,0.87813
CVE-2008-5220,0.03395,0.90529
CVE-2008-5221,0.04999,0.92110
CVE-2008-5222,0.00073,0.30137
CVE-2008-5223,0.00137,0.49170
CVE-2008-5224,0.00254,0.63423
CVE-2008-5225,0.01140,0.83263
CVE-2008-5226,0.00107,0.43102
CVE-2008-5227,0.04479,0.91651
CVE-2008-5228,0.00255,0.63484
CVE-2008-5229,0.00054,0.19329
CVE-2008-5230,0.00867,0.80612
CVE-2008-5231,0.12089,0.94891
CVE-2008-5232,0.15820,0.95462
CVE-2008-5233,0.02801,0.89641
CVE-2008-5234,0.09569,0.94240
CVE-2008-5235,0.05967,0.92758
CVE-2008-5236,0.10614,0.94547
CVE-2008-5237,0.04409,0.91595
CVE-2008-5238,0.02552,0.89155
CVE-2008-5239,0.02946,0.89860
CVE-2008-5240,0.04264,0.91468
CVE-2008-5241,0.01812,0.86907
CVE-2008-5242,0.02750,0.89560
CVE-2008-5243,0.24341,0.96214
CVE-2008-5244,0.00269,0.64448
CVE-2008-5245,0.00233,0.61454
CVE-2008-5246,0.10725,0.94581
CVE-2008-5247,0.02216,0.88388
CVE-2008-5248,0.00694,0.78166
CVE-2008-5249,0.00275,0.64854
CVE-2008-5250,0.00118,0.45758
CVE-2008-5252,0.00223,0.60647
CVE-2008-5256,0.00042,0.05722
CVE-2008-5257,0.01724,0.86569
CVE-2008-5259,0.08082,0.93735
CVE-2008-5260,0.68571,0.97705
CVE-2008-5262,0.01215,0.83858
CVE-2008-5263,0.00516,0.74306
CVE-2008-5264,0.00273,0.64718
CVE-2008-5265,0.01518,0.85694
CVE-2008-5266,0.00355,0.69196
CVE-2008-5267,0.00071,0.29226
CVE-2008-5268,0.00073,0.30137
CVE-2008-5269,0.00100,0.40966
CVE-2008-5270,0.00100,0.40966
CVE-2008-5271,0.00220,0.60154
CVE-2008-5272,0.00395,0.70793
CVE-2008-5273,0.00169,0.53835
CVE-2008-5274,0.00376,0.70030
CVE-2008-5275,0.03501,0.90653
CVE-2008-5276,0.30091,0.96531
CVE-2008-5277,0.00521,0.74444
CVE-2008-5278,0.51222,0.97273
CVE-2008-5279,0.04046,0.91258
CVE-2008-5280,0.06459,0.93041
CVE-2008-5281,0.26731,0.96343
CVE-2008-5282,0.74651,0.97890
CVE-2008-5283,0.00908,0.81080
CVE-2008-5284,0.08750,0.93971
CVE-2008-5285,0.00338,0.68442
CVE-2008-5286,0.86435,0.98354
CVE-2008-5287,0.00123,0.46645
CVE-2008-5288,0.22739,0.96108
CVE-2008-5289,0.00385,0.70423
CVE-2008-5290,0.00220,0.60154
CVE-2008-5291,0.02965,0.89889
CVE-2008-5292,0.00123,0.46645
CVE-2008-5293,0.00127,0.47374
CVE-2008-5294,0.00127,0.47374
CVE-2008-5295,0.00087,0.36669
CVE-2008-5296,0.01060,0.82603
CVE-2008-5297,0.02110,0.88043
CVE-2008-5298,0.00042,0.05722
CVE-2008-5299,0.00042,0.05722
CVE-2008-5300,0.00044,0.08000
CVE-2008-5301,0.00567,0.75501
CVE-2008-5302,0.00044,0.08000
CVE-2008-5303,0.00044,0.08000
CVE-2008-5304,0.00615,0.76542
CVE-2008-5305,0.05458,0.92463
CVE-2008-5306,0.00123,0.46645
CVE-2008-5307,0.00123,0.46645
CVE-2008-5308,0.14015,0.95198
CVE-2008-5309,0.00107,0.43102
CVE-2008-5310,0.00123,0.46645
CVE-2008-5311,0.00137,0.49170
CVE-2008-5312,0.00042,0.05722
CVE-2008-5313,0.00042,0.05722
CVE-2008-5314,0.16206,0.95510
CVE-2008-5315,0.00447,0.72426
CVE-2008-5316,0.01091,0.82870
CVE-2008-5317,0.01183,0.83626
CVE-2008-5318,0.00283,0.65371
CVE-2008-5319,0.00283,0.65371
CVE-2008-5320,0.00079,0.32779
CVE-2008-5321,0.00064,0.26120
CVE-2008-5322,0.00370,0.69857
CVE-2008-5323,0.00352,0.69079
CVE-2008-5324,0.00113,0.44687
CVE-2008-5325,0.00136,0.48983
CVE-2008-5326,0.00042,0.05722
CVE-2008-5327,0.00220,0.60008
CVE-2008-5328,0.00211,0.59069
CVE-2008-5329,0.00251,0.63140
CVE-2008-5330,0.00328,0.68005
CVE-2008-5331,0.00243,0.62365
CVE-2008-5332,0.05702,0.92618
CVE-2008-5333,0.00146,0.50496
CVE-2008-5334,0.00540,0.74912
CVE-2008-5335,0.00380,0.70228
CVE-2008-5336,0.00345,0.68742
CVE-2008-5337,0.00188,0.56371
CVE-2008-5338,0.00415,0.71458
CVE-2008-5339,0.03001,0.89937
CVE-2008-5340,0.01829,0.86981
CVE-2008-5341,0.00944,0.81473
CVE-2008-5342,0.00944,0.81473
CVE-2008-5343,0.03138,0.90145
CVE-2008-5344,0.01957,0.87517
CVE-2008-5345,0.00861,0.80547
CVE-2008-5346,0.00259,0.63742
CVE-2008-5347,0.01829,0.86981
CVE-2008-5348,0.06100,0.92837
CVE-2008-5349,0.07733,0.93572
CVE-2008-5350,0.01083,0.82816
CVE-2008-5351,0.01720,0.86555
CVE-2008-5352,0.95115,0.99165
CVE-2008-5353,0.97129,0.99754
CVE-2008-5354,0.42193,0.96997
CVE-2008-5355,0.11078,0.94652
CVE-2008-5356,0.43165,0.97026
CVE-2008-5357,0.18311,0.95745
CVE-2008-5358,0.22384,0.96087
CVE-2008-5359,0.20937,0.95993
CVE-2008-5360,0.00823,0.80104
CVE-2008-5361,0.00522,0.74466
CVE-2008-5362,0.00543,0.74998
CVE-2008-5363,0.01794,0.86833
CVE-2008-5364,0.02720,0.89501
CVE-2008-5365,0.00177,0.54963
CVE-2008-5366,0.00042,0.05722
CVE-2008-5367,0.00042,0.05722
CVE-2008-5368,0.00042,0.05722
CVE-2008-5369,0.00042,0.05722
CVE-2008-5370,0.00042,0.05722
CVE-2008-5371,0.00042,0.05722
CVE-2008-5372,0.00042,0.05722
CVE-2008-5373,0.00042,0.05722
CVE-2008-5374,0.00042,0.05722
CVE-2008-5375,0.00042,0.05722
CVE-2008-5376,0.00042,0.05722
CVE-2008-5377,0.00042,0.00438
CVE-2008-5378,0.00042,0.05722
CVE-2008-5379,0.00042,0.05722
CVE-2008-5380,0.00042,0.05722
CVE-2008-5381,0.19114,0.95835
CVE-2008-5382,0.00214,0.59454
CVE-2008-5383,0.00473,0.73126
CVE-2008-5384,0.00042,0.05722
CVE-2008-5385,0.00042,0.05722
CVE-2008-5386,0.00042,0.05722
CVE-2008-5387,0.00042,0.05722
CVE-2008-5393,0.00769,0.79368
CVE-2008-5394,0.00043,0.07520
CVE-2008-5395,0.00042,0.05722
CVE-2008-5396,0.00057,0.21368
CVE-2008-5397,0.00042,0.05722
CVE-2008-5398,0.00649,0.77242
CVE-2008-5399,0.00275,0.64854
CVE-2008-5400,0.00328,0.67993
CVE-2008-5401,0.71464,0.97800
CVE-2008-5402,0.25086,0.96258
CVE-2008-5403,0.70748,0.97771
CVE-2008-5404,0.05822,0.92674
CVE-2008-5405,0.85434,0.98297
CVE-2008-5406,0.02062,0.87884
CVE-2008-5407,0.00792,0.79737
CVE-2008-5408,0.01649,0.86293
CVE-2008-5409,0.20884,0.95986
CVE-2008-5410,0.00745,0.78979
CVE-2008-5411,0.00296,0.66205
CVE-2008-5412,0.00345,0.68753
CVE-2008-5413,0.00181,0.55386
CVE-2008-5414,0.00320,0.67582
CVE-2008-5415,0.23997,0.96195
CVE-2008-5416,0.97039,0.99710
CVE-2008-5417,0.00042,0.05722
CVE-2008-5418,0.00729,0.78756
CVE-2008-5419,0.39047,0.96909
CVE-2008-5420,0.03646,0.90823
CVE-2008-5421,0.00716,0.78527
CVE-2008-5422,0.01486,0.85491
CVE-2008-5423,0.00044,0.10704
CVE-2008-5424,0.02596,0.89246
CVE-2008-5425,0.00692,0.78110
CVE-2008-5426,0.00641,0.77066
CVE-2008-5427,0.00498,0.73814
CVE-2008-5428,0.00692,0.78110
CVE-2008-5429,0.00692,0.78110
CVE-2008-5430,0.00694,0.78166
CVE-2008-5431,0.07249,0.93418
CVE-2008-5432,0.00305,0.66721
CVE-2008-5433,0.00254,0.63423
CVE-2008-5434,0.00316,0.67388
CVE-2008-5435,0.00220,0.60154
CVE-2008-5436,0.00553,0.75206
CVE-2008-5437,0.00725,0.78694
CVE-2008-5438,0.00329,0.68027
CVE-2008-5439,0.00512,0.74208
CVE-2008-5440,0.93438,0.98920
CVE-2008-5441,0.67722,0.97678
CVE-2008-5442,0.67722,0.97678
CVE-2008-5443,0.67722,0.97678
CVE-2008-5444,0.93012,0.98870
CVE-2008-5445,0.00919,0.81219
CVE-2008-5446,0.00254,0.63297
CVE-2008-5447,0.00622,0.76696
CVE-2008-5448,0.97483,0.99966
CVE-2008-5449,0.67722,0.97678
CVE-2008-5450,0.00062,0.24501
CVE-2008-5451,0.00158,0.52227
CVE-2008-5452,0.00622,0.76696
CVE-2008-5454,0.00148,0.50751
CVE-2008-5455,0.00148,0.50751
CVE-2008-5456,0.00148,0.50751
CVE-2008-5457,0.96726,0.99591
CVE-2008-5458,0.00622,0.76696
CVE-2008-5459,0.00382,0.70283
CVE-2008-5460,0.00272,0.64646
CVE-2008-5461,0.01015,0.82172
CVE-2008-5462,0.00422,0.71668
CVE-2008-5463,0.00148,0.50751
CVE-2008-5486,0.00248,0.62861
CVE-2008-5487,0.00254,0.63423
CVE-2008-5488,0.00146,0.50496
CVE-2008-5489,0.00123,0.46645
CVE-2008-5490,0.00123,0.46645
CVE-2008-5491,0.00064,0.26120
CVE-2008-5492,0.88150,0.98445
CVE-2008-5493,0.00366,0.69696
CVE-2008-5494,0.00087,0.36669
CVE-2008-5495,0.01502,0.85608
CVE-2008-5496,0.00342,0.68609
CVE-2008-5497,0.01858,0.87117
CVE-2008-5498,0.01500,0.85571
CVE-2008-5499,0.96917,0.99661
CVE-2008-5500,0.01790,0.86814
CVE-2008-5501,0.04882,0.92024
CVE-2008-5502,0.04311,0.91509
CVE-2008-5503,0.04395,0.91582
CVE-2008-5504,0.01705,0.86487
CVE-2008-5505,0.00516,0.74309
CVE-2008-5506,0.00779,0.79510
CVE-2008-5507,0.00340,0.68520
CVE-2008-5508,0.00284,0.65434
CVE-2008-5510,0.00519,0.74376
CVE-2008-5511,0.00656,0.77367
CVE-2008-5512,0.00333,0.68284
CVE-2008-5513,0.00183,0.55661
CVE-2008-5514,0.00249,0.62874
CVE-2008-5515,0.00275,0.64818
CVE-2008-5516,0.01156,0.83395
CVE-2008-5517,0.34722,0.96732
CVE-2008-5518,0.00548,0.75120
CVE-2008-5519,0.00172,0.54298
CVE-2008-5520,0.00638,0.77024
CVE-2008-5521,0.00638,0.77024
CVE-2008-5522,0.00638,0.77024
CVE-2008-5523,0.00638,0.77024
CVE-2008-5524,0.00694,0.78157
CVE-2008-5525,0.00694,0.78159
CVE-2008-5526,0.00638,0.77024
CVE-2008-5527,0.00638,0.77024
CVE-2008-5528,0.00631,0.76881
CVE-2008-5529,0.00638,0.77024
CVE-2008-5530,0.00638,0.77024
CVE-2008-5531,0.00694,0.78157
CVE-2008-5532,0.00638,0.77024
CVE-2008-5533,0.00638,0.77024
CVE-2008-5534,0.00638,0.77024
CVE-2008-5535,0.00694,0.78157
CVE-2008-5536,0.00694,0.78157
CVE-2008-5537,0.00638,0.77024
CVE-2008-5538,0.00638,0.77024
CVE-2008-5539,0.01671,0.86369
CVE-2008-5540,0.00638,0.77024
CVE-2008-5541,0.00915,0.81163
CVE-2008-5542,0.00638,0.77024
CVE-2008-5543,0.00713,0.78488
CVE-2008-5544,0.00638,0.77024
CVE-2008-5545,0.00694,0.78157
CVE-2008-5546,0.00638,0.77024
CVE-2008-5547,0.00638,0.77024
CVE-2008-5548,0.00638,0.77024
CVE-2008-5549,0.00526,0.74562
CVE-2008-5550,0.00364,0.69588
CVE-2008-5551,0.01136,0.83240
CVE-2008-5552,0.00410,0.71277
CVE-2008-5553,0.00410,0.71277
CVE-2008-5554,0.00410,0.71277
CVE-2008-5555,0.00150,0.51208
CVE-2008-5556,0.00155,0.51835
CVE-2008-5557,0.03743,0.90949
CVE-2008-5558,0.07948,0.93683
CVE-2008-5559,0.00248,0.62861
CVE-2008-5560,0.00344,0.68695
CVE-2008-5561,0.00064,0.26120
CVE-2008-5562,0.00498,0.73823
CVE-2008-5563,0.02089,0.87985
CVE-2008-5564,0.01282,0.84358
CVE-2008-5565,0.00544,0.75011
CVE-2008-5566,0.00347,0.68851
CVE-2008-5567,0.00544,0.75011
CVE-2008-5568,0.00544,0.75011
CVE-2008-5569,0.00668,0.77667
CVE-2008-5570,0.01502,0.85608
CVE-2008-5571,0.00176,0.54781
CVE-2008-5572,0.01646,0.86282
CVE-2008-5573,0.00354,0.69169
CVE-2008-5574,0.00358,0.69321
CVE-2008-5575,0.00788,0.79655
CVE-2008-5576,0.00756,0.79173
CVE-2008-5577,0.00756,0.79173
CVE-2008-5578,0.00129,0.47721
CVE-2008-5579,0.00343,0.68686
CVE-2008-5580,0.00802,0.79849
CVE-2008-5581,0.00694,0.78157
CVE-2008-5582,0.00100,0.40966
CVE-2008-5583,0.00410,0.71281
CVE-2008-5584,0.00288,0.65696
CVE-2008-5585,0.12664,0.94981
CVE-2008-5586,0.00117,0.45472
CVE-2008-5587,0.02331,0.88678
CVE-2008-5588,0.00064,0.26120
CVE-2008-5589,0.00137,0.49170
CVE-2008-5590,0.00064,0.26120
CVE-2008-5591,0.00254,0.63423
CVE-2008-5592,0.00318,0.67500
CVE-2008-5593,0.01988,0.87629
CVE-2008-5594,0.02965,0.89889
CVE-2008-5595,0.00204,0.58414
CVE-2008-5596,0.00726,0.78706
CVE-2008-5597,0.00726,0.78706
CVE-2008-5598,0.01139,0.83256
CVE-2008-5599,0.00248,0.62861
CVE-2008-5600,0.00318,0.67500
CVE-2008-5601,0.00775,0.79448
CVE-2008-5602,0.00726,0.78706
CVE-2008-5603,0.00775,0.79448
CVE-2008-5604,0.02101,0.88023
CVE-2008-5605,0.00127,0.47299
CVE-2008-5606,0.00894,0.80924
CVE-2008-5607,0.00100,0.40966
CVE-2008-5608,0.00775,0.79448
CVE-2008-5609,0.00140,0.49543
CVE-2008-5616,0.17936,0.95719
CVE-2008-5617,0.01300,0.84473
CVE-2008-5618,0.00235,0.61603
CVE-2008-5619,0.88647,0.98477
CVE-2008-5620,0.00685,0.77992
CVE-2008-5621,0.01530,0.85750
CVE-2008-5624,0.01604,0.86113
CVE-2008-5625,0.01604,0.86113
CVE-2008-5626,0.95709,0.99301
CVE-2008-5627,0.00100,0.40966
CVE-2008-5628,0.00069,0.28714
CVE-2008-5629,0.00102,0.41432
CVE-2008-5630,0.00406,0.71166
CVE-2008-5631,0.00100,0.40966
CVE-2008-5632,0.00100,0.40966
CVE-2008-5633,0.00100,0.40966
CVE-2008-5634,0.00140,0.49543
CVE-2008-5635,0.00100,0.40966
CVE-2008-5636,0.00406,0.71166
CVE-2008-5637,0.00064,0.26120
CVE-2008-5638,0.00135,0.48729
CVE-2008-5639,0.03105,0.90102
CVE-2008-5640,0.00176,0.54781
CVE-2008-5641,0.00107,0.43102
CVE-2008-5642,0.02395,0.88835
CVE-2008-5643,0.00064,0.26120
CVE-2008-5644,0.00254,0.63423
CVE-2008-5645,0.00602,0.76252
CVE-2008-5646,0.00400,0.70966
CVE-2008-5647,0.00230,0.61257
CVE-2008-5648,0.00064,0.26120
CVE-2008-5649,0.00123,0.46645
CVE-2008-5650,0.00127,0.47374
CVE-2008-5651,0.00279,0.65067
CVE-2008-5652,0.00373,0.69937
CVE-2008-5653,0.00107,0.43102
CVE-2008-5654,0.00137,0.49170
CVE-2008-5655,0.00125,0.47070
CVE-2008-5656,0.00192,0.57132
CVE-2008-5657,0.01195,0.83711
CVE-2008-5658,0.00797,0.79796
CVE-2008-5659,0.00327,0.67929
CVE-2008-5660,0.16481,0.95535
CVE-2008-5661,0.01341,0.84709
CVE-2008-5662,0.01434,0.85246
CVE-2008-5663,0.02321,0.88661
CVE-2008-5664,0.90158,0.98581
CVE-2008-5665,0.00064,0.26120
CVE-2008-5666,0.11344,0.94726
CVE-2008-5667,0.20887,0.95987
CVE-2008-5668,0.00328,0.67998
CVE-2008-5669,0.01375,0.84942
CVE-2008-5670,0.00788,0.79655
CVE-2008-5671,0.01457,0.85373
CVE-2008-5672,0.00159,0.52409
CVE-2008-5673,0.00349,0.68956
CVE-2008-5674,0.04907,0.92043
CVE-2008-5675,0.00280,0.65149
CVE-2008-5676,0.01282,0.84358
CVE-2008-5677,0.01661,0.86327
CVE-2008-5678,0.00263,0.64057
CVE-2008-5679,0.03825,0.91043
CVE-2008-5680,0.10429,0.94491
CVE-2008-5681,0.00490,0.73644
CVE-2008-5682,0.00250,0.63055
CVE-2008-5683,0.00470,0.73072
CVE-2008-5684,0.01136,0.83242
CVE-2008-5685,0.02877,0.89768
CVE-2008-5686,0.00293,0.66013
CVE-2008-5687,0.00434,0.72053
CVE-2008-5688,0.00498,0.73817
CVE-2008-5689,0.00042,0.00438
CVE-2008-5690,0.00044,0.10704
CVE-2008-5691,0.04073,0.91294
CVE-2008-5692,0.00797,0.79793
CVE-2008-5693,0.00213,0.59315
CVE-2008-5694,0.00756,0.79173
CVE-2008-5695,0.03691,0.90892
CVE-2008-5696,0.01990,0.87635
CVE-2008-5697,0.01662,0.86333
CVE-2008-5698,0.01477,0.85454
CVE-2008-5699,0.00044,0.10704
CVE-2008-5700,0.00044,0.08000
CVE-2008-5701,0.00042,0.05722
CVE-2008-5702,0.00044,0.08000
CVE-2008-5703,0.00042,0.05722
CVE-2008-5704,0.00067,0.27624
CVE-2008-5705,0.01247,0.84106
CVE-2008-5706,0.00042,0.05722
CVE-2008-5707,0.00068,0.28434
CVE-2008-5708,0.02039,0.87813
CVE-2008-5709,0.01665,0.86351
CVE-2008-5710,0.00453,0.72622
CVE-2008-5711,0.27973,0.96420
CVE-2008-5712,0.00578,0.75753
CVE-2008-5713,0.00043,0.07520
CVE-2008-5714,0.00671,0.77715
CVE-2008-5715,0.02380,0.88803
CVE-2008-5716,0.00062,0.24773
CVE-2008-5717,0.00192,0.57132
CVE-2008-5718,0.01291,0.84420
CVE-2008-5719,0.00220,0.60154
CVE-2008-5720,0.00265,0.64225
CVE-2008-5721,0.00378,0.70131
CVE-2008-5722,0.07527,0.93511
CVE-2008-5723,0.00443,0.72316
CVE-2008-5724,0.00042,0.00438
CVE-2008-5725,0.00042,0.00438
CVE-2008-5726,0.00087,0.36669
CVE-2008-5727,0.01314,0.84562
CVE-2008-5728,0.00638,0.77024
CVE-2008-5729,0.00220,0.60207
CVE-2008-5730,0.00492,0.73680
CVE-2008-5731,0.00043,0.07477
CVE-2008-5732,0.09972,0.94363
CVE-2008-5733,0.00087,0.36669
CVE-2008-5734,0.00254,0.63423
CVE-2008-5735,0.13461,0.95112
CVE-2008-5736,0.00044,0.08226
CVE-2008-5737,0.00123,0.46645
CVE-2008-5738,0.04630,0.91781
CVE-2008-5739,0.00137,0.49170
CVE-2008-5742,0.00295,0.66167
CVE-2008-5743,0.00042,0.05722
CVE-2008-5744,0.00057,0.21368
CVE-2008-5745,0.18799,0.95805
CVE-2008-5746,0.00044,0.10704
CVE-2008-5747,0.01907,0.87339
CVE-2008-5748,0.11929,0.94856
CVE-2008-5749,0.00942,0.81442
CVE-2008-5750,0.01269,0.84255
CVE-2008-5751,0.00064,0.26120
CVE-2008-5752,0.01680,0.86403
CVE-2008-5753,0.00877,0.80724
CVE-2008-5754,0.06967,0.93309
CVE-2008-5755,0.07837,0.93630
CVE-2008-5756,0.00624,0.76739
CVE-2008-5757,0.00090,0.38045
CVE-2008-5758,0.00159,0.52409
CVE-2008-5759,0.00132,0.48166
CVE-2008-5760,0.00259,0.63800
CVE-2008-5761,0.00617,0.76609
CVE-2008-5762,0.00318,0.67500
CVE-2008-5763,0.00788,0.79655
CVE-2008-5764,0.01780,0.86766
CVE-2008-5765,0.00438,0.72163
CVE-2008-5766,0.00064,0.26120
CVE-2008-5767,0.00064,0.26120
CVE-2008-5768,0.00064,0.26120
CVE-2008-5769,0.00259,0.63800
CVE-2008-5770,0.00367,0.69722
CVE-2008-5771,0.00450,0.72533
CVE-2008-5772,0.00212,0.59252
CVE-2008-5773,0.00726,0.78706
CVE-2008-5774,0.00099,0.40627
CVE-2008-5775,0.00102,0.41432
CVE-2008-5776,0.00483,0.73439
CVE-2008-5777,0.00064,0.26120
CVE-2008-5778,0.00123,0.46645
CVE-2008-5779,0.00087,0.36669
CVE-2008-5780,0.00726,0.78706
CVE-2008-5781,0.00107,0.43102
CVE-2008-5782,0.00087,0.36669
CVE-2008-5783,0.01780,0.86766
CVE-2008-5784,0.01194,0.83708
CVE-2008-5785,0.00087,0.36669
CVE-2008-5786,0.00250,0.63055
CVE-2008-5787,0.01501,0.85594
CVE-2008-5788,0.00123,0.46645
CVE-2008-5789,0.02513,0.89091
CVE-2008-5790,0.01038,0.82380
CVE-2008-5791,0.00378,0.70141
CVE-2008-5792,0.02715,0.89494
CVE-2008-5793,0.02275,0.88556
CVE-2008-5794,0.01055,0.82533
CVE-2008-5795,0.00220,0.60154
CVE-2008-5796,0.00146,0.50496
CVE-2008-5797,0.00140,0.49543
CVE-2008-5798,0.00140,0.49543
CVE-2008-5799,0.00192,0.57132
CVE-2008-5800,0.00140,0.49543
CVE-2008-5801,0.00577,0.75725
CVE-2008-5802,0.00137,0.49170
CVE-2008-5803,0.00137,0.49170
CVE-2008-5804,0.00087,0.36669
CVE-2008-5805,0.00087,0.36669
CVE-2008-5806,0.00123,0.46645
CVE-2008-5807,0.00220,0.60154
CVE-2008-5808,0.00250,0.63055
CVE-2008-5809,0.00323,0.67717
CVE-2008-5810,0.01175,0.83548
CVE-2008-5811,0.00137,0.49170
CVE-2008-5812,0.00332,0.68227
CVE-2008-5813,0.00680,0.77913
CVE-2008-5814,0.00320,0.67579
CVE-2008-5815,0.00064,0.26120
CVE-2008-5816,0.00064,0.26120
CVE-2008-5817,0.00133,0.48349
CVE-2008-5818,0.00822,0.80093
CVE-2008-5819,0.00861,0.80549
CVE-2008-5820,0.00107,0.43102
CVE-2008-5821,0.19493,0.95878
CVE-2008-5822,0.00716,0.78527
CVE-2008-5823,0.00271,0.64578
CVE-2008-5824,0.00590,0.76018
CVE-2008-5825,0.00719,0.78603
CVE-2008-5826,0.03572,0.90737
CVE-2008-5827,0.04534,0.91696
CVE-2008-5828,0.00348,0.68866
CVE-2008-5838,0.00232,0.61372
CVE-2008-5839,0.15845,0.95467
CVE-2008-5840,0.01858,0.87117
CVE-2008-5841,0.00099,0.40627
CVE-2008-5842,0.00122,0.46493
CVE-2008-5843,0.00060,0.23520
CVE-2008-5844,0.00360,0.69442
CVE-2008-5845,0.00192,0.57132
CVE-2008-5846,0.00167,0.53505
CVE-2008-5847,0.00187,0.56169
CVE-2008-5848,0.00756,0.79173
CVE-2008-5849,0.00662,0.77549
CVE-2008-5851,0.00064,0.26120
CVE-2008-5852,0.00817,0.80027
CVE-2008-5853,0.00518,0.74344
CVE-2008-5854,0.00254,0.63423
CVE-2008-5855,0.00318,0.67500
CVE-2008-5856,0.01864,0.87140
CVE-2008-5857,0.00351,0.69042
CVE-2008-5858,0.00220,0.60154
CVE-2008-5859,0.00167,0.53442
CVE-2008-5860,0.00612,0.76485
CVE-2008-5861,0.03105,0.90102
CVE-2008-5862,0.03324,0.90427
CVE-2008-5863,0.00064,0.26120
CVE-2008-5864,0.00102,0.41432
CVE-2008-5865,0.00203,0.58293
CVE-2008-5866,0.00756,0.79173
CVE-2008-5867,0.00345,0.68772
CVE-2008-5868,0.00164,0.53101
CVE-2008-5869,0.00235,0.61691
CVE-2008-5870,0.00173,0.54492
CVE-2008-5871,0.00646,0.77166
CVE-2008-5872,0.02279,0.88568
CVE-2008-5873,0.00769,0.79368
CVE-2008-5874,0.00103,0.41633
CVE-2008-5875,0.00103,0.41633
CVE-2008-5876,0.02879,0.89773
CVE-2008-5877,0.00117,0.45531
CVE-2008-5878,0.00364,0.69597
CVE-2008-5879,0.00220,0.60207
CVE-2008-5880,0.01858,0.87117
CVE-2008-5881,0.00450,0.72533
CVE-2008-5882,0.00680,0.77913
CVE-2008-5883,0.00504,0.74012
CVE-2008-5884,0.00311,0.67030
CVE-2008-5885,0.00708,0.78386
CVE-2008-5886,0.00664,0.77575
CVE-2008-5887,0.00639,0.77030
CVE-2008-5888,0.00102,0.41432
CVE-2008-5889,0.00247,0.62744
CVE-2008-5890,0.00064,0.26120
CVE-2008-5891,0.00186,0.55980
CVE-2008-5892,0.00102,0.41432
CVE-2008-5893,0.00219,0.59940
CVE-2008-5894,0.00822,0.80093
CVE-2008-5895,0.00107,0.43102
CVE-2008-5896,0.02157,0.88230
CVE-2008-5897,0.02029,0.87770
CVE-2008-5898,0.02157,0.88230
CVE-2008-5899,0.02029,0.87770
CVE-2008-5900,0.02157,0.88230
CVE-2008-5901,0.02029,0.87770
CVE-2008-5902,0.03196,0.90234
CVE-2008-5903,0.12203,0.94909
CVE-2008-5904,0.00644,0.77124
CVE-2008-5905,0.00348,0.68871
CVE-2008-5906,0.02068,0.87912
CVE-2008-5907,0.00717,0.78543
CVE-2008-5908,0.00046,0.13811
CVE-2008-5909,0.00055,0.20573
CVE-2008-5910,0.00055,0.20573
CVE-2008-5911,0.61527,0.97542
CVE-2008-5912,0.00132,0.48097
CVE-2008-5913,0.00261,0.63896
CVE-2008-5914,0.00189,0.56469
CVE-2008-5915,0.00134,0.48531
CVE-2008-5916,0.00064,0.26441
CVE-2008-5917,0.00382,0.70303
CVE-2008-5918,0.00612,0.76471
CVE-2008-5919,0.00580,0.75791
CVE-2008-5920,0.01051,0.82495
CVE-2008-5921,0.00064,0.26120
CVE-2008-5922,0.08059,0.93727
CVE-2008-5923,0.00064,0.26120
CVE-2008-5924,0.00171,0.54155
CVE-2008-5925,0.00203,0.58264
CVE-2008-5926,0.00064,0.26120
CVE-2008-5927,0.00064,0.26120
CVE-2008-5928,0.00203,0.58293
CVE-2008-5929,0.00575,0.75671
CVE-2008-5930,0.00248,0.62861
CVE-2008-5931,0.00318,0.67500
CVE-2008-5932,0.00664,0.77575
CVE-2008-5933,0.00220,0.60154
CVE-2008-5934,0.00102,0.41432
CVE-2008-5935,0.00278,0.65037
CVE-2008-5936,0.00369,0.69805
CVE-2008-5937,0.00824,0.80111
CVE-2008-5938,0.02953,0.89868
CVE-2008-5939,0.00300,0.66446
CVE-2008-5940,0.00680,0.77913
CVE-2008-5941,0.00101,0.41118
CVE-2008-5942,0.00254,0.63423
CVE-2008-5943,0.01260,0.84209
CVE-2008-5944,0.00195,0.57440
CVE-2008-5945,0.01074,0.82730
CVE-2008-5946,0.00064,0.26120
CVE-2008-5947,0.02252,0.88491
CVE-2008-5948,0.01119,0.83091
CVE-2008-5949,0.02513,0.89091
CVE-2008-5950,0.00102,0.41432
CVE-2008-5951,0.00225,0.60822
CVE-2008-5952,0.00147,0.50710
CVE-2008-5953,0.01988,0.87629
CVE-2008-5954,0.00140,0.49543
CVE-2008-5955,0.00064,0.26120
CVE-2008-5956,0.00278,0.65037
CVE-2008-5957,0.00107,0.43102
CVE-2008-5958,0.00478,0.73304
CVE-2008-5959,0.00099,0.40627
CVE-2008-5960,0.00125,0.47070
CVE-2008-5961,0.00132,0.48166
CVE-2008-5962,0.00290,0.65841
CVE-2008-5963,0.00492,0.73680
CVE-2008-5964,0.01546,0.85823
CVE-2008-5965,0.02249,0.88478
CVE-2008-5966,0.01220,0.83906
CVE-2008-5967,0.00756,0.79173
CVE-2008-5968,0.00525,0.74534
CVE-2008-5969,0.00064,0.26120
CVE-2008-5970,0.00049,0.15813
CVE-2008-5971,0.00180,0.55326
CVE-2008-5972,0.00064,0.26120
CVE-2008-5973,0.00140,0.49543
CVE-2008-5974,0.00099,0.40627
CVE-2008-5975,0.00102,0.41272
CVE-2008-5976,0.00481,0.73387
CVE-2008-5977,0.00064,0.26120
CVE-2008-5978,0.00064,0.26120
CVE-2008-5979,0.00219,0.59940
CVE-2008-5980,0.00278,0.65037
CVE-2008-5981,0.00320,0.67592
CVE-2008-5982,0.24393,0.96218
CVE-2008-5983,0.00056,0.21179
CVE-2008-5984,0.00042,0.05722
CVE-2008-5985,0.00042,0.05722
CVE-2008-5986,0.00042,0.05722
CVE-2008-5987,0.00042,0.05722
CVE-2008-5988,0.00064,0.26120
CVE-2008-5989,0.00475,0.73216
CVE-2008-5990,0.00475,0.73216
CVE-2008-5991,0.01119,0.83091
CVE-2008-5992,0.00064,0.26120
CVE-2008-5993,0.01121,0.83114
CVE-2008-5994,0.00192,0.57132
CVE-2008-5995,0.00254,0.63423
CVE-2008-5996,0.00099,0.40616
CVE-2008-5997,0.00764,0.79277
CVE-2008-5998,0.00086,0.35618
CVE-2008-5999,0.00086,0.35809
CVE-2008-6000,0.00042,0.05722
CVE-2008-6001,0.01858,0.87117
CVE-2008-6002,0.01577,0.85983
CVE-2008-6003,0.00125,0.47070
CVE-2008-6004,0.00132,0.48166
CVE-2008-6005,0.04457,0.91631
CVE-2008-6006,0.02252,0.88491
CVE-2008-6007,0.00064,0.26120
CVE-2008-6008,0.00278,0.65037
CVE-2008-6009,0.01663,0.86342
CVE-2008-6010,0.00327,0.67939
CVE-2008-6011,0.00064,0.26120
CVE-2008-6012,0.02622,0.89305
CVE-2008-6013,0.00135,0.48729
CVE-2008-6014,0.00064,0.26120
CVE-2008-6015,0.00125,0.47070
CVE-2008-6016,0.00125,0.47070
CVE-2008-6017,0.00064,0.26120
CVE-2008-6018,0.00475,0.73216
CVE-2008-6019,0.00068,0.28434
CVE-2008-6020,0.00456,0.72689
CVE-2008-6021,0.00290,0.65815
CVE-2008-6022,0.00565,0.75455
CVE-2008-6023,0.00635,0.76943
CVE-2008-6024,0.01874,0.87191
CVE-2008-6025,0.00822,0.80093
CVE-2008-6026,0.00064,0.26120
CVE-2008-6027,0.00367,0.69722
CVE-2008-6028,0.00064,0.26120
CVE-2008-6029,0.00068,0.28434
CVE-2008-6030,0.00064,0.26120
CVE-2008-6031,0.00068,0.28434
CVE-2008-6032,0.00100,0.40966
CVE-2008-6033,0.00068,0.28434
CVE-2008-6034,0.00173,0.54537
CVE-2008-6035,0.00199,0.57826
CVE-2008-6036,0.08059,0.93727
CVE-2008-6037,0.00064,0.26120
CVE-2008-6038,0.00064,0.26120
CVE-2008-6039,0.05187,0.92259
CVE-2008-6040,0.00252,0.63201
CVE-2008-6041,0.00191,0.56836
CVE-2008-6042,0.00064,0.26120
CVE-2008-6043,0.00064,0.26120
CVE-2008-6044,0.00195,0.57440
CVE-2008-6045,0.04641,0.91798
CVE-2008-6046,0.00120,0.46142
CVE-2008-6047,0.00150,0.51083
CVE-2008-6048,0.00101,0.41118
CVE-2008-6050,0.00068,0.28434
CVE-2008-6051,0.00157,0.52201
CVE-2008-6052,0.00483,0.73436
CVE-2008-6053,0.00483,0.73436
CVE-2008-6054,0.00483,0.73436
CVE-2008-6055,0.00467,0.72970
CVE-2008-6056,0.00191,0.56836
CVE-2008-6057,0.00439,0.72223
CVE-2008-6058,0.01132,0.83200
CVE-2008-6059,0.00318,0.67500
CVE-2008-6060,0.00472,0.73124
CVE-2008-6061,0.04124,0.91340
CVE-2008-6062,0.00387,0.70511
CVE-2008-6063,0.00458,0.72745
CVE-2008-6064,0.00068,0.28434
CVE-2008-6065,0.04341,0.91535
CVE-2008-6066,0.02773,0.89597
CVE-2008-6068,0.00100,0.40966
CVE-2008-6069,0.00140,0.49543
CVE-2008-6070,0.02743,0.89544
CVE-2008-6071,0.08675,0.93945
CVE-2008-6072,0.02757,0.89572
CVE-2008-6073,0.00042,0.05722
CVE-2008-6074,0.01518,0.85694
CVE-2008-6075,0.00064,0.26120
CVE-2008-6076,0.00064,0.26120
CVE-2008-6077,0.00057,0.21520
CVE-2008-6078,0.00064,0.26120
CVE-2008-6079,0.00990,0.81958
CVE-2008-6080,0.03314,0.90413
CVE-2008-6081,0.00064,0.26120
CVE-2008-6082,0.86614,0.98366
CVE-2008-6083,0.01988,0.87629
CVE-2008-6084,0.03162,0.90181
CVE-2008-6085,0.06172,0.92882
CVE-2008-6086,0.00102,0.41432
CVE-2008-6087,0.00220,0.60207
CVE-2008-6088,0.00064,0.26120
CVE-2008-6089,0.01217,0.83889
CVE-2008-6090,0.01024,0.82240
CVE-2008-6091,0.00064,0.26120
CVE-2008-6092,0.02039,0.87813
CVE-2008-6093,0.00064,0.26120
CVE-2008-6094,0.00186,0.55980
CVE-2008-6095,0.00367,0.69722
CVE-2008-6096,0.00220,0.60154
CVE-2008-6097,0.00436,0.72126
CVE-2008-6098,0.00396,0.70837
CVE-2008-6099,0.25255,0.96271
CVE-2008-6100,0.00064,0.26120
CVE-2008-6101,0.00202,0.58152
CVE-2008-6102,0.00064,0.26120
CVE-2008-6103,0.02926,0.89834
CVE-2008-6104,0.00064,0.26120
CVE-2008-6105,0.00191,0.56743
CVE-2008-6106,0.00107,0.43271
CVE-2008-6107,0.00042,0.05722
CVE-2008-6108,0.00122,0.46493
CVE-2008-6109,0.00042,0.05722
CVE-2008-6110,0.00244,0.62423
CVE-2008-6111,0.00087,0.36669
CVE-2008-6112,0.01635,0.86239
CVE-2008-6113,0.00220,0.60154
CVE-2008-6114,0.00064,0.26120
CVE-2008-6115,0.00087,0.36669
CVE-2008-6116,0.00064,0.26120
CVE-2008-6117,0.00087,0.36669
CVE-2008-6118,0.04999,0.92110
CVE-2008-6119,0.00512,0.74226
CVE-2008-6120,0.00140,0.49543
CVE-2008-6121,0.00512,0.74226
CVE-2008-6122,0.03639,0.90816
CVE-2008-6123,0.00514,0.74259
CVE-2008-6124,0.00134,0.48480
CVE-2008-6125,0.00197,0.57614
CVE-2008-6126,0.00419,0.71574
CVE-2008-6127,0.00254,0.63423
CVE-2008-6128,0.00933,0.81361
CVE-2008-6129,0.00504,0.74010
CVE-2008-6130,0.00250,0.63055
CVE-2008-6131,0.00479,0.73332
CVE-2008-6132,0.78878,0.98012
CVE-2008-6133,0.00107,0.43198
CVE-2008-6134,0.00146,0.50496
CVE-2008-6135,0.00220,0.60154
CVE-2008-6136,0.00543,0.74987
CVE-2008-6137,0.00543,0.74987
CVE-2008-6138,0.00598,0.76162
CVE-2008-6139,0.00327,0.67939
CVE-2008-6140,0.01282,0.84358
CVE-2008-6141,0.02843,0.89719
CVE-2008-6142,0.00093,0.39001
CVE-2008-6143,0.01074,0.82730
CVE-2008-6144,0.00220,0.60154
CVE-2008-6145,0.00135,0.48729
CVE-2008-6146,0.00064,0.26120
CVE-2008-6147,0.00320,0.67592
CVE-2008-6148,0.00064,0.26120
CVE-2008-6149,0.00123,0.46645
CVE-2008-6150,0.00102,0.41432
CVE-2008-6151,0.00064,0.26120
CVE-2008-6152,0.00064,0.26120
CVE-2008-6153,0.00064,0.26120
CVE-2008-6154,0.00102,0.41432
CVE-2008-6155,0.00125,0.47070
CVE-2008-6156,0.00057,0.21520
CVE-2008-6157,0.00132,0.48071
CVE-2008-6158,0.00691,0.78097
CVE-2008-6159,0.00427,0.71801
CVE-2008-6160,0.00331,0.68172
CVE-2008-6161,0.00192,0.57132
CVE-2008-6162,0.01663,0.86342
CVE-2008-6163,0.00133,0.48324
CVE-2008-6164,0.00186,0.55980
CVE-2008-6165,0.00107,0.43102
CVE-2008-6166,0.00064,0.26120
CVE-2008-6167,0.00448,0.72465
CVE-2008-6168,0.00199,0.57863
CVE-2008-6169,0.00159,0.52409
CVE-2008-6170,0.00118,0.45758
CVE-2008-6171,0.01530,0.85746
CVE-2008-6172,0.00509,0.74133
CVE-2008-6173,0.00195,0.57440
CVE-2008-6174,0.00195,0.57440
CVE-2008-6175,0.02581,0.89211
CVE-2008-6177,0.00536,0.74824
CVE-2008-6178,0.06308,0.92951
CVE-2008-6179,0.00064,0.26120
CVE-2008-6180,0.03662,0.90847
CVE-2008-6181,0.00212,0.59269
CVE-2008-6182,0.00064,0.26120
CVE-2008-6183,0.01635,0.86239
CVE-2008-6184,0.00064,0.26120
CVE-2008-6185,0.04799,0.91961
CVE-2008-6186,0.03557,0.90715
CVE-2008-6187,0.00268,0.64434
CVE-2008-6188,0.00133,0.48324
CVE-2008-6189,0.00102,0.41272
CVE-2008-6190,0.00199,0.57826
CVE-2008-6191,0.00043,0.05916
CVE-2008-6192,0.00259,0.63693
CVE-2008-6193,0.00140,0.49503
CVE-2008-6194,0.00470,0.73048
CVE-2008-6195,0.01328,0.84631
CVE-2008-6196,0.02773,0.89597
CVE-2008-6197,0.00064,0.26120
CVE-2008-6198,0.00064,0.26120
CVE-2008-6199,0.00439,0.72221
CVE-2008-6200,0.00186,0.55980
CVE-2008-6201,0.01168,0.83489
CVE-2008-6202,0.00107,0.43198
CVE-2008-6203,0.00064,0.26120
CVE-2008-6204,0.00064,0.26120
CVE-2008-6205,0.00195,0.57440
CVE-2008-6206,0.02624,0.89309
CVE-2008-6207,0.00281,0.65220
CVE-2008-6208,0.00192,0.57132
CVE-2008-6209,0.00064,0.26120
CVE-2008-6210,0.00064,0.26120
CVE-2008-6211,0.00195,0.57440
CVE-2008-6212,0.00195,0.57440
CVE-2008-6213,0.00134,0.48603
CVE-2008-6214,0.00137,0.49170
CVE-2008-6215,0.00254,0.63423
CVE-2008-6216,0.00779,0.79516
CVE-2008-6217,0.00195,0.57440
CVE-2008-6218,0.01224,0.83937
CVE-2008-6219,0.03761,0.90975
CVE-2008-6220,0.00146,0.50496
CVE-2008-6221,0.08059,0.93727
CVE-2008-6222,0.01302,0.84481
CVE-2008-6223,0.00788,0.79655
CVE-2008-6224,0.00450,0.72533
CVE-2008-6225,0.00542,0.74974
CVE-2008-6226,0.00087,0.36669
CVE-2008-6227,0.00102,0.41432
CVE-2008-6228,0.00756,0.79173
CVE-2008-6229,0.00107,0.43202
CVE-2008-6230,0.00087,0.36669
CVE-2008-6231,0.01060,0.82603
CVE-2008-6232,0.00788,0.79655
CVE-2008-6233,0.00087,0.36669
CVE-2008-6234,0.00064,0.26120
CVE-2008-6235,0.00270,0.64501
CVE-2008-6236,0.00102,0.41432
CVE-2008-6237,0.00100,0.40966
CVE-2008-6238,0.00254,0.63423
CVE-2008-6239,0.00160,0.52542
CVE-2008-6240,0.00254,0.63423
CVE-2008-6241,0.00093,0.39001
CVE-2008-6242,0.00064,0.26120
CVE-2008-6243,0.00137,0.49170
CVE-2008-6244,0.00100,0.40966
CVE-2008-6245,0.00064,0.26120
CVE-2008-6246,0.00064,0.26120
CVE-2008-6247,0.00064,0.26120
CVE-2008-6248,0.00220,0.60207
CVE-2008-6249,0.00102,0.41432
CVE-2008-6250,0.00124,0.46848
CVE-2008-6251,0.06280,0.92939
CVE-2008-6252,0.00043,0.07443
CVE-2008-6253,0.03087,0.90068
CVE-2008-6254,0.00064,0.26120
CVE-2008-6255,0.00142,0.49964
CVE-2008-6256,0.00085,0.35512
CVE-2008-6257,0.00064,0.26120
CVE-2008-6258,0.00102,0.41432
CVE-2008-6259,0.00203,0.58339
CVE-2008-6260,0.00064,0.26120
CVE-2008-6261,0.00064,0.26120
CVE-2008-6262,0.00125,0.47070
CVE-2008-6263,0.00203,0.58293
CVE-2008-6264,0.00133,0.48324
CVE-2008-6265,0.06490,0.93065
CVE-2008-6266,0.00064,0.26120
CVE-2008-6267,0.00199,0.57863
CVE-2008-6268,0.00188,0.56371
CVE-2008-6269,0.05669,0.92594
CVE-2008-6270,0.00102,0.41432
CVE-2008-6271,0.00475,0.73216
CVE-2008-6272,0.00125,0.47070
CVE-2008-6273,0.00278,0.65028
CVE-2008-6274,0.00127,0.47299
CVE-2008-6275,0.00254,0.63423
CVE-2008-6276,0.00147,0.50715
CVE-2008-6277,0.00087,0.36669
CVE-2008-6278,0.00195,0.57440
CVE-2008-6279,0.00828,0.80167
CVE-2008-6280,0.00351,0.69031
CVE-2008-6281,0.00064,0.26120
CVE-2008-6282,0.00245,0.62586
CVE-2008-6283,0.00250,0.63055
CVE-2008-6284,0.00064,0.26120
CVE-2008-6285,0.00133,0.48324
CVE-2008-6286,0.00093,0.39001
CVE-2008-6287,0.02195,0.88328
CVE-2008-6288,0.03105,0.90102
CVE-2008-6289,0.00064,0.26120
CVE-2008-6290,0.00861,0.80549
CVE-2008-6291,0.01858,0.87117
CVE-2008-6292,0.00614,0.76532
CVE-2008-6293,0.00614,0.76532
CVE-2008-6294,0.00614,0.76532
CVE-2008-6295,0.00220,0.60154
CVE-2008-6296,0.01663,0.86342
CVE-2008-6297,0.00186,0.55980
CVE-2008-6298,0.00639,0.77030
CVE-2008-6299,0.00102,0.41490
CVE-2008-6300,0.01759,0.86698
CVE-2008-6301,0.00064,0.26120
CVE-2008-6302,0.02002,0.87687
CVE-2008-6303,0.00064,0.26120
CVE-2008-6304,0.00146,0.50496
CVE-2008-6305,0.05702,0.92618
CVE-2008-6306,0.00186,0.55980
CVE-2008-6307,0.04999,0.92110
CVE-2008-6308,0.02930,0.89838
CVE-2008-6309,0.00203,0.58293
CVE-2008-6310,0.00203,0.58293
CVE-2008-6311,0.00129,0.47721
CVE-2008-6312,0.00102,0.41272
CVE-2008-6313,0.01441,0.85286
CVE-2008-6314,0.00087,0.36669
CVE-2008-6315,0.00441,0.72268
CVE-2008-6316,0.00290,0.65841
CVE-2008-6317,0.00290,0.65841
CVE-2008-6318,0.00441,0.72268
CVE-2008-6319,0.00064,0.26120
CVE-2008-6320,0.00102,0.41272
CVE-2008-6321,0.00170,0.54041
CVE-2008-6322,0.00064,0.26120
CVE-2008-6323,0.00068,0.28434
CVE-2008-6324,0.00064,0.26120
CVE-2008-6325,0.00186,0.55980
CVE-2008-6326,0.00129,0.47721
CVE-2008-6327,0.00129,0.47721
CVE-2008-6328,0.00135,0.48729
CVE-2008-6329,0.00073,0.30137
CVE-2008-6330,0.00068,0.28359
CVE-2008-6331,0.00099,0.40597
CVE-2008-6332,0.00203,0.58293
CVE-2008-6333,0.00068,0.28434
CVE-2008-6334,0.01052,0.82506
CVE-2008-6335,0.00770,0.79380
CVE-2008-6336,0.00679,0.77896
CVE-2008-6337,0.00064,0.26120
CVE-2008-6338,0.00135,0.48729
CVE-2008-6340,0.00220,0.60154
CVE-2008-6341,0.00122,0.46493
CVE-2008-6342,0.00313,0.67163
CVE-2008-6343,0.00122,0.46493
CVE-2008-6344,0.00125,0.47070
CVE-2008-6345,0.00064,0.26120
CVE-2008-6346,0.00132,0.48166
CVE-2008-6347,0.01038,0.82380
CVE-2008-6348,0.00064,0.26120
CVE-2008-6349,0.00064,0.26120
CVE-2008-6350,0.00102,0.41432
CVE-2008-6351,0.00220,0.60207
CVE-2008-6352,0.00064,0.26120
CVE-2008-6353,0.00064,0.26120
CVE-2008-6354,0.00277,0.64986
CVE-2008-6355,0.00277,0.64986
CVE-2008-6356,0.00509,0.74142
CVE-2008-6357,0.00509,0.74142
CVE-2008-6358,0.00064,0.26120
CVE-2008-6359,0.00613,0.76493
CVE-2008-6360,0.00220,0.60154
CVE-2008-6361,0.00475,0.73216
CVE-2008-6362,0.00064,0.26120
CVE-2008-6363,0.09806,0.94306
CVE-2008-6364,0.00087,0.36669
CVE-2008-6365,0.00064,0.26120
CVE-2008-6366,0.00087,0.36669
CVE-2008-6367,0.00417,0.71510
CVE-2008-6368,0.00203,0.58293
CVE-2008-6369,0.00169,0.53835
CVE-2008-6370,0.00242,0.62248
CVE-2008-6371,0.00169,0.53835
CVE-2008-6372,0.00064,0.26120
CVE-2008-6373,0.00624,0.76743
CVE-2008-6374,0.00509,0.74142
CVE-2008-6375,0.00206,0.58572
CVE-2008-6376,0.00102,0.41519
CVE-2008-6377,0.02513,0.89091
CVE-2008-6378,0.00064,0.26120
CVE-2008-6379,0.00064,0.26120
CVE-2008-6380,0.00064,0.26120
CVE-2008-6381,0.00068,0.28359
CVE-2008-6382,0.00441,0.72255
CVE-2008-6383,0.00100,0.40981
CVE-2008-6384,0.00160,0.52542
CVE-2008-6385,0.00186,0.55980
CVE-2008-6386,0.00186,0.55980
CVE-2008-6387,0.00763,0.79265
CVE-2008-6388,0.00320,0.67592
CVE-2008-6389,0.00064,0.26120
CVE-2008-6390,0.00135,0.48729
CVE-2008-6391,0.00154,0.51686
CVE-2008-6392,0.00064,0.26120
CVE-2008-6393,0.07432,0.93480
CVE-2008-6394,0.00187,0.56071
CVE-2008-6395,0.01017,0.82188
CVE-2008-6396,0.00195,0.57440
CVE-2008-6397,0.00042,0.05722
CVE-2008-6398,0.00042,0.05722
CVE-2008-6399,0.00331,0.68172
CVE-2008-6400,0.00220,0.60154
CVE-2008-6401,0.00064,0.26120
CVE-2008-6402,0.02381,0.88806
CVE-2008-6403,0.02252,0.88491
CVE-2008-6404,0.00186,0.55980
CVE-2008-6405,0.00064,0.26120
CVE-2008-6406,0.00186,0.55980
CVE-2008-6407,0.00448,0.72465
CVE-2008-6408,0.00635,0.76943
CVE-2008-6409,0.00125,0.47070
CVE-2008-6410,0.01119,0.83091
CVE-2008-6411,0.01663,0.86342
CVE-2008-6412,0.00496,0.73786
CVE-2008-6413,0.00253,0.63275
CVE-2008-6414,0.00093,0.39001
CVE-2008-6415,0.05274,0.92316
CVE-2008-6416,0.00220,0.60154
CVE-2008-6417,0.00179,0.55143
CVE-2008-6418,0.00107,0.43239
CVE-2008-6419,0.00345,0.68748
CVE-2008-6420,0.02303,0.88618
CVE-2008-6421,0.25255,0.96271
CVE-2008-6422,0.00095,0.39635
CVE-2008-6423,0.01578,0.85985
CVE-2008-6424,0.00165,0.53189
CVE-2008-6425,0.00187,0.56071
CVE-2008-6427,0.00372,0.69912
CVE-2008-6428,0.00220,0.60154
CVE-2008-6429,0.00099,0.40627
CVE-2008-6430,0.00127,0.47299
CVE-2008-6431,0.00818,0.80027
CVE-2008-6433,0.00254,0.63423
CVE-2008-6434,0.00230,0.61251
CVE-2008-6435,0.00186,0.55980
CVE-2008-6436,0.00259,0.63693
CVE-2008-6437,0.00436,0.72126
CVE-2008-6438,0.00188,0.56432
CVE-2008-6439,0.00186,0.55980
CVE-2008-6440,0.00313,0.67163
CVE-2008-6441,0.00265,0.64187
CVE-2008-6442,0.00422,0.71668
CVE-2008-6443,0.00064,0.26120
CVE-2008-6444,0.02602,0.89259
CVE-2008-6445,0.00420,0.71616
CVE-2008-6446,0.01156,0.83392
CVE-2008-6447,0.15845,0.95467
CVE-2008-6448,0.00254,0.63423
CVE-2008-6449,0.00177,0.54950
CVE-2008-6450,0.00220,0.59971
CVE-2008-6451,0.00068,0.28434
CVE-2008-6452,0.00068,0.28434
CVE-2008-6453,0.00897,0.80965
CVE-2008-6454,0.00064,0.26120
CVE-2008-6455,0.00638,0.77024
CVE-2008-6456,0.00135,0.48729
CVE-2008-6457,0.00135,0.48729
CVE-2008-6458,0.00135,0.48729
CVE-2008-6459,0.00135,0.48729
CVE-2008-6460,0.00135,0.48729
CVE-2008-6461,0.00135,0.48729
CVE-2008-6462,0.00135,0.48729
CVE-2008-6463,0.00129,0.47721
CVE-2008-6464,0.00087,0.36669
CVE-2008-6465,0.00421,0.71661
CVE-2008-6466,0.00064,0.26120
CVE-2008-6467,0.00068,0.28434
CVE-2008-6468,0.00068,0.28434
CVE-2008-6469,0.00064,0.26120
CVE-2008-6470,0.00662,0.77543
CVE-2008-6471,0.00093,0.39001
CVE-2008-6472,0.00148,0.50901
CVE-2008-6473,0.02090,0.87992
CVE-2008-6474,0.00287,0.65637
CVE-2008-6475,0.00093,0.39001
CVE-2008-6476,0.00185,0.55842
CVE-2008-6477,0.00077,0.31810
CVE-2008-6478,0.03166,0.90186
CVE-2008-6479,0.03828,0.91044
CVE-2008-6480,0.00159,0.52409
CVE-2008-6481,0.00064,0.26120
CVE-2008-6482,0.08059,0.93727
CVE-2008-6483,0.02513,0.89091
CVE-2008-6484,0.00087,0.36669
CVE-2008-6485,0.00102,0.41272
CVE-2008-6486,0.00788,0.79655
CVE-2008-6487,0.00064,0.26120
CVE-2008-6488,0.00102,0.41272
CVE-2008-6489,0.00064,0.26120
CVE-2008-6490,0.07301,0.93436
CVE-2008-6491,0.02624,0.89309
CVE-2008-6492,0.03717,0.90916
CVE-2008-6493,0.00320,0.67592
CVE-2008-6494,0.00277,0.64986
CVE-2008-6495,0.00297,0.66267
CVE-2008-6496,0.00547,0.75073
CVE-2008-6497,0.07957,0.93688
CVE-2008-6498,0.00544,0.75011
CVE-2008-6499,0.00108,0.43459
CVE-2008-6500,0.00156,0.52007
CVE-2008-6501,0.00367,0.69722
CVE-2008-6502,0.00236,0.61785
CVE-2008-6503,0.00186,0.55980
CVE-2008-6504,0.01868,0.87154
CVE-2008-6505,0.96573,0.99539
CVE-2008-6506,0.00295,0.66125
CVE-2008-6507,0.00219,0.59916
CVE-2008-6508,0.60902,0.97515
CVE-2008-6509,0.21584,0.96033
CVE-2008-6510,0.00463,0.72857
CVE-2008-6511,0.00328,0.67960
CVE-2008-6512,0.02198,0.88337
CVE-2008-6513,0.06383,0.92999
CVE-2008-6514,0.00042,0.05722
CVE-2008-6515,0.00186,0.55980
CVE-2008-6516,0.01444,0.85301
CVE-2008-6517,0.00064,0.26120
CVE-2008-6518,0.00712,0.78465
CVE-2008-6519,0.03714,0.90913
CVE-2008-6520,0.02530,0.89122
CVE-2008-6521,0.00302,0.66550
CVE-2008-6522,0.00722,0.78644
CVE-2008-6523,0.00647,0.77173
CVE-2008-6524,0.00387,0.70505
CVE-2008-6525,0.00064,0.26120
CVE-2008-6526,0.00064,0.26120
CVE-2008-6527,0.00064,0.26120
CVE-2008-6528,0.07094,0.93359
CVE-2008-6529,0.00199,0.57863
CVE-2008-6530,0.00376,0.70041
CVE-2008-6531,0.02132,0.88151
CVE-2008-6532,0.00328,0.67993
CVE-2008-6533,0.00401,0.71012
CVE-2008-6534,0.02394,0.88833
CVE-2008-6535,0.02348,0.88723
CVE-2008-6536,0.00726,0.78708
CVE-2008-6537,0.02425,0.88909
CVE-2008-6538,0.01883,0.87229
CVE-2008-6539,0.00349,0.68935
CVE-2008-6540,0.06383,0.92999
CVE-2008-6541,0.00371,0.69874
CVE-2008-6542,0.00561,0.75339
CVE-2008-6543,0.02217,0.88394
CVE-2008-6544,0.13586,0.95130
CVE-2008-6545,0.02011,0.87720
CVE-2008-6546,0.00244,0.62423
CVE-2008-6547,0.00766,0.79295
CVE-2008-6548,0.00108,0.43428
CVE-2008-6549,0.00868,0.80624
CVE-2008-6550,0.00195,0.57440
CVE-2008-6551,0.01105,0.82973
CVE-2008-6552,0.00044,0.08000
CVE-2008-6553,0.02310,0.88640
CVE-2008-6554,0.01587,0.86022
CVE-2008-6555,0.03211,0.90258
CVE-2008-6556,0.00844,0.80363
CVE-2008-6557,0.00844,0.80363
CVE-2008-6558,0.00042,0.00438
CVE-2008-6559,0.00042,0.00438
CVE-2008-6560,0.00870,0.80635
CVE-2008-6561,0.00042,0.05722
CVE-2008-6562,0.00187,0.56309
CVE-2008-6563,0.06205,0.92900
CVE-2008-6564,0.01549,0.85837
CVE-2008-6565,0.00173,0.54537
CVE-2008-6566,0.00244,0.62423
CVE-2008-6567,0.00367,0.69722
CVE-2008-6568,0.00303,0.66578
CVE-2008-6569,0.01546,0.85823
CVE-2008-6570,0.00292,0.65987
CVE-2008-6571,0.00254,0.63423
CVE-2008-6572,0.00127,0.47299
CVE-2008-6573,0.00242,0.62286
CVE-2008-6574,0.01163,0.83448
CVE-2008-6575,0.00404,0.71091
CVE-2008-6576,0.03257,0.90336
CVE-2008-6577,0.01705,0.86493
CVE-2008-6578,0.02056,0.87869
CVE-2008-6579,0.00508,0.74125
CVE-2008-6580,0.00320,0.67592
CVE-2008-6581,0.06549,0.93087
CVE-2008-6582,0.00102,0.41432
CVE-2008-6583,0.09207,0.94121
CVE-2008-6584,0.01238,0.84041
CVE-2008-6585,0.01081,0.82797
CVE-2008-6586,0.00896,0.80956
CVE-2008-6587,0.00303,0.66560
CVE-2008-6588,0.00727,0.78725
CVE-2008-6589,0.00250,0.63055
CVE-2008-6590,0.00492,0.73678
CVE-2008-6591,0.00725,0.78697
CVE-2008-6592,0.01563,0.85911
CVE-2008-6593,0.00527,0.74577
CVE-2008-6594,0.00122,0.46507
CVE-2008-6595,0.00129,0.47721
CVE-2008-6596,0.00064,0.26120
CVE-2008-6597,0.00192,0.56860
CVE-2008-6598,0.00194,0.57283
CVE-2008-6599,0.00306,0.66740
CVE-2008-6600,0.00132,0.48166
CVE-2008-6601,0.00377,0.70123
CVE-2008-6602,0.00308,0.66914
CVE-2008-6603,0.01765,0.86718
CVE-2008-6604,0.00993,0.81992
CVE-2008-6605,0.01350,0.84768
CVE-2008-6606,0.00064,0.26120
CVE-2008-6607,0.00160,0.52571
CVE-2008-6608,0.00144,0.50209
CVE-2008-6609,0.00186,0.55980
CVE-2008-6610,0.00389,0.70608
CVE-2008-6611,0.00418,0.71541
CVE-2008-6612,0.04375,0.91561
CVE-2008-6613,0.00523,0.74485
CVE-2008-6614,0.01385,0.84994
CVE-2008-6615,0.00064,0.26120
CVE-2008-6616,0.00195,0.57440
CVE-2008-6617,0.02458,0.88983
CVE-2008-6618,0.00406,0.71152
CVE-2008-6619,0.08028,0.93711
CVE-2008-6620,0.00400,0.70976
CVE-2008-6621,0.01080,0.82779
CVE-2008-6622,0.00064,0.26120
CVE-2008-6623,0.00081,0.33773
CVE-2008-6624,0.00064,0.26120
CVE-2008-6625,0.00081,0.33773
CVE-2008-6626,0.00081,0.33773
CVE-2008-6627,0.00118,0.45708
CVE-2008-6629,0.00192,0.57132
CVE-2008-6630,0.00443,0.72316
CVE-2008-6631,0.00741,0.78923
CVE-2008-6632,0.00064,0.26120
CVE-2008-6633,0.00212,0.59269
CVE-2008-6634,0.00064,0.26120
CVE-2008-6635,0.00956,0.81613
CVE-2008-6636,0.00756,0.79173
CVE-2008-6637,0.00736,0.78862
CVE-2008-6638,0.00427,0.71801
CVE-2008-6639,0.00333,0.68248
CVE-2008-6640,0.00064,0.26120
CVE-2008-6641,0.00065,0.27088
CVE-2008-6642,0.00087,0.36669
CVE-2008-6643,0.01840,0.87055
CVE-2008-6644,0.00169,0.53937
CVE-2008-6645,0.00192,0.57132
CVE-2008-6646,0.00199,0.57863
CVE-2008-6647,0.00203,0.58293
CVE-2008-6648,0.00203,0.58293
CVE-2008-6649,0.00203,0.58293
CVE-2008-6650,0.01883,0.87229
CVE-2008-6651,0.01156,0.83392
CVE-2008-6652,0.00064,0.26120
CVE-2008-6653,0.00123,0.46620
CVE-2008-6654,0.00254,0.63423
CVE-2008-6655,0.00136,0.48908
CVE-2008-6656,0.00095,0.39635
CVE-2008-6657,0.00710,0.78432
CVE-2008-6658,0.00191,0.56697
CVE-2008-6659,0.01636,0.86242
CVE-2008-6660,0.01599,0.86070
CVE-2008-6661,0.06039,0.92797
CVE-2008-6662,0.04738,0.91888
CVE-2008-6663,0.00064,0.26120
CVE-2008-6664,0.02199,0.88340
CVE-2008-6665,0.01470,0.85425
CVE-2008-6666,0.00250,0.63055
CVE-2008-6667,0.01663,0.86342
CVE-2008-6668,0.00359,0.69358
CVE-2008-6669,0.03138,0.90146
CVE-2008-6670,0.13418,0.95106
CVE-2008-6671,0.03510,0.90666
CVE-2008-6672,0.03818,0.91035
CVE-2008-6673,0.00624,0.76738
CVE-2008-6674,0.00576,0.75712
CVE-2008-6675,0.00250,0.62996
CVE-2008-6676,0.00454,0.72650
CVE-2008-6677,0.01454,0.85356
CVE-2008-6678,0.00321,0.67613
CVE-2008-6679,0.14674,0.95291
CVE-2008-6680,0.07191,0.93399
CVE-2008-6681,0.00220,0.60207
CVE-2008-6682,0.01036,0.82357
CVE-2008-6683,0.00199,0.57863
CVE-2008-6684,0.01302,0.84484
CVE-2008-6685,0.00379,0.70190
CVE-2008-6686,0.00135,0.48729
CVE-2008-6687,0.00275,0.64854
CVE-2008-6688,0.00220,0.60154
CVE-2008-6689,0.00129,0.47721
CVE-2008-6690,0.00676,0.77800
CVE-2008-6691,0.00230,0.61251
CVE-2008-6692,0.00135,0.48729
CVE-2008-6693,0.00230,0.61251
CVE-2008-6694,0.00135,0.48729
CVE-2008-6695,0.00321,0.67613
CVE-2008-6696,0.00230,0.61251
CVE-2008-6697,0.00135,0.48729
CVE-2008-6698,0.00220,0.60154
CVE-2008-6699,0.00220,0.60154
CVE-2008-6700,0.00192,0.57132
CVE-2008-6701,0.00523,0.74485
CVE-2008-6702,0.11653,0.94796
CVE-2008-6703,0.18474,0.95765
CVE-2008-6704,0.01779,0.86764
CVE-2008-6705,0.02688,0.89442
CVE-2008-6706,0.00552,0.75197
CVE-2008-6707,0.00552,0.75197
CVE-2008-6708,0.00478,0.73284
CVE-2008-6709,0.00583,0.75849
CVE-2008-6710,0.00478,0.73284
CVE-2008-6711,0.00583,0.75849
CVE-2008-6712,0.09689,0.94271
CVE-2008-6713,0.22472,0.96094
CVE-2008-6714,0.01303,0.84490
CVE-2008-6715,0.00199,0.57863
CVE-2008-6716,0.00647,0.77173
CVE-2008-6717,0.01663,0.86342
CVE-2008-6718,0.01074,0.82730
CVE-2008-6719,0.01663,0.86342
CVE-2008-6720,0.00064,0.26120
CVE-2008-6721,0.00064,0.26120
CVE-2008-6722,0.00169,0.53838
CVE-2008-6723,0.04999,0.92110
CVE-2008-6724,0.00254,0.63423
CVE-2008-6725,0.00163,0.52991
CVE-2008-6726,0.00875,0.80708
CVE-2008-6727,0.00297,0.66267
CVE-2008-6728,0.00102,0.41272
CVE-2008-6729,0.00544,0.75011
CVE-2008-6730,0.00099,0.40627
CVE-2008-6731,0.05410,0.92429
CVE-2008-6732,0.00254,0.63423
CVE-2008-6733,0.00254,0.63423
CVE-2008-6734,0.00807,0.79925
CVE-2008-6735,0.00585,0.75896
CVE-2008-6736,0.01585,0.86015
CVE-2008-6737,0.02708,0.89477
CVE-2008-6738,0.01663,0.86342
CVE-2008-6739,0.00975,0.81791
CVE-2008-6740,0.02252,0.88491
CVE-2008-6741,0.00064,0.26120
CVE-2008-6742,0.01178,0.83585
CVE-2008-6743,0.04999,0.92110
CVE-2008-6744,0.00332,0.68206
CVE-2008-6745,0.01722,0.86564
CVE-2008-6746,0.00254,0.63423
CVE-2008-6747,0.00899,0.80989
CVE-2008-6748,0.06360,0.92986
CVE-2008-6749,0.00135,0.48729
CVE-2008-6750,0.01549,0.85838
CVE-2008-6751,0.03717,0.90916
CVE-2008-6752,0.03105,0.90102
CVE-2008-6753,0.00135,0.48729
CVE-2008-6754,0.00206,0.58589
CVE-2008-6755,0.00318,0.67467
CVE-2008-6756,0.00042,0.05722
CVE-2008-6757,0.00273,0.64718
CVE-2008-6758,0.00457,0.72709
CVE-2008-6759,0.00264,0.64141
CVE-2008-6760,0.00245,0.62538
CVE-2008-6761,0.00349,0.68921
CVE-2008-6762,0.00365,0.69635
CVE-2008-6763,0.04999,0.92110
CVE-2008-6764,0.00481,0.73387
CVE-2008-6765,0.00360,0.69415
CVE-2008-6766,0.00766,0.79318
CVE-2008-6767,0.00647,0.77173
CVE-2008-6768,0.04821,0.91984
CVE-2008-6769,0.00510,0.74181
CVE-2008-6770,0.00360,0.69428
CVE-2008-6771,0.00313,0.67129
CVE-2008-6772,0.00539,0.74885
CVE-2008-6773,0.00309,0.66947
CVE-2008-6774,0.00294,0.66088
CVE-2008-6775,0.05824,0.92675
CVE-2008-6776,0.00099,0.40627
CVE-2008-6777,0.00079,0.33113
CVE-2008-6778,0.00087,0.36669
CVE-2008-6779,0.00064,0.26120
CVE-2008-6780,0.00093,0.39001
CVE-2008-6781,0.00131,0.48066
CVE-2008-6782,0.00087,0.36669
CVE-2008-6783,0.00087,0.36669
CVE-2008-6784,0.00087,0.36669
CVE-2008-6785,0.06446,0.93030
CVE-2008-6786,0.00919,0.81210
CVE-2008-6787,0.00064,0.26120
CVE-2008-6788,0.00232,0.61374
CVE-2008-6789,0.00154,0.51746
CVE-2008-6790,0.00602,0.76255
CVE-2008-6791,0.03218,0.90265
CVE-2008-6792,0.00151,0.51253
CVE-2008-6793,0.07158,0.93386
CVE-2008-6794,0.00127,0.47299
CVE-2008-6795,0.00064,0.26120
CVE-2008-6796,0.00077,0.31810
CVE-2008-6797,0.00193,0.57280
CVE-2008-6798,0.00102,0.41272
CVE-2008-6799,0.07405,0.93467
CVE-2008-6801,0.00353,0.69101
CVE-2008-6802,0.00068,0.28434
CVE-2008-6803,0.00068,0.28434
CVE-2008-6804,0.01663,0.86342
CVE-2008-6805,0.00116,0.45283
CVE-2008-6806,0.04571,0.91728
CVE-2008-6807,0.01038,0.82380
CVE-2008-6808,0.00064,0.26120
CVE-2008-6809,0.00064,0.26120
CVE-2008-6810,0.00093,0.39001
CVE-2008-6811,0.01984,0.87616
CVE-2008-6812,0.00064,0.26120
CVE-2008-6813,0.00064,0.26120
CVE-2008-6814,0.02435,0.88935
CVE-2008-6815,0.00921,0.81243
CVE-2008-6816,0.11479,0.94754
CVE-2008-6817,0.00203,0.58342
CVE-2008-6818,0.00203,0.58342
CVE-2008-6819,0.00043,0.07422
CVE-2008-6820,0.00536,0.74820
CVE-2008-6821,0.01825,0.86964
CVE-2008-6822,0.05337,0.92367
CVE-2008-6823,0.00662,0.77541
CVE-2008-6824,0.00257,0.63592
CVE-2008-6825,0.06621,0.93139
CVE-2008-6826,0.03001,0.89938
CVE-2008-6827,0.00042,0.05722
CVE-2008-6828,0.00042,0.05722
CVE-2008-6829,0.00414,0.71448
CVE-2008-6830,0.00299,0.66369
CVE-2008-6831,0.00275,0.64854
CVE-2008-6832,0.00160,0.52542
CVE-2008-6833,0.01988,0.87629
CVE-2008-6834,0.00490,0.73629
CVE-2008-6835,0.00253,0.63275
CVE-2008-6836,0.00214,0.59454
CVE-2008-6837,0.00064,0.26120
CVE-2008-6838,0.00195,0.57440
CVE-2008-6839,0.00195,0.57440
CVE-2008-6840,0.02134,0.88158
CVE-2008-6841,0.01508,0.85636
CVE-2008-6842,0.00924,0.81271
CVE-2008-6843,0.00588,0.75990
CVE-2008-6844,0.05385,0.92409
CVE-2008-6845,0.00920,0.81233
CVE-2008-6846,0.04630,0.91778
CVE-2008-6847,0.00156,0.52007
CVE-2008-6848,0.00434,0.72014
CVE-2008-6849,0.02472,0.89008
CVE-2008-6850,0.00254,0.63423
CVE-2008-6851,0.00079,0.33113
CVE-2008-6852,0.00064,0.26120
CVE-2008-6853,0.00064,0.26120
CVE-2008-6854,0.01506,0.85628
CVE-2008-6855,0.01506,0.85628
CVE-2008-6856,0.01506,0.85628
CVE-2008-6857,0.04087,0.91313
CVE-2008-6858,0.01506,0.85628
CVE-2008-6859,0.01506,0.85628
CVE-2008-6860,0.01348,0.84755
CVE-2008-6861,0.01506,0.85628
CVE-2008-6862,0.01506,0.85628
CVE-2008-6863,0.01506,0.85628
CVE-2008-6864,0.01506,0.85628
CVE-2008-6865,0.00129,0.47721
CVE-2008-6866,0.00129,0.47721
CVE-2008-6867,0.00127,0.47299
CVE-2008-6868,0.00367,0.69722
CVE-2008-6869,0.00431,0.71930
CVE-2008-6870,0.00293,0.66040
CVE-2008-6871,0.00318,0.67500
CVE-2008-6872,0.01709,0.86505
CVE-2008-6873,0.00093,0.39001
CVE-2008-6874,0.00064,0.26120
CVE-2008-6875,0.00154,0.51666
CVE-2008-6876,0.00415,0.71458
CVE-2008-6877,0.02239,0.88457
CVE-2008-6878,0.02239,0.88457
CVE-2008-6879,0.00610,0.76430
CVE-2008-6880,0.00064,0.26120
CVE-2008-6881,0.00102,0.41432
CVE-2008-6882,0.00566,0.75476
CVE-2008-6883,0.00203,0.58293
CVE-2008-6884,0.03189,0.90224
CVE-2008-6885,0.00342,0.68621
CVE-2008-6886,0.00625,0.76775
CVE-2008-6887,0.00064,0.26120
CVE-2008-6888,0.00156,0.52007
CVE-2008-6889,0.00073,0.30137
CVE-2008-6890,0.00064,0.26120
CVE-2008-6891,0.00156,0.52007
CVE-2008-6892,0.00099,0.40627
CVE-2008-6893,0.00254,0.63423
CVE-2008-6894,0.00254,0.63423
CVE-2008-6895,0.00264,0.64126
CVE-2008-6896,0.00186,0.55903
CVE-2008-6897,0.04264,0.91467
CVE-2008-6898,0.85270,0.98292
CVE-2008-6899,0.02217,0.88393
CVE-2008-6900,0.00707,0.78370
CVE-2008-6901,0.00377,0.70125
CVE-2008-6902,0.02002,0.87686
CVE-2008-6903,0.01380,0.84972
CVE-2008-6904,0.07986,0.93694
CVE-2008-6905,0.00089,0.37304
CVE-2008-6906,0.00199,0.57863
CVE-2008-6907,0.00079,0.33113
CVE-2008-6908,0.00314,0.67217
CVE-2008-6909,0.00197,0.57695
CVE-2008-6910,0.00314,0.67217
CVE-2008-6911,0.00090,0.37833
CVE-2008-6912,0.03388,0.90517
CVE-2008-6913,0.00658,0.77401
CVE-2008-6914,0.00428,0.71826
CVE-2008-6915,0.00192,0.57132
CVE-2008-6916,0.03190,0.90227
CVE-2008-6917,0.00133,0.48324
CVE-2008-6918,0.03388,0.90517
CVE-2008-6919,0.01241,0.84065
CVE-2008-6920,0.09236,0.94132
CVE-2008-6921,0.09236,0.94132
CVE-2008-6922,0.08023,0.93710
CVE-2008-6923,0.00107,0.43198
CVE-2008-6924,0.00481,0.73387
CVE-2008-6925,0.00132,0.48166
CVE-2008-6926,0.00521,0.74448
CVE-2008-6927,0.00376,0.70048
CVE-2008-6928,0.00465,0.72905
CVE-2008-6929,0.00804,0.79876
CVE-2008-6930,0.00804,0.79876
CVE-2008-6931,0.00804,0.79876
CVE-2008-6932,0.09236,0.94132
CVE-2008-6933,0.00483,0.73440
CVE-2008-6934,0.11308,0.94719
CVE-2008-6935,0.04753,0.91903
CVE-2008-6936,0.00517,0.74326
CVE-2008-6937,0.00333,0.68281
CVE-2008-6938,0.04974,0.92086
CVE-2008-6939,0.02595,0.89245
CVE-2008-6940,0.01986,0.87618
CVE-2008-6941,0.00129,0.47721
CVE-2008-6942,0.00672,0.77749
CVE-2008-6943,0.00672,0.77749
CVE-2008-6944,0.00672,0.77749
CVE-2008-6945,0.00414,0.71398
CVE-2008-6946,0.00220,0.60154
CVE-2008-6947,0.00788,0.79655
CVE-2008-6948,0.00529,0.74634
CVE-2008-6949,0.00091,0.38503
CVE-2008-6950,0.00064,0.26120
CVE-2008-6951,0.00788,0.79655
CVE-2008-6952,0.00123,0.46645
CVE-2008-6953,0.19404,0.95869
CVE-2008-6954,0.00377,0.70124
CVE-2008-6955,0.00777,0.79494
CVE-2008-6956,0.00287,0.65637
CVE-2008-6957,0.08424,0.93837
CVE-2008-6958,0.01872,0.87181
CVE-2008-6959,0.78706,0.98007
CVE-2008-6960,0.04237,0.91445
CVE-2008-6961,0.00443,0.72323
CVE-2008-6962,0.00042,0.05722
CVE-2008-6963,0.01339,0.84700
CVE-2008-6964,0.00064,0.26120
CVE-2008-6965,0.00685,0.77994
CVE-2008-6966,0.00546,0.75064
CVE-2008-6967,0.00235,0.61627
CVE-2008-6968,0.00129,0.47721
CVE-2008-6969,0.00250,0.63055
CVE-2008-6970,0.00206,0.58586
CVE-2008-6971,0.11188,0.94686
CVE-2008-6972,0.00108,0.43390
CVE-2008-6973,0.00240,0.62140
CVE-2008-6974,0.01474,0.85444
CVE-2008-6975,0.00311,0.67072
CVE-2008-6976,0.00351,0.69009
CVE-2008-6977,0.00229,0.61155
CVE-2008-6978,0.05132,0.92218
CVE-2008-6979,0.00428,0.71828
CVE-2008-6980,0.00230,0.61251
CVE-2008-6981,0.00154,0.51730
CVE-2008-6982,0.00380,0.70232
CVE-2008-6983,0.00635,0.76943
CVE-2008-6984,0.00508,0.74103
CVE-2008-6985,0.00166,0.53322
CVE-2008-6986,0.00458,0.72742
CVE-2008-6987,0.00720,0.78616
CVE-2008-6988,0.00265,0.64225
CVE-2008-6989,0.00135,0.48729
CVE-2008-6990,0.00125,0.47070
CVE-2008-6991,0.00064,0.26120
CVE-2008-6992,0.00189,0.56512
CVE-2008-6993,0.00353,0.69120
CVE-2008-6994,0.19476,0.95877
CVE-2008-6995,0.03344,0.90454
CVE-2008-6996,0.13994,0.95192
CVE-2008-6997,0.03008,0.89947
CVE-2008-6998,0.15642,0.95436
CVE-2008-6999,0.00370,0.69857
CVE-2008-7000,0.00525,0.74524
CVE-2008-7001,0.00720,0.78616
CVE-2008-7002,0.00042,0.00438
CVE-2008-7003,0.00064,0.26120
CVE-2008-7004,0.00419,0.71561
CVE-2008-7005,0.06092,0.92833
CVE-2008-7006,0.01481,0.85467
CVE-2008-7007,0.03388,0.90517
CVE-2008-7008,0.11218,0.94697
CVE-2008-7009,0.00117,0.45613
CVE-2008-7010,0.01572,0.85942
CVE-2008-7011,0.02994,0.89928
CVE-2008-7012,0.02198,0.88336
CVE-2008-7013,0.00130,0.47775
CVE-2008-7014,0.02535,0.89132
CVE-2008-7015,0.03568,0.90728
CVE-2008-7016,0.00160,0.52542
CVE-2008-7017,0.00195,0.57440
CVE-2008-7018,0.00192,0.57132
CVE-2008-7019,0.01110,0.83022
CVE-2008-7020,0.00042,0.05722
CVE-2008-7021,0.00707,0.78370
CVE-2008-7022,0.00378,0.70130
CVE-2008-7023,0.00331,0.68175
CVE-2008-7024,0.09419,0.94193
CVE-2008-7025,0.00171,0.54146
CVE-2008-7026,0.10284,0.94453
CVE-2008-7027,0.00714,0.78509
CVE-2008-7028,0.01110,0.83022
CVE-2008-7029,0.00529,0.74634
CVE-2008-7030,0.00064,0.26120
CVE-2008-7031,0.16634,0.95555
CVE-2008-7032,0.01664,0.86349
CVE-2008-7033,0.00064,0.26120
CVE-2008-7034,0.00635,0.76943
CVE-2008-7035,0.00132,0.48166
CVE-2008-7036,0.00481,0.73387
CVE-2008-7037,0.00150,0.51209
CVE-2008-7038,0.00123,0.46645
CVE-2008-7039,0.00220,0.60154
CVE-2008-7040,0.00064,0.26120
CVE-2008-7041,0.01281,0.84335
CVE-2008-7042,0.01210,0.83829
CVE-2008-7043,0.00382,0.70303
CVE-2008-7044,0.00129,0.47721
CVE-2008-7045,0.00289,0.65756
CVE-2008-7046,0.00257,0.63557
CVE-2008-7047,0.01112,0.83039
CVE-2008-7048,0.00184,0.55716
CVE-2008-7049,0.00064,0.26120
CVE-2008-7050,0.02438,0.88940
CVE-2008-7051,0.01472,0.85432
CVE-2008-7052,0.00529,0.74634
CVE-2008-7053,0.02232,0.88436
CVE-2008-7054,0.00811,0.79950
CVE-2008-7055,0.00512,0.74227
CVE-2008-7056,0.00313,0.67129
CVE-2008-7057,0.00220,0.60207
CVE-2008-7058,0.00331,0.68182
CVE-2008-7059,0.00064,0.26120
CVE-2008-7060,0.00191,0.56676
CVE-2008-7061,0.09444,0.94202
CVE-2008-7062,0.01402,0.85086
CVE-2008-7063,0.00254,0.63304
CVE-2008-7064,0.02208,0.88367
CVE-2008-7065,0.11576,0.94782
CVE-2008-7066,0.01110,0.83022
CVE-2008-7067,0.01149,0.83334
CVE-2008-7068,0.00939,0.81422
CVE-2008-7069,0.00628,0.76833
CVE-2008-7070,0.03616,0.90791
CVE-2008-7071,0.00102,0.41272
CVE-2008-7072,0.00199,0.57863
CVE-2008-7073,0.01656,0.86312
CVE-2008-7074,0.00511,0.74191
CVE-2008-7075,0.00387,0.70500
CVE-2008-7076,0.00762,0.79255
CVE-2008-7077,0.00077,0.31810
CVE-2008-7078,0.07883,0.93651
CVE-2008-7079,0.09312,0.94160
CVE-2008-7080,0.00453,0.72618
CVE-2008-7081,0.00540,0.74912
CVE-2008-7082,0.00214,0.59454
CVE-2008-7083,0.00064,0.26120
CVE-2008-7084,0.00928,0.81316
CVE-2008-7085,0.00064,0.26120
CVE-2008-7086,0.01110,0.83022
CVE-2008-7087,0.01285,0.84376
CVE-2008-7088,0.00546,0.75055
CVE-2008-7089,0.00379,0.70181
CVE-2008-7090,0.00655,0.77348
CVE-2008-7091,0.00195,0.57456
CVE-2008-7092,0.01033,0.82314
CVE-2008-7093,0.02845,0.89723
CVE-2008-7094,0.01282,0.84358
CVE-2008-7095,0.00278,0.65037
CVE-2008-7096,0.00062,0.24773
CVE-2008-7097,0.00230,0.61251
CVE-2008-7098,0.00282,0.65305
CVE-2008-7099,0.00983,0.81879
CVE-2008-7100,0.00321,0.67605
CVE-2008-7101,0.00470,0.73072
CVE-2008-7102,0.00968,0.81732
CVE-2008-7103,0.11539,0.94768
CVE-2008-7104,0.05216,0.92280
CVE-2008-7105,0.05216,0.92280
CVE-2008-7106,0.01704,0.86484
CVE-2008-7107,0.00043,0.07477
CVE-2008-7108,0.00192,0.57132
CVE-2008-7109,0.03095,0.90088
CVE-2008-7110,0.02866,0.89752
CVE-2008-7111,0.01588,0.86023
CVE-2008-7112,0.00827,0.80155
CVE-2008-7113,0.00247,0.62731
CVE-2008-7114,0.00064,0.26120
CVE-2008-7115,0.00523,0.74485
CVE-2008-7116,0.00102,0.41272
CVE-2008-7117,0.00291,0.65915
CVE-2008-7118,0.00325,0.67828
CVE-2008-7119,0.00064,0.26120
CVE-2008-7120,0.00068,0.28434
CVE-2008-7121,0.00144,0.50290
CVE-2008-7122,0.00482,0.73409
CVE-2008-7123,0.01347,0.84750
CVE-2008-7124,0.10190,0.94436
CVE-2008-7125,0.00293,0.66055
CVE-2008-7126,0.09968,0.94361
CVE-2008-7127,0.03734,0.90940
CVE-2008-7128,0.00520,0.74408
CVE-2008-7129,0.00874,0.80686
CVE-2008-7130,0.00551,0.75173
CVE-2008-7131,0.00817,0.80026
CVE-2008-7132,0.00199,0.57826
CVE-2008-7133,0.00195,0.57440
CVE-2008-7134,0.00186,0.55980
CVE-2008-7135,0.00464,0.72879
CVE-2008-7136,0.00464,0.72879
CVE-2008-7137,0.02279,0.88564
CVE-2008-7138,0.00355,0.69216
CVE-2008-7139,0.00781,0.79540
CVE-2008-7140,0.00195,0.57440
CVE-2008-7141,0.00195,0.57440
CVE-2008-7142,0.01443,0.85295
CVE-2008-7143,0.00392,0.70690
CVE-2008-7144,0.00469,0.73027
CVE-2008-7145,0.00064,0.26120
CVE-2008-7146,0.00377,0.70123
CVE-2008-7147,0.00192,0.57132
CVE-2008-7148,0.00418,0.71540
CVE-2008-7149,0.00244,0.62423
CVE-2008-7150,0.00192,0.57132
CVE-2008-7151,0.00159,0.52409
CVE-2008-7152,0.01364,0.84888
CVE-2008-7153,0.00290,0.65816
CVE-2008-7154,0.00363,0.69527
CVE-2008-7155,0.01304,0.84500
CVE-2008-7156,0.00647,0.77173
CVE-2008-7157,0.01093,0.82880
CVE-2008-7158,0.01180,0.83609
CVE-2008-7159,0.02120,0.88070
CVE-2008-7160,0.02120,0.88070
CVE-2008-7161,0.01458,0.85381
CVE-2008-7162,0.06667,0.93162
CVE-2008-7163,0.00594,0.76101
CVE-2008-7164,0.00378,0.70141
CVE-2008-7165,0.01512,0.85654
CVE-2008-7166,0.03232,0.90295
CVE-2008-7167,0.02193,0.88322
CVE-2008-7168,0.00801,0.79838
CVE-2008-7169,0.00068,0.28434
CVE-2008-7170,0.01304,0.84500
CVE-2008-7171,0.00220,0.60207
CVE-2008-7172,0.00546,0.75064
CVE-2008-7173,0.19295,0.95853
CVE-2008-7174,0.04635,0.91791
CVE-2008-7175,0.00132,0.48166
CVE-2008-7176,0.00554,0.75222
CVE-2008-7177,0.00266,0.64312
CVE-2008-7178,0.00721,0.78630
CVE-2008-7179,0.00714,0.78509
CVE-2008-7180,0.00356,0.69258
CVE-2008-7181,0.01304,0.84500
CVE-2008-7182,0.69108,0.97718
CVE-2008-7183,0.00565,0.75455
CVE-2008-7184,0.00186,0.55980
CVE-2008-7185,0.02020,0.87745
CVE-2008-7186,0.00560,0.75323
CVE-2008-7187,0.00518,0.74351
CVE-2008-7188,0.01458,0.85381
CVE-2008-7189,0.00269,0.64448
CVE-2008-7190,0.00244,0.62423
CVE-2008-7191,0.00264,0.64126
CVE-2008-7192,0.00145,0.50326
CVE-2008-7193,0.00159,0.52409
CVE-2008-7194,0.00293,0.66031
CVE-2008-7195,0.00384,0.70381
CVE-2008-7196,0.00044,0.10161
CVE-2008-7197,0.00244,0.62423
CVE-2008-7198,0.00244,0.62423
CVE-2008-7199,0.00228,0.61048
CVE-2008-7200,0.00244,0.62423
CVE-2008-7201,0.00278,0.65050
CVE-2008-7202,0.00199,0.57863
CVE-2008-7203,0.12593,0.94969
CVE-2008-7204,0.00160,0.52542
CVE-2008-7205,0.00490,0.73644
CVE-2008-7206,0.00151,0.51245
CVE-2008-7207,0.00042,0.05722
CVE-2008-7208,0.00460,0.72808
CVE-2008-7209,0.11462,0.94749
CVE-2008-7210,0.00068,0.28387
CVE-2008-7211,0.00042,0.00438
CVE-2008-7212,0.00741,0.78927
CVE-2008-7213,0.04206,0.91412
CVE-2008-7214,0.00544,0.75015
CVE-2008-7215,0.02121,0.88074
CVE-2008-7216,0.00943,0.81459
CVE-2008-7217,0.00043,0.07422
CVE-2008-7218,0.01051,0.82497
CVE-2008-7219,0.01264,0.84234
CVE-2008-7220,0.00406,0.71160
CVE-2008-7221,0.00091,0.38503
CVE-2008-7222,0.00186,0.55980
CVE-2008-7223,0.00220,0.60154
CVE-2008-7224,0.01588,0.86032
CVE-2008-7225,0.01893,0.87276
CVE-2008-7226,0.00064,0.26120
CVE-2008-7227,0.00154,0.51707
CVE-2008-7228,0.00308,0.66893
CVE-2008-7229,0.00154,0.51677
CVE-2008-7230,0.00244,0.62423
CVE-2008-7231,0.00103,0.41614
CVE-2008-7232,0.48573,0.97206
CVE-2008-7233,0.02098,0.88018
CVE-2008-7234,0.00578,0.75748
CVE-2008-7235,0.00202,0.58223
CVE-2008-7236,0.00207,0.58737
CVE-2008-7237,0.00363,0.69560
CVE-2008-7238,0.00202,0.58234
CVE-2008-7239,0.01427,0.85202
CVE-2008-7240,0.00506,0.74075
CVE-2008-7241,0.00091,0.38503
CVE-2008-7242,0.00297,0.66267
CVE-2008-7243,0.00333,0.68248
CVE-2008-7244,0.00278,0.65050
CVE-2008-7245,0.00766,0.79318
CVE-2008-7246,0.00148,0.50759
CVE-2008-7247,0.00585,0.75888
CVE-2008-7248,0.15487,0.95420
CVE-2008-7249,0.03444,0.90593
CVE-2008-7250,0.00192,0.57132
CVE-2008-7251,0.00989,0.81943
CVE-2008-7252,0.00461,0.72810
CVE-2008-7253,0.00331,0.68186
CVE-2008-7254,0.00445,0.72370
CVE-2008-7255,0.00052,0.18252
CVE-2008-7256,0.00062,0.24773
CVE-2008-7257,0.90867,0.98635
CVE-2008-7258,0.00043,0.07520
CVE-2008-7261,0.00042,0.05722
CVE-2008-7262,0.00278,0.65028
CVE-2008-7263,0.00788,0.79655
CVE-2008-7264,0.01445,0.85312
CVE-2008-7265,0.00147,0.50684
CVE-2008-7266,0.00254,0.63423
CVE-2008-7267,0.00099,0.40627
CVE-2008-7268,0.00377,0.70123
CVE-2008-7269,0.01193,0.83692
CVE-2008-7270,0.00798,0.79808
CVE-2008-7271,0.00187,0.56309
CVE-2008-7272,0.00166,0.53316
CVE-2008-7273,0.00044,0.10161
CVE-2008-7274,0.00082,0.34027
CVE-2008-7275,0.00132,0.48166
CVE-2008-7276,0.00042,0.05722
CVE-2008-7277,0.00210,0.59013
CVE-2008-7278,0.00330,0.68102
CVE-2008-7279,0.00210,0.59013
CVE-2008-7280,0.00433,0.71989
CVE-2008-7281,0.00282,0.65331
CVE-2008-7282,0.00210,0.59013
CVE-2008-7283,0.00210,0.59013
CVE-2008-7284,0.00186,0.56001
CVE-2008-7285,0.00220,0.59951
CVE-2008-7286,0.00213,0.59277
CVE-2008-7287,0.00174,0.54675
CVE-2008-7288,0.00313,0.67140
CVE-2008-7289,0.00227,0.60976
CVE-2008-7290,0.00174,0.54675
CVE-2008-7291,0.00186,0.56041
CVE-2008-7292,0.00042,0.05722
CVE-2008-7293,0.00397,0.70864
CVE-2008-7294,0.00248,0.62846
CVE-2008-7295,0.00539,0.74876
CVE-2008-7296,0.00176,0.54804
CVE-2008-7297,0.00176,0.54804
CVE-2008-7298,0.00143,0.50104
CVE-2008-7299,0.00095,0.39579
CVE-2008-7300,0.00268,0.64435
CVE-2008-7301,0.00125,0.47070
CVE-2008-7302,0.00125,0.47070
CVE-2008-7303,0.00427,0.71824
CVE-2008-7309,0.00243,0.62381
CVE-2008-7310,0.00149,0.51018
CVE-2008-7311,0.00149,0.51018
CVE-2008-7312,0.00149,0.51018
CVE-2008-7313,0.01696,0.86459
CVE-2008-7314,0.00116,0.45451
CVE-2008-7315,0.01168,0.83496
CVE-2008-7316,0.00042,0.05722
CVE-2008-7319,0.00261,0.63875
CVE-2008-7320,0.00156,0.51995
CVE-2008-7321,0.00078,0.32606
CVE-2009-0001,0.02898,0.89795
CVE-2009-0002,0.90745,0.98623
CVE-2009-0003,0.49249,0.97226
CVE-2009-0004,0.03004,0.89942
CVE-2009-0005,0.03820,0.91037
CVE-2009-0006,0.48304,0.97184
CVE-2009-0007,0.90187,0.98585
CVE-2009-0008,0.01685,0.86417
CVE-2009-0009,0.01337,0.84690
CVE-2009-0010,0.89158,0.98516
CVE-2009-0011,0.00042,0.05722
CVE-2009-0012,0.13039,0.95037
CVE-2009-0013,0.00042,0.05722
CVE-2009-0014,0.00042,0.05722
CVE-2009-0015,0.00042,0.05722
CVE-2009-0016,0.24687,0.96237
CVE-2009-0017,0.00042,0.05722
CVE-2009-0018,0.00633,0.76906
CVE-2009-0019,0.02385,0.88813
CVE-2009-0020,0.04151,0.91367
CVE-2009-0021,0.00732,0.78810
CVE-2009-0022,0.84199,0.98237
CVE-2009-0023,0.01680,0.86400
CVE-2009-0024,0.00042,0.05722
CVE-2009-0025,0.01861,0.87126
CVE-2009-0026,0.01753,0.86681
CVE-2009-0027,0.00454,0.72641
CVE-2009-0028,0.00042,0.00438
CVE-2009-0029,0.00044,0.08000
CVE-2009-0030,0.00500,0.73876
CVE-2009-0031,0.00044,0.08000
CVE-2009-0032,0.00042,0.05722
CVE-2009-0033,0.01188,0.83657
CVE-2009-0034,0.00107,0.43168
CVE-2009-0035,0.00042,0.05722
CVE-2009-0036,0.00044,0.08094
CVE-2009-0037,0.00752,0.79087
CVE-2009-0038,0.00892,0.80907
CVE-2009-0039,0.00605,0.76332
CVE-2009-0040,0.02873,0.89762
CVE-2009-0041,0.00854,0.80473
CVE-2009-0042,0.04070,0.91288
CVE-2009-0043,0.05614,0.92564
CVE-2009-0046,0.00305,0.66704
CVE-2009-0047,0.00195,0.57443
CVE-2009-0048,0.00252,0.63182
CVE-2009-0049,0.00304,0.66633
CVE-2009-0050,0.00364,0.69598
CVE-2009-0051,0.00265,0.64254
CVE-2009-0052,0.00688,0.78057
CVE-2009-0053,0.00395,0.70791
CVE-2009-0054,0.00573,0.75617
CVE-2009-0055,0.00304,0.66622
CVE-2009-0056,0.00261,0.63915
CVE-2009-0057,0.02090,0.87988
CVE-2009-0058,0.00449,0.72483
CVE-2009-0059,0.00676,0.77814
CVE-2009-0061,0.00676,0.77814
CVE-2009-0062,0.00180,0.55321
CVE-2009-0063,0.01094,0.82889
CVE-2009-0064,0.00280,0.65177
CVE-2009-0065,0.94860,0.99129
CVE-2009-0066,0.00273,0.64707
CVE-2009-0068,0.02393,0.88829
CVE-2009-0069,0.00044,0.10704
CVE-2009-0070,0.00500,0.73879
CVE-2009-0071,0.07447,0.93485
CVE-2009-0072,0.01003,0.82073
CVE-2009-0075,0.97394,0.99911
CVE-2009-0076,0.91302,0.98681
CVE-2009-0077,0.94040,0.98996
CVE-2009-0078,0.00044,0.08213
CVE-2009-0079,0.00044,0.08213
CVE-2009-0080,0.00048,0.14757
CVE-2009-0081,0.75682,0.97916
CVE-2009-0082,0.00047,0.14006
CVE-2009-0083,0.00042,0.00438
CVE-2009-0084,0.78385,0.97997
CVE-2009-0085,0.91230,0.98675
CVE-2009-0086,0.60836,0.97513
CVE-2009-0087,0.91280,0.98677
CVE-2009-0088,0.41303,0.96972
CVE-2009-0089,0.00817,0.80023
CVE-2009-0090,0.78792,0.98010
CVE-2009-0091,0.63078,0.97572
CVE-2009-0093,0.97049,0.99714
CVE-2009-0094,0.96903,0.99655
CVE-2009-0095,0.40358,0.96939
CVE-2009-0096,0.45731,0.97107
CVE-2009-0097,0.10032,0.94399
CVE-2009-0098,0.82680,0.98173
CVE-2009-0099,0.77039,0.97956
CVE-2009-0100,0.91309,0.98683
CVE-2009-0102,0.93206,0.98891
CVE-2009-0103,0.00788,0.79655
CVE-2009-0104,0.00102,0.41272
CVE-2009-0105,0.00199,0.57863
CVE-2009-0106,0.00203,0.58293
CVE-2009-0107,0.00220,0.60207
CVE-2009-0108,0.04999,0.92110
CVE-2009-0109,0.00064,0.26120
CVE-2009-0110,0.00064,0.26120
CVE-2009-0111,0.00102,0.41432
CVE-2009-0112,0.00308,0.66899
CVE-2009-0113,0.03105,0.90102
CVE-2009-0114,0.01618,0.86171
CVE-2009-0115,0.00044,0.08000
CVE-2009-0119,0.03401,0.90536
CVE-2009-0120,0.02003,0.87688
CVE-2009-0121,0.00111,0.44281
CVE-2009-0122,0.00042,0.05722
CVE-2009-0123,0.00333,0.68279
CVE-2009-0124,0.00395,0.70800
CVE-2009-0125,0.00521,0.74446
CVE-2009-0126,0.00652,0.77309
CVE-2009-0127,0.00320,0.67580
CVE-2009-0128,0.00230,0.61290
CVE-2009-0129,0.00230,0.61290
CVE-2009-0130,0.00230,0.61290
CVE-2009-0131,0.00044,0.10704
CVE-2009-0132,0.00044,0.10704
CVE-2009-0133,0.05157,0.92238
CVE-2009-0134,0.81559,0.98101
CVE-2009-0135,0.11295,0.94716
CVE-2009-0136,0.11835,0.94845
CVE-2009-0137,0.00624,0.76757
CVE-2009-0138,0.01854,0.87099
CVE-2009-0139,0.00200,0.57947
CVE-2009-0140,0.00156,0.52065
CVE-2009-0141,0.00042,0.05722
CVE-2009-0142,0.00042,0.05722
CVE-2009-0143,0.00359,0.69365
CVE-2009-0144,0.00553,0.75215
CVE-2009-0145,0.04718,0.91870
CVE-2009-0146,0.02756,0.89571
CVE-2009-0147,0.02097,0.88010
CVE-2009-0148,0.59217,0.97473
CVE-2009-0149,0.00043,0.05916
CVE-2009-0150,0.00044,0.10372
CVE-2009-0151,0.00074,0.30742
CVE-2009-0152,0.00790,0.79693
CVE-2009-0153,0.00535,0.74794
CVE-2009-0154,0.30565,0.96554
CVE-2009-0155,0.05274,0.92314
CVE-2009-0156,0.01171,0.83528
CVE-2009-0157,0.00328,0.67980
CVE-2009-0158,0.03023,0.89975
CVE-2009-0159,0.04305,0.91505
CVE-2009-0160,0.04646,0.91803
CVE-2009-0161,0.00700,0.78250
CVE-2009-0162,0.00757,0.79184
CVE-2009-0163,0.02172,0.88267
CVE-2009-0164,0.00979,0.81842
CVE-2009-0165,0.00362,0.69523
CVE-2009-0166,0.01969,0.87552
CVE-2009-0167,0.00044,0.10704
CVE-2009-0168,0.00044,0.10704
CVE-2009-0169,0.00353,0.69126
CVE-2009-0170,0.00353,0.69126
CVE-2009-0171,0.00571,0.75561
CVE-2009-0172,0.23283,0.96148
CVE-2009-0173,0.87735,0.98424
CVE-2009-0174,0.13461,0.95112
CVE-2009-0175,0.06205,0.92900
CVE-2009-0176,0.08782,0.93978
CVE-2009-0177,0.07785,0.93595
CVE-2009-0178,0.00449,0.72472
CVE-2009-0179,0.00200,0.57935
CVE-2009-0180,0.01180,0.83609
CVE-2009-0181,0.00141,0.49816
CVE-2009-0182,0.00541,0.74934
CVE-2009-0183,0.88377,0.98461
CVE-2009-0184,0.68754,0.97709
CVE-2009-0185,0.03741,0.90946
CVE-2009-0186,0.40974,0.96963
CVE-2009-0187,0.95721,0.99303
CVE-2009-0188,0.02442,0.88949
CVE-2009-0191,0.08865,0.94007
CVE-2009-0192,0.33219,0.96664
CVE-2009-0193,0.23568,0.96167
CVE-2009-0194,0.01162,0.83440
CVE-2009-0195,0.41671,0.96983
CVE-2009-0196,0.13865,0.95168
CVE-2009-0197,0.05134,0.92219
CVE-2009-0198,0.35903,0.96775
CVE-2009-0199,0.15038,0.95345
CVE-2009-0200,0.23558,0.96165
CVE-2009-0201,0.35668,0.96759
CVE-2009-0202,0.15760,0.95449
CVE-2009-0204,0.00240,0.62095
CVE-2009-0206,0.00042,0.05722
CVE-2009-0207,0.00042,0.05722
CVE-2009-0208,0.05128,0.92217
CVE-2009-0209,0.00187,0.56310
CVE-2009-0210,0.01687,0.86423
CVE-2009-0211,0.01062,0.82622
CVE-2009-0212,0.01062,0.82622
CVE-2009-0213,0.01263,0.84223
CVE-2009-0214,0.00395,0.70785
CVE-2009-0215,0.94819,0.99120
CVE-2009-0216,0.01147,0.83315
CVE-2009-0217,0.97281,0.99838
CVE-2009-0218,0.04022,0.91227
CVE-2009-0219,0.06755,0.93203
CVE-2009-0220,0.92384,0.98800
CVE-2009-0221,0.93200,0.98889
CVE-2009-0222,0.86053,0.98330
CVE-2009-0223,0.84236,0.98239
CVE-2009-0224,0.88943,0.98497
CVE-2009-0225,0.93572,0.98933
CVE-2009-0226,0.95115,0.99164
CVE-2009-0227,0.94422,0.99056
CVE-2009-0228,0.75160,0.97901
CVE-2009-0229,0.00045,0.11989
CVE-2009-0230,0.00679,0.77904
CVE-2009-0231,0.90748,0.98623
CVE-2009-0232,0.71092,0.97792
CVE-2009-0233,0.11947,0.94861
CVE-2009-0234,0.90459,0.98601
CVE-2009-0235,0.91059,0.98657
CVE-2009-0237,0.93037,0.98874
CVE-2009-0238,0.55385,0.97387
CVE-2009-0239,0.18835,0.95807
CVE-2009-0240,0.00242,0.62231
CVE-2009-0241,0.73125,0.97842
CVE-2009-0243,0.02532,0.89126
CVE-2009-0244,0.01071,0.82707
CVE-2009-0245,0.00254,0.63423
CVE-2009-0246,0.00516,0.74306
CVE-2009-0247,0.00192,0.57132
CVE-2009-0248,0.00203,0.58339
CVE-2009-0249,0.00170,0.54041
CVE-2009-0250,0.00353,0.69111
CVE-2009-0251,0.00287,0.65637
CVE-2009-0252,0.00106,0.42987
CVE-2009-0253,0.02992,0.89923
CVE-2009-0254,0.00541,0.74954
CVE-2009-0255,0.00286,0.65602
CVE-2009-0256,0.01491,0.85515
CVE-2009-0257,0.00317,0.67408
CVE-2009-0258,0.01142,0.83283
CVE-2009-0259,0.02423,0.88905
CVE-2009-0260,0.00775,0.79454
CVE-2009-0261,0.00424,0.71737
CVE-2009-0262,0.02572,0.89191
CVE-2009-0263,0.90844,0.98632
CVE-2009-0264,0.00365,0.69637
CVE-2009-0265,0.00578,0.75747
CVE-2009-0266,0.00723,0.78661
CVE-2009-0267,0.02722,0.89506
CVE-2009-0268,0.00044,0.10704
CVE-2009-0269,0.00044,0.08000
CVE-2009-0270,0.28822,0.96464
CVE-2009-0271,0.00443,0.72316
CVE-2009-0272,0.00170,0.54084
CVE-2009-0273,0.00209,0.58929
CVE-2009-0274,0.00141,0.49835
CVE-2009-0275,0.00171,0.54227
CVE-2009-0276,0.00344,0.68718
CVE-2009-0277,0.00044,0.10704
CVE-2009-0278,0.00495,0.73753
CVE-2009-0279,0.00064,0.26120
CVE-2009-0280,0.01496,0.85557
CVE-2009-0281,0.00064,0.26120
CVE-2009-0282,0.03948,0.91162
CVE-2009-0283,0.00149,0.50941
CVE-2009-0284,0.00064,0.26120
CVE-2009-0285,0.00149,0.50941
CVE-2009-0286,0.01778,0.86761
CVE-2009-0287,0.00248,0.62861
CVE-2009-0288,0.00520,0.74390
CVE-2009-0289,0.01236,0.84029
CVE-2009-0290,0.02158,0.88234
CVE-2009-0291,0.01119,0.83091
CVE-2009-0292,0.00100,0.40966
CVE-2009-0293,0.00064,0.26120
CVE-2009-0294,0.02252,0.88491
CVE-2009-0295,0.00064,0.26120
CVE-2009-0296,0.00100,0.40966
CVE-2009-0297,0.00100,0.40966
CVE-2009-0298,0.15845,0.95467
CVE-2009-0299,0.00087,0.36669
CVE-2009-0301,0.00988,0.81939
CVE-2009-0302,0.00387,0.70499
CVE-2009-0303,0.00192,0.57132
CVE-2009-0304,0.37029,0.96823
CVE-2009-0305,0.45819,0.97111
CVE-2009-0306,0.01803,0.86861
CVE-2009-0307,0.00631,0.76878
CVE-2009-0310,0.00054,0.19376
CVE-2009-0311,0.22343,0.96084
CVE-2009-0312,0.00448,0.72467
CVE-2009-0313,0.00042,0.05722
CVE-2009-0314,0.00042,0.05722
CVE-2009-0315,0.00042,0.05722
CVE-2009-0316,0.00042,0.05722
CVE-2009-0317,0.00042,0.05722
CVE-2009-0318,0.00042,0.05722
CVE-2009-0319,0.00044,0.10704
CVE-2009-0320,0.00046,0.13800
CVE-2009-0321,0.00810,0.79944
CVE-2009-0322,0.00044,0.08000
CVE-2009-0323,0.93321,0.98909
CVE-2009-0324,0.00133,0.48324
CVE-2009-0325,0.01614,0.86152
CVE-2009-0326,0.00068,0.28434
CVE-2009-0327,0.00087,0.36669
CVE-2009-0328,0.00664,0.77575
CVE-2009-0329,0.00064,0.26120
CVE-2009-0330,0.00475,0.73216
CVE-2009-0331,0.02214,0.88384
CVE-2009-0332,0.00135,0.48729
CVE-2009-0333,0.00100,0.40966
CVE-2009-0334,0.00102,0.41432
CVE-2009-0335,0.00203,0.58339
CVE-2009-0336,0.00170,0.54041
CVE-2009-0337,0.00171,0.54155
CVE-2009-0338,0.00217,0.59689
CVE-2009-0339,0.00102,0.41526
CVE-2009-0340,0.00558,0.75294
CVE-2009-0341,0.11978,0.94868
CVE-2009-0342,0.00042,0.05722
CVE-2009-0343,0.00042,0.00438
CVE-2009-0344,0.01038,0.82383
CVE-2009-0345,0.01038,0.82383
CVE-2009-0346,0.00044,0.10704
CVE-2009-0347,0.10607,0.94541
CVE-2009-0348,0.01530,0.85750
CVE-2009-0349,0.03689,0.90891
CVE-2009-0350,0.04045,0.91255
CVE-2009-0351,0.32370,0.96630
CVE-2009-0352,0.42199,0.96998
CVE-2009-0353,0.45145,0.97088
CVE-2009-0354,0.00300,0.66437
CVE-2009-0355,0.00537,0.74853
CVE-2009-0356,0.18649,0.95794
CVE-2009-0357,0.00474,0.73156
CVE-2009-0358,0.00044,0.08000
CVE-2009-0359,0.00110,0.43987
CVE-2009-0360,0.00042,0.00438
CVE-2009-0361,0.00044,0.08000
CVE-2009-0362,0.00360,0.69412
CVE-2009-0363,0.10564,0.94523
CVE-2009-0364,0.04244,0.91449
CVE-2009-0365,0.00044,0.08000
CVE-2009-0366,0.01969,0.87551
CVE-2009-0367,0.45724,0.97106
CVE-2009-0368,0.00102,0.41542
CVE-2009-0369,0.02158,0.88234
CVE-2009-0370,0.00042,0.05722
CVE-2009-0371,0.00475,0.73216
CVE-2009-0372,0.01116,0.83067
CVE-2009-0373,0.00087,0.36669
CVE-2009-0374,0.02096,0.88006
CVE-2009-0375,0.84670,0.98263
CVE-2009-0376,0.95634,0.99286
CVE-2009-0377,0.00102,0.41272
CVE-2009-0378,0.00192,0.57139
CVE-2009-0379,0.00064,0.26120
CVE-2009-0380,0.00064,0.26120
CVE-2009-0381,0.00064,0.26120
CVE-2009-0382,0.00233,0.61425
CVE-2009-0383,0.02835,0.89701
CVE-2009-0384,0.00095,0.39667
CVE-2009-0385,0.47549,0.97168
CVE-2009-0386,0.13388,0.95098
CVE-2009-0387,0.43676,0.97045
CVE-2009-0388,0.89891,0.98568
CVE-2009-0389,0.08046,0.93718
CVE-2009-0390,0.00042,0.00438
CVE-2009-0391,0.00348,0.68893
CVE-2009-0392,0.00172,0.54265
CVE-2009-0393,0.00090,0.38045
CVE-2009-0394,0.00068,0.28434
CVE-2009-0395,0.00068,0.28434
CVE-2009-0396,0.01282,0.84358
CVE-2009-0397,0.08641,0.93926
CVE-2009-0398,0.01311,0.84536
CVE-2009-0399,0.00429,0.71874
CVE-2009-0400,0.00087,0.36669
CVE-2009-0401,0.00103,0.41633
CVE-2009-0402,0.00779,0.79516
CVE-2009-0403,0.00140,0.49543
CVE-2009-0404,0.00292,0.65987
CVE-2009-0405,0.00064,0.26120
CVE-2009-0406,0.00064,0.26120
CVE-2009-0407,0.00064,0.26120
CVE-2009-0408,0.00103,0.41585
CVE-2009-0409,0.00087,0.36669
CVE-2009-0410,0.92027,0.98756
CVE-2009-0411,0.00302,0.66498
CVE-2009-0412,0.00788,0.79655
CVE-2009-0413,0.00265,0.64225
CVE-2009-0414,0.01545,0.85818
CVE-2009-0415,0.00042,0.05722
CVE-2009-0416,0.00042,0.05722
CVE-2009-0417,0.00220,0.59971
CVE-2009-0418,0.15809,0.95461
CVE-2009-0419,0.00431,0.71906
CVE-2009-0420,0.00064,0.26120
CVE-2009-0421,0.00064,0.26120
CVE-2009-0422,0.01496,0.85554
CVE-2009-0423,0.01119,0.83091
CVE-2009-0424,0.00254,0.63423
CVE-2009-0425,0.00068,0.28434
CVE-2009-0426,0.00102,0.41432
CVE-2009-0427,0.00154,0.51666
CVE-2009-0428,0.00154,0.51666
CVE-2009-0429,0.00068,0.28434
CVE-2009-0430,0.00150,0.51191
CVE-2009-0431,0.00068,0.28434
CVE-2009-0432,0.00311,0.67043
CVE-2009-0433,0.00352,0.69085
CVE-2009-0434,0.00042,0.05722
CVE-2009-0435,0.00208,0.58805
CVE-2009-0436,0.00052,0.18008
CVE-2009-0437,0.00042,0.05722
CVE-2009-0438,0.00222,0.60615
CVE-2009-0439,0.00042,0.05722
CVE-2009-0440,0.00272,0.64627
CVE-2009-0441,0.02513,0.89091
CVE-2009-0442,0.00822,0.80093
CVE-2009-0443,0.07837,0.93630
CVE-2009-0444,0.05377,0.92406
CVE-2009-0445,0.00123,0.46645
CVE-2009-0446,0.00068,0.28434
CVE-2009-0447,0.00064,0.26120
CVE-2009-0448,0.01119,0.83091
CVE-2009-0449,0.00117,0.45613
CVE-2009-0450,0.04045,0.91255
CVE-2009-0451,0.00068,0.28434
CVE-2009-0452,0.00102,0.41432
CVE-2009-0453,0.00330,0.68102
CVE-2009-0454,0.00102,0.41272
CVE-2009-0455,0.00301,0.66467
CVE-2009-0456,0.01038,0.82380
CVE-2009-0457,0.01793,0.86829
CVE-2009-0458,0.00102,0.41432
CVE-2009-0459,0.00135,0.48729
CVE-2009-0460,0.00727,0.78725
CVE-2009-0461,0.00727,0.78725
CVE-2009-0462,0.00064,0.26120
CVE-2009-0463,0.02252,0.88491
CVE-2009-0464,0.05454,0.92460
CVE-2009-0465,0.06121,0.92847
CVE-2009-0466,0.00192,0.57132
CVE-2009-0467,0.00220,0.60207
CVE-2009-0468,0.00304,0.66636
CVE-2009-0469,0.00523,0.74485
CVE-2009-0470,0.00175,0.54768
CVE-2009-0471,0.00118,0.45823
CVE-2009-0472,0.00165,0.53195
CVE-2009-0473,0.00369,0.69806
CVE-2009-0474,0.00224,0.60775
CVE-2009-0475,0.02694,0.89453
CVE-2009-0476,0.84378,0.98244
CVE-2009-0477,0.00044,0.10704
CVE-2009-0478,0.95142,0.99173
CVE-2009-0479,0.00125,0.47070
CVE-2009-0480,0.00044,0.10704
CVE-2009-0481,0.00100,0.40850
CVE-2009-0482,0.00177,0.54950
CVE-2009-0483,0.00405,0.71093
CVE-2009-0484,0.00276,0.64916
CVE-2009-0485,0.00276,0.64916
CVE-2009-0486,0.00214,0.59454
CVE-2009-0487,0.00220,0.60154
CVE-2009-0488,0.00132,0.48166
CVE-2009-0489,0.00042,0.05722
CVE-2009-0490,0.06855,0.93254
CVE-2009-0491,0.04073,0.91294
CVE-2009-0492,0.00299,0.66379
CVE-2009-0493,0.00064,0.26120
CVE-2009-0494,0.00068,0.28434
CVE-2009-0495,0.01038,0.82380
CVE-2009-0496,0.90689,0.98617
CVE-2009-0497,0.02048,0.87846
CVE-2009-0498,0.00298,0.66359
CVE-2009-0499,0.00202,0.58195
CVE-2009-0500,0.00259,0.63800
CVE-2009-0501,0.00179,0.55143
CVE-2009-0502,0.00259,0.63800
CVE-2009-0503,0.00042,0.05722
CVE-2009-0504,0.00042,0.05722
CVE-2009-0505,0.00288,0.65709
CVE-2009-0506,0.00042,0.05722
CVE-2009-0507,0.00133,0.48333
CVE-2009-0508,0.00740,0.78908
CVE-2009-0509,0.43447,0.97034
CVE-2009-0510,0.46065,0.97116
CVE-2009-0511,0.46065,0.97116
CVE-2009-0512,0.46065,0.97116
CVE-2009-0513,0.00441,0.72268
CVE-2009-0514,0.00483,0.73439
CVE-2009-0515,0.01388,0.85009
CVE-2009-0516,0.00087,0.36669
CVE-2009-0517,0.15644,0.95436
CVE-2009-0518,0.00042,0.05722
CVE-2009-0519,0.26860,0.96352
CVE-2009-0520,0.33574,0.96680
CVE-2009-0521,0.00042,0.05778
CVE-2009-0522,0.00731,0.78786
CVE-2009-0523,0.00261,0.63881
CVE-2009-0524,0.00397,0.70889
CVE-2009-0525,0.00132,0.48166
CVE-2009-0526,0.00220,0.60207
CVE-2009-0527,0.00635,0.76943
CVE-2009-0528,0.00064,0.26120
CVE-2009-0529,0.00199,0.57863
CVE-2009-0530,0.00565,0.75455
CVE-2009-0531,0.00110,0.44030
CVE-2009-0532,0.00192,0.57132
CVE-2009-0533,0.00192,0.57132
CVE-2009-0534,0.00102,0.41272
CVE-2009-0535,0.00930,0.81332
CVE-2009-0536,0.00044,0.08000
CVE-2009-0537,0.00156,0.52008
CVE-2009-0538,0.00047,0.14044
CVE-2009-0540,0.00352,0.69079
CVE-2009-0541,0.07949,0.93684
CVE-2009-0542,0.93631,0.98942
CVE-2009-0543,0.00345,0.68748
CVE-2009-0544,0.25447,0.96279
CVE-2009-0545,0.97081,0.99730
CVE-2009-0546,0.89630,0.98553
CVE-2009-0547,0.00591,0.76046
CVE-2009-0548,0.00220,0.60154
CVE-2009-0549,0.82535,0.98168
CVE-2009-0550,0.28346,0.96447
CVE-2009-0551,0.91296,0.98678
CVE-2009-0552,0.93596,0.98936
CVE-2009-0553,0.96233,0.99417
CVE-2009-0554,0.89200,0.98520
CVE-2009-0555,0.91934,0.98745
CVE-2009-0556,0.96378,0.99469
CVE-2009-0557,0.96632,0.99556
CVE-2009-0558,0.94744,0.99108
CVE-2009-0559,0.96647,0.99561
CVE-2009-0560,0.95851,0.99327
CVE-2009-0561,0.86837,0.98379
CVE-2009-0562,0.88004,0.98439
CVE-2009-0563,0.83278,0.98199
CVE-2009-0565,0.89205,0.98522
CVE-2009-0566,0.78323,0.97993
CVE-2009-0568,0.28988,0.96477
CVE-2009-0569,0.08228,0.93782
CVE-2009-0570,0.00300,0.66448
CVE-2009-0571,0.00170,0.54041
CVE-2009-0572,0.05973,0.92763
CVE-2009-0573,0.00209,0.58843
CVE-2009-0574,0.00064,0.26120
CVE-2009-0575,0.00254,0.63423
CVE-2009-0576,0.02507,0.89074
CVE-2009-0577,0.02127,0.88106
CVE-2009-0578,0.00042,0.05722
CVE-2009-0579,0.00042,0.05722
CVE-2009-0580,0.97241,0.99816
CVE-2009-0581,0.00197,0.57647
CVE-2009-0582,0.00266,0.64275
CVE-2009-0583,0.00985,0.81895
CVE-2009-0584,0.00827,0.80153
CVE-2009-0585,0.02024,0.87757
CVE-2009-0586,0.01111,0.83034
CVE-2009-0587,0.01805,0.86876
CVE-2009-0588,0.00455,0.72668
CVE-2009-0590,0.21064,0.96001
CVE-2009-0591,0.00786,0.79598
CVE-2009-0592,0.02499,0.89058
CVE-2009-0593,0.00065,0.27088
CVE-2009-0594,0.00199,0.57863
CVE-2009-0595,0.00529,0.74639
CVE-2009-0596,0.00290,0.65841
CVE-2009-0597,0.00133,0.48324
CVE-2009-0598,0.00064,0.26120
CVE-2009-0599,0.00910,0.81109
CVE-2009-0600,0.00611,0.76448
CVE-2009-0601,0.00048,0.14801
CVE-2009-0602,0.03269,0.90352
CVE-2009-0603,0.00112,0.44435
CVE-2009-0604,0.00064,0.26120
CVE-2009-0605,0.00042,0.05722
CVE-2009-0606,0.00042,0.05722
CVE-2009-0607,0.00049,0.15042
CVE-2009-0608,0.00055,0.20462
CVE-2009-0609,0.00657,0.77386
CVE-2009-0610,0.00349,0.68921
CVE-2009-0611,0.84866,0.98273
CVE-2009-0612,0.00259,0.63737
CVE-2009-0613,0.00234,0.61500
CVE-2009-0614,0.00388,0.70518
CVE-2009-0615,0.00233,0.61480
CVE-2009-0616,0.00555,0.75253
CVE-2009-0617,0.00555,0.75253
CVE-2009-0618,0.00510,0.74179
CVE-2009-0619,0.00488,0.73591
CVE-2009-0620,0.00396,0.70833
CVE-2009-0621,0.00396,0.70833
CVE-2009-0622,0.00173,0.54544
CVE-2009-0623,0.00181,0.55455
CVE-2009-0624,0.00216,0.59641
CVE-2009-0625,0.00563,0.75411
CVE-2009-0626,0.00918,0.81206
CVE-2009-0627,0.00181,0.55455
CVE-2009-0628,0.02117,0.88061
CVE-2009-0629,0.01674,0.86378
CVE-2009-0630,0.02090,0.87991
CVE-2009-0631,0.02004,0.87695
CVE-2009-0632,0.00550,0.75145
CVE-2009-0633,0.02420,0.88896
CVE-2009-0634,0.02420,0.88896
CVE-2009-0635,0.02090,0.87991
CVE-2009-0636,0.02090,0.87991
CVE-2009-0637,0.00413,0.71385
CVE-2009-0638,0.02004,0.87695
CVE-2009-0639,0.02252,0.88491
CVE-2009-0640,0.01450,0.85331
CVE-2009-0641,0.06456,0.93038
CVE-2009-0642,0.02142,0.88177
CVE-2009-0643,0.01270,0.84260
CVE-2009-0644,0.00482,0.73409
CVE-2009-0645,0.01095,0.82899
CVE-2009-0646,0.00278,0.65041
CVE-2009-0647,0.02943,0.89855
CVE-2009-0648,0.00331,0.68182
CVE-2009-0649,0.05857,0.92697
CVE-2009-0650,0.03051,0.90022
CVE-2009-0651,0.01253,0.84138
CVE-2009-0652,0.00917,0.81190
CVE-2009-0653,0.00256,0.63549
CVE-2009-0654,0.00855,0.80486
CVE-2009-0655,0.00100,0.40979
CVE-2009-0656,0.00100,0.40979
CVE-2009-0657,0.00191,0.56824
CVE-2009-0658,0.97279,0.99836
CVE-2009-0659,0.00708,0.78378
CVE-2009-0660,0.00370,0.69861
CVE-2009-0661,0.09559,0.94236
CVE-2009-0662,0.00351,0.69042
CVE-2009-0663,0.01952,0.87503
CVE-2009-0664,0.00275,0.64854
CVE-2009-0667,0.00042,0.05722
CVE-2009-0668,0.00571,0.75571
CVE-2009-0669,0.01784,0.86788
CVE-2009-0672,0.00157,0.52142
CVE-2009-0673,0.00677,0.77876
CVE-2009-0674,0.00965,0.81696
CVE-2009-0675,0.00044,0.08000
CVE-2009-0676,0.00042,0.00438
CVE-2009-0677,0.01839,0.87050
CVE-2009-0678,0.00452,0.72592
CVE-2009-0679,0.00223,0.60696
CVE-2009-0680,0.02158,0.88233
CVE-2009-0681,0.00042,0.05722
CVE-2009-0682,0.00048,0.14686
CVE-2009-0686,0.00042,0.00438
CVE-2009-0687,0.05896,0.92720
CVE-2009-0688,0.40674,0.96950
CVE-2009-0689,0.96997,0.99688
CVE-2009-0690,0.09816,0.94307
CVE-2009-0691,0.09176,0.94108
CVE-2009-0692,0.07614,0.93536
CVE-2009-0693,0.06050,0.92799
CVE-2009-0695,0.47328,0.97156
CVE-2009-0696,0.96503,0.99507
CVE-2009-0698,0.06707,0.93181
CVE-2009-0699,0.00280,0.65148
CVE-2009-0700,0.00770,0.79371
CVE-2009-0701,0.02252,0.88491
CVE-2009-0702,0.00077,0.31810
CVE-2009-0703,0.00064,0.26120
CVE-2009-0704,0.00064,0.26120
CVE-2009-0705,0.00087,0.36669
CVE-2009-0706,0.00102,0.41519
CVE-2009-0707,0.00087,0.36669
CVE-2009-0708,0.00091,0.38503
CVE-2009-0709,0.00140,0.49543
CVE-2009-0710,0.00254,0.63423
CVE-2009-0711,0.00167,0.53425
CVE-2009-0712,0.00042,0.05722
CVE-2009-0713,0.00548,0.75100
CVE-2009-0714,0.93863,0.98972
CVE-2009-0715,0.00487,0.73542
CVE-2009-0716,0.01558,0.85888
CVE-2009-0717,0.01349,0.84761
CVE-2009-0718,0.16150,0.95500
CVE-2009-0719,0.00042,0.05722
CVE-2009-0720,0.25715,0.96293
CVE-2009-0721,0.59544,0.97481
CVE-2009-0722,0.00993,0.81992
CVE-2009-0723,0.00427,0.71817
CVE-2009-0726,0.00064,0.26120
CVE-2009-0727,0.00087,0.36669
CVE-2009-0728,0.00068,0.28434
CVE-2009-0729,0.01054,0.82521
CVE-2009-0730,0.00104,0.42006
CVE-2009-0731,0.00475,0.73216
CVE-2009-0732,0.00278,0.65037
CVE-2009-0733,0.00347,0.68815
CVE-2009-0734,0.05492,0.92492
CVE-2009-0735,0.00729,0.78756
CVE-2009-0736,0.00220,0.59971
CVE-2009-0737,0.00314,0.67230
CVE-2009-0738,0.00100,0.40966
CVE-2009-0739,0.00068,0.28434
CVE-2009-0740,0.00068,0.28434
CVE-2009-0741,0.00064,0.26120
CVE-2009-0742,0.00130,0.47813
CVE-2009-0743,0.00116,0.45287
CVE-2009-0744,0.02840,0.89711
CVE-2009-0745,0.00044,0.08000
CVE-2009-0746,0.00042,0.00438
CVE-2009-0747,0.00044,0.08000
CVE-2009-0748,0.00044,0.08000
CVE-2009-0749,0.00206,0.58603
CVE-2009-0750,0.00107,0.43198
CVE-2009-0751,0.19584,0.95882
CVE-2009-0752,0.00217,0.59716
CVE-2009-0753,0.03789,0.91004
CVE-2009-0754,0.00042,0.00438
CVE-2009-0755,0.10668,0.94558
CVE-2009-0756,0.05322,0.92357
CVE-2009-0757,0.00840,0.80322
CVE-2009-0758,0.03257,0.90336
CVE-2009-0759,0.00478,0.73284
CVE-2009-0760,0.00360,0.69428
CVE-2009-0761,0.00204,0.58384
CVE-2009-0762,0.00192,0.57132
CVE-2009-0763,0.00199,0.57863
CVE-2009-0764,0.00122,0.46493
CVE-2009-0765,0.00450,0.72533
CVE-2009-0766,0.00490,0.73629
CVE-2009-0767,0.00170,0.54041
CVE-2009-0768,0.00068,0.28434
CVE-2009-0769,0.02558,0.89165
CVE-2009-0770,0.03131,0.90137
CVE-2009-0771,0.74569,0.97887
CVE-2009-0772,0.16053,0.95487
CVE-2009-0773,0.93724,0.98954
CVE-2009-0774,0.06522,0.93080
CVE-2009-0775,0.17539,0.95678
CVE-2009-0776,0.00719,0.78597
CVE-2009-0777,0.00612,0.76473
CVE-2009-0778,0.01366,0.84896
CVE-2009-0779,0.00042,0.05722
CVE-2009-0780,0.04407,0.91591
CVE-2009-0781,0.24471,0.96223
CVE-2009-0783,0.00048,0.14686
CVE-2009-0784,0.00042,0.05722
CVE-2009-0787,0.00044,0.08000
CVE-2009-0788,0.00625,0.76775
CVE-2009-0789,0.11669,0.94798
CVE-2009-0790,0.90695,0.98618
CVE-2009-0791,0.02083,0.87959
CVE-2009-0792,0.01165,0.83472
CVE-2009-0793,0.05271,0.92313
CVE-2009-0794,0.03922,0.91146
CVE-2009-0796,0.00970,0.81742
CVE-2009-0798,0.18322,0.95747
CVE-2009-0799,0.02185,0.88302
CVE-2009-0800,0.13403,0.95102
CVE-2009-0801,0.00182,0.55540
CVE-2009-0802,0.00162,0.52801
CVE-2009-0803,0.00195,0.57488
CVE-2009-0804,0.00195,0.57488
CVE-2009-0805,0.00259,0.63693
CVE-2009-0806,0.00250,0.63012
CVE-2009-0807,0.01233,0.84008
CVE-2009-0808,0.00129,0.47721
CVE-2009-0809,0.00119,0.45963
CVE-2009-0810,0.00077,0.31810
CVE-2009-0811,0.01470,0.85425
CVE-2009-0812,0.11555,0.94774
CVE-2009-0813,0.03981,0.91190
CVE-2009-0814,0.00149,0.50941
CVE-2009-0815,0.14859,0.95318
CVE-2009-0816,0.00220,0.60154
CVE-2009-0817,0.00153,0.51563
CVE-2009-0818,0.00110,0.43987
CVE-2009-0819,0.04046,0.91257
CVE-2009-0820,0.03476,0.90631
CVE-2009-0821,0.09817,0.94307
CVE-2009-0824,0.00055,0.20513
CVE-2009-0825,0.00131,0.48066
CVE-2009-0826,0.00509,0.74142
CVE-2009-0827,0.00627,0.76801
CVE-2009-0828,0.00278,0.65037
CVE-2009-0829,0.00125,0.47070
CVE-2009-0830,0.00132,0.48166
CVE-2009-0831,0.00065,0.27088
CVE-2009-0832,0.00064,0.26120
CVE-2009-0833,0.07837,0.93630
CVE-2009-0834,0.00049,0.15860
CVE-2009-0835,0.00042,0.00438
CVE-2009-0836,0.07579,0.93525
CVE-2009-0837,0.73877,0.97868
CVE-2009-0838,0.00044,0.10704
CVE-2009-0839,0.16076,0.95492
CVE-2009-0840,0.02968,0.89893
CVE-2009-0841,0.02509,0.89079
CVE-2009-0842,0.01087,0.82834
CVE-2009-0843,0.00639,0.77026
CVE-2009-0844,0.03148,0.90161
CVE-2009-0845,0.05224,0.92284
CVE-2009-0846,0.93466,0.98924
CVE-2009-0847,0.05568,0.92535
CVE-2009-0848,0.00042,0.05844
CVE-2009-0849,0.15157,0.95357
CVE-2009-0850,0.23906,0.96189
CVE-2009-0851,0.00102,0.41272
CVE-2009-0852,0.00385,0.70435
CVE-2009-0853,0.00647,0.77173
CVE-2009-0854,0.00042,0.05844
CVE-2009-0855,0.57471,0.97431
CVE-2009-0856,0.01655,0.86309
CVE-2009-0857,0.00274,0.64799
CVE-2009-0858,0.02916,0.89820
CVE-2009-0859,0.00044,0.08000
CVE-2009-0860,0.00220,0.60154
CVE-2009-0861,0.00254,0.63423
CVE-2009-0862,0.00220,0.59971
CVE-2009-0863,0.00102,0.41272
CVE-2009-0864,0.00647,0.77173
CVE-2009-0865,0.00392,0.70725
CVE-2009-0866,0.00320,0.67592
CVE-2009-0867,0.00358,0.69347
CVE-2009-0868,0.00764,0.79275
CVE-2009-0869,0.28828,0.96464
CVE-2009-0870,0.00044,0.10704
CVE-2009-0871,0.02515,0.89093
CVE-2009-0872,0.01619,0.86173
CVE-2009-0873,0.01147,0.83324
CVE-2009-0874,0.00044,0.10704
CVE-2009-0875,0.00044,0.10704
CVE-2009-0876,0.00043,0.07520
CVE-2009-0877,0.00220,0.60169
CVE-2009-0878,0.03761,0.90975
CVE-2009-0879,0.85487,0.98301
CVE-2009-0880,0.33455,0.96676
CVE-2009-0881,0.00107,0.43198
CVE-2009-0882,0.00068,0.28434
CVE-2009-0883,0.00064,0.26120
CVE-2009-0884,0.01146,0.83309
CVE-2009-0885,0.16440,0.95531
CVE-2009-0886,0.00770,0.79380
CVE-2009-0887,0.00419,0.71587
CVE-2009-0888,0.33973,0.96697
CVE-2009-0889,0.33973,0.96697
CVE-2009-0891,0.00154,0.51676
CVE-2009-0892,0.00086,0.35794
CVE-2009-0893,0.19938,0.95916
CVE-2009-0894,0.03395,0.90527
CVE-2009-0895,0.63888,0.97593
CVE-2009-0896,0.15876,0.95472
CVE-2009-0897,0.00107,0.43144
CVE-2009-0898,0.14121,0.95211
CVE-2009-0899,0.00167,0.53512
CVE-2009-0900,0.00042,0.05722
CVE-2009-0901,0.94513,0.99074
CVE-2009-0903,0.00334,0.68290
CVE-2009-0904,0.00316,0.67344
CVE-2009-0905,0.00042,0.05722
CVE-2009-0906,0.00252,0.63157
CVE-2009-0908,0.00341,0.68564
CVE-2009-0909,0.05738,0.92630
CVE-2009-0910,0.05738,0.92630
CVE-2009-0912,0.00059,0.22933
CVE-2009-0913,0.00044,0.10704
CVE-2009-0914,0.04015,0.91220
CVE-2009-0915,0.01528,0.85743
CVE-2009-0916,0.01049,0.82482
CVE-2009-0917,0.00333,0.68250
CVE-2009-0918,0.02335,0.88686
CVE-2009-0919,0.01060,0.82603
CVE-2009-0920,0.75249,0.97902
CVE-2009-0921,0.05626,0.92577
CVE-2009-0922,0.02322,0.88661
CVE-2009-0923,0.05591,0.92553
CVE-2009-0924,0.00044,0.10704
CVE-2009-0925,0.00044,0.10704
CVE-2009-0926,0.00044,0.10704
CVE-2009-0927,0.97464,0.99957
CVE-2009-0928,0.56103,0.97397
CVE-2009-0929,0.00443,0.72316
CVE-2009-0930,0.00346,0.68801
CVE-2009-0931,0.00252,0.63184
CVE-2009-0932,0.04048,0.91261
CVE-2009-0933,0.00253,0.63275
CVE-2009-0934,0.00316,0.67362
CVE-2009-0935,0.00042,0.05722
CVE-2009-0936,0.00336,0.68399
CVE-2009-0937,0.00336,0.68399
CVE-2009-0938,0.00411,0.71323
CVE-2009-0939,0.00378,0.70141
CVE-2009-0940,0.00727,0.78718
CVE-2009-0941,0.00685,0.78006
CVE-2009-0942,0.04621,0.91771
CVE-2009-0943,0.04621,0.91771
CVE-2009-0944,0.04646,0.91803
CVE-2009-0945,0.06604,0.93129
CVE-2009-0946,0.03197,0.90236
CVE-2009-0947,0.00168,0.53804
CVE-2009-0948,0.00189,0.56520
CVE-2009-0949,0.07521,0.93509
CVE-2009-0950,0.96598,0.99546
CVE-2009-0951,0.20309,0.95945
CVE-2009-0952,0.13113,0.95052
CVE-2009-0953,0.61707,0.97549
CVE-2009-0954,0.95428,0.99239
CVE-2009-0955,0.92242,0.98779
CVE-2009-0956,0.02142,0.88177
CVE-2009-0957,0.95428,0.99239
CVE-2009-0958,0.00139,0.49413
CVE-2009-0959,0.01023,0.82232
CVE-2009-0960,0.00567,0.75488
CVE-2009-0961,0.02180,0.88293
CVE-2009-0962,0.01784,0.86788
CVE-2009-0963,0.00276,0.64927
CVE-2009-0964,0.00450,0.72508
CVE-2009-0965,0.00087,0.36669
CVE-2009-0966,0.08059,0.93727
CVE-2009-0967,0.03387,0.90516
CVE-2009-0968,0.00212,0.59269
CVE-2009-0969,0.00333,0.68248
CVE-2009-0970,0.00788,0.79655
CVE-2009-0971,0.00414,0.71398
CVE-2009-0972,0.00235,0.61612
CVE-2009-0973,0.01607,0.86125
CVE-2009-0974,0.00341,0.68568
CVE-2009-0975,0.00258,0.63655
CVE-2009-0976,0.00733,0.78819
CVE-2009-0977,0.11545,0.94770
CVE-2009-0978,0.81810,0.98126
CVE-2009-0979,0.00369,0.69825
CVE-2009-0980,0.00547,0.75079
CVE-2009-0981,0.15028,0.95342
CVE-2009-0982,0.00733,0.78819
CVE-2009-0983,0.00330,0.68112
CVE-2009-0984,0.00529,0.74637
CVE-2009-0985,0.00369,0.69825
CVE-2009-0986,0.00535,0.74791
CVE-2009-0987,0.00733,0.78817
CVE-2009-0988,0.00603,0.76270
CVE-2009-0989,0.00182,0.55557
CVE-2009-0990,0.00182,0.55557
CVE-2009-0991,0.10540,0.94519
CVE-2009-0992,0.11545,0.94770
CVE-2009-0993,0.44303,0.97060
CVE-2009-0994,0.00182,0.55557
CVE-2009-0995,0.00486,0.73527
CVE-2009-0996,0.00425,0.71770
CVE-2009-0997,0.00733,0.78819
CVE-2009-0998,0.00529,0.74637
CVE-2009-0999,0.02142,0.88175
CVE-2009-1000,0.00323,0.67733
CVE-2009-10001,0.00126,0.47186
CVE-2009-10002,0.00058,0.22667
CVE-2009-10003,0.00060,0.23267
CVE-2009-10004,0.00052,0.17638
CVE-2009-1001,0.00685,0.78007
CVE-2009-1002,0.00429,0.71852
CVE-2009-1003,0.00777,0.79493
CVE-2009-1004,0.00266,0.64292
CVE-2009-1005,0.00061,0.23768
CVE-2009-1006,0.02586,0.89227
CVE-2009-1007,0.00235,0.61612
CVE-2009-1008,0.00043,0.05916
CVE-2009-1009,0.00043,0.05916
CVE-2009-1010,0.00043,0.05916
CVE-2009-1011,0.00064,0.26184
CVE-2009-1012,0.01344,0.84725
CVE-2009-1013,0.00605,0.76338
CVE-2009-1014,0.00437,0.72134
CVE-2009-1015,0.00517,0.74331
CVE-2009-1016,0.41654,0.96983
CVE-2009-1017,0.00182,0.55557
CVE-2009-1018,0.00733,0.78819
CVE-2009-1019,0.10503,0.94508
CVE-2009-1020,0.04444,0.91618
CVE-2009-1021,0.00733,0.78817
CVE-2009-1022,0.07681,0.93553
CVE-2009-1023,0.00087,0.36669
CVE-2009-1024,0.00379,0.70189
CVE-2009-1025,0.02708,0.89478
CVE-2009-1026,0.00077,0.31810
CVE-2009-1027,0.00230,0.61251
CVE-2009-1028,0.73343,0.97850
CVE-2009-1029,0.01553,0.85857
CVE-2009-1030,0.00531,0.74678
CVE-2009-1031,0.80731,0.98070
CVE-2009-1032,0.00087,0.36669
CVE-2009-1033,0.00203,0.58293
CVE-2009-1034,0.00230,0.61251
CVE-2009-1035,0.00254,0.63423
CVE-2009-1036,0.00304,0.66622
CVE-2009-1037,0.00376,0.70054
CVE-2009-1038,0.00121,0.46316
CVE-2009-1039,0.18474,0.95765
CVE-2009-1040,0.10949,0.94627
CVE-2009-1041,0.00042,0.05763
CVE-2009-1042,0.06894,0.93274
CVE-2009-1043,0.22102,0.96064
CVE-2009-1044,0.91836,0.98737
CVE-2009-1045,0.07957,0.93688
CVE-2009-1046,0.00071,0.29437
CVE-2009-1047,0.00132,0.48166
CVE-2009-1048,0.00788,0.79655
CVE-2009-1049,0.00187,0.56071
CVE-2009-1050,0.01194,0.83708
CVE-2009-1051,0.00278,0.65037
CVE-2009-1052,0.00278,0.65037
CVE-2009-1053,0.00170,0.54041
CVE-2009-1054,0.05410,0.92430
CVE-2009-1055,0.00164,0.53129
CVE-2009-1056,0.00554,0.75241
CVE-2009-1057,0.03541,0.90703
CVE-2009-1058,0.04125,0.91345
CVE-2009-1059,0.02273,0.88549
CVE-2009-1060,0.06613,0.93135
CVE-2009-1061,0.08138,0.93747
CVE-2009-1062,0.12002,0.94870
CVE-2009-1063,0.13340,0.95093
CVE-2009-1064,0.00477,0.73258
CVE-2009-1065,0.00129,0.47721
CVE-2009-1066,0.00393,0.70732
CVE-2009-1067,0.00617,0.76609
CVE-2009-1068,0.12137,0.94899
CVE-2009-1069,0.00259,0.63800
CVE-2009-1070,0.00741,0.78923
CVE-2009-1071,0.09312,0.94160
CVE-2009-1072,0.96889,0.99652
CVE-2009-1073,0.00042,0.05722
CVE-2009-1074,0.00394,0.70762
CVE-2009-1075,0.02606,0.89267
CVE-2009-1076,0.00703,0.78294
CVE-2009-1077,0.00784,0.79568
CVE-2009-1078,0.00268,0.64439
CVE-2009-1079,0.00321,0.67636
CVE-2009-1080,0.00321,0.67636
CVE-2009-1081,0.00321,0.67636
CVE-2009-1082,0.00431,0.71914
CVE-2009-1083,0.00452,0.72570
CVE-2009-1084,0.00203,0.58277
CVE-2009-1085,0.00278,0.65037
CVE-2009-1086,0.13315,0.95088
CVE-2009-1087,0.03385,0.90513
CVE-2009-1088,0.01817,0.86932
CVE-2009-1089,0.00443,0.72316
CVE-2009-1090,0.01039,0.82398
CVE-2009-1091,0.00250,0.63055
CVE-2009-1092,0.12861,0.95008
CVE-2009-1093,0.14982,0.95334
CVE-2009-1094,0.02491,0.89045
CVE-2009-1095,0.84536,0.98256
CVE-2009-1096,0.42150,0.96996
CVE-2009-1097,0.20200,0.95933
CVE-2009-1098,0.29083,0.96480
CVE-2009-1099,0.66769,0.97656
CVE-2009-1100,0.13692,0.95145
CVE-2009-1101,0.15713,0.95443
CVE-2009-1102,0.07978,0.93691
CVE-2009-1103,0.06840,0.93247
CVE-2009-1104,0.00492,0.73687
CVE-2009-1105,0.02380,0.88801
CVE-2009-1106,0.00744,0.78968
CVE-2009-1107,0.00819,0.80045
CVE-2009-1119,0.13184,0.95064
CVE-2009-1120,0.06749,0.93201
CVE-2009-1122,0.08522,0.93875
CVE-2009-1123,0.00042,0.00438
CVE-2009-1124,0.00047,0.14006
CVE-2009-1125,0.00042,0.00438
CVE-2009-1126,0.00042,0.00438
CVE-2009-1127,0.00042,0.00438
CVE-2009-1128,0.84236,0.98239
CVE-2009-1129,0.94422,0.99056
CVE-2009-1130,0.81870,0.98130
CVE-2009-1131,0.91771,0.98729
CVE-2009-1132,0.65052,0.97618
CVE-2009-1133,0.89855,0.98567
CVE-2009-1134,0.85611,0.98307
CVE-2009-1135,0.01735,0.86612
CVE-2009-1136,0.96847,0.99638
CVE-2009-1137,0.94517,0.99075
CVE-2009-1138,0.87224,0.98396
CVE-2009-1139,0.56643,0.97412
CVE-2009-1140,0.02676,0.89415
CVE-2009-1141,0.67307,0.97669
CVE-2009-1142,0.00042,0.05722
CVE-2009-1143,0.00042,0.05722
CVE-2009-1144,0.00042,0.05722
CVE-2009-1146,0.00042,0.05722
CVE-2009-1147,0.00042,0.05722
CVE-2009-1148,0.00443,0.72316
CVE-2009-1149,0.01113,0.83047
CVE-2009-1150,0.00316,0.67362
CVE-2009-1151,0.79256,0.98024
CVE-2009-1152,0.04748,0.91899
CVE-2009-1154,0.00108,0.43364
CVE-2009-1155,0.00472,0.73109
CVE-2009-1156,0.01171,0.83528
CVE-2009-1157,0.01896,0.87295
CVE-2009-1158,0.01896,0.87295
CVE-2009-1159,0.01896,0.87295
CVE-2009-1160,0.00362,0.69516
CVE-2009-1161,0.01784,0.86788
CVE-2009-1162,0.00259,0.63800
CVE-2009-1163,0.00676,0.77814
CVE-2009-1164,0.00181,0.55455
CVE-2009-1165,0.00676,0.77814
CVE-2009-1166,0.00563,0.75411
CVE-2009-1167,0.00555,0.75253
CVE-2009-1168,0.01896,0.87295
CVE-2009-1169,0.95984,0.99357
CVE-2009-1170,0.00044,0.10704
CVE-2009-1171,0.02159,0.88237
CVE-2009-1172,0.00453,0.72621
CVE-2009-1173,0.00059,0.22821
CVE-2009-1174,0.00399,0.70929
CVE-2009-1175,0.00132,0.48166
CVE-2009-1176,0.01647,0.86284
CVE-2009-1177,0.01274,0.84280
CVE-2009-1178,0.00455,0.72673
CVE-2009-1179,0.23530,0.96161
CVE-2009-1180,0.04796,0.91958
CVE-2009-1181,0.02089,0.87981
CVE-2009-1182,0.13894,0.95171
CVE-2009-1183,0.02297,0.88608
CVE-2009-1184,0.00044,0.08000
CVE-2009-1185,0.00046,0.12580
CVE-2009-1186,0.00044,0.08043
CVE-2009-1187,0.18426,0.95759
CVE-2009-1188,0.23518,0.96161
CVE-2009-1189,0.00714,0.78501
CVE-2009-1190,0.03527,0.90686
CVE-2009-1191,0.00294,0.66081
CVE-2009-1192,0.00044,0.08000
CVE-2009-1194,0.00365,0.69651
CVE-2009-1195,0.00048,0.14344
CVE-2009-1196,0.05099,0.92195
CVE-2009-1197,0.00259,0.63774
CVE-2009-1198,0.00137,0.49175
CVE-2009-1201,0.00409,0.71250
CVE-2009-1202,0.00213,0.59343
CVE-2009-1203,0.02467,0.88997
CVE-2009-1204,0.00875,0.80714
CVE-2009-1206,0.01705,0.86493
CVE-2009-1207,0.00044,0.10704
CVE-2009-1208,0.00459,0.72772
CVE-2009-1209,0.14177,0.95225
CVE-2009-1210,0.93896,0.98978
CVE-2009-1211,0.00149,0.51018
CVE-2009-1212,0.20289,0.95942
CVE-2009-1213,0.00340,0.68540
CVE-2009-1214,0.00042,0.05722
CVE-2009-1215,0.00042,0.05722
CVE-2009-1216,0.19959,0.95918
CVE-2009-1217,0.96499,0.99506
CVE-2009-1218,0.00632,0.76886
CVE-2009-1219,0.14583,0.95277
CVE-2009-1220,0.01224,0.83936
CVE-2009-1222,0.01411,0.85124
CVE-2009-1223,0.00225,0.60822
CVE-2009-1224,0.00095,0.39667
CVE-2009-1225,0.00187,0.56309
CVE-2009-1226,0.00546,0.75064
CVE-2009-1227,0.11951,0.94862
CVE-2009-1228,0.00214,0.59417
CVE-2009-1229,0.00127,0.47299
CVE-2009-1230,0.00171,0.54227
CVE-2009-1231,0.00295,0.66132
CVE-2009-1232,0.83494,0.98211
CVE-2009-1233,0.01561,0.85896
CVE-2009-1234,0.01826,0.86969
CVE-2009-1235,0.00042,0.00438
CVE-2009-1236,0.07040,0.93338
CVE-2009-1237,0.00043,0.07477
CVE-2009-1238,0.00043,0.07477
CVE-2009-1239,0.00155,0.51812
CVE-2009-1240,0.01425,0.85190
CVE-2009-1241,0.01297,0.84457
CVE-2009-1242,0.00064,0.26441
CVE-2009-1243,0.00042,0.05722
CVE-2009-1244,0.00073,0.30195
CVE-2009-1245,0.00192,0.56974
CVE-2009-1246,0.03208,0.90256
CVE-2009-1247,0.00135,0.48729
CVE-2009-1248,0.00788,0.79655
CVE-2009-1249,0.00220,0.60154
CVE-2009-1250,0.04288,0.91489
CVE-2009-1251,0.19142,0.95838
CVE-2009-1252,0.96385,0.99471
CVE-2009-1253,0.00042,0.05722
CVE-2009-1254,0.01286,0.84390
CVE-2009-1255,0.00828,0.80157
CVE-2009-1256,0.00102,0.41272
CVE-2009-1257,0.25250,0.96269
CVE-2009-1258,0.00135,0.48729
CVE-2009-1259,0.00064,0.26120
CVE-2009-1260,0.91363,0.98686
CVE-2009-1261,0.00250,0.63055
CVE-2009-1262,0.00042,0.00442
CVE-2009-1263,0.00133,0.48324
CVE-2009-1264,0.00189,0.56472
CVE-2009-1265,0.01314,0.84557
CVE-2009-1266,0.00232,0.61390
CVE-2009-1267,0.00334,0.68299
CVE-2009-1268,0.00277,0.64945
CVE-2009-1269,0.00338,0.68442
CVE-2009-1270,0.10833,0.94604
CVE-2009-1271,0.08926,0.94028
CVE-2009-1272,0.01551,0.85843
CVE-2009-1273,0.01060,0.82603
CVE-2009-1274,0.12066,0.94887
CVE-2009-1275,0.00507,0.74085
CVE-2009-1276,0.00063,0.25758
CVE-2009-1277,0.00102,0.41272
CVE-2009-1278,0.00515,0.74278
CVE-2009-1279,0.00319,0.67510
CVE-2009-1280,0.00211,0.59029
CVE-2009-1281,0.00220,0.60154
CVE-2009-1282,0.00475,0.73197
CVE-2009-1283,0.00480,0.73352
CVE-2009-1284,0.01378,0.84960
CVE-2009-1285,0.02922,0.89825
CVE-2009-1286,0.04151,0.91369
CVE-2009-1287,0.00215,0.59584
CVE-2009-1288,0.00236,0.61756
CVE-2009-1289,0.02687,0.89441
CVE-2009-1290,0.00515,0.74291
CVE-2009-1291,0.16434,0.95530
CVE-2009-1292,0.00042,0.05722
CVE-2009-1293,0.03045,0.90017
CVE-2009-1294,0.00993,0.81993
CVE-2009-1295,0.00042,0.05722
CVE-2009-1296,0.00042,0.05722
CVE-2009-1297,0.00050,0.16885
CVE-2009-1298,0.28326,0.96445
CVE-2009-1299,0.00042,0.05722
CVE-2009-1300,0.00742,0.78941
CVE-2009-1301,0.09186,0.94111
CVE-2009-1302,0.07670,0.93551
CVE-2009-1303,0.05214,0.92277
CVE-2009-1304,0.26406,0.96328
CVE-2009-1305,0.14885,0.95324
CVE-2009-1306,0.00780,0.79530
CVE-2009-1307,0.01944,0.87474
CVE-2009-1308,0.00393,0.70726
CVE-2009-1309,0.00899,0.80997
CVE-2009-1310,0.00397,0.70875
CVE-2009-1311,0.00403,0.71051
CVE-2009-1312,0.03445,0.90595
CVE-2009-1313,0.93212,0.98892
CVE-2009-1314,0.01978,0.87599
CVE-2009-1315,0.00379,0.70181
CVE-2009-1316,0.00204,0.58426
CVE-2009-1317,0.00064,0.26120
CVE-2009-1318,0.01352,0.84787
CVE-2009-1319,0.01119,0.83091
CVE-2009-1320,0.00192,0.57132
CVE-2009-1321,0.00184,0.55716
CVE-2009-1322,0.00225,0.60822
CVE-2009-1323,0.00102,0.41432
CVE-2009-1324,0.05225,0.92285
CVE-2009-1325,0.10977,0.94635
CVE-2009-1326,0.10977,0.94635
CVE-2009-1327,0.10977,0.94635
CVE-2009-1328,0.10977,0.94635
CVE-2009-1329,0.07858,0.93638
CVE-2009-1330,0.06707,0.93182
CVE-2009-1331,0.02289,0.88588
CVE-2009-1332,0.00407,0.71176
CVE-2009-1333,0.01317,0.84577
CVE-2009-1334,0.01312,0.84548
CVE-2009-1335,0.01335,0.84679
CVE-2009-1336,0.00044,0.08000
CVE-2009-1337,0.00042,0.00438
CVE-2009-1338,0.00044,0.08000
CVE-2009-1339,0.00357,0.69293
CVE-2009-1341,0.01946,0.87480
CVE-2009-1342,0.00253,0.63275
CVE-2009-1343,0.00254,0.63423
CVE-2009-1344,0.00253,0.63275
CVE-2009-1345,0.00064,0.26120
CVE-2009-1346,0.00087,0.36669
CVE-2009-1347,0.00129,0.47721
CVE-2009-1348,0.00709,0.78403
CVE-2009-1349,0.00187,0.56309
CVE-2009-1350,0.96443,0.99486
CVE-2009-1351,0.06205,0.92900
CVE-2009-1352,0.09013,0.94052
CVE-2009-1353,0.05857,0.92696
CVE-2009-1354,0.00712,0.78476
CVE-2009-1355,0.00044,0.08043
CVE-2009-1356,0.14360,0.95247
CVE-2009-1357,0.05192,0.92265
CVE-2009-1358,0.02271,0.88543
CVE-2009-1359,0.00044,0.10704
CVE-2009-1360,0.01939,0.87457
CVE-2009-1361,0.00506,0.74066
CVE-2009-1362,0.00125,0.47070
CVE-2009-1364,0.01644,0.86277
CVE-2009-1365,0.01994,0.87652
CVE-2009-1366,0.00191,0.56836
CVE-2009-1367,0.00247,0.62780
CVE-2009-1368,0.01459,0.85389
CVE-2009-1369,0.00186,0.55903
CVE-2009-1370,0.06205,0.92900
CVE-2009-1371,0.18435,0.95761
CVE-2009-1372,0.19142,0.95838
CVE-2009-1373,0.04198,0.91405
CVE-2009-1374,0.11312,0.94720
CVE-2009-1375,0.12040,0.94878
CVE-2009-1376,0.23653,0.96174
CVE-2009-1377,0.05302,0.92345
CVE-2009-1378,0.04750,0.91900
CVE-2009-1379,0.11735,0.94822
CVE-2009-1380,0.00341,0.68577
CVE-2009-1381,0.04261,0.91464
CVE-2009-1382,0.27790,0.96409
CVE-2009-1383,0.01186,0.83642
CVE-2009-1384,0.00696,0.78186
CVE-2009-1385,0.13783,0.95157
CVE-2009-1386,0.05064,0.92171
CVE-2009-1387,0.03735,0.90940
CVE-2009-1388,0.00044,0.08000
CVE-2009-1389,0.10363,0.94477
CVE-2009-1390,0.00749,0.79028
CVE-2009-1391,0.00682,0.77955
CVE-2009-1392,0.94788,0.99114
CVE-2009-1394,0.92214,0.98773
CVE-2009-1403,0.00064,0.26120
CVE-2009-1404,0.00102,0.41432
CVE-2009-1405,0.00290,0.65841
CVE-2009-1406,0.00475,0.73216
CVE-2009-1407,0.00475,0.73216
CVE-2009-1408,0.00426,0.71778
CVE-2009-1409,0.00159,0.52366
CVE-2009-1410,0.00064,0.26120
CVE-2009-1411,0.00212,0.59269
CVE-2009-1412,0.00215,0.59597
CVE-2009-1413,0.00148,0.50774
CVE-2009-1414,0.00082,0.34034
CVE-2009-1415,0.06134,0.92862
CVE-2009-1416,0.02839,0.89710
CVE-2009-1417,0.00627,0.76806
CVE-2009-1418,0.00192,0.56984
CVE-2009-1419,0.04088,0.91313
CVE-2009-1420,0.75000,0.97898
CVE-2009-1421,0.00042,0.05722
CVE-2009-1422,0.03207,0.90253
CVE-2009-1423,0.01477,0.85452
CVE-2009-1424,0.01004,0.82082
CVE-2009-1425,0.05047,0.92156
CVE-2009-1426,0.01004,0.82082
CVE-2009-1427,0.00042,0.05722
CVE-2009-1428,0.01179,0.83589
CVE-2009-1429,0.97081,0.99730
CVE-2009-1430,0.97229,0.99810
CVE-2009-1431,0.95188,0.99187
CVE-2009-1432,0.01287,0.84399
CVE-2009-1433,0.00230,0.61251
CVE-2009-1434,0.00304,0.66622
CVE-2009-1435,0.00043,0.07477
CVE-2009-1436,0.00042,0.00438
CVE-2009-1437,0.07082,0.93356
CVE-2009-1438,0.02196,0.88328
CVE-2009-1439,0.11496,0.94757
CVE-2009-1440,0.01546,0.85822
CVE-2009-1441,0.00335,0.68342
CVE-2009-1442,0.03734,0.90940
CVE-2009-1443,0.00294,0.66083
CVE-2009-1444,0.00598,0.76162
CVE-2009-1445,0.00450,0.72533
CVE-2009-1446,0.00952,0.81565
CVE-2009-1447,0.01611,0.86137
CVE-2009-1448,0.00192,0.57132
CVE-2009-1449,0.04073,0.91294
CVE-2009-1450,0.00503,0.73999
CVE-2009-1451,0.00122,0.46493
CVE-2009-1452,0.02252,0.88491
CVE-2009-1453,0.00064,0.26120
CVE-2009-1454,0.00250,0.63055
CVE-2009-1455,0.00223,0.60697
CVE-2009-1456,0.00794,0.79763
CVE-2009-1457,0.00220,0.60154
CVE-2009-1458,0.00214,0.59508
CVE-2009-1459,0.00356,0.69264
CVE-2009-1460,0.00042,0.05722
CVE-2009-1461,0.00100,0.40912
CVE-2009-1462,0.00046,0.13818
CVE-2009-1463,0.02179,0.88288
CVE-2009-1464,0.00790,0.79700
CVE-2009-1465,0.01060,0.82603
CVE-2009-1466,0.00042,0.05722
CVE-2009-1467,0.01351,0.84775
CVE-2009-1468,0.00057,0.21515
CVE-2009-1469,0.01415,0.85136
CVE-2009-1472,0.00075,0.30977
CVE-2009-1473,0.00168,0.53585
CVE-2009-1474,0.00168,0.53585
CVE-2009-1476,0.00042,0.05722
CVE-2009-1477,0.00317,0.67429
CVE-2009-1478,0.00043,0.07520
CVE-2009-1479,0.00658,0.77403
CVE-2009-1480,0.00064,0.26120
CVE-2009-1481,0.00170,0.54046
CVE-2009-1482,0.00496,0.73773
CVE-2009-1483,0.08948,0.94037
CVE-2009-1484,0.00132,0.48166
CVE-2009-1485,0.00766,0.79318
CVE-2009-1486,0.01121,0.83114
CVE-2009-1487,0.00268,0.64434
CVE-2009-1488,0.01586,0.86018
CVE-2009-1489,0.01101,0.82949
CVE-2009-1490,0.06458,0.93040
CVE-2009-1491,0.00347,0.68854
CVE-2009-1492,0.96039,0.99372
CVE-2009-1493,0.97038,0.99708
CVE-2009-1494,0.00552,0.75182
CVE-2009-1495,0.00320,0.67592
CVE-2009-1496,0.00802,0.79852
CVE-2009-1497,0.08873,0.94009
CVE-2009-1498,0.00475,0.73216
CVE-2009-1499,0.00068,0.28434
CVE-2009-1500,0.00064,0.26120
CVE-2009-1501,0.00220,0.60154
CVE-2009-1502,0.01119,0.83091
CVE-2009-1503,0.00093,0.39001
CVE-2009-1504,0.00933,0.81362
CVE-2009-1505,0.00189,0.56507
CVE-2009-1506,0.00086,0.35529
CVE-2009-1507,0.00543,0.74987
CVE-2009-1508,0.00102,0.41272
CVE-2009-1509,0.00064,0.26120
CVE-2009-1510,0.01444,0.85301
CVE-2009-1511,0.02049,0.87847
CVE-2009-1512,0.00171,0.54227
CVE-2009-1513,0.06013,0.92784
CVE-2009-1514,0.04651,0.91808
CVE-2009-1515,0.12201,0.94909
CVE-2009-1516,0.00592,0.76065
CVE-2009-1517,0.03704,0.90903
CVE-2009-1518,0.00091,0.38503
CVE-2009-1519,0.00821,0.80072
CVE-2009-1520,0.01282,0.84361
CVE-2009-1521,0.00336,0.68396
CVE-2009-1522,0.00326,0.67851
CVE-2009-1523,0.02843,0.89720
CVE-2009-1524,0.00282,0.65305
CVE-2009-1525,0.00568,0.75519
CVE-2009-1526,0.00042,0.00438
CVE-2009-1527,0.00043,0.07639
CVE-2009-1528,0.92473,0.98808
CVE-2009-1529,0.95405,0.99232
CVE-2009-1530,0.94543,0.99079
CVE-2009-1531,0.92473,0.98808
CVE-2009-1532,0.94543,0.99079
CVE-2009-1533,0.87655,0.98420
CVE-2009-1534,0.96172,0.99403
CVE-2009-1535,0.95553,0.99269
CVE-2009-1536,0.97270,0.99830
CVE-2009-1537,0.72485,0.97821
CVE-2009-1538,0.91130,0.98662
CVE-2009-1539,0.41433,0.96975
CVE-2009-1542,0.01380,0.84967
CVE-2009-1544,0.82386,0.98158
CVE-2009-1545,0.88642,0.98477
CVE-2009-1546,0.96485,0.99501
CVE-2009-1547,0.95567,0.99271
CVE-2009-1548,0.00127,0.47299
CVE-2009-1549,0.04713,0.91866
CVE-2009-1550,0.00697,0.78213
CVE-2009-1551,0.25884,0.96302
CVE-2009-1552,0.00062,0.24773
CVE-2009-1553,0.01717,0.86544
CVE-2009-1554,0.00764,0.79282
CVE-2009-1555,0.00565,0.75455
CVE-2009-1556,0.00192,0.56890
CVE-2009-1557,0.48593,0.97208
CVE-2009-1558,0.01101,0.82949
CVE-2009-1559,0.00527,0.74588
CVE-2009-1560,0.00222,0.60566
CVE-2009-1561,0.00886,0.80840
CVE-2009-1564,0.27133,0.96365
CVE-2009-1565,0.28218,0.96438
CVE-2009-1566,0.06472,0.93050
CVE-2009-1567,0.20378,0.95948
CVE-2009-1568,0.94260,0.99024
CVE-2009-1569,0.95161,0.99180
CVE-2009-1570,0.06642,0.93149
CVE-2009-1571,0.15092,0.95349
CVE-2009-1572,0.10886,0.94614
CVE-2009-1573,0.00042,0.05722
CVE-2009-1574,0.14826,0.95312
CVE-2009-1575,0.00341,0.68577
CVE-2009-1576,0.00672,0.77753
CVE-2009-1577,0.04186,0.91399
CVE-2009-1578,0.00477,0.73261
CVE-2009-1579,0.01597,0.86063
CVE-2009-1580,0.00569,0.75534
CVE-2009-1581,0.00491,0.73665
CVE-2009-1582,0.04630,0.91781
CVE-2009-1583,0.00369,0.69799
CVE-2009-1584,0.00096,0.39860
CVE-2009-1585,0.00090,0.37990
CVE-2009-1586,0.26651,0.96341
CVE-2009-1587,0.05357,0.92388
CVE-2009-1588,0.00259,0.63800
CVE-2009-1589,0.00329,0.68010
CVE-2009-1590,0.00401,0.71006
CVE-2009-1591,0.00214,0.59493
CVE-2009-1592,0.01298,0.84465
CVE-2009-1593,0.00243,0.62365
CVE-2009-1594,0.00511,0.74185
CVE-2009-1595,0.00595,0.76111
CVE-2009-1596,0.00211,0.59052
CVE-2009-1597,0.00350,0.68970
CVE-2009-1598,0.00254,0.63300
CVE-2009-1599,0.00365,0.69652
CVE-2009-1600,0.00365,0.69652
CVE-2009-1601,0.00042,0.05722
CVE-2009-1602,0.04063,0.91282
CVE-2009-1603,0.00496,0.73771
CVE-2009-1604,0.00395,0.70799
CVE-2009-1605,0.02705,0.89472
CVE-2009-1606,0.08228,0.93782
CVE-2009-1607,0.00186,0.55980
CVE-2009-1608,0.06075,0.92809
CVE-2009-1609,0.06389,0.93002
CVE-2009-1610,0.04999,0.92110
CVE-2009-1611,0.01163,0.83444
CVE-2009-1612,0.91827,0.98736
CVE-2009-1613,0.00093,0.39001
CVE-2009-1614,0.00132,0.48166
CVE-2009-1615,0.00190,0.56637
CVE-2009-1616,0.00301,0.66467
CVE-2009-1617,0.01663,0.86342
CVE-2009-1618,0.01663,0.86342
CVE-2009-1619,0.01663,0.86342
CVE-2009-1620,0.00187,0.56309
CVE-2009-1621,0.00770,0.79380
CVE-2009-1622,0.00068,0.28434
CVE-2009-1623,0.00160,0.52571
CVE-2009-1624,0.00361,0.69451
CVE-2009-1625,0.00475,0.73216
CVE-2009-1626,0.00064,0.26120
CVE-2009-1627,0.16637,0.95555
CVE-2009-1628,0.72525,0.97822
CVE-2009-1629,0.02804,0.89649
CVE-2009-1630,0.00053,0.18857
CVE-2009-1631,0.00042,0.05722
CVE-2009-1632,0.18682,0.95797
CVE-2009-1633,0.00186,0.56047
CVE-2009-1634,0.16253,0.95514
CVE-2009-1635,0.00206,0.58592
CVE-2009-1636,0.50898,0.97263
CVE-2009-1637,0.02475,0.89017
CVE-2009-1638,0.04999,0.92110
CVE-2009-1639,0.00400,0.70956
CVE-2009-1640,0.00394,0.70774
CVE-2009-1641,0.45730,0.97106
CVE-2009-1642,0.56711,0.97412
CVE-2009-1643,0.15845,0.95467
CVE-2009-1644,0.07837,0.93630
CVE-2009-1645,0.14016,0.95199
CVE-2009-1646,0.14395,0.95251
CVE-2009-1647,0.00524,0.74517
CVE-2009-1648,0.00512,0.74222
CVE-2009-1649,0.01119,0.83091
CVE-2009-1650,0.00064,0.26120
CVE-2009-1651,0.00102,0.41432
CVE-2009-1652,0.00614,0.76532
CVE-2009-1653,0.01050,0.82490
CVE-2009-1654,0.00220,0.60207
CVE-2009-1655,0.00085,0.35512
CVE-2009-1656,0.01093,0.82881
CVE-2009-1657,0.00230,0.61251
CVE-2009-1658,0.00073,0.30298
CVE-2009-1659,0.02994,0.89925
CVE-2009-1660,0.03689,0.90891
CVE-2009-1661,0.00243,0.62352
CVE-2009-1662,0.00064,0.26120
CVE-2009-1663,0.00190,0.56637
CVE-2009-1664,0.00503,0.73999
CVE-2009-1665,0.00318,0.67467
CVE-2009-1666,0.00646,0.77150
CVE-2009-1667,0.04056,0.91271
CVE-2009-1668,0.01845,0.87071
CVE-2009-1669,0.01014,0.82154
CVE-2009-1670,0.04713,0.91866
CVE-2009-1671,0.02271,0.88542
CVE-2009-1672,0.01774,0.86749
CVE-2009-1673,0.00044,0.10704
CVE-2009-1674,0.04497,0.91671
CVE-2009-1675,0.01079,0.82772
CVE-2009-1677,0.00365,0.69636
CVE-2009-1678,0.00788,0.79655
CVE-2009-1679,0.00061,0.23941
CVE-2009-1680,0.00061,0.24028
CVE-2009-1681,0.00556,0.75267
CVE-2009-1682,0.00546,0.75060
CVE-2009-1683,0.01957,0.87517
CVE-2009-1684,0.09123,0.94087
CVE-2009-1685,0.00310,0.67022
CVE-2009-1686,0.01545,0.85819
CVE-2009-1687,0.02731,0.89527
CVE-2009-1688,0.00441,0.72251
CVE-2009-1689,0.00310,0.67022
CVE-2009-1690,0.04865,0.92012
CVE-2009-1691,0.00310,0.67022
CVE-2009-1692,0.03262,0.90341
CVE-2009-1693,0.00478,0.73314
CVE-2009-1694,0.00477,0.73253
CVE-2009-1695,0.00310,0.67022
CVE-2009-1696,0.00448,0.72434
CVE-2009-1697,0.00615,0.76542
CVE-2009-1698,0.03523,0.90679
CVE-2009-1699,0.06105,0.92840
CVE-2009-1700,0.00677,0.77872
CVE-2009-1701,0.03307,0.90406
CVE-2009-1702,0.00310,0.67022
CVE-2009-1703,0.00645,0.77141
CVE-2009-1704,0.02988,0.89919
CVE-2009-1705,0.03375,0.90503
CVE-2009-1706,0.00334,0.68290
CVE-2009-1707,0.00042,0.05722
CVE-2009-1708,0.03348,0.90461
CVE-2009-1709,0.05755,0.92638
CVE-2009-1710,0.00581,0.75807
CVE-2009-1711,0.01944,0.87474
CVE-2009-1712,0.01805,0.86874
CVE-2009-1713,0.00645,0.77141
CVE-2009-1714,0.00310,0.67022
CVE-2009-1715,0.00467,0.72990
CVE-2009-1716,0.00042,0.05722
CVE-2009-1717,0.02036,0.87797
CVE-2009-1718,0.00429,0.71871
CVE-2009-1719,0.20586,0.95962
CVE-2009-1720,0.04014,0.91218
CVE-2009-1721,0.00622,0.76697
CVE-2009-1722,0.00734,0.78843
CVE-2009-1723,0.00755,0.79129
CVE-2009-1724,0.00678,0.77888
CVE-2009-1725,0.03693,0.90893
CVE-2009-1726,0.11757,0.94827
CVE-2009-1727,0.02138,0.88169
CVE-2009-1728,0.04873,0.92016
CVE-2009-1729,0.77022,0.97955
CVE-2009-1730,0.55885,0.97392
CVE-2009-1731,0.00297,0.66270
CVE-2009-1732,0.00250,0.63055
CVE-2009-1733,0.00160,0.52542
CVE-2009-1734,0.00102,0.41432
CVE-2009-1735,0.00367,0.69722
CVE-2009-1736,0.00064,0.26120
CVE-2009-1737,0.00656,0.77369
CVE-2009-1738,0.00111,0.44196
CVE-2009-1739,0.04276,0.91477
CVE-2009-1740,0.03023,0.89978
CVE-2009-1741,0.00064,0.26120
CVE-2009-1742,0.00265,0.64241
CVE-2009-1743,0.02147,0.88192
CVE-2009-1744,0.00406,0.71169
CVE-2009-1745,0.00968,0.81730
CVE-2009-1746,0.00064,0.26120
CVE-2009-1747,0.00064,0.26120
CVE-2009-1748,0.01163,0.83446
CVE-2009-1749,0.00199,0.57863
CVE-2009-1750,0.00707,0.78370
CVE-2009-1751,0.00064,0.26120
CVE-2009-1752,0.01919,0.87386
CVE-2009-1753,0.00042,0.05722
CVE-2009-1754,0.00413,0.71376
CVE-2009-1755,0.03526,0.90683
CVE-2009-1756,0.00042,0.05722
CVE-2009-1757,0.00091,0.38503
CVE-2009-1758,0.00116,0.45253
CVE-2009-1759,0.17099,0.95618
CVE-2009-1760,0.00535,0.74782
CVE-2009-1761,0.06381,0.92997
CVE-2009-1762,0.00227,0.60997
CVE-2009-1763,0.00044,0.10704
CVE-2009-1764,0.00064,0.26120
CVE-2009-1765,0.04735,0.91883
CVE-2009-1766,0.00120,0.46041
CVE-2009-1767,0.01350,0.84763
CVE-2009-1768,0.02800,0.89640
CVE-2009-1769,0.00540,0.74927
CVE-2009-1770,0.00448,0.72465
CVE-2009-1771,0.00546,0.75064
CVE-2009-1772,0.00192,0.57132
CVE-2009-1773,0.00330,0.68102
CVE-2009-1774,0.00475,0.73216
CVE-2009-1775,0.00220,0.60154
CVE-2009-1776,0.00220,0.60154
CVE-2009-1777,0.00387,0.70491
CVE-2009-1778,0.00185,0.55864
CVE-2009-1779,0.01350,0.84764
CVE-2009-1780,0.01443,0.85296
CVE-2009-1781,0.01132,0.83193
CVE-2009-1782,0.01330,0.84639
CVE-2009-1783,0.00694,0.78157
CVE-2009-1784,0.00694,0.78157
CVE-2009-1785,0.00132,0.48166
CVE-2009-1786,0.00042,0.00438
CVE-2009-1787,0.00074,0.30560
CVE-2009-1788,0.03838,0.91055
CVE-2009-1789,0.04931,0.92059
CVE-2009-1790,0.00275,0.64854
CVE-2009-1791,0.06215,0.92906
CVE-2009-1792,0.00554,0.75221
CVE-2009-1796,0.00291,0.65933
CVE-2009-1797,0.00153,0.51578
CVE-2009-1798,0.00328,0.67987
CVE-2009-1799,0.00064,0.26120
CVE-2009-1800,0.16559,0.95542
CVE-2009-1801,0.00264,0.64087
CVE-2009-1802,0.00221,0.60298
CVE-2009-1803,0.00522,0.74460
CVE-2009-1804,0.00064,0.26120
CVE-2009-1805,0.00062,0.24773
CVE-2009-1806,0.00145,0.50315
CVE-2009-1807,0.06109,0.92841
CVE-2009-1808,0.00043,0.07631
CVE-2009-1809,0.00220,0.60207
CVE-2009-1810,0.00151,0.51330
CVE-2009-1811,0.00220,0.60207
CVE-2009-1812,0.00151,0.51330
CVE-2009-1813,0.00164,0.53057
CVE-2009-1814,0.00134,0.48554
CVE-2009-1815,0.09806,0.94306
CVE-2009-1816,0.00087,0.36669
CVE-2009-1817,0.09137,0.94095
CVE-2009-1818,0.00093,0.39001
CVE-2009-1819,0.00134,0.48554
CVE-2009-1820,0.00223,0.60624
CVE-2009-1821,0.00490,0.73644
CVE-2009-1822,0.01038,0.82380
CVE-2009-1823,0.00259,0.63693
CVE-2009-1824,0.00042,0.00438
CVE-2009-1825,0.00121,0.46208
CVE-2009-1826,0.00387,0.70505
CVE-2009-1827,0.09250,0.94136
CVE-2009-1828,0.06767,0.93211
CVE-2009-1829,0.00344,0.68699
CVE-2009-1830,0.18474,0.95765
CVE-2009-1831,0.95839,0.99323
CVE-2009-1832,0.14132,0.95214
CVE-2009-1833,0.14193,0.95226
CVE-2009-1834,0.11395,0.94737
CVE-2009-1835,0.00650,0.77261
CVE-2009-1836,0.01116,0.83066
CVE-2009-1837,0.03269,0.90351
CVE-2009-1838,0.01784,0.86790
CVE-2009-1839,0.01701,0.86473
CVE-2009-1840,0.01306,0.84514
CVE-2009-1841,0.01871,0.87163
CVE-2009-1842,0.00064,0.26120
CVE-2009-1843,0.00064,0.26120
CVE-2009-1844,0.00086,0.35809
CVE-2009-1845,0.00209,0.58843
CVE-2009-1846,0.01444,0.85301
CVE-2009-1847,0.01119,0.83091
CVE-2009-1848,0.00068,0.28434
CVE-2009-1849,0.00220,0.60154
CVE-2009-1850,0.00064,0.26120
CVE-2009-1851,0.00125,0.47070
CVE-2009-1852,0.00064,0.26120
CVE-2009-1853,0.00107,0.43198
CVE-2009-1854,0.00933,0.81362
CVE-2009-1855,0.55027,0.97377
CVE-2009-1856,0.43661,0.97044
CVE-2009-1857,0.01088,0.82843
CVE-2009-1858,0.39276,0.96915
CVE-2009-1859,0.25759,0.96296
CVE-2009-1860,0.07858,0.93639
CVE-2009-1861,0.19887,0.95911
CVE-2009-1862,0.31276,0.96587
CVE-2009-1863,0.00634,0.76933
CVE-2009-1864,0.00541,0.74953
CVE-2009-1865,0.00570,0.75554
CVE-2009-1866,0.00541,0.74953
CVE-2009-1867,0.00489,0.73623
CVE-2009-1868,0.00688,0.78055
CVE-2009-1869,0.47751,0.97173
CVE-2009-1870,0.00064,0.26496
CVE-2009-1872,0.37553,0.96842
CVE-2009-1873,0.18738,0.95801
CVE-2009-1874,0.13057,0.95039
CVE-2009-1875,0.24898,0.96248
CVE-2009-1876,0.26641,0.96339
CVE-2009-1877,0.24898,0.96248
CVE-2009-1878,0.22169,0.96071
CVE-2009-1879,0.00402,0.71016
CVE-2009-1880,0.00192,0.57132
CVE-2009-1881,0.00220,0.60154
CVE-2009-1882,0.05458,0.92463
CVE-2009-1883,0.00042,0.05722
CVE-2009-1884,0.00289,0.65781
CVE-2009-1885,0.00129,0.47595
CVE-2009-1886,0.01740,0.86631
CVE-2009-1887,0.00937,0.81389
CVE-2009-1888,0.00239,0.62068
CVE-2009-1889,0.05035,0.92144
CVE-2009-1890,0.01649,0.86292
CVE-2009-1891,0.00269,0.64483
CVE-2009-1892,0.07298,0.93435
CVE-2009-1893,0.00042,0.05722
CVE-2009-1894,0.00042,0.00438
CVE-2009-1895,0.00062,0.24569
CVE-2009-1896,0.00858,0.80514
CVE-2009-1897,0.00042,0.05763
CVE-2009-1898,0.00458,0.72731
CVE-2009-1899,0.01422,0.85179
CVE-2009-1900,0.00531,0.74686
CVE-2009-1901,0.00300,0.66421
CVE-2009-1902,0.03642,0.90820
CVE-2009-1903,0.01142,0.83279
CVE-2009-1904,0.02515,0.89095
CVE-2009-1905,0.00513,0.74235
CVE-2009-1906,0.00595,0.76121
CVE-2009-1907,0.01213,0.83845
CVE-2009-1908,0.00250,0.63055
CVE-2009-1909,0.00321,0.67613
CVE-2009-1910,0.00133,0.48336
CVE-2009-1911,0.81039,0.98079
CVE-2009-1912,0.00576,0.75714
CVE-2009-1913,0.00119,0.45869
CVE-2009-1914,0.00043,0.07520
CVE-2009-1915,0.05677,0.92600
CVE-2009-1916,0.00510,0.74156
CVE-2009-1917,0.92475,0.98809
CVE-2009-1918,0.95449,0.99244
CVE-2009-1919,0.92939,0.98863
CVE-2009-1920,0.87862,0.98430
CVE-2009-1922,0.00042,0.00438
CVE-2009-1923,0.88968,0.98503
CVE-2009-1924,0.93342,0.98912
CVE-2009-1925,0.85088,0.98284
CVE-2009-1926,0.89096,0.98511
CVE-2009-1928,0.88848,0.98491
CVE-2009-1929,0.93291,0.98908
CVE-2009-1930,0.36878,0.96813
CVE-2009-1932,0.03009,0.89948
CVE-2009-1933,0.00044,0.10704
CVE-2009-1934,0.00317,0.67408
CVE-2009-1935,0.00042,0.05722
CVE-2009-1936,0.02561,0.89170
CVE-2009-1937,0.00220,0.60154
CVE-2009-1938,0.00893,0.80920
CVE-2009-1939,0.00355,0.69177
CVE-2009-1940,0.00355,0.69177
CVE-2009-1941,0.00320,0.67592
CVE-2009-1942,0.00110,0.43987
CVE-2009-1943,0.93259,0.98904
CVE-2009-1944,0.10949,0.94627
CVE-2009-1945,0.00093,0.39001
CVE-2009-1946,0.05702,0.92618
CVE-2009-1947,0.00102,0.41432
CVE-2009-1948,0.00680,0.77915
CVE-2009-1949,0.00330,0.68102
CVE-2009-1950,0.00107,0.43198
CVE-2009-1951,0.00132,0.48166
CVE-2009-1952,0.00125,0.47070
CVE-2009-1953,0.00210,0.58949
CVE-2009-1954,0.00207,0.58725
CVE-2009-1955,0.18950,0.95816
CVE-2009-1956,0.19274,0.95850
CVE-2009-1957,0.10623,0.94548
CVE-2009-1958,0.05971,0.92761
CVE-2009-1959,0.05795,0.92657
CVE-2009-1960,0.23011,0.96130
CVE-2009-1961,0.00042,0.00438
CVE-2009-1962,0.00042,0.05722
CVE-2009-1963,0.02657,0.89375
CVE-2009-1964,0.00733,0.78819
CVE-2009-1965,0.00634,0.76922
CVE-2009-1966,0.00733,0.78817
CVE-2009-1967,0.00733,0.78817
CVE-2009-1968,0.86846,0.98379
CVE-2009-1969,0.00503,0.73992
CVE-2009-1970,0.04912,0.92045
CVE-2009-1971,0.00178,0.55122
CVE-2009-1972,0.00529,0.74637
CVE-2009-1973,0.00733,0.78817
CVE-2009-1974,0.01403,0.85089
CVE-2009-1975,0.93472,0.98926
CVE-2009-1976,0.00461,0.72821
CVE-2009-1977,0.85461,0.98300
CVE-2009-1978,0.83665,0.98215
CVE-2009-1979,0.96476,0.99496
CVE-2009-1980,0.00407,0.71197
CVE-2009-1981,0.00062,0.24501
CVE-2009-1982,0.00461,0.72821
CVE-2009-1983,0.00461,0.72821
CVE-2009-1984,0.00062,0.24501
CVE-2009-1985,0.02039,0.87808
CVE-2009-1986,0.00510,0.74179
CVE-2009-1987,0.00607,0.76360
CVE-2009-1988,0.00182,0.55571
CVE-2009-1989,0.00208,0.58740
CVE-2009-1990,0.00043,0.05916
CVE-2009-1991,0.17729,0.95698
CVE-2009-1992,0.01184,0.83631
CVE-2009-1993,0.00529,0.74637
CVE-2009-1994,0.00235,0.61612
CVE-2009-1995,0.00172,0.54256
CVE-2009-1996,0.00097,0.40264
CVE-2009-1997,0.00508,0.74119
CVE-2009-1998,0.00178,0.55122
CVE-2009-1999,0.00486,0.73527
CVE-2009-2000,0.00508,0.74119
CVE-2009-20001,0.00074,0.30761
CVE-2009-2001,0.00235,0.61612
CVE-2009-2002,0.00279,0.65132
CVE-2009-2003,0.01074,0.82730
CVE-2009-2004,0.00339,0.68513
CVE-2009-2005,0.00410,0.71281
CVE-2009-2006,0.00291,0.65933
CVE-2009-2007,0.01516,0.85672
CVE-2009-2008,0.00243,0.62384
CVE-2009-2009,0.00253,0.63275
CVE-2009-2010,0.00086,0.35618
CVE-2009-2011,0.80778,0.98071
CVE-2009-2012,0.00044,0.10704
CVE-2009-2013,0.00093,0.39001
CVE-2009-2014,0.00064,0.26120
CVE-2009-2015,0.01197,0.83724
CVE-2009-2016,0.00093,0.39001
CVE-2009-2017,0.00093,0.39001
CVE-2009-2018,0.00099,0.40627
CVE-2009-2019,0.00129,0.47721
CVE-2009-2020,0.00132,0.48166
CVE-2009-2021,0.00093,0.39001
CVE-2009-2022,0.00320,0.67592
CVE-2009-2023,0.00093,0.39001
CVE-2009-2024,0.00277,0.64986
CVE-2009-2025,0.01883,0.87228
CVE-2009-2026,0.38409,0.96875
CVE-2009-2027,0.00042,0.05722
CVE-2009-2028,0.01169,0.83515
CVE-2009-2029,0.01041,0.82417
CVE-2009-2030,0.00482,0.73418
CVE-2009-2031,0.00044,0.10704
CVE-2009-2032,0.00184,0.55716
CVE-2009-2033,0.00199,0.57863
CVE-2009-2034,0.00097,0.40177
CVE-2009-2035,0.00555,0.75257
CVE-2009-2036,0.00093,0.39001
CVE-2009-2037,0.00809,0.79938
CVE-2009-2038,0.00332,0.68227
CVE-2009-2039,0.00407,0.71206
CVE-2009-2040,0.01917,0.87380
CVE-2009-2041,0.00192,0.57132
CVE-2009-2042,0.00740,0.78915
CVE-2009-2043,0.07669,0.93550
CVE-2009-2044,0.01315,0.84567
CVE-2009-2045,0.00563,0.75411
CVE-2009-2046,0.00119,0.45930
CVE-2009-2047,0.00457,0.72723
CVE-2009-2048,0.00111,0.44196
CVE-2009-2049,0.01896,0.87295
CVE-2009-2050,0.01099,0.82934
CVE-2009-2051,0.01185,0.83640
CVE-2009-2052,0.01687,0.86424
CVE-2009-2053,0.01099,0.82934
CVE-2009-2054,0.01896,0.87295
CVE-2009-2055,0.00955,0.81606
CVE-2009-2056,0.00100,0.41012
CVE-2009-2057,0.00202,0.58210
CVE-2009-2058,0.00150,0.51209
CVE-2009-2059,0.00144,0.50256
CVE-2009-2060,0.00243,0.62355
CVE-2009-2061,0.00073,0.30161
CVE-2009-2062,0.00174,0.54611
CVE-2009-2063,0.00174,0.54611
CVE-2009-2064,0.00221,0.60389
CVE-2009-2065,0.00174,0.54611
CVE-2009-2066,0.00174,0.54611
CVE-2009-2067,0.00150,0.51209
CVE-2009-2068,0.00082,0.34021
CVE-2009-2069,0.00102,0.41241
CVE-2009-2070,0.00130,0.47840
CVE-2009-2071,0.00361,0.69485
CVE-2009-2072,0.00061,0.23970
CVE-2009-2073,0.00304,0.66622
CVE-2009-2074,0.00108,0.43429
CVE-2009-2075,0.00448,0.72434
CVE-2009-2076,0.00115,0.45039
CVE-2009-2077,0.00119,0.45876
CVE-2009-2078,0.00253,0.63275
CVE-2009-2079,0.00108,0.43429
CVE-2009-2080,0.00501,0.73898
CVE-2009-2081,0.00766,0.79292
CVE-2009-2082,0.00102,0.41432
CVE-2009-2083,0.00115,0.45039
CVE-2009-2084,0.00062,0.24773
CVE-2009-2085,0.00657,0.77389
CVE-2009-2087,0.00042,0.05722
CVE-2009-2088,0.00776,0.79473
CVE-2009-2089,0.00128,0.47415
CVE-2009-2090,0.00944,0.81478
CVE-2009-2091,0.00347,0.68819
CVE-2009-2092,0.00388,0.70522
CVE-2009-2093,0.00213,0.59283
CVE-2009-2094,0.00042,0.05722
CVE-2009-2095,0.00907,0.81068
CVE-2009-2096,0.00107,0.43198
CVE-2009-2097,0.00129,0.47721
CVE-2009-2098,0.00064,0.26120
CVE-2009-2099,0.00064,0.26120
CVE-2009-2100,0.00779,0.79512
CVE-2009-2101,0.00808,0.79937
CVE-2009-2102,0.00064,0.26120
CVE-2009-2103,0.00230,0.61251
CVE-2009-2104,0.00254,0.63423
CVE-2009-2105,0.00243,0.62384
CVE-2009-2106,0.00230,0.61251
CVE-2009-2107,0.00195,0.57440
CVE-2009-2108,0.07777,0.93592
CVE-2009-2109,0.00456,0.72697
CVE-2009-2110,0.02696,0.89456
CVE-2009-2111,0.02345,0.88713
CVE-2009-2112,0.01397,0.85054
CVE-2009-2113,0.00291,0.65928
CVE-2009-2114,0.00297,0.66267
CVE-2009-2115,0.00150,0.51021
CVE-2009-2116,0.00383,0.70325
CVE-2009-2117,0.01124,0.83138
CVE-2009-2118,0.03225,0.90273
CVE-2009-2119,0.00316,0.67362
CVE-2009-2120,0.00121,0.46316
CVE-2009-2121,0.00356,0.69278
CVE-2009-2122,0.00064,0.26120
CVE-2009-2123,0.00129,0.47721
CVE-2009-2124,0.00525,0.74534
CVE-2009-2125,0.00113,0.44669
CVE-2009-2126,0.00192,0.57132
CVE-2009-2127,0.00132,0.48166
CVE-2009-2128,0.00125,0.47070
CVE-2009-2129,0.00136,0.48934
CVE-2009-2130,0.00172,0.54448
CVE-2009-2131,0.00111,0.44196
CVE-2009-2132,0.00290,0.65841
CVE-2009-2133,0.00685,0.77992
CVE-2009-2134,0.00307,0.66879
CVE-2009-2135,0.00044,0.10704
CVE-2009-2136,0.01110,0.83020
CVE-2009-2137,0.00289,0.65760
CVE-2009-2138,0.00170,0.54135
CVE-2009-2139,0.22724,0.96107
CVE-2009-2140,0.14125,0.95213
CVE-2009-2141,0.00199,0.57863
CVE-2009-2142,0.00093,0.39001
CVE-2009-2143,0.00718,0.78584
CVE-2009-2144,0.00125,0.47070
CVE-2009-2145,0.00173,0.54537
CVE-2009-2146,0.01098,0.82929
CVE-2009-2147,0.00064,0.26120
CVE-2009-2148,0.00125,0.47070
CVE-2009-2149,0.00132,0.48166
CVE-2009-2150,0.00136,0.48934
CVE-2009-2151,0.00527,0.74588
CVE-2009-2152,0.00111,0.44281
CVE-2009-2153,0.00122,0.46493
CVE-2009-2154,0.00111,0.44281
CVE-2009-2155,0.00240,0.62125
CVE-2009-2156,0.00151,0.51288
CVE-2009-2157,0.00154,0.51736
CVE-2009-2158,0.01203,0.83772
CVE-2009-2159,0.00601,0.76228
CVE-2009-2160,0.00966,0.81713
CVE-2009-2161,0.00877,0.80730
CVE-2009-2162,0.00259,0.63800
CVE-2009-2163,0.00149,0.50941
CVE-2009-2164,0.00093,0.39001
CVE-2009-2165,0.01060,0.82603
CVE-2009-2166,0.00790,0.79701
CVE-2009-2167,0.00129,0.47721
CVE-2009-2168,0.00503,0.73999
CVE-2009-2169,0.93873,0.98975
CVE-2009-2170,0.00122,0.46493
CVE-2009-2171,0.00122,0.46384
CVE-2009-2172,0.00202,0.58225
CVE-2009-2173,0.02241,0.88461
CVE-2009-2174,0.08007,0.93703
CVE-2009-2175,0.04032,0.91232
CVE-2009-2176,0.00774,0.79437
CVE-2009-2177,0.00512,0.74227
CVE-2009-2178,0.00132,0.48166
CVE-2009-2179,0.00125,0.47070
CVE-2009-2180,0.00777,0.79488
CVE-2009-2181,0.00132,0.48166
CVE-2009-2182,0.00503,0.73999
CVE-2009-2183,0.00525,0.74534
CVE-2009-2184,0.02007,0.87713
CVE-2009-2185,0.07513,0.93503
CVE-2009-2186,0.00942,0.81454
CVE-2009-2187,0.00044,0.10704
CVE-2009-2188,0.04769,0.91931
CVE-2009-2189,0.00447,0.72423
CVE-2009-2190,0.03298,0.90397
CVE-2009-2191,0.01119,0.83082
CVE-2009-2192,0.00671,0.77718
CVE-2009-2193,0.04418,0.91601
CVE-2009-2194,0.00045,0.12363
CVE-2009-2195,0.91806,0.98734
CVE-2009-2196,0.00248,0.62809
CVE-2009-2197,0.00322,0.67682
CVE-2009-2198,0.00145,0.50375
CVE-2009-2199,0.00543,0.74978
CVE-2009-2200,0.00438,0.72168
CVE-2009-2201,0.00057,0.21392
CVE-2009-2202,0.02004,0.87696
CVE-2009-2203,0.02221,0.88403
CVE-2009-2204,0.08836,0.93992
CVE-2009-2205,0.00243,0.62335
CVE-2009-2206,0.03914,0.91138
CVE-2009-2207,0.00042,0.05722
CVE-2009-2208,0.00042,0.05722
CVE-2009-2209,0.00099,0.40627
CVE-2009-2210,0.09165,0.94104
CVE-2009-2211,0.00178,0.55082
CVE-2009-2212,0.00136,0.48902
CVE-2009-2213,0.00129,0.47661
CVE-2009-2214,0.02412,0.88873
CVE-2009-2215,0.00132,0.48166
CVE-2009-2216,0.00488,0.73562
CVE-2009-2217,0.00250,0.63055
CVE-2009-2218,0.00198,0.57729
CVE-2009-2219,0.00132,0.48166
CVE-2009-2220,0.00894,0.80931
CVE-2009-2221,0.00220,0.60154
CVE-2009-2222,0.00326,0.67858
CVE-2009-2223,0.00747,0.79004
CVE-2009-2224,0.00280,0.65175
CVE-2009-2225,0.03023,0.89978
CVE-2009-2226,0.00220,0.60154
CVE-2009-2227,0.92714,0.98840
CVE-2009-2228,0.00223,0.60696
CVE-2009-2229,0.01269,0.84253
CVE-2009-2230,0.00137,0.49134
CVE-2009-2231,0.01555,0.85866
CVE-2009-2232,0.00102,0.41272
CVE-2009-2233,0.01655,0.86308
CVE-2009-2234,0.00064,0.26120
CVE-2009-2235,0.00064,0.26120
CVE-2009-2236,0.00064,0.26120
CVE-2009-2237,0.00749,0.79039
CVE-2009-2238,0.02946,0.89858
CVE-2009-2239,0.00064,0.26120
CVE-2009-2240,0.00254,0.63423
CVE-2009-2241,0.00203,0.58339
CVE-2009-2242,0.00102,0.41432
CVE-2009-2243,0.00171,0.54155
CVE-2009-2254,0.09763,0.94291
CVE-2009-2255,0.30705,0.96559
CVE-2009-2256,0.06406,0.93012
CVE-2009-2257,0.00693,0.78131
CVE-2009-2258,0.00305,0.66696
CVE-2009-2260,0.00330,0.68102
CVE-2009-2261,0.89598,0.98548
CVE-2009-2262,0.00503,0.73999
CVE-2009-2263,0.00974,0.81785
CVE-2009-2265,0.97270,0.99831
CVE-2009-2266,0.00279,0.65127
CVE-2009-2267,0.00135,0.48683
CVE-2009-2268,0.00216,0.59651
CVE-2009-2269,0.00095,0.39667
CVE-2009-2270,0.00388,0.70520
CVE-2009-2271,0.00540,0.74912
CVE-2009-2272,0.00129,0.47740
CVE-2009-2273,0.00165,0.53142
CVE-2009-2274,0.00411,0.71311
CVE-2009-2275,0.00778,0.79502
CVE-2009-2276,0.00095,0.39667
CVE-2009-2277,0.00199,0.57809
CVE-2009-2281,0.24832,0.96245
CVE-2009-2282,0.00082,0.33976
CVE-2009-2283,0.00216,0.59651
CVE-2009-2284,0.00275,0.64854
CVE-2009-2285,0.00252,0.63191
CVE-2009-2286,0.13277,0.95082
CVE-2009-2287,0.00042,0.05722
CVE-2009-2288,0.96919,0.99662
CVE-2009-2289,0.00186,0.55980
CVE-2009-2290,0.00068,0.28434
CVE-2009-2291,0.00234,0.61513
CVE-2009-2292,0.00275,0.64854
CVE-2009-2293,0.04839,0.91993
CVE-2009-2294,0.04731,0.91880
CVE-2009-2295,0.00884,0.80793
CVE-2009-2296,0.01902,0.87322
CVE-2009-2297,0.00402,0.71024
CVE-2009-2298,0.01359,0.84853
CVE-2009-2299,0.00484,0.73481
CVE-2009-2300,0.00533,0.74725
CVE-2009-2301,0.00418,0.71537
CVE-2009-2302,0.00436,0.72126
CVE-2009-2303,0.00330,0.68102
CVE-2009-2304,0.00306,0.66742
CVE-2009-2305,0.01145,0.83302
CVE-2009-2306,0.00772,0.79411
CVE-2009-2307,0.00107,0.43198
CVE-2009-2308,0.00104,0.42006
CVE-2009-2309,0.00068,0.28434
CVE-2009-2310,0.00064,0.26120
CVE-2009-2311,0.00064,0.26120
CVE-2009-2312,0.00042,0.05722
CVE-2009-2313,0.00752,0.79088
CVE-2009-2314,0.00044,0.10704
CVE-2009-2316,0.00323,0.67735
CVE-2009-2317,0.00756,0.79173
CVE-2009-2318,0.00325,0.67839
CVE-2009-2319,0.00177,0.54925
CVE-2009-2320,0.00475,0.73200
CVE-2009-2321,0.00766,0.79318
CVE-2009-2322,0.00160,0.52571
CVE-2009-2323,0.00149,0.51008
CVE-2009-2324,0.00192,0.57132
CVE-2009-2325,0.01463,0.85399
CVE-2009-2326,0.00125,0.47070
CVE-2009-2327,0.00090,0.37733
CVE-2009-2328,0.00113,0.44694
CVE-2009-2329,0.00294,0.66116
CVE-2009-2330,0.00132,0.48166
CVE-2009-2331,0.00582,0.75836
CVE-2009-2332,0.00330,0.68102
CVE-2009-2333,0.00893,0.80919
CVE-2009-2334,0.18270,0.95741
CVE-2009-2335,0.97022,0.99700
CVE-2009-2336,0.00660,0.77483
CVE-2009-2337,0.00187,0.56071
CVE-2009-2338,0.00774,0.79438
CVE-2009-2339,0.00093,0.39001
CVE-2009-2340,0.00102,0.41432
CVE-2009-2341,0.00064,0.26120
CVE-2009-2342,0.00199,0.57863
CVE-2009-2343,0.00254,0.63423
CVE-2009-2344,0.04744,0.91895
CVE-2009-2345,0.00135,0.48729
CVE-2009-2346,0.04736,0.91885
CVE-2009-2347,0.00593,0.76080
CVE-2009-2348,0.00042,0.05722
CVE-2009-2350,0.04920,0.92050
CVE-2009-2351,0.00411,0.71322
CVE-2009-2352,0.00354,0.69156
CVE-2009-2353,0.01284,0.84375
CVE-2009-2354,0.00129,0.47721
CVE-2009-2355,0.00221,0.60386
CVE-2009-2356,0.02618,0.89293
CVE-2009-2357,0.00756,0.79173
CVE-2009-2358,0.00042,0.05722
CVE-2009-2359,0.00134,0.48477
CVE-2009-2360,0.00471,0.73076
CVE-2009-2361,0.00439,0.72225
CVE-2009-2362,0.10112,0.94418
CVE-2009-2363,0.03077,0.90061
CVE-2009-2364,0.05492,0.92492
CVE-2009-2365,0.00093,0.39001
CVE-2009-2366,0.00163,0.52929
CVE-2009-2367,0.06165,0.92878
CVE-2009-2368,0.00290,0.65815
CVE-2009-2369,0.00439,0.72203
CVE-2009-2370,0.00274,0.64799
CVE-2009-2371,0.00256,0.63506
CVE-2009-2372,0.00285,0.65524
CVE-2009-2373,0.00199,0.57863
CVE-2009-2374,0.00223,0.60682
CVE-2009-2375,0.05492,0.92492
CVE-2009-2376,0.00315,0.67321
CVE-2009-2377,0.00447,0.72431
CVE-2009-2378,0.00828,0.80163
CVE-2009-2379,0.22870,0.96120
CVE-2009-2380,0.00254,0.63423
CVE-2009-2381,0.00281,0.65224
CVE-2009-2382,0.01655,0.86308
CVE-2009-2383,0.00064,0.26120
CVE-2009-2384,0.04045,0.91255
CVE-2009-2385,0.00064,0.26120
CVE-2009-2386,0.06117,0.92845
CVE-2009-2387,0.00044,0.10704
CVE-2009-2388,0.00125,0.47070
CVE-2009-2389,0.00107,0.43198
CVE-2009-2390,0.00064,0.26120
CVE-2009-2391,0.00192,0.57132
CVE-2009-2392,0.00129,0.47721
CVE-2009-2393,0.00260,0.63806
CVE-2009-2394,0.00095,0.39667
CVE-2009-2395,0.00077,0.31810
CVE-2009-2396,0.01838,0.87044
CVE-2009-2397,0.00850,0.80418
CVE-2009-2398,0.00775,0.79467
CVE-2009-2399,0.00828,0.80163
CVE-2009-2400,0.00093,0.39001
CVE-2009-2401,0.00199,0.57863
CVE-2009-2402,0.00108,0.43336
CVE-2009-2403,0.06888,0.93270
CVE-2009-2404,0.60445,0.97499
CVE-2009-2405,0.00329,0.68032
CVE-2009-2406,0.00044,0.08043
CVE-2009-2407,0.00044,0.08043
CVE-2009-2408,0.00527,0.74572
CVE-2009-2409,0.01372,0.84922
CVE-2009-2410,0.00634,0.76924
CVE-2009-2411,0.03837,0.91053
CVE-2009-2412,0.08045,0.93718
CVE-2009-2414,0.00232,0.61419
CVE-2009-2415,0.16074,0.95492
CVE-2009-2416,0.00942,0.81449
CVE-2009-2417,0.00148,0.50776
CVE-2009-2419,0.22764,0.96110
CVE-2009-2420,0.00187,0.56280
CVE-2009-2421,0.00374,0.69998
CVE-2009-2422,0.01238,0.84044
CVE-2009-2423,0.00108,0.43336
CVE-2009-2424,0.00160,0.52571
CVE-2009-2425,0.02279,0.88568
CVE-2009-2426,0.00394,0.70779
CVE-2009-2427,0.00068,0.28434
CVE-2009-2428,0.00064,0.26120
CVE-2009-2429,0.00042,0.05722
CVE-2009-2430,0.00044,0.10704
CVE-2009-2431,0.00622,0.76703
CVE-2009-2432,0.00817,0.80026
CVE-2009-2433,0.01360,0.84854
CVE-2009-2434,0.00042,0.05722
CVE-2009-2435,0.00280,0.65154
CVE-2009-2436,0.00077,0.31810
CVE-2009-2437,0.00209,0.58843
CVE-2009-2438,0.00218,0.59858
CVE-2009-2439,0.00077,0.31810
CVE-2009-2440,0.00209,0.58843
CVE-2009-2441,0.00209,0.58843
CVE-2009-2442,0.00209,0.58843
CVE-2009-2443,0.03809,0.91025
CVE-2009-2444,0.02479,0.89026
CVE-2009-2445,0.21905,0.96053
CVE-2009-2446,0.10003,0.94372
CVE-2009-2447,0.00160,0.52571
CVE-2009-2448,0.00122,0.46493
CVE-2009-2449,0.00445,0.72370
CVE-2009-2450,0.00042,0.05763
CVE-2009-2451,0.00064,0.26120
CVE-2009-2452,0.00244,0.62509
CVE-2009-2453,0.00616,0.76588
CVE-2009-2454,0.00162,0.52869
CVE-2009-2455,0.00122,0.46493
CVE-2009-2456,0.01970,0.87558
CVE-2009-2457,0.01126,0.83154
CVE-2009-2458,0.00569,0.75531
CVE-2009-2459,0.00634,0.76927
CVE-2009-2460,0.00953,0.81579
CVE-2009-2461,0.00062,0.24773
CVE-2009-2462,0.89168,0.98516
CVE-2009-2463,0.09447,0.94203
CVE-2009-2464,0.57965,0.97441
CVE-2009-2465,0.49295,0.97229
CVE-2009-2466,0.42986,0.97020
CVE-2009-2467,0.32947,0.96649
CVE-2009-2468,0.08050,0.93720
CVE-2009-2469,0.80471,0.98061
CVE-2009-2470,0.01999,0.87676
CVE-2009-2471,0.01902,0.87321
CVE-2009-2472,0.00333,0.68249
CVE-2009-2473,0.00265,0.64206
CVE-2009-2474,0.00318,0.67450
CVE-2009-2475,0.00647,0.77169
CVE-2009-2476,0.01239,0.84055
CVE-2009-2477,0.97103,0.99738
CVE-2009-2478,0.00685,0.78008
CVE-2009-2479,0.04494,0.91665
CVE-2009-2480,0.00275,0.64854
CVE-2009-2481,0.00445,0.72375
CVE-2009-2482,0.00042,0.05722
CVE-2009-2483,0.00042,0.05722
CVE-2009-2484,0.96091,0.99383
CVE-2009-2485,0.95276,0.99202
CVE-2009-2486,0.05077,0.92182
CVE-2009-2487,0.03257,0.90336
CVE-2009-2488,0.00044,0.10704
CVE-2009-2489,0.00044,0.10704
CVE-2009-2490,0.00044,0.10704
CVE-2009-2491,0.00044,0.10704
CVE-2009-2492,0.00254,0.63423
CVE-2009-2493,0.77277,0.97962
CVE-2009-2494,0.93451,0.98923
CVE-2009-2495,0.08003,0.93702
CVE-2009-2496,0.58027,0.97442
CVE-2009-2497,0.63078,0.97572
CVE-2009-2498,0.85928,0.98320
CVE-2009-2499,0.96252,0.99422
CVE-2009-2500,0.93429,0.98919
CVE-2009-2501,0.90687,0.98615
CVE-2009-2502,0.91389,0.98688
CVE-2009-2503,0.71553,0.97804
CVE-2009-2504,0.42869,0.97015
CVE-2009-2505,0.45631,0.97104
CVE-2009-2506,0.96135,0.99392
CVE-2009-2507,0.89933,0.98572
CVE-2009-2508,0.00072,0.29895
CVE-2009-2509,0.11825,0.94844
CVE-2009-2510,0.96283,0.99433
CVE-2009-2511,0.96713,0.99584
CVE-2009-2512,0.91452,0.98692
CVE-2009-2513,0.00047,0.14006
CVE-2009-2514,0.97091,0.99734
CVE-2009-2515,0.00042,0.00438
CVE-2009-2516,0.00044,0.08100
CVE-2009-2517,0.00042,0.00438
CVE-2009-2518,0.36360,0.96787
CVE-2009-2519,0.90817,0.98629
CVE-2009-2521,0.97135,0.99756
CVE-2009-2523,0.87796,0.98428
CVE-2009-2524,0.94175,0.99016
CVE-2009-2525,0.91658,0.98711
CVE-2009-2526,0.90783,0.98627
CVE-2009-2527,0.90605,0.98612
CVE-2009-2528,0.91379,0.98687
CVE-2009-2529,0.70163,0.97756
CVE-2009-2530,0.95298,0.99208
CVE-2009-2531,0.95298,0.99208
CVE-2009-2532,0.91193,0.98670
CVE-2009-2533,0.88192,0.98448
CVE-2009-2534,0.88192,0.98448
CVE-2009-2535,0.03397,0.90532
CVE-2009-2536,0.04438,0.91615
CVE-2009-2537,0.04301,0.91501
CVE-2009-2538,0.03620,0.90795
CVE-2009-2539,0.02245,0.88470
CVE-2009-2540,0.02370,0.88777
CVE-2009-2541,0.03068,0.90050
CVE-2009-2542,0.03008,0.89946
CVE-2009-2543,0.00657,0.77389
CVE-2009-2544,0.00208,0.58828
CVE-2009-2545,0.00129,0.47721
CVE-2009-2546,0.00296,0.66184
CVE-2009-2547,0.01865,0.87142
CVE-2009-2548,0.01348,0.84755
CVE-2009-2549,0.00265,0.64233
CVE-2009-2550,0.06918,0.93288
CVE-2009-2551,0.00481,0.73387
CVE-2009-2552,0.00711,0.78458
CVE-2009-2553,0.00093,0.39001
CVE-2009-2554,0.00064,0.26120
CVE-2009-2555,0.08598,0.93917
CVE-2009-2556,0.00258,0.63660
CVE-2009-2557,0.00778,0.79502
CVE-2009-2558,0.01792,0.86821
CVE-2009-2559,0.00303,0.66566
CVE-2009-2560,0.00344,0.68699
CVE-2009-2561,0.00408,0.71212
CVE-2009-2562,0.03627,0.90801
CVE-2009-2563,0.00219,0.59911
CVE-2009-2564,0.00043,0.07690
CVE-2009-2565,0.00254,0.63423
CVE-2009-2566,0.48898,0.97219
CVE-2009-2567,0.00068,0.28434
CVE-2009-2568,0.07837,0.93630
CVE-2009-2569,0.00218,0.59858
CVE-2009-2570,0.91094,0.98660
CVE-2009-2571,0.00218,0.59858
CVE-2009-2572,0.00332,0.68206
CVE-2009-2573,0.00057,0.21520
CVE-2009-2574,0.00878,0.80737
CVE-2009-2575,0.00356,0.69258
CVE-2009-2576,0.02055,0.87865
CVE-2009-2577,0.00264,0.64126
CVE-2009-2578,0.00176,0.54862
CVE-2009-2579,0.00059,0.22846
CVE-2009-2581,0.00160,0.52571
CVE-2009-2582,0.00625,0.76763
CVE-2009-2583,0.00939,0.81419
CVE-2009-2584,0.00043,0.07658
CVE-2009-2585,0.00099,0.40627
CVE-2009-2586,0.00186,0.55980
CVE-2009-2587,0.00668,0.77667
CVE-2009-2588,0.00631,0.76878
CVE-2009-2589,0.00405,0.71135
CVE-2009-2590,0.00247,0.62780
CVE-2009-2591,0.00064,0.26120
CVE-2009-2592,0.00125,0.47070
CVE-2009-2593,0.00203,0.58293
CVE-2009-2594,0.00220,0.60207
CVE-2009-2595,0.00414,0.71418
CVE-2009-2596,0.00044,0.10704
CVE-2009-2597,0.00547,0.75082
CVE-2009-2598,0.00137,0.49111
CVE-2009-2599,0.00093,0.39001
CVE-2009-2600,0.00660,0.77489
CVE-2009-2601,0.00107,0.43198
CVE-2009-2602,0.00282,0.65307
CVE-2009-2603,0.00093,0.39001
CVE-2009-2604,0.00107,0.43198
CVE-2009-2605,0.00099,0.40627
CVE-2009-2606,0.00244,0.62406
CVE-2009-2607,0.00064,0.26120
CVE-2009-2608,0.00102,0.41432
CVE-2009-2609,0.00064,0.26120
CVE-2009-2610,0.00119,0.45873
CVE-2009-2611,0.00261,0.63895
CVE-2009-2612,0.00154,0.51686
CVE-2009-2613,0.00233,0.61445
CVE-2009-2614,0.00097,0.40074
CVE-2009-2615,0.00233,0.61445
CVE-2009-2616,0.00154,0.51686
CVE-2009-2617,0.04880,0.92022
CVE-2009-2618,0.00064,0.26120
CVE-2009-2619,0.00097,0.40074
CVE-2009-2620,0.54094,0.97351
CVE-2009-2621,0.09522,0.94227
CVE-2009-2622,0.94718,0.99105
CVE-2009-2624,0.15506,0.95422
CVE-2009-2625,0.02276,0.88558
CVE-2009-2626,0.01304,0.84495
CVE-2009-2627,0.02024,0.87758
CVE-2009-2628,0.17120,0.95623
CVE-2009-2629,0.93820,0.98968
CVE-2009-2631,0.01335,0.84676
CVE-2009-2632,0.00044,0.08043
CVE-2009-2633,0.00635,0.76939
CVE-2009-2634,0.00635,0.76939
CVE-2009-2635,0.00635,0.76939
CVE-2009-2636,0.00254,0.63423
CVE-2009-2637,0.00635,0.76939
CVE-2009-2638,0.00068,0.28434
CVE-2009-2639,0.00111,0.44281
CVE-2009-2640,0.00159,0.52434
CVE-2009-2641,0.00635,0.76939
CVE-2009-2642,0.00754,0.79126
CVE-2009-2643,0.04817,0.91981
CVE-2009-2644,0.00044,0.10704
CVE-2009-2646,0.00476,0.73221
CVE-2009-2647,0.01819,0.86938
CVE-2009-2648,0.00313,0.67129
CVE-2009-2649,0.00043,0.07477
CVE-2009-2650,0.96094,0.99385
CVE-2009-2651,0.09189,0.94114
CVE-2009-2652,0.00860,0.80536
CVE-2009-2653,0.00133,0.48357
CVE-2009-2654,0.02234,0.88440
CVE-2009-2655,0.01777,0.86757
CVE-2009-2656,0.00231,0.61328
CVE-2009-2657,0.00042,0.05722
CVE-2009-2658,0.01705,0.86493
CVE-2009-2659,0.00626,0.76779
CVE-2009-2660,0.00466,0.72939
CVE-2009-2661,0.02326,0.88666
CVE-2009-2662,0.17661,0.95693
CVE-2009-2663,0.02644,0.89348
CVE-2009-2664,0.14964,0.95330
CVE-2009-2665,0.01378,0.84959
CVE-2009-2666,0.00148,0.50857
CVE-2009-2667,0.00226,0.60908
CVE-2009-2668,0.00283,0.65385
CVE-2009-2669,0.00043,0.07520
CVE-2009-2670,0.01005,0.82088
CVE-2009-2671,0.00721,0.78640
CVE-2009-2672,0.03661,0.90847
CVE-2009-2673,0.02312,0.88644
CVE-2009-2674,0.05014,0.92133
CVE-2009-2675,0.03631,0.90807
CVE-2009-2676,0.02362,0.88761
CVE-2009-2677,0.00153,0.51524
CVE-2009-2678,0.00205,0.58507
CVE-2009-2679,0.03266,0.90346
CVE-2009-2680,0.03742,0.90948
CVE-2009-2681,0.00042,0.05722
CVE-2009-2682,0.00042,0.05722
CVE-2009-2683,0.00564,0.75431
CVE-2009-2684,0.00469,0.73020
CVE-2009-2685,0.62263,0.97559
CVE-2009-2686,0.00042,0.05722
CVE-2009-2687,0.01036,0.82355
CVE-2009-2688,0.08574,0.93912
CVE-2009-2689,0.01155,0.83377
CVE-2009-2690,0.00692,0.78111
CVE-2009-2691,0.00044,0.08000
CVE-2009-2692,0.00054,0.19474
CVE-2009-2693,0.00378,0.70156
CVE-2009-2694,0.12462,0.94949
CVE-2009-2695,0.00044,0.08000
CVE-2009-2696,0.01206,0.83797
CVE-2009-2697,0.01060,0.82603
CVE-2009-2698,0.00048,0.14800
CVE-2009-2699,0.04967,0.92083
CVE-2009-2700,0.00179,0.55218
CVE-2009-2701,0.00287,0.65627
CVE-2009-2702,0.00077,0.31861
CVE-2009-2703,0.00550,0.75151
CVE-2009-2704,0.00102,0.41318
CVE-2009-2705,0.00232,0.61384
CVE-2009-2707,0.00050,0.16885
CVE-2009-2711,0.00064,0.26350
CVE-2009-2712,0.00044,0.10704
CVE-2009-2713,0.00433,0.71974
CVE-2009-2714,0.00066,0.27158
CVE-2009-2715,0.00053,0.18679
CVE-2009-2716,0.00507,0.74091
CVE-2009-2717,0.00088,0.36934
CVE-2009-2718,0.00235,0.61672
CVE-2009-2719,0.00638,0.76995
CVE-2009-2720,0.00612,0.76480
CVE-2009-2721,0.00771,0.79394
CVE-2009-2722,0.01094,0.82887
CVE-2009-2723,0.00863,0.80568
CVE-2009-2724,0.00251,0.63078
CVE-2009-2726,0.31147,0.96582
CVE-2009-2727,0.68078,0.97689
CVE-2009-2730,0.00168,0.53810
CVE-2009-2732,0.05560,0.92530
CVE-2009-2733,0.01431,0.85225
CVE-2009-2734,0.00143,0.50172
CVE-2009-2735,0.00230,0.61251
CVE-2009-2736,0.00365,0.69636
CVE-2009-2737,0.00218,0.59831
CVE-2009-2738,0.00261,0.63908
CVE-2009-2739,0.00220,0.60154
CVE-2009-2740,0.00380,0.70251
CVE-2009-2741,0.01429,0.85209
CVE-2009-2742,0.00191,0.56743
CVE-2009-2743,0.00042,0.05722
CVE-2009-2744,0.00690,0.78091
CVE-2009-2746,0.00187,0.56310
CVE-2009-2747,0.00518,0.74361
CVE-2009-2748,0.00178,0.55082
CVE-2009-2749,0.00076,0.31298
CVE-2009-2750,0.00125,0.46941
CVE-2009-2751,0.00098,0.40439
CVE-2009-2752,0.00042,0.05722
CVE-2009-2753,0.96169,0.99402
CVE-2009-2754,0.95696,0.99298
CVE-2009-2761,0.00042,0.05722
CVE-2009-2762,0.92663,0.98835
CVE-2009-2764,0.72941,0.97838
CVE-2009-2765,0.97213,0.99799
CVE-2009-2766,0.00440,0.72246
CVE-2009-2767,0.00044,0.07794
CVE-2009-2768,0.00042,0.05775
CVE-2009-2769,0.00629,0.76850
CVE-2009-2770,0.01258,0.84170
CVE-2009-2771,0.00199,0.57863
CVE-2009-2772,0.00741,0.78923
CVE-2009-2773,0.02667,0.89387
CVE-2009-2774,0.00093,0.39001
CVE-2009-2775,0.00068,0.28434
CVE-2009-2776,0.00064,0.26120
CVE-2009-2777,0.00230,0.61251
CVE-2009-2778,0.00220,0.60154
CVE-2009-2779,0.00064,0.26120
CVE-2009-2780,0.00668,0.77667
CVE-2009-2781,0.00075,0.30906
CVE-2009-2782,0.00068,0.28434
CVE-2009-2783,0.01083,0.82814
CVE-2009-2784,0.00566,0.75474
CVE-2009-2785,0.00250,0.63055
CVE-2009-2786,0.00099,0.40627
CVE-2009-2787,0.00594,0.76101
CVE-2009-2788,0.00068,0.28434
CVE-2009-2789,0.00108,0.43336
CVE-2009-2790,0.00064,0.26120
CVE-2009-2791,0.00571,0.75570
CVE-2009-2792,0.00746,0.78991
CVE-2009-2793,0.00042,0.00438
CVE-2009-2794,0.00042,0.05722
CVE-2009-2795,0.00045,0.12206
CVE-2009-2796,0.00060,0.23636
CVE-2009-2797,0.00484,0.73480
CVE-2009-2798,0.64879,0.97612
CVE-2009-2799,0.64879,0.97612
CVE-2009-2800,0.00288,0.65679
CVE-2009-2801,0.00227,0.60996
CVE-2009-2802,0.00125,0.46900
CVE-2009-2803,0.00292,0.65959
CVE-2009-2804,0.02706,0.89475
CVE-2009-2805,0.02248,0.88474
CVE-2009-2807,0.00042,0.05722
CVE-2009-2808,0.00066,0.27305
CVE-2009-2809,0.03365,0.90488
CVE-2009-2810,0.00939,0.81422
CVE-2009-2811,0.02235,0.88449
CVE-2009-2812,0.00906,0.81065
CVE-2009-2813,0.00681,0.77935
CVE-2009-2814,0.00263,0.64062
CVE-2009-2815,0.00614,0.76534
CVE-2009-2816,0.00220,0.59952
CVE-2009-2817,0.02530,0.89124
CVE-2009-2818,0.00331,0.68172
CVE-2009-2819,0.00210,0.58999
CVE-2009-2820,0.00890,0.80887
CVE-2009-2822,0.01487,0.85497
CVE-2009-2823,0.00253,0.63275
CVE-2009-2824,0.01271,0.84263
CVE-2009-2825,0.00069,0.28455
CVE-2009-2826,0.00679,0.77898
CVE-2009-2827,0.00900,0.81007
CVE-2009-2828,0.01909,0.87352
CVE-2009-2829,0.00543,0.74996
CVE-2009-2830,0.00851,0.80439
CVE-2009-2831,0.01178,0.83583
CVE-2009-2832,0.00851,0.80439
CVE-2009-2833,0.00220,0.59998
CVE-2009-2834,0.00042,0.05722
CVE-2009-2835,0.00042,0.05722
CVE-2009-2836,0.00059,0.22933
CVE-2009-2837,0.02195,0.88325
CVE-2009-2838,0.00843,0.80344
CVE-2009-2839,0.00254,0.63303
CVE-2009-2840,0.00042,0.05722
CVE-2009-2841,0.00595,0.76103
CVE-2009-2842,0.00518,0.74358
CVE-2009-2843,0.00881,0.80766
CVE-2009-2844,0.04954,0.92072
CVE-2009-2846,0.00042,0.05722
CVE-2009-2847,0.00042,0.00438
CVE-2009-2848,0.00052,0.17512
CVE-2009-2849,0.00044,0.08000
CVE-2009-2850,0.00380,0.70217
CVE-2009-2851,0.00451,0.72535
CVE-2009-2852,0.01354,0.84797
CVE-2009-2853,0.01394,0.85043
CVE-2009-2854,0.00302,0.66523
CVE-2009-2855,0.96495,0.99504
CVE-2009-2856,0.00131,0.48029
CVE-2009-2857,0.00044,0.10704
CVE-2009-2858,0.00304,0.66625
CVE-2009-2859,0.00052,0.18008
CVE-2009-2860,0.00963,0.81677
CVE-2009-2861,0.01239,0.84051
CVE-2009-2862,0.00352,0.69048
CVE-2009-2863,0.00314,0.67201
CVE-2009-2864,0.02420,0.88896
CVE-2009-2865,0.03380,0.90508
CVE-2009-2866,0.02090,0.87991
CVE-2009-2867,0.01355,0.84825
CVE-2009-2868,0.00615,0.76547
CVE-2009-2869,0.02004,0.87695
CVE-2009-2870,0.00676,0.77814
CVE-2009-2871,0.00676,0.77814
CVE-2009-2872,0.00618,0.76621
CVE-2009-2873,0.02090,0.87991
CVE-2009-2874,0.02004,0.87695
CVE-2009-2875,0.02479,0.89025
CVE-2009-2876,0.02479,0.89025
CVE-2009-2877,0.02479,0.89025
CVE-2009-2878,0.02479,0.89025
CVE-2009-2879,0.02479,0.89025
CVE-2009-2880,0.02479,0.89025
CVE-2009-2881,0.00093,0.39001
CVE-2009-2882,0.00195,0.57440
CVE-2009-2883,0.00064,0.26120
CVE-2009-2884,0.00186,0.55980
CVE-2009-2885,0.00064,0.26120
CVE-2009-2886,0.00102,0.41272
CVE-2009-2887,0.00199,0.57863
CVE-2009-2888,0.00064,0.26120
CVE-2009-2889,0.00186,0.55980
CVE-2009-2890,0.00186,0.55980
CVE-2009-2891,0.00099,0.40627
CVE-2009-2892,0.00087,0.36669
CVE-2009-2893,0.00218,0.59858
CVE-2009-2894,0.00095,0.39635
CVE-2009-2895,0.00095,0.39667
CVE-2009-2896,0.09207,0.94121
CVE-2009-2897,0.00333,0.68278
CVE-2009-2898,0.00197,0.57616
CVE-2009-2899,0.00042,0.05722
CVE-2009-2901,0.00200,0.57943
CVE-2009-2902,0.00534,0.74749
CVE-2009-2903,0.03869,0.91086
CVE-2009-2904,0.00042,0.05722
CVE-2009-2905,0.00044,0.08043
CVE-2009-2906,0.00455,0.72667
CVE-2009-2907,0.00210,0.59020
CVE-2009-2908,0.00044,0.08000
CVE-2009-2909,0.00042,0.05722
CVE-2009-2910,0.00044,0.08000
CVE-2009-2911,0.00042,0.05722
CVE-2009-2912,0.00044,0.10704
CVE-2009-2913,0.00122,0.46493
CVE-2009-2914,0.00122,0.46493
CVE-2009-2915,0.00068,0.28434
CVE-2009-2916,0.01967,0.87545
CVE-2009-2917,0.02070,0.87916
CVE-2009-2918,0.00043,0.07477
CVE-2009-2919,0.00090,0.38045
CVE-2009-2920,0.00132,0.48166
CVE-2009-2921,0.00093,0.39001
CVE-2009-2922,0.00714,0.78496
CVE-2009-2923,0.00601,0.76220
CVE-2009-2924,0.00095,0.39667
CVE-2009-2925,0.00545,0.75048
CVE-2009-2926,0.00107,0.43198
CVE-2009-2927,0.00107,0.43198
CVE-2009-2928,0.00132,0.48166
CVE-2009-2929,0.00125,0.47070
CVE-2009-2930,0.00133,0.48356
CVE-2009-2931,0.00443,0.72316
CVE-2009-2932,0.00325,0.67822
CVE-2009-2933,0.00129,0.47721
CVE-2009-2934,0.04073,0.91294
CVE-2009-2935,0.05436,0.92446
CVE-2009-2936,0.49805,0.97239
CVE-2009-2937,0.00775,0.79454
CVE-2009-2939,0.00042,0.05722
CVE-2009-2940,0.01060,0.82603
CVE-2009-2942,0.00788,0.79655
CVE-2009-2943,0.00756,0.79173
CVE-2009-2944,0.00522,0.74453
CVE-2009-2945,0.00187,0.56169
CVE-2009-2946,0.00764,0.79275
CVE-2009-2947,0.00259,0.63693
CVE-2009-2948,0.00063,0.25789
CVE-2009-2949,0.13362,0.95097
CVE-2009-2950,0.05347,0.92380
CVE-2009-2951,0.00116,0.45247
CVE-2009-2952,0.00044,0.10704
CVE-2009-2953,0.00264,0.64126
CVE-2009-2954,0.00421,0.71649
CVE-2009-2955,0.00148,0.50759
CVE-2009-2956,0.00159,0.52492
CVE-2009-2957,0.28919,0.96470
CVE-2009-2958,0.03557,0.90714
CVE-2009-2959,0.00292,0.65987
CVE-2009-2960,0.01304,0.84500
CVE-2009-2961,0.10187,0.94435
CVE-2009-2963,0.03100,0.90092
CVE-2009-2964,0.00401,0.70982
CVE-2009-2965,0.00133,0.48356
CVE-2009-2966,0.01535,0.85771
CVE-2009-2967,0.00317,0.67408
CVE-2009-2968,0.00779,0.79512
CVE-2009-2970,0.02273,0.88549
CVE-2009-2972,0.02507,0.89074
CVE-2009-2973,0.00099,0.40565
CVE-2009-2974,0.00418,0.71545
CVE-2009-2975,0.00886,0.80839
CVE-2009-2976,0.00202,0.58141
CVE-2009-2977,0.00140,0.49676
CVE-2009-2978,0.00361,0.69489
CVE-2009-2979,0.01209,0.83815
CVE-2009-2980,0.82865,0.98187
CVE-2009-2981,0.01158,0.83404
CVE-2009-2982,0.01034,0.82338
CVE-2009-2983,0.95320,0.99214
CVE-2009-2984,0.00780,0.79529
CVE-2009-2985,0.05025,0.92139
CVE-2009-2986,0.01008,0.82108
CVE-2009-2987,0.01209,0.83815
CVE-2009-2988,0.00256,0.63547
CVE-2009-2989,0.23430,0.96156
CVE-2009-2990,0.97349,0.99882
CVE-2009-2991,0.21195,0.96009
CVE-2009-2992,0.00256,0.63547
CVE-2009-2993,0.32302,0.96627
CVE-2009-2994,0.02455,0.88976
CVE-2009-2995,0.00352,0.69055
CVE-2009-2996,0.01744,0.86648
CVE-2009-2997,0.01008,0.82108
CVE-2009-2998,0.78462,0.98001
CVE-2009-2999,0.00673,0.77756
CVE-2009-3000,0.00108,0.43509
CVE-2009-3001,0.00048,0.14716
CVE-2009-3002,0.00044,0.08191
CVE-2009-3003,0.02037,0.87804
CVE-2009-3004,0.00131,0.48021
CVE-2009-3005,0.00142,0.49869
CVE-2009-3006,0.00245,0.62586
CVE-2009-3007,0.00085,0.35325
CVE-2009-3008,0.00113,0.44626
CVE-2009-3009,0.00319,0.67536
CVE-2009-3010,0.00176,0.54801
CVE-2009-3011,0.00180,0.55302
CVE-2009-3012,0.00146,0.50465
CVE-2009-3013,0.00199,0.57826
CVE-2009-3014,0.00187,0.56286
CVE-2009-3015,0.00160,0.52571
CVE-2009-3016,0.00190,0.56599
CVE-2009-3017,0.00199,0.57863
CVE-2009-3018,0.00220,0.60207
CVE-2009-3019,0.38277,0.96870
CVE-2009-3020,0.10494,0.94504
CVE-2009-3021,0.00254,0.63423
CVE-2009-3022,0.00304,0.66622
CVE-2009-3023,0.97244,0.99818
CVE-2009-3024,0.00496,0.73786
CVE-2009-3025,0.00920,0.81233
CVE-2009-3026,0.00441,0.72283
CVE-2009-3027,0.93082,0.98880
CVE-2009-3028,0.72802,0.97835
CVE-2009-3029,0.00293,0.66030
CVE-2009-3030,0.00904,0.81041
CVE-2009-3031,0.96230,0.99417
CVE-2009-3032,0.00449,0.72472
CVE-2009-3033,0.96504,0.99507
CVE-2009-3035,0.00042,0.05722
CVE-2009-3036,0.02486,0.89037
CVE-2009-3037,0.21244,0.96011
CVE-2009-3038,0.00233,0.61465
CVE-2009-3040,0.00064,0.26120
CVE-2009-3041,0.06104,0.92839
CVE-2009-3042,0.00159,0.52434
CVE-2009-3043,0.00043,0.07477
CVE-2009-3044,0.00119,0.45992
CVE-2009-3045,0.00129,0.47747
CVE-2009-3046,0.00311,0.67069
CVE-2009-3047,0.00647,0.77168
CVE-2009-3048,0.00545,0.75039
CVE-2009-3049,0.00732,0.78813
CVE-2009-3050,0.01082,0.82806
CVE-2009-3051,0.09818,0.94308
CVE-2009-3052,0.00059,0.22846
CVE-2009-3053,0.00367,0.69739
CVE-2009-3054,0.00064,0.26120
CVE-2009-3055,0.00525,0.74524
CVE-2009-3056,0.00560,0.75321
CVE-2009-3057,0.00187,0.56309
CVE-2009-3058,0.09806,0.94306
CVE-2009-3059,0.00083,0.34399
CVE-2009-3060,0.00179,0.55213
CVE-2009-3061,0.00068,0.28434
CVE-2009-3062,0.00095,0.39667
CVE-2009-3063,0.00077,0.31810
CVE-2009-3064,0.00746,0.78991
CVE-2009-3065,0.00629,0.76850
CVE-2009-3066,0.00187,0.56309
CVE-2009-3067,0.00160,0.52571
CVE-2009-3068,0.97105,0.99741
CVE-2009-3069,0.22961,0.96126
CVE-2009-3070,0.66586,0.97649
CVE-2009-3071,0.59775,0.97486
CVE-2009-3072,0.68806,0.97710
CVE-2009-3073,0.23780,0.96184
CVE-2009-3074,0.49047,0.97222
CVE-2009-3075,0.79776,0.98037
CVE-2009-3076,0.90586,0.98609
CVE-2009-3077,0.27534,0.96397
CVE-2009-3078,0.00603,0.76281
CVE-2009-3079,0.01936,0.87443
CVE-2009-3080,0.00052,0.17992
CVE-2009-3081,0.00129,0.47721
CVE-2009-3082,0.00111,0.44281
CVE-2009-3083,0.04540,0.91703
CVE-2009-3084,0.03098,0.90091
CVE-2009-3085,0.02843,0.89719
CVE-2009-3086,0.00556,0.75264
CVE-2009-3087,0.00220,0.60158
CVE-2009-3088,0.00609,0.76419
CVE-2009-3089,0.00208,0.58803
CVE-2009-3090,0.00220,0.60158
CVE-2009-3091,0.00203,0.58342
CVE-2009-3092,0.00358,0.69322
CVE-2009-3093,0.00358,0.69322
CVE-2009-3094,0.00151,0.51301
CVE-2009-3095,0.00246,0.62699
CVE-2009-3096,0.00686,0.78017
CVE-2009-3097,0.00165,0.53181
CVE-2009-3098,0.00686,0.78017
CVE-2009-3099,0.01009,0.82121
CVE-2009-3100,0.00044,0.10704
CVE-2009-3101,0.00044,0.10704
CVE-2009-3102,0.01232,0.84004
CVE-2009-3103,0.97224,0.99807
CVE-2009-3104,0.00372,0.69923
CVE-2009-3105,0.00249,0.62904
CVE-2009-3106,0.00102,0.41318
CVE-2009-3107,0.00172,0.54277
CVE-2009-3108,0.00043,0.07360
CVE-2009-3109,0.00142,0.49940
CVE-2009-3110,0.00149,0.50923
CVE-2009-3111,0.95514,0.99258
CVE-2009-3112,0.00478,0.73301
CVE-2009-3113,0.00163,0.53025
CVE-2009-3114,0.00885,0.80804
CVE-2009-3115,0.02325,0.88666
CVE-2009-3116,0.00230,0.61251
CVE-2009-3117,0.00135,0.48729
CVE-2009-3118,0.00134,0.48480
CVE-2009-3119,0.00077,0.31810
CVE-2009-3120,0.00132,0.48166
CVE-2009-3121,0.00367,0.69759
CVE-2009-3122,0.00648,0.77193
CVE-2009-3123,0.00512,0.74207
CVE-2009-3124,0.00637,0.76988
CVE-2009-3125,0.00135,0.48729
CVE-2009-3126,0.93429,0.98919
CVE-2009-3127,0.71866,0.97810
CVE-2009-3128,0.83933,0.98224
CVE-2009-3129,0.97202,0.99791
CVE-2009-3130,0.88361,0.98460
CVE-2009-3131,0.67315,0.97670
CVE-2009-3132,0.86915,0.98384
CVE-2009-3133,0.67315,0.97670
CVE-2009-3134,0.85555,0.98304
CVE-2009-3135,0.95255,0.99199
CVE-2009-3146,0.00192,0.57132
CVE-2009-3147,0.00199,0.57863
CVE-2009-3148,0.00095,0.39667
CVE-2009-3149,0.00509,0.74128
CVE-2009-3150,0.00093,0.39001
CVE-2009-3151,0.00545,0.75048
CVE-2009-3152,0.00195,0.57440
CVE-2009-3153,0.00186,0.55980
CVE-2009-3154,0.00125,0.47070
CVE-2009-3155,0.00192,0.57132
CVE-2009-3156,0.00127,0.47308
CVE-2009-3157,0.00110,0.43987
CVE-2009-3158,0.01552,0.85847
CVE-2009-3159,0.00864,0.80579
CVE-2009-3160,0.00176,0.54789
CVE-2009-3161,0.00240,0.62101
CVE-2009-3162,0.00187,0.56309
CVE-2009-3163,0.11469,0.94750
CVE-2009-3164,0.00786,0.79595
CVE-2009-3165,0.00135,0.48729
CVE-2009-3166,0.00327,0.67881
CVE-2009-3167,0.00477,0.73255
CVE-2009-3168,0.00702,0.78272
CVE-2009-3169,0.02882,0.89776
CVE-2009-3170,0.06888,0.93270
CVE-2009-3171,0.00352,0.69079
CVE-2009-3172,0.00496,0.73786
CVE-2009-3173,0.01599,0.86070
CVE-2009-3174,0.00560,0.75321
CVE-2009-3175,0.00095,0.39667
CVE-2009-3176,0.03356,0.90474
CVE-2009-3177,0.00308,0.66914
CVE-2009-3178,0.00154,0.51684
CVE-2009-3179,0.00976,0.81805
CVE-2009-3180,0.00540,0.74912
CVE-2009-3181,0.00341,0.68575
CVE-2009-3182,0.03689,0.90891
CVE-2009-3183,0.00044,0.10704
CVE-2009-3184,0.00077,0.31810
CVE-2009-3185,0.00107,0.43198
CVE-2009-3186,0.00218,0.59858
CVE-2009-3187,0.00209,0.58843
CVE-2009-3188,0.02142,0.88176
CVE-2009-3189,0.00209,0.58843
CVE-2009-3190,0.00125,0.47070
CVE-2009-3191,0.00132,0.48166
CVE-2009-3192,0.00132,0.48166
CVE-2009-3193,0.00095,0.39667
CVE-2009-3194,0.00209,0.58843
CVE-2009-3195,0.00209,0.58843
CVE-2009-3196,0.00209,0.58843
CVE-2009-3197,0.00223,0.60696
CVE-2009-3198,0.00223,0.60696
CVE-2009-3199,0.00254,0.63304
CVE-2009-3200,0.00042,0.05722
CVE-2009-3201,0.00278,0.65026
CVE-2009-3202,0.00186,0.55980
CVE-2009-3203,0.00064,0.26120
CVE-2009-3204,0.00367,0.69722
CVE-2009-3205,0.00064,0.26120
CVE-2009-3206,0.00086,0.35809
CVE-2009-3207,0.02620,0.89302
CVE-2009-3208,0.00068,0.28434
CVE-2009-3209,0.00064,0.26120
CVE-2009-3210,0.00119,0.45873
CVE-2009-3211,0.00235,0.61621
CVE-2009-3212,0.00108,0.43336
CVE-2009-3213,0.09089,0.94072
CVE-2009-3214,0.68246,0.97696
CVE-2009-3215,0.00087,0.36669
CVE-2009-3216,0.00198,0.57734
CVE-2009-3217,0.00111,0.44281
CVE-2009-3218,0.00135,0.48729
CVE-2009-3219,0.00490,0.73635
CVE-2009-3220,0.00525,0.74524
CVE-2009-3221,0.16436,0.95530
CVE-2009-3222,0.00297,0.66267
CVE-2009-3223,0.00100,0.41020
CVE-2009-3224,0.00093,0.39001
CVE-2009-3225,0.00195,0.57440
CVE-2009-3226,0.00064,0.26120
CVE-2009-3227,0.00199,0.57826
CVE-2009-3228,0.00044,0.08000
CVE-2009-3229,0.01139,0.83258
CVE-2009-3230,0.00516,0.74321
CVE-2009-3231,0.02191,0.88316
CVE-2009-3232,0.02590,0.89231
CVE-2009-3233,0.00057,0.21311
CVE-2009-3234,0.00042,0.05765
CVE-2009-3235,0.02123,0.88078
CVE-2009-3236,0.00619,0.76646
CVE-2009-3237,0.00308,0.66883
CVE-2009-3238,0.00172,0.54309
CVE-2009-3240,0.00192,0.57132
CVE-2009-3241,0.07056,0.93343
CVE-2009-3242,0.03955,0.91168
CVE-2009-3243,0.03955,0.91168
CVE-2009-3244,0.83813,0.98219
CVE-2009-3245,0.01237,0.84034
CVE-2009-3246,0.00077,0.31810
CVE-2009-3247,0.00647,0.77182
CVE-2009-3248,0.03202,0.90248
CVE-2009-3249,0.05375,0.92403
CVE-2009-3250,0.05484,0.92485
CVE-2009-3251,0.00119,0.45876
CVE-2009-3252,0.00099,0.40627
CVE-2009-3253,0.10187,0.94435
CVE-2009-3254,0.12135,0.94899
CVE-2009-3255,0.00266,0.64313
CVE-2009-3256,0.00170,0.53979
CVE-2009-3257,0.00080,0.33491
CVE-2009-3258,0.00203,0.58298
CVE-2009-3259,0.00230,0.61251
CVE-2009-3260,0.00210,0.59020
CVE-2009-3261,0.00746,0.78988
CVE-2009-3262,0.00080,0.33251
CVE-2009-3263,0.00339,0.68481
CVE-2009-3264,0.00181,0.55503
CVE-2009-3265,0.00191,0.56836
CVE-2009-3266,0.00540,0.74914
CVE-2009-3267,0.00686,0.78016
CVE-2009-3268,0.00148,0.50759
CVE-2009-3269,0.00766,0.79318
CVE-2009-3270,0.00874,0.80692
CVE-2009-3271,0.01001,0.82049
CVE-2009-3272,0.31996,0.96614
CVE-2009-3273,0.00049,0.15785
CVE-2009-3274,0.00042,0.05722
CVE-2009-3275,0.00682,0.77962
CVE-2009-3276,0.00129,0.47594
CVE-2009-3277,0.00129,0.47594
CVE-2009-3278,0.00042,0.05722
CVE-2009-3279,0.00042,0.05722
CVE-2009-3280,0.00744,0.78969
CVE-2009-3281,0.00075,0.31102
CVE-2009-3282,0.00065,0.27016
CVE-2009-3283,0.00220,0.60154
CVE-2009-3284,0.00343,0.68686
CVE-2009-3286,0.00044,0.08000
CVE-2009-3287,0.00666,0.77612
CVE-2009-3288,0.00043,0.07660
CVE-2009-3289,0.00042,0.05722
CVE-2009-3290,0.00062,0.24773
CVE-2009-3291,0.01180,0.83605
CVE-2009-3292,0.01811,0.86902
CVE-2009-3293,0.01784,0.86791
CVE-2009-3294,0.01527,0.85730
CVE-2009-3295,0.89487,0.98541
CVE-2009-3296,0.03884,0.91105
CVE-2009-3298,0.00374,0.69975
CVE-2009-3299,0.00317,0.67408
CVE-2009-3300,0.00253,0.63275
CVE-2009-3301,0.47097,0.97151
CVE-2009-3302,0.37203,0.96829
CVE-2009-3303,0.00220,0.60154
CVE-2009-3304,0.00042,0.05722
CVE-2009-3305,0.01991,0.87642
CVE-2009-3306,0.01188,0.83655
CVE-2009-3307,0.00629,0.76850
CVE-2009-3308,0.00093,0.39001
CVE-2009-3309,0.00064,0.26120
CVE-2009-3310,0.00133,0.48324
CVE-2009-3311,0.00186,0.55980
CVE-2009-3312,0.02769,0.89593
CVE-2009-3313,0.00194,0.57336
CVE-2009-3314,0.00159,0.52434
CVE-2009-3315,0.00064,0.26120
CVE-2009-3316,0.00087,0.36669
CVE-2009-3317,0.00710,0.78439
CVE-2009-3318,0.00706,0.78355
CVE-2009-3319,0.00113,0.44689
CVE-2009-3320,0.00186,0.55980
CVE-2009-3321,0.00087,0.36669
CVE-2009-3322,0.22867,0.96120
CVE-2009-3323,0.00629,0.76850
CVE-2009-3324,0.00560,0.75321
CVE-2009-3325,0.00077,0.31810
CVE-2009-3326,0.00095,0.39667
CVE-2009-3327,0.00125,0.47070
CVE-2009-3328,0.00132,0.48166
CVE-2009-3329,0.02273,0.88549
CVE-2009-3330,0.00107,0.43198
CVE-2009-3331,0.00629,0.76850
CVE-2009-3332,0.00068,0.28434
CVE-2009-3333,0.00525,0.74524
CVE-2009-3334,0.00068,0.28434
CVE-2009-3335,0.00107,0.43198
CVE-2009-3336,0.00077,0.31810
CVE-2009-3337,0.00165,0.53158
CVE-2009-3338,0.04898,0.92036
CVE-2009-3339,0.00330,0.68102
CVE-2009-3340,0.00766,0.79318
CVE-2009-3341,0.03656,0.90842
CVE-2009-3342,0.00077,0.31810
CVE-2009-3343,0.00107,0.43198
CVE-2009-3344,0.00203,0.58326
CVE-2009-3345,0.00398,0.70917
CVE-2009-3346,0.04070,0.91288
CVE-2009-3347,0.04921,0.92052
CVE-2009-3348,0.00132,0.48166
CVE-2009-3349,0.00125,0.47070
CVE-2009-3350,0.00244,0.62423
CVE-2009-3351,0.00244,0.62423
CVE-2009-3352,0.00219,0.59942
CVE-2009-3353,0.00244,0.62423
CVE-2009-3354,0.00244,0.62423
CVE-2009-3355,0.00186,0.55980
CVE-2009-3356,0.00093,0.39001
CVE-2009-3357,0.00204,0.58426
CVE-2009-3358,0.00107,0.43198
CVE-2009-3359,0.00297,0.66267
CVE-2009-3360,0.00436,0.72126
CVE-2009-3361,0.00095,0.39667
CVE-2009-3362,0.00710,0.78439
CVE-2009-3363,0.00254,0.63423
CVE-2009-3364,0.01292,0.84423
CVE-2009-3365,0.00560,0.75321
CVE-2009-3366,0.00343,0.68686
CVE-2009-3367,0.00192,0.57132
CVE-2009-3368,0.00367,0.69722
CVE-2009-3369,0.00371,0.69874
CVE-2009-3370,0.01903,0.87327
CVE-2009-3371,0.50078,0.97242
CVE-2009-3372,0.08209,0.93775
CVE-2009-3373,0.32228,0.96623
CVE-2009-3374,0.01243,0.84077
CVE-2009-3375,0.00569,0.75535
CVE-2009-3376,0.01271,0.84265
CVE-2009-3377,0.18929,0.95814
CVE-2009-3378,0.06052,0.92799
CVE-2009-3379,0.25358,0.96273
CVE-2009-3380,0.37439,0.96835
CVE-2009-3381,0.18386,0.95755
CVE-2009-3382,0.89017,0.98507
CVE-2009-3383,0.23633,0.96173
CVE-2009-3384,0.00246,0.62650
CVE-2009-3385,0.04073,0.91292
CVE-2009-3386,0.00593,0.76080
CVE-2009-3387,0.00441,0.72257
CVE-2009-3388,0.02644,0.89348
CVE-2009-3389,0.07467,0.93490
CVE-2009-3390,0.00044,0.10704
CVE-2009-3392,0.00330,0.68061
CVE-2009-3393,0.00227,0.60972
CVE-2009-3395,0.01559,0.85889
CVE-2009-3396,0.00279,0.65132
CVE-2009-3397,0.00265,0.64243
CVE-2009-3399,0.00279,0.65132
CVE-2009-3400,0.00167,0.53494
CVE-2009-3401,0.00043,0.05916
CVE-2009-3402,0.00153,0.51535
CVE-2009-3403,0.00605,0.76330
CVE-2009-3404,0.00167,0.53494
CVE-2009-3405,0.00061,0.23932
CVE-2009-3406,0.00066,0.27471
CVE-2009-3407,0.00458,0.72748
CVE-2009-3408,0.00385,0.70413
CVE-2009-3409,0.00095,0.39750
CVE-2009-3410,0.00105,0.42600
CVE-2009-3411,0.00105,0.42600
CVE-2009-3412,0.00043,0.05916
CVE-2009-3413,0.00102,0.41275
CVE-2009-3414,0.00088,0.37091
CVE-2009-3415,0.00448,0.72454
CVE-2009-3416,0.00168,0.53624
CVE-2009-3417,0.00107,0.43198
CVE-2009-3418,0.00106,0.42997
CVE-2009-3419,0.00108,0.43336
CVE-2009-3420,0.00160,0.52571
CVE-2009-3421,0.00982,0.81860
CVE-2009-3422,0.00940,0.81427
CVE-2009-3423,0.01000,0.82047
CVE-2009-3424,0.01116,0.83068
CVE-2009-3425,0.00328,0.67978
CVE-2009-3426,0.00718,0.78584
CVE-2009-3427,0.00199,0.57863
CVE-2009-3428,0.04073,0.91294
CVE-2009-3429,0.95276,0.99202
CVE-2009-3430,0.00093,0.39001
CVE-2009-3431,0.10591,0.94535
CVE-2009-3432,0.00065,0.27052
CVE-2009-3433,0.00044,0.10704
CVE-2009-3434,0.00133,0.48324
CVE-2009-3435,0.00254,0.63423
CVE-2009-3436,0.00064,0.26120
CVE-2009-3437,0.00132,0.48166
CVE-2009-3438,0.00077,0.31810
CVE-2009-3439,0.00080,0.33216
CVE-2009-3440,0.00220,0.60169
CVE-2009-3441,0.00287,0.65633
CVE-2009-3442,0.00581,0.75807
CVE-2009-3443,0.00068,0.28434
CVE-2009-3444,0.00436,0.72126
CVE-2009-3445,0.00728,0.78739
CVE-2009-3446,0.00064,0.26120
CVE-2009-3447,0.04534,0.91696
CVE-2009-3448,0.01585,0.86016
CVE-2009-3449,0.00181,0.55521
CVE-2009-3450,0.00250,0.63055
CVE-2009-3451,0.00350,0.69002
CVE-2009-3452,0.00382,0.70308
CVE-2009-3453,0.00287,0.65619
CVE-2009-3455,0.00056,0.21061
CVE-2009-3456,0.00056,0.21061
CVE-2009-3457,0.01334,0.84670
CVE-2009-3458,0.78462,0.98001
CVE-2009-3459,0.97290,0.99845
CVE-2009-3460,0.01744,0.86648
CVE-2009-3461,0.00490,0.73625
CVE-2009-3462,0.00871,0.80647
CVE-2009-3463,0.07039,0.93338
CVE-2009-3464,0.06579,0.93122
CVE-2009-3465,0.06579,0.93122
CVE-2009-3466,0.04856,0.92005
CVE-2009-3467,0.10688,0.94565
CVE-2009-3468,0.00044,0.10704
CVE-2009-3469,0.03146,0.90157
CVE-2009-3470,0.01439,0.85266
CVE-2009-3471,0.00864,0.80578
CVE-2009-3472,0.00303,0.66579
CVE-2009-3473,0.00295,0.66132
CVE-2009-3474,0.00570,0.75550
CVE-2009-3475,0.00089,0.37298
CVE-2009-3476,0.03432,0.90580
CVE-2009-3477,0.00073,0.30145
CVE-2009-3478,0.01014,0.82159
CVE-2009-3479,0.00253,0.63275
CVE-2009-3480,0.00135,0.48729
CVE-2009-3481,0.00299,0.66379
CVE-2009-3482,0.00042,0.05722
CVE-2009-3483,0.01732,0.86600
CVE-2009-3484,0.07837,0.93630
CVE-2009-3485,0.00218,0.59858
CVE-2009-3486,0.00087,0.35971
CVE-2009-3487,0.00087,0.35971
CVE-2009-3488,0.00103,0.41614
CVE-2009-3489,0.00042,0.00438
CVE-2009-3490,0.00414,0.71444
CVE-2009-3491,0.00064,0.26120
CVE-2009-3492,0.00629,0.76850
CVE-2009-3493,0.00297,0.66267
CVE-2009-3494,0.00093,0.39001
CVE-2009-3495,0.00077,0.31810
CVE-2009-3496,0.00218,0.59858
CVE-2009-3497,0.00108,0.43336
CVE-2009-3498,0.00108,0.43336
CVE-2009-3499,0.00077,0.31810
CVE-2009-3500,0.00077,0.31810
CVE-2009-3501,0.00203,0.58293
CVE-2009-3502,0.00077,0.31810
CVE-2009-3503,0.00077,0.31810
CVE-2009-3504,0.00077,0.31810
CVE-2009-3505,0.00135,0.48786
CVE-2009-3506,0.00132,0.48166
CVE-2009-3507,0.00525,0.74534
CVE-2009-3508,0.00395,0.70800
CVE-2009-3509,0.00301,0.66467
CVE-2009-3510,0.00095,0.39667
CVE-2009-3511,0.00560,0.75321
CVE-2009-3512,0.00436,0.72126
CVE-2009-3513,0.00195,0.57440
CVE-2009-3514,0.00103,0.41658
CVE-2009-3515,0.00292,0.65945
CVE-2009-3516,0.00042,0.05722
CVE-2009-3517,0.01591,0.86042
CVE-2009-3518,0.02158,0.88231
CVE-2009-3519,0.00075,0.30911
CVE-2009-3520,0.00135,0.48684
CVE-2009-3521,0.00270,0.64557
CVE-2009-3522,0.00044,0.08099
CVE-2009-3523,0.00042,0.05722
CVE-2009-3524,0.00059,0.22933
CVE-2009-3525,0.00124,0.46761
CVE-2009-3527,0.00043,0.07477
CVE-2009-3528,0.00089,0.37284
CVE-2009-3529,0.00125,0.47070
CVE-2009-3530,0.00192,0.57132
CVE-2009-3531,0.00087,0.36669
CVE-2009-3532,0.00230,0.61251
CVE-2009-3533,0.00135,0.48729
CVE-2009-3534,0.00623,0.76705
CVE-2009-3535,0.00997,0.82025
CVE-2009-3536,0.05895,0.92717
CVE-2009-3537,0.02091,0.87995
CVE-2009-3538,0.00525,0.74534
CVE-2009-3539,0.00209,0.58843
CVE-2009-3540,0.00132,0.48166
CVE-2009-3541,0.00629,0.76850
CVE-2009-3542,0.00626,0.76786
CVE-2009-3543,0.00159,0.52434
CVE-2009-3544,0.02563,0.89174
CVE-2009-3545,0.00899,0.80986
CVE-2009-3546,0.02003,0.87689
CVE-2009-3547,0.00042,0.05765
CVE-2009-3548,0.17084,0.95609
CVE-2009-3549,0.00408,0.71231
CVE-2009-3550,0.00184,0.55727
CVE-2009-3551,0.00427,0.71804
CVE-2009-3552,0.00058,0.22692
CVE-2009-3553,0.08447,0.93849
CVE-2009-3554,0.00042,0.05722
CVE-2009-3555,0.00246,0.62640
CVE-2009-3556,0.00042,0.05722
CVE-2009-3557,0.00696,0.78190
CVE-2009-3558,0.01932,0.87436
CVE-2009-3559,0.01635,0.86240
CVE-2009-3560,0.01275,0.84289
CVE-2009-3561,0.00372,0.69897
CVE-2009-3562,0.00199,0.57863
CVE-2009-3563,0.96565,0.99536
CVE-2009-3564,0.00042,0.05722
CVE-2009-3565,0.00518,0.74356
CVE-2009-3566,0.00743,0.78955
CVE-2009-3567,0.00254,0.63423
CVE-2009-3568,0.00581,0.75807
CVE-2009-3569,0.00575,0.75661
CVE-2009-3570,0.00308,0.66914
CVE-2009-3571,0.00156,0.52065
CVE-2009-3572,0.00042,0.05722
CVE-2009-3573,0.95702,0.99299
CVE-2009-3574,0.03557,0.90715
CVE-2009-3575,0.07551,0.93519
CVE-2009-3576,0.01489,0.85505
CVE-2009-3577,0.04290,0.91492
CVE-2009-3578,0.03207,0.90254
CVE-2009-3579,0.00199,0.57863
CVE-2009-3580,0.00159,0.52409
CVE-2009-3581,0.00116,0.45403
CVE-2009-3582,0.00161,0.52767
CVE-2009-3583,0.00638,0.77024
CVE-2009-3584,0.00377,0.70123
CVE-2009-3585,0.00491,0.73656
CVE-2009-3586,0.02150,0.88221
CVE-2009-3587,0.15487,0.95421
CVE-2009-3588,0.05242,0.92292
CVE-2009-3589,0.00042,0.05722
CVE-2009-3590,0.00064,0.26120
CVE-2009-3591,0.30914,0.96575
CVE-2009-3592,0.00195,0.57440
CVE-2009-3593,0.00297,0.66267
CVE-2009-3594,0.00220,0.60154
CVE-2009-3595,0.00159,0.52434
CVE-2009-3596,0.00698,0.78221
CVE-2009-3597,0.00090,0.37982
CVE-2009-3598,0.00186,0.55980
CVE-2009-3599,0.00186,0.55980
CVE-2009-3600,0.00370,0.69857
CVE-2009-3601,0.00186,0.55980
CVE-2009-3602,0.00799,0.79820
CVE-2009-3603,0.08033,0.93714
CVE-2009-3604,0.34199,0.96709
CVE-2009-3605,0.04536,0.91698
CVE-2009-3606,0.08033,0.93714
CVE-2009-3607,0.04874,0.92016
CVE-2009-3608,0.08495,0.93866
CVE-2009-3609,0.00809,0.79942
CVE-2009-3611,0.00042,0.05722
CVE-2009-3612,0.00044,0.08000
CVE-2009-3613,0.07305,0.93437
CVE-2009-3614,0.00044,0.10161
CVE-2009-3615,0.11469,0.94751
CVE-2009-3616,0.00486,0.73530
CVE-2009-3617,0.04192,0.91402
CVE-2009-3618,0.00341,0.68577
CVE-2009-3619,0.00522,0.74453
CVE-2009-3620,0.00044,0.10360
CVE-2009-3621,0.00045,0.12183
CVE-2009-3622,0.03358,0.90475
CVE-2009-3623,0.04348,0.91542
CVE-2009-3624,0.00042,0.05722
CVE-2009-3625,0.03707,0.90906
CVE-2009-3626,0.01262,0.84218
CVE-2009-3627,0.00222,0.60609
CVE-2009-3628,0.00174,0.54670
CVE-2009-3629,0.00107,0.43048
CVE-2009-3630,0.00150,0.51180
CVE-2009-3631,0.00358,0.69332
CVE-2009-3632,0.00175,0.54719
CVE-2009-3633,0.00121,0.46221
CVE-2009-3634,0.00274,0.64799
CVE-2009-3635,0.01653,0.86300
CVE-2009-3636,0.00274,0.64799
CVE-2009-3637,0.16954,0.95595
CVE-2009-3638,0.00043,0.07658
CVE-2009-3639,0.00473,0.73140
CVE-2009-3640,0.00042,0.05722
CVE-2009-3641,0.04954,0.92071
CVE-2009-3642,0.00068,0.28434
CVE-2009-3643,0.01624,0.86198
CVE-2009-3644,0.00068,0.28434
CVE-2009-3645,0.00064,0.26120
CVE-2009-3646,0.11775,0.94830
CVE-2009-3647,0.00187,0.56309
CVE-2009-3648,0.00090,0.38045
CVE-2009-3649,0.00132,0.48166
CVE-2009-3650,0.00192,0.57132
CVE-2009-3651,0.00296,0.66212
CVE-2009-3652,0.00127,0.47375
CVE-2009-3653,0.00099,0.40616
CVE-2009-3654,0.00489,0.73609
CVE-2009-3655,0.00766,0.79318
CVE-2009-3656,0.00159,0.52409
CVE-2009-3657,0.00282,0.65331
CVE-2009-3658,0.10769,0.94589
CVE-2009-3659,0.00107,0.43198
CVE-2009-3660,0.00963,0.81680
CVE-2009-3661,0.00064,0.26120
CVE-2009-3662,0.01453,0.85352
CVE-2009-3663,0.19388,0.95866
CVE-2009-3664,0.01060,0.82603
CVE-2009-3665,0.00230,0.61251
CVE-2009-3666,0.00254,0.63423
CVE-2009-3667,0.00095,0.39667
CVE-2009-3668,0.00160,0.52571
CVE-2009-3669,0.00068,0.28434
CVE-2009-3670,0.04045,0.91255
CVE-2009-3671,0.92439,0.98805
CVE-2009-3672,0.63546,0.97584
CVE-2009-3673,0.80405,0.98060
CVE-2009-3674,0.92439,0.98805
CVE-2009-3675,0.09229,0.94129
CVE-2009-3676,0.96345,0.99458
CVE-2009-3677,0.89926,0.98572
CVE-2009-3678,0.05545,0.92523
CVE-2009-3691,0.92101,0.98762
CVE-2009-3692,0.00042,0.00438
CVE-2009-3693,0.93679,0.98949
CVE-2009-3694,0.00343,0.68668
CVE-2009-3695,0.06084,0.92814
CVE-2009-3696,0.00329,0.68032
CVE-2009-3697,0.00530,0.74668
CVE-2009-3698,0.00894,0.80925
CVE-2009-3699,0.70449,0.97761
CVE-2009-3700,0.10117,0.94419
CVE-2009-3701,0.03297,0.90396
CVE-2009-3702,0.00659,0.77413
CVE-2009-3703,0.00068,0.28434
CVE-2009-3704,0.01453,0.85352
CVE-2009-3705,0.00780,0.79526
CVE-2009-3706,0.00044,0.10704
CVE-2009-3707,0.13885,0.95170
CVE-2009-3708,0.02273,0.88549
CVE-2009-3709,0.03407,0.90546
CVE-2009-3710,0.01054,0.82530
CVE-2009-3711,0.74940,0.97897
CVE-2009-3712,0.00093,0.39001
CVE-2009-3713,0.00099,0.40627
CVE-2009-3714,0.00254,0.63423
CVE-2009-3715,0.00230,0.61251
CVE-2009-3716,0.00347,0.68814
CVE-2009-3717,0.08859,0.94005
CVE-2009-3718,0.00169,0.53835
CVE-2009-3719,0.00242,0.62248
CVE-2009-3720,0.01673,0.86376
CVE-2009-3721,0.00087,0.36045
CVE-2009-3722,0.00314,0.67214
CVE-2009-3723,0.00575,0.75666
CVE-2009-3724,0.00076,0.31249
CVE-2009-3725,0.00044,0.08000
CVE-2009-3726,0.00299,0.66400
CVE-2009-3727,0.01303,0.84491
CVE-2009-3728,0.00700,0.78247
CVE-2009-3729,0.02507,0.89074
CVE-2009-3730,0.00403,0.71061
CVE-2009-3731,0.00329,0.68032
CVE-2009-3732,0.91151,0.98663
CVE-2009-3733,0.95876,0.99335
CVE-2009-3734,0.01057,0.82555
CVE-2009-3735,0.10398,0.94484
CVE-2009-3736,0.00044,0.08000
CVE-2009-3737,0.01471,0.85431
CVE-2009-3739,0.00161,0.52727
CVE-2009-3742,0.00155,0.51753
CVE-2009-3743,0.04439,0.91616
CVE-2009-3744,0.85107,0.98286
CVE-2009-3745,0.00230,0.61268
CVE-2009-3746,0.00054,0.19122
CVE-2009-3747,0.00195,0.57440
CVE-2009-3748,0.00426,0.71787
CVE-2009-3749,0.06886,0.93267
CVE-2009-3750,0.00099,0.40627
CVE-2009-3751,0.00220,0.60207
CVE-2009-3752,0.00102,0.41432
CVE-2009-3753,0.01541,0.85801
CVE-2009-3754,0.00125,0.47070
CVE-2009-3755,0.00132,0.48166
CVE-2009-3756,0.00302,0.66550
CVE-2009-3757,0.00535,0.74780
CVE-2009-3758,0.00524,0.74504
CVE-2009-3759,0.00280,0.65165
CVE-2009-3760,0.14148,0.95218
CVE-2009-3762,0.00157,0.52135
CVE-2009-3763,0.00157,0.52135
CVE-2009-3764,0.00157,0.52135
CVE-2009-3765,0.00057,0.21338
CVE-2009-3766,0.00084,0.35152
CVE-2009-3767,0.00261,0.63871
CVE-2009-3778,0.00339,0.68513
CVE-2009-3779,0.00296,0.66212
CVE-2009-3780,0.00279,0.65117
CVE-2009-3781,0.01604,0.86114
CVE-2009-3782,0.00191,0.56699
CVE-2009-3783,0.00253,0.63275
CVE-2009-3784,0.00224,0.60734
CVE-2009-3785,0.00226,0.60943
CVE-2009-3786,0.00355,0.69186
CVE-2009-3787,0.00385,0.70439
CVE-2009-3788,0.00193,0.57264
CVE-2009-3789,0.02015,0.87730
CVE-2009-3790,0.01898,0.87308
CVE-2009-3791,0.00190,0.56627
CVE-2009-3792,0.01922,0.87397
CVE-2009-3793,0.01181,0.83615
CVE-2009-3794,0.53671,0.97340
CVE-2009-3796,0.00437,0.72151
CVE-2009-3797,0.01215,0.83858
CVE-2009-3798,0.00883,0.80789
CVE-2009-3799,0.19483,0.95877
CVE-2009-3800,0.00542,0.74975
CVE-2009-3801,0.00111,0.44281
CVE-2009-3802,0.01144,0.83295
CVE-2009-3803,0.00736,0.78862
CVE-2009-3804,0.00075,0.30906
CVE-2009-3805,0.01503,0.85610
CVE-2009-3806,0.00131,0.47939
CVE-2009-3807,0.00776,0.79474
CVE-2009-3808,0.03148,0.90162
CVE-2009-3809,0.01402,0.85080
CVE-2009-3810,0.08859,0.94005
CVE-2009-3811,0.10949,0.94627
CVE-2009-3812,0.15159,0.95358
CVE-2009-3813,0.00090,0.37777
CVE-2009-3814,0.00130,0.47878
CVE-2009-3815,0.00523,0.74486
CVE-2009-3816,0.00178,0.55082
CVE-2009-3817,0.01192,0.83690
CVE-2009-3818,0.00244,0.62423
CVE-2009-3819,0.00246,0.62697
CVE-2009-3820,0.00111,0.44281
CVE-2009-3821,0.00214,0.59442
CVE-2009-3822,0.03880,0.91103
CVE-2009-3823,0.00509,0.74128
CVE-2009-3824,0.00746,0.78991
CVE-2009-3825,0.00791,0.79727
CVE-2009-3826,0.02945,0.89856
CVE-2009-3828,0.01271,0.84267
CVE-2009-3829,0.05203,0.92270
CVE-2009-3830,0.87415,0.98407
CVE-2009-3831,0.03863,0.91077
CVE-2009-3832,0.00330,0.68145
CVE-2009-3833,0.00187,0.56309
CVE-2009-3834,0.00102,0.41519
CVE-2009-3835,0.00064,0.26120
CVE-2009-3836,0.00505,0.74044
CVE-2009-3837,0.66859,0.97657
CVE-2009-3838,0.02651,0.89362
CVE-2009-3839,0.04778,0.91935
CVE-2009-3840,0.27004,0.96360
CVE-2009-3841,0.00917,0.81190
CVE-2009-3842,0.01706,0.86496
CVE-2009-3843,0.88712,0.98481
CVE-2009-3844,0.96375,0.99468
CVE-2009-3845,0.03525,0.90679
CVE-2009-3846,0.80482,0.98062
CVE-2009-3847,0.13765,0.95154
CVE-2009-3848,0.86681,0.98370
CVE-2009-3849,0.96705,0.99580
CVE-2009-3850,0.04477,0.91650
CVE-2009-3851,0.00055,0.20573
CVE-2009-3852,0.00318,0.67464
CVE-2009-3853,0.96633,0.99556
CVE-2009-3854,0.13209,0.95069
CVE-2009-3855,0.00118,0.45657
CVE-2009-3856,0.00129,0.47733
CVE-2009-3857,0.00353,0.69115
CVE-2009-3858,0.00328,0.67949
CVE-2009-3859,0.12860,0.95007
CVE-2009-3860,0.00873,0.80669
CVE-2009-3861,0.88066,0.98443
CVE-2009-3862,0.02445,0.88954
CVE-2009-3863,0.88219,0.98450
CVE-2009-3864,0.02466,0.88996
CVE-2009-3865,0.01062,0.82629
CVE-2009-3866,0.09322,0.94162
CVE-2009-3867,0.92430,0.98804
CVE-2009-3868,0.01593,0.86050
CVE-2009-3869,0.93608,0.98938
CVE-2009-3871,0.25953,0.96305
CVE-2009-3872,0.01885,0.87237
CVE-2009-3873,0.01867,0.87148
CVE-2009-3874,0.26211,0.96318
CVE-2009-3875,0.00602,0.76242
CVE-2009-3876,0.12522,0.94955
CVE-2009-3877,0.13888,0.95170
CVE-2009-3878,0.00314,0.67212
CVE-2009-3879,0.00771,0.79394
CVE-2009-3880,0.00522,0.74453
CVE-2009-3881,0.01886,0.87240
CVE-2009-3882,0.00858,0.80517
CVE-2009-3883,0.00858,0.80517
CVE-2009-3884,0.00738,0.78878
CVE-2009-3885,0.01110,0.83020
CVE-2009-3886,0.00337,0.68439
CVE-2009-3887,0.00496,0.73777
CVE-2009-3888,0.00043,0.07477
CVE-2009-3889,0.00044,0.08000
CVE-2009-3890,0.02254,0.88495
CVE-2009-3891,0.00285,0.65495
CVE-2009-3892,0.00254,0.63423
CVE-2009-3894,0.00060,0.23520
CVE-2009-3895,0.04654,0.91810
CVE-2009-3896,0.08606,0.93918
CVE-2009-3897,0.00042,0.05722
CVE-2009-3898,0.00445,0.72365
CVE-2009-3899,0.02507,0.89074
CVE-2009-3900,0.00452,0.72595
CVE-2009-3901,0.00150,0.51191
CVE-2009-3902,0.01491,0.85519
CVE-2009-3903,0.00220,0.60154
CVE-2009-3904,0.06808,0.93233
CVE-2009-3905,0.00233,0.61445
CVE-2009-3909,0.06695,0.93173
CVE-2009-3911,0.00195,0.57440
CVE-2009-3912,0.00364,0.69578
CVE-2009-3913,0.00093,0.39001
CVE-2009-3914,0.00259,0.63693
CVE-2009-3915,0.00296,0.66212
CVE-2009-3916,0.00296,0.66212
CVE-2009-3917,0.00254,0.63423
CVE-2009-3918,0.00296,0.66212
CVE-2009-3919,0.00259,0.63693
CVE-2009-3920,0.00581,0.75807
CVE-2009-3921,0.00189,0.56472
CVE-2009-3922,0.00332,0.68206
CVE-2009-3923,0.00563,0.75421
CVE-2009-3924,0.01864,0.87141
CVE-2009-3930,0.00568,0.75512
CVE-2009-3931,0.57102,0.97420
CVE-2009-3932,0.03512,0.90667
CVE-2009-3933,0.04970,0.92085
CVE-2009-3934,0.01233,0.84013
CVE-2009-3935,0.00226,0.60908
CVE-2009-3936,0.00367,0.69735
CVE-2009-3937,0.00044,0.10704
CVE-2009-3938,0.02912,0.89815
CVE-2009-3939,0.00044,0.10360
CVE-2009-3940,0.00055,0.20573
CVE-2009-3941,0.00056,0.21157
CVE-2009-3942,0.00069,0.28455
CVE-2009-3943,0.00198,0.57716
CVE-2009-3944,0.00473,0.73125
CVE-2009-3945,0.00158,0.52287
CVE-2009-3946,0.00398,0.70908
CVE-2009-3947,0.05909,0.92727
CVE-2009-3948,0.00400,0.70972
CVE-2009-3949,0.00698,0.78221
CVE-2009-3950,0.00122,0.46493
CVE-2009-3951,0.00820,0.80055
CVE-2009-3952,0.02358,0.88744
CVE-2009-3953,0.97227,0.99809
CVE-2009-3954,0.02098,0.88018
CVE-2009-3955,0.79817,0.98042
CVE-2009-3956,0.02105,0.88028
CVE-2009-3957,0.00848,0.80404
CVE-2009-3958,0.88787,0.98487
CVE-2009-3959,0.33794,0.96687
CVE-2009-3960,0.96659,0.99564
CVE-2009-3961,0.00129,0.47721
CVE-2009-3962,0.01749,0.86659
CVE-2009-3963,0.00332,0.68227
CVE-2009-3964,0.00068,0.28434
CVE-2009-3965,0.00095,0.39667
CVE-2009-3966,0.00748,0.79015
CVE-2009-3967,0.00093,0.39001
CVE-2009-3968,0.00107,0.43198
CVE-2009-3969,0.04719,0.91872
CVE-2009-3970,0.00100,0.41020
CVE-2009-3971,0.00077,0.31810
CVE-2009-3972,0.00077,0.31810
CVE-2009-3973,0.00134,0.48480
CVE-2009-3974,0.00125,0.47070
CVE-2009-3975,0.00099,0.40627
CVE-2009-3976,0.01182,0.83621
CVE-2009-3977,0.00594,0.76089
CVE-2009-3978,0.01363,0.84866
CVE-2009-3979,0.08769,0.93976
CVE-2009-3980,0.08234,0.93784
CVE-2009-3981,0.09093,0.94075
CVE-2009-3982,0.08221,0.93779
CVE-2009-3983,0.01649,0.86291
CVE-2009-3984,0.01913,0.87364
CVE-2009-3985,0.01551,0.85844
CVE-2009-3986,0.01678,0.86397
CVE-2009-3987,0.00565,0.75468
CVE-2009-3988,0.01345,0.84732
CVE-2009-3989,0.00502,0.73972
CVE-2009-3994,0.04165,0.91378
CVE-2009-3995,0.18497,0.95767
CVE-2009-3996,0.17823,0.95710
CVE-2009-3997,0.08859,0.94004
CVE-2009-3999,0.94978,0.99145
CVE-2009-4000,0.69318,0.97724
CVE-2009-4001,0.06649,0.93153
CVE-2009-4002,0.35433,0.96755
CVE-2009-4003,0.24109,0.96203
CVE-2009-4004,0.00042,0.05722
CVE-2009-4005,0.00064,0.26441
CVE-2009-4006,0.94456,0.99063
CVE-2009-4007,0.02765,0.89585
CVE-2009-4008,0.00766,0.79318
CVE-2009-4009,0.04081,0.91305
CVE-2009-4010,0.00416,0.71483
CVE-2009-4011,0.00302,0.66501
CVE-2009-4012,0.02017,0.87736
CVE-2009-4013,0.01020,0.82212
CVE-2009-4014,0.02032,0.87786
CVE-2009-4015,0.00752,0.79082
CVE-2009-4016,0.09969,0.94362
CVE-2009-4017,0.02822,0.89679
CVE-2009-4018,0.02178,0.88285
CVE-2009-4019,0.11062,0.94649
CVE-2009-4020,0.11258,0.94709
CVE-2009-4021,0.00064,0.26441
CVE-2009-4022,0.01286,0.84388
CVE-2009-4023,0.02739,0.89537
CVE-2009-4024,0.01117,0.83073
CVE-2009-4025,0.01144,0.83300
CVE-2009-4026,0.03761,0.90975
CVE-2009-4027,0.05333,0.92366
CVE-2009-4028,0.00517,0.74342
CVE-2009-4029,0.00042,0.05722
CVE-2009-4030,0.00044,0.08000
CVE-2009-4031,0.00229,0.61153
CVE-2009-4032,0.02481,0.89029
CVE-2009-4033,0.00042,0.05722
CVE-2009-4034,0.00347,0.68810
CVE-2009-4035,0.00696,0.78196
CVE-2009-4037,0.00339,0.68513
CVE-2009-4038,0.00132,0.48166
CVE-2009-4039,0.00166,0.53359
CVE-2009-4040,0.00192,0.56888
CVE-2009-4041,0.01355,0.84825
CVE-2009-4042,0.00275,0.64854
CVE-2009-4043,0.00291,0.65933
CVE-2009-4044,0.00394,0.70770
CVE-2009-4045,0.00135,0.48729
CVE-2009-4046,0.00129,0.47721
CVE-2009-4047,0.00651,0.77269
CVE-2009-4048,0.00360,0.69412
CVE-2009-4049,0.00043,0.07629
CVE-2009-4050,0.00382,0.70287
CVE-2009-4051,0.02886,0.89781
CVE-2009-4052,0.00287,0.65619
CVE-2009-4053,0.00495,0.73747
CVE-2009-4055,0.12566,0.94967
CVE-2009-4056,0.01399,0.85063
CVE-2009-4057,0.00087,0.36669
CVE-2009-4058,0.00064,0.26120
CVE-2009-4059,0.00087,0.36669
CVE-2009-4060,0.00265,0.64241
CVE-2009-4061,0.00259,0.63800
CVE-2009-4062,0.00259,0.63800
CVE-2009-4063,0.00259,0.63800
CVE-2009-4064,0.00259,0.63800
CVE-2009-4065,0.00259,0.63800
CVE-2009-4066,0.00313,0.67192
CVE-2009-4067,0.00311,0.67070
CVE-2009-4069,0.00192,0.57132
CVE-2009-4070,0.00129,0.47721
CVE-2009-4071,0.00340,0.68540
CVE-2009-4072,0.00771,0.79394
CVE-2009-4073,0.00281,0.65211
CVE-2009-4074,0.00605,0.76337
CVE-2009-4075,0.01840,0.87057
CVE-2009-4076,0.00210,0.58994
CVE-2009-4077,0.00210,0.58994
CVE-2009-4078,0.00317,0.67408
CVE-2009-4079,0.00328,0.67993
CVE-2009-4080,0.00044,0.10704
CVE-2009-4081,0.00042,0.05722
CVE-2009-4082,0.07198,0.93401
CVE-2009-4083,0.00220,0.60154
CVE-2009-4084,0.00135,0.48729
CVE-2009-4085,0.01116,0.83068
CVE-2009-4086,0.00404,0.71090
CVE-2009-4087,0.00367,0.69722
CVE-2009-4088,0.00518,0.74368
CVE-2009-4089,0.00789,0.79657
CVE-2009-4090,0.03957,0.91171
CVE-2009-4091,0.00360,0.69428
CVE-2009-4092,0.00333,0.68248
CVE-2009-4093,0.00220,0.60207
CVE-2009-4094,0.00721,0.78638
CVE-2009-4095,0.00651,0.77286
CVE-2009-4096,0.00881,0.80769
CVE-2009-4097,0.12754,0.94991
CVE-2009-4098,0.12830,0.95003
CVE-2009-4099,0.00134,0.48603
CVE-2009-4100,0.01210,0.83830
CVE-2009-4101,0.00857,0.80511
CVE-2009-4102,0.01788,0.86805
CVE-2009-4103,0.00247,0.62730
CVE-2009-4104,0.00064,0.26120
CVE-2009-4105,0.01800,0.86854
CVE-2009-4106,0.01021,0.82224
CVE-2009-4107,0.05692,0.92609
CVE-2009-4108,0.00472,0.73121
CVE-2009-4109,0.00358,0.69347
CVE-2009-4110,0.00254,0.63423
CVE-2009-4111,0.03161,0.90179
CVE-2009-4112,0.05805,0.92667
CVE-2009-4113,0.00313,0.67137
CVE-2009-4114,0.00043,0.07477
CVE-2009-4115,0.00419,0.71557
CVE-2009-4116,0.00365,0.69619
CVE-2009-4117,0.12983,0.95029
CVE-2009-4118,0.00043,0.07477
CVE-2009-4119,0.00275,0.64854
CVE-2009-4120,0.00534,0.74776
CVE-2009-4121,0.00502,0.73946
CVE-2009-4123,0.00052,0.18041
CVE-2009-4124,0.01286,0.84394
CVE-2009-4127,0.00638,0.77024
CVE-2009-4128,0.00085,0.35460
CVE-2009-4129,0.00353,0.69116
CVE-2009-4130,0.00302,0.66515
CVE-2009-4131,0.00042,0.00438
CVE-2009-4133,0.00543,0.74980
CVE-2009-4134,0.04094,0.91318
CVE-2009-4135,0.00044,0.08000
CVE-2009-4136,0.02373,0.88785
CVE-2009-4137,0.06226,0.92914
CVE-2009-4138,0.00044,0.08000
CVE-2009-4139,0.00160,0.52542
CVE-2009-4140,0.97276,0.99835
CVE-2009-4141,0.00042,0.00438
CVE-2009-4142,0.01997,0.87664
CVE-2009-4143,0.01463,0.85402
CVE-2009-4144,0.01415,0.85136
CVE-2009-4145,0.00042,0.05722
CVE-2009-4146,0.00042,0.05722
CVE-2009-4147,0.00042,0.05722
CVE-2009-4148,0.00927,0.81299
CVE-2009-4149,0.00150,0.51224
CVE-2009-4150,0.00068,0.28177
CVE-2009-4151,0.00491,0.73656
CVE-2009-4152,0.00250,0.63004
CVE-2009-4153,0.00300,0.66421
CVE-2009-4154,0.00410,0.71290
CVE-2009-4155,0.00097,0.40074
CVE-2009-4156,0.00533,0.74736
CVE-2009-4157,0.00187,0.56309
CVE-2009-4158,0.00135,0.48729
CVE-2009-4159,0.00099,0.40616
CVE-2009-4160,0.00313,0.67163
CVE-2009-4161,0.00132,0.48166
CVE-2009-4162,0.00042,0.05722
CVE-2009-4163,0.00111,0.44281
CVE-2009-4164,0.00122,0.46493
CVE-2009-4165,0.00111,0.44281
CVE-2009-4166,0.00125,0.47070
CVE-2009-4167,0.00202,0.58257
CVE-2009-4168,0.16849,0.95584
CVE-2009-4169,0.00192,0.56888
CVE-2009-4170,0.00340,0.68545
CVE-2009-4171,0.00771,0.79386
CVE-2009-4172,0.00195,0.57440
CVE-2009-4173,0.00534,0.74776
CVE-2009-4174,0.00710,0.78442
CVE-2009-4175,0.00408,0.71229
CVE-2009-4176,0.80482,0.98062
CVE-2009-4177,0.84698,0.98264
CVE-2009-4178,0.96704,0.99580
CVE-2009-4179,0.95263,0.99199
CVE-2009-4180,0.57341,0.97425
CVE-2009-4181,0.83088,0.98190
CVE-2009-4182,0.00960,0.81650
CVE-2009-4183,0.00042,0.05722
CVE-2009-4184,0.00042,0.05722
CVE-2009-4185,0.00477,0.73250
CVE-2009-4186,0.01158,0.83405
CVE-2009-4187,0.00216,0.59651
CVE-2009-4188,0.02706,0.89476
CVE-2009-4189,0.00820,0.80051
CVE-2009-4190,0.00257,0.63576
CVE-2009-4191,0.00044,0.10704
CVE-2009-4192,0.00551,0.75160
CVE-2009-4193,0.00042,0.05722
CVE-2009-4194,0.00586,0.75910
CVE-2009-4195,0.97190,0.99786
CVE-2009-4196,0.00199,0.57863
CVE-2009-4197,0.00042,0.05722
CVE-2009-4198,0.00100,0.41020
CVE-2009-4199,0.00068,0.28434
CVE-2009-4200,0.00068,0.28434
CVE-2009-4201,0.04023,0.91228
CVE-2009-4202,0.01956,0.87515
CVE-2009-4203,0.00087,0.36669
CVE-2009-4204,0.00125,0.47070
CVE-2009-4205,0.00525,0.74534
CVE-2009-4206,0.00093,0.39001
CVE-2009-4207,0.00254,0.63423
CVE-2009-4208,0.00107,0.43198
CVE-2009-4209,0.00160,0.52571
CVE-2009-4210,0.02329,0.88673
CVE-2009-4211,0.00087,0.36435
CVE-2009-4212,0.12147,0.94900
CVE-2009-4214,0.00319,0.67536
CVE-2009-4215,0.00042,0.05722
CVE-2009-4216,0.00349,0.68932
CVE-2009-4217,0.00075,0.30849
CVE-2009-4218,0.00068,0.28434
CVE-2009-4219,0.14899,0.95324
CVE-2009-4220,0.00721,0.78638
CVE-2009-4221,0.00064,0.26120
CVE-2009-4222,0.00726,0.78702
CVE-2009-4223,0.00611,0.76446
CVE-2009-4224,0.01478,0.85454
CVE-2009-4225,0.94508,0.99073
CVE-2009-4226,0.00987,0.81915
CVE-2009-4227,0.17880,0.95714
CVE-2009-4228,0.00459,0.72773
CVE-2009-4229,0.00068,0.28434
CVE-2009-4230,0.03656,0.90842
CVE-2009-4231,0.00748,0.79018
CVE-2009-4232,0.00200,0.57952
CVE-2009-4233,0.00192,0.57132
CVE-2009-4234,0.00185,0.55882
CVE-2009-4235,0.00042,0.05722
CVE-2009-4236,0.00703,0.78294
CVE-2009-4237,0.00137,0.49137
CVE-2009-4238,0.00178,0.55111
CVE-2009-4239,0.00270,0.64549
CVE-2009-4240,0.00580,0.75789
CVE-2009-4241,0.50946,0.97267
CVE-2009-4242,0.43179,0.97027
CVE-2009-4243,0.01882,0.87226
CVE-2009-4244,0.30382,0.96546
CVE-2009-4245,0.07427,0.93479
CVE-2009-4246,0.36416,0.96790
CVE-2009-4247,0.07427,0.93479
CVE-2009-4248,0.07427,0.93479
CVE-2009-4249,0.00767,0.79328
CVE-2009-4250,0.03144,0.90153
CVE-2009-4251,0.16835,0.95583
CVE-2009-4252,0.00199,0.57863
CVE-2009-4253,0.00195,0.57440
CVE-2009-4254,0.00302,0.66550
CVE-2009-4255,0.00199,0.57863
CVE-2009-4256,0.00064,0.26120
CVE-2009-4257,0.48419,0.97200
CVE-2009-4261,0.00334,0.68292
CVE-2009-4262,0.00440,0.72246
CVE-2009-4263,0.00068,0.28434
CVE-2009-4264,0.00525,0.74524
CVE-2009-4265,0.93257,0.98902
CVE-2009-4266,0.00186,0.55980
CVE-2009-4267,0.00370,0.69853
CVE-2009-4269,0.00153,0.51604
CVE-2009-4270,0.02340,0.88697
CVE-2009-4271,0.00042,0.05722
CVE-2009-4272,0.09115,0.94083
CVE-2009-4273,0.09881,0.94326
CVE-2009-4274,0.02123,0.88078
CVE-2009-4292,0.15480,0.95420
CVE-2009-4293,0.02254,0.88497
CVE-2009-4294,0.03235,0.90304
CVE-2009-4295,0.00213,0.59334
CVE-2009-4296,0.00339,0.68513
CVE-2009-4297,0.00347,0.68854
CVE-2009-4298,0.00530,0.74660
CVE-2009-4299,0.00530,0.74660
CVE-2009-4300,0.00501,0.73889
CVE-2009-4301,0.00361,0.69484
CVE-2009-4302,0.00541,0.74945
CVE-2009-4303,0.00530,0.74660
CVE-2009-4304,0.00958,0.81627
CVE-2009-4305,0.00234,0.61530
CVE-2009-4306,0.00042,0.05722
CVE-2009-4307,0.02914,0.89817
CVE-2009-4308,0.08071,0.93731
CVE-2009-4309,0.08881,0.94012
CVE-2009-4310,0.08881,0.94012
CVE-2009-4311,0.06734,0.93197
CVE-2009-4312,0.06734,0.93197
CVE-2009-4313,0.10411,0.94486
CVE-2009-4314,0.00046,0.13811
CVE-2009-4315,0.07523,0.93510
CVE-2009-4316,0.00122,0.46493
CVE-2009-4317,0.00247,0.62780
CVE-2009-4318,0.00247,0.62754
CVE-2009-4319,0.00525,0.74524
CVE-2009-4320,0.00199,0.57863
CVE-2009-4321,0.01336,0.84679
CVE-2009-4322,0.00300,0.66437
CVE-2009-4323,0.00478,0.73301
CVE-2009-4324,0.97038,0.99708
CVE-2009-4325,0.00214,0.59438
CVE-2009-4326,0.00460,0.72787
CVE-2009-4327,0.03359,0.90478
CVE-2009-4328,0.00728,0.78741
CVE-2009-4329,0.00484,0.73467
CVE-2009-4330,0.00052,0.18008
CVE-2009-4331,0.00066,0.27299
CVE-2009-4332,0.02292,0.88598
CVE-2009-4333,0.00466,0.72944
CVE-2009-4334,0.00042,0.05722
CVE-2009-4335,0.00603,0.76270
CVE-2009-4336,0.00192,0.56888
CVE-2009-4337,0.00129,0.47721
CVE-2009-4338,0.00129,0.47721
CVE-2009-4339,0.00129,0.47721
CVE-2009-4340,0.00192,0.56888
CVE-2009-4341,0.00129,0.47721
CVE-2009-4342,0.00129,0.47721
CVE-2009-4343,0.00192,0.56888
CVE-2009-4344,0.00192,0.56888
CVE-2009-4345,0.00192,0.56888
CVE-2009-4346,0.00132,0.48166
CVE-2009-4347,0.00199,0.57863
CVE-2009-4348,0.00160,0.52571
CVE-2009-4349,0.01496,0.85553
CVE-2009-4350,0.00102,0.41272
CVE-2009-4351,0.00212,0.59269
CVE-2009-4352,0.00254,0.63423
CVE-2009-4353,0.00348,0.68878
CVE-2009-4354,0.00323,0.67717
CVE-2009-4355,0.20354,0.95946
CVE-2009-4356,0.04393,0.91580
CVE-2009-4357,0.00179,0.55197
CVE-2009-4358,0.00042,0.05722
CVE-2009-4359,0.00186,0.55980
CVE-2009-4360,0.00064,0.26120
CVE-2009-4361,0.00042,0.05753
CVE-2009-4362,0.00042,0.05753
CVE-2009-4363,0.00553,0.75214
CVE-2009-4364,0.00192,0.57132
CVE-2009-4365,0.00197,0.57657
CVE-2009-4366,0.00220,0.60207
CVE-2009-4367,0.04424,0.91604
CVE-2009-4368,0.00469,0.73027
CVE-2009-4369,0.00135,0.48738
CVE-2009-4370,0.00108,0.43456
CVE-2009-4371,0.00091,0.38522
CVE-2009-4372,0.06649,0.93152
CVE-2009-4373,0.02547,0.89148
CVE-2009-4374,0.01371,0.84918
CVE-2009-4375,0.00077,0.31810
CVE-2009-4376,0.06164,0.92877
CVE-2009-4377,0.00667,0.77663
CVE-2009-4378,0.00216,0.59685
CVE-2009-4379,0.00192,0.57132
CVE-2009-4380,0.00129,0.47721
CVE-2009-4381,0.00670,0.77709
CVE-2009-4382,0.00196,0.57557
CVE-2009-4383,0.00469,0.73022
CVE-2009-4384,0.00247,0.62754
CVE-2009-4385,0.00312,0.67104
CVE-2009-4386,0.00133,0.48324
CVE-2009-4387,0.00363,0.69539
CVE-2009-4388,0.00132,0.48166
CVE-2009-4389,0.00287,0.65653
CVE-2009-4390,0.00111,0.44281
CVE-2009-4391,0.00122,0.46493
CVE-2009-4392,0.00111,0.44281
CVE-2009-4393,0.00111,0.44281
CVE-2009-4394,0.00111,0.44281
CVE-2009-4395,0.00122,0.46493
CVE-2009-4396,0.00111,0.44281
CVE-2009-4397,0.00122,0.46493
CVE-2009-4398,0.00122,0.46493
CVE-2009-4399,0.00111,0.44281
CVE-2009-4400,0.00122,0.46493
CVE-2009-4401,0.00111,0.44281
CVE-2009-4402,0.00756,0.79173
CVE-2009-4403,0.00323,0.67733
CVE-2009-4404,0.00694,0.78166
CVE-2009-4405,0.00586,0.75903
CVE-2009-4406,0.00415,0.71458
CVE-2009-4407,0.00160,0.52542
CVE-2009-4408,0.00220,0.60154
CVE-2009-4409,0.00553,0.75206
CVE-2009-4410,0.00042,0.05722
CVE-2009-4411,0.00042,0.05722
CVE-2009-4412,0.01600,0.86080
CVE-2009-4413,0.03397,0.90532
CVE-2009-4414,0.00361,0.69489
CVE-2009-4415,0.01799,0.86850
CVE-2009-4416,0.00305,0.66721
CVE-2009-4417,0.00166,0.53371
CVE-2009-4418,0.00130,0.47775
CVE-2009-4419,0.00042,0.05722
CVE-2009-4420,0.04577,0.91734
CVE-2009-4421,0.00529,0.74641
CVE-2009-4422,0.00254,0.63423
CVE-2009-4423,0.00087,0.36669
CVE-2009-4424,0.00064,0.26120
CVE-2009-4425,0.00415,0.71458
CVE-2009-4426,0.00640,0.77061
CVE-2009-4427,0.01096,0.82917
CVE-2009-4428,0.00087,0.36669
CVE-2009-4429,0.00182,0.55598
CVE-2009-4430,0.00068,0.28434
CVE-2009-4431,0.00533,0.74736
CVE-2009-4432,0.00064,0.26120
CVE-2009-4433,0.04392,0.91579
CVE-2009-4434,0.00305,0.66696
CVE-2009-4435,0.00393,0.70754
CVE-2009-4436,0.00064,0.26120
CVE-2009-4437,0.00076,0.31151
CVE-2009-4438,0.00338,0.68454
CVE-2009-4439,0.00731,0.78783
CVE-2009-4440,0.01376,0.84949
CVE-2009-4441,0.01840,0.87057
CVE-2009-4442,0.01840,0.87057
CVE-2009-4443,0.01060,0.82605
CVE-2009-4444,0.95376,0.99227
CVE-2009-4445,0.00438,0.72185
CVE-2009-4446,0.00195,0.57440
CVE-2009-4447,0.03425,0.90570
CVE-2009-4448,0.02292,0.88597
CVE-2009-4449,0.00477,0.73240
CVE-2009-4450,0.00186,0.55980
CVE-2009-4451,0.02193,0.88323
CVE-2009-4452,0.00042,0.00438
CVE-2009-4453,0.00461,0.72825
CVE-2009-4454,0.00042,0.00438
CVE-2009-4455,0.00420,0.71607
CVE-2009-4456,0.00093,0.39001
CVE-2009-4457,0.00384,0.70392
CVE-2009-4458,0.08203,0.93774
CVE-2009-4459,0.00192,0.57132
CVE-2009-4460,0.00367,0.69722
CVE-2009-4461,0.00186,0.55980
CVE-2009-4462,0.77796,0.97979
CVE-2009-4463,0.01156,0.83397
CVE-2009-4464,0.00149,0.50941
CVE-2009-4465,0.00725,0.78689
CVE-2009-4466,0.00287,0.65654
CVE-2009-4467,0.00169,0.53916
CVE-2009-4468,0.00199,0.57826
CVE-2009-4469,0.00195,0.57440
CVE-2009-4470,0.00068,0.28434
CVE-2009-4471,0.01188,0.83655
CVE-2009-4472,0.01116,0.83068
CVE-2009-4473,0.00239,0.62055
CVE-2009-4474,0.00068,0.28434
CVE-2009-4475,0.00064,0.26120
CVE-2009-4476,0.03656,0.90842
CVE-2009-4477,0.00135,0.48729
CVE-2009-4478,0.00254,0.63423
CVE-2009-4479,0.00766,0.79318
CVE-2009-4480,0.01879,0.87217
CVE-2009-4482,0.03594,0.90765
CVE-2009-4483,0.00766,0.79318
CVE-2009-4484,0.97207,0.99796
CVE-2009-4486,0.77054,0.97956
CVE-2009-4487,0.00662,0.77556
CVE-2009-4488,0.00202,0.58190
CVE-2009-4489,0.01579,0.85993
CVE-2009-4490,0.00303,0.66575
CVE-2009-4491,0.03064,0.90038
CVE-2009-4492,0.62118,0.97557
CVE-2009-4493,0.00261,0.63894
CVE-2009-4494,0.00168,0.53552
CVE-2009-4495,0.00202,0.58190
CVE-2009-4496,0.02395,0.88836
CVE-2009-4497,0.00161,0.52792
CVE-2009-4498,0.60423,0.97499
CVE-2009-4499,0.00135,0.48729
CVE-2009-4500,0.00745,0.78980
CVE-2009-4501,0.00784,0.79566
CVE-2009-4502,0.57204,0.97422
CVE-2009-4505,0.00220,0.60207
CVE-2009-4509,0.03139,0.90147
CVE-2009-4510,0.00184,0.55772
CVE-2009-4511,0.01149,0.83334
CVE-2009-4512,0.02196,0.88331
CVE-2009-4513,0.00131,0.47970
CVE-2009-4514,0.00108,0.43456
CVE-2009-4515,0.00460,0.72784
CVE-2009-4516,0.00312,0.67097
CVE-2009-4517,0.00157,0.52101
CVE-2009-4518,0.00253,0.63275
CVE-2009-4519,0.00332,0.68227
CVE-2009-4520,0.00266,0.64308
CVE-2009-4521,0.06459,0.93042
CVE-2009-4522,0.00481,0.73387
CVE-2009-4523,0.00195,0.57440
CVE-2009-4524,0.00367,0.69759
CVE-2009-4525,0.00291,0.65933
CVE-2009-4526,0.00662,0.77543
CVE-2009-4527,0.00062,0.24773
CVE-2009-4528,0.00413,0.71386
CVE-2009-4529,0.09493,0.94220
CVE-2009-4530,0.00225,0.60840
CVE-2009-4531,0.03803,0.91021
CVE-2009-4532,0.00110,0.44097
CVE-2009-4533,0.00540,0.74927
CVE-2009-4534,0.00142,0.49869
CVE-2009-4535,0.01031,0.82297
CVE-2009-4536,0.01772,0.86733
CVE-2009-4537,0.05475,0.92480
CVE-2009-4538,0.00556,0.75269
CVE-2009-4539,0.00220,0.60207
CVE-2009-4540,0.00064,0.26120
CVE-2009-4541,0.02032,0.87788
CVE-2009-4542,0.00199,0.57863
CVE-2009-4543,0.00788,0.79655
CVE-2009-4544,0.00173,0.54537
CVE-2009-4545,0.00276,0.64930
CVE-2009-4546,0.00645,0.77138
CVE-2009-4547,0.08203,0.93774
CVE-2009-4548,0.00753,0.79095
CVE-2009-4549,0.04735,0.91884
CVE-2009-4550,0.00064,0.26120
CVE-2009-4551,0.00108,0.43336
CVE-2009-4552,0.00160,0.52571
CVE-2009-4553,0.06327,0.92966
CVE-2009-4554,0.00352,0.69076
CVE-2009-4555,0.00159,0.52409
CVE-2009-4556,0.00042,0.00438
CVE-2009-4557,0.00108,0.43456
CVE-2009-4558,0.00434,0.72053
CVE-2009-4559,0.00087,0.36036
CVE-2009-4560,0.00107,0.43198
CVE-2009-4561,0.00107,0.43198
CVE-2009-4562,0.00220,0.60154
CVE-2009-4563,0.00261,0.63908
CVE-2009-4564,0.00111,0.44281
CVE-2009-4565,0.00541,0.74942
CVE-2009-4566,0.00129,0.47721
CVE-2009-4567,0.00106,0.42901
CVE-2009-4568,0.00253,0.63275
CVE-2009-4569,0.00064,0.26120
CVE-2009-4570,0.00415,0.71458
CVE-2009-4571,0.00087,0.36669
CVE-2009-4572,0.00333,0.68248
CVE-2009-4573,0.00250,0.63055
CVE-2009-4574,0.00087,0.36669
CVE-2009-4575,0.00481,0.73387
CVE-2009-4576,0.00114,0.44859
CVE-2009-4577,0.00266,0.64313
CVE-2009-4578,0.00343,0.68640
CVE-2009-4579,0.00355,0.69188
CVE-2009-4580,0.00415,0.71458
CVE-2009-4581,0.00535,0.74787
CVE-2009-4582,0.00064,0.26120
CVE-2009-4583,0.00064,0.26120
CVE-2009-4584,0.00732,0.78809
CVE-2009-4585,0.01671,0.86371
CVE-2009-4586,0.00223,0.60678
CVE-2009-4587,0.13662,0.95140
CVE-2009-4588,0.95435,0.99240
CVE-2009-4589,0.00275,0.64854
CVE-2009-4590,0.00254,0.63423
CVE-2009-4591,0.00243,0.62384
CVE-2009-4592,0.01060,0.82603
CVE-2009-4593,0.01282,0.84358
CVE-2009-4594,0.00240,0.62140
CVE-2009-4595,0.00103,0.41658
CVE-2009-4596,0.00199,0.57826
CVE-2009-4597,0.00103,0.41633
CVE-2009-4598,0.00134,0.48603
CVE-2009-4599,0.00064,0.26120
CVE-2009-4600,0.00204,0.58426
CVE-2009-4601,0.00195,0.57440
CVE-2009-4602,0.00192,0.56888
CVE-2009-4603,0.01037,0.82364
CVE-2009-4604,0.00807,0.79921
CVE-2009-4605,0.00778,0.79500
CVE-2009-4606,0.00042,0.00438
CVE-2009-4607,0.00042,0.00438
CVE-2009-4608,0.00196,0.57549
CVE-2009-4609,0.00523,0.74486
CVE-2009-4610,0.00170,0.53979
CVE-2009-4611,0.00768,0.79350
CVE-2009-4612,0.00170,0.53979
CVE-2009-4613,0.00125,0.47070
CVE-2009-4614,0.00629,0.76850
CVE-2009-4615,0.00125,0.47070
CVE-2009-4616,0.00132,0.48166
CVE-2009-4617,0.00093,0.39001
CVE-2009-4618,0.00107,0.43198
CVE-2009-4619,0.00102,0.41272
CVE-2009-4620,0.00212,0.59269
CVE-2009-4621,0.00077,0.31810
CVE-2009-4622,0.00629,0.76850
CVE-2009-4623,0.00997,0.82030
CVE-2009-4624,0.00064,0.26120
CVE-2009-4625,0.00265,0.64241
CVE-2009-4626,0.01105,0.82972
CVE-2009-4627,0.00617,0.76609
CVE-2009-4628,0.00423,0.71707
CVE-2009-4629,0.00269,0.64489
CVE-2009-4630,0.00269,0.64489
CVE-2009-4631,0.01981,0.87606
CVE-2009-4632,0.00951,0.81542
CVE-2009-4633,0.03903,0.91128
CVE-2009-4634,0.02016,0.87732
CVE-2009-4635,0.05135,0.92221
CVE-2009-4636,0.00988,0.81941
CVE-2009-4637,0.20631,0.95965
CVE-2009-4638,0.01427,0.85201
CVE-2009-4639,0.01038,0.82382
CVE-2009-4640,0.02677,0.89421
CVE-2009-4641,0.00059,0.22933
CVE-2009-4642,0.00062,0.24773
CVE-2009-4643,0.04611,0.91761
CVE-2009-4644,0.00325,0.67801
CVE-2009-4645,0.01166,0.83482
CVE-2009-4646,0.00130,0.47878
CVE-2009-4647,0.00220,0.60169
CVE-2009-4648,0.00101,0.41154
CVE-2009-4649,0.00415,0.71458
CVE-2009-4650,0.00064,0.26120
CVE-2009-4651,0.00192,0.56860
CVE-2009-4652,0.06366,0.92991
CVE-2009-4653,0.03894,0.91116
CVE-2009-4654,0.92328,0.98788
CVE-2009-4655,0.06744,0.93200
CVE-2009-4656,0.49372,0.97231
CVE-2009-4657,0.00482,0.73409
CVE-2009-4658,0.00202,0.58192
CVE-2009-4659,0.00347,0.68807
CVE-2009-4660,0.25414,0.96277
CVE-2009-4661,0.00282,0.65340
CVE-2009-4662,0.00247,0.62758
CVE-2009-4663,0.22753,0.96109
CVE-2009-4664,0.00042,0.05722
CVE-2009-4665,0.00497,0.73801
CVE-2009-4666,0.00609,0.76403
CVE-2009-4667,0.00102,0.41567
CVE-2009-4668,0.04569,0.91726
CVE-2009-4669,0.00125,0.47070
CVE-2009-4670,0.00540,0.74912
CVE-2009-4671,0.00540,0.74912
CVE-2009-4672,0.00658,0.77403
CVE-2009-4673,0.00129,0.47721
CVE-2009-4674,0.01378,0.84961
CVE-2009-4675,0.00940,0.81427
CVE-2009-4676,0.01967,0.87544
CVE-2009-4677,0.00192,0.57132
CVE-2009-4678,0.00481,0.73387
CVE-2009-4679,0.00826,0.80143
CVE-2009-4680,0.00102,0.41432
CVE-2009-4681,0.00220,0.60207
CVE-2009-4682,0.00192,0.57132
CVE-2009-4683,0.00756,0.79173
CVE-2009-4684,0.00186,0.55980
CVE-2009-4685,0.00186,0.55980
CVE-2009-4686,0.00186,0.55980
CVE-2009-4687,0.00107,0.43198
CVE-2009-4688,0.00209,0.58843
CVE-2009-4689,0.00077,0.31810
CVE-2009-4690,0.00711,0.78457
CVE-2009-4691,0.00077,0.31810
CVE-2009-4692,0.00367,0.69722
CVE-2009-4693,0.00954,0.81592
CVE-2009-4694,0.00192,0.57132
CVE-2009-4695,0.00203,0.58293
CVE-2009-4696,0.00203,0.58293
CVE-2009-4697,0.00367,0.69722
CVE-2009-4698,0.00274,0.64769
CVE-2009-4699,0.00347,0.68851
CVE-2009-4700,0.00656,0.77369
CVE-2009-4701,0.00111,0.44281
CVE-2009-4702,0.00111,0.44281
CVE-2009-4703,0.00111,0.44281
CVE-2009-4704,0.00279,0.65127
CVE-2009-4705,0.00122,0.46493
CVE-2009-4706,0.00122,0.46493
CVE-2009-4707,0.00122,0.46493
CVE-2009-4708,0.00111,0.44281
CVE-2009-4709,0.00125,0.47070
CVE-2009-4710,0.00129,0.47721
CVE-2009-4711,0.00129,0.47721
CVE-2009-4712,0.00102,0.41272
CVE-2009-4713,0.00367,0.69722
CVE-2009-4714,0.00199,0.57863
CVE-2009-4715,0.00220,0.60207
CVE-2009-4716,0.00220,0.60207
CVE-2009-4717,0.00187,0.56309
CVE-2009-4718,0.00111,0.44281
CVE-2009-4719,0.00093,0.39001
CVE-2009-4720,0.00129,0.47721
CVE-2009-4721,0.00093,0.39001
CVE-2009-4722,0.00099,0.40627
CVE-2009-4723,0.00746,0.78991
CVE-2009-4724,0.00107,0.43198
CVE-2009-4725,0.01399,0.85063
CVE-2009-4726,0.00743,0.78946
CVE-2009-4727,0.00093,0.39001
CVE-2009-4728,0.00107,0.43198
CVE-2009-4729,0.00265,0.64225
CVE-2009-4730,0.00129,0.47721
CVE-2009-4731,0.00103,0.41633
CVE-2009-4732,0.00093,0.39001
CVE-2009-4733,0.00107,0.43198
CVE-2009-4734,0.00093,0.39001
CVE-2009-4735,0.00093,0.39001
CVE-2009-4736,0.00379,0.70181
CVE-2009-4737,0.00574,0.75639
CVE-2009-4738,0.00151,0.51285
CVE-2009-4739,0.00774,0.79437
CVE-2009-4740,0.00190,0.56659
CVE-2009-4741,0.00269,0.64448
CVE-2009-4742,0.00064,0.26120
CVE-2009-4743,0.00244,0.62513
CVE-2009-4744,0.00220,0.60154
CVE-2009-4745,0.00095,0.39667
CVE-2009-4746,0.00122,0.46493
CVE-2009-4747,0.00718,0.78561
CVE-2009-4748,0.00064,0.26120
CVE-2009-4749,0.00064,0.26120
CVE-2009-4750,0.00803,0.79873
CVE-2009-4751,0.00064,0.26120
CVE-2009-4752,0.00803,0.79873
CVE-2009-4753,0.02895,0.89792
CVE-2009-4754,0.22753,0.96109
CVE-2009-4755,0.23270,0.96147
CVE-2009-4756,0.23270,0.96147
CVE-2009-4757,0.13272,0.95080
CVE-2009-4758,0.10099,0.94415
CVE-2009-4759,0.25362,0.96274
CVE-2009-4760,0.00311,0.67033
CVE-2009-4761,0.18381,0.95753
CVE-2009-4762,0.01486,0.85491
CVE-2009-4763,0.00308,0.66914
CVE-2009-4764,0.01956,0.87514
CVE-2009-4765,0.00314,0.67205
CVE-2009-4766,0.00311,0.67055
CVE-2009-4767,0.00201,0.58103
CVE-2009-4768,0.03663,0.90851
CVE-2009-4769,0.66979,0.97660
CVE-2009-4770,0.00746,0.78988
CVE-2009-4771,0.00444,0.72348
CVE-2009-4772,0.00258,0.63650
CVE-2009-4773,0.00214,0.59454
CVE-2009-4774,0.00044,0.10704
CVE-2009-4775,0.01420,0.85160
CVE-2009-4776,0.01845,0.87071
CVE-2009-4777,0.02843,0.89719
CVE-2009-4778,0.11851,0.94846
CVE-2009-4779,0.00598,0.76165
CVE-2009-4780,0.00187,0.56309
CVE-2009-4781,0.00042,0.00438
CVE-2009-4782,0.00199,0.57863
CVE-2009-4783,0.00102,0.41272
CVE-2009-4784,0.00064,0.26120
CVE-2009-4785,0.00068,0.28434
CVE-2009-4786,0.00192,0.57132
CVE-2009-4787,0.00159,0.52409
CVE-2009-4788,0.00296,0.66224
CVE-2009-4789,0.00533,0.74736
CVE-2009-4790,0.00292,0.65945
CVE-2009-4791,0.00116,0.45283
CVE-2009-4792,0.00102,0.41272
CVE-2009-4793,0.00217,0.59729
CVE-2009-4794,0.00068,0.28434
CVE-2009-4795,0.00090,0.37833
CVE-2009-4796,0.00116,0.45283
CVE-2009-4797,0.00064,0.26120
CVE-2009-4798,0.00175,0.54752
CVE-2009-4799,0.00278,0.65037
CVE-2009-4800,0.00546,0.75060
CVE-2009-4801,0.00540,0.74912
CVE-2009-4802,0.00135,0.48729
CVE-2009-4803,0.00125,0.47070
CVE-2009-4804,0.00220,0.60154
CVE-2009-4805,0.00102,0.41432
CVE-2009-4806,0.00867,0.80612
CVE-2009-4807,0.00102,0.41432
CVE-2009-4808,0.01003,0.82074
CVE-2009-4809,0.01327,0.84628
CVE-2009-4810,0.00537,0.74838
CVE-2009-4811,0.04508,0.91681
CVE-2009-4812,0.00523,0.74486
CVE-2009-4813,0.00195,0.57440
CVE-2009-4814,0.00481,0.73387
CVE-2009-4815,0.00172,0.54300
CVE-2009-4816,0.00472,0.73104
CVE-2009-4817,0.04119,0.91337
CVE-2009-4818,0.01619,0.86176
CVE-2009-4819,0.03094,0.90087
CVE-2009-4820,0.00505,0.74034
CVE-2009-4821,0.00385,0.70435
CVE-2009-4822,0.00195,0.57440
CVE-2009-4823,0.00721,0.78626
CVE-2009-4824,0.00410,0.71284
CVE-2009-4825,0.00505,0.74034
CVE-2009-4826,0.00406,0.71157
CVE-2009-4827,0.00406,0.71157
CVE-2009-4828,0.00406,0.71157
CVE-2009-4829,0.00112,0.44297
CVE-2009-4830,0.01060,0.82603
CVE-2009-4831,0.00170,0.53953
CVE-2009-4832,0.00042,0.00438
CVE-2009-4833,0.00285,0.65521
CVE-2009-4834,0.00746,0.78999
CVE-2009-4835,0.00143,0.50092
CVE-2009-4836,0.00815,0.79998
CVE-2009-4837,0.00220,0.60207
CVE-2009-4838,0.00129,0.47721
CVE-2009-4839,0.00254,0.63423
CVE-2009-4840,0.15590,0.95428
CVE-2009-4841,0.05033,0.92143
CVE-2009-4842,0.00122,0.46493
CVE-2009-4843,0.02755,0.89569
CVE-2009-4844,0.00330,0.68102
CVE-2009-4845,0.00227,0.60989
CVE-2009-4846,0.27722,0.96406
CVE-2009-4847,0.00348,0.68898
CVE-2009-4848,0.00199,0.57863
CVE-2009-4849,0.00526,0.74553
CVE-2009-4850,0.88488,0.98466
CVE-2009-4851,0.00280,0.65157
CVE-2009-4852,0.00132,0.48166
CVE-2009-4853,0.00192,0.57132
CVE-2009-4854,0.02043,0.87829
CVE-2009-4855,0.00064,0.26120
CVE-2009-4856,0.00201,0.58103
CVE-2009-4857,0.00201,0.58103
CVE-2009-4858,0.00187,0.56309
CVE-2009-4859,0.00204,0.58384
CVE-2009-4860,0.00095,0.39667
CVE-2009-4861,0.00160,0.52571
CVE-2009-4862,0.00107,0.43198
CVE-2009-4863,0.25144,0.96265
CVE-2009-4864,0.00187,0.56309
CVE-2009-4865,0.00102,0.41432
CVE-2009-4866,0.00220,0.60207
CVE-2009-4867,0.03551,0.90710
CVE-2009-4868,0.00187,0.56309
CVE-2009-4869,0.00187,0.56309
CVE-2009-4870,0.00107,0.43198
CVE-2009-4871,0.00107,0.43198
CVE-2009-4872,0.00097,0.40074
CVE-2009-4873,0.64690,0.97609
CVE-2009-4874,0.00866,0.80594
CVE-2009-4875,0.03257,0.90336
CVE-2009-4876,0.00956,0.81610
CVE-2009-4877,0.00160,0.52542
CVE-2009-4878,0.00414,0.71416
CVE-2009-4879,0.00157,0.52216
CVE-2009-4880,0.03831,0.91048
CVE-2009-4881,0.00558,0.75291
CVE-2009-4882,0.00365,0.69639
CVE-2009-4883,0.00064,0.26120
CVE-2009-4884,0.00129,0.47721
CVE-2009-4885,0.00192,0.57132
CVE-2009-4886,0.00327,0.67896
CVE-2009-4887,0.00718,0.78561
CVE-2009-4888,0.00762,0.79260
CVE-2009-4889,0.00064,0.26120
CVE-2009-4890,0.00192,0.57132
CVE-2009-4891,0.00064,0.26120
CVE-2009-4892,0.00068,0.28434
CVE-2009-4893,0.02644,0.89347
CVE-2009-4894,0.00122,0.46493
CVE-2009-4895,0.00042,0.05722
CVE-2009-4896,0.00448,0.72439
CVE-2009-4897,0.76958,0.97954
CVE-2009-4898,0.00159,0.52409
CVE-2009-4899,0.00182,0.55615
CVE-2009-4900,0.00090,0.37739
CVE-2009-4901,0.00042,0.05722
CVE-2009-4902,0.00042,0.05722
CVE-2009-4903,0.00192,0.57132
CVE-2009-4904,0.00254,0.63433
CVE-2009-4905,0.00406,0.71157
CVE-2009-4906,0.00490,0.73634
CVE-2009-4907,0.00333,0.68248
CVE-2009-4908,0.00204,0.58414
CVE-2009-4909,0.00482,0.73409
CVE-2009-4910,0.00122,0.46493
CVE-2009-4911,0.00170,0.53962
CVE-2009-4912,0.00332,0.68203
CVE-2009-4913,0.00201,0.58025
CVE-2009-4914,0.00170,0.53962
CVE-2009-4915,0.00170,0.53962
CVE-2009-4916,0.00113,0.44767
CVE-2009-4917,0.00170,0.53962
CVE-2009-4918,0.00170,0.53962
CVE-2009-4919,0.00451,0.72543
CVE-2009-4920,0.00170,0.53962
CVE-2009-4921,0.00170,0.53962
CVE-2009-4922,0.00121,0.46305
CVE-2009-4923,0.00170,0.53962
CVE-2009-4924,0.00132,0.48166
CVE-2009-4925,0.00064,0.26120
CVE-2009-4926,0.00195,0.57440
CVE-2009-4927,0.00897,0.80961
CVE-2009-4928,0.00598,0.76165
CVE-2009-4929,0.00897,0.80961
CVE-2009-4930,0.00132,0.48166
CVE-2009-4931,0.17577,0.95682
CVE-2009-4932,0.12632,0.94976
CVE-2009-4933,0.00099,0.40627
CVE-2009-4934,0.00195,0.57440
CVE-2009-4935,0.00108,0.43336
CVE-2009-4936,0.00361,0.69489
CVE-2009-4937,0.00254,0.63423
CVE-2009-4938,0.00068,0.28434
CVE-2009-4939,0.00820,0.80061
CVE-2009-4940,0.00095,0.39667
CVE-2009-4941,0.00220,0.60154
CVE-2009-4942,0.00145,0.50330
CVE-2009-4943,0.00377,0.70123
CVE-2009-4944,0.00220,0.60154
CVE-2009-4945,0.00756,0.79173
CVE-2009-4946,0.00788,0.79655
CVE-2009-4947,0.00169,0.53835
CVE-2009-4948,0.00192,0.57132
CVE-2009-4949,0.00129,0.47721
CVE-2009-4950,0.00125,0.47070
CVE-2009-4951,0.00279,0.65127
CVE-2009-4952,0.00465,0.72903
CVE-2009-4953,0.00122,0.46493
CVE-2009-4954,0.00125,0.47070
CVE-2009-4955,0.00125,0.47070
CVE-2009-4956,0.00132,0.48166
CVE-2009-4957,0.00658,0.77403
CVE-2009-4958,0.00107,0.43198
CVE-2009-4959,0.00129,0.47721
CVE-2009-4960,0.00328,0.67978
CVE-2009-4961,0.00294,0.66116
CVE-2009-4962,0.90688,0.98616
CVE-2009-4963,0.00085,0.35345
CVE-2009-4964,0.11579,0.94784
CVE-2009-4965,0.00129,0.47721
CVE-2009-4966,0.00129,0.47721
CVE-2009-4967,0.00129,0.47721
CVE-2009-4968,0.00129,0.47721
CVE-2009-4969,0.00129,0.47721
CVE-2009-4970,0.00129,0.47721
CVE-2009-4971,0.00129,0.47721
CVE-2009-4972,0.00254,0.63423
CVE-2009-4973,0.00111,0.44281
CVE-2009-4974,0.00490,0.73629
CVE-2009-4975,0.00220,0.60154
CVE-2009-4976,0.00192,0.57132
CVE-2009-4977,0.00337,0.68402
CVE-2009-4978,0.00328,0.67978
CVE-2009-4979,0.00129,0.47721
CVE-2009-4980,0.00192,0.57132
CVE-2009-4981,0.00091,0.38503
CVE-2009-4982,0.00077,0.31810
CVE-2009-4983,0.00187,0.56309
CVE-2009-4984,0.00132,0.48166
CVE-2009-4985,0.00111,0.44281
CVE-2009-4986,0.01105,0.82972
CVE-2009-4987,0.02445,0.88955
CVE-2009-4988,0.92348,0.98791
CVE-2009-4989,0.00195,0.57440
CVE-2009-4990,0.00192,0.57132
CVE-2009-4991,0.00187,0.56309
CVE-2009-4992,0.00111,0.44281
CVE-2009-4993,0.00503,0.73999
CVE-2009-4994,0.00191,0.56836
CVE-2009-4995,0.00233,0.61445
CVE-2009-4996,0.00059,0.22933
CVE-2009-4997,0.00044,0.10161
CVE-2009-4998,0.00246,0.62664
CVE-2009-4999,0.00122,0.46437
CVE-2009-5000,0.00122,0.46437
CVE-2009-5001,0.00114,0.44810
CVE-2009-5002,0.00278,0.65055
CVE-2009-5003,0.00127,0.47293
CVE-2009-5004,0.00930,0.81325
CVE-2009-5005,0.01057,0.82554
CVE-2009-5006,0.00406,0.71169
CVE-2009-5007,0.00042,0.05722
CVE-2009-5008,0.00067,0.27754
CVE-2009-5009,0.00644,0.77132
CVE-2009-5010,0.05333,0.92366
CVE-2009-5011,0.00920,0.81233
CVE-2009-5012,0.00192,0.56847
CVE-2009-5013,0.00380,0.70234
CVE-2009-5014,0.00353,0.69120
CVE-2009-5015,0.00217,0.59716
CVE-2009-5016,0.00637,0.76972
CVE-2009-5017,0.00176,0.54848
CVE-2009-5018,0.01882,0.87225
CVE-2009-5019,0.00539,0.74874
CVE-2009-5020,0.00215,0.59570
CVE-2009-5021,0.00244,0.62423
CVE-2009-5022,0.26796,0.96348
CVE-2009-5023,0.00042,0.05722
CVE-2009-5024,0.01938,0.87450
CVE-2009-5025,0.00238,0.61970
CVE-2009-5026,0.08336,0.93808
CVE-2009-5028,0.09014,0.94053
CVE-2009-5029,0.00838,0.80286
CVE-2009-5030,0.04405,0.91589
CVE-2009-5031,0.00274,0.64761
CVE-2009-5032,0.00214,0.59473
CVE-2009-5033,0.00145,0.50427
CVE-2009-5034,0.00383,0.70339
CVE-2009-5035,0.00266,0.64264
CVE-2009-5036,0.00425,0.71770
CVE-2009-5037,0.01282,0.84358
CVE-2009-5038,0.00259,0.63761
CVE-2009-5039,0.00129,0.47734
CVE-2009-5040,0.00229,0.61173
CVE-2009-5041,0.00210,0.58958
CVE-2009-5042,0.00156,0.51901
CVE-2009-5043,0.00186,0.56041
CVE-2009-5044,0.00044,0.08000
CVE-2009-5045,0.00305,0.66729
CVE-2009-5046,0.00330,0.68142
CVE-2009-5048,0.00088,0.36898
CVE-2009-5049,0.00396,0.70844
CVE-2009-5050,0.00182,0.55599
CVE-2009-5051,0.00302,0.66550
CVE-2009-5052,0.00217,0.59716
CVE-2009-5053,0.00503,0.73999
CVE-2009-5054,0.00202,0.58216
CVE-2009-5055,0.00104,0.42253
CVE-2009-5056,0.00137,0.49076
CVE-2009-5057,0.00226,0.60937
CVE-2009-5058,0.00131,0.47973
CVE-2009-5059,0.00131,0.47973
CVE-2009-5060,0.00131,0.47973
CVE-2009-5061,0.00131,0.47973
CVE-2009-5062,0.00186,0.56001
CVE-2009-5063,0.00381,0.70271
CVE-2009-5064,0.00044,0.08000
CVE-2009-5065,0.00793,0.79739
CVE-2009-5066,0.00044,0.08000
CVE-2009-5067,0.01161,0.83431
CVE-2009-5068,0.00078,0.32769
CVE-2009-5071,0.00258,0.63661
CVE-2009-5072,0.00174,0.54675
CVE-2009-5073,0.00174,0.54675
CVE-2009-5074,0.00217,0.59716
CVE-2009-5075,0.00235,0.61603
CVE-2009-5076,0.00568,0.75505
CVE-2009-5077,0.00746,0.78988
CVE-2009-5078,0.00874,0.80689
CVE-2009-5079,0.00042,0.05722
CVE-2009-5080,0.00042,0.05722
CVE-2009-5081,0.00042,0.05722
CVE-2009-5082,0.00042,0.05722
CVE-2009-5083,0.00501,0.73937
CVE-2009-5084,0.00042,0.05722
CVE-2009-5085,0.00253,0.63277
CVE-2009-5086,0.00192,0.57132
CVE-2009-5087,0.03039,0.90008
CVE-2009-5088,0.00102,0.41519
CVE-2009-5089,0.00433,0.71978
CVE-2009-5090,0.00064,0.26120
CVE-2009-5091,0.00064,0.26120
CVE-2009-5092,0.00940,0.81430
CVE-2009-5093,0.00606,0.76343
CVE-2009-5094,0.00064,0.26120
CVE-2009-5095,0.00806,0.79909
CVE-2009-5096,0.00275,0.64854
CVE-2009-5097,0.00263,0.64054
CVE-2009-5098,0.08077,0.93733
CVE-2009-5099,0.00398,0.70920
CVE-2009-5100,0.00096,0.39768
CVE-2009-5101,0.00155,0.51855
CVE-2009-5102,0.00118,0.45665
CVE-2009-5103,0.00184,0.55807
CVE-2009-5109,0.44601,0.97066
CVE-2009-5110,0.00235,0.61603
CVE-2009-5111,0.00333,0.68273
CVE-2009-5112,0.01099,0.82936
CVE-2009-5113,0.00155,0.51807
CVE-2009-5114,0.01329,0.84637
CVE-2009-5115,0.00202,0.58217
CVE-2009-5116,0.00227,0.61038
CVE-2009-5117,0.00042,0.05722
CVE-2009-5118,0.00067,0.27624
CVE-2009-5119,0.00279,0.65127
CVE-2009-5120,0.00131,0.48021
CVE-2009-5121,0.00149,0.51018
CVE-2009-5122,0.00287,0.65653
CVE-2009-5123,0.00124,0.46722
CVE-2009-5124,0.00124,0.46722
CVE-2009-5125,0.00432,0.71938
CVE-2009-5126,0.00124,0.46722
CVE-2009-5127,0.00124,0.46722
CVE-2009-5128,0.00398,0.70901
CVE-2009-5129,0.00398,0.70901
CVE-2009-5130,0.00299,0.66404
CVE-2009-5131,0.00285,0.65533
CVE-2009-5132,0.00264,0.64126
CVE-2009-5134,0.16750,0.95567
CVE-2009-5135,0.03832,0.91049
CVE-2009-5136,0.00747,0.79010
CVE-2009-5137,0.09954,0.94355
CVE-2009-5138,0.00635,0.76944
CVE-2009-5139,0.00370,0.69849
CVE-2009-5140,0.00247,0.62700
CVE-2009-5141,0.07872,0.93647
CVE-2009-5142,0.00204,0.58403
CVE-2009-5143,0.00342,0.68637
CVE-2009-5144,0.00222,0.60559
CVE-2009-5145,0.00238,0.61998
CVE-2009-5147,0.00766,0.79293
CVE-2009-5149,0.01366,0.84896
CVE-2009-5150,0.00042,0.05722
CVE-2009-5151,0.00042,0.05722
CVE-2009-5152,0.00042,0.05722
CVE-2009-5153,0.03505,0.90661
CVE-2009-5154,0.00792,0.79733
CVE-2009-5155,0.00441,0.72249
CVE-2009-5156,0.02475,0.89015
CVE-2009-5157,0.59053,0.97462
CVE-2009-5158,0.00078,0.32606
CVE-2009-5159,0.00892,0.80912
CVE-2010-0001,0.06085,0.92814
CVE-2010-0002,0.00042,0.00438
CVE-2010-0003,0.00044,0.08000
CVE-2010-0004,0.00640,0.77058
CVE-2010-0005,0.01342,0.84718
CVE-2010-0006,0.01464,0.85404
CVE-2010-0007,0.00044,0.08000
CVE-2010-0008,0.14432,0.95255
CVE-2010-0009,0.00168,0.53809
CVE-2010-0010,0.96198,0.99410
CVE-2010-0011,0.00961,0.81662
CVE-2010-0012,0.00816,0.80009
CVE-2010-0013,0.05533,0.92520
CVE-2010-0014,0.00605,0.76337
CVE-2010-0015,0.02280,0.88572
CVE-2010-0016,0.93448,0.98922
CVE-2010-0017,0.00659,0.77412
CVE-2010-0018,0.95143,0.99174
CVE-2010-0019,0.81277,0.98092
CVE-2010-0020,0.94820,0.99121
CVE-2010-0021,0.10692,0.94566
CVE-2010-0022,0.95567,0.99271
CVE-2010-0023,0.00052,0.17729
CVE-2010-0024,0.02526,0.89117
CVE-2010-0025,0.34178,0.96709
CVE-2010-0026,0.00056,0.21069
CVE-2010-0027,0.96029,0.99370
CVE-2010-0028,0.93723,0.98953
CVE-2010-0029,0.89905,0.98571
CVE-2010-0030,0.89905,0.98571
CVE-2010-0031,0.89626,0.98552
CVE-2010-0032,0.89194,0.98520
CVE-2010-0033,0.96687,0.99577
CVE-2010-0034,0.89905,0.98571
CVE-2010-0035,0.01240,0.84058
CVE-2010-0036,0.02719,0.89499
CVE-2010-0037,0.02138,0.88165
CVE-2010-0038,0.00059,0.22933
CVE-2010-0039,0.00289,0.65754
CVE-2010-0040,0.02532,0.89127
CVE-2010-0041,0.00457,0.72707
CVE-2010-0042,0.00507,0.74082
CVE-2010-0043,0.02878,0.89769
CVE-2010-0044,0.00403,0.71054
CVE-2010-0045,0.02116,0.88057
CVE-2010-0046,0.87410,0.98406
CVE-2010-0047,0.17049,0.95605
CVE-2010-0048,0.05682,0.92604
CVE-2010-0049,0.95496,0.99253
CVE-2010-0050,0.75280,0.97903
CVE-2010-0051,0.00554,0.75242
CVE-2010-0052,0.50229,0.97246
CVE-2010-0053,0.16455,0.95534
CVE-2010-0054,0.69873,0.97747
CVE-2010-0055,0.00322,0.67683
CVE-2010-0056,0.00686,0.78020
CVE-2010-0057,0.00446,0.72393
CVE-2010-0058,0.00238,0.61967
CVE-2010-0059,0.07725,0.93567
CVE-2010-0060,0.03115,0.90117
CVE-2010-0062,0.07725,0.93567
CVE-2010-0063,0.00356,0.69265
CVE-2010-0064,0.00042,0.05722
CVE-2010-0065,0.00775,0.79459
CVE-2010-0066,0.00289,0.65810
CVE-2010-0067,0.00302,0.66495
CVE-2010-0068,0.00228,0.61052
CVE-2010-0069,0.00198,0.57774
CVE-2010-0070,0.00270,0.64557
CVE-2010-0071,0.01338,0.84697
CVE-2010-0072,0.96304,0.99442
CVE-2010-0073,0.11136,0.94674
CVE-2010-0074,0.00437,0.72149
CVE-2010-0075,0.00185,0.55822
CVE-2010-0076,0.00448,0.72454
CVE-2010-0077,0.00246,0.62690
CVE-2010-0078,0.00437,0.72149
CVE-2010-0079,0.00605,0.76330
CVE-2010-0080,0.00105,0.42600
CVE-2010-0081,0.00083,0.34501
CVE-2010-0082,0.02819,0.89672
CVE-2010-0083,0.00143,0.50159
CVE-2010-0084,0.00741,0.78933
CVE-2010-0085,0.02696,0.89455
CVE-2010-0086,0.00392,0.70706
CVE-2010-0087,0.03764,0.90978
CVE-2010-0088,0.03771,0.90988
CVE-2010-0089,0.04719,0.91871
CVE-2010-0090,0.00738,0.78886
CVE-2010-0091,0.00741,0.78933
CVE-2010-0092,0.02847,0.89727
CVE-2010-0093,0.02819,0.89672
CVE-2010-0094,0.92929,0.98860
CVE-2010-0095,0.06136,0.92863
CVE-2010-0097,0.01262,0.84217
CVE-2010-0098,0.02110,0.88041
CVE-2010-0101,0.00369,0.69795
CVE-2010-0103,0.94170,0.99015
CVE-2010-0104,0.07670,0.93550
CVE-2010-0105,0.00043,0.07477
CVE-2010-0106,0.00193,0.57239
CVE-2010-0107,0.02525,0.89113
CVE-2010-0108,0.65650,0.97631
CVE-2010-0109,0.00221,0.60287
CVE-2010-0110,0.95394,0.99230
CVE-2010-0111,0.22076,0.96061
CVE-2010-0112,0.96956,0.99676
CVE-2010-0113,0.00445,0.72382
CVE-2010-0114,0.03430,0.90579
CVE-2010-0115,0.01288,0.84404
CVE-2010-0116,0.81250,0.98091
CVE-2010-0117,0.40550,0.96945
CVE-2010-0118,0.00042,0.05722
CVE-2010-0119,0.00042,0.05722
CVE-2010-0120,0.83573,0.98212
CVE-2010-0121,0.00263,0.64033
CVE-2010-0122,0.00198,0.57771
CVE-2010-0123,0.00344,0.68695
CVE-2010-0124,0.00042,0.05722
CVE-2010-0125,0.00245,0.62612
CVE-2010-0126,0.04676,0.91837
CVE-2010-0127,0.04363,0.91550
CVE-2010-0128,0.07650,0.93546
CVE-2010-0129,0.04173,0.91390
CVE-2010-0130,0.06650,0.93153
CVE-2010-0131,0.02980,0.89910
CVE-2010-0132,0.00316,0.67362
CVE-2010-0133,0.04676,0.91837
CVE-2010-0134,0.04554,0.91711
CVE-2010-0135,0.04676,0.91837
CVE-2010-0136,0.00541,0.74958
CVE-2010-0137,0.02004,0.87695
CVE-2010-0138,0.42665,0.97008
CVE-2010-0139,0.00396,0.70833
CVE-2010-0140,0.00396,0.70833
CVE-2010-0141,0.00278,0.65010
CVE-2010-0142,0.00162,0.52799
CVE-2010-0143,0.00278,0.65025
CVE-2010-0144,0.00278,0.65025
CVE-2010-0145,0.02325,0.88664
CVE-2010-0146,0.00209,0.58900
CVE-2010-0147,0.00259,0.63698
CVE-2010-0148,0.02090,0.87991
CVE-2010-0149,0.02420,0.88896
CVE-2010-0150,0.02420,0.88896
CVE-2010-0151,0.02420,0.88896
CVE-2010-0152,0.00055,0.20408
CVE-2010-0153,0.00091,0.38503
CVE-2010-0154,0.00103,0.41661
CVE-2010-0155,0.00084,0.34928
CVE-2010-0156,0.00042,0.05722
CVE-2010-0157,0.00826,0.80143
CVE-2010-0158,0.00196,0.57571
CVE-2010-0159,0.04428,0.91606
CVE-2010-0160,0.39141,0.96911
CVE-2010-0161,0.01306,0.84512
CVE-2010-0162,0.02179,0.88288
CVE-2010-0163,0.06479,0.93055
CVE-2010-0164,0.08427,0.93839
CVE-2010-0165,0.06819,0.93238
CVE-2010-0166,0.07946,0.93681
CVE-2010-0167,0.29644,0.96511
CVE-2010-0168,0.06868,0.93261
CVE-2010-0169,0.01271,0.84265
CVE-2010-0170,0.00274,0.64810
CVE-2010-0171,0.00286,0.65597
CVE-2010-0172,0.00665,0.77600
CVE-2010-0173,0.07635,0.93544
CVE-2010-0174,0.25730,0.96294
CVE-2010-0175,0.09059,0.94067
CVE-2010-0176,0.90076,0.98578
CVE-2010-0177,0.46527,0.97138
CVE-2010-0178,0.02168,0.88256
CVE-2010-0179,0.01291,0.84416
CVE-2010-0180,0.00042,0.05722
CVE-2010-0181,0.29784,0.96516
CVE-2010-0182,0.00368,0.69779
CVE-2010-0183,0.12954,0.95025
CVE-2010-0184,0.00042,0.05722
CVE-2010-0185,0.00705,0.78342
CVE-2010-0186,0.03472,0.90626
CVE-2010-0187,0.89237,0.98524
CVE-2010-0188,0.97430,0.99935
CVE-2010-0189,0.02473,0.89009
CVE-2010-0190,0.00653,0.77323
CVE-2010-0191,0.01822,0.86955
CVE-2010-0192,0.12098,0.94894
CVE-2010-0193,0.02646,0.89351
CVE-2010-0194,0.06177,0.92888
CVE-2010-0195,0.03586,0.90754
CVE-2010-0196,0.12098,0.94894
CVE-2010-0197,0.06177,0.92888
CVE-2010-0198,0.01940,0.87462
CVE-2010-0199,0.01940,0.87462
CVE-2010-0201,0.06177,0.92888
CVE-2010-0202,0.01940,0.87462
CVE-2010-0203,0.01940,0.87462
CVE-2010-0204,0.02192,0.88319
CVE-2010-0205,0.01260,0.84210
CVE-2010-0206,0.00069,0.28543
CVE-2010-0207,0.00081,0.33929
CVE-2010-0209,0.01279,0.84314
CVE-2010-0211,0.79648,0.98034
CVE-2010-0212,0.96508,0.99510
CVE-2010-0213,0.04239,0.91446
CVE-2010-0214,0.01411,0.85124
CVE-2010-0215,0.00225,0.60867
CVE-2010-0216,0.00609,0.76397
CVE-2010-0217,0.00637,0.76976
CVE-2010-0218,0.00294,0.66103
CVE-2010-0219,0.97509,0.99982
CVE-2010-0220,0.01744,0.86649
CVE-2010-0221,0.00070,0.29103
CVE-2010-0222,0.00052,0.18008
CVE-2010-0223,0.00060,0.23636
CVE-2010-0224,0.00237,0.61839
CVE-2010-0225,0.00062,0.24773
CVE-2010-0226,0.00191,0.56824
CVE-2010-0227,0.00187,0.56273
CVE-2010-0228,0.00052,0.18008
CVE-2010-0229,0.00077,0.31951
CVE-2010-0230,0.00478,0.73307
CVE-2010-0231,0.96353,0.99460
CVE-2010-0232,0.00054,0.19258
CVE-2010-0233,0.00042,0.00438
CVE-2010-0234,0.00042,0.00438
CVE-2010-0235,0.00048,0.14798
CVE-2010-0236,0.00045,0.12503
CVE-2010-0237,0.00044,0.10453
CVE-2010-0238,0.00046,0.13849
CVE-2010-0239,0.17131,0.95624
CVE-2010-0240,0.34698,0.96731
CVE-2010-0241,0.34698,0.96731
CVE-2010-0242,0.31385,0.96590
CVE-2010-0243,0.92138,0.98766
CVE-2010-0244,0.94442,0.99060
CVE-2010-0245,0.94442,0.99060
CVE-2010-0246,0.94442,0.99060
CVE-2010-0247,0.94437,0.99057
CVE-2010-0248,0.97275,0.99833
CVE-2010-0249,0.97344,0.99878
CVE-2010-0250,0.95510,0.99257
CVE-2010-0252,0.96166,0.99401
CVE-2010-0254,0.43561,0.97039
CVE-2010-0255,0.95385,0.99228
CVE-2010-0256,0.43651,0.97044
CVE-2010-0257,0.89654,0.98556
CVE-2010-0258,0.72808,0.97835
CVE-2010-0260,0.89755,0.98560
CVE-2010-0261,0.90892,0.98640
CVE-2010-0262,0.94189,0.99017
CVE-2010-0263,0.95525,0.99263
CVE-2010-0264,0.89178,0.98518
CVE-2010-0265,0.92270,0.98781
CVE-2010-0266,0.96988,0.99687
CVE-2010-0267,0.96162,0.99399
CVE-2010-0268,0.94091,0.99001
CVE-2010-0269,0.05255,0.92303
CVE-2010-0270,0.95465,0.99247
CVE-2010-0271,0.00066,0.27158
CVE-2010-0272,0.00859,0.80528
CVE-2010-0273,0.00917,0.81192
CVE-2010-0274,0.00300,0.66421
CVE-2010-0275,0.00300,0.66421
CVE-2010-0276,0.00300,0.66421
CVE-2010-0277,0.20873,0.95986
CVE-2010-0278,0.03558,0.90716
CVE-2010-0279,0.03830,0.91047
CVE-2010-0280,0.03672,0.90866
CVE-2010-0283,0.93627,0.98942
CVE-2010-0284,0.33642,0.96682
CVE-2010-0285,0.00062,0.24773
CVE-2010-0286,0.01121,0.83122
CVE-2010-0287,0.00601,0.76223
CVE-2010-0288,0.01487,0.85498
CVE-2010-0289,0.00328,0.67993
CVE-2010-0290,0.00907,0.81069
CVE-2010-0291,0.00046,0.13781
CVE-2010-0292,0.04407,0.91591
CVE-2010-0293,0.04407,0.91591
CVE-2010-0294,0.04407,0.91591
CVE-2010-0295,0.07430,0.93480
CVE-2010-0296,0.00044,0.08000
CVE-2010-0297,0.00110,0.44077
CVE-2010-0298,0.00260,0.63800
CVE-2010-0299,0.00042,0.05722
CVE-2010-0300,0.01457,0.85378
CVE-2010-0301,0.00042,0.05722
CVE-2010-0302,0.07584,0.93527
CVE-2010-0303,0.08709,0.93952
CVE-2010-0304,0.94077,0.99000
CVE-2010-0305,0.08301,0.93800
CVE-2010-0306,0.00083,0.34411
CVE-2010-0307,0.00042,0.00438
CVE-2010-0308,0.13615,0.95134
CVE-2010-0309,0.00351,0.69033
CVE-2010-0310,0.00044,0.10704
CVE-2010-0311,0.01886,0.87240
CVE-2010-0312,0.00207,0.58718
CVE-2010-0313,0.04652,0.91809
CVE-2010-0314,0.01983,0.87610
CVE-2010-0315,0.04336,0.91531
CVE-2010-0316,0.00868,0.80624
CVE-2010-0317,0.12603,0.94972
CVE-2010-0318,0.00042,0.05722
CVE-2010-0319,0.03319,0.90420
CVE-2010-0320,0.00415,0.71458
CVE-2010-0321,0.03319,0.90420
CVE-2010-0322,0.00129,0.47721
CVE-2010-0323,0.00264,0.64178
CVE-2010-0324,0.00125,0.47070
CVE-2010-0325,0.00264,0.64178
CVE-2010-0326,0.00192,0.57132
CVE-2010-0327,0.00192,0.57132
CVE-2010-0328,0.00192,0.57132
CVE-2010-0329,0.00135,0.48729
CVE-2010-0330,0.00125,0.47070
CVE-2010-0331,0.00122,0.46493
CVE-2010-0332,0.00111,0.44281
CVE-2010-0333,0.00111,0.44281
CVE-2010-0334,0.00111,0.44281
CVE-2010-0335,0.00122,0.46493
CVE-2010-0336,0.00279,0.65127
CVE-2010-0337,0.00111,0.44281
CVE-2010-0338,0.00111,0.44281
CVE-2010-0339,0.00111,0.44281
CVE-2010-0340,0.00111,0.44281
CVE-2010-0341,0.00111,0.44281
CVE-2010-0342,0.00111,0.44281
CVE-2010-0343,0.00111,0.44281
CVE-2010-0344,0.00111,0.44281
CVE-2010-0345,0.00122,0.46493
CVE-2010-0346,0.00122,0.46493
CVE-2010-0347,0.00122,0.46493
CVE-2010-0348,0.00350,0.69002
CVE-2010-0349,0.00254,0.63423
CVE-2010-0350,0.00214,0.59484
CVE-2010-0356,0.84939,0.98278
CVE-2010-0357,0.00311,0.67074
CVE-2010-0358,0.02087,0.87972
CVE-2010-0359,0.74749,0.97894
CVE-2010-0360,0.00474,0.73158
CVE-2010-0361,0.97105,0.99740
CVE-2010-0362,0.00145,0.50416
CVE-2010-0363,0.00122,0.46493
CVE-2010-0364,0.12550,0.94962
CVE-2010-0365,0.00186,0.55980
CVE-2010-0366,0.03745,0.90952
CVE-2010-0367,0.00525,0.74524
CVE-2010-0370,0.00112,0.44426
CVE-2010-0371,0.00186,0.55980
CVE-2010-0372,0.00064,0.26120
CVE-2010-0373,0.00064,0.26120
CVE-2010-0374,0.00195,0.57440
CVE-2010-0375,0.00203,0.58293
CVE-2010-0376,0.00415,0.71458
CVE-2010-0377,0.00108,0.43336
CVE-2010-0378,0.14972,0.95332
CVE-2010-0379,0.13944,0.95185
CVE-2010-0380,0.00228,0.61110
CVE-2010-0381,0.00111,0.44281
CVE-2010-0382,0.03993,0.91198
CVE-2010-0383,0.00236,0.61783
CVE-2010-0384,0.00042,0.05722
CVE-2010-0385,0.00470,0.73072
CVE-2010-0386,0.00484,0.73484
CVE-2010-0387,0.94815,0.99119
CVE-2010-0388,0.91304,0.98682
CVE-2010-0389,0.00924,0.81276
CVE-2010-0390,0.02873,0.89763
CVE-2010-0391,0.02648,0.89359
CVE-2010-0392,0.35228,0.96750
CVE-2010-0393,0.00067,0.27782
CVE-2010-0394,0.00818,0.80034
CVE-2010-0395,0.06240,0.92919
CVE-2010-0396,0.00313,0.67193
CVE-2010-0397,0.03017,0.89955
CVE-2010-0398,0.00051,0.16915
CVE-2010-0400,0.00129,0.47721
CVE-2010-0401,0.00264,0.64139
CVE-2010-0402,0.00406,0.71161
CVE-2010-0403,0.01902,0.87322
CVE-2010-0404,0.00447,0.72413
CVE-2010-0405,0.02720,0.89502
CVE-2010-0406,0.00245,0.62593
CVE-2010-0407,0.00044,0.08043
CVE-2010-0408,0.11197,0.94690
CVE-2010-0409,0.01538,0.85785
CVE-2010-0410,0.00044,0.08000
CVE-2010-0411,0.00062,0.24588
CVE-2010-0412,0.06898,0.93276
CVE-2010-0414,0.00064,0.26441
CVE-2010-0415,0.00042,0.00438
CVE-2010-0416,0.30047,0.96530
CVE-2010-0417,0.30273,0.96540
CVE-2010-0418,0.01584,0.86012
CVE-2010-0419,0.00062,0.24773
CVE-2010-0420,0.09746,0.94288
CVE-2010-0421,0.00250,0.63006
CVE-2010-0422,0.00062,0.24393
CVE-2010-0423,0.22899,0.96122
CVE-2010-0424,0.00042,0.05722
CVE-2010-0425,0.97099,0.99737
CVE-2010-0426,0.00044,0.08000
CVE-2010-0427,0.00044,0.08000
CVE-2010-0428,0.00052,0.18252
CVE-2010-0429,0.00052,0.18252
CVE-2010-0430,0.00052,0.18252
CVE-2010-0431,0.00052,0.18252
CVE-2010-0432,0.01262,0.84218
CVE-2010-0433,0.08016,0.93706
CVE-2010-0434,0.00316,0.67330
CVE-2010-0435,0.00062,0.24773
CVE-2010-0436,0.00044,0.08000
CVE-2010-0437,0.04052,0.91268
CVE-2010-0438,0.00380,0.70235
CVE-2010-0439,0.00042,0.05722
CVE-2010-0440,0.00735,0.78846
CVE-2010-0441,0.34160,0.96708
CVE-2010-0442,0.96207,0.99412
CVE-2010-0443,0.00042,0.05722
CVE-2010-0444,0.11162,0.94683
CVE-2010-0445,0.00474,0.73174
CVE-2010-0446,0.00289,0.65743
CVE-2010-0447,0.04265,0.91468
CVE-2010-0448,0.00365,0.69635
CVE-2010-0449,0.00932,0.81346
CVE-2010-0450,0.00148,0.50863
CVE-2010-0451,0.00503,0.73987
CVE-2010-0452,0.00979,0.81841
CVE-2010-0453,0.00043,0.05860
CVE-2010-0454,0.00102,0.41432
CVE-2010-0455,0.00199,0.57826
CVE-2010-0456,0.00064,0.26120
CVE-2010-0457,0.00064,0.26120
CVE-2010-0458,0.00087,0.36669
CVE-2010-0459,0.00064,0.26120
CVE-2010-0460,0.00138,0.49219
CVE-2010-0461,0.00091,0.38468
CVE-2010-0462,0.35088,0.96744
CVE-2010-0463,0.00330,0.68102
CVE-2010-0464,0.00427,0.71818
CVE-2010-0465,0.00220,0.60154
CVE-2010-0467,0.06955,0.93305
CVE-2010-0468,0.00323,0.67733
CVE-2010-0469,0.00203,0.58293
CVE-2010-0470,0.00195,0.57440
CVE-2010-0471,0.00129,0.47721
CVE-2010-0472,0.13525,0.95123
CVE-2010-0475,0.00195,0.57440
CVE-2010-0476,0.96357,0.99461
CVE-2010-0477,0.94128,0.99008
CVE-2010-0478,0.96943,0.99672
CVE-2010-0479,0.91956,0.98749
CVE-2010-0480,0.96645,0.99560
CVE-2010-0481,0.00042,0.00438
CVE-2010-0482,0.00056,0.21205
CVE-2010-0483,0.97384,0.99902
CVE-2010-0484,0.00067,0.27820
CVE-2010-0485,0.00059,0.22858
CVE-2010-0486,0.59273,0.97475
CVE-2010-0487,0.59273,0.97475
CVE-2010-0488,0.04806,0.91970
CVE-2010-0489,0.29802,0.96517
CVE-2010-0490,0.96162,0.99399
CVE-2010-0491,0.95846,0.99326
CVE-2010-0492,0.64972,0.97616
CVE-2010-0494,0.02431,0.88927
CVE-2010-0496,0.01719,0.86553
CVE-2010-0497,0.03140,0.90150
CVE-2010-0498,0.00042,0.05722
CVE-2010-0500,0.00247,0.62723
CVE-2010-0501,0.00128,0.47440
CVE-2010-0502,0.00192,0.56904
CVE-2010-0503,0.00421,0.71664
CVE-2010-0504,0.01476,0.85450
CVE-2010-0505,0.03810,0.91026
CVE-2010-0506,0.00608,0.76380
CVE-2010-0507,0.00608,0.76380
CVE-2010-0508,0.00225,0.60802
CVE-2010-0509,0.00042,0.05722
CVE-2010-0510,0.00267,0.64373
CVE-2010-0511,0.00172,0.54291
CVE-2010-0512,0.00132,0.48230
CVE-2010-0513,0.00900,0.81007
CVE-2010-0514,0.00900,0.81007
CVE-2010-0515,0.02001,0.87680
CVE-2010-0516,0.04812,0.91976
CVE-2010-0517,0.04812,0.91976
CVE-2010-0518,0.00900,0.80999
CVE-2010-0519,0.49458,0.97233
CVE-2010-0520,0.09930,0.94348
CVE-2010-0521,0.00287,0.65653
CVE-2010-0522,0.00249,0.62950
CVE-2010-0523,0.00287,0.65653
CVE-2010-0524,0.00501,0.73898
CVE-2010-0525,0.00168,0.53601
CVE-2010-0526,0.05570,0.92537
CVE-2010-0527,0.00570,0.75550
CVE-2010-0528,0.05861,0.92702
CVE-2010-0529,0.94015,0.98992
CVE-2010-0530,0.00042,0.05722
CVE-2010-0531,0.00314,0.67233
CVE-2010-0532,0.00042,0.05722
CVE-2010-0533,0.00433,0.71995
CVE-2010-0534,0.00091,0.38117
CVE-2010-0535,0.00208,0.58801
CVE-2010-0536,0.00653,0.77326
CVE-2010-0537,0.00247,0.62727
CVE-2010-0538,0.02004,0.87704
CVE-2010-0539,0.01960,0.87528
CVE-2010-0540,0.00335,0.68350
CVE-2010-0541,0.00321,0.67651
CVE-2010-0542,0.01065,0.82651
CVE-2010-0543,0.01850,0.87086
CVE-2010-0544,0.00335,0.68335
CVE-2010-0545,0.00042,0.05722
CVE-2010-0546,0.00042,0.05722
CVE-2010-0547,0.00059,0.23116
CVE-2010-0548,0.00252,0.63182
CVE-2010-0549,0.00358,0.69347
CVE-2010-0550,0.00260,0.63856
CVE-2010-0551,0.00408,0.71214
CVE-2010-0552,0.11198,0.94691
CVE-2010-0553,0.08540,0.93878
CVE-2010-0554,0.00930,0.81328
CVE-2010-0555,0.02962,0.89886
CVE-2010-0556,0.00478,0.73294
CVE-2010-0557,0.02498,0.89053
CVE-2010-0558,0.00372,0.69913
CVE-2010-0559,0.00372,0.69913
CVE-2010-0560,0.00087,0.36038
CVE-2010-0561,0.00042,0.05722
CVE-2010-0562,0.11557,0.94775
CVE-2010-0563,0.00446,0.72386
CVE-2010-0564,0.00989,0.81941
CVE-2010-0565,0.01572,0.85944
CVE-2010-0566,0.02090,0.87991
CVE-2010-0567,0.02420,0.88896
CVE-2010-0568,0.00579,0.75779
CVE-2010-0569,0.02420,0.88896
CVE-2010-0570,0.05770,0.92645
CVE-2010-0571,0.00840,0.80309
CVE-2010-0572,0.00451,0.72540
CVE-2010-0573,0.00787,0.79608
CVE-2010-0574,0.00181,0.55455
CVE-2010-0575,0.00260,0.63843
CVE-2010-0576,0.01978,0.87593
CVE-2010-0577,0.01978,0.87593
CVE-2010-0578,0.00839,0.80298
CVE-2010-0579,0.00676,0.77814
CVE-2010-0580,0.02284,0.88579
CVE-2010-0581,0.02284,0.88579
CVE-2010-0582,0.00676,0.77814
CVE-2010-0583,0.01978,0.87593
CVE-2010-0584,0.01282,0.84358
CVE-2010-0585,0.00563,0.75411
CVE-2010-0586,0.01355,0.84825
CVE-2010-0587,0.00563,0.75411
CVE-2010-0588,0.00563,0.75411
CVE-2010-0589,0.12720,0.94986
CVE-2010-0590,0.00563,0.75411
CVE-2010-0591,0.00563,0.75411
CVE-2010-0592,0.00563,0.75411
CVE-2010-0593,0.00317,0.67446
CVE-2010-0594,0.00132,0.48166
CVE-2010-0595,0.01825,0.86964
CVE-2010-0596,0.00474,0.73154
CVE-2010-0597,0.00758,0.79189
CVE-2010-0598,0.01147,0.83315
CVE-2010-0599,0.01147,0.83315
CVE-2010-0600,0.01264,0.84233
CVE-2010-0601,0.00563,0.75411
CVE-2010-0602,0.00563,0.75411
CVE-2010-0603,0.00259,0.63779
CVE-2010-0604,0.00563,0.75411
CVE-2010-0605,0.00087,0.36669
CVE-2010-0606,0.00101,0.41060
CVE-2010-0607,0.00186,0.55980
CVE-2010-0608,0.00087,0.36669
CVE-2010-0609,0.00125,0.47070
CVE-2010-0610,0.00064,0.26120
CVE-2010-0611,0.00064,0.26120
CVE-2010-0612,0.00269,0.64448
CVE-2010-0613,0.00382,0.70287
CVE-2010-0614,0.00143,0.50172
CVE-2010-0615,0.00617,0.76609
CVE-2010-0616,0.00310,0.67015
CVE-2010-0617,0.00192,0.57132
CVE-2010-0618,0.01282,0.84358
CVE-2010-0619,0.12023,0.94874
CVE-2010-0620,0.15891,0.95474
CVE-2010-0622,0.00044,0.08000
CVE-2010-0623,0.00042,0.05722
CVE-2010-0624,0.01795,0.86841
CVE-2010-0625,0.30934,0.96577
CVE-2010-0628,0.14967,0.95331
CVE-2010-0629,0.00621,0.76668
CVE-2010-0630,0.00087,0.36669
CVE-2010-0631,0.00068,0.28434
CVE-2010-0632,0.00064,0.26120
CVE-2010-0633,0.00042,0.05722
CVE-2010-0634,0.00244,0.62423
CVE-2010-0635,0.00129,0.47721
CVE-2010-0636,0.00220,0.60154
CVE-2010-0637,0.00159,0.52409
CVE-2010-0638,0.00136,0.48934
CVE-2010-0639,0.94290,0.99032
CVE-2010-0640,0.00550,0.75143
CVE-2010-0641,0.00202,0.58255
CVE-2010-0642,0.00328,0.67948
CVE-2010-0643,0.00441,0.72249
CVE-2010-0644,0.00141,0.49770
CVE-2010-0645,0.04881,0.92023
CVE-2010-0646,0.23564,0.96165
CVE-2010-0647,0.06103,0.92838
CVE-2010-0648,0.00724,0.78676
CVE-2010-0649,0.00182,0.55598
CVE-2010-0650,0.00205,0.58546
CVE-2010-0651,0.00336,0.68380
CVE-2010-0652,0.00364,0.69578
CVE-2010-0653,0.00314,0.67231
CVE-2010-0654,0.00582,0.75840
CVE-2010-0655,0.07877,0.93648
CVE-2010-0656,0.00482,0.73399
CVE-2010-0657,0.00789,0.79688
CVE-2010-0658,0.03809,0.91024
CVE-2010-0659,0.06837,0.93244
CVE-2010-0660,0.00185,0.55821
CVE-2010-0661,0.00997,0.82028
CVE-2010-0662,0.00305,0.66699
CVE-2010-0663,0.00413,0.71376
CVE-2010-0664,0.01338,0.84694
CVE-2010-0665,0.00563,0.75424
CVE-2010-0666,0.01806,0.86879
CVE-2010-0667,0.00663,0.77560
CVE-2010-0668,0.01194,0.83705
CVE-2010-0669,0.01034,0.82341
CVE-2010-0670,0.00187,0.56169
CVE-2010-0671,0.00121,0.46370
CVE-2010-0672,0.00064,0.26120
CVE-2010-0673,0.00087,0.36669
CVE-2010-0674,0.00285,0.65518
CVE-2010-0675,0.00195,0.57440
CVE-2010-0676,0.00287,0.65615
CVE-2010-0677,0.00103,0.41633
CVE-2010-0678,0.00639,0.77035
CVE-2010-0679,0.77494,0.97969
CVE-2010-0680,0.00478,0.73283
CVE-2010-0681,0.00478,0.73298
CVE-2010-0682,0.00598,0.76169
CVE-2010-0683,0.00737,0.78870
CVE-2010-0684,0.00129,0.47730
CVE-2010-0685,0.00654,0.77336
CVE-2010-0686,0.00801,0.79845
CVE-2010-0688,0.94431,0.99057
CVE-2010-0689,0.01508,0.85636
CVE-2010-0690,0.00087,0.36669
CVE-2010-0691,0.00064,0.26120
CVE-2010-0692,0.00135,0.48729
CVE-2010-0693,0.00087,0.36669
CVE-2010-0694,0.00087,0.36669
CVE-2010-0695,0.00192,0.56860
CVE-2010-0696,0.57303,0.97423
CVE-2010-0697,0.00112,0.44297
CVE-2010-0698,0.00073,0.30137
CVE-2010-0699,0.00160,0.52571
CVE-2010-0700,0.00767,0.79328
CVE-2010-0701,0.00134,0.48603
CVE-2010-0702,0.00142,0.49987
CVE-2010-0703,0.08203,0.93774
CVE-2010-0704,0.00122,0.46437
CVE-2010-0705,0.00042,0.05722
CVE-2010-0706,0.00195,0.57440
CVE-2010-0707,0.00526,0.74553
CVE-2010-0708,0.00657,0.77386
CVE-2010-0709,0.01572,0.85941
CVE-2010-0710,0.00171,0.54155
CVE-2010-0711,0.00422,0.71673
CVE-2010-0712,0.00157,0.52149
CVE-2010-0713,0.04737,0.91887
CVE-2010-0714,0.00624,0.76750
CVE-2010-0715,0.00419,0.71560
CVE-2010-0716,0.00183,0.55676
CVE-2010-0717,0.00642,0.77088
CVE-2010-0718,0.00374,0.69978
CVE-2010-0719,0.00045,0.11809
CVE-2010-0720,0.00114,0.44859
CVE-2010-0721,0.00064,0.26120
CVE-2010-0722,0.00087,0.36669
CVE-2010-0723,0.00193,0.57229
CVE-2010-0724,0.00135,0.48786
CVE-2010-0725,0.00247,0.62754
CVE-2010-0726,0.00275,0.64854
CVE-2010-0727,0.00042,0.05722
CVE-2010-0728,0.00375,0.70002
CVE-2010-0729,0.00042,0.05722
CVE-2010-0730,0.01236,0.84027
CVE-2010-0731,0.03944,0.91160
CVE-2010-0732,0.00064,0.26441
CVE-2010-0733,0.04568,0.91724
CVE-2010-0734,0.04432,0.91610
CVE-2010-0736,0.00220,0.60154
CVE-2010-0737,0.00044,0.10161
CVE-2010-0738,0.97414,0.99925
CVE-2010-0739,0.14468,0.95262
CVE-2010-0740,0.95989,0.99360
CVE-2010-0741,0.22220,0.96075
CVE-2010-0742,0.25103,0.96259
CVE-2010-0743,0.65754,0.97634
CVE-2010-0744,0.00332,0.68204
CVE-2010-0745,0.06084,0.92814
CVE-2010-0746,0.00042,0.05722
CVE-2010-0747,0.00042,0.05722
CVE-2010-0748,0.00611,0.76436
CVE-2010-0749,0.00410,0.71288
CVE-2010-0750,0.00043,0.07658
CVE-2010-0751,0.02461,0.88989
CVE-2010-0752,0.00549,0.75130
CVE-2010-0753,0.00143,0.50172
CVE-2010-0754,0.00682,0.77960
CVE-2010-0755,0.01445,0.85310
CVE-2010-0756,0.00346,0.68788
CVE-2010-0757,0.01388,0.85011
CVE-2010-0758,0.00064,0.26120
CVE-2010-0759,0.01326,0.84624
CVE-2010-0760,0.00682,0.77965
CVE-2010-0761,0.00121,0.46370
CVE-2010-0762,0.00121,0.46370
CVE-2010-0763,0.00064,0.26120
CVE-2010-0764,0.00087,0.36669
CVE-2010-0765,0.00539,0.74874
CVE-2010-0766,0.39130,0.96911
CVE-2010-0768,0.00191,0.56743
CVE-2010-0769,0.00042,0.05722
CVE-2010-0770,0.00340,0.68514
CVE-2010-0772,0.00284,0.65482
CVE-2010-0774,0.00186,0.55934
CVE-2010-0775,0.00210,0.58951
CVE-2010-0776,0.00386,0.70451
CVE-2010-0777,0.00429,0.71873
CVE-2010-0778,0.00122,0.46437
CVE-2010-0779,0.00122,0.46437
CVE-2010-0780,0.00814,0.79986
CVE-2010-0781,0.00284,0.65482
CVE-2010-0782,0.00348,0.68916
CVE-2010-0783,0.00277,0.64953
CVE-2010-0784,0.00287,0.65665
CVE-2010-0785,0.00191,0.56786
CVE-2010-0786,0.01415,0.85137
CVE-2010-0787,0.00063,0.25058
CVE-2010-0788,0.00043,0.07520
CVE-2010-0789,0.00044,0.08000
CVE-2010-0790,0.00042,0.05722
CVE-2010-0791,0.00042,0.05722
CVE-2010-0792,0.00042,0.05722
CVE-2010-0793,0.04876,0.92018
CVE-2010-0795,0.00087,0.36669
CVE-2010-0796,0.00134,0.48603
CVE-2010-0797,0.00220,0.60154
CVE-2010-0798,0.00135,0.48729
CVE-2010-0799,0.00385,0.70439
CVE-2010-0800,0.00123,0.46645
CVE-2010-0801,0.00391,0.70665
CVE-2010-0802,0.00064,0.26120
CVE-2010-0803,0.00114,0.44859
CVE-2010-0804,0.00199,0.57863
CVE-2010-0805,0.97187,0.99782
CVE-2010-0806,0.97308,0.99855
CVE-2010-0807,0.95978,0.99356
CVE-2010-0808,0.02280,0.88572
CVE-2010-0810,0.00043,0.07330
CVE-2010-0811,0.93600,0.98937
CVE-2010-0812,0.15934,0.95477
CVE-2010-0814,0.94233,0.99022
CVE-2010-0815,0.94730,0.99106
CVE-2010-0816,0.96126,0.99391
CVE-2010-0817,0.87646,0.98419
CVE-2010-0818,0.37697,0.96848
CVE-2010-0819,0.00067,0.27820
CVE-2010-0820,0.29819,0.96518
CVE-2010-0821,0.95955,0.99351
CVE-2010-0822,0.97008,0.99694
CVE-2010-0823,0.95786,0.99316
CVE-2010-0824,0.95355,0.99221
CVE-2010-0825,0.00042,0.05722
CVE-2010-0826,0.00042,0.05722
CVE-2010-0827,0.04766,0.91926
CVE-2010-0828,0.00181,0.55358
CVE-2010-0829,0.03573,0.90737
CVE-2010-0830,0.09375,0.94178
CVE-2010-0831,0.00882,0.80773
CVE-2010-0832,0.00049,0.14991
CVE-2010-0833,0.01225,0.83942
CVE-2010-0834,0.00278,0.65065
CVE-2010-0835,0.00157,0.52135
CVE-2010-0836,0.00157,0.52135
CVE-2010-0837,0.03771,0.90988
CVE-2010-0838,0.58672,0.97456
CVE-2010-0839,0.04658,0.91813
CVE-2010-0840,0.94408,0.99053
CVE-2010-0841,0.19520,0.95880
CVE-2010-0842,0.96905,0.99657
CVE-2010-0843,0.19520,0.95880
CVE-2010-0844,0.05704,0.92618
CVE-2010-0845,0.02385,0.88813
CVE-2010-0846,0.14039,0.95200
CVE-2010-0847,0.21535,0.96031
CVE-2010-0848,0.03834,0.91052
CVE-2010-0849,0.12055,0.94881
CVE-2010-0850,0.01888,0.87257
CVE-2010-0851,0.00177,0.54922
CVE-2010-0852,0.00177,0.54922
CVE-2010-0853,0.02586,0.89227
CVE-2010-0854,0.00177,0.54922
CVE-2010-0855,0.00392,0.70706
CVE-2010-0856,0.01304,0.84502
CVE-2010-0857,0.00337,0.68429
CVE-2010-0858,0.00337,0.68429
CVE-2010-0859,0.00437,0.72147
CVE-2010-0860,0.00223,0.60686
CVE-2010-0861,0.00437,0.72147
CVE-2010-0862,0.00701,0.78255
CVE-2010-0863,0.00392,0.70706
CVE-2010-0864,0.00392,0.70706
CVE-2010-0865,0.00437,0.72147
CVE-2010-0866,0.06262,0.92931
CVE-2010-0867,0.00112,0.44493
CVE-2010-0868,0.00373,0.69951
CVE-2010-0869,0.00437,0.72147
CVE-2010-0870,0.45119,0.97088
CVE-2010-0871,0.00392,0.70706
CVE-2010-0872,0.01613,0.86148
CVE-2010-0873,0.00394,0.70781
CVE-2010-0874,0.00270,0.64557
CVE-2010-0875,0.00220,0.60012
CVE-2010-0876,0.00270,0.64557
CVE-2010-0877,0.00289,0.65810
CVE-2010-0878,0.00177,0.54922
CVE-2010-0879,0.00177,0.54922
CVE-2010-0880,0.00177,0.54922
CVE-2010-0881,0.00701,0.78255
CVE-2010-0882,0.00061,0.23768
CVE-2010-0883,0.00043,0.05916
CVE-2010-0884,0.00043,0.05916
CVE-2010-0885,0.00112,0.44338
CVE-2010-0886,0.81113,0.98083
CVE-2010-0887,0.01784,0.86788
CVE-2010-0888,0.01079,0.82769
CVE-2010-0889,0.00043,0.05916
CVE-2010-0890,0.00187,0.56284
CVE-2010-0891,0.00845,0.80375
CVE-2010-0892,0.00157,0.52135
CVE-2010-0893,0.00819,0.80046
CVE-2010-0894,0.00872,0.80658
CVE-2010-0895,0.00086,0.35751
CVE-2010-0896,0.00286,0.65603
CVE-2010-0897,0.04563,0.91717
CVE-2010-0898,0.00394,0.70781
CVE-2010-0899,0.97214,0.99800
CVE-2010-0900,0.00184,0.55790
CVE-2010-0901,0.00099,0.40769
CVE-2010-0902,0.00530,0.74657
CVE-2010-0903,0.00262,0.63969
CVE-2010-0904,0.07865,0.93641
CVE-2010-0905,0.00157,0.52135
CVE-2010-0906,0.97214,0.99800
CVE-2010-0907,0.96836,0.99631
CVE-2010-0908,0.00394,0.70781
CVE-2010-0909,0.00153,0.51544
CVE-2010-0910,0.00262,0.63969
CVE-2010-0911,0.00262,0.63969
CVE-2010-0912,0.00157,0.52135
CVE-2010-0913,0.00157,0.52135
CVE-2010-0914,0.00172,0.54448
CVE-2010-0915,0.00099,0.40769
CVE-2010-0916,0.00042,0.00438
CVE-2010-0917,0.29351,0.96496
CVE-2010-0918,0.00259,0.63747
CVE-2010-0919,0.05351,0.92382
CVE-2010-0920,0.00177,0.54960
CVE-2010-0921,0.00113,0.44663
CVE-2010-0922,0.00192,0.57002
CVE-2010-0923,0.00064,0.26441
CVE-2010-0924,0.00244,0.62425
CVE-2010-0925,0.00236,0.61775
CVE-2010-0926,0.02264,0.88526
CVE-2010-0927,0.00106,0.42879
CVE-2010-0928,0.00066,0.27256
CVE-2010-0929,0.00341,0.68587
CVE-2010-0930,0.00278,0.65050
CVE-2010-0931,0.00341,0.68587
CVE-2010-0932,0.00281,0.65216
CVE-2010-0933,0.00115,0.45167
CVE-2010-0934,0.00815,0.79996
CVE-2010-0935,0.00366,0.69656
CVE-2010-0936,0.00592,0.76062
CVE-2010-0937,0.00332,0.68227
CVE-2010-0938,0.00220,0.60207
CVE-2010-0939,0.00539,0.74874
CVE-2010-0940,0.00415,0.71458
CVE-2010-0941,0.00617,0.76609
CVE-2010-0942,0.00477,0.73238
CVE-2010-0943,0.01155,0.83380
CVE-2010-0944,0.00477,0.73238
CVE-2010-0945,0.00133,0.48324
CVE-2010-0946,0.00064,0.26120
CVE-2010-0947,0.00183,0.55698
CVE-2010-0948,0.00114,0.44859
CVE-2010-0949,0.00220,0.60169
CVE-2010-0950,0.00103,0.41633
CVE-2010-0951,0.00064,0.26120
CVE-2010-0952,0.00087,0.36669
CVE-2010-0953,0.00669,0.77686
CVE-2010-0954,0.00229,0.61151
CVE-2010-0955,0.00121,0.46370
CVE-2010-0956,0.00108,0.43482
CVE-2010-0957,0.00445,0.72370
CVE-2010-0958,0.00669,0.77686
CVE-2010-0959,0.00307,0.66852
CVE-2010-0960,0.00042,0.05722
CVE-2010-0961,0.00042,0.05722
CVE-2010-0962,0.01048,0.82469
CVE-2010-0963,0.00254,0.63423
CVE-2010-0964,0.00119,0.45935
CVE-2010-0965,0.00313,0.67129
CVE-2010-0966,0.00954,0.81592
CVE-2010-0967,0.02501,0.89060
CVE-2010-0968,0.00141,0.49847
CVE-2010-0969,0.03257,0.90336
CVE-2010-0970,0.00077,0.31810
CVE-2010-0971,0.00524,0.74517
CVE-2010-0972,0.00813,0.79972
CVE-2010-0973,0.00133,0.48324
CVE-2010-0974,0.00103,0.41633
CVE-2010-0975,0.00568,0.75519
CVE-2010-0976,0.00506,0.74062
CVE-2010-0977,0.00286,0.65607
CVE-2010-0978,0.01671,0.86371
CVE-2010-0979,0.00223,0.60624
CVE-2010-0980,0.00114,0.44859
CVE-2010-0981,0.00268,0.64389
CVE-2010-0982,0.00870,0.80640
CVE-2010-0983,0.07744,0.93577
CVE-2010-0984,0.00498,0.73838
CVE-2010-0985,0.01222,0.83923
CVE-2010-0986,0.04363,0.91550
CVE-2010-0987,0.09936,0.94351
CVE-2010-0988,0.00561,0.75353
CVE-2010-0989,0.00247,0.62721
CVE-2010-0990,0.04676,0.91837
CVE-2010-0991,0.00325,0.67822
CVE-2010-0992,0.00160,0.52542
CVE-2010-0993,0.00585,0.75891
CVE-2010-0994,0.04020,0.91226
CVE-2010-0995,0.07684,0.93554
CVE-2010-0996,0.02251,0.88483
CVE-2010-0997,0.00119,0.45850
CVE-2010-0998,0.25625,0.96288
CVE-2010-0999,0.00816,0.80008
CVE-2010-1000,0.00620,0.76660
CVE-2010-10001,0.00062,0.24614
CVE-2010-10002,0.00080,0.33283
CVE-2010-10003,0.00132,0.48219
CVE-2010-10004,0.00074,0.30651
CVE-2010-10006,0.00539,0.74885
CVE-2010-10007,0.00132,0.48219
CVE-2010-10008,0.00150,0.51160
CVE-2010-10009,0.00132,0.48219
CVE-2010-10010,0.00052,0.17638
CVE-2010-10011,0.00251,0.63104
CVE-2010-1003,0.03791,0.91008
CVE-2010-1004,0.00129,0.47721
CVE-2010-1005,0.00192,0.57132
CVE-2010-1006,0.00125,0.47070
CVE-2010-1007,0.00287,0.65653
CVE-2010-1008,0.00192,0.57132
CVE-2010-1009,0.00125,0.47070
CVE-2010-1010,0.00125,0.47070
CVE-2010-1011,0.00132,0.48166
CVE-2010-1012,0.00125,0.47070
CVE-2010-1013,0.00230,0.61251
CVE-2010-1014,0.00132,0.48166
CVE-2010-1015,0.00230,0.61251
CVE-2010-1016,0.00129,0.47721
CVE-2010-1017,0.00230,0.61251
CVE-2010-1018,0.00125,0.47070
CVE-2010-1019,0.00125,0.47070
CVE-2010-1020,0.00132,0.48166
CVE-2010-1021,0.00254,0.63423
CVE-2010-1022,0.00749,0.79039
CVE-2010-1023,0.00200,0.57940
CVE-2010-1024,0.00135,0.48729
CVE-2010-1025,0.00220,0.60154
CVE-2010-1026,0.00129,0.47721
CVE-2010-1027,0.00129,0.47721
CVE-2010-1028,0.83869,0.98222
CVE-2010-1029,0.90288,0.98592
CVE-2010-1030,0.00042,0.05722
CVE-2010-1031,0.00042,0.05722
CVE-2010-1032,0.00042,0.05722
CVE-2010-1033,0.32936,0.96648
CVE-2010-1034,0.00289,0.65743
CVE-2010-1035,0.00646,0.77157
CVE-2010-1036,0.01317,0.84577
CVE-2010-1037,0.00188,0.56327
CVE-2010-1038,0.00430,0.71891
CVE-2010-1039,0.22686,0.96106
CVE-2010-1040,0.00392,0.70713
CVE-2010-1041,0.00537,0.74851
CVE-2010-1042,0.96898,0.99653
CVE-2010-1043,0.00658,0.77403
CVE-2010-1044,0.00064,0.26120
CVE-2010-1045,0.00077,0.31810
CVE-2010-1046,0.00077,0.31810
CVE-2010-1047,0.00087,0.36669
CVE-2010-1048,0.00223,0.60696
CVE-2010-1049,0.00129,0.47721
CVE-2010-1050,0.00102,0.41519
CVE-2010-1051,0.00111,0.44281
CVE-2010-1052,0.00122,0.46493
CVE-2010-1053,0.00064,0.26120
CVE-2010-1054,0.00082,0.34033
CVE-2010-1055,0.06285,0.92942
CVE-2010-1056,0.06484,0.93060
CVE-2010-1057,0.05148,0.92229
CVE-2010-1058,0.01671,0.86368
CVE-2010-1059,0.00448,0.72465
CVE-2010-1060,0.00669,0.77686
CVE-2010-1061,0.00626,0.76781
CVE-2010-1062,0.00669,0.77686
CVE-2010-1063,0.00626,0.76781
CVE-2010-1064,0.00539,0.74874
CVE-2010-1065,0.00505,0.74034
CVE-2010-1066,0.00539,0.74874
CVE-2010-1067,0.00505,0.74034
CVE-2010-1068,0.00220,0.60169
CVE-2010-1069,0.00064,0.26120
CVE-2010-1070,0.00232,0.61372
CVE-2010-1071,0.00087,0.36669
CVE-2010-1072,0.00986,0.81906
CVE-2010-1073,0.00133,0.48324
CVE-2010-1074,0.00274,0.64799
CVE-2010-1075,0.00102,0.41272
CVE-2010-1076,0.00122,0.46493
CVE-2010-1077,0.01399,0.85063
CVE-2010-1078,0.00093,0.39153
CVE-2010-1079,0.00192,0.57132
CVE-2010-1080,0.00367,0.69722
CVE-2010-1081,0.01680,0.86401
CVE-2010-1082,0.00352,0.69049
CVE-2010-1083,0.00062,0.24388
CVE-2010-1084,0.04757,0.91917
CVE-2010-1085,0.00276,0.64897
CVE-2010-1086,0.00428,0.71841
CVE-2010-1087,0.00566,0.75473
CVE-2010-1088,0.00258,0.63623
CVE-2010-1089,0.00068,0.28434
CVE-2010-1090,0.00135,0.48786
CVE-2010-1091,0.00247,0.62754
CVE-2010-1092,0.00164,0.53057
CVE-2010-1093,0.00093,0.39001
CVE-2010-1094,0.00087,0.36669
CVE-2010-1095,0.00128,0.47454
CVE-2010-1096,0.00129,0.47721
CVE-2010-1097,0.00732,0.78809
CVE-2010-1098,0.01903,0.87324
CVE-2010-1099,0.00201,0.58098
CVE-2010-1100,0.00220,0.60001
CVE-2010-1101,0.00220,0.60001
CVE-2010-1102,0.00220,0.60001
CVE-2010-1103,0.00220,0.60001
CVE-2010-1104,0.00259,0.63693
CVE-2010-1105,0.00367,0.69722
CVE-2010-1106,0.00598,0.76165
CVE-2010-1107,0.00110,0.44097
CVE-2010-1108,0.00108,0.43456
CVE-2010-1109,0.00087,0.36669
CVE-2010-1110,0.00305,0.66696
CVE-2010-1111,0.00195,0.57440
CVE-2010-1112,0.00187,0.56309
CVE-2010-1113,0.00199,0.57826
CVE-2010-1114,0.00602,0.76244
CVE-2010-1115,0.00287,0.65615
CVE-2010-1116,0.00313,0.67129
CVE-2010-1117,0.01282,0.84360
CVE-2010-1118,0.17473,0.95666
CVE-2010-1119,0.94140,0.99009
CVE-2010-1120,0.09229,0.94128
CVE-2010-1121,0.27397,0.96386
CVE-2010-1122,0.00988,0.81938
CVE-2010-1123,0.00042,0.05722
CVE-2010-1124,0.00139,0.49433
CVE-2010-1125,0.00617,0.76591
CVE-2010-1126,0.00412,0.71350
CVE-2010-1127,0.03566,0.90726
CVE-2010-1128,0.01068,0.82673
CVE-2010-1129,0.01663,0.86342
CVE-2010-1130,0.02365,0.88767
CVE-2010-1131,0.00632,0.76896
CVE-2010-1132,0.20258,0.95940
CVE-2010-1133,0.00434,0.72019
CVE-2010-1134,0.00321,0.67613
CVE-2010-1135,0.01346,0.84736
CVE-2010-1136,0.01342,0.84718
CVE-2010-1137,0.00259,0.63693
CVE-2010-1138,0.00701,0.78259
CVE-2010-1139,0.00047,0.14044
CVE-2010-1140,0.00062,0.24773
CVE-2010-1141,0.03198,0.90238
CVE-2010-1142,0.00344,0.68720
CVE-2010-1143,0.00603,0.76293
CVE-2010-1146,0.00042,0.00438
CVE-2010-1147,0.48713,0.97211
CVE-2010-1148,0.00042,0.05722
CVE-2010-1149,0.00042,0.05722
CVE-2010-1150,0.00413,0.71387
CVE-2010-1151,0.00371,0.69883
CVE-2010-1152,0.12149,0.94901
CVE-2010-1153,0.00718,0.78584
CVE-2010-1155,0.00481,0.73391
CVE-2010-1156,0.25364,0.96275
CVE-2010-1157,0.15968,0.95479
CVE-2010-1158,0.00687,0.78037
CVE-2010-1159,0.42553,0.97004
CVE-2010-1160,0.00042,0.05722
CVE-2010-1161,0.00042,0.05722
CVE-2010-1162,0.00064,0.26441
CVE-2010-1163,0.00044,0.08000
CVE-2010-1164,0.00321,0.67620
CVE-2010-1165,0.02765,0.89585
CVE-2010-1166,0.01045,0.82447
CVE-2010-1167,0.01198,0.83736
CVE-2010-1168,0.01943,0.87470
CVE-2010-1169,0.00669,0.77688
CVE-2010-1170,0.00397,0.70896
CVE-2010-1171,0.00659,0.77419
CVE-2010-1172,0.00044,0.08000
CVE-2010-1173,0.70614,0.97765
CVE-2010-1174,0.00613,0.76505
CVE-2010-1175,0.00588,0.75988
CVE-2010-1176,0.01772,0.86735
CVE-2010-1177,0.04118,0.91335
CVE-2010-1178,0.00200,0.57933
CVE-2010-1179,0.01505,0.85619
CVE-2010-1180,0.01825,0.86963
CVE-2010-1181,0.00175,0.54689
CVE-2010-1182,0.00226,0.60908
CVE-2010-1183,0.00042,0.00438
CVE-2010-1184,0.00267,0.64370
CVE-2010-1185,0.46450,0.97136
CVE-2010-1186,0.01770,0.86729
CVE-2010-1187,0.00042,0.05722
CVE-2010-1188,0.04848,0.92000
CVE-2010-1189,0.00397,0.70887
CVE-2010-1190,0.00579,0.75779
CVE-2010-1191,0.00833,0.80230
CVE-2010-1192,0.00057,0.21338
CVE-2010-1193,0.00199,0.57809
CVE-2010-1194,0.00446,0.72396
CVE-2010-1195,0.00253,0.63275
CVE-2010-1196,0.12672,0.94982
CVE-2010-1197,0.00392,0.70710
CVE-2010-1198,0.18178,0.95733
CVE-2010-1199,0.71173,0.97794
CVE-2010-1200,0.06313,0.92953
CVE-2010-1201,0.07733,0.93573
CVE-2010-1202,0.55099,0.97379
CVE-2010-1203,0.11019,0.94641
CVE-2010-1204,0.00581,0.75801
CVE-2010-1205,0.68035,0.97688
CVE-2010-1206,0.20179,0.95932
CVE-2010-1207,0.00257,0.63593
CVE-2010-1208,0.13329,0.95091
CVE-2010-1209,0.08337,0.93808
CVE-2010-1210,0.00184,0.55733
CVE-2010-1211,0.06651,0.93155
CVE-2010-1212,0.03300,0.90398
CVE-2010-1213,0.00205,0.58544
CVE-2010-1214,0.76488,0.97940
CVE-2010-1215,0.00718,0.78584
CVE-2010-1216,0.01192,0.83690
CVE-2010-1217,0.01155,0.83380
CVE-2010-1218,0.00220,0.60154
CVE-2010-1219,0.00813,0.79972
CVE-2010-1221,0.00357,0.69297
CVE-2010-1222,0.00357,0.69297
CVE-2010-1223,0.91954,0.98748
CVE-2010-1224,0.01194,0.83699
CVE-2010-1225,0.11374,0.94732
CVE-2010-1226,0.63580,0.97585
CVE-2010-1227,0.00216,0.59651
CVE-2010-1228,0.00180,0.55351
CVE-2010-1229,0.00180,0.55351
CVE-2010-1230,0.00220,0.59972
CVE-2010-1231,0.00330,0.68141
CVE-2010-1232,0.00364,0.69594
CVE-2010-1233,0.01249,0.84112
CVE-2010-1234,0.00397,0.70894
CVE-2010-1235,0.00283,0.65384
CVE-2010-1236,0.00491,0.73648
CVE-2010-1237,0.00330,0.68141
CVE-2010-1238,0.00352,0.69075
CVE-2010-1239,0.02800,0.89638
CVE-2010-1240,0.25990,0.96308
CVE-2010-1241,0.05046,0.92155
CVE-2010-1242,0.00250,0.63004
CVE-2010-1243,0.00300,0.66421
CVE-2010-1244,0.00118,0.45673
CVE-2010-1245,0.94807,0.99117
CVE-2010-1246,0.94354,0.99046
CVE-2010-1247,0.95355,0.99221
CVE-2010-1248,0.92732,0.98843
CVE-2010-1249,0.95734,0.99305
CVE-2010-1250,0.95610,0.99278
CVE-2010-1251,0.54534,0.97360
CVE-2010-1252,0.93581,0.98936
CVE-2010-1253,0.93574,0.98933
CVE-2010-1254,0.00080,0.33439
CVE-2010-1255,0.00148,0.50790
CVE-2010-1256,0.08875,0.94009
CVE-2010-1257,0.88790,0.98487
CVE-2010-1258,0.34965,0.96741
CVE-2010-1259,0.95331,0.99218
CVE-2010-1260,0.95355,0.99221
CVE-2010-1261,0.95331,0.99218
CVE-2010-1262,0.95692,0.99296
CVE-2010-1263,0.91015,0.98650
CVE-2010-1264,0.96854,0.99640
CVE-2010-1265,0.00064,0.26120
CVE-2010-1266,0.03344,0.90454
CVE-2010-1267,0.00587,0.75960
CVE-2010-1268,0.01671,0.86368
CVE-2010-1269,0.00204,0.58426
CVE-2010-1270,0.00393,0.70732
CVE-2010-1271,0.00114,0.44859
CVE-2010-1272,0.00807,0.79921
CVE-2010-1273,0.00343,0.68660
CVE-2010-1274,0.00254,0.63423
CVE-2010-1275,0.00184,0.55716
CVE-2010-1276,0.00233,0.61445
CVE-2010-1277,0.00592,0.76064
CVE-2010-1278,0.62986,0.97571
CVE-2010-1279,0.01798,0.86847
CVE-2010-1280,0.07316,0.93441
CVE-2010-1281,0.42844,0.97014
CVE-2010-1282,0.03192,0.90228
CVE-2010-1283,0.15174,0.95360
CVE-2010-1284,0.01860,0.87125
CVE-2010-1285,0.04407,0.91592
CVE-2010-1286,0.01860,0.87124
CVE-2010-1287,0.01860,0.87124
CVE-2010-1288,0.01340,0.84702
CVE-2010-1289,0.01860,0.87125
CVE-2010-1290,0.01860,0.87124
CVE-2010-1291,0.01860,0.87124
CVE-2010-1292,0.16249,0.95514
CVE-2010-1293,0.10688,0.94565
CVE-2010-1294,0.00044,0.08124
CVE-2010-1295,0.23706,0.96180
CVE-2010-1296,0.17392,0.95655
CVE-2010-1297,0.35536,0.96757
CVE-2010-1298,0.00160,0.52665
CVE-2010-1299,0.05164,0.92243
CVE-2010-1300,0.00189,0.56468
CVE-2010-1301,0.00114,0.44859
CVE-2010-1302,0.01204,0.83781
CVE-2010-1303,0.00108,0.43456
CVE-2010-1304,0.00450,0.72515
CVE-2010-1305,0.03203,0.90251
CVE-2010-1306,0.01242,0.84073
CVE-2010-1307,0.01751,0.86674
CVE-2010-1308,0.01334,0.84667
CVE-2010-1309,0.00559,0.75309
CVE-2010-1310,0.00313,0.67163
CVE-2010-1311,0.21649,0.96034
CVE-2010-1312,0.01155,0.83380
CVE-2010-1313,0.00450,0.72515
CVE-2010-1314,0.00477,0.73238
CVE-2010-1315,0.00870,0.80640
CVE-2010-1316,0.11281,0.94713
CVE-2010-1317,0.97109,0.99743
CVE-2010-1318,0.94954,0.99142
CVE-2010-1319,0.80536,0.98064
CVE-2010-1320,0.06527,0.93082
CVE-2010-1321,0.00499,0.73842
CVE-2010-1322,0.88700,0.98480
CVE-2010-1323,0.00869,0.80632
CVE-2010-1324,0.00694,0.78147
CVE-2010-1325,0.00116,0.45269
CVE-2010-1326,0.09964,0.94360
CVE-2010-1327,0.00064,0.26120
CVE-2010-1328,0.00199,0.57826
CVE-2010-1329,0.00303,0.66583
CVE-2010-1330,0.00470,0.73059
CVE-2010-1331,0.00135,0.48729
CVE-2010-1332,0.00192,0.57132
CVE-2010-1333,0.00317,0.67408
CVE-2010-1334,0.00215,0.59585
CVE-2010-1335,0.09535,0.94230
CVE-2010-1336,0.00126,0.47185
CVE-2010-1337,0.00721,0.78638
CVE-2010-1338,0.00160,0.52621
CVE-2010-1339,0.00122,0.46493
CVE-2010-1340,0.01155,0.83380
CVE-2010-1341,0.00064,0.26120
CVE-2010-1342,0.00721,0.78638
CVE-2010-1343,0.00064,0.26120
CVE-2010-1344,0.00197,0.57676
CVE-2010-1345,0.00477,0.73238
CVE-2010-1346,0.00134,0.48603
CVE-2010-1347,0.00042,0.05722
CVE-2010-1348,0.00431,0.71931
CVE-2010-1349,0.92305,0.98787
CVE-2010-1350,0.00121,0.46370
CVE-2010-1351,0.00718,0.78561
CVE-2010-1352,0.00477,0.73238
CVE-2010-1353,0.01751,0.86674
CVE-2010-1354,0.00477,0.73238
CVE-2010-1355,0.00122,0.46493
CVE-2010-1356,0.00879,0.80753
CVE-2010-1357,0.00415,0.71458
CVE-2010-1358,0.00087,0.36036
CVE-2010-1359,0.00125,0.47070
CVE-2010-1360,0.00807,0.79921
CVE-2010-1361,0.00195,0.57440
CVE-2010-1362,0.00099,0.40712
CVE-2010-1363,0.00133,0.48324
CVE-2010-1364,0.00077,0.31810
CVE-2010-1365,0.00133,0.48324
CVE-2010-1366,0.00068,0.28434
CVE-2010-1367,0.00122,0.46493
CVE-2010-1368,0.00064,0.26120
CVE-2010-1369,0.00064,0.26120
CVE-2010-1370,0.00108,0.43336
CVE-2010-1371,0.00204,0.58384
CVE-2010-1372,0.00087,0.36669
CVE-2010-1373,0.00263,0.64062
CVE-2010-1374,0.00676,0.77820
CVE-2010-1375,0.00042,0.05722
CVE-2010-1376,0.02176,0.88276
CVE-2010-1377,0.00147,0.50605
CVE-2010-1378,0.00245,0.62538
CVE-2010-1379,0.03451,0.90598
CVE-2010-1380,0.03670,0.90860
CVE-2010-1381,0.00254,0.63300
CVE-2010-1382,0.00150,0.51217
CVE-2010-1383,0.00418,0.71540
CVE-2010-1384,0.00682,0.77954
CVE-2010-1385,0.01944,0.87475
CVE-2010-1386,0.01023,0.82238
CVE-2010-1387,0.04012,0.91216
CVE-2010-1388,0.00504,0.74020
CVE-2010-1389,0.00335,0.68335
CVE-2010-1390,0.00364,0.69580
CVE-2010-1391,0.00502,0.73953
CVE-2010-1392,0.88736,0.98484
CVE-2010-1393,0.00578,0.75746
CVE-2010-1394,0.00364,0.69580
CVE-2010-1395,0.00364,0.69580
CVE-2010-1396,0.86902,0.98384
CVE-2010-1397,0.08464,0.93855
CVE-2010-1398,0.08125,0.93743
CVE-2010-1399,0.13623,0.95134
CVE-2010-1400,0.13977,0.95190
CVE-2010-1401,0.86902,0.98384
CVE-2010-1402,0.33636,0.96682
CVE-2010-1403,0.08648,0.93928
CVE-2010-1404,0.12144,0.94900
CVE-2010-1405,0.10377,0.94479
CVE-2010-1406,0.00626,0.76787
CVE-2010-1407,0.00531,0.74677
CVE-2010-1408,0.00654,0.77327
CVE-2010-1409,0.00554,0.75237
CVE-2010-1410,0.04584,0.91742
CVE-2010-1411,0.01522,0.85713
CVE-2010-1412,0.18521,0.95770
CVE-2010-1413,0.00350,0.68971
CVE-2010-1414,0.10377,0.94479
CVE-2010-1415,0.06715,0.93184
CVE-2010-1416,0.00578,0.75746
CVE-2010-1417,0.04584,0.91742
CVE-2010-1418,0.00364,0.69580
CVE-2010-1419,0.18521,0.95770
CVE-2010-1420,0.00132,0.48166
CVE-2010-1421,0.01105,0.82983
CVE-2010-1422,0.00712,0.78465
CVE-2010-1423,0.93070,0.98878
CVE-2010-1424,0.06825,0.93241
CVE-2010-1425,0.00710,0.78434
CVE-2010-1426,0.00201,0.58126
CVE-2010-1427,0.00254,0.63423
CVE-2010-1428,0.00881,0.80773
CVE-2010-1429,0.00573,0.75632
CVE-2010-1431,0.00617,0.76595
CVE-2010-1432,0.00211,0.59085
CVE-2010-1433,0.00221,0.60340
CVE-2010-1434,0.00211,0.59085
CVE-2010-1435,0.00157,0.52072
CVE-2010-1436,0.00042,0.05722
CVE-2010-1437,0.00042,0.05765
CVE-2010-1438,0.00042,0.05722
CVE-2010-1439,0.00042,0.05722
CVE-2010-1440,0.04269,0.91471
CVE-2010-1441,0.05437,0.92448
CVE-2010-1442,0.01803,0.86868
CVE-2010-1443,0.00706,0.78363
CVE-2010-1444,0.05645,0.92585
CVE-2010-1445,0.05437,0.92448
CVE-2010-1446,0.00042,0.05722
CVE-2010-1447,0.00599,0.76191
CVE-2010-1448,0.00317,0.67413
CVE-2010-1449,0.03663,0.90851
CVE-2010-1450,0.01635,0.86238
CVE-2010-1451,0.00117,0.45481
CVE-2010-1452,0.22992,0.96129
CVE-2010-1453,0.00502,0.73942
CVE-2010-1454,0.00966,0.81707
CVE-2010-1455,0.00329,0.68037
CVE-2010-1457,0.00048,0.14716
CVE-2010-1458,0.25720,0.96294
CVE-2010-1459,0.00357,0.69283
CVE-2010-1460,0.00538,0.74856
CVE-2010-1461,0.00477,0.73238
CVE-2010-1462,0.00274,0.64784
CVE-2010-1463,0.00144,0.50240
CVE-2010-1464,0.00192,0.56888
CVE-2010-1465,0.51181,0.97273
CVE-2010-1466,0.00445,0.72370
CVE-2010-1467,0.00583,0.75858
CVE-2010-1468,0.00087,0.36669
CVE-2010-1469,0.00813,0.79972
CVE-2010-1470,0.04616,0.91766
CVE-2010-1471,0.05684,0.92607
CVE-2010-1472,0.05684,0.92607
CVE-2010-1473,0.00826,0.80143
CVE-2010-1474,0.01242,0.84073
CVE-2010-1475,0.01242,0.84073
CVE-2010-1476,0.03527,0.90686
CVE-2010-1477,0.00197,0.57676
CVE-2010-1478,0.00826,0.80143
CVE-2010-1479,0.00272,0.64647
CVE-2010-1480,0.00129,0.47721
CVE-2010-1481,0.00114,0.44775
CVE-2010-1482,0.00220,0.60169
CVE-2010-1486,0.00140,0.49544
CVE-2010-1487,0.00042,0.05722
CVE-2010-1488,0.00042,0.05722
CVE-2010-1489,0.01141,0.83267
CVE-2010-1490,0.00318,0.67464
CVE-2010-1491,0.00477,0.73238
CVE-2010-1492,0.00345,0.68772
CVE-2010-1493,0.00980,0.81845
CVE-2010-1494,0.01827,0.86974
CVE-2010-1495,0.04503,0.91678
CVE-2010-1496,0.00121,0.46370
CVE-2010-1497,0.01035,0.82350
CVE-2010-1498,0.00350,0.69000
CVE-2010-1499,0.00114,0.44859
CVE-2010-1500,0.00245,0.62568
CVE-2010-1502,0.00901,0.81014
CVE-2010-1503,0.00265,0.64225
CVE-2010-1504,0.00265,0.64225
CVE-2010-1505,0.00373,0.69952
CVE-2010-1506,0.00431,0.71910
CVE-2010-1507,0.01080,0.82780
CVE-2010-1508,0.07296,0.93433
CVE-2010-1509,0.13066,0.95043
CVE-2010-1510,0.13066,0.95043
CVE-2010-1511,0.00829,0.80181
CVE-2010-1512,0.00675,0.77783
CVE-2010-1513,0.03502,0.90655
CVE-2010-1514,0.00356,0.69248
CVE-2010-1515,0.00220,0.60154
CVE-2010-1516,0.02753,0.89566
CVE-2010-1517,0.00475,0.73200
CVE-2010-1518,0.01803,0.86868
CVE-2010-1519,0.00738,0.78885
CVE-2010-1520,0.00250,0.63055
CVE-2010-1521,0.00321,0.67613
CVE-2010-1522,0.00361,0.69489
CVE-2010-1523,0.06558,0.93091
CVE-2010-1524,0.02773,0.89597
CVE-2010-1525,0.04688,0.91851
CVE-2010-1526,0.00317,0.67394
CVE-2010-1527,0.93749,0.98958
CVE-2010-1528,0.01999,0.87670
CVE-2010-1529,0.00087,0.36669
CVE-2010-1530,0.00108,0.43456
CVE-2010-1531,0.01815,0.86919
CVE-2010-1532,0.00477,0.73238
CVE-2010-1533,0.00706,0.78355
CVE-2010-1534,0.01228,0.83956
CVE-2010-1535,0.00706,0.78355
CVE-2010-1536,0.00108,0.43456
CVE-2010-1537,0.00754,0.79120
CVE-2010-1538,0.00064,0.26120
CVE-2010-1539,0.00110,0.44097
CVE-2010-1540,0.00450,0.72515
CVE-2010-1541,0.00254,0.63423
CVE-2010-1542,0.00134,0.48506
CVE-2010-1543,0.00254,0.63423
CVE-2010-1544,0.01877,0.87200
CVE-2010-1546,0.00521,0.74416
CVE-2010-1547,0.00304,0.66622
CVE-2010-1548,0.00219,0.59903
CVE-2010-1549,0.95070,0.99157
CVE-2010-1550,0.85756,0.98313
CVE-2010-1551,0.89694,0.98557
CVE-2010-1552,0.96734,0.99594
CVE-2010-1553,0.96734,0.99594
CVE-2010-1554,0.96772,0.99612
CVE-2010-1555,0.96734,0.99594
CVE-2010-1556,0.00316,0.67352
CVE-2010-1557,0.00898,0.80976
CVE-2010-1558,0.00042,0.05722
CVE-2010-1559,0.00129,0.47721
CVE-2010-1560,0.04579,0.91735
CVE-2010-1561,0.00563,0.75411
CVE-2010-1562,0.00259,0.63779
CVE-2010-1563,0.00563,0.75411
CVE-2010-1565,0.00563,0.75411
CVE-2010-1567,0.00563,0.75411
CVE-2010-1568,0.00186,0.55901
CVE-2010-1570,0.00676,0.77814
CVE-2010-1571,0.00290,0.65819
CVE-2010-1572,0.00128,0.47549
CVE-2010-1573,0.45697,0.97105
CVE-2010-1574,0.01507,0.85630
CVE-2010-1575,0.01104,0.82967
CVE-2010-1576,0.01249,0.84113
CVE-2010-1577,0.00571,0.75555
CVE-2010-1578,0.00181,0.55455
CVE-2010-1579,0.00181,0.55455
CVE-2010-1580,0.00181,0.55455
CVE-2010-1581,0.00563,0.75411
CVE-2010-1583,0.00087,0.36669
CVE-2010-1584,0.00112,0.44602
CVE-2010-1585,0.02331,0.88679
CVE-2010-1586,0.00917,0.81190
CVE-2010-1587,0.58864,0.97457
CVE-2010-1588,0.00102,0.41432
CVE-2010-1589,0.00348,0.68896
CVE-2010-1590,0.00184,0.55807
CVE-2010-1591,0.00051,0.17151
CVE-2010-1592,0.00042,0.05722
CVE-2010-1593,0.00585,0.75902
CVE-2010-1594,0.00367,0.69722
CVE-2010-1595,0.00203,0.58293
CVE-2010-1596,0.01705,0.86493
CVE-2010-1597,0.57690,0.97436
CVE-2010-1598,0.01142,0.83275
CVE-2010-1599,0.00064,0.26120
CVE-2010-1600,0.00121,0.46370
CVE-2010-1601,0.01299,0.84467
CVE-2010-1602,0.03451,0.90599
CVE-2010-1603,0.03451,0.90599
CVE-2010-1604,0.00103,0.41633
CVE-2010-1605,0.00125,0.47070
CVE-2010-1606,0.00199,0.57826
CVE-2010-1607,0.01726,0.86581
CVE-2010-1608,0.16559,0.95543
CVE-2010-1609,0.00220,0.60154
CVE-2010-1610,0.00214,0.59454
CVE-2010-1611,0.00983,0.81883
CVE-2010-1612,0.02704,0.89469
CVE-2010-1613,0.00756,0.79173
CVE-2010-1614,0.00192,0.57132
CVE-2010-1615,0.00210,0.58962
CVE-2010-1616,0.00163,0.53016
CVE-2010-1617,0.00213,0.59363
CVE-2010-1618,0.00254,0.63423
CVE-2010-1619,0.00192,0.57132
CVE-2010-1620,0.00130,0.47796
CVE-2010-1621,0.00509,0.74137
CVE-2010-1622,0.04262,0.91465
CVE-2010-1623,0.42531,0.97003
CVE-2010-1624,0.09570,0.94241
CVE-2010-1625,0.00250,0.63055
CVE-2010-1626,0.00072,0.29623
CVE-2010-1627,0.00266,0.64282
CVE-2010-1628,0.00560,0.75333
CVE-2010-1629,0.00220,0.60154
CVE-2010-1630,0.00407,0.71206
CVE-2010-1632,0.01719,0.86553
CVE-2010-1633,0.00899,0.80991
CVE-2010-1634,0.00666,0.77606
CVE-2010-1635,0.44445,0.97062
CVE-2010-1636,0.00048,0.14716
CVE-2010-1637,0.00261,0.63883
CVE-2010-1638,0.00224,0.60757
CVE-2010-1639,0.01785,0.86795
CVE-2010-1640,0.02343,0.88704
CVE-2010-1641,0.00044,0.08000
CVE-2010-1642,0.41207,0.96969
CVE-2010-1643,0.00062,0.24773
CVE-2010-1644,0.00316,0.67362
CVE-2010-1645,0.00506,0.74058
CVE-2010-1646,0.00044,0.08000
CVE-2010-1647,0.00220,0.60154
CVE-2010-1648,0.00160,0.52542
CVE-2010-1649,0.00184,0.55811
CVE-2010-1650,0.00055,0.20748
CVE-2010-1651,0.00042,0.05722
CVE-2010-1652,0.01510,0.85649
CVE-2010-1653,0.03527,0.90686
CVE-2010-1654,0.00133,0.48324
CVE-2010-1655,0.00203,0.58339
CVE-2010-1656,0.00133,0.48324
CVE-2010-1657,0.01751,0.86674
CVE-2010-1658,0.01751,0.86674
CVE-2010-1659,0.01806,0.86878
CVE-2010-1660,0.00196,0.57571
CVE-2010-1661,0.00268,0.64434
CVE-2010-1662,0.00398,0.70920
CVE-2010-1663,0.50184,0.97246
CVE-2010-1664,0.02175,0.88275
CVE-2010-1665,0.02038,0.87804
CVE-2010-1666,0.00466,0.72937
CVE-2010-1667,0.00250,0.63055
CVE-2010-1668,0.00304,0.66622
CVE-2010-1669,0.00230,0.61251
CVE-2010-1670,0.01060,0.82603
CVE-2010-1671,0.00042,0.05722
CVE-2010-1673,0.00124,0.46744
CVE-2010-1674,0.16880,0.95587
CVE-2010-1675,0.10434,0.94495
CVE-2010-1676,0.15843,0.95465
CVE-2010-1677,0.20222,0.95935
CVE-2010-1678,0.00340,0.68530
CVE-2010-1679,0.01958,0.87521
CVE-2010-1681,0.74448,0.97883
CVE-2010-1685,0.12967,0.95028
CVE-2010-1686,0.08543,0.93879
CVE-2010-1687,0.30322,0.96543
CVE-2010-1688,0.28786,0.96461
CVE-2010-1689,0.00738,0.78878
CVE-2010-1690,0.62332,0.97560
CVE-2010-1693,0.00042,0.05722
CVE-2010-1701,0.00077,0.31810
CVE-2010-1702,0.00064,0.26120
CVE-2010-1703,0.00379,0.70181
CVE-2010-1704,0.00247,0.62726
CVE-2010-1705,0.00077,0.31810
CVE-2010-1706,0.00380,0.70228
CVE-2010-1707,0.00132,0.48166
CVE-2010-1708,0.00064,0.26120
CVE-2010-1709,0.00220,0.60207
CVE-2010-1710,0.01217,0.83889
CVE-2010-1711,0.00646,0.77160
CVE-2010-1712,0.01394,0.85042
CVE-2010-1713,0.00064,0.26120
CVE-2010-1714,0.01751,0.86674
CVE-2010-1715,0.01242,0.84073
CVE-2010-1716,0.00134,0.48603
CVE-2010-1717,0.01733,0.86603
CVE-2010-1718,0.00826,0.80143
CVE-2010-1719,0.01671,0.86368
CVE-2010-1720,0.00134,0.48603
CVE-2010-1721,0.00187,0.56071
CVE-2010-1722,0.01242,0.84073
CVE-2010-1723,0.01956,0.87515
CVE-2010-1724,0.02593,0.89240
CVE-2010-1725,0.00064,0.26120
CVE-2010-1726,0.00064,0.26120
CVE-2010-1727,0.00073,0.30137
CVE-2010-1728,0.17016,0.95603
CVE-2010-1729,0.00548,0.75099
CVE-2010-1730,0.00323,0.67720
CVE-2010-1731,0.00093,0.39038
CVE-2010-1732,0.00091,0.38503
CVE-2010-1733,0.00135,0.48729
CVE-2010-1734,0.00043,0.07631
CVE-2010-1735,0.00044,0.08021
CVE-2010-1736,0.00313,0.67129
CVE-2010-1737,0.02387,0.88819
CVE-2010-1739,0.00064,0.26120
CVE-2010-1740,0.00064,0.26120
CVE-2010-1741,0.00064,0.26120
CVE-2010-1742,0.00646,0.77160
CVE-2010-1743,0.00316,0.67366
CVE-2010-1744,0.00114,0.44859
CVE-2010-1746,0.00218,0.59858
CVE-2010-1748,0.01485,0.85490
CVE-2010-1749,0.09113,0.94082
CVE-2010-1750,0.02804,0.89650
CVE-2010-1751,0.00245,0.62614
CVE-2010-1752,0.01537,0.85784
CVE-2010-1753,0.00771,0.79388
CVE-2010-1754,0.00059,0.22933
CVE-2010-1755,0.00222,0.60574
CVE-2010-1756,0.00298,0.66329
CVE-2010-1757,0.01237,0.84033
CVE-2010-1758,0.10377,0.94479
CVE-2010-1759,0.13977,0.95190
CVE-2010-1760,0.00977,0.81813
CVE-2010-1761,0.13977,0.95190
CVE-2010-1762,0.00335,0.68335
CVE-2010-1763,0.00962,0.81669
CVE-2010-1764,0.00710,0.78431
CVE-2010-1766,0.01943,0.87471
CVE-2010-1767,0.00379,0.70208
CVE-2010-1768,0.00042,0.05722
CVE-2010-1769,0.06226,0.92914
CVE-2010-1770,0.96474,0.99494
CVE-2010-1771,0.10377,0.94479
CVE-2010-1772,0.02667,0.89388
CVE-2010-1773,0.01802,0.86859
CVE-2010-1774,0.04363,0.91551
CVE-2010-1775,0.00057,0.21553
CVE-2010-1776,0.00156,0.51988
CVE-2010-1777,0.00994,0.82005
CVE-2010-1778,0.00220,0.59971
CVE-2010-1780,0.33502,0.96677
CVE-2010-1781,0.07737,0.93575
CVE-2010-1782,0.07746,0.93578
CVE-2010-1783,0.05622,0.92575
CVE-2010-1784,0.23009,0.96130
CVE-2010-1785,0.10412,0.94487
CVE-2010-1786,0.23713,0.96180
CVE-2010-1787,0.14572,0.95275
CVE-2010-1788,0.07746,0.93578
CVE-2010-1789,0.06807,0.93232
CVE-2010-1790,0.04336,0.91532
CVE-2010-1791,0.04616,0.91765
CVE-2010-1792,0.09513,0.94223
CVE-2010-1793,0.26670,0.96341
CVE-2010-1794,0.00042,0.05722
CVE-2010-1795,0.00450,0.72510
CVE-2010-1796,0.00358,0.69347
CVE-2010-1797,0.46306,0.97126
CVE-2010-1799,0.28221,0.96439
CVE-2010-1800,0.00107,0.43160
CVE-2010-1801,0.00743,0.78961
CVE-2010-1802,0.00092,0.38938
CVE-2010-1803,0.00282,0.65331
CVE-2010-1804,0.00633,0.76905
CVE-2010-1805,0.00042,0.05722
CVE-2010-1806,0.04174,0.91391
CVE-2010-1807,0.92220,0.98777
CVE-2010-1808,0.00994,0.82005
CVE-2010-1809,0.00327,0.67932
CVE-2010-1810,0.00093,0.39237
CVE-2010-1811,0.01373,0.84929
CVE-2010-1812,0.85257,0.98291
CVE-2010-1813,0.79437,0.98029
CVE-2010-1814,0.90590,0.98610
CVE-2010-1815,0.85257,0.98291
CVE-2010-1816,0.01079,0.82774
CVE-2010-1817,0.00686,0.78012
CVE-2010-1818,0.96678,0.99574
CVE-2010-1819,0.00538,0.74854
CVE-2010-1820,0.00651,0.77286
CVE-2010-1821,0.00042,0.05722
CVE-2010-1822,0.01118,0.83077
CVE-2010-1823,0.01337,0.84691
CVE-2010-1824,0.03821,0.91040
CVE-2010-1825,0.02026,0.87764
CVE-2010-1828,0.00758,0.79196
CVE-2010-1829,0.00802,0.79851
CVE-2010-1830,0.00313,0.67163
CVE-2010-1831,0.01402,0.85083
CVE-2010-1832,0.01402,0.85083
CVE-2010-1833,0.01216,0.83864
CVE-2010-1834,0.00192,0.56901
CVE-2010-1836,0.00743,0.78961
CVE-2010-1837,0.00900,0.80999
CVE-2010-1838,0.00533,0.74720
CVE-2010-1840,0.14631,0.95283
CVE-2010-1841,0.00853,0.80470
CVE-2010-1842,0.00900,0.81007
CVE-2010-1843,0.06501,0.93068
CVE-2010-1844,0.00455,0.72676
CVE-2010-1845,0.01194,0.83702
CVE-2010-1846,0.00917,0.81185
CVE-2010-1847,0.00042,0.05722
CVE-2010-1848,0.00439,0.72188
CVE-2010-1849,0.04567,0.91722
CVE-2010-1850,0.95646,0.99288
CVE-2010-1851,0.00089,0.37385
CVE-2010-1852,0.00242,0.62328
CVE-2010-1853,0.05026,0.92141
CVE-2010-1854,0.00122,0.46493
CVE-2010-1855,0.00391,0.70660
CVE-2010-1856,0.00195,0.57440
CVE-2010-1857,0.00152,0.51417
CVE-2010-1858,0.01155,0.83380
CVE-2010-1859,0.00068,0.28434
CVE-2010-1860,0.00259,0.63774
CVE-2010-1861,0.00221,0.60321
CVE-2010-1862,0.00221,0.60224
CVE-2010-1863,0.00118,0.45665
CVE-2010-1864,0.00221,0.60224
CVE-2010-1865,0.00302,0.66513
CVE-2010-1866,0.00768,0.79347
CVE-2010-1867,0.00279,0.65067
CVE-2010-1868,0.00366,0.69670
CVE-2010-1869,0.00513,0.74245
CVE-2010-1870,0.06174,0.92883
CVE-2010-1871,0.96774,0.99613
CVE-2010-1872,0.00343,0.68640
CVE-2010-1873,0.00121,0.46370
CVE-2010-1874,0.00064,0.26120
CVE-2010-1875,0.01222,0.83923
CVE-2010-1876,0.00064,0.26120
CVE-2010-1877,0.00064,0.26120
CVE-2010-1878,0.00826,0.80143
CVE-2010-1879,0.94630,0.99092
CVE-2010-1880,0.92736,0.98844
CVE-2010-1881,0.95175,0.99183
CVE-2010-1882,0.95282,0.99202
CVE-2010-1883,0.94022,0.98995
CVE-2010-1885,0.97433,0.99938
CVE-2010-1886,0.00050,0.16721
CVE-2010-1887,0.00043,0.07615
CVE-2010-1888,0.00042,0.00438
CVE-2010-1889,0.00042,0.00438
CVE-2010-1890,0.00043,0.07615
CVE-2010-1891,0.00043,0.07315
CVE-2010-1892,0.14915,0.95326
CVE-2010-1893,0.00045,0.12118
CVE-2010-1894,0.00043,0.07337
CVE-2010-1895,0.00043,0.07337
CVE-2010-1896,0.00049,0.15121
CVE-2010-1897,0.00042,0.00438
CVE-2010-1898,0.36829,0.96810
CVE-2010-1899,0.96898,0.99654
CVE-2010-1900,0.68481,0.97701
CVE-2010-1901,0.94986,0.99148
CVE-2010-1902,0.88436,0.98464
CVE-2010-1903,0.94307,0.99035
CVE-2010-1904,0.00274,0.64769
CVE-2010-1905,0.01058,0.82563
CVE-2010-1906,0.00639,0.77038
CVE-2010-1907,0.00664,0.77578
CVE-2010-1908,0.00994,0.82002
CVE-2010-1909,0.05121,0.92210
CVE-2010-1910,0.01674,0.86377
CVE-2010-1911,0.00285,0.65531
CVE-2010-1912,0.04491,0.91662
CVE-2010-1913,0.02243,0.88464
CVE-2010-1914,0.00300,0.66405
CVE-2010-1915,0.00223,0.60682
CVE-2010-1916,0.02041,0.87823
CVE-2010-1917,0.01593,0.86049
CVE-2010-1918,0.00196,0.57571
CVE-2010-1919,0.02089,0.87985
CVE-2010-1920,0.01934,0.87441
CVE-2010-1921,0.02714,0.89492
CVE-2010-1922,0.02387,0.88819
CVE-2010-1923,0.00064,0.26120
CVE-2010-1924,0.00091,0.38645
CVE-2010-1925,0.00133,0.48324
CVE-2010-1926,0.01752,0.86675
CVE-2010-1927,0.03364,0.90488
CVE-2010-1928,0.00670,0.77696
CVE-2010-1929,0.49281,0.97228
CVE-2010-1930,0.03046,0.90017
CVE-2010-1931,0.00316,0.67343
CVE-2010-1932,0.18616,0.95780
CVE-2010-1934,0.02041,0.87823
CVE-2010-1935,0.01076,0.82755
CVE-2010-1936,0.01076,0.82755
CVE-2010-1937,0.08869,0.94008
CVE-2010-1938,0.86924,0.98385
CVE-2010-1939,0.95729,0.99304
CVE-2010-1940,0.00187,0.56169
CVE-2010-1941,0.00869,0.80625
CVE-2010-1942,0.00583,0.75856
CVE-2010-1943,0.01807,0.86885
CVE-2010-1944,0.17427,0.95661
CVE-2010-1945,0.02041,0.87823
CVE-2010-1946,0.02261,0.88519
CVE-2010-1947,0.00806,0.79903
CVE-2010-1948,0.00445,0.72370
CVE-2010-1949,0.00108,0.43336
CVE-2010-1950,0.00111,0.44281
CVE-2010-1951,0.00830,0.80193
CVE-2010-1952,0.01242,0.84073
CVE-2010-1953,0.05684,0.92607
CVE-2010-1954,0.05684,0.92607
CVE-2010-1955,0.01671,0.86368
CVE-2010-1956,0.06055,0.92800
CVE-2010-1957,0.01671,0.86368
CVE-2010-1958,0.00106,0.42980
CVE-2010-1959,0.00624,0.76749
CVE-2010-1960,0.83287,0.98200
CVE-2010-1961,0.83287,0.98200
CVE-2010-1962,0.08862,0.94006
CVE-2010-1963,0.00177,0.54865
CVE-2010-1964,0.96075,0.99380
CVE-2010-1965,0.01421,0.85166
CVE-2010-1966,0.00042,0.05722
CVE-2010-1967,0.00042,0.05722
CVE-2010-1968,0.00188,0.56327
CVE-2010-1969,0.01258,0.84172
CVE-2010-1970,0.00042,0.05722
CVE-2010-1971,0.00188,0.56327
CVE-2010-1972,0.01007,0.82099
CVE-2010-1973,0.00042,0.05722
CVE-2010-1975,0.00340,0.68521
CVE-2010-1976,0.00110,0.44097
CVE-2010-1977,0.00826,0.80143
CVE-2010-1978,0.01194,0.83708
CVE-2010-1979,0.00826,0.80143
CVE-2010-1980,0.02401,0.88848
CVE-2010-1981,0.00656,0.77357
CVE-2010-1982,0.00477,0.73238
CVE-2010-1983,0.01815,0.86919
CVE-2010-1984,0.00110,0.44097
CVE-2010-1985,0.00259,0.63800
CVE-2010-1986,0.02317,0.88654
CVE-2010-1987,0.02317,0.88654
CVE-2010-1988,0.14800,0.95309
CVE-2010-1989,0.00676,0.77799
CVE-2010-1990,0.00676,0.77799
CVE-2010-1991,0.00254,0.63306
CVE-2010-1992,0.00415,0.71477
CVE-2010-1993,0.00886,0.80839
CVE-2010-1994,0.00225,0.60888
CVE-2010-1995,0.00126,0.47182
CVE-2010-1996,0.00134,0.48546
CVE-2010-1997,0.00266,0.64267
CVE-2010-1998,0.00112,0.44297
CVE-2010-1999,0.02962,0.89885
CVE-2010-2000,0.00108,0.43456
CVE-2010-2001,0.00220,0.60154
CVE-2010-2002,0.00108,0.43456
CVE-2010-2003,0.07256,0.93420
CVE-2010-2004,0.27172,0.96367
CVE-2010-2005,0.00721,0.78638
CVE-2010-2006,0.02344,0.88710
CVE-2010-2007,0.00545,0.75037
CVE-2010-2008,0.01796,0.86843
CVE-2010-2009,0.03040,0.90009
CVE-2010-2010,0.00220,0.60154
CVE-2010-2011,0.00126,0.47161
CVE-2010-2012,0.00204,0.58426
CVE-2010-2013,0.00199,0.57863
CVE-2010-2014,0.00160,0.52571
CVE-2010-2015,0.00064,0.26120
CVE-2010-2016,0.00232,0.61372
CVE-2010-2017,0.00199,0.57863
CVE-2010-2018,0.01001,0.82052
CVE-2010-2019,0.00111,0.44281
CVE-2010-2020,0.00042,0.00438
CVE-2010-2021,0.00543,0.74978
CVE-2010-2022,0.00042,0.05722
CVE-2010-2023,0.00044,0.08000
CVE-2010-2024,0.00044,0.08000
CVE-2010-2025,0.00241,0.62215
CVE-2010-2026,0.00211,0.59087
CVE-2010-2027,0.00042,0.05722
CVE-2010-2028,0.09263,0.94140
CVE-2010-2029,0.00515,0.74293
CVE-2010-2030,0.00220,0.60154
CVE-2010-2031,0.00042,0.05763
CVE-2010-2032,0.00762,0.79260
CVE-2010-2033,0.00826,0.80143
CVE-2010-2034,0.00718,0.78555
CVE-2010-2035,0.00718,0.78555
CVE-2010-2036,0.00718,0.78555
CVE-2010-2037,0.00718,0.78555
CVE-2010-2038,0.00147,0.50711
CVE-2010-2039,0.01496,0.85553
CVE-2010-2040,0.00481,0.73387
CVE-2010-2041,0.00275,0.64854
CVE-2010-2042,0.00064,0.26120
CVE-2010-2043,0.00250,0.62996
CVE-2010-2044,0.00114,0.44859
CVE-2010-2045,0.01671,0.86368
CVE-2010-2046,0.00986,0.81906
CVE-2010-2047,0.00087,0.36669
CVE-2010-2048,0.00108,0.43456
CVE-2010-2049,0.00192,0.57132
CVE-2010-2050,0.03527,0.90686
CVE-2010-2051,0.00064,0.26120
CVE-2010-2053,0.00042,0.05722
CVE-2010-2054,0.16685,0.95560
CVE-2010-2055,0.00044,0.08000
CVE-2010-2056,0.00042,0.05722
CVE-2010-2057,0.00272,0.64679
CVE-2010-2058,0.00042,0.05722
CVE-2010-2059,0.00044,0.08000
CVE-2010-2060,0.01563,0.85911
CVE-2010-2061,0.00045,0.11966
CVE-2010-2062,0.09499,0.94221
CVE-2010-2063,0.97239,0.99815
CVE-2010-2064,0.00042,0.05722
CVE-2010-2065,0.05059,0.92169
CVE-2010-2066,0.00042,0.05722
CVE-2010-2067,0.02335,0.88687
CVE-2010-2068,0.00582,0.75839
CVE-2010-2070,0.00042,0.05722
CVE-2010-2071,0.00042,0.05722
CVE-2010-2072,0.00042,0.05722
CVE-2010-2073,0.00788,0.79655
CVE-2010-2074,0.00421,0.71663
CVE-2010-2075,0.63151,0.97574
CVE-2010-2076,0.00867,0.80615
CVE-2010-2078,0.00342,0.68623
CVE-2010-2079,0.00284,0.65442
CVE-2010-2080,0.00130,0.47791
CVE-2010-2082,0.00465,0.72893
CVE-2010-2083,0.00195,0.57493
CVE-2010-2084,0.00369,0.69817
CVE-2010-2085,0.00192,0.56853
CVE-2010-2086,0.01852,0.87096
CVE-2010-2087,0.00190,0.56651
CVE-2010-2088,0.00192,0.56853
CVE-2010-2089,0.02332,0.88680
CVE-2010-2090,0.06382,0.92998
CVE-2010-2091,0.01058,0.82568
CVE-2010-2092,0.00216,0.59683
CVE-2010-2093,0.00309,0.66983
CVE-2010-2094,0.01361,0.84860
CVE-2010-2095,0.00118,0.45665
CVE-2010-2096,0.00748,0.79018
CVE-2010-2097,0.00546,0.75070
CVE-2010-2098,0.00165,0.53196
CVE-2010-2099,0.01010,0.82127
CVE-2010-2100,0.00635,0.76954
CVE-2010-2101,0.00712,0.78472
CVE-2010-2102,0.70299,0.97758
CVE-2010-2103,0.00397,0.70887
CVE-2010-2104,0.00530,0.74662
CVE-2010-2105,0.00170,0.53974
CVE-2010-2106,0.00234,0.61509
CVE-2010-2107,0.00170,0.53974
CVE-2010-2108,0.00313,0.67193
CVE-2010-2109,0.00313,0.67193
CVE-2010-2110,0.00170,0.53974
CVE-2010-2111,0.00146,0.50438
CVE-2010-2112,0.00415,0.71478
CVE-2010-2113,0.00145,0.50316
CVE-2010-2114,0.00206,0.58596
CVE-2010-2115,0.41082,0.96965
CVE-2010-2116,0.00250,0.63024
CVE-2010-2117,0.00590,0.76024
CVE-2010-2118,0.00221,0.60341
CVE-2010-2119,0.00221,0.60341
CVE-2010-2120,0.00275,0.64826
CVE-2010-2121,0.00590,0.76024
CVE-2010-2122,0.01806,0.86877
CVE-2010-2123,0.00109,0.43510
CVE-2010-2124,0.00064,0.26120
CVE-2010-2125,0.00099,0.40712
CVE-2010-2126,0.00807,0.79921
CVE-2010-2127,0.00807,0.79921
CVE-2010-2128,0.01242,0.84073
CVE-2010-2129,0.01815,0.86919
CVE-2010-2130,0.00767,0.79328
CVE-2010-2131,0.00230,0.61251
CVE-2010-2132,0.00568,0.75519
CVE-2010-2133,0.00064,0.26120
CVE-2010-2134,0.00068,0.28434
CVE-2010-2135,0.00064,0.26120
CVE-2010-2136,0.00670,0.77696
CVE-2010-2137,0.00568,0.75519
CVE-2010-2138,0.00819,0.80048
CVE-2010-2139,0.00111,0.44281
CVE-2010-2140,0.00111,0.44281
CVE-2010-2141,0.00064,0.26120
CVE-2010-2142,0.00064,0.26120
CVE-2010-2143,0.01765,0.86717
CVE-2010-2144,0.00721,0.78626
CVE-2010-2145,0.00540,0.74912
CVE-2010-2146,0.01192,0.83690
CVE-2010-2147,0.00647,0.77182
CVE-2010-2148,0.00631,0.76883
CVE-2010-2149,0.00412,0.71350
CVE-2010-2150,0.00254,0.63423
CVE-2010-2151,0.00177,0.54950
CVE-2010-2152,0.07540,0.93515
CVE-2010-2153,0.14209,0.95228
CVE-2010-2154,0.00423,0.71702
CVE-2010-2155,0.00282,0.65305
CVE-2010-2156,0.96678,0.99573
CVE-2010-2157,0.00042,0.05722
CVE-2010-2158,0.00067,0.27655
CVE-2010-2159,0.02347,0.88720
CVE-2010-2160,0.01324,0.84614
CVE-2010-2161,0.01372,0.84925
CVE-2010-2162,0.01324,0.84614
CVE-2010-2163,0.01235,0.84021
CVE-2010-2164,0.01237,0.84030
CVE-2010-2165,0.01422,0.85175
CVE-2010-2166,0.01422,0.85175
CVE-2010-2167,0.01334,0.84675
CVE-2010-2168,0.08997,0.94048
CVE-2010-2169,0.01422,0.85175
CVE-2010-2170,0.01468,0.85417
CVE-2010-2171,0.01324,0.84614
CVE-2010-2172,0.00726,0.78711
CVE-2010-2173,0.01372,0.84925
CVE-2010-2174,0.01372,0.84925
CVE-2010-2175,0.01422,0.85175
CVE-2010-2176,0.01422,0.85175
CVE-2010-2177,0.01422,0.85175
CVE-2010-2178,0.01422,0.85175
CVE-2010-2179,0.00303,0.66553
CVE-2010-2180,0.01422,0.85175
CVE-2010-2181,0.01468,0.85417
CVE-2010-2182,0.01422,0.85175
CVE-2010-2183,0.01468,0.85417
CVE-2010-2184,0.01422,0.85175
CVE-2010-2185,0.01334,0.84675
CVE-2010-2186,0.01181,0.83615
CVE-2010-2187,0.01422,0.85175
CVE-2010-2188,0.01324,0.84614
CVE-2010-2189,0.01422,0.85175
CVE-2010-2190,0.00546,0.75052
CVE-2010-2191,0.00563,0.75425
CVE-2010-2192,0.00042,0.05722
CVE-2010-2193,0.15142,0.95354
CVE-2010-2195,0.00374,0.69992
CVE-2010-2197,0.00262,0.64005
CVE-2010-2198,0.00042,0.05722
CVE-2010-2199,0.00042,0.05722
CVE-2010-2201,0.02428,0.88915
CVE-2010-2202,0.16448,0.95533
CVE-2010-2203,0.04319,0.91519
CVE-2010-2204,0.02281,0.88574
CVE-2010-2205,0.01617,0.86165
CVE-2010-2206,0.13467,0.95113
CVE-2010-2207,0.23706,0.96180
CVE-2010-2208,0.01858,0.87118
CVE-2010-2209,0.23706,0.96180
CVE-2010-2210,0.23706,0.96180
CVE-2010-2211,0.23706,0.96180
CVE-2010-2212,0.08329,0.93805
CVE-2010-2213,0.01279,0.84314
CVE-2010-2214,0.01155,0.83378
CVE-2010-2215,0.00386,0.70442
CVE-2010-2216,0.01279,0.84314
CVE-2010-2217,0.01623,0.86196
CVE-2010-2218,0.00240,0.62083
CVE-2010-2219,0.00240,0.62083
CVE-2010-2220,0.00240,0.62083
CVE-2010-2221,0.59300,0.97476
CVE-2010-2222,0.00096,0.39862
CVE-2010-2223,0.00060,0.23636
CVE-2010-2224,0.00051,0.17134
CVE-2010-2225,0.04474,0.91647
CVE-2010-2226,0.00044,0.08000
CVE-2010-2227,0.46291,0.97125
CVE-2010-2228,0.00369,0.69811
CVE-2010-2229,0.00329,0.68032
CVE-2010-2230,0.00122,0.46440
CVE-2010-2231,0.00361,0.69479
CVE-2010-2232,0.00210,0.58950
CVE-2010-2233,0.18648,0.95794
CVE-2010-2234,0.00109,0.43902
CVE-2010-2235,0.00758,0.79190
CVE-2010-2236,0.01604,0.86112
CVE-2010-2237,0.00062,0.24540
CVE-2010-2238,0.00062,0.24540
CVE-2010-2239,0.00062,0.24540
CVE-2010-2240,0.00161,0.52708
CVE-2010-2241,0.00042,0.05722
CVE-2010-2242,0.00062,0.24393
CVE-2010-2243,0.00216,0.59675
CVE-2010-2244,0.03201,0.90245
CVE-2010-2245,0.00090,0.37993
CVE-2010-2246,0.00639,0.77028
CVE-2010-2247,0.00267,0.64370
CVE-2010-2248,0.23210,0.96139
CVE-2010-2249,0.01955,0.87513
CVE-2010-2250,0.00191,0.56787
CVE-2010-2251,0.01627,0.86210
CVE-2010-2252,0.00495,0.73736
CVE-2010-2253,0.00394,0.70783
CVE-2010-2254,0.00077,0.31810
CVE-2010-2255,0.00087,0.36669
CVE-2010-2256,0.00199,0.57826
CVE-2010-2257,0.00108,0.43482
CVE-2010-2258,0.00192,0.57132
CVE-2010-2259,0.01671,0.86368
CVE-2010-2260,0.00220,0.59971
CVE-2010-2261,0.00564,0.75447
CVE-2010-2262,0.01132,0.83200
CVE-2010-2263,0.02067,0.87899
CVE-2010-2264,0.00511,0.74185
CVE-2010-2265,0.11328,0.94724
CVE-2010-2266,0.00453,0.72627
CVE-2010-2267,0.00172,0.54272
CVE-2010-2268,0.00135,0.48788
CVE-2010-2269,0.00326,0.67845
CVE-2010-2270,0.00339,0.68494
CVE-2010-2271,0.00483,0.73434
CVE-2010-2272,0.00244,0.62423
CVE-2010-2273,0.02812,0.89662
CVE-2010-2274,0.00467,0.72971
CVE-2010-2275,0.01680,0.86401
CVE-2010-2276,0.01995,0.87657
CVE-2010-2277,0.00254,0.63439
CVE-2010-2278,0.00357,0.69303
CVE-2010-2279,0.00268,0.64430
CVE-2010-2280,0.00238,0.61961
CVE-2010-2281,0.00132,0.48166
CVE-2010-2282,0.00145,0.50326
CVE-2010-2283,0.00165,0.53186
CVE-2010-2284,0.59110,0.97464
CVE-2010-2285,0.00165,0.53186
CVE-2010-2286,0.00344,0.68699
CVE-2010-2287,0.59110,0.97464
CVE-2010-2288,0.00367,0.69722
CVE-2010-2289,0.00653,0.77314
CVE-2010-2290,0.00417,0.71519
CVE-2010-2291,0.00296,0.66184
CVE-2010-2292,0.00190,0.56630
CVE-2010-2293,0.00227,0.60986
CVE-2010-2294,0.00160,0.52542
CVE-2010-2295,0.00550,0.75142
CVE-2010-2296,0.00311,0.67026
CVE-2010-2297,0.01499,0.85565
CVE-2010-2298,0.00389,0.70607
CVE-2010-2299,0.00818,0.80033
CVE-2010-2300,0.04381,0.91569
CVE-2010-2301,0.00221,0.60294
CVE-2010-2302,0.03431,0.90580
CVE-2010-2305,0.06635,0.93146
CVE-2010-2306,0.00301,0.66478
CVE-2010-2307,0.00813,0.79976
CVE-2010-2308,0.00057,0.21463
CVE-2010-2309,0.91157,0.98664
CVE-2010-2310,0.01264,0.84230
CVE-2010-2311,0.21748,0.96041
CVE-2010-2312,0.00064,0.26120
CVE-2010-2313,0.05148,0.92229
CVE-2010-2314,0.07843,0.93633
CVE-2010-2315,0.00718,0.78561
CVE-2010-2316,0.00279,0.65129
CVE-2010-2317,0.00153,0.51620
CVE-2010-2318,0.00171,0.54234
CVE-2010-2319,0.00077,0.31810
CVE-2010-2320,0.01578,0.85984
CVE-2010-2321,0.28809,0.96462
CVE-2010-2322,0.01341,0.84709
CVE-2010-2323,0.00155,0.51812
CVE-2010-2324,0.00609,0.76418
CVE-2010-2325,0.00161,0.52717
CVE-2010-2326,0.00266,0.64267
CVE-2010-2327,0.01724,0.86569
CVE-2010-2328,0.00293,0.66054
CVE-2010-2329,0.22249,0.96078
CVE-2010-2330,0.27178,0.96367
CVE-2010-2331,0.09275,0.94145
CVE-2010-2332,0.01877,0.87200
CVE-2010-2333,0.92063,0.98758
CVE-2010-2334,0.00929,0.81319
CVE-2010-2335,0.00141,0.49847
CVE-2010-2336,0.00398,0.70901
CVE-2010-2337,0.00595,0.76120
CVE-2010-2338,0.00119,0.45856
CVE-2010-2339,0.00368,0.69777
CVE-2010-2340,0.00064,0.26120
CVE-2010-2341,0.02387,0.88819
CVE-2010-2342,0.00068,0.28434
CVE-2010-2343,0.93732,0.98956
CVE-2010-2344,0.00305,0.66721
CVE-2010-2345,0.00160,0.52542
CVE-2010-2347,0.00301,0.66471
CVE-2010-2348,0.11491,0.94756
CVE-2010-2349,0.02279,0.88569
CVE-2010-2350,0.02644,0.89347
CVE-2010-2351,0.45069,0.97087
CVE-2010-2352,0.00664,0.77590
CVE-2010-2353,0.00640,0.77058
CVE-2010-2354,0.00282,0.65313
CVE-2010-2355,0.00220,0.60154
CVE-2010-2356,0.00220,0.60169
CVE-2010-2357,0.00087,0.36669
CVE-2010-2358,0.10611,0.94545
CVE-2010-2359,0.00134,0.48554
CVE-2010-2360,0.13286,0.95084
CVE-2010-2361,0.00299,0.66379
CVE-2010-2362,0.00299,0.66379
CVE-2010-2363,0.00362,0.69516
CVE-2010-2364,0.00220,0.60154
CVE-2010-2365,0.00220,0.60154
CVE-2010-2366,0.00220,0.60154
CVE-2010-2367,0.00192,0.57132
CVE-2010-2368,0.00042,0.05722
CVE-2010-2369,0.00042,0.05722
CVE-2010-2370,0.00190,0.56618
CVE-2010-2371,0.00060,0.23365
CVE-2010-2372,0.00157,0.52135
CVE-2010-2373,0.00157,0.52135
CVE-2010-2374,0.00060,0.23365
CVE-2010-2375,0.00362,0.69517
CVE-2010-2376,0.00060,0.23365
CVE-2010-2377,0.00106,0.42911
CVE-2010-2378,0.00060,0.23365
CVE-2010-2379,0.00099,0.40769
CVE-2010-2380,0.00060,0.23365
CVE-2010-2381,0.00083,0.34501
CVE-2010-2382,0.00042,0.00438
CVE-2010-2383,0.00042,0.00438
CVE-2010-2384,0.00042,0.00438
CVE-2010-2385,0.00131,0.47982
CVE-2010-2386,0.00060,0.23365
CVE-2010-2387,0.00043,0.05916
CVE-2010-2388,0.00158,0.52229
CVE-2010-2389,0.00042,0.00438
CVE-2010-2390,0.00605,0.76330
CVE-2010-2391,0.00105,0.42600
CVE-2010-2392,0.00060,0.23365
CVE-2010-2393,0.00060,0.23365
CVE-2010-2394,0.00060,0.23365
CVE-2010-2395,0.00168,0.53624
CVE-2010-2396,0.00168,0.53624
CVE-2010-2397,0.00060,0.23365
CVE-2010-2398,0.00099,0.40769
CVE-2010-2399,0.00060,0.23365
CVE-2010-2400,0.00060,0.23365
CVE-2010-2401,0.00099,0.40769
CVE-2010-2402,0.00099,0.40769
CVE-2010-2403,0.00099,0.40769
CVE-2010-2404,0.00112,0.44493
CVE-2010-2405,0.00265,0.64252
CVE-2010-2406,0.00105,0.42600
CVE-2010-2407,0.00168,0.53624
CVE-2010-2408,0.00168,0.53624
CVE-2010-2409,0.00168,0.53624
CVE-2010-2410,0.00168,0.53624
CVE-2010-2411,0.00182,0.55529
CVE-2010-2412,0.00105,0.42600
CVE-2010-2413,0.00168,0.53624
CVE-2010-2414,0.00220,0.59982
CVE-2010-2415,0.08628,0.93925
CVE-2010-2416,0.00168,0.53624
CVE-2010-2417,0.00112,0.44493
CVE-2010-2418,0.00168,0.53624
CVE-2010-2419,0.09430,0.94197
CVE-2010-2420,0.06507,0.93071
CVE-2010-2421,0.00496,0.73786
CVE-2010-2422,0.00192,0.57132
CVE-2010-2425,0.00359,0.69382
CVE-2010-2426,0.11151,0.94677
CVE-2010-2427,0.00042,0.05722
CVE-2010-2428,0.02592,0.89236
CVE-2010-2429,0.00220,0.60154
CVE-2010-2431,0.00042,0.05722
CVE-2010-2432,0.00592,0.76067
CVE-2010-2433,0.00404,0.71090
CVE-2010-2434,0.10143,0.94425
CVE-2010-2435,0.14972,0.95332
CVE-2010-2436,0.00064,0.26120
CVE-2010-2437,0.00195,0.57440
CVE-2010-2438,0.00068,0.28434
CVE-2010-2439,0.12662,0.94981
CVE-2010-2440,0.18381,0.95753
CVE-2010-2441,0.00497,0.73793
CVE-2010-2442,0.00431,0.71906
CVE-2010-2443,0.04953,0.92070
CVE-2010-2444,0.00561,0.75352
CVE-2010-2445,0.00412,0.71338
CVE-2010-2446,0.00753,0.79104
CVE-2010-2447,0.00290,0.65835
CVE-2010-2448,0.00754,0.79114
CVE-2010-2449,0.00096,0.39971
CVE-2010-2450,0.00736,0.78858
CVE-2010-2451,0.01001,0.82052
CVE-2010-2452,0.01784,0.86788
CVE-2010-2453,0.00133,0.48327
CVE-2010-2454,0.00324,0.67752
CVE-2010-2455,0.00205,0.58536
CVE-2010-2456,0.02854,0.89736
CVE-2010-2457,0.00220,0.60169
CVE-2010-2458,0.00459,0.72757
CVE-2010-2459,0.00246,0.62678
CVE-2010-2460,0.00064,0.26120
CVE-2010-2461,0.00064,0.26120
CVE-2010-2462,0.00064,0.26120
CVE-2010-2463,0.00218,0.59858
CVE-2010-2464,0.00767,0.79328
CVE-2010-2465,0.00660,0.77475
CVE-2010-2466,0.00724,0.78680
CVE-2010-2467,0.01445,0.85310
CVE-2010-2468,0.00210,0.58966
CVE-2010-2469,0.00732,0.78809
CVE-2010-2470,0.00042,0.05722
CVE-2010-2471,0.00252,0.63161
CVE-2010-2472,0.00060,0.23686
CVE-2010-2473,0.00058,0.22586
CVE-2010-2474,0.00593,0.76074
CVE-2010-2476,0.00351,0.69027
CVE-2010-2477,0.00305,0.66721
CVE-2010-2478,0.00042,0.05722
CVE-2010-2479,0.00282,0.65305
CVE-2010-2480,0.00220,0.60154
CVE-2010-2481,0.01317,0.84579
CVE-2010-2482,0.11131,0.94673
CVE-2010-2483,0.02766,0.89585
CVE-2010-2484,0.00589,0.76012
CVE-2010-2487,0.00757,0.79177
CVE-2010-2488,0.00296,0.66187
CVE-2010-2489,0.00042,0.05722
CVE-2010-2490,0.00128,0.47474
CVE-2010-2491,0.00329,0.68055
CVE-2010-2492,0.00042,0.05722
CVE-2010-2493,0.00787,0.79607
CVE-2010-2494,0.10845,0.94606
CVE-2010-2495,0.01111,0.83036
CVE-2010-2496,0.00042,0.05722
CVE-2010-2497,0.00465,0.72905
CVE-2010-2498,0.00438,0.72164
CVE-2010-2499,0.00431,0.71915
CVE-2010-2500,0.01494,0.85543
CVE-2010-2502,0.00277,0.64962
CVE-2010-2503,0.00122,0.46493
CVE-2010-2504,0.00132,0.48237
CVE-2010-2505,0.03292,0.90381
CVE-2010-2506,0.00128,0.47443
CVE-2010-2507,0.01671,0.86368
CVE-2010-2508,0.00064,0.26120
CVE-2010-2509,0.00160,0.52571
CVE-2010-2510,0.00108,0.43336
CVE-2010-2511,0.00064,0.26120
CVE-2010-2512,0.00064,0.26120
CVE-2010-2513,0.00127,0.47231
CVE-2010-2514,0.00220,0.60207
CVE-2010-2515,0.00103,0.41633
CVE-2010-2516,0.00111,0.44281
CVE-2010-2517,0.00259,0.63747
CVE-2010-2518,0.00977,0.81810
CVE-2010-2519,0.00431,0.71915
CVE-2010-2520,0.00480,0.73351
CVE-2010-2521,0.17301,0.95647
CVE-2010-2522,0.00042,0.05722
CVE-2010-2523,0.03066,0.90044
CVE-2010-2524,0.00052,0.17512
CVE-2010-2525,0.00042,0.05722
CVE-2010-2526,0.00042,0.05722
CVE-2010-2527,0.01517,0.85687
CVE-2010-2528,0.01390,0.85016
CVE-2010-2529,0.00728,0.78739
CVE-2010-2530,0.00042,0.05722
CVE-2010-2531,0.01843,0.87067
CVE-2010-2532,0.00062,0.24773
CVE-2010-2534,0.09038,0.94059
CVE-2010-2535,0.00101,0.41128
CVE-2010-2536,0.00265,0.64225
CVE-2010-2537,0.00042,0.05722
CVE-2010-2538,0.00042,0.05722
CVE-2010-2539,0.00042,0.05722
CVE-2010-2540,0.00965,0.81692
CVE-2010-2541,0.02356,0.88740
CVE-2010-2542,0.00339,0.68479
CVE-2010-2543,0.00275,0.64854
CVE-2010-2544,0.02314,0.88648
CVE-2010-2545,0.00141,0.49777
CVE-2010-2546,0.21853,0.96049
CVE-2010-2547,0.12736,0.94989
CVE-2010-2548,0.00166,0.53316
CVE-2010-2549,0.00043,0.07617
CVE-2010-2550,0.97132,0.99755
CVE-2010-2551,0.91545,0.98701
CVE-2010-2552,0.95604,0.99277
CVE-2010-2553,0.95169,0.99181
CVE-2010-2554,0.00050,0.16028
CVE-2010-2555,0.00043,0.07337
CVE-2010-2556,0.96532,0.99523
CVE-2010-2557,0.96532,0.99523
CVE-2010-2558,0.29944,0.96527
CVE-2010-2559,0.96532,0.99523
CVE-2010-2560,0.96123,0.99390
CVE-2010-2561,0.93860,0.98971
CVE-2010-2562,0.97150,0.99764
CVE-2010-2563,0.94153,0.99011
CVE-2010-2564,0.90952,0.98644
CVE-2010-2566,0.91907,0.98743
CVE-2010-2567,0.00350,0.68990
CVE-2010-2568,0.97223,0.99807
CVE-2010-2569,0.94439,0.99058
CVE-2010-2570,0.95083,0.99159
CVE-2010-2571,0.92312,0.98787
CVE-2010-2572,0.92019,0.98754
CVE-2010-2573,0.95723,0.99304
CVE-2010-2574,0.00134,0.48494
CVE-2010-2575,0.06005,0.92780
CVE-2010-2576,0.11479,0.94754
CVE-2010-2577,0.00322,0.67702
CVE-2010-2578,0.00507,0.74096
CVE-2010-2579,0.00201,0.58116
CVE-2010-2580,0.01731,0.86595
CVE-2010-2581,0.11516,0.94764
CVE-2010-2582,0.09951,0.94355
CVE-2010-2583,0.21477,0.96029
CVE-2010-2584,0.00318,0.67500
CVE-2010-2585,0.05404,0.92425
CVE-2010-2586,0.10851,0.94608
CVE-2010-2587,0.03461,0.90611
CVE-2010-2588,0.03461,0.90611
CVE-2010-2589,0.03635,0.90811
CVE-2010-2590,0.91693,0.98714
CVE-2010-2594,0.00153,0.51578
CVE-2010-2595,0.02399,0.88843
CVE-2010-2596,0.01054,0.82529
CVE-2010-2597,0.01930,0.87429
CVE-2010-2598,0.00342,0.68610
CVE-2010-2599,0.02083,0.87961
CVE-2010-2600,0.01298,0.84465
CVE-2010-2601,0.00457,0.72718
CVE-2010-2602,0.04042,0.91245
CVE-2010-2603,0.00042,0.05722
CVE-2010-2604,0.09619,0.94259
CVE-2010-2609,0.00268,0.64389
CVE-2010-2610,0.00126,0.47185
CVE-2010-2611,0.00077,0.31810
CVE-2010-2612,0.00042,0.05722
CVE-2010-2613,0.00195,0.57440
CVE-2010-2614,0.00134,0.48480
CVE-2010-2615,0.00218,0.59858
CVE-2010-2616,0.00064,0.26120
CVE-2010-2617,0.00195,0.57440
CVE-2010-2618,0.01687,0.86424
CVE-2010-2619,0.00059,0.22933
CVE-2010-2620,0.63092,0.97573
CVE-2010-2621,0.16874,0.95586
CVE-2010-2622,0.00064,0.26120
CVE-2010-2623,0.00077,0.31810
CVE-2010-2624,0.00142,0.49912
CVE-2010-2625,0.00296,0.66208
CVE-2010-2626,0.04614,0.91764
CVE-2010-2627,0.00394,0.70768
CVE-2010-2628,0.86595,0.98365
CVE-2010-2629,0.01060,0.82603
CVE-2010-2630,0.01218,0.83896
CVE-2010-2631,0.00528,0.74628
CVE-2010-2632,0.32290,0.96627
CVE-2010-2633,0.03257,0.90336
CVE-2010-2634,0.00157,0.52159
CVE-2010-2635,0.00107,0.43237
CVE-2010-2636,0.00122,0.46437
CVE-2010-2637,0.00225,0.60870
CVE-2010-2638,0.00186,0.56001
CVE-2010-2639,0.00311,0.67043
CVE-2010-2640,0.06201,0.92896
CVE-2010-2641,0.09317,0.94161
CVE-2010-2642,0.08642,0.93927
CVE-2010-2643,0.11178,0.94685
CVE-2010-2644,0.00290,0.65854
CVE-2010-2645,0.00290,0.65817
CVE-2010-2646,0.00243,0.62382
CVE-2010-2647,0.03169,0.90191
CVE-2010-2648,0.01698,0.86465
CVE-2010-2649,0.00347,0.68820
CVE-2010-2650,0.00162,0.52920
CVE-2010-2651,0.00267,0.64373
CVE-2010-2652,0.00182,0.55617
CVE-2010-2653,0.00044,0.08000
CVE-2010-2654,0.00215,0.59531
CVE-2010-2655,0.34308,0.96713
CVE-2010-2656,0.42589,0.97006
CVE-2010-2657,0.02294,0.88605
CVE-2010-2658,0.00501,0.73884
CVE-2010-2659,0.00435,0.72080
CVE-2010-2660,0.00823,0.80100
CVE-2010-2661,0.00703,0.78294
CVE-2010-2662,0.00352,0.69075
CVE-2010-2663,0.00694,0.78166
CVE-2010-2664,0.00694,0.78166
CVE-2010-2665,0.00317,0.67408
CVE-2010-2666,0.09964,0.94360
CVE-2010-2667,0.00475,0.73198
CVE-2010-2668,0.00344,0.68691
CVE-2010-2669,0.00481,0.73387
CVE-2010-2670,0.00077,0.31810
CVE-2010-2671,0.00275,0.64854
CVE-2010-2672,0.00422,0.71680
CVE-2010-2673,0.00064,0.26120
CVE-2010-2674,0.00204,0.58426
CVE-2010-2675,0.00171,0.54234
CVE-2010-2676,0.00540,0.74928
CVE-2010-2677,0.02803,0.89647
CVE-2010-2678,0.00108,0.43336
CVE-2010-2679,0.00064,0.26120
CVE-2010-2680,0.00826,0.80143
CVE-2010-2681,0.01422,0.85177
CVE-2010-2682,0.00826,0.80143
CVE-2010-2683,0.00087,0.36669
CVE-2010-2684,0.00631,0.76883
CVE-2010-2685,0.01383,0.84979
CVE-2010-2686,0.00135,0.48729
CVE-2010-2687,0.00076,0.31147
CVE-2010-2688,0.00525,0.74549
CVE-2010-2689,0.00064,0.26120
CVE-2010-2690,0.00068,0.28434
CVE-2010-2691,0.00307,0.66825
CVE-2010-2692,0.00220,0.59971
CVE-2010-2693,0.00043,0.07477
CVE-2010-2694,0.00077,0.31810
CVE-2010-2695,0.00407,0.71199
CVE-2010-2696,0.00134,0.48554
CVE-2010-2697,0.00127,0.47304
CVE-2010-2698,0.00114,0.44775
CVE-2010-2699,0.00135,0.48643
CVE-2010-2700,0.00171,0.54234
CVE-2010-2701,0.10237,0.94445
CVE-2010-2702,0.06971,0.93312
CVE-2010-2703,0.96245,0.99421
CVE-2010-2704,0.76028,0.97926
CVE-2010-2705,0.00209,0.58902
CVE-2010-2706,0.00506,0.74065
CVE-2010-2707,0.00599,0.76175
CVE-2010-2708,0.00506,0.74065
CVE-2010-2709,0.96112,0.99387
CVE-2010-2710,0.03428,0.90576
CVE-2010-2711,0.00425,0.71764
CVE-2010-2712,0.00042,0.05722
CVE-2010-2713,0.06441,0.93029
CVE-2010-2714,0.00135,0.48786
CVE-2010-2715,0.00247,0.62780
CVE-2010-2716,0.00064,0.26120
CVE-2010-2717,0.00223,0.60696
CVE-2010-2718,0.01734,0.86607
CVE-2010-2719,0.00212,0.59269
CVE-2010-2720,0.00212,0.59269
CVE-2010-2721,0.00268,0.64389
CVE-2010-2722,0.00122,0.46493
CVE-2010-2723,0.00132,0.48166
CVE-2010-2724,0.00108,0.43456
CVE-2010-2725,0.01803,0.86868
CVE-2010-2728,0.28264,0.96442
CVE-2010-2729,0.97274,0.99833
CVE-2010-2730,0.28264,0.96442
CVE-2010-2731,0.14669,0.95290
CVE-2010-2732,0.95161,0.99180
CVE-2010-2733,0.86168,0.98342
CVE-2010-2734,0.86168,0.98342
CVE-2010-2738,0.47709,0.97172
CVE-2010-2739,0.00051,0.16944
CVE-2010-2740,0.41261,0.96970
CVE-2010-2741,0.44889,0.97080
CVE-2010-2742,0.67935,0.97684
CVE-2010-2743,0.00044,0.10172
CVE-2010-2744,0.00044,0.08003
CVE-2010-2745,0.94475,0.99066
CVE-2010-2746,0.74244,0.97880
CVE-2010-2747,0.85240,0.98289
CVE-2010-2748,0.87407,0.98406
CVE-2010-2750,0.94681,0.99100
CVE-2010-2751,0.00284,0.65485
CVE-2010-2752,0.79803,0.98041
CVE-2010-2753,0.13246,0.95075
CVE-2010-2754,0.00279,0.65081
CVE-2010-2755,0.25127,0.96264
CVE-2010-2756,0.02031,0.87780
CVE-2010-2757,0.00258,0.63606
CVE-2010-2758,0.00534,0.74776
CVE-2010-2759,0.01257,0.84164
CVE-2010-2760,0.11196,0.94690
CVE-2010-2761,0.00803,0.79869
CVE-2010-2762,0.01444,0.85309
CVE-2010-2763,0.00279,0.65086
CVE-2010-2764,0.01204,0.83782
CVE-2010-2765,0.29218,0.96489
CVE-2010-2766,0.66729,0.97652
CVE-2010-2767,0.23258,0.96144
CVE-2010-2768,0.00300,0.66437
CVE-2010-2769,0.00227,0.61007
CVE-2010-2770,0.07127,0.93372
CVE-2010-2771,0.02181,0.88295
CVE-2010-2772,0.00044,0.08000
CVE-2010-2777,0.08127,0.93744
CVE-2010-2778,0.00136,0.48900
CVE-2010-2779,0.00136,0.48900
CVE-2010-2783,0.00229,0.61166
CVE-2010-2784,0.00059,0.22933
CVE-2010-2785,0.03696,0.90896
CVE-2010-2786,0.01784,0.86788
CVE-2010-2787,0.00526,0.74555
CVE-2010-2788,0.00316,0.67362
CVE-2010-2789,0.00512,0.74222
CVE-2010-2790,0.00396,0.70857
CVE-2010-2791,0.00290,0.65870
CVE-2010-2792,0.00042,0.05722
CVE-2010-2793,0.00042,0.05722
CVE-2010-2794,0.00042,0.05722
CVE-2010-2795,0.00210,0.59004
CVE-2010-2796,0.00329,0.68055
CVE-2010-2797,0.01060,0.82603
CVE-2010-2798,0.00047,0.14055
CVE-2010-2799,0.01286,0.84394
CVE-2010-2800,0.03201,0.90245
CVE-2010-2801,0.11718,0.94817
CVE-2010-2802,0.00108,0.43456
CVE-2010-2803,0.00044,0.10360
CVE-2010-2805,0.00361,0.69449
CVE-2010-2806,0.00352,0.69051
CVE-2010-2807,0.02027,0.87766
CVE-2010-2808,0.01792,0.86820
CVE-2010-2809,0.07150,0.93381
CVE-2010-2810,0.05324,0.92359
CVE-2010-2811,0.00904,0.81040
CVE-2010-2812,0.28422,0.96449
CVE-2010-2813,0.11469,0.94751
CVE-2010-2814,0.00563,0.75411
CVE-2010-2815,0.00563,0.75411
CVE-2010-2816,0.00563,0.75411
CVE-2010-2817,0.00563,0.75411
CVE-2010-2818,0.00181,0.55455
CVE-2010-2819,0.00204,0.58364
CVE-2010-2820,0.00181,0.55455
CVE-2010-2821,0.00181,0.55455
CVE-2010-2822,0.00161,0.52744
CVE-2010-2823,0.00106,0.42909
CVE-2010-2824,0.00161,0.52744
CVE-2010-2825,0.00161,0.52744
CVE-2010-2826,0.00099,0.40592
CVE-2010-2827,0.00204,0.58364
CVE-2010-2828,0.00161,0.52744
CVE-2010-2829,0.00161,0.52744
CVE-2010-2830,0.00161,0.52744
CVE-2010-2831,0.00161,0.52744
CVE-2010-2832,0.00161,0.52744
CVE-2010-2833,0.00161,0.52744
CVE-2010-2834,0.00181,0.55455
CVE-2010-2835,0.00181,0.55455
CVE-2010-2836,0.00161,0.52744
CVE-2010-2837,0.00181,0.55455
CVE-2010-2838,0.00181,0.55455
CVE-2010-2839,0.00181,0.55455
CVE-2010-2840,0.00259,0.63779
CVE-2010-2841,0.00108,0.43364
CVE-2010-2842,0.00158,0.52278
CVE-2010-2843,0.00158,0.52278
CVE-2010-2844,0.00604,0.76300
CVE-2010-2845,0.00064,0.26120
CVE-2010-2846,0.00986,0.81906
CVE-2010-2847,0.00246,0.62678
CVE-2010-2848,0.01062,0.82624
CVE-2010-2849,0.00337,0.68407
CVE-2010-2850,0.05848,0.92691
CVE-2010-2851,0.00403,0.71053
CVE-2010-2852,0.00404,0.71085
CVE-2010-2853,0.00121,0.46370
CVE-2010-2854,0.00132,0.48166
CVE-2010-2855,0.00125,0.47070
CVE-2010-2856,0.00762,0.79260
CVE-2010-2857,0.00826,0.80143
CVE-2010-2858,0.00670,0.77709
CVE-2010-2859,0.00337,0.68428
CVE-2010-2860,0.13043,0.95037
CVE-2010-2861,0.97078,0.99728
CVE-2010-2862,0.90945,0.98644
CVE-2010-2863,0.03244,0.90315
CVE-2010-2864,0.11516,0.94764
CVE-2010-2865,0.00385,0.70407
CVE-2010-2866,0.84992,0.98280
CVE-2010-2867,0.04699,0.91858
CVE-2010-2868,0.11516,0.94764
CVE-2010-2869,0.11516,0.94764
CVE-2010-2870,0.04699,0.91858
CVE-2010-2871,0.17501,0.95673
CVE-2010-2872,0.35702,0.96761
CVE-2010-2873,0.35883,0.96774
CVE-2010-2874,0.13673,0.95143
CVE-2010-2875,0.44679,0.97069
CVE-2010-2876,0.35702,0.96761
CVE-2010-2877,0.16000,0.95482
CVE-2010-2878,0.16000,0.95482
CVE-2010-2879,0.08334,0.93806
CVE-2010-2880,0.11516,0.94764
CVE-2010-2881,0.11516,0.94764
CVE-2010-2882,0.11516,0.94764
CVE-2010-2883,0.77645,0.97974
CVE-2010-2884,0.83660,0.98215
CVE-2010-2885,0.09055,0.94065
CVE-2010-2886,0.09055,0.94065
CVE-2010-2887,0.06056,0.92801
CVE-2010-2888,0.01963,0.87533
CVE-2010-2889,0.01837,0.87032
CVE-2010-2890,0.02036,0.87801
CVE-2010-2891,0.02186,0.88308
CVE-2010-2892,0.02449,0.88961
CVE-2010-2896,0.00119,0.45868
CVE-2010-2897,0.00163,0.52980
CVE-2010-2898,0.00213,0.59321
CVE-2010-2899,0.00253,0.63239
CVE-2010-2900,0.00213,0.59321
CVE-2010-2901,0.03325,0.90433
CVE-2010-2902,0.00319,0.67538
CVE-2010-2903,0.00213,0.59321
CVE-2010-2904,0.00292,0.65987
CVE-2010-2905,0.00064,0.26120
CVE-2010-2906,0.00064,0.26120
CVE-2010-2907,0.00064,0.26120
CVE-2010-2908,0.00077,0.31810
CVE-2010-2909,0.00189,0.56468
CVE-2010-2910,0.00064,0.26120
CVE-2010-2911,0.00297,0.66270
CVE-2010-2912,0.00127,0.47293
CVE-2010-2913,0.00042,0.05722
CVE-2010-2914,0.00220,0.60154
CVE-2010-2915,0.00064,0.26120
CVE-2010-2916,0.00064,0.26120
CVE-2010-2917,0.00767,0.79328
CVE-2010-2918,0.02847,0.89726
CVE-2010-2919,0.00064,0.26120
CVE-2010-2920,0.03527,0.90686
CVE-2010-2921,0.00064,0.26120
CVE-2010-2922,0.00064,0.26120
CVE-2010-2923,0.00064,0.26120
CVE-2010-2924,0.00064,0.26120
CVE-2010-2925,0.00064,0.26120
CVE-2010-2926,0.00068,0.28434
CVE-2010-2927,0.04180,0.91396
CVE-2010-2928,0.00042,0.05722
CVE-2010-2929,0.00042,0.05722
CVE-2010-2930,0.00042,0.05722
CVE-2010-2931,0.14714,0.95296
CVE-2010-2932,0.21007,0.95998
CVE-2010-2933,0.00064,0.26120
CVE-2010-2934,0.05486,0.92488
CVE-2010-2935,0.12748,0.94990
CVE-2010-2936,0.14930,0.95328
CVE-2010-2937,0.02279,0.88568
CVE-2010-2938,0.00042,0.05722
CVE-2010-2939,0.95472,0.99251
CVE-2010-2940,0.00756,0.79173
CVE-2010-2941,0.69074,0.97717
CVE-2010-2942,0.00052,0.17512
CVE-2010-2943,0.02030,0.87778
CVE-2010-2944,0.00788,0.79655
CVE-2010-2945,0.00042,0.05722
CVE-2010-2946,0.00044,0.08000
CVE-2010-2947,0.13066,0.95043
CVE-2010-2948,0.05621,0.92575
CVE-2010-2949,0.18190,0.95735
CVE-2010-2950,0.01041,0.82419
CVE-2010-2951,0.34231,0.96710
CVE-2010-2952,0.00114,0.44884
CVE-2010-2953,0.00042,0.05722
CVE-2010-2954,0.00044,0.08000
CVE-2010-2955,0.00044,0.08000
CVE-2010-2956,0.00044,0.08000
CVE-2010-2957,0.00247,0.62780
CVE-2010-2958,0.00279,0.65117
CVE-2010-2959,0.00270,0.64500
CVE-2010-2960,0.00042,0.05722
CVE-2010-2961,0.00050,0.16036
CVE-2010-2962,0.00044,0.08000
CVE-2010-2963,0.00042,0.00438
CVE-2010-2965,0.88364,0.98460
CVE-2010-2966,0.00483,0.73434
CVE-2010-2967,0.00256,0.63530
CVE-2010-2968,0.00478,0.73298
CVE-2010-2969,0.00342,0.68616
CVE-2010-2970,0.00369,0.69811
CVE-2010-2971,0.01514,0.85664
CVE-2010-2973,0.00042,0.05722
CVE-2010-2974,0.04810,0.91973
CVE-2010-2975,0.00047,0.13960
CVE-2010-2976,0.00389,0.70550
CVE-2010-2977,0.00217,0.59716
CVE-2010-2978,0.00213,0.59372
CVE-2010-2979,0.00216,0.59656
CVE-2010-2980,0.00216,0.59656
CVE-2010-2981,0.00181,0.55390
CVE-2010-2982,0.00262,0.63935
CVE-2010-2983,0.00181,0.55390
CVE-2010-2984,0.00389,0.70550
CVE-2010-2985,0.02820,0.89675
CVE-2010-2986,0.00370,0.69841
CVE-2010-2987,0.00132,0.48166
CVE-2010-2988,0.00132,0.48166
CVE-2010-2989,0.00287,0.65653
CVE-2010-2990,0.02297,0.88609
CVE-2010-2991,0.04993,0.92097
CVE-2010-2992,0.00422,0.71683
CVE-2010-2993,0.00386,0.70457
CVE-2010-2994,0.00381,0.70273
CVE-2010-2995,0.02046,0.87840
CVE-2010-2996,0.59701,0.97484
CVE-2010-2997,0.13281,0.95083
CVE-2010-2998,0.15945,0.95478
CVE-2010-2999,0.10906,0.94618
CVE-2010-3000,0.95392,0.99229
CVE-2010-3001,0.00697,0.78215
CVE-2010-3002,0.00694,0.78146
CVE-2010-3003,0.00480,0.73351
CVE-2010-3004,0.11266,0.94711
CVE-2010-3005,0.00042,0.05722
CVE-2010-3006,0.00698,0.78222
CVE-2010-3007,0.84311,0.98243
CVE-2010-3008,0.96551,0.99530
CVE-2010-3009,0.00457,0.72718
CVE-2010-3010,0.01213,0.83849
CVE-2010-3011,0.00252,0.63161
CVE-2010-3012,0.01404,0.85094
CVE-2010-3013,0.00368,0.69777
CVE-2010-3014,0.00042,0.05722
CVE-2010-3015,0.00044,0.08000
CVE-2010-3017,0.00202,0.58142
CVE-2010-3018,0.00294,0.66116
CVE-2010-3019,0.09480,0.94213
CVE-2010-3020,0.00509,0.74137
CVE-2010-3021,0.00760,0.79232
CVE-2010-3022,0.00107,0.43275
CVE-2010-3023,0.02648,0.89359
CVE-2010-3024,0.05002,0.92114
CVE-2010-3025,0.00376,0.70048
CVE-2010-3026,0.00215,0.59537
CVE-2010-3027,0.00093,0.39001
CVE-2010-3028,0.00042,0.05722
CVE-2010-3029,0.00095,0.39667
CVE-2010-3030,0.00136,0.48934
CVE-2010-3031,0.04154,0.91372
CVE-2010-3032,0.11670,0.94799
CVE-2010-3033,0.00158,0.52278
CVE-2010-3034,0.00260,0.63843
CVE-2010-3035,0.02424,0.88908
CVE-2010-3036,0.09746,0.94288
CVE-2010-3037,0.00334,0.68318
CVE-2010-3038,0.01060,0.82603
CVE-2010-3039,0.00825,0.80124
CVE-2010-3040,0.70267,0.97757
CVE-2010-3041,0.03368,0.90493
CVE-2010-3042,0.02661,0.89379
CVE-2010-3043,0.02825,0.89681
CVE-2010-3044,0.03174,0.90197
CVE-2010-3048,0.00168,0.53565
CVE-2010-3049,0.00042,0.05722
CVE-2010-3050,0.00100,0.40829
CVE-2010-3053,0.24341,0.96214
CVE-2010-3054,0.09378,0.94179
CVE-2010-3055,0.12354,0.94932
CVE-2010-3056,0.00497,0.73812
CVE-2010-3058,0.07210,0.93407
CVE-2010-3059,0.00817,0.80019
CVE-2010-3060,0.00656,0.77359
CVE-2010-3061,0.00656,0.77359
CVE-2010-3062,0.00992,0.81989
CVE-2010-3063,0.00262,0.63956
CVE-2010-3064,0.01034,0.82342
CVE-2010-3065,0.00471,0.73088
CVE-2010-3066,0.00042,0.05722
CVE-2010-3067,0.00044,0.08000
CVE-2010-3069,0.91486,0.98695
CVE-2010-3070,0.05015,0.92133
CVE-2010-3071,0.04953,0.92070
CVE-2010-3072,0.95650,0.99289
CVE-2010-3073,0.00042,0.00438
CVE-2010-3074,0.00044,0.08000
CVE-2010-3075,0.00042,0.05722
CVE-2010-3076,0.00203,0.58293
CVE-2010-3077,0.00866,0.80594
CVE-2010-3078,0.00052,0.17512
CVE-2010-3079,0.00042,0.05722
CVE-2010-3080,0.00044,0.08000
CVE-2010-3081,0.00042,0.00438
CVE-2010-3082,0.00259,0.63800
CVE-2010-3083,0.00745,0.78979
CVE-2010-3084,0.00042,0.05722
CVE-2010-3085,0.00573,0.75631
CVE-2010-3086,0.00042,0.05722
CVE-2010-3087,0.02534,0.89128
CVE-2010-3088,0.01584,0.86013
CVE-2010-3089,0.00162,0.52871
CVE-2010-3091,0.00828,0.80173
CVE-2010-3092,0.00161,0.52793
CVE-2010-3093,0.00156,0.52020
CVE-2010-3094,0.00108,0.43456
CVE-2010-3095,0.00042,0.05722
CVE-2010-3096,0.00254,0.63429
CVE-2010-3097,0.00214,0.59484
CVE-2010-3098,0.00214,0.59484
CVE-2010-3099,0.00254,0.63429
CVE-2010-3100,0.00214,0.59484
CVE-2010-3101,0.00214,0.59484
CVE-2010-3102,0.00190,0.56659
CVE-2010-3103,0.00190,0.56659
CVE-2010-3104,0.00190,0.56659
CVE-2010-3105,0.07419,0.93474
CVE-2010-3106,0.19616,0.95885
CVE-2010-3107,0.40604,0.96946
CVE-2010-3108,0.03817,0.91034
CVE-2010-3109,0.03817,0.91034
CVE-2010-3110,0.00050,0.15981
CVE-2010-3111,0.00195,0.57444
CVE-2010-3112,0.00172,0.54297
CVE-2010-3113,0.00776,0.79471
CVE-2010-3114,0.00450,0.72495
CVE-2010-3115,0.00295,0.66138
CVE-2010-3116,0.05204,0.92271
CVE-2010-3117,0.00263,0.64032
CVE-2010-3118,0.00227,0.60976
CVE-2010-3119,0.00655,0.77346
CVE-2010-3120,0.00406,0.71172
CVE-2010-3121,0.01498,0.85561
CVE-2010-3122,0.00422,0.71693
CVE-2010-3124,0.08197,0.93769
CVE-2010-3125,0.01113,0.83046
CVE-2010-3126,0.01114,0.83052
CVE-2010-3127,0.01762,0.86706
CVE-2010-3128,0.02259,0.88514
CVE-2010-3129,0.02259,0.88514
CVE-2010-3130,0.34324,0.96714
CVE-2010-3131,0.14882,0.95323
CVE-2010-3132,0.00791,0.79727
CVE-2010-3133,0.01814,0.86915
CVE-2010-3134,0.00262,0.63975
CVE-2010-3135,0.01483,0.85480
CVE-2010-3136,0.00895,0.80941
CVE-2010-3137,0.00713,0.78491
CVE-2010-3138,0.97193,0.99788
CVE-2010-3139,0.11228,0.94702
CVE-2010-3140,0.05570,0.92537
CVE-2010-3141,0.02260,0.88517
CVE-2010-3142,0.83875,0.98222
CVE-2010-3143,0.13629,0.95136
CVE-2010-3144,0.81172,0.98087
CVE-2010-3145,0.97141,0.99759
CVE-2010-3146,0.96641,0.99559
CVE-2010-3147,0.48330,0.97184
CVE-2010-3148,0.81172,0.98087
CVE-2010-3149,0.02041,0.87821
CVE-2010-3150,0.00735,0.78849
CVE-2010-3151,0.00735,0.78849
CVE-2010-3152,0.04591,0.91750
CVE-2010-3153,0.02041,0.87821
CVE-2010-3154,0.01086,0.82831
CVE-2010-3155,0.02022,0.87751
CVE-2010-3156,0.00042,0.05722
CVE-2010-3157,0.00285,0.65516
CVE-2010-3158,0.00042,0.05722
CVE-2010-3159,0.00042,0.05722
CVE-2010-3160,0.00042,0.05722
CVE-2010-3161,0.00042,0.05722
CVE-2010-3162,0.00042,0.05722
CVE-2010-3163,0.00042,0.05722
CVE-2010-3164,0.00042,0.05722
CVE-2010-3165,0.00042,0.05722
CVE-2010-3166,0.37593,0.96844
CVE-2010-3167,0.42919,0.97016
CVE-2010-3168,0.16904,0.95589
CVE-2010-3169,0.07397,0.93465
CVE-2010-3170,0.00121,0.46309
CVE-2010-3171,0.02053,0.87861
CVE-2010-3172,0.00672,0.77735
CVE-2010-3173,0.00904,0.81043
CVE-2010-3174,0.06819,0.93238
CVE-2010-3175,0.06684,0.93168
CVE-2010-3176,0.07868,0.93644
CVE-2010-3177,0.00262,0.63996
CVE-2010-3178,0.00489,0.73613
CVE-2010-3179,0.84901,0.98275
CVE-2010-3180,0.16795,0.95572
CVE-2010-3181,0.00045,0.11991
CVE-2010-3182,0.00044,0.08000
CVE-2010-3183,0.69397,0.97728
CVE-2010-3186,0.01359,0.84854
CVE-2010-3187,0.05729,0.92627
CVE-2010-3188,0.00135,0.48729
CVE-2010-3189,0.96195,0.99409
CVE-2010-3190,0.00598,0.76162
CVE-2010-3191,0.01166,0.83478
CVE-2010-3192,0.00355,0.69195
CVE-2010-3193,0.00820,0.80054
CVE-2010-3194,0.00888,0.80862
CVE-2010-3195,0.00775,0.79455
CVE-2010-3196,0.00271,0.64599
CVE-2010-3197,0.00267,0.64369
CVE-2010-3198,0.03192,0.90229
CVE-2010-3199,0.00560,0.75322
CVE-2010-3200,0.00300,0.66429
CVE-2010-3201,0.00481,0.73387
CVE-2010-3202,0.00195,0.57440
CVE-2010-3203,0.00626,0.76795
CVE-2010-3204,0.00807,0.79921
CVE-2010-3205,0.00718,0.78561
CVE-2010-3206,0.00721,0.78638
CVE-2010-3207,0.00114,0.44859
CVE-2010-3208,0.00220,0.60207
CVE-2010-3209,0.00721,0.78638
CVE-2010-3210,0.00721,0.78638
CVE-2010-3211,0.00064,0.26120
CVE-2010-3212,0.00087,0.36669
CVE-2010-3213,0.03569,0.90730
CVE-2010-3214,0.94478,0.99067
CVE-2010-3215,0.85240,0.98289
CVE-2010-3216,0.94681,0.99100
CVE-2010-3217,0.92284,0.98784
CVE-2010-3218,0.93903,0.98979
CVE-2010-3219,0.90935,0.98642
CVE-2010-3220,0.92617,0.98831
CVE-2010-3221,0.90775,0.98626
CVE-2010-3222,0.00044,0.08224
CVE-2010-3223,0.00798,0.79806
CVE-2010-3225,0.95444,0.99243
CVE-2010-3227,0.87317,0.98400
CVE-2010-3228,0.95561,0.99270
CVE-2010-3229,0.92142,0.98767
CVE-2010-3230,0.94825,0.99123
CVE-2010-3231,0.96913,0.99659
CVE-2010-3232,0.96157,0.99397
CVE-2010-3233,0.92682,0.98837
CVE-2010-3234,0.82816,0.98185
CVE-2010-3235,0.91993,0.98753
CVE-2010-3236,0.91993,0.98753
CVE-2010-3237,0.91993,0.98753
CVE-2010-3238,0.91993,0.98753
CVE-2010-3239,0.97218,0.99803
CVE-2010-3240,0.91993,0.98753
CVE-2010-3241,0.86322,0.98349
CVE-2010-3242,0.96157,0.99397
CVE-2010-3243,0.94780,0.99112
CVE-2010-3244,0.00042,0.00438
CVE-2010-3245,0.00042,0.00438
CVE-2010-3246,0.00188,0.56360
CVE-2010-3247,0.00234,0.61509
CVE-2010-3248,0.00414,0.71390
CVE-2010-3249,0.00290,0.65817
CVE-2010-3250,0.00202,0.58180
CVE-2010-3251,0.00395,0.70797
CVE-2010-3252,0.00170,0.53974
CVE-2010-3253,0.00230,0.61211
CVE-2010-3254,0.00537,0.74832
CVE-2010-3255,0.02828,0.89689
CVE-2010-3256,0.00149,0.50937
CVE-2010-3257,0.04726,0.91876
CVE-2010-3258,0.00206,0.58649
CVE-2010-3259,0.00291,0.65913
CVE-2010-3260,0.00455,0.72665
CVE-2010-3261,0.00382,0.70287
CVE-2010-3262,0.00220,0.60154
CVE-2010-3263,0.00220,0.60154
CVE-2010-3264,0.00050,0.16885
CVE-2010-3266,0.00217,0.59696
CVE-2010-3267,0.00269,0.64454
CVE-2010-3268,0.85042,0.98282
CVE-2010-3269,0.28247,0.96441
CVE-2010-3270,0.01731,0.86595
CVE-2010-3271,0.00445,0.72370
CVE-2010-3272,0.03609,0.90783
CVE-2010-3273,0.01054,0.82522
CVE-2010-3274,0.89368,0.98531
CVE-2010-3275,0.93828,0.98970
CVE-2010-3276,0.08671,0.93939
CVE-2010-3277,0.00042,0.05722
CVE-2010-3279,0.01802,0.86861
CVE-2010-3280,0.01307,0.84516
CVE-2010-3281,0.06992,0.93318
CVE-2010-3282,0.00042,0.05722
CVE-2010-3283,0.00343,0.68662
CVE-2010-3284,0.00217,0.59694
CVE-2010-3285,0.00303,0.66601
CVE-2010-3286,0.00216,0.59648
CVE-2010-3287,0.00933,0.81372
CVE-2010-3288,0.00139,0.49432
CVE-2010-3289,0.01258,0.84172
CVE-2010-3290,0.00430,0.71891
CVE-2010-3291,0.01322,0.84598
CVE-2010-3292,0.00042,0.05722
CVE-2010-3293,0.00042,0.05722
CVE-2010-3294,0.00259,0.63800
CVE-2010-3296,0.00044,0.08000
CVE-2010-3297,0.00044,0.08000
CVE-2010-3298,0.00044,0.08000
CVE-2010-3299,0.00477,0.73242
CVE-2010-3300,0.00135,0.48811
CVE-2010-3301,0.00042,0.00438
CVE-2010-3302,0.02386,0.88816
CVE-2010-3303,0.00149,0.50922
CVE-2010-3304,0.00663,0.77560
CVE-2010-3305,0.01264,0.84231
CVE-2010-3306,0.01741,0.86636
CVE-2010-3307,0.00788,0.79655
CVE-2010-3308,0.03527,0.90687
CVE-2010-3310,0.00044,0.08000
CVE-2010-3311,0.05663,0.92592
CVE-2010-3312,0.00280,0.65208
CVE-2010-3313,0.00672,0.77739
CVE-2010-3314,0.00247,0.62780
CVE-2010-3315,0.00218,0.59848
CVE-2010-3316,0.00044,0.08000
CVE-2010-3317,0.00178,0.55082
CVE-2010-3318,0.00289,0.65807
CVE-2010-3319,0.00266,0.64264
CVE-2010-3320,0.00527,0.74591
CVE-2010-3321,0.00042,0.05722
CVE-2010-3322,0.00185,0.55851
CVE-2010-3323,0.00188,0.56348
CVE-2010-3324,0.96091,0.99383
CVE-2010-3325,0.08508,0.93873
CVE-2010-3326,0.95819,0.99320
CVE-2010-3327,0.01824,0.86962
CVE-2010-3328,0.87764,0.98426
CVE-2010-3329,0.96262,0.99425
CVE-2010-3330,0.81893,0.98132
CVE-2010-3331,0.95819,0.99320
CVE-2010-3332,0.96929,0.99666
CVE-2010-3333,0.97340,0.99875
CVE-2010-3334,0.94961,0.99142
CVE-2010-3335,0.93176,0.98887
CVE-2010-3336,0.93176,0.98887
CVE-2010-3337,0.95938,0.99348
CVE-2010-3338,0.00220,0.60208
CVE-2010-3340,0.94280,0.99030
CVE-2010-3342,0.00958,0.81635
CVE-2010-3343,0.84967,0.98279
CVE-2010-3345,0.95592,0.99275
CVE-2010-3346,0.95592,0.99275
CVE-2010-3348,0.00958,0.81635
CVE-2010-3349,0.00042,0.05722
CVE-2010-3350,0.00042,0.05722
CVE-2010-3351,0.00042,0.05722
CVE-2010-3353,0.00042,0.05722
CVE-2010-3354,0.00042,0.05722
CVE-2010-3355,0.00042,0.05722
CVE-2010-3357,0.00042,0.05722
CVE-2010-3358,0.00042,0.05722
CVE-2010-3359,0.00042,0.05722
CVE-2010-3360,0.00042,0.05722
CVE-2010-3361,0.00042,0.05722
CVE-2010-3362,0.00042,0.05722
CVE-2010-3363,0.00042,0.05722
CVE-2010-3364,0.00042,0.05722
CVE-2010-3365,0.00042,0.05722
CVE-2010-3366,0.00042,0.05722
CVE-2010-3369,0.00042,0.05722
CVE-2010-3372,0.00042,0.05722
CVE-2010-3373,0.00047,0.13894
CVE-2010-3374,0.00042,0.05722
CVE-2010-3375,0.00893,0.80917
CVE-2010-3376,0.00042,0.05722
CVE-2010-3377,0.00042,0.05722
CVE-2010-3378,0.00042,0.05722
CVE-2010-3380,0.00042,0.05722
CVE-2010-3381,0.00042,0.05722
CVE-2010-3382,0.00042,0.05722
CVE-2010-3383,0.00042,0.05722
CVE-2010-3384,0.00042,0.05722
CVE-2010-3385,0.00042,0.05722
CVE-2010-3386,0.00042,0.05722
CVE-2010-3387,0.00042,0.05722
CVE-2010-3389,0.00042,0.05722
CVE-2010-3393,0.00042,0.05722
CVE-2010-3394,0.00042,0.05722
CVE-2010-3396,0.00059,0.22962
CVE-2010-3397,0.00559,0.75317
CVE-2010-3398,0.00226,0.60908
CVE-2010-3399,0.01514,0.85663
CVE-2010-3400,0.00246,0.62684
CVE-2010-3402,0.00596,0.76132
CVE-2010-3403,0.00559,0.75317
CVE-2010-3404,0.00064,0.26120
CVE-2010-3405,0.00044,0.08043
CVE-2010-3406,0.00044,0.08000
CVE-2010-3407,0.91232,0.98675
CVE-2010-3411,0.00183,0.55680
CVE-2010-3412,0.00132,0.48096
CVE-2010-3413,0.00474,0.73154
CVE-2010-3414,0.00285,0.65504
CVE-2010-3415,0.00289,0.65791
CVE-2010-3416,0.00243,0.62332
CVE-2010-3417,0.00117,0.45473
CVE-2010-3418,0.00254,0.63423
CVE-2010-3419,0.00721,0.78638
CVE-2010-3420,0.00220,0.60154
CVE-2010-3421,0.00242,0.62248
CVE-2010-3422,0.00068,0.28434
CVE-2010-3423,0.00230,0.61251
CVE-2010-3424,0.00220,0.59971
CVE-2010-3425,0.00161,0.52748
CVE-2010-3426,0.00826,0.80143
CVE-2010-3427,0.00254,0.63423
CVE-2010-3428,0.00064,0.26120
CVE-2010-3429,0.04733,0.91881
CVE-2010-3430,0.00044,0.08000
CVE-2010-3431,0.00044,0.08000
CVE-2010-3432,0.01713,0.86526
CVE-2010-3433,0.03964,0.91174
CVE-2010-3434,0.03812,0.91027
CVE-2010-3435,0.00044,0.08000
CVE-2010-3436,0.00564,0.75446
CVE-2010-3437,0.00042,0.00438
CVE-2010-3438,0.00719,0.78602
CVE-2010-3439,0.02530,0.89122
CVE-2010-3440,0.00090,0.37847
CVE-2010-3441,0.06799,0.93230
CVE-2010-3442,0.00044,0.08000
CVE-2010-3443,0.03158,0.90177
CVE-2010-3444,0.22843,0.96116
CVE-2010-3445,0.00623,0.76725
CVE-2010-3447,0.00332,0.68211
CVE-2010-3448,0.00042,0.05722
CVE-2010-3449,0.01182,0.83619
CVE-2010-3450,0.00584,0.75879
CVE-2010-3451,0.03119,0.90122
CVE-2010-3452,0.02347,0.88721
CVE-2010-3453,0.01724,0.86571
CVE-2010-3454,0.01724,0.86571
CVE-2010-3455,0.00220,0.60169
CVE-2010-3456,0.02574,0.89193
CVE-2010-3457,0.00415,0.71458
CVE-2010-3458,0.00204,0.58426
CVE-2010-3459,0.00342,0.68621
CVE-2010-3460,0.02865,0.89749
CVE-2010-3461,0.00068,0.28434
CVE-2010-3462,0.00343,0.68640
CVE-2010-3463,0.00220,0.60169
CVE-2010-3464,0.00333,0.68248
CVE-2010-3465,0.00254,0.63423
CVE-2010-3466,0.00220,0.60154
CVE-2010-3467,0.00064,0.26120
CVE-2010-3468,0.03383,0.90513
CVE-2010-3470,0.00287,0.65619
CVE-2010-3471,0.00344,0.68702
CVE-2010-3472,0.00249,0.62904
CVE-2010-3473,0.00359,0.69377
CVE-2010-3474,0.00266,0.64276
CVE-2010-3475,0.00259,0.63684
CVE-2010-3476,0.02279,0.88568
CVE-2010-3477,0.00042,0.05722
CVE-2010-3479,0.00077,0.31810
CVE-2010-3480,0.02206,0.88356
CVE-2010-3481,0.00381,0.70274
CVE-2010-3482,0.00106,0.42901
CVE-2010-3483,0.01253,0.84138
CVE-2010-3484,0.00297,0.66270
CVE-2010-3485,0.00111,0.44281
CVE-2010-3486,0.01001,0.82052
CVE-2010-3487,0.00305,0.66696
CVE-2010-3488,0.04528,0.91689
CVE-2010-3489,0.03319,0.90420
CVE-2010-3490,0.87336,0.98401
CVE-2010-3491,0.09692,0.94273
CVE-2010-3492,0.03775,0.90991
CVE-2010-3493,0.11549,0.94771
CVE-2010-3494,0.05333,0.92366
CVE-2010-3495,0.03761,0.90975
CVE-2010-3496,0.02534,0.89129
CVE-2010-3497,0.00792,0.79736
CVE-2010-3498,0.00569,0.75539
CVE-2010-3499,0.00569,0.75539
CVE-2010-3500,0.00265,0.64252
CVE-2010-3501,0.01613,0.86148
CVE-2010-3502,0.00105,0.42600
CVE-2010-3503,0.00042,0.00438
CVE-2010-3504,0.00168,0.53624
CVE-2010-3505,0.00298,0.66334
CVE-2010-3506,0.00042,0.00438
CVE-2010-3507,0.00042,0.00438
CVE-2010-3508,0.00042,0.00438
CVE-2010-3509,0.00527,0.74591
CVE-2010-3510,0.01773,0.86738
CVE-2010-3511,0.00042,0.00438
CVE-2010-3512,0.00195,0.57395
CVE-2010-3513,0.00042,0.00438
CVE-2010-3514,0.00225,0.60891
CVE-2010-3515,0.00042,0.00438
CVE-2010-3516,0.00042,0.00438
CVE-2010-3517,0.00042,0.00438
CVE-2010-3518,0.00105,0.42600
CVE-2010-3519,0.00112,0.44493
CVE-2010-3520,0.00105,0.42600
CVE-2010-3521,0.00105,0.42600
CVE-2010-3522,0.00105,0.42600
CVE-2010-3523,0.00180,0.55305
CVE-2010-3524,0.00105,0.42600
CVE-2010-3525,0.00105,0.42600
CVE-2010-3526,0.00105,0.42600
CVE-2010-3527,0.00162,0.52854
CVE-2010-3528,0.00105,0.42600
CVE-2010-3529,0.00105,0.42600
CVE-2010-3530,0.00105,0.42600
CVE-2010-3531,0.00105,0.42600
CVE-2010-3532,0.00105,0.42600
CVE-2010-3533,0.00105,0.42600
CVE-2010-3534,0.00043,0.05916
CVE-2010-3535,0.00043,0.05916
CVE-2010-3536,0.00105,0.42600
CVE-2010-3537,0.00105,0.42600
CVE-2010-3538,0.00105,0.42600
CVE-2010-3539,0.00105,0.42600
CVE-2010-3540,0.00042,0.00438
CVE-2010-3541,0.02128,0.88113
CVE-2010-3542,0.00042,0.00438
CVE-2010-3544,0.02704,0.89468
CVE-2010-3545,0.00187,0.56259
CVE-2010-3546,0.00158,0.52229
CVE-2010-3547,0.00105,0.42600
CVE-2010-3548,0.00697,0.78211
CVE-2010-3549,0.02441,0.88946
CVE-2010-3550,0.02012,0.87725
CVE-2010-3551,0.00729,0.78763
CVE-2010-3552,0.96366,0.99466
CVE-2010-3553,0.02441,0.88946
CVE-2010-3554,0.02697,0.89457
CVE-2010-3555,0.20392,0.95949
CVE-2010-3556,0.02297,0.88609
CVE-2010-3557,0.02441,0.88946
CVE-2010-3558,0.02045,0.87836
CVE-2010-3559,0.29214,0.96488
CVE-2010-3560,0.00671,0.77727
CVE-2010-3561,0.02697,0.89457
CVE-2010-3562,0.17376,0.95653
CVE-2010-3563,0.96462,0.99491
CVE-2010-3564,0.01107,0.82991
CVE-2010-3565,0.02810,0.89659
CVE-2010-3566,0.02829,0.89691
CVE-2010-3567,0.02697,0.89457
CVE-2010-3568,0.02062,0.87887
CVE-2010-3569,0.19776,0.95899
CVE-2010-3570,0.01635,0.86240
CVE-2010-3571,0.13708,0.95148
CVE-2010-3572,0.02297,0.88609
CVE-2010-3573,0.29604,0.96508
CVE-2010-3574,0.02715,0.89493
CVE-2010-3575,0.00234,0.61524
CVE-2010-3576,0.00042,0.00438
CVE-2010-3577,0.00246,0.62690
CVE-2010-3578,0.00605,0.76330
CVE-2010-3579,0.00234,0.61524
CVE-2010-3580,0.00042,0.00438
CVE-2010-3581,0.00125,0.46954
CVE-2010-3582,0.00448,0.72454
CVE-2010-3583,0.00524,0.74510
CVE-2010-3584,0.00043,0.05916
CVE-2010-3585,0.97398,0.99913
CVE-2010-3586,0.00044,0.10704
CVE-2010-3587,0.00432,0.71972
CVE-2010-3588,0.00363,0.69529
CVE-2010-3589,0.00432,0.71972
CVE-2010-3590,0.00220,0.59946
CVE-2010-3591,0.07820,0.93621
CVE-2010-3592,0.01695,0.86453
CVE-2010-3593,0.01540,0.85795
CVE-2010-3594,0.03761,0.90968
CVE-2010-3595,0.57464,0.97430
CVE-2010-3596,0.00676,0.77818
CVE-2010-3597,0.00062,0.24501
CVE-2010-3598,0.00804,0.79886
CVE-2010-3599,0.77036,0.97955
CVE-2010-3600,0.97259,0.99823
CVE-2010-3601,0.00077,0.31810
CVE-2010-3602,0.00271,0.64593
CVE-2010-3603,0.01034,0.82344
CVE-2010-3604,0.00129,0.47721
CVE-2010-3605,0.00192,0.57132
CVE-2010-3606,0.00373,0.69958
CVE-2010-3607,0.00127,0.47304
CVE-2010-3608,0.00064,0.26120
CVE-2010-3609,0.37093,0.96826
CVE-2010-3611,0.06091,0.92817
CVE-2010-3613,0.01380,0.84969
CVE-2010-3614,0.02325,0.88665
CVE-2010-3615,0.02448,0.88959
CVE-2010-3616,0.11637,0.94793
CVE-2010-3618,0.01575,0.85975
CVE-2010-3619,0.02036,0.87801
CVE-2010-3620,0.00602,0.76253
CVE-2010-3621,0.17430,0.95663
CVE-2010-3622,0.17430,0.95663
CVE-2010-3623,0.09169,0.94105
CVE-2010-3624,0.00485,0.73514
CVE-2010-3625,0.02174,0.88271
CVE-2010-3626,0.01837,0.87032
CVE-2010-3627,0.02025,0.87760
CVE-2010-3628,0.02036,0.87801
CVE-2010-3629,0.00602,0.76253
CVE-2010-3630,0.01818,0.86934
CVE-2010-3631,0.02038,0.87805
CVE-2010-3632,0.17430,0.95663
CVE-2010-3633,0.00308,0.66893
CVE-2010-3634,0.00277,0.64944
CVE-2010-3635,0.01835,0.87023
CVE-2010-3636,0.00982,0.81863
CVE-2010-3637,0.14043,0.95201
CVE-2010-3638,0.00616,0.76581
CVE-2010-3639,0.02684,0.89436
CVE-2010-3640,0.00844,0.80362
CVE-2010-3641,0.00844,0.80362
CVE-2010-3642,0.00844,0.80362
CVE-2010-3643,0.00844,0.80362
CVE-2010-3644,0.00844,0.80362
CVE-2010-3645,0.00844,0.80362
CVE-2010-3646,0.00844,0.80362
CVE-2010-3647,0.00844,0.80362
CVE-2010-3648,0.00844,0.80362
CVE-2010-3649,0.00844,0.80362
CVE-2010-3650,0.00844,0.80362
CVE-2010-3652,0.00844,0.80362
CVE-2010-3653,0.91905,0.98743
CVE-2010-3654,0.97402,0.99917
CVE-2010-3655,0.59440,0.97478
CVE-2010-3656,0.01208,0.83811
CVE-2010-3657,0.01208,0.83811
CVE-2010-3658,0.02036,0.87801
CVE-2010-3659,0.00134,0.48586
CVE-2010-3660,0.00061,0.24180
CVE-2010-3661,0.00099,0.40738
CVE-2010-3662,0.00164,0.53111
CVE-2010-3663,0.00769,0.79354
CVE-2010-3664,0.00101,0.41182
CVE-2010-3665,0.00061,0.24180
CVE-2010-3666,0.00106,0.42964
CVE-2010-3667,0.00112,0.44345
CVE-2010-3668,0.00088,0.36676
CVE-2010-3669,0.00061,0.24180
CVE-2010-3670,0.00106,0.42964
CVE-2010-3671,0.00211,0.59025
CVE-2010-3672,0.00090,0.37739
CVE-2010-3673,0.00106,0.42964
CVE-2010-3674,0.00986,0.81907
CVE-2010-3676,0.02134,0.88159
CVE-2010-3677,0.08041,0.93716
CVE-2010-3678,0.08444,0.93848
CVE-2010-3679,0.03375,0.90502
CVE-2010-3680,0.04628,0.91777
CVE-2010-3681,0.02062,0.87885
CVE-2010-3682,0.02062,0.87885
CVE-2010-3683,0.01513,0.85656
CVE-2010-3684,0.00042,0.05722
CVE-2010-3685,0.00828,0.80173
CVE-2010-3686,0.00828,0.80173
CVE-2010-3687,0.00288,0.65701
CVE-2010-3688,0.00190,0.56659
CVE-2010-3689,0.00044,0.10360
CVE-2010-3690,0.00358,0.69349
CVE-2010-3691,0.00044,0.08000
CVE-2010-3692,0.01074,0.82734
CVE-2010-3693,0.00501,0.73889
CVE-2010-3694,0.00214,0.59454
CVE-2010-3695,0.01113,0.83045
CVE-2010-3696,0.02517,0.89098
CVE-2010-3697,0.01233,0.84008
CVE-2010-3698,0.00062,0.24773
CVE-2010-3699,0.00064,0.26441
CVE-2010-3700,0.00527,0.74587
CVE-2010-3701,0.00279,0.65092
CVE-2010-3702,0.00425,0.71765
CVE-2010-3703,0.01090,0.82859
CVE-2010-3704,0.00568,0.75512
CVE-2010-3705,0.00647,0.77183
CVE-2010-3706,0.00233,0.61426
CVE-2010-3707,0.00233,0.61481
CVE-2010-3708,0.11255,0.94708
CVE-2010-3709,0.00238,0.62004
CVE-2010-3710,0.07840,0.93631
CVE-2010-3711,0.01127,0.83163
CVE-2010-3712,0.00258,0.63612
CVE-2010-3713,0.00256,0.63552
CVE-2010-3714,0.08517,0.93874
CVE-2010-3715,0.00088,0.37149
CVE-2010-3716,0.00309,0.66980
CVE-2010-3717,0.00527,0.74604
CVE-2010-3718,0.00240,0.62136
CVE-2010-3719,0.02161,0.88238
CVE-2010-3729,0.00459,0.72774
CVE-2010-3730,0.00397,0.70865
CVE-2010-3731,0.51641,0.97283
CVE-2010-3732,0.00553,0.75211
CVE-2010-3733,0.00042,0.05722
CVE-2010-3734,0.00143,0.50091
CVE-2010-3735,0.00300,0.66414
CVE-2010-3736,0.00316,0.67336
CVE-2010-3737,0.00300,0.66414
CVE-2010-3738,0.00122,0.46427
CVE-2010-3739,0.00289,0.65759
CVE-2010-3740,0.00300,0.66414
CVE-2010-3741,0.00042,0.05722
CVE-2010-3742,0.00639,0.77035
CVE-2010-3743,0.00348,0.68896
CVE-2010-3747,0.95844,0.99326
CVE-2010-3748,0.00671,0.77725
CVE-2010-3749,0.45464,0.97101
CVE-2010-3750,0.13902,0.95172
CVE-2010-3751,0.23161,0.96136
CVE-2010-3752,0.00460,0.72795
CVE-2010-3753,0.00456,0.72678
CVE-2010-3754,0.01604,0.86111
CVE-2010-3755,0.00784,0.79567
CVE-2010-3756,0.01612,0.86142
CVE-2010-3757,0.01917,0.87381
CVE-2010-3758,0.27653,0.96404
CVE-2010-3759,0.01917,0.87381
CVE-2010-3760,0.00653,0.77313
CVE-2010-3761,0.01952,0.87502
CVE-2010-3762,0.05385,0.92409
CVE-2010-3763,0.00319,0.67537
CVE-2010-3764,0.00614,0.76532
CVE-2010-3765,0.97062,0.99719
CVE-2010-3766,0.11196,0.94690
CVE-2010-3767,0.39976,0.96929
CVE-2010-3768,0.17436,0.95663
CVE-2010-3769,0.19983,0.95920
CVE-2010-3770,0.13968,0.95187
CVE-2010-3771,0.01500,0.85569
CVE-2010-3772,0.13632,0.95136
CVE-2010-3773,0.01303,0.84492
CVE-2010-3774,0.00421,0.71652
CVE-2010-3775,0.02309,0.88639
CVE-2010-3776,0.07246,0.93415
CVE-2010-3777,0.40659,0.96949
CVE-2010-3778,0.45789,0.97109
CVE-2010-3779,0.00223,0.60633
CVE-2010-3780,0.00882,0.80775
CVE-2010-3781,0.00518,0.74350
CVE-2010-3782,0.00076,0.31298
CVE-2010-3783,0.00152,0.51398
CVE-2010-3784,0.00243,0.62367
CVE-2010-3785,0.02067,0.87899
CVE-2010-3786,0.02153,0.88223
CVE-2010-3787,0.02526,0.89115
CVE-2010-3788,0.07987,0.93695
CVE-2010-3789,0.06252,0.92927
CVE-2010-3790,0.07829,0.93623
CVE-2010-3791,0.07153,0.93383
CVE-2010-3792,0.06214,0.92905
CVE-2010-3793,0.06252,0.92927
CVE-2010-3794,0.06152,0.92872
CVE-2010-3795,0.04060,0.91271
CVE-2010-3796,0.00259,0.63680
CVE-2010-3797,0.00116,0.45321
CVE-2010-3798,0.02067,0.87899
CVE-2010-3800,0.04461,0.91635
CVE-2010-3801,0.04461,0.91635
CVE-2010-3802,0.05224,0.92284
CVE-2010-3803,0.03526,0.90681
CVE-2010-3804,0.01798,0.86848
CVE-2010-3805,0.03317,0.90416
CVE-2010-3808,0.00915,0.81166
CVE-2010-3809,0.00915,0.81166
CVE-2010-3810,0.00543,0.74978
CVE-2010-3811,0.10580,0.94531
CVE-2010-3812,0.06326,0.92965
CVE-2010-3813,0.00557,0.75290
CVE-2010-3814,0.16031,0.95484
CVE-2010-3816,0.10580,0.94531
CVE-2010-3817,0.01034,0.82335
CVE-2010-3818,0.10580,0.94531
CVE-2010-3819,0.00915,0.81166
CVE-2010-3820,0.01129,0.83177
CVE-2010-3821,0.01264,0.84236
CVE-2010-3822,0.01034,0.82335
CVE-2010-3823,0.10580,0.94531
CVE-2010-3824,0.10580,0.94531
CVE-2010-3826,0.01034,0.82335
CVE-2010-3827,0.00756,0.79176
CVE-2010-3828,0.00170,0.54099
CVE-2010-3829,0.00520,0.74405
CVE-2010-3830,0.00049,0.14991
CVE-2010-3831,0.00213,0.59287
CVE-2010-3832,0.03605,0.90778
CVE-2010-3833,0.05496,0.92493
CVE-2010-3834,0.00969,0.81736
CVE-2010-3835,0.00785,0.79588
CVE-2010-3836,0.01041,0.82417
CVE-2010-3837,0.01041,0.82417
CVE-2010-3838,0.01041,0.82417
CVE-2010-3839,0.01996,0.87660
CVE-2010-3840,0.00899,0.80995
CVE-2010-3841,0.00218,0.59858
CVE-2010-3842,0.00307,0.66830
CVE-2010-3843,0.00047,0.13986
CVE-2010-3844,0.00657,0.77379
CVE-2010-3845,0.00283,0.65398
CVE-2010-3846,0.00044,0.08043
CVE-2010-3847,0.00083,0.34462
CVE-2010-3848,0.00044,0.08043
CVE-2010-3849,0.00044,0.08000
CVE-2010-3850,0.00044,0.08000
CVE-2010-3851,0.00064,0.26301
CVE-2010-3852,0.00573,0.75637
CVE-2010-3853,0.00042,0.05722
CVE-2010-3854,0.00409,0.71264
CVE-2010-3855,0.17434,0.95663
CVE-2010-3856,0.00042,0.00438
CVE-2010-3857,0.00112,0.44595
CVE-2010-3858,0.00044,0.08000
CVE-2010-3859,0.00044,0.08043
CVE-2010-3860,0.00710,0.78444
CVE-2010-3861,0.00044,0.08000
CVE-2010-3862,0.03560,0.90720
CVE-2010-3863,0.60854,0.97514
CVE-2010-3864,0.33466,0.96676
CVE-2010-3865,0.00044,0.08043
CVE-2010-3867,0.00565,0.75468
CVE-2010-3868,0.00603,0.76264
CVE-2010-3869,0.00175,0.54736
CVE-2010-3870,0.00451,0.72555
CVE-2010-3871,0.00220,0.60154
CVE-2010-3872,0.00051,0.17244
CVE-2010-3873,0.06310,0.92952
CVE-2010-3874,0.00044,0.08043
CVE-2010-3875,0.00042,0.05722
CVE-2010-3876,0.00044,0.08000
CVE-2010-3877,0.00044,0.08000
CVE-2010-3878,0.00188,0.56317
CVE-2010-3879,0.00067,0.27694
CVE-2010-3880,0.00044,0.08000
CVE-2010-3881,0.00044,0.08000
CVE-2010-3882,0.00135,0.48743
CVE-2010-3883,0.00091,0.38503
CVE-2010-3884,0.00212,0.59254
CVE-2010-3886,0.00851,0.80442
CVE-2010-3887,0.00201,0.58098
CVE-2010-3888,0.00315,0.67251
CVE-2010-3889,0.00051,0.17098
CVE-2010-3890,0.00609,0.76386
CVE-2010-3891,0.00448,0.72440
CVE-2010-3892,0.00624,0.76758
CVE-2010-3893,0.00826,0.80145
CVE-2010-3894,0.42445,0.97002
CVE-2010-3895,0.00042,0.05722
CVE-2010-3896,0.01191,0.83679
CVE-2010-3897,0.00311,0.67043
CVE-2010-3898,0.00231,0.61317
CVE-2010-3899,0.01065,0.82652
CVE-2010-3900,0.00249,0.62875
CVE-2010-3901,0.00092,0.38938
CVE-2010-3902,0.00391,0.70679
CVE-2010-3903,0.00644,0.77132
CVE-2010-3904,0.00088,0.37185
CVE-2010-3905,0.01886,0.87240
CVE-2010-3906,0.02991,0.89922
CVE-2010-3907,0.05086,0.92189
CVE-2010-3908,0.01939,0.87458
CVE-2010-3909,0.01224,0.83937
CVE-2010-3910,0.01060,0.82603
CVE-2010-3911,0.00254,0.63423
CVE-2010-3912,0.00453,0.72608
CVE-2010-3913,0.00464,0.72877
CVE-2010-3914,0.00704,0.78309
CVE-2010-3915,0.08370,0.93823
CVE-2010-3916,0.08370,0.93823
CVE-2010-3917,0.00113,0.44648
CVE-2010-3918,0.00506,0.74056
CVE-2010-3919,0.00320,0.67579
CVE-2010-3920,0.00042,0.05722
CVE-2010-3921,0.00250,0.63055
CVE-2010-3922,0.00368,0.69777
CVE-2010-3923,0.00042,0.05722
CVE-2010-3924,0.00345,0.68748
CVE-2010-3925,0.00552,0.75182
CVE-2010-3926,0.00265,0.64225
CVE-2010-3927,0.00042,0.05722
CVE-2010-3928,0.01129,0.83179
CVE-2010-3929,0.00230,0.61251
CVE-2010-3930,0.00343,0.68686
CVE-2010-3931,0.00208,0.58759
CVE-2010-3933,0.00376,0.70054
CVE-2010-3934,0.02576,0.89200
CVE-2010-3936,0.94629,0.99091
CVE-2010-3937,0.00384,0.70375
CVE-2010-3939,0.00060,0.23740
CVE-2010-3940,0.00054,0.19196
CVE-2010-3941,0.00054,0.19196
CVE-2010-3942,0.00052,0.17521
CVE-2010-3943,0.00061,0.24110
CVE-2010-3944,0.00055,0.20391
CVE-2010-3945,0.95083,0.99159
CVE-2010-3946,0.95073,0.99158
CVE-2010-3947,0.94895,0.99133
CVE-2010-3949,0.94895,0.99133
CVE-2010-3950,0.94863,0.99130
CVE-2010-3951,0.95083,0.99159
CVE-2010-3952,0.89605,0.98550
CVE-2010-3954,0.89605,0.98550
CVE-2010-3955,0.94280,0.99030
CVE-2010-3956,0.92563,0.98824
CVE-2010-3957,0.02598,0.89248
CVE-2010-3958,0.40540,0.96944
CVE-2010-3959,0.00053,0.18840
CVE-2010-3960,0.00072,0.29618
CVE-2010-3961,0.00042,0.00438
CVE-2010-3962,0.96971,0.99682
CVE-2010-3963,0.00042,0.00439
CVE-2010-3964,0.97060,0.99719
CVE-2010-3965,0.96771,0.99611
CVE-2010-3966,0.96736,0.99596
CVE-2010-3967,0.97145,0.99760
CVE-2010-3970,0.97295,0.99847
CVE-2010-3971,0.97181,0.99778
CVE-2010-3972,0.97011,0.99695
CVE-2010-3973,0.96446,0.99487
CVE-2010-3974,0.94534,0.99078
CVE-2010-3975,0.01088,0.82844
CVE-2010-3976,0.02580,0.89208
CVE-2010-3977,0.00423,0.71702
CVE-2010-3978,0.00666,0.77616
CVE-2010-3979,0.00708,0.78378
CVE-2010-3980,0.00204,0.58359
CVE-2010-3981,0.00206,0.58651
CVE-2010-3982,0.00500,0.73863
CVE-2010-3983,0.00267,0.64349
CVE-2010-3984,0.42685,0.97009
CVE-2010-3985,0.00249,0.62887
CVE-2010-3986,0.00333,0.68260
CVE-2010-3987,0.00847,0.80396
CVE-2010-3988,0.00663,0.77563
CVE-2010-3989,0.00140,0.49570
CVE-2010-3990,0.00626,0.76793
CVE-2010-3991,0.00994,0.82001
CVE-2010-3992,0.00365,0.69618
CVE-2010-3993,0.00300,0.66425
CVE-2010-3994,0.01322,0.84598
CVE-2010-3996,0.00042,0.05722
CVE-2010-3998,0.00042,0.05722
CVE-2010-3999,0.00042,0.05722
CVE-2010-4000,0.00042,0.05722
CVE-2010-4001,0.00042,0.05722
CVE-2010-4005,0.00042,0.05722
CVE-2010-4006,0.00104,0.42006
CVE-2010-4007,0.00135,0.48818
CVE-2010-4008,0.00171,0.54208
CVE-2010-4009,0.01910,0.87356
CVE-2010-4010,0.01392,0.85024
CVE-2010-4011,0.00116,0.45297
CVE-2010-4012,0.00044,0.10161
CVE-2010-4013,0.00312,0.67080
CVE-2010-4015,0.01880,0.87220
CVE-2010-4020,0.00247,0.62785
CVE-2010-4021,0.00397,0.70879
CVE-2010-4022,0.13030,0.95036
CVE-2010-4023,0.00847,0.80396
CVE-2010-4024,0.00139,0.49432
CVE-2010-4025,0.08967,0.94042
CVE-2010-4026,0.00042,0.05722
CVE-2010-4027,0.00042,0.05722
CVE-2010-4028,0.00912,0.81126
CVE-2010-4029,0.01558,0.85888
CVE-2010-4030,0.01863,0.87138
CVE-2010-4031,0.00551,0.75177
CVE-2010-4032,0.00282,0.65356
CVE-2010-4033,0.00608,0.76373
CVE-2010-4034,0.01881,0.87222
CVE-2010-4035,0.01881,0.87222
CVE-2010-4036,0.01258,0.84199
CVE-2010-4037,0.00587,0.75914
CVE-2010-4038,0.00839,0.80297
CVE-2010-4039,0.00448,0.72433
CVE-2010-4040,0.00283,0.65372
CVE-2010-4041,0.00992,0.81984
CVE-2010-4042,0.00749,0.79041
CVE-2010-4043,0.00603,0.76264
CVE-2010-4044,0.00732,0.78813
CVE-2010-4045,0.02416,0.88882
CVE-2010-4046,0.00664,0.77590
CVE-2010-4047,0.00275,0.64854
CVE-2010-4048,0.00308,0.66883
CVE-2010-4049,0.00694,0.78166
CVE-2010-4050,0.00739,0.78889
CVE-2010-4051,0.01820,0.86942
CVE-2010-4052,0.02296,0.88607
CVE-2010-4053,0.92509,0.98813
CVE-2010-4054,0.00522,0.74464
CVE-2010-4055,0.01803,0.86864
CVE-2010-4056,0.02874,0.89765
CVE-2010-4057,0.03170,0.90192
CVE-2010-4068,0.00116,0.45385
CVE-2010-4069,0.90486,0.98602
CVE-2010-4070,0.04431,0.91610
CVE-2010-4071,0.00259,0.63800
CVE-2010-4072,0.00044,0.08000
CVE-2010-4073,0.00044,0.08000
CVE-2010-4074,0.00044,0.08000
CVE-2010-4075,0.00044,0.08000
CVE-2010-4076,0.00042,0.05722
CVE-2010-4077,0.00045,0.12109
CVE-2010-4078,0.00044,0.08000
CVE-2010-4079,0.00044,0.08000
CVE-2010-4080,0.00044,0.08000
CVE-2010-4081,0.00044,0.08000
CVE-2010-4082,0.00044,0.08000
CVE-2010-4083,0.00044,0.08000
CVE-2010-4084,0.14532,0.95269
CVE-2010-4085,0.14532,0.95269
CVE-2010-4086,0.03244,0.90315
CVE-2010-4087,0.03244,0.90315
CVE-2010-4088,0.03244,0.90315
CVE-2010-4089,0.03244,0.90315
CVE-2010-4090,0.06501,0.93068
CVE-2010-4091,0.81211,0.98088
CVE-2010-4092,0.05367,0.92393
CVE-2010-4093,0.03589,0.90757
CVE-2010-4094,0.01128,0.83173
CVE-2010-4095,0.00430,0.71885
CVE-2010-4096,0.00042,0.05722
CVE-2010-4097,0.00192,0.57132
CVE-2010-4098,0.03761,0.90975
CVE-2010-4099,0.00609,0.76418
CVE-2010-4100,0.00626,0.76793
CVE-2010-4101,0.01322,0.84598
CVE-2010-4102,0.00417,0.71525
CVE-2010-4103,0.00456,0.72687
CVE-2010-4104,0.00333,0.68260
CVE-2010-4105,0.00379,0.70183
CVE-2010-4106,0.00267,0.64333
CVE-2010-4107,0.06537,0.93084
CVE-2010-4108,0.00878,0.80740
CVE-2010-4109,0.00994,0.82001
CVE-2010-4110,0.00042,0.05722
CVE-2010-4111,0.00202,0.58187
CVE-2010-4112,0.00626,0.76793
CVE-2010-4113,0.64997,0.97617
CVE-2010-4114,0.01404,0.85094
CVE-2010-4115,0.00650,0.77265
CVE-2010-4116,0.11091,0.94655
CVE-2010-4120,0.02784,0.89613
CVE-2010-4121,0.00630,0.76870
CVE-2010-4142,0.41280,0.96972
CVE-2010-4143,0.00075,0.30849
CVE-2010-4144,0.00170,0.54046
CVE-2010-4145,0.00285,0.65518
CVE-2010-4146,0.00254,0.63423
CVE-2010-4147,0.00345,0.68748
CVE-2010-4148,0.00360,0.69406
CVE-2010-4149,0.00538,0.74864
CVE-2010-4150,0.01935,0.87442
CVE-2010-4151,0.00361,0.69455
CVE-2010-4152,0.00064,0.26120
CVE-2010-4153,0.00373,0.69958
CVE-2010-4154,0.00570,0.75554
CVE-2010-4155,0.00355,0.69188
CVE-2010-4156,0.01225,0.83943
CVE-2010-4157,0.00044,0.08000
CVE-2010-4158,0.00044,0.08191
CVE-2010-4159,0.00042,0.05722
CVE-2010-4160,0.00044,0.08000
CVE-2010-4161,0.00103,0.41790
CVE-2010-4162,0.00044,0.08000
CVE-2010-4163,0.00044,0.08000
CVE-2010-4164,0.03199,0.90241
CVE-2010-4165,0.00042,0.00438
CVE-2010-4166,0.00448,0.72441
CVE-2010-4167,0.00044,0.08000
CVE-2010-4168,0.03265,0.90345
CVE-2010-4169,0.00044,0.08000
CVE-2010-4170,0.00070,0.28972
CVE-2010-4171,0.00044,0.08000
CVE-2010-4172,0.01280,0.84329
CVE-2010-4173,0.00042,0.05722
CVE-2010-4175,0.00044,0.08000
CVE-2010-4176,0.00169,0.53844
CVE-2010-4177,0.00047,0.14011
CVE-2010-4178,0.00046,0.12622
CVE-2010-4179,0.00042,0.05722
CVE-2010-4180,0.02260,0.88517
CVE-2010-4181,0.04834,0.91989
CVE-2010-4182,0.10322,0.94460
CVE-2010-4183,0.00132,0.48166
CVE-2010-4184,0.00217,0.59717
CVE-2010-4185,0.00064,0.26120
CVE-2010-4186,0.00073,0.30137
CVE-2010-4187,0.03461,0.90611
CVE-2010-4188,0.03040,0.90010
CVE-2010-4189,0.03210,0.90257
CVE-2010-4190,0.03210,0.90257
CVE-2010-4191,0.02331,0.88679
CVE-2010-4192,0.02705,0.89473
CVE-2010-4193,0.01837,0.87033
CVE-2010-4194,0.01837,0.87033
CVE-2010-4195,0.01837,0.87033
CVE-2010-4196,0.01837,0.87033
CVE-2010-4197,0.00534,0.74768
CVE-2010-4198,0.02161,0.88241
CVE-2010-4199,0.00777,0.79485
CVE-2010-4201,0.00523,0.74494
CVE-2010-4202,0.00523,0.74494
CVE-2010-4203,0.03112,0.90112
CVE-2010-4204,0.00620,0.76665
CVE-2010-4205,0.01590,0.86039
CVE-2010-4206,0.01017,0.82191
CVE-2010-4207,0.00329,0.68032
CVE-2010-4208,0.00355,0.69186
CVE-2010-4209,0.00329,0.68032
CVE-2010-4210,0.00050,0.16036
CVE-2010-4211,0.00083,0.34409
CVE-2010-4212,0.00051,0.17134
CVE-2010-4213,0.00132,0.48071
CVE-2010-4214,0.00132,0.48071
CVE-2010-4215,0.00319,0.67526
CVE-2010-4216,0.03493,0.90644
CVE-2010-4217,0.05178,0.92248
CVE-2010-4218,0.00345,0.68753
CVE-2010-4219,0.00122,0.46437
CVE-2010-4220,0.00150,0.51060
CVE-2010-4221,0.96250,0.99422
CVE-2010-4225,0.00573,0.75617
CVE-2010-4226,0.00322,0.67668
CVE-2010-4227,0.93995,0.98990
CVE-2010-4228,0.94212,0.99020
CVE-2010-4229,0.90320,0.98593
CVE-2010-4230,0.10641,0.94553
CVE-2010-4231,0.01615,0.86156
CVE-2010-4232,0.02885,0.89780
CVE-2010-4233,0.01071,0.82712
CVE-2010-4234,0.03749,0.90955
CVE-2010-4235,0.08574,0.93911
CVE-2010-4236,0.00043,0.07639
CVE-2010-4237,0.00192,0.57001
CVE-2010-4238,0.00082,0.34028
CVE-2010-4239,0.04033,0.91233
CVE-2010-4240,0.00110,0.44063
CVE-2010-4241,0.00211,0.59054
CVE-2010-4242,0.00044,0.08000
CVE-2010-4243,0.00044,0.08000
CVE-2010-4245,0.00105,0.42410
CVE-2010-4246,0.00366,0.69655
CVE-2010-4247,0.00064,0.26441
CVE-2010-4248,0.00044,0.08000
CVE-2010-4249,0.00042,0.00438
CVE-2010-4250,0.00045,0.12314
CVE-2010-4251,0.02159,0.88235
CVE-2010-4252,0.03020,0.89960
CVE-2010-4253,0.01278,0.84309
CVE-2010-4254,0.34695,0.96729
CVE-2010-4255,0.00203,0.58266
CVE-2010-4256,0.00042,0.05722
CVE-2010-4257,0.00122,0.46525
CVE-2010-4258,0.00044,0.08000
CVE-2010-4259,0.16555,0.95541
CVE-2010-4260,0.16163,0.95503
CVE-2010-4261,0.08610,0.93920
CVE-2010-4262,0.03913,0.91136
CVE-2010-4263,0.00584,0.75874
CVE-2010-4264,0.00062,0.24801
CVE-2010-4265,0.02843,0.89719
CVE-2010-4266,0.00073,0.30345
CVE-2010-4267,0.10962,0.94630
CVE-2010-4268,0.00134,0.48603
CVE-2010-4269,0.00064,0.26120
CVE-2010-4270,0.00469,0.73022
CVE-2010-4271,0.00135,0.48729
CVE-2010-4272,0.00123,0.46645
CVE-2010-4273,0.00064,0.26120
CVE-2010-4274,0.00042,0.05722
CVE-2010-4275,0.00102,0.41277
CVE-2010-4276,0.00488,0.73562
CVE-2010-4277,0.00192,0.57132
CVE-2010-4278,0.02960,0.89881
CVE-2010-4279,0.96475,0.99495
CVE-2010-4280,0.00328,0.67951
CVE-2010-4281,0.02251,0.88482
CVE-2010-4282,0.01214,0.83851
CVE-2010-4283,0.02251,0.88482
CVE-2010-4284,0.00177,0.54916
CVE-2010-4294,0.11381,0.94733
CVE-2010-4295,0.00062,0.24773
CVE-2010-4296,0.00062,0.24773
CVE-2010-4297,0.00100,0.40871
CVE-2010-4298,0.00064,0.26120
CVE-2010-4299,0.87242,0.98397
CVE-2010-4300,0.31236,0.96585
CVE-2010-4301,0.01222,0.83921
CVE-2010-4302,0.00042,0.05722
CVE-2010-4303,0.00042,0.05722
CVE-2010-4304,0.00208,0.58812
CVE-2010-4305,0.00191,0.56822
CVE-2010-4306,0.02331,0.88679
CVE-2010-4307,0.01836,0.87029
CVE-2010-4308,0.00640,0.77052
CVE-2010-4309,0.00640,0.77052
CVE-2010-4311,0.00140,0.49503
CVE-2010-4312,0.00203,0.58262
CVE-2010-4313,0.02046,0.87837
CVE-2010-4314,0.03168,0.90190
CVE-2010-4321,0.41479,0.96976
CVE-2010-4322,0.00056,0.21034
CVE-2010-4323,0.95353,0.99219
CVE-2010-4324,0.00649,0.77198
CVE-2010-4325,0.82459,0.98163
CVE-2010-4326,0.69179,0.97721
CVE-2010-4327,0.12346,0.94930
CVE-2010-4328,0.93799,0.98966
CVE-2010-4329,0.00382,0.70312
CVE-2010-4330,0.06417,0.93021
CVE-2010-4331,0.00481,0.73387
CVE-2010-4332,0.01417,0.85153
CVE-2010-4333,0.00897,0.80961
CVE-2010-4334,0.00422,0.71693
CVE-2010-4335,0.92650,0.98833
CVE-2010-4336,0.05486,0.92488
CVE-2010-4337,0.00042,0.05722
CVE-2010-4338,0.00042,0.05722
CVE-2010-4339,0.00122,0.46493
CVE-2010-4340,0.00153,0.51528
CVE-2010-4341,0.00044,0.08000
CVE-2010-4342,0.00315,0.67266
CVE-2010-4343,0.00042,0.05722
CVE-2010-4344,0.93069,0.98877
CVE-2010-4345,0.00121,0.46293
CVE-2010-4346,0.00044,0.08000
CVE-2010-4347,0.00044,0.08000
CVE-2010-4348,0.00481,0.73367
CVE-2010-4349,0.00672,0.77750
CVE-2010-4350,0.02436,0.88936
CVE-2010-4351,0.01026,0.82254
CVE-2010-4352,0.00044,0.08000
CVE-2010-4353,0.00761,0.79243
CVE-2010-4354,0.00248,0.62840
CVE-2010-4355,0.00116,0.45403
CVE-2010-4356,0.00064,0.26120
CVE-2010-4357,0.00064,0.26120
CVE-2010-4358,0.00415,0.71458
CVE-2010-4359,0.00268,0.64434
CVE-2010-4360,0.00125,0.47070
CVE-2010-4361,0.00132,0.48166
CVE-2010-4362,0.00064,0.26120
CVE-2010-4363,0.00358,0.69329
CVE-2010-4364,0.00542,0.74970
CVE-2010-4365,0.00127,0.47293
CVE-2010-4366,0.00366,0.69655
CVE-2010-4367,0.06854,0.93253
CVE-2010-4368,0.01220,0.83907
CVE-2010-4369,0.00520,0.74390
CVE-2010-4370,0.10350,0.94468
CVE-2010-4371,0.01643,0.86275
CVE-2010-4372,0.00774,0.79431
CVE-2010-4373,0.00450,0.72512
CVE-2010-4374,0.00450,0.72512
CVE-2010-4375,0.26228,0.96320
CVE-2010-4376,0.26228,0.96320
CVE-2010-4377,0.23161,0.96136
CVE-2010-4378,0.17369,0.95652
CVE-2010-4379,0.00773,0.79416
CVE-2010-4380,0.00507,0.74096
CVE-2010-4381,0.00507,0.74096
CVE-2010-4382,0.00773,0.79416
CVE-2010-4383,0.00773,0.79416
CVE-2010-4384,0.17697,0.95695
CVE-2010-4385,0.00792,0.79737
CVE-2010-4386,0.03954,0.91166
CVE-2010-4387,0.04022,0.91227
CVE-2010-4388,0.04849,0.92001
CVE-2010-4389,0.26228,0.96320
CVE-2010-4390,0.00773,0.79416
CVE-2010-4391,0.26228,0.96320
CVE-2010-4392,0.35600,0.96757
CVE-2010-4393,0.81286,0.98092
CVE-2010-4394,0.02691,0.89446
CVE-2010-4395,0.26228,0.96320
CVE-2010-4396,0.01582,0.86007
CVE-2010-4397,0.11399,0.94739
CVE-2010-4398,0.00043,0.07520
CVE-2010-4399,0.05284,0.92324
CVE-2010-4400,0.00399,0.70941
CVE-2010-4401,0.00454,0.72646
CVE-2010-4402,0.00379,0.70181
CVE-2010-4403,0.00287,0.65654
CVE-2010-4404,0.00135,0.48729
CVE-2010-4405,0.00220,0.60154
CVE-2010-4406,0.01076,0.82755
CVE-2010-4407,0.00220,0.60169
CVE-2010-4408,0.00394,0.70784
CVE-2010-4409,0.02398,0.88842
CVE-2010-4410,0.00760,0.79232
CVE-2010-4411,0.00784,0.79579
CVE-2010-4412,0.00231,0.61312
CVE-2010-4413,0.00367,0.69703
CVE-2010-4414,0.00062,0.24501
CVE-2010-4415,0.00044,0.10704
CVE-2010-4416,0.94186,0.99017
CVE-2010-4417,0.76800,0.97948
CVE-2010-4418,0.01456,0.85367
CVE-2010-4419,0.00363,0.69529
CVE-2010-4420,0.00062,0.24501
CVE-2010-4421,0.01399,0.85069
CVE-2010-4422,0.01621,0.86186
CVE-2010-4423,0.00062,0.24501
CVE-2010-4424,0.01603,0.86110
CVE-2010-4425,0.00169,0.53924
CVE-2010-4426,0.00888,0.80859
CVE-2010-4427,0.00171,0.54190
CVE-2010-4428,0.00366,0.69681
CVE-2010-4429,0.00169,0.53924
CVE-2010-4430,0.00366,0.69681
CVE-2010-4431,0.00044,0.10704
CVE-2010-4432,0.00363,0.69529
CVE-2010-4433,0.00625,0.76775
CVE-2010-4434,0.00366,0.69681
CVE-2010-4435,0.95852,0.99327
CVE-2010-4436,0.00565,0.75459
CVE-2010-4437,0.14625,0.95282
CVE-2010-4438,0.00062,0.24501
CVE-2010-4439,0.00366,0.69681
CVE-2010-4440,0.00044,0.10704
CVE-2010-4441,0.00366,0.69681
CVE-2010-4442,0.00044,0.10704
CVE-2010-4443,0.00044,0.10704
CVE-2010-4444,0.01443,0.85296
CVE-2010-4445,0.00366,0.69681
CVE-2010-4446,0.00044,0.10704
CVE-2010-4447,0.00726,0.78712
CVE-2010-4448,0.00650,0.77256
CVE-2010-4449,0.08029,0.93712
CVE-2010-4450,0.00093,0.39149
CVE-2010-4451,0.01621,0.86186
CVE-2010-4452,0.96519,0.99515
CVE-2010-4453,0.00438,0.72182
CVE-2010-4454,0.02110,0.88041
CVE-2010-4455,0.00846,0.80378
CVE-2010-4456,0.00364,0.69588
CVE-2010-4457,0.01515,0.85667
CVE-2010-4458,0.00044,0.10704
CVE-2010-4459,0.00044,0.10704
CVE-2010-4460,0.00044,0.10704
CVE-2010-4461,0.00366,0.69681
CVE-2010-4462,0.08313,0.93802
CVE-2010-4463,0.03183,0.90215
CVE-2010-4464,0.00565,0.75459
CVE-2010-4465,0.01269,0.84257
CVE-2010-4466,0.03244,0.90316
CVE-2010-4467,0.00986,0.81910
CVE-2010-4468,0.00718,0.78556
CVE-2010-4469,0.01159,0.83410
CVE-2010-4470,0.03066,0.90044
CVE-2010-4471,0.00653,0.77315
CVE-2010-4472,0.02708,0.89477
CVE-2010-4473,0.02144,0.88182
CVE-2010-4474,0.00044,0.10704
CVE-2010-4475,0.00626,0.76787
CVE-2010-4476,0.04141,0.91362
CVE-2010-4478,0.02241,0.88462
CVE-2010-4479,0.11313,0.94720
CVE-2010-4480,0.02050,0.87850
CVE-2010-4481,0.00558,0.75297
CVE-2010-4482,0.00214,0.59468
CVE-2010-4483,0.00251,0.63142
CVE-2010-4484,0.00226,0.60895
CVE-2010-4485,0.00338,0.68463
CVE-2010-4486,0.00454,0.72633
CVE-2010-4487,0.00389,0.70607
CVE-2010-4488,0.00455,0.72661
CVE-2010-4489,0.01329,0.84638
CVE-2010-4490,0.00455,0.72652
CVE-2010-4491,0.00338,0.68463
CVE-2010-4492,0.02899,0.89801
CVE-2010-4493,0.02842,0.89715
CVE-2010-4494,0.00285,0.65530
CVE-2010-4495,0.00843,0.80349
CVE-2010-4496,0.00450,0.72513
CVE-2010-4497,0.00314,0.67230
CVE-2010-4498,0.01886,0.87240
CVE-2010-4499,0.00501,0.73884
CVE-2010-4500,0.00125,0.47070
CVE-2010-4502,0.00055,0.20597
CVE-2010-4503,0.00064,0.26120
CVE-2010-4504,0.00367,0.69722
CVE-2010-4505,0.00108,0.43336
CVE-2010-4506,0.00060,0.23589
CVE-2010-4507,0.00563,0.75374
CVE-2010-4508,0.00308,0.66914
CVE-2010-4509,0.00269,0.64448
CVE-2010-4511,0.00308,0.66914
CVE-2010-4512,0.00042,0.05722
CVE-2010-4513,0.01364,0.84889
CVE-2010-4514,0.00275,0.64870
CVE-2010-4515,0.00214,0.59433
CVE-2010-4516,0.00192,0.57132
CVE-2010-4517,0.00075,0.30849
CVE-2010-4518,0.00195,0.57440
CVE-2010-4519,0.00159,0.52409
CVE-2010-4520,0.00192,0.57132
CVE-2010-4521,0.00259,0.63800
CVE-2010-4522,0.00192,0.57132
CVE-2010-4523,0.00238,0.62001
CVE-2010-4524,0.00326,0.67841
CVE-2010-4525,0.00042,0.05722
CVE-2010-4526,0.06235,0.92918
CVE-2010-4527,0.00042,0.05722
CVE-2010-4528,0.01552,0.85848
CVE-2010-4529,0.00042,0.05722
CVE-2010-4530,0.00125,0.46955
CVE-2010-4531,0.00122,0.46516
CVE-2010-4532,0.00196,0.57545
CVE-2010-4533,0.00659,0.77424
CVE-2010-4534,0.00310,0.67009
CVE-2010-4535,0.12734,0.94988
CVE-2010-4536,0.00669,0.77693
CVE-2010-4537,0.00612,0.76485
CVE-2010-4538,0.91697,0.98716
CVE-2010-4539,0.00545,0.75039
CVE-2010-4540,0.00697,0.78200
CVE-2010-4541,0.02654,0.89367
CVE-2010-4542,0.00716,0.78532
CVE-2010-4543,0.08856,0.94003
CVE-2010-4544,0.00191,0.56743
CVE-2010-4545,0.00316,0.67336
CVE-2010-4546,0.00156,0.52028
CVE-2010-4547,0.00109,0.43865
CVE-2010-4548,0.00525,0.74537
CVE-2010-4549,0.00156,0.52028
CVE-2010-4550,0.01345,0.84731
CVE-2010-4551,0.00425,0.71770
CVE-2010-4552,0.00773,0.79421
CVE-2010-4553,0.01345,0.84731
CVE-2010-4554,0.00446,0.72385
CVE-2010-4555,0.00316,0.67362
CVE-2010-4556,0.21477,0.96029
CVE-2010-4557,0.10232,0.94445
CVE-2010-4558,0.00651,0.77286
CVE-2010-4562,0.00550,0.75155
CVE-2010-4563,0.00302,0.66550
CVE-2010-4565,0.00042,0.05722
CVE-2010-4566,0.08639,0.93926
CVE-2010-4567,0.00356,0.69259
CVE-2010-4568,0.01802,0.86860
CVE-2010-4569,0.00243,0.62359
CVE-2010-4570,0.00243,0.62359
CVE-2010-4572,0.00994,0.82003
CVE-2010-4573,0.01886,0.87240
CVE-2010-4574,0.01897,0.87301
CVE-2010-4575,0.00764,0.79281
CVE-2010-4576,0.01334,0.84669
CVE-2010-4577,0.00755,0.79135
CVE-2010-4578,0.00973,0.81782
CVE-2010-4579,0.00489,0.73609
CVE-2010-4580,0.00465,0.72928
CVE-2010-4581,0.00378,0.70141
CVE-2010-4582,0.00554,0.75240
CVE-2010-4583,0.00365,0.69640
CVE-2010-4584,0.00277,0.64988
CVE-2010-4585,0.01282,0.84358
CVE-2010-4586,0.00397,0.70865
CVE-2010-4587,0.00540,0.74912
CVE-2010-4588,0.94699,0.99103
CVE-2010-4589,0.00250,0.63004
CVE-2010-4590,0.00191,0.56743
CVE-2010-4591,0.00044,0.10161
CVE-2010-4592,0.00814,0.79986
CVE-2010-4593,0.00316,0.67336
CVE-2010-4594,0.00313,0.67140
CVE-2010-4595,0.00186,0.55934
CVE-2010-4596,0.04783,0.91952
CVE-2010-4597,0.26731,0.96343
CVE-2010-4598,0.03909,0.91131
CVE-2010-4599,0.00042,0.05722
CVE-2010-4600,0.00305,0.66695
CVE-2010-4601,0.00226,0.60953
CVE-2010-4602,0.01370,0.84914
CVE-2010-4603,0.00657,0.77383
CVE-2010-4604,0.00059,0.22799
CVE-2010-4605,0.00042,0.05722
CVE-2010-4606,0.01922,0.87398
CVE-2010-4607,0.00986,0.81906
CVE-2010-4608,0.00287,0.65654
CVE-2010-4609,0.00102,0.41519
CVE-2010-4610,0.00199,0.57826
CVE-2010-4611,0.00287,0.65654
CVE-2010-4612,0.00637,0.76983
CVE-2010-4613,0.01011,0.82139
CVE-2010-4614,0.00064,0.26120
CVE-2010-4615,0.00064,0.26120
CVE-2010-4616,0.00220,0.60207
CVE-2010-4617,0.00826,0.80143
CVE-2010-4618,0.00220,0.60154
CVE-2010-4619,0.00064,0.26120
CVE-2010-4622,0.00982,0.81860
CVE-2010-4623,0.00316,0.67336
CVE-2010-4624,0.00188,0.56338
CVE-2010-4625,0.00625,0.76775
CVE-2010-4626,0.00722,0.78642
CVE-2010-4627,0.00304,0.66622
CVE-2010-4628,0.02089,0.87985
CVE-2010-4629,0.02576,0.89200
CVE-2010-4630,0.00367,0.69722
CVE-2010-4631,0.00612,0.76489
CVE-2010-4632,0.00240,0.62135
CVE-2010-4633,0.00064,0.26120
CVE-2010-4634,0.00661,0.77499
CVE-2010-4635,0.00089,0.37471
CVE-2010-4636,0.00073,0.30137
CVE-2010-4637,0.00367,0.69722
CVE-2010-4638,0.00064,0.26120
CVE-2010-4639,0.00103,0.41633
CVE-2010-4640,0.00265,0.64225
CVE-2010-4641,0.00230,0.61251
CVE-2010-4642,0.00254,0.63423
CVE-2010-4643,0.01866,0.87144
CVE-2010-4644,0.00655,0.77354
CVE-2010-4645,0.02116,0.88058
CVE-2010-4646,0.00254,0.63423
CVE-2010-4647,0.52112,0.97303
CVE-2010-4648,0.00244,0.62534
CVE-2010-4649,0.00042,0.05722
CVE-2010-4650,0.00042,0.05722
CVE-2010-4651,0.00545,0.75038
CVE-2010-4652,0.25625,0.96289
CVE-2010-4653,0.00973,0.81778
CVE-2010-4654,0.00144,0.50198
CVE-2010-4655,0.00052,0.17512
CVE-2010-4656,0.00042,0.05722
CVE-2010-4657,0.00754,0.79118
CVE-2010-4658,0.00062,0.24801
CVE-2010-4659,0.00090,0.37739
CVE-2010-4660,0.00196,0.57531
CVE-2010-4661,0.00042,0.05722
CVE-2010-4662,0.00084,0.35108
CVE-2010-4663,0.00290,0.65815
CVE-2010-4664,0.00264,0.64109
CVE-2010-4665,0.04475,0.91649
CVE-2010-4666,0.00656,0.77365
CVE-2010-4667,0.00220,0.60154
CVE-2010-4668,0.00042,0.05722
CVE-2010-4669,0.02920,0.89822
CVE-2010-4670,0.04121,0.91338
CVE-2010-4671,0.01203,0.83776
CVE-2010-4672,0.01282,0.84358
CVE-2010-4673,0.00712,0.78466
CVE-2010-4674,0.01282,0.84358
CVE-2010-4675,0.00324,0.67783
CVE-2010-4676,0.00458,0.72746
CVE-2010-4677,0.01017,0.82188
CVE-2010-4678,0.00769,0.79368
CVE-2010-4679,0.00374,0.69992
CVE-2010-4680,0.00301,0.66475
CVE-2010-4681,0.01060,0.82603
CVE-2010-4682,0.01282,0.84358
CVE-2010-4683,0.00259,0.63761
CVE-2010-4684,0.00259,0.63761
CVE-2010-4685,0.00115,0.45154
CVE-2010-4686,0.00259,0.63761
CVE-2010-4687,0.00259,0.63761
CVE-2010-4688,0.01282,0.84358
CVE-2010-4689,0.00313,0.67167
CVE-2010-4690,0.00372,0.69919
CVE-2010-4691,0.01282,0.84358
CVE-2010-4692,0.01282,0.84358
CVE-2010-4693,0.05997,0.92775
CVE-2010-4694,0.02117,0.88062
CVE-2010-4695,0.01182,0.83618
CVE-2010-4696,0.00135,0.48729
CVE-2010-4697,0.00867,0.80600
CVE-2010-4698,0.01137,0.83247
CVE-2010-4699,0.00600,0.76216
CVE-2010-4700,0.00175,0.54720
CVE-2010-4701,0.96524,0.99517
CVE-2010-4702,0.00135,0.48729
CVE-2010-4703,0.00102,0.41519
CVE-2010-4704,0.14838,0.95315
CVE-2010-4705,0.00241,0.62193
CVE-2010-4706,0.00042,0.05722
CVE-2010-4707,0.00042,0.05722
CVE-2010-4708,0.00042,0.05722
CVE-2010-4709,0.67846,0.97679
CVE-2010-4710,0.00220,0.60154
CVE-2010-4711,0.05185,0.92258
CVE-2010-4712,0.50187,0.97246
CVE-2010-4713,0.52306,0.97306
CVE-2010-4714,0.18313,0.95746
CVE-2010-4715,0.01558,0.85881
CVE-2010-4716,0.00191,0.56731
CVE-2010-4717,0.19879,0.95911
CVE-2010-4718,0.00199,0.57863
CVE-2010-4719,0.04503,0.91678
CVE-2010-4720,0.00135,0.48729
CVE-2010-4721,0.00064,0.26120
CVE-2010-4722,0.00217,0.59716
CVE-2010-4723,0.00202,0.58216
CVE-2010-4724,0.00217,0.59716
CVE-2010-4725,0.00299,0.66389
CVE-2010-4726,0.00217,0.59716
CVE-2010-4727,0.00217,0.59716
CVE-2010-4728,0.00150,0.51023
CVE-2010-4729,0.00091,0.38503
CVE-2010-4730,0.00300,0.66442
CVE-2010-4731,0.00264,0.64177
CVE-2010-4732,0.00822,0.80090
CVE-2010-4733,0.00784,0.79580
CVE-2010-4734,0.00670,0.77709
CVE-2010-4735,0.00064,0.26120
CVE-2010-4736,0.00073,0.30137
CVE-2010-4737,0.00061,0.23948
CVE-2010-4738,0.00128,0.47399
CVE-2010-4739,0.00409,0.71243
CVE-2010-4740,0.63388,0.97579
CVE-2010-4741,0.06699,0.93176
CVE-2010-4742,0.79363,0.98026
CVE-2010-4743,0.04939,0.92062
CVE-2010-4744,0.00379,0.70169
CVE-2010-4745,0.00347,0.68851
CVE-2010-4746,0.00247,0.62770
CVE-2010-4747,0.00481,0.73387
CVE-2010-4748,0.00379,0.70181
CVE-2010-4749,0.00992,0.81985
CVE-2010-4750,0.00386,0.70478
CVE-2010-4751,0.00174,0.54585
CVE-2010-4752,0.00135,0.48729
CVE-2010-4753,0.00192,0.57132
CVE-2010-4754,0.01128,0.83172
CVE-2010-4755,0.01098,0.82931
CVE-2010-4756,0.00824,0.80113
CVE-2010-4757,0.00342,0.68621
CVE-2010-4758,0.00042,0.05767
CVE-2010-4759,0.00191,0.56784
CVE-2010-4760,0.00088,0.36850
CVE-2010-4761,0.00112,0.44286
CVE-2010-4762,0.00067,0.27655
CVE-2010-4763,0.00197,0.57625
CVE-2010-4764,0.00216,0.59621
CVE-2010-4765,0.00166,0.53277
CVE-2010-4766,0.00191,0.56769
CVE-2010-4767,0.00325,0.67839
CVE-2010-4768,0.00197,0.57625
CVE-2010-4769,0.00826,0.80143
CVE-2010-4770,0.00087,0.36669
CVE-2010-4771,0.00102,0.41519
CVE-2010-4772,0.00199,0.57826
CVE-2010-4773,0.07975,0.93690
CVE-2010-4774,0.00075,0.30849
CVE-2010-4775,0.00557,0.75288
CVE-2010-4776,0.00064,0.26120
CVE-2010-4777,0.00520,0.74401
CVE-2010-4778,0.00132,0.48166
CVE-2010-4779,0.00220,0.60207
CVE-2010-4780,0.01027,0.82267
CVE-2010-4781,0.01127,0.83166
CVE-2010-4782,0.00178,0.55122
CVE-2010-4783,0.00670,0.77709
CVE-2010-4784,0.00181,0.55357
CVE-2010-4785,0.00174,0.54675
CVE-2010-4786,0.00174,0.54675
CVE-2010-4787,0.00174,0.54675
CVE-2010-4788,0.00227,0.60976
CVE-2010-4789,0.00358,0.69315
CVE-2010-4790,0.00313,0.67137
CVE-2010-4791,0.00114,0.44859
CVE-2010-4792,0.00767,0.79328
CVE-2010-4793,0.00076,0.31147
CVE-2010-4794,0.00611,0.76447
CVE-2010-4795,0.00409,0.71243
CVE-2010-4796,0.00135,0.48729
CVE-2010-4797,0.00142,0.49912
CVE-2010-4798,0.00669,0.77686
CVE-2010-4799,0.00142,0.49912
CVE-2010-4800,0.00121,0.46370
CVE-2010-4801,0.01023,0.82233
CVE-2010-4802,0.00420,0.71616
CVE-2010-4803,0.00299,0.66379
CVE-2010-4804,0.09736,0.94284
CVE-2010-4805,0.00777,0.79492
CVE-2010-4806,0.00114,0.44771
CVE-2010-4807,0.00186,0.56001
CVE-2010-4808,0.00064,0.26120
CVE-2010-4809,0.00064,0.26120
CVE-2010-4810,0.01175,0.83571
CVE-2010-4811,0.00192,0.57132
CVE-2010-4812,0.00229,0.61156
CVE-2010-4813,0.00108,0.43456
CVE-2010-4814,0.00064,0.26120
CVE-2010-4815,0.01130,0.83184
CVE-2010-4816,0.00349,0.68934
CVE-2010-4817,0.00047,0.14042
CVE-2010-4818,0.01196,0.83719
CVE-2010-4819,0.00042,0.05722
CVE-2010-4820,0.00042,0.05722
CVE-2010-4821,0.04879,0.92021
CVE-2010-4822,0.02843,0.89716
CVE-2010-4823,0.00597,0.76141
CVE-2010-4824,0.00731,0.78799
CVE-2010-4825,0.00404,0.71085
CVE-2010-4826,0.00135,0.48729
CVE-2010-4827,0.00219,0.59940
CVE-2010-4828,0.00242,0.62248
CVE-2010-4829,0.00064,0.26120
CVE-2010-4830,0.00073,0.30137
CVE-2010-4831,0.00042,0.05722
CVE-2010-4832,0.00193,0.57159
CVE-2010-4833,0.00094,0.39348
CVE-2010-4834,0.00202,0.58231
CVE-2010-4835,0.03198,0.90237
CVE-2010-4836,0.01032,0.82313
CVE-2010-4837,0.03319,0.90420
CVE-2010-4838,0.00072,0.29621
CVE-2010-4839,0.00068,0.28434
CVE-2010-4840,0.01850,0.87084
CVE-2010-4841,0.00117,0.45629
CVE-2010-4842,0.00064,0.26120
CVE-2010-4843,0.00091,0.38645
CVE-2010-4844,0.00114,0.44859
CVE-2010-4845,0.00064,0.26120
CVE-2010-4846,0.00064,0.26120
CVE-2010-4847,0.00114,0.44859
CVE-2010-4848,0.00415,0.71458
CVE-2010-4849,0.00068,0.28434
CVE-2010-4850,0.01270,0.84261
CVE-2010-4851,0.02117,0.88063
CVE-2010-4852,0.00986,0.81906
CVE-2010-4853,0.00064,0.26120
CVE-2010-4854,0.00129,0.47721
CVE-2010-4855,0.00064,0.26120
CVE-2010-4856,0.00075,0.30849
CVE-2010-4857,0.00087,0.36669
CVE-2010-4858,0.00642,0.77085
CVE-2010-4859,0.00102,0.41519
CVE-2010-4860,0.00064,0.26120
CVE-2010-4861,0.00083,0.34402
CVE-2010-4862,0.00087,0.36669
CVE-2010-4863,0.00670,0.77709
CVE-2010-4864,0.00064,0.26120
CVE-2010-4865,0.00160,0.52621
CVE-2010-4866,0.00087,0.36669
CVE-2010-4867,0.01234,0.84016
CVE-2010-4868,0.00195,0.57440
CVE-2010-4869,0.00064,0.26120
CVE-2010-4870,0.00121,0.46370
CVE-2010-4871,0.00308,0.66914
CVE-2010-4872,0.00064,0.26120
CVE-2010-4873,0.05257,0.92305
CVE-2010-4874,0.01130,0.83182
CVE-2010-4875,0.00767,0.79328
CVE-2010-4876,0.00083,0.34399
CVE-2010-4877,0.00195,0.57440
CVE-2010-4878,0.00546,0.75058
CVE-2010-4879,0.00546,0.75058
CVE-2010-4880,0.00199,0.57863
CVE-2010-4881,0.00331,0.68182
CVE-2010-4882,0.00201,0.58103
CVE-2010-4883,0.03322,0.90423
CVE-2010-4884,0.00720,0.78618
CVE-2010-4885,0.00220,0.60154
CVE-2010-4886,0.00220,0.60154
CVE-2010-4887,0.00111,0.44281
CVE-2010-4888,0.00111,0.44281
CVE-2010-4889,0.00349,0.68934
CVE-2010-4890,0.00192,0.57132
CVE-2010-4891,0.00129,0.47721
CVE-2010-4892,0.00192,0.57132
CVE-2010-4893,0.00187,0.56266
CVE-2010-4894,0.00361,0.69489
CVE-2010-4895,0.00305,0.66721
CVE-2010-4896,0.00254,0.63423
CVE-2010-4897,0.00129,0.47721
CVE-2010-4898,0.00087,0.36669
CVE-2010-4899,0.00119,0.45935
CVE-2010-4900,0.00315,0.67250
CVE-2010-4901,0.00585,0.75889
CVE-2010-4902,0.00142,0.49912
CVE-2010-4903,0.00230,0.61251
CVE-2010-4904,0.00077,0.31810
CVE-2010-4905,0.00093,0.39001
CVE-2010-4906,0.00187,0.56071
CVE-2010-4907,0.00585,0.75889
CVE-2010-4908,0.00204,0.58426
CVE-2010-4909,0.00195,0.57440
CVE-2010-4910,0.00114,0.44859
CVE-2010-4911,0.00064,0.26120
CVE-2010-4912,0.00064,0.26120
CVE-2010-4913,0.00986,0.81906
CVE-2010-4914,0.00500,0.73872
CVE-2010-4915,0.00114,0.44859
CVE-2010-4916,0.00402,0.71021
CVE-2010-4917,0.00232,0.61372
CVE-2010-4918,0.00806,0.79909
CVE-2010-4919,0.00064,0.26120
CVE-2010-4920,0.00064,0.26120
CVE-2010-4921,0.00198,0.57744
CVE-2010-4922,0.00112,0.44488
CVE-2010-4923,0.00102,0.41432
CVE-2010-4924,0.00602,0.76245
CVE-2010-4925,0.00134,0.48603
CVE-2010-4926,0.00121,0.46370
CVE-2010-4927,0.00102,0.41519
CVE-2010-4928,0.00199,0.57826
CVE-2010-4929,0.00068,0.28434
CVE-2010-4930,0.00636,0.76960
CVE-2010-4931,0.00673,0.77758
CVE-2010-4932,0.00160,0.52571
CVE-2010-4933,0.00064,0.26120
CVE-2010-4934,0.00075,0.30849
CVE-2010-4935,0.00075,0.30849
CVE-2010-4936,0.00102,0.41519
CVE-2010-4937,0.00087,0.36669
CVE-2010-4938,0.00075,0.30849
CVE-2010-4939,0.00546,0.75058
CVE-2010-4940,0.00087,0.36669
CVE-2010-4941,0.00087,0.36669
CVE-2010-4942,0.00064,0.26120
CVE-2010-4943,0.00546,0.75058
CVE-2010-4944,0.00068,0.28434
CVE-2010-4945,0.00114,0.44859
CVE-2010-4946,0.00118,0.45665
CVE-2010-4947,0.00144,0.50290
CVE-2010-4948,0.00546,0.75058
CVE-2010-4949,0.00481,0.73387
CVE-2010-4950,0.00125,0.47070
CVE-2010-4951,0.00192,0.57132
CVE-2010-4952,0.00135,0.48729
CVE-2010-4953,0.01816,0.86931
CVE-2010-4954,0.00064,0.26120
CVE-2010-4955,0.00087,0.36669
CVE-2010-4956,0.00250,0.63055
CVE-2010-4957,0.00368,0.69777
CVE-2010-4958,0.00536,0.74825
CVE-2010-4959,0.00134,0.48603
CVE-2010-4960,0.00250,0.63055
CVE-2010-4961,0.00135,0.48729
CVE-2010-4962,0.01440,0.85276
CVE-2010-4963,0.00268,0.64389
CVE-2010-4964,0.00408,0.71232
CVE-2010-4965,0.00746,0.78988
CVE-2010-4966,0.00184,0.55807
CVE-2010-4967,0.00073,0.30137
CVE-2010-4968,0.00064,0.26120
CVE-2010-4969,0.00075,0.30849
CVE-2010-4970,0.00139,0.49394
CVE-2010-4971,0.00481,0.73387
CVE-2010-4972,0.00268,0.64389
CVE-2010-4973,0.00122,0.46493
CVE-2010-4974,0.00121,0.46370
CVE-2010-4975,0.00064,0.26120
CVE-2010-4976,0.00636,0.76960
CVE-2010-4977,0.00160,0.52621
CVE-2010-4978,0.00195,0.57440
CVE-2010-4979,0.00064,0.26120
CVE-2010-4980,0.00121,0.46229
CVE-2010-4981,0.00087,0.36669
CVE-2010-4982,0.00077,0.31810
CVE-2010-4983,0.00121,0.46370
CVE-2010-4984,0.00204,0.58426
CVE-2010-4985,0.00415,0.71458
CVE-2010-4986,0.00068,0.28434
CVE-2010-4987,0.00077,0.31810
CVE-2010-4988,0.01354,0.84797
CVE-2010-4989,0.00077,0.31810
CVE-2010-4990,0.00077,0.31810
CVE-2010-4991,0.00064,0.26120
CVE-2010-4992,0.00087,0.36669
CVE-2010-4993,0.00087,0.36669
CVE-2010-4994,0.00246,0.62678
CVE-2010-4995,0.00196,0.57571
CVE-2010-4996,0.00135,0.48786
CVE-2010-4997,0.00068,0.28434
CVE-2010-4998,0.07843,0.93633
CVE-2010-4999,0.00077,0.31810
CVE-2010-5000,0.00087,0.36669
CVE-2010-5001,0.00077,0.31810
CVE-2010-5002,0.00603,0.76293
CVE-2010-5003,0.00391,0.70660
CVE-2010-5004,0.00068,0.28434
CVE-2010-5005,0.00132,0.48166
CVE-2010-5006,0.00135,0.48786
CVE-2010-5007,0.00611,0.76447
CVE-2010-5008,0.00110,0.44030
CVE-2010-5009,0.00553,0.75207
CVE-2010-5010,0.00488,0.73570
CVE-2010-5011,0.00246,0.62678
CVE-2010-5012,0.00143,0.50172
CVE-2010-5013,0.00082,0.34015
CVE-2010-5014,0.00064,0.26120
CVE-2010-5015,0.00087,0.36669
CVE-2010-5016,0.00064,0.26120
CVE-2010-5017,0.00133,0.48324
CVE-2010-5018,0.00252,0.63174
CVE-2010-5019,0.00127,0.47293
CVE-2010-5020,0.00102,0.41272
CVE-2010-5021,0.00168,0.53571
CVE-2010-5022,0.00068,0.28434
CVE-2010-5023,0.00154,0.51666
CVE-2010-5024,0.00090,0.37827
CVE-2010-5025,0.00670,0.77709
CVE-2010-5026,0.00839,0.80301
CVE-2010-5027,0.00435,0.72094
CVE-2010-5028,0.00316,0.67326
CVE-2010-5029,0.00119,0.45935
CVE-2010-5030,0.00646,0.77160
CVE-2010-5031,0.00220,0.60207
CVE-2010-5032,0.00391,0.70660
CVE-2010-5033,0.00087,0.36669
CVE-2010-5034,0.00232,0.61372
CVE-2010-5035,0.00660,0.77475
CVE-2010-5036,0.00553,0.75207
CVE-2010-5037,0.00133,0.48324
CVE-2010-5038,0.01210,0.83829
CVE-2010-5039,0.00087,0.36669
CVE-2010-5040,0.01693,0.86446
CVE-2010-5041,0.00536,0.74825
CVE-2010-5042,0.00424,0.71746
CVE-2010-5043,0.00168,0.53572
CVE-2010-5044,0.00128,0.47444
CVE-2010-5045,0.00156,0.52007
CVE-2010-5046,0.00950,0.81533
CVE-2010-5047,0.00187,0.56071
CVE-2010-5048,0.00489,0.73608
CVE-2010-5049,0.00230,0.61251
CVE-2010-5050,0.00274,0.64785
CVE-2010-5051,0.00195,0.57440
CVE-2010-5052,0.00195,0.57440
CVE-2010-5053,0.00064,0.26120
CVE-2010-5054,0.00192,0.57132
CVE-2010-5055,0.00134,0.48603
CVE-2010-5056,0.00232,0.61372
CVE-2010-5057,0.00530,0.74668
CVE-2010-5058,0.00125,0.47070
CVE-2010-5059,0.00133,0.48324
CVE-2010-5060,0.00087,0.36669
CVE-2010-5061,0.00135,0.48729
CVE-2010-5062,0.00134,0.48603
CVE-2010-5063,0.00079,0.32864
CVE-2010-5064,0.00159,0.52365
CVE-2010-5065,0.00436,0.72109
CVE-2010-5066,0.00244,0.62406
CVE-2010-5067,0.00645,0.77137
CVE-2010-5068,0.00210,0.59006
CVE-2010-5069,0.00147,0.50617
CVE-2010-5070,0.00678,0.77878
CVE-2010-5071,0.00538,0.74867
CVE-2010-5072,0.00319,0.67523
CVE-2010-5073,0.00196,0.57503
CVE-2010-5074,0.00269,0.64489
CVE-2010-5075,0.00053,0.18608
CVE-2010-5076,0.00183,0.55703
CVE-2010-5077,0.03088,0.90074
CVE-2010-5078,0.00539,0.74876
CVE-2010-5079,0.00495,0.73751
CVE-2010-5080,0.00328,0.67993
CVE-2010-5081,0.42548,0.97004
CVE-2010-5082,0.79473,0.98030
CVE-2010-5083,0.00079,0.32864
CVE-2010-5084,0.00160,0.52542
CVE-2010-5085,0.01276,0.84296
CVE-2010-5086,0.00412,0.71351
CVE-2010-5087,0.00700,0.78244
CVE-2010-5088,0.00341,0.68598
CVE-2010-5089,0.00434,0.72053
CVE-2010-5090,0.00228,0.61073
CVE-2010-5091,0.01077,0.82760
CVE-2010-5092,0.00042,0.05722
CVE-2010-5093,0.01353,0.84791
CVE-2010-5094,0.01833,0.87002
CVE-2010-5095,0.00432,0.71960
CVE-2010-5096,0.00328,0.67951
CVE-2010-5097,0.00317,0.67408
CVE-2010-5098,0.00113,0.44737
CVE-2010-5099,0.03292,0.90380
CVE-2010-5100,0.00113,0.44737
CVE-2010-5101,0.00183,0.55685
CVE-2010-5102,0.00842,0.80343
CVE-2010-5103,0.00225,0.60816
CVE-2010-5104,0.00664,0.77590
CVE-2010-5105,0.00076,0.31299
CVE-2010-5106,0.00406,0.71165
CVE-2010-5107,0.07870,0.93646
CVE-2010-5108,0.00386,0.70474
CVE-2010-5109,0.02248,0.88474
CVE-2010-5110,0.00743,0.78955
CVE-2010-5111,0.04583,0.91740
CVE-2010-5137,0.00209,0.58848
CVE-2010-5138,0.00209,0.58848
CVE-2010-5139,0.00713,0.78487
CVE-2010-5140,0.00235,0.61625
CVE-2010-5141,0.00446,0.72393
CVE-2010-5142,0.00225,0.60829
CVE-2010-5143,0.00042,0.05722
CVE-2010-5144,0.00255,0.63456
CVE-2010-5145,0.00527,0.74585
CVE-2010-5146,0.00042,0.05722
CVE-2010-5147,0.00264,0.64126
CVE-2010-5148,0.00313,0.67163
CVE-2010-5149,0.00766,0.79318
CVE-2010-5150,0.00042,0.05722
CVE-2010-5151,0.00042,0.05722
CVE-2010-5152,0.00042,0.05722
CVE-2010-5153,0.00042,0.05722
CVE-2010-5154,0.00042,0.05722
CVE-2010-5155,0.00042,0.05722
CVE-2010-5156,0.00042,0.05722
CVE-2010-5157,0.00042,0.05722
CVE-2010-5158,0.00042,0.05722
CVE-2010-5159,0.00042,0.05722
CVE-2010-5160,0.00042,0.05722
CVE-2010-5161,0.00042,0.05722
CVE-2010-5162,0.00042,0.05722
CVE-2010-5163,0.00042,0.05722
CVE-2010-5164,0.00042,0.05722
CVE-2010-5165,0.00042,0.05722
CVE-2010-5166,0.00042,0.05722
CVE-2010-5167,0.00042,0.05722
CVE-2010-5168,0.00042,0.05722
CVE-2010-5169,0.00042,0.05722
CVE-2010-5170,0.00042,0.05722
CVE-2010-5171,0.00042,0.05722
CVE-2010-5172,0.00042,0.05722
CVE-2010-5173,0.00042,0.05722
CVE-2010-5174,0.00042,0.05722
CVE-2010-5175,0.00042,0.05722
CVE-2010-5176,0.00042,0.05722
CVE-2010-5177,0.00042,0.05722
CVE-2010-5178,0.00042,0.05722
CVE-2010-5179,0.00042,0.05722
CVE-2010-5180,0.00042,0.05722
CVE-2010-5181,0.00042,0.05722
CVE-2010-5182,0.00042,0.05722
CVE-2010-5183,0.00042,0.05722
CVE-2010-5184,0.00042,0.05722
CVE-2010-5185,0.00147,0.50609
CVE-2010-5186,0.00124,0.46722
CVE-2010-5187,0.00470,0.73072
CVE-2010-5188,0.01045,0.82446
CVE-2010-5189,0.00318,0.67467
CVE-2010-5190,0.00285,0.65533
CVE-2010-5191,0.00136,0.48934
CVE-2010-5192,0.00265,0.64225
CVE-2010-5193,0.94424,0.99056
CVE-2010-5194,0.17930,0.95717
CVE-2010-5195,0.00062,0.24874
CVE-2010-5196,0.00042,0.05722
CVE-2010-5197,0.00042,0.05722
CVE-2010-5198,0.00060,0.23520
CVE-2010-5199,0.00042,0.05722
CVE-2010-5200,0.00042,0.05722
CVE-2010-5201,0.00042,0.05722
CVE-2010-5202,0.00042,0.05722
CVE-2010-5203,0.00060,0.23520
CVE-2010-5204,0.00060,0.23520
CVE-2010-5205,0.00060,0.23520
CVE-2010-5206,0.00060,0.23520
CVE-2010-5207,0.00060,0.23520
CVE-2010-5208,0.00060,0.23520
CVE-2010-5209,0.00060,0.23520
CVE-2010-5210,0.00042,0.05722
CVE-2010-5211,0.00042,0.05722
CVE-2010-5212,0.00063,0.25706
CVE-2010-5213,0.00044,0.08124
CVE-2010-5214,0.00042,0.05722
CVE-2010-5215,0.00060,0.23520
CVE-2010-5216,0.00042,0.05722
CVE-2010-5217,0.00060,0.23520
CVE-2010-5218,0.00042,0.05722
CVE-2010-5219,0.00042,0.05722
CVE-2010-5220,0.00042,0.05722
CVE-2010-5221,0.00042,0.05722
CVE-2010-5222,0.00042,0.05722
CVE-2010-5223,0.00060,0.23520
CVE-2010-5224,0.00042,0.05722
CVE-2010-5225,0.00042,0.05722
CVE-2010-5226,0.00059,0.22992
CVE-2010-5227,0.00062,0.24874
CVE-2010-5228,0.00083,0.34481
CVE-2010-5229,0.00042,0.05722
CVE-2010-5230,0.00096,0.39898
CVE-2010-5231,0.00042,0.05722
CVE-2010-5232,0.00042,0.05722
CVE-2010-5233,0.00042,0.05722
CVE-2010-5234,0.00068,0.27922
CVE-2010-5235,0.00042,0.05722
CVE-2010-5236,0.00062,0.24874
CVE-2010-5237,0.00042,0.05722
CVE-2010-5238,0.00042,0.05722
CVE-2010-5239,0.00062,0.24874
CVE-2010-5240,0.95823,0.99322
CVE-2010-5241,0.00062,0.24874
CVE-2010-5242,0.00042,0.05722
CVE-2010-5243,0.00060,0.23520
CVE-2010-5244,0.00042,0.05722
CVE-2010-5245,0.00042,0.05722
CVE-2010-5246,0.00060,0.23520
CVE-2010-5247,0.00042,0.05722
CVE-2010-5248,0.00042,0.05722
CVE-2010-5249,0.00057,0.21463
CVE-2010-5250,0.00042,0.05722
CVE-2010-5251,0.00060,0.23520
CVE-2010-5252,0.00042,0.05722
CVE-2010-5253,0.00042,0.05722
CVE-2010-5254,0.00042,0.05722
CVE-2010-5255,0.00042,0.05722
CVE-2010-5256,0.00042,0.05722
CVE-2010-5257,0.00060,0.23520
CVE-2010-5258,0.00063,0.25706
CVE-2010-5259,0.00060,0.23520
CVE-2010-5260,0.00042,0.05722
CVE-2010-5261,0.00042,0.05722
CVE-2010-5262,0.00060,0.23520
CVE-2010-5263,0.00042,0.05722
CVE-2010-5264,0.00042,0.05722
CVE-2010-5265,0.00042,0.05722
CVE-2010-5266,0.00042,0.05722
CVE-2010-5267,0.00042,0.05722
CVE-2010-5268,0.00042,0.05722
CVE-2010-5269,0.00042,0.05722
CVE-2010-5270,0.00101,0.41223
CVE-2010-5271,0.00042,0.05722
CVE-2010-5272,0.00042,0.05722
CVE-2010-5273,0.00042,0.05722
CVE-2010-5274,0.00042,0.05722
CVE-2010-5275,0.00220,0.60154
CVE-2010-5276,0.00175,0.54741
CVE-2010-5277,0.00156,0.52020
CVE-2010-5278,0.06122,0.92854
CVE-2010-5279,0.00276,0.64908
CVE-2010-5280,0.12561,0.94965
CVE-2010-5281,0.07623,0.93539
CVE-2010-5282,0.00288,0.65715
CVE-2010-5283,0.00585,0.75886
CVE-2010-5284,0.00304,0.66657
CVE-2010-5285,0.00563,0.75377
CVE-2010-5286,0.03802,0.91021
CVE-2010-5287,0.00079,0.32900
CVE-2010-5288,0.04344,0.91539
CVE-2010-5289,0.14393,0.95251
CVE-2010-5290,0.00585,0.75887
CVE-2010-5291,0.00453,0.72607
CVE-2010-5292,0.00042,0.05722
CVE-2010-5293,0.00226,0.60922
CVE-2010-5294,0.00119,0.45899
CVE-2010-5295,0.00179,0.55213
CVE-2010-5296,0.00113,0.44630
CVE-2010-5297,0.00208,0.58764
CVE-2010-5298,0.13223,0.95072
CVE-2010-5299,0.81614,0.98117
CVE-2010-5300,0.17604,0.95687
CVE-2010-5301,0.29194,0.96487
CVE-2010-5302,0.00140,0.49569
CVE-2010-5303,0.00163,0.52990
CVE-2010-5304,0.01205,0.83788
CVE-2010-5305,0.00172,0.54290
CVE-2010-5306,0.00659,0.77422
CVE-2010-5307,0.00342,0.68637
CVE-2010-5308,0.00315,0.67315
CVE-2010-5309,0.00342,0.68637
CVE-2010-5310,0.00342,0.68637
CVE-2010-5312,0.00165,0.53223
CVE-2010-5313,0.00062,0.24773
CVE-2010-5314,0.00140,0.49644
CVE-2010-5315,0.00319,0.67553
CVE-2010-5316,0.00140,0.49644
CVE-2010-5317,0.00183,0.55677
CVE-2010-5318,0.00231,0.61318
CVE-2010-5319,0.03869,0.91086
CVE-2010-5320,0.03869,0.91086
CVE-2010-5321,0.00042,0.05722
CVE-2010-5322,0.00503,0.73983
CVE-2010-5323,0.09591,0.94248
CVE-2010-5324,0.78838,0.98011
CVE-2010-5325,0.05014,0.92132
CVE-2010-5326,0.13576,0.95128
CVE-2010-5327,0.00330,0.68145
CVE-2010-5328,0.00042,0.05722
CVE-2010-5329,0.00042,0.05722
CVE-2010-5330,0.02343,0.88708
CVE-2010-5331,0.00050,0.15960
CVE-2010-5332,0.00045,0.11966
CVE-2010-5333,0.04179,0.91395
CVE-2010-5334,0.00217,0.59688
CVE-2010-5335,0.00170,0.54111
CVE-2010-5336,0.00066,0.27550
CVE-2010-5337,0.00066,0.27550
CVE-2010-5338,0.00066,0.27550
CVE-2010-5339,0.00066,0.27550
CVE-2010-5340,0.00066,0.27550
CVE-2011-0001,0.12353,0.94931
CVE-2011-0002,0.00754,0.79118
CVE-2011-0003,0.00750,0.79051
CVE-2011-0004,0.00317,0.67408
CVE-2011-0005,0.08203,0.93774
CVE-2011-0006,0.00042,0.05722
CVE-2011-0007,0.00042,0.05722
CVE-2011-0008,0.00042,0.05722
CVE-2011-0009,0.00440,0.72229
CVE-2011-0010,0.00047,0.13912
CVE-2011-0011,0.01189,0.83663
CVE-2011-0012,0.00042,0.05722
CVE-2011-0013,0.00120,0.46082
CVE-2011-0014,0.10337,0.94467
CVE-2011-0015,0.29835,0.96519
CVE-2011-0016,0.00044,0.08000
CVE-2011-0017,0.00044,0.08000
CVE-2011-0018,0.03115,0.90117
CVE-2011-0019,0.01163,0.83448
CVE-2011-0020,0.18559,0.95776
CVE-2011-0021,0.04036,0.91236
CVE-2011-0022,0.00042,0.05722
CVE-2011-0024,0.02652,0.89363
CVE-2011-0025,0.01561,0.85896
CVE-2011-0026,0.90192,0.98586
CVE-2011-0027,0.95723,0.99303
CVE-2011-0028,0.95067,0.99156
CVE-2011-0029,0.96654,0.99562
CVE-2011-0030,0.00050,0.16786
CVE-2011-0031,0.02584,0.89217
CVE-2011-0032,0.40672,0.96949
CVE-2011-0033,0.14359,0.95247
CVE-2011-0034,0.93128,0.98884
CVE-2011-0035,0.86428,0.98353
CVE-2011-0036,0.86428,0.98353
CVE-2011-0037,0.00050,0.16493
CVE-2011-0038,0.95796,0.99317
CVE-2011-0039,0.00090,0.37993
CVE-2011-0040,0.05375,0.92402
CVE-2011-0041,0.96138,0.99393
CVE-2011-0042,0.66447,0.97648
CVE-2011-0043,0.00044,0.10171
CVE-2011-0045,0.00055,0.20515
CVE-2011-0046,0.00374,0.69964
CVE-2011-0047,0.00361,0.69454
CVE-2011-0048,0.00356,0.69259
CVE-2011-0049,0.96615,0.99551
CVE-2011-0050,0.00275,0.64854
CVE-2011-0051,0.01471,0.85428
CVE-2011-0053,0.42259,0.97000
CVE-2011-0054,0.19856,0.95903
CVE-2011-0055,0.10474,0.94501
CVE-2011-0056,0.19856,0.95903
CVE-2011-0057,0.15567,0.95426
CVE-2011-0058,0.22781,0.96111
CVE-2011-0059,0.00362,0.69512
CVE-2011-0061,0.08419,0.93837
CVE-2011-0062,0.20839,0.95983
CVE-2011-0063,0.03979,0.91189
CVE-2011-0064,0.13559,0.95127
CVE-2011-0065,0.96904,0.99656
CVE-2011-0066,0.12026,0.94875
CVE-2011-0067,0.01044,0.82442
CVE-2011-0069,0.18632,0.95783
CVE-2011-0070,0.18632,0.95783
CVE-2011-0071,0.01700,0.86470
CVE-2011-0072,0.27530,0.96395
CVE-2011-0073,0.96480,0.99497
CVE-2011-0074,0.27530,0.96395
CVE-2011-0075,0.20839,0.95983
CVE-2011-0076,0.01060,0.82603
CVE-2011-0077,0.27530,0.96395
CVE-2011-0078,0.27530,0.96395
CVE-2011-0079,0.17525,0.95676
CVE-2011-0080,0.59775,0.97486
CVE-2011-0081,0.18386,0.95755
CVE-2011-0082,0.01703,0.86479
CVE-2011-0083,0.11203,0.94694
CVE-2011-0084,0.80041,0.98053
CVE-2011-0085,0.12526,0.94956
CVE-2011-0086,0.00055,0.20593
CVE-2011-0087,0.00055,0.20593
CVE-2011-0088,0.00049,0.15138
CVE-2011-0089,0.00055,0.20593
CVE-2011-0090,0.00049,0.15138
CVE-2011-0091,0.00677,0.77870
CVE-2011-0092,0.85980,0.98325
CVE-2011-0093,0.51671,0.97284
CVE-2011-0094,0.95503,0.99255
CVE-2011-0096,0.96981,0.99686
CVE-2011-0097,0.96558,0.99534
CVE-2011-0098,0.96558,0.99534
CVE-2011-0101,0.95869,0.99333
CVE-2011-0103,0.92274,0.98782
CVE-2011-0104,0.96564,0.99535
CVE-2011-0105,0.97191,0.99787
CVE-2011-0107,0.39484,0.96917
CVE-2011-0111,0.00384,0.70375
CVE-2011-0112,0.00384,0.70375
CVE-2011-0113,0.00384,0.70375
CVE-2011-0114,0.00384,0.70375
CVE-2011-0115,0.23562,0.96165
CVE-2011-0116,0.01144,0.83298
CVE-2011-0117,0.00384,0.70375
CVE-2011-0118,0.00384,0.70375
CVE-2011-0119,0.00384,0.70375
CVE-2011-0120,0.00384,0.70375
CVE-2011-0121,0.00384,0.70375
CVE-2011-0122,0.00384,0.70375
CVE-2011-0123,0.00384,0.70375
CVE-2011-0124,0.00384,0.70375
CVE-2011-0125,0.00384,0.70375
CVE-2011-0126,0.00384,0.70375
CVE-2011-0127,0.00384,0.70375
CVE-2011-0128,0.00384,0.70375
CVE-2011-0129,0.00384,0.70375
CVE-2011-0130,0.00384,0.70375
CVE-2011-0131,0.00384,0.70375
CVE-2011-0132,0.02135,0.88162
CVE-2011-0133,0.01144,0.83298
CVE-2011-0134,0.00384,0.70375
CVE-2011-0135,0.00384,0.70375
CVE-2011-0136,0.00384,0.70375
CVE-2011-0137,0.00384,0.70375
CVE-2011-0138,0.00384,0.70375
CVE-2011-0139,0.00428,0.71843
CVE-2011-0140,0.00384,0.70375
CVE-2011-0141,0.00384,0.70375
CVE-2011-0142,0.00384,0.70375
CVE-2011-0143,0.00384,0.70375
CVE-2011-0144,0.00384,0.70375
CVE-2011-0145,0.00384,0.70375
CVE-2011-0146,0.00384,0.70375
CVE-2011-0147,0.00384,0.70375
CVE-2011-0148,0.00384,0.70375
CVE-2011-0149,0.01144,0.83298
CVE-2011-0150,0.00384,0.70375
CVE-2011-0151,0.00384,0.70375
CVE-2011-0152,0.00384,0.70375
CVE-2011-0153,0.00384,0.70375
CVE-2011-0154,0.01479,0.85458
CVE-2011-0155,0.00384,0.70375
CVE-2011-0156,0.00384,0.70375
CVE-2011-0157,0.02223,0.88411
CVE-2011-0158,0.01995,0.87654
CVE-2011-0159,0.00377,0.70075
CVE-2011-0160,0.00258,0.63650
CVE-2011-0161,0.00502,0.73943
CVE-2011-0162,0.03596,0.90770
CVE-2011-0163,0.01169,0.83519
CVE-2011-0164,0.00384,0.70375
CVE-2011-0165,0.00428,0.71843
CVE-2011-0166,0.00448,0.72452
CVE-2011-0167,0.00518,0.74345
CVE-2011-0168,0.00384,0.70375
CVE-2011-0169,0.00288,0.65706
CVE-2011-0170,0.02579,0.89207
CVE-2011-0172,0.00157,0.52181
CVE-2011-0173,0.00289,0.65744
CVE-2011-0174,0.01320,0.84588
CVE-2011-0175,0.01320,0.84588
CVE-2011-0176,0.03021,0.89962
CVE-2011-0177,0.01320,0.84588
CVE-2011-0178,0.00042,0.05722
CVE-2011-0179,0.00775,0.79459
CVE-2011-0180,0.00061,0.24238
CVE-2011-0181,0.00607,0.76353
CVE-2011-0182,0.00042,0.00438
CVE-2011-0183,0.00204,0.58393
CVE-2011-0184,0.02347,0.88722
CVE-2011-0185,0.00067,0.27782
CVE-2011-0186,0.01216,0.83864
CVE-2011-0187,0.00453,0.72606
CVE-2011-0188,0.02851,0.89730
CVE-2011-0189,0.00069,0.28758
CVE-2011-0190,0.00320,0.67602
CVE-2011-0191,0.03407,0.90545
CVE-2011-0192,0.04384,0.91571
CVE-2011-0193,0.01058,0.82566
CVE-2011-0194,0.00607,0.76353
CVE-2011-0195,0.00423,0.71724
CVE-2011-0196,0.00204,0.58393
CVE-2011-0197,0.00042,0.05722
CVE-2011-0198,0.01402,0.85083
CVE-2011-0199,0.00092,0.38938
CVE-2011-0200,0.06505,0.93070
CVE-2011-0201,0.00655,0.77350
CVE-2011-0202,0.01019,0.82211
CVE-2011-0203,0.00328,0.67978
CVE-2011-0204,0.02331,0.88677
CVE-2011-0205,0.00994,0.82005
CVE-2011-0206,0.00734,0.78837
CVE-2011-0207,0.00215,0.59599
CVE-2011-0208,0.01194,0.83702
CVE-2011-0209,0.03018,0.89957
CVE-2011-0210,0.01194,0.83702
CVE-2011-0211,0.02408,0.88867
CVE-2011-0212,0.00574,0.75652
CVE-2011-0213,0.00994,0.82005
CVE-2011-0214,0.00067,0.27617
CVE-2011-0215,0.00876,0.80723
CVE-2011-0216,0.01085,0.82826
CVE-2011-0217,0.00259,0.63680
CVE-2011-0218,0.06215,0.92909
CVE-2011-0219,0.00192,0.57157
CVE-2011-0220,0.00044,0.10161
CVE-2011-0221,0.06215,0.92909
CVE-2011-0222,0.61920,0.97553
CVE-2011-0223,0.01037,0.82374
CVE-2011-0224,0.01395,0.85048
CVE-2011-0225,0.06215,0.92909
CVE-2011-0226,0.05830,0.92679
CVE-2011-0227,0.00042,0.05722
CVE-2011-0228,0.00320,0.67572
CVE-2011-0229,0.01189,0.83662
CVE-2011-0230,0.02023,0.87755
CVE-2011-0231,0.00147,0.50703
CVE-2011-0232,0.28213,0.96438
CVE-2011-0233,0.28213,0.96438
CVE-2011-0234,0.28213,0.96438
CVE-2011-0235,0.06215,0.92909
CVE-2011-0237,0.01037,0.82374
CVE-2011-0238,0.06215,0.92909
CVE-2011-0240,0.01037,0.82374
CVE-2011-0241,0.02321,0.88660
CVE-2011-0242,0.00312,0.67097
CVE-2011-0244,0.00259,0.63680
CVE-2011-0245,0.02878,0.89769
CVE-2011-0246,0.01658,0.86317
CVE-2011-0247,0.81629,0.98118
CVE-2011-0248,0.46907,0.97147
CVE-2011-0249,0.09416,0.94192
CVE-2011-0250,0.09416,0.94192
CVE-2011-0251,0.09416,0.94192
CVE-2011-0252,0.09416,0.94192
CVE-2011-0253,0.01037,0.82374
CVE-2011-0254,0.28213,0.96438
CVE-2011-0255,0.28213,0.96438
CVE-2011-0256,0.02403,0.88856
CVE-2011-0257,0.96582,0.99541
CVE-2011-0258,0.07469,0.93491
CVE-2011-0259,0.00467,0.72989
CVE-2011-0260,0.00132,0.48075
CVE-2011-0261,0.94496,0.99071
CVE-2011-0262,0.94335,0.99043
CVE-2011-0263,0.92129,0.98765
CVE-2011-0264,0.92129,0.98765
CVE-2011-0265,0.92129,0.98765
CVE-2011-0266,0.96527,0.99519
CVE-2011-0267,0.97092,0.99734
CVE-2011-0268,0.92129,0.98765
CVE-2011-0269,0.92129,0.98765
CVE-2011-0270,0.95409,0.99233
CVE-2011-0271,0.01327,0.84630
CVE-2011-0272,0.81335,0.98093
CVE-2011-0273,0.87097,0.98391
CVE-2011-0274,0.00273,0.64704
CVE-2011-0275,0.05329,0.92364
CVE-2011-0276,0.97205,0.99794
CVE-2011-0277,0.00267,0.64333
CVE-2011-0278,0.00042,0.05722
CVE-2011-0279,0.00145,0.50358
CVE-2011-0280,0.01291,0.84419
CVE-2011-0281,0.02851,0.89731
CVE-2011-0282,0.14631,0.95283
CVE-2011-0283,0.94522,0.99076
CVE-2011-0284,0.35559,0.96757
CVE-2011-0285,0.24564,0.96229
CVE-2011-0286,0.00382,0.70303
CVE-2011-0287,0.00660,0.77489
CVE-2011-0290,0.01271,0.84262
CVE-2011-0291,0.00042,0.05722
CVE-2011-0310,0.13538,0.95125
CVE-2011-0311,0.01481,0.85467
CVE-2011-0314,0.32941,0.96649
CVE-2011-0315,0.00260,0.63864
CVE-2011-0316,0.00482,0.73405
CVE-2011-0317,0.00498,0.73829
CVE-2011-0318,0.00498,0.73829
CVE-2011-0319,0.00498,0.73829
CVE-2011-0320,0.00498,0.73829
CVE-2011-0321,0.02609,0.89275
CVE-2011-0322,0.01705,0.86493
CVE-2011-0323,0.02296,0.88607
CVE-2011-0324,0.10018,0.94376
CVE-2011-0329,0.00343,0.68686
CVE-2011-0330,0.00318,0.67500
CVE-2011-0331,0.06063,0.92803
CVE-2011-0332,0.05798,0.92661
CVE-2011-0333,0.68337,0.97698
CVE-2011-0334,0.74155,0.97876
CVE-2011-0335,0.11157,0.94683
CVE-2011-0340,0.83852,0.98221
CVE-2011-0341,0.05372,0.92399
CVE-2011-0342,0.05955,0.92751
CVE-2011-0343,0.00042,0.05722
CVE-2011-0344,0.04711,0.91864
CVE-2011-0345,0.00662,0.77547
CVE-2011-0346,0.46903,0.97147
CVE-2011-0347,0.01647,0.86283
CVE-2011-0348,0.00515,0.74293
CVE-2011-0349,0.01978,0.87593
CVE-2011-0350,0.01978,0.87593
CVE-2011-0352,0.02217,0.88395
CVE-2011-0354,0.05108,0.92203
CVE-2011-0355,0.01145,0.83306
CVE-2011-0364,0.63793,0.97590
CVE-2011-0372,0.00169,0.53861
CVE-2011-0373,0.00110,0.43932
CVE-2011-0374,0.00110,0.43932
CVE-2011-0375,0.00110,0.43932
CVE-2011-0376,0.00396,0.70833
CVE-2011-0377,0.00563,0.75411
CVE-2011-0378,0.00134,0.48525
CVE-2011-0379,0.12550,0.94963
CVE-2011-0380,0.00820,0.80053
CVE-2011-0381,0.02810,0.89658
CVE-2011-0382,0.00283,0.65403
CVE-2011-0383,0.10469,0.94500
CVE-2011-0384,0.03486,0.90637
CVE-2011-0385,0.02785,0.89615
CVE-2011-0386,0.03522,0.90676
CVE-2011-0387,0.00208,0.58749
CVE-2011-0388,0.00779,0.79511
CVE-2011-0389,0.00676,0.77814
CVE-2011-0390,0.00739,0.78891
CVE-2011-0391,0.00676,0.77814
CVE-2011-0392,0.00579,0.75769
CVE-2011-0393,0.01282,0.84358
CVE-2011-0394,0.02648,0.89358
CVE-2011-0395,0.01282,0.84358
CVE-2011-0396,0.00434,0.72053
CVE-2011-0398,0.00573,0.75625
CVE-2011-0399,0.00348,0.68878
CVE-2011-0400,0.00470,0.73072
CVE-2011-0401,0.01581,0.85999
CVE-2011-0402,0.01958,0.87521
CVE-2011-0403,0.01876,0.87195
CVE-2011-0404,0.93878,0.98976
CVE-2011-0405,0.03897,0.91120
CVE-2011-0406,0.54406,0.97358
CVE-2011-0407,0.00134,0.48603
CVE-2011-0408,0.25468,0.96281
CVE-2011-0410,0.00203,0.58320
CVE-2011-0411,0.01138,0.83251
CVE-2011-0412,0.00060,0.23605
CVE-2011-0413,0.00961,0.81659
CVE-2011-0414,0.09449,0.94204
CVE-2011-0418,0.04045,0.91256
CVE-2011-0419,0.96851,0.99639
CVE-2011-0420,0.02146,0.88191
CVE-2011-0421,0.03035,0.89988
CVE-2011-0423,0.02707,0.89476
CVE-2011-0426,0.00285,0.65493
CVE-2011-0427,0.04930,0.92058
CVE-2011-0428,0.00092,0.38694
CVE-2011-0430,0.11755,0.94826
CVE-2011-0431,0.01016,0.82174
CVE-2011-0432,0.00388,0.70533
CVE-2011-0433,0.04408,0.91594
CVE-2011-0434,0.00447,0.72413
CVE-2011-0435,0.00703,0.78294
CVE-2011-0436,0.00484,0.73450
CVE-2011-0437,0.00394,0.70773
CVE-2011-0438,0.01563,0.85911
CVE-2011-0439,0.00259,0.63800
CVE-2011-0440,0.00319,0.67527
CVE-2011-0441,0.00045,0.12297
CVE-2011-0442,0.00218,0.59806
CVE-2011-0443,0.00121,0.46370
CVE-2011-0444,0.07341,0.93448
CVE-2011-0445,0.00320,0.67583
CVE-2011-0446,0.00295,0.66181
CVE-2011-0447,0.00384,0.70354
CVE-2011-0448,0.00322,0.67703
CVE-2011-0449,0.01146,0.83310
CVE-2011-0450,0.03514,0.90669
CVE-2011-0451,0.00265,0.64225
CVE-2011-0452,0.00042,0.05722
CVE-2011-0453,0.00606,0.76341
CVE-2011-0454,0.13326,0.95090
CVE-2011-0455,0.00265,0.64225
CVE-2011-0456,0.00298,0.66296
CVE-2011-0457,0.00192,0.57132
CVE-2011-0458,0.00042,0.05722
CVE-2011-0459,0.00220,0.60154
CVE-2011-0460,0.00042,0.05722
CVE-2011-0461,0.00042,0.05722
CVE-2011-0462,0.00109,0.43542
CVE-2011-0463,0.00042,0.05722
CVE-2011-0464,0.21306,0.96014
CVE-2011-0465,0.02175,0.88274
CVE-2011-0466,0.00126,0.47179
CVE-2011-0467,0.00087,0.36089
CVE-2011-0468,0.00042,0.05722
CVE-2011-0469,0.00535,0.74789
CVE-2011-0470,0.02486,0.89038
CVE-2011-0471,0.02141,0.88173
CVE-2011-0472,0.14931,0.95328
CVE-2011-0473,0.02153,0.88224
CVE-2011-0474,0.04287,0.91488
CVE-2011-0475,0.13509,0.95121
CVE-2011-0476,0.04341,0.91536
CVE-2011-0477,0.04341,0.91536
CVE-2011-0478,0.07500,0.93500
CVE-2011-0479,0.04440,0.91617
CVE-2011-0480,0.00675,0.77780
CVE-2011-0481,0.03502,0.90656
CVE-2011-0482,0.01277,0.84303
CVE-2011-0483,0.01541,0.85802
CVE-2011-0484,0.05438,0.92449
CVE-2011-0485,0.04106,0.91330
CVE-2011-0486,0.00270,0.64549
CVE-2011-0487,0.00346,0.68788
CVE-2011-0488,0.31407,0.96593
CVE-2011-0489,0.13779,0.95156
CVE-2011-0490,0.02089,0.87985
CVE-2011-0491,0.02279,0.88568
CVE-2011-0492,0.02089,0.87985
CVE-2011-0493,0.02181,0.88294
CVE-2011-0494,0.00550,0.75151
CVE-2011-0495,0.03238,0.90308
CVE-2011-0496,0.11548,0.94771
CVE-2011-0497,0.00573,0.75638
CVE-2011-0498,0.07213,0.93408
CVE-2011-0499,0.05012,0.92131
CVE-2011-0500,0.06410,0.93015
CVE-2011-0501,0.08441,0.93847
CVE-2011-0502,0.01358,0.84848
CVE-2011-0503,0.00545,0.75037
CVE-2011-0504,0.00553,0.75209
CVE-2011-0505,0.02924,0.89829
CVE-2011-0506,0.07025,0.93331
CVE-2011-0507,0.04316,0.91512
CVE-2011-0508,0.00275,0.64854
CVE-2011-0509,0.00225,0.60892
CVE-2011-0510,0.00064,0.26120
CVE-2011-0511,0.00087,0.36669
CVE-2011-0512,0.00087,0.36669
CVE-2011-0513,0.00050,0.16036
CVE-2011-0514,0.97231,0.99812
CVE-2011-0515,0.00043,0.07477
CVE-2011-0516,0.00087,0.36669
CVE-2011-0517,0.96398,0.99474
CVE-2011-0518,0.44189,0.97056
CVE-2011-0519,0.00068,0.28434
CVE-2011-0520,0.13066,0.95043
CVE-2011-0521,0.00042,0.05722
CVE-2011-0522,0.82843,0.98185
CVE-2011-0523,0.00042,0.05722
CVE-2011-0524,0.00042,0.05753
CVE-2011-0525,0.00103,0.41646
CVE-2011-0526,0.00646,0.77160
CVE-2011-0527,0.00216,0.59643
CVE-2011-0528,0.00165,0.53177
CVE-2011-0529,0.00149,0.51008
CVE-2011-0530,0.26204,0.96317
CVE-2011-0531,0.97192,0.99787
CVE-2011-0532,0.00042,0.05722
CVE-2011-0533,0.00184,0.55762
CVE-2011-0534,0.01214,0.83856
CVE-2011-0535,0.02832,0.89696
CVE-2011-0536,0.00044,0.08000
CVE-2011-0537,0.01784,0.86788
CVE-2011-0538,0.05084,0.92189
CVE-2011-0539,0.00701,0.78259
CVE-2011-0541,0.00042,0.05722
CVE-2011-0542,0.00042,0.05722
CVE-2011-0543,0.00042,0.05722
CVE-2011-0544,0.00142,0.49919
CVE-2011-0545,0.01035,0.82354
CVE-2011-0546,0.00184,0.55730
CVE-2011-0547,0.93972,0.98987
CVE-2011-0548,0.02040,0.87817
CVE-2011-0549,0.01972,0.87572
CVE-2011-0550,0.01820,0.86941
CVE-2011-0551,0.00322,0.67668
CVE-2011-0552,0.15455,0.95414
CVE-2011-0553,0.04630,0.91777
CVE-2011-0554,0.96300,0.99441
CVE-2011-0555,0.05991,0.92772
CVE-2011-0556,0.01666,0.86354
CVE-2011-0557,0.19915,0.95913
CVE-2011-0558,0.01110,0.83026
CVE-2011-0559,0.01334,0.84672
CVE-2011-0560,0.06740,0.93198
CVE-2011-0561,0.06740,0.93198
CVE-2011-0562,0.00044,0.08124
CVE-2011-0563,0.01666,0.86354
CVE-2011-0564,0.00680,0.77921
CVE-2011-0565,0.01531,0.85753
CVE-2011-0566,0.05991,0.92772
CVE-2011-0567,0.79177,0.98018
CVE-2011-0568,0.01375,0.84946
CVE-2011-0569,0.03879,0.91102
CVE-2011-0570,0.00044,0.08124
CVE-2011-0571,0.01072,0.82716
CVE-2011-0572,0.01072,0.82716
CVE-2011-0573,0.01072,0.82716
CVE-2011-0574,0.01072,0.82716
CVE-2011-0575,0.00044,0.08124
CVE-2011-0577,0.09708,0.94278
CVE-2011-0578,0.01072,0.82716
CVE-2011-0579,0.00855,0.80488
CVE-2011-0580,0.00221,0.60235
CVE-2011-0581,0.00621,0.76680
CVE-2011-0582,0.00510,0.74177
CVE-2011-0583,0.00221,0.60235
CVE-2011-0584,0.00396,0.70858
CVE-2011-0585,0.01518,0.85694
CVE-2011-0586,0.01691,0.86441
CVE-2011-0587,0.00300,0.66446
CVE-2011-0588,0.00044,0.08124
CVE-2011-0589,0.01442,0.85287
CVE-2011-0590,0.38872,0.96906
CVE-2011-0591,0.23723,0.96182
CVE-2011-0592,0.23723,0.96182
CVE-2011-0593,0.23723,0.96182
CVE-2011-0594,0.06927,0.93291
CVE-2011-0595,0.29487,0.96502
CVE-2011-0596,0.24733,0.96242
CVE-2011-0598,0.86252,0.98347
CVE-2011-0599,0.35831,0.96771
CVE-2011-0600,0.48077,0.97178
CVE-2011-0602,0.06577,0.93120
CVE-2011-0603,0.04699,0.91858
CVE-2011-0604,0.00300,0.66446
CVE-2011-0605,0.03878,0.91101
CVE-2011-0606,0.27292,0.96372
CVE-2011-0607,0.01072,0.82716
CVE-2011-0608,0.01072,0.82716
CVE-2011-0609,0.97333,0.99872
CVE-2011-0610,0.01298,0.84461
CVE-2011-0611,0.97009,0.99694
CVE-2011-0612,0.02654,0.89369
CVE-2011-0613,0.15529,0.95423
CVE-2011-0614,0.84729,0.98266
CVE-2011-0615,0.42918,0.97016
CVE-2011-0618,0.03005,0.89943
CVE-2011-0619,0.02067,0.87901
CVE-2011-0620,0.02067,0.87901
CVE-2011-0621,0.02067,0.87901
CVE-2011-0622,0.02067,0.87901
CVE-2011-0623,0.01457,0.85375
CVE-2011-0624,0.01457,0.85375
CVE-2011-0625,0.01457,0.85375
CVE-2011-0626,0.01457,0.85375
CVE-2011-0627,0.03218,0.90265
CVE-2011-0628,0.08643,0.93927
CVE-2011-0629,0.00116,0.45330
CVE-2011-0633,0.00201,0.58016
CVE-2011-0635,0.02622,0.89306
CVE-2011-0636,0.00042,0.05722
CVE-2011-0637,0.00136,0.48887
CVE-2011-0638,0.00060,0.23280
CVE-2011-0639,0.00052,0.18252
CVE-2011-0640,0.00052,0.18252
CVE-2011-0641,0.00220,0.60154
CVE-2011-0642,0.00415,0.71461
CVE-2011-0643,0.00526,0.74553
CVE-2011-0644,0.00243,0.62339
CVE-2011-0645,0.00053,0.19003
CVE-2011-0646,0.00087,0.36669
CVE-2011-0647,0.96457,0.99489
CVE-2011-0648,0.00531,0.74674
CVE-2011-0649,0.00042,0.05722
CVE-2011-0650,0.00304,0.66622
CVE-2011-0651,0.08869,0.94008
CVE-2011-0652,0.00043,0.07477
CVE-2011-0653,0.75976,0.97924
CVE-2011-0654,0.94415,0.99055
CVE-2011-0655,0.95440,0.99242
CVE-2011-0656,0.85838,0.98317
CVE-2011-0657,0.78624,0.98005
CVE-2011-0658,0.30883,0.96573
CVE-2011-0660,0.51828,0.97291
CVE-2011-0661,0.92708,0.98838
CVE-2011-0662,0.00042,0.00438
CVE-2011-0663,0.80781,0.98072
CVE-2011-0664,0.23967,0.96193
CVE-2011-0665,0.00042,0.00438
CVE-2011-0666,0.00042,0.00438
CVE-2011-0667,0.00042,0.00438
CVE-2011-0670,0.00042,0.00438
CVE-2011-0671,0.00042,0.00438
CVE-2011-0672,0.00042,0.00438
CVE-2011-0673,0.00042,0.00438
CVE-2011-0674,0.00042,0.00438
CVE-2011-0675,0.00042,0.00438
CVE-2011-0676,0.00042,0.00438
CVE-2011-0677,0.00042,0.00438
CVE-2011-0678,0.28487,0.96453
CVE-2011-0679,0.00541,0.74946
CVE-2011-0680,0.00556,0.75273
CVE-2011-0681,0.00436,0.72106
CVE-2011-0682,0.04857,0.92006
CVE-2011-0683,0.00468,0.73001
CVE-2011-0684,0.00466,0.72933
CVE-2011-0685,0.00062,0.24540
CVE-2011-0686,0.02279,0.88564
CVE-2011-0687,0.02339,0.88696
CVE-2011-0688,0.01341,0.84707
CVE-2011-0694,0.34804,0.96735
CVE-2011-0695,0.00557,0.75277
CVE-2011-0696,0.00381,0.70282
CVE-2011-0697,0.00329,0.68032
CVE-2011-0698,0.01705,0.86493
CVE-2011-0699,0.00042,0.05722
CVE-2011-0700,0.00253,0.63235
CVE-2011-0701,0.00170,0.54112
CVE-2011-0702,0.00042,0.05722
CVE-2011-0703,0.00205,0.58520
CVE-2011-0704,0.00198,0.57757
CVE-2011-0706,0.01351,0.84779
CVE-2011-0707,0.00330,0.68120
CVE-2011-0708,0.06569,0.93096
CVE-2011-0709,0.01393,0.85026
CVE-2011-0710,0.00042,0.05722
CVE-2011-0711,0.00042,0.05722
CVE-2011-0712,0.00077,0.31714
CVE-2011-0713,0.00384,0.70394
CVE-2011-0714,0.00425,0.71757
CVE-2011-0715,0.01263,0.84227
CVE-2011-0716,0.00042,0.05722
CVE-2011-0717,0.00437,0.72143
CVE-2011-0718,0.00625,0.76775
CVE-2011-0719,0.03645,0.90822
CVE-2011-0720,0.01902,0.87322
CVE-2011-0721,0.00304,0.66641
CVE-2011-0722,0.02296,0.88607
CVE-2011-0723,0.03012,0.89949
CVE-2011-0724,0.00273,0.64710
CVE-2011-0725,0.00042,0.05722
CVE-2011-0726,0.00042,0.05722
CVE-2011-0727,0.00044,0.08000
CVE-2011-0728,0.00114,0.44872
CVE-2011-0729,0.00042,0.05722
CVE-2011-0730,0.00280,0.65145
CVE-2011-0731,0.77198,0.97959
CVE-2011-0732,0.00226,0.60953
CVE-2011-0733,0.02308,0.88637
CVE-2011-0734,0.02308,0.88637
CVE-2011-0735,0.16671,0.95558
CVE-2011-0736,0.00807,0.79915
CVE-2011-0737,0.00647,0.77174
CVE-2011-0738,0.00398,0.70915
CVE-2011-0739,0.01248,0.84110
CVE-2011-0740,0.00481,0.73387
CVE-2011-0741,0.00192,0.57132
CVE-2011-0742,0.80704,0.98069
CVE-2011-0745,0.78109,0.97986
CVE-2011-0746,0.00184,0.55804
CVE-2011-0748,0.00328,0.67993
CVE-2011-0751,0.01250,0.84124
CVE-2011-0752,0.00494,0.73727
CVE-2011-0753,0.00348,0.68856
CVE-2011-0754,0.00045,0.12297
CVE-2011-0755,0.00180,0.55322
CVE-2011-0756,0.00512,0.74222
CVE-2011-0757,0.00345,0.68752
CVE-2011-0758,0.08163,0.93758
CVE-2011-0759,0.00139,0.49475
CVE-2011-0760,0.00132,0.48272
CVE-2011-0761,0.02093,0.87999
CVE-2011-0762,0.28980,0.96476
CVE-2011-0764,0.28332,0.96446
CVE-2011-0765,0.00043,0.05916
CVE-2011-0766,0.00252,0.63190
CVE-2011-0767,0.00359,0.69383
CVE-2011-0770,0.01810,0.86897
CVE-2011-0771,0.00787,0.79612
CVE-2011-0772,0.01899,0.87311
CVE-2011-0773,0.02706,0.89473
CVE-2011-0774,0.00363,0.69527
CVE-2011-0775,0.00377,0.70123
CVE-2011-0776,0.00272,0.64641
CVE-2011-0777,0.02100,0.88020
CVE-2011-0778,0.00992,0.81986
CVE-2011-0779,0.01147,0.83321
CVE-2011-0780,0.00345,0.68780
CVE-2011-0781,0.00116,0.45376
CVE-2011-0782,0.00397,0.70885
CVE-2011-0783,0.01279,0.84312
CVE-2011-0784,0.00987,0.81916
CVE-2011-0785,0.00131,0.47982
CVE-2011-0786,0.01060,0.82576
CVE-2011-0787,0.00083,0.34501
CVE-2011-0788,0.01229,0.83957
CVE-2011-0789,0.00131,0.47982
CVE-2011-0790,0.00044,0.10704
CVE-2011-0791,0.00163,0.53025
CVE-2011-0792,0.00763,0.79263
CVE-2011-0793,0.00085,0.35513
CVE-2011-0794,0.00061,0.24008
CVE-2011-0795,0.00071,0.29447
CVE-2011-0796,0.00063,0.25203
CVE-2011-0797,0.00083,0.34501
CVE-2011-0798,0.00131,0.47982
CVE-2011-0799,0.00763,0.79263
CVE-2011-0800,0.00044,0.10704
CVE-2011-0801,0.00044,0.10704
CVE-2011-0802,0.55025,0.97376
CVE-2011-0803,0.00137,0.49091
CVE-2011-0804,0.00080,0.33384
CVE-2011-0805,0.00131,0.47982
CVE-2011-0806,0.00216,0.59674
CVE-2011-0807,0.96414,0.99478
CVE-2011-0808,0.00061,0.24008
CVE-2011-0809,0.00131,0.47982
CVE-2011-0810,0.00216,0.59674
CVE-2011-0811,0.00042,0.05778
CVE-2011-0812,0.00044,0.10704
CVE-2011-0813,0.00044,0.10704
CVE-2011-0814,0.03134,0.90142
CVE-2011-0815,0.01780,0.86769
CVE-2011-0816,0.00088,0.37091
CVE-2011-0817,0.01614,0.86152
CVE-2011-0818,0.00216,0.59674
CVE-2011-0819,0.00163,0.53025
CVE-2011-0820,0.00163,0.52951
CVE-2011-0821,0.00044,0.10704
CVE-2011-0822,0.00773,0.79431
CVE-2011-0823,0.00163,0.53025
CVE-2011-0824,0.00163,0.53025
CVE-2011-0825,0.00347,0.68830
CVE-2011-0826,0.00071,0.29447
CVE-2011-0827,0.00071,0.29447
CVE-2011-0828,0.00131,0.47982
CVE-2011-0829,0.00044,0.10704
CVE-2011-0830,0.00187,0.56259
CVE-2011-0831,0.00088,0.37091
CVE-2011-0832,0.00270,0.64503
CVE-2011-0833,0.00131,0.47982
CVE-2011-0834,0.00131,0.47982
CVE-2011-0835,0.00270,0.64503
CVE-2011-0836,0.00086,0.35737
CVE-2011-0837,0.00163,0.53025
CVE-2011-0838,0.00270,0.64540
CVE-2011-0839,0.00044,0.10704
CVE-2011-0840,0.00083,0.34501
CVE-2011-0841,0.00156,0.52070
CVE-2011-0843,0.00131,0.47982
CVE-2011-0844,0.00131,0.47982
CVE-2011-0845,0.00773,0.79431
CVE-2011-0846,0.00307,0.66842
CVE-2011-0847,0.00083,0.34501
CVE-2011-0848,0.00343,0.68656
CVE-2011-0849,0.00131,0.47982
CVE-2011-0850,0.00083,0.34501
CVE-2011-0851,0.00083,0.34501
CVE-2011-0852,0.00343,0.68656
CVE-2011-0853,0.00083,0.34501
CVE-2011-0854,0.00083,0.34501
CVE-2011-0855,0.00083,0.34501
CVE-2011-0856,0.00083,0.34501
CVE-2011-0857,0.00083,0.34501
CVE-2011-0858,0.00083,0.34501
CVE-2011-0859,0.00083,0.34501
CVE-2011-0860,0.00083,0.34501
CVE-2011-0861,0.00083,0.34501
CVE-2011-0862,0.02712,0.89484
CVE-2011-0863,0.00986,0.81908
CVE-2011-0864,0.01528,0.85737
CVE-2011-0865,0.00730,0.78776
CVE-2011-0866,0.01472,0.85434
CVE-2011-0867,0.00953,0.81586
CVE-2011-0868,0.00859,0.80527
CVE-2011-0869,0.00953,0.81586
CVE-2011-0870,0.00773,0.79431
CVE-2011-0871,0.01780,0.86769
CVE-2011-0872,0.03859,0.91073
CVE-2011-0873,0.03276,0.90361
CVE-2011-0875,0.00110,0.43945
CVE-2011-0876,0.00187,0.56259
CVE-2011-0877,0.00187,0.56259
CVE-2011-0879,0.00187,0.56259
CVE-2011-0880,0.00270,0.64503
CVE-2011-0881,0.00187,0.56259
CVE-2011-0882,0.00343,0.68656
CVE-2011-0883,0.00088,0.37091
CVE-2011-0884,0.00158,0.52239
CVE-2011-0885,0.02788,0.89619
CVE-2011-0886,0.03289,0.90375
CVE-2011-0887,0.01860,0.87121
CVE-2011-0889,0.77072,0.97957
CVE-2011-0890,0.00456,0.72687
CVE-2011-0891,0.00042,0.05722
CVE-2011-0892,0.01322,0.84598
CVE-2011-0893,0.01863,0.87138
CVE-2011-0894,0.00153,0.51538
CVE-2011-0895,0.00174,0.54619
CVE-2011-0896,0.01064,0.82645
CVE-2011-0897,0.00042,0.05722
CVE-2011-0898,0.00138,0.49302
CVE-2011-0899,0.00501,0.73881
CVE-2011-0900,0.07774,0.93592
CVE-2011-0901,0.07356,0.93454
CVE-2011-0902,0.00044,0.08048
CVE-2011-0903,0.00948,0.81515
CVE-2011-0904,0.01104,0.82969
CVE-2011-0905,0.01104,0.82969
CVE-2011-0908,0.00131,0.48021
CVE-2011-0909,0.00122,0.46493
CVE-2011-0910,0.00320,0.67597
CVE-2011-0911,0.00122,0.46493
CVE-2011-0912,0.08193,0.93767
CVE-2011-0913,0.15193,0.95364
CVE-2011-0914,0.24114,0.96204
CVE-2011-0915,0.87467,0.98410
CVE-2011-0916,0.15193,0.95364
CVE-2011-0917,0.92393,0.98801
CVE-2011-0918,0.15193,0.95364
CVE-2011-0919,0.87467,0.98410
CVE-2011-0920,0.02536,0.89133
CVE-2011-0921,0.35649,0.96758
CVE-2011-0922,0.96797,0.99619
CVE-2011-0923,0.97203,0.99791
CVE-2011-0924,0.03953,0.91164
CVE-2011-0925,0.04974,0.92086
CVE-2011-0926,0.89700,0.98558
CVE-2011-0935,0.00348,0.68865
CVE-2011-0939,0.00181,0.55455
CVE-2011-0941,0.00181,0.55455
CVE-2011-0943,0.00161,0.52744
CVE-2011-0944,0.00181,0.55455
CVE-2011-0945,0.00181,0.55455
CVE-2011-0946,0.00181,0.55455
CVE-2011-0949,0.00161,0.52744
CVE-2011-0951,0.01466,0.85411
CVE-2011-0959,0.01501,0.85597
CVE-2011-0960,0.00485,0.73493
CVE-2011-0961,0.05266,0.92311
CVE-2011-0962,0.92197,0.98772
CVE-2011-0963,0.00191,0.56830
CVE-2011-0966,0.10541,0.94520
CVE-2011-0975,0.21477,0.96029
CVE-2011-0976,0.95106,0.99164
CVE-2011-0977,0.94018,0.98993
CVE-2011-0978,0.94156,0.99012
CVE-2011-0979,0.88044,0.98442
CVE-2011-0980,0.93392,0.98916
CVE-2011-0981,0.00669,0.77694
CVE-2011-0982,0.04178,0.91393
CVE-2011-0983,0.00669,0.77694
CVE-2011-0984,0.01483,0.85478
CVE-2011-0985,0.00553,0.75202
CVE-2011-0986,0.00741,0.78927
CVE-2011-0987,0.04345,0.91539
CVE-2011-0988,0.00050,0.16885
CVE-2011-0989,0.03978,0.91187
CVE-2011-0990,0.08004,0.93702
CVE-2011-0991,0.02885,0.89779
CVE-2011-0992,0.02262,0.88521
CVE-2011-0993,0.00050,0.16885
CVE-2011-0994,0.85020,0.98281
CVE-2011-0995,0.00050,0.16885
CVE-2011-0996,0.01346,0.84745
CVE-2011-0997,0.97070,0.99725
CVE-2011-0999,0.00042,0.05722
CVE-2011-1000,0.02339,0.88696
CVE-2011-10001,0.00132,0.48219
CVE-2011-10002,0.00076,0.31250
CVE-2011-10003,0.00073,0.30322
CVE-2011-10004,0.00063,0.25553
CVE-2011-10005,0.00207,0.58700
CVE-2011-1001,0.00278,0.65014
CVE-2011-1002,0.07514,0.93505
CVE-2011-1003,0.08623,0.93923
CVE-2011-1004,0.00044,0.08000
CVE-2011-1005,0.01079,0.82770
CVE-2011-1006,0.00044,0.08043
CVE-2011-1007,0.00367,0.69698
CVE-2011-1008,0.00235,0.61645
CVE-2011-1009,0.00122,0.46413
CVE-2011-1010,0.00046,0.12629
CVE-2011-1011,0.00044,0.08000
CVE-2011-1012,0.00042,0.05722
CVE-2011-1013,0.00042,0.05722
CVE-2011-1015,0.00851,0.80440
CVE-2011-1016,0.00042,0.05722
CVE-2011-1017,0.00042,0.05722
CVE-2011-1018,0.05151,0.92231
CVE-2011-1019,0.00042,0.05722
CVE-2011-1020,0.00044,0.08191
CVE-2011-1021,0.00042,0.05722
CVE-2011-1022,0.00044,0.08000
CVE-2011-1023,0.00042,0.05722
CVE-2011-1024,0.00413,0.71371
CVE-2011-1025,0.01822,0.86955
CVE-2011-1026,0.00164,0.53032
CVE-2011-1027,0.04222,0.91426
CVE-2011-1028,0.00507,0.74095
CVE-2011-1029,0.00125,0.46937
CVE-2011-1030,0.00191,0.56743
CVE-2011-1031,0.00042,0.05722
CVE-2011-1032,0.00289,0.65738
CVE-2011-1033,0.94218,0.99021
CVE-2011-1034,0.00255,0.63484
CVE-2011-1035,0.02024,0.87756
CVE-2011-1036,0.92354,0.98792
CVE-2011-1038,0.00301,0.66491
CVE-2011-1042,0.00466,0.72945
CVE-2011-1044,0.00042,0.05722
CVE-2011-1045,0.00887,0.80850
CVE-2011-1046,0.00442,0.72284
CVE-2011-1047,0.00177,0.54886
CVE-2011-1048,0.00064,0.26120
CVE-2011-1049,0.03070,0.90053
CVE-2011-1050,0.00332,0.68227
CVE-2011-1051,0.00312,0.67121
CVE-2011-1052,0.00312,0.67121
CVE-2011-1053,0.00578,0.75753
CVE-2011-1054,0.00269,0.64448
CVE-2011-1055,0.00232,0.61372
CVE-2011-1056,0.00042,0.05722
CVE-2011-1058,0.00329,0.68032
CVE-2011-1059,0.00749,0.79041
CVE-2011-1060,0.00134,0.48603
CVE-2011-1061,0.00404,0.71082
CVE-2011-1062,0.00767,0.79328
CVE-2011-1063,0.00367,0.69722
CVE-2011-1064,0.00135,0.48729
CVE-2011-1065,0.07433,0.93481
CVE-2011-1066,0.00254,0.63423
CVE-2011-1067,0.01132,0.83200
CVE-2011-1068,0.00366,0.69695
CVE-2011-1069,0.00122,0.46413
CVE-2011-1070,0.00044,0.10161
CVE-2011-1071,0.01907,0.87349
CVE-2011-1072,0.00044,0.08000
CVE-2011-1073,0.00043,0.07639
CVE-2011-1074,0.00043,0.07658
CVE-2011-1075,0.00071,0.29203
CVE-2011-1076,0.00079,0.33176
CVE-2011-1077,0.00180,0.55325
CVE-2011-1078,0.00042,0.05722
CVE-2011-1079,0.00042,0.05722
CVE-2011-1080,0.00042,0.05722
CVE-2011-1081,0.04803,0.91965
CVE-2011-1082,0.00043,0.07477
CVE-2011-1083,0.00042,0.00438
CVE-2011-1084,0.00078,0.32606
CVE-2011-1085,0.00073,0.30112
CVE-2011-1086,0.06297,0.92947
CVE-2011-1087,0.03542,0.90704
CVE-2011-1088,0.00195,0.57389
CVE-2011-1089,0.00044,0.08000
CVE-2011-1090,0.00042,0.05722
CVE-2011-1091,0.01644,0.86277
CVE-2011-1092,0.02758,0.89577
CVE-2011-1093,0.02710,0.89481
CVE-2011-1094,0.00231,0.61300
CVE-2011-1095,0.00044,0.08000
CVE-2011-1096,0.00425,0.71773
CVE-2011-1097,0.02034,0.87792
CVE-2011-1098,0.00046,0.13781
CVE-2011-1099,0.01471,0.85429
CVE-2011-1100,0.00057,0.21460
CVE-2011-1101,0.02028,0.87768
CVE-2011-1102,0.00367,0.69759
CVE-2011-1103,0.00382,0.70308
CVE-2011-1104,0.00153,0.51578
CVE-2011-1105,0.00155,0.51753
CVE-2011-1106,0.00228,0.61056
CVE-2011-1107,0.00403,0.71055
CVE-2011-1108,0.00978,0.81834
CVE-2011-1109,0.00920,0.81224
CVE-2011-1110,0.01186,0.83645
CVE-2011-1111,0.01087,0.82835
CVE-2011-1112,0.01196,0.83723
CVE-2011-1113,0.00425,0.71775
CVE-2011-1114,0.01580,0.85996
CVE-2011-1115,0.01448,0.85325
CVE-2011-1116,0.01196,0.83723
CVE-2011-1117,0.01448,0.85325
CVE-2011-1118,0.00970,0.81748
CVE-2011-1119,0.01017,0.82190
CVE-2011-1120,0.00303,0.66573
CVE-2011-1121,0.02655,0.89369
CVE-2011-1122,0.00303,0.66573
CVE-2011-1123,0.00573,0.75624
CVE-2011-1124,0.00837,0.80278
CVE-2011-1125,0.01196,0.83723
CVE-2011-1126,0.00042,0.05722
CVE-2011-1127,0.00741,0.78921
CVE-2011-1128,0.00351,0.69011
CVE-2011-1129,0.00099,0.40712
CVE-2011-1130,0.00182,0.55617
CVE-2011-1131,0.00377,0.70123
CVE-2011-1132,0.00042,0.05722
CVE-2011-1133,0.00577,0.75723
CVE-2011-1134,0.01344,0.84725
CVE-2011-1135,0.00577,0.75723
CVE-2011-1136,0.00061,0.23854
CVE-2011-1137,0.06676,0.93165
CVE-2011-1138,0.00925,0.81283
CVE-2011-1139,0.01215,0.83860
CVE-2011-1140,0.02073,0.87929
CVE-2011-1141,0.00972,0.81766
CVE-2011-1142,0.00235,0.61732
CVE-2011-1143,0.00875,0.80710
CVE-2011-1144,0.00045,0.12297
CVE-2011-1145,0.00042,0.05722
CVE-2011-1146,0.07653,0.93547
CVE-2011-1147,0.93068,0.98877
CVE-2011-1148,0.01579,0.85991
CVE-2011-1149,0.00229,0.61140
CVE-2011-1150,0.00122,0.46413
CVE-2011-1151,0.00278,0.65018
CVE-2011-1153,0.01776,0.86756
CVE-2011-1154,0.00068,0.28152
CVE-2011-1155,0.00097,0.40214
CVE-2011-1156,0.05927,0.92742
CVE-2011-1157,0.00347,0.68822
CVE-2011-1158,0.00304,0.66665
CVE-2011-1159,0.00046,0.13809
CVE-2011-1160,0.00042,0.05722
CVE-2011-1162,0.00042,0.05722
CVE-2011-1163,0.00044,0.08000
CVE-2011-1164,0.00452,0.72592
CVE-2011-1165,0.01267,0.84247
CVE-2011-1166,0.00072,0.29920
CVE-2011-1167,0.19947,0.95917
CVE-2011-1168,0.00449,0.72484
CVE-2011-1169,0.00042,0.05722
CVE-2011-1170,0.00042,0.05722
CVE-2011-1171,0.00042,0.05722
CVE-2011-1172,0.00042,0.05722
CVE-2011-1173,0.00592,0.76068
CVE-2011-1174,0.09420,0.94193
CVE-2011-1175,0.15044,0.95346
CVE-2011-1176,0.00338,0.68469
CVE-2011-1178,0.02031,0.87785
CVE-2011-1179,0.04656,0.91811
CVE-2011-1180,0.00638,0.77004
CVE-2011-1182,0.00042,0.05722
CVE-2011-1183,0.00226,0.60921
CVE-2011-1184,0.00181,0.55383
CVE-2011-1185,0.00777,0.79485
CVE-2011-1186,0.03178,0.90206
CVE-2011-1187,0.00401,0.70991
CVE-2011-1188,0.01671,0.86369
CVE-2011-1189,0.01988,0.87626
CVE-2011-1190,0.00566,0.75470
CVE-2011-1191,0.01021,0.82222
CVE-2011-1192,0.00902,0.81019
CVE-2011-1193,0.01855,0.87104
CVE-2011-1194,0.00448,0.72466
CVE-2011-1195,0.01782,0.86775
CVE-2011-1196,0.02531,0.89126
CVE-2011-1197,0.02117,0.88062
CVE-2011-1198,0.02531,0.89126
CVE-2011-1199,0.01135,0.83236
CVE-2011-1200,0.01753,0.86680
CVE-2011-1201,0.01259,0.84202
CVE-2011-1202,0.00373,0.69932
CVE-2011-1203,0.00979,0.81837
CVE-2011-1204,0.01139,0.83255
CVE-2011-1205,0.00042,0.05753
CVE-2011-1206,0.93738,0.98957
CVE-2011-1207,0.04136,0.91352
CVE-2011-1208,0.07968,0.93690
CVE-2011-1209,0.00210,0.58970
CVE-2011-1213,0.93660,0.98946
CVE-2011-1214,0.09054,0.94064
CVE-2011-1215,0.07440,0.93483
CVE-2011-1216,0.30073,0.96531
CVE-2011-1217,0.45160,0.97089
CVE-2011-1218,0.18386,0.95754
CVE-2011-1220,0.97268,0.99829
CVE-2011-1221,0.00132,0.48097
CVE-2011-1222,0.00042,0.05722
CVE-2011-1223,0.00042,0.05722
CVE-2011-1224,0.00086,0.35861
CVE-2011-1225,0.00042,0.00438
CVE-2011-1226,0.00042,0.00438
CVE-2011-1227,0.00042,0.00438
CVE-2011-1228,0.00042,0.00438
CVE-2011-1229,0.00043,0.07681
CVE-2011-1230,0.00042,0.00438
CVE-2011-1231,0.00042,0.00438
CVE-2011-1232,0.00042,0.00438
CVE-2011-1233,0.00042,0.00438
CVE-2011-1234,0.00042,0.00438
CVE-2011-1235,0.00042,0.00438
CVE-2011-1236,0.00042,0.00438
CVE-2011-1237,0.00042,0.00438
CVE-2011-1238,0.00042,0.00438
CVE-2011-1239,0.00042,0.00438
CVE-2011-1240,0.00042,0.00438
CVE-2011-1241,0.00042,0.00438
CVE-2011-1242,0.00042,0.00438
CVE-2011-1243,0.63937,0.97594
CVE-2011-1244,0.00507,0.74092
CVE-2011-1245,0.18957,0.95818
CVE-2011-1246,0.00324,0.67750
CVE-2011-1247,0.00338,0.68448
CVE-2011-1248,0.93868,0.98974
CVE-2011-1249,0.00043,0.07733
CVE-2011-1250,0.19182,0.95842
CVE-2011-1251,0.19183,0.95843
CVE-2011-1252,0.92439,0.98806
CVE-2011-1253,0.17015,0.95603
CVE-2011-1254,0.19183,0.95843
CVE-2011-1255,0.94195,0.99019
CVE-2011-1256,0.88636,0.98475
CVE-2011-1257,0.22865,0.96119
CVE-2011-1258,0.00689,0.78065
CVE-2011-1260,0.95888,0.99338
CVE-2011-1261,0.88636,0.98475
CVE-2011-1262,0.88636,0.98475
CVE-2011-1263,0.75976,0.97924
CVE-2011-1264,0.00447,0.72432
CVE-2011-1265,0.64530,0.97606
CVE-2011-1266,0.88636,0.98475
CVE-2011-1267,0.72850,0.97837
CVE-2011-1268,0.92852,0.98855
CVE-2011-1269,0.66882,0.97658
CVE-2011-1270,0.16114,0.95495
CVE-2011-1271,0.00746,0.78994
CVE-2011-1272,0.86545,0.98363
CVE-2011-1273,0.92478,0.98810
CVE-2011-1274,0.74783,0.97894
CVE-2011-1275,0.73634,0.97861
CVE-2011-1276,0.96784,0.99616
CVE-2011-1277,0.91620,0.98709
CVE-2011-1278,0.92478,0.98810
CVE-2011-1279,0.18728,0.95800
CVE-2011-1280,0.00896,0.80944
CVE-2011-1281,0.00042,0.00438
CVE-2011-1282,0.00042,0.00438
CVE-2011-1283,0.00042,0.00438
CVE-2011-1284,0.00043,0.07423
CVE-2011-1285,0.01201,0.83752
CVE-2011-1286,0.01201,0.83752
CVE-2011-1288,0.06215,0.92909
CVE-2011-1290,0.36581,0.96799
CVE-2011-1291,0.02827,0.89687
CVE-2011-1292,0.01813,0.86910
CVE-2011-1293,0.00984,0.81887
CVE-2011-1294,0.01070,0.82699
CVE-2011-1295,0.00477,0.73259
CVE-2011-1296,0.00782,0.79542
CVE-2011-1298,0.00135,0.48837
CVE-2011-1300,0.02713,0.89487
CVE-2011-1301,0.03901,0.91125
CVE-2011-1302,0.05678,0.92601
CVE-2011-1303,0.00304,0.66637
CVE-2011-1304,0.00228,0.61047
CVE-2011-1305,0.00263,0.64032
CVE-2011-1306,0.00116,0.45376
CVE-2011-1307,0.00042,0.05722
CVE-2011-1308,0.00250,0.63004
CVE-2011-1309,0.00288,0.65718
CVE-2011-1310,0.00042,0.05722
CVE-2011-1311,0.00195,0.57487
CVE-2011-1312,0.00114,0.44771
CVE-2011-1313,0.00140,0.49514
CVE-2011-1314,0.00242,0.62242
CVE-2011-1315,0.00313,0.67140
CVE-2011-1316,0.00313,0.67140
CVE-2011-1317,0.00242,0.62242
CVE-2011-1318,0.00414,0.71414
CVE-2011-1319,0.00186,0.56001
CVE-2011-1320,0.00364,0.69573
CVE-2011-1321,0.00195,0.57487
CVE-2011-1322,0.00278,0.65056
CVE-2011-1323,0.00943,0.81469
CVE-2011-1324,0.00085,0.35312
CVE-2011-1325,0.00225,0.60799
CVE-2011-1326,0.00873,0.80674
CVE-2011-1327,0.00045,0.12341
CVE-2011-1328,0.00368,0.69777
CVE-2011-1329,0.01342,0.84718
CVE-2011-1330,0.00254,0.63423
CVE-2011-1331,0.04241,0.91447
CVE-2011-1332,0.00192,0.57132
CVE-2011-1333,0.00259,0.63800
CVE-2011-1334,0.00259,0.63800
CVE-2011-1335,0.00275,0.64854
CVE-2011-1336,0.71701,0.97807
CVE-2011-1337,0.03594,0.90768
CVE-2011-1338,0.00042,0.05722
CVE-2011-1339,0.00109,0.43581
CVE-2011-1340,0.00220,0.60207
CVE-2011-1341,0.00159,0.52409
CVE-2011-1342,0.00129,0.47721
CVE-2011-1343,0.00264,0.64175
CVE-2011-1344,0.04046,0.91256
CVE-2011-1345,0.94952,0.99141
CVE-2011-1346,0.17185,0.95633
CVE-2011-1347,0.02861,0.89745
CVE-2011-1350,0.00077,0.31988
CVE-2011-1352,0.00067,0.27674
CVE-2011-1353,0.00044,0.08124
CVE-2011-1355,0.00274,0.64768
CVE-2011-1356,0.00042,0.05722
CVE-2011-1357,0.00122,0.46437
CVE-2011-1359,0.00404,0.71087
CVE-2011-1360,0.00191,0.56743
CVE-2011-1362,0.00191,0.56743
CVE-2011-1364,0.00242,0.62295
CVE-2011-1366,0.00678,0.77884
CVE-2011-1367,0.00919,0.81212
CVE-2011-1368,0.00305,0.66695
CVE-2011-1370,0.00280,0.65154
CVE-2011-1371,0.00122,0.46437
CVE-2011-1372,0.00476,0.73224
CVE-2011-1373,0.00042,0.05722
CVE-2011-1374,0.00919,0.81209
CVE-2011-1375,0.00042,0.05722
CVE-2011-1376,0.00042,0.05722
CVE-2011-1377,0.00320,0.67582
CVE-2011-1378,0.00042,0.05722
CVE-2011-1381,0.00274,0.64783
CVE-2011-1384,0.00042,0.05722
CVE-2011-1385,0.05598,0.92557
CVE-2011-1386,0.00355,0.69217
CVE-2011-1388,0.40296,0.96937
CVE-2011-1389,0.10039,0.94400
CVE-2011-1390,0.00429,0.71863
CVE-2011-1391,0.40296,0.96937
CVE-2011-1392,0.40296,0.96937
CVE-2011-1393,0.00656,0.77359
CVE-2011-1394,0.01709,0.86505
CVE-2011-1395,0.00250,0.63004
CVE-2011-1396,0.00250,0.63004
CVE-2011-1397,0.00255,0.63470
CVE-2011-1398,0.01432,0.85232
CVE-2011-1400,0.06719,0.93185
CVE-2011-1401,0.00174,0.54625
CVE-2011-1402,0.00425,0.71766
CVE-2011-1403,0.00304,0.66622
CVE-2011-1404,0.00226,0.60946
CVE-2011-1405,0.00106,0.42980
CVE-2011-1406,0.00339,0.68501
CVE-2011-1407,0.07164,0.93388
CVE-2011-1408,0.01435,0.85252
CVE-2011-1409,0.00651,0.77300
CVE-2011-1411,0.00556,0.75271
CVE-2011-1412,0.00894,0.80933
CVE-2011-1413,0.00972,0.81774
CVE-2011-1414,0.00314,0.67230
CVE-2011-1416,0.00096,0.39891
CVE-2011-1417,0.20140,0.95930
CVE-2011-1418,0.00223,0.60682
CVE-2011-1419,0.00195,0.57389
CVE-2011-1420,0.00062,0.24501
CVE-2011-1421,0.00042,0.05722
CVE-2011-1422,0.00259,0.63800
CVE-2011-1423,0.00220,0.60154
CVE-2011-1424,0.00138,0.49353
CVE-2011-1425,0.01239,0.84051
CVE-2011-1426,0.21120,0.96004
CVE-2011-1427,0.00209,0.58834
CVE-2011-1428,0.00134,0.48493
CVE-2011-1429,0.00264,0.64085
CVE-2011-1430,0.00083,0.34504
CVE-2011-1431,0.00404,0.71075
CVE-2011-1432,0.00152,0.51479
CVE-2011-1433,0.00132,0.48071
CVE-2011-1434,0.00470,0.73048
CVE-2011-1435,0.00301,0.66492
CVE-2011-1436,0.00395,0.70789
CVE-2011-1437,0.00672,0.77738
CVE-2011-1438,0.00393,0.70751
CVE-2011-1439,0.00319,0.67521
CVE-2011-1440,0.41852,0.96986
CVE-2011-1441,0.00396,0.70850
CVE-2011-1442,0.00367,0.69732
CVE-2011-1443,0.00470,0.73048
CVE-2011-1444,0.01232,0.84002
CVE-2011-1445,0.00367,0.69732
CVE-2011-1446,0.01295,0.84442
CVE-2011-1447,0.00470,0.73048
CVE-2011-1448,0.00470,0.73048
CVE-2011-1449,0.05156,0.92234
CVE-2011-1450,0.00274,0.64749
CVE-2011-1451,0.00686,0.78025
CVE-2011-1452,0.00245,0.62615
CVE-2011-1453,0.28213,0.96438
CVE-2011-1454,0.00329,0.68038
CVE-2011-1455,0.00367,0.69732
CVE-2011-1456,0.00367,0.69732
CVE-2011-1457,0.06215,0.92909
CVE-2011-1459,0.00125,0.46971
CVE-2011-1460,0.00324,0.67749
CVE-2011-1462,0.06215,0.92909
CVE-2011-1464,0.02227,0.88419
CVE-2011-1465,0.00316,0.67333
CVE-2011-1466,0.02148,0.88198
CVE-2011-1467,0.01481,0.85467
CVE-2011-1468,0.13003,0.95032
CVE-2011-1469,0.01530,0.85749
CVE-2011-1470,0.01907,0.87349
CVE-2011-1471,0.03030,0.89983
CVE-2011-1472,0.00156,0.51995
CVE-2011-1473,0.73731,0.97865
CVE-2011-1474,0.00044,0.10161
CVE-2011-1475,0.00307,0.66843
CVE-2011-1476,0.00042,0.05722
CVE-2011-1477,0.00042,0.05722
CVE-2011-1478,0.00691,0.78108
CVE-2011-1479,0.00045,0.12314
CVE-2011-1480,0.00102,0.41519
CVE-2011-1481,0.00199,0.57826
CVE-2011-1482,0.00357,0.69286
CVE-2011-1483,0.01097,0.82922
CVE-2011-1484,0.01349,0.84763
CVE-2011-1485,0.00077,0.31759
CVE-2011-1486,0.02264,0.88527
CVE-2011-1487,0.01698,0.86464
CVE-2011-1488,0.00042,0.05722
CVE-2011-1489,0.00042,0.05722
CVE-2011-1490,0.00042,0.05722
CVE-2011-1491,0.00244,0.62432
CVE-2011-1492,0.00207,0.58685
CVE-2011-1493,0.02658,0.89378
CVE-2011-1494,0.00042,0.05722
CVE-2011-1495,0.00042,0.05722
CVE-2011-1496,0.00051,0.16941
CVE-2011-1497,0.00059,0.23173
CVE-2011-1498,0.00219,0.59895
CVE-2011-1499,0.00432,0.71954
CVE-2011-1500,0.00042,0.05722
CVE-2011-1502,0.00157,0.52166
CVE-2011-1503,0.00156,0.52014
CVE-2011-1504,0.00125,0.46920
CVE-2011-1505,0.00451,0.72534
CVE-2011-1506,0.00202,0.58253
CVE-2011-1507,0.11060,0.94647
CVE-2011-1508,0.27137,0.96365
CVE-2011-1509,0.00324,0.67771
CVE-2011-1510,0.00254,0.63423
CVE-2011-1511,0.80844,0.98075
CVE-2011-1512,0.06097,0.92836
CVE-2011-1513,0.00824,0.80110
CVE-2011-1514,0.00913,0.81136
CVE-2011-1515,0.00917,0.81191
CVE-2011-1516,0.00208,0.58777
CVE-2011-1517,0.04760,0.91918
CVE-2011-1518,0.00317,0.67408
CVE-2011-1519,0.07674,0.93551
CVE-2011-1520,0.00052,0.18008
CVE-2011-1521,0.13626,0.95135
CVE-2011-1522,0.00403,0.71053
CVE-2011-1523,0.00483,0.73433
CVE-2011-1524,0.00959,0.81638
CVE-2011-1525,0.25061,0.96256
CVE-2011-1526,0.00353,0.69125
CVE-2011-1527,0.70704,0.97770
CVE-2011-1528,0.14701,0.95295
CVE-2011-1529,0.73762,0.97866
CVE-2011-1530,0.01319,0.84583
CVE-2011-1531,0.00395,0.70811
CVE-2011-1532,0.02273,0.88547
CVE-2011-1533,0.00192,0.56984
CVE-2011-1534,0.00557,0.75280
CVE-2011-1535,0.00477,0.73240
CVE-2011-1536,0.00333,0.68260
CVE-2011-1537,0.01258,0.84172
CVE-2011-1538,0.00185,0.55848
CVE-2011-1539,0.00333,0.68260
CVE-2011-1540,0.01022,0.82225
CVE-2011-1541,0.22515,0.96095
CVE-2011-1542,0.01258,0.84172
CVE-2011-1543,0.00184,0.55803
CVE-2011-1544,0.00430,0.71891
CVE-2011-1545,0.00188,0.56327
CVE-2011-1546,0.00428,0.71845
CVE-2011-1547,0.02019,0.87744
CVE-2011-1548,0.00044,0.08000
CVE-2011-1549,0.00044,0.08000
CVE-2011-1550,0.00044,0.08000
CVE-2011-1551,0.00050,0.16885
CVE-2011-1552,0.02648,0.89360
CVE-2011-1553,0.02514,0.89092
CVE-2011-1554,0.02936,0.89847
CVE-2011-1555,0.00129,0.47721
CVE-2011-1556,0.00232,0.61372
CVE-2011-1557,0.00075,0.30849
CVE-2011-1558,0.00191,0.56743
CVE-2011-1559,0.00209,0.58924
CVE-2011-1560,0.01306,0.84513
CVE-2011-1561,0.00885,0.80804
CVE-2011-1562,0.01117,0.83075
CVE-2011-1563,0.61441,0.97538
CVE-2011-1564,0.12971,0.95028
CVE-2011-1565,0.43442,0.97034
CVE-2011-1566,0.86932,0.98386
CVE-2011-1567,0.73326,0.97849
CVE-2011-1568,0.57704,0.97436
CVE-2011-1569,0.01721,0.86557
CVE-2011-1570,0.00173,0.54497
CVE-2011-1571,0.02537,0.89134
CVE-2011-1572,0.01280,0.84322
CVE-2011-1573,0.00960,0.81649
CVE-2011-1574,0.31184,0.96582
CVE-2011-1575,0.89715,0.98558
CVE-2011-1576,0.00888,0.80860
CVE-2011-1577,0.00391,0.70650
CVE-2011-1578,0.00498,0.73826
CVE-2011-1579,0.00413,0.71381
CVE-2011-1580,0.00218,0.59837
CVE-2011-1581,0.01406,0.85102
CVE-2011-1582,0.00354,0.69149
CVE-2011-1583,0.00042,0.05753
CVE-2011-1584,0.01212,0.83844
CVE-2011-1585,0.00042,0.05722
CVE-2011-1586,0.00507,0.74098
CVE-2011-1587,0.00220,0.60154
CVE-2011-1588,0.00125,0.46869
CVE-2011-1589,0.01181,0.83611
CVE-2011-1590,0.00769,0.79352
CVE-2011-1591,0.96458,0.99490
CVE-2011-1592,0.00979,0.81838
CVE-2011-1593,0.00044,0.08002
CVE-2011-1594,0.00257,0.63580
CVE-2011-1595,0.00164,0.53045
CVE-2011-1597,0.00353,0.69112
CVE-2011-1598,0.00044,0.08000
CVE-2011-1599,0.01034,0.82343
CVE-2011-1602,0.00042,0.05722
CVE-2011-1603,0.00042,0.05722
CVE-2011-1604,0.01978,0.87593
CVE-2011-1605,0.01978,0.87593
CVE-2011-1606,0.01978,0.87593
CVE-2011-1607,0.00536,0.74809
CVE-2011-1609,0.00229,0.61195
CVE-2011-1610,0.93026,0.98872
CVE-2011-1613,0.85311,0.98294
CVE-2011-1623,0.00398,0.70905
CVE-2011-1624,0.00204,0.58364
CVE-2011-1625,0.00181,0.55390
CVE-2011-1637,0.00042,0.05722
CVE-2011-1640,0.00161,0.52764
CVE-2011-1643,0.00369,0.69820
CVE-2011-1645,0.02504,0.89066
CVE-2011-1646,0.00228,0.61096
CVE-2011-1647,0.00278,0.65025
CVE-2011-1649,0.00181,0.55455
CVE-2011-1651,0.00181,0.55455
CVE-2011-1652,0.00181,0.55507
CVE-2011-1653,0.97185,0.99781
CVE-2011-1654,0.11575,0.94781
CVE-2011-1655,0.96340,0.99455
CVE-2011-1657,0.01847,0.87077
CVE-2011-1658,0.00042,0.05722
CVE-2011-1659,0.01447,0.85321
CVE-2011-1660,0.00330,0.68116
CVE-2011-1661,0.00452,0.72594
CVE-2011-1662,0.00220,0.60154
CVE-2011-1663,0.00135,0.48729
CVE-2011-1664,0.00159,0.52409
CVE-2011-1665,0.00505,0.74034
CVE-2011-1666,0.00408,0.71214
CVE-2011-1667,0.00143,0.50172
CVE-2011-1668,0.00481,0.73387
CVE-2011-1669,0.02966,0.89890
CVE-2011-1670,0.00767,0.79328
CVE-2011-1671,0.00907,0.81076
CVE-2011-1672,0.00522,0.74473
CVE-2011-1673,0.00256,0.63530
CVE-2011-1674,0.01016,0.82183
CVE-2011-1675,0.00044,0.08000
CVE-2011-1676,0.00044,0.08000
CVE-2011-1677,0.00064,0.26441
CVE-2011-1678,0.00044,0.10363
CVE-2011-1679,0.00044,0.08000
CVE-2011-1680,0.00103,0.41730
CVE-2011-1681,0.00052,0.17512
CVE-2011-1682,0.00116,0.45372
CVE-2011-1683,0.01049,0.82479
CVE-2011-1684,0.09272,0.94143
CVE-2011-1685,0.00429,0.71865
CVE-2011-1686,0.00224,0.60793
CVE-2011-1687,0.00195,0.57453
CVE-2011-1688,0.00262,0.64003
CVE-2011-1689,0.00304,0.66665
CVE-2011-1690,0.00748,0.79015
CVE-2011-1691,0.00760,0.79233
CVE-2011-1696,0.00212,0.59187
CVE-2011-1699,0.30863,0.96572
CVE-2011-1700,0.30863,0.96572
CVE-2011-1701,0.30863,0.96572
CVE-2011-1702,0.23284,0.96148
CVE-2011-1703,0.30863,0.96572
CVE-2011-1704,0.30863,0.96572
CVE-2011-1705,0.30863,0.96572
CVE-2011-1706,0.31570,0.96601
CVE-2011-1707,0.37533,0.96838
CVE-2011-1708,0.30863,0.96572
CVE-2011-1709,0.00042,0.05722
CVE-2011-1710,0.03260,0.90338
CVE-2011-1711,0.00233,0.61485
CVE-2011-1712,0.00494,0.73728
CVE-2011-1713,0.00731,0.78782
CVE-2011-1714,0.00735,0.78844
CVE-2011-1715,0.04313,0.91510
CVE-2011-1716,0.00282,0.65305
CVE-2011-1717,0.00059,0.22838
CVE-2011-1718,0.00399,0.70930
CVE-2011-1719,0.19232,0.95847
CVE-2011-1720,0.86754,0.98376
CVE-2011-1721,0.00510,0.74157
CVE-2011-1722,0.00427,0.71799
CVE-2011-1723,0.01210,0.83831
CVE-2011-1724,0.00551,0.75177
CVE-2011-1725,0.00459,0.72752
CVE-2011-1726,0.00195,0.57494
CVE-2011-1727,0.00158,0.52299
CVE-2011-1728,0.85435,0.98299
CVE-2011-1729,0.85435,0.98299
CVE-2011-1730,0.85435,0.98299
CVE-2011-1731,0.87097,0.98391
CVE-2011-1732,0.85435,0.98299
CVE-2011-1733,0.85435,0.98299
CVE-2011-1734,0.87097,0.98391
CVE-2011-1735,0.77385,0.97966
CVE-2011-1736,0.05080,0.92185
CVE-2011-1737,0.01404,0.85094
CVE-2011-1738,0.00042,0.05722
CVE-2011-1739,0.00390,0.70617
CVE-2011-1740,0.00204,0.58372
CVE-2011-1741,0.30194,0.96538
CVE-2011-1742,0.00042,0.05722
CVE-2011-1743,0.00071,0.29328
CVE-2011-1744,0.00193,0.57187
CVE-2011-1745,0.00042,0.05722
CVE-2011-1746,0.00042,0.05753
CVE-2011-1747,0.00042,0.05722
CVE-2011-1748,0.00042,0.05722
CVE-2011-1749,0.00042,0.05722
CVE-2011-1750,0.00061,0.23987
CVE-2011-1751,0.00106,0.42725
CVE-2011-1752,0.00719,0.78608
CVE-2011-1753,0.06128,0.92859
CVE-2011-1754,0.01314,0.84559
CVE-2011-1755,0.08134,0.93746
CVE-2011-1756,0.03404,0.90540
CVE-2011-1757,0.00281,0.65253
CVE-2011-1758,0.00042,0.05722
CVE-2011-1759,0.00042,0.05722
CVE-2011-1760,0.00042,0.00438
CVE-2011-1761,0.32625,0.96636
CVE-2011-1762,0.00054,0.20290
CVE-2011-1763,0.00042,0.05722
CVE-2011-1764,0.08875,0.94010
CVE-2011-1765,0.00334,0.68296
CVE-2011-1766,0.01784,0.86788
CVE-2011-1767,0.00558,0.75293
CVE-2011-1768,0.00452,0.72574
CVE-2011-1769,0.00042,0.05722
CVE-2011-1770,0.02856,0.89739
CVE-2011-1771,0.00043,0.07658
CVE-2011-1772,0.00430,0.71893
CVE-2011-1773,0.00042,0.05722
CVE-2011-1774,0.96990,0.99687
CVE-2011-1775,0.00281,0.65209
CVE-2011-1776,0.00319,0.67543
CVE-2011-1777,0.01593,0.86051
CVE-2011-1778,0.01593,0.86051
CVE-2011-1779,0.00540,0.74912
CVE-2011-1780,0.00147,0.50599
CVE-2011-1781,0.00042,0.05722
CVE-2011-1782,0.03331,0.90438
CVE-2011-1783,0.00715,0.78514
CVE-2011-1784,0.00042,0.05722
CVE-2011-1785,0.05486,0.92488
CVE-2011-1786,0.05486,0.92488
CVE-2011-1787,0.00062,0.24773
CVE-2011-1788,0.00042,0.05722
CVE-2011-1789,0.00214,0.59437
CVE-2011-1793,0.00330,0.68141
CVE-2011-1794,0.00345,0.68748
CVE-2011-1795,0.00361,0.69468
CVE-2011-1796,0.00330,0.68141
CVE-2011-1797,0.01034,0.82335
CVE-2011-1798,0.00330,0.68141
CVE-2011-1799,0.00489,0.73607
CVE-2011-1800,0.00687,0.78039
CVE-2011-1801,0.00295,0.66133
CVE-2011-1802,0.00133,0.48460
CVE-2011-1803,0.00098,0.40527
CVE-2011-1804,0.01135,0.83227
CVE-2011-1805,0.00156,0.52057
CVE-2011-1806,0.01443,0.85298
CVE-2011-1807,0.00789,0.79677
CVE-2011-1808,0.03573,0.90738
CVE-2011-1809,0.02200,0.88342
CVE-2011-1810,0.00532,0.74708
CVE-2011-1811,0.01369,0.84908
CVE-2011-1812,0.01203,0.83770
CVE-2011-1813,0.01282,0.84366
CVE-2011-1814,0.01754,0.86686
CVE-2011-1815,0.00475,0.73209
CVE-2011-1816,0.02200,0.88342
CVE-2011-1817,0.01765,0.86716
CVE-2011-1818,0.02200,0.88342
CVE-2011-1819,0.00543,0.74979
CVE-2011-1820,0.00062,0.24388
CVE-2011-1821,0.00174,0.54675
CVE-2011-1822,0.00042,0.05722
CVE-2011-1823,0.00073,0.30233
CVE-2011-1824,0.03867,0.91079
CVE-2011-1825,0.00291,0.65918
CVE-2011-1826,0.00399,0.70930
CVE-2011-1827,0.05165,0.92244
CVE-2011-1828,0.00042,0.05722
CVE-2011-1829,0.00256,0.63550
CVE-2011-1830,0.00152,0.51400
CVE-2011-1831,0.00042,0.05722
CVE-2011-1832,0.00042,0.05722
CVE-2011-1833,0.00042,0.05722
CVE-2011-1834,0.00042,0.05722
CVE-2011-1835,0.00042,0.05722
CVE-2011-1836,0.00042,0.05722
CVE-2011-1837,0.00042,0.05722
CVE-2011-1838,0.01120,0.83108
CVE-2011-1839,0.00136,0.48987
CVE-2011-1840,0.00042,0.05722
CVE-2011-1841,0.00254,0.63423
CVE-2011-1842,0.00042,0.05722
CVE-2011-1843,0.00514,0.74272
CVE-2011-1844,0.00425,0.71761
CVE-2011-1845,0.00425,0.71761
CVE-2011-1846,0.00343,0.68688
CVE-2011-1847,0.00361,0.69452
CVE-2011-1848,0.95168,0.99181
CVE-2011-1849,0.27510,0.96391
CVE-2011-1850,0.82438,0.98163
CVE-2011-1851,0.82438,0.98163
CVE-2011-1852,0.95952,0.99350
CVE-2011-1853,0.33032,0.96652
CVE-2011-1854,0.30384,0.96547
CVE-2011-1855,0.00042,0.05722
CVE-2011-1856,0.01404,0.85094
CVE-2011-1857,0.00557,0.75280
CVE-2011-1858,0.00042,0.05722
CVE-2011-1859,0.00456,0.72687
CVE-2011-1860,0.00456,0.72687
CVE-2011-1861,0.02278,0.88560
CVE-2011-1862,0.00175,0.54746
CVE-2011-1863,0.00557,0.75280
CVE-2011-1864,0.60035,0.97492
CVE-2011-1865,0.96314,0.99445
CVE-2011-1866,0.85927,0.98319
CVE-2011-1867,0.84533,0.98255
CVE-2011-1868,0.13653,0.95138
CVE-2011-1869,0.01122,0.83128
CVE-2011-1870,0.00044,0.10709
CVE-2011-1871,0.95867,0.99332
CVE-2011-1872,0.00086,0.35742
CVE-2011-1873,0.25789,0.96297
CVE-2011-1874,0.00042,0.00438
CVE-2011-1875,0.00042,0.00438
CVE-2011-1876,0.00042,0.00438
CVE-2011-1877,0.00042,0.00438
CVE-2011-1878,0.00042,0.00438
CVE-2011-1879,0.00042,0.00438
CVE-2011-1880,0.00042,0.00438
CVE-2011-1881,0.00042,0.00438
CVE-2011-1882,0.00042,0.00438
CVE-2011-1883,0.00042,0.00438
CVE-2011-1884,0.00042,0.00438
CVE-2011-1885,0.00042,0.00438
CVE-2011-1886,0.00054,0.19422
CVE-2011-1887,0.00042,0.00438
CVE-2011-1888,0.00042,0.00438
CVE-2011-1889,0.54137,0.97353
CVE-2011-1890,0.15660,0.95439
CVE-2011-1891,0.75976,0.97924
CVE-2011-1892,0.03862,0.91076
CVE-2011-1893,0.75976,0.97924
CVE-2011-1894,0.03359,0.90478
CVE-2011-1895,0.00954,0.81592
CVE-2011-1896,0.01867,0.87147
CVE-2011-1897,0.00530,0.74652
CVE-2011-1898,0.00067,0.27823
CVE-2011-1899,0.00274,0.64782
CVE-2011-1900,0.01456,0.85365
CVE-2011-1901,0.00722,0.78651
CVE-2011-1902,0.00391,0.70655
CVE-2011-1903,0.00152,0.51417
CVE-2011-1904,0.00276,0.64899
CVE-2011-1905,0.00152,0.51384
CVE-2011-1906,0.00512,0.74222
CVE-2011-1907,0.90005,0.98574
CVE-2011-1908,0.02920,0.89823
CVE-2011-1910,0.94308,0.99035
CVE-2011-1911,0.01475,0.85445
CVE-2011-1913,0.00893,0.80915
CVE-2011-1914,0.01618,0.86170
CVE-2011-1915,0.00147,0.50725
CVE-2011-1918,0.23355,0.96153
CVE-2011-1919,0.04154,0.91372
CVE-2011-1920,0.00043,0.07658
CVE-2011-1921,0.00173,0.54496
CVE-2011-1922,0.01662,0.86333
CVE-2011-1923,0.00086,0.35676
CVE-2011-1924,0.06324,0.92964
CVE-2011-1925,0.02351,0.88731
CVE-2011-1926,0.01073,0.82728
CVE-2011-1927,0.00807,0.79915
CVE-2011-1928,0.03395,0.90526
CVE-2011-1929,0.06008,0.92781
CVE-2011-1930,0.04988,0.92094
CVE-2011-1931,0.02174,0.88272
CVE-2011-1932,0.00202,0.58221
CVE-2011-1933,0.00295,0.66180
CVE-2011-1934,0.00612,0.76488
CVE-2011-1935,0.00676,0.77816
CVE-2011-1936,0.00085,0.35405
CVE-2011-1937,0.00367,0.69700
CVE-2011-1938,0.01856,0.87107
CVE-2011-1939,0.01333,0.84657
CVE-2011-1940,0.00220,0.60154
CVE-2011-1941,0.00245,0.62586
CVE-2011-1943,0.00042,0.05722
CVE-2011-1944,0.00659,0.77423
CVE-2011-1945,0.00614,0.76519
CVE-2011-1946,0.00042,0.05722
CVE-2011-1947,0.01411,0.85123
CVE-2011-1948,0.00292,0.65987
CVE-2011-1949,0.00119,0.45850
CVE-2011-1950,0.00376,0.70046
CVE-2011-1951,0.01261,0.84212
CVE-2011-1952,0.01142,0.83279
CVE-2011-1953,0.00328,0.67998
CVE-2011-1954,0.00345,0.68754
CVE-2011-1956,0.00977,0.81825
CVE-2011-1957,0.01095,0.82900
CVE-2011-1958,0.00667,0.77658
CVE-2011-1959,0.00782,0.79542
CVE-2011-1960,0.08812,0.93984
CVE-2011-1961,0.96662,0.99565
CVE-2011-1962,0.00301,0.66462
CVE-2011-1963,0.93984,0.98989
CVE-2011-1964,0.93984,0.98989
CVE-2011-1965,0.96059,0.99376
CVE-2011-1966,0.91256,0.98676
CVE-2011-1967,0.00060,0.23365
CVE-2011-1968,0.95867,0.99332
CVE-2011-1969,0.61389,0.97537
CVE-2011-1970,0.52665,0.97315
CVE-2011-1971,0.00044,0.10163
CVE-2011-1972,0.75539,0.97912
CVE-2011-1974,0.00044,0.08003
CVE-2011-1975,0.91189,0.98669
CVE-2011-1976,0.95875,0.99335
CVE-2011-1977,0.05904,0.92725
CVE-2011-1978,0.00682,0.77965
CVE-2011-1979,0.75539,0.97912
CVE-2011-1980,0.91189,0.98669
CVE-2011-1982,0.82905,0.98188
CVE-2011-1983,0.94604,0.99088
CVE-2011-1984,0.00051,0.17341
CVE-2011-1985,0.00054,0.19453
CVE-2011-1986,0.93610,0.98938
CVE-2011-1987,0.93797,0.98966
CVE-2011-1988,0.93797,0.98966
CVE-2011-1989,0.91328,0.98684
CVE-2011-1990,0.92791,0.98851
CVE-2011-1991,0.97024,0.99702
CVE-2011-1992,0.01846,0.87075
CVE-2011-1993,0.57057,0.97419
CVE-2011-1995,0.57079,0.97420
CVE-2011-1996,0.93100,0.98881
CVE-2011-1997,0.56460,0.97408
CVE-2011-1998,0.24958,0.96253
CVE-2011-1999,0.95170,0.99182
CVE-2011-2000,0.89618,0.98551
CVE-2011-2001,0.60200,0.97496
CVE-2011-2002,0.00044,0.08021
CVE-2011-2003,0.92084,0.98760
CVE-2011-2004,0.20026,0.95922
CVE-2011-2005,0.00079,0.32924
CVE-2011-2007,0.96086,0.99382
CVE-2011-2008,0.29355,0.96496
CVE-2011-2009,0.00338,0.68448
CVE-2011-2010,0.00043,0.07337
CVE-2011-2011,0.00063,0.25034
CVE-2011-2012,0.15852,0.95468
CVE-2011-2013,0.28830,0.96465
CVE-2011-2014,0.03879,0.91101
CVE-2011-2016,0.00338,0.68448
CVE-2011-2018,0.00047,0.13976
CVE-2011-2019,0.58301,0.97451
CVE-2011-2020,0.00296,0.66212
CVE-2011-2021,0.00471,0.73086
CVE-2011-2022,0.00042,0.05722
CVE-2011-2023,0.00317,0.67408
CVE-2011-2024,0.01060,0.82603
CVE-2011-2039,0.75937,0.97922
CVE-2011-2040,0.04590,0.91749
CVE-2011-2041,0.00042,0.05722
CVE-2011-2042,0.00262,0.63935
CVE-2011-2054,0.00148,0.50841
CVE-2011-2057,0.00161,0.52764
CVE-2011-2058,0.00161,0.52764
CVE-2011-2059,0.00156,0.52070
CVE-2011-2060,0.00048,0.14710
CVE-2011-2064,0.01896,0.87295
CVE-2011-2072,0.01355,0.84825
CVE-2011-2074,0.01871,0.87167
CVE-2011-2075,0.00864,0.80577
CVE-2011-2076,0.00203,0.58320
CVE-2011-2077,0.00482,0.73409
CVE-2011-2078,0.00160,0.52571
CVE-2011-2079,0.00516,0.74310
CVE-2011-2080,0.00203,0.58293
CVE-2011-2081,0.00307,0.66879
CVE-2011-2082,0.00398,0.70905
CVE-2011-2083,0.00254,0.63423
CVE-2011-2084,0.00155,0.51849
CVE-2011-2085,0.00304,0.66622
CVE-2011-2087,0.02593,0.89238
CVE-2011-2088,0.00448,0.72454
CVE-2011-2089,0.43641,0.97041
CVE-2011-2091,0.00835,0.80263
CVE-2011-2092,0.00824,0.80116
CVE-2011-2093,0.00536,0.74811
CVE-2011-2094,0.03389,0.90519
CVE-2011-2095,0.03389,0.90519
CVE-2011-2096,0.02069,0.87915
CVE-2011-2097,0.02361,0.88758
CVE-2011-2098,0.01862,0.87134
CVE-2011-2099,0.01862,0.87134
CVE-2011-2100,0.00055,0.20497
CVE-2011-2101,0.00648,0.77188
CVE-2011-2102,0.06344,0.92977
CVE-2011-2103,0.01862,0.87134
CVE-2011-2104,0.00997,0.82026
CVE-2011-2105,0.89795,0.98564
CVE-2011-2106,0.01862,0.87134
CVE-2011-2107,0.00312,0.67090
CVE-2011-2108,0.01317,0.84580
CVE-2011-2109,0.02656,0.89373
CVE-2011-2110,0.97046,0.99713
CVE-2011-2111,0.11157,0.94683
CVE-2011-2112,0.02378,0.88795
CVE-2011-2113,0.02378,0.88795
CVE-2011-2114,0.11157,0.94683
CVE-2011-2115,0.06674,0.93164
CVE-2011-2116,0.00498,0.73829
CVE-2011-2117,0.00498,0.73829
CVE-2011-2118,0.55658,0.97389
CVE-2011-2119,0.11157,0.94683
CVE-2011-2120,0.00966,0.81710
CVE-2011-2121,0.02426,0.88911
CVE-2011-2122,0.03202,0.90250
CVE-2011-2123,0.03523,0.90678
CVE-2011-2124,0.03202,0.90250
CVE-2011-2125,0.02585,0.89221
CVE-2011-2126,0.02585,0.89221
CVE-2011-2127,0.03184,0.90216
CVE-2011-2128,0.03202,0.90250
CVE-2011-2130,0.02171,0.88264
CVE-2011-2131,0.91735,0.98726
CVE-2011-2132,0.00435,0.72071
CVE-2011-2133,0.00477,0.73247
CVE-2011-2134,0.02171,0.88264
CVE-2011-2135,0.02036,0.87801
CVE-2011-2136,0.04626,0.91775
CVE-2011-2137,0.02171,0.88264
CVE-2011-2138,0.05167,0.92244
CVE-2011-2139,0.00776,0.79475
CVE-2011-2140,0.90924,0.98642
CVE-2011-2141,0.00264,0.64175
CVE-2011-2142,0.00129,0.47649
CVE-2011-2143,0.00391,0.70667
CVE-2011-2144,0.00814,0.79986
CVE-2011-2145,0.00062,0.24773
CVE-2011-2146,0.00061,0.24028
CVE-2011-2147,0.00042,0.05722
CVE-2011-2148,0.00294,0.66109
CVE-2011-2149,0.00164,0.53035
CVE-2011-2150,0.00961,0.81658
CVE-2011-2151,0.00294,0.66107
CVE-2011-2152,0.00359,0.69381
CVE-2011-2153,0.00182,0.55558
CVE-2011-2154,0.00438,0.72184
CVE-2011-2155,0.01066,0.82655
CVE-2011-2156,0.00382,0.70291
CVE-2011-2157,0.00335,0.68330
CVE-2011-2158,0.01066,0.82655
CVE-2011-2159,0.00777,0.79489
CVE-2011-2160,0.00276,0.64917
CVE-2011-2161,0.00569,0.75532
CVE-2011-2162,0.00256,0.63532
CVE-2011-2163,0.00226,0.60908
CVE-2011-2164,0.00842,0.80341
CVE-2011-2165,0.00202,0.58197
CVE-2011-2166,0.00527,0.74595
CVE-2011-2167,0.00527,0.74595
CVE-2011-2168,0.00268,0.64411
CVE-2011-2169,0.00042,0.05722
CVE-2011-2170,0.00044,0.10161
CVE-2011-2171,0.00103,0.41761
CVE-2011-2172,0.00260,0.63864
CVE-2011-2173,0.00316,0.67336
CVE-2011-2174,0.00892,0.80908
CVE-2011-2175,0.00870,0.80639
CVE-2011-2176,0.00042,0.05722
CVE-2011-2177,0.00108,0.43368
CVE-2011-2178,0.00060,0.23266
CVE-2011-2179,0.00872,0.80660
CVE-2011-2180,0.00226,0.60918
CVE-2011-2181,0.00127,0.47231
CVE-2011-2182,0.00042,0.05722
CVE-2011-2183,0.00045,0.12314
CVE-2011-2184,0.00042,0.05722
CVE-2011-2185,0.00042,0.05722
CVE-2011-2187,0.00042,0.05722
CVE-2011-2188,0.04114,0.91334
CVE-2011-2189,0.02514,0.89092
CVE-2011-2190,0.00042,0.05722
CVE-2011-2191,0.00412,0.71332
CVE-2011-2192,0.00228,0.61102
CVE-2011-2193,0.00249,0.62957
CVE-2011-2194,0.37568,0.96843
CVE-2011-2195,0.00287,0.65640
CVE-2011-2196,0.01227,0.83951
CVE-2011-2197,0.00353,0.69124
CVE-2011-2198,0.00850,0.80426
CVE-2011-2199,0.08560,0.93884
CVE-2011-2200,0.00044,0.08000
CVE-2011-2201,0.02039,0.87810
CVE-2011-2202,0.05482,0.92485
CVE-2011-2203,0.00042,0.05722
CVE-2011-2204,0.00045,0.12306
CVE-2011-2205,0.02430,0.88922
CVE-2011-2206,0.00240,0.62116
CVE-2011-2207,0.01333,0.84664
CVE-2011-2208,0.00042,0.05722
CVE-2011-2209,0.00042,0.05722
CVE-2011-2210,0.00042,0.05722
CVE-2011-2211,0.00042,0.05722
CVE-2011-2212,0.00061,0.23987
CVE-2011-2213,0.00044,0.08108
CVE-2011-2214,0.05149,0.92230
CVE-2011-2215,0.00308,0.66914
CVE-2011-2216,0.08616,0.93922
CVE-2011-2217,0.95772,0.99314
CVE-2011-2218,0.00229,0.61194
CVE-2011-2219,0.00229,0.61194
CVE-2011-2220,0.92967,0.98865
CVE-2011-2221,0.00724,0.78681
CVE-2011-2222,0.00601,0.76224
CVE-2011-2223,0.00319,0.67527
CVE-2011-2224,0.00715,0.78513
CVE-2011-2225,0.00426,0.71783
CVE-2011-2226,0.00631,0.76883
CVE-2011-2227,0.00212,0.59187
CVE-2011-2230,0.00215,0.59536
CVE-2011-2231,0.00215,0.59536
CVE-2011-2232,0.00270,0.64540
CVE-2011-2237,0.00071,0.29447
CVE-2011-2238,0.00088,0.37091
CVE-2011-2239,0.00115,0.45117
CVE-2011-2240,0.00042,0.05778
CVE-2011-2241,0.00215,0.59536
CVE-2011-2242,0.00042,0.05778
CVE-2011-2243,0.00075,0.31101
CVE-2011-2244,0.00175,0.54753
CVE-2011-2245,0.00527,0.74591
CVE-2011-2246,0.00187,0.56259
CVE-2011-2248,0.00343,0.68656
CVE-2011-2249,0.00088,0.37098
CVE-2011-2250,0.00110,0.43945
CVE-2011-2251,0.00187,0.56259
CVE-2011-2252,0.00343,0.68656
CVE-2011-2253,0.00115,0.45117
CVE-2011-2255,0.01530,0.85749
CVE-2011-2257,0.00343,0.68656
CVE-2011-2258,0.00044,0.10450
CVE-2011-2259,0.00044,0.10450
CVE-2011-2260,0.84932,0.98276
CVE-2011-2261,0.95344,0.99219
CVE-2011-2262,0.01749,0.86660
CVE-2011-2263,0.00042,0.05778
CVE-2011-2264,0.87901,0.98431
CVE-2011-2267,0.01100,0.82943
CVE-2011-2271,0.00071,0.29447
CVE-2011-2272,0.00088,0.37091
CVE-2011-2273,0.00110,0.43945
CVE-2011-2274,0.00075,0.31101
CVE-2011-2275,0.00187,0.56259
CVE-2011-2277,0.00088,0.37091
CVE-2011-2278,0.00088,0.37091
CVE-2011-2279,0.00088,0.37091
CVE-2011-2280,0.00088,0.37091
CVE-2011-2281,0.00088,0.37091
CVE-2011-2282,0.00075,0.31101
CVE-2011-2283,0.00088,0.37091
CVE-2011-2284,0.00088,0.37091
CVE-2011-2285,0.00044,0.10450
CVE-2011-2286,0.00108,0.43314
CVE-2011-2287,0.00175,0.54697
CVE-2011-2288,0.00527,0.74591
CVE-2011-2289,0.00044,0.10450
CVE-2011-2290,0.00044,0.10450
CVE-2011-2291,0.00044,0.10450
CVE-2011-2292,0.00062,0.24501
CVE-2011-2293,0.00044,0.10450
CVE-2011-2294,0.00175,0.54697
CVE-2011-2295,0.00044,0.10450
CVE-2011-2296,0.00044,0.10450
CVE-2011-2297,0.00042,0.05778
CVE-2011-2298,0.00175,0.54697
CVE-2011-2299,0.00527,0.74591
CVE-2011-2300,0.00043,0.07495
CVE-2011-2301,0.00606,0.76347
CVE-2011-2302,0.00228,0.61089
CVE-2011-2303,0.00104,0.42245
CVE-2011-2304,0.00176,0.54842
CVE-2011-2305,0.00043,0.07495
CVE-2011-2306,0.00083,0.34501
CVE-2011-2307,0.00527,0.74591
CVE-2011-2308,0.00141,0.49829
CVE-2011-2309,0.00141,0.49829
CVE-2011-2310,0.00531,0.74685
CVE-2011-2311,0.00060,0.23365
CVE-2011-2312,0.00060,0.23365
CVE-2011-2313,0.00084,0.34984
CVE-2011-2314,0.00228,0.61089
CVE-2011-2315,0.00146,0.50456
CVE-2011-2316,0.00131,0.47982
CVE-2011-2317,0.00083,0.34501
CVE-2011-2318,0.00060,0.23365
CVE-2011-2319,0.00369,0.69827
CVE-2011-2320,0.00369,0.69827
CVE-2011-2321,0.00083,0.34501
CVE-2011-2322,0.00085,0.35513
CVE-2011-2323,0.00141,0.49829
CVE-2011-2324,0.00216,0.59674
CVE-2011-2325,0.00083,0.34501
CVE-2011-2326,0.00083,0.34501
CVE-2011-2327,0.00062,0.24501
CVE-2011-2328,0.07529,0.93513
CVE-2011-2329,0.00190,0.56649
CVE-2011-2330,0.00292,0.65954
CVE-2011-2331,0.17422,0.95660
CVE-2011-2332,0.01158,0.83404
CVE-2011-2334,0.00098,0.40527
CVE-2011-2335,0.00092,0.38928
CVE-2011-2336,0.00152,0.51458
CVE-2011-2337,0.00165,0.53144
CVE-2011-2338,0.00411,0.71299
CVE-2011-2339,0.00411,0.71299
CVE-2011-2341,0.00411,0.71299
CVE-2011-2342,0.00382,0.70299
CVE-2011-2343,0.00050,0.16478
CVE-2011-2344,0.00163,0.52994
CVE-2011-2345,0.00846,0.80380
CVE-2011-2346,0.00989,0.81950
CVE-2011-2347,0.00914,0.81148
CVE-2011-2348,0.00914,0.81148
CVE-2011-2349,0.00989,0.81950
CVE-2011-2350,0.00989,0.81950
CVE-2011-2351,0.03726,0.90930
CVE-2011-2352,0.00699,0.78233
CVE-2011-2353,0.00163,0.52941
CVE-2011-2354,0.00699,0.78233
CVE-2011-2356,0.00699,0.78233
CVE-2011-2357,0.01342,0.84714
CVE-2011-2358,0.00790,0.79697
CVE-2011-2359,0.02128,0.88113
CVE-2011-2360,0.00591,0.76055
CVE-2011-2361,0.00348,0.68872
CVE-2011-2362,0.00352,0.69080
CVE-2011-2363,0.11203,0.94694
CVE-2011-2364,0.41556,0.96977
CVE-2011-2365,0.38237,0.96866
CVE-2011-2366,0.01822,0.86957
CVE-2011-2367,0.00575,0.75663
CVE-2011-2368,0.04290,0.91494
CVE-2011-2369,0.00196,0.57550
CVE-2011-2370,0.00309,0.66985
CVE-2011-2371,0.95700,0.99298
CVE-2011-2372,0.00184,0.55804
CVE-2011-2373,0.08270,0.93793
CVE-2011-2374,0.38063,0.96861
CVE-2011-2375,0.38038,0.96860
CVE-2011-2376,0.38237,0.96866
CVE-2011-2377,0.48424,0.97200
CVE-2011-2378,0.78613,0.98004
CVE-2011-2379,0.00264,0.64137
CVE-2011-2380,0.00569,0.75537
CVE-2011-2381,0.01180,0.83603
CVE-2011-2382,0.01190,0.83669
CVE-2011-2383,0.02285,0.88580
CVE-2011-2385,0.00319,0.67526
CVE-2011-2386,0.82726,0.98176
CVE-2011-2391,0.03090,0.90077
CVE-2011-2393,0.00264,0.64126
CVE-2011-2395,0.00352,0.69088
CVE-2011-2397,0.89478,0.98540
CVE-2011-2398,0.00042,0.05722
CVE-2011-2399,0.02198,0.88336
CVE-2011-2400,0.00175,0.54746
CVE-2011-2401,0.01633,0.86228
CVE-2011-2402,0.00192,0.56984
CVE-2011-2403,0.00321,0.67644
CVE-2011-2404,0.82859,0.98186
CVE-2011-2405,0.00816,0.80010
CVE-2011-2406,0.00156,0.52021
CVE-2011-2407,0.00193,0.57173
CVE-2011-2408,0.00847,0.80396
CVE-2011-2409,0.00847,0.80396
CVE-2011-2410,0.00123,0.46648
CVE-2011-2411,0.00599,0.76172
CVE-2011-2412,0.12184,0.94906
CVE-2011-2414,0.02647,0.89357
CVE-2011-2415,0.02647,0.89357
CVE-2011-2416,0.04626,0.91775
CVE-2011-2417,0.02484,0.89035
CVE-2011-2419,0.01794,0.86832
CVE-2011-2420,0.01794,0.86832
CVE-2011-2421,0.00498,0.73829
CVE-2011-2422,0.01794,0.86832
CVE-2011-2423,0.06702,0.93178
CVE-2011-2424,0.20840,0.95984
CVE-2011-2425,0.02484,0.89035
CVE-2011-2426,0.08468,0.93858
CVE-2011-2427,0.01658,0.86318
CVE-2011-2428,0.01098,0.82927
CVE-2011-2429,0.00517,0.74325
CVE-2011-2430,0.03935,0.91155
CVE-2011-2431,0.02204,0.88352
CVE-2011-2432,0.33206,0.96663
CVE-2011-2433,0.33206,0.96663
CVE-2011-2434,0.33206,0.96663
CVE-2011-2435,0.33206,0.96663
CVE-2011-2436,0.02509,0.89079
CVE-2011-2437,0.33206,0.96663
CVE-2011-2438,0.02509,0.89079
CVE-2011-2439,0.01744,0.86650
CVE-2011-2440,0.01744,0.86650
CVE-2011-2441,0.33206,0.96663
CVE-2011-2442,0.01016,0.82182
CVE-2011-2443,0.14312,0.95239
CVE-2011-2444,0.00238,0.61903
CVE-2011-2445,0.00911,0.81118
CVE-2011-2446,0.00715,0.78522
CVE-2011-2447,0.00715,0.78522
CVE-2011-2448,0.00715,0.78522
CVE-2011-2449,0.00715,0.78522
CVE-2011-2450,0.00911,0.81118
CVE-2011-2451,0.00911,0.81118
CVE-2011-2452,0.00911,0.81118
CVE-2011-2453,0.00911,0.81118
CVE-2011-2454,0.00911,0.81118
CVE-2011-2455,0.00911,0.81118
CVE-2011-2456,0.00964,0.81683
CVE-2011-2457,0.00964,0.81683
CVE-2011-2458,0.01235,0.84020
CVE-2011-2459,0.00911,0.81118
CVE-2011-2460,0.00911,0.81118
CVE-2011-2461,0.03562,0.90721
CVE-2011-2462,0.97184,0.99780
CVE-2011-2463,0.14541,0.95270
CVE-2011-2464,0.05776,0.92649
CVE-2011-2465,0.17535,0.95677
CVE-2011-2467,0.00105,0.42475
CVE-2011-2468,0.00401,0.70980
CVE-2011-2470,0.00199,0.57826
CVE-2011-2471,0.00042,0.05722
CVE-2011-2472,0.00042,0.05722
CVE-2011-2473,0.00042,0.05722
CVE-2011-2474,0.02048,0.87845
CVE-2011-2475,0.01816,0.86931
CVE-2011-2476,0.00254,0.63423
CVE-2011-2477,0.00132,0.48166
CVE-2011-2478,0.00142,0.49987
CVE-2011-2479,0.00042,0.05722
CVE-2011-2480,0.00184,0.55761
CVE-2011-2481,0.00044,0.08047
CVE-2011-2482,0.00955,0.81604
CVE-2011-2483,0.00327,0.67897
CVE-2011-2484,0.00042,0.05722
CVE-2011-2485,0.00779,0.79521
CVE-2011-2486,0.00980,0.81844
CVE-2011-2487,0.00641,0.77082
CVE-2011-2488,0.00521,0.74422
CVE-2011-2489,0.00043,0.07658
CVE-2011-2490,0.00043,0.07639
CVE-2011-2491,0.00042,0.05722
CVE-2011-2492,0.00042,0.05722
CVE-2011-2493,0.00042,0.05722
CVE-2011-2494,0.00042,0.05722
CVE-2011-2495,0.00042,0.05722
CVE-2011-2496,0.00042,0.05722
CVE-2011-2497,0.00771,0.79387
CVE-2011-2498,0.00045,0.11966
CVE-2011-2499,0.00078,0.32606
CVE-2011-2500,0.00769,0.79368
CVE-2011-2501,0.00553,0.75210
CVE-2011-2502,0.00042,0.05722
CVE-2011-2503,0.00042,0.05722
CVE-2011-2504,0.00042,0.05722
CVE-2011-2505,0.14014,0.95197
CVE-2011-2506,0.19870,0.95904
CVE-2011-2507,0.21701,0.96039
CVE-2011-2508,0.28223,0.96440
CVE-2011-2509,0.00213,0.59301
CVE-2011-2510,0.00317,0.67413
CVE-2011-2511,0.02013,0.87727
CVE-2011-2512,0.00572,0.75584
CVE-2011-2513,0.00526,0.74562
CVE-2011-2514,0.01115,0.83062
CVE-2011-2515,0.00045,0.11839
CVE-2011-2516,0.02584,0.89220
CVE-2011-2517,0.00042,0.05753
CVE-2011-2518,0.00042,0.05722
CVE-2011-2519,0.00059,0.22933
CVE-2011-2520,0.00042,0.05722
CVE-2011-2521,0.00042,0.05722
CVE-2011-2522,0.00790,0.79699
CVE-2011-2523,0.88342,0.98460
CVE-2011-2524,0.00626,0.76779
CVE-2011-2525,0.00042,0.05722
CVE-2011-2526,0.00046,0.13798
CVE-2011-2527,0.00064,0.26441
CVE-2011-2528,0.00771,0.79394
CVE-2011-2529,0.06574,0.93115
CVE-2011-2530,0.01663,0.86344
CVE-2011-2531,0.00920,0.81233
CVE-2011-2532,0.00766,0.79318
CVE-2011-2533,0.00042,0.05722
CVE-2011-2534,0.00042,0.05722
CVE-2011-2535,0.32799,0.96644
CVE-2011-2536,0.00389,0.70546
CVE-2011-2538,0.00123,0.46533
CVE-2011-2543,0.01583,0.86007
CVE-2011-2544,0.00181,0.55516
CVE-2011-2545,0.00185,0.55814
CVE-2011-2546,0.00198,0.57715
CVE-2011-2547,0.00367,0.69738
CVE-2011-2549,0.01282,0.84358
CVE-2011-2555,0.00579,0.75769
CVE-2011-2560,0.00161,0.52744
CVE-2011-2561,0.00161,0.52744
CVE-2011-2562,0.00161,0.52744
CVE-2011-2563,0.00563,0.75411
CVE-2011-2564,0.00563,0.75411
CVE-2011-2569,0.00172,0.54469
CVE-2011-2577,0.03847,0.91067
CVE-2011-2578,0.00563,0.75411
CVE-2011-2581,0.00207,0.58661
CVE-2011-2583,0.00593,0.76072
CVE-2011-2584,0.00402,0.71025
CVE-2011-2585,0.00292,0.65949
CVE-2011-2586,0.00181,0.55455
CVE-2011-2587,0.04948,0.92068
CVE-2011-2588,0.04948,0.92068
CVE-2011-2589,0.07270,0.93425
CVE-2011-2590,0.01063,0.82641
CVE-2011-2591,0.10794,0.94595
CVE-2011-2592,0.34410,0.96715
CVE-2011-2593,0.05531,0.92518
CVE-2011-2594,0.05460,0.92465
CVE-2011-2595,0.84259,0.98239
CVE-2011-2597,0.00338,0.68442
CVE-2011-2598,0.00473,0.73143
CVE-2011-2599,0.00254,0.63284
CVE-2011-2600,0.00298,0.66330
CVE-2011-2601,0.00178,0.54979
CVE-2011-2602,0.00581,0.75811
CVE-2011-2603,0.00581,0.75811
CVE-2011-2604,0.00581,0.75811
CVE-2011-2605,0.00756,0.79149
CVE-2011-2606,0.00250,0.63004
CVE-2011-2607,0.00250,0.63004
CVE-2011-2608,0.03064,0.90039
CVE-2011-2609,0.00292,0.65987
CVE-2011-2610,0.00308,0.66914
CVE-2011-2611,0.00578,0.75753
CVE-2011-2612,0.00766,0.79318
CVE-2011-2613,0.00766,0.79318
CVE-2011-2614,0.00766,0.79318
CVE-2011-2615,0.00766,0.79318
CVE-2011-2616,0.00766,0.79318
CVE-2011-2617,0.00766,0.79318
CVE-2011-2618,0.00766,0.79318
CVE-2011-2619,0.00766,0.79318
CVE-2011-2620,0.00766,0.79318
CVE-2011-2621,0.00766,0.79318
CVE-2011-2622,0.00766,0.79318
CVE-2011-2623,0.00766,0.79318
CVE-2011-2624,0.00578,0.75753
CVE-2011-2625,0.00766,0.79318
CVE-2011-2626,0.00766,0.79318
CVE-2011-2627,0.00766,0.79318
CVE-2011-2628,0.40697,0.96952
CVE-2011-2629,0.00766,0.79318
CVE-2011-2630,0.00578,0.75753
CVE-2011-2631,0.00943,0.81469
CVE-2011-2632,0.00943,0.81469
CVE-2011-2633,0.00766,0.79318
CVE-2011-2634,0.00346,0.68793
CVE-2011-2635,0.00766,0.79318
CVE-2011-2636,0.00766,0.79318
CVE-2011-2637,0.00766,0.79318
CVE-2011-2638,0.00766,0.79318
CVE-2011-2639,0.00766,0.79318
CVE-2011-2640,0.00920,0.81233
CVE-2011-2641,0.01395,0.85047
CVE-2011-2642,0.00329,0.68032
CVE-2011-2643,0.02630,0.89326
CVE-2011-2644,0.01547,0.85828
CVE-2011-2645,0.06438,0.93027
CVE-2011-2646,0.06438,0.93027
CVE-2011-2647,0.07532,0.93515
CVE-2011-2648,0.07532,0.93515
CVE-2011-2649,0.00465,0.72924
CVE-2011-2650,0.01547,0.85828
CVE-2011-2651,0.05698,0.92614
CVE-2011-2652,0.01547,0.85828
CVE-2011-2653,0.97086,0.99732
CVE-2011-2654,0.29361,0.96497
CVE-2011-2655,0.02499,0.89056
CVE-2011-2656,0.02499,0.89056
CVE-2011-2657,0.89092,0.98511
CVE-2011-2658,0.12597,0.94969
CVE-2011-2660,0.01108,0.83002
CVE-2011-2661,0.00143,0.50033
CVE-2011-2662,0.77684,0.97978
CVE-2011-2663,0.68337,0.97698
CVE-2011-2664,0.00042,0.05722
CVE-2011-2665,0.07524,0.93510
CVE-2011-2666,0.00357,0.69290
CVE-2011-2667,0.16564,0.95544
CVE-2011-2668,0.00141,0.49736
CVE-2011-2669,0.00068,0.28154
CVE-2011-2670,0.00061,0.23827
CVE-2011-2671,0.01705,0.86493
CVE-2011-2672,0.00265,0.64225
CVE-2011-2673,0.00192,0.57132
CVE-2011-2674,0.00162,0.52889
CVE-2011-2675,0.00254,0.63423
CVE-2011-2676,0.00370,0.69858
CVE-2011-2677,0.00449,0.72471
CVE-2011-2678,0.00042,0.05722
CVE-2011-2679,0.00246,0.62659
CVE-2011-2680,0.00320,0.67582
CVE-2011-2681,0.00343,0.68650
CVE-2011-2682,0.00394,0.70769
CVE-2011-2683,0.00141,0.49839
CVE-2011-2684,0.00042,0.05722
CVE-2011-2685,0.12433,0.94944
CVE-2011-2686,0.00496,0.73771
CVE-2011-2687,0.01417,0.85155
CVE-2011-2688,0.00202,0.58235
CVE-2011-2689,0.00042,0.05722
CVE-2011-2690,0.01143,0.83286
CVE-2011-2691,0.01208,0.83810
CVE-2011-2692,0.02051,0.87856
CVE-2011-2693,0.00042,0.05722
CVE-2011-2694,0.00265,0.64207
CVE-2011-2695,0.00042,0.05722
CVE-2011-2696,0.06444,0.93029
CVE-2011-2697,0.04522,0.91687
CVE-2011-2698,0.00472,0.73122
CVE-2011-2699,0.01215,0.83857
CVE-2011-2700,0.00042,0.05753
CVE-2011-2701,0.00718,0.78590
CVE-2011-2702,0.01930,0.87430
CVE-2011-2703,0.00376,0.70035
CVE-2011-2704,0.13140,0.95061
CVE-2011-2705,0.00523,0.74477
CVE-2011-2706,0.00066,0.27550
CVE-2011-2707,0.00042,0.05722
CVE-2011-2709,0.00042,0.05722
CVE-2011-2710,0.00379,0.70181
CVE-2011-2711,0.00117,0.45634
CVE-2011-2712,0.00404,0.71086
CVE-2011-2713,0.04082,0.91305
CVE-2011-2714,0.00099,0.40738
CVE-2011-2715,0.00152,0.51379
CVE-2011-2716,0.00198,0.57750
CVE-2011-2717,0.00321,0.67636
CVE-2011-2718,0.00901,0.81015
CVE-2011-2719,0.02751,0.89564
CVE-2011-2720,0.00703,0.78299
CVE-2011-2721,0.07083,0.93357
CVE-2011-2722,0.00042,0.05722
CVE-2011-2723,0.00769,0.79369
CVE-2011-2724,0.00093,0.38943
CVE-2011-2725,0.00638,0.76998
CVE-2011-2726,0.00363,0.69542
CVE-2011-2727,0.00352,0.69066
CVE-2011-2728,0.00680,0.77926
CVE-2011-2729,0.00200,0.57978
CVE-2011-2730,0.02175,0.88273
CVE-2011-2731,0.00279,0.65074
CVE-2011-2732,0.00751,0.79065
CVE-2011-2733,0.00370,0.69834
CVE-2011-2735,0.07718,0.93565
CVE-2011-2736,0.00227,0.60989
CVE-2011-2737,0.00330,0.68102
CVE-2011-2738,0.10270,0.94450
CVE-2011-2739,0.00320,0.67565
CVE-2011-2740,0.03676,0.90868
CVE-2011-2741,0.00653,0.77316
CVE-2011-2742,0.00653,0.77316
CVE-2011-2743,0.02056,0.87869
CVE-2011-2744,0.01541,0.85801
CVE-2011-2745,0.00988,0.81932
CVE-2011-2746,0.00222,0.60622
CVE-2011-2747,0.02721,0.89503
CVE-2011-2748,0.96324,0.99448
CVE-2011-2749,0.95199,0.99188
CVE-2011-2750,0.48524,0.97203
CVE-2011-2751,0.00159,0.52379
CVE-2011-2752,0.00990,0.81961
CVE-2011-2753,0.00304,0.66622
CVE-2011-2754,0.00122,0.46437
CVE-2011-2755,0.00413,0.71383
CVE-2011-2756,0.00416,0.71491
CVE-2011-2757,0.00655,0.77353
CVE-2011-2758,0.00366,0.69671
CVE-2011-2759,0.00327,0.67935
CVE-2011-2760,0.00623,0.76729
CVE-2011-2761,0.01593,0.86049
CVE-2011-2762,0.01025,0.82249
CVE-2011-2763,0.35952,0.96778
CVE-2011-2764,0.10322,0.94460
CVE-2011-2765,0.00208,0.58780
CVE-2011-2766,0.00227,0.61012
CVE-2011-2767,0.00998,0.82035
CVE-2011-2768,0.00104,0.42337
CVE-2011-2769,0.00187,0.56169
CVE-2011-2770,0.00220,0.60154
CVE-2011-2771,0.00328,0.67998
CVE-2011-2772,0.01282,0.84358
CVE-2011-2773,0.00214,0.59454
CVE-2011-2774,0.00129,0.47757
CVE-2011-2776,0.00042,0.05722
CVE-2011-2777,0.00061,0.23986
CVE-2011-2778,0.01624,0.86202
CVE-2011-2779,0.00042,0.00438
CVE-2011-2780,0.03327,0.90434
CVE-2011-2782,0.00602,0.76247
CVE-2011-2783,0.00790,0.79697
CVE-2011-2784,0.00358,0.69348
CVE-2011-2785,0.00515,0.74284
CVE-2011-2786,0.00375,0.70017
CVE-2011-2787,0.01016,0.82173
CVE-2011-2788,0.01432,0.85231
CVE-2011-2789,0.00989,0.81950
CVE-2011-2790,0.03726,0.90930
CVE-2011-2791,0.00989,0.81950
CVE-2011-2792,0.03726,0.90930
CVE-2011-2793,0.00989,0.81950
CVE-2011-2794,0.00823,0.80105
CVE-2011-2795,0.00272,0.64676
CVE-2011-2796,0.00989,0.81950
CVE-2011-2797,0.03726,0.90930
CVE-2011-2798,0.00657,0.77387
CVE-2011-2799,0.03726,0.90930
CVE-2011-2800,0.00702,0.78268
CVE-2011-2801,0.00989,0.81950
CVE-2011-2802,0.00722,0.78646
CVE-2011-2803,0.00823,0.80105
CVE-2011-2804,0.01016,0.82173
CVE-2011-2805,0.01164,0.83449
CVE-2011-2806,0.01237,0.84040
CVE-2011-2807,0.00098,0.40527
CVE-2011-2808,0.00312,0.67113
CVE-2011-2809,0.00564,0.75434
CVE-2011-2811,0.00553,0.75217
CVE-2011-2813,0.00411,0.71299
CVE-2011-2814,0.00411,0.71299
CVE-2011-2815,0.00411,0.71299
CVE-2011-2816,0.00411,0.71299
CVE-2011-2817,0.00411,0.71299
CVE-2011-2818,0.09802,0.94304
CVE-2011-2819,0.01376,0.84952
CVE-2011-2820,0.00411,0.71299
CVE-2011-2821,0.02637,0.89336
CVE-2011-2822,0.00157,0.52191
CVE-2011-2823,0.02678,0.89422
CVE-2011-2824,0.00330,0.68141
CVE-2011-2825,0.09211,0.94123
CVE-2011-2826,0.00330,0.68141
CVE-2011-2827,0.02678,0.89422
CVE-2011-2828,0.00330,0.68141
CVE-2011-2829,0.00330,0.68141
CVE-2011-2830,0.00330,0.68141
CVE-2011-2831,0.00411,0.71299
CVE-2011-2833,0.01034,0.82335
CVE-2011-2834,0.04018,0.91225
CVE-2011-2835,0.00259,0.63764
CVE-2011-2836,0.00789,0.79688
CVE-2011-2837,0.00245,0.62568
CVE-2011-2838,0.00245,0.62568
CVE-2011-2839,0.00330,0.68141
CVE-2011-2840,0.00604,0.76307
CVE-2011-2841,0.08820,0.93987
CVE-2011-2842,0.00245,0.62568
CVE-2011-2843,0.00795,0.79783
CVE-2011-2844,0.00795,0.79783
CVE-2011-2845,0.00714,0.78505
CVE-2011-2846,0.05709,0.92620
CVE-2011-2847,0.05387,0.92412
CVE-2011-2848,0.00515,0.74284
CVE-2011-2849,0.00709,0.78428
CVE-2011-2850,0.00795,0.79783
CVE-2011-2851,0.00795,0.79783
CVE-2011-2852,0.01372,0.84923
CVE-2011-2853,0.00867,0.80604
CVE-2011-2854,0.06465,0.93046
CVE-2011-2855,0.02786,0.89615
CVE-2011-2856,0.00789,0.79688
CVE-2011-2857,0.05709,0.92620
CVE-2011-2858,0.00795,0.79783
CVE-2011-2859,0.00280,0.65160
CVE-2011-2860,0.02776,0.89600
CVE-2011-2861,0.00901,0.81014
CVE-2011-2862,0.00228,0.61101
CVE-2011-2863,0.00104,0.42330
CVE-2011-2864,0.00795,0.79783
CVE-2011-2866,0.00411,0.71299
CVE-2011-2867,0.01034,0.82335
CVE-2011-2868,0.01034,0.82335
CVE-2011-2869,0.01034,0.82335
CVE-2011-2870,0.01034,0.82335
CVE-2011-2871,0.01034,0.82335
CVE-2011-2872,0.01034,0.82335
CVE-2011-2873,0.01034,0.82335
CVE-2011-2874,0.00245,0.62568
CVE-2011-2875,0.00989,0.81950
CVE-2011-2876,0.00345,0.68740
CVE-2011-2877,0.01806,0.86881
CVE-2011-2878,0.00330,0.68141
CVE-2011-2879,0.00345,0.68780
CVE-2011-2880,0.00989,0.81950
CVE-2011-2881,0.00453,0.72599
CVE-2011-2882,0.96571,0.99538
CVE-2011-2883,0.00084,0.34852
CVE-2011-2884,0.00561,0.75356
CVE-2011-2885,0.03323,0.90426
CVE-2011-2886,0.03323,0.90426
CVE-2011-2887,0.03323,0.90426
CVE-2011-2888,0.03323,0.90426
CVE-2011-2889,0.00344,0.68707
CVE-2011-2890,0.00292,0.65961
CVE-2011-2891,0.00729,0.78753
CVE-2011-2892,0.00248,0.62839
CVE-2011-2893,0.03323,0.90426
CVE-2011-2894,0.02215,0.88386
CVE-2011-2895,0.01205,0.83791
CVE-2011-2896,0.01904,0.87333
CVE-2011-2897,0.01158,0.83403
CVE-2011-2898,0.00079,0.33067
CVE-2011-2899,0.00509,0.74133
CVE-2011-2900,0.50304,0.97247
CVE-2011-2901,0.00062,0.24773
CVE-2011-2902,0.00448,0.72456
CVE-2011-2903,0.01421,0.85167
CVE-2011-2904,0.00365,0.69639
CVE-2011-2905,0.00042,0.05722
CVE-2011-2906,0.00042,0.05722
CVE-2011-2907,0.01705,0.86493
CVE-2011-2908,0.00465,0.72902
CVE-2011-2909,0.00042,0.05722
CVE-2011-2910,0.00044,0.10161
CVE-2011-2911,0.05374,0.92402
CVE-2011-2912,0.05051,0.92156
CVE-2011-2913,0.05614,0.92563
CVE-2011-2914,0.05614,0.92563
CVE-2011-2915,0.05614,0.92563
CVE-2011-2916,0.00047,0.13943
CVE-2011-2917,0.00087,0.36669
CVE-2011-2918,0.00047,0.13972
CVE-2011-2919,0.00192,0.56888
CVE-2011-2920,0.00192,0.56888
CVE-2011-2921,0.35803,0.96770
CVE-2011-2922,0.00043,0.07614
CVE-2011-2923,0.00042,0.05722
CVE-2011-2924,0.00042,0.05722
CVE-2011-2925,0.00042,0.05722
CVE-2011-2927,0.00192,0.56888
CVE-2011-2928,0.00046,0.13818
CVE-2011-2929,0.00762,0.79253
CVE-2011-2930,0.00358,0.69325
CVE-2011-2931,0.00308,0.66882
CVE-2011-2932,0.00308,0.66882
CVE-2011-2933,0.00109,0.43614
CVE-2011-2934,0.00093,0.39195
CVE-2011-2935,0.00085,0.35214
CVE-2011-2936,0.00210,0.58990
CVE-2011-2937,0.00431,0.71933
CVE-2011-2938,0.01253,0.84137
CVE-2011-2939,0.01715,0.86537
CVE-2011-2940,0.04064,0.91284
CVE-2011-2941,0.00152,0.51465
CVE-2011-2942,0.00484,0.73464
CVE-2011-2943,0.10994,0.94638
CVE-2011-2944,0.00633,0.76900
CVE-2011-2945,0.02749,0.89559
CVE-2011-2946,0.01954,0.87509
CVE-2011-2947,0.00341,0.68589
CVE-2011-2948,0.03985,0.91193
CVE-2011-2949,0.04497,0.91671
CVE-2011-2950,0.94715,0.99105
CVE-2011-2951,0.04497,0.91671
CVE-2011-2952,0.00539,0.74869
CVE-2011-2953,0.01943,0.87472
CVE-2011-2954,0.00541,0.74950
CVE-2011-2955,0.00541,0.74950
CVE-2011-2956,0.01616,0.86162
CVE-2011-2957,0.00043,0.05916
CVE-2011-2958,0.00222,0.60600
CVE-2011-2959,0.04670,0.91833
CVE-2011-2960,0.18519,0.95769
CVE-2011-2961,0.09377,0.94179
CVE-2011-2962,0.03886,0.91108
CVE-2011-2963,0.05947,0.92747
CVE-2011-2964,0.06205,0.92898
CVE-2011-2975,0.00874,0.80690
CVE-2011-2976,0.00208,0.58806
CVE-2011-2977,0.00042,0.05722
CVE-2011-2978,0.00588,0.75992
CVE-2011-2979,0.03184,0.90217
CVE-2011-2980,0.01790,0.86817
CVE-2011-2981,0.01325,0.84619
CVE-2011-2982,0.08058,0.93724
CVE-2011-2983,0.00348,0.68882
CVE-2011-2984,0.01803,0.86864
CVE-2011-2985,0.36503,0.96797
CVE-2011-2986,0.00540,0.74916
CVE-2011-2987,0.17071,0.95607
CVE-2011-2988,0.11576,0.94782
CVE-2011-2989,0.10716,0.94575
CVE-2011-2990,0.00261,0.63869
CVE-2011-2991,0.10716,0.94575
CVE-2011-2992,0.10716,0.94575
CVE-2011-2993,0.00563,0.75419
CVE-2011-2995,0.41879,0.96987
CVE-2011-2996,0.14822,0.95310
CVE-2011-2997,0.36503,0.96797
CVE-2011-2998,0.08364,0.93820
CVE-2011-2999,0.01073,0.82723
CVE-2011-3000,0.20105,0.95927
CVE-2011-3001,0.00987,0.81922
CVE-2011-3002,0.01254,0.84140
CVE-2011-3003,0.02224,0.88414
CVE-2011-3004,0.00302,0.66515
CVE-2011-3005,0.04064,0.91284
CVE-2011-3006,0.01170,0.83526
CVE-2011-3007,0.00641,0.77073
CVE-2011-3008,0.00341,0.68582
CVE-2011-3009,0.00172,0.54451
CVE-2011-3010,0.01095,0.82897
CVE-2011-3011,0.96334,0.99453
CVE-2011-3012,0.06647,0.93150
CVE-2011-3013,0.00760,0.79221
CVE-2011-3014,0.00453,0.72619
CVE-2011-3015,0.00639,0.77037
CVE-2011-3016,0.05522,0.92510
CVE-2011-3017,0.00441,0.72246
CVE-2011-3018,0.00760,0.79229
CVE-2011-3019,0.01119,0.83099
CVE-2011-3020,0.00341,0.68578
CVE-2011-3021,0.04809,0.91972
CVE-2011-3022,0.01305,0.84504
CVE-2011-3023,0.00921,0.81242
CVE-2011-3024,0.00904,0.81043
CVE-2011-3025,0.01193,0.83694
CVE-2011-3026,0.83188,0.98196
CVE-2011-3027,0.01865,0.87143
CVE-2011-3031,0.01524,0.85721
CVE-2011-3032,0.00988,0.81928
CVE-2011-3033,0.00686,0.78016
CVE-2011-3034,0.00988,0.81928
CVE-2011-3035,0.00988,0.81928
CVE-2011-3036,0.00911,0.81114
CVE-2011-3037,0.01046,0.82454
CVE-2011-3038,0.00988,0.81928
CVE-2011-3039,0.00988,0.81928
CVE-2011-3040,0.01196,0.83719
CVE-2011-3041,0.00988,0.81928
CVE-2011-3042,0.00988,0.81928
CVE-2011-3043,0.00988,0.81928
CVE-2011-3044,0.00988,0.81928
CVE-2011-3045,0.20862,0.95985
CVE-2011-3046,0.01492,0.85532
CVE-2011-3047,0.01180,0.83605
CVE-2011-3048,0.05624,0.92576
CVE-2011-3049,0.00773,0.79413
CVE-2011-3050,0.01074,0.82731
CVE-2011-3051,0.01447,0.85319
CVE-2011-3052,0.01550,0.85840
CVE-2011-3053,0.02098,0.88011
CVE-2011-3054,0.00341,0.68593
CVE-2011-3055,0.00361,0.69482
CVE-2011-3056,0.00704,0.78307
CVE-2011-3057,0.01243,0.84080
CVE-2011-3058,0.00259,0.63763
CVE-2011-3059,0.01232,0.84004
CVE-2011-3060,0.00887,0.80853
CVE-2011-3061,0.00284,0.65465
CVE-2011-3062,0.02845,0.89722
CVE-2011-3063,0.00443,0.72319
CVE-2011-3064,0.02347,0.88721
CVE-2011-3065,0.03925,0.91147
CVE-2011-3066,0.01519,0.85701
CVE-2011-3067,0.00680,0.77917
CVE-2011-3068,0.36750,0.96807
CVE-2011-3069,0.00986,0.81911
CVE-2011-3070,0.01885,0.87235
CVE-2011-3071,0.00761,0.79242
CVE-2011-3072,0.01493,0.85534
CVE-2011-3073,0.00986,0.81911
CVE-2011-3074,0.00923,0.81263
CVE-2011-3075,0.00923,0.81263
CVE-2011-3076,0.00923,0.81263
CVE-2011-3077,0.02117,0.88061
CVE-2011-3078,0.03140,0.90148
CVE-2011-3079,0.01126,0.83158
CVE-2011-3080,0.00248,0.62805
CVE-2011-3081,0.03140,0.90148
CVE-2011-3083,0.01521,0.85709
CVE-2011-3084,0.00516,0.74304
CVE-2011-3085,0.02148,0.88196
CVE-2011-3086,0.02071,0.87923
CVE-2011-3087,0.00448,0.72455
CVE-2011-3088,0.02148,0.88196
CVE-2011-3089,0.02071,0.87923
CVE-2011-3090,0.03169,0.90191
CVE-2011-3091,0.02781,0.89606
CVE-2011-3092,0.01324,0.84616
CVE-2011-3093,0.01790,0.86815
CVE-2011-3094,0.01790,0.86815
CVE-2011-3095,0.01324,0.84616
CVE-2011-3096,0.01617,0.86164
CVE-2011-3097,0.01699,0.86468
CVE-2011-3098,0.00042,0.05722
CVE-2011-3099,0.01863,0.87135
CVE-2011-3100,0.03182,0.90215
CVE-2011-3101,0.00679,0.77899
CVE-2011-3102,0.06312,0.92952
CVE-2011-3103,0.02633,0.89332
CVE-2011-3104,0.02148,0.88196
CVE-2011-3105,0.02071,0.87923
CVE-2011-3106,0.06450,0.93032
CVE-2011-3107,0.01874,0.87190
CVE-2011-3108,0.06549,0.93087
CVE-2011-3109,0.01617,0.86164
CVE-2011-3110,0.01816,0.86922
CVE-2011-3111,0.02148,0.88196
CVE-2011-3112,0.01850,0.87087
CVE-2011-3113,0.01617,0.86164
CVE-2011-3114,0.01781,0.86771
CVE-2011-3115,0.01874,0.87190
CVE-2011-3122,0.00378,0.70141
CVE-2011-3123,0.00042,0.05722
CVE-2011-3124,0.00042,0.05722
CVE-2011-3125,0.00308,0.66914
CVE-2011-3126,0.00382,0.70317
CVE-2011-3127,0.00302,0.66509
CVE-2011-3128,0.00564,0.75438
CVE-2011-3129,0.00320,0.67568
CVE-2011-3130,0.00175,0.54720
CVE-2011-3131,0.00121,0.46274
CVE-2011-3132,0.00220,0.59971
CVE-2011-3133,0.00339,0.68501
CVE-2011-3134,0.00651,0.77286
CVE-2011-3135,0.00295,0.66132
CVE-2011-3136,0.00240,0.62140
CVE-2011-3137,0.00339,0.68505
CVE-2011-3138,0.00177,0.54951
CVE-2011-3140,0.00450,0.72524
CVE-2011-3141,0.03352,0.90469
CVE-2011-3142,0.45538,0.97103
CVE-2011-3143,0.08148,0.93751
CVE-2011-3144,0.00290,0.65858
CVE-2011-3145,0.00222,0.60556
CVE-2011-3146,0.00729,0.78751
CVE-2011-3147,0.00168,0.53801
CVE-2011-3148,0.00042,0.05722
CVE-2011-3149,0.00042,0.05722
CVE-2011-3150,0.01336,0.84681
CVE-2011-3151,0.00084,0.34791
CVE-2011-3152,0.00138,0.49282
CVE-2011-3153,0.00042,0.05722
CVE-2011-3154,0.00042,0.05722
CVE-2011-3155,0.00277,0.64992
CVE-2011-3156,0.93212,0.98895
CVE-2011-3157,0.93212,0.98895
CVE-2011-3158,0.93212,0.98895
CVE-2011-3159,0.93212,0.98895
CVE-2011-3160,0.93212,0.98895
CVE-2011-3161,0.93212,0.98895
CVE-2011-3162,0.93212,0.98895
CVE-2011-3163,0.00042,0.05722
CVE-2011-3164,0.00042,0.05722
CVE-2011-3165,0.58219,0.97447
CVE-2011-3166,0.58219,0.97447
CVE-2011-3167,0.94135,0.99009
CVE-2011-3168,0.00197,0.57640
CVE-2011-3169,0.00663,0.77563
CVE-2011-3170,0.53410,0.97336
CVE-2011-3171,0.00042,0.05722
CVE-2011-3172,0.00228,0.61057
CVE-2011-3173,0.94587,0.99086
CVE-2011-3174,0.93906,0.98980
CVE-2011-3175,0.97077,0.99727
CVE-2011-3176,0.97077,0.99727
CVE-2011-3177,0.00042,0.05722
CVE-2011-3178,0.00103,0.41693
CVE-2011-3179,0.73223,0.97844
CVE-2011-3180,0.01123,0.83137
CVE-2011-3181,0.00316,0.67362
CVE-2011-3182,0.01878,0.87203
CVE-2011-3183,0.00122,0.46413
CVE-2011-3184,0.09632,0.94261
CVE-2011-3185,0.01729,0.86592
CVE-2011-3186,0.00666,0.77621
CVE-2011-3187,0.01621,0.86188
CVE-2011-3188,0.01568,0.85927
CVE-2011-3189,0.01352,0.84786
CVE-2011-3190,0.01728,0.86588
CVE-2011-3191,0.00191,0.56824
CVE-2011-3192,0.96558,0.99533
CVE-2011-3193,0.02159,0.88235
CVE-2011-3194,0.04775,0.91934
CVE-2011-3195,0.00568,0.75507
CVE-2011-3196,0.00042,0.05722
CVE-2011-3197,0.00256,0.63520
CVE-2011-3198,0.00042,0.05722
CVE-2011-3199,0.00131,0.47914
CVE-2011-3200,0.14261,0.95233
CVE-2011-3201,0.00489,0.73617
CVE-2011-3202,0.00122,0.46413
CVE-2011-3203,0.00687,0.78048
CVE-2011-3204,0.00042,0.05722
CVE-2011-3205,0.93046,0.98875
CVE-2011-3206,0.00254,0.63423
CVE-2011-3207,0.01324,0.84614
CVE-2011-3208,0.21149,0.96006
CVE-2011-3209,0.00042,0.05722
CVE-2011-3210,0.30466,0.96549
CVE-2011-3211,0.01231,0.83994
CVE-2011-3212,0.00056,0.21084
CVE-2011-3213,0.00121,0.46336
CVE-2011-3214,0.00132,0.48075
CVE-2011-3215,0.00098,0.40553
CVE-2011-3216,0.00042,0.05722
CVE-2011-3217,0.01044,0.82444
CVE-2011-3218,0.00150,0.51227
CVE-2011-3219,0.05283,0.92322
CVE-2011-3220,0.00942,0.81444
CVE-2011-3221,0.05353,0.92383
CVE-2011-3222,0.11365,0.94730
CVE-2011-3223,0.11365,0.94730
CVE-2011-3224,0.00112,0.44398
CVE-2011-3225,0.00266,0.64308
CVE-2011-3226,0.00472,0.73108
CVE-2011-3227,0.00994,0.81998
CVE-2011-3228,0.02137,0.88164
CVE-2011-3229,0.00630,0.76866
CVE-2011-3230,0.90628,0.98613
CVE-2011-3231,0.00327,0.67924
CVE-2011-3232,0.04739,0.91888
CVE-2011-3233,0.00417,0.71509
CVE-2011-3234,0.01536,0.85775
CVE-2011-3235,0.00877,0.80729
CVE-2011-3236,0.00877,0.80729
CVE-2011-3237,0.00877,0.80729
CVE-2011-3238,0.00417,0.71509
CVE-2011-3239,0.00417,0.71509
CVE-2011-3241,0.00417,0.71509
CVE-2011-3242,0.00179,0.55143
CVE-2011-3243,0.00279,0.65107
CVE-2011-3244,0.00417,0.71509
CVE-2011-3245,0.00118,0.45721
CVE-2011-3246,0.00525,0.74526
CVE-2011-3247,0.02403,0.88856
CVE-2011-3248,0.05990,0.92770
CVE-2011-3249,0.06113,0.92842
CVE-2011-3250,0.79443,0.98029
CVE-2011-3251,0.10055,0.94404
CVE-2011-3252,0.08731,0.93966
CVE-2011-3253,0.00091,0.38636
CVE-2011-3254,0.00132,0.48166
CVE-2011-3255,0.00279,0.65121
CVE-2011-3256,0.02011,0.87721
CVE-2011-3257,0.00042,0.05722
CVE-2011-3259,0.03168,0.90190
CVE-2011-3260,0.00974,0.81788
CVE-2011-3261,0.00956,0.81616
CVE-2011-3262,0.00042,0.05722
CVE-2011-3263,0.00250,0.62988
CVE-2011-3264,0.00330,0.68102
CVE-2011-3265,0.00616,0.76579
CVE-2011-3266,0.00334,0.68299
CVE-2011-3267,0.00958,0.81629
CVE-2011-3268,0.01182,0.83620
CVE-2011-3269,0.00168,0.53801
CVE-2011-3270,0.00181,0.55455
CVE-2011-3271,0.01123,0.83137
CVE-2011-3272,0.00563,0.75411
CVE-2011-3273,0.00181,0.55455
CVE-2011-3274,0.00140,0.49507
CVE-2011-3275,0.00181,0.55455
CVE-2011-3276,0.00181,0.55455
CVE-2011-3277,0.00181,0.55455
CVE-2011-3278,0.00181,0.55455
CVE-2011-3279,0.00563,0.75411
CVE-2011-3280,0.00181,0.55516
CVE-2011-3281,0.00106,0.42909
CVE-2011-3282,0.00181,0.55455
CVE-2011-3283,0.00593,0.76072
CVE-2011-3285,0.00257,0.63596
CVE-2011-3287,0.00193,0.57241
CVE-2011-3288,0.00193,0.57241
CVE-2011-3289,0.00044,0.10161
CVE-2011-3290,0.01060,0.82603
CVE-2011-3293,0.00136,0.48903
CVE-2011-3294,0.00220,0.60154
CVE-2011-3295,0.00593,0.76072
CVE-2011-3296,0.00181,0.55455
CVE-2011-3297,0.00181,0.55455
CVE-2011-3298,0.00664,0.77580
CVE-2011-3299,0.00563,0.75411
CVE-2011-3300,0.00676,0.77814
CVE-2011-3301,0.00676,0.77814
CVE-2011-3302,0.00676,0.77814
CVE-2011-3303,0.00676,0.77814
CVE-2011-3304,0.00676,0.77814
CVE-2011-3305,0.01500,0.85570
CVE-2011-3309,0.00269,0.64457
CVE-2011-3310,0.00330,0.68146
CVE-2011-3315,0.86205,0.98343
CVE-2011-3317,0.00192,0.57132
CVE-2011-3318,0.00161,0.52744
CVE-2011-3319,0.47613,0.97169
CVE-2011-3320,0.00155,0.51753
CVE-2011-3321,0.05033,0.92143
CVE-2011-3322,0.96814,0.99623
CVE-2011-3323,0.09135,0.94094
CVE-2011-3324,0.09135,0.94094
CVE-2011-3325,0.10498,0.94507
CVE-2011-3326,0.09135,0.94094
CVE-2011-3327,0.28605,0.96457
CVE-2011-3328,0.04016,0.91222
CVE-2011-3330,0.00539,0.74886
CVE-2011-3332,0.09106,0.94080
CVE-2011-3336,0.06299,0.92948
CVE-2011-3337,0.00042,0.00438
CVE-2011-3339,0.00260,0.63842
CVE-2011-3340,0.00093,0.39001
CVE-2011-3341,0.03043,0.90013
CVE-2011-3342,0.11553,0.94772
CVE-2011-3343,0.00042,0.05753
CVE-2011-3344,0.00312,0.67097
CVE-2011-3345,0.00042,0.05722
CVE-2011-3346,0.00121,0.46275
CVE-2011-3347,0.00262,0.63967
CVE-2011-3348,0.31400,0.96593
CVE-2011-3349,0.00042,0.05722
CVE-2011-3350,0.00302,0.66501
CVE-2011-3351,0.00042,0.05722
CVE-2011-3352,0.00073,0.30184
CVE-2011-3353,0.00042,0.05722
CVE-2011-3354,0.03761,0.90975
CVE-2011-3355,0.00281,0.65242
CVE-2011-3356,0.00331,0.68188
CVE-2011-3357,0.00995,0.82015
CVE-2011-3358,0.00331,0.68188
CVE-2011-3359,0.00618,0.76610
CVE-2011-3360,0.97449,0.99946
CVE-2011-3361,0.00382,0.70307
CVE-2011-3362,0.02211,0.88371
CVE-2011-3363,0.00180,0.55289
CVE-2011-3364,0.00042,0.05722
CVE-2011-3365,0.00553,0.75208
CVE-2011-3366,0.00329,0.68010
CVE-2011-3367,0.00200,0.57952
CVE-2011-3368,0.97386,0.99905
CVE-2011-3369,0.01457,0.85378
CVE-2011-3370,0.00075,0.30929
CVE-2011-3371,0.00347,0.68822
CVE-2011-3372,0.01784,0.86788
CVE-2011-3373,0.00174,0.54644
CVE-2011-3374,0.00164,0.53094
CVE-2011-3375,0.00250,0.62996
CVE-2011-3376,0.00042,0.05722
CVE-2011-3377,0.00340,0.68532
CVE-2011-3378,0.05810,0.92669
CVE-2011-3379,0.05003,0.92115
CVE-2011-3380,0.00744,0.78967
CVE-2011-3381,0.00159,0.52409
CVE-2011-3382,0.00192,0.57132
CVE-2011-3383,0.00071,0.29328
CVE-2011-3384,0.00132,0.48166
CVE-2011-3385,0.00132,0.48166
CVE-2011-3386,0.03761,0.90975
CVE-2011-3387,0.00553,0.75211
CVE-2011-3388,0.00790,0.79703
CVE-2011-3389,0.00854,0.80473
CVE-2011-3390,0.00392,0.70707
CVE-2011-3391,0.00295,0.66130
CVE-2011-3392,0.00254,0.63423
CVE-2011-3393,0.00160,0.52571
CVE-2011-3394,0.00108,0.43336
CVE-2011-3396,0.94190,0.99018
CVE-2011-3397,0.91222,0.98674
CVE-2011-3400,0.97096,0.99736
CVE-2011-3401,0.88037,0.98440
CVE-2011-3402,0.96920,0.99663
CVE-2011-3403,0.91846,0.98739
CVE-2011-3404,0.01607,0.86123
CVE-2011-3406,0.18080,0.95729
CVE-2011-3408,0.00066,0.27265
CVE-2011-3410,0.94165,0.99013
CVE-2011-3411,0.94387,0.99052
CVE-2011-3412,0.62749,0.97569
CVE-2011-3413,0.87143,0.98392
CVE-2011-3414,0.96697,0.99579
CVE-2011-3415,0.60526,0.97501
CVE-2011-3416,0.96647,0.99561
CVE-2011-3417,0.09674,0.94269
CVE-2011-3420,0.00101,0.41149
CVE-2011-3421,0.00105,0.42638
CVE-2011-3422,0.00154,0.51704
CVE-2011-3423,0.00265,0.64225
CVE-2011-3424,0.00454,0.72640
CVE-2011-3426,0.00404,0.71081
CVE-2011-3427,0.00182,0.55589
CVE-2011-3428,0.02056,0.87870
CVE-2011-3429,0.00118,0.45721
CVE-2011-3430,0.00156,0.52065
CVE-2011-3431,0.00118,0.45721
CVE-2011-3432,0.00760,0.79232
CVE-2011-3434,0.00298,0.66361
CVE-2011-3435,0.00042,0.05722
CVE-2011-3436,0.00582,0.75829
CVE-2011-3437,0.02826,0.89684
CVE-2011-3438,0.00909,0.81089
CVE-2011-3439,0.01047,0.82463
CVE-2011-3440,0.00069,0.28606
CVE-2011-3441,0.00358,0.69347
CVE-2011-3442,0.00042,0.05722
CVE-2011-3443,0.02035,0.87794
CVE-2011-3444,0.00185,0.55823
CVE-2011-3446,0.00891,0.80899
CVE-2011-3447,0.00259,0.63680
CVE-2011-3448,0.00757,0.79186
CVE-2011-3449,0.00473,0.73137
CVE-2011-3450,0.00473,0.73137
CVE-2011-3452,0.00259,0.63680
CVE-2011-3453,0.05684,0.92605
CVE-2011-3457,0.02553,0.89158
CVE-2011-3458,0.01587,0.86023
CVE-2011-3459,0.02900,0.89802
CVE-2011-3460,0.05892,0.92716
CVE-2011-3462,0.00408,0.71211
CVE-2011-3463,0.00042,0.05722
CVE-2011-3464,0.10204,0.94439
CVE-2011-3477,0.00043,0.07360
CVE-2011-3478,0.95331,0.99217
CVE-2011-3479,0.00060,0.23697
CVE-2011-3481,0.02110,0.88042
CVE-2011-3482,0.00837,0.80277
CVE-2011-3483,0.01219,0.83901
CVE-2011-3484,0.00756,0.79147
CVE-2011-3486,0.54666,0.97364
CVE-2011-3487,0.01264,0.84231
CVE-2011-3488,0.06124,0.92855
CVE-2011-3489,0.01075,0.82736
CVE-2011-3490,0.07336,0.93447
CVE-2011-3491,0.02726,0.89514
CVE-2011-3492,0.93141,0.98885
CVE-2011-3493,0.28886,0.96469
CVE-2011-3494,0.93325,0.98910
CVE-2011-3495,0.03310,0.90409
CVE-2011-3496,0.10920,0.94622
CVE-2011-3497,0.22120,0.96065
CVE-2011-3498,0.02275,0.88555
CVE-2011-3499,0.02920,0.89823
CVE-2011-3500,0.00326,0.67845
CVE-2011-3501,0.02025,0.87761
CVE-2011-3502,0.14047,0.95201
CVE-2011-3503,0.00630,0.76859
CVE-2011-3504,0.02713,0.89487
CVE-2011-3506,0.00429,0.71861
CVE-2011-3507,0.00128,0.47492
CVE-2011-3508,0.00628,0.76838
CVE-2011-3509,0.00083,0.34501
CVE-2011-3510,0.00210,0.58969
CVE-2011-3511,0.00103,0.41975
CVE-2011-3512,0.00262,0.63974
CVE-2011-3513,0.00223,0.60698
CVE-2011-3514,0.00083,0.34501
CVE-2011-3515,0.00044,0.10704
CVE-2011-3516,0.01060,0.82576
CVE-2011-3517,0.01196,0.83721
CVE-2011-3518,0.00108,0.43388
CVE-2011-3519,0.00108,0.43388
CVE-2011-3520,0.00211,0.59064
CVE-2011-3521,0.00825,0.80130
CVE-2011-3522,0.00062,0.24501
CVE-2011-3523,0.00128,0.47492
CVE-2011-3524,0.00083,0.34501
CVE-2011-3525,0.00491,0.73650
CVE-2011-3526,0.00174,0.54599
CVE-2011-3527,0.00151,0.51231
CVE-2011-3528,0.00213,0.59274
CVE-2011-3529,0.00151,0.51231
CVE-2011-3530,0.00213,0.59274
CVE-2011-3531,0.00307,0.66842
CVE-2011-3532,0.00406,0.71154
CVE-2011-3533,0.00151,0.51231
CVE-2011-3534,0.01371,0.84918
CVE-2011-3535,0.01371,0.84918
CVE-2011-3536,0.00062,0.24501
CVE-2011-3537,0.00117,0.45463
CVE-2011-3538,0.00700,0.78245
CVE-2011-3539,0.00062,0.24501
CVE-2011-3541,0.01458,0.85384
CVE-2011-3542,0.00044,0.10704
CVE-2011-3543,0.00621,0.76679
CVE-2011-3544,0.97217,0.99803
CVE-2011-3545,0.61673,0.97548
CVE-2011-3546,0.00458,0.72744
CVE-2011-3547,0.00552,0.75196
CVE-2011-3548,0.01082,0.82811
CVE-2011-3549,0.01082,0.82811
CVE-2011-3550,0.01060,0.82576
CVE-2011-3551,0.01338,0.84698
CVE-2011-3552,0.00808,0.79927
CVE-2011-3553,0.00180,0.55274
CVE-2011-3554,0.01159,0.83410
CVE-2011-3555,0.00800,0.79821
CVE-2011-3556,0.45907,0.97113
CVE-2011-3557,0.03834,0.91050
CVE-2011-3558,0.00653,0.77315
CVE-2011-3559,0.01340,0.84705
CVE-2011-3560,0.00710,0.78431
CVE-2011-3561,0.00299,0.66397
CVE-2011-3562,0.00450,0.72522
CVE-2011-3563,0.04651,0.91807
CVE-2011-3564,0.00060,0.23365
CVE-2011-3565,0.00060,0.23365
CVE-2011-3566,0.00364,0.69583
CVE-2011-3568,0.00083,0.34501
CVE-2011-3569,0.00232,0.61404
CVE-2011-3570,0.00060,0.23365
CVE-2011-3571,0.00220,0.59946
CVE-2011-3573,0.00126,0.47188
CVE-2011-3574,0.00062,0.24396
CVE-2011-3575,0.96495,0.99504
CVE-2011-3576,0.00099,0.40596
CVE-2011-3577,0.00356,0.69265
CVE-2011-3578,0.00447,0.72427
CVE-2011-3579,0.02495,0.89049
CVE-2011-3580,0.03895,0.91116
CVE-2011-3581,0.10128,0.94423
CVE-2011-3582,0.00093,0.39195
CVE-2011-3583,0.00248,0.62839
CVE-2011-3584,0.00215,0.59600
CVE-2011-3585,0.00059,0.23117
CVE-2011-3587,0.96894,0.99653
CVE-2011-3588,0.00054,0.19383
CVE-2011-3589,0.00042,0.05722
CVE-2011-3590,0.00097,0.40159
CVE-2011-3591,0.00137,0.49204
CVE-2011-3592,0.00137,0.49204
CVE-2011-3593,0.00464,0.72888
CVE-2011-3594,0.05800,0.92663
CVE-2011-3595,0.00086,0.35801
CVE-2011-3596,0.05441,0.92452
CVE-2011-3597,0.03575,0.90739
CVE-2011-3598,0.00317,0.67413
CVE-2011-3599,0.00416,0.71482
CVE-2011-3600,0.15855,0.95470
CVE-2011-3601,0.05870,0.92705
CVE-2011-3602,0.00275,0.64815
CVE-2011-3603,0.00132,0.48230
CVE-2011-3604,0.01091,0.82867
CVE-2011-3605,0.01132,0.83200
CVE-2011-3606,0.00120,0.46089
CVE-2011-3607,0.00062,0.24569
CVE-2011-3609,0.00250,0.62987
CVE-2011-3610,0.00518,0.74346
CVE-2011-3611,0.01995,0.87653
CVE-2011-3612,0.00436,0.72120
CVE-2011-3613,0.00148,0.50764
CVE-2011-3614,0.00185,0.55859
CVE-2011-3615,0.00230,0.61251
CVE-2011-3616,0.00042,0.05722
CVE-2011-3617,0.00083,0.34254
CVE-2011-3618,0.00044,0.10161
CVE-2011-3619,0.00042,0.05722
CVE-2011-3620,0.00676,0.77796
CVE-2011-3621,0.00244,0.62506
CVE-2011-3622,0.00084,0.35108
CVE-2011-3623,0.10244,0.94447
CVE-2011-3624,0.00453,0.72608
CVE-2011-3625,0.84293,0.98243
CVE-2011-3626,0.01218,0.83891
CVE-2011-3627,0.02394,0.88831
CVE-2011-3628,0.00042,0.05722
CVE-2011-3629,0.00150,0.51090
CVE-2011-3630,0.00764,0.79280
CVE-2011-3631,0.00872,0.80660
CVE-2011-3632,0.00042,0.05722
CVE-2011-3634,0.00093,0.39124
CVE-2011-3635,0.00265,0.64225
CVE-2011-3636,0.00136,0.48934
CVE-2011-3637,0.00042,0.05722
CVE-2011-3638,0.00042,0.05722
CVE-2011-3639,0.03956,0.91170
CVE-2011-3640,0.00139,0.49400
CVE-2011-3642,0.01530,0.85750
CVE-2011-3645,0.01463,0.85402
CVE-2011-3646,0.00639,0.77030
CVE-2011-3647,0.00777,0.79480
CVE-2011-3648,0.00226,0.60939
CVE-2011-3649,0.00392,0.70713
CVE-2011-3650,0.01078,0.82767
CVE-2011-3651,0.46292,0.97125
CVE-2011-3652,0.08032,0.93713
CVE-2011-3653,0.00289,0.65732
CVE-2011-3654,0.08032,0.93713
CVE-2011-3655,0.00649,0.77228
CVE-2011-3656,0.00105,0.42633
CVE-2011-3657,0.00199,0.57833
CVE-2011-3658,0.95518,0.99261
CVE-2011-3659,0.91561,0.98704
CVE-2011-3660,0.18261,0.95740
CVE-2011-3661,0.17426,0.95660
CVE-2011-3663,0.00407,0.71178
CVE-2011-3664,0.01814,0.86912
CVE-2011-3665,0.05066,0.92172
CVE-2011-3666,0.00772,0.79397
CVE-2011-3667,0.00638,0.77024
CVE-2011-3668,0.00288,0.65709
CVE-2011-3669,0.00288,0.65709
CVE-2011-3670,0.00509,0.74134
CVE-2011-3671,0.10789,0.94594
CVE-2011-3684,0.00184,0.55807
CVE-2011-3685,0.00042,0.05722
CVE-2011-3686,0.00184,0.55807
CVE-2011-3687,0.00204,0.58384
CVE-2011-3688,0.00109,0.43848
CVE-2011-3689,0.00144,0.50290
CVE-2011-3690,0.00059,0.22992
CVE-2011-3691,0.00078,0.32115
CVE-2011-3692,0.00042,0.05722
CVE-2011-3693,0.00042,0.05722
CVE-2011-3694,0.00294,0.66116
CVE-2011-3695,0.00307,0.66879
CVE-2011-3696,0.00221,0.60299
CVE-2011-3697,0.00307,0.66879
CVE-2011-3698,0.00307,0.66879
CVE-2011-3699,0.00307,0.66879
CVE-2011-3700,0.00307,0.66879
CVE-2011-3701,0.00307,0.66879
CVE-2011-3702,0.00307,0.66879
CVE-2011-3703,0.00307,0.66879
CVE-2011-3704,0.00307,0.66879
CVE-2011-3705,0.00307,0.66879
CVE-2011-3706,0.00307,0.66879
CVE-2011-3707,0.00307,0.66879
CVE-2011-3708,0.00307,0.66879
CVE-2011-3709,0.00307,0.66879
CVE-2011-3710,0.00307,0.66879
CVE-2011-3711,0.00307,0.66879
CVE-2011-3712,0.00307,0.66879
CVE-2011-3713,0.00637,0.76989
CVE-2011-3714,0.00307,0.66879
CVE-2011-3715,0.00307,0.66879
CVE-2011-3716,0.00307,0.66879
CVE-2011-3717,0.00307,0.66879
CVE-2011-3718,0.00307,0.66879
CVE-2011-3719,0.00307,0.66879
CVE-2011-3720,0.00309,0.66952
CVE-2011-3721,0.00307,0.66879
CVE-2011-3722,0.00307,0.66879
CVE-2011-3723,0.00307,0.66879
CVE-2011-3724,0.00307,0.66879
CVE-2011-3725,0.00307,0.66879
CVE-2011-3726,0.00307,0.66879
CVE-2011-3727,0.00902,0.81031
CVE-2011-3728,0.00330,0.68102
CVE-2011-3729,0.00307,0.66879
CVE-2011-3730,0.00307,0.66879
CVE-2011-3731,0.00307,0.66879
CVE-2011-3732,0.00307,0.66879
CVE-2011-3733,0.00307,0.66879
CVE-2011-3734,0.00307,0.66879
CVE-2011-3735,0.00307,0.66879
CVE-2011-3736,0.00307,0.66879
CVE-2011-3737,0.00307,0.66879
CVE-2011-3738,0.00307,0.66879
CVE-2011-3739,0.00307,0.66879
CVE-2011-3740,0.00307,0.66879
CVE-2011-3741,0.00307,0.66879
CVE-2011-3742,0.00307,0.66879
CVE-2011-3743,0.00307,0.66879
CVE-2011-3744,0.00307,0.66879
CVE-2011-3745,0.00307,0.66879
CVE-2011-3746,0.00307,0.66879
CVE-2011-3747,0.00311,0.67029
CVE-2011-3748,0.00307,0.66879
CVE-2011-3749,0.00330,0.68102
CVE-2011-3750,0.00307,0.66879
CVE-2011-3751,0.00307,0.66879
CVE-2011-3752,0.00321,0.67647
CVE-2011-3753,0.00307,0.66879
CVE-2011-3754,0.00321,0.67647
CVE-2011-3755,0.00524,0.74507
CVE-2011-3756,0.00307,0.66879
CVE-2011-3757,0.00321,0.67647
CVE-2011-3758,0.00330,0.68102
CVE-2011-3759,0.00321,0.67647
CVE-2011-3760,0.00309,0.66952
CVE-2011-3761,0.00309,0.66952
CVE-2011-3762,0.00309,0.66952
CVE-2011-3763,0.00309,0.66952
CVE-2011-3764,0.00309,0.66952
CVE-2011-3765,0.00377,0.70123
CVE-2011-3766,0.00377,0.70123
CVE-2011-3767,0.00377,0.70123
CVE-2011-3768,0.00377,0.70123
CVE-2011-3769,0.00377,0.70123
CVE-2011-3770,0.00377,0.70123
CVE-2011-3771,0.00458,0.72736
CVE-2011-3772,0.00330,0.68102
CVE-2011-3773,0.00377,0.70123
CVE-2011-3774,0.00377,0.70123
CVE-2011-3775,0.00377,0.70123
CVE-2011-3776,0.00377,0.70123
CVE-2011-3777,0.00377,0.70123
CVE-2011-3778,0.00377,0.70123
CVE-2011-3779,0.00330,0.68102
CVE-2011-3780,0.00330,0.68102
CVE-2011-3781,0.00330,0.68102
CVE-2011-3782,0.00330,0.68102
CVE-2011-3783,0.00330,0.68102
CVE-2011-3784,0.00330,0.68102
CVE-2011-3785,0.00330,0.68102
CVE-2011-3786,0.00330,0.68102
CVE-2011-3787,0.00330,0.68102
CVE-2011-3788,0.00330,0.68102
CVE-2011-3789,0.00330,0.68102
CVE-2011-3790,0.00330,0.68102
CVE-2011-3791,0.00330,0.68102
CVE-2011-3792,0.00330,0.68102
CVE-2011-3793,0.00330,0.68102
CVE-2011-3794,0.00330,0.68102
CVE-2011-3795,0.00330,0.68102
CVE-2011-3796,0.00330,0.68102
CVE-2011-3797,0.00330,0.68102
CVE-2011-3798,0.00330,0.68102
CVE-2011-3799,0.00330,0.68102
CVE-2011-3800,0.00330,0.68102
CVE-2011-3801,0.00330,0.68102
CVE-2011-3802,0.00330,0.68102
CVE-2011-3803,0.00330,0.68102
CVE-2011-3804,0.00330,0.68102
CVE-2011-3805,0.00330,0.68102
CVE-2011-3806,0.00330,0.68102
CVE-2011-3807,0.00330,0.68102
CVE-2011-3808,0.00330,0.68102
CVE-2011-3809,0.00330,0.68102
CVE-2011-3810,0.00330,0.68102
CVE-2011-3811,0.00330,0.68102
CVE-2011-3812,0.00330,0.68102
CVE-2011-3813,0.00330,0.68102
CVE-2011-3814,0.00377,0.70123
CVE-2011-3815,0.00330,0.68102
CVE-2011-3816,0.00330,0.68102
CVE-2011-3817,0.00330,0.68102
CVE-2011-3818,0.00330,0.68102
CVE-2011-3819,0.00330,0.68102
CVE-2011-3820,0.00330,0.68102
CVE-2011-3821,0.00330,0.68102
CVE-2011-3822,0.00330,0.68102
CVE-2011-3823,0.00330,0.68102
CVE-2011-3824,0.00330,0.68102
CVE-2011-3825,0.00330,0.68102
CVE-2011-3826,0.00330,0.68102
CVE-2011-3827,0.81269,0.98091
CVE-2011-3828,0.01284,0.84375
CVE-2011-3829,0.01193,0.83695
CVE-2011-3830,0.00304,0.66657
CVE-2011-3831,0.01181,0.83611
CVE-2011-3832,0.00665,0.77596
CVE-2011-3833,0.01218,0.83896
CVE-2011-3834,0.32715,0.96642
CVE-2011-3835,0.00358,0.69349
CVE-2011-3836,0.00074,0.30493
CVE-2011-3837,0.00638,0.77024
CVE-2011-3838,0.00361,0.69489
CVE-2011-3839,0.00741,0.78921
CVE-2011-3841,0.00182,0.55605
CVE-2011-3844,0.00339,0.68501
CVE-2011-3845,0.01274,0.84288
CVE-2011-3846,0.00119,0.45938
CVE-2011-3848,0.00576,0.75708
CVE-2011-3849,0.00258,0.63608
CVE-2011-3850,0.00201,0.58103
CVE-2011-3851,0.00144,0.50290
CVE-2011-3852,0.00170,0.53979
CVE-2011-3853,0.00144,0.50290
CVE-2011-3854,0.00160,0.52571
CVE-2011-3855,0.00170,0.53979
CVE-2011-3856,0.00170,0.53979
CVE-2011-3857,0.00144,0.50290
CVE-2011-3858,0.00170,0.53979
CVE-2011-3859,0.00170,0.53979
CVE-2011-3860,0.00187,0.56309
CVE-2011-3861,0.00170,0.53979
CVE-2011-3862,0.00161,0.52792
CVE-2011-3863,0.00170,0.53979
CVE-2011-3864,0.00144,0.50290
CVE-2011-3865,0.00170,0.53979
CVE-2011-3866,0.00243,0.62340
CVE-2011-3868,0.22478,0.96094
CVE-2011-3869,0.00042,0.05722
CVE-2011-3870,0.00042,0.05722
CVE-2011-3871,0.00042,0.05722
CVE-2011-3872,0.00416,0.71482
CVE-2011-3873,0.01096,0.82916
CVE-2011-3874,0.05325,0.92360
CVE-2011-3875,0.00273,0.64701
CVE-2011-3876,0.00206,0.58618
CVE-2011-3877,0.00199,0.57895
CVE-2011-3878,0.00434,0.72070
CVE-2011-3879,0.00180,0.55351
CVE-2011-3880,0.00180,0.55351
CVE-2011-3881,0.00482,0.73396
CVE-2011-3882,0.00434,0.72070
CVE-2011-3883,0.00434,0.72070
CVE-2011-3884,0.00455,0.72652
CVE-2011-3885,0.09819,0.94309
CVE-2011-3886,0.00989,0.81950
CVE-2011-3887,0.00455,0.72653
CVE-2011-3888,0.05709,0.92620
CVE-2011-3889,0.00434,0.72070
CVE-2011-3890,0.00434,0.72070
CVE-2011-3891,0.00434,0.72070
CVE-2011-3892,0.02390,0.88824
CVE-2011-3893,0.00996,0.82019
CVE-2011-3894,0.00401,0.70995
CVE-2011-3895,0.02272,0.88546
CVE-2011-3896,0.00434,0.72070
CVE-2011-3897,0.06906,0.93278
CVE-2011-3898,0.00936,0.81383
CVE-2011-3900,0.00434,0.72070
CVE-2011-3901,0.00189,0.56492
CVE-2011-3903,0.00364,0.69594
CVE-2011-3904,0.00434,0.72070
CVE-2011-3905,0.02405,0.88859
CVE-2011-3906,0.00364,0.69594
CVE-2011-3907,0.00218,0.59799
CVE-2011-3908,0.01801,0.86855
CVE-2011-3909,0.02575,0.89196
CVE-2011-3910,0.00364,0.69594
CVE-2011-3911,0.00364,0.69594
CVE-2011-3912,0.00330,0.68141
CVE-2011-3913,0.02996,0.89929
CVE-2011-3914,0.00330,0.68141
CVE-2011-3915,0.00330,0.68141
CVE-2011-3916,0.00364,0.69594
CVE-2011-3917,0.00330,0.68141
CVE-2011-3918,0.00262,0.64007
CVE-2011-3919,0.02473,0.89010
CVE-2011-3921,0.01250,0.84121
CVE-2011-3922,0.01377,0.84959
CVE-2011-3923,0.95179,0.99185
CVE-2011-3924,0.02001,0.87683
CVE-2011-3925,0.00867,0.80604
CVE-2011-3926,0.01823,0.86958
CVE-2011-3927,0.00867,0.80604
CVE-2011-3928,0.02650,0.89361
CVE-2011-3929,0.02428,0.88915
CVE-2011-3934,0.00293,0.66048
CVE-2011-3935,0.00293,0.66048
CVE-2011-3936,0.01018,0.82194
CVE-2011-3937,0.00222,0.60617
CVE-2011-3940,0.02146,0.88188
CVE-2011-3941,0.00404,0.71080
CVE-2011-3944,0.00363,0.69552
CVE-2011-3945,0.02089,0.87979
CVE-2011-3946,0.00293,0.66048
CVE-2011-3947,0.02246,0.88472
CVE-2011-3949,0.00293,0.66048
CVE-2011-3950,0.00293,0.66048
CVE-2011-3951,0.02089,0.87979
CVE-2011-3952,0.02089,0.87979
CVE-2011-3953,0.00144,0.50237
CVE-2011-3954,0.00364,0.69594
CVE-2011-3955,0.00330,0.68141
CVE-2011-3956,0.00345,0.68780
CVE-2011-3957,0.00330,0.68141
CVE-2011-3958,0.03365,0.90490
CVE-2011-3959,0.00330,0.68141
CVE-2011-3960,0.00355,0.69190
CVE-2011-3961,0.00801,0.79844
CVE-2011-3962,0.00355,0.69190
CVE-2011-3963,0.00364,0.69594
CVE-2011-3964,0.00207,0.58712
CVE-2011-3965,0.00364,0.69594
CVE-2011-3966,0.02996,0.89929
CVE-2011-3967,0.00395,0.70786
CVE-2011-3968,0.04573,0.91730
CVE-2011-3969,0.05515,0.92504
CVE-2011-3970,0.00575,0.75669
CVE-2011-3971,0.05515,0.92504
CVE-2011-3972,0.00364,0.69594
CVE-2011-3973,0.01053,0.82517
CVE-2011-3974,0.01053,0.82517
CVE-2011-3975,0.00413,0.71376
CVE-2011-3976,0.02996,0.89928
CVE-2011-3977,0.00042,0.05722
CVE-2011-3978,0.00184,0.55808
CVE-2011-3979,0.00907,0.81076
CVE-2011-3980,0.00718,0.78584
CVE-2011-3981,0.02976,0.89905
CVE-2011-3982,0.00042,0.05722
CVE-2011-3983,0.00192,0.57132
CVE-2011-3984,0.00139,0.49384
CVE-2011-3985,0.00132,0.48166
CVE-2011-3986,0.00132,0.48166
CVE-2011-3987,0.00042,0.05722
CVE-2011-3988,0.00361,0.69489
CVE-2011-3989,0.00135,0.48729
CVE-2011-3990,0.00192,0.57132
CVE-2011-3991,0.00129,0.47614
CVE-2011-3992,0.07742,0.93575
CVE-2011-3993,0.00154,0.51647
CVE-2011-3994,0.00159,0.52409
CVE-2011-3995,0.00766,0.79318
CVE-2011-3996,0.03257,0.90336
CVE-2011-3997,0.00540,0.74912
CVE-2011-3998,0.00132,0.48166
CVE-2011-3999,0.00132,0.48166
CVE-2011-4000,0.07270,0.93425
CVE-2011-4001,0.00525,0.74534
CVE-2011-4002,0.00190,0.56666
CVE-2011-4004,0.48894,0.97219
CVE-2011-4005,0.00186,0.55998
CVE-2011-4006,0.00204,0.58364
CVE-2011-4007,0.00204,0.58364
CVE-2011-4012,0.00219,0.59933
CVE-2011-4014,0.00118,0.45689
CVE-2011-4015,0.00204,0.58364
CVE-2011-4016,0.00129,0.47734
CVE-2011-4019,0.00204,0.58364
CVE-2011-4022,0.00181,0.55390
CVE-2011-4023,0.00181,0.55390
CVE-2011-4024,0.01458,0.85383
CVE-2011-4026,0.00064,0.26120
CVE-2011-4028,0.00042,0.05722
CVE-2011-4029,0.00042,0.05722
CVE-2011-4030,0.00769,0.79368
CVE-2011-4031,0.02170,0.88261
CVE-2011-4033,0.00530,0.74653
CVE-2011-4034,0.48728,0.97213
CVE-2011-4035,0.00263,0.64017
CVE-2011-4036,0.00391,0.70655
CVE-2011-4037,0.06457,0.93039
CVE-2011-4038,0.00263,0.64017
CVE-2011-4039,0.02473,0.89011
CVE-2011-4040,0.65422,0.97628
CVE-2011-4041,0.12704,0.94984
CVE-2011-4042,0.06000,0.92778
CVE-2011-4043,0.04907,0.92042
CVE-2011-4044,0.05912,0.92728
CVE-2011-4045,0.00530,0.74653
CVE-2011-4046,0.00130,0.47802
CVE-2011-4047,0.00720,0.78612
CVE-2011-4048,0.00478,0.73314
CVE-2011-4050,0.04577,0.91733
CVE-2011-4051,0.50317,0.97248
CVE-2011-4052,0.92526,0.98817
CVE-2011-4053,0.00091,0.38455
CVE-2011-4054,0.00155,0.51753
CVE-2011-4055,0.04469,0.91642
CVE-2011-4056,0.00277,0.64960
CVE-2011-4057,0.04843,0.91997
CVE-2011-4060,0.00042,0.05722
CVE-2011-4061,0.00060,0.23520
CVE-2011-4062,0.00042,0.05722
CVE-2011-4063,0.96549,0.99529
CVE-2011-4064,0.00292,0.65987
CVE-2011-4066,0.00064,0.26120
CVE-2011-4068,0.00367,0.69741
CVE-2011-4069,0.00243,0.62360
CVE-2011-4073,0.01024,0.82241
CVE-2011-4074,0.00396,0.70838
CVE-2011-4075,0.36379,0.96788
CVE-2011-4076,0.00132,0.48082
CVE-2011-4077,0.00042,0.05722
CVE-2011-4078,0.01644,0.86279
CVE-2011-4079,0.03628,0.90801
CVE-2011-4080,0.00042,0.05722
CVE-2011-4081,0.00042,0.05722
CVE-2011-4082,0.00227,0.61000
CVE-2011-4083,0.00148,0.50875
CVE-2011-4085,0.02244,0.88465
CVE-2011-4086,0.00042,0.05722
CVE-2011-4087,0.00420,0.71607
CVE-2011-4088,0.00148,0.50764
CVE-2011-4089,0.00044,0.10527
CVE-2011-4090,0.00227,0.60998
CVE-2011-4091,0.00247,0.62787
CVE-2011-4092,0.00507,0.74080
CVE-2011-4093,0.00387,0.70494
CVE-2011-4094,0.01587,0.86019
CVE-2011-4095,0.00084,0.34817
CVE-2011-4096,0.93458,0.98924
CVE-2011-4097,0.00043,0.07658
CVE-2011-4098,0.00042,0.05722
CVE-2011-4099,0.00042,0.05722
CVE-2011-4100,0.00334,0.68299
CVE-2011-4101,0.00497,0.73800
CVE-2011-4102,0.00304,0.66638
CVE-2011-4103,0.01060,0.82603
CVE-2011-4104,0.01060,0.82603
CVE-2011-4105,0.00042,0.05722
CVE-2011-4106,0.19330,0.95859
CVE-2011-4107,0.02051,0.87855
CVE-2011-4108,0.00485,0.73518
CVE-2011-4109,0.03839,0.91056
CVE-2011-4110,0.00042,0.05722
CVE-2011-4111,0.05069,0.92177
CVE-2011-4112,0.00042,0.05722
CVE-2011-4113,0.00361,0.69489
CVE-2011-4114,0.00042,0.05722
CVE-2011-4115,0.00205,0.58495
CVE-2011-4116,0.00243,0.62353
CVE-2011-4117,0.00147,0.50709
CVE-2011-4118,0.00433,0.71988
CVE-2011-4119,0.00242,0.62229
CVE-2011-4120,0.01533,0.85763
CVE-2011-4121,0.01324,0.84612
CVE-2011-4122,0.00062,0.24874
CVE-2011-4124,0.00203,0.58322
CVE-2011-4125,0.00306,0.66757
CVE-2011-4126,0.00306,0.66757
CVE-2011-4127,0.00042,0.05722
CVE-2011-4128,0.00313,0.67183
CVE-2011-4129,0.00216,0.59635
CVE-2011-4130,0.01853,0.87098
CVE-2011-4131,0.00251,0.63123
CVE-2011-4132,0.00042,0.05722
CVE-2011-4133,0.00159,0.52409
CVE-2011-4134,0.03378,0.90504
CVE-2011-4135,0.10017,0.94375
CVE-2011-4136,0.01835,0.87025
CVE-2011-4137,0.03761,0.90975
CVE-2011-4138,0.00741,0.78927
CVE-2011-4139,0.00968,0.81733
CVE-2011-4140,0.00373,0.69948
CVE-2011-4141,0.00087,0.36435
CVE-2011-4142,0.00042,0.05722
CVE-2011-4143,0.00294,0.66116
CVE-2011-4144,0.00042,0.05722
CVE-2011-4151,0.01023,0.82235
CVE-2011-4153,0.03908,0.91130
CVE-2011-4155,0.01213,0.83849
CVE-2011-4156,0.01213,0.83849
CVE-2011-4157,0.46643,0.97142
CVE-2011-4158,0.00112,0.44345
CVE-2011-4159,0.00042,0.05722
CVE-2011-4160,0.00042,0.05722
CVE-2011-4161,0.27246,0.96370
CVE-2011-4162,0.27446,0.96389
CVE-2011-4163,0.93163,0.98886
CVE-2011-4164,0.93163,0.98886
CVE-2011-4165,0.93163,0.98886
CVE-2011-4166,0.96919,0.99661
CVE-2011-4167,0.55562,0.97388
CVE-2011-4168,0.15305,0.95375
CVE-2011-4169,0.06116,0.92844
CVE-2011-4170,0.00122,0.46493
CVE-2011-4171,0.00185,0.55878
CVE-2011-4172,0.00122,0.46493
CVE-2011-4173,0.00160,0.52542
CVE-2011-4181,0.00288,0.65687
CVE-2011-4182,0.00554,0.75238
CVE-2011-4183,0.00566,0.75468
CVE-2011-4185,0.02699,0.89460
CVE-2011-4186,0.03862,0.91075
CVE-2011-4187,0.85447,0.98299
CVE-2011-4188,0.90088,0.98579
CVE-2011-4189,0.25899,0.96304
CVE-2011-4190,0.00059,0.22937
CVE-2011-4191,0.77866,0.97982
CVE-2011-4192,0.00191,0.56724
CVE-2011-4193,0.00142,0.49908
CVE-2011-4194,0.93858,0.98971
CVE-2011-4195,0.01123,0.83137
CVE-2011-4197,0.01405,0.85100
CVE-2011-4201,0.00409,0.71259
CVE-2011-4202,0.00042,0.05722
CVE-2011-4203,0.00179,0.55169
CVE-2011-4211,0.00042,0.05722
CVE-2011-4212,0.00042,0.05722
CVE-2011-4213,0.00042,0.05722
CVE-2011-4214,0.00722,0.78651
CVE-2011-4215,0.00152,0.51417
CVE-2011-4216,0.00345,0.68736
CVE-2011-4217,0.00263,0.64052
CVE-2011-4218,0.00412,0.71337
CVE-2011-4219,0.00412,0.71337
CVE-2011-4220,0.00263,0.64052
CVE-2011-4221,0.00673,0.77764
CVE-2011-4222,0.00673,0.77764
CVE-2011-4223,0.00412,0.71337
CVE-2011-4231,0.00112,0.44465
CVE-2011-4232,0.00269,0.64457
CVE-2011-4237,0.00206,0.58650
CVE-2011-4244,0.01992,0.87644
CVE-2011-4245,0.01045,0.82452
CVE-2011-4246,0.01045,0.82452
CVE-2011-4247,0.00560,0.75329
CVE-2011-4248,0.00560,0.75329
CVE-2011-4249,0.02096,0.88007
CVE-2011-4250,0.03541,0.90703
CVE-2011-4251,0.00560,0.75329
CVE-2011-4252,0.00560,0.75329
CVE-2011-4253,0.03541,0.90703
CVE-2011-4254,0.03347,0.90460
CVE-2011-4255,0.03541,0.90703
CVE-2011-4256,0.03347,0.90460
CVE-2011-4257,0.00560,0.75329
CVE-2011-4258,0.00560,0.75329
CVE-2011-4259,0.96133,0.99392
CVE-2011-4260,0.00560,0.75329
CVE-2011-4261,0.01356,0.84839
CVE-2011-4262,0.00537,0.74847
CVE-2011-4263,0.00132,0.48166
CVE-2011-4264,0.00132,0.48166
CVE-2011-4265,0.00132,0.48166
CVE-2011-4266,0.00082,0.34135
CVE-2011-4273,0.00311,0.67053
CVE-2011-4274,0.00192,0.57132
CVE-2011-4275,0.00199,0.57826
CVE-2011-4276,0.00107,0.43226
CVE-2011-4277,0.00241,0.62196
CVE-2011-4278,0.00192,0.57132
CVE-2011-4279,0.00313,0.67163
CVE-2011-4280,0.00248,0.62824
CVE-2011-4281,0.00159,0.52409
CVE-2011-4282,0.00192,0.57132
CVE-2011-4283,0.00313,0.67163
CVE-2011-4284,0.00313,0.67163
CVE-2011-4285,0.00251,0.63078
CVE-2011-4286,0.00192,0.57132
CVE-2011-4287,0.00520,0.74408
CVE-2011-4288,0.00121,0.46289
CVE-2011-4289,0.00121,0.46289
CVE-2011-4290,0.00192,0.57132
CVE-2011-4291,0.00379,0.70170
CVE-2011-4292,0.00221,0.60298
CVE-2011-4293,0.00574,0.75642
CVE-2011-4294,0.00155,0.51778
CVE-2011-4295,0.00275,0.64862
CVE-2011-4296,0.00251,0.63078
CVE-2011-4297,0.00574,0.75642
CVE-2011-4298,0.00159,0.52409
CVE-2011-4299,0.00192,0.57132
CVE-2011-4300,0.00289,0.65754
CVE-2011-4301,0.00329,0.68010
CVE-2011-4302,0.00532,0.74707
CVE-2011-4303,0.00223,0.60627
CVE-2011-4304,0.00116,0.45406
CVE-2011-4305,0.00295,0.66132
CVE-2011-4306,0.00192,0.57132
CVE-2011-4307,0.00192,0.57132
CVE-2011-4308,0.00156,0.51988
CVE-2011-4309,0.00233,0.61425
CVE-2011-4310,0.00167,0.53492
CVE-2011-4311,0.00397,0.70868
CVE-2011-4312,0.00305,0.66721
CVE-2011-4313,0.10448,0.94496
CVE-2011-4314,0.00455,0.72656
CVE-2011-4315,0.00594,0.76099
CVE-2011-4316,0.00042,0.05722
CVE-2011-4317,0.94353,0.99046
CVE-2011-4318,0.00275,0.64825
CVE-2011-4319,0.00296,0.66230
CVE-2011-4320,0.00578,0.75739
CVE-2011-4321,0.00182,0.55524
CVE-2011-4322,0.00168,0.53801
CVE-2011-4324,0.00042,0.05722
CVE-2011-4325,0.00042,0.05722
CVE-2011-4326,0.00833,0.80233
CVE-2011-4327,0.00042,0.05722
CVE-2011-4328,0.00304,0.66614
CVE-2011-4329,0.00173,0.54498
CVE-2011-4330,0.00042,0.05722
CVE-2011-4332,0.00184,0.55811
CVE-2011-4333,0.00092,0.38920
CVE-2011-4334,0.00183,0.55692
CVE-2011-4335,0.00336,0.68387
CVE-2011-4336,0.00255,0.63489
CVE-2011-4337,0.01023,0.82236
CVE-2011-4338,0.00048,0.14788
CVE-2011-4339,0.00044,0.08000
CVE-2011-4340,0.00502,0.73943
CVE-2011-4341,0.00575,0.75661
CVE-2011-4342,0.09117,0.94085
CVE-2011-4343,0.00124,0.46710
CVE-2011-4344,0.00275,0.64854
CVE-2011-4345,0.00259,0.63800
CVE-2011-4346,0.00107,0.43164
CVE-2011-4347,0.00137,0.49084
CVE-2011-4348,0.01282,0.84358
CVE-2011-4349,0.00042,0.05753
CVE-2011-4350,0.17412,0.95659
CVE-2011-4351,0.03311,0.90410
CVE-2011-4352,0.02793,0.89629
CVE-2011-4353,0.01831,0.86994
CVE-2011-4354,0.00641,0.77068
CVE-2011-4355,0.00042,0.05722
CVE-2011-4356,0.00042,0.05722
CVE-2011-4357,0.09273,0.94144
CVE-2011-4358,0.00292,0.65967
CVE-2011-4360,0.00519,0.74370
CVE-2011-4361,0.00519,0.74370
CVE-2011-4362,0.02569,0.89187
CVE-2011-4363,0.00042,0.05722
CVE-2011-4364,0.02333,0.88680
CVE-2011-4367,0.94265,0.99025
CVE-2011-4368,0.14541,0.95270
CVE-2011-4369,0.22844,0.96117
CVE-2011-4370,0.02316,0.88650
CVE-2011-4371,0.02316,0.88650
CVE-2011-4372,0.02316,0.88650
CVE-2011-4373,0.78456,0.97999
CVE-2011-4374,0.00312,0.67111
CVE-2011-4403,0.00257,0.63575
CVE-2011-4404,0.96627,0.99555
CVE-2011-4405,0.03495,0.90648
CVE-2011-4406,0.00042,0.05722
CVE-2011-4407,0.00074,0.30674
CVE-2011-4408,0.00598,0.76156
CVE-2011-4409,0.00901,0.81015
CVE-2011-4415,0.00042,0.05722
CVE-2011-4431,0.00256,0.63500
CVE-2011-4432,0.00152,0.51406
CVE-2011-4434,0.00043,0.07315
CVE-2011-4435,0.00518,0.74361
CVE-2011-4436,0.00076,0.31136
CVE-2011-4447,0.00144,0.50188
CVE-2011-4448,0.00201,0.58108
CVE-2011-4449,0.10390,0.94483
CVE-2011-4450,0.00893,0.80914
CVE-2011-4451,0.00763,0.79273
CVE-2011-4452,0.00293,0.66056
CVE-2011-4453,0.90849,0.98632
CVE-2011-4454,0.00141,0.49776
CVE-2011-4455,0.00141,0.49776
CVE-2011-4457,0.00353,0.69128
CVE-2011-4458,0.06629,0.93143
CVE-2011-4459,0.00156,0.52020
CVE-2011-4460,0.00259,0.63698
CVE-2011-4461,0.01651,0.86298
CVE-2011-4462,0.01871,0.87162
CVE-2011-4465,0.00178,0.55082
CVE-2011-4486,0.00161,0.52744
CVE-2011-4487,0.00111,0.44281
CVE-2011-4496,0.01531,0.85754
CVE-2011-4497,0.00170,0.54050
CVE-2011-4498,0.00090,0.38032
CVE-2011-4499,0.00414,0.71393
CVE-2011-4500,0.00414,0.71393
CVE-2011-4501,0.00722,0.78651
CVE-2011-4502,0.00403,0.71056
CVE-2011-4503,0.00493,0.73713
CVE-2011-4504,0.00535,0.74800
CVE-2011-4505,0.00535,0.74800
CVE-2011-4506,0.00535,0.74800
CVE-2011-4507,0.00279,0.65081
CVE-2011-4508,0.00508,0.74121
CVE-2011-4509,0.00474,0.73178
CVE-2011-4510,0.00155,0.51753
CVE-2011-4511,0.00155,0.51753
CVE-2011-4512,0.00193,0.57163
CVE-2011-4513,0.01968,0.87549
CVE-2011-4514,0.00508,0.74121
CVE-2011-4515,0.00059,0.23154
CVE-2011-4516,0.12322,0.94926
CVE-2011-4517,0.17190,0.95634
CVE-2011-4518,0.00255,0.63452
CVE-2011-4519,0.00297,0.66273
CVE-2011-4520,0.00297,0.66273
CVE-2011-4521,0.00163,0.53015
CVE-2011-4522,0.00212,0.59270
CVE-2011-4523,0.00212,0.59270
CVE-2011-4524,0.04473,0.91646
CVE-2011-4525,0.00648,0.77188
CVE-2011-4526,0.05363,0.92392
CVE-2011-4528,0.00829,0.80182
CVE-2011-4529,0.42201,0.96998
CVE-2011-4530,0.04398,0.91584
CVE-2011-4531,0.05215,0.92278
CVE-2011-4532,0.00453,0.72620
CVE-2011-4533,0.01870,0.87161
CVE-2011-4534,0.01794,0.86832
CVE-2011-4535,0.37113,0.96826
CVE-2011-4536,0.53067,0.97325
CVE-2011-4537,0.03322,0.90424
CVE-2011-4538,0.00084,0.34791
CVE-2011-4539,0.02021,0.87749
CVE-2011-4540,0.00636,0.76960
CVE-2011-4541,0.00201,0.58103
CVE-2011-4542,0.74958,0.97898
CVE-2011-4543,0.01195,0.83717
CVE-2011-4544,0.00195,0.57440
CVE-2011-4545,0.00289,0.65774
CVE-2011-4547,0.00199,0.57863
CVE-2011-4548,0.00105,0.42638
CVE-2011-4551,0.00231,0.61330
CVE-2011-4552,0.00132,0.48166
CVE-2011-4553,0.00142,0.49869
CVE-2011-4554,0.00205,0.58545
CVE-2011-4555,0.00157,0.52159
CVE-2011-4558,0.01489,0.85509
CVE-2011-4559,0.00114,0.44859
CVE-2011-4560,0.00127,0.47304
CVE-2011-4561,0.00366,0.69655
CVE-2011-4562,0.00376,0.70048
CVE-2011-4563,0.00192,0.57132
CVE-2011-4564,0.00195,0.57440
CVE-2011-4565,0.00347,0.68851
CVE-2011-4566,0.88173,0.98447
CVE-2011-4567,0.00201,0.58103
CVE-2011-4568,0.00220,0.60154
CVE-2011-4569,0.00064,0.26120
CVE-2011-4570,0.00087,0.36669
CVE-2011-4571,0.00064,0.26120
CVE-2011-4572,0.00416,0.71492
CVE-2011-4573,0.00093,0.39119
CVE-2011-4574,0.00201,0.58090
CVE-2011-4575,0.00576,0.75713
CVE-2011-4576,0.00885,0.80809
CVE-2011-4577,0.10637,0.94551
CVE-2011-4578,0.00042,0.05722
CVE-2011-4579,0.01868,0.87153
CVE-2011-4580,0.00142,0.49908
CVE-2011-4581,0.00123,0.46545
CVE-2011-4582,0.00096,0.39978
CVE-2011-4583,0.00265,0.64191
CVE-2011-4584,0.00156,0.51988
CVE-2011-4585,0.00358,0.69347
CVE-2011-4586,0.00305,0.66677
CVE-2011-4587,0.00749,0.79039
CVE-2011-4588,0.00280,0.65157
CVE-2011-4589,0.00241,0.62193
CVE-2011-4590,0.00105,0.42403
CVE-2011-4591,0.00192,0.57132
CVE-2011-4592,0.00244,0.62513
CVE-2011-4593,0.00116,0.45406
CVE-2011-4594,0.00042,0.05722
CVE-2011-4595,0.00084,0.34817
CVE-2011-4596,0.00514,0.74262
CVE-2011-4597,0.01159,0.83410
CVE-2011-4598,0.04199,0.91406
CVE-2011-4599,0.21899,0.96052
CVE-2011-4600,0.00327,0.67919
CVE-2011-4601,0.05640,0.92583
CVE-2011-4602,0.02754,0.89568
CVE-2011-4603,0.02882,0.89774
CVE-2011-4604,0.01163,0.83442
CVE-2011-4605,0.01648,0.86287
CVE-2011-4606,0.00042,0.05722
CVE-2011-4607,0.00042,0.05722
CVE-2011-4608,0.01499,0.85564
CVE-2011-4609,0.00296,0.66216
CVE-2011-4610,0.02279,0.88564
CVE-2011-4611,0.00042,0.05722
CVE-2011-4612,0.00326,0.67861
CVE-2011-4613,0.00042,0.05722
CVE-2011-4614,0.04418,0.91601
CVE-2011-4615,0.00292,0.65987
CVE-2011-4616,0.00483,0.73433
CVE-2011-4617,0.00042,0.05722
CVE-2011-4618,0.01913,0.87367
CVE-2011-4619,0.18526,0.95771
CVE-2011-4620,0.35794,0.96770
CVE-2011-4621,0.00042,0.05722
CVE-2011-4622,0.00042,0.05722
CVE-2011-4623,0.00042,0.05722
CVE-2011-4624,0.00431,0.71930
CVE-2011-4625,0.00207,0.58719
CVE-2011-4626,0.00124,0.46744
CVE-2011-4627,0.00063,0.25045
CVE-2011-4628,0.00714,0.78508
CVE-2011-4629,0.00064,0.26345
CVE-2011-4630,0.00064,0.26345
CVE-2011-4631,0.00064,0.26345
CVE-2011-4632,0.00064,0.26345
CVE-2011-4634,0.00275,0.64854
CVE-2011-4638,0.00171,0.54161
CVE-2011-4639,0.00321,0.67608
CVE-2011-4640,0.00672,0.77736
CVE-2011-4642,0.01653,0.86303
CVE-2011-4643,0.00568,0.75503
CVE-2011-4644,0.00804,0.79888
CVE-2011-4646,0.00115,0.45147
CVE-2011-4647,0.00328,0.67998
CVE-2011-4650,0.00118,0.45703
CVE-2011-4659,0.00344,0.68724
CVE-2011-4661,0.00103,0.41969
CVE-2011-4667,0.00128,0.47550
CVE-2011-4668,0.10865,0.94611
CVE-2011-4669,0.00140,0.49510
CVE-2011-4670,0.00822,0.80088
CVE-2011-4671,0.00087,0.36669
CVE-2011-4672,0.00087,0.36669
CVE-2011-4673,0.00064,0.26120
CVE-2011-4674,0.00064,0.26120
CVE-2011-4675,0.00203,0.58352
CVE-2011-4677,0.00540,0.74912
CVE-2011-4678,0.00540,0.74912
CVE-2011-4679,0.00128,0.47415
CVE-2011-4680,0.00122,0.46391
CVE-2011-4681,0.00280,0.65157
CVE-2011-4682,0.00266,0.64308
CVE-2011-4683,0.00269,0.64448
CVE-2011-4684,0.00375,0.70004
CVE-2011-4685,0.00943,0.81469
CVE-2011-4686,0.00766,0.79318
CVE-2011-4687,0.00766,0.79318
CVE-2011-4688,0.00393,0.70753
CVE-2011-4689,0.00493,0.73703
CVE-2011-4690,0.00292,0.65960
CVE-2011-4691,0.00312,0.67091
CVE-2011-4692,0.00300,0.66431
CVE-2011-4693,0.03454,0.90602
CVE-2011-4694,0.03454,0.90602
CVE-2011-4695,0.00043,0.07422
CVE-2011-4696,0.00053,0.18559
CVE-2011-4697,0.00320,0.67597
CVE-2011-4698,0.00320,0.67597
CVE-2011-4699,0.00320,0.67597
CVE-2011-4700,0.00197,0.57624
CVE-2011-4701,0.00197,0.57624
CVE-2011-4702,0.00197,0.57624
CVE-2011-4703,0.00197,0.57624
CVE-2011-4704,0.00197,0.57624
CVE-2011-4705,0.00197,0.57624
CVE-2011-4707,0.00254,0.63423
CVE-2011-4708,0.00122,0.46437
CVE-2011-4709,0.01032,0.82313
CVE-2011-4710,0.00075,0.30849
CVE-2011-4711,0.00343,0.68664
CVE-2011-4712,0.08436,0.93842
CVE-2011-4713,0.03039,0.90008
CVE-2011-4714,0.02574,0.89193
CVE-2011-4715,0.06656,0.93156
CVE-2011-4716,0.00692,0.78123
CVE-2011-4717,0.00419,0.71563
CVE-2011-4718,0.00741,0.78921
CVE-2011-4719,0.00082,0.34004
CVE-2011-4720,0.63641,0.97585
CVE-2011-4722,0.09380,0.94180
CVE-2011-4723,0.00299,0.66385
CVE-2011-4725,0.00125,0.47070
CVE-2011-4726,0.00132,0.48166
CVE-2011-4727,0.00475,0.73200
CVE-2011-4728,0.00302,0.66550
CVE-2011-4729,0.00302,0.66550
CVE-2011-4730,0.00540,0.74912
CVE-2011-4731,0.00418,0.71537
CVE-2011-4732,0.00540,0.74912
CVE-2011-4733,0.00540,0.74912
CVE-2011-4734,0.00125,0.47070
CVE-2011-4735,0.00192,0.57132
CVE-2011-4736,0.00226,0.60937
CVE-2011-4737,0.00302,0.66550
CVE-2011-4738,0.00302,0.66550
CVE-2011-4739,0.00540,0.74912
CVE-2011-4740,0.00302,0.66550
CVE-2011-4741,0.00411,0.71311
CVE-2011-4742,0.00302,0.66550
CVE-2011-4743,0.00540,0.74912
CVE-2011-4744,0.00540,0.74912
CVE-2011-4745,0.00132,0.48166
CVE-2011-4746,0.00137,0.49181
CVE-2011-4747,0.00148,0.50842
CVE-2011-4748,0.00302,0.66550
CVE-2011-4749,0.00540,0.74912
CVE-2011-4750,0.00233,0.61445
CVE-2011-4751,0.00246,0.62663
CVE-2011-4752,0.00732,0.78807
CVE-2011-4753,0.00125,0.47070
CVE-2011-4754,0.00132,0.48166
CVE-2011-4755,0.00475,0.73200
CVE-2011-4756,0.00302,0.66550
CVE-2011-4757,0.00540,0.74912
CVE-2011-4758,0.00226,0.60937
CVE-2011-4759,0.00302,0.66550
CVE-2011-4760,0.00302,0.66550
CVE-2011-4761,0.00540,0.74912
CVE-2011-4762,0.00540,0.74912
CVE-2011-4763,0.00125,0.47070
CVE-2011-4764,0.00132,0.48166
CVE-2011-4765,0.00302,0.66550
CVE-2011-4766,0.00400,0.70959
CVE-2011-4767,0.00302,0.66550
CVE-2011-4768,0.00503,0.73999
CVE-2011-4769,0.00197,0.57624
CVE-2011-4770,0.00197,0.57624
CVE-2011-4771,0.00197,0.57624
CVE-2011-4772,0.00197,0.57624
CVE-2011-4773,0.00202,0.58230
CVE-2011-4776,0.00132,0.48166
CVE-2011-4777,0.00122,0.46493
CVE-2011-4778,0.00132,0.48166
CVE-2011-4780,0.00259,0.63800
CVE-2011-4782,0.00259,0.63800
CVE-2011-4783,0.02769,0.89592
CVE-2011-4784,0.00042,0.05722
CVE-2011-4785,0.00445,0.72362
CVE-2011-4786,0.83117,0.98191
CVE-2011-4787,0.41773,0.96984
CVE-2011-4788,0.08351,0.93814
CVE-2011-4789,0.93960,0.98984
CVE-2011-4790,0.12023,0.94874
CVE-2011-4791,0.32540,0.96635
CVE-2011-4800,0.00578,0.75749
CVE-2011-4801,0.00230,0.61273
CVE-2011-4802,0.00191,0.56723
CVE-2011-4803,0.00075,0.30849
CVE-2011-4804,0.03580,0.90747
CVE-2011-4805,0.00258,0.63662
CVE-2011-4806,0.00144,0.50290
CVE-2011-4807,0.00792,0.79730
CVE-2011-4808,0.00102,0.41432
CVE-2011-4809,0.00220,0.59971
CVE-2011-4810,0.00672,0.77736
CVE-2011-4811,0.00118,0.45665
CVE-2011-4812,0.00199,0.57863
CVE-2011-4813,0.00444,0.72332
CVE-2011-4814,0.00480,0.73353
CVE-2011-4815,0.02016,0.87733
CVE-2011-4816,0.00266,0.64276
CVE-2011-4817,0.00215,0.59596
CVE-2011-4818,0.00359,0.69377
CVE-2011-4819,0.00250,0.63004
CVE-2011-4820,0.00076,0.31371
CVE-2011-4821,0.00343,0.68686
CVE-2011-4822,0.00305,0.66721
CVE-2011-4823,0.00068,0.28434
CVE-2011-4824,0.00365,0.69612
CVE-2011-4825,0.93575,0.98934
CVE-2011-4826,0.00135,0.48643
CVE-2011-4827,0.00223,0.60678
CVE-2011-4828,0.92202,0.98773
CVE-2011-4829,0.00102,0.41272
CVE-2011-4830,0.00091,0.38522
CVE-2011-4831,0.00388,0.70531
CVE-2011-4832,0.01764,0.86713
CVE-2011-4833,0.00205,0.58539
CVE-2011-4834,0.00061,0.23986
CVE-2011-4835,0.00411,0.71312
CVE-2011-4836,0.00214,0.59455
CVE-2011-4837,0.00114,0.44865
CVE-2011-4838,0.00976,0.81801
CVE-2011-4847,0.00116,0.45399
CVE-2011-4848,0.00302,0.66550
CVE-2011-4849,0.00302,0.66550
CVE-2011-4850,0.00294,0.66116
CVE-2011-4851,0.00540,0.74912
CVE-2011-4852,0.00337,0.68428
CVE-2011-4853,0.00337,0.68428
CVE-2011-4854,0.00392,0.70690
CVE-2011-4855,0.00392,0.70690
CVE-2011-4856,0.00392,0.70690
CVE-2011-4857,0.04985,0.92093
CVE-2011-4858,0.65134,0.97622
CVE-2011-4859,0.07767,0.93587
CVE-2011-4860,0.00503,0.73999
CVE-2011-4861,0.00965,0.81699
CVE-2011-4862,0.97252,0.99819
CVE-2011-4863,0.00202,0.58230
CVE-2011-4864,0.00197,0.57624
CVE-2011-4865,0.00197,0.57624
CVE-2011-4866,0.00320,0.67597
CVE-2011-4867,0.00197,0.57624
CVE-2011-4868,0.00629,0.76851
CVE-2011-4869,0.01500,0.85570
CVE-2011-4870,0.03838,0.91055
CVE-2011-4871,0.01241,0.84066
CVE-2011-4872,0.00488,0.73572
CVE-2011-4873,0.00928,0.81310
CVE-2011-4874,0.04609,0.91760
CVE-2011-4875,0.30678,0.96557
CVE-2011-4876,0.03177,0.90206
CVE-2011-4877,0.04543,0.91704
CVE-2011-4878,0.01059,0.82572
CVE-2011-4879,0.02360,0.88748
CVE-2011-4880,0.22621,0.96101
CVE-2011-4881,0.05391,0.92413
CVE-2011-4882,0.01387,0.85004
CVE-2011-4883,0.01283,0.84367
CVE-2011-4885,0.87474,0.98411
CVE-2011-4887,0.00265,0.64187
CVE-2011-4889,0.00305,0.66707
CVE-2011-4890,0.21179,0.96008
CVE-2011-4894,0.00279,0.65127
CVE-2011-4895,0.00279,0.65127
CVE-2011-4896,0.00294,0.66116
CVE-2011-4897,0.00279,0.65127
CVE-2011-4898,0.00906,0.81062
CVE-2011-4899,0.05000,0.92111
CVE-2011-4900,0.00058,0.22593
CVE-2011-4901,0.00117,0.45626
CVE-2011-4902,0.00087,0.36467
CVE-2011-4903,0.00124,0.46744
CVE-2011-4904,0.00115,0.45209
CVE-2011-4905,0.00844,0.80354
CVE-2011-4906,0.08925,0.94027
CVE-2011-4907,0.00104,0.42302
CVE-2011-4908,0.64193,0.97600
CVE-2011-4909,0.00785,0.79588
CVE-2011-4910,0.00217,0.59728
CVE-2011-4911,0.00467,0.72976
CVE-2011-4912,0.00078,0.32624
CVE-2011-4913,0.01439,0.85268
CVE-2011-4914,0.02269,0.88538
CVE-2011-4915,0.00042,0.05722
CVE-2011-4916,0.00042,0.05722
CVE-2011-4917,0.00048,0.14460
CVE-2011-4918,0.01099,0.82935
CVE-2011-4919,0.00213,0.59335
CVE-2011-4920,0.00282,0.65305
CVE-2011-4921,0.00263,0.64031
CVE-2011-4922,0.00042,0.05722
CVE-2011-4923,0.00250,0.63055
CVE-2011-4924,0.00243,0.62381
CVE-2011-4925,0.00180,0.55285
CVE-2011-4926,0.01792,0.86822
CVE-2011-4927,0.00156,0.51988
CVE-2011-4928,0.00220,0.60154
CVE-2011-4929,0.96081,0.99382
CVE-2011-4930,0.00042,0.00442
CVE-2011-4931,0.00239,0.62028
CVE-2011-4932,0.08345,0.93812
CVE-2011-4937,0.00173,0.54553
CVE-2011-4938,0.00226,0.60905
CVE-2011-4939,0.01554,0.85862
CVE-2011-4940,0.00422,0.71697
CVE-2011-4941,0.07023,0.93330
CVE-2011-4942,0.00213,0.59291
CVE-2011-4943,0.00736,0.78868
CVE-2011-4944,0.00044,0.08000
CVE-2011-4945,0.00042,0.05722
CVE-2011-4946,0.00577,0.75721
CVE-2011-4947,0.00193,0.57238
CVE-2011-4948,0.06525,0.93081
CVE-2011-4949,0.00687,0.78039
CVE-2011-4950,0.00514,0.74266
CVE-2011-4951,0.00651,0.77270
CVE-2011-4952,0.00138,0.49374
CVE-2011-4953,0.00740,0.78912
CVE-2011-4954,0.00042,0.05722
CVE-2011-4955,0.00202,0.58220
CVE-2011-4956,0.00639,0.77031
CVE-2011-4957,0.01548,0.85832
CVE-2011-4958,0.00653,0.77321
CVE-2011-4959,0.00692,0.78119
CVE-2011-4960,0.00485,0.73492
CVE-2011-4961,0.00319,0.67526
CVE-2011-4962,0.04877,0.92020
CVE-2011-4963,0.00311,0.67049
CVE-2011-4966,0.00326,0.67868
CVE-2011-4967,0.00827,0.80156
CVE-2011-4968,0.00420,0.71613
CVE-2011-4969,0.00306,0.66774
CVE-2011-4970,0.00701,0.78252
CVE-2011-4971,0.06620,0.93139
CVE-2011-4972,0.00272,0.64683
CVE-2011-4973,0.00304,0.66637
CVE-2011-5000,0.00353,0.69114
CVE-2011-5001,0.95458,0.99245
CVE-2011-5002,0.36105,0.96783
CVE-2011-5003,0.90716,0.98620
CVE-2011-5004,0.00743,0.78947
CVE-2011-5005,0.03938,0.91157
CVE-2011-5006,0.27149,0.96366
CVE-2011-5007,0.71338,0.97799
CVE-2011-5008,0.45788,0.97108
CVE-2011-5009,0.06844,0.93248
CVE-2011-5010,0.85984,0.98326
CVE-2011-5011,0.00214,0.59454
CVE-2011-5012,0.02243,0.88464
CVE-2011-5018,0.00088,0.36898
CVE-2011-5019,0.00195,0.57440
CVE-2011-5020,0.00138,0.49278
CVE-2011-5021,0.00503,0.73999
CVE-2011-5022,0.00068,0.28434
CVE-2011-5023,0.00201,0.58103
CVE-2011-5024,0.00122,0.46409
CVE-2011-5025,0.00161,0.52792
CVE-2011-5026,0.00336,0.68387
CVE-2011-5027,0.00275,0.64854
CVE-2011-5028,0.01435,0.85254
CVE-2011-5029,0.00220,0.60154
CVE-2011-5030,0.00108,0.43456
CVE-2011-5031,0.00106,0.42987
CVE-2011-5032,0.00042,0.05722
CVE-2011-5033,0.00084,0.35145
CVE-2011-5034,0.01190,0.83666
CVE-2011-5035,0.02522,0.89109
CVE-2011-5036,0.00805,0.79899
CVE-2011-5037,0.00463,0.72870
CVE-2011-5038,0.00129,0.47721
CVE-2011-5039,0.00103,0.41633
CVE-2011-5040,0.00199,0.57826
CVE-2011-5041,0.00201,0.58103
CVE-2011-5042,0.00220,0.60154
CVE-2011-5043,0.01001,0.82050
CVE-2011-5044,0.00061,0.23986
CVE-2011-5045,0.00201,0.58103
CVE-2011-5046,0.41523,0.96977
CVE-2011-5047,0.00254,0.63423
CVE-2011-5048,0.00255,0.63484
CVE-2011-5049,0.01772,0.86735
CVE-2011-5050,0.00065,0.26956
CVE-2011-5051,0.08613,0.93921
CVE-2011-5052,0.04684,0.91843
CVE-2011-5053,0.04081,0.91304
CVE-2011-5054,0.00042,0.05722
CVE-2011-5055,0.01132,0.83200
CVE-2011-5056,0.00042,0.05722
CVE-2011-5057,0.00813,0.79976
CVE-2011-5058,0.02399,0.88843
CVE-2011-5059,0.01967,0.87544
CVE-2011-5060,0.00042,0.05722
CVE-2011-5061,0.01816,0.86931
CVE-2011-5062,0.00181,0.55383
CVE-2011-5063,0.00300,0.66421
CVE-2011-5064,0.00267,0.64378
CVE-2011-5065,0.00246,0.62659
CVE-2011-5066,0.00042,0.05722
CVE-2011-5067,0.00175,0.54769
CVE-2011-5068,0.00225,0.60872
CVE-2011-5069,0.00991,0.81964
CVE-2011-5070,0.00373,0.69946
CVE-2011-5071,0.00181,0.55371
CVE-2011-5072,0.00148,0.50786
CVE-2011-5073,0.00204,0.58403
CVE-2011-5074,0.00385,0.70419
CVE-2011-5075,0.00397,0.70895
CVE-2011-5076,0.00129,0.47721
CVE-2011-5077,0.00459,0.72749
CVE-2011-5078,0.00218,0.59862
CVE-2011-5079,0.00348,0.68878
CVE-2011-5080,0.00220,0.60154
CVE-2011-5081,0.00272,0.64688
CVE-2011-5082,0.00220,0.60154
CVE-2011-5083,0.08237,0.93784
CVE-2011-5084,0.00132,0.48166
CVE-2011-5085,0.00512,0.74222
CVE-2011-5086,0.00726,0.78707
CVE-2011-5087,0.00290,0.65850
CVE-2011-5088,0.00726,0.78707
CVE-2011-5089,0.04154,0.91372
CVE-2011-5090,0.00322,0.67665
CVE-2011-5091,0.00155,0.51820
CVE-2011-5092,0.03750,0.90958
CVE-2011-5093,0.00498,0.73830
CVE-2011-5094,0.03594,0.90768
CVE-2011-5095,0.00073,0.30426
CVE-2011-5096,0.07938,0.93677
CVE-2011-5097,0.00151,0.51309
CVE-2011-5098,0.00244,0.62510
CVE-2011-5099,0.00261,0.63882
CVE-2011-5100,0.00478,0.73301
CVE-2011-5101,0.00235,0.61625
CVE-2011-5102,0.00959,0.81643
CVE-2011-5103,0.00079,0.32864
CVE-2011-5104,0.00342,0.68621
CVE-2011-5105,0.04277,0.91478
CVE-2011-5106,0.00434,0.72040
CVE-2011-5107,0.00232,0.61363
CVE-2011-5108,0.00221,0.60307
CVE-2011-5109,0.00249,0.62880
CVE-2011-5110,0.00280,0.65177
CVE-2011-5111,0.00079,0.32864
CVE-2011-5112,0.00137,0.49179
CVE-2011-5113,0.00139,0.49409
CVE-2011-5114,0.00132,0.48166
CVE-2011-5115,0.00155,0.51807
CVE-2011-5116,0.00085,0.35326
CVE-2011-5117,0.00060,0.23283
CVE-2011-5118,0.00042,0.05753
CVE-2011-5119,0.00042,0.05753
CVE-2011-5120,0.00124,0.46722
CVE-2011-5121,0.00103,0.41617
CVE-2011-5122,0.00124,0.46722
CVE-2011-5123,0.00103,0.41617
CVE-2011-5124,0.60306,0.97498
CVE-2011-5125,0.00122,0.46493
CVE-2011-5126,0.00173,0.54530
CVE-2011-5127,0.03344,0.90452
CVE-2011-5128,0.00132,0.48166
CVE-2011-5129,0.84549,0.98256
CVE-2011-5130,0.74643,0.97890
CVE-2011-5131,0.00304,0.66622
CVE-2011-5132,0.00254,0.63423
CVE-2011-5133,0.00332,0.68227
CVE-2011-5134,0.00354,0.69175
CVE-2011-5135,0.00110,0.43960
CVE-2011-5136,0.00577,0.75728
CVE-2011-5137,0.00155,0.51820
CVE-2011-5138,0.00155,0.51807
CVE-2011-5139,0.00232,0.61391
CVE-2011-5140,0.00253,0.63256
CVE-2011-5141,0.00407,0.71185
CVE-2011-5142,0.00352,0.69079
CVE-2011-5143,0.00122,0.46493
CVE-2011-5144,0.00506,0.74074
CVE-2011-5145,0.00461,0.72819
CVE-2011-5146,0.00042,0.05722
CVE-2011-5147,0.05338,0.92368
CVE-2011-5148,0.29955,0.96527
CVE-2011-5149,0.00306,0.66760
CVE-2011-5150,0.00132,0.48166
CVE-2011-5151,0.00042,0.05722
CVE-2011-5152,0.00068,0.27922
CVE-2011-5153,0.00042,0.05722
CVE-2011-5154,0.00060,0.23520
CVE-2011-5155,0.00062,0.24874
CVE-2011-5156,0.00042,0.05722
CVE-2011-5157,0.00042,0.05722
CVE-2011-5158,0.00068,0.28385
CVE-2011-5159,0.00192,0.57132
CVE-2011-5160,0.00155,0.51822
CVE-2011-5161,0.00492,0.73691
CVE-2011-5162,0.05397,0.92416
CVE-2011-5163,0.00043,0.05916
CVE-2011-5164,0.04119,0.91336
CVE-2011-5165,0.46091,0.97117
CVE-2011-5166,0.32891,0.96646
CVE-2011-5167,0.92764,0.98850
CVE-2011-5168,0.00510,0.74162
CVE-2011-5169,0.00179,0.55164
CVE-2011-5170,0.93653,0.98945
CVE-2011-5171,0.93189,0.98888
CVE-2011-5172,0.18573,0.95777
CVE-2011-5173,0.07821,0.93622
CVE-2011-5174,0.00042,0.05722
CVE-2011-5175,0.00190,0.56634
CVE-2011-5176,0.00132,0.48166
CVE-2011-5177,0.00221,0.60307
CVE-2011-5178,0.00518,0.74360
CVE-2011-5179,0.00232,0.61363
CVE-2011-5180,0.00195,0.57468
CVE-2011-5181,0.00431,0.71929
CVE-2011-5182,0.00389,0.70541
CVE-2011-5183,0.00098,0.40351
CVE-2011-5184,0.00997,0.82027
CVE-2011-5185,0.00182,0.55559
CVE-2011-5186,0.00182,0.55559
CVE-2011-5187,0.00110,0.44097
CVE-2011-5188,0.00108,0.43456
CVE-2011-5189,0.00110,0.44097
CVE-2011-5190,0.00329,0.68023
CVE-2011-5191,0.00179,0.55213
CVE-2011-5192,0.00247,0.62780
CVE-2011-5193,0.00133,0.48412
CVE-2011-5194,0.00236,0.61820
CVE-2011-5195,0.00389,0.70605
CVE-2011-5196,0.00389,0.70605
CVE-2011-5197,0.00506,0.74072
CVE-2011-5198,0.00209,0.58859
CVE-2011-5199,0.00352,0.69079
CVE-2011-5200,0.00835,0.80253
CVE-2011-5201,0.00647,0.77187
CVE-2011-5202,0.00042,0.05722
CVE-2011-5203,0.00572,0.75579
CVE-2011-5204,0.00042,0.05722
CVE-2011-5205,0.00214,0.59432
CVE-2011-5206,0.00214,0.59432
CVE-2011-5207,0.00468,0.73000
CVE-2011-5208,0.00640,0.77050
CVE-2011-5209,0.00304,0.66609
CVE-2011-5210,0.00949,0.81529
CVE-2011-5211,0.00184,0.55757
CVE-2011-5212,0.00564,0.75430
CVE-2011-5213,0.00831,0.80197
CVE-2011-5214,0.01099,0.82935
CVE-2011-5215,0.00209,0.58859
CVE-2011-5216,0.00819,0.80045
CVE-2011-5217,0.00443,0.72316
CVE-2011-5218,0.00370,0.69844
CVE-2011-5219,0.09606,0.94254
CVE-2011-5220,0.00304,0.66657
CVE-2011-5221,0.00339,0.68509
CVE-2011-5222,0.00370,0.69844
CVE-2011-5223,0.00449,0.72473
CVE-2011-5224,0.00360,0.69436
CVE-2011-5225,0.00275,0.64854
CVE-2011-5226,0.00332,0.68206
CVE-2011-5227,0.90710,0.98619
CVE-2011-5228,0.00204,0.58403
CVE-2011-5229,0.00209,0.58859
CVE-2011-5230,0.00294,0.66086
CVE-2011-5233,0.12637,0.94977
CVE-2011-5234,0.00157,0.52155
CVE-2011-5235,0.00300,0.66445
CVE-2011-5236,0.00091,0.38636
CVE-2011-5237,0.00091,0.38636
CVE-2011-5238,0.00081,0.33762
CVE-2011-5239,0.00091,0.38636
CVE-2011-5240,0.00091,0.38636
CVE-2011-5241,0.00091,0.38636
CVE-2011-5242,0.00091,0.38636
CVE-2011-5243,0.00091,0.38636
CVE-2011-5244,0.04351,0.91543
CVE-2011-5245,0.00328,0.67986
CVE-2011-5247,0.00139,0.49405
CVE-2011-5249,0.00140,0.49569
CVE-2011-5250,0.00088,0.36959
CVE-2011-5251,0.00131,0.48021
CVE-2011-5252,0.02747,0.89555
CVE-2011-5253,0.00396,0.70856
CVE-2011-5254,0.00325,0.67827
CVE-2011-5255,0.00339,0.68509
CVE-2011-5256,0.00132,0.48166
CVE-2011-5257,0.00281,0.65257
CVE-2011-5258,0.04316,0.91513
CVE-2011-5259,0.00517,0.74338
CVE-2011-5260,0.00250,0.63076
CVE-2011-5261,0.00304,0.66609
CVE-2011-5262,0.00079,0.32900
CVE-2011-5263,0.00249,0.62896
CVE-2011-5264,0.00258,0.63645
CVE-2011-5265,0.00478,0.73288
CVE-2011-5266,0.00232,0.61422
CVE-2011-5267,0.00307,0.66801
CVE-2011-5268,0.00887,0.80852
CVE-2011-5269,0.00068,0.28383
CVE-2011-5270,0.00096,0.39758
CVE-2011-5271,0.00091,0.38452
CVE-2011-5272,0.00202,0.58201
CVE-2011-5273,0.00324,0.67793
CVE-2011-5274,0.00750,0.79048
CVE-2011-5275,0.00294,0.66108
CVE-2011-5276,0.00138,0.49218
CVE-2011-5277,0.00830,0.80186
CVE-2011-5278,0.00835,0.80252
CVE-2011-5279,0.01126,0.83155
CVE-2011-5280,0.01415,0.85137
CVE-2011-5282,0.00084,0.34791
CVE-2011-5283,0.00290,0.65829
CVE-2011-5284,0.00736,0.78856
CVE-2011-5285,0.00140,0.49644
CVE-2011-5286,0.00162,0.52884
CVE-2011-5287,0.00140,0.49644
CVE-2011-5288,0.01732,0.86600
CVE-2011-5289,0.00348,0.68861
CVE-2011-5290,0.00348,0.68861
CVE-2011-5291,0.00348,0.68861
CVE-2011-5292,0.01580,0.85995
CVE-2011-5293,0.00633,0.76907
CVE-2011-5294,0.00348,0.68861
CVE-2011-5295,0.01732,0.86600
CVE-2011-5296,0.00140,0.49644
CVE-2011-5297,0.00140,0.49644
CVE-2011-5298,0.03869,0.91086
CVE-2011-5299,0.00140,0.49644
CVE-2011-5300,0.03869,0.91086
CVE-2011-5301,0.00140,0.49644
CVE-2011-5302,0.03869,0.91086
CVE-2011-5303,0.00140,0.49644
CVE-2011-5304,0.00223,0.60678
CVE-2011-5305,0.00140,0.49644
CVE-2011-5306,0.03869,0.91086
CVE-2011-5307,0.00140,0.49644
CVE-2011-5308,0.00163,0.53001
CVE-2011-5309,0.00140,0.49644
CVE-2011-5310,0.03812,0.91029
CVE-2011-5311,0.03869,0.91086
CVE-2011-5312,0.00262,0.63976
CVE-2011-5313,0.00141,0.49830
CVE-2011-5314,0.01022,0.82228
CVE-2011-5315,0.03869,0.91086
CVE-2011-5316,0.03869,0.91086
CVE-2011-5317,0.00146,0.50565
CVE-2011-5318,0.00319,0.67553
CVE-2011-5319,0.00310,0.66998
CVE-2011-5320,0.00085,0.35394
CVE-2011-5321,0.00042,0.05722
CVE-2011-5322,0.00342,0.68637
CVE-2011-5323,0.00342,0.68637
CVE-2011-5324,0.00342,0.68637
CVE-2011-5325,0.01263,0.84228
CVE-2011-5326,0.01760,0.86699
CVE-2011-5327,0.00498,0.73820
CVE-2011-5328,0.00073,0.30112
CVE-2011-5329,0.00078,0.32606
CVE-2011-5330,0.14835,0.95314
CVE-2011-5331,0.14835,0.95314
CVE-2012-0001,0.12376,0.94935
CVE-2012-0002,0.78701,0.98006
CVE-2012-0003,0.97184,0.99780
CVE-2012-0004,0.87705,0.98421
CVE-2012-0005,0.00369,0.69825
CVE-2012-0006,0.81717,0.98120
CVE-2012-0007,0.96480,0.99498
CVE-2012-0008,0.00090,0.38009
CVE-2012-0009,0.97355,0.99885
CVE-2012-0010,0.01607,0.86123
CVE-2012-0011,0.96596,0.99545
CVE-2012-0012,0.95671,0.99293
CVE-2012-0013,0.97068,0.99721
CVE-2012-0014,0.38297,0.96872
CVE-2012-0015,0.38297,0.96872
CVE-2012-0016,0.11825,0.94844
CVE-2012-0017,0.96405,0.99477
CVE-2012-0018,0.80507,0.98063
CVE-2012-0019,0.56125,0.97400
CVE-2012-0020,0.56125,0.97400
CVE-2012-0021,0.93031,0.98873
CVE-2012-0022,0.07030,0.93334
CVE-2012-0023,0.05972,0.92762
CVE-2012-0024,0.00573,0.75623
CVE-2012-0025,0.02300,0.88612
CVE-2012-0027,0.05190,0.92261
CVE-2012-0028,0.00042,0.05722
CVE-2012-0029,0.00088,0.36829
CVE-2012-0030,0.00373,0.69930
CVE-2012-0031,0.00043,0.07636
CVE-2012-0032,0.00042,0.05722
CVE-2012-0033,0.01282,0.84358
CVE-2012-0034,0.00044,0.08000
CVE-2012-0035,0.00148,0.50874
CVE-2012-0036,0.00919,0.81220
CVE-2012-0037,0.00216,0.59663
CVE-2012-0038,0.00042,0.05722
CVE-2012-0039,0.00155,0.51831
CVE-2012-0040,0.00292,0.65987
CVE-2012-0041,0.00842,0.80338
CVE-2012-0042,0.00451,0.72546
CVE-2012-0043,0.05454,0.92458
CVE-2012-0044,0.00042,0.05722
CVE-2012-0045,0.00132,0.48291
CVE-2012-0046,0.00146,0.50463
CVE-2012-0047,0.01188,0.83656
CVE-2012-0048,0.05385,0.92410
CVE-2012-0049,0.00493,0.73708
CVE-2012-0050,0.14494,0.95264
CVE-2012-0051,0.00828,0.80165
CVE-2012-0052,0.00329,0.68058
CVE-2012-0053,0.76123,0.97928
CVE-2012-0054,0.00042,0.05722
CVE-2012-0055,0.00107,0.43279
CVE-2012-0056,0.00123,0.46541
CVE-2012-0057,0.00683,0.77973
CVE-2012-0058,0.00042,0.05722
CVE-2012-0059,0.00143,0.50174
CVE-2012-0060,0.04445,0.91619
CVE-2012-0061,0.04445,0.91619
CVE-2012-0062,0.00341,0.68560
CVE-2012-0063,0.00540,0.74930
CVE-2012-0064,0.00222,0.60595
CVE-2012-0065,0.00104,0.42300
CVE-2012-0066,0.00498,0.73822
CVE-2012-0067,0.03385,0.90514
CVE-2012-0068,0.00290,0.65867
CVE-2012-0069,0.00345,0.68748
CVE-2012-0070,0.00071,0.29313
CVE-2012-0071,0.00229,0.61148
CVE-2012-0072,0.01088,0.82840
CVE-2012-0073,0.00223,0.60698
CVE-2012-0074,0.00382,0.70300
CVE-2012-0075,0.00350,0.69008
CVE-2012-0076,0.00213,0.59274
CVE-2012-0077,0.00214,0.59489
CVE-2012-0078,0.00298,0.66334
CVE-2012-0079,0.00482,0.73401
CVE-2012-0080,0.00146,0.50456
CVE-2012-0081,0.00062,0.24501
CVE-2012-0082,0.00569,0.75527
CVE-2012-0083,0.00292,0.65967
CVE-2012-0084,0.00125,0.46950
CVE-2012-0085,0.00228,0.61089
CVE-2012-0086,0.00071,0.29275
CVE-2012-0087,0.00679,0.77893
CVE-2012-0088,0.00213,0.59274
CVE-2012-0089,0.00083,0.34501
CVE-2012-0090,0.00071,0.29447
CVE-2012-0091,0.00084,0.35147
CVE-2012-0092,0.00071,0.29447
CVE-2012-0093,0.00229,0.61148
CVE-2012-0094,0.00621,0.76679
CVE-2012-0095,0.00071,0.29275
CVE-2012-0096,0.00621,0.76679
CVE-2012-0097,0.00044,0.10704
CVE-2012-0098,0.00044,0.10704
CVE-2012-0099,0.00646,0.77149
CVE-2012-0100,0.00044,0.10704
CVE-2012-0101,0.00679,0.77893
CVE-2012-0102,0.00679,0.77893
CVE-2012-0103,0.00044,0.10704
CVE-2012-0104,0.01056,0.82541
CVE-2012-0105,0.00062,0.24501
CVE-2012-0106,0.00071,0.29447
CVE-2012-0107,0.00137,0.49091
CVE-2012-0108,0.00071,0.29275
CVE-2012-0109,0.00044,0.10704
CVE-2012-0110,0.15650,0.95437
CVE-2012-0111,0.00062,0.24501
CVE-2012-0112,0.00964,0.81689
CVE-2012-0113,0.00507,0.74078
CVE-2012-0114,0.00062,0.24501
CVE-2012-0115,0.00964,0.81689
CVE-2012-0116,0.00222,0.60560
CVE-2012-0117,0.00569,0.75527
CVE-2012-0118,0.00507,0.74078
CVE-2012-0119,0.00964,0.81689
CVE-2012-0120,0.00964,0.81689
CVE-2012-0121,0.95880,0.99337
CVE-2012-0122,0.95880,0.99337
CVE-2012-0123,0.09310,0.94159
CVE-2012-0124,0.97010,0.99695
CVE-2012-0125,0.00042,0.05722
CVE-2012-0126,0.02819,0.89673
CVE-2012-0127,0.94009,0.98992
CVE-2012-0128,0.00684,0.77974
CVE-2012-0129,0.09880,0.94325
CVE-2012-0130,0.00333,0.68260
CVE-2012-0131,0.03791,0.91008
CVE-2012-0132,0.01774,0.86744
CVE-2012-0133,0.00541,0.74949
CVE-2012-0134,0.00042,0.05722
CVE-2012-0135,0.00395,0.70798
CVE-2012-0136,0.56125,0.97400
CVE-2012-0137,0.56125,0.97400
CVE-2012-0138,0.56125,0.97400
CVE-2012-0141,0.92739,0.98845
CVE-2012-0142,0.93272,0.98906
CVE-2012-0143,0.93272,0.98906
CVE-2012-0144,0.96405,0.99477
CVE-2012-0145,0.96405,0.99477
CVE-2012-0146,0.01119,0.83100
CVE-2012-0147,0.01720,0.86554
CVE-2012-0148,0.00047,0.13921
CVE-2012-0149,0.00047,0.13921
CVE-2012-0150,0.93509,0.98930
CVE-2012-0151,0.94583,0.99084
CVE-2012-0152,0.30385,0.96547
CVE-2012-0154,0.00054,0.19327
CVE-2012-0155,0.96596,0.99545
CVE-2012-0156,0.02627,0.89322
CVE-2012-0157,0.00060,0.23545
CVE-2012-0158,0.97000,0.99689
CVE-2012-0159,0.64129,0.97599
CVE-2012-0160,0.74318,0.97882
CVE-2012-0161,0.74318,0.97882
CVE-2012-0162,0.80636,0.98066
CVE-2012-0163,0.66089,0.97640
CVE-2012-0164,0.11448,0.94746
CVE-2012-0165,0.65233,0.97625
CVE-2012-0167,0.79993,0.98051
CVE-2012-0168,0.07483,0.93496
CVE-2012-0169,0.31952,0.96613
CVE-2012-0170,0.92282,0.98784
CVE-2012-0171,0.96233,0.99418
CVE-2012-0172,0.92264,0.98780
CVE-2012-0173,0.91598,0.98706
CVE-2012-0174,0.00785,0.79590
CVE-2012-0175,0.94355,0.99047
CVE-2012-0176,0.88318,0.98458
CVE-2012-0177,0.93696,0.98953
CVE-2012-0178,0.00043,0.07337
CVE-2012-0179,0.00043,0.07337
CVE-2012-0180,0.00057,0.21451
CVE-2012-0181,0.00099,0.40685
CVE-2012-0182,0.86032,0.98329
CVE-2012-0183,0.94853,0.99129
CVE-2012-0184,0.89236,0.98523
CVE-2012-0185,0.95118,0.99166
CVE-2012-0186,0.00291,0.65892
CVE-2012-0187,0.00067,0.27624
CVE-2012-0188,0.17475,0.95667
CVE-2012-0189,0.87151,0.98393
CVE-2012-0190,0.87151,0.98393
CVE-2012-0191,0.00163,0.52974
CVE-2012-0192,0.07676,0.93552
CVE-2012-0193,0.00644,0.77134
CVE-2012-0194,0.04930,0.92059
CVE-2012-0195,0.00255,0.63484
CVE-2012-0198,0.95930,0.99347
CVE-2012-0199,0.01466,0.85412
CVE-2012-0200,0.36112,0.96783
CVE-2012-0201,0.89202,0.98521
CVE-2012-0202,0.97149,0.99763
CVE-2012-0203,0.00122,0.46437
CVE-2012-0204,0.00067,0.27624
CVE-2012-0205,0.00206,0.58614
CVE-2012-0206,0.00437,0.72160
CVE-2012-0207,0.04102,0.91326
CVE-2012-0208,0.00332,0.68229
CVE-2012-0209,0.59177,0.97471
CVE-2012-0210,0.06016,0.92786
CVE-2012-0211,0.06016,0.92786
CVE-2012-0212,0.06016,0.92786
CVE-2012-0213,0.00983,0.81869
CVE-2012-0214,0.00082,0.34101
CVE-2012-0215,0.00557,0.75284
CVE-2012-0216,0.00042,0.05722
CVE-2012-0217,0.00061,0.24240
CVE-2012-0218,0.00059,0.22933
CVE-2012-0219,0.00042,0.05722
CVE-2012-0220,0.00291,0.65933
CVE-2012-0221,0.85975,0.98324
CVE-2012-0222,0.00131,0.47940
CVE-2012-0223,0.00074,0.30700
CVE-2012-0224,0.00074,0.30700
CVE-2012-0225,0.00373,0.69946
CVE-2012-0226,0.00636,0.76961
CVE-2012-0227,0.03418,0.90560
CVE-2012-0228,0.01233,0.84010
CVE-2012-0229,0.22897,0.96121
CVE-2012-0230,0.11420,0.94743
CVE-2012-0231,0.11420,0.94743
CVE-2012-0232,0.10716,0.94574
CVE-2012-0233,0.00627,0.76807
CVE-2012-0234,0.00163,0.53015
CVE-2012-0235,0.00109,0.43801
CVE-2012-0236,0.00273,0.64704
CVE-2012-0237,0.00517,0.74337
CVE-2012-0238,0.04473,0.91646
CVE-2012-0239,0.00277,0.64995
CVE-2012-0240,0.02584,0.89220
CVE-2012-0241,0.07855,0.93637
CVE-2012-0242,0.01994,0.87648
CVE-2012-0243,0.04473,0.91646
CVE-2012-0244,0.00163,0.53015
CVE-2012-0245,0.13215,0.95069
CVE-2012-0246,0.04805,0.91969
CVE-2012-0247,0.82041,0.98136
CVE-2012-0248,0.01121,0.83113
CVE-2012-0249,0.01236,0.84028
CVE-2012-0250,0.02335,0.88688
CVE-2012-0253,0.00385,0.70419
CVE-2012-0254,0.06030,0.92793
CVE-2012-0255,0.02814,0.89666
CVE-2012-0256,0.00731,0.78784
CVE-2012-0257,0.04062,0.91273
CVE-2012-0258,0.04062,0.91273
CVE-2012-0259,0.01365,0.84890
CVE-2012-0260,0.01876,0.87195
CVE-2012-0261,0.86789,0.98378
CVE-2012-0262,0.91657,0.98711
CVE-2012-0263,0.00228,0.61048
CVE-2012-0264,0.02621,0.89304
CVE-2012-0265,0.02623,0.89307
CVE-2012-0266,0.92484,0.98811
CVE-2012-0267,0.93013,0.98871
CVE-2012-0268,0.00487,0.73546
CVE-2012-0269,0.05188,0.92260
CVE-2012-0270,0.95052,0.99153
CVE-2012-0271,0.11386,0.94736
CVE-2012-0272,0.01782,0.86781
CVE-2012-0273,0.10305,0.94455
CVE-2012-0275,0.10606,0.94540
CVE-2012-0276,0.15694,0.95443
CVE-2012-0277,0.09339,0.94170
CVE-2012-0278,0.18954,0.95818
CVE-2012-0279,0.00042,0.05722
CVE-2012-0282,0.14107,0.95208
CVE-2012-0283,0.00275,0.64854
CVE-2012-0284,0.96749,0.99601
CVE-2012-0285,0.00192,0.56888
CVE-2012-0286,0.00157,0.52101
CVE-2012-0287,0.00247,0.62780
CVE-2012-0289,0.00236,0.61785
CVE-2012-0290,0.00805,0.79892
CVE-2012-0291,0.00174,0.54584
CVE-2012-0292,0.10696,0.94567
CVE-2012-0293,0.00547,0.75071
CVE-2012-0294,0.00248,0.62804
CVE-2012-0295,0.01570,0.85937
CVE-2012-0296,0.66353,0.97645
CVE-2012-0297,0.97411,0.99923
CVE-2012-0298,0.00307,0.66849
CVE-2012-0299,0.97049,0.99714
CVE-2012-0300,0.00179,0.55173
CVE-2012-0301,0.00356,0.69249
CVE-2012-0302,0.01715,0.86535
CVE-2012-0303,0.00156,0.52041
CVE-2012-0304,0.00043,0.07360
CVE-2012-0305,0.00043,0.07360
CVE-2012-0306,0.01088,0.82840
CVE-2012-0307,0.01025,0.82252
CVE-2012-0308,0.04701,0.91859
CVE-2012-0309,0.00282,0.65305
CVE-2012-0310,0.01510,0.85647
CVE-2012-0311,0.00192,0.57132
CVE-2012-0312,0.00192,0.57132
CVE-2012-0313,0.00192,0.57132
CVE-2012-0314,0.00214,0.59454
CVE-2012-0315,0.00099,0.40748
CVE-2012-0316,0.00453,0.72622
CVE-2012-0317,0.00332,0.68206
CVE-2012-0318,0.00274,0.64799
CVE-2012-0319,0.00454,0.72631
CVE-2012-0320,0.01802,0.86861
CVE-2012-0321,0.00042,0.05722
CVE-2012-0322,0.00392,0.70721
CVE-2012-0323,0.00192,0.57132
CVE-2012-0324,0.00220,0.60154
CVE-2012-0325,0.00220,0.60154
CVE-2012-0326,0.00625,0.76775
CVE-2012-0327,0.00220,0.60154
CVE-2012-0328,0.00507,0.74086
CVE-2012-0329,0.00292,0.65949
CVE-2012-0330,0.00161,0.52744
CVE-2012-0331,0.00161,0.52744
CVE-2012-0333,0.00192,0.56854
CVE-2012-0334,0.00056,0.21084
CVE-2012-0335,0.00335,0.68371
CVE-2012-0337,0.00115,0.45115
CVE-2012-0338,0.00335,0.68340
CVE-2012-0339,0.00192,0.56854
CVE-2012-0340,0.00132,0.48166
CVE-2012-0352,0.00161,0.52744
CVE-2012-0353,0.02090,0.87988
CVE-2012-0354,0.02090,0.87988
CVE-2012-0355,0.01282,0.84358
CVE-2012-0356,0.02666,0.89386
CVE-2012-0358,0.02586,0.89225
CVE-2012-0359,0.00181,0.55455
CVE-2012-0360,0.00258,0.63622
CVE-2012-0361,0.00247,0.62708
CVE-2012-0362,0.00254,0.63288
CVE-2012-0363,0.00101,0.41080
CVE-2012-0364,0.00170,0.54132
CVE-2012-0365,0.00211,0.59047
CVE-2012-0366,0.00170,0.53955
CVE-2012-0367,0.00161,0.52744
CVE-2012-0368,0.00181,0.55455
CVE-2012-0369,0.00181,0.55455
CVE-2012-0370,0.00181,0.55455
CVE-2012-0371,0.00369,0.69822
CVE-2012-0376,0.00181,0.55390
CVE-2012-0378,0.00181,0.55390
CVE-2012-0381,0.00708,0.78387
CVE-2012-0382,0.01181,0.83613
CVE-2012-0383,0.01896,0.87295
CVE-2012-0384,0.00378,0.70126
CVE-2012-0385,0.02090,0.87988
CVE-2012-0386,0.00839,0.80298
CVE-2012-0387,0.01896,0.87295
CVE-2012-0388,0.01282,0.84358
CVE-2012-0389,0.52842,0.97321
CVE-2012-0390,0.00227,0.60989
CVE-2012-0391,0.17656,0.95693
CVE-2012-0392,0.97059,0.99718
CVE-2012-0393,0.93901,0.98979
CVE-2012-0394,0.94527,0.99077
CVE-2012-0395,0.95227,0.99194
CVE-2012-0396,0.00260,0.63805
CVE-2012-0397,0.00426,0.71785
CVE-2012-0398,0.00609,0.76395
CVE-2012-0399,0.00254,0.63423
CVE-2012-0400,0.01110,0.83028
CVE-2012-0401,0.00336,0.68394
CVE-2012-0402,0.01060,0.82603
CVE-2012-0403,0.00407,0.71186
CVE-2012-0404,0.00122,0.46493
CVE-2012-0406,0.02349,0.88724
CVE-2012-0407,0.00961,0.81660
CVE-2012-0409,0.92466,0.98807
CVE-2012-0410,0.80365,0.98059
CVE-2012-0411,0.13509,0.95121
CVE-2012-0414,0.05491,0.92490
CVE-2012-0417,0.31212,0.96585
CVE-2012-0418,0.02477,0.89019
CVE-2012-0419,0.96490,0.99502
CVE-2012-0420,0.00042,0.05722
CVE-2012-0421,0.00050,0.16885
CVE-2012-0425,0.00192,0.56903
CVE-2012-0426,0.00050,0.16885
CVE-2012-0427,0.00042,0.05722
CVE-2012-0428,0.00220,0.60154
CVE-2012-0429,0.00380,0.70234
CVE-2012-0430,0.00304,0.66633
CVE-2012-0432,0.94144,0.99010
CVE-2012-0433,0.00042,0.05722
CVE-2012-0434,0.00446,0.72395
CVE-2012-0435,0.00222,0.60603
CVE-2012-0439,0.96871,0.99646
CVE-2012-0440,0.00410,0.71281
CVE-2012-0441,0.10434,0.94495
CVE-2012-0442,0.02036,0.87799
CVE-2012-0443,0.24156,0.96206
CVE-2012-0444,0.88550,0.98472
CVE-2012-0445,0.01153,0.83373
CVE-2012-0446,0.00224,0.60770
CVE-2012-0447,0.00502,0.73972
CVE-2012-0448,0.00283,0.65378
CVE-2012-0449,0.01505,0.85619
CVE-2012-0450,0.00042,0.05722
CVE-2012-0451,0.00494,0.73723
CVE-2012-0452,0.09727,0.94282
CVE-2012-0453,0.00159,0.52409
CVE-2012-0454,0.09727,0.94282
CVE-2012-0455,0.00341,0.68569
CVE-2012-0456,0.00439,0.72226
CVE-2012-0457,0.09450,0.94205
CVE-2012-0458,0.01259,0.84205
CVE-2012-0459,0.08406,0.93833
CVE-2012-0460,0.02100,0.88019
CVE-2012-0461,0.04293,0.91496
CVE-2012-0462,0.09610,0.94256
CVE-2012-0463,0.13598,0.95131
CVE-2012-0464,0.08449,0.93849
CVE-2012-0465,0.00451,0.72547
CVE-2012-0466,0.00327,0.67928
CVE-2012-0467,0.09610,0.94256
CVE-2012-0468,0.10806,0.94600
CVE-2012-0469,0.11346,0.94727
CVE-2012-0470,0.11169,0.94684
CVE-2012-0471,0.00262,0.63996
CVE-2012-0472,0.03204,0.90252
CVE-2012-0473,0.00404,0.71076
CVE-2012-0474,0.00344,0.68710
CVE-2012-0475,0.00960,0.81647
CVE-2012-0477,0.00262,0.63996
CVE-2012-0478,0.02519,0.89104
CVE-2012-0479,0.01026,0.82253
CVE-2012-0484,0.00273,0.64743
CVE-2012-0485,0.00679,0.77893
CVE-2012-0486,0.01749,0.86660
CVE-2012-0487,0.00964,0.81689
CVE-2012-0488,0.00964,0.81689
CVE-2012-0489,0.00964,0.81689
CVE-2012-0490,0.00679,0.77893
CVE-2012-0491,0.00964,0.81689
CVE-2012-0492,0.00679,0.77893
CVE-2012-0493,0.00674,0.77776
CVE-2012-0494,0.00062,0.24501
CVE-2012-0495,0.00955,0.81601
CVE-2012-0496,0.00138,0.49361
CVE-2012-0497,0.02216,0.88392
CVE-2012-0498,0.11954,0.94863
CVE-2012-0499,0.07732,0.93571
CVE-2012-0500,0.17802,0.95706
CVE-2012-0501,0.09363,0.94174
CVE-2012-0502,0.01279,0.84316
CVE-2012-0503,0.01279,0.84316
CVE-2012-0504,0.01079,0.82772
CVE-2012-0505,0.01279,0.84316
CVE-2012-0506,0.00498,0.73832
CVE-2012-0507,0.97320,0.99866
CVE-2012-0508,0.01521,0.85709
CVE-2012-0509,0.00143,0.50128
CVE-2012-0510,0.01056,0.82541
CVE-2012-0511,0.00292,0.65967
CVE-2012-0512,0.00146,0.50456
CVE-2012-0513,0.00473,0.73127
CVE-2012-0514,0.00231,0.61341
CVE-2012-0515,0.00297,0.66246
CVE-2012-0516,0.00675,0.77792
CVE-2012-0517,0.00231,0.61341
CVE-2012-0518,0.00475,0.73187
CVE-2012-0519,0.00159,0.52360
CVE-2012-0520,0.00249,0.62919
CVE-2012-0521,0.00231,0.61341
CVE-2012-0522,0.00450,0.72522
CVE-2012-0523,0.00062,0.24501
CVE-2012-0524,0.00062,0.24501
CVE-2012-0525,0.00143,0.50128
CVE-2012-0526,0.00249,0.62919
CVE-2012-0527,0.00249,0.62919
CVE-2012-0528,0.00228,0.61089
CVE-2012-0529,0.00143,0.50128
CVE-2012-0530,0.00297,0.66246
CVE-2012-0531,0.00231,0.61341
CVE-2012-0532,0.00231,0.61341
CVE-2012-0533,0.00231,0.61341
CVE-2012-0534,0.00214,0.59485
CVE-2012-0535,0.00495,0.73745
CVE-2012-0536,0.00231,0.61341
CVE-2012-0537,0.00495,0.73745
CVE-2012-0538,0.00231,0.61341
CVE-2012-0539,0.00044,0.10704
CVE-2012-0540,0.00378,0.70162
CVE-2012-0541,0.00167,0.53435
CVE-2012-0542,0.00495,0.73752
CVE-2012-0543,0.00450,0.72522
CVE-2012-0544,0.00223,0.60703
CVE-2012-0545,0.00171,0.54226
CVE-2012-0546,0.00171,0.54226
CVE-2012-0547,0.01385,0.84995
CVE-2012-0548,0.00062,0.24501
CVE-2012-0549,0.93759,0.98959
CVE-2012-0550,0.22971,0.96127
CVE-2012-0551,0.85932,0.98322
CVE-2012-0552,0.00332,0.68229
CVE-2012-0553,0.00330,0.68060
CVE-2012-0554,0.00768,0.79345
CVE-2012-0555,0.00768,0.79345
CVE-2012-0556,0.00768,0.79345
CVE-2012-0557,0.00768,0.79345
CVE-2012-0558,0.00328,0.67962
CVE-2012-0559,0.00231,0.61341
CVE-2012-0560,0.00450,0.72522
CVE-2012-0561,0.00135,0.48867
CVE-2012-0562,0.00139,0.49408
CVE-2012-0563,0.00044,0.10704
CVE-2012-0564,0.00211,0.59046
CVE-2012-0565,0.00231,0.61341
CVE-2012-0566,0.00450,0.72522
CVE-2012-0567,0.00176,0.54783
CVE-2012-0568,0.00044,0.10704
CVE-2012-0569,0.00044,0.10704
CVE-2012-0570,0.00044,0.10704
CVE-2012-0571,0.00176,0.54783
CVE-2012-0572,0.00352,0.69067
CVE-2012-0573,0.00171,0.54226
CVE-2012-0574,0.00481,0.73364
CVE-2012-0575,0.00656,0.77363
CVE-2012-0576,0.00131,0.48010
CVE-2012-0577,0.00183,0.55670
CVE-2012-0578,0.00278,0.65040
CVE-2012-0579,0.00156,0.51923
CVE-2012-0580,0.00520,0.74391
CVE-2012-0581,0.00249,0.62919
CVE-2012-0582,0.00107,0.43202
CVE-2012-0583,0.00786,0.79593
CVE-2012-0584,0.01069,0.82697
CVE-2012-0585,0.00836,0.80265
CVE-2012-0586,0.00209,0.58864
CVE-2012-0587,0.00209,0.58864
CVE-2012-0588,0.00209,0.58864
CVE-2012-0589,0.00209,0.58864
CVE-2012-0590,0.00209,0.58864
CVE-2012-0591,0.00705,0.78334
CVE-2012-0592,0.07933,0.93676
CVE-2012-0593,0.00705,0.78334
CVE-2012-0594,0.00705,0.78334
CVE-2012-0595,0.00705,0.78334
CVE-2012-0596,0.00705,0.78334
CVE-2012-0597,0.00705,0.78334
CVE-2012-0598,0.00705,0.78334
CVE-2012-0599,0.00705,0.78334
CVE-2012-0600,0.00705,0.78334
CVE-2012-0601,0.00705,0.78334
CVE-2012-0602,0.00705,0.78334
CVE-2012-0603,0.00705,0.78334
CVE-2012-0604,0.00705,0.78334
CVE-2012-0605,0.00705,0.78334
CVE-2012-0606,0.00705,0.78334
CVE-2012-0607,0.00705,0.78334
CVE-2012-0608,0.00705,0.78334
CVE-2012-0609,0.00705,0.78334
CVE-2012-0610,0.00828,0.80168
CVE-2012-0611,0.00705,0.78334
CVE-2012-0612,0.00705,0.78334
CVE-2012-0613,0.00705,0.78334
CVE-2012-0614,0.00705,0.78334
CVE-2012-0615,0.00705,0.78334
CVE-2012-0616,0.00705,0.78334
CVE-2012-0617,0.00705,0.78334
CVE-2012-0618,0.00759,0.79211
CVE-2012-0619,0.00759,0.79211
CVE-2012-0620,0.00759,0.79211
CVE-2012-0621,0.00759,0.79211
CVE-2012-0622,0.00759,0.79211
CVE-2012-0623,0.00759,0.79211
CVE-2012-0624,0.00759,0.79211
CVE-2012-0625,0.00759,0.79211
CVE-2012-0626,0.00759,0.79211
CVE-2012-0627,0.00759,0.79211
CVE-2012-0628,0.00759,0.79211
CVE-2012-0629,0.00759,0.79211
CVE-2012-0630,0.00759,0.79211
CVE-2012-0631,0.00759,0.79211
CVE-2012-0632,0.00759,0.79211
CVE-2012-0633,0.00759,0.79211
CVE-2012-0634,0.00299,0.66394
CVE-2012-0635,0.00759,0.79211
CVE-2012-0636,0.00336,0.68389
CVE-2012-0637,0.00336,0.68389
CVE-2012-0638,0.00402,0.71028
CVE-2012-0639,0.00402,0.71028
CVE-2012-0640,0.00147,0.50703
CVE-2012-0641,0.00202,0.58177
CVE-2012-0642,0.01539,0.85790
CVE-2012-0643,0.01183,0.83623
CVE-2012-0644,0.00052,0.18252
CVE-2012-0645,0.00098,0.40349
CVE-2012-0646,0.01130,0.83185
CVE-2012-0647,0.00191,0.56783
CVE-2012-0648,0.00402,0.71028
CVE-2012-0649,0.00042,0.05722
CVE-2012-0650,0.61082,0.97521
CVE-2012-0651,0.00358,0.69347
CVE-2012-0652,0.00042,0.05722
CVE-2012-0654,0.00822,0.80079
CVE-2012-0655,0.00247,0.62719
CVE-2012-0656,0.00059,0.22933
CVE-2012-0657,0.00057,0.21553
CVE-2012-0658,0.01983,0.87610
CVE-2012-0659,0.59493,0.97479
CVE-2012-0660,0.01938,0.87451
CVE-2012-0661,0.03252,0.90325
CVE-2012-0662,0.11248,0.94706
CVE-2012-0663,0.97345,0.99879
CVE-2012-0664,0.13145,0.95062
CVE-2012-0665,0.05313,0.92348
CVE-2012-0666,0.13145,0.95062
CVE-2012-0667,0.21445,0.96026
CVE-2012-0668,0.05151,0.92232
CVE-2012-0669,0.05313,0.92348
CVE-2012-0670,0.29507,0.96503
CVE-2012-0671,0.10900,0.94617
CVE-2012-0672,0.01954,0.87511
CVE-2012-0674,0.00147,0.50699
CVE-2012-0675,0.00313,0.67163
CVE-2012-0676,0.00588,0.75991
CVE-2012-0677,0.86608,0.98366
CVE-2012-0678,0.00132,0.48166
CVE-2012-0679,0.00259,0.63680
CVE-2012-0680,0.00679,0.77893
CVE-2012-0681,0.00215,0.59599
CVE-2012-0682,0.06091,0.92833
CVE-2012-0683,0.06091,0.92833
CVE-2012-0684,0.00343,0.68647
CVE-2012-0685,0.00343,0.68647
CVE-2012-0687,0.00498,0.73817
CVE-2012-0688,0.00132,0.48166
CVE-2012-0689,0.00287,0.65653
CVE-2012-0690,0.00287,0.65653
CVE-2012-0691,0.00042,0.05722
CVE-2012-0692,0.00042,0.05722
CVE-2012-0693,0.00202,0.58219
CVE-2012-0694,0.94344,0.99044
CVE-2012-0695,0.00084,0.34983
CVE-2012-0696,0.00270,0.64549
CVE-2012-0697,0.00960,0.81650
CVE-2012-0698,0.18189,0.95734
CVE-2012-0699,0.00162,0.52897
CVE-2012-0700,0.00042,0.05722
CVE-2012-0701,0.00182,0.55600
CVE-2012-0702,0.00077,0.31780
CVE-2012-0703,0.00131,0.47958
CVE-2012-0705,0.00165,0.53157
CVE-2012-0706,0.00063,0.25041
CVE-2012-0707,0.00178,0.55082
CVE-2012-0708,0.96801,0.99621
CVE-2012-0709,0.00837,0.80276
CVE-2012-0710,0.04289,0.91490
CVE-2012-0711,0.09827,0.94311
CVE-2012-0712,0.00531,0.74683
CVE-2012-0713,0.00107,0.43212
CVE-2012-0714,0.00255,0.63470
CVE-2012-0715,0.00178,0.55082
CVE-2012-0716,0.00178,0.55082
CVE-2012-0717,0.00138,0.49348
CVE-2012-0718,0.00070,0.28962
CVE-2012-0719,0.02820,0.89675
CVE-2012-0720,0.00178,0.55082
CVE-2012-0723,0.00042,0.05722
CVE-2012-0724,0.00645,0.77147
CVE-2012-0725,0.00645,0.77147
CVE-2012-0726,0.00360,0.69443
CVE-2012-0727,0.00140,0.49706
CVE-2012-0728,0.00140,0.49706
CVE-2012-0729,0.00350,0.69005
CVE-2012-0730,0.00133,0.48412
CVE-2012-0731,0.00225,0.60853
CVE-2012-0732,0.00077,0.32060
CVE-2012-0733,0.00257,0.63583
CVE-2012-0734,0.00168,0.53592
CVE-2012-0735,0.00187,0.56233
CVE-2012-0736,0.01875,0.87193
CVE-2012-0737,0.00125,0.46937
CVE-2012-0738,0.00085,0.35528
CVE-2012-0740,0.00246,0.62659
CVE-2012-0741,0.00085,0.35528
CVE-2012-0742,0.00042,0.05722
CVE-2012-0743,0.01709,0.86505
CVE-2012-0744,0.46825,0.97145
CVE-2012-0745,0.00042,0.05722
CVE-2012-0746,0.00101,0.41128
CVE-2012-0747,0.00202,0.58201
CVE-2012-0748,0.00134,0.48508
CVE-2012-0751,0.02188,0.88313
CVE-2012-0752,0.01694,0.86450
CVE-2012-0753,0.01195,0.83716
CVE-2012-0754,0.97337,0.99874
CVE-2012-0755,0.32438,0.96631
CVE-2012-0756,0.32438,0.96631
CVE-2012-0757,0.00530,0.74656
CVE-2012-0758,0.01882,0.87228
CVE-2012-0759,0.00530,0.74656
CVE-2012-0760,0.00530,0.74656
CVE-2012-0761,0.02712,0.89484
CVE-2012-0762,0.02712,0.89484
CVE-2012-0763,0.00530,0.74656
CVE-2012-0764,0.20460,0.95955
CVE-2012-0765,0.00221,0.60235
CVE-2012-0766,0.00634,0.76929
CVE-2012-0767,0.00278,0.65018
CVE-2012-0768,0.01622,0.86193
CVE-2012-0769,0.00442,0.72300
CVE-2012-0770,0.01830,0.86984
CVE-2012-0771,0.00290,0.65831
CVE-2012-0772,0.03069,0.90051
CVE-2012-0773,0.01545,0.85818
CVE-2012-0774,0.14844,0.95316
CVE-2012-0775,0.07059,0.93345
CVE-2012-0776,0.02365,0.88768
CVE-2012-0777,0.01017,0.82186
CVE-2012-0778,0.02627,0.89323
CVE-2012-0779,0.69726,0.97736
CVE-2012-0780,0.02600,0.89253
CVE-2012-0781,0.04083,0.91306
CVE-2012-0782,0.00209,0.58908
CVE-2012-0785,0.00750,0.79057
CVE-2012-0786,0.00042,0.05722
CVE-2012-0787,0.00042,0.05722
CVE-2012-0788,0.19845,0.95903
CVE-2012-0789,0.07630,0.93542
CVE-2012-0790,0.00265,0.64225
CVE-2012-0791,0.00316,0.67362
CVE-2012-0792,0.00156,0.51988
CVE-2012-0793,0.00331,0.68172
CVE-2012-0794,0.00358,0.69347
CVE-2012-0795,0.00335,0.68343
CVE-2012-0796,0.00156,0.51988
CVE-2012-0797,0.00125,0.46918
CVE-2012-0798,0.00121,0.46289
CVE-2012-0799,0.00313,0.67163
CVE-2012-0800,0.00051,0.17134
CVE-2012-0801,0.00322,0.67683
CVE-2012-0802,0.13081,0.95045
CVE-2012-0803,0.03669,0.90859
CVE-2012-0804,0.00748,0.79024
CVE-2012-0805,0.00656,0.77370
CVE-2012-0806,0.02129,0.88115
CVE-2012-0807,0.04381,0.91570
CVE-2012-0808,0.00042,0.05722
CVE-2012-0809,0.00062,0.24874
CVE-2012-0810,0.00042,0.05722
CVE-2012-0811,0.00420,0.71589
CVE-2012-0812,0.01228,0.83954
CVE-2012-0813,0.00062,0.24773
CVE-2012-0814,0.00285,0.65494
CVE-2012-0815,0.05627,0.92578
CVE-2012-0817,0.03391,0.90522
CVE-2012-0818,0.00372,0.69909
CVE-2012-0819,0.00527,0.74605
CVE-2012-0820,0.00258,0.63612
CVE-2012-0821,0.00558,0.75299
CVE-2012-0822,0.00258,0.63612
CVE-2012-0823,0.01991,0.87642
CVE-2012-0824,0.00457,0.72714
CVE-2012-0825,0.00386,0.70482
CVE-2012-0826,0.00094,0.39300
CVE-2012-0827,0.00102,0.41497
CVE-2012-0828,0.01965,0.87538
CVE-2012-0829,0.00470,0.73043
CVE-2012-0830,0.89354,0.98531
CVE-2012-0831,0.00625,0.76767
CVE-2012-0833,0.00206,0.58615
CVE-2012-0834,0.00382,0.70313
CVE-2012-0835,0.00364,0.69599
CVE-2012-0836,0.00298,0.66336
CVE-2012-0837,0.00292,0.65943
CVE-2012-0838,0.01889,0.87260
CVE-2012-0839,0.00646,0.77151
CVE-2012-0840,0.00828,0.80165
CVE-2012-0841,0.00908,0.81083
CVE-2012-0842,0.00042,0.05722
CVE-2012-0843,0.00047,0.14042
CVE-2012-0844,0.00045,0.11839
CVE-2012-0845,0.15990,0.95481
CVE-2012-0846,0.00339,0.68509
CVE-2012-0847,0.00881,0.80772
CVE-2012-0848,0.01840,0.87055
CVE-2012-0849,0.00943,0.81461
CVE-2012-0850,0.00785,0.79589
CVE-2012-0851,0.02196,0.88330
CVE-2012-0852,0.02196,0.88330
CVE-2012-0853,0.02084,0.87966
CVE-2012-0854,0.00716,0.78530
CVE-2012-0855,0.01309,0.84526
CVE-2012-0856,0.01523,0.85719
CVE-2012-0857,0.00505,0.74038
CVE-2012-0858,0.02394,0.88832
CVE-2012-0859,0.02089,0.87979
CVE-2012-0860,0.00062,0.24336
CVE-2012-0861,0.00336,0.68377
CVE-2012-0862,0.00458,0.72739
CVE-2012-0863,0.00042,0.05722
CVE-2012-0864,0.01296,0.84456
CVE-2012-0865,0.01358,0.84847
CVE-2012-0866,0.00442,0.72296
CVE-2012-0867,0.00478,0.73297
CVE-2012-0868,0.00940,0.81432
CVE-2012-0869,0.01111,0.83032
CVE-2012-0870,0.95921,0.99345
CVE-2012-0871,0.00042,0.05722
CVE-2012-0872,0.03577,0.90744
CVE-2012-0873,0.00721,0.78640
CVE-2012-0874,0.05799,0.92662
CVE-2012-0875,0.00042,0.05722
CVE-2012-0876,0.00418,0.71543
CVE-2012-0877,0.00319,0.67547
CVE-2012-0878,0.04461,0.91636
CVE-2012-0879,0.00044,0.08000
CVE-2012-0880,0.00093,0.39197
CVE-2012-0881,0.00939,0.81421
CVE-2012-0882,0.03852,0.91068
CVE-2012-0883,0.00044,0.10360
CVE-2012-0884,0.00867,0.80613
CVE-2012-0885,0.01814,0.86914
CVE-2012-0891,0.00142,0.49908
CVE-2012-0895,0.00583,0.75869
CVE-2012-0896,0.02262,0.88521
CVE-2012-0897,0.93258,0.98903
CVE-2012-0898,0.00627,0.76804
CVE-2012-0899,0.00221,0.60282
CVE-2012-0900,0.03227,0.90284
CVE-2012-0901,0.00216,0.59623
CVE-2012-0902,0.08905,0.94020
CVE-2012-0903,0.00710,0.78441
CVE-2012-0904,0.85847,0.98318
CVE-2012-0905,0.00112,0.44408
CVE-2012-0906,0.00121,0.46227
CVE-2012-0907,0.00487,0.73549
CVE-2012-0908,0.00250,0.63055
CVE-2012-0909,0.00304,0.66657
CVE-2012-0911,0.94684,0.99101
CVE-2012-0912,0.00125,0.47070
CVE-2012-0913,0.00115,0.45159
CVE-2012-0914,0.00316,0.67362
CVE-2012-0915,0.03267,0.90348
CVE-2012-0916,0.02334,0.88685
CVE-2012-0917,0.00254,0.63423
CVE-2012-0918,0.08656,0.93933
CVE-2012-0919,0.00254,0.63423
CVE-2012-0920,0.01032,0.82310
CVE-2012-0922,0.04996,0.92099
CVE-2012-0923,0.03351,0.90468
CVE-2012-0924,0.00840,0.80311
CVE-2012-0925,0.04304,0.91503
CVE-2012-0926,0.00840,0.80311
CVE-2012-0927,0.00719,0.78598
CVE-2012-0928,0.00560,0.75329
CVE-2012-0929,0.01633,0.86228
CVE-2012-0930,0.00332,0.68212
CVE-2012-0931,0.06626,0.93141
CVE-2012-0932,0.00195,0.57452
CVE-2012-0933,0.00291,0.65892
CVE-2012-0934,0.02478,0.89020
CVE-2012-0935,0.00064,0.26120
CVE-2012-0936,0.00292,0.65987
CVE-2012-0937,0.00734,0.78838
CVE-2012-0938,0.00968,0.81730
CVE-2012-0939,0.00363,0.69534
CVE-2012-0941,0.00258,0.63624
CVE-2012-0942,0.96489,0.99502
CVE-2012-0943,0.00045,0.12073
CVE-2012-0944,0.00380,0.70237
CVE-2012-0945,0.00058,0.22585
CVE-2012-0946,0.00061,0.23986
CVE-2012-0947,0.04447,0.91622
CVE-2012-0948,0.00042,0.05722
CVE-2012-0949,0.00470,0.73072
CVE-2012-0950,0.00287,0.65653
CVE-2012-0951,0.00044,0.10161
CVE-2012-0952,0.00060,0.23520
CVE-2012-0953,0.00044,0.10445
CVE-2012-0954,0.00352,0.69080
CVE-2012-0955,0.00142,0.49941
CVE-2012-0956,0.00148,0.50844
CVE-2012-0957,0.00042,0.00438
CVE-2012-0958,0.00262,0.63994
CVE-2012-0959,0.00051,0.17134
CVE-2012-0960,0.05202,0.92270
CVE-2012-0961,0.00042,0.05722
CVE-2012-0962,0.00325,0.67828
CVE-2012-0973,0.00450,0.72495
CVE-2012-0974,0.00532,0.74708
CVE-2012-0975,0.00304,0.66657
CVE-2012-0976,0.00142,0.49875
CVE-2012-0977,0.04568,0.91726
CVE-2012-0978,0.05368,0.92395
CVE-2012-0979,0.00345,0.68765
CVE-2012-0980,0.00079,0.32864
CVE-2012-0981,0.02053,0.87859
CVE-2012-0982,0.00079,0.32864
CVE-2012-0983,0.00093,0.39001
CVE-2012-0984,0.01921,0.87396
CVE-2012-0985,0.22244,0.96077
CVE-2012-0986,0.00485,0.73498
CVE-2012-0987,0.01588,0.86032
CVE-2012-0988,0.00651,0.77273
CVE-2012-0989,0.00389,0.70548
CVE-2012-0990,0.00776,0.79473
CVE-2012-0991,0.81788,0.98125
CVE-2012-0992,0.02617,0.89290
CVE-2012-0993,0.01618,0.86169
CVE-2012-0994,0.00393,0.70753
CVE-2012-0995,0.00394,0.70759
CVE-2012-0996,0.00737,0.78870
CVE-2012-0997,0.00345,0.68735
CVE-2012-0998,0.01090,0.82855
CVE-2012-0999,0.00134,0.48480
CVE-2012-1000,0.00223,0.60696
CVE-2012-10001,0.00717,0.78547
CVE-2012-10002,0.00067,0.27812
CVE-2012-10003,0.00251,0.63096
CVE-2012-10004,0.00074,0.30651
CVE-2012-10005,0.00067,0.27697
CVE-2012-10006,0.00132,0.48219
CVE-2012-10007,0.00060,0.23296
CVE-2012-10008,0.00073,0.30322
CVE-2012-10009,0.00058,0.22658
CVE-2012-1001,0.00922,0.81248
CVE-2012-10010,0.00055,0.20387
CVE-2012-10011,0.00063,0.25553
CVE-2012-10012,0.00055,0.20387
CVE-2012-10013,0.00052,0.17638
CVE-2012-10014,0.00052,0.17638
CVE-2012-10015,0.00055,0.20387
CVE-2012-10016,0.00064,0.26487
CVE-2012-10017,0.00055,0.20387
CVE-2012-1002,0.00154,0.51699
CVE-2012-1003,0.00426,0.71788
CVE-2012-1004,0.00127,0.47304
CVE-2012-1005,0.00231,0.61312
CVE-2012-1006,0.61374,0.97536
CVE-2012-1007,0.00290,0.65872
CVE-2012-1008,0.09270,0.94143
CVE-2012-1009,0.04776,0.91935
CVE-2012-1010,0.02335,0.88687
CVE-2012-1011,0.04357,0.91548
CVE-2012-1012,0.00228,0.61073
CVE-2012-1013,0.02011,0.87721
CVE-2012-1014,0.05257,0.92306
CVE-2012-1015,0.11806,0.94835
CVE-2012-1016,0.00879,0.80745
CVE-2012-1017,0.00079,0.32864
CVE-2012-1018,0.00221,0.60282
CVE-2012-1019,0.00204,0.58403
CVE-2012-1020,0.00304,0.66657
CVE-2012-1021,0.00467,0.72986
CVE-2012-1022,0.00079,0.32864
CVE-2012-1023,0.00473,0.73127
CVE-2012-1024,0.00382,0.70287
CVE-2012-1025,0.00688,0.78062
CVE-2012-1026,0.00216,0.59658
CVE-2012-1027,0.01029,0.82278
CVE-2012-1028,0.00221,0.60282
CVE-2012-1029,0.00836,0.80272
CVE-2012-1030,0.00132,0.48166
CVE-2012-1031,0.00338,0.68453
CVE-2012-1032,0.00220,0.60154
CVE-2012-1033,0.01007,0.82098
CVE-2012-1034,0.00220,0.60154
CVE-2012-1035,0.01075,0.82745
CVE-2012-1036,0.00132,0.48166
CVE-2012-1037,0.00414,0.71397
CVE-2012-1038,0.00248,0.62824
CVE-2012-1039,0.01020,0.82214
CVE-2012-1046,0.00260,0.63864
CVE-2012-1047,0.01358,0.84848
CVE-2012-1048,0.00221,0.60282
CVE-2012-1049,0.00467,0.72986
CVE-2012-1050,0.00346,0.68784
CVE-2012-1051,0.04568,0.91726
CVE-2012-1052,0.04568,0.91726
CVE-2012-1053,0.00044,0.08000
CVE-2012-1054,0.00044,0.08000
CVE-2012-1055,0.04568,0.91726
CVE-2012-1056,0.00549,0.75130
CVE-2012-1057,0.00202,0.58240
CVE-2012-1058,0.01629,0.86217
CVE-2012-1059,0.00745,0.78978
CVE-2012-1060,0.00109,0.43510
CVE-2012-1061,0.00258,0.63652
CVE-2012-1062,0.00306,0.66760
CVE-2012-1063,0.00147,0.50637
CVE-2012-1064,0.00122,0.46493
CVE-2012-1065,0.17687,0.95694
CVE-2012-1066,0.00193,0.57215
CVE-2012-1067,0.00135,0.48729
CVE-2012-1068,0.00250,0.63055
CVE-2012-1069,0.00221,0.60282
CVE-2012-1070,0.00220,0.60154
CVE-2012-1071,0.00413,0.71379
CVE-2012-1072,0.00135,0.48729
CVE-2012-1073,0.00220,0.60154
CVE-2012-1074,0.00135,0.48729
CVE-2012-1075,0.00413,0.71379
CVE-2012-1076,0.00259,0.63800
CVE-2012-1077,0.00129,0.47721
CVE-2012-1078,0.00434,0.72053
CVE-2012-1079,0.00823,0.80097
CVE-2012-1080,0.00192,0.57132
CVE-2012-1081,0.00220,0.60154
CVE-2012-1082,0.00088,0.37149
CVE-2012-1083,0.00159,0.52409
CVE-2012-1084,0.00220,0.60154
CVE-2012-1085,0.00358,0.69347
CVE-2012-1086,0.00192,0.57132
CVE-2012-1087,0.00192,0.57132
CVE-2012-1088,0.00042,0.05722
CVE-2012-1089,0.00193,0.57269
CVE-2012-1090,0.00042,0.05722
CVE-2012-1093,0.00090,0.37831
CVE-2012-1094,0.00178,0.55045
CVE-2012-1095,0.00204,0.58404
CVE-2012-1096,0.00053,0.18608
CVE-2012-1097,0.00042,0.05722
CVE-2012-1098,0.00243,0.62338
CVE-2012-1099,0.00273,0.64732
CVE-2012-1100,0.00341,0.68560
CVE-2012-1101,0.00042,0.05722
CVE-2012-1102,0.00130,0.47881
CVE-2012-1103,0.01384,0.84989
CVE-2012-1104,0.01747,0.86656
CVE-2012-1105,0.00047,0.14042
CVE-2012-1106,0.00042,0.05722
CVE-2012-1107,0.00246,0.62656
CVE-2012-1108,0.01776,0.86755
CVE-2012-1109,0.00260,0.63827
CVE-2012-1110,0.01111,0.83032
CVE-2012-1111,0.00046,0.13818
CVE-2012-1112,0.01902,0.87320
CVE-2012-1113,0.00304,0.66665
CVE-2012-1114,0.00873,0.80662
CVE-2012-1115,0.00834,0.80242
CVE-2012-1116,0.00517,0.74338
CVE-2012-1117,0.00235,0.61601
CVE-2012-1118,0.00889,0.80877
CVE-2012-1119,0.02084,0.87967
CVE-2012-1120,0.00219,0.59905
CVE-2012-1121,0.00357,0.69306
CVE-2012-1122,0.00605,0.76338
CVE-2012-1123,0.01853,0.87097
CVE-2012-1124,0.02373,0.88785
CVE-2012-1125,0.04332,0.91528
CVE-2012-1126,0.16770,0.95569
CVE-2012-1127,0.05184,0.92258
CVE-2012-1128,0.05079,0.92183
CVE-2012-1129,0.05184,0.92258
CVE-2012-1130,0.05184,0.92258
CVE-2012-1131,0.05184,0.92258
CVE-2012-1132,0.05184,0.92258
CVE-2012-1133,0.05184,0.92258
CVE-2012-1134,0.05425,0.92442
CVE-2012-1135,0.05184,0.92258
CVE-2012-1136,0.05425,0.92442
CVE-2012-1137,0.05184,0.92258
CVE-2012-1138,0.05184,0.92258
CVE-2012-1139,0.05184,0.92258
CVE-2012-1140,0.04671,0.91833
CVE-2012-1141,0.05184,0.92258
CVE-2012-1142,0.05425,0.92442
CVE-2012-1143,0.05276,0.92317
CVE-2012-1144,0.05184,0.92258
CVE-2012-1145,0.01468,0.85419
CVE-2012-1146,0.00043,0.07658
CVE-2012-1147,0.00190,0.56641
CVE-2012-1148,0.00908,0.81083
CVE-2012-1149,0.03370,0.90496
CVE-2012-1150,0.00715,0.78517
CVE-2012-1151,0.02878,0.89769
CVE-2012-1152,0.21154,0.96006
CVE-2012-1153,0.94309,0.99036
CVE-2012-1154,0.00546,0.75061
CVE-2012-1155,0.00716,0.78538
CVE-2012-1156,0.00268,0.64401
CVE-2012-1157,0.00100,0.40830
CVE-2012-1158,0.00114,0.44923
CVE-2012-1159,0.00114,0.44923
CVE-2012-1160,0.00114,0.44923
CVE-2012-1161,0.00114,0.44923
CVE-2012-1162,0.06617,0.93138
CVE-2012-1163,0.07072,0.93354
CVE-2012-1164,0.02516,0.89096
CVE-2012-1165,0.18953,0.95816
CVE-2012-1166,0.00403,0.71060
CVE-2012-1167,0.00454,0.72634
CVE-2012-1168,0.00651,0.77269
CVE-2012-1169,0.00214,0.59517
CVE-2012-1170,0.00253,0.63276
CVE-2012-1171,0.00289,0.65732
CVE-2012-1172,0.03479,0.90632
CVE-2012-1173,0.09220,0.94127
CVE-2012-1174,0.00042,0.05722
CVE-2012-1175,0.04048,0.91262
CVE-2012-1176,0.09719,0.94280
CVE-2012-1177,0.00973,0.81781
CVE-2012-1178,0.01212,0.83842
CVE-2012-1179,0.00062,0.24773
CVE-2012-1180,0.00213,0.59312
CVE-2012-1181,0.01154,0.83375
CVE-2012-1182,0.52987,0.97323
CVE-2012-1183,0.06673,0.93164
CVE-2012-1184,0.96910,0.99659
CVE-2012-1185,0.01629,0.86216
CVE-2012-1186,0.00755,0.79140
CVE-2012-1187,0.00510,0.74158
CVE-2012-1188,0.02461,0.88990
CVE-2012-1189,0.18622,0.95782
CVE-2012-1190,0.00368,0.69780
CVE-2012-1191,0.00351,0.69020
CVE-2012-1192,0.00274,0.64748
CVE-2012-1193,0.00677,0.77823
CVE-2012-1194,0.00423,0.71716
CVE-2012-1195,0.74492,0.97885
CVE-2012-1196,0.56269,0.97404
CVE-2012-1197,0.07066,0.93349
CVE-2012-1198,0.12425,0.94941
CVE-2012-1199,0.00971,0.81761
CVE-2012-1200,0.00971,0.81761
CVE-2012-1203,0.00319,0.67553
CVE-2012-1205,0.01735,0.86612
CVE-2012-1206,0.06459,0.93043
CVE-2012-1207,0.01090,0.82856
CVE-2012-1208,0.00788,0.79623
CVE-2012-1209,0.00204,0.58403
CVE-2012-1210,0.00079,0.32864
CVE-2012-1211,0.00221,0.60282
CVE-2012-1212,0.00783,0.79564
CVE-2012-1213,0.01245,0.84094
CVE-2012-1214,0.00204,0.58403
CVE-2012-1215,0.00329,0.68023
CVE-2012-1216,0.00192,0.56855
CVE-2012-1217,0.00388,0.70533
CVE-2012-1218,0.00135,0.48729
CVE-2012-1219,0.00220,0.60154
CVE-2012-1220,0.00796,0.79792
CVE-2012-1221,0.13930,0.95181
CVE-2012-1222,0.19672,0.95887
CVE-2012-1223,0.00423,0.71708
CVE-2012-1224,0.00182,0.55530
CVE-2012-1225,0.00064,0.26120
CVE-2012-1226,0.10469,0.94500
CVE-2012-1227,0.00372,0.69921
CVE-2012-1234,0.00125,0.47022
CVE-2012-1235,0.00138,0.49221
CVE-2012-1236,0.00178,0.55109
CVE-2012-1237,0.00160,0.52542
CVE-2012-1238,0.00348,0.68878
CVE-2012-1239,0.01870,0.87157
CVE-2012-1240,0.00250,0.63055
CVE-2012-1241,0.01180,0.83609
CVE-2012-1242,0.00042,0.05722
CVE-2012-1243,0.00477,0.73252
CVE-2012-1244,0.00098,0.40387
CVE-2012-1245,0.00254,0.63423
CVE-2012-1246,0.00254,0.63423
CVE-2012-1247,0.00254,0.63423
CVE-2012-1248,0.00710,0.78430
CVE-2012-1249,0.00437,0.72140
CVE-2012-1250,0.01018,0.82201
CVE-2012-1251,0.00089,0.37656
CVE-2012-1252,0.00132,0.48166
CVE-2012-1253,0.00249,0.62949
CVE-2012-1254,0.00071,0.29328
CVE-2012-1255,0.00190,0.56617
CVE-2012-1256,0.00535,0.74800
CVE-2012-1257,0.00119,0.45961
CVE-2012-1258,0.00427,0.71819
CVE-2012-1259,0.03766,0.90981
CVE-2012-1260,0.00773,0.79422
CVE-2012-1261,0.00773,0.79422
CVE-2012-1262,0.00501,0.73889
CVE-2012-1264,0.00707,0.78365
CVE-2012-1288,0.00422,0.71693
CVE-2012-1289,0.01149,0.83335
CVE-2012-1290,0.00254,0.63423
CVE-2012-1291,0.00372,0.69919
CVE-2012-1292,0.00470,0.73072
CVE-2012-1293,0.00303,0.66581
CVE-2012-1294,0.00112,0.44408
CVE-2012-1296,0.00259,0.63800
CVE-2012-1297,0.01572,0.85945
CVE-2012-1301,0.00655,0.77345
CVE-2012-1302,0.00193,0.57215
CVE-2012-1303,0.00140,0.49644
CVE-2012-1308,0.77530,0.97971
CVE-2012-1310,0.01282,0.84358
CVE-2012-1311,0.01896,0.87295
CVE-2012-1312,0.01896,0.87295
CVE-2012-1313,0.00042,0.05722
CVE-2012-1314,0.01896,0.87295
CVE-2012-1315,0.01896,0.87295
CVE-2012-1316,0.00077,0.31629
CVE-2012-1317,0.00280,0.65191
CVE-2012-1324,0.00204,0.58364
CVE-2012-1326,0.00100,0.40996
CVE-2012-1327,0.00140,0.49507
CVE-2012-1328,0.00042,0.05722
CVE-2012-1335,0.20568,0.95961
CVE-2012-1336,0.20568,0.95961
CVE-2012-1337,0.17534,0.95677
CVE-2012-1338,0.00108,0.43364
CVE-2012-1339,0.00181,0.55455
CVE-2012-1340,0.00181,0.55455
CVE-2012-1342,0.00130,0.47878
CVE-2012-1344,0.00108,0.43364
CVE-2012-1346,0.00161,0.52744
CVE-2012-1348,0.00248,0.62840
CVE-2012-1350,0.00161,0.52744
CVE-2012-1357,0.00161,0.52744
CVE-2012-1361,0.00262,0.63935
CVE-2012-1364,0.00108,0.43364
CVE-2012-1365,0.00108,0.43364
CVE-2012-1366,0.00203,0.58266
CVE-2012-1367,0.00193,0.57277
CVE-2012-1370,0.00108,0.43364
CVE-2012-1380,0.00217,0.59716
CVE-2012-1381,0.00217,0.59716
CVE-2012-1382,0.00244,0.62423
CVE-2012-1383,0.00217,0.59716
CVE-2012-1384,0.00217,0.59716
CVE-2012-1385,0.00217,0.59716
CVE-2012-1386,0.00217,0.59716
CVE-2012-1387,0.00217,0.59716
CVE-2012-1388,0.00217,0.59716
CVE-2012-1389,0.00217,0.59716
CVE-2012-1390,0.00217,0.59716
CVE-2012-1391,0.00217,0.59716
CVE-2012-1392,0.00217,0.59716
CVE-2012-1393,0.00217,0.59716
CVE-2012-1394,0.00217,0.59716
CVE-2012-1395,0.00217,0.59716
CVE-2012-1396,0.00217,0.59716
CVE-2012-1397,0.00217,0.59716
CVE-2012-1398,0.00217,0.59716
CVE-2012-1399,0.00217,0.59716
CVE-2012-1400,0.00217,0.59716
CVE-2012-1401,0.00217,0.59716
CVE-2012-1402,0.00217,0.59716
CVE-2012-1403,0.00217,0.59716
CVE-2012-1404,0.00217,0.59716
CVE-2012-1405,0.00217,0.59716
CVE-2012-1406,0.00217,0.59716
CVE-2012-1407,0.00217,0.59716
CVE-2012-1408,0.00217,0.59716
CVE-2012-1409,0.00217,0.59716
CVE-2012-1410,0.00316,0.67339
CVE-2012-1413,0.00122,0.46493
CVE-2012-1414,0.00281,0.65242
CVE-2012-1415,0.00319,0.67553
CVE-2012-1416,0.01394,0.85047
CVE-2012-1417,0.01126,0.83159
CVE-2012-1418,0.00082,0.34004
CVE-2012-1419,0.92568,0.98825
CVE-2012-1420,0.97069,0.99722
CVE-2012-1421,0.97212,0.99799
CVE-2012-1422,0.97090,0.99733
CVE-2012-1423,0.96195,0.99408
CVE-2012-1424,0.97270,0.99831
CVE-2012-1425,0.97402,0.99917
CVE-2012-1426,0.96663,0.99566
CVE-2012-1427,0.96885,0.99652
CVE-2012-1428,0.96885,0.99652
CVE-2012-1429,0.97429,0.99934
CVE-2012-1430,0.97473,0.99963
CVE-2012-1431,0.97472,0.99962
CVE-2012-1432,0.97283,0.99840
CVE-2012-1433,0.97283,0.99840
CVE-2012-1434,0.95290,0.99206
CVE-2012-1435,0.97283,0.99840
CVE-2012-1436,0.97283,0.99840
CVE-2012-1437,0.31511,0.96598
CVE-2012-1438,0.84402,0.98246
CVE-2012-1439,0.97423,0.99930
CVE-2012-1440,0.96810,0.99622
CVE-2012-1441,0.94527,0.99078
CVE-2012-1442,0.97457,0.99953
CVE-2012-1443,0.97450,0.99947
CVE-2012-1444,0.95144,0.99174
CVE-2012-1445,0.97423,0.99930
CVE-2012-1446,0.97338,0.99874
CVE-2012-1447,0.95270,0.99201
CVE-2012-1448,0.96501,0.99506
CVE-2012-1449,0.94274,0.99028
CVE-2012-1450,0.96274,0.99429
CVE-2012-1451,0.95290,0.99206
CVE-2012-1452,0.96533,0.99523
CVE-2012-1453,0.97441,0.99942
CVE-2012-1454,0.97432,0.99936
CVE-2012-1455,0.94274,0.99028
CVE-2012-1456,0.97179,0.99777
CVE-2012-1457,0.97370,0.99893
CVE-2012-1458,0.74835,0.97896
CVE-2012-1459,0.97464,0.99957
CVE-2012-1460,0.96716,0.99587
CVE-2012-1461,0.97285,0.99841
CVE-2012-1462,0.96015,0.99366
CVE-2012-1463,0.97312,0.99858
CVE-2012-1464,0.09425,0.94196
CVE-2012-1465,0.04965,0.92083
CVE-2012-1466,0.09425,0.94196
CVE-2012-1467,0.00578,0.75739
CVE-2012-1468,0.01719,0.86551
CVE-2012-1469,0.00960,0.81648
CVE-2012-1470,0.00226,0.60910
CVE-2012-1471,0.00837,0.80275
CVE-2012-1472,0.00371,0.69885
CVE-2012-1474,0.00217,0.59716
CVE-2012-1475,0.00184,0.55747
CVE-2012-1476,0.00217,0.59716
CVE-2012-1477,0.00217,0.59716
CVE-2012-1478,0.00244,0.62423
CVE-2012-1479,0.00244,0.62423
CVE-2012-1480,0.00244,0.62423
CVE-2012-1481,0.00308,0.66914
CVE-2012-1482,0.00308,0.66914
CVE-2012-1483,0.00308,0.66914
CVE-2012-1484,0.00308,0.66914
CVE-2012-1485,0.00356,0.69277
CVE-2012-1493,0.29636,0.96510
CVE-2012-1495,0.96999,0.99689
CVE-2012-1496,0.00099,0.40756
CVE-2012-1497,0.00128,0.47422
CVE-2012-1498,0.02974,0.89902
CVE-2012-1499,0.06711,0.93182
CVE-2012-1500,0.00118,0.45669
CVE-2012-1502,0.56168,0.97400
CVE-2012-1503,0.00595,0.76104
CVE-2012-1506,0.00199,0.57805
CVE-2012-1507,0.00652,0.77308
CVE-2012-1508,0.00062,0.24773
CVE-2012-1509,0.00069,0.28603
CVE-2012-1510,0.00069,0.28603
CVE-2012-1511,0.00275,0.64854
CVE-2012-1512,0.00259,0.63800
CVE-2012-1513,0.00186,0.56064
CVE-2012-1514,0.00291,0.65915
CVE-2012-1515,0.00243,0.62354
CVE-2012-1516,0.00360,0.69397
CVE-2012-1517,0.00248,0.62863
CVE-2012-1518,0.00265,0.64255
CVE-2012-1520,0.07788,0.93609
CVE-2012-1521,0.03140,0.90148
CVE-2012-1522,0.91598,0.98706
CVE-2012-1523,0.91598,0.98706
CVE-2012-1524,0.91598,0.98706
CVE-2012-1525,0.23095,0.96135
CVE-2012-1526,0.87405,0.98405
CVE-2012-1527,0.97222,0.99806
CVE-2012-1528,0.97233,0.99813
CVE-2012-1529,0.67175,0.97666
CVE-2012-1530,0.02824,0.89680
CVE-2012-1531,0.02840,0.89712
CVE-2012-1532,0.02615,0.89285
CVE-2012-1533,0.52613,0.97312
CVE-2012-1535,0.93195,0.98889
CVE-2012-1537,0.94526,0.99077
CVE-2012-1538,0.67175,0.97666
CVE-2012-1539,0.67175,0.97666
CVE-2012-1541,0.06153,0.92873
CVE-2012-1543,0.02890,0.89786
CVE-2012-1545,0.01049,0.82484
CVE-2012-1556,0.00271,0.64582
CVE-2012-1557,0.00426,0.71783
CVE-2012-1558,0.00893,0.80918
CVE-2012-1561,0.00329,0.68032
CVE-2012-1562,0.00083,0.34513
CVE-2012-1563,0.01497,0.85558
CVE-2012-1564,0.00329,0.68015
CVE-2012-1565,0.00577,0.75728
CVE-2012-1566,0.00084,0.34791
CVE-2012-1567,0.00126,0.47206
CVE-2012-1568,0.00061,0.23941
CVE-2012-1569,0.92693,0.98838
CVE-2012-1570,0.00451,0.72549
CVE-2012-1571,0.01237,0.84030
CVE-2012-1572,0.00114,0.44871
CVE-2012-1573,0.95925,0.99346
CVE-2012-1574,0.00209,0.58902
CVE-2012-1575,0.00432,0.71960
CVE-2012-1576,0.01200,0.83746
CVE-2012-1577,0.01346,0.84746
CVE-2012-1578,0.00328,0.67993
CVE-2012-1579,0.00765,0.79285
CVE-2012-1580,0.00347,0.68854
CVE-2012-1581,0.00823,0.80100
CVE-2012-1582,0.00317,0.67408
CVE-2012-1583,0.06210,0.92901
CVE-2012-1584,0.00257,0.63569
CVE-2012-1585,0.00269,0.64476
CVE-2012-1586,0.00048,0.14716
CVE-2012-1588,0.00981,0.81851
CVE-2012-1589,0.00386,0.70462
CVE-2012-1590,0.00298,0.66337
CVE-2012-1591,0.00625,0.76775
CVE-2012-1592,0.00220,0.60171
CVE-2012-1593,0.01462,0.85397
CVE-2012-1594,0.00419,0.71555
CVE-2012-1595,0.00324,0.67753
CVE-2012-1596,0.00338,0.68442
CVE-2012-1597,0.00195,0.57468
CVE-2012-1598,0.00301,0.66459
CVE-2012-1599,0.00173,0.54481
CVE-2012-1600,0.00291,0.65912
CVE-2012-1601,0.00062,0.24773
CVE-2012-1602,0.04358,0.91549
CVE-2012-1603,0.00311,0.67064
CVE-2012-1604,0.00915,0.81159
CVE-2012-1605,0.01411,0.85122
CVE-2012-1606,0.00107,0.43048
CVE-2012-1607,0.00625,0.76775
CVE-2012-1608,0.00204,0.58458
CVE-2012-1610,0.06724,0.93188
CVE-2012-1611,0.00193,0.57278
CVE-2012-1612,0.00225,0.60848
CVE-2012-1613,0.00150,0.51021
CVE-2012-1614,0.00633,0.76899
CVE-2012-1615,0.00045,0.11966
CVE-2012-1616,0.04421,0.91602
CVE-2012-1617,0.01669,0.86362
CVE-2012-1618,0.00623,0.76724
CVE-2012-1620,0.00061,0.23876
CVE-2012-1621,0.00189,0.56469
CVE-2012-1622,0.01813,0.86911
CVE-2012-1623,0.00362,0.69516
CVE-2012-1624,0.00126,0.47182
CVE-2012-1625,0.00407,0.71199
CVE-2012-1626,0.00259,0.63698
CVE-2012-1627,0.00112,0.44297
CVE-2012-1628,0.00090,0.38018
CVE-2012-1629,0.00116,0.45403
CVE-2012-1630,0.00116,0.45403
CVE-2012-1631,0.00226,0.60943
CVE-2012-1632,0.00108,0.43456
CVE-2012-1633,0.00585,0.75886
CVE-2012-1634,0.00363,0.69539
CVE-2012-1635,0.00244,0.62405
CVE-2012-1636,0.00177,0.54950
CVE-2012-1637,0.00054,0.20290
CVE-2012-1638,0.00219,0.59941
CVE-2012-1639,0.00112,0.44297
CVE-2012-1640,0.00110,0.44097
CVE-2012-1641,0.01173,0.83536
CVE-2012-1642,0.00549,0.75130
CVE-2012-1643,0.00643,0.77119
CVE-2012-1644,0.00350,0.68966
CVE-2012-1645,0.00664,0.77590
CVE-2012-1646,0.00341,0.68577
CVE-2012-1647,0.00485,0.73498
CVE-2012-1648,0.00131,0.47970
CVE-2012-1649,0.00376,0.70046
CVE-2012-1650,0.00413,0.71386
CVE-2012-1651,0.00110,0.44097
CVE-2012-1652,0.00114,0.44947
CVE-2012-1653,0.00107,0.43275
CVE-2012-1654,0.00118,0.45784
CVE-2012-1655,0.00183,0.55656
CVE-2012-1656,0.00368,0.69777
CVE-2012-1657,0.00119,0.45850
CVE-2012-1658,0.00112,0.44297
CVE-2012-1659,0.00119,0.45850
CVE-2012-1660,0.00118,0.45784
CVE-2012-1661,0.04923,0.92053
CVE-2012-1662,0.01686,0.86420
CVE-2012-1663,0.02153,0.88224
CVE-2012-1664,0.08264,0.93790
CVE-2012-1665,0.00580,0.75782
CVE-2012-1666,0.00062,0.24874
CVE-2012-1667,0.91907,0.98743
CVE-2012-1669,0.03843,0.91060
CVE-2012-1670,0.06653,0.93155
CVE-2012-1671,0.01226,0.83947
CVE-2012-1672,0.00159,0.52484
CVE-2012-1673,0.00159,0.52484
CVE-2012-1674,0.00098,0.40388
CVE-2012-1675,0.97383,0.99901
CVE-2012-1676,0.00146,0.50456
CVE-2012-1677,0.00141,0.49829
CVE-2012-1678,0.00083,0.34501
CVE-2012-1679,0.00125,0.46950
CVE-2012-1680,0.00083,0.34501
CVE-2012-1681,0.00044,0.10704
CVE-2012-1682,0.08115,0.93741
CVE-2012-1683,0.00044,0.10704
CVE-2012-1684,0.00044,0.10704
CVE-2012-1685,0.00164,0.53085
CVE-2012-1686,0.00229,0.61148
CVE-2012-1687,0.00044,0.10704
CVE-2012-1688,0.00351,0.69020
CVE-2012-1689,0.00378,0.70162
CVE-2012-1690,0.00351,0.69020
CVE-2012-1691,0.00044,0.10704
CVE-2012-1692,0.00044,0.10704
CVE-2012-1693,0.01805,0.86875
CVE-2012-1694,0.00298,0.66338
CVE-2012-1695,0.00664,0.77583
CVE-2012-1696,0.00786,0.79593
CVE-2012-1697,0.00301,0.66491
CVE-2012-1698,0.00180,0.55293
CVE-2012-1699,0.00042,0.05722
CVE-2012-1700,0.00083,0.34501
CVE-2012-1701,0.00176,0.54842
CVE-2012-1702,0.01001,0.82049
CVE-2012-1703,0.00351,0.69020
CVE-2012-1704,0.00116,0.45391
CVE-2012-1705,0.00352,0.69067
CVE-2012-1706,0.00117,0.45634
CVE-2012-1707,0.00116,0.45391
CVE-2012-1708,0.00249,0.62919
CVE-2012-1709,0.07076,0.93354
CVE-2012-1710,0.94849,0.99127
CVE-2012-1711,0.01296,0.84456
CVE-2012-1712,0.00173,0.54522
CVE-2012-1713,0.26892,0.96354
CVE-2012-1714,0.00950,0.81537
CVE-2012-1715,0.00471,0.73098
CVE-2012-1716,0.01621,0.86182
CVE-2012-1717,0.00044,0.08000
CVE-2012-1718,0.06853,0.93253
CVE-2012-1719,0.00770,0.79376
CVE-2012-1720,0.00062,0.24501
CVE-2012-1721,0.08611,0.93920
CVE-2012-1722,0.01308,0.84521
CVE-2012-1723,0.97112,0.99745
CVE-2012-1724,0.01716,0.86539
CVE-2012-1725,0.01621,0.86182
CVE-2012-1726,0.00658,0.77395
CVE-2012-1727,0.00242,0.62294
CVE-2012-1728,0.00471,0.73098
CVE-2012-1729,0.00471,0.73098
CVE-2012-1730,0.00471,0.73098
CVE-2012-1731,0.01040,0.82404
CVE-2012-1732,0.00281,0.65258
CVE-2012-1733,0.00284,0.65474
CVE-2012-1734,0.00378,0.70162
CVE-2012-1735,0.00292,0.65944
CVE-2012-1736,0.00602,0.76249
CVE-2012-1737,0.01125,0.83143
CVE-2012-1738,0.00992,0.81987
CVE-2012-1739,0.00242,0.62294
CVE-2012-1740,0.00443,0.72324
CVE-2012-1741,0.00471,0.73098
CVE-2012-1742,0.00855,0.80483
CVE-2012-1743,0.00177,0.54974
CVE-2012-1744,0.09943,0.94352
CVE-2012-1745,0.01250,0.84123
CVE-2012-1746,0.00847,0.80388
CVE-2012-1747,0.00847,0.80388
CVE-2012-1748,0.00204,0.58379
CVE-2012-1749,0.00602,0.76249
CVE-2012-1750,0.00044,0.10704
CVE-2012-1751,0.01011,0.82131
CVE-2012-1752,0.00044,0.10704
CVE-2012-1753,0.00408,0.71225
CVE-2012-1754,0.00281,0.65258
CVE-2012-1755,0.00141,0.49829
CVE-2012-1756,0.00292,0.65944
CVE-2012-1757,0.00292,0.65944
CVE-2012-1758,0.00248,0.62813
CVE-2012-1759,0.00248,0.62813
CVE-2012-1760,0.00726,0.78701
CVE-2012-1761,0.00471,0.73098
CVE-2012-1762,0.00244,0.62530
CVE-2012-1763,0.00108,0.43388
CVE-2012-1764,0.00244,0.62530
CVE-2012-1765,0.00044,0.10704
CVE-2012-1766,0.17094,0.95617
CVE-2012-1767,0.17094,0.95617
CVE-2012-1768,0.17094,0.95617
CVE-2012-1769,0.54376,0.97356
CVE-2012-1770,0.54376,0.97356
CVE-2012-1771,0.17094,0.95617
CVE-2012-1772,0.17094,0.95617
CVE-2012-1773,0.17094,0.95617
CVE-2012-1774,0.01334,0.84671
CVE-2012-1775,0.95819,0.99321
CVE-2012-1776,0.05248,0.92299
CVE-2012-1777,0.00609,0.76392
CVE-2012-1778,0.00172,0.54259
CVE-2012-1779,0.00304,0.66657
CVE-2012-1780,0.01302,0.84485
CVE-2012-1781,0.00304,0.66657
CVE-2012-1782,0.00221,0.60282
CVE-2012-1783,0.02510,0.89083
CVE-2012-1784,0.00216,0.59658
CVE-2012-1785,0.00802,0.79849
CVE-2012-1786,0.00330,0.68102
CVE-2012-1787,0.00651,0.77273
CVE-2012-1788,0.00300,0.66448
CVE-2012-1789,0.00192,0.57132
CVE-2012-1790,0.01365,0.84894
CVE-2012-1792,0.00140,0.49644
CVE-2012-1795,0.01530,0.85748
CVE-2012-1796,0.00042,0.05722
CVE-2012-1797,0.00254,0.63285
CVE-2012-1798,0.02689,0.89443
CVE-2012-1799,0.00738,0.78886
CVE-2012-1800,0.04887,0.92028
CVE-2012-1801,0.00856,0.80493
CVE-2012-1802,0.06083,0.92813
CVE-2012-1803,0.00980,0.81843
CVE-2012-1804,0.02259,0.88513
CVE-2012-1805,0.04154,0.91372
CVE-2012-1806,0.00535,0.74800
CVE-2012-1807,0.00241,0.62196
CVE-2012-1808,0.00535,0.74800
CVE-2012-1809,0.00555,0.75246
CVE-2012-1810,0.00836,0.80267
CVE-2012-1811,0.00857,0.80503
CVE-2012-1812,0.00382,0.70291
CVE-2012-1813,0.00857,0.80503
CVE-2012-1814,0.00263,0.64017
CVE-2012-1815,0.00155,0.51837
CVE-2012-1816,0.00822,0.80080
CVE-2012-1817,0.06069,0.92806
CVE-2012-1818,0.00499,0.73842
CVE-2012-1819,0.00098,0.40483
CVE-2012-1820,0.01143,0.83286
CVE-2012-1821,0.00982,0.81859
CVE-2012-1823,0.97491,0.99970
CVE-2012-1824,0.00042,0.00438
CVE-2012-1825,0.00155,0.51753
CVE-2012-1826,0.00489,0.73621
CVE-2012-1827,0.00279,0.65094
CVE-2012-1828,0.00279,0.65094
CVE-2012-1829,0.00131,0.47955
CVE-2012-1830,0.08954,0.94039
CVE-2012-1831,0.10951,0.94628
CVE-2012-1832,0.01871,0.87167
CVE-2012-1833,0.00277,0.64987
CVE-2012-1834,0.00274,0.64761
CVE-2012-1835,0.00229,0.61140
CVE-2012-1836,0.17972,0.95721
CVE-2012-1837,0.00305,0.66695
CVE-2012-1838,0.00722,0.78651
CVE-2012-1839,0.04170,0.91384
CVE-2012-1840,0.00686,0.78022
CVE-2012-1841,0.00830,0.80183
CVE-2012-1842,0.00211,0.59063
CVE-2012-1843,0.00448,0.72457
CVE-2012-1844,0.01188,0.83654
CVE-2012-1845,0.03534,0.90695
CVE-2012-1846,0.01257,0.84166
CVE-2012-1847,0.94326,0.99041
CVE-2012-1848,0.00057,0.21451
CVE-2012-1849,0.79084,0.98016
CVE-2012-1850,0.50107,0.97243
CVE-2012-1851,0.94671,0.99098
CVE-2012-1852,0.84650,0.98262
CVE-2012-1853,0.84650,0.98262
CVE-2012-1854,0.00044,0.10369
CVE-2012-1855,0.89112,0.98512
CVE-2012-1856,0.93796,0.98965
CVE-2012-1857,0.20096,0.95926
CVE-2012-1858,0.96770,0.99611
CVE-2012-1859,0.89598,0.98550
CVE-2012-1860,0.00217,0.59695
CVE-2012-1861,0.89598,0.98550
CVE-2012-1862,0.00722,0.78642
CVE-2012-1863,0.89598,0.98550
CVE-2012-1864,0.00050,0.16009
CVE-2012-1865,0.00050,0.16009
CVE-2012-1866,0.00050,0.16009
CVE-2012-1867,0.00283,0.65364
CVE-2012-1868,0.00050,0.16009
CVE-2012-1870,0.00537,0.74832
CVE-2012-1872,0.04001,0.91205
CVE-2012-1873,0.00879,0.80744
CVE-2012-1874,0.91598,0.98706
CVE-2012-1875,0.97064,0.99720
CVE-2012-1876,0.97053,0.99715
CVE-2012-1877,0.90995,0.98649
CVE-2012-1878,0.90995,0.98649
CVE-2012-1879,0.90995,0.98649
CVE-2012-1880,0.90995,0.98649
CVE-2012-1881,0.90995,0.98649
CVE-2012-1882,0.01162,0.83438
CVE-2012-1885,0.95452,0.99245
CVE-2012-1886,0.94484,0.99069
CVE-2012-1887,0.93217,0.98897
CVE-2012-1888,0.94974,0.99144
CVE-2012-1889,0.97507,0.99980
CVE-2012-1890,0.00044,0.10369
CVE-2012-1891,0.95595,0.99276
CVE-2012-1892,0.75969,0.97923
CVE-2012-1893,0.00044,0.10369
CVE-2012-1894,0.00062,0.24601
CVE-2012-1895,0.59881,0.97488
CVE-2012-1896,0.01642,0.86266
CVE-2012-1897,0.00403,0.71043
CVE-2012-1898,0.00184,0.55757
CVE-2012-1899,0.00204,0.58403
CVE-2012-1900,0.00864,0.80571
CVE-2012-1901,0.00443,0.72310
CVE-2012-1902,0.00664,0.77590
CVE-2012-1903,0.00058,0.22585
CVE-2012-1904,0.00796,0.79787
CVE-2012-1906,0.00042,0.05722
CVE-2012-1907,0.00187,0.56277
CVE-2012-1908,0.00122,0.46493
CVE-2012-1909,0.06234,0.92917
CVE-2012-1910,0.03736,0.90942
CVE-2012-1911,0.00779,0.79519
CVE-2012-1912,0.00543,0.74997
CVE-2012-1915,0.00093,0.39003
CVE-2012-1916,0.04428,0.91606
CVE-2012-1917,0.00401,0.70980
CVE-2012-1918,0.01254,0.84149
CVE-2012-1919,0.00327,0.67895
CVE-2012-1920,0.00382,0.70291
CVE-2012-1921,0.00091,0.38503
CVE-2012-1922,0.00091,0.38503
CVE-2012-1923,0.95987,0.99359
CVE-2012-1924,0.01621,0.86186
CVE-2012-1925,0.01621,0.86186
CVE-2012-1926,0.00865,0.80582
CVE-2012-1927,0.01835,0.87025
CVE-2012-1928,0.01835,0.87025
CVE-2012-1929,0.01754,0.86685
CVE-2012-1930,0.00042,0.05722
CVE-2012-1931,0.00042,0.05722
CVE-2012-1932,0.00060,0.23368
CVE-2012-1933,0.04465,0.91640
CVE-2012-1934,0.00895,0.80938
CVE-2012-1935,0.00603,0.76271
CVE-2012-1936,0.00840,0.80323
CVE-2012-1937,0.04294,0.91498
CVE-2012-1938,0.01041,0.82414
CVE-2012-1939,0.04064,0.91284
CVE-2012-1940,0.04607,0.91760
CVE-2012-1941,0.13969,0.95188
CVE-2012-1942,0.00042,0.05722
CVE-2012-1943,0.00045,0.11991
CVE-2012-1944,0.00341,0.68599
CVE-2012-1945,0.00096,0.39796
CVE-2012-1946,0.05000,0.92111
CVE-2012-1947,0.13659,0.95140
CVE-2012-1948,0.04589,0.91747
CVE-2012-1949,0.04668,0.91831
CVE-2012-1950,0.02627,0.89322
CVE-2012-1951,0.09370,0.94175
CVE-2012-1952,0.26456,0.96331
CVE-2012-1953,0.02410,0.88868
CVE-2012-1954,0.12725,0.94987
CVE-2012-1955,0.02664,0.89383
CVE-2012-1956,0.00333,0.68268
CVE-2012-1957,0.00392,0.70710
CVE-2012-1958,0.06968,0.93310
CVE-2012-1959,0.00657,0.77385
CVE-2012-1960,0.00552,0.75198
CVE-2012-1961,0.00458,0.72738
CVE-2012-1962,0.09370,0.94175
CVE-2012-1963,0.00400,0.70951
CVE-2012-1964,0.00194,0.57320
CVE-2012-1965,0.00309,0.66943
CVE-2012-1966,0.00402,0.71032
CVE-2012-1967,0.03456,0.90605
CVE-2012-1968,0.00232,0.61377
CVE-2012-1969,0.00265,0.64261
CVE-2012-1970,0.01870,0.87158
CVE-2012-1971,0.04769,0.91931
CVE-2012-1972,0.03349,0.90464
CVE-2012-1973,0.03349,0.90464
CVE-2012-1974,0.03349,0.90464
CVE-2012-1975,0.03349,0.90464
CVE-2012-1976,0.03972,0.91182
CVE-2012-1977,0.00294,0.66104
CVE-2012-1978,0.01342,0.84712
CVE-2012-1979,0.00266,0.64267
CVE-2012-1982,0.00073,0.30183
CVE-2012-1984,0.00237,0.61881
CVE-2012-1985,0.00259,0.63693
CVE-2012-1986,0.00248,0.62843
CVE-2012-1987,0.01243,0.84079
CVE-2012-1988,0.00468,0.72993
CVE-2012-1989,0.00042,0.05722
CVE-2012-1990,0.00187,0.56266
CVE-2012-1992,0.00135,0.48743
CVE-2012-1993,0.00042,0.05722
CVE-2012-1994,0.00054,0.19411
CVE-2012-1995,0.00042,0.05722
CVE-2012-1996,0.00149,0.50951
CVE-2012-1997,0.00651,0.77300
CVE-2012-1998,0.00651,0.77300
CVE-2012-1999,0.00121,0.46323
CVE-2012-2000,0.21162,0.96007
CVE-2012-20001,0.00072,0.29847
CVE-2012-2001,0.00240,0.62095
CVE-2012-2002,0.01572,0.85944
CVE-2012-2003,0.00275,0.64869
CVE-2012-2004,0.01572,0.85944
CVE-2012-2005,0.00240,0.62095
CVE-2012-2006,0.00619,0.76650
CVE-2012-2007,0.00394,0.70762
CVE-2012-2008,0.01258,0.84172
CVE-2012-2009,0.00337,0.68421
CVE-2012-2010,0.00042,0.05722
CVE-2012-2011,0.00847,0.80396
CVE-2012-2012,0.00714,0.78504
CVE-2012-2013,0.00714,0.78504
CVE-2012-2014,0.00267,0.64357
CVE-2012-2015,0.00215,0.59607
CVE-2012-2016,0.00042,0.05722
CVE-2012-2017,0.00663,0.77563
CVE-2012-2018,0.00847,0.80396
CVE-2012-2019,0.96520,0.99515
CVE-2012-2020,0.96520,0.99515
CVE-2012-2021,0.00123,0.46648
CVE-2012-2022,0.00123,0.46648
CVE-2012-2023,0.02712,0.89484
CVE-2012-2024,0.33353,0.96672
CVE-2012-2025,0.33353,0.96672
CVE-2012-2026,0.02712,0.89484
CVE-2012-2027,0.92938,0.98863
CVE-2012-2028,0.05440,0.92451
CVE-2012-2029,0.33353,0.96672
CVE-2012-2030,0.33353,0.96672
CVE-2012-2031,0.33353,0.96672
CVE-2012-2032,0.33353,0.96672
CVE-2012-2033,0.33353,0.96672
CVE-2012-2034,0.01424,0.85188
CVE-2012-2035,0.00870,0.80639
CVE-2012-2036,0.00991,0.81969
CVE-2012-2037,0.01119,0.83096
CVE-2012-2038,0.00139,0.49392
CVE-2012-2039,0.00991,0.81969
CVE-2012-2040,0.00095,0.39673
CVE-2012-2041,0.00360,0.69412
CVE-2012-2042,0.00728,0.78745
CVE-2012-2043,0.00718,0.78589
CVE-2012-2044,0.00718,0.78589
CVE-2012-2045,0.00718,0.78589
CVE-2012-2046,0.00718,0.78589
CVE-2012-2047,0.00718,0.78589
CVE-2012-2048,0.00476,0.73228
CVE-2012-2049,0.23095,0.96135
CVE-2012-2050,0.23095,0.96135
CVE-2012-2051,0.69797,0.97744
CVE-2012-2052,0.92231,0.98778
CVE-2012-2053,0.00042,0.05722
CVE-2012-2054,0.02973,0.89901
CVE-2012-2055,0.00301,0.66472
CVE-2012-2056,0.00159,0.52409
CVE-2012-2057,0.00160,0.52542
CVE-2012-2058,0.00347,0.68842
CVE-2012-2059,0.00220,0.60154
CVE-2012-2060,0.00220,0.60154
CVE-2012-2061,0.00160,0.52542
CVE-2012-2062,0.00396,0.70856
CVE-2012-2063,0.00625,0.76775
CVE-2012-2064,0.00259,0.63800
CVE-2012-2065,0.00119,0.45850
CVE-2012-2066,0.00292,0.65987
CVE-2012-2067,0.01621,0.86186
CVE-2012-2068,0.00119,0.45850
CVE-2012-2069,0.00585,0.75899
CVE-2012-2070,0.00112,0.44352
CVE-2012-2071,0.00112,0.44297
CVE-2012-2072,0.00112,0.44297
CVE-2012-2073,0.00433,0.71988
CVE-2012-2074,0.00625,0.76775
CVE-2012-2075,0.00112,0.44426
CVE-2012-2076,0.00119,0.45850
CVE-2012-2077,0.00328,0.67993
CVE-2012-2078,0.00054,0.20290
CVE-2012-2079,0.00071,0.29353
CVE-2012-2080,0.00921,0.81241
CVE-2012-2081,0.00625,0.76775
CVE-2012-2082,0.00119,0.45850
CVE-2012-2083,0.00265,0.64225
CVE-2012-2084,0.00317,0.67408
CVE-2012-2085,0.02103,0.88027
CVE-2012-2086,0.00650,0.77266
CVE-2012-2087,0.01526,0.85728
CVE-2012-2088,0.07003,0.93321
CVE-2012-2089,0.02403,0.88856
CVE-2012-2090,0.03464,0.90614
CVE-2012-2091,0.11118,0.94671
CVE-2012-2092,0.02420,0.88893
CVE-2012-2093,0.00042,0.05722
CVE-2012-2094,0.00305,0.66721
CVE-2012-2095,0.00043,0.07636
CVE-2012-2096,0.01063,0.82639
CVE-2012-2097,0.00925,0.81286
CVE-2012-2098,0.02630,0.89326
CVE-2012-2099,0.02778,0.89603
CVE-2012-2100,0.01644,0.86278
CVE-2012-2101,0.01293,0.84435
CVE-2012-2102,0.02883,0.89776
CVE-2012-2103,0.00042,0.05722
CVE-2012-2104,0.03245,0.90316
CVE-2012-2105,0.00239,0.62045
CVE-2012-2106,0.07050,0.93341
CVE-2012-2107,0.07050,0.93341
CVE-2012-2108,0.15878,0.95473
CVE-2012-2109,0.00252,0.63216
CVE-2012-2110,0.11013,0.94641
CVE-2012-2111,0.00390,0.70613
CVE-2012-2112,0.00292,0.65987
CVE-2012-2113,0.04336,0.91531
CVE-2012-2114,0.01154,0.83375
CVE-2012-2115,0.00579,0.75777
CVE-2012-2116,0.00214,0.59454
CVE-2012-2117,0.00259,0.63800
CVE-2012-2118,0.01979,0.87603
CVE-2012-2119,0.00211,0.59058
CVE-2012-2120,0.00042,0.05722
CVE-2012-2121,0.00062,0.24773
CVE-2012-2122,0.97019,0.99699
CVE-2012-2123,0.00044,0.10357
CVE-2012-2124,0.00760,0.79232
CVE-2012-2125,0.00412,0.71338
CVE-2012-2126,0.00299,0.66387
CVE-2012-2127,0.04324,0.91521
CVE-2012-2128,0.00208,0.58810
CVE-2012-2129,0.00338,0.68478
CVE-2012-2130,0.02730,0.89523
CVE-2012-2131,0.09724,0.94281
CVE-2012-2132,0.00604,0.76298
CVE-2012-2133,0.00042,0.05722
CVE-2012-2134,0.01224,0.83935
CVE-2012-2135,0.03278,0.90363
CVE-2012-2136,0.00042,0.05722
CVE-2012-2137,0.00044,0.08043
CVE-2012-2138,0.00900,0.80999
CVE-2012-2139,0.03290,0.90376
CVE-2012-2140,0.01327,0.84626
CVE-2012-2141,0.01164,0.83454
CVE-2012-2142,0.00320,0.67594
CVE-2012-2143,0.00211,0.59035
CVE-2012-2144,0.03049,0.90020
CVE-2012-2145,0.00983,0.81869
CVE-2012-2146,0.00223,0.60708
CVE-2012-2147,0.03761,0.90975
CVE-2012-2148,0.00047,0.13943
CVE-2012-2149,0.05315,0.92351
CVE-2012-2150,0.02668,0.89392
CVE-2012-2151,0.00305,0.66721
CVE-2012-2152,0.07940,0.93679
CVE-2012-2153,0.00221,0.60321
CVE-2012-2154,0.00259,0.63800
CVE-2012-2155,0.00304,0.66622
CVE-2012-2156,0.01216,0.83866
CVE-2012-2159,0.00226,0.60956
CVE-2012-2160,0.00087,0.36573
CVE-2012-2161,0.00177,0.54960
CVE-2012-2162,0.00161,0.52793
CVE-2012-2163,0.00155,0.51835
CVE-2012-2164,0.00100,0.41024
CVE-2012-2165,0.00116,0.45294
CVE-2012-2166,0.00305,0.66707
CVE-2012-2167,0.00617,0.76601
CVE-2012-2168,0.00112,0.44395
CVE-2012-2169,0.00084,0.34624
CVE-2012-2170,0.00267,0.64369
CVE-2012-2171,0.00149,0.50907
CVE-2012-2172,0.00428,0.71825
CVE-2012-2173,0.00280,0.65154
CVE-2012-2174,0.97031,0.99704
CVE-2012-2175,0.96971,0.99682
CVE-2012-2176,0.76779,0.97946
CVE-2012-2177,0.00178,0.55082
CVE-2012-2179,0.00042,0.05722
CVE-2012-2180,0.00710,0.78429
CVE-2012-2181,0.00263,0.64056
CVE-2012-2183,0.00789,0.79656
CVE-2012-2184,0.00668,0.77679
CVE-2012-2185,0.00225,0.60853
CVE-2012-2186,0.00829,0.80181
CVE-2012-2187,0.00122,0.46393
CVE-2012-2188,0.00042,0.05722
CVE-2012-2190,0.00305,0.66722
CVE-2012-2191,0.05964,0.92756
CVE-2012-2192,0.00042,0.05722
CVE-2012-2193,0.00178,0.55082
CVE-2012-2194,0.00853,0.80449
CVE-2012-2196,0.00681,0.77932
CVE-2012-2197,0.08703,0.93951
CVE-2012-2199,0.00617,0.76601
CVE-2012-2200,0.00042,0.05722
CVE-2012-2201,0.00118,0.45783
CVE-2012-2202,0.00328,0.67951
CVE-2012-2203,0.00939,0.81413
CVE-2012-2204,0.00044,0.10161
CVE-2012-2205,0.00084,0.34624
CVE-2012-2206,0.00389,0.70602
CVE-2012-2208,0.03728,0.90936
CVE-2012-2209,0.00715,0.78516
CVE-2012-2210,0.09729,0.94283
CVE-2012-2211,0.00193,0.57215
CVE-2012-2212,0.00318,0.67472
CVE-2012-2213,0.00435,0.72083
CVE-2012-2214,0.00320,0.67559
CVE-2012-2215,0.00784,0.79581
CVE-2012-2217,0.00452,0.72576
CVE-2012-2223,0.00543,0.75005
CVE-2012-2224,0.03707,0.90906
CVE-2012-2225,0.01426,0.85193
CVE-2012-2226,0.02742,0.89542
CVE-2012-2227,0.03293,0.90387
CVE-2012-2230,0.00180,0.55352
CVE-2012-2234,0.00144,0.50211
CVE-2012-2235,0.00140,0.49644
CVE-2012-2236,0.26107,0.96314
CVE-2012-2237,0.01006,0.82097
CVE-2012-2238,0.01091,0.82868
CVE-2012-2239,0.00276,0.64896
CVE-2012-2240,0.00750,0.79048
CVE-2012-2241,0.00710,0.78434
CVE-2012-2242,0.00750,0.79048
CVE-2012-2243,0.00980,0.81845
CVE-2012-2244,0.00265,0.64191
CVE-2012-2246,0.00638,0.77024
CVE-2012-2247,0.00192,0.57132
CVE-2012-2248,0.01051,0.82497
CVE-2012-2249,0.00334,0.68301
CVE-2012-2250,0.00334,0.68301
CVE-2012-2251,0.00042,0.05722
CVE-2012-2252,0.00042,0.05722
CVE-2012-2253,0.00220,0.60154
CVE-2012-2267,0.01232,0.84001
CVE-2012-2268,0.00748,0.79019
CVE-2012-2269,0.00342,0.68617
CVE-2012-2270,0.01262,0.84215
CVE-2012-2271,0.21765,0.96044
CVE-2012-2273,0.00042,0.05722
CVE-2012-2274,0.00304,0.66609
CVE-2012-2275,0.01357,0.84842
CVE-2012-2276,0.06560,0.93093
CVE-2012-2277,0.03257,0.90336
CVE-2012-2278,0.00122,0.46493
CVE-2012-2279,0.00200,0.57952
CVE-2012-2280,0.00131,0.48021
CVE-2012-2281,0.00266,0.64288
CVE-2012-2282,0.00188,0.56320
CVE-2012-2283,0.00136,0.48995
CVE-2012-2284,0.00042,0.05722
CVE-2012-2285,0.01060,0.82603
CVE-2012-2286,0.00225,0.60831
CVE-2012-2287,0.00351,0.69028
CVE-2012-2288,0.94601,0.99087
CVE-2012-2289,0.05281,0.92322
CVE-2012-2290,0.06768,0.93213
CVE-2012-2291,0.00042,0.05722
CVE-2012-2292,0.00609,0.76395
CVE-2012-2293,0.00464,0.72883
CVE-2012-2294,0.00365,0.69648
CVE-2012-2296,0.00625,0.76775
CVE-2012-2297,0.00134,0.48546
CVE-2012-2298,0.00485,0.73498
CVE-2012-2299,0.00042,0.05722
CVE-2012-2300,0.00140,0.49713
CVE-2012-2301,0.00603,0.76289
CVE-2012-2302,0.00667,0.77654
CVE-2012-2303,0.02059,0.87877
CVE-2012-2304,0.00664,0.77590
CVE-2012-2305,0.00159,0.52409
CVE-2012-2306,0.00150,0.51205
CVE-2012-2307,0.00159,0.52409
CVE-2012-2308,0.00127,0.47304
CVE-2012-2309,0.00090,0.38018
CVE-2012-2310,0.00130,0.47791
CVE-2012-2311,0.95139,0.99170
CVE-2012-2312,0.00042,0.05722
CVE-2012-2313,0.00046,0.12627
CVE-2012-2314,0.00042,0.05722
CVE-2012-2315,0.00364,0.69568
CVE-2012-2316,0.02434,0.88932
CVE-2012-2317,0.00257,0.63601
CVE-2012-2318,0.01234,0.84018
CVE-2012-2319,0.00042,0.05753
CVE-2012-2320,0.08370,0.93823
CVE-2012-2321,0.01218,0.83899
CVE-2012-2322,0.04924,0.92055
CVE-2012-2324,0.00154,0.51655
CVE-2012-2325,0.00179,0.55169
CVE-2012-2326,0.00151,0.51245
CVE-2012-2327,0.00358,0.69347
CVE-2012-2328,0.00144,0.50186
CVE-2012-2329,0.51974,0.97294
CVE-2012-2330,0.00747,0.79007
CVE-2012-2331,0.00289,0.65747
CVE-2012-2332,0.00982,0.81857
CVE-2012-2333,0.05271,0.92313
CVE-2012-2334,0.03756,0.90965
CVE-2012-2335,0.14254,0.95232
CVE-2012-2336,0.04939,0.92063
CVE-2012-2337,0.00042,0.05722
CVE-2012-2338,0.00261,0.63882
CVE-2012-2339,0.00448,0.72467
CVE-2012-2340,0.00219,0.59905
CVE-2012-2341,0.00328,0.67993
CVE-2012-2350,0.00376,0.70041
CVE-2012-2351,0.00382,0.70285
CVE-2012-2352,0.01417,0.85155
CVE-2012-2353,0.00099,0.40769
CVE-2012-2354,0.00123,0.46605
CVE-2012-2355,0.00131,0.48017
CVE-2012-2356,0.00131,0.48017
CVE-2012-2357,0.00186,0.55903
CVE-2012-2358,0.00159,0.52503
CVE-2012-2359,0.00225,0.60829
CVE-2012-2360,0.00067,0.27655
CVE-2012-2361,0.00067,0.27655
CVE-2012-2362,0.00220,0.60154
CVE-2012-2363,0.00120,0.46086
CVE-2012-2364,0.00067,0.27655
CVE-2012-2365,0.00116,0.45403
CVE-2012-2366,0.00175,0.54720
CVE-2012-2367,0.00370,0.69836
CVE-2012-2368,0.00420,0.71615
CVE-2012-2369,0.05479,0.92483
CVE-2012-2370,0.07048,0.93340
CVE-2012-2371,0.00825,0.80128
CVE-2012-2372,0.00042,0.05722
CVE-2012-2373,0.00042,0.05722
CVE-2012-2374,0.00374,0.69979
CVE-2012-2375,0.00223,0.60633
CVE-2012-2376,0.25603,0.96287
CVE-2012-2377,0.00440,0.72243
CVE-2012-2378,0.00160,0.52572
CVE-2012-2379,0.00830,0.80194
CVE-2012-2380,0.00059,0.22979
CVE-2012-2381,0.00086,0.35629
CVE-2012-2383,0.00042,0.05722
CVE-2012-2384,0.00042,0.05722
CVE-2012-2385,0.04532,0.91693
CVE-2012-2386,0.08512,0.93873
CVE-2012-2387,0.00511,0.74194
CVE-2012-2388,0.01799,0.86850
CVE-2012-2389,0.00042,0.05722
CVE-2012-2390,0.00042,0.05722
CVE-2012-2392,0.00145,0.50320
CVE-2012-2393,0.01594,0.86053
CVE-2012-2394,0.00748,0.79016
CVE-2012-2395,0.02103,0.88027
CVE-2012-2396,0.01817,0.86932
CVE-2012-2397,0.00139,0.49475
CVE-2012-2398,0.00220,0.60154
CVE-2012-2399,0.01463,0.85398
CVE-2012-2400,0.00534,0.74748
CVE-2012-2401,0.00609,0.76401
CVE-2012-2402,0.00157,0.52120
CVE-2012-2403,0.01122,0.83130
CVE-2012-2404,0.01126,0.83154
CVE-2012-2405,0.00141,0.49845
CVE-2012-2406,0.02172,0.88268
CVE-2012-2407,0.00391,0.70682
CVE-2012-2408,0.00283,0.65404
CVE-2012-2409,0.00391,0.70682
CVE-2012-2410,0.00304,0.66623
CVE-2012-2411,0.08039,0.93716
CVE-2012-2413,0.00280,0.65161
CVE-2012-2414,0.91888,0.98741
CVE-2012-2415,0.95463,0.99246
CVE-2012-2416,0.05788,0.92653
CVE-2012-2417,0.00430,0.71886
CVE-2012-2418,0.02600,0.89256
CVE-2012-2419,0.00558,0.75305
CVE-2012-2420,0.00296,0.66209
CVE-2012-2421,0.00274,0.64789
CVE-2012-2422,0.00355,0.69184
CVE-2012-2423,0.00355,0.69184
CVE-2012-2424,0.00518,0.74368
CVE-2012-2425,0.00698,0.78216
CVE-2012-2426,0.00172,0.54279
CVE-2012-2427,0.01238,0.84044
CVE-2012-2428,0.00599,0.76175
CVE-2012-2429,0.00634,0.76923
CVE-2012-2435,0.00407,0.71185
CVE-2012-2436,0.01189,0.83661
CVE-2012-2437,0.04786,0.91953
CVE-2012-2438,0.00772,0.79398
CVE-2012-2439,0.00511,0.74192
CVE-2012-2440,0.00551,0.75161
CVE-2012-2441,0.01281,0.84332
CVE-2012-2442,0.69040,0.97717
CVE-2012-2446,0.00166,0.53363
CVE-2012-2447,0.00152,0.51431
CVE-2012-2448,0.07976,0.93690
CVE-2012-2449,0.00245,0.62618
CVE-2012-2450,0.00323,0.67712
CVE-2012-2451,0.00042,0.05722
CVE-2012-2452,0.01829,0.86983
CVE-2012-2455,0.00346,0.68790
CVE-2012-2459,0.00728,0.78739
CVE-2012-2469,0.00563,0.75411
CVE-2012-2472,0.00161,0.52744
CVE-2012-2474,0.00108,0.43364
CVE-2012-2486,0.01489,0.85505
CVE-2012-2488,0.00488,0.73591
CVE-2012-2490,0.00069,0.28758
CVE-2012-2493,0.04227,0.91433
CVE-2012-2494,0.00211,0.59028
CVE-2012-2495,0.00131,0.48021
CVE-2012-2496,0.00555,0.75245
CVE-2012-2498,0.00081,0.33762
CVE-2012-2499,0.00061,0.23853
CVE-2012-2500,0.00061,0.23853
CVE-2012-2511,0.14999,0.95340
CVE-2012-2512,0.14999,0.95340
CVE-2012-2513,0.14999,0.95340
CVE-2012-2514,0.14999,0.95340
CVE-2012-2515,0.94944,0.99141
CVE-2012-2516,0.54937,0.97373
CVE-2012-2517,0.00271,0.64602
CVE-2012-2519,0.00074,0.30552
CVE-2012-2520,0.18203,0.95736
CVE-2012-2521,0.85661,0.98309
CVE-2012-2522,0.85661,0.98309
CVE-2012-2523,0.85339,0.98295
CVE-2012-2524,0.63870,0.97592
CVE-2012-2526,0.85661,0.98309
CVE-2012-2527,0.00047,0.14051
CVE-2012-2528,0.90855,0.98633
CVE-2012-2529,0.00048,0.14584
CVE-2012-2530,0.00095,0.39586
CVE-2012-2531,0.00042,0.05722
CVE-2012-2532,0.00361,0.69479
CVE-2012-2536,0.96174,0.99404
CVE-2012-2539,0.78204,0.97990
CVE-2012-2543,0.92767,0.98850
CVE-2012-2546,0.67175,0.97666
CVE-2012-2548,0.81221,0.98089
CVE-2012-2549,0.04188,0.91401
CVE-2012-2550,0.89647,0.98555
CVE-2012-2551,0.53257,0.97334
CVE-2012-2552,0.88793,0.98488
CVE-2012-2553,0.00094,0.39272
CVE-2012-2556,0.75010,0.97899
CVE-2012-2557,0.81221,0.98089
CVE-2012-2559,0.01082,0.82807
CVE-2012-2560,0.00503,0.73978
CVE-2012-2561,0.01704,0.86483
CVE-2012-2562,0.01147,0.83315
CVE-2012-2563,0.00222,0.60600
CVE-2012-2564,0.00152,0.51384
CVE-2012-2565,0.00136,0.48909
CVE-2012-2566,0.00471,0.73087
CVE-2012-2567,0.00522,0.74473
CVE-2012-2568,0.00758,0.79197
CVE-2012-2569,0.00468,0.73000
CVE-2012-2570,0.00468,0.73000
CVE-2012-2571,0.00165,0.53141
CVE-2012-2572,0.00307,0.66801
CVE-2012-2573,0.00165,0.53141
CVE-2012-2574,0.93480,0.98928
CVE-2012-2575,0.00165,0.53141
CVE-2012-2576,0.20617,0.95963
CVE-2012-2577,0.00446,0.72386
CVE-2012-2578,0.00165,0.53141
CVE-2012-2579,0.00468,0.73000
CVE-2012-2580,0.00468,0.73000
CVE-2012-2582,0.00905,0.81049
CVE-2012-2583,0.00225,0.60809
CVE-2012-2584,0.00221,0.60307
CVE-2012-2585,0.00161,0.52694
CVE-2012-2586,0.00165,0.53141
CVE-2012-2587,0.00147,0.50592
CVE-2012-2588,0.00479,0.73326
CVE-2012-2590,0.00165,0.53141
CVE-2012-2591,0.00727,0.78730
CVE-2012-2592,0.00225,0.60809
CVE-2012-2593,0.00147,0.50707
CVE-2012-2595,0.00155,0.51753
CVE-2012-2596,0.00110,0.44044
CVE-2012-2597,0.00133,0.48300
CVE-2012-2598,0.00146,0.50457
CVE-2012-2601,0.00385,0.70414
CVE-2012-2602,0.00712,0.78464
CVE-2012-2603,0.00187,0.56252
CVE-2012-2604,0.00098,0.40550
CVE-2012-2605,0.00128,0.47425
CVE-2012-2606,0.00369,0.69822
CVE-2012-2607,0.00490,0.73625
CVE-2012-2611,0.95961,0.99351
CVE-2012-2612,0.14999,0.95340
CVE-2012-2614,0.49982,0.97242
CVE-2012-2619,0.15170,0.95359
CVE-2012-2624,0.00364,0.69570
CVE-2012-2625,0.00064,0.26441
CVE-2012-2626,0.82543,0.98169
CVE-2012-2627,0.00856,0.80499
CVE-2012-2629,0.02933,0.89842
CVE-2012-2630,0.00259,0.63680
CVE-2012-2631,0.00243,0.62370
CVE-2012-2632,0.00279,0.65077
CVE-2012-2633,0.00616,0.76586
CVE-2012-2634,0.00132,0.48166
CVE-2012-2635,0.00259,0.63680
CVE-2012-2636,0.00192,0.57132
CVE-2012-2637,0.00192,0.57132
CVE-2012-2638,0.00192,0.57132
CVE-2012-2640,0.00434,0.72053
CVE-2012-2641,0.00192,0.57132
CVE-2012-2642,0.00192,0.57132
CVE-2012-2643,0.00192,0.57132
CVE-2012-2644,0.00192,0.57132
CVE-2012-2645,0.00360,0.69443
CVE-2012-2646,0.00235,0.61676
CVE-2012-2647,0.00542,0.74972
CVE-2012-2648,0.00132,0.48166
CVE-2012-2649,0.00412,0.71358
CVE-2012-2652,0.00042,0.05722
CVE-2012-2653,0.01133,0.83208
CVE-2012-2654,0.01246,0.84102
CVE-2012-2655,0.01203,0.83775
CVE-2012-2656,0.00159,0.52444
CVE-2012-2657,0.00042,0.05722
CVE-2012-2658,0.00042,0.05722
CVE-2012-2660,0.00333,0.68252
CVE-2012-2661,0.00193,0.57169
CVE-2012-2662,0.00274,0.64799
CVE-2012-2663,0.00484,0.73481
CVE-2012-2664,0.00398,0.70905
CVE-2012-2665,0.03605,0.90779
CVE-2012-2666,0.00332,0.68214
CVE-2012-2667,0.00368,0.69778
CVE-2012-2668,0.00672,0.77751
CVE-2012-2669,0.00042,0.05722
CVE-2012-2670,0.00563,0.75418
CVE-2012-2671,0.00754,0.79122
CVE-2012-2672,0.00062,0.24501
CVE-2012-2673,0.00710,0.78443
CVE-2012-2674,0.00192,0.56983
CVE-2012-2675,0.00269,0.64483
CVE-2012-2676,0.00175,0.54741
CVE-2012-2677,0.01394,0.85046
CVE-2012-2678,0.00169,0.53935
CVE-2012-2679,0.00042,0.05722
CVE-2012-2680,0.00663,0.77570
CVE-2012-2681,0.00952,0.81565
CVE-2012-2682,0.00287,0.65623
CVE-2012-2683,0.00291,0.65933
CVE-2012-2684,0.00427,0.71799
CVE-2012-2685,0.01881,0.87224
CVE-2012-2686,0.18334,0.95748
CVE-2012-2687,0.00678,0.77887
CVE-2012-2688,0.21380,0.96021
CVE-2012-2690,0.00062,0.24773
CVE-2012-2691,0.01782,0.86774
CVE-2012-2692,0.00348,0.68865
CVE-2012-2693,0.00042,0.05722
CVE-2012-2694,0.00316,0.67371
CVE-2012-2695,0.23066,0.96133
CVE-2012-2696,0.00131,0.48010
CVE-2012-2697,0.00042,0.05722
CVE-2012-2698,0.01799,0.86849
CVE-2012-2702,0.01653,0.86304
CVE-2012-2703,0.00308,0.66880
CVE-2012-2704,0.00680,0.77928
CVE-2012-2705,0.00159,0.52434
CVE-2012-2706,0.00220,0.60154
CVE-2012-2707,0.03022,0.89965
CVE-2012-2708,0.00110,0.43942
CVE-2012-2710,0.00254,0.63423
CVE-2012-2711,0.00112,0.44426
CVE-2012-2712,0.00370,0.69861
CVE-2012-2713,0.01107,0.82993
CVE-2012-2714,0.03435,0.90583
CVE-2012-2715,0.00370,0.69861
CVE-2012-2716,0.00880,0.80755
CVE-2012-2717,0.00403,0.71037
CVE-2012-2718,0.00157,0.52144
CVE-2012-2719,0.00371,0.69881
CVE-2012-2720,0.00732,0.78813
CVE-2012-2721,0.03324,0.90427
CVE-2012-2722,0.01083,0.82814
CVE-2012-2723,0.00266,0.64289
CVE-2012-2724,0.00992,0.81988
CVE-2012-2725,0.00170,0.54045
CVE-2012-2726,0.00140,0.49713
CVE-2012-2727,0.00501,0.73884
CVE-2012-2728,0.00852,0.80446
CVE-2012-2729,0.00214,0.59454
CVE-2012-2730,0.01342,0.84718
CVE-2012-2731,0.00559,0.75317
CVE-2012-2733,0.05196,0.92268
CVE-2012-2734,0.01863,0.87135
CVE-2012-2735,0.00189,0.56485
CVE-2012-2736,0.00052,0.17732
CVE-2012-2737,0.00044,0.08000
CVE-2012-2738,0.09014,0.94053
CVE-2012-2739,0.00270,0.64509
CVE-2012-2740,0.00697,0.78213
CVE-2012-2741,0.00446,0.72398
CVE-2012-2742,0.00642,0.77088
CVE-2012-2743,0.00556,0.75267
CVE-2012-2744,0.04348,0.91542
CVE-2012-2745,0.00044,0.08000
CVE-2012-2746,0.00203,0.58309
CVE-2012-2747,0.01336,0.84683
CVE-2012-2748,0.00500,0.73865
CVE-2012-2749,0.01122,0.83129
CVE-2012-2750,0.00690,0.78092
CVE-2012-2751,0.00258,0.63630
CVE-2012-2752,0.00042,0.05722
CVE-2012-2753,0.00042,0.05722
CVE-2012-2759,0.00250,0.63055
CVE-2012-2760,0.00053,0.18454
CVE-2012-2762,0.00422,0.71680
CVE-2012-2763,0.96955,0.99675
CVE-2012-2764,0.00062,0.24874
CVE-2012-2768,0.00254,0.63423
CVE-2012-2769,0.00220,0.60154
CVE-2012-2770,0.00347,0.68842
CVE-2012-2771,0.00185,0.55856
CVE-2012-2772,0.00603,0.76277
CVE-2012-2773,0.00204,0.58370
CVE-2012-2774,0.01427,0.85204
CVE-2012-2775,0.00603,0.76277
CVE-2012-2776,0.00525,0.74520
CVE-2012-2777,0.00603,0.76277
CVE-2012-2778,0.00204,0.58370
CVE-2012-2779,0.00603,0.76277
CVE-2012-2780,0.00204,0.58370
CVE-2012-2781,0.00204,0.58370
CVE-2012-2782,0.00256,0.63532
CVE-2012-2783,0.00603,0.76277
CVE-2012-2784,0.00603,0.76277
CVE-2012-2785,0.00340,0.68541
CVE-2012-2786,0.00603,0.76277
CVE-2012-2787,0.00525,0.74520
CVE-2012-2788,0.00603,0.76277
CVE-2012-2789,0.00603,0.76277
CVE-2012-2790,0.00603,0.76277
CVE-2012-2791,0.00525,0.74520
CVE-2012-2792,0.00256,0.63532
CVE-2012-2793,0.00603,0.76277
CVE-2012-2794,0.00603,0.76277
CVE-2012-2795,0.00424,0.71739
CVE-2012-2796,0.00525,0.74520
CVE-2012-2797,0.00424,0.71739
CVE-2012-2798,0.00609,0.76396
CVE-2012-2799,0.00256,0.63532
CVE-2012-2800,0.00603,0.76277
CVE-2012-2801,0.00609,0.76396
CVE-2012-2802,0.00603,0.76277
CVE-2012-2803,0.00651,0.77275
CVE-2012-2804,0.00424,0.71739
CVE-2012-2805,0.00186,0.56041
CVE-2012-2806,0.01115,0.83057
CVE-2012-2807,0.06009,0.92781
CVE-2012-2808,0.00126,0.47145
CVE-2012-2812,0.03298,0.90397
CVE-2012-2813,0.02853,0.89734
CVE-2012-2814,0.08626,0.93925
CVE-2012-2815,0.00531,0.74686
CVE-2012-2816,0.00955,0.81603
CVE-2012-2817,0.02633,0.89332
CVE-2012-2818,0.01653,0.86303
CVE-2012-2819,0.01672,0.86371
CVE-2012-2820,0.00479,0.73335
CVE-2012-2821,0.00169,0.53921
CVE-2012-2822,0.00148,0.50759
CVE-2012-2823,0.00434,0.72070
CVE-2012-2824,0.01967,0.87545
CVE-2012-2825,0.01448,0.85324
CVE-2012-2826,0.00479,0.73335
CVE-2012-2827,0.00044,0.10161
CVE-2012-2828,0.00321,0.67639
CVE-2012-2829,0.02633,0.89332
CVE-2012-2830,0.00434,0.72070
CVE-2012-2831,0.02633,0.89332
CVE-2012-2832,0.00273,0.64746
CVE-2012-2833,0.00433,0.71976
CVE-2012-2834,0.00475,0.73196
CVE-2012-2836,0.03298,0.90397
CVE-2012-2837,0.03922,0.91146
CVE-2012-2840,0.08479,0.93860
CVE-2012-2841,0.13088,0.95049
CVE-2012-2842,0.02633,0.89332
CVE-2012-2843,0.02633,0.89332
CVE-2012-2844,0.00327,0.67888
CVE-2012-2845,0.00872,0.80659
CVE-2012-2846,0.00148,0.50759
CVE-2012-2847,0.00355,0.69190
CVE-2012-2848,0.00617,0.76595
CVE-2012-2849,0.00351,0.69023
CVE-2012-2850,0.01330,0.84641
CVE-2012-2851,0.00920,0.81222
CVE-2012-2852,0.00326,0.67866
CVE-2012-2853,0.00345,0.68780
CVE-2012-2854,0.00213,0.59276
CVE-2012-2855,0.00326,0.67866
CVE-2012-2856,0.00401,0.70995
CVE-2012-2857,0.01840,0.87054
CVE-2012-2858,0.00412,0.71358
CVE-2012-2859,0.00150,0.51020
CVE-2012-2860,0.00345,0.68780
CVE-2012-2862,0.00880,0.80757
CVE-2012-2863,0.00401,0.70995
CVE-2012-2864,0.05370,0.92397
CVE-2012-2865,0.01022,0.82226
CVE-2012-2866,0.00962,0.81672
CVE-2012-2867,0.01103,0.82960
CVE-2012-2868,0.00962,0.81672
CVE-2012-2869,0.00923,0.81264
CVE-2012-2870,0.02285,0.88582
CVE-2012-2871,0.01553,0.85856
CVE-2012-2872,0.00221,0.60296
CVE-2012-2874,0.00616,0.76578
CVE-2012-2875,0.02282,0.88575
CVE-2012-2876,0.00635,0.76934
CVE-2012-2877,0.00735,0.78846
CVE-2012-2878,0.00667,0.77649
CVE-2012-2879,0.01022,0.82226
CVE-2012-2880,0.00667,0.77649
CVE-2012-2881,0.00616,0.76578
CVE-2012-2882,0.00988,0.81934
CVE-2012-2883,0.00616,0.76578
CVE-2012-2884,0.00442,0.72304
CVE-2012-2885,0.00962,0.81672
CVE-2012-2886,0.00225,0.60797
CVE-2012-2887,0.00667,0.77649
CVE-2012-2888,0.00667,0.77649
CVE-2012-2889,0.00565,0.75451
CVE-2012-2890,0.01168,0.83489
CVE-2012-2891,0.00185,0.55821
CVE-2012-2892,0.00527,0.74601
CVE-2012-2893,0.01805,0.86873
CVE-2012-2894,0.00989,0.81950
CVE-2012-2895,0.00914,0.81148
CVE-2012-2896,0.00454,0.72639
CVE-2012-2897,0.48997,0.97220
CVE-2012-2898,0.00121,0.46206
CVE-2012-2899,0.00135,0.48658
CVE-2012-2900,0.00434,0.72070
CVE-2012-2901,0.00254,0.63423
CVE-2012-2902,0.00204,0.58380
CVE-2012-2903,0.00783,0.79564
CVE-2012-2904,0.00762,0.79249
CVE-2012-2905,0.01709,0.86506
CVE-2012-2906,0.00528,0.74620
CVE-2012-2907,0.00292,0.65987
CVE-2012-2908,0.00183,0.55653
CVE-2012-2909,0.00204,0.58403
CVE-2012-2910,0.00231,0.61312
CVE-2012-2911,0.00221,0.60282
CVE-2012-2912,0.00184,0.55757
CVE-2012-2913,0.00221,0.60282
CVE-2012-2914,0.00195,0.57452
CVE-2012-2915,0.93410,0.98918
CVE-2012-2916,0.00294,0.66119
CVE-2012-2917,0.00221,0.60282
CVE-2012-2918,0.00221,0.60282
CVE-2012-2919,0.07315,0.93440
CVE-2012-2920,0.00250,0.63055
CVE-2012-2921,0.03404,0.90540
CVE-2012-2922,0.00733,0.78817
CVE-2012-2923,0.00793,0.79742
CVE-2012-2924,0.00849,0.80410
CVE-2012-2925,0.00172,0.54259
CVE-2012-2926,0.38918,0.96907
CVE-2012-2927,0.00406,0.71152
CVE-2012-2928,0.01666,0.86352
CVE-2012-2930,0.00369,0.69796
CVE-2012-2931,0.00192,0.57141
CVE-2012-2932,0.00247,0.62780
CVE-2012-2934,0.00083,0.34411
CVE-2012-2935,0.00132,0.48166
CVE-2012-2936,0.00282,0.65305
CVE-2012-2937,0.00361,0.69489
CVE-2012-2938,0.00288,0.65715
CVE-2012-2939,0.01751,0.86671
CVE-2012-2940,0.02182,0.88298
CVE-2012-2941,0.00195,0.57452
CVE-2012-2942,0.10155,0.94427
CVE-2012-2943,0.00266,0.64294
CVE-2012-2944,0.09244,0.94134
CVE-2012-2945,0.00173,0.54491
CVE-2012-2947,0.01715,0.86536
CVE-2012-2948,0.96044,0.99373
CVE-2012-2949,0.00710,0.78445
CVE-2012-2950,0.00408,0.71214
CVE-2012-2952,0.01277,0.84305
CVE-2012-2953,0.96289,0.99436
CVE-2012-2955,0.00305,0.66725
CVE-2012-2956,0.00142,0.49938
CVE-2012-2957,0.95523,0.99262
CVE-2012-2959,0.00248,0.62812
CVE-2012-2960,0.00794,0.79764
CVE-2012-2961,0.95427,0.99238
CVE-2012-2962,0.97485,0.99967
CVE-2012-2963,0.00304,0.66629
CVE-2012-2964,0.00304,0.66629
CVE-2012-2965,0.00340,0.68544
CVE-2012-2966,0.00340,0.68544
CVE-2012-2967,0.00340,0.68544
CVE-2012-2968,0.00565,0.75459
CVE-2012-2969,0.00836,0.80267
CVE-2012-2970,0.00276,0.64879
CVE-2012-2971,0.59197,0.97472
CVE-2012-2972,0.67825,0.97679
CVE-2012-2974,0.00535,0.74800
CVE-2012-2975,0.00155,0.51753
CVE-2012-2976,0.00201,0.57986
CVE-2012-2977,0.01129,0.83180
CVE-2012-2978,0.02096,0.88007
CVE-2012-2979,0.00540,0.74931
CVE-2012-2980,0.00413,0.71363
CVE-2012-2981,0.00588,0.75987
CVE-2012-2982,0.97353,0.99883
CVE-2012-2983,0.01702,0.86477
CVE-2012-2984,0.00212,0.59204
CVE-2012-2985,0.00090,0.37820
CVE-2012-2986,0.00122,0.46457
CVE-2012-2990,0.00348,0.68885
CVE-2012-2991,0.00214,0.59519
CVE-2012-2993,0.00436,0.72109
CVE-2012-2994,0.01802,0.86857
CVE-2012-2995,0.00222,0.60600
CVE-2012-2996,0.00677,0.77875
CVE-2012-2997,0.01537,0.85784
CVE-2012-2998,0.05599,0.92557
CVE-2012-2999,0.00152,0.51384
CVE-2012-3000,0.00273,0.64741
CVE-2012-3001,0.21138,0.96005
CVE-2012-3002,0.01649,0.86289
CVE-2012-3003,0.00155,0.51753
CVE-2012-3004,0.00061,0.24233
CVE-2012-3005,0.00042,0.00438
CVE-2012-3006,0.00150,0.51197
CVE-2012-3007,0.00702,0.78273
CVE-2012-3008,0.07352,0.93452
CVE-2012-3009,0.00225,0.60867
CVE-2012-3010,0.03351,0.90467
CVE-2012-3011,0.00341,0.68583
CVE-2012-3012,0.00313,0.67136
CVE-2012-3013,0.00508,0.74121
CVE-2012-3014,0.00042,0.00438
CVE-2012-3015,0.00071,0.29292
CVE-2012-3016,0.00695,0.78181
CVE-2012-3017,0.00667,0.77655
CVE-2012-3018,0.00042,0.00438
CVE-2012-3020,0.00535,0.74800
CVE-2012-3021,0.03351,0.90467
CVE-2012-3022,0.00182,0.55579
CVE-2012-3024,0.00091,0.38126
CVE-2012-3025,0.00154,0.51692
CVE-2012-3026,0.03351,0.90467
CVE-2012-3028,0.00226,0.60899
CVE-2012-3030,0.00294,0.66103
CVE-2012-3031,0.00222,0.60600
CVE-2012-3032,0.00144,0.50226
CVE-2012-3034,0.00276,0.64928
CVE-2012-3035,0.00704,0.78308
CVE-2012-3037,0.00176,0.54834
CVE-2012-3039,0.00253,0.63218
CVE-2012-3040,0.00217,0.59722
CVE-2012-3047,0.00214,0.59478
CVE-2012-3051,0.00468,0.72996
CVE-2012-3052,0.00045,0.12117
CVE-2012-3053,0.00848,0.80409
CVE-2012-3054,0.00848,0.80409
CVE-2012-3055,0.00848,0.80409
CVE-2012-3056,0.00683,0.77968
CVE-2012-3057,0.00848,0.80409
CVE-2012-3058,0.00181,0.55455
CVE-2012-3060,0.00204,0.58364
CVE-2012-3062,0.00203,0.58266
CVE-2012-3063,0.00139,0.49413
CVE-2012-3073,0.00563,0.75411
CVE-2012-3074,0.00173,0.54512
CVE-2012-3075,0.00756,0.79148
CVE-2012-3076,0.00756,0.79148
CVE-2012-3079,0.00204,0.58364
CVE-2012-3088,0.00417,0.71513
CVE-2012-3094,0.00210,0.59007
CVE-2012-3096,0.00121,0.46305
CVE-2012-3105,0.03275,0.90357
CVE-2012-3106,0.17094,0.95617
CVE-2012-3107,0.00140,0.49594
CVE-2012-3108,0.00140,0.49594
CVE-2012-3109,0.00140,0.49594
CVE-2012-3110,0.00140,0.49594
CVE-2012-3111,0.00244,0.62530
CVE-2012-3112,0.00525,0.74538
CVE-2012-3113,0.00284,0.65474
CVE-2012-3114,0.00471,0.73098
CVE-2012-3115,0.00471,0.73098
CVE-2012-3116,0.00062,0.24501
CVE-2012-3117,0.00281,0.65258
CVE-2012-3118,0.00284,0.65474
CVE-2012-3119,0.00284,0.65474
CVE-2012-3120,0.01515,0.85667
CVE-2012-3121,0.01515,0.85667
CVE-2012-3122,0.00044,0.10704
CVE-2012-3123,0.00503,0.73986
CVE-2012-3124,0.01515,0.85667
CVE-2012-3125,0.01543,0.85809
CVE-2012-3126,0.00077,0.31742
CVE-2012-3127,0.01543,0.85809
CVE-2012-3128,0.00062,0.24501
CVE-2012-3129,0.01502,0.85608
CVE-2012-3130,0.00525,0.74538
CVE-2012-3131,0.00535,0.74790
CVE-2012-3132,0.00195,0.57502
CVE-2012-3133,0.00212,0.59188
CVE-2012-3134,0.00743,0.78952
CVE-2012-3135,0.00768,0.79345
CVE-2012-3136,0.01135,0.83233
CVE-2012-3137,0.06782,0.93219
CVE-2012-3138,0.00141,0.49829
CVE-2012-3139,0.00141,0.49829
CVE-2012-3140,0.00083,0.34501
CVE-2012-3141,0.00098,0.40388
CVE-2012-3142,0.00118,0.45766
CVE-2012-3143,0.02840,0.89712
CVE-2012-3144,0.00321,0.67634
CVE-2012-3145,0.00089,0.37268
CVE-2012-3146,0.00104,0.42245
CVE-2012-3147,0.01206,0.83798
CVE-2012-3148,0.00071,0.29447
CVE-2012-3149,0.00164,0.53054
CVE-2012-3150,0.00235,0.61643
CVE-2012-3151,0.00150,0.51192
CVE-2012-3152,0.97387,0.99906
CVE-2012-3153,0.95986,0.99358
CVE-2012-3154,0.00108,0.43388
CVE-2012-3155,0.00686,0.78026
CVE-2012-3156,0.00247,0.62783
CVE-2012-3157,0.00101,0.41226
CVE-2012-3158,0.01117,0.83073
CVE-2012-3159,0.02936,0.89845
CVE-2012-3160,0.00088,0.37044
CVE-2012-3161,0.00228,0.61089
CVE-2012-3162,0.00086,0.35702
CVE-2012-3163,0.00313,0.67184
CVE-2012-3164,0.00071,0.29447
CVE-2012-3165,0.00044,0.10704
CVE-2012-3166,0.00352,0.69072
CVE-2012-3167,0.00235,0.61643
CVE-2012-3168,0.00153,0.51544
CVE-2012-3169,0.00216,0.59674
CVE-2012-3170,0.00216,0.59674
CVE-2012-3171,0.00176,0.54842
CVE-2012-3172,0.00153,0.51544
CVE-2012-3173,0.00235,0.61643
CVE-2012-3174,0.09401,0.94186
CVE-2012-3175,0.00141,0.49829
CVE-2012-3176,0.00101,0.41226
CVE-2012-3177,0.00235,0.61643
CVE-2012-3178,0.00044,0.10704
CVE-2012-3179,0.00101,0.41226
CVE-2012-3180,0.00235,0.61643
CVE-2012-3181,0.00247,0.62783
CVE-2012-3182,0.00249,0.62919
CVE-2012-3183,0.00068,0.28073
CVE-2012-3184,0.00141,0.49829
CVE-2012-3185,0.00068,0.28073
CVE-2012-3186,0.00068,0.28073
CVE-2012-3187,0.00044,0.10704
CVE-2012-3188,0.00101,0.41226
CVE-2012-3189,0.00176,0.54821
CVE-2012-3190,0.00319,0.67532
CVE-2012-3191,0.00174,0.54634
CVE-2012-3192,0.00071,0.29447
CVE-2012-3193,0.00108,0.43388
CVE-2012-3194,0.00228,0.61089
CVE-2012-3195,0.00118,0.45766
CVE-2012-3196,0.00398,0.70905
CVE-2012-3197,0.00235,0.61643
CVE-2012-3198,0.00247,0.62783
CVE-2012-3199,0.00044,0.10704
CVE-2012-3200,0.00118,0.45766
CVE-2012-3201,0.00118,0.45766
CVE-2012-3202,0.01618,0.86170
CVE-2012-3203,0.00044,0.10704
CVE-2012-3204,0.00044,0.10704
CVE-2012-3205,0.00044,0.10704
CVE-2012-3206,0.00086,0.35702
CVE-2012-3207,0.00044,0.10704
CVE-2012-3208,0.00044,0.10704
CVE-2012-3209,0.00044,0.10704
CVE-2012-3210,0.00547,0.75082
CVE-2012-3211,0.00044,0.10704
CVE-2012-3212,0.00044,0.10704
CVE-2012-3213,0.05770,0.92646
CVE-2012-3214,0.00155,0.51882
CVE-2012-3215,0.00044,0.10704
CVE-2012-3216,0.00602,0.76244
CVE-2012-3217,0.00156,0.51918
CVE-2012-3218,0.00083,0.34501
CVE-2012-3219,0.00450,0.72522
CVE-2012-3220,0.00461,0.72809
CVE-2012-3221,0.00299,0.66363
CVE-2012-3222,0.00216,0.59674
CVE-2012-3223,0.00118,0.45766
CVE-2012-3224,0.00118,0.45766
CVE-2012-3225,0.00101,0.41226
CVE-2012-3226,0.00108,0.43388
CVE-2012-3227,0.00094,0.39308
CVE-2012-3228,0.00247,0.62783
CVE-2012-3229,0.00164,0.53054
CVE-2012-3230,0.00495,0.73745
CVE-2012-3231,0.00339,0.68497
CVE-2012-3232,0.00177,0.54970
CVE-2012-3233,0.03879,0.91102
CVE-2012-3234,0.00402,0.71023
CVE-2012-3236,0.01021,0.82219
CVE-2012-3238,0.00300,0.66404
CVE-2012-3240,0.00520,0.74408
CVE-2012-3241,0.00520,0.74408
CVE-2012-3243,0.00146,0.50565
CVE-2012-3247,0.00042,0.05722
CVE-2012-3248,0.00197,0.57640
CVE-2012-3249,0.00121,0.46363
CVE-2012-3250,0.00303,0.66601
CVE-2012-3251,0.00123,0.46648
CVE-2012-3252,0.00663,0.77563
CVE-2012-3253,0.11119,0.94672
CVE-2012-3254,0.11119,0.94672
CVE-2012-3255,0.00847,0.80396
CVE-2012-3256,0.00139,0.49432
CVE-2012-3257,0.00470,0.73057
CVE-2012-3258,0.10557,0.94523
CVE-2012-3259,0.10724,0.94580
CVE-2012-3260,0.10724,0.94580
CVE-2012-3261,0.10724,0.94580
CVE-2012-3262,0.10724,0.94580
CVE-2012-3263,0.10724,0.94580
CVE-2012-3264,0.10724,0.94580
CVE-2012-3266,0.00217,0.59694
CVE-2012-3267,0.00456,0.72687
CVE-2012-3268,0.00285,0.65525
CVE-2012-3269,0.02439,0.88941
CVE-2012-3270,0.01558,0.85888
CVE-2012-3271,0.02286,0.88582
CVE-2012-3272,0.01690,0.86438
CVE-2012-3273,0.00197,0.57640
CVE-2012-3274,0.84938,0.98277
CVE-2012-3275,0.10752,0.94586
CVE-2012-3276,0.00042,0.05722
CVE-2012-3277,0.00303,0.66601
CVE-2012-3278,0.06379,0.92996
CVE-2012-3279,0.00175,0.54745
CVE-2012-3280,0.00142,0.49851
CVE-2012-3281,0.00303,0.66601
CVE-2012-3282,0.92512,0.98815
CVE-2012-3283,0.92512,0.98815
CVE-2012-3284,0.92512,0.98815
CVE-2012-3285,0.92512,0.98815
CVE-2012-3286,0.00269,0.64462
CVE-2012-3287,0.00140,0.49503
CVE-2012-3288,0.01803,0.86868
CVE-2012-3289,0.00213,0.59274
CVE-2012-3290,0.00082,0.34004
CVE-2012-3291,0.00600,0.76199
CVE-2012-3292,0.00772,0.79397
CVE-2012-3293,0.00250,0.63004
CVE-2012-3294,0.00452,0.72570
CVE-2012-3295,0.00215,0.59577
CVE-2012-3296,0.00441,0.72256
CVE-2012-3297,0.00178,0.55082
CVE-2012-3298,0.00609,0.76389
CVE-2012-3300,0.00617,0.76601
CVE-2012-3301,0.00191,0.56744
CVE-2012-3302,0.00178,0.55082
CVE-2012-3304,0.00541,0.74946
CVE-2012-3305,0.00404,0.71087
CVE-2012-3306,0.00237,0.61854
CVE-2012-3308,0.00191,0.56743
CVE-2012-3309,0.00179,0.55241
CVE-2012-3310,0.00168,0.53551
CVE-2012-3311,0.00042,0.05722
CVE-2012-3312,0.00214,0.59473
CVE-2012-3313,0.00191,0.56743
CVE-2012-3314,0.00356,0.69235
CVE-2012-3315,0.00324,0.67789
CVE-2012-3316,0.00084,0.34624
CVE-2012-3317,0.00042,0.05722
CVE-2012-3319,0.00311,0.67043
CVE-2012-3321,0.00214,0.59463
CVE-2012-3322,0.00084,0.34624
CVE-2012-3323,0.00939,0.81413
CVE-2012-3324,0.00222,0.60598
CVE-2012-3325,0.00482,0.73415
CVE-2012-3326,0.00191,0.56743
CVE-2012-3327,0.00178,0.55082
CVE-2012-3328,0.00178,0.55082
CVE-2012-3329,0.00042,0.05722
CVE-2012-3330,0.00617,0.76601
CVE-2012-3331,0.00106,0.42983
CVE-2012-3333,0.00191,0.56744
CVE-2012-3334,0.92611,0.98830
CVE-2012-3336,0.00105,0.42692
CVE-2012-3337,0.00081,0.33695
CVE-2012-3338,0.00075,0.30931
CVE-2012-3340,0.00063,0.25198
CVE-2012-3341,0.00056,0.21150
CVE-2012-3342,0.01816,0.86926
CVE-2012-3343,0.00090,0.38032
CVE-2012-3345,0.00042,0.05722
CVE-2012-3347,0.00281,0.65220
CVE-2012-3350,0.29941,0.96526
CVE-2012-3351,0.00989,0.81941
CVE-2012-3353,0.00072,0.29647
CVE-2012-3354,0.00565,0.75464
CVE-2012-3355,0.00042,0.05722
CVE-2012-3356,0.00673,0.77766
CVE-2012-3357,0.00640,0.77058
CVE-2012-3358,0.08626,0.93925
CVE-2012-3359,0.00079,0.33133
CVE-2012-3360,0.00441,0.72248
CVE-2012-3361,0.00383,0.70333
CVE-2012-3362,0.01158,0.83405
CVE-2012-3363,0.09518,0.94225
CVE-2012-3364,0.05438,0.92448
CVE-2012-3365,0.00815,0.79992
CVE-2012-3366,0.00460,0.72795
CVE-2012-3367,0.00229,0.61206
CVE-2012-3368,0.00467,0.72974
CVE-2012-3369,0.00899,0.80996
CVE-2012-3370,0.00949,0.81525
CVE-2012-3371,0.00705,0.78322
CVE-2012-3372,0.00101,0.41082
CVE-2012-3373,0.00413,0.71380
CVE-2012-3374,0.26012,0.96309
CVE-2012-3375,0.00053,0.18309
CVE-2012-3376,0.00224,0.60781
CVE-2012-3377,0.04659,0.91815
CVE-2012-3378,0.00042,0.05722
CVE-2012-3380,0.00042,0.05722
CVE-2012-3381,0.00042,0.05722
CVE-2012-3382,0.00272,0.64688
CVE-2012-3383,0.00324,0.67769
CVE-2012-3384,0.00159,0.52409
CVE-2012-3385,0.00191,0.56783
CVE-2012-3386,0.00042,0.05722
CVE-2012-3387,0.00370,0.69836
CVE-2012-3388,0.00370,0.69836
CVE-2012-3389,0.00254,0.63423
CVE-2012-3390,0.00174,0.54596
CVE-2012-3391,0.00370,0.69836
CVE-2012-3392,0.00341,0.68560
CVE-2012-3393,0.00127,0.47304
CVE-2012-3394,0.00525,0.74530
CVE-2012-3395,0.00202,0.58201
CVE-2012-3396,0.00127,0.47304
CVE-2012-3397,0.00370,0.69836
CVE-2012-3398,0.00458,0.72746
CVE-2012-3399,0.94774,0.99112
CVE-2012-3400,0.02805,0.89650
CVE-2012-3401,0.00436,0.72098
CVE-2012-3402,0.01866,0.87145
CVE-2012-3403,0.02676,0.89416
CVE-2012-3404,0.01556,0.85869
CVE-2012-3405,0.01065,0.82650
CVE-2012-3406,0.00324,0.67744
CVE-2012-3407,0.00042,0.05722
CVE-2012-3408,0.00342,0.68614
CVE-2012-3409,0.00045,0.11966
CVE-2012-3410,0.00042,0.05722
CVE-2012-3411,0.02927,0.89835
CVE-2012-3412,0.12100,0.94895
CVE-2012-3413,0.00451,0.72545
CVE-2012-3414,0.03416,0.90559
CVE-2012-3416,0.01784,0.86788
CVE-2012-3417,0.00519,0.74371
CVE-2012-3418,0.09877,0.94324
CVE-2012-3419,0.00601,0.76226
CVE-2012-3420,0.09378,0.94179
CVE-2012-3421,0.04897,0.92034
CVE-2012-3422,0.02253,0.88492
CVE-2012-3423,0.09562,0.94237
CVE-2012-3424,0.00920,0.81233
CVE-2012-3425,0.03931,0.91153
CVE-2012-3426,0.00251,0.63111
CVE-2012-3427,0.00042,0.05722
CVE-2012-3428,0.00778,0.79500
CVE-2012-3429,0.00987,0.81919
CVE-2012-3430,0.00044,0.08191
CVE-2012-3431,0.00138,0.49322
CVE-2012-3432,0.00119,0.45864
CVE-2012-3433,0.00062,0.24773
CVE-2012-3434,0.00309,0.66978
CVE-2012-3435,0.00254,0.63310
CVE-2012-3436,0.05874,0.92708
CVE-2012-3437,0.03594,0.90768
CVE-2012-3438,0.02925,0.89830
CVE-2012-3440,0.00042,0.05722
CVE-2012-3441,0.00746,0.78993
CVE-2012-3442,0.00357,0.69283
CVE-2012-3443,0.02084,0.87968
CVE-2012-3444,0.02005,0.87707
CVE-2012-3445,0.01067,0.82665
CVE-2012-3446,0.00060,0.23549
CVE-2012-3447,0.00384,0.70389
CVE-2012-3448,0.20225,0.95936
CVE-2012-3449,0.00042,0.05722
CVE-2012-3450,0.06951,0.93304
CVE-2012-3451,0.00173,0.54529
CVE-2012-3452,0.00052,0.18252
CVE-2012-3453,0.00042,0.05722
CVE-2012-3454,0.00042,0.05722
CVE-2012-3455,0.08930,0.94030
CVE-2012-3456,0.78629,0.98005
CVE-2012-3457,0.00042,0.05722
CVE-2012-3458,0.00371,0.69878
CVE-2012-3459,0.00222,0.60622
CVE-2012-3460,0.00218,0.59863
CVE-2012-3461,0.04227,0.91432
CVE-2012-3462,0.00234,0.61596
CVE-2012-3463,0.00192,0.57132
CVE-2012-3464,0.00220,0.60154
CVE-2012-3465,0.00220,0.60154
CVE-2012-3466,0.00115,0.45205
CVE-2012-3467,0.00246,0.62683
CVE-2012-3468,0.00185,0.55833
CVE-2012-3469,0.00491,0.73671
CVE-2012-3470,0.00155,0.51820
CVE-2012-3471,0.00155,0.51820
CVE-2012-3472,0.00428,0.71840
CVE-2012-3473,0.00811,0.79951
CVE-2012-3474,0.00598,0.76159
CVE-2012-3475,0.00756,0.79173
CVE-2012-3476,0.00073,0.30183
CVE-2012-3477,0.00220,0.60007
CVE-2012-3478,0.00042,0.05722
CVE-2012-3479,0.01557,0.85880
CVE-2012-3480,0.00044,0.10505
CVE-2012-3481,0.02087,0.87971
CVE-2012-3482,0.00662,0.77548
CVE-2012-3483,0.00062,0.24874
CVE-2012-3484,0.00042,0.05722
CVE-2012-3485,0.00228,0.61097
CVE-2012-3486,0.00042,0.05722
CVE-2012-3487,0.00042,0.05722
CVE-2012-3488,0.00171,0.54177
CVE-2012-3489,0.00252,0.63198
CVE-2012-3490,0.00458,0.72743
CVE-2012-3491,0.00462,0.72839
CVE-2012-3492,0.00703,0.78294
CVE-2012-3493,0.00674,0.77773
CVE-2012-3494,0.00064,0.26441
CVE-2012-3495,0.00064,0.26441
CVE-2012-3496,0.00064,0.26441
CVE-2012-3497,0.00064,0.26441
CVE-2012-3498,0.00064,0.26441
CVE-2012-3499,0.00772,0.79397
CVE-2012-3500,0.00044,0.08000
CVE-2012-3501,0.05630,0.92579
CVE-2012-3502,0.00262,0.63964
CVE-2012-3503,0.01646,0.86282
CVE-2012-3504,0.00042,0.05722
CVE-2012-3505,0.02128,0.88112
CVE-2012-3506,0.00405,0.71140
CVE-2012-3507,0.00297,0.66276
CVE-2012-3508,0.00265,0.64225
CVE-2012-3509,0.02302,0.88616
CVE-2012-3510,0.00042,0.05722
CVE-2012-3511,0.00044,0.08002
CVE-2012-3512,0.00042,0.05722
CVE-2012-3513,0.02437,0.88938
CVE-2012-3514,0.00190,0.56647
CVE-2012-3515,0.00068,0.28152
CVE-2012-3516,0.00062,0.24773
CVE-2012-3517,0.03761,0.90975
CVE-2012-3518,0.03761,0.90975
CVE-2012-3519,0.00640,0.77058
CVE-2012-3520,0.00042,0.05722
CVE-2012-3521,0.00655,0.77349
CVE-2012-3522,0.00272,0.64688
CVE-2012-3523,0.00209,0.58880
CVE-2012-3524,0.00045,0.11810
CVE-2012-3525,0.00529,0.74646
CVE-2012-3526,0.03761,0.90975
CVE-2012-3527,0.00272,0.64691
CVE-2012-3528,0.00106,0.42730
CVE-2012-3529,0.00248,0.62834
CVE-2012-3530,0.00343,0.68670
CVE-2012-3531,0.00220,0.60154
CVE-2012-3532,0.00160,0.52542
CVE-2012-3533,0.00287,0.65636
CVE-2012-3534,0.02031,0.87784
CVE-2012-3535,0.04507,0.91679
CVE-2012-3536,0.00145,0.50431
CVE-2012-3537,0.00042,0.05722
CVE-2012-3538,0.00085,0.35309
CVE-2012-3540,0.00786,0.79599
CVE-2012-3542,0.00789,0.79691
CVE-2012-3543,0.00621,0.76672
CVE-2012-3544,0.92288,0.98785
CVE-2012-3546,0.00290,0.65867
CVE-2012-3547,0.04904,0.92039
CVE-2012-3548,0.00384,0.70388
CVE-2012-3549,0.10760,0.94588
CVE-2012-3551,0.00268,0.64386
CVE-2012-3552,0.01477,0.85451
CVE-2012-3553,0.00161,0.52765
CVE-2012-3554,0.00150,0.51205
CVE-2012-3555,0.01728,0.86586
CVE-2012-3556,0.01206,0.83801
CVE-2012-3557,0.00353,0.69111
CVE-2012-3558,0.00346,0.68796
CVE-2012-3559,0.00217,0.59716
CVE-2012-3560,0.00438,0.72173
CVE-2012-3561,0.10028,0.94398
CVE-2012-3562,0.00199,0.57793
CVE-2012-3563,0.00235,0.61625
CVE-2012-3564,0.00264,0.64126
CVE-2012-3565,0.00264,0.64126
CVE-2012-3566,0.00199,0.57793
CVE-2012-3567,0.00264,0.64126
CVE-2012-3568,0.00264,0.64126
CVE-2012-3569,0.96565,0.99537
CVE-2012-3570,0.28441,0.96450
CVE-2012-3571,0.08222,0.93780
CVE-2012-3572,0.00222,0.60602
CVE-2012-3574,0.27097,0.96362
CVE-2012-3575,0.13414,0.95106
CVE-2012-3576,0.38257,0.96869
CVE-2012-3577,0.31388,0.96591
CVE-2012-3578,0.24291,0.96212
CVE-2012-3579,0.10804,0.94597
CVE-2012-3580,0.00118,0.45680
CVE-2012-3581,0.00168,0.53605
CVE-2012-3582,0.00168,0.53817
CVE-2012-3585,0.08733,0.93966
CVE-2012-3587,0.00167,0.53470
CVE-2012-3588,0.02040,0.87817
CVE-2012-3589,0.07788,0.93609
CVE-2012-3590,0.07788,0.93609
CVE-2012-3591,0.07788,0.93609
CVE-2012-3592,0.07788,0.93609
CVE-2012-3593,0.07788,0.93609
CVE-2012-3594,0.07788,0.93609
CVE-2012-3595,0.07788,0.93609
CVE-2012-3596,0.07788,0.93609
CVE-2012-3597,0.07788,0.93609
CVE-2012-3598,0.01016,0.82185
CVE-2012-3599,0.07788,0.93609
CVE-2012-3600,0.07788,0.93609
CVE-2012-3601,0.08721,0.93964
CVE-2012-3602,0.08721,0.93964
CVE-2012-3603,0.07788,0.93609
CVE-2012-3604,0.07788,0.93609
CVE-2012-3605,0.07788,0.93609
CVE-2012-3606,0.01237,0.84039
CVE-2012-3607,0.01057,0.82557
CVE-2012-3608,0.07788,0.93609
CVE-2012-3609,0.07788,0.93609
CVE-2012-3610,0.07788,0.93609
CVE-2012-3611,0.07788,0.93609
CVE-2012-3612,0.08721,0.93964
CVE-2012-3613,0.08721,0.93964
CVE-2012-3614,0.08721,0.93964
CVE-2012-3615,0.07788,0.93609
CVE-2012-3616,0.03226,0.90282
CVE-2012-3617,0.08721,0.93964
CVE-2012-3618,0.07788,0.93609
CVE-2012-3620,0.07788,0.93609
CVE-2012-3621,0.01057,0.82557
CVE-2012-3622,0.03226,0.90282
CVE-2012-3623,0.03226,0.90282
CVE-2012-3624,0.08721,0.93964
CVE-2012-3625,0.06091,0.92833
CVE-2012-3626,0.07788,0.93609
CVE-2012-3627,0.06091,0.92833
CVE-2012-3628,0.07788,0.93609
CVE-2012-3629,0.06091,0.92833
CVE-2012-3630,0.07788,0.93609
CVE-2012-3631,0.07788,0.93609
CVE-2012-3632,0.01057,0.82557
CVE-2012-3633,0.07788,0.93609
CVE-2012-3634,0.06091,0.92833
CVE-2012-3635,0.07788,0.93609
CVE-2012-3636,0.06091,0.92833
CVE-2012-3637,0.07788,0.93609
CVE-2012-3638,0.07788,0.93609
CVE-2012-3639,0.06091,0.92833
CVE-2012-3640,0.06091,0.92833
CVE-2012-3641,0.06091,0.92833
CVE-2012-3642,0.06091,0.92833
CVE-2012-3643,0.03226,0.90282
CVE-2012-3644,0.06091,0.92833
CVE-2012-3645,0.06091,0.92833
CVE-2012-3646,0.06091,0.92833
CVE-2012-3647,0.08721,0.93964
CVE-2012-3648,0.08721,0.93964
CVE-2012-3649,0.03226,0.90282
CVE-2012-3650,0.00357,0.69298
CVE-2012-3651,0.01016,0.82185
CVE-2012-3652,0.01016,0.82185
CVE-2012-3653,0.07788,0.93609
CVE-2012-3654,0.03226,0.90282
CVE-2012-3655,0.06091,0.92833
CVE-2012-3656,0.06091,0.92833
CVE-2012-3657,0.03226,0.90282
CVE-2012-3658,0.01016,0.82185
CVE-2012-3659,0.01016,0.82185
CVE-2012-3660,0.08721,0.93964
CVE-2012-3661,0.06091,0.92833
CVE-2012-3663,0.06091,0.92833
CVE-2012-3664,0.06091,0.92833
CVE-2012-3665,0.06091,0.92833
CVE-2012-3666,0.06091,0.92833
CVE-2012-3667,0.06091,0.92833
CVE-2012-3668,0.06091,0.92833
CVE-2012-3669,0.06091,0.92833
CVE-2012-3670,0.06091,0.92833
CVE-2012-3671,0.08721,0.93964
CVE-2012-3672,0.08721,0.93964
CVE-2012-3673,0.08721,0.93964
CVE-2012-3674,0.06091,0.92833
CVE-2012-3675,0.03226,0.90282
CVE-2012-3676,0.08721,0.93964
CVE-2012-3677,0.08721,0.93964
CVE-2012-3678,0.06091,0.92833
CVE-2012-3679,0.06091,0.92833
CVE-2012-3680,0.06091,0.92833
CVE-2012-3681,0.06091,0.92833
CVE-2012-3682,0.06091,0.92833
CVE-2012-3683,0.06091,0.92833
CVE-2012-3684,0.08721,0.93964
CVE-2012-3685,0.03226,0.90282
CVE-2012-3686,0.06091,0.92833
CVE-2012-3687,0.01237,0.84039
CVE-2012-3688,0.03226,0.90282
CVE-2012-3689,0.00116,0.45363
CVE-2012-3690,0.00259,0.63680
CVE-2012-3691,0.00257,0.63558
CVE-2012-3692,0.03226,0.90282
CVE-2012-3693,0.00376,0.70054
CVE-2012-3694,0.00259,0.63680
CVE-2012-3695,0.00253,0.63275
CVE-2012-3696,0.00316,0.67384
CVE-2012-3697,0.00189,0.56521
CVE-2012-3698,0.00283,0.65377
CVE-2012-3699,0.03226,0.90282
CVE-2012-3700,0.03226,0.90282
CVE-2012-3701,0.01057,0.82557
CVE-2012-3702,0.03226,0.90282
CVE-2012-3703,0.08721,0.93964
CVE-2012-3704,0.08721,0.93964
CVE-2012-3705,0.03226,0.90282
CVE-2012-3706,0.08721,0.93964
CVE-2012-3707,0.03226,0.90282
CVE-2012-3708,0.08721,0.93964
CVE-2012-3709,0.03226,0.90282
CVE-2012-3710,0.08721,0.93964
CVE-2012-3711,0.03226,0.90282
CVE-2012-3712,0.03226,0.90282
CVE-2012-3713,0.00406,0.71162
CVE-2012-3714,0.00321,0.67633
CVE-2012-3715,0.00324,0.67784
CVE-2012-3716,0.02325,0.88665
CVE-2012-3718,0.00042,0.05722
CVE-2012-3719,0.00604,0.76313
CVE-2012-3720,0.00445,0.72378
CVE-2012-3721,0.00191,0.56783
CVE-2012-3722,0.01479,0.85458
CVE-2012-3723,0.00061,0.23820
CVE-2012-3724,0.00358,0.69347
CVE-2012-3725,0.00246,0.62694
CVE-2012-3726,0.01551,0.85843
CVE-2012-3727,0.01377,0.84958
CVE-2012-3728,0.00042,0.05722
CVE-2012-3729,0.00042,0.05722
CVE-2012-3730,0.00339,0.68501
CVE-2012-3731,0.00051,0.17433
CVE-2012-3732,0.00301,0.66474
CVE-2012-3733,0.00337,0.68416
CVE-2012-3734,0.00042,0.05722
CVE-2012-3735,0.00057,0.21395
CVE-2012-3736,0.00044,0.10161
CVE-2012-3737,0.00051,0.17134
CVE-2012-3738,0.00051,0.17433
CVE-2012-3739,0.00044,0.10161
CVE-2012-3740,0.00044,0.10161
CVE-2012-3741,0.00042,0.05722
CVE-2012-3742,0.00347,0.68842
CVE-2012-3743,0.00331,0.68172
CVE-2012-3744,0.00376,0.70054
CVE-2012-3745,0.00584,0.75882
CVE-2012-3746,0.00154,0.51628
CVE-2012-3747,0.00973,0.81777
CVE-2012-3748,0.13625,0.95135
CVE-2012-3749,0.00546,0.75055
CVE-2012-3750,0.00061,0.23941
CVE-2012-3751,0.04902,0.92038
CVE-2012-3752,0.97000,0.99690
CVE-2012-3753,0.97021,0.99700
CVE-2012-3754,0.04902,0.92038
CVE-2012-3755,0.83205,0.98197
CVE-2012-3756,0.01969,0.87552
CVE-2012-3757,0.02094,0.88003
CVE-2012-3758,0.02606,0.89268
CVE-2012-3789,0.00209,0.58848
CVE-2012-3790,0.00315,0.67321
CVE-2012-3791,0.01098,0.82925
CVE-2012-3792,0.03974,0.91184
CVE-2012-3793,0.04238,0.91445
CVE-2012-3794,0.05519,0.92507
CVE-2012-3795,0.05522,0.92509
CVE-2012-3796,0.00704,0.78306
CVE-2012-3797,0.04114,0.91333
CVE-2012-3798,0.00042,0.05722
CVE-2012-3799,0.00585,0.75899
CVE-2012-3800,0.00112,0.44426
CVE-2012-3802,0.00153,0.51606
CVE-2012-3805,0.00305,0.66676
CVE-2012-3806,0.35161,0.96747
CVE-2012-3807,0.87186,0.98395
CVE-2012-3808,0.56241,0.97402
CVE-2012-3809,0.56241,0.97402
CVE-2012-3810,0.56241,0.97402
CVE-2012-3811,0.97157,0.99766
CVE-2012-3812,0.01173,0.83537
CVE-2012-3814,0.03794,0.91011
CVE-2012-3815,0.72697,0.97831
CVE-2012-3816,0.44677,0.97069
CVE-2012-3817,0.06578,0.93121
CVE-2012-3818,0.00042,0.05722
CVE-2012-3819,0.04768,0.91930
CVE-2012-3820,0.00551,0.75175
CVE-2012-3821,0.00777,0.79484
CVE-2012-3822,0.01805,0.86874
CVE-2012-3823,0.00752,0.79086
CVE-2012-3824,0.00811,0.79952
CVE-2012-3825,0.00165,0.53204
CVE-2012-3826,0.00205,0.58535
CVE-2012-3828,0.00157,0.52146
CVE-2012-3829,0.00563,0.75425
CVE-2012-3830,0.00255,0.63492
CVE-2012-3831,0.00155,0.51807
CVE-2012-3832,0.00140,0.49644
CVE-2012-3833,0.00329,0.68015
CVE-2012-3834,0.00278,0.65058
CVE-2012-3835,0.00550,0.75152
CVE-2012-3836,0.00329,0.68023
CVE-2012-3837,0.00329,0.68023
CVE-2012-3838,0.00393,0.70745
CVE-2012-3839,0.00695,0.78176
CVE-2012-3840,0.00204,0.58403
CVE-2012-3841,0.00096,0.40057
CVE-2012-3842,0.00184,0.55789
CVE-2012-3843,0.00220,0.60154
CVE-2012-3844,0.00220,0.60154
CVE-2012-3845,0.37698,0.96848
CVE-2012-3846,0.00254,0.63423
CVE-2012-3847,0.00262,0.63970
CVE-2012-3848,0.00096,0.39759
CVE-2012-3859,0.00772,0.79396
CVE-2012-3863,0.01040,0.82410
CVE-2012-3864,0.00563,0.75412
CVE-2012-3865,0.01121,0.83123
CVE-2012-3866,0.00042,0.05722
CVE-2012-3867,0.00839,0.80294
CVE-2012-3868,0.00235,0.61625
CVE-2012-3869,0.00783,0.79564
CVE-2012-3870,0.00067,0.27655
CVE-2012-3871,0.00073,0.30183
CVE-2012-3872,0.00165,0.53141
CVE-2012-3873,0.01773,0.86737
CVE-2012-3881,0.00125,0.47070
CVE-2012-3884,0.00396,0.70860
CVE-2012-3885,0.00645,0.77137
CVE-2012-3886,0.00396,0.70860
CVE-2012-3887,0.00283,0.65428
CVE-2012-3888,0.00350,0.68992
CVE-2012-3889,0.00452,0.72572
CVE-2012-3890,0.00452,0.72572
CVE-2012-3893,0.00121,0.46305
CVE-2012-3895,0.00121,0.46305
CVE-2012-3899,0.00161,0.52744
CVE-2012-3901,0.00181,0.55455
CVE-2012-3908,0.00157,0.52211
CVE-2012-3913,0.00187,0.56209
CVE-2012-3915,0.00181,0.55455
CVE-2012-3918,0.00258,0.63622
CVE-2012-3919,0.00181,0.55455
CVE-2012-3923,0.00108,0.43364
CVE-2012-3924,0.00108,0.43364
CVE-2012-3935,0.01184,0.83637
CVE-2012-3936,0.03788,0.91003
CVE-2012-3937,0.04006,0.91210
CVE-2012-3938,0.04006,0.91210
CVE-2012-3939,0.05817,0.92672
CVE-2012-3940,0.04006,0.91210
CVE-2012-3941,0.04006,0.91210
CVE-2012-3946,0.00341,0.68599
CVE-2012-3949,0.00905,0.81049
CVE-2012-3950,0.01282,0.84358
CVE-2012-3951,0.86127,0.98340
CVE-2012-3952,0.05306,0.92346
CVE-2012-3953,0.00259,0.63748
CVE-2012-3954,0.06481,0.93060
CVE-2012-3955,0.03408,0.90548
CVE-2012-3956,0.03542,0.90705
CVE-2012-3957,0.05257,0.92305
CVE-2012-3958,0.08186,0.93765
CVE-2012-3959,0.03349,0.90464
CVE-2012-3960,0.03542,0.90705
CVE-2012-3961,0.03971,0.91182
CVE-2012-3962,0.08141,0.93749
CVE-2012-3963,0.03893,0.91115
CVE-2012-3964,0.08186,0.93765
CVE-2012-3965,0.00984,0.81889
CVE-2012-3966,0.07556,0.93521
CVE-2012-3967,0.00885,0.80817
CVE-2012-3968,0.03541,0.90704
CVE-2012-3969,0.17395,0.95656
CVE-2012-3970,0.08186,0.93765
CVE-2012-3971,0.07262,0.93422
CVE-2012-3972,0.00244,0.62509
CVE-2012-3973,0.05009,0.92126
CVE-2012-3974,0.00045,0.11991
CVE-2012-3975,0.00489,0.73619
CVE-2012-3976,0.00208,0.58749
CVE-2012-3978,0.01549,0.85836
CVE-2012-3979,0.01218,0.83892
CVE-2012-3980,0.01824,0.86960
CVE-2012-3981,0.01080,0.82778
CVE-2012-3982,0.01391,0.85021
CVE-2012-3983,0.05096,0.92194
CVE-2012-3984,0.01299,0.84467
CVE-2012-3985,0.00318,0.67470
CVE-2012-3986,0.00612,0.76471
CVE-2012-3987,0.00451,0.72555
CVE-2012-3988,0.07322,0.93443
CVE-2012-3989,0.01772,0.86734
CVE-2012-3990,0.03235,0.90304
CVE-2012-3991,0.01242,0.84070
CVE-2012-3992,0.00368,0.69764
CVE-2012-3993,0.01467,0.85414
CVE-2012-3994,0.00292,0.65936
CVE-2012-3995,0.02252,0.88491
CVE-2012-3996,0.01767,0.86724
CVE-2012-3997,0.00214,0.59432
CVE-2012-3998,0.00147,0.50637
CVE-2012-3999,0.00132,0.48166
CVE-2012-4000,0.00468,0.73000
CVE-2012-4001,0.00114,0.44772
CVE-2012-4002,0.00243,0.62353
CVE-2012-4003,0.00220,0.60154
CVE-2012-4004,0.00220,0.60154
CVE-2012-4005,0.00313,0.67163
CVE-2012-4006,0.00259,0.63680
CVE-2012-4007,0.00231,0.61297
CVE-2012-4008,0.00395,0.70815
CVE-2012-4009,0.00612,0.76485
CVE-2012-4010,0.00346,0.68793
CVE-2012-4011,0.00451,0.72547
CVE-2012-4012,0.00282,0.65331
CVE-2012-4013,0.00282,0.65331
CVE-2012-4014,0.00264,0.64126
CVE-2012-4015,0.00132,0.48166
CVE-2012-4016,0.00438,0.72186
CVE-2012-4017,0.00282,0.65331
CVE-2012-4018,0.00220,0.60154
CVE-2012-4019,0.00254,0.63423
CVE-2012-4020,0.00228,0.61073
CVE-2012-4021,0.00233,0.61490
CVE-2012-4022,0.01563,0.85912
CVE-2012-4023,0.00217,0.59729
CVE-2012-4024,0.02728,0.89520
CVE-2012-4025,0.02982,0.89912
CVE-2012-4026,0.00214,0.59519
CVE-2012-4027,0.00316,0.67364
CVE-2012-4028,0.00382,0.70294
CVE-2012-4029,0.00268,0.64400
CVE-2012-4030,0.00143,0.50088
CVE-2012-4031,0.25460,0.96280
CVE-2012-4032,0.00951,0.81539
CVE-2012-4033,0.00308,0.66914
CVE-2012-4034,0.00752,0.79083
CVE-2012-4035,0.15968,0.95479
CVE-2012-4036,0.12069,0.94887
CVE-2012-4037,0.00316,0.67339
CVE-2012-4043,0.00155,0.51807
CVE-2012-4045,0.04985,0.92093
CVE-2012-4046,0.00225,0.60831
CVE-2012-4048,0.00282,0.65314
CVE-2012-4049,0.00930,0.81328
CVE-2012-4050,0.00116,0.45376
CVE-2012-4051,0.00973,0.81780
CVE-2012-4052,0.00192,0.57132
CVE-2012-4053,0.00160,0.52542
CVE-2012-4054,0.00573,0.75620
CVE-2012-4055,0.00079,0.32864
CVE-2012-4056,0.00147,0.50690
CVE-2012-4057,0.21008,0.95999
CVE-2012-4058,0.00193,0.57215
CVE-2012-4059,0.00372,0.69921
CVE-2012-4060,0.00064,0.26120
CVE-2012-4061,0.00127,0.47265
CVE-2012-4063,0.00219,0.59913
CVE-2012-4064,0.00229,0.61172
CVE-2012-4065,0.00081,0.33579
CVE-2012-4066,0.00089,0.37427
CVE-2012-4067,0.00227,0.60965
CVE-2012-4068,0.17308,0.95648
CVE-2012-4069,0.00382,0.70298
CVE-2012-4070,0.01731,0.86597
CVE-2012-4071,0.00254,0.63423
CVE-2012-4072,0.00089,0.37478
CVE-2012-4073,0.00067,0.27696
CVE-2012-4074,0.00129,0.47623
CVE-2012-4075,0.00043,0.07685
CVE-2012-4076,0.00042,0.05722
CVE-2012-4077,0.00042,0.05722
CVE-2012-4078,0.00279,0.65123
CVE-2012-4079,0.00186,0.56036
CVE-2012-4081,0.00043,0.07334
CVE-2012-4082,0.00042,0.05722
CVE-2012-4083,0.00246,0.62679
CVE-2012-4084,0.00171,0.54254
CVE-2012-4085,0.00162,0.52909
CVE-2012-4086,0.00443,0.72309
CVE-2012-4087,0.00443,0.72309
CVE-2012-4088,0.00207,0.58690
CVE-2012-4089,0.00042,0.05722
CVE-2012-4090,0.00246,0.62649
CVE-2012-4091,0.00713,0.78485
CVE-2012-4092,0.00135,0.48791
CVE-2012-4093,0.00043,0.07334
CVE-2012-4094,0.00356,0.69234
CVE-2012-4095,0.00060,0.23520
CVE-2012-4096,0.00177,0.54878
CVE-2012-4097,0.00186,0.56036
CVE-2012-4098,0.00563,0.75411
CVE-2012-4099,0.00186,0.56036
CVE-2012-4102,0.00177,0.54878
CVE-2012-4103,0.00066,0.27288
CVE-2012-4104,0.00182,0.55606
CVE-2012-4105,0.00042,0.05722
CVE-2012-4106,0.00042,0.05722
CVE-2012-4107,0.00045,0.12328
CVE-2012-4108,0.00178,0.55057
CVE-2012-4109,0.00177,0.54878
CVE-2012-4110,0.00177,0.54878
CVE-2012-4111,0.00177,0.54878
CVE-2012-4112,0.00185,0.55874
CVE-2012-4113,0.00245,0.62610
CVE-2012-4114,0.00101,0.41153
CVE-2012-4115,0.00101,0.41153
CVE-2012-4116,0.00236,0.61771
CVE-2012-4117,0.00081,0.33762
CVE-2012-4121,0.00245,0.62610
CVE-2012-4122,0.00042,0.05722
CVE-2012-4131,0.00063,0.25752
CVE-2012-4135,0.00062,0.24548
CVE-2012-4136,0.00379,0.70215
CVE-2012-4141,0.00042,0.05722
CVE-2012-4142,0.00349,0.68949
CVE-2012-4143,0.01063,0.82641
CVE-2012-4144,0.00292,0.65959
CVE-2012-4145,0.00308,0.66914
CVE-2012-4146,0.01070,0.82701
CVE-2012-4147,0.69797,0.97744
CVE-2012-4148,0.69797,0.97744
CVE-2012-4149,0.69797,0.97744
CVE-2012-4150,0.69797,0.97744
CVE-2012-4151,0.69797,0.97744
CVE-2012-4152,0.69797,0.97744
CVE-2012-4153,0.69797,0.97744
CVE-2012-4154,0.69797,0.97744
CVE-2012-4155,0.69797,0.97744
CVE-2012-4156,0.69797,0.97744
CVE-2012-4157,0.69797,0.97744
CVE-2012-4158,0.69797,0.97744
CVE-2012-4159,0.69797,0.97744
CVE-2012-4160,0.69797,0.97744
CVE-2012-4161,0.00718,0.78589
CVE-2012-4162,0.00718,0.78589
CVE-2012-4163,0.01904,0.87331
CVE-2012-4164,0.01904,0.87331
CVE-2012-4165,0.01904,0.87331
CVE-2012-4167,0.01518,0.85689
CVE-2012-4168,0.00330,0.68109
CVE-2012-4170,0.39099,0.96911
CVE-2012-4171,0.00270,0.64523
CVE-2012-4172,0.02278,0.88562
CVE-2012-4173,0.02278,0.88562
CVE-2012-4174,0.02278,0.88562
CVE-2012-4175,0.02278,0.88562
CVE-2012-4176,0.02225,0.88414
CVE-2012-4177,0.88523,0.98469
CVE-2012-4178,0.01363,0.84869
CVE-2012-4179,0.02133,0.88154
CVE-2012-4180,0.71320,0.97798
CVE-2012-4181,0.02967,0.89892
CVE-2012-4182,0.02133,0.88154
CVE-2012-4183,0.02103,0.88026
CVE-2012-4184,0.00328,0.67962
CVE-2012-4185,0.02713,0.89486
CVE-2012-4186,0.71320,0.97798
CVE-2012-4187,0.03489,0.90641
CVE-2012-4188,0.71320,0.97798
CVE-2012-4189,0.00199,0.57833
CVE-2012-4190,0.05094,0.92193
CVE-2012-4191,0.04463,0.91637
CVE-2012-4192,0.08365,0.93821
CVE-2012-4193,0.02251,0.88485
CVE-2012-4194,0.00386,0.70452
CVE-2012-4195,0.00227,0.60993
CVE-2012-4196,0.00703,0.78301
CVE-2012-4197,0.00377,0.70070
CVE-2012-4198,0.00114,0.44801
CVE-2012-4199,0.00288,0.65681
CVE-2012-4201,0.00324,0.67788
CVE-2012-4202,0.02658,0.89376
CVE-2012-4203,0.05532,0.92519
CVE-2012-4204,0.01974,0.87576
CVE-2012-4205,0.00378,0.70155
CVE-2012-4206,0.00045,0.11991
CVE-2012-4207,0.00324,0.67788
CVE-2012-4208,0.00191,0.56831
CVE-2012-4209,0.00201,0.57987
CVE-2012-4210,0.01524,0.85722
CVE-2012-4212,0.03898,0.91121
CVE-2012-4213,0.01883,0.87230
CVE-2012-4214,0.01621,0.86187
CVE-2012-4215,0.01528,0.85743
CVE-2012-4216,0.02458,0.88981
CVE-2012-4217,0.01883,0.87230
CVE-2012-4218,0.03898,0.91121
CVE-2012-4219,0.00350,0.68969
CVE-2012-4220,0.00101,0.41025
CVE-2012-4221,0.00099,0.40698
CVE-2012-4222,0.00068,0.28011
CVE-2012-4225,0.00042,0.05722
CVE-2012-4226,0.01640,0.86260
CVE-2012-4230,0.00329,0.68025
CVE-2012-4231,0.00624,0.76744
CVE-2012-4232,0.00288,0.65704
CVE-2012-4233,0.01164,0.83451
CVE-2012-4234,0.00983,0.81880
CVE-2012-4235,0.00358,0.69347
CVE-2012-4236,0.00221,0.60307
CVE-2012-4237,0.00314,0.67197
CVE-2012-4238,0.00177,0.54955
CVE-2012-4240,0.00130,0.47889
CVE-2012-4241,0.02719,0.89500
CVE-2012-4242,0.00216,0.59640
CVE-2012-4244,0.39983,0.96929
CVE-2012-4245,0.01647,0.86284
CVE-2012-4246,0.00254,0.63294
CVE-2012-4247,0.00282,0.65305
CVE-2012-4248,0.00705,0.78319
CVE-2012-4249,0.00305,0.66669
CVE-2012-4250,0.40811,0.96954
CVE-2012-4251,0.00745,0.78978
CVE-2012-4252,0.01052,0.82505
CVE-2012-4253,0.02018,0.87738
CVE-2012-4254,0.01943,0.87471
CVE-2012-4255,0.00328,0.67972
CVE-2012-4256,0.00328,0.67972
CVE-2012-4257,0.00328,0.67972
CVE-2012-4258,0.00079,0.32864
CVE-2012-4259,0.00695,0.78167
CVE-2012-4260,0.01029,0.82279
CVE-2012-4261,0.00150,0.51205
CVE-2012-4262,0.00320,0.67574
CVE-2012-4263,0.00294,0.66119
CVE-2012-4264,0.00155,0.51807
CVE-2012-4265,0.00146,0.50518
CVE-2012-4266,0.00193,0.57215
CVE-2012-4267,0.00427,0.71807
CVE-2012-4268,0.00294,0.66119
CVE-2012-4269,0.00600,0.76208
CVE-2012-4270,0.00091,0.38522
CVE-2012-4271,0.00214,0.59432
CVE-2012-4272,0.00155,0.51807
CVE-2012-4273,0.00252,0.63213
CVE-2012-4274,0.01816,0.86931
CVE-2012-4275,0.00132,0.48166
CVE-2012-4276,0.00118,0.45687
CVE-2012-4277,0.00272,0.64688
CVE-2012-4278,0.00214,0.59432
CVE-2012-4279,0.00147,0.50637
CVE-2012-4280,0.00374,0.69979
CVE-2012-4281,0.00696,0.78191
CVE-2012-4282,0.00129,0.47619
CVE-2012-4283,0.00193,0.57215
CVE-2012-4284,0.06934,0.93293
CVE-2012-4285,0.00274,0.64779
CVE-2012-4286,0.00858,0.80521
CVE-2012-4287,0.01134,0.83223
CVE-2012-4288,0.00389,0.70594
CVE-2012-4289,0.00164,0.53105
CVE-2012-4290,0.00174,0.54628
CVE-2012-4291,0.00174,0.54628
CVE-2012-4292,0.00320,0.67588
CVE-2012-4293,0.00172,0.54272
CVE-2012-4294,0.06574,0.93116
CVE-2012-4295,0.00514,0.74259
CVE-2012-4296,0.00305,0.66691
CVE-2012-4297,0.03995,0.91200
CVE-2012-4298,0.03664,0.90852
CVE-2012-4301,0.12089,0.94891
CVE-2012-4303,0.00086,0.35594
CVE-2012-4305,0.08154,0.93754
CVE-2012-4324,0.00372,0.69921
CVE-2012-4325,0.00854,0.80477
CVE-2012-4326,0.00160,0.52542
CVE-2012-4327,0.00575,0.75685
CVE-2012-4328,0.00620,0.76655
CVE-2012-4329,0.01217,0.83890
CVE-2012-4330,0.01956,0.87514
CVE-2012-4331,0.00244,0.62423
CVE-2012-4332,0.00330,0.68102
CVE-2012-4333,0.61173,0.97531
CVE-2012-4334,0.05293,0.92340
CVE-2012-4335,0.01654,0.86305
CVE-2012-4336,0.03230,0.90292
CVE-2012-4337,0.05425,0.92441
CVE-2012-4340,0.00132,0.48166
CVE-2012-4341,0.08626,0.93925
CVE-2012-4342,0.00192,0.57132
CVE-2012-4343,0.00269,0.64448
CVE-2012-4344,0.00100,0.40801
CVE-2012-4345,0.00087,0.35968
CVE-2012-4347,0.91037,0.98653
CVE-2012-4348,0.00336,0.68382
CVE-2012-4349,0.00061,0.23898
CVE-2012-4350,0.00043,0.07360
CVE-2012-4351,0.00043,0.07360
CVE-2012-4352,0.00179,0.55213
CVE-2012-4353,0.03652,0.90834
CVE-2012-4354,0.08814,0.93985
CVE-2012-4355,0.08814,0.93985
CVE-2012-4356,0.04812,0.91976
CVE-2012-4357,0.03883,0.91105
CVE-2012-4358,0.01247,0.84104
CVE-2012-4359,0.01247,0.84104
CVE-2012-4360,0.00200,0.57964
CVE-2012-4361,0.05352,0.92382
CVE-2012-4362,0.00206,0.58610
CVE-2012-4363,0.04643,0.91799
CVE-2012-4366,0.03379,0.90507
CVE-2012-4377,0.00173,0.54546
CVE-2012-4378,0.00176,0.54860
CVE-2012-4379,0.00481,0.73370
CVE-2012-4380,0.00449,0.72473
CVE-2012-4381,0.01150,0.83339
CVE-2012-4382,0.00111,0.44132
CVE-2012-4383,0.00087,0.36089
CVE-2012-4384,0.00175,0.54743
CVE-2012-4385,0.00356,0.69262
CVE-2012-4386,0.00188,0.56434
CVE-2012-4387,0.01638,0.86249
CVE-2012-4388,0.00151,0.51338
CVE-2012-4389,0.01612,0.86145
CVE-2012-4390,0.00161,0.52710
CVE-2012-4391,0.00159,0.52409
CVE-2012-4392,0.00811,0.79951
CVE-2012-4393,0.00415,0.71476
CVE-2012-4394,0.00193,0.57215
CVE-2012-4395,0.00193,0.57215
CVE-2012-4396,0.00289,0.65725
CVE-2012-4397,0.00272,0.64688
CVE-2012-4398,0.00042,0.05722
CVE-2012-4399,0.10178,0.94432
CVE-2012-4400,0.00180,0.55319
CVE-2012-4401,0.00153,0.51568
CVE-2012-4402,0.00116,0.45406
CVE-2012-4403,0.00313,0.67163
CVE-2012-4404,0.00440,0.72240
CVE-2012-4405,0.04906,0.92040
CVE-2012-4406,0.03948,0.91162
CVE-2012-4407,0.00313,0.67163
CVE-2012-4408,0.00153,0.51609
CVE-2012-4409,0.15117,0.95352
CVE-2012-4411,0.00064,0.26301
CVE-2012-4412,0.04621,0.91771
CVE-2012-4413,0.00343,0.68672
CVE-2012-4414,0.00168,0.53572
CVE-2012-4415,0.27604,0.96401
CVE-2012-4416,0.00688,0.78058
CVE-2012-4417,0.00042,0.05722
CVE-2012-4418,0.00361,0.69452
CVE-2012-4419,0.03761,0.90975
CVE-2012-4420,0.00875,0.80712
CVE-2012-4421,0.00183,0.55694
CVE-2012-4422,0.00156,0.52008
CVE-2012-4423,0.13006,0.95033
CVE-2012-4424,0.01563,0.85914
CVE-2012-4425,0.00042,0.05722
CVE-2012-4426,0.04085,0.91311
CVE-2012-4427,0.02387,0.88818
CVE-2012-4428,0.02557,0.89164
CVE-2012-4429,0.00603,0.76264
CVE-2012-4430,0.00177,0.54898
CVE-2012-4431,0.00176,0.54844
CVE-2012-4432,0.20401,0.95949
CVE-2012-4433,0.05913,0.92728
CVE-2012-4434,0.02498,0.89053
CVE-2012-4435,0.11699,0.94810
CVE-2012-4436,0.00042,0.05722
CVE-2012-4437,0.00304,0.66665
CVE-2012-4438,0.00823,0.80096
CVE-2012-4439,0.00176,0.54837
CVE-2012-4440,0.00129,0.47564
CVE-2012-4441,0.00129,0.47564
CVE-2012-4442,0.00042,0.05722
CVE-2012-4443,0.00042,0.05722
CVE-2012-4444,0.00632,0.76888
CVE-2012-4445,0.08162,0.93757
CVE-2012-4446,0.00316,0.67333
CVE-2012-4447,0.04408,0.91594
CVE-2012-4448,0.00376,0.70045
CVE-2012-4449,0.00162,0.52853
CVE-2012-4450,0.00433,0.71988
CVE-2012-4451,0.00273,0.64723
CVE-2012-4452,0.00063,0.25021
CVE-2012-4453,0.00042,0.05722
CVE-2012-4454,0.00044,0.08000
CVE-2012-4455,0.00042,0.05722
CVE-2012-4456,0.01936,0.87444
CVE-2012-4457,0.00267,0.64345
CVE-2012-4458,0.01154,0.83375
CVE-2012-4459,0.01154,0.83375
CVE-2012-4460,0.00652,0.77304
CVE-2012-4461,0.00042,0.05722
CVE-2012-4462,0.00694,0.78166
CVE-2012-4463,0.01286,0.84390
CVE-2012-4464,0.00296,0.66198
CVE-2012-4465,0.04171,0.91386
CVE-2012-4466,0.00433,0.71997
CVE-2012-4467,0.00042,0.05722
CVE-2012-4468,0.00220,0.60154
CVE-2012-4469,0.00220,0.60154
CVE-2012-4470,0.00345,0.68741
CVE-2012-4471,0.00347,0.68842
CVE-2012-4472,0.01445,0.85311
CVE-2012-4473,0.00153,0.51606
CVE-2012-4474,0.00220,0.60154
CVE-2012-4475,0.00347,0.68842
CVE-2012-4476,0.00132,0.48166
CVE-2012-4477,0.00149,0.51018
CVE-2012-4478,0.00091,0.38503
CVE-2012-4479,0.00146,0.50518
CVE-2012-4480,0.00045,0.11966
CVE-2012-4481,0.00263,0.64041
CVE-2012-4482,0.00358,0.69317
CVE-2012-4483,0.00434,0.72053
CVE-2012-4484,0.00220,0.60154
CVE-2012-4485,0.00246,0.62641
CVE-2012-4486,0.00160,0.52542
CVE-2012-4487,0.00133,0.48331
CVE-2012-4488,0.00434,0.72053
CVE-2012-4489,0.00576,0.75709
CVE-2012-4490,0.00254,0.63423
CVE-2012-4491,0.00320,0.67579
CVE-2012-4492,0.00110,0.44097
CVE-2012-4493,0.00099,0.40712
CVE-2012-4494,0.00192,0.56861
CVE-2012-4495,0.00212,0.59185
CVE-2012-4496,0.00107,0.43275
CVE-2012-4497,0.00112,0.44297
CVE-2012-4498,0.00543,0.74987
CVE-2012-4499,0.00509,0.74137
CVE-2012-4500,0.00156,0.52020
CVE-2012-4501,0.01494,0.85541
CVE-2012-4502,0.01315,0.84565
CVE-2012-4503,0.00470,0.73072
CVE-2012-4504,0.01152,0.83350
CVE-2012-4505,0.01446,0.85313
CVE-2012-4506,0.00536,0.74809
CVE-2012-4507,0.05785,0.92652
CVE-2012-4508,0.00044,0.08000
CVE-2012-4510,0.00260,0.63845
CVE-2012-4511,0.00212,0.59235
CVE-2012-4512,0.01970,0.87560
CVE-2012-4513,0.07693,0.93555
CVE-2012-4514,0.02491,0.89044
CVE-2012-4515,0.02611,0.89278
CVE-2012-4516,0.00478,0.73283
CVE-2012-4517,0.03761,0.90975
CVE-2012-4518,0.00042,0.05722
CVE-2012-4519,0.00066,0.27550
CVE-2012-4520,0.00670,0.77711
CVE-2012-4522,0.00391,0.70663
CVE-2012-4523,0.00548,0.75097
CVE-2012-4524,0.00510,0.74182
CVE-2012-4525,0.00288,0.65677
CVE-2012-4526,0.00288,0.65677
CVE-2012-4527,0.04408,0.91594
CVE-2012-4528,0.01023,0.82233
CVE-2012-4529,0.00281,0.65217
CVE-2012-4530,0.00048,0.14716
CVE-2012-4531,0.00225,0.60848
CVE-2012-4532,0.00396,0.70842
CVE-2012-4533,0.00147,0.50715
CVE-2012-4534,0.70478,0.97763
CVE-2012-4535,0.00064,0.26441
CVE-2012-4536,0.00064,0.26441
CVE-2012-4537,0.00064,0.26441
CVE-2012-4538,0.00064,0.26441
CVE-2012-4539,0.00064,0.26441
CVE-2012-4540,0.01426,0.85199
CVE-2012-4541,0.00192,0.57132
CVE-2012-4542,0.00042,0.05722
CVE-2012-4543,0.00259,0.63800
CVE-2012-4544,0.00064,0.26441
CVE-2012-4545,0.00799,0.79815
CVE-2012-4546,0.00154,0.51652
CVE-2012-4547,0.00230,0.61260
CVE-2012-4548,0.00474,0.73171
CVE-2012-4549,0.00186,0.55937
CVE-2012-4550,0.00331,0.68172
CVE-2012-4551,0.03278,0.90363
CVE-2012-4552,0.19012,0.95824
CVE-2012-4553,0.00769,0.79368
CVE-2012-4554,0.19111,0.95834
CVE-2012-4555,0.00457,0.72716
CVE-2012-4556,0.00433,0.71985
CVE-2012-4557,0.07732,0.93571
CVE-2012-4558,0.29298,0.96493
CVE-2012-4559,0.09791,0.94299
CVE-2012-4560,0.08930,0.94030
CVE-2012-4561,0.10434,0.94495
CVE-2012-4562,0.08851,0.93997
CVE-2012-4563,0.00159,0.52428
CVE-2012-4564,0.00305,0.66675
CVE-2012-4565,0.00044,0.08000
CVE-2012-4566,0.00515,0.74293
CVE-2012-4567,0.00149,0.50916
CVE-2012-4568,0.00221,0.60396
CVE-2012-4569,0.00138,0.49330
CVE-2012-4570,0.00231,0.61328
CVE-2012-4571,0.00042,0.05722
CVE-2012-4572,0.00042,0.05722
CVE-2012-4573,0.00387,0.70501
CVE-2012-4574,0.00042,0.05722
CVE-2012-4575,0.01049,0.82485
CVE-2012-4576,0.00042,0.05722
CVE-2012-4577,0.01060,0.82603
CVE-2012-4578,0.00042,0.05722
CVE-2012-4579,0.00067,0.27655
CVE-2012-4580,0.00122,0.46493
CVE-2012-4581,0.00478,0.73301
CVE-2012-4582,0.00116,0.45297
CVE-2012-4583,0.00116,0.45297
CVE-2012-4584,0.00089,0.37216
CVE-2012-4585,0.00116,0.45297
CVE-2012-4586,0.00108,0.43447
CVE-2012-4587,0.00165,0.53160
CVE-2012-4588,0.00209,0.58848
CVE-2012-4589,0.00128,0.47447
CVE-2012-4590,0.00247,0.62744
CVE-2012-4591,0.00390,0.70639
CVE-2012-4592,0.00390,0.70639
CVE-2012-4593,0.00042,0.05722
CVE-2012-4594,0.00103,0.41716
CVE-2012-4595,0.00718,0.78584
CVE-2012-4596,0.00277,0.64958
CVE-2012-4597,0.00192,0.57132
CVE-2012-4598,0.96554,0.99532
CVE-2012-4599,0.00879,0.80753
CVE-2012-4600,0.00263,0.64067
CVE-2012-4601,0.00249,0.62900
CVE-2012-4602,0.00254,0.63423
CVE-2012-4603,0.00943,0.81454
CVE-2012-4604,0.00502,0.73965
CVE-2012-4605,0.00313,0.67163
CVE-2012-4606,0.00042,0.05722
CVE-2012-4607,0.95745,0.99308
CVE-2012-4608,0.00136,0.48934
CVE-2012-4609,0.00131,0.48021
CVE-2012-4610,0.00597,0.76152
CVE-2012-4611,0.00250,0.63055
CVE-2012-4612,0.00132,0.48166
CVE-2012-4613,0.00042,0.05722
CVE-2012-4614,0.01060,0.82603
CVE-2012-4615,0.00042,0.05722
CVE-2012-4616,0.00527,0.74588
CVE-2012-4617,0.00563,0.75411
CVE-2012-4618,0.00563,0.75411
CVE-2012-4619,0.00563,0.75411
CVE-2012-4620,0.00676,0.77814
CVE-2012-4621,0.00181,0.55455
CVE-2012-4622,0.01282,0.84358
CVE-2012-4623,0.01282,0.84358
CVE-2012-4629,0.00204,0.58364
CVE-2012-4638,0.00043,0.07640
CVE-2012-4643,0.00563,0.75411
CVE-2012-4651,0.00258,0.63622
CVE-2012-4655,0.02460,0.88988
CVE-2012-4658,0.00258,0.63622
CVE-2012-4659,0.00563,0.75411
CVE-2012-4660,0.00520,0.74392
CVE-2012-4661,0.08340,0.93810
CVE-2012-4662,0.01819,0.86939
CVE-2012-4663,0.01819,0.86939
CVE-2012-4667,0.00254,0.63423
CVE-2012-4668,0.00329,0.68059
CVE-2012-4669,0.00090,0.37726
CVE-2012-4670,0.00311,0.67044
CVE-2012-4671,0.00090,0.37726
CVE-2012-4672,0.00174,0.54657
CVE-2012-4673,0.00208,0.58748
CVE-2012-4674,0.00302,0.66550
CVE-2012-4675,0.00254,0.63423
CVE-2012-4676,0.00042,0.05722
CVE-2012-4677,0.00042,0.05722
CVE-2012-4678,0.07870,0.93646
CVE-2012-4679,0.00342,0.68621
CVE-2012-4680,0.07230,0.93413
CVE-2012-4681,0.97523,0.99988
CVE-2012-4682,0.00118,0.45687
CVE-2012-4683,0.00118,0.45687
CVE-2012-4684,0.00920,0.81233
CVE-2012-4685,0.00528,0.74620
CVE-2012-4686,0.00129,0.47619
CVE-2012-4687,0.00111,0.44230
CVE-2012-4688,0.00422,0.71693
CVE-2012-4689,0.00262,0.63970
CVE-2012-4690,0.00283,0.65390
CVE-2012-4691,0.00190,0.56667
CVE-2012-4693,0.00042,0.00438
CVE-2012-4694,0.00111,0.44230
CVE-2012-4695,0.00761,0.79240
CVE-2012-4696,0.00044,0.08095
CVE-2012-4697,0.00448,0.72451
CVE-2012-4698,0.00101,0.41238
CVE-2012-4700,0.03378,0.90505
CVE-2012-4701,0.01413,0.85131
CVE-2012-4702,0.00735,0.78848
CVE-2012-4703,0.00184,0.55792
CVE-2012-4704,0.06904,0.93278
CVE-2012-4705,0.70619,0.97765
CVE-2012-4706,0.00235,0.61603
CVE-2012-4707,0.04812,0.91975
CVE-2012-4708,0.05371,0.92398
CVE-2012-4709,0.00418,0.71543
CVE-2012-4710,0.00346,0.68795
CVE-2012-4711,0.85046,0.98283
CVE-2012-4712,0.00233,0.61441
CVE-2012-4713,0.00083,0.34506
CVE-2012-4714,0.00083,0.34506
CVE-2012-4715,0.03091,0.90084
CVE-2012-4716,0.00171,0.54136
CVE-2012-4728,0.00884,0.80795
CVE-2012-4729,0.00380,0.70234
CVE-2012-4730,0.00116,0.45350
CVE-2012-4731,0.00290,0.65837
CVE-2012-4732,0.00091,0.38503
CVE-2012-4733,0.00332,0.68237
CVE-2012-4734,0.00149,0.51018
CVE-2012-4736,0.00057,0.21463
CVE-2012-4737,0.00804,0.79889
CVE-2012-4739,0.00488,0.73572
CVE-2012-4740,0.00220,0.60154
CVE-2012-4741,0.00358,0.69317
CVE-2012-4742,0.01620,0.86179
CVE-2012-4743,0.00560,0.75319
CVE-2012-4744,0.00254,0.63423
CVE-2012-4745,0.00200,0.57953
CVE-2012-4746,0.00370,0.69839
CVE-2012-4747,0.00257,0.63593
CVE-2012-4750,0.08099,0.93737
CVE-2012-4751,0.00493,0.73712
CVE-2012-4752,0.00719,0.78599
CVE-2012-4753,0.00136,0.48934
CVE-2012-4754,0.00060,0.23520
CVE-2012-4755,0.00042,0.05722
CVE-2012-4756,0.00060,0.23520
CVE-2012-4757,0.00060,0.23520
CVE-2012-4758,0.00060,0.23520
CVE-2012-4759,0.00043,0.07664
CVE-2012-4760,0.00065,0.26912
CVE-2012-4761,0.00065,0.26912
CVE-2012-4767,0.00061,0.24111
CVE-2012-4768,0.00922,0.81252
CVE-2012-4771,0.00465,0.72923
CVE-2012-4772,0.01026,0.82257
CVE-2012-4773,0.04320,0.91519
CVE-2012-4774,0.91800,0.98734
CVE-2012-4775,0.67175,0.97666
CVE-2012-4776,0.93701,0.98953
CVE-2012-4777,0.58197,0.97446
CVE-2012-4781,0.92401,0.98803
CVE-2012-4782,0.92401,0.98803
CVE-2012-4786,0.91227,0.98675
CVE-2012-4787,0.92401,0.98803
CVE-2012-4791,0.05996,0.92774
CVE-2012-4792,0.90852,0.98633
CVE-2012-4816,0.00452,0.72561
CVE-2012-4817,0.05141,0.92224
CVE-2012-4818,0.00106,0.42988
CVE-2012-4819,0.00122,0.46437
CVE-2012-4820,0.46965,0.97148
CVE-2012-4821,0.06658,0.93157
CVE-2012-4822,0.81848,0.98129
CVE-2012-4823,0.75406,0.97907
CVE-2012-4824,0.00129,0.47565
CVE-2012-4825,0.00120,0.46076
CVE-2012-4826,0.12051,0.94880
CVE-2012-4829,0.00063,0.25386
CVE-2012-4830,0.00311,0.67043
CVE-2012-4832,0.00229,0.61194
CVE-2012-4833,0.00042,0.05722
CVE-2012-4834,0.00268,0.64437
CVE-2012-4835,0.00178,0.55082
CVE-2012-4836,0.00084,0.34624
CVE-2012-4837,0.00122,0.46459
CVE-2012-4838,0.00042,0.05722
CVE-2012-4839,0.00226,0.60956
CVE-2012-4840,0.00246,0.62680
CVE-2012-4841,0.00617,0.76601
CVE-2012-4842,0.00131,0.47958
CVE-2012-4844,0.00122,0.46437
CVE-2012-4845,0.00156,0.51981
CVE-2012-4846,0.00289,0.65807
CVE-2012-4847,0.00134,0.48515
CVE-2012-4848,0.00062,0.24340
CVE-2012-4850,0.00559,0.75310
CVE-2012-4851,0.00191,0.56743
CVE-2012-4853,0.00134,0.48508
CVE-2012-4855,0.00644,0.77134
CVE-2012-4856,0.02690,0.89444
CVE-2012-4857,0.06928,0.93292
CVE-2012-4858,0.00641,0.77070
CVE-2012-4859,0.00042,0.05722
CVE-2012-4861,0.00079,0.33036
CVE-2012-4862,0.00042,0.05722
CVE-2012-4863,0.00076,0.31433
CVE-2012-4864,0.19104,0.95833
CVE-2012-4865,0.23683,0.96176
CVE-2012-4866,0.00042,0.05722
CVE-2012-4867,0.01276,0.84296
CVE-2012-4868,0.00156,0.51990
CVE-2012-4869,0.31337,0.96590
CVE-2012-4870,0.00773,0.79414
CVE-2012-4871,0.00221,0.60307
CVE-2012-4872,0.00250,0.63055
CVE-2012-4873,0.00195,0.57468
CVE-2012-4874,0.00308,0.66914
CVE-2012-4875,0.06825,0.93240
CVE-2012-4876,0.82376,0.98158
CVE-2012-4877,0.01704,0.86482
CVE-2012-4878,0.00608,0.76369
CVE-2012-4879,0.00508,0.74121
CVE-2012-4880,0.00060,0.23520
CVE-2012-4881,0.00042,0.05722
CVE-2012-4882,0.00060,0.23520
CVE-2012-4883,0.00060,0.23520
CVE-2012-4884,0.00184,0.55772
CVE-2012-4885,0.05077,0.92182
CVE-2012-4886,0.41818,0.96985
CVE-2012-4889,0.03526,0.90682
CVE-2012-4890,0.00306,0.66760
CVE-2012-4891,0.00328,0.68004
CVE-2012-4892,0.00192,0.57132
CVE-2012-4893,0.00152,0.51384
CVE-2012-4894,0.03487,0.90639
CVE-2012-4895,0.04761,0.91922
CVE-2012-4896,0.04761,0.91922
CVE-2012-4897,0.00042,0.05722
CVE-2012-4898,0.00101,0.41153
CVE-2012-4899,0.00042,0.00438
CVE-2012-4900,0.04210,0.91413
CVE-2012-4901,0.00214,0.59432
CVE-2012-4902,0.00407,0.71193
CVE-2012-4903,0.00113,0.44623
CVE-2012-4904,0.00109,0.43581
CVE-2012-4905,0.00141,0.49759
CVE-2012-4906,0.00369,0.69828
CVE-2012-4907,0.00120,0.46160
CVE-2012-4908,0.00431,0.71932
CVE-2012-4909,0.00298,0.66307
CVE-2012-4912,0.00293,0.66033
CVE-2012-4914,0.92291,0.98785
CVE-2012-4915,0.93161,0.98885
CVE-2012-4917,0.00226,0.60937
CVE-2012-4918,0.00211,0.59081
CVE-2012-4919,0.00304,0.66615
CVE-2012-4920,0.00326,0.67858
CVE-2012-4921,0.00097,0.40110
CVE-2012-4922,0.02754,0.89568
CVE-2012-4923,0.00221,0.60307
CVE-2012-4924,0.94314,0.99038
CVE-2012-4925,0.00779,0.79519
CVE-2012-4926,0.00296,0.66203
CVE-2012-4927,0.00395,0.70810
CVE-2012-4928,0.00389,0.70548
CVE-2012-4929,0.00163,0.53019
CVE-2012-4930,0.00176,0.54822
CVE-2012-4932,0.00165,0.53141
CVE-2012-4933,0.97190,0.99785
CVE-2012-4934,0.00298,0.66301
CVE-2012-4935,0.00153,0.51578
CVE-2012-4936,0.00602,0.76235
CVE-2012-4937,0.00602,0.76235
CVE-2012-4938,0.00131,0.47955
CVE-2012-4939,0.33874,0.96691
CVE-2012-4940,0.16414,0.95528
CVE-2012-4941,0.00120,0.46142
CVE-2012-4942,0.00155,0.51753
CVE-2012-4943,0.00152,0.51384
CVE-2012-4944,0.00850,0.80424
CVE-2012-4945,0.00190,0.56666
CVE-2012-4946,0.00106,0.42832
CVE-2012-4947,0.00204,0.58386
CVE-2012-4948,0.00063,0.24928
CVE-2012-4949,0.00141,0.49751
CVE-2012-4950,0.00359,0.69383
CVE-2012-4951,0.00116,0.45337
CVE-2012-4952,0.00289,0.65726
CVE-2012-4953,0.02514,0.89093
CVE-2012-4954,0.00150,0.51173
CVE-2012-4955,0.00391,0.70650
CVE-2012-4956,0.19118,0.95836
CVE-2012-4957,0.97428,0.99933
CVE-2012-4958,0.97430,0.99935
CVE-2012-4959,0.62348,0.97561
CVE-2012-4960,0.00897,0.80962
CVE-2012-4964,0.33843,0.96689
CVE-2012-4968,0.00315,0.67321
CVE-2012-4969,0.85698,0.98310
CVE-2012-4970,0.00192,0.57132
CVE-2012-4971,0.00149,0.50920
CVE-2012-4972,0.00191,0.56836
CVE-2012-4974,0.00236,0.61774
CVE-2012-4975,0.00113,0.44642
CVE-2012-4976,0.00400,0.70959
CVE-2012-4977,0.00220,0.60018
CVE-2012-4980,0.00140,0.49649
CVE-2012-4981,0.01281,0.84336
CVE-2012-4982,0.00553,0.75202
CVE-2012-4983,0.00132,0.48166
CVE-2012-4985,0.00452,0.72576
CVE-2012-4987,0.25814,0.96298
CVE-2012-4988,0.12311,0.94923
CVE-2012-4989,0.04654,0.91810
CVE-2012-4990,0.00933,0.81360
CVE-2012-4991,0.00523,0.74500
CVE-2012-4992,0.26410,0.96328
CVE-2012-4993,0.01279,0.84317
CVE-2012-4994,0.00199,0.57799
CVE-2012-4995,0.00254,0.63423
CVE-2012-4996,0.01375,0.84938
CVE-2012-4997,0.02451,0.88965
CVE-2012-4998,0.00221,0.60307
CVE-2012-4999,0.18187,0.95734
CVE-2012-5000,0.00370,0.69844
CVE-2012-5001,0.07831,0.93625
CVE-2012-5002,0.62248,0.97558
CVE-2012-5003,0.05373,0.92401
CVE-2012-5004,0.00585,0.75886
CVE-2012-5005,0.00893,0.80917
CVE-2012-5006,0.05368,0.92395
CVE-2012-5007,0.00509,0.74137
CVE-2012-5010,0.00075,0.30774
CVE-2012-5014,0.00121,0.46305
CVE-2012-5017,0.00112,0.44424
CVE-2012-5030,0.00108,0.43364
CVE-2012-5032,0.00301,0.66459
CVE-2012-5036,0.00121,0.46305
CVE-2012-5037,0.00060,0.23520
CVE-2012-5039,0.00258,0.63622
CVE-2012-5044,0.00240,0.62090
CVE-2012-5048,0.00249,0.62953
CVE-2012-5049,0.00323,0.67720
CVE-2012-5050,0.00259,0.63800
CVE-2012-5051,0.00285,0.65493
CVE-2012-5053,0.00149,0.51013
CVE-2012-5054,0.44556,0.97063
CVE-2012-5055,0.00273,0.64722
CVE-2012-5056,0.00142,0.49908
CVE-2012-5057,0.00152,0.51465
CVE-2012-5058,0.00141,0.49829
CVE-2012-5059,0.00141,0.49829
CVE-2012-5060,0.00217,0.59695
CVE-2012-5061,0.00118,0.45766
CVE-2012-5062,0.00141,0.49829
CVE-2012-5063,0.00307,0.66818
CVE-2012-5064,0.00118,0.45766
CVE-2012-5065,0.00150,0.51192
CVE-2012-5066,0.01527,0.85731
CVE-2012-5067,0.00699,0.78231
CVE-2012-5068,0.02959,0.89880
CVE-2012-5069,0.00585,0.75892
CVE-2012-5070,0.00732,0.78802
CVE-2012-5071,0.00845,0.80373
CVE-2012-5072,0.00884,0.80803
CVE-2012-5073,0.01040,0.82409
CVE-2012-5074,0.00732,0.78802
CVE-2012-5075,0.00845,0.80373
CVE-2012-5076,0.97161,0.99768
CVE-2012-5077,0.00599,0.76185
CVE-2012-5078,0.01954,0.87507
CVE-2012-5079,0.01040,0.82409
CVE-2012-5080,0.00656,0.77363
CVE-2012-5081,0.04214,0.91416
CVE-2012-5082,0.00816,0.80014
CVE-2012-5083,0.02840,0.89712
CVE-2012-5084,0.02628,0.89323
CVE-2012-5085,0.00276,0.64900
CVE-2012-5086,0.02615,0.89285
CVE-2012-5087,0.01505,0.85620
CVE-2012-5088,0.93745,0.98958
CVE-2012-5089,0.02584,0.89220
CVE-2012-5090,0.00083,0.34501
CVE-2012-5091,0.00319,0.67532
CVE-2012-5092,0.00083,0.34501
CVE-2012-5093,0.00141,0.49829
CVE-2012-5094,0.00176,0.54842
CVE-2012-5095,0.00044,0.10704
CVE-2012-5096,0.00278,0.65040
CVE-2012-5097,0.00141,0.49829
CVE-2012-5098,0.00093,0.39019
CVE-2012-5099,0.00221,0.60307
CVE-2012-5100,0.03681,0.90879
CVE-2012-5101,0.00300,0.66445
CVE-2012-5102,0.00745,0.78978
CVE-2012-5103,0.00345,0.68765
CVE-2012-5104,0.00651,0.77273
CVE-2012-5105,0.00745,0.78978
CVE-2012-5106,0.29965,0.96528
CVE-2012-5108,0.00936,0.81383
CVE-2012-5109,0.00364,0.69594
CVE-2012-5110,0.00364,0.69594
CVE-2012-5111,0.00169,0.53921
CVE-2012-5112,0.08813,0.93984
CVE-2012-5115,0.00801,0.79836
CVE-2012-5116,0.01250,0.84121
CVE-2012-5117,0.00228,0.61101
CVE-2012-5118,0.00867,0.80604
CVE-2012-5119,0.01250,0.84121
CVE-2012-5120,0.00801,0.79836
CVE-2012-5121,0.01250,0.84121
CVE-2012-5122,0.01250,0.84121
CVE-2012-5123,0.01850,0.87087
CVE-2012-5124,0.01199,0.83737
CVE-2012-5125,0.01250,0.84121
CVE-2012-5126,0.01250,0.84121
CVE-2012-5127,0.01026,0.82254
CVE-2012-5128,0.00801,0.79836
CVE-2012-5129,0.00433,0.71976
CVE-2012-5130,0.01156,0.83395
CVE-2012-5131,0.00867,0.80604
CVE-2012-5132,0.01659,0.86321
CVE-2012-5133,0.01103,0.82962
CVE-2012-5134,0.04049,0.91262
CVE-2012-5135,0.02037,0.87803
CVE-2012-5136,0.01618,0.86172
CVE-2012-5137,0.00962,0.81672
CVE-2012-5138,0.00249,0.62901
CVE-2012-5139,0.00434,0.72070
CVE-2012-5140,0.00434,0.72070
CVE-2012-5141,0.00180,0.55351
CVE-2012-5142,0.00912,0.81127
CVE-2012-5143,0.00434,0.72070
CVE-2012-5144,0.01247,0.84103
CVE-2012-5145,0.00434,0.72070
CVE-2012-5146,0.00710,0.78440
CVE-2012-5147,0.00434,0.72070
CVE-2012-5148,0.00190,0.56676
CVE-2012-5149,0.00454,0.72639
CVE-2012-5150,0.00434,0.72070
CVE-2012-5151,0.00361,0.69468
CVE-2012-5152,0.00442,0.72304
CVE-2012-5153,0.00401,0.70995
CVE-2012-5154,0.00211,0.59048
CVE-2012-5155,0.00169,0.53914
CVE-2012-5156,0.00345,0.68740
CVE-2012-5157,0.00544,0.75005
CVE-2012-5158,0.00093,0.39119
CVE-2012-5159,0.92722,0.98842
CVE-2012-5161,0.04580,0.91738
CVE-2012-5162,0.00365,0.69603
CVE-2012-5163,0.00360,0.69411
CVE-2012-5164,0.00309,0.66960
CVE-2012-5166,0.19900,0.95912
CVE-2012-5167,0.00720,0.78613
CVE-2012-5168,0.03341,0.90447
CVE-2012-5169,0.00309,0.66978
CVE-2012-5170,0.00351,0.69025
CVE-2012-5171,0.00813,0.79968
CVE-2012-5172,0.00330,0.68102
CVE-2012-5173,0.00638,0.77024
CVE-2012-5174,0.00766,0.79318
CVE-2012-5175,0.00192,0.57132
CVE-2012-5176,0.00192,0.57132
CVE-2012-5177,0.00192,0.57132
CVE-2012-5178,0.00159,0.52409
CVE-2012-5179,0.00044,0.10161
CVE-2012-5180,0.00069,0.28606
CVE-2012-5181,0.00107,0.43129
CVE-2012-5182,0.00098,0.40517
CVE-2012-5183,0.00098,0.40517
CVE-2012-5184,0.00192,0.57132
CVE-2012-5185,0.00756,0.79173
CVE-2012-5186,0.00220,0.60154
CVE-2012-5187,0.00069,0.28606
CVE-2012-5188,0.00718,0.78584
CVE-2012-5190,0.02074,0.87932
CVE-2012-5192,0.04171,0.91388
CVE-2012-5193,0.00187,0.56223
CVE-2012-5195,0.01917,0.87380
CVE-2012-5196,0.00327,0.67883
CVE-2012-5197,0.00290,0.65815
CVE-2012-5198,0.00175,0.54690
CVE-2012-5199,0.00422,0.71681
CVE-2012-5200,0.00052,0.17667
CVE-2012-5201,0.73702,0.97863
CVE-2012-5202,0.73616,0.97861
CVE-2012-5203,0.73616,0.97861
CVE-2012-5204,0.73616,0.97861
CVE-2012-5205,0.01558,0.85886
CVE-2012-5206,0.01558,0.85886
CVE-2012-5207,0.01558,0.85886
CVE-2012-5208,0.01558,0.85886
CVE-2012-5209,0.76941,0.97952
CVE-2012-5210,0.01558,0.85886
CVE-2012-5211,0.01558,0.85886
CVE-2012-5212,0.01558,0.85886
CVE-2012-5213,0.00197,0.57640
CVE-2012-5214,0.00651,0.77300
CVE-2012-5215,0.00924,0.81281
CVE-2012-5216,0.00139,0.49432
CVE-2012-5217,0.00194,0.57288
CVE-2012-5218,0.00042,0.05722
CVE-2012-5219,0.01888,0.87259
CVE-2012-5220,0.00042,0.05722
CVE-2012-5221,0.00230,0.61265
CVE-2012-5222,0.00223,0.60632
CVE-2012-5223,0.91800,0.98733
CVE-2012-5224,0.01878,0.87210
CVE-2012-5225,0.00221,0.60307
CVE-2012-5226,0.00184,0.55757
CVE-2012-5227,0.00147,0.50700
CVE-2012-5228,0.00304,0.66657
CVE-2012-5229,0.00221,0.60307
CVE-2012-5230,0.00378,0.70141
CVE-2012-5231,0.03970,0.91180
CVE-2012-5232,0.00192,0.57132
CVE-2012-5233,0.00110,0.44097
CVE-2012-5234,0.00142,0.49869
CVE-2012-5237,0.00199,0.57889
CVE-2012-5238,0.00203,0.58339
CVE-2012-5240,0.00322,0.67672
CVE-2012-5242,0.00629,0.76840
CVE-2012-5243,0.00751,0.79065
CVE-2012-5244,0.01334,0.84674
CVE-2012-5248,0.01907,0.87346
CVE-2012-5249,0.01907,0.87346
CVE-2012-5250,0.01907,0.87346
CVE-2012-5251,0.01907,0.87346
CVE-2012-5252,0.17253,0.95644
CVE-2012-5253,0.01907,0.87346
CVE-2012-5254,0.01907,0.87346
CVE-2012-5255,0.01907,0.87346
CVE-2012-5256,0.17253,0.95644
CVE-2012-5257,0.01907,0.87346
CVE-2012-5258,0.17253,0.95644
CVE-2012-5259,0.01907,0.87346
CVE-2012-5260,0.01907,0.87346
CVE-2012-5261,0.17253,0.95644
CVE-2012-5262,0.01907,0.87346
CVE-2012-5263,0.17253,0.95644
CVE-2012-5264,0.01907,0.87346
CVE-2012-5265,0.01907,0.87346
CVE-2012-5266,0.01907,0.87346
CVE-2012-5267,0.17253,0.95644
CVE-2012-5268,0.17253,0.95644
CVE-2012-5269,0.17253,0.95644
CVE-2012-5270,0.23947,0.96191
CVE-2012-5271,0.17253,0.95644
CVE-2012-5272,0.32638,0.96638
CVE-2012-5273,0.24225,0.96208
CVE-2012-5274,0.01120,0.83103
CVE-2012-5275,0.01047,0.82462
CVE-2012-5276,0.01047,0.82462
CVE-2012-5277,0.01047,0.82462
CVE-2012-5278,0.01359,0.84853
CVE-2012-5279,0.01193,0.83691
CVE-2012-5280,0.01135,0.83230
CVE-2012-5285,0.02755,0.89570
CVE-2012-5286,0.01907,0.87346
CVE-2012-5287,0.01907,0.87346
CVE-2012-5288,0.00129,0.47625
CVE-2012-5289,0.00147,0.50642
CVE-2012-5290,0.00155,0.51820
CVE-2012-5291,0.00079,0.32900
CVE-2012-5292,0.00079,0.32900
CVE-2012-5293,0.04171,0.91388
CVE-2012-5294,0.00079,0.32900
CVE-2012-5295,0.00468,0.73000
CVE-2012-5296,0.00203,0.58339
CVE-2012-5297,0.00169,0.53831
CVE-2012-5298,0.00506,0.74074
CVE-2012-5299,0.00977,0.81809
CVE-2012-5300,0.00148,0.50795
CVE-2012-5301,0.00226,0.60937
CVE-2012-5302,0.00559,0.75308
CVE-2012-5303,0.00042,0.05722
CVE-2012-5304,0.00349,0.68921
CVE-2012-5305,0.00220,0.60154
CVE-2012-5306,0.32179,0.96623
CVE-2012-5307,0.00099,0.40596
CVE-2012-5308,0.00267,0.64349
CVE-2012-5309,0.00418,0.71553
CVE-2012-5310,0.00157,0.52155
CVE-2012-5312,0.00079,0.32900
CVE-2012-5313,0.00064,0.26140
CVE-2012-5314,0.00329,0.68015
CVE-2012-5315,0.00195,0.57468
CVE-2012-5316,0.00114,0.44775
CVE-2012-5317,0.00344,0.68707
CVE-2012-5318,0.00617,0.76601
CVE-2012-5319,0.00796,0.79791
CVE-2012-5320,0.00942,0.81444
CVE-2012-5321,0.01926,0.87415
CVE-2012-5322,0.00221,0.60307
CVE-2012-5323,0.00295,0.66143
CVE-2012-5324,0.26858,0.96351
CVE-2012-5325,0.00091,0.38522
CVE-2012-5326,0.00281,0.65242
CVE-2012-5327,0.00160,0.52630
CVE-2012-5328,0.00103,0.41658
CVE-2012-5329,0.05472,0.92478
CVE-2012-5330,0.00204,0.58403
CVE-2012-5331,0.00414,0.71444
CVE-2012-5332,0.00970,0.81745
CVE-2012-5333,0.01801,0.86857
CVE-2012-5334,0.01801,0.86857
CVE-2012-5335,0.01705,0.86486
CVE-2012-5336,0.00086,0.35594
CVE-2012-5337,0.00165,0.53141
CVE-2012-5338,0.00181,0.55355
CVE-2012-5339,0.00129,0.47730
CVE-2012-5340,0.00203,0.58309
CVE-2012-5341,0.00389,0.70548
CVE-2012-5342,0.00098,0.40351
CVE-2012-5343,0.00790,0.79697
CVE-2012-5344,0.01736,0.86622
CVE-2012-5345,0.04495,0.91666
CVE-2012-5346,0.00221,0.60307
CVE-2012-5347,0.27968,0.96420
CVE-2012-5348,0.00079,0.32900
CVE-2012-5349,0.00278,0.65061
CVE-2012-5350,0.00340,0.68523
CVE-2012-5351,0.00184,0.55789
CVE-2012-5352,0.00431,0.71933
CVE-2012-5353,0.00257,0.63557
CVE-2012-5354,0.01169,0.83516
CVE-2012-5355,0.00042,0.05722
CVE-2012-5356,0.00211,0.59081
CVE-2012-5357,0.96676,0.99573
CVE-2012-5358,0.00904,0.81045
CVE-2012-5359,0.00774,0.79441
CVE-2012-5360,0.00697,0.78207
CVE-2012-5361,0.02871,0.89757
CVE-2012-5362,0.00204,0.58428
CVE-2012-5363,0.00187,0.56251
CVE-2012-5364,0.00204,0.58428
CVE-2012-5365,0.00187,0.56251
CVE-2012-5366,0.00187,0.56251
CVE-2012-5367,0.00092,0.38708
CVE-2012-5368,0.00136,0.48944
CVE-2012-5370,0.00233,0.61423
CVE-2012-5371,0.00568,0.75514
CVE-2012-5372,0.00202,0.58174
CVE-2012-5373,0.00307,0.66820
CVE-2012-5374,0.00042,0.05722
CVE-2012-5375,0.00045,0.12320
CVE-2012-5376,0.01174,0.83542
CVE-2012-5377,0.00042,0.05722
CVE-2012-5378,0.00042,0.05722
CVE-2012-5379,0.00042,0.05722
CVE-2012-5380,0.00042,0.05722
CVE-2012-5381,0.00042,0.05722
CVE-2012-5382,0.00042,0.05722
CVE-2012-5383,0.00061,0.23989
CVE-2012-5384,0.00132,0.48166
CVE-2012-5385,0.00821,0.80069
CVE-2012-5386,0.00355,0.69216
CVE-2012-5387,0.00596,0.76124
CVE-2012-5388,0.00115,0.45174
CVE-2012-5389,0.00503,0.73989
CVE-2012-5390,0.00520,0.74408
CVE-2012-5391,0.01193,0.83693
CVE-2012-5394,0.00160,0.52542
CVE-2012-5395,0.00403,0.71035
CVE-2012-5409,0.47175,0.97152
CVE-2012-5415,0.00165,0.53243
CVE-2012-5416,0.00520,0.74392
CVE-2012-5417,0.00544,0.75016
CVE-2012-5419,0.00161,0.52744
CVE-2012-5422,0.00121,0.46305
CVE-2012-5424,0.00472,0.73109
CVE-2012-5427,0.00112,0.44424
CVE-2012-5429,0.00095,0.39686
CVE-2012-5444,0.00158,0.52291
CVE-2012-5445,0.00045,0.11810
CVE-2012-5450,0.01782,0.86775
CVE-2012-5451,0.81735,0.98121
CVE-2012-5452,0.00695,0.78174
CVE-2012-5453,0.00160,0.52630
CVE-2012-5454,0.00569,0.75529
CVE-2012-5455,0.00224,0.60795
CVE-2012-5456,0.00117,0.45649
CVE-2012-5458,0.00059,0.22933
CVE-2012-5459,0.00135,0.48693
CVE-2012-5460,0.00135,0.48865
CVE-2012-5468,0.17888,0.95714
CVE-2012-5469,0.02257,0.88509
CVE-2012-5470,0.88322,0.98459
CVE-2012-5471,0.00268,0.64419
CVE-2012-5472,0.00140,0.49646
CVE-2012-5473,0.00133,0.48331
CVE-2012-5474,0.00058,0.21952
CVE-2012-5476,0.00047,0.13894
CVE-2012-5477,0.00042,0.05722
CVE-2012-5478,0.00337,0.68425
CVE-2012-5479,0.00324,0.67783
CVE-2012-5480,0.00543,0.74987
CVE-2012-5481,0.00140,0.49646
CVE-2012-5482,0.00472,0.73111
CVE-2012-5483,0.00042,0.05722
CVE-2012-5484,0.00078,0.32656
CVE-2012-5485,0.01060,0.82603
CVE-2012-5486,0.01168,0.83494
CVE-2012-5487,0.00260,0.63858
CVE-2012-5488,0.01168,0.83494
CVE-2012-5489,0.00319,0.67526
CVE-2012-5490,0.00220,0.60154
CVE-2012-5491,0.00358,0.69347
CVE-2012-5492,0.00358,0.69347
CVE-2012-5493,0.00332,0.68237
CVE-2012-5494,0.00220,0.60154
CVE-2012-5495,0.00825,0.80130
CVE-2012-5496,0.00874,0.80686
CVE-2012-5497,0.00525,0.74530
CVE-2012-5498,0.02019,0.87740
CVE-2012-5499,0.01282,0.84358
CVE-2012-5500,0.00243,0.62351
CVE-2012-5501,0.00331,0.68172
CVE-2012-5502,0.00102,0.41341
CVE-2012-5503,0.00358,0.69347
CVE-2012-5504,0.00220,0.60154
CVE-2012-5505,0.00358,0.69347
CVE-2012-5506,0.00874,0.80686
CVE-2012-5507,0.00429,0.71867
CVE-2012-5508,0.00742,0.78945
CVE-2012-5509,0.00042,0.05722
CVE-2012-5510,0.00064,0.26441
CVE-2012-5511,0.00072,0.29470
CVE-2012-5512,0.00066,0.27454
CVE-2012-5513,0.00064,0.26441
CVE-2012-5514,0.00064,0.26441
CVE-2012-5515,0.00064,0.26441
CVE-2012-5516,0.00042,0.05722
CVE-2012-5517,0.00044,0.08000
CVE-2012-5518,0.00112,0.44345
CVE-2012-5519,0.00110,0.44020
CVE-2012-5520,0.03001,0.89936
CVE-2012-5521,0.00388,0.70523
CVE-2012-5522,0.00283,0.65403
CVE-2012-5523,0.00327,0.67888
CVE-2012-5524,0.00231,0.61350
CVE-2012-5525,0.00178,0.55052
CVE-2012-5526,0.00787,0.79611
CVE-2012-5527,0.00047,0.14180
CVE-2012-5529,0.00985,0.81892
CVE-2012-5530,0.00042,0.05722
CVE-2012-5531,0.00132,0.48166
CVE-2012-5532,0.00042,0.05722
CVE-2012-5533,0.84320,0.98244
CVE-2012-5534,0.01463,0.85400
CVE-2012-5535,0.00213,0.59293
CVE-2012-5536,0.00042,0.05722
CVE-2012-5537,0.00338,0.68452
CVE-2012-5538,0.00099,0.40712
CVE-2012-5539,0.00116,0.45406
CVE-2012-5540,0.00220,0.60154
CVE-2012-5541,0.00220,0.60154
CVE-2012-5542,0.00313,0.67192
CVE-2012-5543,0.00273,0.64739
CVE-2012-5544,0.00123,0.46594
CVE-2012-5545,0.00099,0.40712
CVE-2012-5547,0.00159,0.52409
CVE-2012-5548,0.00132,0.48166
CVE-2012-5549,0.00091,0.38503
CVE-2012-5550,0.00146,0.50518
CVE-2012-5551,0.00220,0.60154
CVE-2012-5552,0.00470,0.73072
CVE-2012-5553,0.00108,0.43456
CVE-2012-5554,0.00358,0.69347
CVE-2012-5556,0.00160,0.52542
CVE-2012-5557,0.00153,0.51606
CVE-2012-5558,0.00091,0.38449
CVE-2012-5559,0.00220,0.60154
CVE-2012-5560,0.00042,0.05722
CVE-2012-5561,0.00042,0.05722
CVE-2012-5562,0.00097,0.40159
CVE-2012-5563,0.00201,0.58108
CVE-2012-5564,0.00042,0.05722
CVE-2012-5565,0.00254,0.63423
CVE-2012-5566,0.00319,0.67537
CVE-2012-5567,0.00316,0.67362
CVE-2012-5568,0.01110,0.83025
CVE-2012-5569,0.00220,0.60154
CVE-2012-5570,0.00172,0.54464
CVE-2012-5571,0.00264,0.64089
CVE-2012-5572,0.00548,0.75118
CVE-2012-5573,0.03761,0.90975
CVE-2012-5574,0.01677,0.86393
CVE-2012-5575,0.00346,0.68786
CVE-2012-5576,0.75866,0.97920
CVE-2012-5577,0.00782,0.79547
CVE-2012-5578,0.00115,0.45236
CVE-2012-5580,0.00890,0.80886
CVE-2012-5581,0.04408,0.91594
CVE-2012-5582,0.00335,0.68369
CVE-2012-5583,0.00064,0.26127
CVE-2012-5584,0.00289,0.65754
CVE-2012-5585,0.00110,0.44097
CVE-2012-5586,0.00180,0.55285
CVE-2012-5587,0.00192,0.57132
CVE-2012-5588,0.00319,0.67557
CVE-2012-5589,0.00132,0.48272
CVE-2012-5590,0.00150,0.51223
CVE-2012-5591,0.00220,0.60154
CVE-2012-5603,0.00239,0.62041
CVE-2012-5604,0.00149,0.51018
CVE-2012-5605,0.00042,0.05722
CVE-2012-5606,0.00275,0.64854
CVE-2012-5607,0.00376,0.70054
CVE-2012-5608,0.00254,0.63423
CVE-2012-5609,0.00522,0.74460
CVE-2012-5610,0.00516,0.74309
CVE-2012-5611,0.97215,0.99801
CVE-2012-5612,0.96147,0.99396
CVE-2012-5613,0.97311,0.99856
CVE-2012-5614,0.01644,0.86277
CVE-2012-5615,0.07922,0.93665
CVE-2012-5616,0.00044,0.08047
CVE-2012-5617,0.00045,0.11966
CVE-2012-5618,0.00211,0.59058
CVE-2012-5619,0.00042,0.05722
CVE-2012-5621,0.03088,0.90074
CVE-2012-5622,0.00214,0.59454
CVE-2012-5623,0.00168,0.53801
CVE-2012-5624,0.00465,0.72926
CVE-2012-5625,0.00476,0.73220
CVE-2012-5626,0.00090,0.37972
CVE-2012-5627,0.00227,0.60998
CVE-2012-5628,0.00042,0.05722
CVE-2012-5629,0.01351,0.84779
CVE-2012-5630,0.00045,0.12114
CVE-2012-5631,0.01583,0.86009
CVE-2012-5633,0.00236,0.61782
CVE-2012-5634,0.00240,0.62141
CVE-2012-5635,0.00042,0.05722
CVE-2012-5636,0.00658,0.77390
CVE-2012-5638,0.00042,0.05722
CVE-2012-5639,0.00405,0.71095
CVE-2012-5640,0.00042,0.05722
CVE-2012-5641,0.01445,0.85311
CVE-2012-5642,0.01784,0.86788
CVE-2012-5643,0.96362,0.99463
CVE-2012-5644,0.00045,0.11839
CVE-2012-5645,0.02018,0.87737
CVE-2012-5646,0.01108,0.83002
CVE-2012-5647,0.00410,0.71287
CVE-2012-5648,0.00491,0.73674
CVE-2012-5649,0.05824,0.92676
CVE-2012-5650,0.01977,0.87588
CVE-2012-5651,0.00664,0.77590
CVE-2012-5652,0.00664,0.77590
CVE-2012-5653,0.01226,0.83949
CVE-2012-5654,0.00313,0.67163
CVE-2012-5655,0.00585,0.75900
CVE-2012-5656,0.00064,0.26184
CVE-2012-5657,0.00314,0.67234
CVE-2012-5658,0.00044,0.10161
CVE-2012-5659,0.00043,0.07528
CVE-2012-5660,0.00042,0.05722
CVE-2012-5662,0.00101,0.41082
CVE-2012-5663,0.00209,0.58899
CVE-2012-5665,0.01036,0.82356
CVE-2012-5666,0.00265,0.64225
CVE-2012-5667,0.00725,0.78685
CVE-2012-5668,0.01703,0.86480
CVE-2012-5669,0.01422,0.85178
CVE-2012-5670,0.01046,0.82455
CVE-2012-5671,0.70170,0.97757
CVE-2012-5672,0.03847,0.91065
CVE-2012-5673,0.01329,0.84636
CVE-2012-5674,0.00142,0.49921
CVE-2012-5675,0.00063,0.25706
CVE-2012-5676,0.02386,0.88817
CVE-2012-5677,0.87650,0.98419
CVE-2012-5678,0.09318,0.94162
CVE-2012-5679,0.27445,0.96389
CVE-2012-5680,0.01882,0.87228
CVE-2012-5683,0.00225,0.60826
CVE-2012-5684,0.00467,0.72962
CVE-2012-5685,0.00159,0.52453
CVE-2012-5686,0.00207,0.58737
CVE-2012-5687,0.02952,0.89867
CVE-2012-5688,0.03492,0.90644
CVE-2012-5689,0.01157,0.83402
CVE-2012-5690,0.00448,0.72435
CVE-2012-5691,0.96093,0.99385
CVE-2012-5692,0.95993,0.99361
CVE-2012-5693,0.00261,0.63870
CVE-2012-5694,0.00771,0.79385
CVE-2012-5695,0.00512,0.74217
CVE-2012-5696,0.00708,0.78381
CVE-2012-5697,0.00042,0.05722
CVE-2012-5698,0.00318,0.67479
CVE-2012-5699,0.00300,0.66433
CVE-2012-5700,0.00467,0.72962
CVE-2012-5701,0.00105,0.42532
CVE-2012-5702,0.00693,0.78132
CVE-2012-5703,0.04811,0.91974
CVE-2012-5704,0.00608,0.76376
CVE-2012-5705,0.00115,0.45174
CVE-2012-5717,0.00100,0.41012
CVE-2012-5723,0.00203,0.58266
CVE-2012-5744,0.00214,0.59478
CVE-2012-5756,0.00362,0.69501
CVE-2012-5757,0.00178,0.55082
CVE-2012-5758,0.02345,0.88714
CVE-2012-5759,0.00353,0.69097
CVE-2012-5760,0.00126,0.47118
CVE-2012-5761,0.00062,0.24340
CVE-2012-5762,0.00062,0.24340
CVE-2012-5763,0.00091,0.38503
CVE-2012-5765,0.00289,0.65807
CVE-2012-5766,0.00237,0.61839
CVE-2012-5767,0.00221,0.60329
CVE-2012-5769,0.00584,0.75882
CVE-2012-5770,0.00099,0.40645
CVE-2012-5776,0.00052,0.17785
CVE-2012-5777,0.01507,0.85631
CVE-2012-5780,0.00092,0.38906
CVE-2012-5781,0.00092,0.38906
CVE-2012-5782,0.00092,0.38906
CVE-2012-5783,0.00238,0.61962
CVE-2012-5784,0.00120,0.46141
CVE-2012-5785,0.00059,0.22957
CVE-2012-5786,0.00045,0.12222
CVE-2012-5787,0.00128,0.47378
CVE-2012-5788,0.00092,0.38906
CVE-2012-5789,0.00092,0.38906
CVE-2012-5790,0.00092,0.38906
CVE-2012-5791,0.00092,0.38906
CVE-2012-5792,0.00092,0.38906
CVE-2012-5793,0.00092,0.38906
CVE-2012-5794,0.00092,0.38906
CVE-2012-5795,0.00092,0.38906
CVE-2012-5796,0.00092,0.38906
CVE-2012-5797,0.00092,0.38906
CVE-2012-5798,0.00092,0.38906
CVE-2012-5799,0.00092,0.38906
CVE-2012-5800,0.00092,0.38906
CVE-2012-5801,0.00092,0.38906
CVE-2012-5802,0.00092,0.38906
CVE-2012-5803,0.00092,0.38906
CVE-2012-5804,0.00092,0.38906
CVE-2012-5805,0.00092,0.38906
CVE-2012-5806,0.00092,0.38906
CVE-2012-5807,0.00092,0.38906
CVE-2012-5808,0.00092,0.38906
CVE-2012-5809,0.00069,0.28736
CVE-2012-5810,0.00069,0.28736
CVE-2012-5811,0.00069,0.28736
CVE-2012-5812,0.00092,0.38906
CVE-2012-5813,0.00092,0.38906
CVE-2012-5814,0.00092,0.38906
CVE-2012-5815,0.00092,0.38906
CVE-2012-5816,0.00092,0.38906
CVE-2012-5817,0.00092,0.38906
CVE-2012-5818,0.00092,0.38906
CVE-2012-5819,0.00092,0.38906
CVE-2012-5820,0.00082,0.34013
CVE-2012-5821,0.00083,0.34313
CVE-2012-5822,0.00082,0.34072
CVE-2012-5823,0.00092,0.38906
CVE-2012-5824,0.00147,0.50622
CVE-2012-5825,0.00092,0.38906
CVE-2012-5827,0.00423,0.71715
CVE-2012-5828,0.00352,0.69082
CVE-2012-5829,0.03420,0.90563
CVE-2012-5830,0.02151,0.88221
CVE-2012-5833,0.01800,0.86851
CVE-2012-5835,0.01729,0.86591
CVE-2012-5836,0.03061,0.90035
CVE-2012-5837,0.01075,0.82746
CVE-2012-5838,0.01343,0.84722
CVE-2012-5839,0.02839,0.89709
CVE-2012-5840,0.01623,0.86195
CVE-2012-5841,0.00138,0.49296
CVE-2012-5842,0.00893,0.80913
CVE-2012-5843,0.01022,0.82226
CVE-2012-5849,0.00595,0.76109
CVE-2012-5851,0.00146,0.50533
CVE-2012-5853,0.00196,0.57557
CVE-2012-5854,0.09837,0.94314
CVE-2012-5855,0.00140,0.49588
CVE-2012-5856,0.00192,0.57132
CVE-2012-5858,0.00100,0.40863
CVE-2012-5859,0.01130,0.83181
CVE-2012-5860,0.00044,0.08189
CVE-2012-5861,0.00580,0.75789
CVE-2012-5862,0.00641,0.77076
CVE-2012-5863,0.34806,0.96735
CVE-2012-5864,0.03120,0.90125
CVE-2012-5865,0.00144,0.50274
CVE-2012-5866,0.00507,0.74084
CVE-2012-5867,0.00505,0.74043
CVE-2012-5868,0.00241,0.62198
CVE-2012-5872,0.00076,0.31600
CVE-2012-5873,0.00046,0.13740
CVE-2012-5874,0.00258,0.63633
CVE-2012-5875,0.92877,0.98856
CVE-2012-5876,0.06256,0.92929
CVE-2012-5877,0.03251,0.90323
CVE-2012-5878,0.05993,0.92772
CVE-2012-5879,0.87526,0.98414
CVE-2012-5881,0.00254,0.63423
CVE-2012-5882,0.00220,0.60154
CVE-2012-5883,0.00224,0.60770
CVE-2012-5884,0.00294,0.66077
CVE-2012-5885,0.00170,0.54120
CVE-2012-5886,0.00342,0.68622
CVE-2012-5887,0.00342,0.68622
CVE-2012-5888,0.00220,0.60154
CVE-2012-5889,0.00132,0.48166
CVE-2012-5890,0.00358,0.69347
CVE-2012-5891,0.00933,0.81364
CVE-2012-5892,0.00504,0.74016
CVE-2012-5893,0.02602,0.89258
CVE-2012-5894,0.00209,0.58859
CVE-2012-5895,0.00308,0.66914
CVE-2012-5896,0.56130,0.97400
CVE-2012-5897,0.10948,0.94625
CVE-2012-5898,0.00585,0.75886
CVE-2012-5899,0.00329,0.68023
CVE-2012-5900,0.00933,0.81360
CVE-2012-5901,0.00344,0.68695
CVE-2012-5902,0.00220,0.60154
CVE-2012-5903,0.00221,0.60307
CVE-2012-5904,0.07308,0.93439
CVE-2012-5905,0.13744,0.95152
CVE-2012-5906,0.00300,0.66448
CVE-2012-5907,0.18758,0.95803
CVE-2012-5908,0.00194,0.57334
CVE-2012-5909,0.00079,0.32900
CVE-2012-5910,0.00256,0.63520
CVE-2012-5911,0.00288,0.65715
CVE-2012-5912,0.00259,0.63769
CVE-2012-5913,0.01863,0.87137
CVE-2012-5914,0.00288,0.65715
CVE-2012-5915,0.00302,0.66550
CVE-2012-5916,0.00385,0.70427
CVE-2012-5917,0.31689,0.96606
CVE-2012-5918,0.00113,0.44732
CVE-2012-5919,0.00288,0.65715
CVE-2012-5920,0.00254,0.63423
CVE-2012-5930,0.00960,0.81649
CVE-2012-5931,0.00192,0.57002
CVE-2012-5932,0.49378,0.97231
CVE-2012-5936,0.00199,0.57893
CVE-2012-5937,0.00782,0.79550
CVE-2012-5938,0.00042,0.05722
CVE-2012-5939,0.00080,0.33460
CVE-2012-5940,0.00228,0.61105
CVE-2012-5941,0.00062,0.24340
CVE-2012-5942,0.00084,0.34624
CVE-2012-5943,0.00125,0.46984
CVE-2012-5945,0.95298,0.99209
CVE-2012-5946,0.96591,0.99543
CVE-2012-5947,0.94546,0.99080
CVE-2012-5948,0.00125,0.46984
CVE-2012-5949,0.00177,0.54960
CVE-2012-5950,0.00094,0.39300
CVE-2012-5951,0.00042,0.05722
CVE-2012-5952,0.00304,0.66634
CVE-2012-5953,0.01039,0.82403
CVE-2012-5954,0.00311,0.67043
CVE-2012-5955,0.00528,0.74620
CVE-2012-5956,0.00154,0.51644
CVE-2012-5958,0.97445,0.99944
CVE-2012-5959,0.94609,0.99088
CVE-2012-5960,0.94601,0.99087
CVE-2012-5961,0.92517,0.98817
CVE-2012-5962,0.92517,0.98817
CVE-2012-5963,0.92517,0.98817
CVE-2012-5964,0.92517,0.98817
CVE-2012-5965,0.71966,0.97811
CVE-2012-5966,0.00115,0.45020
CVE-2012-5967,0.00130,0.47880
CVE-2012-5968,0.00219,0.59935
CVE-2012-5969,0.00206,0.58608
CVE-2012-5970,0.00215,0.59604
CVE-2012-5972,0.03511,0.90666
CVE-2012-5973,0.00346,0.68786
CVE-2012-5975,0.44156,0.97055
CVE-2012-5976,0.59327,0.97477
CVE-2012-5977,0.01222,0.83922
CVE-2012-5978,0.00269,0.64491
CVE-2012-5990,0.00289,0.65731
CVE-2012-5991,0.00120,0.46170
CVE-2012-5992,0.00333,0.68265
CVE-2012-6007,0.00131,0.48059
CVE-2012-6026,0.00081,0.33668
CVE-2012-6029,0.00132,0.48166
CVE-2012-6030,0.00062,0.24773
CVE-2012-6031,0.00062,0.24773
CVE-2012-6032,0.00058,0.21969
CVE-2012-6033,0.00062,0.24773
CVE-2012-6034,0.00102,0.41485
CVE-2012-6035,0.00102,0.41485
CVE-2012-6036,0.00083,0.34411
CVE-2012-6037,0.00192,0.57132
CVE-2012-6038,0.01652,0.86300
CVE-2012-6039,0.00079,0.32900
CVE-2012-6040,0.00221,0.60307
CVE-2012-6041,0.09801,0.94304
CVE-2012-6042,0.00904,0.81047
CVE-2012-6043,0.00195,0.57468
CVE-2012-6044,0.02778,0.89604
CVE-2012-6045,0.00221,0.60307
CVE-2012-6046,0.04141,0.91361
CVE-2012-6047,0.00330,0.68149
CVE-2012-6048,0.37601,0.96844
CVE-2012-6049,0.00330,0.68102
CVE-2012-6050,0.60376,0.97498
CVE-2012-6051,0.00125,0.47072
CVE-2012-6052,0.00302,0.66522
CVE-2012-6053,0.00414,0.71416
CVE-2012-6054,0.00414,0.71416
CVE-2012-6055,0.00772,0.79408
CVE-2012-6056,0.00403,0.71058
CVE-2012-6057,0.00414,0.71416
CVE-2012-6058,0.01997,0.87663
CVE-2012-6059,0.01331,0.84649
CVE-2012-6060,0.01947,0.87482
CVE-2012-6061,0.01382,0.84973
CVE-2012-6062,0.01427,0.85205
CVE-2012-6063,0.06027,0.92792
CVE-2012-6064,0.00383,0.70327
CVE-2012-6065,0.00458,0.72748
CVE-2012-6066,0.32652,0.96639
CVE-2012-6067,0.00503,0.73999
CVE-2012-6068,0.00465,0.72923
CVE-2012-6069,0.01096,0.82902
CVE-2012-6070,0.00264,0.64088
CVE-2012-6071,0.00300,0.66451
CVE-2012-6072,0.00236,0.61820
CVE-2012-6073,0.00348,0.68878
CVE-2012-6074,0.00127,0.47304
CVE-2012-6075,0.02305,0.88632
CVE-2012-6076,0.00042,0.05722
CVE-2012-6077,0.00347,0.68831
CVE-2012-6078,0.00330,0.68104
CVE-2012-6079,0.00254,0.63431
CVE-2012-6080,0.00664,0.77572
CVE-2012-6081,0.95231,0.99195
CVE-2012-6082,0.00258,0.63645
CVE-2012-6083,0.01933,0.87437
CVE-2012-6084,0.03110,0.90110
CVE-2012-6085,0.05025,0.92141
CVE-2012-6086,0.00074,0.30657
CVE-2012-6087,0.00092,0.38938
CVE-2012-6088,0.00641,0.77077
CVE-2012-6089,0.05295,0.92341
CVE-2012-6090,0.05295,0.92341
CVE-2012-6091,0.00264,0.64150
CVE-2012-6092,0.00425,0.71772
CVE-2012-6093,0.00318,0.67464
CVE-2012-6094,0.03401,0.90535
CVE-2012-6095,0.00042,0.05722
CVE-2012-6096,0.96828,0.99629
CVE-2012-6097,0.00073,0.30423
CVE-2012-6098,0.00121,0.46289
CVE-2012-6099,0.00116,0.45385
CVE-2012-6100,0.00121,0.46289
CVE-2012-6101,0.00245,0.62586
CVE-2012-6102,0.00289,0.65754
CVE-2012-6103,0.00159,0.52409
CVE-2012-6104,0.00313,0.67163
CVE-2012-6105,0.00313,0.67163
CVE-2012-6106,0.00251,0.63078
CVE-2012-6107,0.00071,0.29360
CVE-2012-6108,0.00042,0.05722
CVE-2012-6109,0.01224,0.83935
CVE-2012-6110,0.00042,0.05722
CVE-2012-6111,0.01279,0.84317
CVE-2012-6112,0.00643,0.77119
CVE-2012-6113,0.00470,0.73072
CVE-2012-6114,0.00042,0.05722
CVE-2012-6115,0.00042,0.05722
CVE-2012-6116,0.00042,0.05722
CVE-2012-6117,0.00042,0.05722
CVE-2012-6118,0.00145,0.50336
CVE-2012-6119,0.00042,0.05722
CVE-2012-6120,0.00042,0.05722
CVE-2012-6121,0.00265,0.64225
CVE-2012-6122,0.00890,0.80888
CVE-2012-6123,0.00387,0.70507
CVE-2012-6124,0.00108,0.43447
CVE-2012-6125,0.00361,0.69475
CVE-2012-6128,0.01393,0.85026
CVE-2012-6129,0.07407,0.93468
CVE-2012-6130,0.00250,0.63055
CVE-2012-6131,0.00250,0.63055
CVE-2012-6132,0.00220,0.60154
CVE-2012-6133,0.00362,0.69510
CVE-2012-6134,0.00215,0.59544
CVE-2012-6135,0.00951,0.81542
CVE-2012-6136,0.00042,0.05722
CVE-2012-6137,0.00216,0.59648
CVE-2012-6139,0.14254,0.95232
CVE-2012-6140,0.00042,0.05722
CVE-2012-6141,0.01776,0.86757
CVE-2012-6142,0.12132,0.94898
CVE-2012-6143,0.11946,0.94861
CVE-2012-6144,0.00119,0.45840
CVE-2012-6145,0.00100,0.40992
CVE-2012-6146,0.00083,0.34501
CVE-2012-6147,0.00100,0.40992
CVE-2012-6148,0.00088,0.37149
CVE-2012-6149,0.00122,0.46438
CVE-2012-6150,0.00124,0.46838
CVE-2012-6151,0.14496,0.95264
CVE-2012-6152,0.02279,0.88568
CVE-2012-6153,0.00154,0.51731
CVE-2012-6270,0.00442,0.72299
CVE-2012-6271,0.00526,0.74564
CVE-2012-6272,0.00153,0.51569
CVE-2012-6273,0.00117,0.45558
CVE-2012-6274,0.95331,0.99216
CVE-2012-6275,0.85036,0.98282
CVE-2012-6276,0.00568,0.75506
CVE-2012-6277,0.00369,0.69827
CVE-2012-6290,0.00144,0.50277
CVE-2012-6297,0.00312,0.67112
CVE-2012-6298,0.00357,0.69289
CVE-2012-6299,0.00503,0.73999
CVE-2012-6301,0.00496,0.73789
CVE-2012-6302,0.00044,0.10161
CVE-2012-6303,0.03759,0.90966
CVE-2012-6306,0.00211,0.59058
CVE-2012-6307,0.01514,0.85661
CVE-2012-6309,0.00103,0.41969
CVE-2012-6312,0.00214,0.59481
CVE-2012-6313,0.01429,0.85214
CVE-2012-6314,0.00230,0.61262
CVE-2012-6316,0.00095,0.39671
CVE-2012-6324,0.00134,0.48573
CVE-2012-6325,0.00122,0.46384
CVE-2012-6326,0.00209,0.58848
CVE-2012-6329,0.59224,0.97473
CVE-2012-6330,0.00760,0.79233
CVE-2012-6333,0.00062,0.24773
CVE-2012-6334,0.00056,0.21214
CVE-2012-6335,0.00060,0.23384
CVE-2012-6336,0.00060,0.23384
CVE-2012-6337,0.00065,0.26798
CVE-2012-6339,0.00184,0.55789
CVE-2012-6340,0.00078,0.32239
CVE-2012-6341,0.00085,0.35282
CVE-2012-6342,0.00747,0.79005
CVE-2012-6344,0.00079,0.33124
CVE-2012-6345,0.00227,0.60994
CVE-2012-6346,0.00125,0.47020
CVE-2012-6347,0.00170,0.54119
CVE-2012-6348,0.00042,0.05722
CVE-2012-6349,0.00950,0.81535
CVE-2012-6350,0.00122,0.46437
CVE-2012-6352,0.01306,0.84511
CVE-2012-6354,0.00484,0.73477
CVE-2012-6355,0.00214,0.59463
CVE-2012-6356,0.00214,0.59463
CVE-2012-6357,0.00214,0.59463
CVE-2012-6359,0.00266,0.64290
CVE-2012-6360,0.00178,0.55082
CVE-2012-6369,0.00159,0.52365
CVE-2012-6371,0.00336,0.68393
CVE-2012-6392,0.14112,0.95209
CVE-2012-6395,0.00218,0.59825
CVE-2012-6396,0.00108,0.43364
CVE-2012-6397,0.00185,0.55814
CVE-2012-6399,0.00091,0.38636
CVE-2012-6422,0.00296,0.66197
CVE-2012-6426,0.00710,0.78445
CVE-2012-6427,0.00095,0.39487
CVE-2012-6428,0.00422,0.71693
CVE-2012-6429,0.44846,0.97073
CVE-2012-6430,0.02433,0.88930
CVE-2012-6431,0.00256,0.63504
CVE-2012-6432,0.00446,0.72393
CVE-2012-6433,0.00341,0.68565
CVE-2012-6434,0.00124,0.46845
CVE-2012-6435,0.96177,0.99404
CVE-2012-6436,0.93377,0.98914
CVE-2012-6437,0.00236,0.61806
CVE-2012-6438,0.93377,0.98914
CVE-2012-6439,0.00282,0.65358
CVE-2012-6440,0.00102,0.41439
CVE-2012-6441,0.86086,0.98332
CVE-2012-6442,0.93379,0.98915
CVE-2012-6447,0.00254,0.63423
CVE-2012-6448,0.00112,0.44407
CVE-2012-6449,0.00050,0.16830
CVE-2012-6451,0.00665,0.77602
CVE-2012-6452,0.00330,0.68102
CVE-2012-6453,0.00132,0.48166
CVE-2012-6458,0.00140,0.49569
CVE-2012-6459,0.00313,0.67167
CVE-2012-6460,0.00255,0.63494
CVE-2012-6461,0.00192,0.56904
CVE-2012-6462,0.00137,0.49174
CVE-2012-6463,0.00132,0.48166
CVE-2012-6464,0.00132,0.48166
CVE-2012-6465,0.01803,0.86868
CVE-2012-6466,0.00176,0.54842
CVE-2012-6467,0.00245,0.62586
CVE-2012-6468,0.03410,0.90550
CVE-2012-6469,0.00313,0.67163
CVE-2012-6470,0.88471,0.98466
CVE-2012-6471,0.00176,0.54842
CVE-2012-6472,0.00042,0.05722
CVE-2012-6493,0.00815,0.80001
CVE-2012-6494,0.00139,0.49419
CVE-2012-6495,0.03482,0.90633
CVE-2012-6496,0.00449,0.72471
CVE-2012-6497,0.00134,0.48473
CVE-2012-6498,0.00861,0.80546
CVE-2012-6499,0.01204,0.83786
CVE-2012-6500,0.13370,0.95097
CVE-2012-6501,0.01128,0.83167
CVE-2012-6502,0.00508,0.74108
CVE-2012-6503,0.00477,0.73241
CVE-2012-6504,0.00478,0.73316
CVE-2012-6505,0.00783,0.79564
CVE-2012-6506,0.00754,0.79126
CVE-2012-6507,0.00148,0.50795
CVE-2012-6508,0.00389,0.70605
CVE-2012-6509,0.00898,0.80970
CVE-2012-6510,0.00193,0.57215
CVE-2012-6511,0.00142,0.49946
CVE-2012-6512,0.00323,0.67735
CVE-2012-6513,0.00221,0.60307
CVE-2012-6514,0.00204,0.58403
CVE-2012-6515,0.00351,0.69035
CVE-2012-6516,0.00079,0.32864
CVE-2012-6517,0.03577,0.90744
CVE-2012-6518,0.23295,0.96150
CVE-2012-6519,0.13331,0.95092
CVE-2012-6520,0.00258,0.63633
CVE-2012-6521,0.00155,0.51807
CVE-2012-6522,0.33507,0.96677
CVE-2012-6523,0.00306,0.66760
CVE-2012-6524,0.00370,0.69844
CVE-2012-6525,0.00079,0.32900
CVE-2012-6526,0.00079,0.32900
CVE-2012-6527,0.00833,0.80232
CVE-2012-6528,0.00651,0.77273
CVE-2012-6529,0.00079,0.32900
CVE-2012-6530,0.17501,0.95673
CVE-2012-6531,0.00334,0.68303
CVE-2012-6532,0.00235,0.61625
CVE-2012-6533,0.00060,0.23238
CVE-2012-6534,0.07095,0.93359
CVE-2012-6535,0.09263,0.94139
CVE-2012-6536,0.00042,0.05722
CVE-2012-6537,0.00042,0.05722
CVE-2012-6538,0.00042,0.05722
CVE-2012-6539,0.00082,0.34133
CVE-2012-6540,0.00082,0.34133
CVE-2012-6541,0.00073,0.30423
CVE-2012-6542,0.00088,0.36922
CVE-2012-6543,0.00073,0.30423
CVE-2012-6544,0.00117,0.45620
CVE-2012-6545,0.00117,0.45620
CVE-2012-6546,0.00117,0.45620
CVE-2012-6547,0.00082,0.34133
CVE-2012-6548,0.00122,0.46524
CVE-2012-6549,0.00118,0.45826
CVE-2012-6550,0.00187,0.56288
CVE-2012-6551,0.00515,0.74283
CVE-2012-6552,0.00259,0.63671
CVE-2012-6553,0.09424,0.94196
CVE-2012-6554,0.90687,0.98616
CVE-2012-6555,0.00130,0.47842
CVE-2012-6556,0.00231,0.61330
CVE-2012-6557,0.00221,0.60307
CVE-2012-6558,0.09424,0.94196
CVE-2012-6559,0.00214,0.59432
CVE-2012-6560,0.00333,0.68285
CVE-2012-6561,0.00254,0.63423
CVE-2012-6562,0.00814,0.79988
CVE-2012-6563,0.00434,0.72053
CVE-2012-6564,0.00130,0.47784
CVE-2012-6565,0.00068,0.28383
CVE-2012-6566,0.00130,0.47784
CVE-2012-6567,0.00158,0.52260
CVE-2012-6568,0.00083,0.34354
CVE-2012-6569,0.01984,0.87616
CVE-2012-6570,0.00390,0.70641
CVE-2012-6571,0.00375,0.70004
CVE-2012-6572,0.00250,0.63055
CVE-2012-6573,0.00314,0.67230
CVE-2012-6574,0.00220,0.60154
CVE-2012-6575,0.00220,0.60154
CVE-2012-6576,0.00192,0.57132
CVE-2012-6577,0.00137,0.49203
CVE-2012-6578,0.00234,0.61533
CVE-2012-6579,0.00200,0.57924
CVE-2012-6580,0.00234,0.61533
CVE-2012-6581,0.00263,0.64041
CVE-2012-6582,0.00275,0.64854
CVE-2012-6583,0.00113,0.44739
CVE-2012-6584,0.00240,0.62149
CVE-2012-6585,0.00140,0.49644
CVE-2012-6586,0.00240,0.62149
CVE-2012-6587,0.00140,0.49644
CVE-2012-6588,0.00341,0.68597
CVE-2012-6589,0.00140,0.49644
CVE-2012-6590,0.00352,0.69066
CVE-2012-6591,0.00151,0.51291
CVE-2012-6592,0.00360,0.69444
CVE-2012-6593,0.00360,0.69444
CVE-2012-6594,0.00151,0.51291
CVE-2012-6595,0.00151,0.51291
CVE-2012-6596,0.00207,0.58717
CVE-2012-6597,0.00179,0.55229
CVE-2012-6598,0.00151,0.51291
CVE-2012-6599,0.00151,0.51291
CVE-2012-6600,0.00151,0.51291
CVE-2012-6601,0.00991,0.81966
CVE-2012-6602,0.00151,0.51291
CVE-2012-6603,0.00602,0.76242
CVE-2012-6604,0.00289,0.65758
CVE-2012-6605,0.00289,0.65758
CVE-2012-6606,0.00061,0.23853
CVE-2012-6607,0.00042,0.05722
CVE-2012-6608,0.00185,0.55840
CVE-2012-6609,0.00221,0.60220
CVE-2012-6610,0.00286,0.65546
CVE-2012-6611,0.28946,0.96473
CVE-2012-6612,0.00224,0.60765
CVE-2012-6613,0.00106,0.42834
CVE-2012-6614,0.00658,0.77400
CVE-2012-6615,0.00704,0.78303
CVE-2012-6616,0.01508,0.85638
CVE-2012-6617,0.00600,0.76210
CVE-2012-6618,0.01602,0.86093
CVE-2012-6619,0.01197,0.83730
CVE-2012-6620,0.00258,0.63645
CVE-2012-6621,0.00265,0.64225
CVE-2012-6622,0.00527,0.74586
CVE-2012-6623,0.00220,0.60154
CVE-2012-6624,0.00225,0.60809
CVE-2012-6625,0.00121,0.46273
CVE-2012-6626,0.00300,0.66435
CVE-2012-6627,0.00155,0.51807
CVE-2012-6628,0.00184,0.55757
CVE-2012-6629,0.00163,0.52941
CVE-2012-6630,0.00155,0.51807
CVE-2012-6631,0.00563,0.75377
CVE-2012-6632,0.00329,0.68023
CVE-2012-6633,0.00135,0.48865
CVE-2012-6634,0.00250,0.63072
CVE-2012-6635,0.00119,0.45908
CVE-2012-6636,0.03804,0.91022
CVE-2012-6637,0.00650,0.77257
CVE-2012-6638,0.00742,0.78940
CVE-2012-6639,0.00907,0.81075
CVE-2012-6640,0.00192,0.57132
CVE-2012-6641,0.00220,0.60154
CVE-2012-6642,0.00140,0.49569
CVE-2012-6643,0.00171,0.54178
CVE-2012-6644,0.01035,0.82349
CVE-2012-6645,0.00501,0.73889
CVE-2012-6646,0.00042,0.05722
CVE-2012-6647,0.00042,0.05722
CVE-2012-6648,0.00042,0.05722
CVE-2012-6649,0.02666,0.89386
CVE-2012-6651,0.00553,0.75213
CVE-2012-6652,0.00428,0.71832
CVE-2012-6653,0.02602,0.89258
CVE-2012-6654,0.00164,0.53068
CVE-2012-6655,0.00042,0.05722
CVE-2012-6656,0.00334,0.68294
CVE-2012-6657,0.00046,0.12627
CVE-2012-6658,0.00193,0.57215
CVE-2012-6659,0.00140,0.49569
CVE-2012-6660,0.00342,0.68637
CVE-2012-6661,0.00481,0.73369
CVE-2012-6662,0.00252,0.63199
CVE-2012-6663,0.01274,0.84284
CVE-2012-6665,0.00405,0.71100
CVE-2012-6666,0.00293,0.66036
CVE-2012-6667,0.01440,0.85275
CVE-2012-6668,0.00149,0.50975
CVE-2012-6670,0.00149,0.50975
CVE-2012-6671,0.00149,0.50975
CVE-2012-6682,0.00135,0.48872
CVE-2012-6684,0.00206,0.58602
CVE-2012-6685,0.00182,0.55577
CVE-2012-6687,0.02671,0.89396
CVE-2012-6689,0.00042,0.05722
CVE-2012-6691,0.00175,0.54683
CVE-2012-6692,0.00279,0.65114
CVE-2012-6693,0.00420,0.71598
CVE-2012-6694,0.00420,0.71598
CVE-2012-6695,0.00420,0.71598
CVE-2012-6696,0.00339,0.68484
CVE-2012-6697,0.00615,0.76544
CVE-2012-6698,0.00501,0.73925
CVE-2012-6699,0.00501,0.73925
CVE-2012-6700,0.00501,0.73925
CVE-2012-6701,0.00042,0.05722
CVE-2012-6702,0.00224,0.60777
CVE-2012-6703,0.00042,0.05722
CVE-2012-6704,0.00042,0.05722
CVE-2012-6705,0.00101,0.41173
CVE-2012-6706,0.02417,0.88886
CVE-2012-6707,0.00168,0.53801
CVE-2012-6708,0.00823,0.80102
CVE-2012-6709,0.00120,0.46159
CVE-2012-6710,0.13073,0.95044
CVE-2012-6711,0.00042,0.05722
CVE-2012-6712,0.00663,0.77559
CVE-2012-6713,0.00078,0.32606
CVE-2012-6714,0.00078,0.32606
CVE-2012-6715,0.00078,0.32606
CVE-2012-6716,0.00078,0.32606
CVE-2012-6717,0.00078,0.32606
CVE-2012-6718,0.00078,0.32606
CVE-2012-6719,0.00138,0.49278
CVE-2012-6720,0.00369,0.69800
CVE-2012-6721,0.00053,0.19032
CVE-2013-0001,0.02009,0.87718
CVE-2013-0002,0.85976,0.98325
CVE-2013-0003,0.89401,0.98532
CVE-2013-0004,0.53687,0.97341
CVE-2013-0005,0.59015,0.97461
CVE-2013-0006,0.95084,0.99160
CVE-2013-0007,0.93486,0.98929
CVE-2013-0008,0.00067,0.27732
CVE-2013-0009,0.51543,0.97280
CVE-2013-0010,0.51543,0.97280
CVE-2013-0011,0.62932,0.97570
CVE-2013-0013,0.00838,0.80283
CVE-2013-0015,0.43331,0.97031
CVE-2013-0018,0.80812,0.98075
CVE-2013-0019,0.93005,0.98869
CVE-2013-0020,0.80812,0.98075
CVE-2013-0021,0.91466,0.98693
CVE-2013-0022,0.78322,0.97993
CVE-2013-0023,0.80812,0.98075
CVE-2013-0024,0.80812,0.98075
CVE-2013-0025,0.97204,0.99792
CVE-2013-0026,0.78322,0.97993
CVE-2013-0027,0.78322,0.97993
CVE-2013-0028,0.80812,0.98075
CVE-2013-0029,0.80812,0.98075
CVE-2013-0030,0.69800,0.97745
CVE-2013-0073,0.55104,0.97380
CVE-2013-0074,0.95986,0.99358
CVE-2013-0075,0.86344,0.98351
CVE-2013-0076,0.00042,0.00438
CVE-2013-0077,0.87331,0.98401
CVE-2013-0078,0.00042,0.00438
CVE-2013-0079,0.90598,0.98612
CVE-2013-0080,0.95569,0.99273
CVE-2013-0081,0.27101,0.96362
CVE-2013-0082,0.79798,0.98040
CVE-2013-0083,0.95706,0.99300
CVE-2013-0084,0.82205,0.98140
CVE-2013-0085,0.33241,0.96665
CVE-2013-0086,0.03304,0.90401
CVE-2013-0087,0.91557,0.98703
CVE-2013-0088,0.91029,0.98652
CVE-2013-0089,0.91029,0.98652
CVE-2013-0090,0.63397,0.97580
CVE-2013-0091,0.91557,0.98703
CVE-2013-0092,0.91029,0.98652
CVE-2013-0093,0.91029,0.98652
CVE-2013-0094,0.91029,0.98652
CVE-2013-0095,0.07678,0.93552
CVE-2013-0096,0.26026,0.96309
CVE-2013-0107,0.00927,0.81304
CVE-2013-0108,0.92351,0.98792
CVE-2013-0109,0.00192,0.56899
CVE-2013-0110,0.00042,0.00438
CVE-2013-0111,0.00042,0.00438
CVE-2013-0113,0.00314,0.67235
CVE-2013-0118,0.00214,0.59519
CVE-2013-0120,0.00683,0.77974
CVE-2013-0122,0.00083,0.34412
CVE-2013-0123,0.00095,0.39639
CVE-2013-0124,0.00256,0.63512
CVE-2013-0125,0.00298,0.66354
CVE-2013-0126,0.01007,0.82098
CVE-2013-0127,0.00995,0.82008
CVE-2013-0128,0.00473,0.73138
CVE-2013-0129,0.00078,0.32084
CVE-2013-0130,0.00387,0.70493
CVE-2013-0131,0.00794,0.79758
CVE-2013-0132,0.00598,0.76158
CVE-2013-0133,0.00042,0.00438
CVE-2013-0134,0.00256,0.63512
CVE-2013-0135,0.00127,0.47277
CVE-2013-0136,0.11164,0.94684
CVE-2013-0137,0.00726,0.78703
CVE-2013-0138,0.00723,0.78663
CVE-2013-0139,0.00348,0.68870
CVE-2013-0140,0.00213,0.59325
CVE-2013-0141,0.00238,0.61989
CVE-2013-0142,0.00448,0.72451
CVE-2013-0143,0.19933,0.95916
CVE-2013-0144,0.00121,0.46253
CVE-2013-0145,0.03869,0.91082
CVE-2013-0148,0.00089,0.37620
CVE-2013-0149,0.00185,0.55831
CVE-2013-0150,0.00875,0.80710
CVE-2013-0151,0.00147,0.50599
CVE-2013-0152,0.00059,0.22933
CVE-2013-0153,0.00064,0.26441
CVE-2013-0154,0.00062,0.24773
CVE-2013-0155,0.00371,0.69870
CVE-2013-0156,0.97314,0.99859
CVE-2013-0157,0.00042,0.05722
CVE-2013-0158,0.00701,0.78259
CVE-2013-0159,0.00042,0.05722
CVE-2013-0160,0.00048,0.14716
CVE-2013-0161,0.00091,0.38430
CVE-2013-0162,0.00042,0.05722
CVE-2013-0163,0.00044,0.10161
CVE-2013-0164,0.00042,0.05722
CVE-2013-0165,0.00092,0.38838
CVE-2013-0166,0.00682,0.77960
CVE-2013-0167,0.00052,0.18252
CVE-2013-0168,0.00359,0.69387
CVE-2013-0169,0.00536,0.74826
CVE-2013-0170,0.01827,0.86972
CVE-2013-0171,0.01816,0.86931
CVE-2013-0172,0.00079,0.32944
CVE-2013-0173,0.00074,0.30481
CVE-2013-0174,0.00181,0.55435
CVE-2013-0175,0.05700,0.92615
CVE-2013-0176,0.02351,0.88731
CVE-2013-0177,0.00174,0.54606
CVE-2013-0178,0.00046,0.13851
CVE-2013-0179,0.01596,0.86059
CVE-2013-0180,0.00044,0.10161
CVE-2013-0181,0.00292,0.65987
CVE-2013-0182,0.00434,0.72053
CVE-2013-0183,0.04897,0.92034
CVE-2013-0184,0.01282,0.84358
CVE-2013-0185,0.00098,0.40370
CVE-2013-0186,0.00092,0.38694
CVE-2013-0187,0.00229,0.61172
CVE-2013-0189,0.05474,0.92479
CVE-2013-0190,0.00042,0.05722
CVE-2013-0191,0.00751,0.79067
CVE-2013-0192,0.00102,0.41281
CVE-2013-0193,0.00129,0.47564
CVE-2013-0194,0.00129,0.47564
CVE-2013-0195,0.00129,0.47564
CVE-2013-0196,0.00071,0.29411
CVE-2013-0197,0.00250,0.63055
CVE-2013-0198,0.00610,0.76424
CVE-2013-0199,0.00434,0.72053
CVE-2013-0200,0.00042,0.05722
CVE-2013-0201,0.00437,0.72151
CVE-2013-0202,0.00115,0.45007
CVE-2013-0203,0.00066,0.27429
CVE-2013-0204,0.00188,0.56348
CVE-2013-0205,0.00157,0.52211
CVE-2013-0206,0.01584,0.86011
CVE-2013-0207,0.00160,0.52542
CVE-2013-0208,0.00442,0.72305
CVE-2013-0209,0.82416,0.98161
CVE-2013-0210,0.00333,0.68263
CVE-2013-0211,0.00618,0.76633
CVE-2013-0212,0.00495,0.73768
CVE-2013-0213,0.04247,0.91450
CVE-2013-0214,0.01167,0.83483
CVE-2013-0215,0.00180,0.55289
CVE-2013-0216,0.00244,0.62515
CVE-2013-0217,0.00180,0.55289
CVE-2013-0218,0.00042,0.05722
CVE-2013-0219,0.00044,0.08000
CVE-2013-0220,0.04897,0.92034
CVE-2013-0221,0.03023,0.89975
CVE-2013-0222,0.00059,0.22933
CVE-2013-0223,0.00111,0.44188
CVE-2013-0224,0.00042,0.05722
CVE-2013-0225,0.00113,0.44739
CVE-2013-0226,0.00225,0.60829
CVE-2013-0227,0.00102,0.41341
CVE-2013-0228,0.00246,0.62659
CVE-2013-0229,0.97364,0.99890
CVE-2013-0230,0.90593,0.98611
CVE-2013-0231,0.00062,0.24773
CVE-2013-0232,0.74959,0.97898
CVE-2013-0233,0.10487,0.94502
CVE-2013-0234,0.00280,0.65138
CVE-2013-0235,0.03513,0.90669
CVE-2013-0236,0.00833,0.80232
CVE-2013-0237,0.00247,0.62780
CVE-2013-0238,0.19574,0.95882
CVE-2013-0239,0.00313,0.67134
CVE-2013-0240,0.00182,0.55555
CVE-2013-0241,0.00042,0.05722
CVE-2013-0242,0.00857,0.80511
CVE-2013-0243,0.00093,0.39040
CVE-2013-0244,0.00259,0.63800
CVE-2013-0245,0.00241,0.62204
CVE-2013-0246,0.00434,0.72053
CVE-2013-0247,0.01393,0.85028
CVE-2013-0248,0.00042,0.05722
CVE-2013-0249,0.92318,0.98788
CVE-2013-0250,0.01302,0.84484
CVE-2013-0251,0.04995,0.92099
CVE-2013-0252,0.00762,0.79254
CVE-2013-0253,0.00252,0.63161
CVE-2013-0254,0.00042,0.05722
CVE-2013-0255,0.02089,0.87980
CVE-2013-0256,0.00383,0.70330
CVE-2013-0257,0.00311,0.67066
CVE-2013-0258,0.00749,0.79039
CVE-2013-0259,0.00111,0.44215
CVE-2013-0260,0.00042,0.05722
CVE-2013-0261,0.00042,0.05722
CVE-2013-0262,0.00503,0.73982
CVE-2013-0263,0.08350,0.93814
CVE-2013-0264,0.00090,0.37972
CVE-2013-0265,0.00042,0.05722
CVE-2013-0266,0.00042,0.05722
CVE-2013-0267,0.00142,0.49934
CVE-2013-0268,0.00196,0.57578
CVE-2013-0269,0.02637,0.89337
CVE-2013-0270,0.01591,0.86042
CVE-2013-0271,0.00644,0.77122
CVE-2013-0272,0.01718,0.86547
CVE-2013-0273,0.00612,0.76471
CVE-2013-0274,0.02002,0.87684
CVE-2013-0275,0.00315,0.67321
CVE-2013-0276,0.00927,0.81302
CVE-2013-0277,0.09887,0.94329
CVE-2013-0281,0.00712,0.78471
CVE-2013-0282,0.00337,0.68412
CVE-2013-0283,0.00053,0.18833
CVE-2013-0284,0.00295,0.66152
CVE-2013-0285,0.00868,0.80615
CVE-2013-0286,0.00058,0.22585
CVE-2013-0287,0.00214,0.59486
CVE-2013-0288,0.00436,0.72098
CVE-2013-0289,0.00181,0.55374
CVE-2013-0290,0.00042,0.05722
CVE-2013-0291,0.51061,0.97271
CVE-2013-0292,0.00043,0.07636
CVE-2013-0293,0.00045,0.11966
CVE-2013-0294,0.00656,0.77359
CVE-2013-0296,0.00042,0.05722
CVE-2013-0297,0.00068,0.28383
CVE-2013-0298,0.00142,0.49908
CVE-2013-0299,0.00158,0.52238
CVE-2013-0300,0.00158,0.52238
CVE-2013-0301,0.00158,0.52238
CVE-2013-0302,0.00324,0.67763
CVE-2013-0303,0.00241,0.62197
CVE-2013-0304,0.00086,0.35594
CVE-2013-0305,0.00136,0.48915
CVE-2013-0306,0.00913,0.81137
CVE-2013-0307,0.00057,0.21243
CVE-2013-0308,0.00273,0.64703
CVE-2013-0309,0.00042,0.05722
CVE-2013-0310,0.00042,0.05722
CVE-2013-0311,0.00062,0.24773
CVE-2013-0312,0.03397,0.90532
CVE-2013-0313,0.00042,0.05722
CVE-2013-0314,0.00886,0.80842
CVE-2013-0315,0.00331,0.68172
CVE-2013-0316,0.00255,0.63447
CVE-2013-0317,0.00220,0.60154
CVE-2013-0318,0.00491,0.73662
CVE-2013-0319,0.00259,0.63800
CVE-2013-0320,0.00304,0.66622
CVE-2013-0321,0.00220,0.60154
CVE-2013-0322,0.00254,0.63423
CVE-2013-0323,0.00275,0.64854
CVE-2013-0324,0.00102,0.41341
CVE-2013-0325,0.00259,0.63800
CVE-2013-0326,0.00045,0.11839
CVE-2013-0327,0.00244,0.62428
CVE-2013-0328,0.00123,0.46618
CVE-2013-0329,0.01060,0.82603
CVE-2013-0330,0.00255,0.63469
CVE-2013-0331,0.02292,0.88595
CVE-2013-0332,0.13204,0.95067
CVE-2013-0333,0.97385,0.99904
CVE-2013-0334,0.00589,0.76013
CVE-2013-0335,0.00426,0.71776
CVE-2013-0336,0.01995,0.87652
CVE-2013-0337,0.00192,0.57138
CVE-2013-0338,0.01199,0.83738
CVE-2013-0339,0.01860,0.87121
CVE-2013-0340,0.00523,0.74487
CVE-2013-0342,0.00767,0.79335
CVE-2013-0343,0.02495,0.89048
CVE-2013-0345,0.00042,0.05722
CVE-2013-0346,0.00042,0.05722
CVE-2013-0347,0.00043,0.07658
CVE-2013-0348,0.00042,0.05722
CVE-2013-0349,0.00042,0.05722
CVE-2013-0350,0.00042,0.05722
CVE-2013-0351,0.01816,0.86926
CVE-2013-0352,0.00450,0.72522
CVE-2013-0353,0.00141,0.49829
CVE-2013-0354,0.00249,0.62919
CVE-2013-0355,0.00141,0.49829
CVE-2013-0356,0.00141,0.49829
CVE-2013-0357,0.00141,0.49829
CVE-2013-0358,0.00141,0.49829
CVE-2013-0359,0.01065,0.82651
CVE-2013-0360,0.00176,0.54842
CVE-2013-0361,0.01954,0.87507
CVE-2013-0362,0.00244,0.62428
CVE-2013-0363,0.00319,0.67532
CVE-2013-0364,0.00319,0.67532
CVE-2013-0365,0.00083,0.34501
CVE-2013-0366,0.01954,0.87507
CVE-2013-0367,0.00278,0.65040
CVE-2013-0368,0.00278,0.65040
CVE-2013-0369,0.00083,0.34501
CVE-2013-0370,0.00083,0.34501
CVE-2013-0371,0.00278,0.65040
CVE-2013-0372,0.00450,0.72522
CVE-2013-0373,0.00141,0.49829
CVE-2013-0374,0.00141,0.49829
CVE-2013-0375,0.00221,0.60333
CVE-2013-0376,0.00141,0.49829
CVE-2013-0377,0.00141,0.49829
CVE-2013-0378,0.00141,0.49829
CVE-2013-0379,0.00141,0.49829
CVE-2013-0380,0.00141,0.49829
CVE-2013-0381,0.00319,0.67532
CVE-2013-0382,0.00176,0.54842
CVE-2013-0383,0.01001,0.82049
CVE-2013-0384,0.00352,0.69067
CVE-2013-0385,0.00062,0.24501
CVE-2013-0386,0.00278,0.65040
CVE-2013-0387,0.00104,0.42352
CVE-2013-0388,0.00141,0.49829
CVE-2013-0389,0.00281,0.65227
CVE-2013-0390,0.00071,0.29447
CVE-2013-0391,0.00083,0.34501
CVE-2013-0392,0.00141,0.49829
CVE-2013-0393,0.00568,0.75507
CVE-2013-0394,0.00176,0.54842
CVE-2013-0395,0.00083,0.34501
CVE-2013-0396,0.00176,0.54842
CVE-2013-0397,0.89316,0.98528
CVE-2013-0398,0.01043,0.82438
CVE-2013-0399,0.00044,0.10704
CVE-2013-0400,0.00044,0.10704
CVE-2013-0401,0.23539,0.96163
CVE-2013-0402,0.25532,0.96284
CVE-2013-0403,0.00044,0.10704
CVE-2013-0404,0.00044,0.10704
CVE-2013-0405,0.00258,0.63640
CVE-2013-0406,0.00289,0.65757
CVE-2013-0407,0.00044,0.10704
CVE-2013-0408,0.00182,0.55529
CVE-2013-0409,0.00726,0.78700
CVE-2013-0410,0.00181,0.55435
CVE-2013-0411,0.00044,0.10704
CVE-2013-0412,0.00044,0.10704
CVE-2013-0413,0.00238,0.61986
CVE-2013-0414,0.00044,0.10704
CVE-2013-0415,0.00044,0.10704
CVE-2013-0416,0.00086,0.35594
CVE-2013-0417,0.00176,0.54842
CVE-2013-0418,0.17597,0.95686
CVE-2013-0419,0.01918,0.87382
CVE-2013-0420,0.01521,0.85708
CVE-2013-0422,0.97435,0.99939
CVE-2013-0423,0.01918,0.87382
CVE-2013-0424,0.00735,0.78844
CVE-2013-0425,0.05006,0.92119
CVE-2013-0426,0.05006,0.92119
CVE-2013-0427,0.01186,0.83644
CVE-2013-0428,0.04753,0.91902
CVE-2013-0429,0.04497,0.91672
CVE-2013-0430,0.00047,0.14033
CVE-2013-0431,0.97469,0.99960
CVE-2013-0432,0.01014,0.82159
CVE-2013-0433,0.01186,0.83644
CVE-2013-0434,0.00716,0.78541
CVE-2013-0435,0.01014,0.82159
CVE-2013-0436,0.01240,0.84064
CVE-2013-0437,0.01448,0.85325
CVE-2013-0438,0.00726,0.78700
CVE-2013-0439,0.01240,0.84064
CVE-2013-0440,0.06650,0.93154
CVE-2013-0441,0.05921,0.92738
CVE-2013-0442,0.05921,0.92738
CVE-2013-0443,0.00946,0.81498
CVE-2013-0444,0.01918,0.87382
CVE-2013-0445,0.05921,0.92738
CVE-2013-0446,0.01816,0.86926
CVE-2013-0447,0.01240,0.84064
CVE-2013-0448,0.00815,0.79994
CVE-2013-0449,0.00808,0.79933
CVE-2013-0450,0.04009,0.91212
CVE-2013-0451,0.00264,0.64074
CVE-2013-0452,0.00133,0.48437
CVE-2013-0453,0.00086,0.35693
CVE-2013-0454,0.00161,0.52758
CVE-2013-0455,0.00116,0.45351
CVE-2013-0456,0.00079,0.33036
CVE-2013-0457,0.00084,0.34624
CVE-2013-0458,0.00178,0.55082
CVE-2013-0459,0.00178,0.55082
CVE-2013-0460,0.00112,0.44496
CVE-2013-0461,0.00178,0.55082
CVE-2013-0462,0.00205,0.58475
CVE-2013-0463,0.00079,0.33036
CVE-2013-0464,0.00250,0.63004
CVE-2013-0465,0.00511,0.74195
CVE-2013-0466,0.00178,0.55082
CVE-2013-0467,0.00077,0.31780
CVE-2013-0468,0.00063,0.25667
CVE-2013-0470,0.00110,0.43985
CVE-2013-0471,0.00617,0.76601
CVE-2013-0472,0.00125,0.47023
CVE-2013-0473,0.00177,0.54960
CVE-2013-0474,0.00289,0.65807
CVE-2013-0475,0.00079,0.33036
CVE-2013-0476,0.00168,0.53535
CVE-2013-0477,0.00156,0.51921
CVE-2013-0478,0.00062,0.24340
CVE-2013-0479,0.00070,0.29111
CVE-2013-0481,0.00289,0.65807
CVE-2013-0482,0.00358,0.69327
CVE-2013-0483,0.00204,0.58416
CVE-2013-0484,0.00228,0.61065
CVE-2013-0485,0.00364,0.69582
CVE-2013-0486,0.00741,0.78929
CVE-2013-0487,0.00177,0.54968
CVE-2013-0488,0.00125,0.46984
CVE-2013-0489,0.00076,0.31194
CVE-2013-0490,0.00042,0.05722
CVE-2013-0492,0.00063,0.25667
CVE-2013-0494,0.00474,0.73151
CVE-2013-0499,0.00609,0.76386
CVE-2013-0500,0.00124,0.46711
CVE-2013-0501,0.00464,0.72882
CVE-2013-0502,0.00178,0.55082
CVE-2013-0503,0.00178,0.55082
CVE-2013-0504,0.01049,0.82480
CVE-2013-0505,0.00106,0.42974
CVE-2013-0506,0.00178,0.55082
CVE-2013-0507,0.00116,0.45350
CVE-2013-0508,0.00238,0.61998
CVE-2013-0509,0.01405,0.85098
CVE-2013-0510,0.00125,0.46947
CVE-2013-0511,0.00162,0.52818
CVE-2013-0512,0.00512,0.74201
CVE-2013-0513,0.00042,0.05722
CVE-2013-0517,0.00047,0.13987
CVE-2013-0518,0.00139,0.49407
CVE-2013-0519,0.00168,0.53535
CVE-2013-0520,0.00079,0.33036
CVE-2013-0522,0.00042,0.05722
CVE-2013-0523,0.00366,0.69671
CVE-2013-0525,0.00050,0.16482
CVE-2013-0526,0.01969,0.87549
CVE-2013-0527,0.00105,0.42625
CVE-2013-0529,0.00518,0.74361
CVE-2013-0531,0.00160,0.52574
CVE-2013-0532,0.00187,0.56234
CVE-2013-0533,0.00063,0.25667
CVE-2013-0534,0.00042,0.05722
CVE-2013-0535,0.00086,0.35693
CVE-2013-0536,0.00042,0.05722
CVE-2013-0537,0.00079,0.33036
CVE-2013-0538,0.00205,0.58569
CVE-2013-0539,0.00289,0.65807
CVE-2013-0540,0.00112,0.44499
CVE-2013-0541,0.00042,0.05722
CVE-2013-0542,0.00178,0.55082
CVE-2013-0543,0.00302,0.66499
CVE-2013-0544,0.00115,0.45149
CVE-2013-0548,0.00270,0.64549
CVE-2013-0549,0.00178,0.55082
CVE-2013-0551,0.02737,0.89533
CVE-2013-0553,0.00068,0.28080
CVE-2013-0558,0.00289,0.65807
CVE-2013-0559,0.00289,0.65807
CVE-2013-0560,0.00162,0.52818
CVE-2013-0565,0.00178,0.55082
CVE-2013-0566,0.00178,0.55082
CVE-2013-0567,0.00115,0.45142
CVE-2013-0568,0.00079,0.33036
CVE-2013-0569,0.00178,0.55082
CVE-2013-0570,0.00079,0.32910
CVE-2013-0571,0.00125,0.46984
CVE-2013-0572,0.00063,0.25667
CVE-2013-0576,0.00178,0.55082
CVE-2013-0577,0.00159,0.52376
CVE-2013-0578,0.00119,0.45903
CVE-2013-0579,0.00214,0.59474
CVE-2013-0580,0.00089,0.37475
CVE-2013-0581,0.00086,0.35693
CVE-2013-0582,0.00191,0.56743
CVE-2013-0584,0.00168,0.53535
CVE-2013-0585,0.00063,0.25667
CVE-2013-0586,0.00063,0.25667
CVE-2013-0587,0.00178,0.55082
CVE-2013-0589,0.00276,0.64904
CVE-2013-0590,0.00063,0.25667
CVE-2013-0591,0.00063,0.25667
CVE-2013-0592,0.00061,0.23996
CVE-2013-0593,0.06598,0.93128
CVE-2013-0594,0.00096,0.39943
CVE-2013-0595,0.00178,0.55082
CVE-2013-0596,0.00178,0.55082
CVE-2013-0597,0.00104,0.42030
CVE-2013-0598,0.00133,0.48437
CVE-2013-0599,0.00289,0.65807
CVE-2013-0600,0.00497,0.73807
CVE-2013-0601,0.02028,0.87768
CVE-2013-0602,0.01812,0.86904
CVE-2013-0603,0.14345,0.95244
CVE-2013-0604,0.02138,0.88169
CVE-2013-0605,0.02028,0.87768
CVE-2013-0606,0.02138,0.88169
CVE-2013-0607,0.00920,0.81237
CVE-2013-0608,0.00920,0.81237
CVE-2013-0609,0.01775,0.86752
CVE-2013-0610,0.02138,0.88169
CVE-2013-0611,0.01127,0.83161
CVE-2013-0612,0.14345,0.95244
CVE-2013-0613,0.01775,0.86752
CVE-2013-0614,0.00920,0.81237
CVE-2013-0615,0.02138,0.88169
CVE-2013-0616,0.01496,0.85552
CVE-2013-0617,0.02138,0.88169
CVE-2013-0618,0.00920,0.81237
CVE-2013-0619,0.02028,0.87768
CVE-2013-0620,0.02028,0.87768
CVE-2013-0621,0.14345,0.95244
CVE-2013-0622,0.02111,0.88045
CVE-2013-0623,0.01496,0.85552
CVE-2013-0624,0.24822,0.96244
CVE-2013-0625,0.86185,0.98343
CVE-2013-0626,0.02138,0.88169
CVE-2013-0627,0.00044,0.08124
CVE-2013-0629,0.93731,0.98956
CVE-2013-0630,0.02747,0.89556
CVE-2013-0631,0.96634,0.99557
CVE-2013-0632,0.97389,0.99908
CVE-2013-0633,0.04865,0.92012
CVE-2013-0634,0.96826,0.99628
CVE-2013-0635,0.00546,0.75051
CVE-2013-0636,0.02116,0.88056
CVE-2013-0637,0.00328,0.67969
CVE-2013-0638,0.01580,0.85996
CVE-2013-0639,0.01480,0.85463
CVE-2013-0640,0.94888,0.99132
CVE-2013-0641,0.94887,0.99132
CVE-2013-0642,0.01280,0.84328
CVE-2013-0643,0.03489,0.90641
CVE-2013-0644,0.01291,0.84417
CVE-2013-0645,0.01280,0.84328
CVE-2013-0646,0.01627,0.86208
CVE-2013-0647,0.01580,0.85996
CVE-2013-0648,0.05674,0.92597
CVE-2013-0649,0.01291,0.84417
CVE-2013-0650,0.01623,0.86196
CVE-2013-0651,0.00433,0.72006
CVE-2013-0652,0.00615,0.76539
CVE-2013-0653,0.02184,0.88301
CVE-2013-0654,0.00414,0.71422
CVE-2013-0655,0.00825,0.80129
CVE-2013-0656,0.12316,0.94924
CVE-2013-0657,0.74171,0.97877
CVE-2013-0658,0.96565,0.99537
CVE-2013-0659,0.02087,0.87972
CVE-2013-0662,0.10643,0.94554
CVE-2013-0663,0.00367,0.69702
CVE-2013-0664,0.00574,0.75643
CVE-2013-0665,0.00064,0.26308
CVE-2013-0666,0.00348,0.68870
CVE-2013-0667,0.00159,0.52415
CVE-2013-0668,0.00159,0.52415
CVE-2013-0669,0.00116,0.45284
CVE-2013-0670,0.00153,0.51595
CVE-2013-0671,0.00099,0.40581
CVE-2013-0672,0.00078,0.32084
CVE-2013-0673,0.00708,0.78377
CVE-2013-0674,0.23272,0.96148
CVE-2013-0675,0.00206,0.58652
CVE-2013-0676,0.00121,0.46361
CVE-2013-0677,0.00422,0.71671
CVE-2013-0678,0.00121,0.46361
CVE-2013-0679,0.00099,0.40581
CVE-2013-0680,0.03268,0.90350
CVE-2013-0681,0.00353,0.69105
CVE-2013-0682,0.00818,0.80030
CVE-2013-0683,0.00127,0.47233
CVE-2013-0684,0.00108,0.43438
CVE-2013-0685,0.00686,0.78019
CVE-2013-0686,0.00346,0.68795
CVE-2013-0687,0.00071,0.29292
CVE-2013-0688,0.00256,0.63512
CVE-2013-0689,0.00828,0.80172
CVE-2013-0692,0.00773,0.79428
CVE-2013-0693,0.00505,0.74041
CVE-2013-0694,0.00242,0.62313
CVE-2013-0699,0.37050,0.96825
CVE-2013-0700,0.00268,0.64439
CVE-2013-0701,0.00143,0.50058
CVE-2013-0702,0.00192,0.57132
CVE-2013-0703,0.00192,0.57132
CVE-2013-0704,0.00259,0.63680
CVE-2013-0705,0.00345,0.68772
CVE-2013-0706,0.00536,0.74806
CVE-2013-0707,0.03994,0.91199
CVE-2013-0708,0.00192,0.57132
CVE-2013-0709,0.00192,0.57132
CVE-2013-0710,0.05700,0.92616
CVE-2013-0711,0.01132,0.83200
CVE-2013-0712,0.00348,0.68900
CVE-2013-0713,0.01522,0.85714
CVE-2013-0714,0.06541,0.93085
CVE-2013-0715,0.00543,0.75003
CVE-2013-0716,0.01132,0.83200
CVE-2013-0717,0.00160,0.52542
CVE-2013-0718,0.00198,0.57740
CVE-2013-0719,0.00198,0.57740
CVE-2013-0720,0.00198,0.57740
CVE-2013-0721,0.00330,0.68102
CVE-2013-0722,0.00042,0.05722
CVE-2013-0723,0.01928,0.87424
CVE-2013-0724,0.01060,0.82603
CVE-2013-0725,0.00084,0.35124
CVE-2013-0726,0.93653,0.98945
CVE-2013-0727,0.00062,0.24336
CVE-2013-0728,0.01967,0.87544
CVE-2013-0729,0.05119,0.92209
CVE-2013-0730,0.00192,0.57132
CVE-2013-0731,0.01035,0.82352
CVE-2013-0732,0.05489,0.92488
CVE-2013-0733,0.97104,0.99739
CVE-2013-0734,0.00250,0.63055
CVE-2013-0735,0.00367,0.69703
CVE-2013-0736,0.00134,0.48610
CVE-2013-0737,0.00106,0.42948
CVE-2013-0738,0.00124,0.46749
CVE-2013-0739,0.00124,0.46749
CVE-2013-0740,0.00245,0.62586
CVE-2013-0741,0.00192,0.57132
CVE-2013-0742,0.93865,0.98973
CVE-2013-0744,0.01903,0.87324
CVE-2013-0745,0.02587,0.89229
CVE-2013-0746,0.01903,0.87324
CVE-2013-0747,0.01077,0.82759
CVE-2013-0748,0.00311,0.67043
CVE-2013-0749,0.00668,0.77677
CVE-2013-0750,0.06847,0.93251
CVE-2013-0751,0.00339,0.68507
CVE-2013-0752,0.02450,0.88963
CVE-2013-0753,0.97122,0.99751
CVE-2013-0754,0.03949,0.91163
CVE-2013-0755,0.08495,0.93865
CVE-2013-0756,0.05036,0.92145
CVE-2013-0757,0.06921,0.93289
CVE-2013-0758,0.21082,0.96002
CVE-2013-0759,0.00324,0.67758
CVE-2013-0760,0.02407,0.88865
CVE-2013-0761,0.01999,0.87667
CVE-2013-0762,0.01855,0.87107
CVE-2013-0763,0.01803,0.86869
CVE-2013-0764,0.05509,0.92501
CVE-2013-0765,0.01017,0.82188
CVE-2013-0766,0.01855,0.87107
CVE-2013-0767,0.02951,0.89866
CVE-2013-0768,0.02174,0.88272
CVE-2013-0769,0.00547,0.75073
CVE-2013-0770,0.01117,0.83073
CVE-2013-0771,0.02407,0.88865
CVE-2013-0772,0.01711,0.86518
CVE-2013-0773,0.00952,0.81573
CVE-2013-0774,0.00433,0.72008
CVE-2013-0775,0.01929,0.87426
CVE-2013-0776,0.00226,0.60903
CVE-2013-0777,0.02415,0.88880
CVE-2013-0778,0.01419,0.85157
CVE-2013-0779,0.01497,0.85559
CVE-2013-0780,0.02070,0.87917
CVE-2013-0781,0.02420,0.88897
CVE-2013-0782,0.02681,0.89428
CVE-2013-0783,0.01514,0.85664
CVE-2013-0784,0.00852,0.80448
CVE-2013-0785,0.00171,0.54212
CVE-2013-0786,0.00279,0.65081
CVE-2013-0787,0.09680,0.94269
CVE-2013-0788,0.07851,0.93635
CVE-2013-0789,0.07919,0.93663
CVE-2013-0790,0.06666,0.93161
CVE-2013-0791,0.06875,0.93263
CVE-2013-0792,0.01233,0.84009
CVE-2013-0793,0.00360,0.69442
CVE-2013-0794,0.00987,0.81921
CVE-2013-0795,0.01148,0.83327
CVE-2013-0796,0.01946,0.87481
CVE-2013-0797,0.00094,0.39345
CVE-2013-0798,0.00138,0.49337
CVE-2013-0799,0.00042,0.05722
CVE-2013-0800,0.01934,0.87440
CVE-2013-0801,0.07851,0.93635
CVE-2013-0803,0.95105,0.99164
CVE-2013-0804,0.95406,0.99233
CVE-2013-0805,0.00265,0.64225
CVE-2013-0807,0.00427,0.71807
CVE-2013-0809,0.94471,0.99066
CVE-2013-0810,0.96439,0.99484
CVE-2013-0811,0.84413,0.98246
CVE-2013-0828,0.00327,0.67888
CVE-2013-0829,0.00205,0.58513
CVE-2013-0830,0.00190,0.56676
CVE-2013-0831,0.00410,0.71281
CVE-2013-0832,0.00434,0.72070
CVE-2013-0833,0.00442,0.72304
CVE-2013-0834,0.00442,0.72304
CVE-2013-0835,0.00479,0.73335
CVE-2013-0836,0.00455,0.72652
CVE-2013-0837,0.00434,0.72070
CVE-2013-0838,0.00155,0.51817
CVE-2013-0839,0.00330,0.68141
CVE-2013-0840,0.00166,0.53307
CVE-2013-0841,0.00330,0.68141
CVE-2013-0842,0.00166,0.53307
CVE-2013-0843,0.00702,0.78270
CVE-2013-0844,0.00379,0.70182
CVE-2013-0845,0.00350,0.68974
CVE-2013-0846,0.00363,0.69552
CVE-2013-0847,0.00293,0.66048
CVE-2013-0848,0.00335,0.68356
CVE-2013-0849,0.00363,0.69552
CVE-2013-0850,0.00335,0.68356
CVE-2013-0851,0.00293,0.66048
CVE-2013-0852,0.00335,0.68356
CVE-2013-0853,0.00363,0.69552
CVE-2013-0854,0.00363,0.69552
CVE-2013-0855,0.00293,0.66048
CVE-2013-0856,0.00293,0.66048
CVE-2013-0857,0.00363,0.69552
CVE-2013-0858,0.00407,0.71207
CVE-2013-0859,0.00293,0.66048
CVE-2013-0860,0.00641,0.77069
CVE-2013-0861,0.00309,0.66963
CVE-2013-0862,0.00363,0.69552
CVE-2013-0863,0.00374,0.69989
CVE-2013-0864,0.00449,0.72478
CVE-2013-0865,0.00491,0.73657
CVE-2013-0866,0.00491,0.73657
CVE-2013-0867,0.00363,0.69552
CVE-2013-0868,0.00350,0.68974
CVE-2013-0869,0.00293,0.66048
CVE-2013-0870,0.00199,0.57780
CVE-2013-0871,0.00044,0.08000
CVE-2013-0872,0.00414,0.71445
CVE-2013-0873,0.00395,0.70804
CVE-2013-0874,0.00335,0.68356
CVE-2013-0875,0.00363,0.69552
CVE-2013-0876,0.00363,0.69552
CVE-2013-0877,0.00335,0.68356
CVE-2013-0878,0.00335,0.68356
CVE-2013-0879,0.01349,0.84760
CVE-2013-0880,0.00434,0.72070
CVE-2013-0881,0.00479,0.73335
CVE-2013-0882,0.00434,0.72070
CVE-2013-0883,0.00479,0.73335
CVE-2013-0884,0.00190,0.56676
CVE-2013-0885,0.00190,0.56676
CVE-2013-0886,0.00166,0.53307
CVE-2013-0887,0.00258,0.63653
CVE-2013-0888,0.01321,0.84594
CVE-2013-0889,0.00728,0.78744
CVE-2013-0890,0.00667,0.77649
CVE-2013-0891,0.00434,0.72070
CVE-2013-0892,0.01275,0.84291
CVE-2013-0893,0.00434,0.72070
CVE-2013-0894,0.00561,0.75339
CVE-2013-0895,0.00330,0.68141
CVE-2013-0896,0.00401,0.70995
CVE-2013-0897,0.00581,0.75812
CVE-2013-0898,0.00434,0.72070
CVE-2013-0899,0.02010,0.87719
CVE-2013-0900,0.01772,0.86736
CVE-2013-0902,0.00330,0.68141
CVE-2013-0903,0.00330,0.68141
CVE-2013-0904,0.00401,0.70995
CVE-2013-0905,0.00330,0.68141
CVE-2013-0906,0.00433,0.71976
CVE-2013-0907,0.00330,0.68141
CVE-2013-0908,0.00166,0.53307
CVE-2013-0909,0.00179,0.55218
CVE-2013-0910,0.00692,0.78116
CVE-2013-0911,0.00330,0.68141
CVE-2013-0912,0.54653,0.97363
CVE-2013-0913,0.00044,0.08043
CVE-2013-0914,0.00044,0.08000
CVE-2013-0915,0.00123,0.46678
CVE-2013-0916,0.00330,0.68141
CVE-2013-0917,0.00477,0.73250
CVE-2013-0918,0.00250,0.63016
CVE-2013-0919,0.00146,0.50459
CVE-2013-0920,0.00330,0.68141
CVE-2013-0921,0.00250,0.63016
CVE-2013-0922,0.00155,0.51817
CVE-2013-0923,0.01247,0.84107
CVE-2013-0924,0.00155,0.51817
CVE-2013-0925,0.00155,0.51817
CVE-2013-0926,0.01017,0.82191
CVE-2013-0927,0.00166,0.53307
CVE-2013-0928,0.16396,0.95527
CVE-2013-0929,0.04054,0.91269
CVE-2013-0930,0.93408,0.98918
CVE-2013-0931,0.00069,0.28481
CVE-2013-0932,0.00126,0.47152
CVE-2013-0933,0.00130,0.47784
CVE-2013-0934,0.00126,0.47152
CVE-2013-0935,0.00879,0.80753
CVE-2013-0936,0.00130,0.47784
CVE-2013-0937,0.00183,0.55648
CVE-2013-0938,0.00130,0.47784
CVE-2013-0939,0.00139,0.49442
CVE-2013-0940,0.00042,0.05722
CVE-2013-0941,0.00042,0.05722
CVE-2013-0942,0.00130,0.47784
CVE-2013-0943,0.00042,0.05722
CVE-2013-0944,0.00132,0.48072
CVE-2013-0945,0.00107,0.43271
CVE-2013-0946,0.93578,0.98934
CVE-2013-0947,0.00042,0.05722
CVE-2013-0948,0.00907,0.81073
CVE-2013-0949,0.00907,0.81073
CVE-2013-0950,0.01056,0.82545
CVE-2013-0951,0.00907,0.81073
CVE-2013-0952,0.01056,0.82545
CVE-2013-0953,0.00907,0.81073
CVE-2013-0954,0.00907,0.81073
CVE-2013-0955,0.00907,0.81073
CVE-2013-0956,0.00907,0.81073
CVE-2013-0957,0.00099,0.40613
CVE-2013-0958,0.00907,0.81073
CVE-2013-0959,0.01056,0.82545
CVE-2013-0960,0.00826,0.80135
CVE-2013-0961,0.00826,0.80135
CVE-2013-0962,0.00192,0.56888
CVE-2013-0963,0.00093,0.38946
CVE-2013-0964,0.00042,0.05722
CVE-2013-0966,0.00256,0.63504
CVE-2013-0967,0.00116,0.45363
CVE-2013-0968,0.00775,0.79459
CVE-2013-0969,0.00060,0.23384
CVE-2013-0970,0.00130,0.47793
CVE-2013-0971,0.01214,0.83854
CVE-2013-0973,0.00159,0.52424
CVE-2013-0974,0.00624,0.76757
CVE-2013-0975,0.03986,0.91193
CVE-2013-0976,0.00515,0.74275
CVE-2013-0977,0.00042,0.05722
CVE-2013-0978,0.00042,0.05722
CVE-2013-0979,0.00042,0.05722
CVE-2013-0980,0.00062,0.24373
CVE-2013-0981,0.00042,0.05722
CVE-2013-0982,0.00044,0.10161
CVE-2013-0983,0.00643,0.77115
CVE-2013-0984,0.03489,0.90640
CVE-2013-0985,0.00042,0.05722
CVE-2013-0986,0.89502,0.98542
CVE-2013-0987,0.08027,0.93711
CVE-2013-0988,0.87152,0.98394
CVE-2013-0989,0.07012,0.93325
CVE-2013-0990,0.00166,0.53271
CVE-2013-0991,0.00465,0.72900
CVE-2013-0992,0.00975,0.81799
CVE-2013-0993,0.00465,0.72900
CVE-2013-0994,0.00465,0.72900
CVE-2013-0995,0.00465,0.72900
CVE-2013-0996,0.00465,0.72900
CVE-2013-0997,0.01223,0.83926
CVE-2013-0998,0.00656,0.77370
CVE-2013-0999,0.00929,0.81320
CVE-2013-1000,0.00465,0.72900
CVE-2013-10001,0.00133,0.48411
CVE-2013-10002,0.00133,0.48342
CVE-2013-10003,0.00180,0.55301
CVE-2013-10004,0.00234,0.61593
CVE-2013-10005,0.00088,0.36991
CVE-2013-10006,0.00102,0.41325
CVE-2013-10007,0.00086,0.35645
CVE-2013-10008,0.00132,0.48219
CVE-2013-10009,0.00121,0.46269
CVE-2013-1001,0.00465,0.72900
CVE-2013-10010,0.00058,0.22667
CVE-2013-10011,0.00132,0.48219
CVE-2013-10012,0.00132,0.48219
CVE-2013-10013,0.00612,0.76479
CVE-2013-10014,0.00132,0.48219
CVE-2013-10015,0.00073,0.30322
CVE-2013-10016,0.00073,0.30322
CVE-2013-10017,0.00073,0.30322
CVE-2013-10018,0.00073,0.30322
CVE-2013-10019,0.00073,0.30235
CVE-2013-1002,0.00465,0.72900
CVE-2013-10020,0.00077,0.31687
CVE-2013-10021,0.00085,0.35386
CVE-2013-10022,0.00077,0.31687
CVE-2013-10023,0.00058,0.22658
CVE-2013-10024,0.00064,0.26487
CVE-2013-10025,0.00055,0.20387
CVE-2013-10026,0.00076,0.31379
CVE-2013-10027,0.00055,0.20387
CVE-2013-10028,0.00052,0.17989
CVE-2013-10029,0.00055,0.20387
CVE-2013-1003,0.00465,0.72900
CVE-2013-10030,0.00064,0.26487
CVE-2013-1004,0.00465,0.72900
CVE-2013-1005,0.00465,0.72900
CVE-2013-1006,0.00465,0.72900
CVE-2013-1007,0.00465,0.72900
CVE-2013-1008,0.00465,0.72900
CVE-2013-1009,0.00775,0.79459
CVE-2013-1010,0.00465,0.72900
CVE-2013-1011,0.00887,0.80847
CVE-2013-1012,0.00253,0.63275
CVE-2013-1013,0.00145,0.50430
CVE-2013-1014,0.00051,0.17134
CVE-2013-1015,0.70935,0.97780
CVE-2013-1016,0.02826,0.89682
CVE-2013-1017,0.97319,0.99866
CVE-2013-1018,0.02579,0.89206
CVE-2013-1019,0.03859,0.91073
CVE-2013-1020,0.94051,0.98997
CVE-2013-1021,0.38931,0.96907
CVE-2013-1022,0.47363,0.97158
CVE-2013-1023,0.00775,0.79459
CVE-2013-1024,0.00988,0.81936
CVE-2013-1025,0.07012,0.93325
CVE-2013-1026,0.03647,0.90825
CVE-2013-1027,0.00658,0.77394
CVE-2013-1028,0.00138,0.49225
CVE-2013-1029,0.00301,0.66490
CVE-2013-1030,0.00042,0.05722
CVE-2013-1031,0.00086,0.35832
CVE-2013-1032,0.01044,0.82444
CVE-2013-1033,0.00115,0.45208
CVE-2013-1034,0.00192,0.56888
CVE-2013-1035,0.01056,0.82545
CVE-2013-1036,0.05346,0.92379
CVE-2013-1037,0.00693,0.78138
CVE-2013-1038,0.00693,0.78138
CVE-2013-1039,0.00693,0.78138
CVE-2013-1040,0.00693,0.78138
CVE-2013-1041,0.00693,0.78138
CVE-2013-1042,0.00831,0.80218
CVE-2013-1043,0.00831,0.80218
CVE-2013-1044,0.00831,0.80218
CVE-2013-1045,0.00831,0.80218
CVE-2013-1046,0.00831,0.80218
CVE-2013-1047,0.00693,0.78138
CVE-2013-1048,0.00042,0.05722
CVE-2013-1049,0.00967,0.81723
CVE-2013-1050,0.00156,0.51995
CVE-2013-1051,0.00073,0.30151
CVE-2013-1052,0.00042,0.05722
CVE-2013-1053,0.00044,0.10161
CVE-2013-1054,0.00125,0.47022
CVE-2013-1055,0.00112,0.44327
CVE-2013-1056,0.00042,0.05722
CVE-2013-1057,0.00042,0.05722
CVE-2013-1058,0.00176,0.54846
CVE-2013-1059,0.04001,0.91206
CVE-2013-1060,0.00044,0.08000
CVE-2013-1061,0.00042,0.05722
CVE-2013-1062,0.00042,0.05722
CVE-2013-1063,0.00042,0.05722
CVE-2013-1064,0.00042,0.05722
CVE-2013-1065,0.00042,0.05722
CVE-2013-1066,0.00042,0.05722
CVE-2013-1067,0.00042,0.05722
CVE-2013-1068,0.00134,0.48563
CVE-2013-1069,0.00042,0.05722
CVE-2013-1070,0.00223,0.60696
CVE-2013-1079,0.02796,0.89634
CVE-2013-1080,0.90161,0.98582
CVE-2013-1081,0.97178,0.99776
CVE-2013-1082,0.96331,0.99451
CVE-2013-1083,0.00323,0.67734
CVE-2013-1084,0.95284,0.99204
CVE-2013-1085,0.75509,0.97911
CVE-2013-1086,0.00516,0.74322
CVE-2013-1087,0.00580,0.75791
CVE-2013-1088,0.00080,0.33414
CVE-2013-1090,0.00044,0.10161
CVE-2013-1091,0.68507,0.97702
CVE-2013-1092,0.00050,0.16885
CVE-2013-1093,0.00627,0.76804
CVE-2013-1094,0.00356,0.69223
CVE-2013-1095,0.00356,0.69223
CVE-2013-1096,0.01429,0.85213
CVE-2013-1097,0.00356,0.69223
CVE-2013-1100,0.00181,0.55390
CVE-2013-1102,0.00676,0.77814
CVE-2013-1103,0.01282,0.84358
CVE-2013-1104,0.01447,0.85319
CVE-2013-1105,0.00416,0.71490
CVE-2013-1107,0.00104,0.41977
CVE-2013-1108,0.00074,0.30569
CVE-2013-1109,0.00090,0.37808
CVE-2013-1110,0.00105,0.42533
CVE-2013-1111,0.00408,0.71223
CVE-2013-1112,0.00563,0.75411
CVE-2013-1113,0.00254,0.63423
CVE-2013-1114,0.00185,0.55814
CVE-2013-1115,0.01223,0.83930
CVE-2013-1116,0.01223,0.83930
CVE-2013-1117,0.01223,0.83930
CVE-2013-1118,0.01525,0.85728
CVE-2013-1119,0.01223,0.83930
CVE-2013-1120,0.00094,0.39461
CVE-2013-1121,0.00187,0.56209
CVE-2013-1122,0.00161,0.52744
CVE-2013-1123,0.00259,0.63693
CVE-2013-1124,0.00068,0.28344
CVE-2013-1125,0.00066,0.27288
CVE-2013-1128,0.00157,0.52101
CVE-2013-1129,0.00161,0.52744
CVE-2013-1130,0.00281,0.65217
CVE-2013-1131,0.00137,0.49143
CVE-2013-1132,0.00190,0.56605
CVE-2013-1133,0.00161,0.52744
CVE-2013-1134,0.00181,0.55390
CVE-2013-1135,0.00181,0.55455
CVE-2013-1136,0.00095,0.39686
CVE-2013-1137,0.00161,0.52744
CVE-2013-1138,0.00161,0.52744
CVE-2013-1139,0.00099,0.40579
CVE-2013-1140,0.00262,0.63935
CVE-2013-1141,0.00138,0.49310
CVE-2013-1142,0.00186,0.56036
CVE-2013-1143,0.00186,0.56036
CVE-2013-1144,0.00165,0.53243
CVE-2013-1145,0.00165,0.53243
CVE-2013-1146,0.01363,0.84870
CVE-2013-1147,0.00165,0.53243
CVE-2013-1148,0.00165,0.53243
CVE-2013-1149,0.00186,0.56036
CVE-2013-1150,0.00186,0.56036
CVE-2013-1151,0.00139,0.49415
CVE-2013-1152,0.00165,0.53243
CVE-2013-1153,0.00094,0.39461
CVE-2013-1154,0.00563,0.75411
CVE-2013-1155,0.00165,0.53243
CVE-2013-1156,0.00333,0.68288
CVE-2013-1157,0.00190,0.56605
CVE-2013-1158,0.00190,0.56605
CVE-2013-1159,0.00190,0.56605
CVE-2013-1160,0.00190,0.56605
CVE-2013-1161,0.00100,0.40829
CVE-2013-1162,0.00165,0.53243
CVE-2013-1163,0.00116,0.45319
CVE-2013-1164,0.00165,0.53243
CVE-2013-1165,0.00165,0.53243
CVE-2013-1166,0.00165,0.53243
CVE-2013-1167,0.00165,0.53243
CVE-2013-1168,0.00235,0.61604
CVE-2013-1169,0.00354,0.69154
CVE-2013-1170,0.00379,0.70209
CVE-2013-1171,0.00190,0.56605
CVE-2013-1172,0.00177,0.54878
CVE-2013-1173,0.00177,0.54878
CVE-2013-1174,0.00165,0.53243
CVE-2013-1176,0.00228,0.61114
CVE-2013-1177,0.00988,0.81936
CVE-2013-1178,0.01118,0.83080
CVE-2013-1179,0.00441,0.72260
CVE-2013-1180,0.00441,0.72260
CVE-2013-1181,0.00165,0.53243
CVE-2013-1182,0.00354,0.69154
CVE-2013-1183,0.01473,0.85437
CVE-2013-1184,0.00165,0.53243
CVE-2013-1185,0.00379,0.70209
CVE-2013-1186,0.00538,0.74864
CVE-2013-1187,0.00165,0.53243
CVE-2013-1188,0.00165,0.53243
CVE-2013-1189,0.00141,0.49787
CVE-2013-1190,0.00174,0.54636
CVE-2013-1191,0.00109,0.43546
CVE-2013-1192,0.02072,0.87929
CVE-2013-1193,0.00165,0.53243
CVE-2013-1194,0.00161,0.52707
CVE-2013-1195,0.00214,0.59519
CVE-2013-1196,0.00177,0.54878
CVE-2013-1197,0.00100,0.40829
CVE-2013-1198,0.00190,0.56605
CVE-2013-1199,0.00108,0.43364
CVE-2013-1200,0.00317,0.67398
CVE-2013-1202,0.00103,0.41969
CVE-2013-1203,0.00228,0.61114
CVE-2013-1204,0.00165,0.53243
CVE-2013-1205,0.00362,0.69522
CVE-2013-1208,0.00122,0.46501
CVE-2013-1209,0.00162,0.52923
CVE-2013-1210,0.00165,0.53243
CVE-2013-1211,0.00162,0.52923
CVE-2013-1212,0.00061,0.23853
CVE-2013-1213,0.00165,0.53243
CVE-2013-1214,0.00255,0.63487
CVE-2013-1215,0.00245,0.62610
CVE-2013-1216,0.00108,0.43364
CVE-2013-1217,0.00108,0.43364
CVE-2013-1218,0.00165,0.53243
CVE-2013-1219,0.00072,0.29464
CVE-2013-1220,0.00165,0.53243
CVE-2013-1221,0.00656,0.77357
CVE-2013-1222,0.00162,0.52923
CVE-2013-1223,0.00255,0.63487
CVE-2013-1224,0.00257,0.63570
CVE-2013-1225,0.00255,0.63487
CVE-2013-1226,0.00149,0.50942
CVE-2013-1227,0.00190,0.56605
CVE-2013-1228,0.00052,0.17675
CVE-2013-1229,0.00165,0.53243
CVE-2013-1230,0.00165,0.53243
CVE-2013-1231,0.00212,0.59236
CVE-2013-1232,0.00212,0.59236
CVE-2013-1234,0.00108,0.43364
CVE-2013-1235,0.00165,0.53243
CVE-2013-1236,0.00165,0.53243
CVE-2013-1240,0.00177,0.54878
CVE-2013-1241,0.00108,0.43364
CVE-2013-1242,0.00235,0.61650
CVE-2013-1243,0.00165,0.53243
CVE-2013-1244,0.00075,0.30927
CVE-2013-1245,0.00068,0.27945
CVE-2013-1246,0.00108,0.43364
CVE-2013-1247,0.00190,0.56605
CVE-2013-1248,0.00042,0.00438
CVE-2013-1249,0.00042,0.00438
CVE-2013-1250,0.00042,0.00438
CVE-2013-1251,0.00042,0.00438
CVE-2013-1252,0.00042,0.00438
CVE-2013-1253,0.00042,0.00438
CVE-2013-1254,0.00042,0.00438
CVE-2013-1255,0.00042,0.00438
CVE-2013-1256,0.00042,0.00438
CVE-2013-1257,0.00042,0.00438
CVE-2013-1258,0.00042,0.00438
CVE-2013-1259,0.00042,0.00438
CVE-2013-1260,0.00042,0.00438
CVE-2013-1261,0.00042,0.00438
CVE-2013-1262,0.00042,0.00438
CVE-2013-1263,0.00042,0.00438
CVE-2013-1264,0.00042,0.00438
CVE-2013-1265,0.00042,0.00438
CVE-2013-1266,0.00042,0.00438
CVE-2013-1267,0.00042,0.00438
CVE-2013-1268,0.00042,0.00438
CVE-2013-1269,0.00042,0.00438
CVE-2013-1270,0.00042,0.00438
CVE-2013-1271,0.00042,0.00438
CVE-2013-1272,0.00042,0.00438
CVE-2013-1273,0.00042,0.00438
CVE-2013-1274,0.00042,0.00438
CVE-2013-1275,0.00042,0.00438
CVE-2013-1276,0.00042,0.00438
CVE-2013-1277,0.00042,0.00438
CVE-2013-1278,0.00042,0.00438
CVE-2013-1279,0.00042,0.00438
CVE-2013-1280,0.00042,0.00438
CVE-2013-1281,0.94499,0.99072
CVE-2013-1282,0.49825,0.97239
CVE-2013-1283,0.00042,0.00438
CVE-2013-1284,0.00042,0.00438
CVE-2013-1285,0.00124,0.46796
CVE-2013-1286,0.00124,0.46796
CVE-2013-1287,0.00124,0.46796
CVE-2013-1288,0.91557,0.98703
CVE-2013-1289,0.92018,0.98754
CVE-2013-1290,0.00486,0.73522
CVE-2013-1291,0.00521,0.74449
CVE-2013-1292,0.00042,0.00438
CVE-2013-1293,0.00043,0.07315
CVE-2013-1294,0.00042,0.00438
CVE-2013-1295,0.00042,0.00438
CVE-2013-1296,0.91207,0.98671
CVE-2013-1297,0.43056,0.97022
CVE-2013-1299,0.01556,0.85875
CVE-2013-1300,0.00076,0.31396
CVE-2013-1301,0.02639,0.89340
CVE-2013-1302,0.74572,0.97888
CVE-2013-1303,0.90760,0.98624
CVE-2013-1304,0.90760,0.98624
CVE-2013-1305,0.95843,0.99325
CVE-2013-1306,0.94584,0.99085
CVE-2013-1307,0.84413,0.98246
CVE-2013-1308,0.82225,0.98141
CVE-2013-1309,0.95179,0.99185
CVE-2013-1310,0.84435,0.98247
CVE-2013-1311,0.96365,0.99465
CVE-2013-1312,0.82225,0.98141
CVE-2013-1313,0.93823,0.98968
CVE-2013-1315,0.75757,0.97918
CVE-2013-1316,0.60181,0.97495
CVE-2013-1317,0.72889,0.97838
CVE-2013-1318,0.94211,0.99020
CVE-2013-1319,0.84481,0.98249
CVE-2013-1320,0.88969,0.98503
CVE-2013-1321,0.62023,0.97556
CVE-2013-1322,0.84481,0.98249
CVE-2013-1323,0.91053,0.98656
CVE-2013-1324,0.91953,0.98747
CVE-2013-1325,0.91953,0.98747
CVE-2013-1327,0.84838,0.98271
CVE-2013-1328,0.74069,0.97873
CVE-2013-1329,0.89150,0.98514
CVE-2013-1330,0.90885,0.98639
CVE-2013-1331,0.96874,0.99648
CVE-2013-1332,0.00044,0.10864
CVE-2013-1333,0.00044,0.10864
CVE-2013-1334,0.00044,0.10864
CVE-2013-1335,0.91053,0.98656
CVE-2013-1336,0.89331,0.98529
CVE-2013-1337,0.34201,0.96710
CVE-2013-1338,0.92156,0.98769
CVE-2013-1339,0.31659,0.96603
CVE-2013-1340,0.00042,0.00438
CVE-2013-1341,0.00042,0.00438
CVE-2013-1342,0.00042,0.00438
CVE-2013-1343,0.00042,0.00438
CVE-2013-1344,0.00042,0.00438
CVE-2013-1345,0.00700,0.78243
CVE-2013-1346,0.11646,0.94794
CVE-2013-1347,0.97325,0.99867
CVE-2013-1348,0.00749,0.79039
CVE-2013-1349,0.66269,0.97643
CVE-2013-1350,0.00208,0.58782
CVE-2013-1351,0.18692,0.95799
CVE-2013-1352,0.00399,0.70940
CVE-2013-1353,0.00050,0.16830
CVE-2013-1359,0.97192,0.99788
CVE-2013-1360,0.21808,0.96047
CVE-2013-1361,0.00907,0.81078
CVE-2013-1362,0.94162,0.99013
CVE-2013-1364,0.00710,0.78434
CVE-2013-1365,0.01280,0.84328
CVE-2013-1366,0.01280,0.84328
CVE-2013-1367,0.01280,0.84328
CVE-2013-1368,0.01280,0.84328
CVE-2013-1369,0.01280,0.84328
CVE-2013-1370,0.01280,0.84328
CVE-2013-1371,0.02791,0.89626
CVE-2013-1372,0.01280,0.84328
CVE-2013-1373,0.01280,0.84328
CVE-2013-1374,0.01291,0.84417
CVE-2013-1375,0.01987,0.87623
CVE-2013-1376,0.18366,0.95750
CVE-2013-1377,0.00638,0.77002
CVE-2013-1378,0.02986,0.89916
CVE-2013-1379,0.03750,0.90957
CVE-2013-1380,0.02169,0.88259
CVE-2013-1383,0.01688,0.86425
CVE-2013-1384,0.00734,0.78842
CVE-2013-1385,0.00365,0.69623
CVE-2013-1386,0.00734,0.78842
CVE-2013-1387,0.00680,0.77916
CVE-2013-1388,0.00680,0.77916
CVE-2013-1389,0.01756,0.86690
CVE-2013-1391,0.97207,0.99795
CVE-2013-1393,0.00143,0.50082
CVE-2013-1397,0.00749,0.79039
CVE-2013-1398,0.00126,0.47209
CVE-2013-1399,0.00158,0.52238
CVE-2013-1400,0.05530,0.92518
CVE-2013-1401,0.07338,0.93447
CVE-2013-1402,0.03201,0.90247
CVE-2013-1405,0.00243,0.62366
CVE-2013-1406,0.00062,0.24874
CVE-2013-1407,0.00223,0.60678
CVE-2013-1408,0.00106,0.42777
CVE-2013-1409,0.01160,0.83422
CVE-2013-1410,0.00128,0.47501
CVE-2013-1412,0.97119,0.99749
CVE-2013-1413,0.00220,0.60154
CVE-2013-1414,0.00318,0.67486
CVE-2013-1415,0.06521,0.93079
CVE-2013-1416,0.95626,0.99285
CVE-2013-1417,0.03344,0.90453
CVE-2013-1418,0.93632,0.98943
CVE-2013-1420,0.00203,0.58274
CVE-2013-1421,0.00193,0.57215
CVE-2013-1422,0.00200,0.57927
CVE-2013-1423,0.00042,0.05722
CVE-2013-1425,0.00047,0.13894
CVE-2013-1426,0.00129,0.47655
CVE-2013-1427,0.00042,0.05722
CVE-2013-1428,0.05468,0.92474
CVE-2013-1429,0.00193,0.57271
CVE-2013-1430,0.00404,0.71067
CVE-2013-1431,0.00520,0.74395
CVE-2013-1432,0.00062,0.24773
CVE-2013-1434,0.00404,0.71074
CVE-2013-1435,0.01280,0.84322
CVE-2013-1436,0.06714,0.93183
CVE-2013-1437,0.00711,0.78457
CVE-2013-1438,0.00123,0.46599
CVE-2013-1439,0.00225,0.60817
CVE-2013-1441,0.00115,0.45235
CVE-2013-1442,0.00059,0.22860
CVE-2013-1443,0.01282,0.84358
CVE-2013-1444,0.00042,0.05722
CVE-2013-1445,0.00131,0.48001
CVE-2013-1447,0.01457,0.85378
CVE-2013-1450,0.00382,0.70292
CVE-2013-1451,0.03327,0.90434
CVE-2013-1453,0.00264,0.64160
CVE-2013-1454,0.00086,0.35854
CVE-2013-1455,0.00086,0.35854
CVE-2013-1461,0.00744,0.78967
CVE-2013-1462,0.00801,0.79834
CVE-2013-1463,0.00507,0.74093
CVE-2013-1464,0.00828,0.80167
CVE-2013-1465,0.30193,0.96537
CVE-2013-1466,0.02398,0.88842
CVE-2013-1468,0.32470,0.96632
CVE-2013-1469,0.89171,0.98516
CVE-2013-1470,0.00309,0.66960
CVE-2013-1471,0.00226,0.60910
CVE-2013-1472,0.01240,0.84064
CVE-2013-1473,0.00850,0.80418
CVE-2013-1474,0.01178,0.83581
CVE-2013-1475,0.04753,0.91902
CVE-2013-1476,0.05921,0.92738
CVE-2013-1477,0.01240,0.84064
CVE-2013-1478,0.09329,0.94167
CVE-2013-1479,0.03078,0.90062
CVE-2013-1480,0.10610,0.94543
CVE-2013-1481,0.05770,0.92646
CVE-2013-1482,0.01240,0.84064
CVE-2013-1483,0.01240,0.84064
CVE-2013-1484,0.03518,0.90673
CVE-2013-1485,0.03658,0.90843
CVE-2013-1486,0.01753,0.86678
CVE-2013-1487,0.01448,0.85325
CVE-2013-1488,0.96991,0.99687
CVE-2013-1489,0.02285,0.88581
CVE-2013-1490,0.00359,0.69385
CVE-2013-1491,0.81677,0.98119
CVE-2013-1492,0.00709,0.78402
CVE-2013-1493,0.96659,0.99564
CVE-2013-1494,0.00044,0.10704
CVE-2013-1495,0.00062,0.24501
CVE-2013-1496,0.00044,0.10704
CVE-2013-1497,0.00145,0.50401
CVE-2013-1498,0.00044,0.10704
CVE-2013-1499,0.00044,0.10704
CVE-2013-1500,0.00060,0.23710
CVE-2013-1501,0.00145,0.50401
CVE-2013-1502,0.00130,0.47895
CVE-2013-1503,0.00073,0.30397
CVE-2013-1504,0.00184,0.55729
CVE-2013-1505,0.00073,0.30397
CVE-2013-1506,0.00386,0.70450
CVE-2013-1507,0.00044,0.10704
CVE-2013-1508,0.00145,0.50401
CVE-2013-1509,0.85830,0.98316
CVE-2013-1510,0.00191,0.56768
CVE-2013-1511,0.00470,0.73055
CVE-2013-1512,0.00526,0.74550
CVE-2013-1513,0.00145,0.50401
CVE-2013-1514,0.00086,0.35594
CVE-2013-1515,0.00145,0.50401
CVE-2013-1516,0.32645,0.96638
CVE-2013-1517,0.00216,0.59611
CVE-2013-1518,0.06578,0.93121
CVE-2013-1519,0.00335,0.68353
CVE-2013-1520,0.00086,0.35594
CVE-2013-1521,0.00229,0.61164
CVE-2013-1522,0.00145,0.50401
CVE-2013-1523,0.00136,0.48994
CVE-2013-1524,0.00145,0.50401
CVE-2013-1525,0.00086,0.35594
CVE-2013-1526,0.00526,0.74550
CVE-2013-1527,0.00086,0.35594
CVE-2013-1528,0.00145,0.50401
CVE-2013-1529,0.00145,0.50401
CVE-2013-1530,0.00044,0.10704
CVE-2013-1531,0.00229,0.61164
CVE-2013-1532,0.00386,0.70450
CVE-2013-1533,0.00086,0.35594
CVE-2013-1534,0.01386,0.85001
CVE-2013-1535,0.00181,0.55435
CVE-2013-1536,0.00086,0.35594
CVE-2013-1537,0.14102,0.95207
CVE-2013-1538,0.01081,0.82796
CVE-2013-1539,0.00086,0.35594
CVE-2013-1540,0.00640,0.77048
CVE-2013-1541,0.00086,0.35594
CVE-2013-1542,0.00145,0.50401
CVE-2013-1543,0.00086,0.35594
CVE-2013-1544,0.00386,0.70450
CVE-2013-1545,0.00222,0.60608
CVE-2013-1546,0.00060,0.23365
CVE-2013-1547,0.00073,0.30397
CVE-2013-1548,0.00386,0.70450
CVE-2013-1549,0.00073,0.30397
CVE-2013-1550,0.00145,0.50401
CVE-2013-1551,0.01011,0.82131
CVE-2013-1552,0.00229,0.61164
CVE-2013-1553,0.00181,0.55435
CVE-2013-1554,0.01081,0.82796
CVE-2013-1555,0.00386,0.70450
CVE-2013-1556,0.00073,0.30397
CVE-2013-1557,0.06325,0.92965
CVE-2013-1558,0.01789,0.86810
CVE-2013-1559,0.97280,0.99837
CVE-2013-1560,0.00150,0.51028
CVE-2013-1561,0.00588,0.75990
CVE-2013-1562,0.00086,0.35594
CVE-2013-1563,0.01889,0.87260
CVE-2013-1564,0.00618,0.76616
CVE-2013-1565,0.00222,0.60608
CVE-2013-1566,0.00447,0.72425
CVE-2013-1567,0.00447,0.72425
CVE-2013-1568,0.00153,0.51544
CVE-2013-1569,0.05156,0.92236
CVE-2013-1570,0.01081,0.82796
CVE-2013-1571,0.88833,0.98490
CVE-2013-1572,0.00199,0.57889
CVE-2013-1573,0.00199,0.57889
CVE-2013-1574,0.00199,0.57889
CVE-2013-1575,0.00199,0.57889
CVE-2013-1576,0.00167,0.53476
CVE-2013-1577,0.00199,0.57889
CVE-2013-1578,0.00233,0.61484
CVE-2013-1579,0.00199,0.57889
CVE-2013-1580,0.00199,0.57889
CVE-2013-1581,0.00233,0.61484
CVE-2013-1582,0.00208,0.58805
CVE-2013-1583,0.00233,0.61484
CVE-2013-1584,0.00233,0.61484
CVE-2013-1585,0.00233,0.61484
CVE-2013-1586,0.00233,0.61484
CVE-2013-1587,0.00233,0.61484
CVE-2013-1588,0.00329,0.68016
CVE-2013-1589,0.00233,0.61484
CVE-2013-1590,0.00375,0.70024
CVE-2013-1591,0.02090,0.87991
CVE-2013-1592,0.93020,0.98871
CVE-2013-1593,0.82468,0.98164
CVE-2013-1594,0.03412,0.90551
CVE-2013-1595,0.08016,0.93706
CVE-2013-1596,0.17226,0.95638
CVE-2013-1597,0.01453,0.85346
CVE-2013-1598,0.04754,0.91904
CVE-2013-1599,0.94236,0.99022
CVE-2013-1600,0.88192,0.98448
CVE-2013-1601,0.72505,0.97821
CVE-2013-1602,0.14643,0.95284
CVE-2013-1603,0.04204,0.91410
CVE-2013-1604,0.01968,0.87547
CVE-2013-1605,0.15565,0.95426
CVE-2013-1606,0.65242,0.97625
CVE-2013-1607,0.00649,0.77231
CVE-2013-1608,0.00175,0.54732
CVE-2013-1609,0.00043,0.07360
CVE-2013-1610,0.00043,0.07360
CVE-2013-1611,0.00953,0.81587
CVE-2013-1612,0.22454,0.96092
CVE-2013-1613,0.00149,0.50935
CVE-2013-1614,0.03469,0.90620
CVE-2013-1615,0.00154,0.51677
CVE-2013-1616,0.02702,0.89461
CVE-2013-1617,0.00185,0.55832
CVE-2013-1618,0.00324,0.67771
CVE-2013-1619,0.00450,0.72496
CVE-2013-1620,0.00309,0.66964
CVE-2013-1621,0.00694,0.78166
CVE-2013-1623,0.00324,0.67771
CVE-2013-1624,0.00380,0.70246
CVE-2013-1627,0.04951,0.92069
CVE-2013-1629,0.00372,0.69914
CVE-2013-1630,0.00712,0.78471
CVE-2013-1631,0.00312,0.67124
CVE-2013-1633,0.00153,0.51579
CVE-2013-1634,0.02292,0.88599
CVE-2013-1635,0.01785,0.86796
CVE-2013-1636,0.01060,0.82614
CVE-2013-1637,0.05464,0.92469
CVE-2013-1638,0.92655,0.98833
CVE-2013-1639,0.00159,0.52409
CVE-2013-1640,0.02354,0.88735
CVE-2013-1641,0.11577,0.94783
CVE-2013-1642,0.00329,0.68033
CVE-2013-1643,0.00291,0.65930
CVE-2013-1645,0.00293,0.66052
CVE-2013-1646,0.00146,0.50565
CVE-2013-1647,0.00172,0.54259
CVE-2013-1648,0.00080,0.33285
CVE-2013-1649,0.00207,0.58717
CVE-2013-1650,0.00042,0.05722
CVE-2013-1651,0.00062,0.24308
CVE-2013-1652,0.00290,0.65858
CVE-2013-1653,0.01446,0.85314
CVE-2013-1654,0.00778,0.79500
CVE-2013-1655,0.09601,0.94252
CVE-2013-1656,0.00292,0.65947
CVE-2013-1659,0.00107,0.43026
CVE-2013-1661,0.00082,0.33958
CVE-2013-1662,0.00350,0.69000
CVE-2013-1664,0.08963,0.94041
CVE-2013-1665,0.00288,0.65717
CVE-2013-1666,0.01463,0.85398
CVE-2013-1667,0.01757,0.86693
CVE-2013-1668,0.03368,0.90493
CVE-2013-1669,0.07606,0.93535
CVE-2013-1670,0.91770,0.98729
CVE-2013-1671,0.00340,0.68531
CVE-2013-1672,0.00042,0.05722
CVE-2013-1673,0.00042,0.05722
CVE-2013-1674,0.06922,0.93290
CVE-2013-1675,0.00411,0.71294
CVE-2013-1676,0.09052,0.94064
CVE-2013-1677,0.09052,0.94064
CVE-2013-1678,0.09052,0.94064
CVE-2013-1679,0.08339,0.93810
CVE-2013-1680,0.08339,0.93810
CVE-2013-1681,0.08339,0.93810
CVE-2013-1682,0.07919,0.93663
CVE-2013-1683,0.07985,0.93694
CVE-2013-1684,0.02402,0.88851
CVE-2013-1685,0.02402,0.88851
CVE-2013-1686,0.08339,0.93810
CVE-2013-1687,0.00705,0.78320
CVE-2013-1688,0.01159,0.83415
CVE-2013-1689,0.00181,0.55456
CVE-2013-1690,0.06397,0.93008
CVE-2013-1692,0.00622,0.76691
CVE-2013-1693,0.01971,0.87562
CVE-2013-1694,0.12989,0.95030
CVE-2013-1695,0.00602,0.76250
CVE-2013-1696,0.00846,0.80383
CVE-2013-1697,0.01232,0.84001
CVE-2013-1698,0.00438,0.72165
CVE-2013-1699,0.00380,0.70227
CVE-2013-1700,0.00042,0.05722
CVE-2013-1701,0.05858,0.92700
CVE-2013-1702,0.06746,0.93201
CVE-2013-1704,0.03565,0.90725
CVE-2013-1705,0.05959,0.92752
CVE-2013-1706,0.00042,0.05722
CVE-2013-1707,0.00042,0.05722
CVE-2013-1708,0.00578,0.75753
CVE-2013-1709,0.00286,0.65597
CVE-2013-1710,0.93443,0.98921
CVE-2013-1711,0.00143,0.50016
CVE-2013-1712,0.00046,0.12714
CVE-2013-1713,0.00451,0.72538
CVE-2013-1714,0.00283,0.65387
CVE-2013-1715,0.00046,0.12714
CVE-2013-1717,0.00827,0.80156
CVE-2013-1718,0.06631,0.93144
CVE-2013-1719,0.06329,0.92967
CVE-2013-1720,0.04431,0.91609
CVE-2013-1721,0.02352,0.88732
CVE-2013-1722,0.04495,0.91667
CVE-2013-1723,0.03594,0.90768
CVE-2013-1724,0.04818,0.91983
CVE-2013-1725,0.08908,0.94022
CVE-2013-1726,0.00108,0.43426
CVE-2013-1727,0.00247,0.62713
CVE-2013-1728,0.00519,0.74377
CVE-2013-1729,0.00310,0.66994
CVE-2013-1730,0.01880,0.87217
CVE-2013-1731,0.00407,0.71185
CVE-2013-1732,0.17413,0.95659
CVE-2013-1733,0.00164,0.53073
CVE-2013-1734,0.00164,0.53073
CVE-2013-1735,0.06298,0.92948
CVE-2013-1736,0.08271,0.93793
CVE-2013-1737,0.00516,0.74309
CVE-2013-1738,0.06922,0.93290
CVE-2013-1739,0.11091,0.94656
CVE-2013-1740,0.00136,0.48992
CVE-2013-1741,0.10099,0.94415
CVE-2013-1742,0.00185,0.55889
CVE-2013-1743,0.00179,0.55189
CVE-2013-1744,0.04043,0.91246
CVE-2013-1747,0.03257,0.90336
CVE-2013-1748,0.00156,0.51990
CVE-2013-1749,0.00140,0.49644
CVE-2013-1750,0.01080,0.82781
CVE-2013-1751,0.02305,0.88633
CVE-2013-1753,0.00252,0.63180
CVE-2013-1756,0.32791,0.96643
CVE-2013-1758,0.00290,0.65829
CVE-2013-1759,0.00467,0.72962
CVE-2013-1760,0.00197,0.57636
CVE-2013-1762,0.01113,0.83046
CVE-2013-1763,0.00060,0.23710
CVE-2013-1764,0.00042,0.05722
CVE-2013-1765,0.00204,0.58450
CVE-2013-1766,0.00042,0.05722
CVE-2013-1767,0.00044,0.08000
CVE-2013-1768,0.04200,0.91407
CVE-2013-1769,0.00615,0.76552
CVE-2013-1770,0.00274,0.64761
CVE-2013-1771,0.00149,0.50995
CVE-2013-1772,0.00042,0.05722
CVE-2013-1773,0.00071,0.29412
CVE-2013-1774,0.00044,0.08000
CVE-2013-1775,0.00044,0.10535
CVE-2013-1776,0.00044,0.08000
CVE-2013-1777,0.00606,0.76347
CVE-2013-1778,0.00102,0.41341
CVE-2013-1779,0.00102,0.41341
CVE-2013-1780,0.00122,0.46424
CVE-2013-1781,0.00111,0.44215
CVE-2013-1782,0.00115,0.45013
CVE-2013-1783,0.00122,0.46424
CVE-2013-1784,0.00111,0.44215
CVE-2013-1785,0.00111,0.44215
CVE-2013-1786,0.00111,0.44215
CVE-2013-1787,0.00102,0.41341
CVE-2013-1788,0.01601,0.86092
CVE-2013-1789,0.01878,0.87209
CVE-2013-1790,0.01365,0.84889
CVE-2013-1792,0.00044,0.08000
CVE-2013-1793,0.00178,0.55045
CVE-2013-1794,0.04547,0.91706
CVE-2013-1795,0.04096,0.91320
CVE-2013-1796,0.00237,0.61875
CVE-2013-1797,0.00263,0.64011
CVE-2013-1798,0.00240,0.62136
CVE-2013-1799,0.00272,0.64637
CVE-2013-1800,0.05940,0.92746
CVE-2013-1801,0.03108,0.90107
CVE-2013-1802,0.03108,0.90107
CVE-2013-1803,0.00506,0.74076
CVE-2013-1804,0.00143,0.50082
CVE-2013-1806,0.01273,0.84272
CVE-2013-1807,0.00806,0.79914
CVE-2013-1808,0.00312,0.67124
CVE-2013-1809,0.01501,0.85597
CVE-2013-1810,0.00119,0.45895
CVE-2013-1811,0.00115,0.45196
CVE-2013-1812,0.00888,0.80862
CVE-2013-1813,0.00042,0.05722
CVE-2013-1814,0.96956,0.99676
CVE-2013-1815,0.00042,0.05722
CVE-2013-1816,0.01298,0.84466
CVE-2013-1817,0.01019,0.82211
CVE-2013-1818,0.00377,0.70123
CVE-2013-1819,0.00044,0.08000
CVE-2013-1820,0.00042,0.05722
CVE-2013-1821,0.23627,0.96172
CVE-2013-1822,0.00068,0.28383
CVE-2013-1823,0.00247,0.62780
CVE-2013-1824,0.00161,0.52745
CVE-2013-1826,0.00042,0.05722
CVE-2013-1827,0.00042,0.05722
CVE-2013-1828,0.00179,0.55193
CVE-2013-1829,0.00120,0.46060
CVE-2013-1830,0.00344,0.68704
CVE-2013-1831,0.00525,0.74530
CVE-2013-1832,0.00137,0.49112
CVE-2013-1833,0.00111,0.44215
CVE-2013-1834,0.00179,0.55148
CVE-2013-1835,0.00179,0.55148
CVE-2013-1836,0.00301,0.66475
CVE-2013-1838,0.01143,0.83285
CVE-2013-1839,0.90172,0.98582
CVE-2013-1840,0.00236,0.61747
CVE-2013-1841,0.00429,0.71864
CVE-2013-1842,0.00422,0.71680
CVE-2013-1843,0.00504,0.74022
CVE-2013-1844,0.00140,0.49569
CVE-2013-1845,0.00308,0.66897
CVE-2013-1846,0.00387,0.70500
CVE-2013-1847,0.10982,0.94636
CVE-2013-1848,0.00107,0.43222
CVE-2013-1849,0.01255,0.84156
CVE-2013-1850,0.00246,0.62653
CVE-2013-1851,0.00086,0.35594
CVE-2013-1852,0.00081,0.33681
CVE-2013-1853,0.00042,0.05722
CVE-2013-1854,0.08862,0.94006
CVE-2013-1855,0.00406,0.71150
CVE-2013-1856,0.01282,0.84358
CVE-2013-1857,0.00406,0.71150
CVE-2013-1858,0.00042,0.05722
CVE-2013-1859,0.00434,0.72053
CVE-2013-1860,0.00323,0.67717
CVE-2013-1861,0.94935,0.99139
CVE-2013-1862,0.35877,0.96774
CVE-2013-1863,0.00172,0.54258
CVE-2013-1864,0.02328,0.88669
CVE-2013-1865,0.01799,0.86850
CVE-2013-1866,0.00073,0.30147
CVE-2013-1867,0.00073,0.30147
CVE-2013-1868,0.23163,0.96137
CVE-2013-1869,0.00316,0.67378
CVE-2013-1871,0.00115,0.45143
CVE-2013-1872,0.01140,0.83264
CVE-2013-1874,0.00042,0.05722
CVE-2013-1875,0.00838,0.80280
CVE-2013-1879,0.01188,0.83656
CVE-2013-1880,0.04456,0.91629
CVE-2013-1881,0.00313,0.67168
CVE-2013-1883,0.01788,0.86805
CVE-2013-1884,0.06388,0.93001
CVE-2013-1885,0.00259,0.63693
CVE-2013-1886,0.05574,0.92546
CVE-2013-1887,0.00121,0.46290
CVE-2013-1888,0.00042,0.05722
CVE-2013-1889,0.00666,0.77610
CVE-2013-1890,0.00192,0.57132
CVE-2013-1891,0.00776,0.79478
CVE-2013-1892,0.65700,0.97633
CVE-2013-1893,0.00143,0.50058
CVE-2013-1895,0.01717,0.86546
CVE-2013-1896,0.95815,0.99319
CVE-2013-1897,0.00549,0.75130
CVE-2013-1898,0.00802,0.79849
CVE-2013-1899,0.97149,0.99762
CVE-2013-1900,0.00834,0.80240
CVE-2013-1901,0.00267,0.64372
CVE-2013-1902,0.00377,0.70084
CVE-2013-1903,0.00352,0.69060
CVE-2013-1904,0.00454,0.72643
CVE-2013-1905,0.00292,0.65987
CVE-2013-1906,0.00192,0.57132
CVE-2013-1907,0.00778,0.79500
CVE-2013-1908,0.00778,0.79500
CVE-2013-1909,0.00085,0.35347
CVE-2013-1910,0.05404,0.92426
CVE-2013-1911,0.02331,0.88676
CVE-2013-1912,0.08626,0.93925
CVE-2013-1913,0.01914,0.87372
CVE-2013-1914,0.15986,0.95480
CVE-2013-1915,0.00894,0.80935
CVE-2013-1916,0.01012,0.82147
CVE-2013-1917,0.00062,0.24773
CVE-2013-1918,0.00062,0.24773
CVE-2013-1919,0.00062,0.24773
CVE-2013-1920,0.00064,0.26441
CVE-2013-1921,0.00042,0.05722
CVE-2013-1922,0.00062,0.24773
CVE-2013-1923,0.00640,0.77058
CVE-2013-1924,0.00067,0.27651
CVE-2013-1925,0.00225,0.60824
CVE-2013-1926,0.00443,0.72319
CVE-2013-1927,0.03219,0.90266
CVE-2013-1928,0.00042,0.05722
CVE-2013-1929,0.00234,0.61585
CVE-2013-1930,0.00187,0.56289
CVE-2013-1931,0.00219,0.59905
CVE-2013-1932,0.00190,0.56640
CVE-2013-1933,0.00311,0.67024
CVE-2013-1934,0.00261,0.63919
CVE-2013-1935,0.00124,0.46703
CVE-2013-1937,0.00956,0.81610
CVE-2013-1938,0.02855,0.89737
CVE-2013-1939,0.00181,0.55435
CVE-2013-1940,0.00059,0.22860
CVE-2013-1941,0.00154,0.51719
CVE-2013-1942,0.01099,0.82935
CVE-2013-1943,0.00094,0.39345
CVE-2013-1944,0.00758,0.79201
CVE-2013-1945,0.00044,0.10161
CVE-2013-1946,0.00951,0.81541
CVE-2013-1947,0.00233,0.61467
CVE-2013-1948,0.00291,0.65910
CVE-2013-1949,0.00430,0.71886
CVE-2013-1950,0.17112,0.95621
CVE-2013-1951,0.00343,0.68650
CVE-2013-1952,0.00062,0.24773
CVE-2013-1953,0.00354,0.69151
CVE-2013-1954,0.03996,0.91202
CVE-2013-1955,0.00192,0.57132
CVE-2013-1956,0.00042,0.05722
CVE-2013-1957,0.00042,0.05722
CVE-2013-1958,0.00042,0.05722
CVE-2013-1959,0.00061,0.23986
CVE-2013-1960,0.04408,0.91594
CVE-2013-1961,0.02724,0.89512
CVE-2013-1962,0.10434,0.94495
CVE-2013-1963,0.00086,0.35594
CVE-2013-1964,0.00062,0.24773
CVE-2013-1965,0.00813,0.79975
CVE-2013-1966,0.01858,0.87119
CVE-2013-1967,0.00370,0.69861
CVE-2013-1968,0.00261,0.63926
CVE-2013-1969,0.01346,0.84746
CVE-2013-1971,0.00093,0.39055
CVE-2013-1972,0.00466,0.72938
CVE-2013-1973,0.00185,0.55825
CVE-2013-1976,0.00042,0.05722
CVE-2013-1977,0.00042,0.05722
CVE-2013-1978,0.76415,0.97937
CVE-2013-1979,0.00120,0.46165
CVE-2013-1980,0.07010,0.93324
CVE-2013-1981,0.00577,0.75731
CVE-2013-1982,0.00508,0.74114
CVE-2013-1983,0.00649,0.77198
CVE-2013-1984,0.00567,0.75484
CVE-2013-1985,0.00579,0.75780
CVE-2013-1986,0.00577,0.75731
CVE-2013-1987,0.00818,0.80033
CVE-2013-1988,0.00577,0.75731
CVE-2013-1989,0.00577,0.75731
CVE-2013-1990,0.00577,0.75731
CVE-2013-1991,0.00508,0.74114
CVE-2013-1992,0.00577,0.75731
CVE-2013-1993,0.01353,0.84790
CVE-2013-1994,0.00402,0.71030
CVE-2013-1995,0.00743,0.78946
CVE-2013-1996,0.00554,0.75237
CVE-2013-1997,0.01471,0.85432
CVE-2013-1998,0.01305,0.84505
CVE-2013-1999,0.01161,0.83436
CVE-2013-2000,0.01471,0.85432
CVE-2013-20001,0.00195,0.57446
CVE-2013-20002,0.01994,0.87648
CVE-2013-20003,0.00100,0.40862
CVE-2013-20004,0.00201,0.58090
CVE-2013-2001,0.01161,0.83436
CVE-2013-2002,0.02570,0.89189
CVE-2013-2003,0.00649,0.77198
CVE-2013-2004,0.00156,0.52065
CVE-2013-2005,0.00769,0.79360
CVE-2013-2006,0.00042,0.05722
CVE-2013-2007,0.00042,0.05722
CVE-2013-2008,0.00207,0.58720
CVE-2013-2009,0.04123,0.91339
CVE-2013-2010,0.97215,0.99802
CVE-2013-2011,0.01834,0.87020
CVE-2013-2012,0.00042,0.05722
CVE-2013-2013,0.00042,0.05722
CVE-2013-2014,0.01166,0.83479
CVE-2013-2015,0.00062,0.24773
CVE-2013-2016,0.00082,0.34019
CVE-2013-2017,0.02089,0.87985
CVE-2013-2018,0.00146,0.50438
CVE-2013-2019,0.00631,0.76879
CVE-2013-2020,0.13863,0.95168
CVE-2013-2021,0.08765,0.93974
CVE-2013-2022,0.00282,0.65305
CVE-2013-2023,0.00432,0.71960
CVE-2013-2024,0.00412,0.71356
CVE-2013-2025,0.00315,0.67321
CVE-2013-2027,0.00042,0.05722
CVE-2013-2028,0.11664,0.94798
CVE-2013-2029,0.00042,0.05722
CVE-2013-2030,0.00042,0.05722
CVE-2013-2031,0.00416,0.71502
CVE-2013-2032,0.00682,0.77958
CVE-2013-2033,0.00087,0.36453
CVE-2013-2034,0.00237,0.61882
CVE-2013-2035,0.00044,0.08000
CVE-2013-2036,0.00220,0.59971
CVE-2013-2037,0.00162,0.52819
CVE-2013-2038,0.02938,0.89850
CVE-2013-2039,0.00138,0.49308
CVE-2013-2040,0.00068,0.28383
CVE-2013-2041,0.00068,0.28383
CVE-2013-2042,0.00068,0.28383
CVE-2013-2043,0.00086,0.35594
CVE-2013-2044,0.00179,0.55221
CVE-2013-2045,0.00143,0.50058
CVE-2013-2046,0.00138,0.49218
CVE-2013-2047,0.00106,0.42715
CVE-2013-2048,0.00229,0.61172
CVE-2013-2049,0.00167,0.53492
CVE-2013-2050,0.01080,0.82776
CVE-2013-2051,0.00266,0.64282
CVE-2013-2052,0.00731,0.78790
CVE-2013-2053,0.07416,0.93472
CVE-2013-2054,0.05870,0.92705
CVE-2013-2055,0.00157,0.52142
CVE-2013-2056,0.00313,0.67163
CVE-2013-2057,0.00393,0.70742
CVE-2013-2058,0.00042,0.05722
CVE-2013-2059,0.01125,0.83149
CVE-2013-2060,0.00830,0.80184
CVE-2013-2061,0.00476,0.73220
CVE-2013-2062,0.00508,0.74114
CVE-2013-2063,0.00649,0.77198
CVE-2013-2064,0.00487,0.73547
CVE-2013-2065,0.00461,0.72829
CVE-2013-2066,0.01140,0.83266
CVE-2013-2067,0.00980,0.81848
CVE-2013-2068,0.59651,0.97482
CVE-2013-2069,0.00042,0.05722
CVE-2013-2070,0.01428,0.85205
CVE-2013-2071,0.00219,0.59900
CVE-2013-2072,0.00049,0.15845
CVE-2013-2073,0.00082,0.34101
CVE-2013-2074,0.00743,0.78957
CVE-2013-2075,0.02621,0.89302
CVE-2013-2076,0.00060,0.23636
CVE-2013-2077,0.00062,0.24773
CVE-2013-2078,0.00062,0.24773
CVE-2013-2079,0.00209,0.58927
CVE-2013-2080,0.00217,0.59772
CVE-2013-2081,0.00260,0.63818
CVE-2013-2082,0.00597,0.76139
CVE-2013-2083,0.00688,0.78063
CVE-2013-2085,0.00138,0.49308
CVE-2013-2086,0.00223,0.60672
CVE-2013-2087,0.00275,0.64854
CVE-2013-2088,0.01839,0.87051
CVE-2013-2089,0.00188,0.56348
CVE-2013-2090,0.01451,0.85335
CVE-2013-2091,0.00943,0.81455
CVE-2013-2092,0.00129,0.47564
CVE-2013-2093,0.03832,0.91049
CVE-2013-2094,0.00066,0.27480
CVE-2013-2095,0.00368,0.69773
CVE-2013-2096,0.00042,0.05722
CVE-2013-2097,0.82316,0.98155
CVE-2013-2099,0.05333,0.92366
CVE-2013-2100,0.00178,0.55121
CVE-2013-2101,0.00052,0.17785
CVE-2013-2102,0.00220,0.60207
CVE-2013-2103,0.00062,0.24468
CVE-2013-2104,0.00246,0.62654
CVE-2013-2105,0.00042,0.05722
CVE-2013-2106,0.00426,0.71780
CVE-2013-2107,0.00613,0.76500
CVE-2013-2108,0.00255,0.63461
CVE-2013-2109,0.00338,0.68442
CVE-2013-2110,0.05466,0.92473
CVE-2013-2111,0.01075,0.82745
CVE-2013-2112,0.00611,0.76452
CVE-2013-2113,0.11945,0.94860
CVE-2013-2114,0.05162,0.92242
CVE-2013-2115,0.00595,0.76102
CVE-2013-2116,0.86158,0.98340
CVE-2013-2117,0.00539,0.74879
CVE-2013-2118,0.08754,0.93973
CVE-2013-2119,0.00042,0.05722
CVE-2013-2120,0.00233,0.61436
CVE-2013-2121,0.50859,0.97262
CVE-2013-2122,0.00823,0.80100
CVE-2013-2123,0.00543,0.74987
CVE-2013-2124,0.03176,0.90203
CVE-2013-2125,0.00889,0.80877
CVE-2013-2126,0.01926,0.87414
CVE-2013-2127,0.01015,0.82171
CVE-2013-2128,0.00042,0.05722
CVE-2013-2129,0.00259,0.63693
CVE-2013-2130,0.01267,0.84249
CVE-2013-2131,0.07927,0.93674
CVE-2013-2132,0.00839,0.80304
CVE-2013-2133,0.00228,0.61118
CVE-2013-2134,0.96588,0.99542
CVE-2013-2135,0.95739,0.99307
CVE-2013-2136,0.00270,0.64551
CVE-2013-2137,0.00145,0.50341
CVE-2013-2138,0.01593,0.86050
CVE-2013-2139,0.01571,0.85938
CVE-2013-2140,0.00252,0.63214
CVE-2013-2141,0.00042,0.05722
CVE-2013-2142,0.00042,0.05722
CVE-2013-2143,0.72720,0.97832
CVE-2013-2144,0.00100,0.40983
CVE-2013-2145,0.00377,0.70075
CVE-2013-2146,0.00042,0.05722
CVE-2013-2147,0.00044,0.08000
CVE-2013-2148,0.00042,0.05722
CVE-2013-2149,0.00068,0.28383
CVE-2013-2150,0.00068,0.28383
CVE-2013-2151,0.00042,0.05722
CVE-2013-2152,0.00042,0.05722
CVE-2013-2153,0.00122,0.46446
CVE-2013-2154,0.01016,0.82174
CVE-2013-2155,0.00795,0.79777
CVE-2013-2156,0.05140,0.92223
CVE-2013-2157,0.00375,0.70026
CVE-2013-2158,0.00347,0.68854
CVE-2013-2159,0.04233,0.91438
CVE-2013-2160,0.04449,0.91625
CVE-2013-2161,0.00382,0.70296
CVE-2013-2162,0.00042,0.05722
CVE-2013-2163,0.01036,0.82363
CVE-2013-2164,0.00044,0.08000
CVE-2013-2165,0.11489,0.94755
CVE-2013-2166,0.00273,0.64723
CVE-2013-2167,0.00975,0.81793
CVE-2013-2168,0.00044,0.08000
CVE-2013-2171,0.00390,0.70642
CVE-2013-2172,0.00487,0.73552
CVE-2013-2173,0.01675,0.86381
CVE-2013-2174,0.09274,0.94145
CVE-2013-2175,0.03964,0.91176
CVE-2013-2176,0.00042,0.05722
CVE-2013-2177,0.00254,0.63423
CVE-2013-2178,0.01657,0.86315
CVE-2013-2179,0.00284,0.65470
CVE-2013-2181,0.00103,0.41614
CVE-2013-2182,0.08419,0.93836
CVE-2013-2183,0.00042,0.05722
CVE-2013-2184,0.02494,0.89048
CVE-2013-2185,0.00265,0.64182
CVE-2013-2186,0.02681,0.89429
CVE-2013-2187,0.03080,0.90064
CVE-2013-2188,0.00042,0.05722
CVE-2013-2189,0.00303,0.66594
CVE-2013-2190,0.00069,0.28495
CVE-2013-2191,0.00131,0.47968
CVE-2013-2192,0.00088,0.36845
CVE-2013-2193,0.00059,0.22838
CVE-2013-2194,0.00058,0.21969
CVE-2013-2195,0.00065,0.27016
CVE-2013-2196,0.00062,0.24773
CVE-2013-2197,0.00641,0.77079
CVE-2013-2198,0.00367,0.69724
CVE-2013-2199,0.00284,0.65432
CVE-2013-2200,0.00122,0.46399
CVE-2013-2201,0.00220,0.60154
CVE-2013-2202,0.00358,0.69347
CVE-2013-2203,0.00331,0.68172
CVE-2013-2204,0.00576,0.75695
CVE-2013-2205,0.00242,0.62294
CVE-2013-2206,0.74108,0.97874
CVE-2013-2207,0.00042,0.05722
CVE-2013-2208,0.01584,0.86013
CVE-2013-2209,0.00363,0.69539
CVE-2013-2210,0.00885,0.80810
CVE-2013-2211,0.00062,0.24773
CVE-2013-2212,0.00180,0.55289
CVE-2013-2213,0.00047,0.14047
CVE-2013-2214,0.00162,0.52859
CVE-2013-2217,0.00042,0.05722
CVE-2013-2218,0.20695,0.95968
CVE-2013-2219,0.00135,0.48757
CVE-2013-2220,0.04983,0.92091
CVE-2013-2221,0.12064,0.94885
CVE-2013-2222,0.02546,0.89147
CVE-2013-2223,0.02247,0.88474
CVE-2013-2224,0.00042,0.05722
CVE-2013-2225,0.18727,0.95800
CVE-2013-2226,0.00220,0.59978
CVE-2013-2227,0.00347,0.68813
CVE-2013-2228,0.03855,0.91069
CVE-2013-2230,0.00589,0.76014
CVE-2013-2231,0.00042,0.05722
CVE-2013-2232,0.00044,0.08000
CVE-2013-2233,0.00247,0.62703
CVE-2013-2234,0.00044,0.08000
CVE-2013-2236,0.05280,0.92321
CVE-2013-2237,0.00044,0.08000
CVE-2013-2238,0.01881,0.87223
CVE-2013-2239,0.00042,0.05722
CVE-2013-2240,0.01211,0.83832
CVE-2013-2241,0.00436,0.72101
CVE-2013-2242,0.00113,0.44715
CVE-2013-2243,0.00086,0.35594
CVE-2013-2244,0.00135,0.48865
CVE-2013-2245,0.00090,0.37884
CVE-2013-2246,0.00086,0.35594
CVE-2013-2247,0.00543,0.74987
CVE-2013-2248,0.97268,0.99829
CVE-2013-2249,0.01219,0.83905
CVE-2013-2250,0.00663,0.77567
CVE-2013-2251,0.97417,0.99926
CVE-2013-2254,0.00342,0.68638
CVE-2013-2255,0.00776,0.79475
CVE-2013-2256,0.00238,0.61975
CVE-2013-2257,0.00249,0.62903
CVE-2013-2258,0.00199,0.57806
CVE-2013-2259,0.00757,0.79179
CVE-2013-2260,0.02431,0.88926
CVE-2013-2261,0.03165,0.90185
CVE-2013-2262,0.00640,0.77053
CVE-2013-2263,0.00429,0.71870
CVE-2013-2264,0.00610,0.76434
CVE-2013-2266,0.94267,0.99026
CVE-2013-2267,0.05245,0.92296
CVE-2013-2268,0.00116,0.45376
CVE-2013-2269,0.00266,0.64282
CVE-2013-2270,0.00254,0.63423
CVE-2013-2271,0.03003,0.89939
CVE-2013-2272,0.00302,0.66550
CVE-2013-2273,0.00294,0.66116
CVE-2013-2274,0.01347,0.84747
CVE-2013-2275,0.00293,0.66019
CVE-2013-2276,0.00258,0.63615
CVE-2013-2277,0.00381,0.70265
CVE-2013-2278,0.01803,0.86868
CVE-2013-2279,0.00659,0.77474
CVE-2013-2287,0.00219,0.59943
CVE-2013-2289,0.00213,0.59282
CVE-2013-2290,0.00174,0.54658
CVE-2013-2292,0.00235,0.61625
CVE-2013-2293,0.00766,0.79318
CVE-2013-2294,0.00816,0.80007
CVE-2013-2296,0.00115,0.45208
CVE-2013-2297,0.00042,0.05722
CVE-2013-2298,0.00788,0.79624
CVE-2013-2299,0.00161,0.52703
CVE-2013-2300,0.00198,0.57740
CVE-2013-2301,0.00110,0.44025
CVE-2013-2302,0.00042,0.05722
CVE-2013-2303,0.00272,0.64671
CVE-2013-2304,0.00274,0.64806
CVE-2013-2305,0.00160,0.52542
CVE-2013-2306,0.00245,0.62586
CVE-2013-2307,0.00245,0.62586
CVE-2013-2308,0.00124,0.46783
CVE-2013-2309,0.00192,0.57132
CVE-2013-2310,0.00407,0.71189
CVE-2013-2311,0.00192,0.57132
CVE-2013-2312,0.00220,0.60154
CVE-2013-2313,0.00348,0.68872
CVE-2013-2314,0.00220,0.60154
CVE-2013-2315,0.00377,0.70123
CVE-2013-2316,0.00575,0.75664
CVE-2013-2317,0.00150,0.51184
CVE-2013-2318,0.00098,0.40517
CVE-2013-2319,0.00061,0.23853
CVE-2013-2321,0.00180,0.55315
CVE-2013-2322,0.00104,0.42395
CVE-2013-2323,0.00227,0.60999
CVE-2013-2324,0.91714,0.98722
CVE-2013-2325,0.91714,0.98722
CVE-2013-2326,0.91714,0.98722
CVE-2013-2327,0.91714,0.98722
CVE-2013-2328,0.91714,0.98722
CVE-2013-2329,0.91714,0.98722
CVE-2013-2330,0.91714,0.98722
CVE-2013-2331,0.91714,0.98722
CVE-2013-2332,0.91714,0.98722
CVE-2013-2333,0.96290,0.99437
CVE-2013-2334,0.91714,0.98722
CVE-2013-2335,0.91714,0.98722
CVE-2013-2336,0.00223,0.60632
CVE-2013-2337,0.00180,0.55315
CVE-2013-2338,0.03428,0.90576
CVE-2013-2339,0.00042,0.05722
CVE-2013-2340,0.02679,0.89425
CVE-2013-2341,0.00224,0.60761
CVE-2013-2342,0.00585,0.75893
CVE-2013-2343,0.94895,0.99133
CVE-2013-2344,0.83474,0.98210
CVE-2013-2345,0.83474,0.98210
CVE-2013-2346,0.83474,0.98210
CVE-2013-2347,0.46734,0.97143
CVE-2013-2348,0.83474,0.98210
CVE-2013-2349,0.83474,0.98210
CVE-2013-2350,0.83474,0.98210
CVE-2013-2351,0.02966,0.89891
CVE-2013-2352,0.01005,0.82086
CVE-2013-2353,0.00312,0.67094
CVE-2013-2355,0.00194,0.57288
CVE-2013-2356,0.00223,0.60632
CVE-2013-2357,0.00189,0.56443
CVE-2013-2358,0.00189,0.56443
CVE-2013-2359,0.00189,0.56443
CVE-2013-2360,0.00189,0.56443
CVE-2013-2361,0.00180,0.55315
CVE-2013-2362,0.37379,0.96834
CVE-2013-2363,0.00223,0.60632
CVE-2013-2364,0.00053,0.18898
CVE-2013-2365,0.00299,0.66393
CVE-2013-2366,0.14439,0.95260
CVE-2013-2367,0.96788,0.99617
CVE-2013-2368,0.89503,0.98542
CVE-2013-2369,0.92356,0.98793
CVE-2013-2370,0.96788,0.99617
CVE-2013-2371,0.00313,0.67163
CVE-2013-2372,0.00192,0.56888
CVE-2013-2373,0.00314,0.67225
CVE-2013-2374,0.00086,0.35594
CVE-2013-2375,0.00229,0.61164
CVE-2013-2376,0.00470,0.73055
CVE-2013-2377,0.00086,0.35594
CVE-2013-2378,0.00229,0.61164
CVE-2013-2379,0.00073,0.30397
CVE-2013-2380,0.01094,0.82888
CVE-2013-2381,0.00147,0.50684
CVE-2013-2382,0.00060,0.23365
CVE-2013-2383,0.05156,0.92236
CVE-2013-2384,0.05156,0.92236
CVE-2013-2385,0.00086,0.35594
CVE-2013-2386,0.00153,0.51544
CVE-2013-2387,0.00082,0.34129
CVE-2013-2388,0.00222,0.60608
CVE-2013-2389,0.00386,0.70450
CVE-2013-2390,0.00184,0.55729
CVE-2013-2391,0.00062,0.24501
CVE-2013-2392,0.00386,0.70450
CVE-2013-2393,0.06942,0.93296
CVE-2013-2394,0.04043,0.91246
CVE-2013-2395,0.00447,0.72425
CVE-2013-2396,0.00145,0.50401
CVE-2013-2397,0.00086,0.35594
CVE-2013-2398,0.01011,0.82131
CVE-2013-2399,0.00086,0.35594
CVE-2013-2400,0.00857,0.80508
CVE-2013-2401,0.00073,0.30397
CVE-2013-2402,0.00145,0.50401
CVE-2013-2403,0.00086,0.35594
CVE-2013-2404,0.00145,0.50401
CVE-2013-2405,0.00086,0.35594
CVE-2013-2406,0.00073,0.30397
CVE-2013-2407,0.08936,0.94031
CVE-2013-2408,0.00145,0.50401
CVE-2013-2409,0.00181,0.55435
CVE-2013-2410,0.00086,0.35594
CVE-2013-2411,0.00145,0.50401
CVE-2013-2412,0.01014,0.82159
CVE-2013-2413,0.00073,0.30397
CVE-2013-2414,0.03444,0.90594
CVE-2013-2415,0.00045,0.12318
CVE-2013-2416,0.00866,0.80593
CVE-2013-2417,0.07841,0.93632
CVE-2013-2418,0.00058,0.21570
CVE-2013-2419,0.05692,0.92609
CVE-2013-2420,0.09137,0.94095
CVE-2013-2421,0.02285,0.88581
CVE-2013-2422,0.08146,0.93750
CVE-2013-2423,0.97512,0.99983
CVE-2013-2424,0.01014,0.82159
CVE-2013-2425,0.03444,0.90594
CVE-2013-2426,0.92821,0.98852
CVE-2013-2427,0.03444,0.90594
CVE-2013-2428,0.16174,0.95505
CVE-2013-2429,0.24456,0.96221
CVE-2013-2430,0.07824,0.93622
CVE-2013-2431,0.02285,0.88581
CVE-2013-2432,0.01816,0.86926
CVE-2013-2433,0.00650,0.77257
CVE-2013-2434,0.04296,0.91499
CVE-2013-2435,0.01789,0.86810
CVE-2013-2436,0.03496,0.90649
CVE-2013-2437,0.01014,0.82159
CVE-2013-2438,0.00618,0.76616
CVE-2013-2439,0.00058,0.21913
CVE-2013-2440,0.01789,0.86810
CVE-2013-2441,0.00086,0.35594
CVE-2013-2442,0.04753,0.91901
CVE-2013-2443,0.01014,0.82159
CVE-2013-2444,0.09117,0.94084
CVE-2013-2445,0.02759,0.89579
CVE-2013-2446,0.01014,0.82159
CVE-2013-2447,0.01014,0.82159
CVE-2013-2448,0.14668,0.95289
CVE-2013-2449,0.00726,0.78700
CVE-2013-2450,0.09117,0.94084
CVE-2013-2451,0.00058,0.21570
CVE-2013-2452,0.01014,0.82159
CVE-2013-2453,0.01186,0.83644
CVE-2013-2454,0.00399,0.70948
CVE-2013-2455,0.02894,0.89791
CVE-2013-2456,0.01014,0.82159
CVE-2013-2457,0.01009,0.82117
CVE-2013-2458,0.00451,0.72560
CVE-2013-2459,0.10686,0.94563
CVE-2013-2460,0.96846,0.99635
CVE-2013-2461,0.68338,0.97698
CVE-2013-2462,0.01313,0.84552
CVE-2013-2463,0.94333,0.99043
CVE-2013-2464,0.06448,0.93031
CVE-2013-2465,0.82824,0.98185
CVE-2013-2466,0.04753,0.91901
CVE-2013-2467,0.00060,0.23740
CVE-2013-2468,0.04753,0.91901
CVE-2013-2469,0.94509,0.99074
CVE-2013-2470,0.87273,0.98399
CVE-2013-2471,0.94509,0.99074
CVE-2013-2472,0.87273,0.98399
CVE-2013-2473,0.94509,0.99074
CVE-2013-2474,0.18129,0.95730
CVE-2013-2475,0.00181,0.55460
CVE-2013-2476,0.00173,0.54503
CVE-2013-2477,0.00214,0.59437
CVE-2013-2478,0.00189,0.56489
CVE-2013-2479,0.00174,0.54626
CVE-2013-2480,0.00202,0.58145
CVE-2013-2481,0.00189,0.56489
CVE-2013-2482,0.00156,0.51922
CVE-2013-2483,0.00160,0.52607
CVE-2013-2484,0.00170,0.54136
CVE-2013-2485,0.00173,0.54547
CVE-2013-2486,0.00131,0.47946
CVE-2013-2487,0.00261,0.63920
CVE-2013-2488,0.00243,0.62344
CVE-2013-2492,0.73263,0.97845
CVE-2013-2493,0.01402,0.85084
CVE-2013-2494,0.00080,0.33363
CVE-2013-2495,0.00381,0.70265
CVE-2013-2496,0.00381,0.70265
CVE-2013-2498,0.00132,0.48276
CVE-2013-2499,0.01541,0.85801
CVE-2013-2501,0.07348,0.93451
CVE-2013-2503,0.02445,0.88954
CVE-2013-2504,0.00184,0.55734
CVE-2013-2506,0.00091,0.38117
CVE-2013-2507,0.00426,0.71795
CVE-2013-2512,0.02281,0.88573
CVE-2013-2513,0.00134,0.48641
CVE-2013-2516,0.00144,0.50212
CVE-2013-2546,0.00042,0.05722
CVE-2013-2547,0.00042,0.05722
CVE-2013-2548,0.00042,0.05722
CVE-2013-2549,0.10596,0.94536
CVE-2013-2550,0.01199,0.83737
CVE-2013-2551,0.97112,0.99746
CVE-2013-2552,0.01920,0.87391
CVE-2013-2553,0.00044,0.10373
CVE-2013-2554,0.00636,0.76957
CVE-2013-2555,0.32234,0.96624
CVE-2013-2556,0.03359,0.90477
CVE-2013-2557,0.02365,0.88768
CVE-2013-2558,0.00573,0.75622
CVE-2013-2559,0.00100,0.40841
CVE-2013-2560,0.04951,0.92069
CVE-2013-2561,0.00042,0.05722
CVE-2013-2562,0.00042,0.05722
CVE-2013-2563,0.00042,0.05722
CVE-2013-2564,0.00768,0.79339
CVE-2013-2565,0.00120,0.46095
CVE-2013-2566,0.00536,0.74802
CVE-2013-2567,0.86212,0.98344
CVE-2013-2568,0.91855,0.98739
CVE-2013-2569,0.86003,0.98327
CVE-2013-2570,0.90860,0.98634
CVE-2013-2571,0.36501,0.96796
CVE-2013-2572,0.05835,0.92682
CVE-2013-2573,0.19920,0.95914
CVE-2013-2574,0.25099,0.96259
CVE-2013-2576,0.45457,0.97100
CVE-2013-2577,0.13492,0.95117
CVE-2013-2578,0.01761,0.86702
CVE-2013-2579,0.00806,0.79908
CVE-2013-2580,0.00230,0.61278
CVE-2013-2581,0.00336,0.68390
CVE-2013-2582,0.00224,0.60720
CVE-2013-2583,0.00146,0.50565
CVE-2013-2585,0.00193,0.57215
CVE-2013-2586,0.00492,0.73679
CVE-2013-2594,0.00453,0.72615
CVE-2013-2595,0.00044,0.10161
CVE-2013-2596,0.00897,0.80957
CVE-2013-2597,0.00157,0.52145
CVE-2013-2598,0.00044,0.10161
CVE-2013-2599,0.00136,0.48918
CVE-2013-2600,0.02585,0.89222
CVE-2013-2601,0.00643,0.77115
CVE-2013-2602,0.02509,0.89080
CVE-2013-2603,0.04340,0.91535
CVE-2013-2604,0.00120,0.46095
CVE-2013-2612,0.00192,0.56848
CVE-2013-2615,0.01520,0.85702
CVE-2013-2616,0.00802,0.79849
CVE-2013-2617,0.00887,0.80851
CVE-2013-2618,0.13259,0.95078
CVE-2013-2619,0.06129,0.92860
CVE-2013-2621,0.03563,0.90723
CVE-2013-2622,0.00152,0.51390
CVE-2013-2623,0.13324,0.95089
CVE-2013-2624,0.05995,0.92773
CVE-2013-2625,0.01048,0.82473
CVE-2013-2627,0.00081,0.33681
CVE-2013-2628,0.00401,0.70988
CVE-2013-2629,0.00370,0.69839
CVE-2013-2630,0.00151,0.51334
CVE-2013-2631,0.00739,0.78899
CVE-2013-2632,0.00577,0.75727
CVE-2013-2633,0.00094,0.39471
CVE-2013-2634,0.00118,0.45734
CVE-2013-2635,0.00118,0.45734
CVE-2013-2636,0.00079,0.33067
CVE-2013-2637,0.26906,0.96355
CVE-2013-2639,0.00185,0.55840
CVE-2013-2640,0.00990,0.81962
CVE-2013-2641,0.91747,0.98726
CVE-2013-2642,0.01448,0.85323
CVE-2013-2643,0.00269,0.64449
CVE-2013-2645,0.00262,0.63993
CVE-2013-2646,0.00100,0.40842
CVE-2013-2651,0.00184,0.55757
CVE-2013-2652,0.00463,0.72853
CVE-2013-2653,0.03345,0.90456
CVE-2013-2670,0.00426,0.71795
CVE-2013-2671,0.00426,0.71795
CVE-2013-2672,0.01809,0.86887
CVE-2013-2673,0.00212,0.59262
CVE-2013-2674,0.03955,0.91169
CVE-2013-2675,0.00441,0.72255
CVE-2013-2676,0.04187,0.91399
CVE-2013-2678,0.93088,0.98880
CVE-2013-2679,0.01118,0.83077
CVE-2013-2680,0.03493,0.90645
CVE-2013-2681,0.03068,0.90050
CVE-2013-2682,0.00189,0.56450
CVE-2013-2683,0.00800,0.79826
CVE-2013-2684,0.00319,0.67503
CVE-2013-2685,0.94333,0.99042
CVE-2013-2686,0.89265,0.98525
CVE-2013-2687,0.02464,0.88994
CVE-2013-2688,0.02464,0.88994
CVE-2013-2690,0.00195,0.57449
CVE-2013-2691,0.05368,0.92395
CVE-2013-2692,0.00159,0.52409
CVE-2013-2693,0.00159,0.52409
CVE-2013-2694,0.00245,0.62586
CVE-2013-2695,0.00140,0.49569
CVE-2013-2696,0.00097,0.40110
CVE-2013-2697,0.00097,0.40110
CVE-2013-2698,0.00160,0.52542
CVE-2013-2699,0.00159,0.52409
CVE-2013-2700,0.00332,0.68202
CVE-2013-2701,0.00097,0.40110
CVE-2013-2702,0.00144,0.50248
CVE-2013-2703,0.00097,0.40110
CVE-2013-2704,0.00094,0.39300
CVE-2013-2705,0.00159,0.52409
CVE-2013-2706,0.00097,0.40110
CVE-2013-2707,0.00097,0.40110
CVE-2013-2708,0.00097,0.40110
CVE-2013-2709,0.00097,0.40110
CVE-2013-2710,0.00134,0.48610
CVE-2013-2712,0.00994,0.82002
CVE-2013-2713,0.00965,0.81697
CVE-2013-2714,0.00112,0.44407
CVE-2013-2715,0.00115,0.45013
CVE-2013-2716,0.00246,0.62683
CVE-2013-2717,0.00230,0.61227
CVE-2013-2718,0.50596,0.97259
CVE-2013-2719,0.50596,0.97259
CVE-2013-2720,0.48671,0.97211
CVE-2013-2721,0.50596,0.97259
CVE-2013-2722,0.50596,0.97259
CVE-2013-2723,0.50596,0.97259
CVE-2013-2724,0.07027,0.93333
CVE-2013-2725,0.50596,0.97259
CVE-2013-2726,0.50596,0.97259
CVE-2013-2727,0.13905,0.95177
CVE-2013-2728,0.00933,0.81370
CVE-2013-2729,0.97207,0.99796
CVE-2013-2730,0.06077,0.92809
CVE-2013-2731,0.50596,0.97259
CVE-2013-2732,0.50596,0.97259
CVE-2013-2733,0.07027,0.93333
CVE-2013-2734,0.50596,0.97259
CVE-2013-2735,0.50596,0.97259
CVE-2013-2736,0.50596,0.97259
CVE-2013-2737,0.00640,0.77050
CVE-2013-2738,0.02874,0.89764
CVE-2013-2739,0.05485,0.92486
CVE-2013-2741,0.00645,0.77137
CVE-2013-2742,0.00645,0.77137
CVE-2013-2743,0.00645,0.77137
CVE-2013-2744,0.00396,0.70860
CVE-2013-2745,0.02531,0.89125
CVE-2013-2747,0.00177,0.54972
CVE-2013-2748,0.14835,0.95314
CVE-2013-2750,0.00190,0.56673
CVE-2013-2751,0.50869,0.97263
CVE-2013-2752,0.00259,0.63774
CVE-2013-2754,0.01099,0.82936
CVE-2013-2756,0.00197,0.57594
CVE-2013-2757,0.01409,0.85115
CVE-2013-2758,0.00220,0.59949
CVE-2013-2760,0.55236,0.97383
CVE-2013-2761,0.00121,0.46330
CVE-2013-2762,0.00226,0.60900
CVE-2013-2763,0.00258,0.63630
CVE-2013-2764,0.00108,0.43441
CVE-2013-2765,0.01832,0.86997
CVE-2013-2766,0.00192,0.57132
CVE-2013-2767,0.00196,0.57559
CVE-2013-2770,0.00111,0.44193
CVE-2013-2773,0.00059,0.22807
CVE-2013-2776,0.00044,0.08000
CVE-2013-2777,0.00044,0.08000
CVE-2013-2778,0.00204,0.58403
CVE-2013-2779,0.00165,0.53243
CVE-2013-2780,0.00268,0.64439
CVE-2013-2781,0.00735,0.78848
CVE-2013-2782,0.00214,0.59521
CVE-2013-2783,0.00402,0.71024
CVE-2013-2784,0.51003,0.97268
CVE-2013-2785,0.23750,0.96183
CVE-2013-2786,0.00042,0.00438
CVE-2013-2787,0.00483,0.73446
CVE-2013-2788,0.00295,0.66179
CVE-2013-2789,0.00348,0.68870
CVE-2013-2790,0.00483,0.73446
CVE-2013-2791,0.00297,0.66273
CVE-2013-2792,0.00483,0.73446
CVE-2013-2793,0.00394,0.70783
CVE-2013-2794,0.00044,0.08189
CVE-2013-2796,0.00281,0.65231
CVE-2013-2798,0.00082,0.34026
CVE-2013-2800,0.00392,0.70715
CVE-2013-2801,0.00512,0.74202
CVE-2013-2802,0.00828,0.80172
CVE-2013-2803,0.00253,0.63218
CVE-2013-2804,0.00111,0.44175
CVE-2013-2805,0.00134,0.48551
CVE-2013-2806,0.00111,0.44250
CVE-2013-2807,0.00056,0.20981
CVE-2013-2808,0.00523,0.74477
CVE-2013-2809,0.00483,0.73446
CVE-2013-2810,0.00494,0.73731
CVE-2013-2811,0.00638,0.76998
CVE-2013-2813,0.00483,0.73446
CVE-2013-2814,0.00295,0.66179
CVE-2013-2816,0.00082,0.34026
CVE-2013-2817,0.73728,0.97864
CVE-2013-2818,0.00045,0.11982
CVE-2013-2819,0.00522,0.74472
CVE-2013-2820,0.00522,0.74472
CVE-2013-2821,0.00483,0.73446
CVE-2013-2822,0.00082,0.34026
CVE-2013-2823,0.00061,0.23967
CVE-2013-2824,0.00211,0.59044
CVE-2013-2825,0.00295,0.66179
CVE-2013-2826,0.05966,0.92757
CVE-2013-2827,0.50482,0.97250
CVE-2013-2828,0.00045,0.11982
CVE-2013-2829,0.00137,0.49071
CVE-2013-2830,0.00250,0.62983
CVE-2013-2832,0.00196,0.57555
CVE-2013-2833,0.00330,0.68141
CVE-2013-2834,0.01136,0.83246
CVE-2013-2835,0.00604,0.76307
CVE-2013-2836,0.00622,0.76690
CVE-2013-2837,0.00434,0.72070
CVE-2013-2838,0.00442,0.72304
CVE-2013-2839,0.00434,0.72070
CVE-2013-2840,0.00434,0.72070
CVE-2013-2841,0.00434,0.72070
CVE-2013-2842,0.04065,0.91285
CVE-2013-2843,0.00434,0.72070
CVE-2013-2844,0.00434,0.72070
CVE-2013-2845,0.01131,0.83186
CVE-2013-2846,0.00434,0.72070
CVE-2013-2847,0.00434,0.72070
CVE-2013-2848,0.00407,0.71194
CVE-2013-2849,0.00199,0.57895
CVE-2013-2850,0.03327,0.90435
CVE-2013-2851,0.00067,0.27782
CVE-2013-2852,0.00060,0.23365
CVE-2013-2853,0.00190,0.56632
CVE-2013-2854,0.00330,0.68141
CVE-2013-2855,0.00265,0.64200
CVE-2013-2856,0.00467,0.72983
CVE-2013-2857,0.00467,0.72983
CVE-2013-2858,0.00467,0.72983
CVE-2013-2859,0.00441,0.72262
CVE-2013-2860,0.00467,0.72983
CVE-2013-2861,0.00467,0.72983
CVE-2013-2862,0.00431,0.71929
CVE-2013-2863,0.00744,0.78974
CVE-2013-2864,0.00433,0.71976
CVE-2013-2865,0.00587,0.75948
CVE-2013-2866,0.00494,0.73732
CVE-2013-2867,0.00441,0.72262
CVE-2013-2868,0.00609,0.76402
CVE-2013-2869,0.00620,0.76666
CVE-2013-2870,0.00784,0.79581
CVE-2013-2871,0.01458,0.85381
CVE-2013-2872,0.00213,0.59276
CVE-2013-2873,0.01209,0.83818
CVE-2013-2874,0.00292,0.65945
CVE-2013-2875,0.02175,0.88275
CVE-2013-2876,0.00492,0.73693
CVE-2013-2877,0.04591,0.91751
CVE-2013-2878,0.00637,0.76970
CVE-2013-2879,0.00665,0.77600
CVE-2013-2880,0.00622,0.76690
CVE-2013-2881,0.00419,0.71561
CVE-2013-2882,0.01138,0.83251
CVE-2013-2883,0.01209,0.83818
CVE-2013-2884,0.01209,0.83818
CVE-2013-2885,0.02060,0.87879
CVE-2013-2886,0.00485,0.73511
CVE-2013-2887,0.00612,0.76481
CVE-2013-2888,0.00281,0.65256
CVE-2013-2889,0.00064,0.26441
CVE-2013-2890,0.00044,0.10161
CVE-2013-2891,0.00044,0.10161
CVE-2013-2892,0.00064,0.26441
CVE-2013-2893,0.00064,0.26441
CVE-2013-2894,0.00059,0.22933
CVE-2013-2895,0.00062,0.24773
CVE-2013-2896,0.00209,0.58860
CVE-2013-2897,0.00216,0.59628
CVE-2013-2898,0.00057,0.21395
CVE-2013-2899,0.00216,0.59628
CVE-2013-2900,0.01102,0.82951
CVE-2013-2901,0.01650,0.86295
CVE-2013-2902,0.01209,0.83818
CVE-2013-2903,0.01209,0.83818
CVE-2013-2904,0.01706,0.86495
CVE-2013-2905,0.00350,0.68993
CVE-2013-2906,0.01328,0.84630
CVE-2013-2907,0.01850,0.87087
CVE-2013-2908,0.00622,0.76702
CVE-2013-2909,0.01816,0.86922
CVE-2013-2910,0.01585,0.86015
CVE-2013-2911,0.02871,0.89759
CVE-2013-2912,0.02633,0.89332
CVE-2013-2913,0.02871,0.89759
CVE-2013-2914,0.01057,0.82555
CVE-2013-2915,0.00570,0.75544
CVE-2013-2916,0.00567,0.75497
CVE-2013-2917,0.01289,0.84409
CVE-2013-2918,0.02633,0.89332
CVE-2013-2919,0.01795,0.86837
CVE-2013-2920,0.02148,0.88196
CVE-2013-2921,0.02871,0.89759
CVE-2013-2922,0.02871,0.89759
CVE-2013-2923,0.00622,0.76690
CVE-2013-2924,0.02071,0.87923
CVE-2013-2925,0.02045,0.87835
CVE-2013-2926,0.02260,0.88516
CVE-2013-2927,0.02507,0.89070
CVE-2013-2928,0.00711,0.78449
CVE-2013-2929,0.00124,0.46697
CVE-2013-2930,0.00042,0.05722
CVE-2013-2931,0.00976,0.81806
CVE-2013-2933,0.00251,0.63136
CVE-2013-2934,0.00234,0.61586
CVE-2013-2935,0.00251,0.63136
CVE-2013-2936,0.00251,0.63136
CVE-2013-2937,0.00251,0.63136
CVE-2013-2938,0.00251,0.63136
CVE-2013-2939,0.00251,0.63136
CVE-2013-2940,0.00251,0.63136
CVE-2013-2944,0.00252,0.63215
CVE-2013-2945,0.00185,0.55851
CVE-2013-2950,0.00099,0.40635
CVE-2013-2951,0.00042,0.05722
CVE-2013-2953,0.00048,0.14570
CVE-2013-2954,0.00273,0.64710
CVE-2013-2955,0.00063,0.25667
CVE-2013-2956,0.01045,0.82451
CVE-2013-2957,0.00063,0.25667
CVE-2013-2959,0.00273,0.64710
CVE-2013-2960,0.04631,0.91782
CVE-2013-2961,0.00215,0.59529
CVE-2013-2962,0.00042,0.05722
CVE-2013-2964,0.00042,0.05722
CVE-2013-2967,0.00178,0.55082
CVE-2013-2968,0.00132,0.48181
CVE-2013-2969,0.00063,0.25667
CVE-2013-2970,0.00289,0.65761
CVE-2013-2972,0.00216,0.59626
CVE-2013-2974,0.00206,0.58571
CVE-2013-2976,0.00042,0.05722
CVE-2013-2977,0.72223,0.97816
CVE-2013-2978,0.00086,0.35601
CVE-2013-2979,0.00105,0.42677
CVE-2013-2980,0.00094,0.39300
CVE-2013-2981,0.00299,0.66386
CVE-2013-2982,0.00221,0.60329
CVE-2013-2983,0.00063,0.25667
CVE-2013-2984,0.00222,0.60598
CVE-2013-2985,0.00079,0.33036
CVE-2013-2987,0.00079,0.33036
CVE-2013-2988,0.00233,0.61461
CVE-2013-2989,0.00042,0.05722
CVE-2013-2992,0.02767,0.89589
CVE-2013-2993,0.00315,0.67264
CVE-2013-2994,0.00289,0.65807
CVE-2013-2997,0.00110,0.43985
CVE-2013-2998,0.00115,0.45142
CVE-2013-2999,0.00114,0.44992
CVE-2013-3000,0.00131,0.48065
CVE-2013-3001,0.00258,0.63662
CVE-2013-3003,0.00240,0.62090
CVE-2013-3004,0.00107,0.43235
CVE-2013-3005,0.00349,0.68950
CVE-2013-3006,0.01603,0.86098
CVE-2013-3007,0.01603,0.86098
CVE-2013-3008,0.01603,0.86098
CVE-2013-3009,0.03215,0.90261
CVE-2013-3010,0.01603,0.86098
CVE-2013-3011,0.02766,0.89587
CVE-2013-3012,0.02766,0.89587
CVE-2013-3016,0.00168,0.53535
CVE-2013-3017,0.00137,0.49031
CVE-2013-3018,0.00105,0.42536
CVE-2013-3020,0.00079,0.33036
CVE-2013-3023,0.00228,0.61077
CVE-2013-3024,0.00042,0.05722
CVE-2013-3025,0.00125,0.46984
CVE-2013-3026,0.21019,0.96000
CVE-2013-3027,0.94676,0.99099
CVE-2013-3028,0.00042,0.05753
CVE-2013-3029,0.00112,0.44496
CVE-2013-3030,0.00100,0.40936
CVE-2013-3031,0.00619,0.76648
CVE-2013-3032,0.00178,0.55082
CVE-2013-3033,0.00126,0.47118
CVE-2013-3034,0.00083,0.34253
CVE-2013-3035,0.05370,0.92397
CVE-2013-3036,0.00068,0.28080
CVE-2013-3037,0.00042,0.05722
CVE-2013-3038,0.00260,0.63822
CVE-2013-3039,0.00079,0.33133
CVE-2013-3040,0.00289,0.65807
CVE-2013-3041,0.00235,0.61615
CVE-2013-3042,0.00044,0.07794
CVE-2013-3043,0.00044,0.07794
CVE-2013-3044,0.00079,0.33036
CVE-2013-3045,0.00068,0.28080
CVE-2013-3046,0.00125,0.46947
CVE-2013-3047,0.00248,0.62865
CVE-2013-3048,0.00128,0.47491
CVE-2013-3049,0.00125,0.46867
CVE-2013-3050,0.00186,0.56039
CVE-2013-3051,0.00073,0.30148
CVE-2013-3055,0.00821,0.80069
CVE-2013-3056,0.00168,0.53547
CVE-2013-3057,0.00094,0.39346
CVE-2013-3058,0.00137,0.49138
CVE-2013-3059,0.00142,0.49975
CVE-2013-3060,0.00459,0.72772
CVE-2013-3061,0.00234,0.61583
CVE-2013-3062,0.00272,0.64689
CVE-2013-3063,0.00288,0.65712
CVE-2013-3064,0.00597,0.76144
CVE-2013-3065,0.00084,0.35150
CVE-2013-3066,0.00530,0.74656
CVE-2013-3067,0.00062,0.24442
CVE-2013-3068,0.00156,0.51905
CVE-2013-3069,0.00075,0.30842
CVE-2013-3070,0.00586,0.75909
CVE-2013-3071,0.00512,0.74205
CVE-2013-3072,0.00552,0.75198
CVE-2013-3073,0.03518,0.90674
CVE-2013-3074,0.00184,0.55721
CVE-2013-3075,0.94209,0.99019
CVE-2013-3076,0.00042,0.05722
CVE-2013-3077,0.00042,0.05753
CVE-2013-3079,0.00246,0.62653
CVE-2013-3080,0.00369,0.69826
CVE-2013-3081,0.00093,0.39004
CVE-2013-3082,0.00183,0.55694
CVE-2013-3083,0.00423,0.71697
CVE-2013-3084,0.00152,0.51460
CVE-2013-3085,0.00659,0.77474
CVE-2013-3086,0.00293,0.66009
CVE-2013-3087,0.00184,0.55757
CVE-2013-3088,0.00328,0.68002
CVE-2013-3089,0.00293,0.66009
CVE-2013-3090,0.00184,0.55757
CVE-2013-3091,0.00688,0.78059
CVE-2013-3092,0.00408,0.71218
CVE-2013-3093,0.00084,0.35149
CVE-2013-3095,0.03212,0.90259
CVE-2013-3096,0.00109,0.43567
CVE-2013-3097,0.00527,0.74579
CVE-2013-3098,0.00677,0.77874
CVE-2013-3106,0.00146,0.50565
CVE-2013-3107,0.00154,0.51652
CVE-2013-3110,0.81610,0.98116
CVE-2013-3111,0.69377,0.97727
CVE-2013-3112,0.86092,0.98337
CVE-2013-3113,0.81610,0.98116
CVE-2013-3114,0.81610,0.98116
CVE-2013-3115,0.81610,0.98116
CVE-2013-3116,0.81610,0.98116
CVE-2013-3117,0.81610,0.98116
CVE-2013-3118,0.86092,0.98337
CVE-2013-3119,0.86092,0.98337
CVE-2013-3120,0.65290,0.97627
CVE-2013-3121,0.86092,0.98337
CVE-2013-3122,0.86092,0.98337
CVE-2013-3123,0.86092,0.98337
CVE-2013-3124,0.86092,0.98337
CVE-2013-3125,0.86092,0.98337
CVE-2013-3126,0.34349,0.96714
CVE-2013-3127,0.82465,0.98164
CVE-2013-3128,0.70155,0.97755
CVE-2013-3129,0.63890,0.97593
CVE-2013-3131,0.84194,0.98236
CVE-2013-3132,0.38414,0.96877
CVE-2013-3133,0.43893,0.97049
CVE-2013-3134,0.84115,0.98234
CVE-2013-3136,0.00042,0.00438
CVE-2013-3137,0.00958,0.81632
CVE-2013-3138,0.88014,0.98439
CVE-2013-3139,0.81610,0.98116
CVE-2013-3140,0.88490,0.98467
CVE-2013-3141,0.86092,0.98337
CVE-2013-3142,0.86092,0.98337
CVE-2013-3143,0.87346,0.98402
CVE-2013-3144,0.82758,0.98182
CVE-2013-3145,0.82758,0.98182
CVE-2013-3146,0.82758,0.98182
CVE-2013-3147,0.82758,0.98182
CVE-2013-3148,0.82758,0.98182
CVE-2013-3149,0.82758,0.98182
CVE-2013-3150,0.82758,0.98182
CVE-2013-3151,0.82758,0.98182
CVE-2013-3152,0.82758,0.98182
CVE-2013-3153,0.82758,0.98182
CVE-2013-3154,0.00055,0.20421
CVE-2013-3155,0.88280,0.98456
CVE-2013-3156,0.88280,0.98456
CVE-2013-3157,0.88280,0.98456
CVE-2013-3158,0.60572,0.97504
CVE-2013-3159,0.07426,0.93477
CVE-2013-3160,0.03515,0.90670
CVE-2013-3161,0.75637,0.97915
CVE-2013-3162,0.75637,0.97915
CVE-2013-3163,0.96289,0.99436
CVE-2013-3164,0.75637,0.97915
CVE-2013-3166,0.85282,0.98292
CVE-2013-3167,0.00042,0.00438
CVE-2013-3171,0.48460,0.97202
CVE-2013-3172,0.00045,0.12117
CVE-2013-3173,0.00042,0.00438
CVE-2013-3174,0.90587,0.98610
CVE-2013-3175,0.91876,0.98739
CVE-2013-3178,0.93793,0.98963
CVE-2013-3179,0.20062,0.95923
CVE-2013-3180,0.80721,0.98070
CVE-2013-3181,0.42583,0.97005
CVE-2013-3182,0.51890,0.97293
CVE-2013-3183,0.47355,0.97158
CVE-2013-3184,0.97083,0.99730
CVE-2013-3185,0.01564,0.85915
CVE-2013-3186,0.00396,0.70820
CVE-2013-3187,0.86726,0.98373
CVE-2013-3188,0.82478,0.98166
CVE-2013-3189,0.82478,0.98166
CVE-2013-3190,0.82478,0.98166
CVE-2013-3191,0.82478,0.98166
CVE-2013-3192,0.85632,0.98307
CVE-2013-3193,0.86726,0.98373
CVE-2013-3194,0.86726,0.98373
CVE-2013-3195,0.71481,0.97801
CVE-2013-3196,0.00042,0.00438
CVE-2013-3197,0.00042,0.00438
CVE-2013-3198,0.00042,0.00438
CVE-2013-3199,0.86726,0.98373
CVE-2013-3200,0.00192,0.56919
CVE-2013-3201,0.88959,0.98503
CVE-2013-3202,0.88959,0.98503
CVE-2013-3203,0.88959,0.98503
CVE-2013-3204,0.85565,0.98305
CVE-2013-3205,0.97124,0.99752
CVE-2013-3206,0.88959,0.98503
CVE-2013-3207,0.88959,0.98503
CVE-2013-3208,0.88959,0.98503
CVE-2013-3209,0.88959,0.98503
CVE-2013-3210,0.00181,0.55435
CVE-2013-3211,0.00230,0.61227
CVE-2013-3212,0.06174,0.92882
CVE-2013-3213,0.00705,0.78323
CVE-2013-3214,0.85356,0.98296
CVE-2013-3215,0.17344,0.95650
CVE-2013-3219,0.00154,0.51652
CVE-2013-3220,0.00210,0.59002
CVE-2013-3221,0.00856,0.80501
CVE-2013-3222,0.00042,0.05722
CVE-2013-3223,0.00042,0.05722
CVE-2013-3224,0.00042,0.05722
CVE-2013-3225,0.00042,0.05722
CVE-2013-3226,0.00042,0.05722
CVE-2013-3227,0.00042,0.05722
CVE-2013-3228,0.00042,0.05722
CVE-2013-3229,0.00042,0.05722
CVE-2013-3230,0.00042,0.05722
CVE-2013-3231,0.00042,0.05722
CVE-2013-3232,0.00042,0.05722
CVE-2013-3233,0.00042,0.05722
CVE-2013-3234,0.00042,0.05722
CVE-2013-3235,0.00042,0.05722
CVE-2013-3236,0.00042,0.05722
CVE-2013-3237,0.00042,0.05722
CVE-2013-3238,0.97277,0.99835
CVE-2013-3239,0.04342,0.91537
CVE-2013-3240,0.00278,0.65028
CVE-2013-3241,0.00086,0.35594
CVE-2013-3242,0.03044,0.90016
CVE-2013-3243,0.00425,0.71762
CVE-2013-3244,0.00888,0.80854
CVE-2013-3245,0.05582,0.92551
CVE-2013-3246,0.01556,0.85874
CVE-2013-3247,0.00355,0.69218
CVE-2013-3248,0.00501,0.73890
CVE-2013-3249,0.03201,0.90242
CVE-2013-3250,0.00097,0.40110
CVE-2013-3251,0.00097,0.40110
CVE-2013-3252,0.00159,0.52409
CVE-2013-3253,0.00290,0.65816
CVE-2013-3254,0.00140,0.49569
CVE-2013-3256,0.00160,0.52542
CVE-2013-3257,0.00160,0.52542
CVE-2013-3258,0.00160,0.52542
CVE-2013-3259,0.05368,0.92395
CVE-2013-3260,0.07270,0.93425
CVE-2013-3261,0.00140,0.49569
CVE-2013-3262,0.00214,0.59432
CVE-2013-3263,0.00140,0.49569
CVE-2013-3264,0.00470,0.73050
CVE-2013-3266,0.10316,0.94458
CVE-2013-3267,0.00137,0.49138
CVE-2013-3268,0.00373,0.69938
CVE-2013-3269,0.00214,0.59454
CVE-2013-3270,0.00042,0.05722
CVE-2013-3271,0.00602,0.76242
CVE-2013-3272,0.00042,0.05722
CVE-2013-3273,0.00042,0.05722
CVE-2013-3274,0.00272,0.64638
CVE-2013-3275,0.00139,0.49442
CVE-2013-3276,0.00236,0.61774
CVE-2013-3277,0.00157,0.52181
CVE-2013-3278,0.00042,0.05722
CVE-2013-3279,0.00383,0.70333
CVE-2013-3280,0.00728,0.78733
CVE-2013-3281,0.00164,0.53061
CVE-2013-3285,0.00134,0.48642
CVE-2013-3286,0.00146,0.50565
CVE-2013-3287,0.00042,0.05722
CVE-2013-3288,0.00146,0.50565
CVE-2013-3294,0.00144,0.50216
CVE-2013-3295,0.01835,0.87022
CVE-2013-3299,0.00740,0.78904
CVE-2013-3300,0.00141,0.49771
CVE-2013-3301,0.00062,0.24601
CVE-2013-3302,0.00042,0.05722
CVE-2013-3304,0.06665,0.93160
CVE-2013-3311,0.07428,0.93479
CVE-2013-3312,0.03395,0.90529
CVE-2013-3313,0.04395,0.91581
CVE-2013-3314,0.07728,0.93569
CVE-2013-3315,0.00191,0.56778
CVE-2013-3316,0.01334,0.84673
CVE-2013-3317,0.01334,0.84673
CVE-2013-3319,0.03101,0.90095
CVE-2013-3320,0.00346,0.68784
CVE-2013-3321,0.00315,0.67249
CVE-2013-3322,0.00199,0.57807
CVE-2013-3323,0.00392,0.70711
CVE-2013-3324,0.00933,0.81370
CVE-2013-3325,0.00933,0.81370
CVE-2013-3326,0.00933,0.81370
CVE-2013-3327,0.00933,0.81370
CVE-2013-3328,0.00933,0.81370
CVE-2013-3329,0.00933,0.81370
CVE-2013-3330,0.00933,0.81370
CVE-2013-3331,0.00933,0.81370
CVE-2013-3332,0.00933,0.81370
CVE-2013-3333,0.00933,0.81370
CVE-2013-3334,0.00933,0.81370
CVE-2013-3335,0.00933,0.81370
CVE-2013-3336,0.97331,0.99871
CVE-2013-3337,0.50596,0.97259
CVE-2013-3338,0.50596,0.97259
CVE-2013-3339,0.50596,0.97259
CVE-2013-3340,0.50596,0.97259
CVE-2013-3341,0.50596,0.97259
CVE-2013-3342,0.00720,0.78614
CVE-2013-3343,0.01822,0.86956
CVE-2013-3344,0.29655,0.96511
CVE-2013-3345,0.00620,0.76664
CVE-2013-3346,0.97308,0.99854
CVE-2013-3347,0.01988,0.87626
CVE-2013-3348,0.00620,0.76664
CVE-2013-3349,0.00264,0.64126
CVE-2013-3350,0.01141,0.83270
CVE-2013-3351,0.44596,0.97066
CVE-2013-3352,0.00620,0.76664
CVE-2013-3353,0.44596,0.97066
CVE-2013-3354,0.00620,0.76664
CVE-2013-3355,0.00620,0.76664
CVE-2013-3356,0.44596,0.97066
CVE-2013-3357,0.84719,0.98266
CVE-2013-3358,0.02792,0.89628
CVE-2013-3359,0.00638,0.77002
CVE-2013-3360,0.00638,0.77002
CVE-2013-3361,0.07155,0.93385
CVE-2013-3362,0.07155,0.93385
CVE-2013-3363,0.07155,0.93385
CVE-2013-3365,0.00223,0.60635
CVE-2013-3366,0.00145,0.50321
CVE-2013-3367,0.00237,0.61827
CVE-2013-3368,0.00042,0.05722
CVE-2013-3369,0.00527,0.74595
CVE-2013-3370,0.01342,0.84718
CVE-2013-3371,0.00265,0.64225
CVE-2013-3372,0.00430,0.71895
CVE-2013-3373,0.00498,0.73824
CVE-2013-3374,0.00600,0.76213
CVE-2013-3375,0.00190,0.56605
CVE-2013-3376,0.00135,0.48734
CVE-2013-3377,0.00228,0.61114
CVE-2013-3378,0.00165,0.53243
CVE-2013-3379,0.00298,0.66332
CVE-2013-3380,0.00106,0.42962
CVE-2013-3381,0.00165,0.53243
CVE-2013-3382,0.00165,0.53243
CVE-2013-3383,0.00204,0.58403
CVE-2013-3384,0.00565,0.75463
CVE-2013-3385,0.00563,0.75411
CVE-2013-3386,0.00186,0.56036
CVE-2013-3387,0.00187,0.56209
CVE-2013-3388,0.00187,0.56209
CVE-2013-3389,0.00187,0.56209
CVE-2013-3390,0.00187,0.56209
CVE-2013-3392,0.00080,0.33243
CVE-2013-3393,0.00228,0.61114
CVE-2013-3394,0.00135,0.48865
CVE-2013-3395,0.00097,0.40181
CVE-2013-3396,0.00135,0.48865
CVE-2013-3397,0.00097,0.40181
CVE-2013-3398,0.00212,0.59236
CVE-2013-3399,0.00048,0.14788
CVE-2013-3400,0.00045,0.12328
CVE-2013-3401,0.00135,0.48734
CVE-2013-3402,0.00112,0.44397
CVE-2013-3403,0.00088,0.36826
CVE-2013-3404,0.00182,0.55590
CVE-2013-3405,0.00136,0.49022
CVE-2013-3406,0.00105,0.42424
CVE-2013-3407,0.00262,0.63992
CVE-2013-3408,0.00060,0.23520
CVE-2013-3409,0.00177,0.54878
CVE-2013-3410,0.00186,0.56036
CVE-2013-3411,0.00186,0.56036
CVE-2013-3412,0.00115,0.45115
CVE-2013-3413,0.00130,0.47784
CVE-2013-3414,0.00200,0.57940
CVE-2013-3415,0.00186,0.56036
CVE-2013-3416,0.00192,0.57132
CVE-2013-3417,0.00288,0.65694
CVE-2013-3418,0.00115,0.45191
CVE-2013-3419,0.00190,0.56605
CVE-2013-3420,0.00097,0.40181
CVE-2013-3421,0.00135,0.48865
CVE-2013-3422,0.00135,0.48865
CVE-2013-3423,0.00135,0.48865
CVE-2013-3424,0.00095,0.39729
CVE-2013-3425,0.00112,0.44350
CVE-2013-3426,0.00255,0.63487
CVE-2013-3428,0.00106,0.42962
CVE-2013-3429,0.00274,0.64781
CVE-2013-3430,0.00579,0.75769
CVE-2013-3431,0.00318,0.67492
CVE-2013-3433,0.00042,0.05722
CVE-2013-3434,0.00042,0.05722
CVE-2013-3435,0.00563,0.75411
CVE-2013-3436,0.00479,0.73325
CVE-2013-3437,0.00179,0.55174
CVE-2013-3438,0.00207,0.58661
CVE-2013-3439,0.00253,0.63275
CVE-2013-3440,0.00253,0.63275
CVE-2013-3441,0.01253,0.84133
CVE-2013-3442,0.00106,0.42962
CVE-2013-3443,0.07792,0.93611
CVE-2013-3444,0.00411,0.71327
CVE-2013-3445,0.01515,0.85669
CVE-2013-3446,0.00152,0.51465
CVE-2013-3448,0.00118,0.45659
CVE-2013-3450,0.00109,0.43877
CVE-2013-3451,0.00109,0.43877
CVE-2013-3453,0.00187,0.56209
CVE-2013-3454,0.00428,0.71834
CVE-2013-3455,0.00278,0.65025
CVE-2013-3457,0.00291,0.65927
CVE-2013-3458,0.00170,0.54088
CVE-2013-3459,0.00186,0.56036
CVE-2013-3460,0.00133,0.48372
CVE-2013-3461,0.00133,0.48372
CVE-2013-3462,0.01161,0.83432
CVE-2013-3463,0.00293,0.66017
CVE-2013-3464,0.00042,0.05722
CVE-2013-3466,0.00503,0.73984
CVE-2013-3467,0.00042,0.05722
CVE-2013-3468,0.00356,0.69234
CVE-2013-3469,0.00166,0.53282
CVE-2013-3470,0.00341,0.68604
CVE-2013-3471,0.00162,0.52909
CVE-2013-3472,0.00092,0.38710
CVE-2013-3473,0.00288,0.65694
CVE-2013-3474,0.00384,0.70393
CVE-2013-3475,0.00042,0.05722
CVE-2013-3476,0.00160,0.52542
CVE-2013-3477,0.00160,0.52542
CVE-2013-3478,0.00214,0.59458
CVE-2013-3479,0.00097,0.40110
CVE-2013-3480,0.13264,0.95079
CVE-2013-3481,0.07890,0.93652
CVE-2013-3482,0.89240,0.98524
CVE-2013-3483,0.03150,0.90163
CVE-2013-3484,0.00223,0.60696
CVE-2013-3485,0.00062,0.24336
CVE-2013-3486,0.00328,0.67995
CVE-2013-3487,0.00265,0.64225
CVE-2013-3488,0.00546,0.75065
CVE-2013-3489,0.00546,0.75065
CVE-2013-3491,0.00134,0.48506
CVE-2013-3492,0.00283,0.65362
CVE-2013-3493,0.00209,0.58884
CVE-2013-3494,0.00059,0.22837
CVE-2013-3495,0.00062,0.24773
CVE-2013-3496,0.00042,0.05722
CVE-2013-3497,0.00156,0.51995
CVE-2013-3498,0.00220,0.60154
CVE-2013-3499,0.00758,0.79197
CVE-2013-3500,0.00283,0.65387
CVE-2013-3501,0.00263,0.64017
CVE-2013-3502,0.15235,0.95367
CVE-2013-3503,0.00137,0.49205
CVE-2013-3504,0.00197,0.57644
CVE-2013-3505,0.00155,0.51836
CVE-2013-3506,0.00901,0.81016
CVE-2013-3507,0.00141,0.49742
CVE-2013-3508,0.00281,0.65256
CVE-2013-3509,0.00362,0.69496
CVE-2013-3510,0.00228,0.61071
CVE-2013-3511,0.00263,0.64068
CVE-2013-3512,0.00336,0.68385
CVE-2013-3513,0.00128,0.47425
CVE-2013-3514,0.00335,0.68328
CVE-2013-3515,0.00269,0.64480
CVE-2013-3516,0.00227,0.60981
CVE-2013-3517,0.00071,0.29180
CVE-2013-3519,0.00069,0.28555
CVE-2013-3520,0.96978,0.99683
CVE-2013-3522,0.59985,0.97491
CVE-2013-3523,0.00166,0.53286
CVE-2013-3524,0.00318,0.67485
CVE-2013-3525,0.00735,0.78851
CVE-2013-3526,0.00519,0.74369
CVE-2013-3527,0.00261,0.63870
CVE-2013-3528,0.00662,0.77547
CVE-2013-3529,0.02433,0.88930
CVE-2013-3530,0.00081,0.33681
CVE-2013-3531,0.00081,0.33681
CVE-2013-3532,0.00195,0.57449
CVE-2013-3533,0.00473,0.73130
CVE-2013-3534,0.00220,0.60154
CVE-2013-3535,0.01006,0.82097
CVE-2013-3536,0.00132,0.48276
CVE-2013-3537,0.00093,0.39110
CVE-2013-3538,0.00195,0.57468
CVE-2013-3539,0.00314,0.67223
CVE-2013-3540,0.00506,0.74072
CVE-2013-3541,0.01507,0.85632
CVE-2013-3542,0.00617,0.76606
CVE-2013-3543,0.15436,0.95412
CVE-2013-3551,0.00134,0.48538
CVE-2013-3552,0.00220,0.60016
CVE-2013-3553,0.00220,0.60016
CVE-2013-3555,0.00650,0.77252
CVE-2013-3556,0.00250,0.63058
CVE-2013-3557,0.00690,0.78089
CVE-2013-3558,0.00256,0.63552
CVE-2013-3559,0.01178,0.83584
CVE-2013-3560,0.04718,0.91871
CVE-2013-3561,0.00199,0.57884
CVE-2013-3562,0.01086,0.82829
CVE-2013-3563,0.82402,0.98160
CVE-2013-3564,0.00162,0.52826
CVE-2013-3565,0.00243,0.62345
CVE-2013-3567,0.20862,0.95985
CVE-2013-3568,0.97315,0.99861
CVE-2013-3571,0.00578,0.75753
CVE-2013-3572,0.00220,0.60154
CVE-2013-3573,0.00284,0.65451
CVE-2013-3574,0.00757,0.79185
CVE-2013-3575,0.00757,0.79185
CVE-2013-3576,0.44827,0.97072
CVE-2013-3577,0.00108,0.43438
CVE-2013-3578,0.00098,0.40404
CVE-2013-3579,0.00081,0.33578
CVE-2013-3580,0.00062,0.24594
CVE-2013-3581,0.00283,0.65422
CVE-2013-3582,0.00070,0.28979
CVE-2013-3583,0.00136,0.49005
CVE-2013-3584,0.00289,0.65731
CVE-2013-3585,0.00651,0.77281
CVE-2013-3586,0.00170,0.54082
CVE-2013-3587,0.00334,0.68318
CVE-2013-3588,0.00685,0.78005
CVE-2013-3589,0.00164,0.53061
CVE-2013-3590,0.01966,0.87541
CVE-2013-3591,0.95510,0.99257
CVE-2013-3593,0.00389,0.70599
CVE-2013-3594,0.01938,0.87448
CVE-2013-3595,0.00208,0.58807
CVE-2013-3596,0.00125,0.46945
CVE-2013-3597,0.11189,0.94686
CVE-2013-3598,0.00456,0.72690
CVE-2013-3599,0.00445,0.72352
CVE-2013-3600,0.00180,0.55353
CVE-2013-3601,0.00206,0.58579
CVE-2013-3602,0.00121,0.46219
CVE-2013-3603,0.00289,0.65731
CVE-2013-3604,0.00207,0.58709
CVE-2013-3605,0.00136,0.49005
CVE-2013-3606,0.00407,0.71208
CVE-2013-3607,0.05150,0.92231
CVE-2013-3608,0.02801,0.89641
CVE-2013-3609,0.01345,0.84734
CVE-2013-3610,0.00246,0.62667
CVE-2013-3612,0.00391,0.70668
CVE-2013-3613,0.00740,0.78903
CVE-2013-3614,0.00349,0.68957
CVE-2013-3615,0.00249,0.62955
CVE-2013-3616,0.00289,0.65731
CVE-2013-3617,0.17442,0.95665
CVE-2013-3619,0.01286,0.84395
CVE-2013-3620,0.00327,0.67926
CVE-2013-3622,0.03479,0.90631
CVE-2013-3623,0.97114,0.99747
CVE-2013-3624,0.00389,0.70599
CVE-2013-3625,0.00138,0.49368
CVE-2013-3626,0.00424,0.71734
CVE-2013-3627,0.00239,0.62064
CVE-2013-3628,0.95652,0.99290
CVE-2013-3629,0.89418,0.98533
CVE-2013-3630,0.02862,0.89746
CVE-2013-3631,0.49849,0.97240
CVE-2013-3632,0.82791,0.98182
CVE-2013-3633,0.00086,0.35703
CVE-2013-3634,0.00177,0.54868
CVE-2013-3635,0.00050,0.16830
CVE-2013-3636,0.00164,0.53101
CVE-2013-3637,0.00050,0.16830
CVE-2013-3638,0.00105,0.42692
CVE-2013-3639,0.01160,0.83422
CVE-2013-3640,0.00140,0.49569
CVE-2013-3641,0.00056,0.21178
CVE-2013-3642,0.00073,0.30310
CVE-2013-3643,0.00073,0.30310
CVE-2013-3644,0.07023,0.93330
CVE-2013-3645,0.00192,0.57132
CVE-2013-3646,0.04545,0.91705
CVE-2013-3647,0.00123,0.46587
CVE-2013-3648,0.00192,0.57132
CVE-2013-3649,0.00192,0.57132
CVE-2013-3650,0.00469,0.73022
CVE-2013-3651,0.00659,0.77421
CVE-2013-3652,0.00253,0.63275
CVE-2013-3653,0.00253,0.63275
CVE-2013-3654,0.00469,0.73022
CVE-2013-3655,0.00526,0.74556
CVE-2013-3656,0.00410,0.71267
CVE-2013-3657,0.05870,0.92705
CVE-2013-3658,0.00736,0.78852
CVE-2013-3659,0.00407,0.71189
CVE-2013-3660,0.00061,0.23893
CVE-2013-3661,0.00044,0.08021
CVE-2013-3662,0.69828,0.97746
CVE-2013-3663,0.69828,0.97746
CVE-2013-3664,0.64622,0.97608
CVE-2013-3665,0.00769,0.79355
CVE-2013-3666,0.00078,0.32208
CVE-2013-3667,0.00364,0.69572
CVE-2013-3670,0.00449,0.72482
CVE-2013-3671,0.00343,0.68651
CVE-2013-3672,0.00412,0.71352
CVE-2013-3673,0.00449,0.72482
CVE-2013-3674,0.00412,0.71352
CVE-2013-3675,0.00343,0.68651
CVE-2013-3678,0.00529,0.74638
CVE-2013-3684,0.03310,0.90408
CVE-2013-3685,0.00065,0.27141
CVE-2013-3686,0.11419,0.94742
CVE-2013-3687,0.00155,0.51832
CVE-2013-3688,0.00390,0.70615
CVE-2013-3689,0.00457,0.72709
CVE-2013-3690,0.00208,0.58739
CVE-2013-3691,0.00212,0.59199
CVE-2013-3692,0.00071,0.29435
CVE-2013-3693,0.00291,0.65935
CVE-2013-3694,0.00164,0.53073
CVE-2013-3697,0.00050,0.16885
CVE-2013-3703,0.00054,0.20290
CVE-2013-3704,0.00117,0.45629
CVE-2013-3705,0.00057,0.21298
CVE-2013-3706,0.93055,0.98876
CVE-2013-3707,0.69294,0.97723
CVE-2013-3708,0.00326,0.67848
CVE-2013-3709,0.00046,0.12627
CVE-2013-3710,0.00525,0.74539
CVE-2013-3712,0.00176,0.54777
CVE-2013-3713,0.00042,0.05722
CVE-2013-3718,0.00115,0.45028
CVE-2013-3719,0.00140,0.49569
CVE-2013-3720,0.00103,0.41717
CVE-2013-3721,0.00098,0.40489
CVE-2013-3722,0.00103,0.41969
CVE-2013-3724,0.85324,0.98295
CVE-2013-3725,0.00454,0.72636
CVE-2013-3727,0.00989,0.81950
CVE-2013-3728,0.00141,0.49830
CVE-2013-3729,0.00423,0.71721
CVE-2013-3734,0.00234,0.61526
CVE-2013-3735,0.00300,0.66425
CVE-2013-3736,0.00220,0.60154
CVE-2013-3737,0.00330,0.68102
CVE-2013-3738,0.01051,0.82499
CVE-2013-3739,0.07373,0.93461
CVE-2013-3742,0.00068,0.28383
CVE-2013-3743,0.04285,0.91485
CVE-2013-3744,0.00837,0.80275
CVE-2013-3745,0.00044,0.10704
CVE-2013-3746,0.00060,0.23365
CVE-2013-3747,0.00150,0.51028
CVE-2013-3748,0.00621,0.76679
CVE-2013-3749,0.00357,0.69296
CVE-2013-3750,0.00044,0.10704
CVE-2013-3751,0.94818,0.99120
CVE-2013-3752,0.00334,0.68293
CVE-2013-3753,0.00621,0.76679
CVE-2013-3754,0.00062,0.24501
CVE-2013-3755,0.00471,0.73098
CVE-2013-3756,0.00289,0.65773
CVE-2013-3757,0.00811,0.79957
CVE-2013-3758,0.00450,0.72522
CVE-2013-3759,0.00450,0.72522
CVE-2013-3760,0.00062,0.24501
CVE-2013-3761,0.00249,0.62919
CVE-2013-3762,0.00145,0.50401
CVE-2013-3763,0.97236,0.99815
CVE-2013-3764,0.06409,0.93014
CVE-2013-3765,0.00044,0.10704
CVE-2013-3766,0.00086,0.35594
CVE-2013-3767,0.00471,0.73098
CVE-2013-3768,0.00450,0.72522
CVE-2013-3769,0.00343,0.68677
CVE-2013-3770,0.00272,0.64669
CVE-2013-3771,0.00062,0.24501
CVE-2013-3772,0.00343,0.68677
CVE-2013-3773,0.00847,0.80388
CVE-2013-3774,0.01188,0.83653
CVE-2013-3775,0.00471,0.73098
CVE-2013-3776,0.00865,0.80586
CVE-2013-3777,0.00471,0.73098
CVE-2013-3778,0.00471,0.73098
CVE-2013-3779,0.00673,0.77767
CVE-2013-3780,0.00238,0.61917
CVE-2013-3781,0.00557,0.75276
CVE-2013-3782,0.00343,0.68677
CVE-2013-3783,0.00256,0.63538
CVE-2013-3784,0.00238,0.61917
CVE-2013-3785,0.00086,0.35594
CVE-2013-3786,0.00044,0.10704
CVE-2013-3787,0.00835,0.80245
CVE-2013-3788,0.00471,0.73098
CVE-2013-3789,0.00304,0.66608
CVE-2013-3790,0.00248,0.62868
CVE-2013-3791,0.00499,0.73858
CVE-2013-3792,0.00052,0.17599
CVE-2013-3793,0.00278,0.65066
CVE-2013-3794,0.00282,0.65356
CVE-2013-3795,0.00750,0.79061
CVE-2013-3796,0.00750,0.79061
CVE-2013-3797,0.00044,0.10704
CVE-2013-3798,0.01155,0.83378
CVE-2013-3799,0.00044,0.10704
CVE-2013-3800,0.00495,0.73745
CVE-2013-3801,0.00816,0.80010
CVE-2013-3802,0.00292,0.65976
CVE-2013-3803,0.02276,0.88557
CVE-2013-3804,0.00278,0.65066
CVE-2013-3805,0.00346,0.68799
CVE-2013-3806,0.00750,0.79061
CVE-2013-3807,0.00499,0.73858
CVE-2013-3808,0.00282,0.65356
CVE-2013-3809,0.00237,0.61846
CVE-2013-3810,0.00750,0.79061
CVE-2013-3811,0.00750,0.79061
CVE-2013-3812,0.00256,0.63538
CVE-2013-3813,0.00310,0.66988
CVE-2013-3814,0.00086,0.35594
CVE-2013-3816,0.00238,0.61917
CVE-2013-3818,0.00450,0.72522
CVE-2013-3819,0.00768,0.79345
CVE-2013-3820,0.00847,0.80388
CVE-2013-3821,0.00768,0.79345
CVE-2013-3822,0.00343,0.68677
CVE-2013-3823,0.00240,0.62143
CVE-2013-3824,0.00371,0.69866
CVE-2013-3825,0.00292,0.65997
CVE-2013-3826,0.00292,0.65967
CVE-2013-3827,0.64598,0.97607
CVE-2013-3828,0.91693,0.98714
CVE-2013-3829,0.00919,0.81217
CVE-2013-3830,0.00304,0.66608
CVE-2013-3831,0.00086,0.35594
CVE-2013-3832,0.00086,0.35594
CVE-2013-3833,0.00153,0.51601
CVE-2013-3834,0.00251,0.63109
CVE-2013-3835,0.00190,0.56594
CVE-2013-3836,0.00086,0.35594
CVE-2013-3837,0.00148,0.50844
CVE-2013-3838,0.00061,0.23895
CVE-2013-3839,0.00367,0.69725
CVE-2013-3840,0.00086,0.35594
CVE-2013-3841,0.00223,0.60672
CVE-2013-3842,0.00044,0.10704
CVE-2013-3843,0.31620,0.96602
CVE-2013-3845,0.88959,0.98503
CVE-2013-3846,0.14505,0.95265
CVE-2013-3847,0.56402,0.97407
CVE-2013-3848,0.56402,0.97407
CVE-2013-3849,0.65528,0.97630
CVE-2013-3850,0.88280,0.98456
CVE-2013-3851,0.60572,0.97504
CVE-2013-3852,0.88280,0.98456
CVE-2013-3853,0.60572,0.97504
CVE-2013-3854,0.60572,0.97504
CVE-2013-3855,0.60572,0.97504
CVE-2013-3856,0.60572,0.97504
CVE-2013-3857,0.65528,0.97630
CVE-2013-3858,0.65528,0.97630
CVE-2013-3859,0.00042,0.00438
CVE-2013-3860,0.20206,0.95933
CVE-2013-3861,0.38318,0.96873
CVE-2013-3862,0.00089,0.37311
CVE-2013-3863,0.87573,0.98415
CVE-2013-3864,0.00042,0.00438
CVE-2013-3865,0.00042,0.00438
CVE-2013-3866,0.00042,0.00438
CVE-2013-3868,0.18687,0.95798
CVE-2013-3869,0.04179,0.91395
CVE-2013-3870,0.95751,0.99309
CVE-2013-3871,0.75346,0.97905
CVE-2013-3872,0.80634,0.98065
CVE-2013-3873,0.90267,0.98591
CVE-2013-3874,0.90267,0.98591
CVE-2013-3875,0.90726,0.98622
CVE-2013-3876,0.00113,0.44769
CVE-2013-3878,0.00043,0.07315
CVE-2013-3879,0.00042,0.00438
CVE-2013-3880,0.03761,0.90967
CVE-2013-3881,0.00059,0.22800
CVE-2013-3882,0.90726,0.98622
CVE-2013-3885,0.90726,0.98622
CVE-2013-3886,0.90726,0.98622
CVE-2013-3887,0.00047,0.13957
CVE-2013-3888,0.00042,0.00438
CVE-2013-3889,0.86256,0.98347
CVE-2013-3890,0.79798,0.98040
CVE-2013-3891,0.79798,0.98040
CVE-2013-3892,0.79798,0.98040
CVE-2013-3893,0.96211,0.99412
CVE-2013-3894,0.89344,0.98530
CVE-2013-3895,0.16504,0.95538
CVE-2013-3896,0.16125,0.95497
CVE-2013-3897,0.96609,0.99550
CVE-2013-3898,0.07602,0.93533
CVE-2013-3899,0.00043,0.07315
CVE-2013-3900,0.43692,0.97045
CVE-2013-3902,0.00043,0.07315
CVE-2013-3903,0.00062,0.24382
CVE-2013-3905,0.82707,0.98174
CVE-2013-3906,0.97044,0.99712
CVE-2013-3907,0.00043,0.07315
CVE-2013-3908,0.93958,0.98984
CVE-2013-3909,0.02197,0.88335
CVE-2013-3910,0.89559,0.98546
CVE-2013-3911,0.89559,0.98546
CVE-2013-3912,0.89559,0.98546
CVE-2013-3914,0.89899,0.98570
CVE-2013-3915,0.89899,0.98570
CVE-2013-3916,0.89899,0.98570
CVE-2013-3917,0.89559,0.98546
CVE-2013-3918,0.96382,0.99470
CVE-2013-3919,0.00728,0.78739
CVE-2013-3920,0.00075,0.30842
CVE-2013-3921,0.00978,0.81833
CVE-2013-3922,0.00978,0.81833
CVE-2013-3923,0.00978,0.81833
CVE-2013-3925,0.00306,0.66780
CVE-2013-3926,0.01484,0.85486
CVE-2013-3927,0.00042,0.05722
CVE-2013-3928,0.95182,0.99186
CVE-2013-3929,0.00070,0.28968
CVE-2013-3930,0.01399,0.85062
CVE-2013-3931,0.00099,0.40633
CVE-2013-3932,0.00275,0.64861
CVE-2013-3933,0.00192,0.57132
CVE-2013-3934,0.72469,0.97820
CVE-2013-3935,0.00066,0.27475
CVE-2013-3936,0.00124,0.46744
CVE-2013-3937,0.00441,0.72257
CVE-2013-3938,0.01900,0.87316
CVE-2013-3939,0.00365,0.69612
CVE-2013-3940,0.95907,0.99341
CVE-2013-3941,0.00894,0.80923
CVE-2013-3942,0.00084,0.35124
CVE-2013-3943,0.00089,0.37616
CVE-2013-3944,0.63232,0.97575
CVE-2013-3945,0.00477,0.73257
CVE-2013-3946,0.02671,0.89399
CVE-2013-3947,0.00042,0.05722
CVE-2013-3948,0.00303,0.66557
CVE-2013-3949,0.00042,0.05722
CVE-2013-3950,0.00281,0.65254
CVE-2013-3951,0.00042,0.05722
CVE-2013-3952,0.00042,0.05722
CVE-2013-3953,0.00042,0.05722
CVE-2013-3954,0.00042,0.05722
CVE-2013-3955,0.00042,0.05722
CVE-2013-3956,0.00220,0.59994
CVE-2013-3957,0.00135,0.48692
CVE-2013-3958,0.00491,0.73660
CVE-2013-3959,0.00125,0.46911
CVE-2013-3960,0.00216,0.59643
CVE-2013-3961,0.00436,0.72099
CVE-2013-3962,0.00140,0.49569
CVE-2013-3963,0.00208,0.58739
CVE-2013-3964,0.00151,0.51239
CVE-2013-3969,0.06536,0.93084
CVE-2013-3970,0.00052,0.17675
CVE-2013-3971,0.00125,0.46867
CVE-2013-3972,0.00139,0.49396
CVE-2013-3973,0.00183,0.55692
CVE-2013-3975,0.00405,0.71137
CVE-2013-3976,0.00115,0.45142
CVE-2013-3977,0.00567,0.75489
CVE-2013-3978,0.00168,0.53535
CVE-2013-3979,0.00128,0.47491
CVE-2013-3980,0.00281,0.65238
CVE-2013-3981,0.00168,0.53535
CVE-2013-3982,0.00405,0.71137
CVE-2013-3983,0.00237,0.61825
CVE-2013-3984,0.00197,0.57585
CVE-2013-3985,0.00197,0.57585
CVE-2013-3986,0.01052,0.82506
CVE-2013-3988,0.00438,0.72165
CVE-2013-3989,0.00082,0.34017
CVE-2013-3990,0.00178,0.55082
CVE-2013-3992,0.00148,0.50804
CVE-2013-3993,0.00618,0.76622
CVE-2013-3995,0.00128,0.47491
CVE-2013-3996,0.00172,0.54285
CVE-2013-3997,0.00095,0.39636
CVE-2013-3998,0.00068,0.28080
CVE-2013-3999,0.00177,0.54960
CVE-2013-4000,0.00094,0.39300
CVE-2013-4001,0.00168,0.53535
CVE-2013-4002,0.01871,0.87166
CVE-2013-4003,0.00086,0.35693
CVE-2013-4004,0.00104,0.42030
CVE-2013-4005,0.00104,0.42030
CVE-2013-4006,0.00099,0.40640
CVE-2013-4007,0.00063,0.25667
CVE-2013-4011,0.00164,0.53112
CVE-2013-4012,0.00148,0.50793
CVE-2013-4013,0.00432,0.71950
CVE-2013-4014,0.00250,0.63004
CVE-2013-4015,0.00043,0.07422
CVE-2013-4016,0.00121,0.46322
CVE-2013-4017,0.00485,0.73510
CVE-2013-4018,0.00269,0.64469
CVE-2013-4019,0.00128,0.47491
CVE-2013-4020,0.00163,0.52995
CVE-2013-4021,0.00350,0.69005
CVE-2013-4022,0.00084,0.34977
CVE-2013-4024,0.00235,0.61615
CVE-2013-4025,0.00236,0.61749
CVE-2013-4027,0.00257,0.63583
CVE-2013-4030,0.00136,0.48997
CVE-2013-4031,0.00497,0.73807
CVE-2013-4032,0.00912,0.81128
CVE-2013-4033,0.00330,0.68119
CVE-2013-4034,0.01040,0.82406
CVE-2013-4035,0.00081,0.33682
CVE-2013-4036,0.00063,0.25667
CVE-2013-4037,0.00135,0.48656
CVE-2013-4038,0.00133,0.48313
CVE-2013-4039,0.00167,0.53429
CVE-2013-4040,0.00042,0.05722
CVE-2013-4041,0.01696,0.86458
CVE-2013-4042,0.02058,0.87876
CVE-2013-4043,0.00289,0.65807
CVE-2013-4044,0.00115,0.45142
CVE-2013-4045,0.00178,0.55082
CVE-2013-4046,0.00226,0.60956
CVE-2013-4047,0.00125,0.46984
CVE-2013-4048,0.00063,0.25667
CVE-2013-4049,0.00251,0.63143
CVE-2013-4050,0.00076,0.31194
CVE-2013-4051,0.00063,0.25667
CVE-2013-4052,0.00178,0.55082
CVE-2013-4053,0.00559,0.75310
CVE-2013-4054,0.00299,0.66386
CVE-2013-4055,0.00063,0.25667
CVE-2013-4056,0.00094,0.39300
CVE-2013-4057,0.00255,0.63470
CVE-2013-4058,0.00306,0.66744
CVE-2013-4059,0.00255,0.63484
CVE-2013-4061,0.00089,0.37374
CVE-2013-4062,0.00056,0.21061
CVE-2013-4063,0.00125,0.46984
CVE-2013-4064,0.00063,0.25667
CVE-2013-4065,0.00125,0.46984
CVE-2013-4066,0.00226,0.60956
CVE-2013-4067,0.00291,0.65885
CVE-2013-4068,0.01321,0.84595
CVE-2013-4069,0.00289,0.65807
CVE-2013-4070,0.00289,0.65807
CVE-2013-4073,0.00142,0.49917
CVE-2013-4074,0.06088,0.92815
CVE-2013-4075,0.00245,0.62630
CVE-2013-4076,0.00218,0.59826
CVE-2013-4077,0.00243,0.62344
CVE-2013-4078,0.00236,0.61748
CVE-2013-4079,0.00290,0.65848
CVE-2013-4080,0.00344,0.68708
CVE-2013-4081,0.00274,0.64780
CVE-2013-4082,0.00222,0.60592
CVE-2013-4083,0.00324,0.67779
CVE-2013-4088,0.00545,0.75034
CVE-2013-4090,0.00087,0.36460
CVE-2013-4091,0.00572,0.75609
CVE-2013-4092,0.00262,0.63964
CVE-2013-4093,0.00405,0.71100
CVE-2013-4094,0.00222,0.60602
CVE-2013-4095,0.00192,0.56900
CVE-2013-4096,0.00198,0.57714
CVE-2013-4097,0.00405,0.71100
CVE-2013-4098,0.00272,0.64671
CVE-2013-4099,0.01549,0.85835
CVE-2013-4100,0.03076,0.90058
CVE-2013-4101,0.00186,0.55992
CVE-2013-4102,0.00786,0.79596
CVE-2013-4103,0.05847,0.92690
CVE-2013-4104,0.00701,0.78256
CVE-2013-4105,0.00227,0.61037
CVE-2013-4106,0.00295,0.66127
CVE-2013-4107,0.00230,0.61213
CVE-2013-4108,0.00244,0.62506
CVE-2013-4109,0.00295,0.66127
CVE-2013-4110,0.00619,0.76641
CVE-2013-4111,0.00180,0.55353
CVE-2013-4112,0.09005,0.94051
CVE-2013-4113,0.61439,0.97538
CVE-2013-4114,0.00603,0.76264
CVE-2013-4115,0.02655,0.89371
CVE-2013-4116,0.00042,0.05722
CVE-2013-4117,0.01217,0.83884
CVE-2013-4118,0.01320,0.84587
CVE-2013-4119,0.00529,0.74635
CVE-2013-4120,0.00105,0.42589
CVE-2013-4122,0.00842,0.80339
CVE-2013-4123,0.95129,0.99168
CVE-2013-4124,0.97084,0.99731
CVE-2013-4125,0.03948,0.91161
CVE-2013-4127,0.00042,0.05722
CVE-2013-4128,0.00703,0.78294
CVE-2013-4129,0.00042,0.05722
CVE-2013-4130,0.02089,0.87985
CVE-2013-4131,0.00337,0.68413
CVE-2013-4132,0.00403,0.71050
CVE-2013-4133,0.00806,0.79912
CVE-2013-4134,0.00211,0.59074
CVE-2013-4135,0.00148,0.50867
CVE-2013-4136,0.00042,0.05722
CVE-2013-4137,0.00249,0.62909
CVE-2013-4138,0.00089,0.37616
CVE-2013-4139,0.00728,0.78739
CVE-2013-4140,0.00122,0.46424
CVE-2013-4143,0.00052,0.18252
CVE-2013-4144,0.00185,0.55885
CVE-2013-4147,0.01585,0.86016
CVE-2013-4148,0.06369,0.92992
CVE-2013-4149,0.06330,0.92969
CVE-2013-4150,0.03639,0.90816
CVE-2013-4151,0.04052,0.91267
CVE-2013-4152,0.93667,0.98948
CVE-2013-4153,0.01176,0.83572
CVE-2013-4154,0.01385,0.84991
CVE-2013-4155,0.00273,0.64740
CVE-2013-4156,0.00303,0.66594
CVE-2013-4157,0.00042,0.05722
CVE-2013-4158,0.00454,0.72641
CVE-2013-4159,0.01018,0.82198
CVE-2013-4160,0.02351,0.88731
CVE-2013-4161,0.00045,0.11966
CVE-2013-4162,0.00044,0.08000
CVE-2013-4163,0.00044,0.08000
CVE-2013-4164,0.04540,0.91702
CVE-2013-4165,0.00330,0.68102
CVE-2013-4166,0.00375,0.70014
CVE-2013-4167,0.00220,0.60154
CVE-2013-4168,0.00333,0.68256
CVE-2013-4169,0.00042,0.05722
CVE-2013-4170,0.00071,0.29281
CVE-2013-4171,0.07521,0.93509
CVE-2013-4172,0.00110,0.44032
CVE-2013-4173,0.00766,0.79318
CVE-2013-4174,0.00370,0.69861
CVE-2013-4175,0.00042,0.05722
CVE-2013-4176,0.00042,0.05722
CVE-2013-4177,0.00280,0.65157
CVE-2013-4178,0.00377,0.70123
CVE-2013-4179,0.00537,0.74831
CVE-2013-4180,0.00943,0.81469
CVE-2013-4181,0.00135,0.48865
CVE-2013-4182,0.00741,0.78921
CVE-2013-4183,0.00042,0.05722
CVE-2013-4184,0.00046,0.13794
CVE-2013-4185,0.00178,0.55095
CVE-2013-4187,0.00202,0.58142
CVE-2013-4188,0.00874,0.80686
CVE-2013-4189,0.00332,0.68237
CVE-2013-4190,0.00220,0.60154
CVE-2013-4191,0.00331,0.68172
CVE-2013-4192,0.00131,0.47990
CVE-2013-4193,0.00313,0.67169
CVE-2013-4194,0.00358,0.69347
CVE-2013-4195,0.00280,0.65203
CVE-2013-4196,0.00331,0.68172
CVE-2013-4197,0.00131,0.47990
CVE-2013-4198,0.00122,0.46525
CVE-2013-4199,0.02246,0.88471
CVE-2013-4200,0.05681,0.92603
CVE-2013-4201,0.00082,0.34183
CVE-2013-4202,0.00491,0.73671
CVE-2013-4203,0.00734,0.78837
CVE-2013-4204,0.00199,0.57895
CVE-2013-4205,0.00042,0.05722
CVE-2013-4206,0.01481,0.85468
CVE-2013-4207,0.00823,0.80093
CVE-2013-4208,0.00042,0.05722
CVE-2013-4209,0.00042,0.05722
CVE-2013-4210,0.01804,0.86871
CVE-2013-4211,0.97253,0.99820
CVE-2013-4212,0.96281,0.99431
CVE-2013-4213,0.00716,0.78535
CVE-2013-4214,0.00060,0.23520
CVE-2013-4215,0.00060,0.23520
CVE-2013-4216,0.00042,0.05722
CVE-2013-4217,0.00042,0.05722
CVE-2013-4218,0.00042,0.05722
CVE-2013-4219,0.02961,0.89883
CVE-2013-4220,0.00042,0.05722
CVE-2013-4221,0.01683,0.86407
CVE-2013-4222,0.00280,0.65164
CVE-2013-4223,0.00042,0.05722
CVE-2013-4225,0.00496,0.73788
CVE-2013-4226,0.00152,0.51360
CVE-2013-4227,0.00216,0.59657
CVE-2013-4228,0.00202,0.58228
CVE-2013-4229,0.00113,0.44634
CVE-2013-4230,0.00347,0.68812
CVE-2013-4231,0.04886,0.92027
CVE-2013-4232,0.04474,0.91647
CVE-2013-4233,0.42998,0.97021
CVE-2013-4234,0.07111,0.93368
CVE-2013-4235,0.00047,0.14042
CVE-2013-4236,0.00052,0.18252
CVE-2013-4237,0.00279,0.65105
CVE-2013-4238,0.00198,0.57744
CVE-2013-4239,0.00390,0.70624
CVE-2013-4240,0.00304,0.66622
CVE-2013-4241,0.00489,0.73602
CVE-2013-4242,0.00043,0.05916
CVE-2013-4243,0.03494,0.90646
CVE-2013-4244,0.00210,0.58999
CVE-2013-4245,0.00043,0.07702
CVE-2013-4246,0.00108,0.43339
CVE-2013-4247,0.01540,0.85792
CVE-2013-4248,0.04072,0.91291
CVE-2013-4249,0.00316,0.67339
CVE-2013-4250,0.00173,0.54489
CVE-2013-4251,0.00045,0.11966
CVE-2013-4253,0.00054,0.20312
CVE-2013-4254,0.00044,0.08000
CVE-2013-4255,0.00731,0.78793
CVE-2013-4256,0.00042,0.05722
CVE-2013-4258,0.07512,0.93502
CVE-2013-4259,0.00042,0.05722
CVE-2013-4260,0.00042,0.05722
CVE-2013-4261,0.00595,0.76114
CVE-2013-4262,0.00042,0.05722
CVE-2013-4263,0.00254,0.63285
CVE-2013-4264,0.00456,0.72701
CVE-2013-4265,0.00312,0.67123
CVE-2013-4267,0.00348,0.68884
CVE-2013-4270,0.00042,0.05722
CVE-2013-4271,0.00857,0.80502
CVE-2013-4272,0.00274,0.64758
CVE-2013-4273,0.00126,0.47190
CVE-2013-4274,0.00118,0.45787
CVE-2013-4275,0.00185,0.55856
CVE-2013-4276,0.02934,0.89843
CVE-2013-4277,0.00042,0.05722
CVE-2013-4278,0.00126,0.47190
CVE-2013-4279,0.00271,0.64575
CVE-2013-4280,0.00056,0.21207
CVE-2013-4281,0.00042,0.05722
CVE-2013-4282,0.07214,0.93409
CVE-2013-4283,0.01282,0.84358
CVE-2013-4284,0.00633,0.76905
CVE-2013-4285,0.00042,0.05722
CVE-2013-4286,0.00525,0.74525
CVE-2013-4287,0.01831,0.86991
CVE-2013-4288,0.00042,0.05722
CVE-2013-4289,0.00733,0.78829
CVE-2013-4290,0.01344,0.84729
CVE-2013-4291,0.00042,0.05722
CVE-2013-4292,0.00042,0.05722
CVE-2013-4293,0.00042,0.05722
CVE-2013-4294,0.00530,0.74665
CVE-2013-4295,0.01058,0.82562
CVE-2013-4296,0.01030,0.82284
CVE-2013-4297,0.00418,0.71551
CVE-2013-4298,0.04050,0.91266
CVE-2013-4299,0.00284,0.65471
CVE-2013-4300,0.00043,0.07658
CVE-2013-4301,0.00583,0.75866
CVE-2013-4302,0.00774,0.79433
CVE-2013-4303,0.00472,0.73105
CVE-2013-4304,0.02195,0.88326
CVE-2013-4305,0.00272,0.64688
CVE-2013-4306,0.00371,0.69878
CVE-2013-4307,0.00249,0.62896
CVE-2013-4308,0.00250,0.63055
CVE-2013-4310,0.01489,0.85508
CVE-2013-4311,0.00042,0.05722
CVE-2013-4312,0.00148,0.50744
CVE-2013-4313,0.00290,0.65830
CVE-2013-4314,0.00154,0.51746
CVE-2013-4315,0.00539,0.74879
CVE-2013-4316,0.00871,0.80649
CVE-2013-4317,0.00046,0.12541
CVE-2013-4318,0.00062,0.24377
CVE-2013-4319,0.00260,0.63858
CVE-2013-4320,0.00132,0.48279
CVE-2013-4321,0.00246,0.62653
CVE-2013-4322,0.93625,0.98941
CVE-2013-4324,0.00042,0.05722
CVE-2013-4325,0.00042,0.05722
CVE-2013-4326,0.00042,0.05722
CVE-2013-4327,0.00042,0.05722
CVE-2013-4329,0.00062,0.24773
CVE-2013-4330,0.01143,0.83292
CVE-2013-4331,0.00042,0.05722
CVE-2013-4332,0.00236,0.61781
CVE-2013-4333,0.00514,0.74261
CVE-2013-4334,0.00211,0.59058
CVE-2013-4335,0.00894,0.80935
CVE-2013-4338,0.10596,0.94536
CVE-2013-4339,0.01516,0.85671
CVE-2013-4340,0.00286,0.65599
CVE-2013-4341,0.00167,0.53504
CVE-2013-4342,0.01019,0.82205
CVE-2013-4343,0.00042,0.05722
CVE-2013-4344,0.00042,0.05722
CVE-2013-4345,0.00587,0.75954
CVE-2013-4346,0.00259,0.63773
CVE-2013-4347,0.00260,0.63821
CVE-2013-4348,0.02971,0.89897
CVE-2013-4350,0.00323,0.67736
CVE-2013-4351,0.00424,0.71726
CVE-2013-4352,0.04147,0.91365
CVE-2013-4353,0.54245,0.97354
CVE-2013-4354,0.00042,0.05722
CVE-2013-4355,0.00060,0.23266
CVE-2013-4356,0.00156,0.51995
CVE-2013-4357,0.00286,0.65606
CVE-2013-4358,0.00235,0.61626
CVE-2013-4359,0.01980,0.87603
CVE-2013-4361,0.00060,0.23636
CVE-2013-4362,0.00044,0.10527
CVE-2013-4363,0.00540,0.74932
CVE-2013-4364,0.00042,0.05722
CVE-2013-4365,0.00639,0.77032
CVE-2013-4366,0.00114,0.44947
CVE-2013-4367,0.00044,0.10161
CVE-2013-4368,0.00060,0.23266
CVE-2013-4369,0.00042,0.05722
CVE-2013-4370,0.00042,0.05722
CVE-2013-4371,0.00042,0.05722
CVE-2013-4372,0.00363,0.69539
CVE-2013-4373,0.00042,0.05722
CVE-2013-4374,0.00044,0.10161
CVE-2013-4375,0.00059,0.22933
CVE-2013-4376,0.05373,0.92401
CVE-2013-4377,0.00042,0.05722
CVE-2013-4378,0.00249,0.62947
CVE-2013-4379,0.00266,0.64308
CVE-2013-4380,0.00111,0.44215
CVE-2013-4383,0.00089,0.37616
CVE-2013-4384,0.00220,0.60154
CVE-2013-4385,0.08995,0.94047
CVE-2013-4386,0.00240,0.62096
CVE-2013-4387,0.02946,0.89859
CVE-2013-4388,0.05110,0.92205
CVE-2013-4389,0.01057,0.82554
CVE-2013-4390,0.00348,0.68857
CVE-2013-4391,0.05479,0.92484
CVE-2013-4392,0.00042,0.05722
CVE-2013-4393,0.00042,0.05722
CVE-2013-4394,0.00042,0.05722
CVE-2013-4395,0.00089,0.37667
CVE-2013-4396,0.02902,0.89805
CVE-2013-4397,0.03435,0.90584
CVE-2013-4399,0.01072,0.82720
CVE-2013-4400,0.00042,0.05722
CVE-2013-4401,0.00389,0.70538
CVE-2013-4402,0.04475,0.91648
CVE-2013-4404,0.00211,0.59061
CVE-2013-4405,0.00159,0.52409
CVE-2013-4406,0.00549,0.75130
CVE-2013-4407,0.00612,0.76485
CVE-2013-4408,0.00718,0.78553
CVE-2013-4409,0.01632,0.86224
CVE-2013-4410,0.01127,0.83162
CVE-2013-4411,0.00242,0.62329
CVE-2013-4412,0.04454,0.91628
CVE-2013-4413,0.00765,0.79291
CVE-2013-4414,0.00192,0.57132
CVE-2013-4415,0.00360,0.69411
CVE-2013-4416,0.00062,0.24773
CVE-2013-4419,0.00098,0.40501
CVE-2013-4420,0.00343,0.68673
CVE-2013-4421,0.07022,0.93329
CVE-2013-4422,0.00346,0.68784
CVE-2013-4423,0.00044,0.10161
CVE-2013-4424,0.00142,0.49908
CVE-2013-4425,0.00042,0.05722
CVE-2013-4426,0.00052,0.18252
CVE-2013-4427,0.00051,0.17134
CVE-2013-4428,0.00387,0.70508
CVE-2013-4429,0.00188,0.56336
CVE-2013-4430,0.00254,0.63423
CVE-2013-4431,0.00359,0.69387
CVE-2013-4432,0.00188,0.56336
CVE-2013-4433,0.00254,0.63423
CVE-2013-4434,0.02971,0.89897
CVE-2013-4435,0.00234,0.61572
CVE-2013-4436,0.00234,0.61578
CVE-2013-4437,0.00341,0.68559
CVE-2013-4438,0.00714,0.78508
CVE-2013-4439,0.00137,0.49192
CVE-2013-4440,0.00462,0.72843
CVE-2013-4441,0.00407,0.71201
CVE-2013-4442,0.00335,0.68373
CVE-2013-4444,0.06764,0.93209
CVE-2013-4445,0.00225,0.60824
CVE-2013-4446,0.01255,0.84155
CVE-2013-4447,0.00282,0.65305
CVE-2013-4449,0.94004,0.98991
CVE-2013-4450,0.08049,0.93720
CVE-2013-4451,0.01713,0.86527
CVE-2013-4452,0.00042,0.05722
CVE-2013-4453,0.00265,0.64225
CVE-2013-4454,0.00959,0.81643
CVE-2013-4455,0.00042,0.05722
CVE-2013-4457,0.00311,0.67024
CVE-2013-4458,0.03188,0.90223
CVE-2013-4459,0.00042,0.05722
CVE-2013-4460,0.00118,0.45787
CVE-2013-4461,0.00279,0.65101
CVE-2013-4462,0.00182,0.55607
CVE-2013-4463,0.00042,0.05722
CVE-2013-4465,0.00743,0.78947
CVE-2013-4466,0.00422,0.71678
CVE-2013-4467,0.64241,0.97600
CVE-2013-4468,0.33766,0.96686
CVE-2013-4469,0.00042,0.05722
CVE-2013-4470,0.00110,0.43913
CVE-2013-4471,0.00130,0.47761
CVE-2013-4472,0.00042,0.05722
CVE-2013-4473,0.06388,0.93002
CVE-2013-4474,0.30285,0.96541
CVE-2013-4475,0.00412,0.71340
CVE-2013-4476,0.00059,0.23116
CVE-2013-4477,0.00042,0.05722
CVE-2013-4478,0.01779,0.86764
CVE-2013-4479,0.01862,0.87129
CVE-2013-4480,0.00705,0.78343
CVE-2013-4481,0.00042,0.05722
CVE-2013-4482,0.00042,0.05722
CVE-2013-4483,0.00042,0.05722
CVE-2013-4484,0.03904,0.91129
CVE-2013-4485,0.00245,0.62624
CVE-2013-4486,0.00361,0.69457
CVE-2013-4487,0.00295,0.66140
CVE-2013-4488,0.00132,0.48290
CVE-2013-4489,0.00198,0.57753
CVE-2013-4490,0.23303,0.96151
CVE-2013-4491,0.00486,0.73524
CVE-2013-4492,0.00259,0.63800
CVE-2013-4494,0.00062,0.24773
CVE-2013-4495,0.01584,0.86013
CVE-2013-4496,0.00540,0.74923
CVE-2013-4497,0.00732,0.78805
CVE-2013-4498,0.00126,0.47190
CVE-2013-4499,0.00192,0.57132
CVE-2013-4500,0.00130,0.47852
CVE-2013-4501,0.00289,0.65754
CVE-2013-4502,0.00157,0.52212
CVE-2013-4503,0.00068,0.28383
CVE-2013-4504,0.00289,0.65754
CVE-2013-4505,0.00282,0.65361
CVE-2013-4507,0.00140,0.49569
CVE-2013-4508,0.00391,0.70655
CVE-2013-4509,0.00146,0.50587
CVE-2013-4510,0.00319,0.67558
CVE-2013-4511,0.00044,0.08000
CVE-2013-4512,0.00042,0.05722
CVE-2013-4513,0.00044,0.08043
CVE-2013-4514,0.00044,0.08043
CVE-2013-4515,0.00044,0.08000
CVE-2013-4516,0.00042,0.05722
CVE-2013-4517,0.09535,0.94229
CVE-2013-4518,0.00048,0.14788
CVE-2013-4519,0.00274,0.64799
CVE-2013-4520,0.00226,0.60918
CVE-2013-4521,0.02645,0.89350
CVE-2013-4522,0.00350,0.68969
CVE-2013-4523,0.00094,0.39306
CVE-2013-4524,0.00477,0.73281
CVE-2013-4525,0.00094,0.39306
CVE-2013-4526,0.06211,0.92904
CVE-2013-4527,0.06330,0.92969
CVE-2013-4529,0.06211,0.92904
CVE-2013-4530,0.06211,0.92904
CVE-2013-4531,0.06211,0.92904
CVE-2013-4532,0.00054,0.19375
CVE-2013-4533,0.06211,0.92904
CVE-2013-4534,0.06211,0.92904
CVE-2013-4535,0.00222,0.60608
CVE-2013-4536,0.00044,0.10161
CVE-2013-4537,0.05479,0.92483
CVE-2013-4538,0.06484,0.93061
CVE-2013-4539,0.06330,0.92969
CVE-2013-4540,0.05459,0.92464
CVE-2013-4541,0.06957,0.93308
CVE-2013-4542,0.06957,0.93308
CVE-2013-4544,0.00102,0.41485
CVE-2013-4545,0.00210,0.59001
CVE-2013-4546,0.00276,0.64931
CVE-2013-4547,0.95433,0.99239
CVE-2013-4548,0.00416,0.71490
CVE-2013-4549,0.01296,0.84453
CVE-2013-4550,0.00661,0.77505
CVE-2013-4551,0.00452,0.72591
CVE-2013-4552,0.00718,0.78584
CVE-2013-4553,0.00062,0.24773
CVE-2013-4554,0.00062,0.24773
CVE-2013-4555,0.00791,0.79728
CVE-2013-4556,0.00282,0.65305
CVE-2013-4557,0.02395,0.88834
CVE-2013-4558,0.00627,0.76801
CVE-2013-4559,0.01038,0.82384
CVE-2013-4560,0.02891,0.89786
CVE-2013-4561,0.00191,0.56722
CVE-2013-4562,0.00823,0.80096
CVE-2013-4563,0.01487,0.85496
CVE-2013-4564,0.02966,0.89891
CVE-2013-4565,0.04626,0.91777
CVE-2013-4566,0.00696,0.78188
CVE-2013-4567,0.00389,0.70603
CVE-2013-4568,0.00414,0.71400
CVE-2013-4569,0.00377,0.70123
CVE-2013-4570,0.00241,0.62164
CVE-2013-4571,0.00373,0.69951
CVE-2013-4572,0.00245,0.62632
CVE-2013-4573,0.00192,0.57132
CVE-2013-4574,0.00167,0.53427
CVE-2013-4575,0.01882,0.87227
CVE-2013-4576,0.00176,0.54855
CVE-2013-4577,0.00042,0.05722
CVE-2013-4578,0.00307,0.66813
CVE-2013-4579,0.09948,0.94353
CVE-2013-4580,0.00714,0.78508
CVE-2013-4581,0.01816,0.86931
CVE-2013-4582,0.00162,0.52924
CVE-2013-4583,0.00555,0.75249
CVE-2013-4584,0.00959,0.81641
CVE-2013-4587,0.00055,0.20376
CVE-2013-4588,0.00042,0.05722
CVE-2013-4589,0.01013,0.82153
CVE-2013-4590,0.00249,0.62874
CVE-2013-4591,0.00042,0.05722
CVE-2013-4592,0.00044,0.08000
CVE-2013-4593,0.01037,0.82375
CVE-2013-4594,0.00188,0.56315
CVE-2013-4595,0.00215,0.59599
CVE-2013-4596,0.00266,0.64308
CVE-2013-4597,0.00126,0.47190
CVE-2013-4598,0.00272,0.64634
CVE-2013-4599,0.01282,0.84358
CVE-2013-4600,0.00204,0.58403
CVE-2013-4602,0.00132,0.48219
CVE-2013-4604,0.00236,0.61774
CVE-2013-4608,0.00130,0.47784
CVE-2013-4609,0.00187,0.56216
CVE-2013-4610,0.00230,0.61227
CVE-2013-4611,0.00534,0.74751
CVE-2013-4612,0.00130,0.47784
CVE-2013-4613,0.00692,0.78116
CVE-2013-4614,0.00419,0.71565
CVE-2013-4615,0.35069,0.96743
CVE-2013-4616,0.01195,0.83712
CVE-2013-4617,0.00597,0.76141
CVE-2013-4619,0.00264,0.64131
CVE-2013-4620,0.00245,0.62623
CVE-2013-4621,0.00424,0.71727
CVE-2013-4622,0.00572,0.75609
CVE-2013-4623,0.04037,0.91237
CVE-2013-4624,0.00167,0.53504
CVE-2013-4625,0.01217,0.83884
CVE-2013-4626,0.00255,0.63468
CVE-2013-4627,0.00334,0.68301
CVE-2013-4628,0.00102,0.41497
CVE-2013-4629,0.00246,0.62653
CVE-2013-4630,0.02810,0.89659
CVE-2013-4631,0.00214,0.59520
CVE-2013-4632,0.00265,0.64184
CVE-2013-4633,0.00229,0.61172
CVE-2013-4634,0.00413,0.71379
CVE-2013-4635,0.03229,0.90289
CVE-2013-4636,0.00411,0.71300
CVE-2013-4649,0.00247,0.62780
CVE-2013-4650,0.00225,0.60829
CVE-2013-4651,0.00208,0.58818
CVE-2013-4652,0.00768,0.79347
CVE-2013-4653,0.00259,0.63800
CVE-2013-4654,0.00395,0.70815
CVE-2013-4655,0.00501,0.73923
CVE-2013-4656,0.00347,0.68843
CVE-2013-4657,0.00276,0.64935
CVE-2013-4658,0.00721,0.78625
CVE-2013-4659,0.07180,0.93394
CVE-2013-4660,0.96940,0.99670
CVE-2013-4661,0.00128,0.47482
CVE-2013-4662,0.00120,0.46086
CVE-2013-4663,0.00819,0.80038
CVE-2013-4664,0.02251,0.88482
CVE-2013-4665,0.00396,0.70857
CVE-2013-4668,0.00507,0.74088
CVE-2013-4669,0.00074,0.30681
CVE-2013-4670,0.03420,0.90565
CVE-2013-4671,0.00200,0.57966
CVE-2013-4672,0.00043,0.07360
CVE-2013-4673,0.03609,0.90783
CVE-2013-4674,0.00637,0.76973
CVE-2013-4676,0.85305,0.98294
CVE-2013-4677,0.00043,0.07360
CVE-2013-4678,0.00114,0.44773
CVE-2013-4679,0.00097,0.40204
CVE-2013-4680,0.00280,0.65203
CVE-2013-4681,0.00191,0.56694
CVE-2013-4682,0.00191,0.56685
CVE-2013-4683,0.00183,0.55656
CVE-2013-4684,0.00874,0.80686
CVE-2013-4685,0.01990,0.87635
CVE-2013-4686,0.00728,0.78739
CVE-2013-4687,0.00241,0.62211
CVE-2013-4688,0.00241,0.62211
CVE-2013-4689,0.00160,0.52542
CVE-2013-4690,0.00358,0.69347
CVE-2013-4691,0.00078,0.32606
CVE-2013-4692,0.00248,0.62836
CVE-2013-4693,0.00112,0.44442
CVE-2013-4694,0.19083,0.95830
CVE-2013-4695,0.00116,0.45376
CVE-2013-4697,0.00351,0.69028
CVE-2013-4698,0.00160,0.52641
CVE-2013-4699,0.00061,0.23853
CVE-2013-4700,0.00061,0.23853
CVE-2013-4701,0.00640,0.77049
CVE-2013-4702,0.00983,0.81881
CVE-2013-4703,0.00192,0.57132
CVE-2013-4704,0.00192,0.57132
CVE-2013-4705,0.00192,0.57132
CVE-2013-4706,0.00143,0.50097
CVE-2013-4707,0.00143,0.50097
CVE-2013-4708,0.00223,0.60659
CVE-2013-4709,0.03437,0.90587
CVE-2013-4710,0.03582,0.90749
CVE-2013-4711,0.00220,0.60154
CVE-2013-4712,0.00788,0.79655
CVE-2013-4713,0.00089,0.37616
CVE-2013-4714,0.00192,0.57132
CVE-2013-4715,0.00279,0.65101
CVE-2013-4716,0.00220,0.60154
CVE-2013-4717,0.00110,0.43946
CVE-2013-4718,0.00066,0.27429
CVE-2013-4719,0.00191,0.56694
CVE-2013-4720,0.00527,0.74593
CVE-2013-4721,0.00183,0.55656
CVE-2013-4722,0.00183,0.55698
CVE-2013-4723,0.00262,0.64001
CVE-2013-4724,0.00295,0.66152
CVE-2013-4725,0.00295,0.66152
CVE-2013-4726,0.00591,0.76057
CVE-2013-4727,0.03950,0.91163
CVE-2013-4728,0.00295,0.66152
CVE-2013-4729,0.00145,0.50336
CVE-2013-4730,0.76594,0.97941
CVE-2013-4731,0.01926,0.87415
CVE-2013-4732,0.01092,0.82877
CVE-2013-4733,0.00431,0.71915
CVE-2013-4734,0.00527,0.74583
CVE-2013-4735,0.00886,0.80842
CVE-2013-4736,0.00143,0.50044
CVE-2013-4737,0.00302,0.66504
CVE-2013-4738,0.00044,0.10161
CVE-2013-4739,0.00044,0.10161
CVE-2013-4740,0.00104,0.42235
CVE-2013-4742,0.11005,0.94640
CVE-2013-4743,0.16171,0.95504
CVE-2013-4744,0.00157,0.52165
CVE-2013-4745,0.00183,0.55656
CVE-2013-4746,0.00192,0.57132
CVE-2013-4747,0.00220,0.60154
CVE-2013-4748,0.00191,0.56694
CVE-2013-4749,0.00135,0.48865
CVE-2013-4751,0.00236,0.61772
CVE-2013-4752,0.00469,0.73025
CVE-2013-4753,0.00075,0.30842
CVE-2013-4754,0.00075,0.30842
CVE-2013-4758,0.06249,0.92924
CVE-2013-4759,0.00532,0.74708
CVE-2013-4761,0.01060,0.82603
CVE-2013-4762,0.00292,0.65950
CVE-2013-4763,0.00043,0.07504
CVE-2013-4764,0.00042,0.05722
CVE-2013-4766,0.00324,0.67763
CVE-2013-4767,0.00251,0.63083
CVE-2013-4768,0.00298,0.66361
CVE-2013-4769,0.00242,0.62292
CVE-2013-4770,0.00115,0.45113
CVE-2013-4772,0.00602,0.76242
CVE-2013-4775,0.78588,0.98004
CVE-2013-4776,0.97059,0.99718
CVE-2013-4777,0.00055,0.20331
CVE-2013-4778,0.00321,0.67619
CVE-2013-4779,0.00140,0.49569
CVE-2013-4780,0.00321,0.67619
CVE-2013-4781,0.00290,0.65869
CVE-2013-4782,0.10725,0.94580
CVE-2013-4783,0.02266,0.88532
CVE-2013-4784,0.02203,0.88348
CVE-2013-4785,0.00682,0.77965
CVE-2013-4786,0.23983,0.96194
CVE-2013-4787,0.00530,0.74665
CVE-2013-4788,0.01575,0.85978
CVE-2013-4789,0.00452,0.72565
CVE-2013-4790,0.00186,0.55896
CVE-2013-4791,0.00058,0.22585
CVE-2013-4792,0.00057,0.21461
CVE-2013-4793,0.00602,0.76242
CVE-2013-4795,0.00282,0.65305
CVE-2013-4796,0.00173,0.54541
CVE-2013-4797,0.36855,0.96812
CVE-2013-4798,0.96735,0.99595
CVE-2013-4799,0.89056,0.98508
CVE-2013-4800,0.96820,0.99626
CVE-2013-4801,0.36855,0.96812
CVE-2013-4802,0.00290,0.65832
CVE-2013-4804,0.01046,0.82458
CVE-2013-4805,0.00912,0.81126
CVE-2013-4806,0.00362,0.69499
CVE-2013-4807,0.00624,0.76749
CVE-2013-4808,0.01421,0.85166
CVE-2013-4809,0.04840,0.91994
CVE-2013-4810,0.92242,0.98779
CVE-2013-4811,0.96866,0.99644
CVE-2013-4812,0.96866,0.99644
CVE-2013-4813,0.09018,0.94056
CVE-2013-4814,0.00180,0.55315
CVE-2013-4815,0.00135,0.48865
CVE-2013-4817,0.00197,0.57640
CVE-2013-4818,0.00197,0.57640
CVE-2013-4819,0.00096,0.39917
CVE-2013-4820,0.00096,0.39917
CVE-2013-4821,0.00343,0.68669
CVE-2013-4822,0.96782,0.99614
CVE-2013-4823,0.96964,0.99678
CVE-2013-4824,0.97151,0.99764
CVE-2013-4825,0.10728,0.94582
CVE-2013-4826,0.09907,0.94334
CVE-2013-4827,0.01139,0.83254
CVE-2013-4828,0.00153,0.51608
CVE-2013-4829,0.00042,0.05722
CVE-2013-4830,0.01670,0.86363
CVE-2013-4831,0.00125,0.46856
CVE-2013-4832,0.00104,0.42395
CVE-2013-4833,0.00180,0.55315
CVE-2013-4834,0.03428,0.90576
CVE-2013-4835,0.96972,0.99683
CVE-2013-4836,0.91163,0.98665
CVE-2013-4837,0.95210,0.99190
CVE-2013-4838,0.91163,0.98665
CVE-2013-4839,0.02966,0.89891
CVE-2013-4840,0.00312,0.67094
CVE-2013-4841,0.85930,0.98321
CVE-2013-4842,0.00180,0.55315
CVE-2013-4843,0.00104,0.42395
CVE-2013-4844,0.02676,0.89420
CVE-2013-4845,0.00180,0.55315
CVE-2013-4846,0.00258,0.63620
CVE-2013-4848,0.01512,0.85655
CVE-2013-4851,0.00696,0.78188
CVE-2013-4852,0.02723,0.89511
CVE-2013-4854,0.95801,0.99318
CVE-2013-4855,0.00106,0.42775
CVE-2013-4856,0.00097,0.40159
CVE-2013-4857,0.00785,0.79586
CVE-2013-4858,0.00584,0.75883
CVE-2013-4859,0.26915,0.96355
CVE-2013-4860,0.00601,0.76227
CVE-2013-4861,0.01653,0.86301
CVE-2013-4862,0.00742,0.78936
CVE-2013-4863,0.01220,0.83912
CVE-2013-4864,0.12803,0.94997
CVE-2013-4865,0.00529,0.74644
CVE-2013-4866,0.00146,0.50556
CVE-2013-4867,0.00118,0.45693
CVE-2013-4868,0.09641,0.94261
CVE-2013-4869,0.00105,0.42420
CVE-2013-4870,0.00182,0.55590
CVE-2013-4871,0.00322,0.67657
CVE-2013-4872,0.00046,0.13806
CVE-2013-4873,0.00470,0.73072
CVE-2013-4874,0.00127,0.47223
CVE-2013-4875,0.00127,0.47223
CVE-2013-4876,0.00079,0.32808
CVE-2013-4877,0.00369,0.69815
CVE-2013-4878,0.21849,0.96049
CVE-2013-4879,0.00447,0.72422
CVE-2013-4880,0.00255,0.63468
CVE-2013-4881,0.00214,0.59454
CVE-2013-4882,0.08390,0.93827
CVE-2013-4883,0.01231,0.84000
CVE-2013-4884,0.00620,0.76656
CVE-2013-4885,0.03088,0.90073
CVE-2013-4887,0.00279,0.65101
CVE-2013-4888,0.00167,0.53504
CVE-2013-4889,0.00248,0.62819
CVE-2013-4890,0.91902,0.98742
CVE-2013-4891,0.00122,0.46426
CVE-2013-4898,0.00650,0.77252
CVE-2013-4899,0.00184,0.55757
CVE-2013-4900,0.20629,0.95965
CVE-2013-4911,0.00313,0.67192
CVE-2013-4912,0.00386,0.70462
CVE-2013-4920,0.00386,0.70457
CVE-2013-4921,0.00403,0.71058
CVE-2013-4922,0.00386,0.70457
CVE-2013-4923,0.00353,0.69113
CVE-2013-4924,0.00386,0.70457
CVE-2013-4925,0.00403,0.71058
CVE-2013-4926,0.00386,0.70457
CVE-2013-4927,0.00339,0.68510
CVE-2013-4928,0.00403,0.71058
CVE-2013-4929,0.00339,0.68510
CVE-2013-4930,0.00324,0.67779
CVE-2013-4931,0.00325,0.67802
CVE-2013-4932,0.00324,0.67779
CVE-2013-4933,0.00325,0.67802
CVE-2013-4934,0.00325,0.67802
CVE-2013-4935,0.00339,0.68510
CVE-2013-4936,0.00422,0.71683
CVE-2013-4937,0.00259,0.63671
CVE-2013-4938,0.00254,0.63292
CVE-2013-4939,0.00360,0.69411
CVE-2013-4940,0.00192,0.56888
CVE-2013-4941,0.00192,0.56888
CVE-2013-4942,0.00192,0.56888
CVE-2013-4943,0.00042,0.05722
CVE-2013-4944,0.00220,0.60154
CVE-2013-4945,0.00192,0.56919
CVE-2013-4946,0.00209,0.58830
CVE-2013-4947,0.01060,0.82603
CVE-2013-4948,0.00274,0.64803
CVE-2013-4949,0.01009,0.82116
CVE-2013-4950,0.00204,0.58403
CVE-2013-4951,0.00231,0.61330
CVE-2013-4952,0.00156,0.51917
CVE-2013-4953,0.00142,0.49995
CVE-2013-4954,0.00904,0.81042
CVE-2013-4955,0.00152,0.51465
CVE-2013-4956,0.00042,0.05722
CVE-2013-4957,0.00431,0.71909
CVE-2013-4958,0.00080,0.33223
CVE-2013-4959,0.00042,0.05722
CVE-2013-4961,0.00324,0.67763
CVE-2013-4962,0.00201,0.58009
CVE-2013-4963,0.00158,0.52238
CVE-2013-4964,0.00206,0.58623
CVE-2013-4965,0.00154,0.51652
CVE-2013-4966,0.00456,0.72680
CVE-2013-4967,0.00324,0.67763
CVE-2013-4968,0.00115,0.45113
CVE-2013-4969,0.00042,0.05722
CVE-2013-4971,0.00295,0.66152
CVE-2013-4973,0.05951,0.92749
CVE-2013-4974,0.00748,0.79012
CVE-2013-4975,0.04354,0.91545
CVE-2013-4976,0.54830,0.97367
CVE-2013-4977,0.09214,0.94124
CVE-2013-4978,0.19068,0.95829
CVE-2013-4979,0.07045,0.93339
CVE-2013-4980,0.05828,0.92678
CVE-2013-4981,0.05828,0.92678
CVE-2013-4982,0.12583,0.94968
CVE-2013-4983,0.96064,0.99378
CVE-2013-4984,0.00286,0.65577
CVE-2013-4985,0.12866,0.95014
CVE-2013-4986,0.04595,0.91754
CVE-2013-4987,0.01428,0.85208
CVE-2013-4988,0.69937,0.97748
CVE-2013-4995,0.00089,0.37437
CVE-2013-4996,0.00220,0.59971
CVE-2013-4997,0.00142,0.49908
CVE-2013-4998,0.00190,0.56594
CVE-2013-4999,0.00190,0.56594
CVE-2013-5000,0.00190,0.56594
CVE-2013-5001,0.00068,0.28383
CVE-2013-5002,0.00089,0.37437
CVE-2013-5003,0.00219,0.59900
CVE-2013-5005,0.00155,0.51807
CVE-2013-5006,0.10134,0.94423
CVE-2013-5008,0.00043,0.07360
CVE-2013-5009,0.00118,0.45680
CVE-2013-5010,0.00043,0.07360
CVE-2013-5011,0.00043,0.07360
CVE-2013-5012,0.00079,0.33122
CVE-2013-5013,0.70972,0.97781
CVE-2013-5014,0.83177,0.98194
CVE-2013-5015,0.00572,0.75606
CVE-2013-5016,0.00338,0.68476
CVE-2013-5017,0.01554,0.85861
CVE-2013-5018,0.03577,0.90745
CVE-2013-5019,0.92282,0.98783
CVE-2013-5020,0.00489,0.73608
CVE-2013-5021,0.89131,0.98513
CVE-2013-5022,0.00624,0.76757
CVE-2013-5023,0.01103,0.82959
CVE-2013-5024,0.00313,0.67163
CVE-2013-5025,0.00770,0.79372
CVE-2013-5026,0.04699,0.91859
CVE-2013-5027,0.00645,0.77143
CVE-2013-5028,0.00109,0.43810
CVE-2013-5029,0.00689,0.78070
CVE-2013-5030,0.02134,0.88156
CVE-2013-5031,0.00251,0.63083
CVE-2013-5032,0.00251,0.63083
CVE-2013-5033,0.00251,0.63083
CVE-2013-5034,0.00251,0.63083
CVE-2013-5035,0.00118,0.45803
CVE-2013-5036,0.92217,0.98774
CVE-2013-5037,0.00185,0.55872
CVE-2013-5038,0.00309,0.66984
CVE-2013-5039,0.00256,0.63535
CVE-2013-5042,0.10255,0.94448
CVE-2013-5045,0.00079,0.32910
CVE-2013-5046,0.00083,0.34358
CVE-2013-5047,0.81601,0.98112
CVE-2013-5048,0.81601,0.98112
CVE-2013-5049,0.81601,0.98112
CVE-2013-5051,0.89447,0.98538
CVE-2013-5052,0.89447,0.98538
CVE-2013-5054,0.01787,0.86802
CVE-2013-5056,0.94286,0.99031
CVE-2013-5057,0.18847,0.95808
CVE-2013-5058,0.00107,0.43235
CVE-2013-5059,0.22919,0.96124
CVE-2013-5065,0.00057,0.21294
CVE-2013-5072,0.17929,0.95717
CVE-2013-5091,0.00168,0.53635
CVE-2013-5092,0.00198,0.57752
CVE-2013-5093,0.96766,0.99609
CVE-2013-5094,0.00239,0.62051
CVE-2013-5095,0.00135,0.48865
CVE-2013-5096,0.00124,0.46807
CVE-2013-5097,0.00122,0.46526
CVE-2013-5098,0.00220,0.60154
CVE-2013-5099,0.00195,0.57468
CVE-2013-5100,0.00259,0.63693
CVE-2013-5106,0.00311,0.67051
CVE-2013-5107,0.01507,0.85632
CVE-2013-5108,0.00193,0.57215
CVE-2013-5112,0.00160,0.52574
CVE-2013-5113,0.00703,0.78297
CVE-2013-5114,0.00512,0.74218
CVE-2013-5116,0.00045,0.12337
CVE-2013-5117,0.00210,0.58946
CVE-2013-5118,0.00178,0.55048
CVE-2013-5119,0.00159,0.52379
CVE-2013-5120,0.00274,0.64803
CVE-2013-5121,0.00274,0.64803
CVE-2013-5122,0.34678,0.96728
CVE-2013-5123,0.00160,0.52658
CVE-2013-5125,0.00831,0.80218
CVE-2013-5126,0.00831,0.80218
CVE-2013-5127,0.00831,0.80218
CVE-2013-5128,0.00831,0.80218
CVE-2013-5129,0.00253,0.63275
CVE-2013-5130,0.00103,0.41749
CVE-2013-5131,0.00253,0.63275
CVE-2013-5132,0.00272,0.64624
CVE-2013-5133,0.00218,0.59820
CVE-2013-5135,0.01694,0.86452
CVE-2013-5136,0.00324,0.67763
CVE-2013-5137,0.00137,0.49084
CVE-2013-5138,0.00137,0.49084
CVE-2013-5139,0.00588,0.75978
CVE-2013-5140,0.00760,0.79232
CVE-2013-5141,0.00143,0.50092
CVE-2013-5142,0.00042,0.05722
CVE-2013-5143,0.00107,0.43271
CVE-2013-5144,0.00080,0.33223
CVE-2013-5145,0.00042,0.05722
CVE-2013-5147,0.00059,0.23013
CVE-2013-5148,0.00044,0.10161
CVE-2013-5149,0.00110,0.44025
CVE-2013-5150,0.00143,0.50116
CVE-2013-5151,0.00220,0.59971
CVE-2013-5152,0.00339,0.68501
CVE-2013-5153,0.00118,0.45721
CVE-2013-5154,0.00104,0.42302
CVE-2013-5155,0.00115,0.45235
CVE-2013-5156,0.00097,0.40155
CVE-2013-5157,0.00188,0.56315
CVE-2013-5158,0.00051,0.17134
CVE-2013-5159,0.00226,0.60893
CVE-2013-5160,0.00071,0.29139
CVE-2013-5161,0.00071,0.29435
CVE-2013-5162,0.00080,0.33223
CVE-2013-5163,0.00042,0.05722
CVE-2013-5164,0.00044,0.10163
CVE-2013-5165,0.00296,0.66238
CVE-2013-5166,0.00042,0.05722
CVE-2013-5167,0.00103,0.41749
CVE-2013-5168,0.00423,0.71723
CVE-2013-5169,0.00074,0.30709
CVE-2013-5170,0.00436,0.72117
CVE-2013-5171,0.00042,0.05722
CVE-2013-5172,0.00065,0.26945
CVE-2013-5173,0.00042,0.05722
CVE-2013-5174,0.00042,0.05722
CVE-2013-5175,0.00042,0.05722
CVE-2013-5176,0.00042,0.05722
CVE-2013-5177,0.00042,0.05722
CVE-2013-5178,0.00099,0.40586
CVE-2013-5179,0.00234,0.61515
CVE-2013-5180,0.00150,0.51175
CVE-2013-5181,0.00199,0.57787
CVE-2013-5182,0.00154,0.51719
CVE-2013-5183,0.00265,0.64260
CVE-2013-5184,0.00204,0.58392
CVE-2013-5185,0.00155,0.51868
CVE-2013-5186,0.00044,0.10161
CVE-2013-5187,0.00074,0.30709
CVE-2013-5188,0.00074,0.30709
CVE-2013-5189,0.00072,0.29490
CVE-2013-5190,0.00226,0.60902
CVE-2013-5191,0.00042,0.05722
CVE-2013-5192,0.00042,0.05722
CVE-2013-5193,0.00042,0.05722
CVE-2013-5195,0.00787,0.79607
CVE-2013-5196,0.00563,0.75416
CVE-2013-5197,0.00563,0.75416
CVE-2013-5198,0.00563,0.75416
CVE-2013-5199,0.00685,0.78005
CVE-2013-5200,0.00989,0.81953
CVE-2013-5208,0.00042,0.00438
CVE-2013-5209,0.00345,0.68729
CVE-2013-5210,0.00140,0.49569
CVE-2013-5211,0.96626,0.99554
CVE-2013-5212,0.00106,0.42973
CVE-2013-5215,0.00329,0.68023
CVE-2013-5216,0.00862,0.80555
CVE-2013-5218,0.00304,0.66628
CVE-2013-5219,0.00356,0.69272
CVE-2013-5220,0.00119,0.45882
CVE-2013-5221,0.00074,0.30435
CVE-2013-5222,0.00068,0.28383
CVE-2013-5223,0.00927,0.81302
CVE-2013-5225,0.00563,0.75416
CVE-2013-5227,0.00642,0.77089
CVE-2013-5228,0.02830,0.89694
CVE-2013-5229,0.00156,0.51995
CVE-2013-5300,0.00304,0.66665
CVE-2013-5301,0.00412,0.71351
CVE-2013-5302,0.00489,0.73605
CVE-2013-5303,0.00549,0.75123
CVE-2013-5304,0.00489,0.73605
CVE-2013-5305,0.00259,0.63800
CVE-2013-5306,0.00440,0.72230
CVE-2013-5307,0.00259,0.63800
CVE-2013-5308,0.00220,0.60154
CVE-2013-5309,0.00193,0.57215
CVE-2013-5310,0.00489,0.73605
CVE-2013-5311,0.00623,0.76736
CVE-2013-5312,0.00783,0.79564
CVE-2013-5313,0.00506,0.74072
CVE-2013-5314,0.00178,0.55048
CVE-2013-5315,0.00485,0.73498
CVE-2013-5316,0.00403,0.71043
CVE-2013-5317,0.00126,0.47121
CVE-2013-5318,0.00132,0.48276
CVE-2013-5319,0.00353,0.69098
CVE-2013-5320,0.00243,0.62363
CVE-2013-5321,0.00110,0.43917
CVE-2013-5322,0.00560,0.75335
CVE-2013-5323,0.00250,0.63055
CVE-2013-5324,0.07155,0.93385
CVE-2013-5325,0.00435,0.72095
CVE-2013-5326,0.00108,0.43476
CVE-2013-5327,0.00638,0.77002
CVE-2013-5328,0.00423,0.71722
CVE-2013-5329,0.08260,0.93789
CVE-2013-5330,0.19132,0.95837
CVE-2013-5331,0.96636,0.99558
CVE-2013-5332,0.02518,0.89099
CVE-2013-5333,0.00638,0.77002
CVE-2013-5334,0.00638,0.77002
CVE-2013-5349,0.01031,0.82297
CVE-2013-5350,0.00893,0.80919
CVE-2013-5351,0.14685,0.95293
CVE-2013-5352,0.01563,0.85911
CVE-2013-5353,0.04869,0.92013
CVE-2013-5354,0.00250,0.63070
CVE-2013-5355,0.00160,0.52542
CVE-2013-5356,0.00769,0.79368
CVE-2013-5357,0.01534,0.85767
CVE-2013-5358,0.00360,0.69391
CVE-2013-5359,0.01031,0.82297
CVE-2013-5364,0.00042,0.05722
CVE-2013-5365,0.05797,0.92660
CVE-2013-5369,0.01355,0.84819
CVE-2013-5370,0.01307,0.84514
CVE-2013-5371,0.00042,0.05722
CVE-2013-5372,0.02982,0.89913
CVE-2013-5373,0.00042,0.05722
CVE-2013-5375,0.01696,0.86458
CVE-2013-5376,0.00125,0.46984
CVE-2013-5378,0.00182,0.55608
CVE-2013-5379,0.00086,0.35693
CVE-2013-5380,0.00042,0.05722
CVE-2013-5381,0.00350,0.69005
CVE-2013-5382,0.00182,0.55534
CVE-2013-5383,0.00182,0.55534
CVE-2013-5385,0.00551,0.75167
CVE-2013-5387,0.87720,0.98423
CVE-2013-5388,0.00125,0.46984
CVE-2013-5389,0.00125,0.46984
CVE-2013-5390,0.00086,0.35693
CVE-2013-5391,0.00052,0.17671
CVE-2013-5393,0.00269,0.64461
CVE-2013-5394,0.00107,0.43015
CVE-2013-5395,0.00899,0.80991
CVE-2013-5397,0.95871,0.99334
CVE-2013-5398,0.95871,0.99334
CVE-2013-5400,0.05985,0.92769
CVE-2013-5401,0.00228,0.61065
CVE-2013-5402,0.00104,0.42030
CVE-2013-5403,0.00609,0.76389
CVE-2013-5404,0.00063,0.25667
CVE-2013-5405,0.00104,0.42030
CVE-2013-5406,0.00104,0.42030
CVE-2013-5407,0.00092,0.38851
CVE-2013-5409,0.00315,0.67239
CVE-2013-5411,0.00238,0.61961
CVE-2013-5413,0.00266,0.64310
CVE-2013-5414,0.00115,0.45142
CVE-2013-5415,0.00042,0.05722
CVE-2013-5416,0.00042,0.05722
CVE-2013-5417,0.00250,0.63004
CVE-2013-5418,0.00104,0.42030
CVE-2013-5419,0.00042,0.05753
CVE-2013-5420,0.00095,0.39490
CVE-2013-5421,0.00125,0.46984
CVE-2013-5422,0.00289,0.65807
CVE-2013-5423,0.00455,0.72672
CVE-2013-5424,0.00413,0.71370
CVE-2013-5425,0.00086,0.35693
CVE-2013-5426,0.00142,0.49851
CVE-2013-5427,0.00094,0.39300
CVE-2013-5428,0.00503,0.73988
CVE-2013-5429,0.00139,0.49396
CVE-2013-5430,0.00120,0.46088
CVE-2013-5431,0.00270,0.64525
CVE-2013-5433,0.00110,0.43985
CVE-2013-5438,0.00177,0.54960
CVE-2013-5440,0.00042,0.05722
CVE-2013-5442,0.00178,0.55082
CVE-2013-5443,0.00094,0.39300
CVE-2013-5444,0.00204,0.58416
CVE-2013-5445,0.00127,0.47289
CVE-2013-5446,0.00308,0.66938
CVE-2013-5447,0.96536,0.99525
CVE-2013-5448,0.00086,0.35693
CVE-2013-5449,0.00178,0.55082
CVE-2013-5450,0.00125,0.46947
CVE-2013-5452,0.00109,0.43854
CVE-2013-5453,0.00079,0.33036
CVE-2013-5454,0.00289,0.65807
CVE-2013-5455,0.00137,0.49100
CVE-2013-5456,0.04254,0.91459
CVE-2013-5457,0.03546,0.90708
CVE-2013-5458,0.03546,0.90708
CVE-2013-5459,0.00086,0.35758
CVE-2013-5460,0.00106,0.42947
CVE-2013-5461,0.00244,0.62529
CVE-2013-5462,0.00238,0.61961
CVE-2013-5463,0.00142,0.49941
CVE-2013-5464,0.00214,0.59463
CVE-2013-5465,0.00214,0.59463
CVE-2013-5466,0.00835,0.80250
CVE-2013-5467,0.00061,0.23986
CVE-2013-5468,0.00204,0.58416
CVE-2013-5469,0.01184,0.83637
CVE-2013-5470,0.00297,0.66253
CVE-2013-5471,0.00157,0.52211
CVE-2013-5472,0.00187,0.56209
CVE-2013-5473,0.00187,0.56209
CVE-2013-5474,0.00187,0.56209
CVE-2013-5475,0.00187,0.56209
CVE-2013-5476,0.00187,0.56209
CVE-2013-5477,0.00187,0.56209
CVE-2013-5478,0.00187,0.56209
CVE-2013-5479,0.00187,0.56209
CVE-2013-5480,0.00187,0.56209
CVE-2013-5481,0.00187,0.56209
CVE-2013-5482,0.00152,0.51465
CVE-2013-5483,0.00254,0.63423
CVE-2013-5486,0.97253,0.99820
CVE-2013-5487,0.93211,0.98892
CVE-2013-5488,0.00676,0.77814
CVE-2013-5489,0.00257,0.63560
CVE-2013-5490,0.00278,0.65025
CVE-2013-5492,0.00196,0.57550
CVE-2013-5493,0.00042,0.05722
CVE-2013-5494,0.00092,0.38925
CVE-2013-5495,0.00135,0.48865
CVE-2013-5496,0.00112,0.44465
CVE-2013-5497,0.00887,0.80849
CVE-2013-5498,0.00725,0.78693
CVE-2013-5499,0.00159,0.52494
CVE-2013-5500,0.00192,0.57132
CVE-2013-5501,0.00192,0.57132
CVE-2013-5502,0.00257,0.63560
CVE-2013-5503,0.00187,0.56209
CVE-2013-5504,0.00205,0.58535
CVE-2013-5505,0.00274,0.64799
CVE-2013-5506,0.00245,0.62610
CVE-2013-5507,0.00130,0.47887
CVE-2013-5508,0.00563,0.75411
CVE-2013-5509,0.00422,0.71670
CVE-2013-5510,0.00204,0.58455
CVE-2013-5511,0.00452,0.72574
CVE-2013-5512,0.00106,0.42909
CVE-2013-5513,0.00186,0.56036
CVE-2013-5515,0.00106,0.42909
CVE-2013-5516,0.00218,0.59805
CVE-2013-5517,0.00221,0.60293
CVE-2013-5519,0.00254,0.63423
CVE-2013-5521,0.00174,0.54636
CVE-2013-5522,0.00245,0.62610
CVE-2013-5523,0.00324,0.67772
CVE-2013-5524,0.00207,0.58724
CVE-2013-5525,0.00225,0.60849
CVE-2013-5526,0.00582,0.75828
CVE-2013-5527,0.00428,0.71835
CVE-2013-5528,0.00534,0.74768
CVE-2013-5529,0.00371,0.69895
CVE-2013-5530,0.00429,0.71856
CVE-2013-5531,0.00242,0.62290
CVE-2013-5532,0.00410,0.71285
CVE-2013-5533,0.00042,0.05722
CVE-2013-5534,0.00121,0.46231
CVE-2013-5535,0.00313,0.67178
CVE-2013-5536,0.00156,0.51919
CVE-2013-5537,0.00187,0.56209
CVE-2013-5538,0.00288,0.65694
CVE-2013-5539,0.00165,0.53217
CVE-2013-5540,0.00108,0.43364
CVE-2013-5541,0.00075,0.30927
CVE-2013-5542,0.00187,0.56209
CVE-2013-5543,0.00187,0.56209
CVE-2013-5544,0.00187,0.56209
CVE-2013-5545,0.00187,0.56209
CVE-2013-5546,0.00187,0.56209
CVE-2013-5547,0.00187,0.56209
CVE-2013-5548,0.00154,0.51693
CVE-2013-5549,0.00187,0.56209
CVE-2013-5550,0.00095,0.39686
CVE-2013-5551,0.00100,0.40829
CVE-2013-5552,0.00222,0.60617
CVE-2013-5553,0.00187,0.56209
CVE-2013-5554,0.15533,0.95424
CVE-2013-5555,0.00170,0.54088
CVE-2013-5556,0.00045,0.12328
CVE-2013-5557,0.00175,0.54733
CVE-2013-5558,0.00428,0.71834
CVE-2013-5559,0.86359,0.98351
CVE-2013-5560,0.00186,0.56036
CVE-2013-5561,0.00242,0.62290
CVE-2013-5562,0.00170,0.54088
CVE-2013-5563,0.00159,0.52365
CVE-2013-5564,0.00170,0.54088
CVE-2013-5565,0.00186,0.56036
CVE-2013-5566,0.00186,0.56036
CVE-2013-5567,0.00754,0.79119
CVE-2013-5568,0.00186,0.56036
CVE-2013-5569,0.00279,0.65101
CVE-2013-5570,0.00220,0.60154
CVE-2013-5571,0.00115,0.45086
CVE-2013-5572,0.01068,0.82673
CVE-2013-5573,0.03339,0.90443
CVE-2013-5576,0.74544,0.97886
CVE-2013-5578,0.07894,0.93656
CVE-2013-5580,0.02722,0.89506
CVE-2013-5582,0.00095,0.39489
CVE-2013-5583,0.00201,0.58096
CVE-2013-5586,0.00263,0.64012
CVE-2013-5587,0.00250,0.63055
CVE-2013-5588,0.00241,0.62172
CVE-2013-5589,0.00478,0.73306
CVE-2013-5590,0.06100,0.92836
CVE-2013-5591,0.05812,0.92669
CVE-2013-5592,0.05858,0.92700
CVE-2013-5593,0.00503,0.74005
CVE-2013-5594,0.00132,0.48257
CVE-2013-5595,0.01139,0.83258
CVE-2013-5596,0.07831,0.93625
CVE-2013-5597,0.07262,0.93422
CVE-2013-5598,0.01146,0.83310
CVE-2013-5599,0.07262,0.93422
CVE-2013-5600,0.10506,0.94512
CVE-2013-5601,0.10506,0.94512
CVE-2013-5602,0.05858,0.92700
CVE-2013-5603,0.07205,0.93405
CVE-2013-5604,0.04659,0.91815
CVE-2013-5605,0.09068,0.94068
CVE-2013-5606,0.00795,0.79778
CVE-2013-5607,0.05583,0.92551
CVE-2013-5609,0.00835,0.80244
CVE-2013-5610,0.00487,0.73558
CVE-2013-5611,0.01130,0.83180
CVE-2013-5612,0.00190,0.56627
CVE-2013-5613,0.00789,0.79687
CVE-2013-5614,0.00227,0.60964
CVE-2013-5615,0.00451,0.72553
CVE-2013-5616,0.02235,0.88450
CVE-2013-5618,0.02647,0.89356
CVE-2013-5619,0.02425,0.88909
CVE-2013-5634,0.00183,0.55660
CVE-2013-5635,0.00063,0.25163
CVE-2013-5636,0.00083,0.34399
CVE-2013-5637,0.00058,0.22585
CVE-2013-5638,0.00053,0.18833
CVE-2013-5639,0.00809,0.79939
CVE-2013-5640,0.00190,0.56645
CVE-2013-5641,0.84262,0.98241
CVE-2013-5642,0.37278,0.96830
CVE-2013-5645,0.00382,0.70284
CVE-2013-5646,0.00075,0.30842
CVE-2013-5647,0.00438,0.72174
CVE-2013-5648,0.00638,0.77024
CVE-2013-5649,0.00135,0.48865
CVE-2013-5650,0.00651,0.77274
CVE-2013-5651,0.01121,0.83116
CVE-2013-5653,0.00377,0.70079
CVE-2013-5654,0.00379,0.70203
CVE-2013-5655,0.00343,0.68686
CVE-2013-5656,0.00080,0.33214
CVE-2013-5657,0.03533,0.90693
CVE-2013-5658,0.01452,0.85345
CVE-2013-5659,0.00189,0.56472
CVE-2013-5660,0.30289,0.96541
CVE-2013-5661,0.00108,0.43411
CVE-2013-5663,0.01765,0.86717
CVE-2013-5664,0.00146,0.50565
CVE-2013-5666,0.00042,0.05722
CVE-2013-5667,0.01186,0.83644
CVE-2013-5668,0.01563,0.85904
CVE-2013-5669,0.01488,0.85503
CVE-2013-5670,0.00254,0.63423
CVE-2013-5671,0.06107,0.92840
CVE-2013-5672,0.00551,0.75174
CVE-2013-5673,0.01907,0.87338
CVE-2013-5674,0.00377,0.70100
CVE-2013-5676,0.01345,0.84734
CVE-2013-5679,0.00362,0.69517
CVE-2013-5680,0.41875,0.96986
CVE-2013-5687,0.00139,0.49405
CVE-2013-5688,0.00319,0.67519
CVE-2013-5690,0.00068,0.28383
CVE-2013-5691,0.00042,0.05722
CVE-2013-5692,0.00505,0.74034
CVE-2013-5693,0.00204,0.58403
CVE-2013-5694,0.00186,0.56039
CVE-2013-5695,0.00155,0.51807
CVE-2013-5696,0.41957,0.96988
CVE-2013-5697,0.00142,0.49995
CVE-2013-5698,0.00068,0.28383
CVE-2013-5700,0.00241,0.62211
CVE-2013-5701,0.00063,0.24906
CVE-2013-5702,0.00135,0.48865
CVE-2013-5703,0.00462,0.72835
CVE-2013-5704,0.81437,0.98098
CVE-2013-5705,0.00818,0.80032
CVE-2013-5706,0.00289,0.65731
CVE-2013-5707,0.00207,0.58709
CVE-2013-5708,0.00136,0.49005
CVE-2013-5709,0.00717,0.78546
CVE-2013-5710,0.00042,0.05722
CVE-2013-5711,0.00154,0.51701
CVE-2013-5714,0.00329,0.68023
CVE-2013-5715,0.00259,0.63671
CVE-2013-5716,0.01353,0.84789
CVE-2013-5717,0.00468,0.73001
CVE-2013-5718,0.00360,0.69421
CVE-2013-5719,0.00349,0.68959
CVE-2013-5720,0.00426,0.71782
CVE-2013-5721,0.00983,0.81882
CVE-2013-5722,0.00396,0.70842
CVE-2013-5723,0.00330,0.68120
CVE-2013-5724,0.00042,0.05722
CVE-2013-5725,0.00299,0.66384
CVE-2013-5726,0.00401,0.70988
CVE-2013-5730,0.95305,0.99211
CVE-2013-5738,0.00236,0.61772
CVE-2013-5739,0.00103,0.41648
CVE-2013-5740,0.00042,0.05722
CVE-2013-5741,0.01232,0.84002
CVE-2013-5743,0.97399,0.99914
CVE-2013-5744,0.00159,0.52365
CVE-2013-5745,0.80487,0.98063
CVE-2013-5748,0.00243,0.62350
CVE-2013-5749,0.00155,0.51807
CVE-2013-5750,0.00285,0.65497
CVE-2013-5751,0.00567,0.75501
CVE-2013-5754,0.00473,0.73146
CVE-2013-5755,0.05212,0.92275
CVE-2013-5756,0.00378,0.70153
CVE-2013-5757,0.00394,0.70778
CVE-2013-5758,0.01055,0.82536
CVE-2013-5760,0.00466,0.72954
CVE-2013-5761,0.00135,0.48818
CVE-2013-5762,0.00060,0.23365
CVE-2013-5763,0.28369,0.96448
CVE-2013-5764,0.00743,0.78952
CVE-2013-5765,0.00251,0.63109
CVE-2013-5766,0.00145,0.50401
CVE-2013-5767,0.00447,0.72425
CVE-2013-5768,0.00086,0.35594
CVE-2013-5769,0.00126,0.47188
CVE-2013-5770,0.00315,0.67299
CVE-2013-5771,0.01315,0.84570
CVE-2013-5772,0.00729,0.78754
CVE-2013-5773,0.00145,0.50401
CVE-2013-5774,0.01075,0.82747
CVE-2013-5775,0.00768,0.79345
CVE-2013-5776,0.00770,0.79376
CVE-2013-5777,0.00770,0.79378
CVE-2013-5778,0.00884,0.80803
CVE-2013-5779,0.00086,0.35594
CVE-2013-5780,0.00919,0.81217
CVE-2013-5781,0.00060,0.23365
CVE-2013-5782,0.09963,0.94359
CVE-2013-5783,0.01621,0.86183
CVE-2013-5784,0.00622,0.76704
CVE-2013-5785,0.01135,0.83233
CVE-2013-5786,0.00266,0.64271
CVE-2013-5787,0.01621,0.86182
CVE-2013-5788,0.01195,0.83711
CVE-2013-5789,0.01621,0.86182
CVE-2013-5790,0.00884,0.80803
CVE-2013-5791,0.06950,0.93298
CVE-2013-5792,0.00190,0.56594
CVE-2013-5793,0.00266,0.64271
CVE-2013-5794,0.00190,0.56594
CVE-2013-5795,0.89151,0.98515
CVE-2013-5796,0.00251,0.63109
CVE-2013-5797,0.00262,0.63989
CVE-2013-5798,0.00145,0.50401
CVE-2013-5799,0.00152,0.51424
CVE-2013-5800,0.00734,0.78830
CVE-2013-5801,0.00658,0.77394
CVE-2013-5802,0.09963,0.94359
CVE-2013-5803,0.05466,0.92472
CVE-2013-5804,0.00919,0.81217
CVE-2013-5805,0.01177,0.83579
CVE-2013-5806,0.01177,0.83579
CVE-2013-5807,0.00174,0.54653
CVE-2013-5808,0.00337,0.68403
CVE-2013-5809,0.10610,0.94544
CVE-2013-5810,0.00948,0.81517
CVE-2013-5811,0.00086,0.35594
CVE-2013-5812,0.01981,0.87604
CVE-2013-5813,0.00191,0.56768
CVE-2013-5814,0.09963,0.94359
CVE-2013-5815,0.01094,0.82888
CVE-2013-5816,0.00251,0.63109
CVE-2013-5817,0.14342,0.95243
CVE-2013-5818,0.00770,0.79376
CVE-2013-5819,0.00770,0.79376
CVE-2013-5820,0.01075,0.82747
CVE-2013-5821,0.00060,0.23365
CVE-2013-5822,0.01510,0.85646
CVE-2013-5823,0.05465,0.92471
CVE-2013-5824,0.01621,0.86182
CVE-2013-5825,0.09386,0.94181
CVE-2013-5826,0.00251,0.63109
CVE-2013-5827,0.00145,0.50401
CVE-2013-5828,0.00145,0.50401
CVE-2013-5829,0.03213,0.90260
CVE-2013-5830,0.03213,0.90260
CVE-2013-5831,0.00770,0.79376
CVE-2013-5832,0.01472,0.85436
CVE-2013-5833,0.00044,0.10704
CVE-2013-5834,0.00044,0.10704
CVE-2013-5835,0.00671,0.77716
CVE-2013-5836,0.00292,0.65967
CVE-2013-5837,0.00086,0.35594
CVE-2013-5838,0.01247,0.84103
CVE-2013-5839,0.00157,0.52130
CVE-2013-5840,0.00919,0.81217
CVE-2013-5841,0.00181,0.55435
CVE-2013-5842,0.01940,0.87460
CVE-2013-5843,0.01344,0.84725
CVE-2013-5844,0.01091,0.82861
CVE-2013-5845,0.00145,0.50401
CVE-2013-5846,0.01091,0.82861
CVE-2013-5847,0.00150,0.51028
CVE-2013-5848,0.00770,0.79376
CVE-2013-5849,0.00979,0.81840
CVE-2013-5850,0.06668,0.93163
CVE-2013-5851,0.00734,0.78830
CVE-2013-5852,0.01177,0.83579
CVE-2013-5853,0.01364,0.84888
CVE-2013-5854,0.00590,0.76017
CVE-2013-5855,0.00421,0.71660
CVE-2013-5856,0.00128,0.47497
CVE-2013-5857,0.00128,0.47497
CVE-2013-5858,0.00374,0.69989
CVE-2013-5859,0.00319,0.67532
CVE-2013-5860,0.00248,0.62813
CVE-2013-5861,0.01056,0.82541
CVE-2013-5862,0.00256,0.63542
CVE-2013-5863,0.00249,0.62919
CVE-2013-5864,0.00549,0.75128
CVE-2013-5865,0.00063,0.25021
CVE-2013-5866,0.00062,0.24501
CVE-2013-5867,0.01056,0.82541
CVE-2013-5868,0.00223,0.60654
CVE-2013-5869,0.00439,0.72204
CVE-2013-5870,0.01864,0.87140
CVE-2013-5871,0.00223,0.60654
CVE-2013-5872,0.00069,0.28758
CVE-2013-5873,0.00602,0.76249
CVE-2013-5874,0.00060,0.23365
CVE-2013-5875,0.00075,0.30887
CVE-2013-5876,0.00069,0.28758
CVE-2013-5877,0.89151,0.98515
CVE-2013-5878,0.10610,0.94544
CVE-2013-5879,0.01976,0.87584
CVE-2013-5880,0.89151,0.98515
CVE-2013-5881,0.00250,0.63068
CVE-2013-5882,0.00248,0.62813
CVE-2013-5883,0.00044,0.10704
CVE-2013-5884,0.01092,0.82872
CVE-2013-5885,0.00075,0.30887
CVE-2013-5886,0.00471,0.73098
CVE-2013-5887,0.02446,0.88957
CVE-2013-5888,0.00044,0.08000
CVE-2013-5889,0.02041,0.87822
CVE-2013-5890,0.00220,0.60212
CVE-2013-5891,0.00400,0.70965
CVE-2013-5892,0.00074,0.30723
CVE-2013-5893,0.05315,0.92351
CVE-2013-5894,0.00250,0.63068
CVE-2013-5895,0.00413,0.71363
CVE-2013-5896,0.10638,0.94551
CVE-2013-5897,0.00220,0.60212
CVE-2013-5898,0.00765,0.79286
CVE-2013-5899,0.00797,0.79803
CVE-2013-5900,0.00364,0.69569
CVE-2013-5901,0.00376,0.70028
CVE-2013-5902,0.01472,0.85436
CVE-2013-5904,0.01589,0.86033
CVE-2013-5905,0.01472,0.85436
CVE-2013-5906,0.01342,0.84711
CVE-2013-5907,0.43257,0.97028
CVE-2013-5908,0.00975,0.81791
CVE-2013-5909,0.00185,0.55835
CVE-2013-5910,0.01146,0.83308
CVE-2013-5911,0.00135,0.48865
CVE-2013-5912,0.16077,0.95493
CVE-2013-5913,0.00200,0.57972
CVE-2013-5914,0.06660,0.93158
CVE-2013-5915,0.00458,0.72744
CVE-2013-5916,0.00262,0.63953
CVE-2013-5917,0.00156,0.51917
CVE-2013-5918,0.00140,0.49569
CVE-2013-5919,0.00896,0.80948
CVE-2013-5930,0.00155,0.51807
CVE-2013-5931,0.00341,0.68597
CVE-2013-5932,0.00544,0.75024
CVE-2013-5933,0.00054,0.19312
CVE-2013-5934,0.00252,0.63194
CVE-2013-5935,0.00206,0.58608
CVE-2013-5936,0.00289,0.65739
CVE-2013-5937,0.00214,0.59454
CVE-2013-5938,0.00254,0.63423
CVE-2013-5939,0.00226,0.60949
CVE-2013-5942,0.01816,0.86931
CVE-2013-5943,0.00140,0.49569
CVE-2013-5944,0.00527,0.74575
CVE-2013-5945,0.02331,0.88676
CVE-2013-5946,0.01422,0.85179
CVE-2013-5948,0.02304,0.88619
CVE-2013-5951,0.00304,0.66657
CVE-2013-5952,0.00467,0.72962
CVE-2013-5953,0.00220,0.60154
CVE-2013-5954,0.01628,0.86212
CVE-2013-5955,0.00290,0.65829
CVE-2013-5956,0.00297,0.66282
CVE-2013-5957,0.00249,0.62887
CVE-2013-5958,0.00242,0.62292
CVE-2013-5959,0.01142,0.83278
CVE-2013-5960,0.00329,0.68011
CVE-2013-5961,0.12106,0.94895
CVE-2013-5962,0.71784,0.97808
CVE-2013-5963,0.10189,0.94436
CVE-2013-5964,0.00111,0.44215
CVE-2013-5965,0.00434,0.72053
CVE-2013-5966,0.00192,0.57132
CVE-2013-5967,0.00093,0.39243
CVE-2013-5968,0.00253,0.63254
CVE-2013-5970,0.05678,0.92602
CVE-2013-5971,0.00511,0.74184
CVE-2013-5972,0.00044,0.10161
CVE-2013-5973,0.00042,0.05722
CVE-2013-5975,0.00303,0.66596
CVE-2013-5976,0.00220,0.60154
CVE-2013-5977,0.00405,0.71136
CVE-2013-5978,0.00560,0.75322
CVE-2013-5979,0.06601,0.93128
CVE-2013-5983,0.00275,0.64854
CVE-2013-5984,0.00437,0.72139
CVE-2013-5986,0.00251,0.63083
CVE-2013-5987,0.00042,0.05722
CVE-2013-5988,0.00159,0.52502
CVE-2013-5990,0.04699,0.91859
CVE-2013-5991,0.00351,0.69035
CVE-2013-5992,0.00193,0.57215
CVE-2013-5993,0.00319,0.67513
CVE-2013-5994,0.00329,0.68052
CVE-2013-5995,0.00142,0.49896
CVE-2013-5996,0.00204,0.58403
CVE-2013-5997,0.00157,0.52159
CVE-2013-5998,0.00333,0.68270
CVE-2013-5999,0.00056,0.21178
CVE-2013-6000,0.00345,0.68772
CVE-2013-6001,0.00264,0.64074
CVE-2013-6002,0.01282,0.84358
CVE-2013-6003,0.00167,0.53452
CVE-2013-6004,0.00463,0.72853
CVE-2013-6005,0.00250,0.63055
CVE-2013-6006,0.00274,0.64792
CVE-2013-6009,0.00157,0.52181
CVE-2013-6010,0.00193,0.57215
CVE-2013-6011,0.00422,0.71696
CVE-2013-6012,0.00251,0.63155
CVE-2013-6013,0.10958,0.94629
CVE-2013-6014,0.00236,0.61746
CVE-2013-6015,0.01075,0.82745
CVE-2013-6016,0.01075,0.82745
CVE-2013-6017,0.00250,0.63061
CVE-2013-6018,0.00136,0.49005
CVE-2013-6019,0.00289,0.65731
CVE-2013-6020,0.00567,0.75490
CVE-2013-6021,0.12517,0.94954
CVE-2013-6022,0.00118,0.45674
CVE-2013-6023,0.16149,0.95500
CVE-2013-6024,0.00060,0.23251
CVE-2013-6025,0.03608,0.90781
CVE-2013-6026,0.05513,0.92502
CVE-2013-6027,0.05466,0.92472
CVE-2013-6028,0.00152,0.51384
CVE-2013-6029,0.03455,0.90604
CVE-2013-6030,0.00255,0.63452
CVE-2013-6031,0.00569,0.75543
CVE-2013-6032,0.00500,0.73870
CVE-2013-6033,0.00134,0.48604
CVE-2013-6034,0.00249,0.62955
CVE-2013-6035,0.00828,0.80172
CVE-2013-6037,0.00164,0.53061
CVE-2013-6038,0.03749,0.90956
CVE-2013-6039,0.00296,0.66198
CVE-2013-6040,0.86653,0.98368
CVE-2013-6041,0.00695,0.78170
CVE-2013-6042,0.00220,0.60154
CVE-2013-6043,0.00321,0.67619
CVE-2013-6044,0.00761,0.79240
CVE-2013-6045,0.17085,0.95610
CVE-2013-6047,0.00220,0.60154
CVE-2013-6048,0.00322,0.67682
CVE-2013-6049,0.00044,0.10161
CVE-2013-6050,0.00356,0.69256
CVE-2013-6051,0.00766,0.79318
CVE-2013-6052,0.00377,0.70123
CVE-2013-6053,0.00470,0.73072
CVE-2013-6054,0.00524,0.74516
CVE-2013-6056,0.00244,0.62525
CVE-2013-6058,0.00338,0.68467
CVE-2013-6074,0.00250,0.63055
CVE-2013-6075,0.00652,0.77312
CVE-2013-6076,0.00269,0.64477
CVE-2013-6077,0.00250,0.63072
CVE-2013-6078,0.00154,0.51628
CVE-2013-6079,0.84392,0.98245
CVE-2013-6111,0.00220,0.60154
CVE-2013-6114,0.92723,0.98842
CVE-2013-6117,0.95621,0.99283
CVE-2013-6122,0.00042,0.05722
CVE-2013-6123,0.00098,0.40348
CVE-2013-6124,0.00042,0.05722
CVE-2013-6127,0.01664,0.86349
CVE-2013-6128,0.78905,0.98014
CVE-2013-6129,0.81902,0.98133
CVE-2013-6141,0.00201,0.58009
CVE-2013-6142,0.00295,0.66179
CVE-2013-6143,0.00483,0.73446
CVE-2013-6162,0.00185,0.55840
CVE-2013-6163,0.00382,0.70307
CVE-2013-6164,0.00245,0.62599
CVE-2013-6166,0.00585,0.75902
CVE-2013-6167,0.00545,0.75034
CVE-2013-6168,0.00357,0.69282
CVE-2013-6169,0.00233,0.61497
CVE-2013-6170,0.01075,0.82745
CVE-2013-6171,0.00188,0.56430
CVE-2013-6172,0.02668,0.89393
CVE-2013-6173,0.00225,0.60872
CVE-2013-6174,0.00399,0.70936
CVE-2013-6175,0.00263,0.64017
CVE-2013-6176,0.00295,0.66176
CVE-2013-6177,0.00155,0.51849
CVE-2013-6178,0.00140,0.49569
CVE-2013-6180,0.00692,0.78116
CVE-2013-6181,0.00042,0.05722
CVE-2013-6182,0.00042,0.05722
CVE-2013-6188,0.00122,0.46528
CVE-2013-6189,0.92595,0.98828
CVE-2013-6191,0.01690,0.86438
CVE-2013-6192,0.00139,0.49432
CVE-2013-6193,0.00870,0.80642
CVE-2013-6194,0.75509,0.97911
CVE-2013-6195,0.83474,0.98210
CVE-2013-6196,0.00092,0.38934
CVE-2013-6197,0.00420,0.71605
CVE-2013-6198,0.01404,0.85094
CVE-2013-6200,0.00042,0.05722
CVE-2013-6201,0.03428,0.90576
CVE-2013-6202,0.01256,0.84158
CVE-2013-6203,0.41163,0.96968
CVE-2013-6204,0.41163,0.96968
CVE-2013-6205,0.00042,0.05722
CVE-2013-6206,0.00669,0.77694
CVE-2013-6207,0.25816,0.96299
CVE-2013-6208,0.00042,0.05722
CVE-2013-6209,0.00312,0.67094
CVE-2013-6210,0.85930,0.98321
CVE-2013-6211,0.00411,0.71322
CVE-2013-6212,0.00196,0.57578
CVE-2013-6213,0.95012,0.99150
CVE-2013-6214,0.00104,0.42395
CVE-2013-6215,0.14347,0.95245
CVE-2013-6216,0.00042,0.05722
CVE-2013-6218,0.03428,0.90576
CVE-2013-6219,0.00042,0.05722
CVE-2013-6220,0.01690,0.86438
CVE-2013-6221,0.97138,0.99757
CVE-2013-6222,0.00179,0.55157
CVE-2013-6223,0.00042,0.05722
CVE-2013-6224,0.00269,0.64480
CVE-2013-6225,0.17761,0.95702
CVE-2013-6226,0.00891,0.80901
CVE-2013-6227,0.13905,0.95177
CVE-2013-6229,0.00185,0.55840
CVE-2013-6230,0.00452,0.72591
CVE-2013-6231,0.07727,0.93568
CVE-2013-6232,0.01323,0.84609
CVE-2013-6233,0.00325,0.67830
CVE-2013-6234,0.01558,0.85882
CVE-2013-6235,0.00353,0.69098
CVE-2013-6236,0.35230,0.96751
CVE-2013-6237,0.00339,0.68505
CVE-2013-6239,0.00485,0.73502
CVE-2013-6241,0.00090,0.37884
CVE-2013-6242,0.00247,0.62727
CVE-2013-6243,0.00741,0.78917
CVE-2013-6244,0.00281,0.65246
CVE-2013-6245,0.07789,0.93610
CVE-2013-6246,0.02419,0.88890
CVE-2013-6267,0.00553,0.75220
CVE-2013-6271,0.00508,0.74101
CVE-2013-6272,0.00211,0.59073
CVE-2013-6275,0.03280,0.90364
CVE-2013-6276,0.00290,0.65846
CVE-2013-6277,0.00333,0.68251
CVE-2013-6280,0.00163,0.52990
CVE-2013-6281,0.00209,0.58906
CVE-2013-6282,0.04316,0.91512
CVE-2013-6283,0.12844,0.95006
CVE-2013-6284,0.01570,0.85934
CVE-2013-6285,0.00567,0.75490
CVE-2013-6288,0.00325,0.67827
CVE-2013-6289,0.00220,0.60154
CVE-2013-6295,0.01120,0.83107
CVE-2013-6299,0.00063,0.25667
CVE-2013-6300,0.00063,0.25667
CVE-2013-6301,0.00063,0.25667
CVE-2013-6302,0.00124,0.46753
CVE-2013-6303,0.00105,0.42677
CVE-2013-6304,0.00101,0.41164
CVE-2013-6305,0.00105,0.42555
CVE-2013-6306,0.00042,0.05722
CVE-2013-6307,0.00086,0.35693
CVE-2013-6308,0.00076,0.31329
CVE-2013-6309,0.00155,0.51768
CVE-2013-6310,0.00063,0.25667
CVE-2013-6311,0.00104,0.42003
CVE-2013-6312,0.00289,0.65807
CVE-2013-6314,0.00086,0.35693
CVE-2013-6315,0.00135,0.48656
CVE-2013-6316,0.00338,0.68454
CVE-2013-6318,0.00125,0.46984
CVE-2013-6319,0.00070,0.29111
CVE-2013-6320,0.00063,0.25667
CVE-2013-6321,0.00562,0.75359
CVE-2013-6322,0.00086,0.35693
CVE-2013-6323,0.00203,0.58296
CVE-2013-6325,0.00684,0.77985
CVE-2013-6327,0.00125,0.46984
CVE-2013-6328,0.00250,0.63004
CVE-2013-6329,0.01510,0.85646
CVE-2013-6330,0.00115,0.45142
CVE-2013-6331,0.00124,0.46753
CVE-2013-6332,0.00251,0.63143
CVE-2013-6333,0.00063,0.25667
CVE-2013-6334,0.00233,0.61468
CVE-2013-6335,0.00042,0.05722
CVE-2013-6336,0.00983,0.81882
CVE-2013-6337,0.00396,0.70842
CVE-2013-6338,0.00386,0.70457
CVE-2013-6339,0.00852,0.80447
CVE-2013-6340,0.00386,0.70457
CVE-2013-6341,0.00151,0.51278
CVE-2013-6342,0.00204,0.58403
CVE-2013-6343,0.19158,0.95840
CVE-2013-6344,0.00092,0.38919
CVE-2013-6345,0.00287,0.65671
CVE-2013-6346,0.00108,0.43400
CVE-2013-6347,0.00891,0.80902
CVE-2013-6348,0.00383,0.70346
CVE-2013-6349,0.00108,0.43411
CVE-2013-6357,0.00117,0.45637
CVE-2013-6358,0.00359,0.69387
CVE-2013-6359,0.00694,0.78166
CVE-2013-6360,0.00091,0.38064
CVE-2013-6362,0.00500,0.73869
CVE-2013-6364,0.00459,0.72773
CVE-2013-6365,0.00197,0.57681
CVE-2013-6366,0.00791,0.79726
CVE-2013-6367,0.00277,0.64945
CVE-2013-6368,0.00044,0.08000
CVE-2013-6369,0.03370,0.90495
CVE-2013-6370,0.01296,0.84447
CVE-2013-6371,0.00662,0.77550
CVE-2013-6372,0.00042,0.05722
CVE-2013-6373,0.00196,0.57554
CVE-2013-6374,0.00120,0.46051
CVE-2013-6375,0.00182,0.55567
CVE-2013-6376,0.00255,0.63493
CVE-2013-6378,0.00044,0.08000
CVE-2013-6380,0.00044,0.08000
CVE-2013-6381,0.00042,0.05722
CVE-2013-6382,0.00044,0.08000
CVE-2013-6383,0.00044,0.08000
CVE-2013-6384,0.00042,0.05722
CVE-2013-6385,0.05567,0.92531
CVE-2013-6386,0.00446,0.72396
CVE-2013-6387,0.00089,0.37616
CVE-2013-6388,0.00192,0.57132
CVE-2013-6389,0.00245,0.62586
CVE-2013-6391,0.00333,0.68252
CVE-2013-6392,0.00042,0.05722
CVE-2013-6393,0.03085,0.90067
CVE-2013-6394,0.00045,0.11973
CVE-2013-6395,0.00274,0.64773
CVE-2013-6396,0.00061,0.23853
CVE-2013-6397,0.52819,0.97319
CVE-2013-6398,0.00220,0.60177
CVE-2013-6399,0.06629,0.93143
CVE-2013-6400,0.00256,0.63505
CVE-2013-6401,0.00155,0.51831
CVE-2013-6402,0.00042,0.05722
CVE-2013-6403,0.00741,0.78921
CVE-2013-6404,0.00314,0.67228
CVE-2013-6407,0.00236,0.61774
CVE-2013-6408,0.00335,0.68347
CVE-2013-6409,0.00042,0.05722
CVE-2013-6410,0.00951,0.81558
CVE-2013-6411,0.03904,0.91129
CVE-2013-6412,0.00042,0.05722
CVE-2013-6413,0.00848,0.80406
CVE-2013-6414,0.17340,0.95650
CVE-2013-6415,0.00319,0.67536
CVE-2013-6416,0.00192,0.57132
CVE-2013-6417,0.00731,0.78799
CVE-2013-6418,0.00246,0.62659
CVE-2013-6419,0.00406,0.71143
CVE-2013-6420,0.94979,0.99146
CVE-2013-6421,0.00320,0.67577
CVE-2013-6422,0.00245,0.62619
CVE-2013-6424,0.00948,0.81517
CVE-2013-6425,0.01018,0.82195
CVE-2013-6426,0.00148,0.50888
CVE-2013-6427,0.00537,0.74844
CVE-2013-6428,0.00190,0.56619
CVE-2013-6429,0.76484,0.97939
CVE-2013-6430,0.00070,0.28770
CVE-2013-6431,0.00042,0.05722
CVE-2013-6432,0.00042,0.05722
CVE-2013-6433,0.00487,0.73546
CVE-2013-6434,0.00082,0.34101
CVE-2013-6435,0.06650,0.93154
CVE-2013-6436,0.00042,0.05722
CVE-2013-6437,0.00209,0.58915
CVE-2013-6438,0.02892,0.89789
CVE-2013-6439,0.00377,0.70084
CVE-2013-6440,0.00266,0.64308
CVE-2013-6441,0.00042,0.05722
CVE-2013-6442,0.00722,0.78646
CVE-2013-6443,0.00094,0.39300
CVE-2013-6444,0.00174,0.54593
CVE-2013-6445,0.00132,0.48071
CVE-2013-6446,0.00081,0.33807
CVE-2013-6447,0.25954,0.96306
CVE-2013-6448,0.00406,0.71171
CVE-2013-6449,0.92097,0.98761
CVE-2013-6450,0.02488,0.89040
CVE-2013-6451,0.00089,0.37444
CVE-2013-6452,0.00167,0.53427
CVE-2013-6453,0.00737,0.78873
CVE-2013-6454,0.00167,0.53427
CVE-2013-6455,0.00154,0.51643
CVE-2013-6456,0.00042,0.05722
CVE-2013-6457,0.00042,0.05722
CVE-2013-6458,0.02034,0.87792
CVE-2013-6459,0.00220,0.60154
CVE-2013-6460,0.00427,0.71814
CVE-2013-6461,0.00353,0.69089
CVE-2013-6462,0.22051,0.96060
CVE-2013-6465,0.00085,0.35317
CVE-2013-6466,0.02351,0.88731
CVE-2013-6467,0.01457,0.85378
CVE-2013-6468,0.00293,0.66069
CVE-2013-6469,0.00234,0.61572
CVE-2013-6470,0.00295,0.66152
CVE-2013-6472,0.00381,0.70274
CVE-2013-6473,0.09009,0.94052
CVE-2013-6474,0.09585,0.94247
CVE-2013-6475,0.06074,0.92808
CVE-2013-6476,0.00042,0.05722
CVE-2013-6477,0.03397,0.90532
CVE-2013-6478,0.03994,0.91200
CVE-2013-6479,0.00796,0.79788
CVE-2013-6480,0.00048,0.14793
CVE-2013-6481,0.03257,0.90336
CVE-2013-6482,0.02959,0.89879
CVE-2013-6483,0.01923,0.87403
CVE-2013-6484,0.00866,0.80598
CVE-2013-6485,0.01509,0.85643
CVE-2013-6486,0.01060,0.82603
CVE-2013-6487,0.02281,0.88574
CVE-2013-6489,0.03089,0.90075
CVE-2013-6490,0.01591,0.86042
CVE-2013-6491,0.00260,0.63821
CVE-2013-6492,0.07425,0.93477
CVE-2013-6493,0.00042,0.05722
CVE-2013-6494,0.00042,0.05722
CVE-2013-6495,0.00084,0.35108
CVE-2013-6496,0.00295,0.66152
CVE-2013-6497,0.13022,0.95034
CVE-2013-6501,0.00046,0.12628
CVE-2013-6617,0.00728,0.78733
CVE-2013-6618,0.03681,0.90878
CVE-2013-6621,0.01983,0.87609
CVE-2013-6622,0.02045,0.87835
CVE-2013-6623,0.02366,0.88770
CVE-2013-6624,0.02633,0.89332
CVE-2013-6625,0.02260,0.88516
CVE-2013-6626,0.00544,0.75021
CVE-2013-6627,0.05859,0.92701
CVE-2013-6628,0.00547,0.75078
CVE-2013-6629,0.00282,0.65310
CVE-2013-6630,0.00588,0.75991
CVE-2013-6631,0.01123,0.83133
CVE-2013-6632,0.02030,0.87779
CVE-2013-6634,0.01341,0.84708
CVE-2013-6635,0.02176,0.88277
CVE-2013-6636,0.00746,0.78996
CVE-2013-6637,0.00834,0.80239
CVE-2013-6638,0.02196,0.88329
CVE-2013-6639,0.01994,0.87651
CVE-2013-6640,0.01994,0.87651
CVE-2013-6641,0.00675,0.77779
CVE-2013-6642,0.00117,0.45484
CVE-2013-6643,0.00473,0.73134
CVE-2013-6644,0.00509,0.74133
CVE-2013-6645,0.01282,0.84362
CVE-2013-6646,0.01406,0.85104
CVE-2013-6647,0.00098,0.40374
CVE-2013-6648,0.00101,0.41129
CVE-2013-6649,0.00945,0.81486
CVE-2013-6650,0.00591,0.76060
CVE-2013-6652,0.00190,0.56659
CVE-2013-6653,0.00687,0.78039
CVE-2013-6654,0.00917,0.81186
CVE-2013-6655,0.00867,0.80604
CVE-2013-6656,0.00324,0.67776
CVE-2013-6657,0.00240,0.62131
CVE-2013-6658,0.03369,0.90494
CVE-2013-6659,0.00127,0.47279
CVE-2013-6660,0.00302,0.66498
CVE-2013-6661,0.00966,0.81707
CVE-2013-6662,0.00069,0.28555
CVE-2013-6663,0.02071,0.87923
CVE-2013-6664,0.00867,0.80604
CVE-2013-6665,0.00883,0.80787
CVE-2013-6666,0.00363,0.69553
CVE-2013-6667,0.00834,0.80239
CVE-2013-6668,0.00956,0.81612
CVE-2013-6671,0.02419,0.88889
CVE-2013-6672,0.00202,0.58229
CVE-2013-6673,0.00119,0.45982
CVE-2013-6674,0.94538,0.99078
CVE-2013-6681,0.00181,0.55506
CVE-2013-6682,0.00186,0.56036
CVE-2013-6683,0.00159,0.52494
CVE-2013-6684,0.00100,0.40829
CVE-2013-6685,0.00085,0.35455
CVE-2013-6686,0.00112,0.44465
CVE-2013-6687,0.00106,0.42962
CVE-2013-6688,0.00121,0.46231
CVE-2013-6689,0.00060,0.23520
CVE-2013-6690,0.00157,0.52086
CVE-2013-6691,0.00227,0.60999
CVE-2013-6692,0.00108,0.43364
CVE-2013-6693,0.00186,0.56036
CVE-2013-6694,0.00187,0.56209
CVE-2013-6695,0.00106,0.42962
CVE-2013-6696,0.00187,0.56209
CVE-2013-6698,0.00152,0.51389
CVE-2013-6699,0.00170,0.54088
CVE-2013-6700,0.00187,0.56209
CVE-2013-6701,0.00356,0.69234
CVE-2013-6702,0.00257,0.63553
CVE-2013-6703,0.00133,0.48372
CVE-2013-6704,0.00133,0.48372
CVE-2013-6705,0.00113,0.44736
CVE-2013-6706,0.01045,0.82451
CVE-2013-6707,0.01225,0.83943
CVE-2013-6708,0.00467,0.72988
CVE-2013-6709,0.00131,0.47931
CVE-2013-6710,0.00146,0.50474
CVE-2013-6711,0.00134,0.48489
CVE-2013-6712,0.58972,0.97459
CVE-2013-6713,0.00042,0.05722
CVE-2013-6714,0.00042,0.05722
CVE-2013-6717,0.00835,0.80250
CVE-2013-6718,0.00281,0.65237
CVE-2013-6719,0.63186,0.97575
CVE-2013-6720,0.00121,0.46235
CVE-2013-6721,0.00094,0.39316
CVE-2013-6722,0.00304,0.66634
CVE-2013-6723,0.00265,0.64242
CVE-2013-6724,0.05000,0.92111
CVE-2013-6725,0.00203,0.58296
CVE-2013-6726,0.00063,0.25667
CVE-2013-6727,0.00168,0.53535
CVE-2013-6728,0.00258,0.63661
CVE-2013-6729,0.00104,0.42030
CVE-2013-6730,0.00215,0.59577
CVE-2013-6731,0.00079,0.33036
CVE-2013-6732,0.00125,0.46984
CVE-2013-6733,0.00125,0.46984
CVE-2013-6734,0.00115,0.45142
CVE-2013-6735,0.00417,0.71514
CVE-2013-6737,0.00115,0.45142
CVE-2013-6738,0.00270,0.64549
CVE-2013-6739,0.00076,0.31371
CVE-2013-6741,0.00119,0.45903
CVE-2013-6742,0.00464,0.72882
CVE-2013-6743,0.00086,0.35693
CVE-2013-6744,0.00349,0.68950
CVE-2013-6745,0.00104,0.42030
CVE-2013-6746,0.00191,0.56743
CVE-2013-6747,0.04161,0.91375
CVE-2013-6748,0.15329,0.95380
CVE-2013-6749,0.15329,0.95380
CVE-2013-6763,0.00046,0.12569
CVE-2013-6765,0.08336,0.93807
CVE-2013-6766,0.00718,0.78584
CVE-2013-6767,0.01385,0.84990
CVE-2013-6768,0.00152,0.51405
CVE-2013-6769,0.00462,0.72842
CVE-2013-6770,0.00059,0.22808
CVE-2013-6771,0.96721,0.99589
CVE-2013-6772,0.00078,0.32606
CVE-2013-6773,0.00044,0.10161
CVE-2013-6774,0.00426,0.71782
CVE-2013-6775,0.00545,0.75035
CVE-2013-6780,0.00247,0.62754
CVE-2013-6785,0.00063,0.24943
CVE-2013-6786,0.00168,0.53630
CVE-2013-6787,0.00081,0.33677
CVE-2013-6788,0.00749,0.79039
CVE-2013-6789,0.00232,0.61388
CVE-2013-6791,0.00486,0.73533
CVE-2013-6792,0.01385,0.84993
CVE-2013-6793,0.00840,0.80324
CVE-2013-6794,0.00146,0.50565
CVE-2013-6795,0.09545,0.94233
CVE-2013-6796,0.08355,0.93816
CVE-2013-6797,0.00677,0.77870
CVE-2013-6798,0.00208,0.58802
CVE-2013-6799,0.00148,0.50857
CVE-2013-6800,0.00293,0.66055
CVE-2013-6801,0.01556,0.85870
CVE-2013-6802,0.00464,0.72885
CVE-2013-6804,0.00214,0.59432
CVE-2013-6805,0.00188,0.56432
CVE-2013-6806,0.00159,0.52424
CVE-2013-6807,0.00075,0.30977
CVE-2013-6808,0.00155,0.51807
CVE-2013-6809,0.00788,0.79622
CVE-2013-6810,0.93795,0.98964
CVE-2013-6811,0.00095,0.39679
CVE-2013-6812,0.00056,0.21178
CVE-2013-6814,0.00323,0.67717
CVE-2013-6815,0.01132,0.83200
CVE-2013-6816,0.00254,0.63423
CVE-2013-6817,0.03410,0.90550
CVE-2013-6818,0.00696,0.78188
CVE-2013-6819,0.00192,0.57132
CVE-2013-6820,0.02669,0.89395
CVE-2013-6821,0.00345,0.68772
CVE-2013-6822,0.00572,0.75609
CVE-2013-6823,0.00943,0.81458
CVE-2013-6824,0.00929,0.81320
CVE-2013-6825,0.00042,0.05722
CVE-2013-6826,0.00232,0.61384
CVE-2013-6827,0.00444,0.72346
CVE-2013-6828,0.00429,0.71853
CVE-2013-6829,0.01182,0.83617
CVE-2013-6830,0.00438,0.72174
CVE-2013-6831,0.00042,0.05722
CVE-2013-6832,0.00042,0.05722
CVE-2013-6833,0.00042,0.05722
CVE-2013-6834,0.00042,0.05722
CVE-2013-6835,0.10512,0.94513
CVE-2013-6836,0.01615,0.86154
CVE-2013-6837,0.00255,0.63492
CVE-2013-6838,0.00402,0.71017
CVE-2013-6839,0.00252,0.63192
CVE-2013-6840,0.00042,0.05722
CVE-2013-6852,0.00270,0.64550
CVE-2013-6853,0.00254,0.63423
CVE-2013-6858,0.00130,0.47857
CVE-2013-6859,0.00338,0.68453
CVE-2013-6860,0.00160,0.52641
CVE-2013-6861,0.00042,0.05722
CVE-2013-6862,0.00333,0.68270
CVE-2013-6863,0.00272,0.64689
CVE-2013-6864,0.00338,0.68453
CVE-2013-6865,0.00812,0.79962
CVE-2013-6866,0.00812,0.79962
CVE-2013-6867,0.00694,0.78166
CVE-2013-6868,0.00190,0.56607
CVE-2013-6869,0.00555,0.75258
CVE-2013-6870,0.00192,0.57132
CVE-2013-6872,0.00100,0.40841
CVE-2013-6873,0.00132,0.48276
CVE-2013-6874,0.14194,0.95227
CVE-2013-6875,0.89741,0.98560
CVE-2013-6876,0.00042,0.05722
CVE-2013-6877,0.75501,0.97909
CVE-2013-6878,0.00131,0.48045
CVE-2013-6879,0.00249,0.62886
CVE-2013-6880,0.00581,0.75801
CVE-2013-6881,0.03347,0.90459
CVE-2013-6882,0.00276,0.64878
CVE-2013-6883,0.01056,0.82549
CVE-2013-6884,0.02911,0.89811
CVE-2013-6885,0.00044,0.08000
CVE-2013-6886,0.00042,0.05722
CVE-2013-6887,0.00757,0.79186
CVE-2013-6888,0.10506,0.94512
CVE-2013-6889,0.00042,0.05722
CVE-2013-6890,0.47176,0.97153
CVE-2013-6891,0.00042,0.05722
CVE-2013-6892,0.00174,0.54658
CVE-2013-6900,0.00220,0.60154
CVE-2013-6901,0.00254,0.63423
CVE-2013-6902,0.00220,0.60154
CVE-2013-6903,0.00254,0.63423
CVE-2013-6904,0.00254,0.63423
CVE-2013-6905,0.00254,0.63423
CVE-2013-6906,0.00254,0.63423
CVE-2013-6907,0.00220,0.60154
CVE-2013-6908,0.00220,0.60154
CVE-2013-6909,0.00220,0.60154
CVE-2013-6910,0.00220,0.60154
CVE-2013-6911,0.00111,0.44215
CVE-2013-6912,0.00131,0.47914
CVE-2013-6913,0.00131,0.47914
CVE-2013-6914,0.00120,0.46051
CVE-2013-6915,0.00120,0.46051
CVE-2013-6916,0.00254,0.63423
CVE-2013-6918,0.00556,0.75266
CVE-2013-6919,0.00246,0.62654
CVE-2013-6920,0.00686,0.78022
CVE-2013-6922,0.00242,0.62324
CVE-2013-6923,0.00225,0.60809
CVE-2013-6924,0.02958,0.89876
CVE-2013-6925,0.00301,0.66480
CVE-2013-6926,0.00207,0.58704
CVE-2013-6927,0.00042,0.05722
CVE-2013-6929,0.00187,0.56074
CVE-2013-6930,0.00264,0.64074
CVE-2013-6931,0.00264,0.64074
CVE-2013-6932,0.04672,0.91833
CVE-2013-6933,0.89638,0.98554
CVE-2013-6934,0.87706,0.98421
CVE-2013-6935,0.88308,0.98457
CVE-2013-6936,0.00187,0.56275
CVE-2013-6937,0.07894,0.93656
CVE-2013-6938,0.00121,0.46292
CVE-2013-6939,0.00121,0.46348
CVE-2013-6940,0.00201,0.58009
CVE-2013-6941,0.00251,0.63136
CVE-2013-6942,0.00158,0.52238
CVE-2013-6943,0.00198,0.57749
CVE-2013-6944,0.00142,0.49908
CVE-2013-6945,0.00153,0.51527
CVE-2013-6948,0.00284,0.65481
CVE-2013-6949,0.00729,0.78758
CVE-2013-6950,0.00101,0.41153
CVE-2013-6951,0.00055,0.20639
CVE-2013-6952,0.01064,0.82647
CVE-2013-6953,0.00567,0.75490
CVE-2013-6954,0.13292,0.95085
CVE-2013-6955,0.97290,0.99843
CVE-2013-6956,0.00093,0.39055
CVE-2013-6957,0.00192,0.57132
CVE-2013-6958,0.01028,0.82273
CVE-2013-6959,0.00274,0.64804
CVE-2013-6960,0.00259,0.63693
CVE-2013-6961,0.00254,0.63423
CVE-2013-6962,0.00254,0.63423
CVE-2013-6963,0.00200,0.57972
CVE-2013-6964,0.00175,0.54679
CVE-2013-6965,0.00288,0.65684
CVE-2013-6966,0.00274,0.64804
CVE-2013-6967,0.00187,0.56219
CVE-2013-6968,0.00260,0.63806
CVE-2013-6969,0.00280,0.65203
CVE-2013-6970,0.00318,0.67492
CVE-2013-6971,0.00274,0.64804
CVE-2013-6972,0.00288,0.65684
CVE-2013-6973,0.00349,0.68962
CVE-2013-6974,0.00182,0.55605
CVE-2013-6975,0.00042,0.05722
CVE-2013-6976,0.00504,0.74024
CVE-2013-6978,0.00246,0.62649
CVE-2013-6979,0.00262,0.63981
CVE-2013-6981,0.01144,0.83298
CVE-2013-6982,0.01167,0.83485
CVE-2013-6983,0.00216,0.59630
CVE-2013-6985,0.00087,0.36092
CVE-2013-6986,0.00109,0.43513
CVE-2013-6987,0.00846,0.80382
CVE-2013-6990,0.00097,0.40125
CVE-2013-6991,0.00223,0.60696
CVE-2013-6992,0.00405,0.71136
CVE-2013-6993,0.00193,0.57215
CVE-2013-6994,0.00287,0.65625
CVE-2013-6997,0.00275,0.64854
CVE-2013-6999,0.00044,0.10454
CVE-2013-7000,0.00578,0.75753
CVE-2013-7001,0.00578,0.75753
CVE-2013-7002,0.00329,0.68023
CVE-2013-7003,0.00214,0.59432
CVE-2013-7004,0.01273,0.84274
CVE-2013-7005,0.00042,0.05722
CVE-2013-7008,0.00932,0.81351
CVE-2013-7009,0.00894,0.80928
CVE-2013-7010,0.01439,0.85271
CVE-2013-7011,0.00894,0.80928
CVE-2013-7012,0.00894,0.80928
CVE-2013-7013,0.00862,0.80553
CVE-2013-7014,0.02348,0.88723
CVE-2013-7015,0.00855,0.80491
CVE-2013-7016,0.00894,0.80928
CVE-2013-7017,0.00697,0.78208
CVE-2013-7018,0.00894,0.80928
CVE-2013-7019,0.00760,0.79226
CVE-2013-7020,0.02057,0.87871
CVE-2013-7021,0.00801,0.79842
CVE-2013-7022,0.00796,0.79786
CVE-2013-7023,0.00894,0.80928
CVE-2013-7024,0.00894,0.80928
CVE-2013-7025,0.00625,0.76762
CVE-2013-7026,0.00042,0.05753
CVE-2013-7027,0.00617,0.76605
CVE-2013-7030,0.53529,0.97337
CVE-2013-7032,0.00220,0.60154
CVE-2013-7033,0.00300,0.66449
CVE-2013-7034,0.00788,0.79655
CVE-2013-7038,0.02360,0.88748
CVE-2013-7039,0.03893,0.91114
CVE-2013-7040,0.00269,0.64490
CVE-2013-7041,0.00340,0.68515
CVE-2013-7042,0.00050,0.16885
CVE-2013-7043,0.00217,0.59753
CVE-2013-7048,0.00042,0.05722
CVE-2013-7049,0.03508,0.90665
CVE-2013-7050,0.01280,0.84322
CVE-2013-7051,0.02864,0.89747
CVE-2013-7052,0.76802,0.97949
CVE-2013-7053,0.00642,0.77097
CVE-2013-7054,0.00191,0.56679
CVE-2013-7055,0.65454,0.97628
CVE-2013-7057,0.00703,0.78292
CVE-2013-7060,0.00313,0.67163
CVE-2013-7061,0.00078,0.32660
CVE-2013-7062,0.00292,0.65968
CVE-2013-7063,0.00289,0.65754
CVE-2013-7064,0.00101,0.41234
CVE-2013-7065,0.00266,0.64308
CVE-2013-7066,0.00287,0.65631
CVE-2013-7067,0.00362,0.69516
CVE-2013-7068,0.00141,0.49841
CVE-2013-7069,0.06768,0.93213
CVE-2013-7070,0.00549,0.75127
CVE-2013-7071,0.00179,0.55138
CVE-2013-7073,0.00183,0.55683
CVE-2013-7074,0.00107,0.43048
CVE-2013-7075,0.00167,0.53521
CVE-2013-7076,0.00275,0.64854
CVE-2013-7077,0.00254,0.63423
CVE-2013-7078,0.00259,0.63800
CVE-2013-7079,0.00280,0.65203
CVE-2013-7080,0.00245,0.62586
CVE-2013-7081,0.00163,0.52956
CVE-2013-7082,0.00220,0.60154
CVE-2013-7085,0.01800,0.86853
CVE-2013-7086,0.01049,0.82481
CVE-2013-7087,0.04391,0.91578
CVE-2013-7088,0.05655,0.92589
CVE-2013-7089,0.01279,0.84317
CVE-2013-7091,0.97337,0.99873
CVE-2013-7092,0.00620,0.76657
CVE-2013-7093,0.00642,0.77097
CVE-2013-7094,0.00560,0.75335
CVE-2013-7095,0.00373,0.69947
CVE-2013-7096,0.00478,0.73303
CVE-2013-7097,0.05452,0.92458
CVE-2013-7098,0.00250,0.63063
CVE-2013-7100,0.37127,0.96827
CVE-2013-7102,0.21126,0.96004
CVE-2013-7103,0.00691,0.78096
CVE-2013-7104,0.00691,0.78096
CVE-2013-7105,0.00382,0.70316
CVE-2013-7106,0.01547,0.85829
CVE-2013-7107,0.00226,0.60943
CVE-2013-7108,0.95356,0.99222
CVE-2013-7110,0.00082,0.34101
CVE-2013-7111,0.00425,0.71771
CVE-2013-7112,0.01027,0.82265
CVE-2013-7113,0.01032,0.82309
CVE-2013-7114,0.00380,0.70225
CVE-2013-7127,0.00042,0.05722
CVE-2013-7128,0.00042,0.05722
CVE-2013-7129,0.00193,0.57215
CVE-2013-7130,0.00762,0.79256
CVE-2013-7134,0.00756,0.79173
CVE-2013-7135,0.00042,0.05722
CVE-2013-7136,0.06532,0.93083
CVE-2013-7137,0.09370,0.94176
CVE-2013-7138,0.00842,0.80340
CVE-2013-7139,0.00189,0.56505
CVE-2013-7140,0.00126,0.47146
CVE-2013-7141,0.00254,0.63423
CVE-2013-7142,0.00254,0.63423
CVE-2013-7143,0.00254,0.63423
CVE-2013-7144,0.00075,0.30789
CVE-2013-7149,0.00279,0.65101
CVE-2013-7171,0.02359,0.88747
CVE-2013-7172,0.00042,0.05722
CVE-2013-7173,0.00342,0.68612
CVE-2013-7174,0.00330,0.68117
CVE-2013-7175,0.00337,0.68430
CVE-2013-7176,0.01694,0.86451
CVE-2013-7177,0.01694,0.86451
CVE-2013-7179,0.01582,0.86006
CVE-2013-7180,0.00223,0.60709
CVE-2013-7181,0.00313,0.67187
CVE-2013-7182,0.00313,0.67187
CVE-2013-7183,0.04202,0.91408
CVE-2013-7184,0.01806,0.86883
CVE-2013-7185,0.00129,0.47598
CVE-2013-7186,0.28315,0.96444
CVE-2013-7187,0.00151,0.51278
CVE-2013-7188,0.00259,0.63800
CVE-2013-7189,0.00171,0.54178
CVE-2013-7190,0.01986,0.87619
CVE-2013-7191,0.00193,0.57215
CVE-2013-7192,0.00075,0.30923
CVE-2013-7193,0.00239,0.62008
CVE-2013-7194,0.00125,0.46975
CVE-2013-7195,0.00132,0.48236
CVE-2013-7196,0.01123,0.83136
CVE-2013-7201,0.00140,0.49703
CVE-2013-7202,0.01280,0.84329
CVE-2013-7203,0.00042,0.05722
CVE-2013-7204,0.00472,0.73110
CVE-2013-7205,0.01753,0.86678
CVE-2013-7209,0.01010,0.82129
CVE-2013-7216,0.02060,0.87881
CVE-2013-7217,0.00758,0.79195
CVE-2013-7219,0.00132,0.48276
CVE-2013-7220,0.00062,0.24773
CVE-2013-7221,0.00059,0.22933
CVE-2013-7222,0.00520,0.74396
CVE-2013-7223,0.00719,0.78607
CVE-2013-7224,0.00594,0.76095
CVE-2013-7225,0.00324,0.67786
CVE-2013-7226,0.04786,0.91953
CVE-2013-7231,0.00068,0.28383
CVE-2013-7232,0.00290,0.65872
CVE-2013-7233,0.00155,0.51850
CVE-2013-7234,0.00515,0.74284
CVE-2013-7235,0.01060,0.82603
CVE-2013-7236,0.00694,0.78157
CVE-2013-7239,0.01563,0.85911
CVE-2013-7240,0.21533,0.96031
CVE-2013-7241,0.00424,0.71746
CVE-2013-7242,0.00339,0.68502
CVE-2013-7243,0.00193,0.57215
CVE-2013-7245,0.00519,0.74377
CVE-2013-7246,0.26955,0.96358
CVE-2013-7247,0.00773,0.79423
CVE-2013-7248,0.00989,0.81953
CVE-2013-7249,0.00895,0.80936
CVE-2013-7250,0.00103,0.41738
CVE-2013-7251,0.00342,0.68615
CVE-2013-7252,0.00396,0.70821
CVE-2013-7254,0.00192,0.57132
CVE-2013-7255,0.00245,0.62586
CVE-2013-7256,0.00097,0.40110
CVE-2013-7257,0.00254,0.63423
CVE-2013-7258,0.00192,0.57132
CVE-2013-7259,0.00999,0.82042
CVE-2013-7260,0.96743,0.99599
CVE-2013-7262,0.00291,0.65901
CVE-2013-7263,0.00044,0.08000
CVE-2013-7264,0.00044,0.08000
CVE-2013-7265,0.00044,0.08000
CVE-2013-7266,0.00044,0.08000
CVE-2013-7267,0.00044,0.08000
CVE-2013-7268,0.00044,0.08000
CVE-2013-7269,0.00044,0.08000
CVE-2013-7270,0.00044,0.08000
CVE-2013-7271,0.00044,0.08000
CVE-2013-7273,0.00042,0.05722
CVE-2013-7274,0.00125,0.46992
CVE-2013-7275,0.00315,0.67321
CVE-2013-7276,0.00214,0.59432
CVE-2013-7277,0.00370,0.69861
CVE-2013-7278,0.00065,0.27055
CVE-2013-7279,0.00254,0.63423
CVE-2013-7280,0.58833,0.97456
CVE-2013-7281,0.00044,0.08000
CVE-2013-7282,0.04743,0.91894
CVE-2013-7283,0.00435,0.72094
CVE-2013-7284,0.55377,0.97386
CVE-2013-7285,0.55716,0.97389
CVE-2013-7286,0.00148,0.50764
CVE-2013-7287,0.00644,0.77135
CVE-2013-7288,0.00254,0.63423
CVE-2013-7289,0.00220,0.60154
CVE-2013-7290,0.00463,0.72854
CVE-2013-7291,0.00463,0.72854
CVE-2013-7292,0.00138,0.49321
CVE-2013-7293,0.00271,0.64577
CVE-2013-7294,0.01375,0.84942
CVE-2013-7295,0.00181,0.55372
CVE-2013-7296,0.01356,0.84828
CVE-2013-7298,0.03257,0.90336
CVE-2013-7299,0.00640,0.77058
CVE-2013-7300,0.00278,0.65027
CVE-2013-7301,0.00421,0.71631
CVE-2013-7302,0.00718,0.78584
CVE-2013-7303,0.00305,0.66721
CVE-2013-7304,0.00093,0.39116
CVE-2013-7305,0.00235,0.61613
CVE-2013-7306,0.00338,0.68459
CVE-2013-7307,0.00270,0.64559
CVE-2013-7308,0.00303,0.66595
CVE-2013-7309,0.00270,0.64559
CVE-2013-7310,0.00553,0.75219
CVE-2013-7311,0.00528,0.74618
CVE-2013-7312,0.00590,0.76025
CVE-2013-7313,0.00303,0.66595
CVE-2013-7314,0.00642,0.77090
CVE-2013-7315,0.00563,0.75374
CVE-2013-7316,0.00235,0.61610
CVE-2013-7317,0.00289,0.65731
CVE-2013-7318,0.00155,0.51807
CVE-2013-7319,0.00851,0.80440
CVE-2013-7320,0.00155,0.51823
CVE-2013-7321,0.00218,0.59800
CVE-2013-7322,0.00154,0.51643
CVE-2013-7323,0.01348,0.84753
CVE-2013-7324,0.00223,0.60683
CVE-2013-7325,0.00242,0.62286
CVE-2013-7326,0.00250,0.63055
CVE-2013-7327,0.00478,0.73295
CVE-2013-7328,0.00828,0.80168
CVE-2013-7329,0.00512,0.74202
CVE-2013-7330,0.00130,0.47808
CVE-2013-7331,0.55825,0.97391
CVE-2013-7332,0.00424,0.71733
CVE-2013-7333,0.00114,0.44899
CVE-2013-7334,0.00405,0.71125
CVE-2013-7335,0.00257,0.63580
CVE-2013-7336,0.00042,0.05722
CVE-2013-7338,0.00621,0.76669
CVE-2013-7339,0.00042,0.05722
CVE-2013-7340,0.00194,0.57330
CVE-2013-7341,0.00254,0.63423
CVE-2013-7342,0.00155,0.51807
CVE-2013-7343,0.00155,0.51807
CVE-2013-7344,0.00246,0.62653
CVE-2013-7345,0.00435,0.72076
CVE-2013-7346,0.00093,0.39096
CVE-2013-7347,0.00044,0.10161
CVE-2013-7348,0.00042,0.05722
CVE-2013-7349,0.04395,0.91581
CVE-2013-7350,0.00259,0.63671
CVE-2013-7351,0.01067,0.82661
CVE-2013-7352,0.00248,0.62815
CVE-2013-7353,0.00377,0.70084
CVE-2013-7354,0.00646,0.77152
CVE-2013-7355,0.00251,0.63098
CVE-2013-7356,0.00102,0.41343
CVE-2013-7357,0.00321,0.67619
CVE-2013-7358,0.00321,0.67619
CVE-2013-7359,0.00321,0.67619
CVE-2013-7360,0.00572,0.75609
CVE-2013-7361,0.00131,0.48050
CVE-2013-7362,0.00939,0.81424
CVE-2013-7363,0.01060,0.82603
CVE-2013-7364,0.00769,0.79368
CVE-2013-7365,0.00250,0.63055
CVE-2013-7366,0.01206,0.83800
CVE-2013-7367,0.00769,0.79368
CVE-2013-7368,0.00507,0.74084
CVE-2013-7369,0.00184,0.55805
CVE-2013-7370,0.00508,0.74118
CVE-2013-7371,0.00372,0.69902
CVE-2013-7372,0.00403,0.71059
CVE-2013-7373,0.00258,0.63653
CVE-2013-7374,0.00042,0.05722
CVE-2013-7375,0.00346,0.68784
CVE-2013-7376,0.00328,0.67969
CVE-2013-7377,0.00380,0.70231
CVE-2013-7378,0.00316,0.67331
CVE-2013-7379,0.00892,0.80907
CVE-2013-7380,0.00301,0.66488
CVE-2013-7381,0.00316,0.67331
CVE-2013-7382,0.00483,0.73436
CVE-2013-7383,0.00324,0.67783
CVE-2013-7384,0.00848,0.80406
CVE-2013-7385,0.00316,0.67388
CVE-2013-7386,0.09374,0.94178
CVE-2013-7387,0.00910,0.81109
CVE-2013-7388,0.31867,0.96610
CVE-2013-7389,0.05372,0.92399
CVE-2013-7390,0.09729,0.94282
CVE-2013-7391,0.00289,0.65754
CVE-2013-7392,0.01370,0.84913
CVE-2013-7393,0.00042,0.05722
CVE-2013-7394,0.00148,0.50765
CVE-2013-7395,0.00085,0.35522
CVE-2013-7397,0.00303,0.66556
CVE-2013-7398,0.00303,0.66556
CVE-2013-7400,0.00297,0.66286
CVE-2013-7401,0.03649,0.90830
CVE-2013-7402,0.03166,0.90187
CVE-2013-7404,0.00342,0.68637
CVE-2013-7405,0.00315,0.67315
CVE-2013-7406,0.00141,0.49813
CVE-2013-7407,0.00158,0.52238
CVE-2013-7408,0.00447,0.72431
CVE-2013-7409,0.20632,0.95966
CVE-2013-7416,0.00872,0.80661
CVE-2013-7417,0.00312,0.67081
CVE-2013-7418,0.01335,0.84678
CVE-2013-7419,0.00140,0.49644
CVE-2013-7420,0.11151,0.94677
CVE-2013-7421,0.00044,0.08000
CVE-2013-7422,0.01010,0.82126
CVE-2013-7423,0.00347,0.68819
CVE-2013-7424,0.01358,0.84843
CVE-2013-7426,0.00359,0.69364
CVE-2013-7428,0.00604,0.76314
CVE-2013-7429,0.00473,0.73136
CVE-2013-7430,0.00125,0.46917
CVE-2013-7431,0.00112,0.44481
CVE-2013-7432,0.00319,0.67522
CVE-2013-7433,0.00094,0.39351
CVE-2013-7435,0.00159,0.52435
CVE-2013-7436,0.00434,0.72018
CVE-2013-7437,0.00291,0.65882
CVE-2013-7438,0.05870,0.92705
CVE-2013-7439,0.01331,0.84643
CVE-2013-7440,0.00160,0.52683
CVE-2013-7441,0.04211,0.91415
CVE-2013-7442,0.00420,0.71598
CVE-2013-7443,0.07902,0.93657
CVE-2013-7444,0.00628,0.76810
CVE-2013-7445,0.00149,0.50937
CVE-2013-7446,0.00046,0.13781
CVE-2013-7447,0.03302,0.90400
CVE-2013-7448,0.01495,0.85551
CVE-2013-7449,0.00093,0.39116
CVE-2013-7450,0.00236,0.61777
CVE-2013-7451,0.00104,0.42250
CVE-2013-7452,0.00081,0.33779
CVE-2013-7453,0.00104,0.42250
CVE-2013-7454,0.00104,0.42250
CVE-2013-7455,0.03538,0.90699
CVE-2013-7456,0.02569,0.89187
CVE-2013-7457,0.00055,0.20337
CVE-2013-7458,0.00042,0.05722
CVE-2013-7459,0.01428,0.85209
CVE-2013-7460,0.00045,0.12340
CVE-2013-7461,0.00045,0.12340
CVE-2013-7462,0.00199,0.57919
CVE-2013-7463,0.00178,0.55045
CVE-2013-7464,0.00214,0.59517
CVE-2013-7465,0.03726,0.90931
CVE-2013-7466,0.00291,0.65890
CVE-2013-7467,0.00087,0.36434
CVE-2013-7468,0.00396,0.70822
CVE-2013-7469,0.00149,0.50995
CVE-2013-7470,0.00341,0.68562
CVE-2013-7471,0.06774,0.93216
CVE-2013-7472,0.00112,0.44327
CVE-2013-7473,0.00112,0.44586
CVE-2013-7474,0.00087,0.36434
CVE-2013-7475,0.00078,0.32606
CVE-2013-7476,0.00073,0.30112
CVE-2013-7477,0.00078,0.32606
CVE-2013-7478,0.00078,0.32606
CVE-2013-7479,0.00078,0.32606
CVE-2013-7480,0.00078,0.32606
CVE-2013-7481,0.00078,0.32606
CVE-2013-7482,0.00078,0.32606
CVE-2013-7483,0.00222,0.60556
CVE-2013-7484,0.00197,0.57661
CVE-2013-7485,0.00447,0.72413
CVE-2013-7486,0.00255,0.63444
CVE-2013-7487,0.01005,0.82087
CVE-2013-7488,0.00944,0.81471
CVE-2013-7489,0.00045,0.12326
CVE-2013-7490,0.00196,0.57539
CVE-2013-7491,0.00234,0.61529
CVE-2014-0001,0.95229,0.99194
CVE-2014-0002,0.49333,0.97230
CVE-2014-0003,0.60958,0.97517
CVE-2014-0004,0.00042,0.05722
CVE-2014-0005,0.00223,0.60707
CVE-2014-0006,0.00313,0.67163
CVE-2014-0007,0.04089,0.91315
CVE-2014-0008,0.00225,0.60824
CVE-2014-0009,0.00303,0.66571
CVE-2014-0010,0.00313,0.67192
CVE-2014-0011,0.00270,0.64542
CVE-2014-0012,0.00042,0.05722
CVE-2014-0013,0.00065,0.27007
CVE-2014-0014,0.00088,0.37094
CVE-2014-0015,0.00752,0.79081
CVE-2014-0016,0.00337,0.68421
CVE-2014-0017,0.00042,0.05722
CVE-2014-0018,0.00042,0.05722
CVE-2014-0019,0.00042,0.05722
CVE-2014-0020,0.01810,0.86896
CVE-2014-0021,0.02377,0.88795
CVE-2014-0022,0.00600,0.76216
CVE-2014-0023,0.00044,0.10161
CVE-2014-0026,0.00053,0.19056
CVE-2014-0027,0.00042,0.05722
CVE-2014-0028,0.00307,0.66815
CVE-2014-0029,0.00116,0.45370
CVE-2014-0030,0.05109,0.92204
CVE-2014-0031,0.00255,0.63455
CVE-2014-0032,0.13933,0.95182
CVE-2014-0033,0.00309,0.66961
CVE-2014-0034,0.00187,0.56229
CVE-2014-0035,0.00206,0.58595
CVE-2014-0036,0.00168,0.53585
CVE-2014-0037,0.00958,0.81629
CVE-2014-0038,0.00042,0.00438
CVE-2014-0039,0.00044,0.08099
CVE-2014-0040,0.00098,0.40468
CVE-2014-0041,0.00069,0.28455
CVE-2014-0042,0.00067,0.27861
CVE-2014-0043,0.00054,0.19418
CVE-2014-0044,0.01109,0.83012
CVE-2014-0045,0.08479,0.93860
CVE-2014-0046,0.00259,0.63693
CVE-2014-0047,0.00042,0.05722
CVE-2014-0048,0.00573,0.75623
CVE-2014-0049,0.00261,0.63916
CVE-2014-0050,0.16599,0.95547
CVE-2014-0053,0.00507,0.74086
CVE-2014-0054,0.39595,0.96918
CVE-2014-0055,0.00062,0.24773
CVE-2014-0056,0.00169,0.53846
CVE-2014-0057,0.00718,0.78584
CVE-2014-0058,0.00042,0.05722
CVE-2014-0059,0.00042,0.05722
CVE-2014-0060,0.00285,0.65492
CVE-2014-0061,0.00442,0.72296
CVE-2014-0062,0.00255,0.63461
CVE-2014-0063,0.92748,0.98846
CVE-2014-0064,0.03818,0.91034
CVE-2014-0065,0.00570,0.75546
CVE-2014-0066,0.04625,0.91774
CVE-2014-0067,0.00042,0.05722
CVE-2014-0068,0.00044,0.10161
CVE-2014-0069,0.00042,0.05722
CVE-2014-0071,0.00256,0.63524
CVE-2014-0072,0.00221,0.60396
CVE-2014-0073,0.00643,0.77119
CVE-2014-0074,0.00644,0.77124
CVE-2014-0075,0.03844,0.91063
CVE-2014-0076,0.00046,0.13781
CVE-2014-0077,0.00225,0.60823
CVE-2014-0078,0.00130,0.47869
CVE-2014-0079,0.00338,0.68461
CVE-2014-0080,0.00411,0.71321
CVE-2014-0081,0.00207,0.58722
CVE-2014-0082,0.02943,0.89855
CVE-2014-0083,0.00045,0.11839
CVE-2014-0084,0.00044,0.10161
CVE-2014-0085,0.00042,0.05722
CVE-2014-0086,0.00669,0.77684
CVE-2014-0087,0.00178,0.55105
CVE-2014-0088,0.01490,0.85514
CVE-2014-0089,0.00204,0.58414
CVE-2014-0090,0.00718,0.78584
CVE-2014-0091,0.00151,0.51322
CVE-2014-0092,0.07454,0.93487
CVE-2014-0093,0.00388,0.70513
CVE-2014-0094,0.97093,0.99735
CVE-2014-0095,0.03029,0.89981
CVE-2014-0096,0.00126,0.47177
CVE-2014-0097,0.00103,0.41692
CVE-2014-0098,0.19084,0.95831
CVE-2014-0099,0.00463,0.72868
CVE-2014-0100,0.00561,0.75352
CVE-2014-0101,0.91787,0.98731
CVE-2014-0102,0.00042,0.05722
CVE-2014-0103,0.00127,0.47361
CVE-2014-0104,0.00134,0.48537
CVE-2014-0105,0.00332,0.68237
CVE-2014-0106,0.00042,0.05722
CVE-2014-0107,0.00544,0.75023
CVE-2014-0109,0.00612,0.76490
CVE-2014-0110,0.00612,0.76490
CVE-2014-0111,0.00240,0.62123
CVE-2014-0112,0.97397,0.99912
CVE-2014-0113,0.96867,0.99644
CVE-2014-0114,0.97314,0.99860
CVE-2014-0115,0.00158,0.52216
CVE-2014-0116,0.00865,0.80589
CVE-2014-0117,0.96716,0.99586
CVE-2014-0118,0.56624,0.97411
CVE-2014-0119,0.00159,0.52489
CVE-2014-0120,0.00215,0.59584
CVE-2014-0121,0.00354,0.69153
CVE-2014-0122,0.00121,0.46375
CVE-2014-0123,0.00124,0.46807
CVE-2014-0124,0.00124,0.46807
CVE-2014-0125,0.00253,0.63246
CVE-2014-0126,0.00159,0.52409
CVE-2014-0127,0.00121,0.46375
CVE-2014-0128,0.11670,0.94799
CVE-2014-0129,0.00124,0.46807
CVE-2014-0130,0.00328,0.67999
CVE-2014-0131,0.00139,0.49410
CVE-2014-0132,0.00488,0.73563
CVE-2014-0133,0.03711,0.90910
CVE-2014-0134,0.00138,0.49345
CVE-2014-0135,0.00042,0.05722
CVE-2014-0136,0.00197,0.57660
CVE-2014-0137,0.00104,0.42003
CVE-2014-0138,0.00621,0.76682
CVE-2014-0139,0.00193,0.57272
CVE-2014-0140,0.00093,0.39119
CVE-2014-0141,0.00079,0.32992
CVE-2014-0142,0.00042,0.05722
CVE-2014-0143,0.00042,0.05753
CVE-2014-0144,0.02111,0.88045
CVE-2014-0145,0.00042,0.05753
CVE-2014-0146,0.00083,0.34337
CVE-2014-0147,0.00133,0.48332
CVE-2014-0148,0.00045,0.11966
CVE-2014-0149,0.00135,0.48865
CVE-2014-0150,0.00086,0.35724
CVE-2014-0151,0.00159,0.52409
CVE-2014-0152,0.00658,0.77408
CVE-2014-0153,0.00258,0.63657
CVE-2014-0154,0.00311,0.67066
CVE-2014-0155,0.00092,0.38707
CVE-2014-0156,0.00214,0.59468
CVE-2014-0157,0.00220,0.60154
CVE-2014-0158,0.00415,0.71480
CVE-2014-0159,0.29983,0.96529
CVE-2014-0160,0.97524,0.99989
CVE-2014-0161,0.00065,0.27048
CVE-2014-0162,0.00325,0.67803
CVE-2014-0163,0.00099,0.40781
CVE-2014-0164,0.00042,0.05722
CVE-2014-0165,0.00130,0.47761
CVE-2014-0166,0.01391,0.85022
CVE-2014-0167,0.00265,0.64191
CVE-2014-0168,0.00205,0.58568
CVE-2014-0169,0.00065,0.26756
CVE-2014-0170,0.00362,0.69505
CVE-2014-0171,0.00447,0.72409
CVE-2014-0172,0.04427,0.91605
CVE-2014-0173,0.00463,0.72853
CVE-2014-0174,0.00266,0.64284
CVE-2014-0175,0.00458,0.72738
CVE-2014-0176,0.00142,0.49908
CVE-2014-0177,0.00042,0.05722
CVE-2014-0178,0.00584,0.75871
CVE-2014-0179,0.00064,0.26184
CVE-2014-0180,0.00242,0.62292
CVE-2014-0181,0.00042,0.05722
CVE-2014-0182,0.07937,0.93677
CVE-2014-0183,0.00084,0.35108
CVE-2014-0184,0.00042,0.05722
CVE-2014-0185,0.00045,0.12297
CVE-2014-0186,0.01005,0.82089
CVE-2014-0187,0.00282,0.65309
CVE-2014-0188,0.00624,0.76757
CVE-2014-0189,0.00042,0.05722
CVE-2014-0190,0.01473,0.85438
CVE-2014-0191,0.02360,0.88755
CVE-2014-0192,0.00254,0.63296
CVE-2014-0193,0.05758,0.92639
CVE-2014-0195,0.96662,0.99566
CVE-2014-0196,0.01914,0.87372
CVE-2014-0197,0.00071,0.29353
CVE-2014-0198,0.04375,0.91562
CVE-2014-0199,0.00042,0.05722
CVE-2014-0200,0.00042,0.05722
CVE-2014-0201,0.00042,0.05722
CVE-2014-0202,0.00042,0.05722
CVE-2014-0203,0.00085,0.35392
CVE-2014-0204,0.00327,0.67914
CVE-2014-0205,0.00112,0.44327
CVE-2014-0206,0.00044,0.08000
CVE-2014-0207,0.00820,0.80055
CVE-2014-0208,0.00099,0.40628
CVE-2014-0209,0.00062,0.24593
CVE-2014-0210,0.02550,0.89153
CVE-2014-0211,0.02371,0.88781
CVE-2014-0212,0.00169,0.53899
CVE-2014-0213,0.00159,0.52409
CVE-2014-0214,0.00718,0.78584
CVE-2014-0215,0.00124,0.46807
CVE-2014-0216,0.00289,0.65754
CVE-2014-0217,0.00313,0.67163
CVE-2014-0218,0.00220,0.60154
CVE-2014-0219,0.00042,0.05722
CVE-2014-0220,0.00160,0.52641
CVE-2014-0221,0.96920,0.99662
CVE-2014-0222,0.03992,0.91197
CVE-2014-0223,0.00042,0.05722
CVE-2014-0224,0.97406,0.99920
CVE-2014-0225,0.00163,0.53026
CVE-2014-0226,0.95796,0.99317
CVE-2014-0227,0.94804,0.99116
CVE-2014-0228,0.00059,0.23164
CVE-2014-0229,0.00074,0.30571
CVE-2014-0230,0.04611,0.91763
CVE-2014-0231,0.31292,0.96588
CVE-2014-0232,0.00209,0.58865
CVE-2014-0233,0.00366,0.69672
CVE-2014-0234,0.02812,0.89663
CVE-2014-0236,0.00744,0.78967
CVE-2014-0237,0.04254,0.91458
CVE-2014-0238,0.09768,0.94294
CVE-2014-0239,0.37384,0.96834
CVE-2014-0240,0.00042,0.05722
CVE-2014-0241,0.00044,0.10161
CVE-2014-0242,0.07069,0.93352
CVE-2014-0243,0.00046,0.13818
CVE-2014-0244,0.08895,0.94017
CVE-2014-0245,0.00340,0.68515
CVE-2014-0246,0.00143,0.50083
CVE-2014-0247,0.01297,0.84459
CVE-2014-0248,0.08588,0.93915
CVE-2014-0249,0.00042,0.05722
CVE-2014-0250,0.01352,0.84783
CVE-2014-0251,0.01432,0.85230
CVE-2014-0253,0.02446,0.88955
CVE-2014-0254,0.02041,0.87820
CVE-2014-0255,0.94278,0.99029
CVE-2014-0256,0.94278,0.99029
CVE-2014-0257,0.59802,0.97487
CVE-2014-0258,0.44295,0.97059
CVE-2014-0259,0.44295,0.97059
CVE-2014-0260,0.44295,0.97059
CVE-2014-0261,0.01261,0.84214
CVE-2014-0262,0.00043,0.07315
CVE-2014-0263,0.94848,0.99127
CVE-2014-0266,0.96517,0.99514
CVE-2014-0267,0.51786,0.97290
CVE-2014-0268,0.01884,0.87232
CVE-2014-0269,0.84517,0.98255
CVE-2014-0270,0.84517,0.98255
CVE-2014-0271,0.92381,0.98799
CVE-2014-0272,0.51786,0.97290
CVE-2014-0273,0.51786,0.97290
CVE-2014-0274,0.84517,0.98255
CVE-2014-0275,0.84517,0.98255
CVE-2014-0276,0.51786,0.97290
CVE-2014-0277,0.04944,0.92064
CVE-2014-0278,0.84517,0.98255
CVE-2014-0279,0.51786,0.97290
CVE-2014-0280,0.51786,0.97290
CVE-2014-0281,0.84517,0.98255
CVE-2014-0282,0.96714,0.99586
CVE-2014-0283,0.51786,0.97290
CVE-2014-0284,0.51786,0.97290
CVE-2014-0285,0.84517,0.98255
CVE-2014-0286,0.84517,0.98255
CVE-2014-0287,0.84517,0.98255
CVE-2014-0288,0.84517,0.98255
CVE-2014-0289,0.84517,0.98255
CVE-2014-0290,0.61954,0.97554
CVE-2014-0293,0.02002,0.87684
CVE-2014-0294,0.45675,0.97105
CVE-2014-0295,0.02147,0.88193
CVE-2014-0296,0.00172,0.54447
CVE-2014-0297,0.81601,0.98112
CVE-2014-0298,0.81601,0.98112
CVE-2014-0299,0.81601,0.98112
CVE-2014-0300,0.00043,0.07315
CVE-2014-0301,0.35035,0.96742
CVE-2014-0302,0.89447,0.98538
CVE-2014-0303,0.89447,0.98538
CVE-2014-0304,0.89447,0.98538
CVE-2014-0305,0.89447,0.98538
CVE-2014-0306,0.89447,0.98538
CVE-2014-0307,0.97363,0.99889
CVE-2014-0308,0.81601,0.98112
CVE-2014-0309,0.89447,0.98538
CVE-2014-0310,0.83399,0.98202
CVE-2014-0311,0.89447,0.98538
CVE-2014-0312,0.81601,0.98112
CVE-2014-0313,0.81601,0.98112
CVE-2014-0314,0.89447,0.98538
CVE-2014-0315,0.97037,0.99707
CVE-2014-0316,0.00642,0.77087
CVE-2014-0317,0.01578,0.85988
CVE-2014-0318,0.00045,0.12497
CVE-2014-0319,0.00263,0.64009
CVE-2014-0321,0.81601,0.98112
CVE-2014-0322,0.97459,0.99954
CVE-2014-0323,0.00045,0.12316
CVE-2014-0324,0.89447,0.98538
CVE-2014-0325,0.15841,0.95465
CVE-2014-0326,0.00505,0.74041
CVE-2014-0327,0.00795,0.79778
CVE-2014-0328,0.00377,0.70100
CVE-2014-0329,0.25677,0.96291
CVE-2014-0330,0.00267,0.64378
CVE-2014-0331,0.00352,0.69079
CVE-2014-0332,0.00279,0.65092
CVE-2014-0333,0.00895,0.80940
CVE-2014-0334,0.00176,0.54785
CVE-2014-0335,0.00289,0.65731
CVE-2014-0336,0.00136,0.49005
CVE-2014-0337,0.00356,0.69236
CVE-2014-0338,0.00344,0.68707
CVE-2014-0339,0.00572,0.75580
CVE-2014-0341,0.00249,0.62876
CVE-2014-0342,0.00777,0.79489
CVE-2014-0343,0.00148,0.50867
CVE-2014-0344,0.00792,0.79731
CVE-2014-0347,0.00158,0.52256
CVE-2014-0348,0.00196,0.57553
CVE-2014-0349,0.00828,0.80172
CVE-2014-0350,0.00077,0.31640
CVE-2014-0351,0.00090,0.37879
CVE-2014-0353,0.00238,0.61920
CVE-2014-0354,0.00319,0.67533
CVE-2014-0355,0.00053,0.19082
CVE-2014-0356,0.00479,0.73322
CVE-2014-0357,0.00398,0.70915
CVE-2014-0358,0.02419,0.88890
CVE-2014-0359,0.00162,0.52871
CVE-2014-0361,0.00044,0.08189
CVE-2014-0362,0.00069,0.28487
CVE-2014-0363,0.00220,0.59983
CVE-2014-0364,0.00857,0.80512
CVE-2014-0366,0.00289,0.65773
CVE-2014-0367,0.00238,0.61917
CVE-2014-0368,0.01091,0.82867
CVE-2014-0369,0.00602,0.76249
CVE-2014-0370,0.00743,0.78952
CVE-2014-0371,0.00248,0.62868
CVE-2014-0372,0.22467,0.96093
CVE-2014-0373,0.10610,0.94544
CVE-2014-0374,0.00471,0.73098
CVE-2014-0375,0.00686,0.78013
CVE-2014-0376,0.01145,0.83303
CVE-2014-0377,0.00292,0.65960
CVE-2014-0378,0.00060,0.23365
CVE-2014-0379,0.54080,0.97350
CVE-2014-0380,0.00471,0.73098
CVE-2014-0381,0.00591,0.76051
CVE-2014-0382,0.01894,0.87284
CVE-2014-0383,0.00289,0.65773
CVE-2014-0384,0.03562,0.90721
CVE-2014-0385,0.01091,0.82861
CVE-2014-0386,0.00321,0.67632
CVE-2014-0387,0.01449,0.85327
CVE-2014-0388,0.00289,0.65773
CVE-2014-0389,0.00364,0.69569
CVE-2014-0390,0.00304,0.66647
CVE-2014-0391,0.00424,0.71732
CVE-2014-0392,0.00196,0.57518
CVE-2014-0393,0.00229,0.61119
CVE-2014-0394,0.00424,0.71732
CVE-2014-0395,0.00424,0.71732
CVE-2014-0396,0.00309,0.66941
CVE-2014-0397,0.00186,0.55898
CVE-2014-0398,0.00602,0.76249
CVE-2014-0399,0.00238,0.61917
CVE-2014-0400,0.00182,0.55602
CVE-2014-0401,0.00321,0.67632
CVE-2014-0402,0.00321,0.67632
CVE-2014-0403,0.00686,0.78013
CVE-2014-0404,0.00086,0.35774
CVE-2014-0405,0.00074,0.30723
CVE-2014-0406,0.00086,0.35774
CVE-2014-0407,0.00074,0.30723
CVE-2014-0408,0.01188,0.83653
CVE-2014-0410,0.02245,0.88469
CVE-2014-0411,0.00785,0.79585
CVE-2014-0412,0.00321,0.67632
CVE-2014-0413,0.00152,0.51424
CVE-2014-0414,0.00190,0.56594
CVE-2014-0415,0.02245,0.88469
CVE-2014-0416,0.01151,0.83348
CVE-2014-0417,0.05315,0.92351
CVE-2014-0418,0.01342,0.84711
CVE-2014-0419,0.01056,0.82537
CVE-2014-0420,0.00387,0.70498
CVE-2014-0421,0.00044,0.10704
CVE-2014-0422,0.10610,0.94544
CVE-2014-0423,0.00419,0.71579
CVE-2014-0424,0.02245,0.88469
CVE-2014-0425,0.00289,0.65773
CVE-2014-0426,0.00152,0.51424
CVE-2014-0427,0.00750,0.79061
CVE-2014-0428,0.13781,0.95156
CVE-2014-0429,0.02642,0.89344
CVE-2014-0430,0.00750,0.79061
CVE-2014-0431,0.00750,0.79061
CVE-2014-0432,0.01196,0.83720
CVE-2014-0433,0.01120,0.83104
CVE-2014-0434,0.00471,0.73098
CVE-2014-0435,0.00580,0.75787
CVE-2014-0436,0.00339,0.68489
CVE-2014-0437,0.00321,0.67632
CVE-2014-0438,0.00289,0.65773
CVE-2014-0439,0.00371,0.69866
CVE-2014-0440,0.00743,0.78952
CVE-2014-0441,0.01250,0.84123
CVE-2014-0442,0.00060,0.23365
CVE-2014-0443,0.00632,0.76893
CVE-2014-0444,0.00223,0.60654
CVE-2014-0445,0.00471,0.73098
CVE-2014-0446,0.00780,0.79527
CVE-2014-0447,0.00060,0.23399
CVE-2014-0448,0.00938,0.81408
CVE-2014-0449,0.00432,0.71958
CVE-2014-0450,0.00190,0.56594
CVE-2014-0451,0.00793,0.79742
CVE-2014-0452,0.00793,0.79742
CVE-2014-0453,0.00334,0.68295
CVE-2014-0454,0.02289,0.88587
CVE-2014-0455,0.01530,0.85746
CVE-2014-0456,0.11822,0.94843
CVE-2014-0457,0.91661,0.98712
CVE-2014-0458,0.00793,0.79742
CVE-2014-0459,0.01449,0.85327
CVE-2014-0460,0.00302,0.66502
CVE-2014-0461,0.00947,0.81505
CVE-2014-0462,0.00477,0.73260
CVE-2014-0463,0.00119,0.45834
CVE-2014-0464,0.00119,0.45834
CVE-2014-0465,0.00073,0.30397
CVE-2014-0466,0.00425,0.71752
CVE-2014-0467,0.03860,0.91074
CVE-2014-0469,0.04563,0.91717
CVE-2014-0470,0.00042,0.05722
CVE-2014-0471,0.00439,0.72220
CVE-2014-0472,0.02401,0.88850
CVE-2014-0473,0.00521,0.74445
CVE-2014-0474,0.01655,0.86311
CVE-2014-0475,0.00834,0.80237
CVE-2014-0476,0.00090,0.37995
CVE-2014-0477,0.04397,0.91583
CVE-2014-0478,0.00110,0.43913
CVE-2014-0479,0.02713,0.89485
CVE-2014-0480,0.00464,0.72883
CVE-2014-0481,0.03140,0.90151
CVE-2014-0482,0.00443,0.72307
CVE-2014-0483,0.00202,0.58234
CVE-2014-0484,0.00042,0.05722
CVE-2014-0485,0.03812,0.91028
CVE-2014-0486,0.00360,0.69441
CVE-2014-0487,0.00293,0.66012
CVE-2014-0488,0.00529,0.74635
CVE-2014-0489,0.02655,0.89370
CVE-2014-0490,0.02655,0.89370
CVE-2014-0491,0.01293,0.84431
CVE-2014-0492,0.13615,0.95133
CVE-2014-0493,0.01870,0.87162
CVE-2014-0494,0.03304,0.90403
CVE-2014-0495,0.01870,0.87162
CVE-2014-0496,0.03340,0.90445
CVE-2014-0497,0.97352,0.99883
CVE-2014-0498,0.16257,0.95516
CVE-2014-0499,0.00300,0.66416
CVE-2014-0500,0.07269,0.93424
CVE-2014-0501,0.07269,0.93424
CVE-2014-0502,0.41004,0.96965
CVE-2014-0503,0.00585,0.75903
CVE-2014-0504,0.00294,0.66121
CVE-2014-0505,0.01194,0.83699
CVE-2014-0506,0.26603,0.96336
CVE-2014-0507,0.02468,0.88997
CVE-2014-0508,0.00687,0.78041
CVE-2014-0509,0.00260,0.63848
CVE-2014-0510,0.39985,0.96929
CVE-2014-0511,0.86624,0.98366
CVE-2014-0512,0.00806,0.79910
CVE-2014-0513,0.04715,0.91868
CVE-2014-0514,0.73047,0.97841
CVE-2014-0515,0.97092,0.99734
CVE-2014-0516,0.01297,0.84459
CVE-2014-0517,0.00969,0.81738
CVE-2014-0518,0.00969,0.81738
CVE-2014-0519,0.00969,0.81738
CVE-2014-0520,0.00969,0.81738
CVE-2014-0521,0.22213,0.96075
CVE-2014-0522,0.00638,0.77002
CVE-2014-0523,0.00730,0.78775
CVE-2014-0524,0.00638,0.77002
CVE-2014-0525,0.00711,0.78451
CVE-2014-0526,0.00638,0.77002
CVE-2014-0527,0.09769,0.94294
CVE-2014-0528,0.20918,0.95989
CVE-2014-0529,0.17962,0.95720
CVE-2014-0531,0.00312,0.67090
CVE-2014-0532,0.00312,0.67090
CVE-2014-0533,0.00312,0.67090
CVE-2014-0534,0.07100,0.93362
CVE-2014-0535,0.07100,0.93362
CVE-2014-0536,0.07354,0.93454
CVE-2014-0537,0.02726,0.89516
CVE-2014-0538,0.03041,0.90012
CVE-2014-0539,0.02726,0.89516
CVE-2014-0540,0.01478,0.85455
CVE-2014-0541,0.40692,0.96951
CVE-2014-0542,0.01354,0.84799
CVE-2014-0543,0.01354,0.84799
CVE-2014-0544,0.01354,0.84799
CVE-2014-0545,0.01354,0.84799
CVE-2014-0546,0.01263,0.84228
CVE-2014-0547,0.02441,0.88945
CVE-2014-0548,0.03115,0.90116
CVE-2014-0549,0.02441,0.88945
CVE-2014-0550,0.02441,0.88945
CVE-2014-0551,0.02441,0.88945
CVE-2014-0552,0.02441,0.88945
CVE-2014-0553,0.03041,0.90012
CVE-2014-0554,0.44965,0.97083
CVE-2014-0555,0.02441,0.88945
CVE-2014-0556,0.97377,0.99895
CVE-2014-0557,0.41708,0.96984
CVE-2014-0558,0.06102,0.92838
CVE-2014-0559,0.06812,0.93235
CVE-2014-0560,0.02077,0.87941
CVE-2014-0561,0.19772,0.95898
CVE-2014-0562,0.01663,0.86335
CVE-2014-0563,0.00582,0.75845
CVE-2014-0564,0.01241,0.84068
CVE-2014-0565,0.04280,0.91481
CVE-2014-0566,0.02186,0.88309
CVE-2014-0567,0.19772,0.95898
CVE-2014-0568,0.01305,0.84506
CVE-2014-0569,0.97451,0.99948
CVE-2014-0570,0.00116,0.45330
CVE-2014-0571,0.02119,0.88068
CVE-2014-0572,0.00077,0.31780
CVE-2014-0573,0.11461,0.94748
CVE-2014-0574,0.01496,0.85557
CVE-2014-0576,0.00864,0.80570
CVE-2014-0577,0.01031,0.82294
CVE-2014-0578,0.00751,0.79075
CVE-2014-0580,0.00640,0.77059
CVE-2014-0581,0.00864,0.80570
CVE-2014-0582,0.01274,0.84281
CVE-2014-0583,0.00564,0.75445
CVE-2014-0584,0.01031,0.82294
CVE-2014-0585,0.01031,0.82294
CVE-2014-0586,0.01031,0.82294
CVE-2014-0587,0.00487,0.73551
CVE-2014-0588,0.04529,0.91691
CVE-2014-0589,0.01274,0.84281
CVE-2014-0590,0.02496,0.89049
CVE-2014-0591,0.63692,0.97587
CVE-2014-0592,0.00970,0.81750
CVE-2014-0593,0.00824,0.80114
CVE-2014-0594,0.00071,0.29353
CVE-2014-0595,0.00070,0.29124
CVE-2014-0598,0.00979,0.81843
CVE-2014-0599,0.01429,0.85213
CVE-2014-0600,0.74048,0.97872
CVE-2014-0602,0.01405,0.85101
CVE-2014-0603,0.77214,0.97960
CVE-2014-0604,0.38410,0.96876
CVE-2014-0605,0.38410,0.96876
CVE-2014-0607,0.07139,0.93377
CVE-2014-0609,0.00359,0.69385
CVE-2014-0610,0.09233,0.94130
CVE-2014-0611,0.06559,0.93092
CVE-2014-0612,0.00874,0.80686
CVE-2014-0613,0.00728,0.78739
CVE-2014-0614,0.00874,0.80686
CVE-2014-0615,0.00042,0.05722
CVE-2014-0616,0.00874,0.80686
CVE-2014-0617,0.00874,0.80686
CVE-2014-0618,0.01581,0.85997
CVE-2014-0619,0.00042,0.05722
CVE-2014-0620,0.00156,0.52033
CVE-2014-0621,0.00319,0.67553
CVE-2014-0622,0.00272,0.64641
CVE-2014-0623,0.00146,0.50565
CVE-2014-0624,0.00117,0.45566
CVE-2014-0625,0.00334,0.68301
CVE-2014-0626,0.00331,0.68178
CVE-2014-0627,0.00213,0.59334
CVE-2014-0628,0.00412,0.71337
CVE-2014-0629,0.00190,0.56664
CVE-2014-0630,0.00129,0.47555
CVE-2014-0632,0.00470,0.73042
CVE-2014-0633,0.00224,0.60780
CVE-2014-0634,0.00222,0.60616
CVE-2014-0635,0.00278,0.65020
CVE-2014-0636,0.00061,0.23853
CVE-2014-0637,0.00146,0.50565
CVE-2014-0638,0.00146,0.50565
CVE-2014-0639,0.00220,0.60154
CVE-2014-0640,0.00148,0.50798
CVE-2014-0641,0.00160,0.52542
CVE-2014-0642,0.00119,0.45870
CVE-2014-0643,0.00396,0.70839
CVE-2014-0644,0.36396,0.96789
CVE-2014-0645,0.00105,0.42625
CVE-2014-0646,0.00042,0.05722
CVE-2014-0647,0.00060,0.23266
CVE-2014-0648,0.01073,0.82726
CVE-2014-0649,0.00405,0.71114
CVE-2014-0650,0.00982,0.81863
CVE-2014-0651,0.00280,0.65145
CVE-2014-0652,0.00182,0.55526
CVE-2014-0653,0.00514,0.74262
CVE-2014-0654,0.00548,0.75102
CVE-2014-0655,0.00548,0.75102
CVE-2014-0656,0.00311,0.67026
CVE-2014-0657,0.00247,0.62769
CVE-2014-0658,0.01167,0.83485
CVE-2014-0659,0.16860,0.95585
CVE-2014-0660,0.01167,0.83485
CVE-2014-0661,0.01408,0.85109
CVE-2014-0662,0.01167,0.83485
CVE-2014-0663,0.00207,0.58724
CVE-2014-0664,0.00573,0.75626
CVE-2014-0665,0.00248,0.62833
CVE-2014-0666,0.02583,0.89215
CVE-2014-0667,0.00246,0.62649
CVE-2014-0668,0.00207,0.58724
CVE-2014-0669,0.00477,0.73247
CVE-2014-0670,0.00207,0.58724
CVE-2014-0671,0.00309,0.66944
CVE-2014-0672,0.00248,0.62833
CVE-2014-0673,0.00182,0.55526
CVE-2014-0674,0.01728,0.86590
CVE-2014-0675,0.00371,0.69886
CVE-2014-0676,0.00042,0.05722
CVE-2014-0677,0.01167,0.83485
CVE-2014-0678,0.00280,0.65145
CVE-2014-0679,0.00154,0.51734
CVE-2014-0680,0.00259,0.63800
CVE-2014-0681,0.00225,0.60892
CVE-2014-0682,0.00366,0.69672
CVE-2014-0683,0.00552,0.75194
CVE-2014-0684,0.00042,0.05722
CVE-2014-0685,0.00207,0.58675
CVE-2014-0686,0.00042,0.05722
CVE-2014-0691,0.00143,0.50178
CVE-2014-0694,0.00285,0.65516
CVE-2014-0701,0.00187,0.56209
CVE-2014-0703,0.00428,0.71834
CVE-2014-0704,0.00187,0.56209
CVE-2014-0705,0.00187,0.56209
CVE-2014-0706,0.00187,0.56209
CVE-2014-0707,0.00187,0.56209
CVE-2014-0708,0.00288,0.65694
CVE-2014-0709,0.00428,0.71834
CVE-2014-0710,0.00187,0.56209
CVE-2014-0718,0.00187,0.56209
CVE-2014-0719,0.00174,0.54636
CVE-2014-0720,0.00187,0.56209
CVE-2014-0721,0.00399,0.70946
CVE-2014-0722,0.00187,0.56209
CVE-2014-0723,0.00220,0.60154
CVE-2014-0724,0.00089,0.37220
CVE-2014-0725,0.00288,0.65694
CVE-2014-0726,0.00223,0.60667
CVE-2014-0727,0.00223,0.60667
CVE-2014-0728,0.00223,0.60667
CVE-2014-0729,0.00214,0.59458
CVE-2014-0730,0.00060,0.23520
CVE-2014-0731,0.00204,0.58455
CVE-2014-0732,0.00262,0.63992
CVE-2014-0733,0.00262,0.63992
CVE-2014-0734,0.00214,0.59458
CVE-2014-0735,0.00220,0.59971
CVE-2014-0736,0.00157,0.52101
CVE-2014-0737,0.00136,0.49022
CVE-2014-0738,0.00136,0.49022
CVE-2014-0739,0.00136,0.49022
CVE-2014-0740,0.00157,0.52101
CVE-2014-0741,0.00042,0.05722
CVE-2014-0742,0.00042,0.05722
CVE-2014-0743,0.00256,0.63519
CVE-2014-0745,0.00092,0.38925
CVE-2014-0746,0.00101,0.41215
CVE-2014-0747,0.00042,0.05722
CVE-2014-0748,0.00042,0.05722
CVE-2014-0749,0.30363,0.96545
CVE-2014-0750,0.38434,0.96878
CVE-2014-0751,0.41383,0.96974
CVE-2014-0752,0.00190,0.56646
CVE-2014-0753,0.00667,0.77655
CVE-2014-0754,0.00642,0.77096
CVE-2014-0755,0.00061,0.24043
CVE-2014-0757,0.00312,0.67119
CVE-2014-0758,0.00328,0.67974
CVE-2014-0759,0.00088,0.37167
CVE-2014-0760,0.00828,0.80172
CVE-2014-0761,0.00483,0.73446
CVE-2014-0762,0.00077,0.31654
CVE-2014-0763,0.00941,0.81437
CVE-2014-0764,0.20930,0.95992
CVE-2014-0765,0.20930,0.95992
CVE-2014-0766,0.20930,0.95992
CVE-2014-0767,0.20930,0.95992
CVE-2014-0768,0.20930,0.95992
CVE-2014-0769,0.00505,0.74041
CVE-2014-0770,0.28265,0.96442
CVE-2014-0771,0.01390,0.85017
CVE-2014-0772,0.01390,0.85017
CVE-2014-0773,0.07403,0.93467
CVE-2014-0774,0.15529,0.95424
CVE-2014-0777,0.00512,0.74202
CVE-2014-0778,0.00698,0.78219
CVE-2014-0779,0.14511,0.95267
CVE-2014-0780,0.96346,0.99459
CVE-2014-0781,0.17247,0.95640
CVE-2014-0782,0.52172,0.97305
CVE-2014-0783,0.27339,0.96375
CVE-2014-0784,0.27266,0.96371
CVE-2014-0786,0.00734,0.78841
CVE-2014-0787,0.36968,0.96817
CVE-2014-0789,0.00239,0.62064
CVE-2014-0791,0.01248,0.84108
CVE-2014-0792,0.03193,0.90230
CVE-2014-0793,0.00468,0.73000
CVE-2014-0794,0.00701,0.78252
CVE-2014-0802,0.00168,0.53592
CVE-2014-0803,0.00238,0.61973
CVE-2014-0804,0.00238,0.61973
CVE-2014-0805,0.00334,0.68289
CVE-2014-0806,0.00274,0.64806
CVE-2014-0807,0.00419,0.71570
CVE-2014-0808,0.00313,0.67163
CVE-2014-0809,0.00365,0.69614
CVE-2014-0810,0.07023,0.93330
CVE-2014-0811,0.00192,0.56888
CVE-2014-0812,0.00360,0.69411
CVE-2014-0813,0.00313,0.67192
CVE-2014-0814,0.00259,0.63800
CVE-2014-0815,0.00205,0.58476
CVE-2014-0816,0.00042,0.05722
CVE-2014-0817,0.00136,0.48998
CVE-2014-0818,0.00267,0.64331
CVE-2014-0819,0.00212,0.59194
CVE-2014-0820,0.00177,0.54884
CVE-2014-0821,0.00202,0.58201
CVE-2014-0822,0.00741,0.78929
CVE-2014-0823,0.00376,0.70037
CVE-2014-0824,0.00086,0.35693
CVE-2014-0825,0.00086,0.35693
CVE-2014-0827,0.00178,0.55082
CVE-2014-0828,0.00191,0.56743
CVE-2014-0829,0.00385,0.70440
CVE-2014-0830,0.00105,0.42677
CVE-2014-0831,0.00133,0.48437
CVE-2014-0832,0.00063,0.25667
CVE-2014-0833,0.00103,0.41727
CVE-2014-0834,0.00520,0.74399
CVE-2014-0835,0.00263,0.64053
CVE-2014-0836,0.00255,0.63484
CVE-2014-0837,0.00092,0.38814
CVE-2014-0838,0.00635,0.76941
CVE-2014-0839,0.00086,0.35758
CVE-2014-0840,0.00078,0.32103
CVE-2014-0841,0.00044,0.10161
CVE-2014-0842,0.00288,0.65699
CVE-2014-0843,0.00078,0.32103
CVE-2014-0844,0.00079,0.33036
CVE-2014-0845,0.00095,0.39636
CVE-2014-0846,0.00086,0.35693
CVE-2014-0848,0.00082,0.34017
CVE-2014-0849,0.00220,0.60012
CVE-2014-0850,0.00063,0.25667
CVE-2014-0852,0.00214,0.59473
CVE-2014-0853,0.00083,0.34253
CVE-2014-0854,0.00273,0.64710
CVE-2014-0855,0.00125,0.46984
CVE-2014-0857,0.00159,0.52425
CVE-2014-0858,0.00070,0.29111
CVE-2014-0859,0.01962,0.87530
CVE-2014-0860,0.00133,0.48313
CVE-2014-0861,0.00063,0.25667
CVE-2014-0862,0.01348,0.84754
CVE-2014-0863,0.00136,0.49025
CVE-2014-0864,0.00406,0.71144
CVE-2014-0865,0.00192,0.57001
CVE-2014-0866,0.00336,0.68398
CVE-2014-0867,0.00537,0.74839
CVE-2014-0868,0.00224,0.60759
CVE-2014-0869,0.00336,0.68398
CVE-2014-0870,0.00278,0.65045
CVE-2014-0871,0.00533,0.74739
CVE-2014-0872,0.00042,0.05722
CVE-2014-0873,0.00094,0.39300
CVE-2014-0874,0.00128,0.47491
CVE-2014-0875,0.00084,0.34977
CVE-2014-0876,0.00042,0.05722
CVE-2014-0877,0.00275,0.64812
CVE-2014-0878,0.00449,0.72474
CVE-2014-0879,0.08829,0.93989
CVE-2014-0880,0.00497,0.73807
CVE-2014-0881,0.00430,0.71890
CVE-2014-0882,0.00120,0.46203
CVE-2014-0883,0.00078,0.32217
CVE-2014-0884,0.00063,0.25667
CVE-2014-0885,0.00094,0.39300
CVE-2014-0886,0.01079,0.82769
CVE-2014-0887,0.00538,0.74863
CVE-2014-0888,0.00077,0.31668
CVE-2014-0889,0.00191,0.56743
CVE-2014-0890,0.00042,0.05722
CVE-2014-0891,0.00376,0.70037
CVE-2014-0892,0.01685,0.86415
CVE-2014-0893,0.00178,0.55082
CVE-2014-0894,0.00121,0.46326
CVE-2014-0895,0.83363,0.98201
CVE-2014-0896,0.00305,0.66695
CVE-2014-0897,0.00100,0.40846
CVE-2014-0899,0.00182,0.55600
CVE-2014-0900,0.00087,0.36468
CVE-2014-0901,0.00104,0.42030
CVE-2014-0904,0.00864,0.80574
CVE-2014-0905,0.00276,0.64909
CVE-2014-0906,0.00151,0.51296
CVE-2014-0907,0.00062,0.24569
CVE-2014-0908,0.00164,0.53073
CVE-2014-0909,0.00311,0.67043
CVE-2014-0910,0.00400,0.70960
CVE-2014-0911,0.00490,0.73632
CVE-2014-0912,0.00105,0.42536
CVE-2014-0913,0.00178,0.55082
CVE-2014-0914,0.00115,0.45121
CVE-2014-0915,0.00114,0.44799
CVE-2014-0917,0.00191,0.56743
CVE-2014-0918,0.00283,0.65370
CVE-2014-0919,0.00199,0.57804
CVE-2014-0920,0.00119,0.45903
CVE-2014-0921,0.00760,0.79225
CVE-2014-0922,0.00760,0.79225
CVE-2014-0923,0.00760,0.79225
CVE-2014-0924,0.00331,0.68183
CVE-2014-0925,0.00068,0.28080
CVE-2014-0927,0.00194,0.57292
CVE-2014-0929,0.00085,0.35218
CVE-2014-0930,0.00042,0.05722
CVE-2014-0931,0.00248,0.62838
CVE-2014-0932,0.00104,0.42030
CVE-2014-0933,0.00133,0.48437
CVE-2014-0935,0.00094,0.39324
CVE-2014-0936,0.00258,0.63617
CVE-2014-0940,0.00502,0.73953
CVE-2014-0941,0.00063,0.25667
CVE-2014-0942,0.00063,0.25667
CVE-2014-0943,0.00977,0.81809
CVE-2014-0944,0.00122,0.46466
CVE-2014-0945,0.00073,0.30162
CVE-2014-0946,0.00646,0.77157
CVE-2014-0947,0.00371,0.69896
CVE-2014-0948,0.00378,0.70158
CVE-2014-0949,0.00617,0.76601
CVE-2014-0950,0.00116,0.45343
CVE-2014-0951,0.00178,0.55082
CVE-2014-0952,0.00178,0.55082
CVE-2014-0953,0.00191,0.56743
CVE-2014-0954,0.00519,0.74375
CVE-2014-0955,0.00178,0.55082
CVE-2014-0956,0.00178,0.55082
CVE-2014-0957,0.00190,0.56673
CVE-2014-0958,0.00226,0.60956
CVE-2014-0959,0.00295,0.66138
CVE-2014-0960,0.00214,0.59463
CVE-2014-0961,0.00079,0.32914
CVE-2014-0963,0.05880,0.92712
CVE-2014-0964,0.01819,0.86937
CVE-2014-0965,0.00450,0.72504
CVE-2014-0966,0.00175,0.54701
CVE-2014-0967,0.00063,0.25667
CVE-2014-0968,0.00063,0.25667
CVE-2014-0969,0.00260,0.63834
CVE-2014-0970,0.00079,0.33036
CVE-2014-0972,0.00042,0.05722
CVE-2014-0973,0.00082,0.34019
CVE-2014-0974,0.00082,0.33963
CVE-2014-0977,0.00448,0.72467
CVE-2014-0978,0.03309,0.90407
CVE-2014-0979,0.00042,0.05722
CVE-2014-0980,0.96227,0.99415
CVE-2014-0981,0.00320,0.67569
CVE-2014-0983,0.00683,0.77969
CVE-2014-0984,0.06903,0.93277
CVE-2014-0985,0.15364,0.95406
CVE-2014-0986,0.15364,0.95406
CVE-2014-0987,0.15364,0.95406
CVE-2014-0988,0.15364,0.95406
CVE-2014-0989,0.15364,0.95406
CVE-2014-0990,0.15364,0.95406
CVE-2014-0991,0.15364,0.95406
CVE-2014-0992,0.15364,0.95406
CVE-2014-0993,0.11717,0.94816
CVE-2014-0994,0.01494,0.85543
CVE-2014-0995,0.04024,0.91228
CVE-2014-0997,0.05890,0.92714
CVE-2014-0998,0.00042,0.05722
CVE-2014-0999,0.00781,0.79540
CVE-2014-100001,0.00159,0.52409
CVE-2014-100002,0.54088,0.97350
CVE-2014-100003,0.00129,0.47616
CVE-2014-100004,0.00294,0.66090
CVE-2014-100005,0.42130,0.96995
CVE-2014-100006,0.00192,0.57132
CVE-2014-100007,0.00192,0.57132
CVE-2014-100008,0.00262,0.63953
CVE-2014-100009,0.00243,0.62381
CVE-2014-10001,0.00693,0.78134
CVE-2014-100010,0.00254,0.63423
CVE-2014-100011,0.00138,0.49291
CVE-2014-100012,0.00162,0.52884
CVE-2014-100013,0.00185,0.55840
CVE-2014-100014,0.29385,0.96499
CVE-2014-100015,0.47627,0.97170
CVE-2014-100016,0.00467,0.72962
CVE-2014-100017,0.00225,0.60809
CVE-2014-100018,0.00214,0.59432
CVE-2014-100019,0.00241,0.62158
CVE-2014-10002,0.00181,0.55435
CVE-2014-100020,0.00161,0.52747
CVE-2014-100021,0.00214,0.59432
CVE-2014-100022,0.00160,0.52608
CVE-2014-100023,0.00272,0.64688
CVE-2014-100024,0.00220,0.60154
CVE-2014-100025,0.00445,0.72365
CVE-2014-100026,0.00254,0.63423
CVE-2014-100027,0.00214,0.59432
CVE-2014-100028,0.00214,0.59432
CVE-2014-100029,0.01262,0.84216
CVE-2014-10003,0.00193,0.57215
CVE-2014-100030,0.00193,0.57215
CVE-2014-100031,0.00163,0.53001
CVE-2014-100032,0.00155,0.51807
CVE-2014-100033,0.00328,0.67978
CVE-2014-100034,0.00192,0.57132
CVE-2014-100035,0.00135,0.48817
CVE-2014-100036,0.00214,0.59432
CVE-2014-100037,0.00155,0.51807
CVE-2014-100038,0.00193,0.57215
CVE-2014-100039,0.00053,0.18608
CVE-2014-10004,0.00159,0.52453
CVE-2014-10005,0.00661,0.77537
CVE-2014-10006,0.03233,0.90302
CVE-2014-10007,0.00193,0.57215
CVE-2014-10008,0.01650,0.86296
CVE-2014-10009,0.00290,0.65829
CVE-2014-10010,0.01005,0.82090
CVE-2014-10011,0.40725,0.96953
CVE-2014-10012,0.00155,0.51807
CVE-2014-10013,0.00120,0.46074
CVE-2014-10014,0.00422,0.71667
CVE-2014-10015,0.00184,0.55767
CVE-2014-10016,0.00214,0.59432
CVE-2014-10017,0.00163,0.53001
CVE-2014-10018,0.00225,0.60809
CVE-2014-10019,0.00242,0.62293
CVE-2014-10020,0.00120,0.46074
CVE-2014-10021,0.94135,0.99008
CVE-2014-10022,0.00769,0.79353
CVE-2014-10023,0.00423,0.71706
CVE-2014-10024,0.07071,0.93353
CVE-2014-10025,0.00237,0.61866
CVE-2014-10026,0.00560,0.75332
CVE-2014-10027,0.00237,0.61866
CVE-2014-10028,0.00225,0.60885
CVE-2014-10029,0.01552,0.85846
CVE-2014-10030,0.00192,0.57155
CVE-2014-10031,0.29385,0.96499
CVE-2014-10032,0.00108,0.43461
CVE-2014-10033,0.00395,0.70784
CVE-2014-10034,0.01008,0.82112
CVE-2014-10035,0.00564,0.75447
CVE-2014-10036,0.00214,0.59432
CVE-2014-10037,0.14101,0.95206
CVE-2014-10038,0.00120,0.46074
CVE-2014-10039,0.00187,0.56164
CVE-2014-10043,0.00105,0.42553
CVE-2014-10044,0.00095,0.39594
CVE-2014-10045,0.00187,0.56164
CVE-2014-10046,0.00187,0.56164
CVE-2014-10047,0.00091,0.38381
CVE-2014-10048,0.00187,0.56164
CVE-2014-10050,0.00221,0.60346
CVE-2014-10051,0.00187,0.56164
CVE-2014-10052,0.00187,0.56164
CVE-2014-10053,0.00187,0.56164
CVE-2014-10054,0.00174,0.54630
CVE-2014-10055,0.00105,0.42553
CVE-2014-10056,0.00187,0.56164
CVE-2014-10057,0.00174,0.54630
CVE-2014-10058,0.00095,0.39594
CVE-2014-10059,0.00221,0.60346
CVE-2014-10062,0.00105,0.42553
CVE-2014-10063,0.00095,0.39594
CVE-2014-10064,0.00102,0.41488
CVE-2014-10065,0.00089,0.37256
CVE-2014-10066,0.00244,0.62525
CVE-2014-10067,0.00148,0.50787
CVE-2014-10068,0.00170,0.54094
CVE-2014-10069,0.00234,0.61582
CVE-2014-10070,0.00042,0.05722
CVE-2014-10071,0.00316,0.67352
CVE-2014-10072,0.00362,0.69506
CVE-2014-10073,0.00443,0.72310
CVE-2014-10074,0.00583,0.75857
CVE-2014-10075,0.00701,0.78255
CVE-2014-10076,0.00939,0.81414
CVE-2014-10077,0.00496,0.73787
CVE-2014-10078,0.00801,0.79840
CVE-2014-10079,0.05520,0.92508
CVE-2014-10374,0.00074,0.30666
CVE-2014-10375,0.00084,0.34791
CVE-2014-10376,0.00138,0.49278
CVE-2014-10377,0.00084,0.35108
CVE-2014-10378,0.00078,0.32606
CVE-2014-10379,0.00138,0.49278
CVE-2014-10380,0.00078,0.32606
CVE-2014-10381,0.00073,0.30112
CVE-2014-10382,0.00053,0.19032
CVE-2014-10383,0.00453,0.72621
CVE-2014-10384,0.00212,0.59254
CVE-2014-10385,0.00078,0.32606
CVE-2014-10386,0.00078,0.32606
CVE-2014-10387,0.00138,0.49278
CVE-2014-10388,0.00084,0.34791
CVE-2014-10389,0.00309,0.66976
CVE-2014-10390,0.00172,0.54296
CVE-2014-10391,0.00078,0.32606
CVE-2014-10392,0.00084,0.35108
CVE-2014-10393,0.00078,0.32606
CVE-2014-10394,0.00078,0.32606
CVE-2014-10395,0.00078,0.32606
CVE-2014-10396,0.00772,0.79410
CVE-2014-10397,0.00772,0.79410
CVE-2014-10398,0.00131,0.48045
CVE-2014-10399,0.00173,0.54517
CVE-2014-10400,0.00173,0.54517
CVE-2014-10401,0.00045,0.12069
CVE-2014-10402,0.00051,0.17393
CVE-2014-1201,0.69542,0.97732
CVE-2014-1202,0.83833,0.98220
CVE-2014-1203,0.02045,0.87833
CVE-2014-1204,0.00615,0.76549
CVE-2014-1206,0.00602,0.76236
CVE-2014-1207,0.01933,0.87439
CVE-2014-1208,0.00219,0.59929
CVE-2014-1209,0.00991,0.81966
CVE-2014-1210,0.00059,0.22869
CVE-2014-1211,0.00186,0.55890
CVE-2014-1213,0.00060,0.23520
CVE-2014-1214,0.02274,0.88554
CVE-2014-1215,0.00042,0.05753
CVE-2014-1216,0.06994,0.93319
CVE-2014-1217,0.00741,0.78921
CVE-2014-1219,0.04039,0.91241
CVE-2014-1222,0.04269,0.91472
CVE-2014-1223,0.00208,0.58738
CVE-2014-1224,0.00290,0.65829
CVE-2014-1226,0.00042,0.05722
CVE-2014-1232,0.00220,0.60154
CVE-2014-1233,0.00042,0.05722
CVE-2014-1234,0.00042,0.05722
CVE-2014-1235,0.01674,0.86378
CVE-2014-1236,0.03358,0.90475
CVE-2014-1237,0.00317,0.67408
CVE-2014-1238,0.00078,0.32606
CVE-2014-1242,0.00093,0.39116
CVE-2014-1243,0.03049,0.90020
CVE-2014-1244,0.07014,0.93326
CVE-2014-1245,0.03395,0.90528
CVE-2014-1246,0.07096,0.93360
CVE-2014-1247,0.04277,0.91477
CVE-2014-1248,0.01128,0.83175
CVE-2014-1249,0.01128,0.83175
CVE-2014-1250,0.00682,0.77960
CVE-2014-125001,0.00162,0.52848
CVE-2014-125002,0.00055,0.20582
CVE-2014-125003,0.00055,0.20582
CVE-2014-125004,0.00055,0.20582
CVE-2014-125005,0.00055,0.20582
CVE-2014-125006,0.00055,0.20582
CVE-2014-125007,0.00055,0.20582
CVE-2014-125008,0.00055,0.20582
CVE-2014-125009,0.00055,0.20582
CVE-2014-125010,0.00055,0.20582
CVE-2014-125011,0.00058,0.22016
CVE-2014-125012,0.00055,0.20582
CVE-2014-125013,0.00055,0.20582
CVE-2014-125014,0.00055,0.20582
CVE-2014-125015,0.00058,0.22016
CVE-2014-125016,0.00055,0.20582
CVE-2014-125017,0.00058,0.22016
CVE-2014-125018,0.00055,0.20582
CVE-2014-125019,0.00055,0.20582
CVE-2014-125020,0.00058,0.22016
CVE-2014-125021,0.00055,0.20582
CVE-2014-125022,0.00055,0.20582
CVE-2014-125023,0.00055,0.20582
CVE-2014-125024,0.00058,0.22016
CVE-2014-125025,0.00055,0.20582
CVE-2014-125026,0.00210,0.58960
CVE-2014-125027,0.00080,0.33283
CVE-2014-125028,0.00096,0.39846
CVE-2014-125029,0.00612,0.76479
CVE-2014-125030,0.00112,0.44462
CVE-2014-125031,0.00056,0.21090
CVE-2014-125032,0.00132,0.48219
CVE-2014-125033,0.00112,0.44352
CVE-2014-125034,0.00058,0.22667
CVE-2014-125035,0.00067,0.27812
CVE-2014-125036,0.00046,0.13808
CVE-2014-125037,0.00132,0.48219
CVE-2014-125038,0.00132,0.48219
CVE-2014-125039,0.00058,0.22667
CVE-2014-125040,0.00132,0.48219
CVE-2014-125041,0.00132,0.48219
CVE-2014-125044,0.00127,0.47343
CVE-2014-125045,0.00280,0.65188
CVE-2014-125046,0.00132,0.48219
CVE-2014-125047,0.00132,0.48219
CVE-2014-125048,0.00058,0.22667
CVE-2014-125049,0.00132,0.48219
CVE-2014-125050,0.00121,0.46269
CVE-2014-125051,0.00121,0.46269
CVE-2014-125052,0.00132,0.48219
CVE-2014-125053,0.00612,0.76479
CVE-2014-125054,0.00083,0.34483
CVE-2014-125055,0.00174,0.54654
CVE-2014-125056,0.00137,0.49041
CVE-2014-125057,0.00530,0.74667
CVE-2014-125058,0.00280,0.65188
CVE-2014-125059,0.00127,0.47343
CVE-2014-125060,0.00132,0.48219
CVE-2014-125061,0.00132,0.48219
CVE-2014-125062,0.00132,0.48219
CVE-2014-125063,0.00132,0.48219
CVE-2014-125065,0.00132,0.48219
CVE-2014-125066,0.00078,0.32246
CVE-2014-125067,0.00132,0.48219
CVE-2014-125068,0.00067,0.27805
CVE-2014-125069,0.00067,0.27805
CVE-2014-125070,0.00058,0.22708
CVE-2014-125071,0.00132,0.48219
CVE-2014-125072,0.00050,0.16759
CVE-2014-125073,0.00132,0.48219
CVE-2014-125074,0.00132,0.48219
CVE-2014-125075,0.00132,0.48219
CVE-2014-125076,0.00132,0.48219
CVE-2014-125077,0.00132,0.48219
CVE-2014-125078,0.00059,0.23151
CVE-2014-125079,0.00121,0.46269
CVE-2014-125080,0.00132,0.48219
CVE-2014-125081,0.00280,0.65188
CVE-2014-125082,0.00280,0.65188
CVE-2014-125083,0.00132,0.48219
CVE-2014-125084,0.00068,0.27984
CVE-2014-125085,0.00068,0.27984
CVE-2014-125086,0.00068,0.27984
CVE-2014-125087,0.00074,0.30676
CVE-2014-125088,0.00056,0.21168
CVE-2014-125089,0.00060,0.23296
CVE-2014-125090,0.00083,0.34364
CVE-2014-125091,0.00245,0.62560
CVE-2014-125092,0.00127,0.47350
CVE-2014-125093,0.00119,0.45899
CVE-2014-125094,0.00082,0.34088
CVE-2014-125095,0.00052,0.17989
CVE-2014-125096,0.00052,0.17989
CVE-2014-125097,0.00052,0.17989
CVE-2014-125098,0.00052,0.17638
CVE-2014-125099,0.00058,0.22658
CVE-2014-1251,0.17270,0.95646
CVE-2014-125100,0.00052,0.17989
CVE-2014-125101,0.00063,0.25553
CVE-2014-125102,0.00064,0.26487
CVE-2014-125103,0.00077,0.31687
CVE-2014-125104,0.00063,0.24985
CVE-2014-125105,0.00052,0.17638
CVE-2014-125106,0.00063,0.25553
CVE-2014-125107,0.00090,0.37979
CVE-2014-125108,0.00052,0.17989
CVE-2014-125109,0.00052,0.17989
CVE-2014-1252,0.04724,0.91875
CVE-2014-1253,0.00042,0.05722
CVE-2014-1254,0.00989,0.81952
CVE-2014-1255,0.00251,0.63136
CVE-2014-1256,0.00275,0.64816
CVE-2014-1257,0.00044,0.10161
CVE-2014-1258,0.01191,0.83675
CVE-2014-1259,0.00100,0.40986
CVE-2014-1260,0.00989,0.81952
CVE-2014-1261,0.00744,0.78962
CVE-2014-1262,0.00275,0.64816
CVE-2014-1263,0.00344,0.68724
CVE-2014-1264,0.00042,0.05722
CVE-2014-1265,0.00042,0.05722
CVE-2014-1266,0.02730,0.89522
CVE-2014-1267,0.00063,0.25754
CVE-2014-1268,0.01178,0.83584
CVE-2014-1269,0.01060,0.82612
CVE-2014-1270,0.01060,0.82612
CVE-2014-1271,0.00121,0.46292
CVE-2014-1272,0.00042,0.05722
CVE-2014-1273,0.00063,0.25754
CVE-2014-1274,0.00044,0.10161
CVE-2014-1275,0.01128,0.83175
CVE-2014-1276,0.00201,0.58009
CVE-2014-1278,0.00042,0.05722
CVE-2014-1279,0.00042,0.05722
CVE-2014-1280,0.00079,0.32805
CVE-2014-1281,0.00074,0.30709
CVE-2014-1282,0.00063,0.25754
CVE-2014-1285,0.00072,0.29490
CVE-2014-1286,0.00242,0.62292
CVE-2014-1287,0.00066,0.27496
CVE-2014-1289,0.00891,0.80896
CVE-2014-1290,0.16771,0.95570
CVE-2014-1291,0.00891,0.80896
CVE-2014-1292,0.00891,0.80896
CVE-2014-1293,0.00891,0.80896
CVE-2014-1294,0.00891,0.80896
CVE-2014-1295,0.00221,0.60291
CVE-2014-1296,0.00248,0.62850
CVE-2014-1297,0.00296,0.66216
CVE-2014-1298,0.01060,0.82612
CVE-2014-1299,0.01060,0.82612
CVE-2014-1300,0.15026,0.95341
CVE-2014-1301,0.01273,0.84277
CVE-2014-1302,0.01060,0.82612
CVE-2014-1303,0.34421,0.96716
CVE-2014-1304,0.01060,0.82612
CVE-2014-1305,0.01060,0.82612
CVE-2014-1307,0.01060,0.82612
CVE-2014-1308,0.01060,0.82612
CVE-2014-1309,0.01060,0.82612
CVE-2014-1310,0.01060,0.82612
CVE-2014-1311,0.01060,0.82612
CVE-2014-1312,0.01060,0.82612
CVE-2014-1313,0.01060,0.82612
CVE-2014-1314,0.00154,0.51648
CVE-2014-1315,0.00814,0.79990
CVE-2014-1316,0.00412,0.71337
CVE-2014-1317,0.00042,0.05722
CVE-2014-1318,0.00183,0.55706
CVE-2014-1319,0.01116,0.83065
CVE-2014-1320,0.02974,0.89902
CVE-2014-1321,0.00074,0.30531
CVE-2014-1322,0.00048,0.14793
CVE-2014-1323,0.00791,0.79716
CVE-2014-1324,0.01060,0.82612
CVE-2014-1325,0.00791,0.79716
CVE-2014-1326,0.00791,0.79716
CVE-2014-1327,0.00791,0.79716
CVE-2014-1329,0.00791,0.79716
CVE-2014-1330,0.00791,0.79716
CVE-2014-1331,0.00791,0.79716
CVE-2014-1333,0.00791,0.79716
CVE-2014-1334,0.00791,0.79716
CVE-2014-1335,0.00791,0.79716
CVE-2014-1336,0.00791,0.79716
CVE-2014-1337,0.00791,0.79716
CVE-2014-1338,0.00791,0.79716
CVE-2014-1339,0.00791,0.79716
CVE-2014-1340,0.01060,0.82612
CVE-2014-1341,0.00791,0.79716
CVE-2014-1342,0.00791,0.79716
CVE-2014-1343,0.00791,0.79716
CVE-2014-1344,0.00751,0.79064
CVE-2014-1345,0.00375,0.70017
CVE-2014-1346,0.00307,0.66803
CVE-2014-1347,0.00042,0.05722
CVE-2014-1348,0.00054,0.19312
CVE-2014-1349,0.02612,0.89280
CVE-2014-1350,0.00052,0.18252
CVE-2014-1351,0.00051,0.17433
CVE-2014-1352,0.00099,0.40734
CVE-2014-1353,0.00051,0.17433
CVE-2014-1354,0.02027,0.87765
CVE-2014-1355,0.00042,0.05722
CVE-2014-1356,0.00674,0.77772
CVE-2014-1357,0.00674,0.77772
CVE-2014-1358,0.00822,0.80079
CVE-2014-1359,0.00580,0.75795
CVE-2014-1360,0.00061,0.23941
CVE-2014-1361,0.00563,0.75424
CVE-2014-1362,0.00791,0.79716
CVE-2014-1363,0.00791,0.79716
CVE-2014-1364,0.00791,0.79716
CVE-2014-1365,0.00791,0.79716
CVE-2014-1366,0.00791,0.79716
CVE-2014-1367,0.00791,0.79716
CVE-2014-1368,0.00791,0.79716
CVE-2014-1369,0.00274,0.64806
CVE-2014-1370,0.05793,0.92656
CVE-2014-1371,0.02696,0.89456
CVE-2014-1372,0.00042,0.05722
CVE-2014-1373,0.00449,0.72478
CVE-2014-1375,0.00042,0.05722
CVE-2014-1376,0.00449,0.72478
CVE-2014-1377,0.00554,0.75235
CVE-2014-1378,0.00042,0.05722
CVE-2014-1379,0.00296,0.66227
CVE-2014-1380,0.00100,0.40873
CVE-2014-1381,0.01327,0.84627
CVE-2014-1382,0.00791,0.79716
CVE-2014-1383,0.00119,0.45870
CVE-2014-1384,0.01168,0.83493
CVE-2014-1385,0.01168,0.83493
CVE-2014-1386,0.00791,0.79716
CVE-2014-1387,0.01168,0.83493
CVE-2014-1388,0.01168,0.83493
CVE-2014-1389,0.01168,0.83493
CVE-2014-1390,0.00791,0.79716
CVE-2014-1391,0.04042,0.91245
CVE-2014-1398,0.00224,0.60771
CVE-2014-1399,0.00224,0.60771
CVE-2014-1400,0.00224,0.60771
CVE-2014-1401,0.00289,0.65791
CVE-2014-1402,0.00044,0.08000
CVE-2014-1403,0.00332,0.68239
CVE-2014-1405,0.00257,0.63580
CVE-2014-1406,0.00191,0.56720
CVE-2014-1407,0.00223,0.60696
CVE-2014-1408,0.00568,0.75505
CVE-2014-1409,0.19395,0.95868
CVE-2014-1418,0.00495,0.73753
CVE-2014-1419,0.00042,0.05722
CVE-2014-1420,0.00044,0.10161
CVE-2014-1421,0.00042,0.05722
CVE-2014-1422,0.00048,0.14788
CVE-2014-1423,0.00090,0.38036
CVE-2014-1424,0.00172,0.54274
CVE-2014-1425,0.00042,0.05722
CVE-2014-1426,0.00168,0.53801
CVE-2014-1427,0.00140,0.49679
CVE-2014-1428,0.00084,0.34791
CVE-2014-1438,0.00143,0.50086
CVE-2014-1439,0.00313,0.67163
CVE-2014-1441,0.01719,0.86552
CVE-2014-1442,0.00384,0.70393
CVE-2014-1443,0.00269,0.64460
CVE-2014-1444,0.00042,0.05722
CVE-2014-1445,0.00042,0.05722
CVE-2014-1446,0.00044,0.08000
CVE-2014-1447,0.02077,0.87941
CVE-2014-1449,0.00245,0.62561
CVE-2014-1452,0.33175,0.96658
CVE-2014-1453,0.00547,0.75081
CVE-2014-1454,0.00054,0.19451
CVE-2014-1455,0.00251,0.63098
CVE-2014-1456,0.00254,0.63423
CVE-2014-1457,0.00444,0.72328
CVE-2014-1458,0.00068,0.28383
CVE-2014-1459,0.00161,0.52770
CVE-2014-1466,0.00555,0.75258
CVE-2014-1467,0.00201,0.58124
CVE-2014-1469,0.00042,0.05722
CVE-2014-1471,0.00407,0.71204
CVE-2014-1472,0.00490,0.73626
CVE-2014-1473,0.00285,0.65489
CVE-2014-1474,0.00661,0.77519
CVE-2014-1475,0.00685,0.78002
CVE-2014-1476,0.00188,0.56336
CVE-2014-1477,0.00687,0.78046
CVE-2014-1478,0.00525,0.74536
CVE-2014-1479,0.00292,0.66000
CVE-2014-1480,0.00193,0.57265
CVE-2014-1481,0.00292,0.66000
CVE-2014-1482,0.01121,0.83124
CVE-2014-1483,0.00181,0.55376
CVE-2014-1484,0.00222,0.60568
CVE-2014-1485,0.00832,0.80220
CVE-2014-1486,0.02926,0.89831
CVE-2014-1487,0.00324,0.67754
CVE-2014-1488,0.00832,0.80222
CVE-2014-1489,0.00951,0.81542
CVE-2014-1490,0.01044,0.82442
CVE-2014-1491,0.00378,0.70153
CVE-2014-1492,0.00162,0.52900
CVE-2014-1493,0.01430,0.85223
CVE-2014-1494,0.00530,0.74672
CVE-2014-1496,0.00087,0.35974
CVE-2014-1497,0.02245,0.88469
CVE-2014-1498,0.02923,0.89825
CVE-2014-1499,0.00595,0.76108
CVE-2014-1500,0.03240,0.90310
CVE-2014-1501,0.00188,0.56337
CVE-2014-1502,0.00543,0.75002
CVE-2014-1504,0.00399,0.70928
CVE-2014-1505,0.01005,0.82085
CVE-2014-1506,0.00423,0.71707
CVE-2014-1507,0.00354,0.69175
CVE-2014-1508,0.04626,0.91776
CVE-2014-1509,0.01517,0.85685
CVE-2014-1510,0.95894,0.99339
CVE-2014-1511,0.95696,0.99297
CVE-2014-1512,0.94829,0.99126
CVE-2014-1513,0.00657,0.77373
CVE-2014-1514,0.06794,0.93228
CVE-2014-1515,0.00098,0.40517
CVE-2014-1516,0.00134,0.48503
CVE-2014-1517,0.00187,0.56310
CVE-2014-1518,0.00625,0.76768
CVE-2014-1519,0.00364,0.69573
CVE-2014-1520,0.00042,0.05722
CVE-2014-1522,0.00589,0.76010
CVE-2014-1523,0.01767,0.86721
CVE-2014-1524,0.01394,0.85046
CVE-2014-1525,0.01832,0.86995
CVE-2014-1526,0.00709,0.78405
CVE-2014-1527,0.00307,0.66849
CVE-2014-1528,0.01465,0.85406
CVE-2014-1529,0.00404,0.71088
CVE-2014-1530,0.00127,0.47220
CVE-2014-1531,0.01097,0.82919
CVE-2014-1532,0.01645,0.86281
CVE-2014-1533,0.08923,0.94025
CVE-2014-1534,0.05778,0.92650
CVE-2014-1536,0.08902,0.94019
CVE-2014-1537,0.08200,0.93771
CVE-2014-1538,0.07813,0.93617
CVE-2014-1539,0.00596,0.76130
CVE-2014-1540,0.02361,0.88759
CVE-2014-1541,0.08010,0.93703
CVE-2014-1542,0.01320,0.84585
CVE-2014-1543,0.24708,0.96238
CVE-2014-1544,0.10631,0.94549
CVE-2014-1545,0.06978,0.93314
CVE-2014-1546,0.00170,0.53958
CVE-2014-1547,0.06631,0.93144
CVE-2014-1548,0.26418,0.96330
CVE-2014-1549,0.04443,0.91618
CVE-2014-1550,0.05858,0.92700
CVE-2014-1551,0.10506,0.94512
CVE-2014-1552,0.01113,0.83043
CVE-2014-1553,0.02647,0.89357
CVE-2014-1554,0.06705,0.93179
CVE-2014-1555,0.06922,0.93290
CVE-2014-1556,0.04053,0.91268
CVE-2014-1557,0.01231,0.83997
CVE-2014-1558,0.01994,0.87650
CVE-2014-1559,0.03111,0.90111
CVE-2014-1560,0.01994,0.87650
CVE-2014-1561,0.00673,0.77762
CVE-2014-1562,0.06590,0.93125
CVE-2014-1563,0.69158,0.97719
CVE-2014-1564,0.01930,0.87429
CVE-2014-1565,0.00869,0.80626
CVE-2014-1566,0.00131,0.48047
CVE-2014-1567,0.10160,0.94430
CVE-2014-1568,0.04400,0.91585
CVE-2014-1569,0.03885,0.91108
CVE-2014-1571,0.00168,0.53607
CVE-2014-1572,0.01209,0.83819
CVE-2014-1573,0.00364,0.69587
CVE-2014-1574,0.05742,0.92631
CVE-2014-1575,0.05735,0.92628
CVE-2014-1576,0.20258,0.95939
CVE-2014-1577,0.09755,0.94290
CVE-2014-1578,0.05112,0.92206
CVE-2014-1580,0.00424,0.71736
CVE-2014-1581,0.14033,0.95200
CVE-2014-1582,0.00201,0.58105
CVE-2014-1583,0.00877,0.80730
CVE-2014-1584,0.00411,0.71318
CVE-2014-1585,0.00461,0.72827
CVE-2014-1586,0.00461,0.72827
CVE-2014-1587,0.03784,0.90995
CVE-2014-1588,0.03599,0.90775
CVE-2014-1589,0.00638,0.77024
CVE-2014-1590,0.03126,0.90131
CVE-2014-1591,0.00288,0.65681
CVE-2014-1592,0.06278,0.92939
CVE-2014-1593,0.08793,0.93980
CVE-2014-1594,0.05708,0.92619
CVE-2014-1595,0.00042,0.05722
CVE-2014-1597,0.00223,0.60707
CVE-2014-1598,0.00250,0.62982
CVE-2014-1599,0.00140,0.49569
CVE-2014-1603,0.00225,0.60809
CVE-2014-1604,0.00042,0.05722
CVE-2014-1607,0.00192,0.57132
CVE-2014-1608,0.01118,0.83081
CVE-2014-1609,0.01067,0.82663
CVE-2014-1610,0.08324,0.93804
CVE-2014-1611,0.00275,0.64854
CVE-2014-1612,0.00313,0.67187
CVE-2014-1613,0.00551,0.75175
CVE-2014-1615,0.00158,0.52245
CVE-2014-1617,0.00109,0.43545
CVE-2014-1618,0.00245,0.62599
CVE-2014-1619,0.00238,0.61999
CVE-2014-1620,0.00214,0.59432
CVE-2014-1624,0.00042,0.05722
CVE-2014-1626,0.00244,0.62427
CVE-2014-1631,0.02023,0.87756
CVE-2014-1632,0.00604,0.76314
CVE-2014-1634,0.00178,0.55051
CVE-2014-1635,0.95625,0.99284
CVE-2014-1636,0.00285,0.65491
CVE-2014-1637,0.11941,0.94859
CVE-2014-1638,0.00042,0.05722
CVE-2014-1639,0.00042,0.05722
CVE-2014-1640,0.00042,0.05722
CVE-2014-1642,0.00083,0.34411
CVE-2014-1643,0.00164,0.53126
CVE-2014-1644,0.86068,0.98331
CVE-2014-1645,0.30909,0.96574
CVE-2014-1646,0.00309,0.66956
CVE-2014-1647,0.00309,0.66956
CVE-2014-1648,0.36264,0.96785
CVE-2014-1649,0.97488,0.99969
CVE-2014-1650,0.00205,0.58492
CVE-2014-1651,0.03919,0.91142
CVE-2014-1652,0.26038,0.96310
CVE-2014-1663,0.00483,0.73438
CVE-2014-1664,0.03098,0.90091
CVE-2014-1665,0.00286,0.65580
CVE-2014-1666,0.00380,0.70250
CVE-2014-1670,0.02597,0.89246
CVE-2014-1671,0.00284,0.65446
CVE-2014-1672,0.00142,0.49994
CVE-2014-1673,0.00470,0.73072
CVE-2014-1677,0.05307,0.92347
CVE-2014-1679,0.00220,0.60154
CVE-2014-1680,0.00042,0.05722
CVE-2014-1681,0.00199,0.57799
CVE-2014-1682,0.00169,0.53846
CVE-2014-1683,0.95760,0.99311
CVE-2014-1684,0.85741,0.98312
CVE-2014-1685,0.00163,0.53020
CVE-2014-1686,0.00210,0.59011
CVE-2014-1690,0.00280,0.65140
CVE-2014-1691,0.94656,0.99095
CVE-2014-1692,0.04266,0.91469
CVE-2014-1693,0.02012,0.87723
CVE-2014-1694,0.00593,0.76083
CVE-2014-1695,0.04316,0.91513
CVE-2014-1696,0.00243,0.62371
CVE-2014-1697,0.02271,0.88542
CVE-2014-1698,0.00489,0.73602
CVE-2014-1699,0.01957,0.87516
CVE-2014-1700,0.01617,0.86164
CVE-2014-1701,0.00364,0.69582
CVE-2014-1702,0.00967,0.81725
CVE-2014-1703,0.00926,0.81295
CVE-2014-1704,0.00548,0.75098
CVE-2014-1705,0.06414,0.93017
CVE-2014-1706,0.00123,0.46678
CVE-2014-1707,0.00122,0.46455
CVE-2014-1708,0.00151,0.51246
CVE-2014-1710,0.00401,0.70995
CVE-2014-1711,0.00146,0.50459
CVE-2014-1713,0.02975,0.89903
CVE-2014-1714,0.01930,0.87428
CVE-2014-1715,0.00351,0.69037
CVE-2014-1716,0.00573,0.75614
CVE-2014-1717,0.01305,0.84505
CVE-2014-1718,0.01173,0.83538
CVE-2014-1719,0.00981,0.81853
CVE-2014-1720,0.01250,0.84121
CVE-2014-1721,0.01305,0.84505
CVE-2014-1722,0.01250,0.84121
CVE-2014-1723,0.01123,0.83132
CVE-2014-1724,0.01250,0.84121
CVE-2014-1725,0.01363,0.84871
CVE-2014-1726,0.00561,0.75341
CVE-2014-1727,0.00981,0.81853
CVE-2014-1728,0.00612,0.76481
CVE-2014-1729,0.00867,0.80606
CVE-2014-1730,0.00482,0.73422
CVE-2014-1731,0.02071,0.87923
CVE-2014-1732,0.01125,0.83148
CVE-2014-1733,0.01214,0.83855
CVE-2014-1734,0.00505,0.74029
CVE-2014-1735,0.00612,0.76481
CVE-2014-1736,0.03197,0.90235
CVE-2014-1737,0.00044,0.08000
CVE-2014-1738,0.00044,0.08000
CVE-2014-1739,0.00044,0.08219
CVE-2014-1740,0.00989,0.81955
CVE-2014-1741,0.01539,0.85787
CVE-2014-1742,0.01653,0.86303
CVE-2014-1743,0.01653,0.86303
CVE-2014-1744,0.01033,0.82329
CVE-2014-1745,0.01874,0.87190
CVE-2014-1746,0.00662,0.77557
CVE-2014-1747,0.00305,0.66721
CVE-2014-1748,0.00651,0.77274
CVE-2014-1749,0.00453,0.72596
CVE-2014-1750,0.00484,0.73465
CVE-2014-1751,0.91181,0.98668
CVE-2014-1752,0.91181,0.98668
CVE-2014-1753,0.84780,0.98270
CVE-2014-1754,0.14146,0.95217
CVE-2014-1755,0.91181,0.98668
CVE-2014-1756,0.00114,0.44782
CVE-2014-1757,0.88568,0.98472
CVE-2014-1758,0.43578,0.97040
CVE-2014-1759,0.56364,0.97406
CVE-2014-1760,0.84780,0.98270
CVE-2014-1761,0.77488,0.97969
CVE-2014-1762,0.80887,0.98077
CVE-2014-1763,0.23899,0.96188
CVE-2014-1764,0.35164,0.96747
CVE-2014-1765,0.88685,0.98479
CVE-2014-1766,0.11075,0.94651
CVE-2014-1767,0.00043,0.07524
CVE-2014-1769,0.19216,0.95846
CVE-2014-1770,0.42804,0.97013
CVE-2014-1771,0.00119,0.45885
CVE-2014-1772,0.71084,0.97792
CVE-2014-1773,0.71084,0.97792
CVE-2014-1774,0.19216,0.95846
CVE-2014-1775,0.59133,0.97469
CVE-2014-1776,0.96765,0.99608
CVE-2014-1777,0.22182,0.96073
CVE-2014-1778,0.01598,0.86064
CVE-2014-1779,0.42929,0.97019
CVE-2014-1780,0.42929,0.97019
CVE-2014-1781,0.81561,0.98106
CVE-2014-1782,0.42929,0.97019
CVE-2014-1783,0.81561,0.98106
CVE-2014-1784,0.81561,0.98106
CVE-2014-1785,0.51364,0.97276
CVE-2014-1786,0.81561,0.98106
CVE-2014-1788,0.71084,0.97792
CVE-2014-1789,0.81561,0.98106
CVE-2014-1790,0.81561,0.98106
CVE-2014-1791,0.81561,0.98106
CVE-2014-1792,0.81561,0.98106
CVE-2014-1794,0.81561,0.98106
CVE-2014-1795,0.81561,0.98106
CVE-2014-1796,0.81561,0.98106
CVE-2014-1797,0.59133,0.97469
CVE-2014-1799,0.48851,0.97218
CVE-2014-1800,0.59133,0.97469
CVE-2014-1802,0.71084,0.97792
CVE-2014-1803,0.59133,0.97469
CVE-2014-1804,0.71084,0.97792
CVE-2014-1805,0.59133,0.97469
CVE-2014-1806,0.38559,0.96883
CVE-2014-1807,0.00045,0.12497
CVE-2014-1808,0.01233,0.84007
CVE-2014-1809,0.00656,0.77369
CVE-2014-1811,0.00963,0.81679
CVE-2014-1812,0.00374,0.69982
CVE-2014-1813,0.01432,0.85230
CVE-2014-1814,0.00051,0.16917
CVE-2014-1815,0.96035,0.99371
CVE-2014-1816,0.00552,0.75199
CVE-2014-1817,0.15792,0.95458
CVE-2014-1818,0.10191,0.94436
CVE-2014-1819,0.00053,0.18316
CVE-2014-1820,0.03731,0.90938
CVE-2014-1823,0.84605,0.98259
CVE-2014-1824,0.34750,0.96732
CVE-2014-1826,0.00140,0.49644
CVE-2014-1827,0.00169,0.53925
CVE-2014-1828,0.00179,0.55238
CVE-2014-1829,0.00283,0.65395
CVE-2014-1830,0.00282,0.65332
CVE-2014-1831,0.00042,0.05722
CVE-2014-1832,0.00042,0.05722
CVE-2014-1833,0.00694,0.78143
CVE-2014-1834,0.00042,0.05722
CVE-2014-1835,0.00042,0.05722
CVE-2014-1836,0.17599,0.95686
CVE-2014-1837,0.00254,0.63423
CVE-2014-1838,0.00042,0.05722
CVE-2014-1839,0.00042,0.05722
CVE-2014-1840,0.00225,0.60885
CVE-2014-1841,0.00343,0.68686
CVE-2014-1842,0.00572,0.75613
CVE-2014-1843,0.00429,0.71870
CVE-2014-1845,0.00042,0.05722
CVE-2014-1846,0.00042,0.05722
CVE-2014-1849,0.14391,0.95250
CVE-2014-1854,0.00907,0.81068
CVE-2014-1855,0.00398,0.70920
CVE-2014-1858,0.00042,0.05722
CVE-2014-1859,0.00042,0.05722
CVE-2014-1860,0.00595,0.76102
CVE-2014-1861,0.00259,0.63671
CVE-2014-1867,0.00051,0.17460
CVE-2014-1868,0.00240,0.62075
CVE-2014-1869,0.00292,0.65987
CVE-2014-1870,0.00152,0.51465
CVE-2014-1874,0.00044,0.08000
CVE-2014-1875,0.00044,0.08000
CVE-2014-1876,0.00044,0.08000
CVE-2014-1877,0.00467,0.72962
CVE-2014-1878,0.04585,0.91742
CVE-2014-1879,0.00150,0.51171
CVE-2014-1881,0.01557,0.85876
CVE-2014-1882,0.02877,0.89767
CVE-2014-1883,0.01510,0.85648
CVE-2014-1884,0.01173,0.83536
CVE-2014-1885,0.01563,0.85912
CVE-2014-1886,0.01305,0.84503
CVE-2014-1887,0.00504,0.74016
CVE-2014-1888,0.00275,0.64854
CVE-2014-1889,0.01008,0.82105
CVE-2014-1891,0.00042,0.05753
CVE-2014-1892,0.00042,0.05722
CVE-2014-1893,0.00042,0.05753
CVE-2014-1894,0.00042,0.05753
CVE-2014-1895,0.00042,0.05722
CVE-2014-1896,0.00062,0.24773
CVE-2014-1899,0.00162,0.52869
CVE-2014-1900,0.00372,0.69912
CVE-2014-1901,0.00202,0.58143
CVE-2014-1902,0.00151,0.51240
CVE-2014-1903,0.96524,0.99517
CVE-2014-1904,0.00264,0.64141
CVE-2014-1905,0.01032,0.82310
CVE-2014-1906,0.00262,0.63953
CVE-2014-1907,0.00353,0.69127
CVE-2014-1908,0.01022,0.82228
CVE-2014-1909,0.00562,0.75373
CVE-2014-1910,0.00080,0.33422
CVE-2014-1911,0.00283,0.65384
CVE-2014-1912,0.45979,0.97114
CVE-2014-1914,0.00288,0.65715
CVE-2014-1915,0.01003,0.82076
CVE-2014-1916,0.00228,0.61081
CVE-2014-1921,0.00677,0.77874
CVE-2014-1922,0.00356,0.69224
CVE-2014-1923,0.00474,0.73174
CVE-2014-1924,0.01092,0.82876
CVE-2014-1925,0.00295,0.66159
CVE-2014-1927,0.01591,0.86044
CVE-2014-1928,0.00192,0.56991
CVE-2014-1929,0.00266,0.64298
CVE-2014-1930,0.00525,0.74541
CVE-2014-1931,0.00295,0.66152
CVE-2014-1932,0.00089,0.37249
CVE-2014-1933,0.00042,0.05722
CVE-2014-1934,0.00042,0.05722
CVE-2014-1935,0.00546,0.75069
CVE-2014-1936,0.00548,0.75099
CVE-2014-1937,0.00112,0.44345
CVE-2014-1938,0.00044,0.10161
CVE-2014-1939,0.00163,0.52963
CVE-2014-1942,0.00346,0.68800
CVE-2014-1943,0.05775,0.92649
CVE-2014-1944,0.00268,0.64386
CVE-2014-1945,0.01155,0.83376
CVE-2014-1946,0.00983,0.81864
CVE-2014-1947,0.00961,0.81657
CVE-2014-1948,0.00042,0.05722
CVE-2014-1949,0.00062,0.24773
CVE-2014-1950,0.00042,0.05722
CVE-2014-1955,0.00142,0.49908
CVE-2014-1956,0.00182,0.55567
CVE-2014-1957,0.00229,0.61172
CVE-2014-1958,0.01621,0.86189
CVE-2014-1959,0.00599,0.76180
CVE-2014-1960,0.00434,0.72053
CVE-2014-1961,0.00372,0.69919
CVE-2014-1962,0.00247,0.62712
CVE-2014-1963,0.01206,0.83800
CVE-2014-1964,0.00254,0.63423
CVE-2014-1965,0.00254,0.63423
CVE-2014-1966,0.00224,0.60716
CVE-2014-1967,0.00056,0.21178
CVE-2014-1968,0.00220,0.60154
CVE-2014-1969,0.00073,0.30032
CVE-2014-1970,0.00250,0.62986
CVE-2014-1971,0.00220,0.60154
CVE-2014-1972,0.02901,0.89804
CVE-2014-1973,0.00355,0.69182
CVE-2014-1974,0.00167,0.53444
CVE-2014-1975,0.00573,0.75620
CVE-2014-1976,0.00056,0.21178
CVE-2014-1977,0.00073,0.30310
CVE-2014-1978,0.00073,0.30310
CVE-2014-1979,0.00572,0.75609
CVE-2014-1980,0.00192,0.57132
CVE-2014-1982,0.04241,0.91446
CVE-2014-1983,0.00419,0.71569
CVE-2014-1984,0.00567,0.75496
CVE-2014-1985,0.00483,0.73432
CVE-2014-1986,0.00100,0.40873
CVE-2014-1987,0.00569,0.75523
CVE-2014-1988,0.00379,0.70170
CVE-2014-1989,0.00275,0.64862
CVE-2014-1990,0.00357,0.69292
CVE-2014-1991,0.00245,0.62586
CVE-2014-1992,0.00093,0.39007
CVE-2014-1993,0.00111,0.44282
CVE-2014-1994,0.00093,0.39007
CVE-2014-1995,0.00093,0.39007
CVE-2014-1996,0.00316,0.67372
CVE-2014-1997,0.00766,0.79318
CVE-2014-1998,0.00140,0.49569
CVE-2014-1999,0.03129,0.90136
CVE-2014-2000,0.00179,0.55156
CVE-2014-2001,0.00056,0.21178
CVE-2014-2002,0.00140,0.49569
CVE-2014-2003,0.03532,0.90690
CVE-2014-2004,0.01415,0.85137
CVE-2014-2005,0.00144,0.50225
CVE-2014-2006,0.00192,0.57132
CVE-2014-2008,0.01838,0.87046
CVE-2014-2009,0.03997,0.91203
CVE-2014-2013,0.31639,0.96603
CVE-2014-2014,0.00640,0.77058
CVE-2014-2015,0.00872,0.80653
CVE-2014-2016,0.00135,0.48865
CVE-2014-2017,0.00135,0.48670
CVE-2014-2018,0.00268,0.64417
CVE-2014-2019,0.00086,0.35857
CVE-2014-2020,0.00313,0.67163
CVE-2014-2021,0.00472,0.73112
CVE-2014-2022,0.00102,0.41247
CVE-2014-2023,0.00242,0.62315
CVE-2014-2024,0.00175,0.54731
CVE-2014-2025,0.04755,0.91905
CVE-2014-2026,0.00254,0.63423
CVE-2014-2027,0.08233,0.93784
CVE-2014-2029,0.00179,0.55171
CVE-2014-2030,0.01363,0.84870
CVE-2014-2031,0.00713,0.78489
CVE-2014-2032,0.00711,0.78454
CVE-2014-2033,0.00250,0.63057
CVE-2014-2034,0.01531,0.85754
CVE-2014-2035,0.00192,0.57132
CVE-2014-2037,0.01287,0.84395
CVE-2014-2038,0.00042,0.05722
CVE-2014-2039,0.00042,0.05722
CVE-2014-2040,0.00094,0.39306
CVE-2014-2042,0.00761,0.79241
CVE-2014-2043,0.00117,0.45610
CVE-2014-2044,0.18423,0.95759
CVE-2014-2045,0.00470,0.73045
CVE-2014-2046,0.06605,0.93130
CVE-2014-2047,0.00598,0.76159
CVE-2014-2048,0.00441,0.72282
CVE-2014-2049,0.00223,0.60672
CVE-2014-2050,0.00212,0.59257
CVE-2014-2051,0.00520,0.74395
CVE-2014-2052,0.00589,0.76012
CVE-2014-2053,0.00731,0.78781
CVE-2014-2054,0.00527,0.74575
CVE-2014-2055,0.00527,0.74575
CVE-2014-2056,0.00554,0.75232
CVE-2014-2057,0.00142,0.49908
CVE-2014-2058,0.00264,0.64139
CVE-2014-2059,0.00368,0.69794
CVE-2014-2060,0.00181,0.55435
CVE-2014-2061,0.00215,0.59599
CVE-2014-2062,0.00337,0.68412
CVE-2014-2063,0.00718,0.78584
CVE-2014-2064,0.00585,0.75892
CVE-2014-2065,0.00192,0.57132
CVE-2014-2066,0.00718,0.78584
CVE-2014-2067,0.00120,0.46051
CVE-2014-2068,0.00126,0.47150
CVE-2014-2069,0.01046,0.82453
CVE-2014-2071,0.00121,0.46247
CVE-2014-2072,0.20473,0.95956
CVE-2014-2073,0.04388,0.91575
CVE-2014-2075,0.00584,0.75880
CVE-2014-2077,0.00140,0.49569
CVE-2014-2078,0.00118,0.45781
CVE-2014-2079,0.00042,0.05722
CVE-2014-2080,0.00446,0.72384
CVE-2014-2081,0.00094,0.39316
CVE-2014-2084,0.12160,0.94903
CVE-2014-2087,0.44311,0.97060
CVE-2014-2088,0.00324,0.67787
CVE-2014-2089,0.00898,0.80985
CVE-2014-2090,0.00075,0.30842
CVE-2014-2091,0.00120,0.46203
CVE-2014-2092,0.00225,0.60885
CVE-2014-2093,0.00042,0.05722
CVE-2014-2094,0.00042,0.05722
CVE-2014-2095,0.00042,0.05722
CVE-2014-2096,0.00042,0.05722
CVE-2014-2097,0.00293,0.66048
CVE-2014-2098,0.00338,0.68449
CVE-2014-2099,0.00308,0.66930
CVE-2014-2102,0.00101,0.41215
CVE-2014-2103,0.00100,0.40829
CVE-2014-2104,0.00192,0.56888
CVE-2014-2106,0.00187,0.56209
CVE-2014-2107,0.00187,0.56209
CVE-2014-2108,0.00187,0.56209
CVE-2014-2109,0.00186,0.56036
CVE-2014-2111,0.00186,0.56036
CVE-2014-2112,0.00106,0.42909
CVE-2014-2113,0.00186,0.56036
CVE-2014-2114,0.00220,0.59971
CVE-2014-2115,0.00157,0.52211
CVE-2014-2116,0.00301,0.66488
CVE-2014-2117,0.00295,0.66123
CVE-2014-2118,0.00220,0.59971
CVE-2014-2119,0.00194,0.57323
CVE-2014-2120,0.00192,0.57132
CVE-2014-2121,0.00259,0.63761
CVE-2014-2122,0.00341,0.68604
CVE-2014-2124,0.01075,0.82742
CVE-2014-2125,0.00192,0.56888
CVE-2014-2126,0.00170,0.53955
CVE-2014-2127,0.00562,0.75367
CVE-2014-2128,0.00242,0.62290
CVE-2014-2129,0.00187,0.56209
CVE-2014-2130,0.00169,0.53837
CVE-2014-2131,0.00157,0.52197
CVE-2014-2132,0.00170,0.54088
CVE-2014-2133,0.01223,0.83930
CVE-2014-2134,0.00789,0.79693
CVE-2014-2135,0.01223,0.83930
CVE-2014-2136,0.01223,0.83930
CVE-2014-2137,0.00145,0.50430
CVE-2014-2138,0.00145,0.50430
CVE-2014-2139,0.00186,0.56036
CVE-2014-2140,0.00186,0.56036
CVE-2014-2141,0.00108,0.43364
CVE-2014-2142,0.00106,0.42909
CVE-2014-2143,0.00186,0.56036
CVE-2014-2144,0.00157,0.52197
CVE-2014-2145,0.00121,0.46256
CVE-2014-2146,0.00182,0.55560
CVE-2014-2147,0.00375,0.70017
CVE-2014-2151,0.00130,0.47778
CVE-2014-2152,0.00157,0.52211
CVE-2014-2153,0.00220,0.60154
CVE-2014-2154,0.00187,0.56209
CVE-2014-2155,0.00186,0.56036
CVE-2014-2156,0.00187,0.56209
CVE-2014-2157,0.00187,0.56209
CVE-2014-2158,0.00187,0.56209
CVE-2014-2159,0.00187,0.56209
CVE-2014-2160,0.00187,0.56209
CVE-2014-2161,0.00187,0.56209
CVE-2014-2162,0.00187,0.56209
CVE-2014-2163,0.00187,0.56209
CVE-2014-2164,0.00187,0.56209
CVE-2014-2165,0.00187,0.56209
CVE-2014-2166,0.00187,0.56209
CVE-2014-2167,0.00187,0.56209
CVE-2014-2168,0.00632,0.76892
CVE-2014-2169,0.00627,0.76802
CVE-2014-2170,0.00200,0.57977
CVE-2014-2171,0.01512,0.85654
CVE-2014-2172,0.00043,0.07640
CVE-2014-2173,0.00060,0.23520
CVE-2014-2174,0.00237,0.61840
CVE-2014-2175,0.00187,0.56209
CVE-2014-2176,0.00299,0.66391
CVE-2014-2177,0.00603,0.76278
CVE-2014-2178,0.00292,0.65978
CVE-2014-2179,0.00309,0.66949
CVE-2014-2180,0.00083,0.34313
CVE-2014-2181,0.00106,0.42962
CVE-2014-2182,0.00157,0.52197
CVE-2014-2183,0.00112,0.44465
CVE-2014-2184,0.00288,0.65694
CVE-2014-2185,0.00106,0.42962
CVE-2014-2186,0.00092,0.38925
CVE-2014-2190,0.00092,0.38925
CVE-2014-2191,0.00135,0.48865
CVE-2014-2192,0.00192,0.57132
CVE-2014-2193,0.00152,0.51389
CVE-2014-2194,0.00353,0.69115
CVE-2014-2195,0.00187,0.56283
CVE-2014-2196,0.00301,0.66484
CVE-2014-2197,0.00227,0.60989
CVE-2014-2198,0.01060,0.82603
CVE-2014-2199,0.00162,0.52909
CVE-2014-2200,0.00109,0.43546
CVE-2014-2201,0.00176,0.54858
CVE-2014-2205,0.00235,0.61690
CVE-2014-2206,0.79214,0.98023
CVE-2014-2208,0.00171,0.54191
CVE-2014-2209,0.00263,0.64039
CVE-2014-2210,0.93660,0.98947
CVE-2014-2211,0.00211,0.59073
CVE-2014-2212,0.00254,0.63306
CVE-2014-2213,0.00275,0.64855
CVE-2014-2214,0.00107,0.43171
CVE-2014-2216,0.07626,0.93541
CVE-2014-2217,0.01350,0.84769
CVE-2014-2219,0.00262,0.63953
CVE-2014-2223,0.18662,0.95795
CVE-2014-2224,0.00239,0.62065
CVE-2014-2225,0.00384,0.70353
CVE-2014-2226,0.00125,0.46904
CVE-2014-2227,0.04897,0.92035
CVE-2014-2228,0.01269,0.84259
CVE-2014-2230,0.00440,0.72234
CVE-2014-2231,0.00140,0.49569
CVE-2014-2232,0.00313,0.67163
CVE-2014-2233,0.00358,0.69317
CVE-2014-2234,0.00320,0.67563
CVE-2014-2235,0.00272,0.64688
CVE-2014-2236,0.00269,0.64463
CVE-2014-2237,0.00158,0.52285
CVE-2014-2238,0.00465,0.72928
CVE-2014-2240,0.13914,0.95178
CVE-2014-2241,0.01105,0.82985
CVE-2014-2242,0.00566,0.75469
CVE-2014-2243,0.00553,0.75213
CVE-2014-2244,0.00389,0.70603
CVE-2014-2245,0.00121,0.46332
CVE-2014-2246,0.00263,0.64017
CVE-2014-2247,0.00616,0.76590
CVE-2014-2248,0.00327,0.67911
CVE-2014-2249,0.00348,0.68883
CVE-2014-2250,0.00288,0.65683
CVE-2014-2251,0.00559,0.75312
CVE-2014-2252,0.00535,0.74795
CVE-2014-2253,0.00535,0.74795
CVE-2014-2254,0.00786,0.79601
CVE-2014-2255,0.00391,0.70672
CVE-2014-2256,0.00695,0.78181
CVE-2014-2257,0.00695,0.78181
CVE-2014-2258,0.00786,0.79601
CVE-2014-2259,0.00391,0.70672
CVE-2014-2260,0.00134,0.48495
CVE-2014-2262,0.08089,0.93736
CVE-2014-2263,0.00730,0.78776
CVE-2014-2264,0.00140,0.49550
CVE-2014-2265,0.00424,0.71741
CVE-2014-2268,0.95825,0.99322
CVE-2014-2269,0.29214,0.96488
CVE-2014-2270,0.95863,0.99330
CVE-2014-2271,0.05198,0.92269
CVE-2014-2273,0.00042,0.05722
CVE-2014-2274,0.00630,0.76857
CVE-2014-2276,0.94600,0.99086
CVE-2014-2277,0.00042,0.05722
CVE-2014-2278,0.06768,0.93213
CVE-2014-2279,0.02062,0.87886
CVE-2014-2280,0.00254,0.63423
CVE-2014-2281,0.00623,0.76735
CVE-2014-2282,0.00260,0.63849
CVE-2014-2283,0.00628,0.76826
CVE-2014-2284,0.04278,0.91479
CVE-2014-2285,0.01027,0.82267
CVE-2014-2286,0.66670,0.97651
CVE-2014-2287,0.69457,0.97730
CVE-2014-2288,0.02534,0.89130
CVE-2014-2289,0.08150,0.93753
CVE-2014-2291,0.00093,0.39055
CVE-2014-2292,0.00042,0.05722
CVE-2014-2293,0.00628,0.76811
CVE-2014-2294,0.00635,0.76952
CVE-2014-2296,0.00438,0.72176
CVE-2014-2297,0.00116,0.45370
CVE-2014-2299,0.95116,0.99165
CVE-2014-2301,0.00484,0.73448
CVE-2014-2302,0.02179,0.88289
CVE-2014-2303,0.00236,0.61805
CVE-2014-2304,0.00114,0.44899
CVE-2014-2309,0.01527,0.85733
CVE-2014-2310,0.02380,0.88803
CVE-2014-2311,0.00214,0.59458
CVE-2014-2312,0.00042,0.05722
CVE-2014-2313,0.00199,0.57898
CVE-2014-2314,0.94775,0.99112
CVE-2014-2315,0.00193,0.57215
CVE-2014-2316,0.00214,0.59458
CVE-2014-2317,0.00214,0.59437
CVE-2014-2318,0.00307,0.66829
CVE-2014-2319,0.00097,0.40196
CVE-2014-2321,0.96364,0.99464
CVE-2014-2322,0.02257,0.88509
CVE-2014-2323,0.95694,0.99297
CVE-2014-2324,0.95615,0.99281
CVE-2014-2325,0.00223,0.60678
CVE-2014-2326,0.00225,0.60888
CVE-2014-2327,0.00450,0.72502
CVE-2014-2328,0.00231,0.61325
CVE-2014-2329,0.00068,0.28383
CVE-2014-2330,0.00159,0.52409
CVE-2014-2331,0.00247,0.62717
CVE-2014-2332,0.00105,0.42432
CVE-2014-2333,0.00220,0.60154
CVE-2014-2334,0.00220,0.60154
CVE-2014-2335,0.00192,0.57132
CVE-2014-2336,0.00220,0.60154
CVE-2014-2338,0.01705,0.86493
CVE-2014-2339,0.00112,0.44402
CVE-2014-2340,0.01293,0.84431
CVE-2014-2341,0.17933,0.95718
CVE-2014-2342,0.00407,0.71208
CVE-2014-2343,0.00044,0.08189
CVE-2014-2345,0.00305,0.66675
CVE-2014-2346,0.00054,0.19265
CVE-2014-2347,0.00852,0.80445
CVE-2014-2349,0.00042,0.00438
CVE-2014-2350,0.00448,0.72451
CVE-2014-2351,0.00210,0.59002
CVE-2014-2352,0.00590,0.76017
CVE-2014-2353,0.00356,0.69236
CVE-2014-2354,0.00252,0.63198
CVE-2014-2355,0.00262,0.63979
CVE-2014-2356,0.01796,0.86842
CVE-2014-2357,0.00249,0.62911
CVE-2014-2358,0.00121,0.46253
CVE-2014-2359,0.00412,0.71332
CVE-2014-2360,0.01938,0.87448
CVE-2014-2361,0.00079,0.32808
CVE-2014-2362,0.00206,0.58653
CVE-2014-2363,0.00505,0.74041
CVE-2014-2364,0.38830,0.96904
CVE-2014-2365,0.00712,0.78475
CVE-2014-2366,0.00974,0.81788
CVE-2014-2367,0.03043,0.90014
CVE-2014-2368,0.03043,0.90014
CVE-2014-2369,0.00098,0.40550
CVE-2014-2370,0.00098,0.40549
CVE-2014-2373,0.00709,0.78392
CVE-2014-2374,0.00709,0.78392
CVE-2014-2375,0.00385,0.70441
CVE-2014-2376,0.00096,0.39937
CVE-2014-2377,0.00265,0.64240
CVE-2014-2378,0.00828,0.80172
CVE-2014-2379,0.00271,0.64595
CVE-2014-2380,0.00515,0.74275
CVE-2014-2381,0.00042,0.00438
CVE-2014-2382,0.00150,0.51170
CVE-2014-2383,0.00723,0.78670
CVE-2014-2384,0.00042,0.05722
CVE-2014-2385,0.00156,0.52009
CVE-2014-2386,0.00961,0.81660
CVE-2014-2387,0.00047,0.13959
CVE-2014-2388,0.00227,0.60963
CVE-2014-2389,0.06280,0.92940
CVE-2014-2390,0.00077,0.31904
CVE-2014-2391,0.00176,0.54842
CVE-2014-2392,0.00352,0.69066
CVE-2014-2393,0.00146,0.50565
CVE-2014-2397,0.01076,0.82756
CVE-2014-2398,0.00154,0.51660
CVE-2014-2399,0.52832,0.97319
CVE-2014-2400,0.00450,0.72522
CVE-2014-2401,0.00479,0.73317
CVE-2014-2402,0.01534,0.85765
CVE-2014-2403,0.00244,0.62391
CVE-2014-2404,0.00150,0.51028
CVE-2014-2405,0.00477,0.73260
CVE-2014-2406,0.03292,0.90385
CVE-2014-2407,0.57933,0.97440
CVE-2014-2408,0.00085,0.35222
CVE-2014-2409,0.00432,0.71958
CVE-2014-2410,0.00739,0.78895
CVE-2014-2411,0.03292,0.90385
CVE-2014-2412,0.00793,0.79742
CVE-2014-2413,0.00553,0.75212
CVE-2014-2414,0.00793,0.79742
CVE-2014-2415,0.57933,0.97440
CVE-2014-2416,0.57933,0.97440
CVE-2014-2417,0.59148,0.97469
CVE-2014-2418,0.59148,0.97469
CVE-2014-2419,0.00407,0.71210
CVE-2014-2420,0.00352,0.69058
CVE-2014-2421,0.05607,0.92561
CVE-2014-2422,0.01466,0.85410
CVE-2014-2423,0.00747,0.79006
CVE-2014-2424,0.97438,0.99940
CVE-2014-2425,0.00086,0.35594
CVE-2014-2426,0.00086,0.35594
CVE-2014-2427,0.00793,0.79742
CVE-2014-2428,0.00905,0.81048
CVE-2014-2429,0.00086,0.35594
CVE-2014-2430,0.00407,0.71210
CVE-2014-2431,0.01183,0.83626
CVE-2014-2432,0.00462,0.72835
CVE-2014-2433,0.00251,0.63109
CVE-2014-2434,0.00416,0.71492
CVE-2014-2435,0.00416,0.71492
CVE-2014-2436,0.00344,0.68703
CVE-2014-2437,0.00190,0.56594
CVE-2014-2438,0.00398,0.70923
CVE-2014-2439,0.00190,0.56594
CVE-2014-2440,0.02020,0.87746
CVE-2014-2441,0.00060,0.23365
CVE-2014-2442,0.00126,0.47188
CVE-2014-2443,0.00152,0.51424
CVE-2014-2444,0.03292,0.90385
CVE-2014-2445,0.00073,0.30397
CVE-2014-2446,0.00086,0.35594
CVE-2014-2447,0.00190,0.56594
CVE-2014-2448,0.00190,0.56594
CVE-2014-2449,0.00086,0.35594
CVE-2014-2450,0.00126,0.47188
CVE-2014-2451,0.00126,0.47188
CVE-2014-2452,0.00416,0.71492
CVE-2014-2453,0.00152,0.51424
CVE-2014-2454,0.00152,0.51424
CVE-2014-2455,0.03292,0.90385
CVE-2014-2456,0.00238,0.61917
CVE-2014-2457,0.00152,0.51424
CVE-2014-2458,0.00152,0.51424
CVE-2014-2459,0.00060,0.23365
CVE-2014-2460,0.00086,0.35594
CVE-2014-2461,0.00190,0.56594
CVE-2014-2463,0.00152,0.51424
CVE-2014-2464,0.00086,0.35594
CVE-2014-2465,0.00152,0.51424
CVE-2014-2466,0.00086,0.35594
CVE-2014-2467,0.00073,0.30397
CVE-2014-2468,0.00152,0.51424
CVE-2014-2469,0.00218,0.59798
CVE-2014-2470,0.03486,0.90637
CVE-2014-2471,0.00152,0.51424
CVE-2014-2472,0.00165,0.53201
CVE-2014-2473,0.00165,0.53201
CVE-2014-2474,0.00165,0.53201
CVE-2014-2475,0.00165,0.53201
CVE-2014-2476,0.00165,0.53201
CVE-2014-2477,0.00072,0.29624
CVE-2014-2478,0.00239,0.62028
CVE-2014-2479,0.02051,0.87854
CVE-2014-2480,0.02051,0.87854
CVE-2014-2481,0.02051,0.87854
CVE-2014-2482,0.00238,0.61917
CVE-2014-2483,0.02614,0.89281
CVE-2014-2484,0.00388,0.70534
CVE-2014-2485,0.00060,0.23365
CVE-2014-2486,0.00060,0.23365
CVE-2014-2487,0.00074,0.30723
CVE-2014-2488,0.00074,0.30723
CVE-2014-2489,0.00060,0.23365
CVE-2014-2490,0.01867,0.87148
CVE-2014-2491,0.00450,0.72522
CVE-2014-2492,0.00328,0.67962
CVE-2014-2493,0.00953,0.81582
CVE-2014-2494,0.00354,0.69137
CVE-2014-2495,0.00150,0.51051
CVE-2014-2496,0.00238,0.61917
CVE-2014-2497,0.00977,0.81824
CVE-2014-2502,0.00220,0.60154
CVE-2014-2503,0.00535,0.74779
CVE-2014-2504,0.00283,0.65392
CVE-2014-2505,0.00620,0.76658
CVE-2014-2506,0.00416,0.71490
CVE-2014-2507,0.00503,0.73985
CVE-2014-2508,0.00575,0.75662
CVE-2014-2509,0.00661,0.77510
CVE-2014-2510,0.00145,0.50341
CVE-2014-2511,0.00254,0.63423
CVE-2014-2512,0.00146,0.50460
CVE-2014-2513,0.00914,0.81150
CVE-2014-2514,0.00914,0.81150
CVE-2014-2515,0.00324,0.67783
CVE-2014-2516,0.00157,0.52181
CVE-2014-2517,0.00356,0.69248
CVE-2014-2518,0.00214,0.59454
CVE-2014-2519,0.00346,0.68789
CVE-2014-2520,0.00174,0.54667
CVE-2014-2521,0.00188,0.56336
CVE-2014-2522,0.00295,0.66176
CVE-2014-2523,0.07473,0.93493
CVE-2014-2524,0.00042,0.05722
CVE-2014-2525,0.82580,0.98171
CVE-2014-2526,0.00340,0.68536
CVE-2014-2527,0.01893,0.87272
CVE-2014-2528,0.01812,0.86908
CVE-2014-2531,0.00090,0.38008
CVE-2014-2532,0.00299,0.66371
CVE-2014-2533,0.00087,0.36037
CVE-2014-2534,0.00052,0.17535
CVE-2014-2535,0.00105,0.42397
CVE-2014-2536,0.00279,0.65080
CVE-2014-2537,0.01285,0.84386
CVE-2014-2538,0.00254,0.63423
CVE-2014-2540,0.00093,0.39034
CVE-2014-2541,0.00289,0.65754
CVE-2014-2542,0.00253,0.63275
CVE-2014-2543,0.03378,0.90504
CVE-2014-2544,0.01199,0.83740
CVE-2014-2545,0.00435,0.72090
CVE-2014-2550,0.00580,0.75788
CVE-2014-2552,0.00499,0.73859
CVE-2014-2553,0.00093,0.39055
CVE-2014-2554,0.00163,0.52995
CVE-2014-2558,0.00332,0.68202
CVE-2014-2559,0.01006,0.82091
CVE-2014-2560,0.01196,0.83718
CVE-2014-2565,0.00044,0.10504
CVE-2014-2567,0.00069,0.28758
CVE-2014-2568,0.00093,0.38947
CVE-2014-2570,0.00260,0.63818
CVE-2014-2571,0.00093,0.39055
CVE-2014-2572,0.00124,0.46807
CVE-2014-2573,0.00291,0.65897
CVE-2014-2575,0.01929,0.87428
CVE-2014-2576,0.00192,0.56982
CVE-2014-2577,0.01079,0.82770
CVE-2014-2578,0.00254,0.63423
CVE-2014-2579,0.00528,0.74608
CVE-2014-2580,0.00062,0.24773
CVE-2014-2581,0.00768,0.79338
CVE-2014-2583,0.00345,0.68767
CVE-2014-2585,0.00086,0.35594
CVE-2014-2586,0.01555,0.85866
CVE-2014-2587,0.02728,0.89518
CVE-2014-2588,0.01301,0.84475
CVE-2014-2589,0.00350,0.68990
CVE-2014-2590,0.00195,0.57476
CVE-2014-2591,0.00069,0.28530
CVE-2014-2592,0.00797,0.79793
CVE-2014-2593,0.00116,0.45388
CVE-2014-2595,0.13104,0.95050
CVE-2014-2597,0.00042,0.05722
CVE-2014-2598,0.00996,0.82018
CVE-2014-2599,0.00062,0.24773
CVE-2014-2600,0.00189,0.56443
CVE-2014-2601,0.02363,0.88762
CVE-2014-2602,0.00243,0.62387
CVE-2014-2603,0.00090,0.37767
CVE-2014-2604,0.00698,0.78222
CVE-2014-2605,0.00333,0.68260
CVE-2014-2606,0.00430,0.71891
CVE-2014-2607,0.00422,0.71681
CVE-2014-2608,0.00042,0.05722
CVE-2014-2609,0.57183,0.97422
CVE-2014-2610,0.04099,0.91322
CVE-2014-2611,0.01957,0.87518
CVE-2014-2612,0.04855,0.92005
CVE-2014-2613,0.00365,0.69618
CVE-2014-2614,0.94446,0.99061
CVE-2014-2615,0.20701,0.95969
CVE-2014-2616,0.12023,0.94874
CVE-2014-2617,0.20701,0.95969
CVE-2014-2618,0.94056,0.98998
CVE-2014-2619,0.05856,0.92695
CVE-2014-2620,0.05856,0.92695
CVE-2014-2621,0.05856,0.92695
CVE-2014-2622,0.01109,0.83015
CVE-2014-2623,0.52178,0.97305
CVE-2014-2624,0.96936,0.99668
CVE-2014-2625,0.13168,0.95063
CVE-2014-2626,0.89867,0.98568
CVE-2014-2627,0.00758,0.79189
CVE-2014-2628,0.00104,0.42395
CVE-2014-2629,0.00130,0.47894
CVE-2014-2630,0.00076,0.31297
CVE-2014-2631,0.01615,0.86157
CVE-2014-2632,0.10331,0.94462
CVE-2014-2633,0.00281,0.65216
CVE-2014-2634,0.01250,0.84122
CVE-2014-2635,0.91209,0.98673
CVE-2014-2636,0.91209,0.98673
CVE-2014-2637,0.91209,0.98673
CVE-2014-2638,0.91209,0.98673
CVE-2014-2639,0.00042,0.05722
CVE-2014-2640,0.29887,0.96522
CVE-2014-2641,0.00107,0.43049
CVE-2014-2642,0.01055,0.82533
CVE-2014-2643,0.00384,0.70390
CVE-2014-2644,0.05401,0.92422
CVE-2014-2645,0.01055,0.82533
CVE-2014-2646,0.00042,0.05722
CVE-2014-2647,0.00207,0.58714
CVE-2014-2648,0.03254,0.90326
CVE-2014-2649,0.02053,0.87860
CVE-2014-2650,0.00371,0.69893
CVE-2014-2651,0.00341,0.68559
CVE-2014-2652,0.00119,0.45992
CVE-2014-2653,0.00725,0.78686
CVE-2014-2654,0.00584,0.75877
CVE-2014-2655,0.00263,0.64049
CVE-2014-2657,0.00251,0.63083
CVE-2014-2658,0.00346,0.68800
CVE-2014-2659,0.00160,0.52542
CVE-2014-2664,0.01461,0.85392
CVE-2014-2665,0.00185,0.55825
CVE-2014-2667,0.00042,0.05722
CVE-2014-2668,0.06088,0.92815
CVE-2014-2669,0.00522,0.74460
CVE-2014-2670,0.00102,0.41530
CVE-2014-2671,0.31090,0.96580
CVE-2014-2672,0.03049,0.90019
CVE-2014-2673,0.00042,0.05722
CVE-2014-2674,0.03076,0.90057
CVE-2014-2675,0.00110,0.44058
CVE-2014-2678,0.00085,0.35448
CVE-2014-2680,0.00248,0.62829
CVE-2014-2681,0.00561,0.75335
CVE-2014-2682,0.00683,0.77970
CVE-2014-2683,0.01494,0.85544
CVE-2014-2684,0.01340,0.84703
CVE-2014-2685,0.02101,0.88023
CVE-2014-2686,0.00065,0.26897
CVE-2014-2689,0.00262,0.63953
CVE-2014-2690,0.00042,0.05722
CVE-2014-2706,0.02809,0.89657
CVE-2014-2707,0.00172,0.54470
CVE-2014-2708,0.00417,0.71525
CVE-2014-2709,0.01208,0.83813
CVE-2014-2710,0.00161,0.52794
CVE-2014-2711,0.00192,0.57132
CVE-2014-2712,0.00192,0.57132
CVE-2014-2713,0.00241,0.62211
CVE-2014-2714,0.00694,0.78166
CVE-2014-2715,0.00192,0.57132
CVE-2014-2716,0.00260,0.63821
CVE-2014-2717,0.00319,0.67540
CVE-2014-2718,0.00240,0.62087
CVE-2014-2719,0.00169,0.53846
CVE-2014-2720,0.01078,0.82766
CVE-2014-2721,0.00217,0.59732
CVE-2014-2722,0.00217,0.59732
CVE-2014-2723,0.00217,0.59732
CVE-2014-2727,0.00360,0.69407
CVE-2014-2729,0.00093,0.39160
CVE-2014-2730,0.04870,0.92014
CVE-2014-2731,0.01501,0.85598
CVE-2014-2732,0.00283,0.65401
CVE-2014-2733,0.00109,0.43888
CVE-2014-2734,0.03814,0.91030
CVE-2014-2735,0.00092,0.38938
CVE-2014-2736,0.00385,0.70420
CVE-2014-2737,0.00251,0.63098
CVE-2014-2739,0.00528,0.74631
CVE-2014-2741,0.01479,0.85462
CVE-2014-2742,0.01019,0.82202
CVE-2014-2743,0.01425,0.85189
CVE-2014-2744,0.03028,0.89980
CVE-2014-2745,0.02980,0.89910
CVE-2014-2746,0.01581,0.85999
CVE-2014-2748,0.00769,0.79368
CVE-2014-2749,0.00552,0.75182
CVE-2014-2751,0.00756,0.79173
CVE-2014-2752,0.00756,0.79173
CVE-2014-2753,0.71084,0.97792
CVE-2014-2754,0.71084,0.97792
CVE-2014-2755,0.71084,0.97792
CVE-2014-2756,0.59133,0.97469
CVE-2014-2757,0.59133,0.97469
CVE-2014-2758,0.59133,0.97469
CVE-2014-2759,0.71084,0.97792
CVE-2014-2760,0.71084,0.97792
CVE-2014-2761,0.59133,0.97469
CVE-2014-2763,0.71084,0.97792
CVE-2014-2764,0.59133,0.97469
CVE-2014-2765,0.71084,0.97792
CVE-2014-2766,0.71084,0.97792
CVE-2014-2767,0.71084,0.97792
CVE-2014-2768,0.71084,0.97792
CVE-2014-2769,0.71084,0.97792
CVE-2014-2770,0.71084,0.97792
CVE-2014-2771,0.71084,0.97792
CVE-2014-2772,0.59133,0.97469
CVE-2014-2773,0.71084,0.97792
CVE-2014-2774,0.34053,0.96705
CVE-2014-2775,0.42929,0.97019
CVE-2014-2776,0.41120,0.96967
CVE-2014-2777,0.09526,0.94227
CVE-2014-2778,0.23661,0.96175
CVE-2014-2779,0.00740,0.78907
CVE-2014-2780,0.00400,0.70959
CVE-2014-2781,0.00397,0.70895
CVE-2014-2782,0.41120,0.96967
CVE-2014-2783,0.00699,0.78240
CVE-2014-2784,0.35706,0.96766
CVE-2014-2785,0.48398,0.97199
CVE-2014-2786,0.48398,0.97199
CVE-2014-2787,0.48398,0.97199
CVE-2014-2788,0.48398,0.97199
CVE-2014-2789,0.48398,0.97199
CVE-2014-2790,0.48398,0.97199
CVE-2014-2791,0.48796,0.97217
CVE-2014-2792,0.48796,0.97217
CVE-2014-2794,0.48398,0.97199
CVE-2014-2795,0.48398,0.97199
CVE-2014-2796,0.35706,0.96766
CVE-2014-2797,0.48398,0.97199
CVE-2014-2798,0.48398,0.97199
CVE-2014-2799,0.72690,0.97831
CVE-2014-2800,0.48398,0.97199
CVE-2014-2801,0.48398,0.97199
CVE-2014-2802,0.48796,0.97217
CVE-2014-2803,0.48796,0.97217
CVE-2014-2804,0.48398,0.97199
CVE-2014-2806,0.48398,0.97199
CVE-2014-2807,0.48398,0.97199
CVE-2014-2808,0.35706,0.96766
CVE-2014-2809,0.48796,0.97217
CVE-2014-2810,0.35706,0.96766
CVE-2014-2811,0.35706,0.96766
CVE-2014-2813,0.48796,0.97217
CVE-2014-2814,0.00518,0.74358
CVE-2014-2815,0.05052,0.92157
CVE-2014-2816,0.01342,0.84712
CVE-2014-2817,0.01193,0.83695
CVE-2014-2818,0.34053,0.96705
CVE-2014-2819,0.01552,0.85854
CVE-2014-2820,0.34053,0.96705
CVE-2014-2821,0.35706,0.96766
CVE-2014-2822,0.35706,0.96766
CVE-2014-2823,0.35706,0.96766
CVE-2014-2824,0.35706,0.96766
CVE-2014-2825,0.35706,0.96766
CVE-2014-2826,0.35706,0.96766
CVE-2014-2827,0.46344,0.97134
CVE-2014-2828,0.00766,0.79318
CVE-2014-2829,0.00518,0.74362
CVE-2014-2830,0.03689,0.90890
CVE-2014-2838,0.00135,0.48692
CVE-2014-2839,0.00134,0.48608
CVE-2014-2842,0.01263,0.84223
CVE-2014-2843,0.00174,0.54619
CVE-2014-2844,0.00094,0.39306
CVE-2014-2845,0.00073,0.30289
CVE-2014-2846,0.11461,0.94748
CVE-2014-2847,0.00075,0.30837
CVE-2014-2848,0.00042,0.05722
CVE-2014-2849,0.12070,0.94888
CVE-2014-2850,0.72783,0.97834
CVE-2014-2851,0.00062,0.24848
CVE-2014-2852,0.00411,0.71300
CVE-2014-2853,0.00317,0.67408
CVE-2014-2854,0.00163,0.52990
CVE-2014-2855,0.04726,0.91876
CVE-2014-2856,0.00864,0.80574
CVE-2014-2857,0.00289,0.65754
CVE-2014-2858,0.00328,0.67978
CVE-2014-2859,0.00611,0.76444
CVE-2014-2860,0.00590,0.76025
CVE-2014-2861,0.00233,0.61436
CVE-2014-2862,0.00206,0.58579
CVE-2014-2863,0.00491,0.73663
CVE-2014-2864,0.00491,0.73663
CVE-2014-2865,0.00611,0.76444
CVE-2014-2866,0.00490,0.73630
CVE-2014-2867,0.00432,0.71943
CVE-2014-2868,0.00828,0.80172
CVE-2014-2869,0.00661,0.77536
CVE-2014-2870,0.00248,0.62800
CVE-2014-2871,0.00661,0.77536
CVE-2014-2872,0.00698,0.78219
CVE-2014-2873,0.00698,0.78219
CVE-2014-2874,0.00828,0.80172
CVE-2014-2875,0.00280,0.65155
CVE-2014-2879,0.00351,0.69025
CVE-2014-2880,0.02569,0.89186
CVE-2014-2881,0.00251,0.63083
CVE-2014-2882,0.00170,0.53971
CVE-2014-2884,0.00042,0.05722
CVE-2014-2885,0.00042,0.05753
CVE-2014-2886,0.00674,0.77768
CVE-2014-2888,0.02530,0.89123
CVE-2014-2889,0.00042,0.05722
CVE-2014-2890,0.00297,0.66282
CVE-2014-2891,0.04362,0.91549
CVE-2014-2892,0.17504,0.95674
CVE-2014-2893,0.00042,0.05722
CVE-2014-2894,0.00042,0.05722
CVE-2014-2896,0.00485,0.73499
CVE-2014-2897,0.00485,0.73499
CVE-2014-2898,0.00485,0.73499
CVE-2014-2899,0.05257,0.92306
CVE-2014-2900,0.00140,0.49648
CVE-2014-2901,0.00071,0.29313
CVE-2014-2902,0.00112,0.44345
CVE-2014-2903,0.00152,0.51480
CVE-2014-2904,0.00112,0.44345
CVE-2014-2905,0.00042,0.05722
CVE-2014-2906,0.00042,0.05722
CVE-2014-2907,0.00689,0.78065
CVE-2014-2908,0.00594,0.76099
CVE-2014-2909,0.00557,0.75281
CVE-2014-2913,0.20840,0.95983
CVE-2014-2914,0.00714,0.78497
CVE-2014-2915,0.00059,0.22933
CVE-2014-2916,0.00332,0.68202
CVE-2014-2921,0.07202,0.93403
CVE-2014-2922,0.00392,0.70690
CVE-2014-2925,0.00273,0.64745
CVE-2014-2926,0.00042,0.00438
CVE-2014-2927,0.09885,0.94328
CVE-2014-2928,0.55321,0.97385
CVE-2014-2933,0.00563,0.75422
CVE-2014-2934,0.00081,0.33883
CVE-2014-2935,0.00328,0.67952
CVE-2014-2936,0.00292,0.65939
CVE-2014-2938,0.00448,0.72451
CVE-2014-2939,0.00356,0.69236
CVE-2014-2940,0.00221,0.60322
CVE-2014-2941,0.00222,0.60584
CVE-2014-2942,0.00070,0.28949
CVE-2014-2946,0.00324,0.67751
CVE-2014-2947,0.00197,0.57632
CVE-2014-2948,0.00090,0.37989
CVE-2014-2949,0.00250,0.63073
CVE-2014-2950,0.00582,0.75845
CVE-2014-2951,0.00448,0.72451
CVE-2014-2955,0.00568,0.75506
CVE-2014-2956,0.00639,0.77024
CVE-2014-2957,0.05572,0.92545
CVE-2014-2959,0.00438,0.72172
CVE-2014-2960,0.00186,0.55930
CVE-2014-2962,0.95825,0.99322
CVE-2014-2963,0.00208,0.58771
CVE-2014-2964,0.00044,0.08189
CVE-2014-2965,0.00321,0.67613
CVE-2014-2966,0.00414,0.71394
CVE-2014-2967,0.00828,0.80172
CVE-2014-2968,0.00338,0.68475
CVE-2014-2969,0.00479,0.73322
CVE-2014-2971,0.00167,0.53428
CVE-2014-2972,0.00042,0.05722
CVE-2014-2974,0.00121,0.46253
CVE-2014-2975,0.00208,0.58771
CVE-2014-2976,0.05327,0.92361
CVE-2014-2977,0.03555,0.90713
CVE-2014-2978,0.03373,0.90501
CVE-2014-2980,0.01274,0.84286
CVE-2014-2983,0.00198,0.57717
CVE-2014-2986,0.00062,0.24773
CVE-2014-2987,0.01609,0.86132
CVE-2014-2988,0.00483,0.73437
CVE-2014-2989,0.00951,0.81552
CVE-2014-2992,0.00061,0.23853
CVE-2014-2993,0.00056,0.21178
CVE-2014-2994,0.86776,0.98377
CVE-2014-2995,0.00343,0.68643
CVE-2014-2996,0.00615,0.76575
CVE-2014-3000,0.10628,0.94548
CVE-2014-3001,0.00161,0.52754
CVE-2014-3004,0.01623,0.86194
CVE-2014-3005,0.02430,0.88924
CVE-2014-3006,0.00741,0.78921
CVE-2014-3007,0.00290,0.65869
CVE-2014-3008,0.01857,0.87109
CVE-2014-3009,0.00068,0.28080
CVE-2014-3010,0.00191,0.56743
CVE-2014-3011,0.00168,0.53807
CVE-2014-3012,0.00099,0.40635
CVE-2014-3013,0.00086,0.35693
CVE-2014-3014,0.00086,0.35693
CVE-2014-3015,0.00094,0.39300
CVE-2014-3018,0.00228,0.61065
CVE-2014-3019,0.00177,0.54905
CVE-2014-3020,0.00042,0.05722
CVE-2014-3021,0.00289,0.65807
CVE-2014-3022,0.00450,0.72504
CVE-2014-3024,0.00115,0.45187
CVE-2014-3025,0.00109,0.43856
CVE-2014-3026,0.00099,0.40635
CVE-2014-3031,0.00063,0.25667
CVE-2014-3032,0.00063,0.25667
CVE-2014-3033,0.00086,0.35693
CVE-2014-3034,0.00086,0.35693
CVE-2014-3035,0.00086,0.35693
CVE-2014-3036,0.00401,0.70978
CVE-2014-3037,0.00082,0.33969
CVE-2014-3038,0.00042,0.05722
CVE-2014-3040,0.00152,0.51484
CVE-2014-3041,0.00121,0.46322
CVE-2014-3042,0.01293,0.84433
CVE-2014-3043,0.00216,0.59680
CVE-2014-3045,0.00042,0.05722
CVE-2014-3048,0.00042,0.05722
CVE-2014-3050,0.00079,0.33036
CVE-2014-3051,0.00052,0.17905
CVE-2014-3052,0.00305,0.66726
CVE-2014-3053,0.00850,0.80425
CVE-2014-3054,0.00243,0.62368
CVE-2014-3055,0.00141,0.49813
CVE-2014-3056,0.00311,0.67043
CVE-2014-3057,0.00250,0.63004
CVE-2014-3058,0.00112,0.44479
CVE-2014-3059,0.00609,0.76389
CVE-2014-3060,0.00529,0.74640
CVE-2014-3061,0.00112,0.44496
CVE-2014-3062,0.01178,0.83585
CVE-2014-3063,0.00042,0.05722
CVE-2014-3064,0.00119,0.45903
CVE-2014-3065,0.00044,0.08000
CVE-2014-3066,0.00250,0.63060
CVE-2014-3068,0.00253,0.63277
CVE-2014-3069,0.00095,0.39652
CVE-2014-3070,0.00245,0.62629
CVE-2014-3071,0.00249,0.62904
CVE-2014-3072,0.00042,0.05722
CVE-2014-3073,0.01806,0.86880
CVE-2014-3074,0.00044,0.08000
CVE-2014-3075,0.00083,0.34253
CVE-2014-3076,0.00482,0.73418
CVE-2014-3077,0.00042,0.05722
CVE-2014-3079,0.00166,0.53299
CVE-2014-3080,0.00212,0.59193
CVE-2014-3081,0.00279,0.65128
CVE-2014-3083,0.00287,0.65632
CVE-2014-3084,0.00193,0.57190
CVE-2014-3085,0.00358,0.69308
CVE-2014-3086,0.05471,0.92478
CVE-2014-3087,0.00112,0.44466
CVE-2014-3088,0.00128,0.47481
CVE-2014-3089,0.00042,0.05722
CVE-2014-3090,0.00760,0.79225
CVE-2014-3091,0.00178,0.55082
CVE-2014-3092,0.00177,0.54905
CVE-2014-3093,0.00042,0.05722
CVE-2014-3094,0.01332,0.84652
CVE-2014-3095,0.06537,0.93085
CVE-2014-3096,0.00063,0.25667
CVE-2014-3097,0.00470,0.73057
CVE-2014-3099,0.00042,0.05722
CVE-2014-3100,0.00364,0.69578
CVE-2014-3101,0.00331,0.68172
CVE-2014-3102,0.00088,0.37139
CVE-2014-3103,0.00177,0.54905
CVE-2014-3104,0.00288,0.65721
CVE-2014-3105,0.00177,0.54905
CVE-2014-3106,0.00319,0.67515
CVE-2014-3110,0.00268,0.64405
CVE-2014-3111,0.00149,0.50999
CVE-2014-3113,0.03675,0.90867
CVE-2014-3114,0.00498,0.73823
CVE-2014-3115,0.00153,0.51578
CVE-2014-3119,0.00910,0.81097
CVE-2014-3120,0.53209,0.97331
CVE-2014-3121,0.01512,0.85652
CVE-2014-3122,0.00042,0.05722
CVE-2014-3123,0.00103,0.41738
CVE-2014-3124,0.00083,0.34411
CVE-2014-3125,0.00062,0.24773
CVE-2014-3127,0.00855,0.80489
CVE-2014-3129,0.00600,0.76195
CVE-2014-3130,0.00042,0.05722
CVE-2014-3131,0.00188,0.56336
CVE-2014-3132,0.00188,0.56336
CVE-2014-3133,0.00353,0.69111
CVE-2014-3134,0.00254,0.63423
CVE-2014-3135,0.00192,0.57132
CVE-2014-3136,0.00521,0.74448
CVE-2014-3137,0.03532,0.90690
CVE-2014-3138,0.00183,0.55671
CVE-2014-3139,0.00940,0.81430
CVE-2014-3144,0.00080,0.33424
CVE-2014-3145,0.00080,0.33424
CVE-2014-3146,0.01312,0.84549
CVE-2014-3147,0.00068,0.28383
CVE-2014-3148,0.00214,0.59432
CVE-2014-3149,0.00254,0.63423
CVE-2014-3150,0.00209,0.58865
CVE-2014-3152,0.01895,0.87289
CVE-2014-3153,0.00129,0.47559
CVE-2014-3154,0.01653,0.86303
CVE-2014-3155,0.03576,0.90743
CVE-2014-3156,0.01581,0.85998
CVE-2014-3157,0.01821,0.86948
CVE-2014-3158,0.01202,0.83763
CVE-2014-3159,0.00213,0.59276
CVE-2014-3160,0.01358,0.84844
CVE-2014-3161,0.00310,0.67003
CVE-2014-3162,0.00377,0.70067
CVE-2014-3164,0.00422,0.71673
CVE-2014-3165,0.01084,0.82820
CVE-2014-3166,0.00923,0.81265
CVE-2014-3167,0.00588,0.75993
CVE-2014-3168,0.02283,0.88577
CVE-2014-3169,0.03430,0.90578
CVE-2014-3170,0.00521,0.74412
CVE-2014-3171,0.01804,0.86870
CVE-2014-3172,0.00294,0.66084
CVE-2014-3173,0.02015,0.87732
CVE-2014-3174,0.02015,0.87732
CVE-2014-3175,0.00676,0.77818
CVE-2014-3176,0.06270,0.92937
CVE-2014-3177,0.06270,0.92937
CVE-2014-3178,0.02621,0.89304
CVE-2014-3179,0.00596,0.76127
CVE-2014-3180,0.00116,0.45456
CVE-2014-3181,0.00083,0.34279
CVE-2014-3182,0.00072,0.29624
CVE-2014-3183,0.00080,0.33249
CVE-2014-3184,0.00064,0.26441
CVE-2014-3185,0.00083,0.34279
CVE-2014-3186,0.00218,0.59851
CVE-2014-3187,0.00400,0.70952
CVE-2014-3188,0.02991,0.89921
CVE-2014-3189,0.00628,0.76838
CVE-2014-3190,0.00867,0.80604
CVE-2014-3191,0.00867,0.80604
CVE-2014-3192,0.04264,0.91467
CVE-2014-3193,0.00687,0.78039
CVE-2014-3194,0.00434,0.72070
CVE-2014-3195,0.00458,0.72736
CVE-2014-3196,0.00241,0.62181
CVE-2014-3197,0.00336,0.68388
CVE-2014-3198,0.01247,0.84107
CVE-2014-3199,0.00955,0.81603
CVE-2014-3200,0.01984,0.87615
CVE-2014-3201,0.00206,0.58605
CVE-2014-3202,0.00280,0.65189
CVE-2014-3203,0.00094,0.39283
CVE-2014-3204,0.00110,0.43961
CVE-2014-3205,0.01104,0.82968
CVE-2014-3206,0.25076,0.96257
CVE-2014-3207,0.00294,0.66119
CVE-2014-3208,0.00109,0.43528
CVE-2014-3209,0.00042,0.05722
CVE-2014-3210,0.00090,0.38008
CVE-2014-3211,0.00103,0.41969
CVE-2014-3214,0.00723,0.78667
CVE-2014-3215,0.00042,0.05722
CVE-2014-3216,0.01484,0.85485
CVE-2014-3219,0.00042,0.05722
CVE-2014-3220,0.01402,0.85081
CVE-2014-3221,0.00118,0.45779
CVE-2014-3222,0.00064,0.26158
CVE-2014-3223,0.00118,0.45779
CVE-2014-3224,0.00118,0.45779
CVE-2014-3225,0.02927,0.89834
CVE-2014-3227,0.00462,0.72851
CVE-2014-3230,0.00222,0.60603
CVE-2014-3242,0.00426,0.71785
CVE-2014-3243,0.02836,0.89703
CVE-2014-3244,0.03893,0.91115
CVE-2014-3246,0.00091,0.38504
CVE-2014-3247,0.00177,0.54871
CVE-2014-3248,0.00042,0.05722
CVE-2014-3249,0.00295,0.66152
CVE-2014-3250,0.00120,0.46205
CVE-2014-3251,0.00042,0.05722
CVE-2014-3260,0.00227,0.60991
CVE-2014-3261,0.00080,0.33218
CVE-2014-3262,0.00356,0.69234
CVE-2014-3263,0.00356,0.69234
CVE-2014-3264,0.00130,0.47891
CVE-2014-3265,0.00134,0.48489
CVE-2014-3266,0.00220,0.59971
CVE-2014-3267,0.00121,0.46308
CVE-2014-3268,0.00186,0.56036
CVE-2014-3269,0.00112,0.44465
CVE-2014-3270,0.00133,0.48372
CVE-2014-3271,0.00133,0.48372
CVE-2014-3272,0.00042,0.05722
CVE-2014-3273,0.00112,0.44423
CVE-2014-3274,0.00071,0.29164
CVE-2014-3275,0.00119,0.45910
CVE-2014-3276,0.00206,0.58617
CVE-2014-3277,0.00159,0.52442
CVE-2014-3278,0.00257,0.63560
CVE-2014-3279,0.00435,0.72072
CVE-2014-3280,0.00159,0.52442
CVE-2014-3281,0.00257,0.63560
CVE-2014-3282,0.00159,0.52442
CVE-2014-3283,0.00231,0.61345
CVE-2014-3284,0.00609,0.76400
CVE-2014-3285,0.00754,0.79119
CVE-2014-3286,0.00162,0.52909
CVE-2014-3287,0.00101,0.41150
CVE-2014-3289,0.00304,0.66639
CVE-2014-3290,0.00292,0.65997
CVE-2014-3291,0.00510,0.74164
CVE-2014-3292,0.00205,0.58507
CVE-2014-3293,0.02249,0.88479
CVE-2014-3294,0.00114,0.44888
CVE-2014-3295,0.00590,0.76023
CVE-2014-3296,0.00131,0.47955
CVE-2014-3297,0.00188,0.56366
CVE-2014-3298,0.00188,0.56336
CVE-2014-3299,0.00415,0.71460
CVE-2014-3300,0.01311,0.84541
CVE-2014-3301,0.00304,0.66603
CVE-2014-3302,0.00355,0.69217
CVE-2014-3303,0.00134,0.48547
CVE-2014-3304,0.00166,0.53282
CVE-2014-3305,0.00237,0.61886
CVE-2014-3306,0.01006,0.82096
CVE-2014-3307,0.00323,0.67738
CVE-2014-3308,0.00767,0.79337
CVE-2014-3309,0.00239,0.62061
CVE-2014-3310,0.00318,0.67492
CVE-2014-3311,0.02829,0.89693
CVE-2014-3312,0.00087,0.36007
CVE-2014-3313,0.00264,0.64130
CVE-2014-3314,0.00183,0.55692
CVE-2014-3315,0.00253,0.63275
CVE-2014-3316,0.00244,0.62442
CVE-2014-3317,0.00313,0.67172
CVE-2014-3318,0.00350,0.68982
CVE-2014-3319,0.00177,0.54884
CVE-2014-3320,0.00157,0.52213
CVE-2014-3321,0.00235,0.61625
CVE-2014-3322,0.00609,0.76400
CVE-2014-3323,0.00121,0.46321
CVE-2014-3324,0.00209,0.58917
CVE-2014-3325,0.00134,0.48531
CVE-2014-3326,0.00247,0.62758
CVE-2014-3327,0.00855,0.80490
CVE-2014-3328,0.00341,0.68604
CVE-2014-3329,0.00159,0.52495
CVE-2014-3330,0.00388,0.70513
CVE-2014-3331,0.02479,0.89022
CVE-2014-3332,0.00210,0.58948
CVE-2014-3333,0.00399,0.70950
CVE-2014-3335,0.00788,0.79624
CVE-2014-3336,0.00246,0.62650
CVE-2014-3337,0.01180,0.83610
CVE-2014-3338,0.00778,0.79500
CVE-2014-3339,0.00236,0.61741
CVE-2014-3340,0.00134,0.48497
CVE-2014-3341,0.00498,0.73817
CVE-2014-3342,0.00112,0.44350
CVE-2014-3343,0.02479,0.89022
CVE-2014-3344,0.00264,0.64130
CVE-2014-3345,0.00461,0.72812
CVE-2014-3346,0.00316,0.67373
CVE-2014-3347,0.01355,0.84825
CVE-2014-3348,0.02479,0.89022
CVE-2014-3349,0.00156,0.52013
CVE-2014-3350,0.00142,0.49965
CVE-2014-3351,0.00470,0.73072
CVE-2014-3352,0.00595,0.76118
CVE-2014-3353,0.02249,0.88479
CVE-2014-3354,0.02346,0.88718
CVE-2014-3355,0.01184,0.83637
CVE-2014-3356,0.01184,0.83637
CVE-2014-3357,0.01155,0.83382
CVE-2014-3358,0.01155,0.83382
CVE-2014-3359,0.01282,0.84358
CVE-2014-3360,0.01155,0.83382
CVE-2014-3361,0.01184,0.83637
CVE-2014-3362,0.00676,0.77814
CVE-2014-3363,0.00136,0.48914
CVE-2014-3364,0.00135,0.48865
CVE-2014-3365,0.00220,0.59971
CVE-2014-3366,0.00119,0.45910
CVE-2014-3367,0.00254,0.63423
CVE-2014-3368,0.00488,0.73591
CVE-2014-3369,0.00676,0.77814
CVE-2014-3370,0.00676,0.77814
CVE-2014-3372,0.00264,0.64130
CVE-2014-3373,0.00264,0.64130
CVE-2014-3374,0.00264,0.64130
CVE-2014-3375,0.00265,0.64187
CVE-2014-3376,0.02479,0.89022
CVE-2014-3377,0.01180,0.83610
CVE-2014-3378,0.02585,0.89224
CVE-2014-3379,0.01170,0.83525
CVE-2014-3380,0.01355,0.84825
CVE-2014-3381,0.00207,0.58675
CVE-2014-3382,0.00187,0.56209
CVE-2014-3383,0.00186,0.56036
CVE-2014-3384,0.00187,0.56209
CVE-2014-3385,0.00187,0.56209
CVE-2014-3386,0.00187,0.56209
CVE-2014-3387,0.00187,0.56209
CVE-2014-3388,0.00187,0.56209
CVE-2014-3389,0.00182,0.55550
CVE-2014-3390,0.00042,0.05722
CVE-2014-3391,0.00042,0.05722
CVE-2014-3392,0.00371,0.69895
CVE-2014-3393,0.00152,0.51465
CVE-2014-3394,0.00189,0.56509
CVE-2014-3395,0.00262,0.63992
CVE-2014-3396,0.00399,0.70946
CVE-2014-3397,0.00676,0.77814
CVE-2014-3398,0.00288,0.65694
CVE-2014-3399,0.00145,0.50414
CVE-2014-3400,0.00106,0.42962
CVE-2014-3402,0.00186,0.56036
CVE-2014-3403,0.00137,0.49107
CVE-2014-3404,0.00137,0.49107
CVE-2014-3405,0.00176,0.54833
CVE-2014-3406,0.00186,0.56036
CVE-2014-3407,0.00237,0.61886
CVE-2014-3408,0.00360,0.69437
CVE-2014-3409,0.00863,0.80558
CVE-2014-3410,0.00288,0.65694
CVE-2014-3411,0.51429,0.97278
CVE-2014-3412,0.00538,0.74854
CVE-2014-3413,0.00513,0.74242
CVE-2014-3414,0.00231,0.61306
CVE-2014-3415,0.00134,0.48606
CVE-2014-3416,0.00218,0.59862
CVE-2014-3417,0.00218,0.59862
CVE-2014-3418,0.15117,0.95353
CVE-2014-3419,0.00042,0.05722
CVE-2014-3421,0.00042,0.05722
CVE-2014-3422,0.00042,0.05722
CVE-2014-3423,0.00042,0.05722
CVE-2014-3424,0.00042,0.05722
CVE-2014-3425,0.00042,0.05722
CVE-2014-3426,0.00042,0.05722
CVE-2014-3427,0.03845,0.91064
CVE-2014-3428,0.00290,0.65829
CVE-2014-3429,0.00650,0.77256
CVE-2014-3430,0.09078,0.94071
CVE-2014-3431,0.00043,0.07360
CVE-2014-3432,0.70972,0.97781
CVE-2014-3433,0.00511,0.74198
CVE-2014-3434,0.00055,0.20414
CVE-2014-3436,0.00167,0.53518
CVE-2014-3437,0.06162,0.92876
CVE-2014-3438,0.04832,0.91988
CVE-2014-3439,0.00933,0.81371
CVE-2014-3440,0.00158,0.52228
CVE-2014-3441,0.20579,0.95961
CVE-2014-3442,0.01499,0.85565
CVE-2014-3443,0.01770,0.86729
CVE-2014-3444,0.03124,0.90128
CVE-2014-3445,0.38841,0.96905
CVE-2014-3446,0.00141,0.49813
CVE-2014-3447,0.00187,0.56251
CVE-2014-3448,0.01726,0.86578
CVE-2014-3449,0.01310,0.84529
CVE-2014-3450,0.00042,0.05722
CVE-2014-3451,0.00471,0.73083
CVE-2014-3452,0.00196,0.57567
CVE-2014-3453,0.00442,0.72289
CVE-2014-3454,0.00127,0.47354
CVE-2014-3455,0.00127,0.47354
CVE-2014-3456,0.00142,0.49908
CVE-2014-3459,0.53176,0.97329
CVE-2014-3460,0.27379,0.96378
CVE-2014-3461,0.05884,0.92712
CVE-2014-3462,0.00224,0.60786
CVE-2014-3464,0.00188,0.56336
CVE-2014-3465,0.04033,0.91234
CVE-2014-3466,0.70782,0.97778
CVE-2014-3467,0.01959,0.87526
CVE-2014-3468,0.00730,0.78768
CVE-2014-3469,0.00366,0.69656
CVE-2014-3470,0.97186,0.99782
CVE-2014-3471,0.00062,0.24773
CVE-2014-3472,0.00201,0.58118
CVE-2014-3473,0.00143,0.50044
CVE-2014-3474,0.00142,0.49932
CVE-2014-3475,0.00099,0.40726
CVE-2014-3476,0.00647,0.77175
CVE-2014-3477,0.00044,0.08000
CVE-2014-3478,0.17321,0.95649
CVE-2014-3479,0.00675,0.77777
CVE-2014-3480,0.00675,0.77777
CVE-2014-3481,0.00266,0.64285
CVE-2014-3482,0.00562,0.75366
CVE-2014-3483,0.00760,0.79234
CVE-2014-3484,0.00450,0.72507
CVE-2014-3485,0.00119,0.45908
CVE-2014-3486,0.00042,0.05722
CVE-2014-3487,0.00755,0.79144
CVE-2014-3488,0.01117,0.83074
CVE-2014-3489,0.00295,0.66152
CVE-2014-3490,0.01121,0.83123
CVE-2014-3491,0.00140,0.49644
CVE-2014-3492,0.00140,0.49644
CVE-2014-3493,0.02673,0.89411
CVE-2014-3494,0.00111,0.44218
CVE-2014-3495,0.00409,0.71262
CVE-2014-3496,0.01388,0.85008
CVE-2014-3497,0.00270,0.64536
CVE-2014-3498,0.00116,0.45327
CVE-2014-3499,0.00042,0.05722
CVE-2014-3500,0.00941,0.81437
CVE-2014-3501,0.00170,0.54107
CVE-2014-3502,0.00250,0.62996
CVE-2014-3503,0.00767,0.79321
CVE-2014-3504,0.00072,0.29633
CVE-2014-3505,0.92575,0.98826
CVE-2014-3506,0.92475,0.98809
CVE-2014-3507,0.93607,0.98937
CVE-2014-3508,0.00890,0.80885
CVE-2014-3509,0.03057,0.90030
CVE-2014-3510,0.02011,0.87722
CVE-2014-3511,0.00692,0.78122
CVE-2014-3512,0.93085,0.98880
CVE-2014-3513,0.86173,0.98342
CVE-2014-3514,0.00741,0.78921
CVE-2014-3515,0.81443,0.98098
CVE-2014-3517,0.00308,0.66927
CVE-2014-3518,0.00991,0.81966
CVE-2014-3519,0.00075,0.30951
CVE-2014-3520,0.00573,0.75622
CVE-2014-3521,0.00115,0.45208
CVE-2014-3522,0.00171,0.54152
CVE-2014-3523,0.05679,0.92602
CVE-2014-3524,0.00822,0.80088
CVE-2014-3525,0.00185,0.55873
CVE-2014-3526,0.00102,0.41568
CVE-2014-3527,0.00300,0.66434
CVE-2014-3528,0.00188,0.56344
CVE-2014-3529,0.00156,0.51890
CVE-2014-3530,0.00959,0.81642
CVE-2014-3531,0.00090,0.37806
CVE-2014-3532,0.00060,0.23365
CVE-2014-3533,0.00042,0.05722
CVE-2014-3534,0.00042,0.05722
CVE-2014-3535,0.02219,0.88400
CVE-2014-3536,0.00044,0.10161
CVE-2014-3537,0.00062,0.24610
CVE-2014-3538,0.01777,0.86758
CVE-2014-3539,0.01732,0.86598
CVE-2014-3541,0.04529,0.91691
CVE-2014-3542,0.00313,0.67163
CVE-2014-3543,0.00313,0.67163
CVE-2014-3544,0.00377,0.70068
CVE-2014-3545,0.00758,0.79190
CVE-2014-3546,0.00289,0.65754
CVE-2014-3547,0.00220,0.60154
CVE-2014-3548,0.00220,0.60154
CVE-2014-3549,0.00220,0.60154
CVE-2014-3550,0.00220,0.60154
CVE-2014-3551,0.00102,0.41341
CVE-2014-3552,0.00338,0.68452
CVE-2014-3553,0.00117,0.45531
CVE-2014-3554,0.01352,0.84784
CVE-2014-3555,0.00911,0.81119
CVE-2014-3556,0.00164,0.53095
CVE-2014-3558,0.00314,0.67197
CVE-2014-3559,0.00160,0.52641
CVE-2014-3560,0.93392,0.98916
CVE-2014-3561,0.00042,0.05722
CVE-2014-3562,0.00313,0.67163
CVE-2014-3563,0.00042,0.05722
CVE-2014-3564,0.03571,0.90733
CVE-2014-3565,0.09332,0.94168
CVE-2014-3566,0.97493,0.99972
CVE-2014-3567,0.94672,0.99099
CVE-2014-3568,0.00530,0.74671
CVE-2014-3569,0.90248,0.98589
CVE-2014-3570,0.12266,0.94916
CVE-2014-3571,0.71562,0.97804
CVE-2014-3572,0.00699,0.78236
CVE-2014-3573,0.00227,0.60962
CVE-2014-3574,0.01179,0.83600
CVE-2014-3575,0.00209,0.58849
CVE-2014-3576,0.77359,0.97964
CVE-2014-3577,0.00401,0.71004
CVE-2014-3578,0.00301,0.66489
CVE-2014-3579,0.00556,0.75263
CVE-2014-3580,0.01684,0.86414
CVE-2014-3581,0.06563,0.93094
CVE-2014-3582,0.00056,0.21006
CVE-2014-3583,0.00953,0.81579
CVE-2014-3584,0.01780,0.86768
CVE-2014-3585,0.00205,0.58474
CVE-2014-3586,0.00042,0.05722
CVE-2014-3587,0.08655,0.93931
CVE-2014-3589,0.02309,0.88639
CVE-2014-3590,0.00115,0.45024
CVE-2014-3591,0.00099,0.40669
CVE-2014-3592,0.00112,0.44327
CVE-2014-3593,0.00164,0.53042
CVE-2014-3594,0.00133,0.48465
CVE-2014-3595,0.00213,0.59300
CVE-2014-3596,0.00102,0.41360
CVE-2014-3597,0.03036,0.89990
CVE-2014-3598,0.00341,0.68600
CVE-2014-3599,0.00139,0.49494
CVE-2014-3600,0.00787,0.79612
CVE-2014-3601,0.00216,0.59670
CVE-2014-3602,0.00042,0.05722
CVE-2014-3603,0.00063,0.25684
CVE-2014-3604,0.00103,0.41790
CVE-2014-3607,0.00118,0.45706
CVE-2014-3608,0.00666,0.77605
CVE-2014-3609,0.96518,0.99514
CVE-2014-3610,0.00077,0.31903
CVE-2014-3611,0.00062,0.24773
CVE-2014-3612,0.00930,0.81326
CVE-2014-3613,0.00561,0.75345
CVE-2014-3614,0.00325,0.67829
CVE-2014-3615,0.00060,0.23266
CVE-2014-3616,0.00234,0.61501
CVE-2014-3617,0.00112,0.44331
CVE-2014-3618,0.14483,0.95263
CVE-2014-3619,0.01813,0.86910
CVE-2014-3620,0.00550,0.75152
CVE-2014-3621,0.00331,0.68184
CVE-2014-3622,0.01171,0.83529
CVE-2014-3623,0.00396,0.70841
CVE-2014-3624,0.00268,0.64393
CVE-2014-3625,0.00479,0.73335
CVE-2014-3626,0.00244,0.62525
CVE-2014-3627,0.00110,0.43964
CVE-2014-3628,0.01977,0.87588
CVE-2014-3629,0.00140,0.49509
CVE-2014-3630,0.00684,0.77988
CVE-2014-3631,0.00099,0.40698
CVE-2014-3632,0.00368,0.69791
CVE-2014-3633,0.03877,0.91099
CVE-2014-3634,0.22674,0.96104
CVE-2014-3635,0.00042,0.05722
CVE-2014-3636,0.00042,0.05722
CVE-2014-3637,0.00042,0.05722
CVE-2014-3638,0.00042,0.05722
CVE-2014-3639,0.00042,0.05722
CVE-2014-3640,0.00042,0.05722
CVE-2014-3641,0.00216,0.59668
CVE-2014-3642,0.00218,0.59862
CVE-2014-3643,0.00166,0.53316
CVE-2014-3645,0.00062,0.24773
CVE-2014-3646,0.00303,0.66577
CVE-2014-3647,0.00186,0.55981
CVE-2014-3648,0.00075,0.30828
CVE-2014-3649,0.00084,0.35108
CVE-2014-3650,0.00066,0.27429
CVE-2014-3651,0.00148,0.50789
CVE-2014-3652,0.00084,0.35108
CVE-2014-3653,0.00247,0.62780
CVE-2014-3654,0.00253,0.63275
CVE-2014-3655,0.00083,0.34406
CVE-2014-3656,0.00084,0.35108
CVE-2014-3657,0.04211,0.91415
CVE-2014-3660,0.01457,0.85380
CVE-2014-3661,0.00241,0.62211
CVE-2014-3662,0.00295,0.66152
CVE-2014-3663,0.00218,0.59862
CVE-2014-3664,0.00235,0.61671
CVE-2014-3665,0.02046,0.87841
CVE-2014-3666,0.01894,0.87277
CVE-2014-3667,0.00119,0.45908
CVE-2014-3668,0.11419,0.94742
CVE-2014-3669,0.94448,0.99061
CVE-2014-3670,0.26919,0.96356
CVE-2014-3672,0.00062,0.24773
CVE-2014-3673,0.95518,0.99262
CVE-2014-3674,0.00427,0.71812
CVE-2014-3675,0.00484,0.73486
CVE-2014-3676,0.02026,0.87762
CVE-2014-3677,0.01151,0.83344
CVE-2014-3678,0.00192,0.57132
CVE-2014-3679,0.00295,0.66152
CVE-2014-3680,0.00119,0.45908
CVE-2014-3681,0.00143,0.50060
CVE-2014-3682,0.02020,0.87747
CVE-2014-3683,0.12654,0.94979
CVE-2014-3684,0.00503,0.73990
CVE-2014-3686,0.02106,0.88035
CVE-2014-3687,0.09155,0.94100
CVE-2014-3688,0.37623,0.96845
CVE-2014-3689,0.00062,0.24773
CVE-2014-3690,0.00064,0.26441
CVE-2014-3691,0.00616,0.76588
CVE-2014-3692,0.00527,0.74575
CVE-2014-3693,0.78906,0.98014
CVE-2014-3694,0.00178,0.55098
CVE-2014-3695,0.01575,0.85976
CVE-2014-3696,0.01575,0.85976
CVE-2014-3697,0.00324,0.67766
CVE-2014-3698,0.00653,0.77317
CVE-2014-3699,0.00441,0.72263
CVE-2014-3700,0.01389,0.85013
CVE-2014-3701,0.00291,0.65888
CVE-2014-3702,0.00272,0.64662
CVE-2014-3703,0.00173,0.54559
CVE-2014-3704,0.97537,0.99995
CVE-2014-3706,0.00085,0.35308
CVE-2014-3707,0.00302,0.66537
CVE-2014-3708,0.00456,0.72682
CVE-2014-3709,0.00432,0.71937
CVE-2014-3710,0.04450,0.91626
CVE-2014-3711,0.00920,0.81233
CVE-2014-3712,0.01006,0.82091
CVE-2014-3714,0.00042,0.05722
CVE-2014-3715,0.00042,0.05722
CVE-2014-3716,0.00042,0.05722
CVE-2014-3717,0.00042,0.05722
CVE-2014-3718,0.00535,0.74796
CVE-2014-3719,0.00289,0.65784
CVE-2014-3730,0.00451,0.72546
CVE-2014-3735,0.00099,0.40680
CVE-2014-3737,0.00251,0.63139
CVE-2014-3738,0.00727,0.78730
CVE-2014-3739,0.00305,0.66729
CVE-2014-3740,0.00464,0.72889
CVE-2014-3741,0.00407,0.71204
CVE-2014-3742,0.00874,0.80686
CVE-2014-3743,0.00243,0.62385
CVE-2014-3744,0.00672,0.77747
CVE-2014-3749,0.00075,0.30837
CVE-2014-3750,0.00075,0.30789
CVE-2014-3752,0.00042,0.05722
CVE-2014-3753,0.00089,0.37192
CVE-2014-3755,0.01627,0.86209
CVE-2014-3756,0.00874,0.80686
CVE-2014-3757,0.00100,0.40875
CVE-2014-3758,0.00220,0.60154
CVE-2014-3759,0.00198,0.57733
CVE-2014-3760,0.00248,0.62829
CVE-2014-3761,0.00225,0.60885
CVE-2014-3764,0.00140,0.49569
CVE-2014-3771,0.00888,0.80860
CVE-2014-3772,0.00888,0.80860
CVE-2014-3773,0.00356,0.69264
CVE-2014-3774,0.00357,0.69282
CVE-2014-3775,0.02133,0.88154
CVE-2014-3776,0.07943,0.93680
CVE-2014-3777,0.00343,0.68686
CVE-2014-3778,0.00319,0.67553
CVE-2014-3779,0.00202,0.58258
CVE-2014-3780,0.00895,0.80942
CVE-2014-3781,0.01062,0.82625
CVE-2014-3782,0.00531,0.74674
CVE-2014-3783,0.00175,0.54701
CVE-2014-3786,0.00155,0.51807
CVE-2014-3787,0.00377,0.70123
CVE-2014-3788,0.31963,0.96613
CVE-2014-3789,0.32994,0.96651
CVE-2014-3790,0.02730,0.89524
CVE-2014-3791,0.96300,0.99440
CVE-2014-3792,0.01065,0.82653
CVE-2014-3793,0.00166,0.53252
CVE-2014-3796,0.00181,0.55499
CVE-2014-3797,0.00174,0.54623
CVE-2014-3798,0.00503,0.73981
CVE-2014-3800,0.00042,0.05722
CVE-2014-3801,0.00220,0.60016
CVE-2014-3802,0.03718,0.90917
CVE-2014-3803,0.02606,0.89268
CVE-2014-3804,0.95527,0.99264
CVE-2014-3805,0.67247,0.97668
CVE-2014-3806,0.09057,0.94067
CVE-2014-3807,0.00193,0.57215
CVE-2014-3808,0.00214,0.59436
CVE-2014-3809,0.00141,0.49776
CVE-2014-3810,0.00295,0.66133
CVE-2014-3811,0.00042,0.05722
CVE-2014-3812,0.00190,0.56599
CVE-2014-3813,0.00241,0.62211
CVE-2014-3814,0.00298,0.66305
CVE-2014-3815,0.00896,0.80948
CVE-2014-3816,0.00218,0.59862
CVE-2014-3817,0.00778,0.79504
CVE-2014-3818,0.00241,0.62211
CVE-2014-3819,0.00896,0.80948
CVE-2014-3820,0.00092,0.38850
CVE-2014-3821,0.00192,0.57132
CVE-2014-3822,0.00298,0.66305
CVE-2014-3823,0.00171,0.54172
CVE-2014-3824,0.00140,0.49569
CVE-2014-3825,0.00463,0.72869
CVE-2014-3826,0.00061,0.24001
CVE-2014-3827,0.00081,0.33724
CVE-2014-3828,0.91717,0.98722
CVE-2014-3829,0.58473,0.97454
CVE-2014-3830,0.00155,0.51807
CVE-2014-3832,0.00142,0.49908
CVE-2014-3833,0.00142,0.49908
CVE-2014-3834,0.00190,0.56616
CVE-2014-3835,0.00093,0.39119
CVE-2014-3836,0.00158,0.52238
CVE-2014-3837,0.00086,0.35594
CVE-2014-3838,0.00086,0.35594
CVE-2014-3840,0.00359,0.69386
CVE-2014-3841,0.00192,0.57132
CVE-2014-3842,0.00304,0.66657
CVE-2014-3843,0.00097,0.40110
CVE-2014-3844,0.00353,0.69121
CVE-2014-3845,0.00097,0.40110
CVE-2014-3846,0.00225,0.60885
CVE-2014-3848,0.00876,0.80724
CVE-2014-3849,0.01440,0.85275
CVE-2014-3850,0.00231,0.61306
CVE-2014-3851,0.00042,0.05722
CVE-2014-3852,0.00466,0.72954
CVE-2014-3853,0.00466,0.72954
CVE-2014-3854,0.00202,0.58160
CVE-2014-3855,0.00893,0.80914
CVE-2014-3856,0.00042,0.05722
CVE-2014-3857,0.00103,0.41691
CVE-2014-3859,0.01183,0.83626
CVE-2014-3860,0.00091,0.38565
CVE-2014-3861,0.00193,0.57215
CVE-2014-3862,0.00425,0.71771
CVE-2014-3863,0.00192,0.57132
CVE-2014-3864,0.00853,0.80450
CVE-2014-3865,0.17155,0.95629
CVE-2014-3866,0.00319,0.67553
CVE-2014-3867,0.00289,0.65807
CVE-2014-3868,0.00846,0.80381
CVE-2014-3870,0.00225,0.60885
CVE-2014-3871,0.00852,0.80444
CVE-2014-3872,0.00219,0.59913
CVE-2014-3873,0.00042,0.05722
CVE-2014-3875,0.00311,0.67070
CVE-2014-3876,0.00184,0.55757
CVE-2014-3877,0.00237,0.61870
CVE-2014-3878,0.00191,0.56677
CVE-2014-3879,0.01227,0.83952
CVE-2014-3880,0.00042,0.05722
CVE-2014-3881,0.00159,0.52409
CVE-2014-3882,0.00160,0.52542
CVE-2014-3883,0.00586,0.75909
CVE-2014-3884,0.00135,0.48865
CVE-2014-3885,0.00135,0.48865
CVE-2014-3886,0.00135,0.48865
CVE-2014-3887,0.00065,0.27007
CVE-2014-3888,0.35046,0.96742
CVE-2014-3889,0.00221,0.60334
CVE-2014-3890,0.00546,0.75060
CVE-2014-3891,0.00974,0.81786
CVE-2014-3892,0.00192,0.56888
CVE-2014-3894,0.00135,0.48865
CVE-2014-3895,0.00277,0.64990
CVE-2014-3896,0.00599,0.76190
CVE-2014-3897,0.00192,0.57132
CVE-2014-3898,0.00253,0.63275
CVE-2014-3899,0.00236,0.61804
CVE-2014-3900,0.00220,0.60154
CVE-2014-3901,0.00209,0.58901
CVE-2014-3902,0.00066,0.27289
CVE-2014-3903,0.00120,0.46051
CVE-2014-3904,0.00135,0.48735
CVE-2014-3905,0.00135,0.48865
CVE-2014-3906,0.00184,0.55710
CVE-2014-3907,0.00159,0.52409
CVE-2014-3908,0.00061,0.23853
CVE-2014-3909,0.00612,0.76485
CVE-2014-3910,0.00042,0.05722
CVE-2014-3911,0.09898,0.94332
CVE-2014-3912,0.30468,0.96550
CVE-2014-3913,0.91068,0.98657
CVE-2014-3914,0.97054,0.99716
CVE-2014-3915,0.96484,0.99500
CVE-2014-3916,0.00472,0.73124
CVE-2014-3917,0.00042,0.05722
CVE-2014-3919,0.00151,0.51336
CVE-2014-3920,0.00405,0.71113
CVE-2014-3921,0.00225,0.60885
CVE-2014-3922,0.00233,0.61492
CVE-2014-3923,0.00225,0.60885
CVE-2014-3924,0.00291,0.65933
CVE-2014-3925,0.00358,0.69347
CVE-2014-3926,0.00327,0.67893
CVE-2014-3927,0.00788,0.79625
CVE-2014-3928,0.00675,0.77788
CVE-2014-3929,0.00265,0.64233
CVE-2014-3930,0.00433,0.71986
CVE-2014-3931,0.00796,0.79784
CVE-2014-3932,0.00230,0.61273
CVE-2014-3933,0.00102,0.41341
CVE-2014-3934,0.00100,0.40875
CVE-2014-3935,0.00100,0.40875
CVE-2014-3936,0.96463,0.99491
CVE-2014-3937,0.00280,0.65194
CVE-2014-3938,0.01900,0.87316
CVE-2014-3939,0.02773,0.89596
CVE-2014-3940,0.00042,0.05722
CVE-2014-3941,0.00591,0.76046
CVE-2014-3942,0.00291,0.65917
CVE-2014-3943,0.00104,0.41987
CVE-2014-3944,0.00267,0.64360
CVE-2014-3945,0.00267,0.64360
CVE-2014-3946,0.00118,0.45781
CVE-2014-3947,0.00861,0.80546
CVE-2014-3948,0.00220,0.60154
CVE-2014-3949,0.00120,0.46051
CVE-2014-3951,0.00285,0.65492
CVE-2014-3952,0.00042,0.05722
CVE-2014-3953,0.00042,0.05722
CVE-2014-3954,0.03778,0.90992
CVE-2014-3955,0.00943,0.81469
CVE-2014-3956,0.00044,0.08000
CVE-2014-3959,0.00173,0.54485
CVE-2014-3960,0.00192,0.57132
CVE-2014-3961,0.00191,0.56730
CVE-2014-3962,0.00093,0.39110
CVE-2014-3963,0.00086,0.35594
CVE-2014-3966,0.00292,0.65987
CVE-2014-3967,0.00062,0.24773
CVE-2014-3968,0.00068,0.28176
CVE-2014-3969,0.00260,0.63854
CVE-2014-3970,0.02101,0.88021
CVE-2014-3971,0.00298,0.66305
CVE-2014-3972,0.00129,0.47554
CVE-2014-3973,0.00218,0.59836
CVE-2014-3974,0.01640,0.86260
CVE-2014-3975,0.00634,0.76926
CVE-2014-3976,0.31878,0.96610
CVE-2014-3977,0.00042,0.05722
CVE-2014-3978,0.00102,0.41296
CVE-2014-3979,0.00401,0.71003
CVE-2014-3980,0.00042,0.05722
CVE-2014-3981,0.00047,0.13898
CVE-2014-3982,0.00042,0.05722
CVE-2014-3984,0.01563,0.85911
CVE-2014-3985,0.00685,0.77991
CVE-2014-3986,0.00042,0.05722
CVE-2014-3988,0.00140,0.49644
CVE-2014-3990,0.02519,0.89103
CVE-2014-3991,0.00140,0.49644
CVE-2014-3992,0.00108,0.43508
CVE-2014-3994,0.00225,0.60842
CVE-2014-3995,0.00258,0.63645
CVE-2014-3996,0.95718,0.99302
CVE-2014-3997,0.00177,0.54889
CVE-2014-3999,0.00829,0.80178
CVE-2014-4000,0.00279,0.65108
CVE-2014-4002,0.00254,0.63291
CVE-2014-4003,0.01342,0.84718
CVE-2014-4004,0.00470,0.73072
CVE-2014-4005,0.00470,0.73072
CVE-2014-4006,0.00470,0.73072
CVE-2014-4007,0.00377,0.70123
CVE-2014-4008,0.00377,0.70123
CVE-2014-4009,0.00377,0.70123
CVE-2014-4010,0.00377,0.70123
CVE-2014-4011,0.00377,0.70123
CVE-2014-4012,0.00377,0.70123
CVE-2014-4013,0.00093,0.39084
CVE-2014-4014,0.00062,0.24601
CVE-2014-4017,0.00140,0.49644
CVE-2014-4018,0.00437,0.72153
CVE-2014-4019,0.59045,0.97462
CVE-2014-4020,0.01086,0.82828
CVE-2014-4021,0.00064,0.26301
CVE-2014-4022,0.00057,0.21395
CVE-2014-4023,0.00223,0.60696
CVE-2014-4024,0.00259,0.63683
CVE-2014-4027,0.00044,0.08108
CVE-2014-4030,0.00647,0.77180
CVE-2014-4031,0.00119,0.45908
CVE-2014-4032,0.00193,0.57215
CVE-2014-4033,0.00225,0.60809
CVE-2014-4034,0.00275,0.64832
CVE-2014-4035,0.00213,0.59282
CVE-2014-4036,0.00140,0.49644
CVE-2014-4037,0.00223,0.60696
CVE-2014-4038,0.00042,0.05722
CVE-2014-4039,0.00042,0.05722
CVE-2014-4040,0.00240,0.62106
CVE-2014-4043,0.01722,0.86565
CVE-2014-4044,0.01696,0.86455
CVE-2014-4045,0.01123,0.83134
CVE-2014-4046,0.00550,0.75146
CVE-2014-4047,0.01075,0.82741
CVE-2014-4048,0.01075,0.82741
CVE-2014-4049,0.94808,0.99117
CVE-2014-4050,0.34053,0.96705
CVE-2014-4051,0.34053,0.96705
CVE-2014-4052,0.34053,0.96705
CVE-2014-4055,0.34053,0.96705
CVE-2014-4056,0.34053,0.96705
CVE-2014-4057,0.35706,0.96766
CVE-2014-4058,0.46344,0.97134
CVE-2014-4059,0.48398,0.97199
CVE-2014-4060,0.35951,0.96778
CVE-2014-4061,0.00472,0.73113
CVE-2014-4062,0.08741,0.93969
CVE-2014-4063,0.46344,0.97134
CVE-2014-4064,0.00045,0.12497
CVE-2014-4065,0.56771,0.97414
CVE-2014-4066,0.18138,0.95731
CVE-2014-4067,0.46344,0.97134
CVE-2014-4068,0.03752,0.90962
CVE-2014-4070,0.02688,0.89441
CVE-2014-4071,0.02136,0.88163
CVE-2014-4072,0.09559,0.94235
CVE-2014-4073,0.01048,0.82475
CVE-2014-4074,0.00052,0.17605
CVE-2014-4075,0.12730,0.94988
CVE-2014-4076,0.00050,0.16826
CVE-2014-4077,0.00739,0.78895
CVE-2014-4078,0.00817,0.80024
CVE-2014-4079,0.46344,0.97134
CVE-2014-4080,0.48398,0.97199
CVE-2014-4081,0.48398,0.97199
CVE-2014-4082,0.48398,0.97199
CVE-2014-4083,0.48398,0.97199
CVE-2014-4084,0.48398,0.97199
CVE-2014-4085,0.46344,0.97134
CVE-2014-4086,0.48398,0.97199
CVE-2014-4087,0.48398,0.97199
CVE-2014-4088,0.48398,0.97199
CVE-2014-4089,0.48398,0.97199
CVE-2014-4090,0.46344,0.97134
CVE-2014-4091,0.48398,0.97199
CVE-2014-4092,0.46344,0.97134
CVE-2014-4093,0.48398,0.97199
CVE-2014-4094,0.48398,0.97199
CVE-2014-4095,0.46344,0.97134
CVE-2014-4096,0.46344,0.97134
CVE-2014-4097,0.46344,0.97134
CVE-2014-4098,0.46344,0.97134
CVE-2014-4099,0.46344,0.97134
CVE-2014-4100,0.48398,0.97199
CVE-2014-4101,0.46344,0.97134
CVE-2014-4102,0.48398,0.97199
CVE-2014-4103,0.46344,0.97134
CVE-2014-4104,0.48398,0.97199
CVE-2014-4105,0.56771,0.97414
CVE-2014-4106,0.72690,0.97831
CVE-2014-4107,0.56771,0.97414
CVE-2014-4108,0.56771,0.97414
CVE-2014-4109,0.72690,0.97831
CVE-2014-4110,0.72690,0.97831
CVE-2014-4111,0.72690,0.97831
CVE-2014-4112,0.03178,0.90207
CVE-2014-4113,0.02281,0.88573
CVE-2014-4114,0.96905,0.99657
CVE-2014-4115,0.00431,0.71923
CVE-2014-4116,0.08012,0.93704
CVE-2014-4117,0.82328,0.98156
CVE-2014-4118,0.86126,0.98339
CVE-2014-4121,0.92620,0.98832
CVE-2014-4122,0.01929,0.87427
CVE-2014-4123,0.01041,0.82417
CVE-2014-4124,0.01121,0.83121
CVE-2014-4126,0.10967,0.94632
CVE-2014-4127,0.36500,0.96796
CVE-2014-4128,0.10967,0.94632
CVE-2014-4129,0.33858,0.96690
CVE-2014-4130,0.76656,0.97943
CVE-2014-4132,0.10967,0.94632
CVE-2014-4133,0.33858,0.96690
CVE-2014-4134,0.33858,0.96690
CVE-2014-4137,0.48398,0.97199
CVE-2014-4138,0.18020,0.95724
CVE-2014-4140,0.92543,0.98819
CVE-2014-4141,0.73100,0.97842
CVE-2014-4143,0.24299,0.96212
CVE-2014-4145,0.03178,0.90207
CVE-2014-4148,0.42142,0.96995
CVE-2014-4149,0.38050,0.96860
CVE-2014-4150,0.00042,0.05722
CVE-2014-4151,0.70468,0.97762
CVE-2014-4152,0.70468,0.97762
CVE-2014-4153,0.28877,0.96468
CVE-2014-4154,0.00546,0.75051
CVE-2014-4155,0.00591,0.76057
CVE-2014-4156,0.00088,0.37041
CVE-2014-4157,0.00042,0.05722
CVE-2014-4158,0.44846,0.97073
CVE-2014-4159,0.00445,0.72362
CVE-2014-4160,0.00250,0.63076
CVE-2014-4161,0.00220,0.60154
CVE-2014-4162,0.01194,0.83704
CVE-2014-4163,0.00319,0.67553
CVE-2014-4164,0.00140,0.49644
CVE-2014-4165,0.00377,0.70072
CVE-2014-4166,0.00225,0.60809
CVE-2014-4167,0.00210,0.58967
CVE-2014-4168,0.02575,0.89194
CVE-2014-4170,0.15860,0.95470
CVE-2014-4171,0.00044,0.08000
CVE-2014-4172,0.01700,0.86471
CVE-2014-4174,0.04999,0.92105
CVE-2014-4187,0.00140,0.49569
CVE-2014-4188,0.00160,0.52542
CVE-2014-4189,0.00220,0.60154
CVE-2014-4190,0.00241,0.62211
CVE-2014-4191,0.00240,0.62106
CVE-2014-4192,0.00240,0.62106
CVE-2014-4193,0.00227,0.60989
CVE-2014-4194,0.00124,0.46746
CVE-2014-4195,0.00225,0.60885
CVE-2014-4196,0.00131,0.48045
CVE-2014-4197,0.00167,0.53525
CVE-2014-4198,0.00414,0.71442
CVE-2014-4199,0.00042,0.05722
CVE-2014-4200,0.00042,0.05722
CVE-2014-4201,0.01684,0.86411
CVE-2014-4202,0.01684,0.86411
CVE-2014-4203,0.00060,0.23365
CVE-2014-4204,0.00248,0.62809
CVE-2014-4205,0.00493,0.73705
CVE-2014-4206,0.00060,0.23365
CVE-2014-4207,0.00195,0.57456
CVE-2014-4208,0.00720,0.78612
CVE-2014-4209,0.01078,0.82767
CVE-2014-4210,0.96955,0.99674
CVE-2014-4211,0.00497,0.73794
CVE-2014-4212,0.00573,0.75627
CVE-2014-4213,0.00465,0.72924
CVE-2014-4214,0.00775,0.79470
CVE-2014-4215,0.00060,0.23612
CVE-2014-4216,0.02187,0.88311
CVE-2014-4217,0.00428,0.71848
CVE-2014-4218,0.01132,0.83193
CVE-2014-4219,0.09949,0.94354
CVE-2014-4220,0.00861,0.80543
CVE-2014-4221,0.00686,0.78010
CVE-2014-4222,0.00306,0.66783
CVE-2014-4223,0.01454,0.85355
CVE-2014-4224,0.00060,0.23612
CVE-2014-4225,0.00044,0.10704
CVE-2014-4226,0.01162,0.83441
CVE-2014-4227,0.06341,0.92972
CVE-2014-4228,0.00074,0.30723
CVE-2014-4229,0.00306,0.66783
CVE-2014-4230,0.00493,0.73705
CVE-2014-4231,0.00493,0.73705
CVE-2014-4232,0.00339,0.68489
CVE-2014-4233,0.00775,0.79470
CVE-2014-4234,0.00690,0.78084
CVE-2014-4235,0.00245,0.62621
CVE-2014-4236,0.00407,0.71192
CVE-2014-4237,0.00306,0.66783
CVE-2014-4238,0.00775,0.79470
CVE-2014-4239,0.00193,0.57240
CVE-2014-4240,0.00060,0.23365
CVE-2014-4241,0.01123,0.83133
CVE-2014-4242,0.00428,0.71848
CVE-2014-4243,0.00327,0.67892
CVE-2014-4244,0.00849,0.80415
CVE-2014-4245,0.00305,0.66734
CVE-2014-4246,0.00306,0.66783
CVE-2014-4247,0.01162,0.83441
CVE-2014-4248,0.00074,0.30723
CVE-2014-4249,0.90539,0.98606
CVE-2014-4250,0.00288,0.65707
CVE-2014-4251,0.00263,0.64060
CVE-2014-4252,0.01078,0.82767
CVE-2014-4253,0.01684,0.86411
CVE-2014-4254,0.01954,0.87513
CVE-2014-4255,0.01954,0.87513
CVE-2014-4256,0.00428,0.71848
CVE-2014-4257,0.00407,0.71176
CVE-2014-4258,0.00132,0.48271
CVE-2014-4259,0.00324,0.67747
CVE-2014-4260,0.00186,0.56038
CVE-2014-4261,0.00074,0.30723
CVE-2014-4262,0.56518,0.97409
CVE-2014-4263,0.00849,0.80415
CVE-2014-4264,0.02226,0.88415
CVE-2014-4265,0.00917,0.81189
CVE-2014-4266,0.00917,0.81189
CVE-2014-4267,0.01954,0.87513
CVE-2014-4268,0.00874,0.80676
CVE-2014-4269,0.00306,0.66783
CVE-2014-4270,0.00306,0.66783
CVE-2014-4271,0.01410,0.85118
CVE-2014-4274,0.00060,0.23365
CVE-2014-4275,0.00044,0.10704
CVE-2014-4276,0.00563,0.75421
CVE-2014-4277,0.00310,0.66988
CVE-2014-4278,0.00981,0.81855
CVE-2014-4279,0.00073,0.30397
CVE-2014-4280,0.00044,0.10704
CVE-2014-4281,0.00249,0.62919
CVE-2014-4282,0.00044,0.10704
CVE-2014-4283,0.00318,0.67463
CVE-2014-4284,0.00044,0.10704
CVE-2014-4285,0.00262,0.63963
CVE-2014-4287,0.00142,0.49971
CVE-2014-4288,0.01850,0.87085
CVE-2014-4289,0.00082,0.34129
CVE-2014-4290,0.00086,0.35594
CVE-2014-4291,0.00086,0.35594
CVE-2014-4292,0.00086,0.35594
CVE-2014-4293,0.00086,0.35594
CVE-2014-4294,0.00086,0.35594
CVE-2014-4295,0.00086,0.35594
CVE-2014-4296,0.00086,0.35594
CVE-2014-4297,0.00086,0.35594
CVE-2014-4298,0.00086,0.35594
CVE-2014-4299,0.00086,0.35594
CVE-2014-4300,0.00086,0.35594
CVE-2014-4301,0.00160,0.52660
CVE-2014-4302,0.00140,0.49644
CVE-2014-4303,0.00105,0.42407
CVE-2014-4304,0.00201,0.57986
CVE-2014-4305,0.00249,0.62909
CVE-2014-4306,0.00405,0.71100
CVE-2014-4307,0.00232,0.61379
CVE-2014-4308,0.00225,0.60798
CVE-2014-4309,0.00131,0.48059
CVE-2014-4310,0.00086,0.35594
CVE-2014-4311,0.00257,0.63605
CVE-2014-4312,0.00302,0.66494
CVE-2014-4313,0.00141,0.49813
CVE-2014-4322,0.00046,0.13802
CVE-2014-4323,0.00103,0.41576
CVE-2014-4325,0.00092,0.38715
CVE-2014-4326,0.00455,0.72671
CVE-2014-4329,0.00352,0.69079
CVE-2014-4330,0.00125,0.46948
CVE-2014-4331,0.00290,0.65829
CVE-2014-4333,0.00256,0.63509
CVE-2014-4334,0.40688,0.96950
CVE-2014-4335,0.00155,0.51807
CVE-2014-4336,0.00118,0.45689
CVE-2014-4337,0.00609,0.76394
CVE-2014-4338,0.00564,0.75431
CVE-2014-4341,0.04698,0.91856
CVE-2014-4342,0.22803,0.96113
CVE-2014-4343,0.03261,0.90340
CVE-2014-4344,0.12362,0.94934
CVE-2014-4345,0.01494,0.85544
CVE-2014-4346,0.00272,0.64683
CVE-2014-4347,0.00457,0.72708
CVE-2014-4348,0.00124,0.46696
CVE-2014-4349,0.00149,0.50957
CVE-2014-4350,0.31679,0.96605
CVE-2014-4351,0.02796,0.89635
CVE-2014-4352,0.00054,0.19312
CVE-2014-4353,0.00137,0.49040
CVE-2014-4354,0.00889,0.80874
CVE-2014-4356,0.00146,0.50556
CVE-2014-4357,0.00059,0.23170
CVE-2014-4361,0.00306,0.66773
CVE-2014-4362,0.00306,0.66773
CVE-2014-4363,0.00350,0.68997
CVE-2014-4364,0.00392,0.70703
CVE-2014-4366,0.00540,0.74933
CVE-2014-4367,0.00059,0.22821
CVE-2014-4368,0.00221,0.60277
CVE-2014-4369,0.00913,0.81141
CVE-2014-4371,0.00125,0.46871
CVE-2014-4372,0.00042,0.05722
CVE-2014-4373,0.00210,0.58996
CVE-2014-4374,0.00365,0.69608
CVE-2014-4375,0.00042,0.05722
CVE-2014-4376,0.00742,0.78939
CVE-2014-4377,0.01207,0.83802
CVE-2014-4378,0.01116,0.83065
CVE-2014-4379,0.00135,0.48793
CVE-2014-4380,0.00292,0.65959
CVE-2014-4381,0.00276,0.64897
CVE-2014-4383,0.00213,0.59365
CVE-2014-4384,0.00079,0.33053
CVE-2014-4386,0.00042,0.05722
CVE-2014-4388,0.00253,0.63242
CVE-2014-4389,0.00433,0.71988
CVE-2014-4390,0.00298,0.66353
CVE-2014-4391,0.02886,0.89782
CVE-2014-4393,0.02266,0.88533
CVE-2014-4394,0.00685,0.77998
CVE-2014-4395,0.00685,0.77998
CVE-2014-4396,0.00685,0.77998
CVE-2014-4397,0.00685,0.77998
CVE-2014-4398,0.00685,0.77998
CVE-2014-4399,0.00685,0.77998
CVE-2014-4400,0.00685,0.77998
CVE-2014-4401,0.00685,0.77998
CVE-2014-4402,0.00532,0.74697
CVE-2014-4403,0.00042,0.05722
CVE-2014-4404,0.00640,0.77061
CVE-2014-4405,0.00293,0.66030
CVE-2014-4406,0.00287,0.65666
CVE-2014-4407,0.00150,0.51055
CVE-2014-4408,0.00042,0.05722
CVE-2014-4409,0.00494,0.73715
CVE-2014-4410,0.01168,0.83493
CVE-2014-4411,0.01168,0.83493
CVE-2014-4412,0.01224,0.83935
CVE-2014-4413,0.01168,0.83493
CVE-2014-4414,0.01168,0.83493
CVE-2014-4415,0.01118,0.83080
CVE-2014-4416,0.00685,0.77998
CVE-2014-4417,0.00957,0.81619
CVE-2014-4418,0.00239,0.62053
CVE-2014-4419,0.00162,0.52899
CVE-2014-4420,0.00162,0.52899
CVE-2014-4421,0.00162,0.52899
CVE-2014-4422,0.00869,0.80632
CVE-2014-4423,0.00125,0.46952
CVE-2014-4424,0.00584,0.75875
CVE-2014-4425,0.00062,0.24773
CVE-2014-4426,0.00596,0.76129
CVE-2014-4427,0.00495,0.73747
CVE-2014-4428,0.00703,0.78298
CVE-2014-4430,0.00115,0.45181
CVE-2014-4431,0.00060,0.23636
CVE-2014-4432,0.00115,0.45181
CVE-2014-4433,0.00080,0.33249
CVE-2014-4434,0.00062,0.24773
CVE-2014-4435,0.00191,0.56824
CVE-2014-4436,0.00168,0.53600
CVE-2014-4437,0.00192,0.56919
CVE-2014-4438,0.00062,0.24773
CVE-2014-4439,0.00458,0.72742
CVE-2014-4440,0.00267,0.64318
CVE-2014-4441,0.00469,0.73030
CVE-2014-4442,0.00042,0.05722
CVE-2014-4443,0.02001,0.87681
CVE-2014-4444,0.00042,0.05722
CVE-2014-4446,0.00170,0.54122
CVE-2014-4447,0.00042,0.05722
CVE-2014-4448,0.00115,0.45181
CVE-2014-4449,0.00122,0.46379
CVE-2014-4450,0.00145,0.50323
CVE-2014-4451,0.00062,0.24773
CVE-2014-4452,0.00857,0.80502
CVE-2014-4453,0.00690,0.78082
CVE-2014-4455,0.00044,0.08000
CVE-2014-4457,0.00467,0.72977
CVE-2014-4458,0.00651,0.77280
CVE-2014-4459,0.01902,0.87323
CVE-2014-4460,0.00062,0.24540
CVE-2014-4461,0.00301,0.66476
CVE-2014-4462,0.02095,0.88003
CVE-2014-4463,0.00061,0.23941
CVE-2014-4465,0.00400,0.70966
CVE-2014-4466,0.01359,0.84850
CVE-2014-4467,0.00163,0.52995
CVE-2014-4468,0.00775,0.79466
CVE-2014-4469,0.00775,0.79466
CVE-2014-4470,0.00775,0.79466
CVE-2014-4471,0.00775,0.79466
CVE-2014-4472,0.00775,0.79466
CVE-2014-4473,0.00775,0.79466
CVE-2014-4474,0.00775,0.79466
CVE-2014-4475,0.00775,0.79466
CVE-2014-4476,0.01004,0.82080
CVE-2014-4477,0.03755,0.90964
CVE-2014-4479,0.01004,0.82080
CVE-2014-4480,0.00880,0.80758
CVE-2014-4481,0.02254,0.88496
CVE-2014-4483,0.03162,0.90182
CVE-2014-4484,0.13518,0.95123
CVE-2014-4485,0.03406,0.90541
CVE-2014-4486,0.00804,0.79888
CVE-2014-4487,0.01509,0.85644
CVE-2014-4488,0.02084,0.87963
CVE-2014-4489,0.02084,0.87963
CVE-2014-4491,0.00368,0.69783
CVE-2014-4492,0.02872,0.89760
CVE-2014-4493,0.00305,0.66670
CVE-2014-4494,0.00326,0.67877
CVE-2014-4495,0.02192,0.88319
CVE-2014-4496,0.00373,0.69957
CVE-2014-4497,0.00588,0.75984
CVE-2014-4498,0.00111,0.44158
CVE-2014-4499,0.00042,0.05722
CVE-2014-4501,0.00661,0.77503
CVE-2014-4502,0.01011,0.82139
CVE-2014-4503,0.00080,0.33495
CVE-2014-4505,0.00220,0.60154
CVE-2014-4506,0.00111,0.44215
CVE-2014-4507,0.00470,0.73058
CVE-2014-4508,0.00042,0.05722
CVE-2014-4509,0.00042,0.05722
CVE-2014-4510,0.00665,0.77604
CVE-2014-4511,0.96967,0.99681
CVE-2014-4513,0.00145,0.50355
CVE-2014-4514,0.00155,0.51807
CVE-2014-4515,0.00225,0.60885
CVE-2014-4516,0.00140,0.49644
CVE-2014-4517,0.00140,0.49644
CVE-2014-4518,0.00140,0.49644
CVE-2014-4519,0.00131,0.48045
CVE-2014-4520,0.00158,0.52308
CVE-2014-4521,0.00155,0.51807
CVE-2014-4522,0.00140,0.49644
CVE-2014-4523,0.00131,0.48045
CVE-2014-4524,0.00193,0.57215
CVE-2014-4525,0.00145,0.50371
CVE-2014-4526,0.00140,0.49644
CVE-2014-4527,0.00155,0.51807
CVE-2014-4528,0.00140,0.49644
CVE-2014-4529,0.00140,0.49644
CVE-2014-4530,0.00087,0.36434
CVE-2014-4531,0.00140,0.49644
CVE-2014-4532,0.00155,0.51807
CVE-2014-4533,0.00140,0.49644
CVE-2014-4534,0.00140,0.49644
CVE-2014-4535,0.00135,0.48696
CVE-2014-4536,0.00149,0.50952
CVE-2014-4537,0.00140,0.49644
CVE-2014-4538,0.00140,0.49644
CVE-2014-4539,0.00135,0.48696
CVE-2014-4540,0.00140,0.49644
CVE-2014-4541,0.00140,0.49644
CVE-2014-4542,0.00140,0.49644
CVE-2014-4543,0.00225,0.60885
CVE-2014-4544,0.00118,0.45703
CVE-2014-4545,0.00225,0.60885
CVE-2014-4546,0.00140,0.49644
CVE-2014-4547,0.00155,0.51807
CVE-2014-4548,0.00131,0.48045
CVE-2014-4549,0.00204,0.58403
CVE-2014-4550,0.00135,0.48696
CVE-2014-4551,0.00140,0.49644
CVE-2014-4552,0.00140,0.49644
CVE-2014-4553,0.00131,0.48045
CVE-2014-4554,0.00193,0.57215
CVE-2014-4555,0.00140,0.49644
CVE-2014-4556,0.00140,0.49644
CVE-2014-4557,0.00140,0.49644
CVE-2014-4558,0.00135,0.48696
CVE-2014-4559,0.00131,0.48045
CVE-2014-4560,0.00140,0.49644
CVE-2014-4561,0.00098,0.40395
CVE-2014-4563,0.00140,0.49644
CVE-2014-4564,0.00140,0.49644
CVE-2014-4565,0.00140,0.49644
CVE-2014-4566,0.00140,0.49644
CVE-2014-4567,0.00145,0.50371
CVE-2014-4568,0.00155,0.51807
CVE-2014-4569,0.00184,0.55757
CVE-2014-4570,0.00262,0.63953
CVE-2014-4571,0.00225,0.60885
CVE-2014-4572,0.00140,0.49644
CVE-2014-4573,0.00140,0.49644
CVE-2014-4574,0.00193,0.57215
CVE-2014-4575,0.00140,0.49644
CVE-2014-4576,0.00140,0.49644
CVE-2014-4577,0.01705,0.86494
CVE-2014-4578,0.00140,0.49644
CVE-2014-4579,0.00140,0.49644
CVE-2014-4580,0.00140,0.49644
CVE-2014-4581,0.00140,0.49644
CVE-2014-4582,0.00140,0.49644
CVE-2014-4583,0.00140,0.49644
CVE-2014-4584,0.00140,0.49644
CVE-2014-4585,0.00140,0.49644
CVE-2014-4586,0.00140,0.49644
CVE-2014-4587,0.00225,0.60885
CVE-2014-4588,0.00140,0.49644
CVE-2014-4589,0.00155,0.51807
CVE-2014-4590,0.00140,0.49644
CVE-2014-4591,0.00140,0.49644
CVE-2014-4592,0.00135,0.48696
CVE-2014-4593,0.00140,0.49644
CVE-2014-4594,0.00184,0.55757
CVE-2014-4595,0.00140,0.49644
CVE-2014-4596,0.00225,0.60885
CVE-2014-4597,0.00155,0.51807
CVE-2014-4598,0.00193,0.57215
CVE-2014-4599,0.00140,0.49644
CVE-2014-4600,0.00155,0.51807
CVE-2014-4601,0.00140,0.49644
CVE-2014-4602,0.00140,0.49644
CVE-2014-4603,0.00225,0.60885
CVE-2014-4604,0.00140,0.49644
CVE-2014-4605,0.00140,0.49644
CVE-2014-4606,0.00140,0.49644
CVE-2014-4607,0.01018,0.82201
CVE-2014-4608,0.01312,0.84543
CVE-2014-4609,0.19315,0.95856
CVE-2014-4610,0.06608,0.93130
CVE-2014-4611,0.00894,0.80922
CVE-2014-4612,0.00184,0.55804
CVE-2014-4613,0.01214,0.83852
CVE-2014-4614,0.00164,0.53119
CVE-2014-4615,0.00629,0.76846
CVE-2014-4616,0.00307,0.66798
CVE-2014-4617,0.01494,0.85542
CVE-2014-4618,0.00324,0.67783
CVE-2014-4619,0.02101,0.88023
CVE-2014-4620,0.00042,0.05722
CVE-2014-4621,0.00324,0.67783
CVE-2014-4622,0.00324,0.67783
CVE-2014-4623,0.00188,0.56435
CVE-2014-4624,0.00627,0.76807
CVE-2014-4626,0.00198,0.57764
CVE-2014-4627,0.00160,0.52573
CVE-2014-4628,0.00146,0.50565
CVE-2014-4629,0.00324,0.67783
CVE-2014-4630,0.00084,0.34818
CVE-2014-4631,0.00458,0.72745
CVE-2014-4632,0.00065,0.26910
CVE-2014-4633,0.00146,0.50565
CVE-2014-4634,0.00042,0.05722
CVE-2014-4635,0.00192,0.57132
CVE-2014-4636,0.00159,0.52409
CVE-2014-4637,0.00245,0.62586
CVE-2014-4638,0.00317,0.67395
CVE-2014-4639,0.00246,0.62649
CVE-2014-4643,0.01294,0.84436
CVE-2014-4644,0.00115,0.45144
CVE-2014-4645,0.00252,0.63195
CVE-2014-4646,0.00527,0.74578
CVE-2014-4647,0.79014,0.98015
CVE-2014-4648,0.00251,0.63083
CVE-2014-4649,0.00104,0.42003
CVE-2014-4650,0.24553,0.96229
CVE-2014-4651,0.00176,0.54778
CVE-2014-4652,0.00044,0.08000
CVE-2014-4653,0.00044,0.08000
CVE-2014-4654,0.00044,0.08000
CVE-2014-4655,0.00044,0.08000
CVE-2014-4656,0.00044,0.08000
CVE-2014-4657,0.03685,0.90883
CVE-2014-4658,0.00042,0.05722
CVE-2014-4659,0.00042,0.05722
CVE-2014-4660,0.00042,0.05722
CVE-2014-4661,0.01404,0.85094
CVE-2014-4663,0.12491,0.94950
CVE-2014-4664,0.00349,0.68936
CVE-2014-4667,0.07137,0.93375
CVE-2014-4668,0.02036,0.87798
CVE-2014-4669,0.00175,0.54690
CVE-2014-4670,0.00249,0.62911
CVE-2014-4671,0.01558,0.85888
CVE-2014-4672,0.00554,0.75232
CVE-2014-4677,0.00042,0.05722
CVE-2014-4678,0.13938,0.95183
CVE-2014-4682,0.00324,0.67763
CVE-2014-4683,0.00136,0.48938
CVE-2014-4684,0.00229,0.61172
CVE-2014-4685,0.00042,0.05722
CVE-2014-4686,0.00434,0.72019
CVE-2014-4687,0.00166,0.53347
CVE-2014-4688,0.00643,0.77109
CVE-2014-4689,0.00482,0.73406
CVE-2014-4690,0.00456,0.72691
CVE-2014-4691,0.00486,0.73526
CVE-2014-4692,0.00382,0.70292
CVE-2014-4693,0.00166,0.53347
CVE-2014-4694,0.00166,0.53347
CVE-2014-4695,0.00166,0.53347
CVE-2014-4696,0.00166,0.53347
CVE-2014-4698,0.00292,0.65973
CVE-2014-4699,0.00042,0.00438
CVE-2014-4700,0.00223,0.60684
CVE-2014-4701,0.00048,0.14793
CVE-2014-4702,0.00060,0.23520
CVE-2014-4703,0.00045,0.12509
CVE-2014-4705,0.00196,0.57556
CVE-2014-4706,0.00129,0.47682
CVE-2014-4707,0.00078,0.32093
CVE-2014-4710,0.00225,0.60809
CVE-2014-4715,0.00560,0.75332
CVE-2014-4716,0.01010,0.82129
CVE-2014-4717,0.00348,0.68880
CVE-2014-4718,0.00876,0.80722
CVE-2014-4719,0.00155,0.51807
CVE-2014-4720,0.00333,0.68270
CVE-2014-4721,0.00742,0.78942
CVE-2014-4722,0.00107,0.43129
CVE-2014-4723,0.00140,0.49644
CVE-2014-4724,0.00155,0.51807
CVE-2014-4725,0.38758,0.96885
CVE-2014-4726,0.00259,0.63671
CVE-2014-4727,0.00412,0.71346
CVE-2014-4728,0.02642,0.89345
CVE-2014-4734,0.01640,0.86260
CVE-2014-4735,0.00304,0.66657
CVE-2014-4736,0.00100,0.40852
CVE-2014-4737,0.00309,0.66960
CVE-2014-4738,0.00254,0.63423
CVE-2014-4741,0.00108,0.43318
CVE-2014-4742,0.00204,0.58403
CVE-2014-4743,0.00214,0.59432
CVE-2014-4744,0.00204,0.58403
CVE-2014-4746,0.00376,0.70037
CVE-2014-4747,0.00051,0.17134
CVE-2014-4748,0.00250,0.63004
CVE-2014-4749,0.00125,0.46947
CVE-2014-4750,0.00291,0.65917
CVE-2014-4751,0.00178,0.55082
CVE-2014-4752,0.00497,0.73807
CVE-2014-4756,0.00155,0.51814
CVE-2014-4757,0.00042,0.05722
CVE-2014-4758,0.00106,0.42913
CVE-2014-4759,0.00111,0.44120
CVE-2014-4760,0.00342,0.68614
CVE-2014-4761,0.00125,0.46854
CVE-2014-4762,0.00088,0.37139
CVE-2014-4763,0.00128,0.47491
CVE-2014-4764,0.00741,0.78929
CVE-2014-4765,0.00177,0.54905
CVE-2014-4766,0.00289,0.65807
CVE-2014-4767,0.00692,0.78119
CVE-2014-4768,0.00132,0.48181
CVE-2014-4769,0.00109,0.43854
CVE-2014-4770,0.00116,0.45387
CVE-2014-4771,0.00239,0.62030
CVE-2014-4774,0.00158,0.52238
CVE-2014-4775,0.00288,0.65699
CVE-2014-4776,0.00349,0.68955
CVE-2014-4778,0.00158,0.52279
CVE-2014-4781,0.00177,0.54905
CVE-2014-4782,0.00106,0.42988
CVE-2014-4783,0.00113,0.44663
CVE-2014-4784,0.00213,0.59314
CVE-2014-4785,0.00079,0.33023
CVE-2014-4786,0.00091,0.38073
CVE-2014-4787,0.00085,0.35330
CVE-2014-4788,0.00404,0.71066
CVE-2014-4789,0.00519,0.74375
CVE-2014-4790,0.00117,0.45555
CVE-2014-4792,0.00271,0.64561
CVE-2014-4793,0.00206,0.58614
CVE-2014-4801,0.00063,0.25667
CVE-2014-4802,0.00096,0.39775
CVE-2014-4803,0.00068,0.28080
CVE-2014-4804,0.00177,0.54905
CVE-2014-4805,0.00042,0.05722
CVE-2014-4806,0.00042,0.05722
CVE-2014-4807,0.00239,0.62030
CVE-2014-4808,0.00407,0.71194
CVE-2014-4809,0.00741,0.78929
CVE-2014-4810,0.00275,0.64812
CVE-2014-4811,0.00635,0.76941
CVE-2014-4812,0.00235,0.61615
CVE-2014-4813,0.00042,0.05722
CVE-2014-4814,0.00333,0.68263
CVE-2014-4815,0.00135,0.48656
CVE-2014-4816,0.00113,0.44725
CVE-2014-4817,0.00149,0.50914
CVE-2014-4818,0.00042,0.05722
CVE-2014-4819,0.00139,0.49396
CVE-2014-4820,0.00178,0.55082
CVE-2014-4821,0.00311,0.67043
CVE-2014-4822,0.00042,0.05722
CVE-2014-4823,0.02364,0.88764
CVE-2014-4824,0.00117,0.45472
CVE-2014-4825,0.00093,0.39205
CVE-2014-4826,0.00289,0.65807
CVE-2014-4827,0.00125,0.46984
CVE-2014-4828,0.00085,0.35455
CVE-2014-4829,0.00127,0.47354
CVE-2014-4830,0.00267,0.64369
CVE-2014-4831,0.00177,0.54905
CVE-2014-4832,0.00288,0.65699
CVE-2014-4833,0.00199,0.57885
CVE-2014-4834,0.00936,0.81386
CVE-2014-4835,0.00042,0.05722
CVE-2014-4836,0.00086,0.35693
CVE-2014-4837,0.00086,0.35693
CVE-2014-4838,0.00086,0.35693
CVE-2014-4839,0.00076,0.31194
CVE-2014-4840,0.02433,0.88931
CVE-2014-4843,0.00111,0.44136
CVE-2014-4844,0.00186,0.55904
CVE-2014-4845,0.00225,0.60885
CVE-2014-4846,0.00225,0.60885
CVE-2014-4847,0.00225,0.60885
CVE-2014-4848,0.00225,0.60885
CVE-2014-4849,0.00140,0.49644
CVE-2014-4850,0.00184,0.55767
CVE-2014-4851,0.00224,0.60796
CVE-2014-4852,0.00124,0.46746
CVE-2014-4853,0.00220,0.60154
CVE-2014-4854,0.00225,0.60885
CVE-2014-4855,0.00140,0.49569
CVE-2014-4856,0.00140,0.49569
CVE-2014-4857,0.00196,0.57536
CVE-2014-4858,0.00125,0.46895
CVE-2014-4859,0.00077,0.31786
CVE-2014-4860,0.00066,0.27430
CVE-2014-4861,0.00222,0.60556
CVE-2014-4862,0.00379,0.70191
CVE-2014-4863,0.02195,0.88324
CVE-2014-4864,0.00317,0.67418
CVE-2014-4865,0.00164,0.53132
CVE-2014-4867,0.00042,0.00438
CVE-2014-4868,0.00212,0.59187
CVE-2014-4869,0.00223,0.60709
CVE-2014-4870,0.00042,0.00438
CVE-2014-4871,0.00208,0.58771
CVE-2014-4872,0.95719,0.99302
CVE-2014-4873,0.00321,0.67605
CVE-2014-4874,0.00123,0.46652
CVE-2014-4875,0.00143,0.50097
CVE-2014-4876,0.00116,0.45255
CVE-2014-4877,0.07815,0.93617
CVE-2014-4880,0.95764,0.99312
CVE-2014-4881,0.00049,0.15785
CVE-2014-4882,0.00421,0.71663
CVE-2014-4883,0.00090,0.37865
CVE-2014-4884,0.00049,0.15785
CVE-2014-4885,0.00049,0.15785
CVE-2014-4887,0.00049,0.15785
CVE-2014-4888,0.00049,0.15785
CVE-2014-4889,0.00049,0.15785
CVE-2014-4890,0.00049,0.15785
CVE-2014-4891,0.00049,0.15785
CVE-2014-4892,0.00049,0.15785
CVE-2014-4894,0.00049,0.15785
CVE-2014-4895,0.00049,0.15785
CVE-2014-4896,0.00049,0.15785
CVE-2014-4897,0.00049,0.15785
CVE-2014-4898,0.00049,0.15785
CVE-2014-4899,0.00049,0.15785
CVE-2014-4900,0.00049,0.15785
CVE-2014-4901,0.00049,0.15785
CVE-2014-4903,0.00049,0.15785
CVE-2014-4904,0.00049,0.15785
CVE-2014-4905,0.00049,0.15785
CVE-2014-4906,0.00049,0.15785
CVE-2014-4907,0.00378,0.70132
CVE-2014-4908,0.00294,0.66119
CVE-2014-4909,0.04003,0.91207
CVE-2014-4910,0.00999,0.82036
CVE-2014-4911,0.00440,0.72232
CVE-2014-4912,0.03683,0.90881
CVE-2014-4913,0.01345,0.84733
CVE-2014-4914,0.00520,0.74400
CVE-2014-4919,0.00162,0.52846
CVE-2014-4925,0.00106,0.42729
CVE-2014-4927,0.77370,0.97965
CVE-2014-4928,0.00110,0.44091
CVE-2014-4929,0.00749,0.79039
CVE-2014-4930,0.00240,0.62125
CVE-2014-4932,0.00124,0.46744
CVE-2014-4936,0.01447,0.85321
CVE-2014-4937,0.04471,0.91644
CVE-2014-4938,0.00135,0.48817
CVE-2014-4939,0.00102,0.41296
CVE-2014-4940,0.03891,0.91112
CVE-2014-4941,0.01377,0.84956
CVE-2014-4942,0.01024,0.82243
CVE-2014-4943,0.00042,0.00438
CVE-2014-4944,0.00079,0.33120
CVE-2014-4945,0.00264,0.64130
CVE-2014-4946,0.00265,0.64187
CVE-2014-4947,0.00663,0.77564
CVE-2014-4948,0.00426,0.71786
CVE-2014-4954,0.00089,0.37437
CVE-2014-4955,0.00150,0.51171
CVE-2014-4958,0.00219,0.59940
CVE-2014-4959,0.00198,0.57756
CVE-2014-4960,0.00087,0.36045
CVE-2014-4962,0.00322,0.67665
CVE-2014-4963,0.00415,0.71479
CVE-2014-4964,0.00158,0.52245
CVE-2014-4965,0.00193,0.57215
CVE-2014-4966,0.01362,0.84865
CVE-2014-4967,0.00820,0.80050
CVE-2014-4968,0.02122,0.88076
CVE-2014-4971,0.00080,0.33383
CVE-2014-4972,0.10987,0.94637
CVE-2014-4973,0.00042,0.05722
CVE-2014-4974,0.00042,0.05722
CVE-2014-4975,0.00291,0.65900
CVE-2014-4976,0.00768,0.79341
CVE-2014-4977,0.95940,0.99349
CVE-2014-4978,0.00042,0.05722
CVE-2014-4979,0.35216,0.96749
CVE-2014-4980,0.00592,0.76068
CVE-2014-4981,0.04663,0.91824
CVE-2014-4982,0.01563,0.85914
CVE-2014-4984,0.02077,0.87940
CVE-2014-4986,0.00156,0.52015
CVE-2014-4987,0.00166,0.53307
CVE-2014-4991,0.00042,0.05722
CVE-2014-4992,0.00042,0.05722
CVE-2014-4993,0.00042,0.05722
CVE-2014-4994,0.00042,0.05722
CVE-2014-4995,0.00042,0.05722
CVE-2014-4996,0.00042,0.05722
CVE-2014-4997,0.00042,0.05722
CVE-2014-4998,0.00042,0.05722
CVE-2014-4999,0.00042,0.05722
CVE-2014-5000,0.00042,0.05722
CVE-2014-5001,0.00042,0.05722
CVE-2014-5002,0.00043,0.07658
CVE-2014-5003,0.00042,0.05722
CVE-2014-5004,0.00042,0.05722
CVE-2014-5005,0.97218,0.99804
CVE-2014-5006,0.91783,0.98730
CVE-2014-5007,0.01454,0.85357
CVE-2014-5008,0.01480,0.85463
CVE-2014-5009,0.01223,0.83926
CVE-2014-5011,0.00127,0.47224
CVE-2014-5012,0.00069,0.28545
CVE-2014-5013,0.00568,0.75511
CVE-2014-5014,0.00240,0.62089
CVE-2014-5015,0.00718,0.78553
CVE-2014-5016,0.00159,0.52365
CVE-2014-5017,0.00170,0.54043
CVE-2014-5018,0.00170,0.54127
CVE-2014-5019,0.00151,0.51287
CVE-2014-5020,0.00115,0.45208
CVE-2014-5021,0.00068,0.28383
CVE-2014-5022,0.00135,0.48865
CVE-2014-5023,0.01572,0.85943
CVE-2014-5024,0.00542,0.74976
CVE-2014-5025,0.00130,0.47823
CVE-2014-5026,0.00177,0.54916
CVE-2014-5027,0.00302,0.66501
CVE-2014-5028,0.00247,0.62759
CVE-2014-5029,0.00042,0.05722
CVE-2014-5030,0.00042,0.05722
CVE-2014-5031,0.00516,0.74300
CVE-2014-5032,0.00452,0.72576
CVE-2014-5033,0.00042,0.05722
CVE-2014-5034,0.01150,0.83340
CVE-2014-5035,0.00788,0.79655
CVE-2014-5036,0.00042,0.05722
CVE-2014-5037,0.00042,0.05722
CVE-2014-5038,0.00042,0.05722
CVE-2014-5039,0.00303,0.66570
CVE-2014-5040,0.00106,0.42777
CVE-2014-5044,0.02650,0.89360
CVE-2014-5045,0.00042,0.05722
CVE-2014-5068,0.00337,0.68424
CVE-2014-5069,0.00133,0.48383
CVE-2014-5070,0.00251,0.63154
CVE-2014-5071,0.00119,0.45992
CVE-2014-5072,0.00091,0.38526
CVE-2014-5073,0.91169,0.98666
CVE-2014-5074,0.52259,0.97306
CVE-2014-5075,0.00074,0.30752
CVE-2014-5076,0.00242,0.62329
CVE-2014-5077,0.02747,0.89557
CVE-2014-5081,0.04381,0.91568
CVE-2014-5082,0.00167,0.53525
CVE-2014-5083,0.00129,0.47558
CVE-2014-5084,0.00129,0.47558
CVE-2014-5085,0.00129,0.47558
CVE-2014-5086,0.00129,0.47558
CVE-2014-5087,0.01813,0.86911
CVE-2014-5088,0.00155,0.51807
CVE-2014-5089,0.00121,0.46270
CVE-2014-5090,0.00194,0.57338
CVE-2014-5091,0.23008,0.96129
CVE-2014-5092,0.01880,0.87220
CVE-2014-5093,0.02222,0.88406
CVE-2014-5094,0.00661,0.77537
CVE-2014-5097,0.00087,0.36045
CVE-2014-5098,0.00398,0.70920
CVE-2014-5100,0.00836,0.80268
CVE-2014-5101,0.00185,0.55840
CVE-2014-5102,0.00156,0.52068
CVE-2014-5103,0.00247,0.62723
CVE-2014-5104,0.00094,0.39316
CVE-2014-5105,0.00225,0.60885
CVE-2014-5106,0.00192,0.57132
CVE-2014-5107,0.00224,0.60786
CVE-2014-5108,0.00143,0.50060
CVE-2014-5109,0.00171,0.54187
CVE-2014-5110,0.00147,0.50613
CVE-2014-5111,0.03716,0.90915
CVE-2014-5112,0.01402,0.85080
CVE-2014-5113,0.00297,0.66282
CVE-2014-5114,0.00414,0.71431
CVE-2014-5115,0.05327,0.92361
CVE-2014-5116,0.03436,0.90585
CVE-2014-5117,0.00628,0.76823
CVE-2014-5118,0.00048,0.14583
CVE-2014-5119,0.01108,0.83005
CVE-2014-5120,0.00535,0.74787
CVE-2014-5121,0.00192,0.57132
CVE-2014-5122,0.00280,0.65203
CVE-2014-5127,0.00280,0.65203
CVE-2014-5128,0.00377,0.70123
CVE-2014-5129,0.00104,0.41987
CVE-2014-5130,0.00162,0.52847
CVE-2014-5131,0.00162,0.52847
CVE-2014-5132,0.00095,0.39624
CVE-2014-5136,0.00140,0.49569
CVE-2014-5137,0.00352,0.69066
CVE-2014-5138,0.00160,0.52669
CVE-2014-5139,0.05459,0.92463
CVE-2014-5140,0.01488,0.85504
CVE-2014-5144,0.00177,0.54890
CVE-2014-5146,0.00062,0.24773
CVE-2014-5147,0.00044,0.10161
CVE-2014-5148,0.00062,0.24773
CVE-2014-5149,0.00062,0.24773
CVE-2014-5158,0.92303,0.98786
CVE-2014-5159,0.00784,0.79567
CVE-2014-5160,0.96344,0.99458
CVE-2014-5161,0.00381,0.70256
CVE-2014-5162,0.00381,0.70256
CVE-2014-5163,0.01120,0.83105
CVE-2014-5164,0.01120,0.83105
CVE-2014-5165,0.01067,0.82666
CVE-2014-5169,0.00111,0.44215
CVE-2014-5170,0.02019,0.87741
CVE-2014-5171,0.00333,0.68257
CVE-2014-5172,0.00311,0.67058
CVE-2014-5173,0.00512,0.74215
CVE-2014-5174,0.00232,0.61400
CVE-2014-5175,0.01946,0.87480
CVE-2014-5176,0.00740,0.78914
CVE-2014-5177,0.00064,0.26184
CVE-2014-5178,0.00204,0.58414
CVE-2014-5179,0.00260,0.63845
CVE-2014-5180,0.00091,0.38504
CVE-2014-5181,0.01377,0.84956
CVE-2014-5182,0.00196,0.57537
CVE-2014-5183,0.00122,0.46461
CVE-2014-5184,0.00109,0.43807
CVE-2014-5185,0.00109,0.43807
CVE-2014-5186,0.00109,0.43807
CVE-2014-5187,0.01377,0.84956
CVE-2014-5188,0.00290,0.65829
CVE-2014-5189,0.00100,0.40864
CVE-2014-5190,0.00262,0.63953
CVE-2014-5191,0.00192,0.57132
CVE-2014-5192,0.00169,0.53820
CVE-2014-5193,0.00193,0.57215
CVE-2014-5194,0.00157,0.52202
CVE-2014-5195,0.00062,0.24773
CVE-2014-5196,0.00223,0.60696
CVE-2014-5197,0.00131,0.48027
CVE-2014-5198,0.00192,0.57132
CVE-2014-5199,0.00111,0.44253
CVE-2014-5200,0.00124,0.46746
CVE-2014-5201,0.00100,0.40852
CVE-2014-5202,0.00094,0.39306
CVE-2014-5203,0.07158,0.93387
CVE-2014-5204,0.00154,0.51678
CVE-2014-5205,0.00160,0.52542
CVE-2014-5206,0.00042,0.05722
CVE-2014-5207,0.00063,0.25099
CVE-2014-5208,0.08156,0.93756
CVE-2014-5209,0.00734,0.78839
CVE-2014-5210,0.88583,0.98473
CVE-2014-5211,0.01687,0.86425
CVE-2014-5212,0.25396,0.96277
CVE-2014-5213,0.00685,0.78007
CVE-2014-5214,0.00421,0.71650
CVE-2014-5215,0.00307,0.66800
CVE-2014-5216,0.01100,0.82941
CVE-2014-5217,0.00460,0.72795
CVE-2014-5220,0.00042,0.05722
CVE-2014-5231,0.00066,0.27277
CVE-2014-5232,0.00042,0.05722
CVE-2014-5233,0.00066,0.27277
CVE-2014-5234,0.00254,0.63423
CVE-2014-5235,0.00254,0.63423
CVE-2014-5236,0.00274,0.64809
CVE-2014-5237,0.00134,0.48580
CVE-2014-5238,0.00348,0.68899
CVE-2014-5239,0.00068,0.28014
CVE-2014-5240,0.00085,0.35405
CVE-2014-5241,0.00661,0.77538
CVE-2014-5242,0.00390,0.70612
CVE-2014-5243,0.00540,0.74925
CVE-2014-5246,0.13631,0.95136
CVE-2014-5247,0.00046,0.12526
CVE-2014-5248,0.00143,0.50076
CVE-2014-5249,0.00241,0.62158
CVE-2014-5250,0.00749,0.79039
CVE-2014-5251,0.00188,0.56336
CVE-2014-5252,0.00169,0.53843
CVE-2014-5253,0.00188,0.56336
CVE-2014-5254,0.00042,0.05722
CVE-2014-5255,0.00042,0.05722
CVE-2014-5256,0.02954,0.89872
CVE-2014-5257,0.00255,0.63468
CVE-2014-5258,0.01386,0.84996
CVE-2014-5259,0.00229,0.61119
CVE-2014-5260,0.00042,0.05722
CVE-2014-5261,0.01699,0.86467
CVE-2014-5262,0.00472,0.73119
CVE-2014-5263,0.00564,0.75446
CVE-2014-5265,0.50317,0.97247
CVE-2014-5266,0.94268,0.99027
CVE-2014-5267,0.00543,0.74987
CVE-2014-5268,0.00310,0.67000
CVE-2014-5269,0.00516,0.74310
CVE-2014-5270,0.00095,0.39674
CVE-2014-5271,0.04165,0.91378
CVE-2014-5272,0.00350,0.68974
CVE-2014-5273,0.00145,0.50368
CVE-2014-5274,0.00124,0.46709
CVE-2014-5275,0.00302,0.66524
CVE-2014-5276,0.00345,0.68776
CVE-2014-5277,0.00135,0.48791
CVE-2014-5278,0.00193,0.57241
CVE-2014-5279,0.00284,0.65480
CVE-2014-5280,0.00073,0.30112
CVE-2014-5282,0.00136,0.48918
CVE-2014-5284,0.00044,0.10527
CVE-2014-5285,0.00458,0.72731
CVE-2014-5286,0.00314,0.67225
CVE-2014-5287,0.00461,0.72825
CVE-2014-5288,0.00537,0.74845
CVE-2014-5289,0.12031,0.94877
CVE-2014-5297,0.01153,0.83372
CVE-2014-5298,0.01475,0.85448
CVE-2014-5300,0.05384,0.92407
CVE-2014-5301,0.97108,0.99742
CVE-2014-5302,0.79809,0.98041
CVE-2014-5307,0.00042,0.05722
CVE-2014-5308,0.00175,0.54771
CVE-2014-5313,0.00093,0.39055
CVE-2014-5314,0.04876,0.92019
CVE-2014-5315,0.01663,0.86335
CVE-2014-5316,0.00312,0.67097
CVE-2014-5317,0.00220,0.60154
CVE-2014-5318,0.00368,0.69787
CVE-2014-5319,0.00324,0.67766
CVE-2014-5320,0.00071,0.29320
CVE-2014-5321,0.00061,0.23853
CVE-2014-5322,0.00220,0.60154
CVE-2014-5323,0.00049,0.15785
CVE-2014-5324,0.00217,0.59729
CVE-2014-5325,0.00330,0.68102
CVE-2014-5326,0.00140,0.49569
CVE-2014-5327,0.00690,0.78086
CVE-2014-5328,0.00690,0.78086
CVE-2014-5329,0.00046,0.13740
CVE-2014-5330,0.00192,0.56888
CVE-2014-5331,0.00192,0.57132
CVE-2014-5332,0.00042,0.05722
CVE-2014-5333,0.00247,0.62702
CVE-2014-5334,0.00599,0.76171
CVE-2014-5335,0.00187,0.56211
CVE-2014-5336,0.01274,0.84286
CVE-2014-5337,0.02667,0.89390
CVE-2014-5338,0.00116,0.45269
CVE-2014-5339,0.00136,0.48998
CVE-2014-5340,0.05479,0.92483
CVE-2014-5341,0.00265,0.64260
CVE-2014-5342,0.00344,0.68714
CVE-2014-5343,0.00192,0.57132
CVE-2014-5344,0.00140,0.49569
CVE-2014-5345,0.00272,0.64688
CVE-2014-5346,0.00158,0.52245
CVE-2014-5347,0.00471,0.73084
CVE-2014-5348,0.00225,0.60885
CVE-2014-5349,0.37381,0.96834
CVE-2014-5350,0.05846,0.92690
CVE-2014-5351,0.00265,0.64251
CVE-2014-5352,0.01808,0.86886
CVE-2014-5353,0.00439,0.72220
CVE-2014-5354,0.00863,0.80564
CVE-2014-5355,0.94941,0.99140
CVE-2014-5356,0.00784,0.79583
CVE-2014-5359,0.01068,0.82670
CVE-2014-5360,0.00262,0.63976
CVE-2014-5361,0.00151,0.51292
CVE-2014-5362,0.05905,0.92725
CVE-2014-5368,0.09191,0.94115
CVE-2014-5369,0.00479,0.73332
CVE-2014-5370,0.09880,0.94325
CVE-2014-5375,0.00432,0.71940
CVE-2014-5376,0.00432,0.71940
CVE-2014-5377,0.23903,0.96189
CVE-2014-5380,0.19468,0.95876
CVE-2014-5381,0.37785,0.96854
CVE-2014-5382,0.00225,0.60885
CVE-2014-5383,0.01823,0.86957
CVE-2014-5384,0.00289,0.65735
CVE-2014-5385,0.00259,0.63740
CVE-2014-5386,0.00180,0.55323
CVE-2014-5387,0.00446,0.72396
CVE-2014-5388,0.00062,0.24773
CVE-2014-5389,0.00464,0.72873
CVE-2014-5391,0.00297,0.66277
CVE-2014-5392,0.00479,0.73317
CVE-2014-5393,0.00339,0.68504
CVE-2014-5394,0.00202,0.58177
CVE-2014-5395,0.00341,0.68602
CVE-2014-5396,0.00670,0.77712
CVE-2014-5397,0.00202,0.58221
CVE-2014-5398,0.00163,0.53011
CVE-2014-5399,0.00124,0.46702
CVE-2014-5400,0.00042,0.00438
CVE-2014-5401,0.00190,0.56585
CVE-2014-5403,0.00147,0.50717
CVE-2014-5405,0.00226,0.60898
CVE-2014-5406,0.00618,0.76614
CVE-2014-5407,0.00043,0.07668
CVE-2014-5408,0.00208,0.58771
CVE-2014-5409,0.00379,0.70191
CVE-2014-5410,0.08733,0.93967
CVE-2014-5411,0.00523,0.74473
CVE-2014-5412,0.01010,0.82127
CVE-2014-5413,0.00204,0.58412
CVE-2014-5414,0.00293,0.66013
CVE-2014-5415,0.00380,0.70222
CVE-2014-5417,0.00274,0.64766
CVE-2014-5418,0.00239,0.62064
CVE-2014-5419,0.00206,0.58613
CVE-2014-5420,0.00129,0.47732
CVE-2014-5421,0.00042,0.00438
CVE-2014-5422,0.00505,0.74041
CVE-2014-5423,0.00076,0.31147
CVE-2014-5424,0.02120,0.88072
CVE-2014-5425,0.00348,0.68870
CVE-2014-5426,0.00239,0.62064
CVE-2014-5427,0.00619,0.76644
CVE-2014-5428,0.00414,0.71430
CVE-2014-5429,0.00392,0.70715
CVE-2014-5430,0.00052,0.18042
CVE-2014-5431,0.00067,0.27833
CVE-2014-5432,0.00363,0.69541
CVE-2014-5433,0.00435,0.72094
CVE-2014-5434,0.00213,0.59361
CVE-2014-5435,0.00531,0.74687
CVE-2014-5436,0.00439,0.72189
CVE-2014-5437,0.00097,0.40110
CVE-2014-5438,0.00068,0.28383
CVE-2014-5439,0.00431,0.71916
CVE-2014-5440,0.00135,0.48833
CVE-2014-5441,0.00223,0.60696
CVE-2014-5443,0.00042,0.05722
CVE-2014-5444,0.00138,0.49336
CVE-2014-5445,0.97500,0.99975
CVE-2014-5446,0.93614,0.98939
CVE-2014-5447,0.00042,0.05722
CVE-2014-5448,0.00042,0.05722
CVE-2014-5449,0.00042,0.05722
CVE-2014-5450,0.00042,0.05722
CVE-2014-5451,0.02464,0.88993
CVE-2014-5452,0.00409,0.71251
CVE-2014-5453,0.00061,0.23986
CVE-2014-5454,0.00273,0.64701
CVE-2014-5455,0.00062,0.24874
CVE-2014-5456,0.00101,0.41234
CVE-2014-5457,0.00042,0.05722
CVE-2014-5458,0.00160,0.52623
CVE-2014-5459,0.00062,0.24832
CVE-2014-5460,0.92659,0.98833
CVE-2014-5461,0.00305,0.66700
CVE-2014-5462,0.00084,0.34619
CVE-2014-5464,0.01237,0.84032
CVE-2014-5465,0.07501,0.93500
CVE-2014-5466,0.00167,0.53427
CVE-2014-5468,0.44196,0.97057
CVE-2014-5471,0.00044,0.08000
CVE-2014-5472,0.00044,0.08000
CVE-2014-5500,0.00078,0.32606
CVE-2014-5501,0.19373,0.95863
CVE-2014-5502,0.02300,0.88613
CVE-2014-5503,0.01531,0.85752
CVE-2014-5504,0.93996,0.98991
CVE-2014-5505,0.50936,0.97267
CVE-2014-5506,0.30226,0.96538
CVE-2014-5507,0.00061,0.23986
CVE-2014-5508,0.00329,0.68006
CVE-2014-5509,0.00042,0.05722
CVE-2014-5516,0.00123,0.46571
CVE-2014-5519,0.94915,0.99136
CVE-2014-5520,0.15321,0.95378
CVE-2014-5521,0.01983,0.87612
CVE-2014-5524,0.00049,0.15785
CVE-2014-5525,0.00049,0.15785
CVE-2014-5526,0.00049,0.15785
CVE-2014-5527,0.00049,0.15785
CVE-2014-5528,0.00049,0.15785
CVE-2014-5529,0.00049,0.15785
CVE-2014-5531,0.00049,0.15785
CVE-2014-5532,0.00049,0.15785
CVE-2014-5534,0.00049,0.15785
CVE-2014-5535,0.00049,0.15785
CVE-2014-5536,0.00049,0.15785
CVE-2014-5537,0.00049,0.15785
CVE-2014-5538,0.00049,0.15785
CVE-2014-5539,0.00049,0.15785
CVE-2014-5540,0.00049,0.15785
CVE-2014-5541,0.00049,0.15785
CVE-2014-5542,0.00049,0.15785
CVE-2014-5543,0.00049,0.15785
CVE-2014-5544,0.00049,0.15785
CVE-2014-5545,0.00049,0.15785
CVE-2014-5546,0.00049,0.15785
CVE-2014-5547,0.00049,0.15785
CVE-2014-5548,0.00049,0.15785
CVE-2014-5549,0.00049,0.15785
CVE-2014-5550,0.00049,0.15785
CVE-2014-5551,0.00049,0.15785
CVE-2014-5552,0.00049,0.15785
CVE-2014-5553,0.00049,0.15785
CVE-2014-5554,0.00049,0.15785
CVE-2014-5555,0.00049,0.15785
CVE-2014-5556,0.00049,0.15785
CVE-2014-5557,0.00049,0.15785
CVE-2014-5558,0.00049,0.15785
CVE-2014-5559,0.00049,0.15785
CVE-2014-5560,0.00049,0.15785
CVE-2014-5561,0.00049,0.15785
CVE-2014-5562,0.00049,0.15785
CVE-2014-5563,0.00049,0.15785
CVE-2014-5564,0.00049,0.15785
CVE-2014-5565,0.00049,0.15785
CVE-2014-5566,0.00049,0.15785
CVE-2014-5567,0.00049,0.15785
CVE-2014-5568,0.00049,0.15785
CVE-2014-5569,0.00049,0.15785
CVE-2014-5570,0.00049,0.15785
CVE-2014-5571,0.00049,0.15785
CVE-2014-5572,0.00049,0.15785
CVE-2014-5573,0.00049,0.15785
CVE-2014-5574,0.00049,0.15785
CVE-2014-5576,0.00044,0.10713
CVE-2014-5577,0.00049,0.15785
CVE-2014-5578,0.00049,0.15785
CVE-2014-5579,0.00071,0.29319
CVE-2014-5580,0.00049,0.15785
CVE-2014-5581,0.00049,0.15785
CVE-2014-5582,0.00049,0.15785
CVE-2014-5583,0.00049,0.15785
CVE-2014-5584,0.00049,0.15785
CVE-2014-5585,0.00049,0.15785
CVE-2014-5586,0.00049,0.15785
CVE-2014-5587,0.00049,0.15785
CVE-2014-5588,0.00049,0.15785
CVE-2014-5589,0.00049,0.15785
CVE-2014-5590,0.00049,0.15785
CVE-2014-5591,0.00049,0.15785
CVE-2014-5592,0.00049,0.15785
CVE-2014-5593,0.00049,0.15785
CVE-2014-5594,0.00049,0.15785
CVE-2014-5595,0.00049,0.15785
CVE-2014-5596,0.00049,0.15785
CVE-2014-5597,0.00049,0.15785
CVE-2014-5598,0.00049,0.15785
CVE-2014-5599,0.00049,0.15785
CVE-2014-5600,0.00049,0.15785
CVE-2014-5601,0.00049,0.15785
CVE-2014-5602,0.00049,0.15785
CVE-2014-5603,0.00049,0.15785
CVE-2014-5604,0.00049,0.15785
CVE-2014-5605,0.00049,0.15785
CVE-2014-5606,0.00071,0.29319
CVE-2014-5607,0.00071,0.29319
CVE-2014-5608,0.00049,0.15785
CVE-2014-5609,0.00049,0.15785
CVE-2014-5610,0.00049,0.15785
CVE-2014-5611,0.00049,0.15785
CVE-2014-5612,0.00049,0.15785
CVE-2014-5613,0.00049,0.15785
CVE-2014-5614,0.00049,0.15785
CVE-2014-5615,0.00049,0.15785
CVE-2014-5616,0.00049,0.15785
CVE-2014-5617,0.00049,0.15785
CVE-2014-5618,0.00049,0.15785
CVE-2014-5620,0.00049,0.15785
CVE-2014-5621,0.00049,0.15785
CVE-2014-5622,0.00049,0.15785
CVE-2014-5623,0.00049,0.15785
CVE-2014-5624,0.00049,0.15785
CVE-2014-5625,0.00049,0.15785
CVE-2014-5626,0.00049,0.15785
CVE-2014-5627,0.00049,0.15785
CVE-2014-5628,0.00049,0.15785
CVE-2014-5629,0.00049,0.15785
CVE-2014-5630,0.00049,0.15785
CVE-2014-5631,0.00049,0.15785
CVE-2014-5632,0.00049,0.15785
CVE-2014-5633,0.00049,0.15785
CVE-2014-5634,0.00049,0.15785
CVE-2014-5635,0.00049,0.15785
CVE-2014-5636,0.00049,0.15785
CVE-2014-5637,0.00049,0.15785
CVE-2014-5638,0.00049,0.15785
CVE-2014-5639,0.00049,0.15785
CVE-2014-5640,0.00071,0.29319
CVE-2014-5641,0.00049,0.15785
CVE-2014-5642,0.00049,0.15785
CVE-2014-5643,0.00049,0.15785
CVE-2014-5644,0.00049,0.15785
CVE-2014-5645,0.00049,0.15785
CVE-2014-5646,0.00071,0.29319
CVE-2014-5647,0.00049,0.15785
CVE-2014-5648,0.00071,0.29319
CVE-2014-5649,0.00049,0.15785
CVE-2014-5650,0.00049,0.15785
CVE-2014-5651,0.00049,0.15785
CVE-2014-5652,0.00049,0.15785
CVE-2014-5653,0.00049,0.15785
CVE-2014-5654,0.00049,0.15785
CVE-2014-5655,0.00049,0.15785
CVE-2014-5656,0.00049,0.15785
CVE-2014-5657,0.00049,0.15785
CVE-2014-5658,0.00049,0.15785
CVE-2014-5659,0.00049,0.15785
CVE-2014-5660,0.00049,0.15785
CVE-2014-5661,0.00049,0.15785
CVE-2014-5662,0.00049,0.15785
CVE-2014-5663,0.00049,0.15785
CVE-2014-5664,0.00049,0.15785
CVE-2014-5665,0.00049,0.15785
CVE-2014-5666,0.00049,0.15785
CVE-2014-5667,0.00071,0.29319
CVE-2014-5668,0.00049,0.15785
CVE-2014-5669,0.00049,0.15785
CVE-2014-5670,0.00049,0.15785
CVE-2014-5671,0.00049,0.15785
CVE-2014-5672,0.00049,0.15785
CVE-2014-5673,0.00049,0.15785
CVE-2014-5674,0.00049,0.15785
CVE-2014-5675,0.00049,0.15785
CVE-2014-5676,0.00049,0.15785
CVE-2014-5677,0.00049,0.15785
CVE-2014-5678,0.00049,0.15785
CVE-2014-5679,0.00049,0.15785
CVE-2014-5680,0.00049,0.15785
CVE-2014-5681,0.00049,0.15785
CVE-2014-5682,0.00049,0.15785
CVE-2014-5683,0.00049,0.15785
CVE-2014-5684,0.00049,0.15785
CVE-2014-5685,0.00049,0.15785
CVE-2014-5686,0.00049,0.15785
CVE-2014-5687,0.00049,0.15785
CVE-2014-5688,0.00049,0.15785
CVE-2014-5689,0.00049,0.15785
CVE-2014-5690,0.00049,0.15785
CVE-2014-5691,0.00049,0.15785
CVE-2014-5692,0.00049,0.15785
CVE-2014-5693,0.00049,0.15785
CVE-2014-5694,0.00049,0.15785
CVE-2014-5695,0.00049,0.15785
CVE-2014-5696,0.00049,0.15785
CVE-2014-5697,0.00049,0.15785
CVE-2014-5698,0.00049,0.15785
CVE-2014-5699,0.00049,0.15785
CVE-2014-5700,0.00049,0.15785
CVE-2014-5701,0.00049,0.15785
CVE-2014-5702,0.00049,0.15785
CVE-2014-5703,0.00049,0.15785
CVE-2014-5704,0.00058,0.22590
CVE-2014-5705,0.00049,0.15785
CVE-2014-5706,0.00049,0.15785
CVE-2014-5707,0.00049,0.15785
CVE-2014-5708,0.00049,0.15785
CVE-2014-5709,0.00049,0.15785
CVE-2014-5710,0.00049,0.15785
CVE-2014-5711,0.00115,0.45005
CVE-2014-5712,0.00049,0.15785
CVE-2014-5713,0.00049,0.15785
CVE-2014-5714,0.00049,0.15785
CVE-2014-5715,0.00049,0.15785
CVE-2014-5716,0.00049,0.15785
CVE-2014-5717,0.00049,0.15785
CVE-2014-5719,0.00049,0.15785
CVE-2014-5720,0.00049,0.15785
CVE-2014-5721,0.00049,0.15785
CVE-2014-5722,0.00049,0.15785
CVE-2014-5723,0.00049,0.15785
CVE-2014-5724,0.00049,0.15785
CVE-2014-5725,0.00049,0.15785
CVE-2014-5726,0.00049,0.15785
CVE-2014-5727,0.00049,0.15785
CVE-2014-5728,0.00049,0.15785
CVE-2014-5729,0.00049,0.15785
CVE-2014-5730,0.00049,0.15785
CVE-2014-5731,0.00049,0.15785
CVE-2014-5732,0.00049,0.15785
CVE-2014-5733,0.00049,0.15785
CVE-2014-5734,0.00049,0.15785
CVE-2014-5735,0.00049,0.15785
CVE-2014-5736,0.00049,0.15785
CVE-2014-5737,0.00049,0.15785
CVE-2014-5738,0.00049,0.15785
CVE-2014-5739,0.00049,0.15785
CVE-2014-5740,0.00049,0.15785
CVE-2014-5741,0.00049,0.15785
CVE-2014-5742,0.00049,0.15785
CVE-2014-5743,0.00049,0.15785
CVE-2014-5744,0.00049,0.15785
CVE-2014-5745,0.00049,0.15785
CVE-2014-5746,0.00049,0.15785
CVE-2014-5747,0.00049,0.15785
CVE-2014-5748,0.00049,0.15785
CVE-2014-5749,0.00049,0.15785
CVE-2014-5750,0.00049,0.15785
CVE-2014-5751,0.00049,0.15785
CVE-2014-5752,0.00049,0.15785
CVE-2014-5753,0.00049,0.15785
CVE-2014-5754,0.00049,0.15785
CVE-2014-5755,0.00049,0.15785
CVE-2014-5756,0.00049,0.15785
CVE-2014-5757,0.00049,0.15785
CVE-2014-5758,0.00049,0.15785
CVE-2014-5759,0.00049,0.15785
CVE-2014-5760,0.00049,0.15785
CVE-2014-5761,0.00049,0.15785
CVE-2014-5762,0.00049,0.15785
CVE-2014-5763,0.00049,0.15785
CVE-2014-5764,0.00049,0.15785
CVE-2014-5765,0.00049,0.15785
CVE-2014-5766,0.00049,0.15785
CVE-2014-5767,0.00049,0.15785
CVE-2014-5768,0.00049,0.15785
CVE-2014-5769,0.00049,0.15785
CVE-2014-5770,0.00049,0.15785
CVE-2014-5771,0.00049,0.15785
CVE-2014-5772,0.00049,0.15785
CVE-2014-5773,0.00049,0.15785
CVE-2014-5774,0.00049,0.15785
CVE-2014-5775,0.00049,0.15785
CVE-2014-5776,0.00049,0.15785
CVE-2014-5777,0.00049,0.15785
CVE-2014-5778,0.00049,0.15785
CVE-2014-5779,0.00049,0.15785
CVE-2014-5780,0.00049,0.15785
CVE-2014-5781,0.00049,0.15785
CVE-2014-5782,0.00049,0.15785
CVE-2014-5783,0.00049,0.15785
CVE-2014-5784,0.00049,0.15785
CVE-2014-5785,0.00049,0.15785
CVE-2014-5786,0.00049,0.15785
CVE-2014-5787,0.00049,0.15785
CVE-2014-5788,0.00049,0.15785
CVE-2014-5789,0.00049,0.15785
CVE-2014-5790,0.00049,0.15785
CVE-2014-5791,0.00049,0.15785
CVE-2014-5792,0.00049,0.15785
CVE-2014-5793,0.00049,0.15785
CVE-2014-5794,0.00049,0.15785
CVE-2014-5796,0.00049,0.15785
CVE-2014-5797,0.00049,0.15785
CVE-2014-5798,0.00049,0.15785
CVE-2014-5799,0.00049,0.15785
CVE-2014-5800,0.00049,0.15785
CVE-2014-5801,0.00049,0.15785
CVE-2014-5802,0.00049,0.15785
CVE-2014-5803,0.00049,0.15785
CVE-2014-5804,0.00049,0.15785
CVE-2014-5805,0.00049,0.15785
CVE-2014-5806,0.00049,0.15785
CVE-2014-5807,0.00049,0.15785
CVE-2014-5808,0.00049,0.15785
CVE-2014-5809,0.00049,0.15785
CVE-2014-5810,0.00049,0.15785
CVE-2014-5811,0.00049,0.15785
CVE-2014-5812,0.00049,0.15785
CVE-2014-5813,0.00049,0.15785
CVE-2014-5815,0.00049,0.15785
CVE-2014-5816,0.00049,0.15785
CVE-2014-5817,0.00049,0.15785
CVE-2014-5818,0.00049,0.15785
CVE-2014-5819,0.00049,0.15785
CVE-2014-5820,0.00049,0.15785
CVE-2014-5821,0.00049,0.15785
CVE-2014-5822,0.00049,0.15785
CVE-2014-5823,0.00049,0.15785
CVE-2014-5824,0.00049,0.15785
CVE-2014-5825,0.00049,0.15785
CVE-2014-5826,0.00049,0.15785
CVE-2014-5827,0.00049,0.15785
CVE-2014-5828,0.00049,0.15785
CVE-2014-5829,0.00049,0.15785
CVE-2014-5830,0.00049,0.15785
CVE-2014-5831,0.00049,0.15785
CVE-2014-5832,0.00049,0.15785
CVE-2014-5833,0.00049,0.15785
CVE-2014-5834,0.00049,0.15785
CVE-2014-5835,0.00049,0.15785
CVE-2014-5836,0.00049,0.15785
CVE-2014-5837,0.00049,0.15785
CVE-2014-5838,0.00049,0.15785
CVE-2014-5839,0.00049,0.15785
CVE-2014-5840,0.00049,0.15785
CVE-2014-5841,0.00049,0.15785
CVE-2014-5842,0.00049,0.15785
CVE-2014-5843,0.00049,0.15785
CVE-2014-5844,0.00049,0.15785
CVE-2014-5845,0.00049,0.15785
CVE-2014-5846,0.00049,0.15785
CVE-2014-5847,0.00049,0.15785
CVE-2014-5848,0.00049,0.15785
CVE-2014-5849,0.00049,0.15785
CVE-2014-5850,0.00049,0.15785
CVE-2014-5851,0.00049,0.15785
CVE-2014-5852,0.00049,0.15785
CVE-2014-5853,0.00049,0.15785
CVE-2014-5854,0.00049,0.15785
CVE-2014-5855,0.00049,0.15785
CVE-2014-5856,0.00049,0.15785
CVE-2014-5857,0.00049,0.15785
CVE-2014-5858,0.00049,0.15785
CVE-2014-5859,0.00049,0.15785
CVE-2014-5860,0.00049,0.15785
CVE-2014-5861,0.00049,0.15785
CVE-2014-5862,0.00049,0.15785
CVE-2014-5863,0.00049,0.15785
CVE-2014-5864,0.00049,0.15785
CVE-2014-5865,0.00049,0.15785
CVE-2014-5866,0.00049,0.15785
CVE-2014-5867,0.00049,0.15785
CVE-2014-5868,0.00044,0.10713
CVE-2014-5869,0.00049,0.15785
CVE-2014-5870,0.00049,0.15785
CVE-2014-5871,0.00049,0.15785
CVE-2014-5872,0.00049,0.15785
CVE-2014-5873,0.00049,0.15785
CVE-2014-5874,0.00049,0.15785
CVE-2014-5875,0.00049,0.15785
CVE-2014-5876,0.00049,0.15785
CVE-2014-5877,0.00049,0.15785
CVE-2014-5878,0.00049,0.15785
CVE-2014-5879,0.00049,0.15785
CVE-2014-5881,0.00084,0.35151
CVE-2014-5882,0.00049,0.15785
CVE-2014-5883,0.00049,0.15785
CVE-2014-5884,0.00049,0.15785
CVE-2014-5885,0.00049,0.15785
CVE-2014-5886,0.00049,0.15785
CVE-2014-5887,0.00049,0.15785
CVE-2014-5888,0.00049,0.15785
CVE-2014-5889,0.00049,0.15785
CVE-2014-5890,0.00049,0.15785
CVE-2014-5891,0.00049,0.15785
CVE-2014-5892,0.00049,0.15785
CVE-2014-5893,0.00049,0.15785
CVE-2014-5894,0.00071,0.29319
CVE-2014-5895,0.00049,0.15785
CVE-2014-5896,0.00049,0.15785
CVE-2014-5897,0.00049,0.15785
CVE-2014-5898,0.00049,0.15785
CVE-2014-5899,0.00049,0.15785
CVE-2014-5900,0.00049,0.15785
CVE-2014-5901,0.00049,0.15785
CVE-2014-5902,0.00049,0.15785
CVE-2014-5903,0.00049,0.15785
CVE-2014-5904,0.00049,0.15785
CVE-2014-5905,0.00049,0.15785
CVE-2014-5906,0.00049,0.15785
CVE-2014-5907,0.00049,0.15785
CVE-2014-5908,0.00049,0.15785
CVE-2014-5909,0.00049,0.15785
CVE-2014-5910,0.00049,0.15785
CVE-2014-5911,0.00049,0.15785
CVE-2014-5912,0.00049,0.15785
CVE-2014-5913,0.00049,0.15785
CVE-2014-5914,0.00049,0.15785
CVE-2014-5915,0.00049,0.15785
CVE-2014-5916,0.00049,0.15785
CVE-2014-5917,0.00049,0.15785
CVE-2014-5918,0.00049,0.15785
CVE-2014-5919,0.00049,0.15785
CVE-2014-5920,0.00049,0.15785
CVE-2014-5921,0.00044,0.10713
CVE-2014-5922,0.00049,0.15785
CVE-2014-5923,0.00049,0.15785
CVE-2014-5924,0.00049,0.15785
CVE-2014-5925,0.00049,0.15785
CVE-2014-5926,0.00049,0.15785
CVE-2014-5927,0.00049,0.15785
CVE-2014-5928,0.00049,0.15785
CVE-2014-5929,0.00049,0.15785
CVE-2014-5930,0.00049,0.15785
CVE-2014-5931,0.00049,0.15785
CVE-2014-5932,0.00049,0.15785
CVE-2014-5933,0.00049,0.15785
CVE-2014-5934,0.00049,0.15785
CVE-2014-5935,0.00049,0.15785
CVE-2014-5936,0.00049,0.15785
CVE-2014-5937,0.00049,0.15785
CVE-2014-5938,0.00049,0.15785
CVE-2014-5939,0.00049,0.15785
CVE-2014-5940,0.00049,0.15785
CVE-2014-5941,0.00049,0.15785
CVE-2014-5942,0.00049,0.15785
CVE-2014-5943,0.00049,0.15785
CVE-2014-5944,0.00049,0.15785
CVE-2014-5945,0.00049,0.15785
CVE-2014-5946,0.00049,0.15785
CVE-2014-5947,0.00049,0.15785
CVE-2014-5948,0.00049,0.15785
CVE-2014-5949,0.00049,0.15785
CVE-2014-5950,0.00049,0.15785
CVE-2014-5951,0.00049,0.15785
CVE-2014-5952,0.00049,0.15785
CVE-2014-5953,0.00049,0.15785
CVE-2014-5954,0.00049,0.15785
CVE-2014-5955,0.00049,0.15785
CVE-2014-5956,0.00049,0.15785
CVE-2014-5957,0.00049,0.15785
CVE-2014-5958,0.00049,0.15785
CVE-2014-5959,0.00049,0.15785
CVE-2014-5960,0.00049,0.15785
CVE-2014-5961,0.00049,0.15785
CVE-2014-5962,0.00049,0.15785
CVE-2014-5963,0.00049,0.15785
CVE-2014-5964,0.00049,0.15785
CVE-2014-5965,0.00049,0.15785
CVE-2014-5966,0.00049,0.15785
CVE-2014-5967,0.00049,0.15785
CVE-2014-5968,0.00049,0.15785
CVE-2014-5969,0.00049,0.15785
CVE-2014-5970,0.00049,0.15785
CVE-2014-5971,0.00049,0.15785
CVE-2014-5972,0.00049,0.15785
CVE-2014-5973,0.00049,0.15785
CVE-2014-5974,0.00049,0.15785
CVE-2014-5975,0.00049,0.15785
CVE-2014-5976,0.00049,0.15785
CVE-2014-5977,0.00049,0.15785
CVE-2014-5978,0.00049,0.15785
CVE-2014-5979,0.00049,0.15785
CVE-2014-5980,0.00049,0.15785
CVE-2014-5981,0.00049,0.15785
CVE-2014-5982,0.00049,0.15785
CVE-2014-5983,0.00071,0.29319
CVE-2014-5984,0.00049,0.15785
CVE-2014-5985,0.00049,0.15785
CVE-2014-5986,0.00049,0.15785
CVE-2014-5987,0.00049,0.15785
CVE-2014-5988,0.00049,0.15785
CVE-2014-5989,0.00049,0.15785
CVE-2014-5990,0.00049,0.15785
CVE-2014-5991,0.00049,0.15785
CVE-2014-5992,0.00049,0.15785
CVE-2014-5993,0.00049,0.15785
CVE-2014-5994,0.00049,0.15785
CVE-2014-5995,0.00049,0.15785
CVE-2014-5996,0.00049,0.15785
CVE-2014-5997,0.00049,0.15785
CVE-2014-5998,0.00049,0.15785
CVE-2014-5999,0.00049,0.15785
CVE-2014-6000,0.00049,0.15785
CVE-2014-6001,0.00049,0.15785
CVE-2014-6002,0.00049,0.15785
CVE-2014-6003,0.00049,0.15785
CVE-2014-6004,0.00049,0.15785
CVE-2014-6005,0.00049,0.15785
CVE-2014-6006,0.00071,0.29319
CVE-2014-6007,0.00049,0.15785
CVE-2014-6008,0.00049,0.15785
CVE-2014-6009,0.00049,0.15785
CVE-2014-6010,0.00049,0.15785
CVE-2014-6011,0.00049,0.15785
CVE-2014-6012,0.00049,0.15785
CVE-2014-6013,0.00049,0.15785
CVE-2014-6014,0.00049,0.15785
CVE-2014-6015,0.00049,0.15785
CVE-2014-6016,0.00049,0.15785
CVE-2014-6017,0.00049,0.15785
CVE-2014-6018,0.00049,0.15785
CVE-2014-6019,0.00049,0.15785
CVE-2014-6020,0.00049,0.15785
CVE-2014-6021,0.00049,0.15785
CVE-2014-6022,0.00049,0.15785
CVE-2014-6023,0.00049,0.15785
CVE-2014-6024,0.00058,0.22590
CVE-2014-6025,0.00058,0.22590
CVE-2014-6027,0.00146,0.50589
CVE-2014-6028,0.00327,0.67880
CVE-2014-6029,0.00327,0.67880
CVE-2014-6030,0.00079,0.33120
CVE-2014-6031,0.00129,0.47674
CVE-2014-6032,0.00710,0.78436
CVE-2014-6034,0.96203,0.99412
CVE-2014-6035,0.95655,0.99291
CVE-2014-6036,0.95861,0.99330
CVE-2014-6037,0.96659,0.99565
CVE-2014-6038,0.79460,0.98030
CVE-2014-6039,0.76578,0.97941
CVE-2014-6040,0.01566,0.85923
CVE-2014-6041,0.92710,0.98839
CVE-2014-6043,0.01507,0.85630
CVE-2014-6045,0.00110,0.44091
CVE-2014-6046,0.00091,0.38526
CVE-2014-6047,0.00166,0.53264
CVE-2014-6048,0.00166,0.53264
CVE-2014-6049,0.00082,0.34183
CVE-2014-6050,0.00147,0.50605
CVE-2014-6051,0.01006,0.82092
CVE-2014-6052,0.01107,0.82993
CVE-2014-6053,0.11444,0.94745
CVE-2014-6054,0.90494,0.98603
CVE-2014-6055,0.02193,0.88322
CVE-2014-6059,0.15144,0.95354
CVE-2014-6060,0.00162,0.52920
CVE-2014-6064,0.00108,0.43441
CVE-2014-6070,0.00268,0.64386
CVE-2014-6071,0.00135,0.48666
CVE-2014-6074,0.00091,0.38534
CVE-2014-6075,0.00177,0.54905
CVE-2014-6076,0.00243,0.62368
CVE-2014-6077,0.00113,0.44663
CVE-2014-6078,0.00326,0.67872
CVE-2014-6079,0.00293,0.66041
CVE-2014-6080,0.00119,0.45910
CVE-2014-6082,0.00508,0.74106
CVE-2014-6083,0.00311,0.67043
CVE-2014-6084,0.00214,0.59473
CVE-2014-6086,0.00311,0.67043
CVE-2014-6087,0.00214,0.59473
CVE-2014-6088,0.00311,0.67043
CVE-2014-6089,0.00273,0.64701
CVE-2014-6090,0.00239,0.62054
CVE-2014-6091,0.00063,0.25667
CVE-2014-6092,0.00246,0.62640
CVE-2014-6093,0.00134,0.48474
CVE-2014-6095,0.00747,0.79003
CVE-2014-6096,0.00318,0.67451
CVE-2014-6097,0.01895,0.87288
CVE-2014-6098,0.00782,0.79544
CVE-2014-6099,0.00326,0.67872
CVE-2014-6100,0.00086,0.35693
CVE-2014-6101,0.00502,0.73953
CVE-2014-6102,0.00070,0.29111
CVE-2014-6105,0.00660,0.77490
CVE-2014-6106,0.00102,0.41280
CVE-2014-6107,0.00567,0.75483
CVE-2014-6108,0.00100,0.40982
CVE-2014-6109,0.00091,0.38650
CVE-2014-6110,0.00232,0.61366
CVE-2014-6111,0.00042,0.05722
CVE-2014-6112,0.00149,0.50958
CVE-2014-6113,0.00132,0.48261
CVE-2014-6114,0.00834,0.80235
CVE-2014-6115,0.00176,0.54843
CVE-2014-6116,0.00269,0.64496
CVE-2014-6119,0.01571,0.85939
CVE-2014-6120,0.00202,0.58250
CVE-2014-6121,0.00086,0.35693
CVE-2014-6122,0.00220,0.60009
CVE-2014-6123,0.00042,0.05722
CVE-2014-6125,0.00113,0.44663
CVE-2014-6126,0.00191,0.56743
CVE-2014-6129,0.00106,0.42885
CVE-2014-6130,0.00361,0.69472
CVE-2014-6131,0.00079,0.33036
CVE-2014-6132,0.00220,0.59995
CVE-2014-6133,0.00042,0.05722
CVE-2014-6134,0.00042,0.05722
CVE-2014-6135,0.00274,0.64768
CVE-2014-6136,0.00204,0.58416
CVE-2014-6137,0.00250,0.63059
CVE-2014-6138,0.00103,0.41727
CVE-2014-6139,0.00070,0.29111
CVE-2014-6140,0.00917,0.81192
CVE-2014-6141,0.00209,0.58905
CVE-2014-6143,0.00042,0.05722
CVE-2014-6144,0.00063,0.25667
CVE-2014-6145,0.00063,0.25667
CVE-2014-6146,0.00042,0.05722
CVE-2014-6147,0.00042,0.05722
CVE-2014-6148,0.00136,0.49025
CVE-2014-6149,0.00263,0.64056
CVE-2014-6150,0.00083,0.34253
CVE-2014-6151,0.00197,0.57587
CVE-2014-6152,0.00128,0.47491
CVE-2014-6153,0.00330,0.68061
CVE-2014-6154,0.00316,0.67327
CVE-2014-6155,0.00222,0.60570
CVE-2014-6158,0.00407,0.71201
CVE-2014-6159,0.08119,0.93741
CVE-2014-6160,0.00162,0.52811
CVE-2014-6161,0.00086,0.35693
CVE-2014-6163,0.00086,0.35693
CVE-2014-6164,0.00289,0.65807
CVE-2014-6166,0.00311,0.67043
CVE-2014-6167,0.00178,0.55082
CVE-2014-6168,0.00076,0.31194
CVE-2014-6169,0.00061,0.23996
CVE-2014-6170,0.00289,0.65807
CVE-2014-6171,0.00177,0.54960
CVE-2014-6172,0.00311,0.67043
CVE-2014-6173,0.00086,0.35693
CVE-2014-6174,0.00226,0.60956
CVE-2014-6175,0.00104,0.42030
CVE-2014-6176,0.00252,0.63183
CVE-2014-6177,0.00139,0.49396
CVE-2014-6178,0.00104,0.42030
CVE-2014-6179,0.00190,0.56673
CVE-2014-6180,0.00104,0.42030
CVE-2014-6181,0.00115,0.45142
CVE-2014-6182,0.00135,0.48873
CVE-2014-6183,0.00147,0.50620
CVE-2014-6184,0.00042,0.05722
CVE-2014-6185,0.00042,0.05722
CVE-2014-6186,0.00169,0.53837
CVE-2014-6187,0.00152,0.51503
CVE-2014-6188,0.00205,0.58486
CVE-2014-6189,0.00091,0.38111
CVE-2014-6190,0.00206,0.58647
CVE-2014-6191,0.00060,0.23579
CVE-2014-6192,0.00063,0.25667
CVE-2014-6193,0.00107,0.43035
CVE-2014-6194,0.00105,0.42677
CVE-2014-6195,0.00042,0.05722
CVE-2014-6196,0.00293,0.66041
CVE-2014-6197,0.00177,0.54905
CVE-2014-6198,0.00127,0.47354
CVE-2014-6199,0.00245,0.62635
CVE-2014-6209,0.08389,0.93827
CVE-2014-6210,0.08389,0.93827
CVE-2014-6211,0.00042,0.05722
CVE-2014-6212,0.00110,0.43985
CVE-2014-6214,0.00112,0.44496
CVE-2014-6215,0.00086,0.35693
CVE-2014-6221,0.00217,0.59730
CVE-2014-6222,0.00131,0.47920
CVE-2014-6228,0.00510,0.74155
CVE-2014-6229,0.00249,0.62920
CVE-2014-6230,0.00372,0.69927
CVE-2014-6231,0.07927,0.93666
CVE-2014-6232,0.00179,0.55148
CVE-2014-6233,0.00241,0.62158
CVE-2014-6234,0.00254,0.63423
CVE-2014-6235,0.58250,0.97448
CVE-2014-6236,0.09149,0.94098
CVE-2014-6237,0.00089,0.37616
CVE-2014-6238,0.00192,0.57132
CVE-2014-6239,0.00135,0.48816
CVE-2014-6240,0.00143,0.50076
CVE-2014-6241,0.00241,0.62158
CVE-2014-6242,0.00229,0.61199
CVE-2014-6243,0.00294,0.66119
CVE-2014-6251,0.00312,0.67123
CVE-2014-6252,0.01334,0.84673
CVE-2014-6253,0.00096,0.39854
CVE-2014-6254,0.00196,0.57536
CVE-2014-6255,0.00222,0.60591
CVE-2014-6256,0.00687,0.78028
CVE-2014-6257,0.00154,0.51711
CVE-2014-6258,0.00239,0.62064
CVE-2014-6259,0.00287,0.65657
CVE-2014-6260,0.00368,0.69766
CVE-2014-6261,0.87218,0.98396
CVE-2014-6262,0.01883,0.87231
CVE-2014-6268,0.00059,0.22933
CVE-2014-6269,0.04763,0.91923
CVE-2014-6270,0.07184,0.93396
CVE-2014-6271,0.97559,0.99999
CVE-2014-6272,0.00455,0.72662
CVE-2014-6273,0.00596,0.76124
CVE-2014-6275,0.00152,0.51476
CVE-2014-6276,0.00153,0.51581
CVE-2014-6277,0.97312,0.99857
CVE-2014-6278,0.97345,0.99880
CVE-2014-6280,0.01640,0.86260
CVE-2014-6283,0.03537,0.90698
CVE-2014-6284,0.02188,0.88312
CVE-2014-6287,0.97289,0.99842
CVE-2014-6288,0.00491,0.73662
CVE-2014-6289,0.00520,0.74408
CVE-2014-6290,0.00580,0.75784
CVE-2014-6291,0.00192,0.57132
CVE-2014-6292,0.00165,0.53149
CVE-2014-6293,0.00135,0.48735
CVE-2014-6294,0.00142,0.49908
CVE-2014-6295,0.00184,0.55710
CVE-2014-6296,0.00143,0.50076
CVE-2014-6297,0.00143,0.50076
CVE-2014-6298,0.00861,0.80546
CVE-2014-6299,0.00127,0.47354
CVE-2014-6300,0.00225,0.60797
CVE-2014-6301,0.00135,0.48865
CVE-2014-6302,0.00295,0.66152
CVE-2014-6303,0.00289,0.65810
CVE-2014-6304,0.00181,0.55435
CVE-2014-6308,0.09220,0.94126
CVE-2014-6309,0.00171,0.54138
CVE-2014-6310,0.02423,0.88906
CVE-2014-6311,0.00247,0.62736
CVE-2014-6312,0.00599,0.76195
CVE-2014-6313,0.00214,0.59432
CVE-2014-6315,0.01109,0.83014
CVE-2014-6316,0.00806,0.79903
CVE-2014-6317,0.00945,0.81486
CVE-2014-6318,0.00925,0.81284
CVE-2014-6319,0.01153,0.83370
CVE-2014-6321,0.97362,0.99889
CVE-2014-6322,0.06175,0.92885
CVE-2014-6323,0.22182,0.96073
CVE-2014-6324,0.97231,0.99811
CVE-2014-6325,0.12955,0.95026
CVE-2014-6326,0.12955,0.95026
CVE-2014-6327,0.53083,0.97327
CVE-2014-6328,0.90263,0.98589
CVE-2014-6329,0.82572,0.98170
CVE-2014-6330,0.94819,0.99121
CVE-2014-6331,0.00419,0.71557
CVE-2014-6332,0.97422,0.99928
CVE-2014-6333,0.76216,0.97932
CVE-2014-6334,0.91076,0.98659
CVE-2014-6335,0.91076,0.98659
CVE-2014-6336,0.01008,0.82111
CVE-2014-6337,0.54391,0.97357
CVE-2014-6339,0.01328,0.84633
CVE-2014-6340,0.22182,0.96073
CVE-2014-6341,0.50905,0.97266
CVE-2014-6342,0.50905,0.97266
CVE-2014-6343,0.50905,0.97266
CVE-2014-6344,0.50905,0.97266
CVE-2014-6345,0.22182,0.96073
CVE-2014-6346,0.22182,0.96073
CVE-2014-6347,0.50905,0.97266
CVE-2014-6348,0.65111,0.97621
CVE-2014-6349,0.00327,0.67897
CVE-2014-6350,0.00278,0.65062
CVE-2014-6351,0.65111,0.97621
CVE-2014-6352,0.97032,0.99705
CVE-2014-6353,0.54391,0.97357
CVE-2014-6354,0.08152,0.93754
CVE-2014-6355,0.01784,0.86790
CVE-2014-6356,0.09188,0.94114
CVE-2014-6357,0.07457,0.93487
CVE-2014-6360,0.09188,0.94114
CVE-2014-6361,0.09188,0.94114
CVE-2014-6362,0.07057,0.93345
CVE-2014-6363,0.90697,0.98618
CVE-2014-6364,0.24142,0.96204
CVE-2014-6365,0.96750,0.99601
CVE-2014-6366,0.94819,0.99121
CVE-2014-6368,0.04422,0.91603
CVE-2014-6369,0.27609,0.96402
CVE-2014-6373,0.88275,0.98453
CVE-2014-6374,0.82572,0.98170
CVE-2014-6375,0.53083,0.97327
CVE-2014-6376,0.53083,0.97327
CVE-2014-6377,0.00874,0.80686
CVE-2014-6378,0.00874,0.80686
CVE-2014-6379,0.00749,0.79039
CVE-2014-6380,0.01355,0.84826
CVE-2014-6381,0.00712,0.78463
CVE-2014-6382,0.00298,0.66305
CVE-2014-6383,0.00268,0.64394
CVE-2014-6384,0.00042,0.05722
CVE-2014-6385,0.00203,0.58340
CVE-2014-6386,0.00728,0.78739
CVE-2014-6387,0.00373,0.69930
CVE-2014-6389,0.04129,0.91346
CVE-2014-6392,0.00124,0.46712
CVE-2014-6393,0.00071,0.29380
CVE-2014-6394,0.03230,0.90292
CVE-2014-6395,0.69542,0.97732
CVE-2014-6396,0.06988,0.93317
CVE-2014-6407,0.08938,0.94033
CVE-2014-6408,0.00527,0.74584
CVE-2014-6409,0.00733,0.78824
CVE-2014-6410,0.00125,0.46948
CVE-2014-6412,0.01218,0.83895
CVE-2014-6413,0.00586,0.75908
CVE-2014-6414,0.00194,0.57295
CVE-2014-6416,0.04503,0.91677
CVE-2014-6417,0.12243,0.94914
CVE-2014-6418,0.13902,0.95172
CVE-2014-6420,0.00230,0.61292
CVE-2014-6421,0.00331,0.68160
CVE-2014-6422,0.00324,0.67793
CVE-2014-6423,0.00324,0.67793
CVE-2014-6424,0.00321,0.67626
CVE-2014-6425,0.00321,0.67626
CVE-2014-6426,0.00364,0.69601
CVE-2014-6427,0.00321,0.67626
CVE-2014-6428,0.00324,0.67793
CVE-2014-6429,0.00312,0.67082
CVE-2014-6430,0.00312,0.67082
CVE-2014-6431,0.00358,0.69330
CVE-2014-6432,0.00324,0.67793
CVE-2014-6433,0.64956,0.97616
CVE-2014-6434,0.13513,0.95122
CVE-2014-6435,0.02507,0.89073
CVE-2014-6436,0.14669,0.95290
CVE-2014-6437,0.30055,0.96530
CVE-2014-6438,0.00568,0.75503
CVE-2014-6439,0.00360,0.69411
CVE-2014-6440,0.01751,0.86672
CVE-2014-6444,0.00125,0.47020
CVE-2014-6445,0.00140,0.49569
CVE-2014-6446,0.66624,0.97650
CVE-2014-6447,0.00102,0.41488
CVE-2014-6448,0.00042,0.05722
CVE-2014-6449,0.00241,0.62211
CVE-2014-6450,0.00241,0.62211
CVE-2014-6451,0.00241,0.62211
CVE-2014-6452,0.00086,0.35594
CVE-2014-6453,0.00355,0.69201
CVE-2014-6454,0.00086,0.35594
CVE-2014-6455,0.00355,0.69201
CVE-2014-6456,0.01350,0.84766
CVE-2014-6457,0.03306,0.90404
CVE-2014-6458,0.00044,0.08090
CVE-2014-6459,0.00529,0.74642
CVE-2014-6460,0.00104,0.42317
CVE-2014-6461,0.00104,0.42317
CVE-2014-6462,0.00228,0.61089
CVE-2014-6463,0.00142,0.49971
CVE-2014-6464,0.00253,0.63230
CVE-2014-6465,0.00108,0.43314
CVE-2014-6466,0.00415,0.71449
CVE-2014-6467,0.00355,0.69201
CVE-2014-6468,0.00191,0.56829
CVE-2014-6469,0.00253,0.63230
CVE-2014-6470,0.00044,0.10704
CVE-2014-6471,0.00249,0.62919
CVE-2014-6472,0.00520,0.74391
CVE-2014-6473,0.00044,0.10704
CVE-2014-6474,0.00113,0.44623
CVE-2014-6475,0.00121,0.46353
CVE-2014-6476,0.00732,0.78801
CVE-2014-6477,0.00112,0.44396
CVE-2014-6478,0.00343,0.68677
CVE-2014-6479,0.00235,0.61604
CVE-2014-6480,0.00060,0.23365
CVE-2014-6481,0.00269,0.64469
CVE-2014-6482,0.00121,0.46353
CVE-2014-6483,0.00355,0.69201
CVE-2014-6484,0.00142,0.49971
CVE-2014-6485,0.00743,0.78952
CVE-2014-6486,0.00121,0.46353
CVE-2014-6487,0.00073,0.30397
CVE-2014-6488,0.00117,0.45523
CVE-2014-6489,0.00124,0.46838
CVE-2014-6490,0.00621,0.76679
CVE-2014-6491,0.01132,0.83202
CVE-2014-6492,0.01819,0.86938
CVE-2014-6493,0.01850,0.87085
CVE-2014-6494,0.00868,0.80618
CVE-2014-6495,0.00500,0.73879
CVE-2014-6496,0.00868,0.80618
CVE-2014-6497,0.00044,0.10704
CVE-2014-6498,0.00319,0.67532
CVE-2014-6499,0.01288,0.84403
CVE-2014-6500,0.01132,0.83202
CVE-2014-6501,0.00044,0.10704
CVE-2014-6502,0.00751,0.79072
CVE-2014-6503,0.01850,0.87085
CVE-2014-6504,0.00789,0.79685
CVE-2014-6505,0.00142,0.49971
CVE-2014-6506,0.02608,0.89272
CVE-2014-6507,0.00883,0.80786
CVE-2014-6508,0.00621,0.76679
CVE-2014-6509,0.00044,0.10704
CVE-2014-6510,0.00044,0.10704
CVE-2014-6511,0.00856,0.80494
CVE-2014-6512,0.00642,0.77084
CVE-2014-6513,0.01476,0.85450
CVE-2014-6514,0.00111,0.44141
CVE-2014-6515,0.00828,0.80166
CVE-2014-6516,0.00060,0.23365
CVE-2014-6517,0.00788,0.79630
CVE-2014-6518,0.00044,0.10704
CVE-2014-6519,0.00828,0.80166
CVE-2014-6520,0.00142,0.49971
CVE-2014-6521,0.00044,0.10704
CVE-2014-6522,0.00153,0.51601
CVE-2014-6523,0.00121,0.46353
CVE-2014-6524,0.00044,0.10704
CVE-2014-6525,0.00073,0.30397
CVE-2014-6526,0.00179,0.55178
CVE-2014-6527,0.00702,0.78262
CVE-2014-6528,0.00086,0.35594
CVE-2014-6529,0.00628,0.76838
CVE-2014-6530,0.00231,0.61345
CVE-2014-6531,0.00716,0.78529
CVE-2014-6532,0.01328,0.84632
CVE-2014-6533,0.00670,0.77702
CVE-2014-6534,0.00105,0.42645
CVE-2014-6535,0.00249,0.62919
CVE-2014-6536,0.00104,0.42317
CVE-2014-6537,0.00355,0.69201
CVE-2014-6538,0.00086,0.35594
CVE-2014-6539,0.00450,0.72522
CVE-2014-6540,0.00075,0.30769
CVE-2014-6541,0.00113,0.44668
CVE-2014-6542,0.00086,0.35594
CVE-2014-6543,0.00117,0.45523
CVE-2014-6544,0.00082,0.34129
CVE-2014-6545,0.00355,0.69201
CVE-2014-6546,0.00355,0.69201
CVE-2014-6547,0.00086,0.35594
CVE-2014-6548,0.00060,0.23365
CVE-2014-6549,0.01172,0.83531
CVE-2014-6550,0.00249,0.62919
CVE-2014-6551,0.00060,0.23365
CVE-2014-6552,0.00228,0.61089
CVE-2014-6553,0.00292,0.65967
CVE-2014-6554,0.00111,0.44141
CVE-2014-6555,0.00289,0.65780
CVE-2014-6556,0.00138,0.49223
CVE-2014-6557,0.00095,0.39640
CVE-2014-6558,0.00751,0.79072
CVE-2014-6559,0.00419,0.71559
CVE-2014-6560,0.00355,0.69201
CVE-2014-6561,0.00287,0.65640
CVE-2014-6562,0.01121,0.83121
CVE-2014-6563,0.00086,0.35594
CVE-2014-6564,0.00121,0.46239
CVE-2014-6565,0.00444,0.72339
CVE-2014-6566,0.00086,0.35594
CVE-2014-6567,0.00745,0.78984
CVE-2014-6568,0.00207,0.58727
CVE-2014-6569,0.00282,0.65352
CVE-2014-6570,0.00044,0.10704
CVE-2014-6571,0.01190,0.83669
CVE-2014-6572,0.00191,0.56768
CVE-2014-6573,0.00179,0.55178
CVE-2014-6574,0.00153,0.51601
CVE-2014-6575,0.00191,0.56751
CVE-2014-6576,0.00086,0.35594
CVE-2014-6577,0.00371,0.69875
CVE-2014-6578,0.00276,0.64911
CVE-2014-6579,0.00086,0.35594
CVE-2014-6580,0.00179,0.55178
CVE-2014-6581,0.00191,0.56768
CVE-2014-6582,0.00191,0.56768
CVE-2014-6583,0.00191,0.56768
CVE-2014-6584,0.00086,0.35594
CVE-2014-6585,0.00789,0.79685
CVE-2014-6586,0.00086,0.35594
CVE-2014-6587,0.00044,0.08000
CVE-2014-6588,0.00060,0.23365
CVE-2014-6589,0.00060,0.23365
CVE-2014-6590,0.00060,0.23365
CVE-2014-6591,0.00789,0.79685
CVE-2014-6592,0.00073,0.30397
CVE-2014-6593,0.63293,0.97577
CVE-2014-6594,0.00191,0.56768
CVE-2014-6595,0.00060,0.23365
CVE-2014-6596,0.00145,0.50401
CVE-2014-6597,0.00086,0.35594
CVE-2014-6598,0.00366,0.69663
CVE-2014-6599,0.00086,0.35594
CVE-2014-6600,0.00044,0.10704
CVE-2014-6601,0.01673,0.86376
CVE-2014-6602,0.00043,0.07422
CVE-2014-6603,0.05340,0.92370
CVE-2014-6604,0.00107,0.43258
CVE-2014-6607,0.01160,0.83415
CVE-2014-6609,0.01485,0.85488
CVE-2014-6610,0.00212,0.59248
CVE-2014-6611,0.00069,0.28758
CVE-2014-6616,0.00193,0.57215
CVE-2014-6617,0.01190,0.83670
CVE-2014-6618,0.00262,0.63953
CVE-2014-6619,0.00225,0.60809
CVE-2014-6620,0.00135,0.48865
CVE-2014-6621,0.00295,0.66152
CVE-2014-6622,0.00295,0.66152
CVE-2014-6623,0.00135,0.48865
CVE-2014-6624,0.00160,0.52641
CVE-2014-6625,0.00234,0.61572
CVE-2014-6626,0.00527,0.74575
CVE-2014-6627,0.00223,0.60705
CVE-2014-6628,0.00104,0.42337
CVE-2014-6631,0.00148,0.50805
CVE-2014-6632,0.00999,0.82041
CVE-2014-6633,0.00356,0.69273
CVE-2014-6635,0.00140,0.49569
CVE-2014-6636,0.00049,0.15785
CVE-2014-6637,0.00049,0.15785
CVE-2014-6638,0.00049,0.15785
CVE-2014-6639,0.00049,0.15785
CVE-2014-6640,0.00049,0.15785
CVE-2014-6641,0.00049,0.15785
CVE-2014-6642,0.00049,0.15785
CVE-2014-6643,0.00049,0.15785
CVE-2014-6645,0.00049,0.15785
CVE-2014-6646,0.00049,0.15785
CVE-2014-6647,0.00049,0.15785
CVE-2014-6648,0.00049,0.15785
CVE-2014-6649,0.00049,0.15785
CVE-2014-6650,0.00049,0.15785
CVE-2014-6651,0.00049,0.15785
CVE-2014-6652,0.00049,0.15785
CVE-2014-6653,0.00049,0.15785
CVE-2014-6654,0.00049,0.15785
CVE-2014-6655,0.00049,0.15785
CVE-2014-6656,0.00049,0.15785
CVE-2014-6657,0.00049,0.15785
CVE-2014-6658,0.00049,0.15785
CVE-2014-6659,0.00049,0.15785
CVE-2014-6660,0.00049,0.15785
CVE-2014-6661,0.00049,0.15785
CVE-2014-6662,0.00049,0.15785
CVE-2014-6663,0.00049,0.15785
CVE-2014-6664,0.00049,0.15785
CVE-2014-6665,0.00049,0.15785
CVE-2014-6666,0.00049,0.15785
CVE-2014-6667,0.00049,0.15785
CVE-2014-6668,0.00049,0.15785
CVE-2014-6669,0.00049,0.15785
CVE-2014-6670,0.00049,0.15785
CVE-2014-6671,0.00049,0.15785
CVE-2014-6672,0.00049,0.15785
CVE-2014-6673,0.00049,0.15785
CVE-2014-6674,0.00049,0.15785
CVE-2014-6675,0.00049,0.15785
CVE-2014-6676,0.00049,0.15785
CVE-2014-6677,0.00049,0.15785
CVE-2014-6678,0.00049,0.15785
CVE-2014-6679,0.00049,0.15785
CVE-2014-6680,0.00049,0.15785
CVE-2014-6681,0.00049,0.15785
CVE-2014-6682,0.00049,0.15785
CVE-2014-6683,0.00049,0.15785
CVE-2014-6684,0.00049,0.15785
CVE-2014-6685,0.00049,0.15785
CVE-2014-6686,0.00049,0.15785
CVE-2014-6687,0.00049,0.15785
CVE-2014-6688,0.00049,0.15785
CVE-2014-6689,0.00049,0.15785
CVE-2014-6690,0.00049,0.15785
CVE-2014-6691,0.00049,0.15785
CVE-2014-6692,0.00049,0.15785
CVE-2014-6693,0.00049,0.15785
CVE-2014-6694,0.00049,0.15785
CVE-2014-6695,0.00049,0.15785
CVE-2014-6696,0.00049,0.15785
CVE-2014-6697,0.00049,0.15785
CVE-2014-6698,0.00049,0.15785
CVE-2014-6699,0.00049,0.15785
CVE-2014-6700,0.00049,0.15785
CVE-2014-6701,0.00049,0.15785
CVE-2014-6702,0.00049,0.15785
CVE-2014-6703,0.00049,0.15785
CVE-2014-6704,0.00049,0.15785
CVE-2014-6705,0.00049,0.15785
CVE-2014-6706,0.00049,0.15785
CVE-2014-6707,0.00049,0.15785
CVE-2014-6708,0.00049,0.15785
CVE-2014-6709,0.00049,0.15785
CVE-2014-6710,0.00049,0.15785
CVE-2014-6711,0.00049,0.15785
CVE-2014-6712,0.00049,0.15785
CVE-2014-6713,0.00049,0.15785
CVE-2014-6714,0.00049,0.15785
CVE-2014-6715,0.00049,0.15785
CVE-2014-6716,0.00049,0.15785
CVE-2014-6717,0.00049,0.15785
CVE-2014-6718,0.00049,0.15785
CVE-2014-6719,0.00049,0.15785
CVE-2014-6720,0.00049,0.15785
CVE-2014-6721,0.00049,0.15785
CVE-2014-6722,0.00049,0.15785
CVE-2014-6723,0.00049,0.15785
CVE-2014-6724,0.00049,0.15785
CVE-2014-6725,0.00049,0.15785
CVE-2014-6726,0.00049,0.15785
CVE-2014-6727,0.00049,0.15785
CVE-2014-6728,0.00049,0.15785
CVE-2014-6729,0.00049,0.15785
CVE-2014-6730,0.00049,0.15785
CVE-2014-6731,0.00049,0.15785
CVE-2014-6732,0.00049,0.15785
CVE-2014-6733,0.00049,0.15785
CVE-2014-6734,0.00049,0.15785
CVE-2014-6735,0.00049,0.15785
CVE-2014-6736,0.00049,0.15785
CVE-2014-6737,0.00049,0.15785
CVE-2014-6738,0.00049,0.15785
CVE-2014-6739,0.00049,0.15785
CVE-2014-6740,0.00049,0.15785
CVE-2014-6741,0.00049,0.15785
CVE-2014-6742,0.00049,0.15785
CVE-2014-6743,0.00049,0.15785
CVE-2014-6744,0.00049,0.15785
CVE-2014-6745,0.00049,0.15785
CVE-2014-6746,0.00049,0.15785
CVE-2014-6747,0.00049,0.15785
CVE-2014-6748,0.00049,0.15785
CVE-2014-6749,0.00049,0.15785
CVE-2014-6750,0.00049,0.15785
CVE-2014-6751,0.00049,0.15785
CVE-2014-6752,0.00049,0.15785
CVE-2014-6753,0.00049,0.15785
CVE-2014-6754,0.00049,0.15785
CVE-2014-6755,0.00049,0.15785
CVE-2014-6756,0.00049,0.15785
CVE-2014-6757,0.00049,0.15785
CVE-2014-6758,0.00049,0.15785
CVE-2014-6759,0.00049,0.15785
CVE-2014-6760,0.00049,0.15785
CVE-2014-6761,0.00049,0.15785
CVE-2014-6762,0.00049,0.15785
CVE-2014-6763,0.00049,0.15785
CVE-2014-6764,0.00049,0.15785
CVE-2014-6765,0.00049,0.15785
CVE-2014-6766,0.00049,0.15785
CVE-2014-6767,0.00049,0.15785
CVE-2014-6768,0.00049,0.15785
CVE-2014-6769,0.00049,0.15785
CVE-2014-6770,0.00049,0.15785
CVE-2014-6771,0.00049,0.15785
CVE-2014-6772,0.00049,0.15785
CVE-2014-6773,0.00049,0.15785
CVE-2014-6774,0.00049,0.15785
CVE-2014-6775,0.00049,0.15785
CVE-2014-6776,0.00049,0.15785
CVE-2014-6777,0.00049,0.15785
CVE-2014-6778,0.00049,0.15785
CVE-2014-6779,0.00049,0.15785
CVE-2014-6780,0.00049,0.15785
CVE-2014-6781,0.00049,0.15785
CVE-2014-6782,0.00049,0.15785
CVE-2014-6783,0.00049,0.15785
CVE-2014-6784,0.00049,0.15785
CVE-2014-6785,0.00049,0.15785
CVE-2014-6786,0.00049,0.15785
CVE-2014-6787,0.00049,0.15785
CVE-2014-6788,0.00049,0.15785
CVE-2014-6789,0.00049,0.15785
CVE-2014-6790,0.00049,0.15785
CVE-2014-6791,0.00049,0.15785
CVE-2014-6792,0.00049,0.15785
CVE-2014-6793,0.00049,0.15785
CVE-2014-6794,0.00049,0.15785
CVE-2014-6795,0.00049,0.15785
CVE-2014-6796,0.00049,0.15785
CVE-2014-6797,0.00049,0.15785
CVE-2014-6798,0.00049,0.15785
CVE-2014-6799,0.00048,0.14357
CVE-2014-6800,0.00049,0.15785
CVE-2014-6801,0.00049,0.15785
CVE-2014-6802,0.00049,0.15785
CVE-2014-6803,0.00049,0.15785
CVE-2014-6804,0.00049,0.15785
CVE-2014-6805,0.00049,0.15785
CVE-2014-6806,0.00049,0.15785
CVE-2014-6807,0.00049,0.15785
CVE-2014-6808,0.00049,0.15785
CVE-2014-6810,0.00049,0.15785
CVE-2014-6812,0.00049,0.15785
CVE-2014-6813,0.00049,0.15785
CVE-2014-6814,0.00049,0.15785
CVE-2014-6815,0.00049,0.15785
CVE-2014-6816,0.00049,0.15785
CVE-2014-6817,0.00049,0.15785
CVE-2014-6818,0.00049,0.15785
CVE-2014-6819,0.00049,0.15785
CVE-2014-6820,0.00049,0.15785
CVE-2014-6821,0.00049,0.15785
CVE-2014-6822,0.00049,0.15785
CVE-2014-6823,0.00049,0.15785
CVE-2014-6824,0.00049,0.15785
CVE-2014-6825,0.00049,0.15785
CVE-2014-6826,0.00049,0.15785
CVE-2014-6827,0.00049,0.15785
CVE-2014-6828,0.00049,0.15785
CVE-2014-6829,0.00049,0.15785
CVE-2014-6830,0.00049,0.15785
CVE-2014-6831,0.00049,0.15785
CVE-2014-6832,0.00049,0.15785
CVE-2014-6833,0.00049,0.15785
CVE-2014-6834,0.00049,0.15785
CVE-2014-6835,0.00049,0.15785
CVE-2014-6836,0.00049,0.15785
CVE-2014-6837,0.00049,0.15785
CVE-2014-6838,0.00049,0.15785
CVE-2014-6839,0.00049,0.15785
CVE-2014-6840,0.00049,0.15785
CVE-2014-6841,0.00049,0.15785
CVE-2014-6842,0.00049,0.15785
CVE-2014-6843,0.00049,0.15785
CVE-2014-6844,0.00049,0.15785
CVE-2014-6845,0.00049,0.15785
CVE-2014-6846,0.00049,0.15785
CVE-2014-6847,0.00049,0.15785
CVE-2014-6848,0.00049,0.15785
CVE-2014-6850,0.00049,0.15785
CVE-2014-6851,0.00049,0.15785
CVE-2014-6852,0.00049,0.15785
CVE-2014-6853,0.00049,0.15785
CVE-2014-6854,0.00049,0.15785
CVE-2014-6855,0.00049,0.15785
CVE-2014-6856,0.00049,0.15785
CVE-2014-6857,0.00049,0.15785
CVE-2014-6858,0.00049,0.15785
CVE-2014-6859,0.00049,0.15785
CVE-2014-6860,0.00049,0.15785
CVE-2014-6861,0.00049,0.15785
CVE-2014-6862,0.00049,0.15785
CVE-2014-6863,0.00049,0.15785
CVE-2014-6864,0.00049,0.15785
CVE-2014-6865,0.00049,0.15785
CVE-2014-6866,0.00049,0.15785
CVE-2014-6867,0.00049,0.15785
CVE-2014-6868,0.00049,0.15785
CVE-2014-6869,0.00049,0.15785
CVE-2014-6870,0.00049,0.15785
CVE-2014-6871,0.00049,0.15785
CVE-2014-6872,0.00049,0.15785
CVE-2014-6873,0.00049,0.15785
CVE-2014-6874,0.00049,0.15785
CVE-2014-6875,0.00049,0.15785
CVE-2014-6876,0.00049,0.15785
CVE-2014-6877,0.00049,0.15785
CVE-2014-6878,0.00049,0.15785
CVE-2014-6879,0.00049,0.15785
CVE-2014-6880,0.00049,0.15785
CVE-2014-6881,0.00058,0.22590
CVE-2014-6882,0.00049,0.15785
CVE-2014-6883,0.00049,0.15785
CVE-2014-6884,0.00049,0.15785
CVE-2014-6885,0.00049,0.15785
CVE-2014-6886,0.00049,0.15785
CVE-2014-6887,0.00049,0.15785
CVE-2014-6888,0.00049,0.15785
CVE-2014-6889,0.00049,0.15785
CVE-2014-6890,0.00049,0.15785
CVE-2014-6891,0.00049,0.15785
CVE-2014-6892,0.00049,0.15785
CVE-2014-6893,0.00049,0.15785
CVE-2014-6894,0.00049,0.15785
CVE-2014-6895,0.00049,0.15785
CVE-2014-6896,0.00049,0.15785
CVE-2014-6897,0.00049,0.15785
CVE-2014-6898,0.00049,0.15785
CVE-2014-6899,0.00049,0.15785
CVE-2014-6900,0.00049,0.15785
CVE-2014-6901,0.00049,0.15785
CVE-2014-6902,0.00049,0.15785
CVE-2014-6903,0.00049,0.15785
CVE-2014-6904,0.00049,0.15785
CVE-2014-6905,0.00049,0.15785
CVE-2014-6906,0.00049,0.15785
CVE-2014-6907,0.00049,0.15785
CVE-2014-6908,0.00049,0.15785
CVE-2014-6909,0.00049,0.15785
CVE-2014-6910,0.00049,0.15785
CVE-2014-6911,0.00049,0.15785
CVE-2014-6912,0.00049,0.15785
CVE-2014-6913,0.00049,0.15785
CVE-2014-6914,0.00049,0.15785
CVE-2014-6916,0.00049,0.15785
CVE-2014-6917,0.00049,0.15785
CVE-2014-6918,0.00049,0.15785
CVE-2014-6919,0.00049,0.15785
CVE-2014-6920,0.00049,0.15785
CVE-2014-6921,0.00049,0.15785
CVE-2014-6922,0.00049,0.15785
CVE-2014-6923,0.00049,0.15785
CVE-2014-6924,0.00049,0.15785
CVE-2014-6925,0.00049,0.15785
CVE-2014-6926,0.00049,0.15785
CVE-2014-6927,0.00049,0.15785
CVE-2014-6928,0.00049,0.15785
CVE-2014-6929,0.00049,0.15785
CVE-2014-6930,0.00049,0.15785
CVE-2014-6931,0.00049,0.15785
CVE-2014-6932,0.00049,0.15785
CVE-2014-6933,0.00049,0.15785
CVE-2014-6934,0.00049,0.15785
CVE-2014-6935,0.00049,0.15785
CVE-2014-6936,0.00049,0.15785
CVE-2014-6937,0.00049,0.15785
CVE-2014-6938,0.00049,0.15785
CVE-2014-6939,0.00049,0.15785
CVE-2014-6940,0.00049,0.15785
CVE-2014-6941,0.00049,0.15785
CVE-2014-6942,0.00049,0.15785
CVE-2014-6943,0.00049,0.15785
CVE-2014-6944,0.00049,0.15785
CVE-2014-6945,0.00049,0.15785
CVE-2014-6946,0.00049,0.15785
CVE-2014-6947,0.00049,0.15785
CVE-2014-6948,0.00049,0.15785
CVE-2014-6949,0.00049,0.15785
CVE-2014-6950,0.00049,0.15785
CVE-2014-6951,0.00049,0.15785
CVE-2014-6952,0.00049,0.15785
CVE-2014-6953,0.00049,0.15785
CVE-2014-6954,0.00049,0.15785
CVE-2014-6955,0.00049,0.15785
CVE-2014-6956,0.00049,0.15785
CVE-2014-6957,0.00049,0.15785
CVE-2014-6958,0.00049,0.15785
CVE-2014-6959,0.00049,0.15785
CVE-2014-6960,0.00049,0.15785
CVE-2014-6961,0.00049,0.15785
CVE-2014-6962,0.00049,0.15785
CVE-2014-6963,0.00049,0.15785
CVE-2014-6964,0.00049,0.15785
CVE-2014-6965,0.00049,0.15785
CVE-2014-6966,0.00049,0.15785
CVE-2014-6967,0.00049,0.15785
CVE-2014-6968,0.00049,0.15785
CVE-2014-6969,0.00049,0.15785
CVE-2014-6970,0.00049,0.15785
CVE-2014-6971,0.00049,0.15785
CVE-2014-6972,0.00049,0.15785
CVE-2014-6973,0.00049,0.15785
CVE-2014-6974,0.00049,0.15785
CVE-2014-6975,0.00049,0.15785
CVE-2014-6976,0.00049,0.15785
CVE-2014-6977,0.00049,0.15785
CVE-2014-6978,0.00049,0.15785
CVE-2014-6979,0.00049,0.15785
CVE-2014-6980,0.00049,0.15785
CVE-2014-6981,0.00049,0.15785
CVE-2014-6982,0.00049,0.15785
CVE-2014-6983,0.00049,0.15785
CVE-2014-6984,0.00049,0.15785
CVE-2014-6985,0.00049,0.15785
CVE-2014-6986,0.00049,0.15785
CVE-2014-6987,0.00049,0.15785
CVE-2014-6988,0.00049,0.15785
CVE-2014-6989,0.00049,0.15785
CVE-2014-6990,0.00049,0.15785
CVE-2014-6991,0.00049,0.15785
CVE-2014-6992,0.00049,0.15785
CVE-2014-6993,0.00049,0.15785
CVE-2014-6994,0.00049,0.15785
CVE-2014-6995,0.00049,0.15785
CVE-2014-6996,0.00049,0.15785
CVE-2014-6997,0.00049,0.15785
CVE-2014-6998,0.00049,0.15785
CVE-2014-6999,0.00049,0.15785
CVE-2014-7000,0.00049,0.15785
CVE-2014-7001,0.00049,0.15785
CVE-2014-7002,0.00049,0.15785
CVE-2014-7003,0.00049,0.15785
CVE-2014-7004,0.00049,0.15785
CVE-2014-7005,0.00049,0.15785
CVE-2014-7006,0.00049,0.15785
CVE-2014-7007,0.00049,0.15785
CVE-2014-7008,0.00049,0.15785
CVE-2014-7009,0.00049,0.15785
CVE-2014-7010,0.00049,0.15785
CVE-2014-7011,0.00049,0.15785
CVE-2014-7012,0.00049,0.15785
CVE-2014-7013,0.00049,0.15785
CVE-2014-7015,0.00049,0.15785
CVE-2014-7016,0.00049,0.15785
CVE-2014-7017,0.00049,0.15785
CVE-2014-7018,0.00049,0.15785
CVE-2014-7019,0.00049,0.15785
CVE-2014-7020,0.00049,0.15785
CVE-2014-7021,0.00049,0.15785
CVE-2014-7022,0.00049,0.15785
CVE-2014-7023,0.00049,0.15785
CVE-2014-7024,0.00049,0.15785
CVE-2014-7025,0.00049,0.15785
CVE-2014-7026,0.00049,0.15785
CVE-2014-7027,0.00049,0.15785
CVE-2014-7028,0.00049,0.15785
CVE-2014-7029,0.00049,0.15785
CVE-2014-7030,0.00049,0.15785
CVE-2014-7031,0.00049,0.15785
CVE-2014-7032,0.00049,0.15785
CVE-2014-7033,0.00049,0.15785
CVE-2014-7034,0.00049,0.15785
CVE-2014-7035,0.00049,0.15785
CVE-2014-7036,0.00049,0.15785
CVE-2014-7037,0.00049,0.15785
CVE-2014-7038,0.00049,0.15785
CVE-2014-7039,0.00049,0.15785
CVE-2014-7040,0.00049,0.15785
CVE-2014-7041,0.00049,0.15785
CVE-2014-7042,0.00049,0.15785
CVE-2014-7043,0.00049,0.15785
CVE-2014-7044,0.00049,0.15785
CVE-2014-7045,0.00049,0.15785
CVE-2014-7046,0.00049,0.15785
CVE-2014-7047,0.00049,0.15785
CVE-2014-7048,0.00049,0.15785
CVE-2014-7049,0.00049,0.15785
CVE-2014-7050,0.00049,0.15785
CVE-2014-7052,0.00049,0.15785
CVE-2014-7053,0.00049,0.15785
CVE-2014-7054,0.00049,0.15785
CVE-2014-7055,0.00049,0.15785
CVE-2014-7056,0.00049,0.15785
CVE-2014-7057,0.00049,0.15785
CVE-2014-7058,0.00049,0.15785
CVE-2014-7059,0.00049,0.15785
CVE-2014-7060,0.00049,0.15785
CVE-2014-7061,0.00049,0.15785
CVE-2014-7062,0.00049,0.15785
CVE-2014-7063,0.00049,0.15785
CVE-2014-7064,0.00049,0.15785
CVE-2014-7065,0.00049,0.15785
CVE-2014-7066,0.00049,0.15785
CVE-2014-7067,0.00049,0.15785
CVE-2014-7068,0.00049,0.15785
CVE-2014-7069,0.00049,0.15785
CVE-2014-7070,0.00049,0.15785
CVE-2014-7071,0.00049,0.15785
CVE-2014-7072,0.00049,0.15785
CVE-2014-7073,0.00049,0.15785
CVE-2014-7075,0.00049,0.15785
CVE-2014-7076,0.00049,0.15785
CVE-2014-7077,0.00049,0.15785
CVE-2014-7078,0.00044,0.10713
CVE-2014-7079,0.00049,0.15785
CVE-2014-7080,0.00049,0.15785
CVE-2014-7082,0.00049,0.15785
CVE-2014-7083,0.00049,0.15785
CVE-2014-7084,0.00049,0.15785
CVE-2014-7085,0.00049,0.15785
CVE-2014-7086,0.00049,0.15785
CVE-2014-7087,0.00049,0.15785
CVE-2014-7088,0.00049,0.15785
CVE-2014-7089,0.00049,0.15785
CVE-2014-7090,0.00049,0.15785
CVE-2014-7091,0.00049,0.15785
CVE-2014-7092,0.00049,0.15785
CVE-2014-7093,0.00049,0.15785
CVE-2014-7098,0.00049,0.15785
CVE-2014-7099,0.00049,0.15785
CVE-2014-7100,0.00049,0.15785
CVE-2014-7101,0.00049,0.15785
CVE-2014-7102,0.00049,0.15785
CVE-2014-7103,0.00049,0.15785
CVE-2014-7104,0.00049,0.15785
CVE-2014-7106,0.00049,0.15785
CVE-2014-7107,0.00049,0.15785
CVE-2014-7108,0.00049,0.15785
CVE-2014-7109,0.00049,0.15785
CVE-2014-7111,0.00049,0.15785
CVE-2014-7113,0.00049,0.15785
CVE-2014-7115,0.00049,0.15785
CVE-2014-7116,0.00049,0.15785
CVE-2014-7117,0.00049,0.15785
CVE-2014-7118,0.00049,0.15785
CVE-2014-7119,0.00049,0.15785
CVE-2014-7120,0.00049,0.15785
CVE-2014-7121,0.00049,0.15785
CVE-2014-7122,0.00049,0.15785
CVE-2014-7123,0.00049,0.15785
CVE-2014-7124,0.00049,0.15785
CVE-2014-7125,0.00049,0.15785
CVE-2014-7127,0.00049,0.15785
CVE-2014-7128,0.00049,0.15785
CVE-2014-7129,0.00049,0.15785
CVE-2014-7131,0.00049,0.15785
CVE-2014-7132,0.00049,0.15785
CVE-2014-7134,0.00049,0.15785
CVE-2014-7135,0.00049,0.15785
CVE-2014-7136,0.00127,0.47292
CVE-2014-7137,0.00356,0.69263
CVE-2014-7138,0.00487,0.73550
CVE-2014-7139,0.00467,0.72962
CVE-2014-7140,0.48347,0.97185
CVE-2014-7141,0.93795,0.98964
CVE-2014-7142,0.03185,0.90218
CVE-2014-7143,0.01118,0.83078
CVE-2014-7144,0.00259,0.63749
CVE-2014-7145,0.01028,0.82273
CVE-2014-7146,0.35156,0.96745
CVE-2014-7151,0.00147,0.50661
CVE-2014-7152,0.00155,0.51807
CVE-2014-7153,0.00102,0.41296
CVE-2014-7154,0.00062,0.24773
CVE-2014-7155,0.00062,0.24773
CVE-2014-7156,0.00064,0.26441
CVE-2014-7157,0.00507,0.74084
CVE-2014-7158,0.00733,0.78824
CVE-2014-7169,0.97348,0.99881
CVE-2014-7170,0.00042,0.05722
CVE-2014-7173,0.01346,0.84744
CVE-2014-7174,0.00131,0.47967
CVE-2014-7175,0.00521,0.74438
CVE-2014-7176,0.00248,0.62835
CVE-2014-7177,0.00785,0.79590
CVE-2014-7178,0.04260,0.91463
CVE-2014-7180,0.00042,0.05722
CVE-2014-7181,0.00247,0.62780
CVE-2014-7182,0.00328,0.67995
CVE-2014-7183,0.00635,0.76950
CVE-2014-7185,0.01951,0.87501
CVE-2014-7186,0.97510,0.99982
CVE-2014-7187,0.97379,0.99898
CVE-2014-7188,0.00414,0.71425
CVE-2014-7189,0.00100,0.40851
CVE-2014-7190,0.01010,0.82129
CVE-2014-7191,0.05956,0.92751
CVE-2014-7192,0.25354,0.96273
CVE-2014-7193,0.00266,0.64284
CVE-2014-7194,0.00436,0.72121
CVE-2014-7195,0.00119,0.45908
CVE-2014-7198,0.00071,0.29353
CVE-2014-7199,0.00233,0.61454
CVE-2014-7200,0.00994,0.82002
CVE-2014-7201,0.00475,0.73209
CVE-2014-7202,0.00235,0.61733
CVE-2014-7203,0.00235,0.61733
CVE-2014-7204,0.01152,0.83352
CVE-2014-7205,0.87462,0.98409
CVE-2014-7206,0.00042,0.05722
CVE-2014-7207,0.00042,0.05722
CVE-2014-7208,0.00062,0.24874
CVE-2014-7209,0.01115,0.83058
CVE-2014-7216,0.03075,0.90057
CVE-2014-7217,0.00138,0.49340
CVE-2014-7221,0.00650,0.77250
CVE-2014-7222,0.00388,0.70526
CVE-2014-7224,0.01821,0.86948
CVE-2014-7226,0.29106,0.96483
CVE-2014-7228,0.94854,0.99129
CVE-2014-7229,0.00118,0.45766
CVE-2014-7230,0.00042,0.05722
CVE-2014-7231,0.00042,0.05722
CVE-2014-7232,0.00420,0.71598
CVE-2014-7233,0.00342,0.68637
CVE-2014-7235,0.89016,0.98506
CVE-2014-7236,0.95905,0.99341
CVE-2014-7237,0.12120,0.94897
CVE-2014-7238,0.00087,0.36434
CVE-2014-7240,0.00109,0.43553
CVE-2014-7241,0.00720,0.78609
CVE-2014-7242,0.00084,0.34825
CVE-2014-7243,0.00330,0.68102
CVE-2014-7246,0.02228,0.88425
CVE-2014-7247,0.02705,0.89473
CVE-2014-7248,0.00192,0.57132
CVE-2014-7249,0.01321,0.84594
CVE-2014-7250,0.00457,0.72720
CVE-2014-7251,0.00064,0.26309
CVE-2014-7252,0.00042,0.05722
CVE-2014-7253,0.00043,0.07685
CVE-2014-7254,0.00118,0.45762
CVE-2014-7255,0.00419,0.71569
CVE-2014-7256,0.00728,0.78739
CVE-2014-7257,0.00251,0.63132
CVE-2014-7258,0.00193,0.57215
CVE-2014-7259,0.00079,0.32779
CVE-2014-7260,0.00829,0.80179
CVE-2014-7261,0.00192,0.56888
CVE-2014-7262,0.00192,0.56888
CVE-2014-7263,0.00303,0.66576
CVE-2014-7264,0.00120,0.46051
CVE-2014-7265,0.00135,0.48865
CVE-2014-7266,0.00633,0.76905
CVE-2014-7267,0.00093,0.39007
CVE-2014-7268,0.00192,0.56888
CVE-2014-7269,0.00272,0.64644
CVE-2014-7270,0.00157,0.52101
CVE-2014-7271,0.00042,0.05722
CVE-2014-7272,0.00042,0.05722
CVE-2014-7273,0.00077,0.31861
CVE-2014-7274,0.00089,0.37656
CVE-2014-7275,0.00089,0.37656
CVE-2014-7277,0.00304,0.66657
CVE-2014-7278,0.01257,0.84166
CVE-2014-7279,0.05548,0.92525
CVE-2014-7280,0.00695,0.78179
CVE-2014-7281,0.00951,0.81552
CVE-2014-7283,0.00043,0.07658
CVE-2014-7284,0.02883,0.89777
CVE-2014-7285,0.45065,0.97086
CVE-2014-7286,0.00063,0.25176
CVE-2014-7287,0.00574,0.75642
CVE-2014-7288,0.12438,0.94945
CVE-2014-7289,0.00179,0.55160
CVE-2014-7290,0.00220,0.60154
CVE-2014-7291,0.00192,0.57132
CVE-2014-7292,0.01042,0.82426
CVE-2014-7293,0.00140,0.49569
CVE-2014-7294,0.00245,0.62586
CVE-2014-7295,0.00144,0.50230
CVE-2014-7296,0.00490,0.73645
CVE-2014-7297,0.00341,0.68559
CVE-2014-7298,0.00042,0.05722
CVE-2014-7299,0.00554,0.75232
CVE-2014-7300,0.00062,0.24773
CVE-2014-7301,0.00042,0.05722
CVE-2014-7302,0.00042,0.05722
CVE-2014-7303,0.00042,0.05722
CVE-2014-7307,0.00049,0.15785
CVE-2014-7309,0.00049,0.15785
CVE-2014-7310,0.00049,0.15785
CVE-2014-7313,0.00049,0.15785
CVE-2014-7314,0.00049,0.15785
CVE-2014-7315,0.00049,0.15785
CVE-2014-7316,0.00049,0.15785
CVE-2014-7317,0.00049,0.15785
CVE-2014-7320,0.00049,0.15785
CVE-2014-7321,0.00049,0.15785
CVE-2014-7323,0.00049,0.15785
CVE-2014-7325,0.00049,0.15785
CVE-2014-7326,0.00049,0.15785
CVE-2014-7327,0.00049,0.15785
CVE-2014-7328,0.00049,0.15785
CVE-2014-7329,0.00049,0.15785
CVE-2014-7330,0.00049,0.15785
CVE-2014-7331,0.00049,0.15785
CVE-2014-7333,0.00049,0.15785
CVE-2014-7334,0.00049,0.15785
CVE-2014-7335,0.00049,0.15785
CVE-2014-7336,0.00049,0.15785
CVE-2014-7337,0.00049,0.15785
CVE-2014-7338,0.00049,0.15785
CVE-2014-7339,0.00049,0.15785
CVE-2014-7340,0.00049,0.15785
CVE-2014-7341,0.00049,0.15785
CVE-2014-7342,0.00049,0.15785
CVE-2014-7344,0.00049,0.15785
CVE-2014-7345,0.00049,0.15785
CVE-2014-7346,0.00049,0.15785
CVE-2014-7348,0.00049,0.15785
CVE-2014-7351,0.00049,0.15785
CVE-2014-7352,0.00049,0.15785
CVE-2014-7353,0.00049,0.15785
CVE-2014-7354,0.00049,0.15785
CVE-2014-7357,0.00049,0.15785
CVE-2014-7358,0.00049,0.15785
CVE-2014-7359,0.00049,0.15785
CVE-2014-7360,0.00049,0.15785
CVE-2014-7361,0.00049,0.15785
CVE-2014-7362,0.00049,0.15785
CVE-2014-7364,0.00049,0.15785
CVE-2014-7366,0.00049,0.15785
CVE-2014-7367,0.00049,0.15785
CVE-2014-7368,0.00049,0.15785
CVE-2014-7369,0.00049,0.15785
CVE-2014-7370,0.00049,0.15785
CVE-2014-7371,0.00049,0.15785
CVE-2014-7372,0.00049,0.15785
CVE-2014-7373,0.00049,0.15785
CVE-2014-7374,0.00049,0.15785
CVE-2014-7375,0.00049,0.15785
CVE-2014-7376,0.00049,0.15785
CVE-2014-7378,0.00049,0.15785
CVE-2014-7379,0.00049,0.15785
CVE-2014-7380,0.00049,0.15785
CVE-2014-7382,0.00049,0.15785
CVE-2014-7384,0.00049,0.15785
CVE-2014-7385,0.00049,0.15785
CVE-2014-7387,0.00049,0.15785
CVE-2014-7388,0.00049,0.15785
CVE-2014-7389,0.00049,0.15785
CVE-2014-7390,0.00049,0.15785
CVE-2014-7391,0.00049,0.15785
CVE-2014-7392,0.00049,0.15785
CVE-2014-7393,0.00049,0.15785
CVE-2014-7394,0.00049,0.15785
CVE-2014-7395,0.00049,0.15785
CVE-2014-7396,0.00049,0.15785
CVE-2014-7397,0.00049,0.15785
CVE-2014-7398,0.00049,0.15785
CVE-2014-7399,0.00049,0.15785
CVE-2014-7402,0.00049,0.15785
CVE-2014-7403,0.00049,0.15785
CVE-2014-7405,0.00049,0.15785
CVE-2014-7406,0.00049,0.15785
CVE-2014-7407,0.00049,0.15785
CVE-2014-7408,0.00049,0.15785
CVE-2014-7409,0.00049,0.15785
CVE-2014-7410,0.00049,0.15785
CVE-2014-7413,0.00049,0.15785
CVE-2014-7414,0.00049,0.15785
CVE-2014-7415,0.00049,0.15785
CVE-2014-7416,0.00049,0.15785
CVE-2014-7417,0.00049,0.15785
CVE-2014-7418,0.00049,0.15785
CVE-2014-7419,0.00049,0.15785
CVE-2014-7420,0.00049,0.15785
CVE-2014-7421,0.00049,0.15785
CVE-2014-7422,0.00049,0.15785
CVE-2014-7423,0.00049,0.15785
CVE-2014-7424,0.00049,0.15785
CVE-2014-7425,0.00049,0.15785
CVE-2014-7427,0.00049,0.15785
CVE-2014-7428,0.00049,0.15785
CVE-2014-7430,0.00049,0.15785
CVE-2014-7431,0.00049,0.15785
CVE-2014-7432,0.00049,0.15785
CVE-2014-7433,0.00049,0.15785
CVE-2014-7434,0.00049,0.15785
CVE-2014-7435,0.00049,0.15785
CVE-2014-7436,0.00049,0.15785
CVE-2014-7437,0.00049,0.15785
CVE-2014-7439,0.00049,0.15785
CVE-2014-7441,0.00049,0.15785
CVE-2014-7443,0.00049,0.15785
CVE-2014-7444,0.00049,0.15785
CVE-2014-7445,0.00049,0.15785
CVE-2014-7446,0.00049,0.15785
CVE-2014-7447,0.00049,0.15785
CVE-2014-7448,0.00049,0.15785
CVE-2014-7449,0.00049,0.15785
CVE-2014-7450,0.00049,0.15785
CVE-2014-7452,0.00049,0.15785
CVE-2014-7454,0.00049,0.15785
CVE-2014-7455,0.00049,0.15785
CVE-2014-7456,0.00049,0.15785
CVE-2014-7457,0.00049,0.15785
CVE-2014-7458,0.00049,0.15785
CVE-2014-7459,0.00049,0.15785
CVE-2014-7460,0.00049,0.15785
CVE-2014-7461,0.00049,0.15785
CVE-2014-7462,0.00049,0.15785
CVE-2014-7463,0.00049,0.15785
CVE-2014-7464,0.00049,0.15785
CVE-2014-7465,0.00049,0.15785
CVE-2014-7466,0.00049,0.15785
CVE-2014-7467,0.00049,0.15785
CVE-2014-7468,0.00049,0.15785
CVE-2014-7469,0.00049,0.15785
CVE-2014-7470,0.00049,0.15785
CVE-2014-7471,0.00049,0.15785
CVE-2014-7472,0.00049,0.15785
CVE-2014-7475,0.00049,0.15785
CVE-2014-7476,0.00049,0.15785
CVE-2014-7478,0.00049,0.15785
CVE-2014-7481,0.00049,0.15785
CVE-2014-7483,0.00049,0.15785
CVE-2014-7484,0.00049,0.15785
CVE-2014-7485,0.00049,0.15785
CVE-2014-7486,0.00049,0.15785
CVE-2014-7487,0.00049,0.15785
CVE-2014-7488,0.00049,0.15785
CVE-2014-7490,0.00049,0.15785
CVE-2014-7491,0.00049,0.15785
CVE-2014-7492,0.00049,0.15785
CVE-2014-7493,0.00049,0.15785
CVE-2014-7494,0.00049,0.15785
CVE-2014-7495,0.00049,0.15785
CVE-2014-7497,0.00049,0.15785
CVE-2014-7498,0.00049,0.15785
CVE-2014-7499,0.00049,0.15785
CVE-2014-7501,0.00049,0.15785
CVE-2014-7502,0.00049,0.15785
CVE-2014-7505,0.00049,0.15785
CVE-2014-7506,0.00049,0.15785
CVE-2014-7507,0.00049,0.15785
CVE-2014-7508,0.00049,0.15785
CVE-2014-7509,0.00049,0.15785
CVE-2014-7510,0.00049,0.15785
CVE-2014-7513,0.00049,0.15785
CVE-2014-7515,0.00049,0.15785
CVE-2014-7516,0.00049,0.15785
CVE-2014-7517,0.00049,0.15785
CVE-2014-7518,0.00049,0.15785
CVE-2014-7519,0.00049,0.15785
CVE-2014-7520,0.00049,0.15785
CVE-2014-7521,0.00049,0.15785
CVE-2014-7522,0.00049,0.15785
CVE-2014-7523,0.00049,0.15785
CVE-2014-7524,0.00049,0.15785
CVE-2014-7525,0.00049,0.15785
CVE-2014-7526,0.00049,0.15785
CVE-2014-7527,0.00049,0.15785
CVE-2014-7528,0.00049,0.15785
CVE-2014-7529,0.00049,0.15785
CVE-2014-7530,0.00049,0.15785
CVE-2014-7532,0.00049,0.15785
CVE-2014-7533,0.00049,0.15785
CVE-2014-7534,0.00049,0.15785
CVE-2014-7535,0.00049,0.15785
CVE-2014-7536,0.00049,0.15785
CVE-2014-7538,0.00049,0.15785
CVE-2014-7539,0.00049,0.15785
CVE-2014-7542,0.00049,0.15785
CVE-2014-7543,0.00049,0.15785
CVE-2014-7544,0.00049,0.15785
CVE-2014-7546,0.00049,0.15785
CVE-2014-7547,0.00049,0.15785
CVE-2014-7550,0.00049,0.15785
CVE-2014-7551,0.00049,0.15785
CVE-2014-7552,0.00049,0.15785
CVE-2014-7553,0.00049,0.15785
CVE-2014-7554,0.00049,0.15785
CVE-2014-7555,0.00049,0.15785
CVE-2014-7557,0.00049,0.15785
CVE-2014-7558,0.00049,0.15785
CVE-2014-7559,0.00049,0.15785
CVE-2014-7560,0.00049,0.15785
CVE-2014-7562,0.00049,0.15785
CVE-2014-7563,0.00049,0.15785
CVE-2014-7564,0.00049,0.15785
CVE-2014-7565,0.00049,0.15785
CVE-2014-7566,0.00049,0.15785
CVE-2014-7567,0.00049,0.15785
CVE-2014-7568,0.00049,0.15785
CVE-2014-7569,0.00049,0.15785
CVE-2014-7570,0.00049,0.15785
CVE-2014-7571,0.00049,0.15785
CVE-2014-7572,0.00049,0.15785
CVE-2014-7573,0.00049,0.15785
CVE-2014-7575,0.00049,0.15785
CVE-2014-7576,0.00049,0.15785
CVE-2014-7577,0.00049,0.15785
CVE-2014-7578,0.00049,0.15785
CVE-2014-7580,0.00049,0.15785
CVE-2014-7581,0.00049,0.15785
CVE-2014-7582,0.00049,0.15785
CVE-2014-7584,0.00049,0.15785
CVE-2014-7585,0.00049,0.15785
CVE-2014-7587,0.00049,0.15785
CVE-2014-7589,0.00049,0.15785
CVE-2014-7590,0.00049,0.15785
CVE-2014-7591,0.00049,0.15785
CVE-2014-7592,0.00049,0.15785
CVE-2014-7593,0.00049,0.15785
CVE-2014-7595,0.00049,0.15785
CVE-2014-7596,0.00049,0.15785
CVE-2014-7597,0.00049,0.15785
CVE-2014-7598,0.00049,0.15785
CVE-2014-7602,0.00049,0.15785
CVE-2014-7603,0.00049,0.15785
CVE-2014-7604,0.00049,0.15785
CVE-2014-7605,0.00049,0.15785
CVE-2014-7606,0.00049,0.15785
CVE-2014-7607,0.00049,0.15785
CVE-2014-7608,0.00049,0.15785
CVE-2014-7609,0.00049,0.15785
CVE-2014-7610,0.00049,0.15785
CVE-2014-7611,0.00049,0.15785
CVE-2014-7612,0.00049,0.15785
CVE-2014-7613,0.00049,0.15785
CVE-2014-7614,0.00049,0.15785
CVE-2014-7616,0.00049,0.15785
CVE-2014-7617,0.00049,0.15785
CVE-2014-7618,0.00049,0.15785
CVE-2014-7620,0.00049,0.15785
CVE-2014-7621,0.00049,0.15785
CVE-2014-7622,0.00049,0.15785
CVE-2014-7624,0.00049,0.15785
CVE-2014-7626,0.00049,0.15785
CVE-2014-7628,0.00049,0.15785
CVE-2014-7629,0.00049,0.15785
CVE-2014-7630,0.00049,0.15785
CVE-2014-7631,0.00049,0.15785
CVE-2014-7632,0.00049,0.15785
CVE-2014-7633,0.00049,0.15785
CVE-2014-7634,0.00049,0.15785
CVE-2014-7636,0.00049,0.15785
CVE-2014-7638,0.00049,0.15785
CVE-2014-7640,0.00049,0.15785
CVE-2014-7642,0.00049,0.15785
CVE-2014-7643,0.00049,0.15785
CVE-2014-7644,0.00049,0.15785
CVE-2014-7646,0.00049,0.15785
CVE-2014-7647,0.00049,0.15785
CVE-2014-7648,0.00049,0.15785
CVE-2014-7649,0.00049,0.15785
CVE-2014-7650,0.00049,0.15785
CVE-2014-7652,0.00049,0.15785
CVE-2014-7655,0.00049,0.15785
CVE-2014-7656,0.00049,0.15785
CVE-2014-7659,0.00049,0.15785
CVE-2014-7660,0.00049,0.15785
CVE-2014-7661,0.00049,0.15785
CVE-2014-7663,0.00049,0.15785
CVE-2014-7664,0.00049,0.15785
CVE-2014-7666,0.00049,0.15785
CVE-2014-7667,0.00049,0.15785
CVE-2014-7668,0.00049,0.15785
CVE-2014-7670,0.00049,0.15785
CVE-2014-7671,0.00049,0.15785
CVE-2014-7674,0.00049,0.15785
CVE-2014-7676,0.00049,0.15785
CVE-2014-7677,0.00049,0.15785
CVE-2014-7681,0.00049,0.15785
CVE-2014-7682,0.00049,0.15785
CVE-2014-7683,0.00049,0.15785
CVE-2014-7685,0.00049,0.15785
CVE-2014-7686,0.00049,0.15785
CVE-2014-7688,0.00049,0.15785
CVE-2014-7689,0.00049,0.15785
CVE-2014-7690,0.00049,0.15785
CVE-2014-7691,0.00049,0.15785
CVE-2014-7692,0.00049,0.15785
CVE-2014-7693,0.00049,0.15785
CVE-2014-7694,0.00049,0.15785
CVE-2014-7695,0.00049,0.15785
CVE-2014-7696,0.00049,0.15785
CVE-2014-7697,0.00049,0.15785
CVE-2014-7698,0.00049,0.15785
CVE-2014-7700,0.00049,0.15785
CVE-2014-7701,0.00049,0.15785
CVE-2014-7702,0.00049,0.15785
CVE-2014-7703,0.00049,0.15785
CVE-2014-7705,0.00049,0.15785
CVE-2014-7707,0.00049,0.15785
CVE-2014-7708,0.00049,0.15785
CVE-2014-7710,0.00049,0.15785
CVE-2014-7712,0.00049,0.15785
CVE-2014-7713,0.00049,0.15785
CVE-2014-7714,0.00049,0.15785
CVE-2014-7715,0.00049,0.15785
CVE-2014-7716,0.00049,0.15785
CVE-2014-7717,0.00049,0.15785
CVE-2014-7718,0.00049,0.15785
CVE-2014-7719,0.00049,0.15785
CVE-2014-7720,0.00049,0.15785
CVE-2014-7721,0.00049,0.15785
CVE-2014-7722,0.00049,0.15785
CVE-2014-7723,0.00049,0.15785
CVE-2014-7724,0.00049,0.15785
CVE-2014-7725,0.00049,0.15785
CVE-2014-7726,0.00049,0.15785
CVE-2014-7727,0.00049,0.15785
CVE-2014-7728,0.00049,0.15785
CVE-2014-7731,0.00049,0.15785
CVE-2014-7733,0.00049,0.15785
CVE-2014-7734,0.00049,0.15785
CVE-2014-7735,0.00049,0.15785
CVE-2014-7737,0.00049,0.15785
CVE-2014-7739,0.00049,0.15785
CVE-2014-7740,0.00049,0.15785
CVE-2014-7741,0.00049,0.15785
CVE-2014-7742,0.00049,0.15785
CVE-2014-7743,0.00049,0.15785
CVE-2014-7744,0.00049,0.15785
CVE-2014-7745,0.00049,0.15785
CVE-2014-7746,0.00049,0.15785
CVE-2014-7748,0.00049,0.15785
CVE-2014-7749,0.00049,0.15785
CVE-2014-7750,0.00049,0.15785
CVE-2014-7751,0.00049,0.15785
CVE-2014-7752,0.00049,0.15785
CVE-2014-7753,0.00049,0.15785
CVE-2014-7754,0.00049,0.15785
CVE-2014-7755,0.00049,0.15785
CVE-2014-7756,0.00049,0.15785
CVE-2014-7757,0.00049,0.15785
CVE-2014-7758,0.00049,0.15785
CVE-2014-7759,0.00049,0.15785
CVE-2014-7760,0.00049,0.15785
CVE-2014-7761,0.00049,0.15785
CVE-2014-7762,0.00049,0.15785
CVE-2014-7763,0.00049,0.15785
CVE-2014-7764,0.00049,0.15785
CVE-2014-7765,0.00049,0.15785
CVE-2014-7766,0.00049,0.15785
CVE-2014-7767,0.00049,0.15785
CVE-2014-7768,0.00049,0.15785
CVE-2014-7769,0.00049,0.15785
CVE-2014-7770,0.00049,0.15785
CVE-2014-7771,0.00049,0.15785
CVE-2014-7772,0.00049,0.15785
CVE-2014-7773,0.00049,0.15785
CVE-2014-7774,0.00049,0.15785
CVE-2014-7775,0.00049,0.15785
CVE-2014-7776,0.00049,0.15785
CVE-2014-7777,0.00049,0.15785
CVE-2014-7778,0.00049,0.15785
CVE-2014-7779,0.00049,0.15785
CVE-2014-7780,0.00049,0.15785
CVE-2014-7781,0.00049,0.15785
CVE-2014-7782,0.00049,0.15785
CVE-2014-7783,0.00049,0.15785
CVE-2014-7784,0.00049,0.15785
CVE-2014-7785,0.00049,0.15785
CVE-2014-7786,0.00049,0.15785
CVE-2014-7787,0.00049,0.15785
CVE-2014-7788,0.00049,0.15785
CVE-2014-7789,0.00049,0.15785
CVE-2014-7791,0.00049,0.15785
CVE-2014-7793,0.00049,0.15785
CVE-2014-7794,0.00049,0.15785
CVE-2014-7795,0.00049,0.15785
CVE-2014-7796,0.00049,0.15785
CVE-2014-7797,0.00049,0.15785
CVE-2014-7798,0.00049,0.15785
CVE-2014-7799,0.00049,0.15785
CVE-2014-7800,0.00049,0.15785
CVE-2014-7802,0.00049,0.15785
CVE-2014-7803,0.00049,0.15785
CVE-2014-7804,0.00049,0.15785
CVE-2014-7807,0.00119,0.46040
CVE-2014-7808,0.00053,0.18552
CVE-2014-7809,0.00192,0.56988
CVE-2014-7810,0.00289,0.65777
CVE-2014-7811,0.00093,0.39055
CVE-2014-7812,0.00093,0.39055
CVE-2014-7813,0.00117,0.45555
CVE-2014-7814,0.00104,0.42003
CVE-2014-7815,0.89069,0.98510
CVE-2014-7816,0.04584,0.91741
CVE-2014-7817,0.00055,0.20509
CVE-2014-7818,0.00455,0.72675
CVE-2014-7819,0.00582,0.75844
CVE-2014-7821,0.01036,0.82355
CVE-2014-7822,0.00042,0.00438
CVE-2014-7823,0.00569,0.75540
CVE-2014-7824,0.00042,0.05722
CVE-2014-7825,0.00042,0.05722
CVE-2014-7826,0.00042,0.05722
CVE-2014-7827,0.00239,0.62032
CVE-2014-7828,0.00276,0.64885
CVE-2014-7829,0.00743,0.78958
CVE-2014-7830,0.00131,0.47914
CVE-2014-7831,0.00160,0.52641
CVE-2014-7832,0.00144,0.50205
CVE-2014-7833,0.00160,0.52641
CVE-2014-7834,0.00160,0.52641
CVE-2014-7835,0.00120,0.46051
CVE-2014-7836,0.00160,0.52542
CVE-2014-7837,0.00237,0.61855
CVE-2014-7838,0.00160,0.52542
CVE-2014-7839,0.01098,0.82928
CVE-2014-7840,0.07878,0.93649
CVE-2014-7841,0.73302,0.97848
CVE-2014-7842,0.00064,0.26441
CVE-2014-7843,0.00042,0.05722
CVE-2014-7844,0.00101,0.41232
CVE-2014-7845,0.00749,0.79039
CVE-2014-7846,0.00122,0.46525
CVE-2014-7847,0.00874,0.80686
CVE-2014-7848,0.00358,0.69347
CVE-2014-7849,0.00269,0.64474
CVE-2014-7850,0.00192,0.56888
CVE-2014-7851,0.00151,0.51318
CVE-2014-7852,0.00135,0.48865
CVE-2014-7853,0.00227,0.60979
CVE-2014-7857,0.00561,0.75336
CVE-2014-7858,0.00561,0.75336
CVE-2014-7859,0.50674,0.97259
CVE-2014-7860,0.00240,0.62080
CVE-2014-7861,0.01178,0.83584
CVE-2014-7862,0.96396,0.99473
CVE-2014-7863,0.97532,0.99993
CVE-2014-7864,0.91881,0.98740
CVE-2014-7866,0.94618,0.99089
CVE-2014-7867,0.82349,0.98157
CVE-2014-7868,0.96531,0.99521
CVE-2014-7869,0.00101,0.41234
CVE-2014-7870,0.00102,0.41341
CVE-2014-7871,0.00118,0.45695
CVE-2014-7872,0.00061,0.23986
CVE-2014-7874,0.00188,0.56327
CVE-2014-7875,0.02463,0.88992
CVE-2014-7876,0.05938,0.92745
CVE-2014-7877,0.00042,0.05722
CVE-2014-7878,0.03749,0.90956
CVE-2014-7879,0.00349,0.68958
CVE-2014-7880,0.00727,0.78715
CVE-2014-7881,0.02156,0.88228
CVE-2014-7882,0.00174,0.54593
CVE-2014-7883,0.94445,0.99061
CVE-2014-7884,0.01988,0.87625
CVE-2014-7885,0.00324,0.67750
CVE-2014-7888,0.95154,0.99178
CVE-2014-7889,0.95154,0.99178
CVE-2014-7890,0.95154,0.99178
CVE-2014-7891,0.95154,0.99178
CVE-2014-7892,0.95154,0.99178
CVE-2014-7893,0.95154,0.99178
CVE-2014-7894,0.95154,0.99178
CVE-2014-7895,0.95154,0.99178
CVE-2014-7896,0.06432,0.93025
CVE-2014-7897,0.10707,0.94570
CVE-2014-7898,0.10707,0.94570
CVE-2014-7899,0.00611,0.76468
CVE-2014-7900,0.01241,0.84069
CVE-2014-7901,0.01341,0.84707
CVE-2014-7902,0.00867,0.80604
CVE-2014-7903,0.01544,0.85817
CVE-2014-7904,0.02412,0.88874
CVE-2014-7905,0.00422,0.71671
CVE-2014-7906,0.07039,0.93338
CVE-2014-7907,0.02616,0.89285
CVE-2014-7908,0.01793,0.86823
CVE-2014-7909,0.02918,0.89821
CVE-2014-7910,0.00676,0.77818
CVE-2014-7911,0.00060,0.23280
CVE-2014-7912,0.01218,0.83892
CVE-2014-7913,0.00337,0.68417
CVE-2014-7914,0.00275,0.64833
CVE-2014-7915,0.00123,0.46678
CVE-2014-7916,0.00123,0.46678
CVE-2014-7917,0.00123,0.46678
CVE-2014-7919,0.00311,0.67068
CVE-2014-7920,0.00109,0.43517
CVE-2014-7921,0.00109,0.43517
CVE-2014-7922,0.00062,0.24793
CVE-2014-7923,0.02089,0.87982
CVE-2014-7924,0.01715,0.86536
CVE-2014-7925,0.01234,0.84019
CVE-2014-7926,0.02089,0.87982
CVE-2014-7927,0.01948,0.87486
CVE-2014-7928,0.02119,0.88069
CVE-2014-7929,0.01509,0.85643
CVE-2014-7930,0.01804,0.86870
CVE-2014-7931,0.02119,0.88069
CVE-2014-7932,0.01804,0.86870
CVE-2014-7933,0.00907,0.81079
CVE-2014-7934,0.02058,0.87874
CVE-2014-7935,0.00983,0.81868
CVE-2014-7936,0.01517,0.85687
CVE-2014-7937,0.01198,0.83731
CVE-2014-7938,0.01931,0.87434
CVE-2014-7939,0.00481,0.73391
CVE-2014-7940,0.03553,0.90711
CVE-2014-7941,0.01888,0.87258
CVE-2014-7942,0.01490,0.85514
CVE-2014-7943,0.01888,0.87258
CVE-2014-7944,0.02075,0.87937
CVE-2014-7945,0.02075,0.87937
CVE-2014-7946,0.04005,0.91207
CVE-2014-7947,0.02075,0.87937
CVE-2014-7948,0.01494,0.85539
CVE-2014-7951,0.00468,0.73003
CVE-2014-7952,0.00137,0.49069
CVE-2014-7953,0.00042,0.05722
CVE-2014-7954,0.00087,0.36449
CVE-2014-7956,0.00290,0.65829
CVE-2014-7957,0.00326,0.67868
CVE-2014-7958,0.00156,0.52017
CVE-2014-7959,0.00290,0.65849
CVE-2014-7960,0.00222,0.60606
CVE-2014-7967,0.00124,0.46713
CVE-2014-7968,0.00387,0.70492
CVE-2014-7970,0.00044,0.08000
CVE-2014-7975,0.00044,0.08000
CVE-2014-7978,0.00111,0.44215
CVE-2014-7979,0.00111,0.44215
CVE-2014-7980,0.00111,0.44215
CVE-2014-7981,0.00130,0.47844
CVE-2014-7982,0.00155,0.51833
CVE-2014-7983,0.00155,0.51833
CVE-2014-7984,0.00728,0.78733
CVE-2014-7985,0.00854,0.80478
CVE-2014-7986,0.01262,0.84217
CVE-2014-7987,0.00294,0.66119
CVE-2014-7988,0.00188,0.56336
CVE-2014-7989,0.00042,0.05722
CVE-2014-7990,0.00042,0.05722
CVE-2014-7991,0.00110,0.44111
CVE-2014-7992,0.02543,0.89143
CVE-2014-7993,0.00196,0.57534
CVE-2014-7994,0.00196,0.57559
CVE-2014-7995,0.00044,0.10161
CVE-2014-7996,0.00202,0.58163
CVE-2014-7997,0.00446,0.72404
CVE-2014-7998,0.00407,0.71209
CVE-2014-7999,0.00123,0.46667
CVE-2014-8000,0.00571,0.75562
CVE-2014-8001,0.27499,0.96391
CVE-2014-8002,0.08183,0.93763
CVE-2014-8003,0.00042,0.05722
CVE-2014-8004,0.00563,0.75411
CVE-2014-8005,0.01355,0.84825
CVE-2014-8006,0.00154,0.51693
CVE-2014-8007,0.00101,0.41215
CVE-2014-8008,0.00142,0.49965
CVE-2014-8009,0.00262,0.63992
CVE-2014-8010,0.00177,0.54966
CVE-2014-8012,0.00135,0.48865
CVE-2014-8013,0.00042,0.05722
CVE-2014-8014,0.00186,0.56036
CVE-2014-8015,0.00083,0.34313
CVE-2014-8016,0.00187,0.56209
CVE-2014-8017,0.00278,0.65025
CVE-2014-8018,0.00192,0.57132
CVE-2014-8019,0.00343,0.68643
CVE-2014-8020,0.00676,0.77814
CVE-2014-8021,0.00220,0.59971
CVE-2014-8022,0.00254,0.63423
CVE-2014-8023,0.00169,0.53843
CVE-2014-8024,0.00318,0.67492
CVE-2014-8025,0.00318,0.67492
CVE-2014-8026,0.00220,0.60154
CVE-2014-8027,0.00265,0.64237
CVE-2014-8028,0.00254,0.63423
CVE-2014-8029,0.00348,0.68878
CVE-2014-8030,0.00254,0.63423
CVE-2014-8031,0.00202,0.58163
CVE-2014-8032,0.00142,0.49965
CVE-2014-8033,0.00401,0.71006
CVE-2014-8034,0.00372,0.69919
CVE-2014-8035,0.00278,0.65025
CVE-2014-8036,0.00334,0.68324
CVE-2014-8068,0.00785,0.79591
CVE-2014-8069,0.00146,0.50565
CVE-2014-8070,0.00437,0.72150
CVE-2014-8071,0.00193,0.57215
CVE-2014-8072,0.00162,0.52910
CVE-2014-8073,0.00405,0.71113
CVE-2014-8074,0.62663,0.97568
CVE-2014-8075,0.00120,0.46051
CVE-2014-8076,0.00102,0.41341
CVE-2014-8077,0.00116,0.45269
CVE-2014-8078,0.00116,0.45269
CVE-2014-8079,0.00116,0.45269
CVE-2014-8080,0.09453,0.94206
CVE-2014-8081,0.03682,0.90879
CVE-2014-8082,0.00992,0.81985
CVE-2014-8083,0.00419,0.71573
CVE-2014-8084,0.01773,0.86739
CVE-2014-8085,0.01216,0.83867
CVE-2014-8086,0.00043,0.07658
CVE-2014-8087,0.00079,0.33022
CVE-2014-8088,0.00600,0.76205
CVE-2014-8089,0.00375,0.70008
CVE-2014-8090,0.15396,0.95409
CVE-2014-8091,0.06343,0.92974
CVE-2014-8092,0.01076,0.82751
CVE-2014-8093,0.01030,0.82290
CVE-2014-8094,0.00801,0.79844
CVE-2014-8095,0.01320,0.84589
CVE-2014-8096,0.00871,0.80650
CVE-2014-8097,0.01566,0.85922
CVE-2014-8098,0.00724,0.78673
CVE-2014-8099,0.01566,0.85922
CVE-2014-8100,0.01566,0.85922
CVE-2014-8101,0.01566,0.85922
CVE-2014-8102,0.01320,0.84589
CVE-2014-8103,0.00938,0.81405
CVE-2014-8104,0.00587,0.75914
CVE-2014-8105,0.00470,0.73072
CVE-2014-8106,0.00100,0.40880
CVE-2014-8108,0.01292,0.84427
CVE-2014-8109,0.00220,0.59951
CVE-2014-8110,0.00699,0.78230
CVE-2014-8111,0.00343,0.68687
CVE-2014-8112,0.00188,0.56336
CVE-2014-8114,0.01324,0.84611
CVE-2014-8115,0.00239,0.62044
CVE-2014-8116,0.03201,0.90246
CVE-2014-8117,0.03201,0.90246
CVE-2014-8118,0.36903,0.96816
CVE-2014-8119,0.00662,0.77543
CVE-2014-8120,0.00042,0.05722
CVE-2014-8121,0.02089,0.87976
CVE-2014-8122,0.00716,0.78539
CVE-2014-8123,0.00992,0.81987
CVE-2014-8124,0.01762,0.86705
CVE-2014-8125,0.01857,0.87111
CVE-2014-8126,0.00933,0.81363
CVE-2014-8127,0.00732,0.78802
CVE-2014-8128,0.01090,0.82859
CVE-2014-8129,0.00467,0.72983
CVE-2014-8130,0.00233,0.61461
CVE-2014-8131,0.00130,0.47869
CVE-2014-8132,0.16951,0.95595
CVE-2014-8133,0.00044,0.08000
CVE-2014-8134,0.00157,0.52136
CVE-2014-8135,0.00042,0.05722
CVE-2014-8136,0.00042,0.05722
CVE-2014-8137,0.15613,0.95433
CVE-2014-8138,0.23250,0.96143
CVE-2014-8139,0.00727,0.78728
CVE-2014-8140,0.00727,0.78728
CVE-2014-8141,0.00727,0.78728
CVE-2014-8142,0.86053,0.98331
CVE-2014-8143,0.00449,0.72491
CVE-2014-8144,0.00159,0.52409
CVE-2014-8145,0.01900,0.87314
CVE-2014-8146,0.01063,0.82644
CVE-2014-8147,0.02648,0.89357
CVE-2014-8148,0.00042,0.05722
CVE-2014-8149,0.00405,0.71138
CVE-2014-8150,0.00543,0.74991
CVE-2014-8151,0.00146,0.50468
CVE-2014-8152,0.00312,0.67077
CVE-2014-8153,0.04038,0.91240
CVE-2014-8154,0.00946,0.81495
CVE-2014-8155,0.00121,0.46328
CVE-2014-8156,0.00042,0.05722
CVE-2014-8157,0.09290,0.94151
CVE-2014-8158,0.07948,0.93682
CVE-2014-8159,0.00044,0.08000
CVE-2014-8160,0.00356,0.69235
CVE-2014-8161,0.00172,0.54460
CVE-2014-8162,0.00718,0.78584
CVE-2014-8163,0.00062,0.24327
CVE-2014-8164,0.00101,0.41142
CVE-2014-8165,0.08938,0.94033
CVE-2014-8166,0.01367,0.84901
CVE-2014-8167,0.00051,0.17439
CVE-2014-8168,0.00042,0.05722
CVE-2014-8169,0.00042,0.05722
CVE-2014-8170,0.00116,0.45340
CVE-2014-8171,0.00042,0.05722
CVE-2014-8172,0.00042,0.05722
CVE-2014-8173,0.00042,0.05722
CVE-2014-8174,0.01555,0.85867
CVE-2014-8175,0.00225,0.60829
CVE-2014-8176,0.05013,0.92132
CVE-2014-8177,0.00154,0.51700
CVE-2014-8178,0.00095,0.39588
CVE-2014-8179,0.00186,0.56047
CVE-2014-8180,0.00042,0.05722
CVE-2014-8181,0.00044,0.10161
CVE-2014-8182,0.35069,0.96743
CVE-2014-8183,0.00072,0.29893
CVE-2014-8184,0.00167,0.53475
CVE-2014-8240,0.01590,0.86040
CVE-2014-8241,0.01085,0.82825
CVE-2014-8242,0.00669,0.77691
CVE-2014-8243,0.00435,0.72079
CVE-2014-8244,0.00672,0.77755
CVE-2014-8246,0.00268,0.64423
CVE-2014-8247,0.00523,0.74487
CVE-2014-8248,0.00195,0.57378
CVE-2014-8266,0.00160,0.52548
CVE-2014-8267,0.00160,0.52548
CVE-2014-8268,0.00278,0.65018
CVE-2014-8269,0.30977,0.96577
CVE-2014-8270,0.02084,0.87965
CVE-2014-8271,0.00074,0.30689
CVE-2014-8272,0.02202,0.88345
CVE-2014-8275,0.11995,0.94870
CVE-2014-8293,0.00146,0.50565
CVE-2014-8294,0.00183,0.55666
CVE-2014-8295,0.00100,0.40864
CVE-2014-8296,0.00220,0.60154
CVE-2014-8298,0.01803,0.86868
CVE-2014-8301,0.00142,0.49908
CVE-2014-8302,0.00068,0.28383
CVE-2014-8303,0.00135,0.48865
CVE-2014-8304,0.00140,0.49569
CVE-2014-8305,0.00271,0.64613
CVE-2014-8306,0.00170,0.54043
CVE-2014-8307,0.00225,0.60885
CVE-2014-8308,0.00297,0.66277
CVE-2014-8309,0.00487,0.73537
CVE-2014-8310,0.03454,0.90601
CVE-2014-8311,0.00259,0.63748
CVE-2014-8312,0.00241,0.62188
CVE-2014-8313,0.00740,0.78914
CVE-2014-8314,0.00298,0.66331
CVE-2014-8315,0.00563,0.75412
CVE-2014-8316,0.02146,0.88191
CVE-2014-8317,0.00110,0.43999
CVE-2014-8318,0.00124,0.46790
CVE-2014-8319,0.00116,0.45269
CVE-2014-8320,0.00113,0.44710
CVE-2014-8321,0.00043,0.07614
CVE-2014-8322,0.08781,0.93978
CVE-2014-8323,0.04297,0.91499
CVE-2014-8324,0.01359,0.84852
CVE-2014-8325,0.00874,0.80686
CVE-2014-8326,0.00188,0.56351
CVE-2014-8327,0.00119,0.45865
CVE-2014-8328,0.00211,0.59031
CVE-2014-8329,0.00478,0.73297
CVE-2014-8330,0.00075,0.30842
CVE-2014-8331,0.00159,0.52409
CVE-2014-8333,0.00321,0.67635
CVE-2014-8334,0.01566,0.85923
CVE-2014-8335,0.00042,0.05722
CVE-2014-8336,0.00319,0.67514
CVE-2014-8337,0.07931,0.93675
CVE-2014-8338,0.00552,0.75190
CVE-2014-8339,0.00768,0.79349
CVE-2014-8340,0.00169,0.53820
CVE-2014-8346,0.00260,0.63860
CVE-2014-8347,0.00187,0.56211
CVE-2014-8349,0.00093,0.39055
CVE-2014-8350,0.06268,0.92935
CVE-2014-8351,0.00151,0.51309
CVE-2014-8352,0.00125,0.46954
CVE-2014-8354,0.00318,0.67467
CVE-2014-8355,0.00315,0.67307
CVE-2014-8356,0.01401,0.85076
CVE-2014-8357,0.02145,0.88186
CVE-2014-8358,0.00338,0.68443
CVE-2014-8359,0.00043,0.07658
CVE-2014-8360,0.01060,0.82603
CVE-2014-8361,0.96933,0.99667
CVE-2014-8362,0.00454,0.72632
CVE-2014-8363,0.00170,0.54043
CVE-2014-8364,0.00225,0.60885
CVE-2014-8365,0.00140,0.49569
CVE-2014-8366,0.00160,0.52661
CVE-2014-8367,0.00144,0.50216
CVE-2014-8368,0.00441,0.72276
CVE-2014-8369,0.00090,0.37709
CVE-2014-8370,0.00728,0.78731
CVE-2014-8371,0.00053,0.18839
CVE-2014-8372,0.00119,0.45908
CVE-2014-8373,0.00476,0.73231
CVE-2014-8375,0.00301,0.66460
CVE-2014-8376,0.00102,0.41341
CVE-2014-8377,0.00155,0.51807
CVE-2014-8378,0.00111,0.44215
CVE-2014-8379,0.00102,0.41341
CVE-2014-8380,0.00213,0.59282
CVE-2014-8381,0.00467,0.72962
CVE-2014-8383,0.01419,0.85158
CVE-2014-8384,0.00994,0.82007
CVE-2014-8385,0.01858,0.87118
CVE-2014-8386,0.31024,0.96578
CVE-2014-8387,0.02745,0.89547
CVE-2014-8388,0.06835,0.93243
CVE-2014-8389,0.00158,0.52250
CVE-2014-8390,0.09342,0.94170
CVE-2014-8391,0.00637,0.76967
CVE-2014-8393,0.00363,0.69556
CVE-2014-8394,0.97487,0.99968
CVE-2014-8395,0.97490,0.99970
CVE-2014-8396,0.97490,0.99970
CVE-2014-8397,0.97490,0.99970
CVE-2014-8398,0.97487,0.99968
CVE-2014-8399,0.00042,0.05722
CVE-2014-8412,0.00413,0.71387
CVE-2014-8413,0.00812,0.79961
CVE-2014-8414,0.00746,0.78994
CVE-2014-8415,0.00836,0.80270
CVE-2014-8416,0.00836,0.80270
CVE-2014-8417,0.00266,0.64280
CVE-2014-8418,0.00266,0.64280
CVE-2014-8419,0.00042,0.05722
CVE-2014-8420,0.02737,0.89534
CVE-2014-8421,0.00168,0.53601
CVE-2014-8422,0.00384,0.70377
CVE-2014-8423,0.36833,0.96811
CVE-2014-8424,0.89779,0.98561
CVE-2014-8425,0.32473,0.96633
CVE-2014-8426,0.00192,0.56976
CVE-2014-8428,0.00192,0.57151
CVE-2014-8429,0.00242,0.62324
CVE-2014-8437,0.00527,0.74586
CVE-2014-8438,0.01469,0.85421
CVE-2014-8439,0.88421,0.98462
CVE-2014-8440,0.97381,0.99899
CVE-2014-8441,0.01299,0.84470
CVE-2014-8442,0.00733,0.78826
CVE-2014-8443,0.76420,0.97937
CVE-2014-8445,0.83951,0.98228
CVE-2014-8446,0.20623,0.95964
CVE-2014-8447,0.83951,0.98228
CVE-2014-8448,0.06395,0.93008
CVE-2014-8449,0.56587,0.97411
CVE-2014-8450,0.00359,0.69356
CVE-2014-8451,0.06395,0.93008
CVE-2014-8452,0.01177,0.83576
CVE-2014-8453,0.00257,0.63598
CVE-2014-8454,0.90870,0.98636
CVE-2014-8455,0.90870,0.98636
CVE-2014-8456,0.83951,0.98228
CVE-2014-8457,0.81749,0.98121
CVE-2014-8458,0.83951,0.98228
CVE-2014-8459,0.83951,0.98228
CVE-2014-8460,0.81749,0.98121
CVE-2014-8461,0.83951,0.98228
CVE-2014-8469,0.00468,0.73000
CVE-2014-8471,0.00280,0.65137
CVE-2014-8472,0.00746,0.79000
CVE-2014-8473,0.00321,0.67642
CVE-2014-8474,0.00754,0.79115
CVE-2014-8475,0.01691,0.86440
CVE-2014-8476,0.00042,0.05722
CVE-2014-8478,0.00241,0.62211
CVE-2014-8479,0.00180,0.55247
CVE-2014-8480,0.00121,0.46274
CVE-2014-8481,0.00121,0.46274
CVE-2014-8483,0.03311,0.90411
CVE-2014-8484,0.04076,0.91296
CVE-2014-8485,0.05102,0.92199
CVE-2014-8487,0.00099,0.40566
CVE-2014-8488,0.00214,0.59432
CVE-2014-8489,0.00346,0.68793
CVE-2014-8490,0.00113,0.44643
CVE-2014-8491,0.00172,0.54459
CVE-2014-8492,0.00088,0.36837
CVE-2014-8493,0.04169,0.91383
CVE-2014-8494,0.00042,0.05722
CVE-2014-8495,0.00184,0.55735
CVE-2014-8496,0.01453,0.85346
CVE-2014-8498,0.01420,0.85161
CVE-2014-8499,0.02083,0.87961
CVE-2014-8500,0.91457,0.98692
CVE-2014-8501,0.01072,0.82719
CVE-2014-8502,0.00667,0.77651
CVE-2014-8503,0.00667,0.77651
CVE-2014-8504,0.00924,0.81279
CVE-2014-8505,0.00155,0.51807
CVE-2014-8506,0.00167,0.53525
CVE-2014-8507,0.00212,0.59196
CVE-2014-8508,0.00967,0.81725
CVE-2014-8509,0.61814,0.97551
CVE-2014-8510,0.00898,0.80971
CVE-2014-8511,0.39876,0.96925
CVE-2014-8512,0.26965,0.96359
CVE-2014-8513,0.21567,0.96033
CVE-2014-8514,0.20438,0.95954
CVE-2014-8515,0.29520,0.96504
CVE-2014-8516,0.97288,0.99842
CVE-2014-8517,0.95879,0.99335
CVE-2014-8518,0.00042,0.05722
CVE-2014-8519,0.00042,0.05722
CVE-2014-8520,0.00313,0.67163
CVE-2014-8521,0.00054,0.19264
CVE-2014-8522,0.00554,0.75232
CVE-2014-8523,0.00158,0.52238
CVE-2014-8524,0.00324,0.67763
CVE-2014-8525,0.00313,0.67163
CVE-2014-8526,0.00042,0.05722
CVE-2014-8527,0.00042,0.05722
CVE-2014-8528,0.00042,0.05722
CVE-2014-8529,0.00042,0.05722
CVE-2014-8530,0.00554,0.75232
CVE-2014-8531,0.00314,0.67231
CVE-2014-8532,0.00042,0.05722
CVE-2014-8533,0.00991,0.81966
CVE-2014-8534,0.00042,0.05722
CVE-2014-8535,0.00042,0.05722
CVE-2014-8536,0.00042,0.05722
CVE-2014-8537,0.00042,0.05722
CVE-2014-8538,0.00049,0.15785
CVE-2014-8539,0.00214,0.59432
CVE-2014-8540,0.00186,0.55902
CVE-2014-8541,0.00649,0.77231
CVE-2014-8542,0.00946,0.81488
CVE-2014-8543,0.00414,0.71446
CVE-2014-8544,0.00437,0.72133
CVE-2014-8545,0.00449,0.72478
CVE-2014-8546,0.00449,0.72478
CVE-2014-8547,0.00649,0.77231
CVE-2014-8548,0.00649,0.77231
CVE-2014-8549,0.00449,0.72478
CVE-2014-8551,0.01456,0.85364
CVE-2014-8552,0.00324,0.67763
CVE-2014-8553,0.00653,0.77317
CVE-2014-8554,0.01094,0.82885
CVE-2014-8555,0.06248,0.92924
CVE-2014-8557,0.00290,0.65829
CVE-2014-8558,0.00241,0.62219
CVE-2014-8559,0.00060,0.23580
CVE-2014-8561,0.00434,0.72026
CVE-2014-8562,0.00315,0.67307
CVE-2014-8563,0.00154,0.51716
CVE-2014-8564,0.01111,0.83033
CVE-2014-8566,0.02674,0.89413
CVE-2014-8567,0.01710,0.86509
CVE-2014-8570,0.00096,0.39765
CVE-2014-8571,0.00063,0.25632
CVE-2014-8572,0.00246,0.62670
CVE-2014-8577,0.01456,0.85366
CVE-2014-8578,0.00074,0.30560
CVE-2014-8579,0.00432,0.71945
CVE-2014-8580,0.00157,0.52212
CVE-2014-8582,0.00358,0.69347
CVE-2014-8583,0.00062,0.24773
CVE-2014-8584,0.00142,0.49908
CVE-2014-8585,0.00510,0.74162
CVE-2014-8586,0.10741,0.94585
CVE-2014-8587,0.00577,0.75733
CVE-2014-8588,0.00141,0.49813
CVE-2014-8589,0.01023,0.82232
CVE-2014-8590,0.00271,0.64561
CVE-2014-8591,0.03812,0.91027
CVE-2014-8592,0.06800,0.93230
CVE-2014-8593,0.00262,0.63953
CVE-2014-8594,0.00670,0.77697
CVE-2014-8595,0.00062,0.24773
CVE-2014-8596,0.00211,0.59055
CVE-2014-8597,0.00115,0.45204
CVE-2014-8598,0.00650,0.77264
CVE-2014-8600,0.00315,0.67300
CVE-2014-8601,0.12288,0.94919
CVE-2014-8602,0.65146,0.97623
CVE-2014-8603,0.00119,0.45882
CVE-2014-8604,0.00681,0.77930
CVE-2014-8605,0.00715,0.78517
CVE-2014-8606,0.00113,0.44618
CVE-2014-8607,0.00042,0.05722
CVE-2014-8608,0.00043,0.07658
CVE-2014-8609,0.00103,0.41615
CVE-2014-8610,0.00123,0.46672
CVE-2014-8611,0.00080,0.33249
CVE-2014-8612,0.00043,0.07658
CVE-2014-8613,0.00706,0.78363
CVE-2014-8616,0.00254,0.63423
CVE-2014-8617,0.00223,0.60696
CVE-2014-8618,0.00135,0.48865
CVE-2014-8619,0.00135,0.48865
CVE-2014-8621,0.00323,0.67707
CVE-2014-8622,0.00094,0.39306
CVE-2014-8625,0.09041,0.94060
CVE-2014-8626,0.07948,0.93684
CVE-2014-8627,0.00259,0.63773
CVE-2014-8628,0.00920,0.81233
CVE-2014-8629,0.00204,0.58403
CVE-2014-8630,0.00406,0.71158
CVE-2014-8631,0.00247,0.62755
CVE-2014-8632,0.00247,0.62755
CVE-2014-8634,0.05742,0.92631
CVE-2014-8635,0.26295,0.96325
CVE-2014-8636,0.93692,0.98952
CVE-2014-8637,0.00435,0.72095
CVE-2014-8638,0.00675,0.77784
CVE-2014-8639,0.01867,0.87148
CVE-2014-8640,0.05367,0.92394
CVE-2014-8641,0.09231,0.94129
CVE-2014-8642,0.00336,0.68394
CVE-2014-8643,0.00942,0.81443
CVE-2014-8650,0.00876,0.80720
CVE-2014-8651,0.00042,0.05722
CVE-2014-8652,0.26129,0.96315
CVE-2014-8653,0.01118,0.83079
CVE-2014-8654,0.04734,0.91883
CVE-2014-8655,0.00524,0.74508
CVE-2014-8656,0.01300,0.84474
CVE-2014-8657,0.01764,0.86713
CVE-2014-8658,0.00186,0.55928
CVE-2014-8659,0.00345,0.68772
CVE-2014-8660,0.00042,0.05722
CVE-2014-8661,0.00876,0.80722
CVE-2014-8662,0.00333,0.68270
CVE-2014-8663,0.00184,0.55710
CVE-2014-8664,0.00141,0.49813
CVE-2014-8665,0.00321,0.67619
CVE-2014-8666,0.00321,0.67619
CVE-2014-8667,0.00140,0.49569
CVE-2014-8668,0.00141,0.49813
CVE-2014-8669,0.05464,0.92469
CVE-2014-8670,0.00343,0.68649
CVE-2014-8671,0.00155,0.51807
CVE-2014-8672,0.00155,0.51807
CVE-2014-8673,0.03504,0.90658
CVE-2014-8674,0.00465,0.72907
CVE-2014-8675,0.00218,0.59802
CVE-2014-8676,0.00195,0.57490
CVE-2014-8677,0.00210,0.58967
CVE-2014-8678,0.42923,0.97017
CVE-2014-8680,0.00896,0.80948
CVE-2014-8681,0.00286,0.65534
CVE-2014-8682,0.00808,0.79933
CVE-2014-8683,0.00467,0.72962
CVE-2014-8684,0.00247,0.62786
CVE-2014-8686,0.00382,0.70305
CVE-2014-8687,0.35706,0.96767
CVE-2014-8688,0.00167,0.53493
CVE-2014-8690,0.01460,0.85389
CVE-2014-8701,0.00629,0.76839
CVE-2014-8702,0.00330,0.68104
CVE-2014-8703,0.00147,0.50661
CVE-2014-8704,0.00490,0.73641
CVE-2014-8705,0.00476,0.73216
CVE-2014-8706,0.00231,0.61299
CVE-2014-8707,0.00061,0.24005
CVE-2014-8708,0.02114,0.88053
CVE-2014-8709,0.00619,0.76650
CVE-2014-8710,0.00331,0.68160
CVE-2014-8711,0.00302,0.66497
CVE-2014-8712,0.00331,0.68160
CVE-2014-8713,0.00358,0.69330
CVE-2014-8714,0.00324,0.67793
CVE-2014-8716,0.00070,0.29102
CVE-2014-8722,0.11003,0.94639
CVE-2014-8723,0.00172,0.54459
CVE-2014-8724,0.00247,0.62754
CVE-2014-8727,0.00062,0.24874
CVE-2014-8728,0.00162,0.52884
CVE-2014-8730,0.92912,0.98859
CVE-2014-8731,0.01880,0.87221
CVE-2014-8732,0.00254,0.63423
CVE-2014-8733,0.00042,0.05722
CVE-2014-8734,0.00120,0.46060
CVE-2014-8735,0.00134,0.48546
CVE-2014-8736,0.00224,0.60722
CVE-2014-8737,0.00044,0.08000
CVE-2014-8738,0.04451,0.91627
CVE-2014-8739,0.93341,0.98911
CVE-2014-8741,0.96979,0.99684
CVE-2014-8742,0.01897,0.87303
CVE-2014-8743,0.00111,0.44215
CVE-2014-8744,0.00111,0.44215
CVE-2014-8745,0.00111,0.44252
CVE-2014-8746,0.00102,0.41341
CVE-2014-8747,0.00265,0.64187
CVE-2014-8748,0.00102,0.41341
CVE-2014-8749,0.00268,0.64421
CVE-2014-8750,0.00695,0.78176
CVE-2014-8751,0.00140,0.49569
CVE-2014-8752,0.00192,0.57132
CVE-2014-8753,0.00088,0.37173
CVE-2014-8754,0.00280,0.65203
CVE-2014-8755,0.10193,0.94437
CVE-2014-8756,0.03764,0.90979
CVE-2014-8757,0.01355,0.84826
CVE-2014-8758,0.00109,0.43553
CVE-2014-8760,0.00280,0.65159
CVE-2014-8761,0.00661,0.77500
CVE-2014-8762,0.00661,0.77500
CVE-2014-8763,0.00600,0.76205
CVE-2014-8764,0.00600,0.76205
CVE-2014-8765,0.00220,0.60154
CVE-2014-8766,0.00139,0.49404
CVE-2014-8767,0.06414,0.93016
CVE-2014-8768,0.07297,0.93434
CVE-2014-8769,0.07297,0.93434
CVE-2014-8770,0.00473,0.73150
CVE-2014-8771,0.00183,0.55665
CVE-2014-8772,0.00075,0.30842
CVE-2014-8773,0.00158,0.52273
CVE-2014-8774,0.00155,0.51807
CVE-2014-8775,0.00243,0.62351
CVE-2014-8778,0.00624,0.76748
CVE-2014-8779,0.00098,0.40468
CVE-2014-8780,0.00108,0.43497
CVE-2014-8788,0.00138,0.49345
CVE-2014-8789,0.00788,0.79627
CVE-2014-8790,0.01151,0.83349
CVE-2014-8791,0.29099,0.96481
CVE-2014-8793,0.00431,0.71927
CVE-2014-8799,0.17844,0.95711
CVE-2014-8800,0.00277,0.64962
CVE-2014-8801,0.02133,0.88153
CVE-2014-8802,0.07353,0.93453
CVE-2014-8809,0.00179,0.55213
CVE-2014-8810,0.00116,0.45290
CVE-2014-8816,0.01066,0.82655
CVE-2014-8817,0.01142,0.83283
CVE-2014-8819,0.00042,0.05722
CVE-2014-8820,0.00042,0.05722
CVE-2014-8821,0.00042,0.05722
CVE-2014-8822,0.00625,0.76769
CVE-2014-8823,0.00042,0.05722
CVE-2014-8824,0.00625,0.76769
CVE-2014-8825,0.00042,0.05722
CVE-2014-8826,0.06276,0.92938
CVE-2014-8827,0.00057,0.21395
CVE-2014-8828,0.00404,0.71075
CVE-2014-8829,0.00634,0.76926
CVE-2014-8830,0.02091,0.87995
CVE-2014-8831,0.00193,0.57228
CVE-2014-8832,0.00042,0.05722
CVE-2014-8833,0.00044,0.10366
CVE-2014-8834,0.00042,0.05722
CVE-2014-8835,0.00725,0.78685
CVE-2014-8836,0.01076,0.82747
CVE-2014-8837,0.00219,0.59899
CVE-2014-8838,0.00158,0.52285
CVE-2014-8839,0.00596,0.76128
CVE-2014-8840,0.05433,0.92445
CVE-2014-8866,0.00062,0.24773
CVE-2014-8867,0.00062,0.24773
CVE-2014-8868,0.00485,0.73511
CVE-2014-8869,0.00309,0.66960
CVE-2014-8870,0.00343,0.68649
CVE-2014-8871,0.00161,0.52784
CVE-2014-8872,0.00175,0.54694
CVE-2014-8873,0.00919,0.81215
CVE-2014-8874,0.00324,0.67758
CVE-2014-8875,0.00918,0.81203
CVE-2014-8877,0.46093,0.97117
CVE-2014-8878,0.00233,0.61498
CVE-2014-8884,0.00042,0.05722
CVE-2014-8886,0.07561,0.93522
CVE-2014-8887,0.00150,0.51176
CVE-2014-8888,0.00177,0.54969
CVE-2014-8889,0.00299,0.66367
CVE-2014-8890,0.00845,0.80371
CVE-2014-8891,0.03378,0.90507
CVE-2014-8892,0.00461,0.72829
CVE-2014-8893,0.00083,0.34253
CVE-2014-8894,0.00102,0.41278
CVE-2014-8895,0.00328,0.67978
CVE-2014-8896,0.00079,0.33036
CVE-2014-8897,0.00063,0.25667
CVE-2014-8898,0.00063,0.25667
CVE-2014-8899,0.00063,0.25667
CVE-2014-8900,0.00071,0.29260
CVE-2014-8901,0.00880,0.80763
CVE-2014-8902,0.00178,0.55082
CVE-2014-8903,0.00207,0.58719
CVE-2014-8904,0.00062,0.24601
CVE-2014-8909,0.00083,0.34253
CVE-2014-8910,0.00218,0.59824
CVE-2014-8911,0.00125,0.46984
CVE-2014-8912,0.00289,0.65807
CVE-2014-8913,0.00109,0.43856
CVE-2014-8914,0.00123,0.46551
CVE-2014-8916,0.00063,0.25667
CVE-2014-8917,0.00390,0.70643
CVE-2014-8918,0.00056,0.21061
CVE-2014-8920,0.00042,0.05722
CVE-2014-8921,0.00473,0.73147
CVE-2014-8923,0.00042,0.05722
CVE-2014-8924,0.00177,0.54905
CVE-2014-8925,0.00239,0.62054
CVE-2014-8926,0.00323,0.67705
CVE-2014-8927,0.00323,0.67705
CVE-2014-8937,0.00115,0.45086
CVE-2014-8938,0.00042,0.05722
CVE-2014-8939,0.00264,0.64154
CVE-2014-8940,0.00249,0.62886
CVE-2014-8941,0.00212,0.59184
CVE-2014-8942,0.00116,0.45386
CVE-2014-8943,0.00109,0.43614
CVE-2014-8944,0.00058,0.22585
CVE-2014-8945,0.01346,0.84744
CVE-2014-8948,0.00668,0.77675
CVE-2014-8949,0.01745,0.86651
CVE-2014-8950,0.00694,0.78166
CVE-2014-8951,0.00694,0.78166
CVE-2014-8952,0.00694,0.78166
CVE-2014-8953,0.01010,0.82129
CVE-2014-8954,0.00225,0.60809
CVE-2014-8955,0.00155,0.51807
CVE-2014-8956,0.00127,0.47292
CVE-2014-8957,0.00102,0.41372
CVE-2014-8958,0.00348,0.68856
CVE-2014-8959,0.01285,0.84377
CVE-2014-8960,0.00172,0.54283
CVE-2014-8961,0.00159,0.52428
CVE-2014-8962,0.58242,0.97448
CVE-2014-8964,0.02899,0.89796
CVE-2014-8966,0.53083,0.97327
CVE-2014-8967,0.05459,0.92464
CVE-2014-8985,0.09181,0.94109
CVE-2014-8986,0.00140,0.49576
CVE-2014-8987,0.00140,0.49576
CVE-2014-8988,0.00214,0.59467
CVE-2014-8989,0.00042,0.05722
CVE-2014-8990,0.00446,0.72388
CVE-2014-8991,0.00060,0.23399
CVE-2014-8992,0.00140,0.49644
CVE-2014-8993,0.00220,0.60154
CVE-2014-8994,0.00042,0.05722
CVE-2014-8995,0.00127,0.47264
CVE-2014-8996,0.00398,0.70920
CVE-2014-8997,0.14822,0.95311
CVE-2014-8998,0.95426,0.99237
CVE-2014-8999,0.00142,0.49938
CVE-2014-9000,0.09205,0.94119
CVE-2014-9001,0.00603,0.76287
CVE-2014-9002,0.02594,0.89242
CVE-2014-9003,0.00591,0.76057
CVE-2014-9004,0.00155,0.51807
CVE-2014-9005,0.00167,0.53525
CVE-2014-9006,0.00259,0.63740
CVE-2014-9013,0.07666,0.93549
CVE-2014-9014,0.00216,0.59632
CVE-2014-9015,0.00692,0.78121
CVE-2014-9016,0.03969,0.91179
CVE-2014-9017,0.00194,0.57362
CVE-2014-9018,0.01983,0.87613
CVE-2014-9019,0.00422,0.71667
CVE-2014-9020,0.00474,0.73158
CVE-2014-9021,0.00214,0.59432
CVE-2014-9022,0.00266,0.64282
CVE-2014-9023,0.00130,0.47761
CVE-2014-9024,0.00667,0.77652
CVE-2014-9025,0.00295,0.66152
CVE-2014-9026,0.00119,0.45908
CVE-2014-9027,0.00158,0.52273
CVE-2014-9028,0.58242,0.97448
CVE-2014-9029,0.38021,0.96860
CVE-2014-9030,0.00294,0.66080
CVE-2014-9031,0.13114,0.95052
CVE-2014-9032,0.00714,0.78503
CVE-2014-9033,0.00288,0.65674
CVE-2014-9034,0.26411,0.96329
CVE-2014-9035,0.00575,0.75668
CVE-2014-9036,0.00575,0.75668
CVE-2014-9037,0.00716,0.78542
CVE-2014-9038,0.00675,0.77789
CVE-2014-9039,0.00691,0.78097
CVE-2014-9041,0.00158,0.52238
CVE-2014-9042,0.00068,0.28383
CVE-2014-9043,0.00159,0.52497
CVE-2014-9044,0.00190,0.56594
CVE-2014-9045,0.00159,0.52497
CVE-2014-9046,0.00190,0.56594
CVE-2014-9047,0.00190,0.56594
CVE-2014-9048,0.00159,0.52497
CVE-2014-9049,0.00086,0.35594
CVE-2014-9050,0.15131,0.95353
CVE-2014-9057,0.00115,0.45000
CVE-2014-9059,0.00349,0.68949
CVE-2014-9060,0.00358,0.69347
CVE-2014-9065,0.00062,0.24773
CVE-2014-9066,0.00062,0.24773
CVE-2014-9087,0.01662,0.86331
CVE-2014-9089,0.01281,0.84334
CVE-2014-9090,0.00042,0.05722
CVE-2014-9091,0.00042,0.05722
CVE-2014-9092,0.01137,0.83249
CVE-2014-9093,0.06246,0.92923
CVE-2014-9094,0.32637,0.96637
CVE-2014-9095,0.00104,0.42336
CVE-2014-9096,0.00355,0.69180
CVE-2014-9097,0.00189,0.56467
CVE-2014-9098,0.00075,0.30842
CVE-2014-9099,0.00243,0.62350
CVE-2014-9100,0.00155,0.51807
CVE-2014-9101,0.01112,0.83042
CVE-2014-9102,0.00172,0.54276
CVE-2014-9103,0.00247,0.62780
CVE-2014-9104,0.00410,0.71265
CVE-2014-9112,0.02392,0.88826
CVE-2014-9113,0.00053,0.18558
CVE-2014-9114,0.00042,0.05722
CVE-2014-9115,0.00147,0.50685
CVE-2014-9116,0.01541,0.85799
CVE-2014-9117,0.00637,0.76989
CVE-2014-9118,0.01515,0.85668
CVE-2014-9119,0.11639,0.94794
CVE-2014-9120,0.00106,0.42711
CVE-2014-9126,0.00141,0.49776
CVE-2014-9127,0.00156,0.52057
CVE-2014-9129,0.00714,0.78493
CVE-2014-9130,0.01842,0.87061
CVE-2014-9134,0.00861,0.80546
CVE-2014-9135,0.00135,0.48686
CVE-2014-9136,0.00108,0.43425
CVE-2014-9137,0.00108,0.43425
CVE-2014-9140,0.15801,0.95459
CVE-2014-9141,0.00061,0.23986
CVE-2014-9142,0.00262,0.63953
CVE-2014-9143,0.00376,0.70044
CVE-2014-9144,0.00854,0.80472
CVE-2014-9145,0.00183,0.55677
CVE-2014-9146,0.00140,0.49644
CVE-2014-9147,0.00337,0.68418
CVE-2014-9148,0.00435,0.72096
CVE-2014-9150,0.00637,0.76973
CVE-2014-9151,0.00458,0.72731
CVE-2014-9152,0.00624,0.76757
CVE-2014-9153,0.00135,0.48865
CVE-2014-9154,0.00119,0.45908
CVE-2014-9155,0.00131,0.48027
CVE-2014-9156,0.00131,0.47987
CVE-2014-9157,0.05221,0.92283
CVE-2014-9158,0.83951,0.98228
CVE-2014-9159,0.32369,0.96630
CVE-2014-9160,0.59714,0.97485
CVE-2014-9161,0.01789,0.86811
CVE-2014-9162,0.00526,0.74566
CVE-2014-9163,0.07832,0.93626
CVE-2014-9164,0.00487,0.73551
CVE-2014-9165,0.90870,0.98636
CVE-2014-9166,0.00141,0.49803
CVE-2014-9173,0.00198,0.57773
CVE-2014-9174,0.00254,0.63423
CVE-2014-9175,0.00198,0.57773
CVE-2014-9176,0.00262,0.63953
CVE-2014-9177,0.00607,0.76355
CVE-2014-9178,0.00980,0.81846
CVE-2014-9179,0.00115,0.45165
CVE-2014-9180,0.00248,0.62841
CVE-2014-9181,0.00393,0.70736
CVE-2014-9182,0.00169,0.53913
CVE-2014-9183,0.00602,0.76242
CVE-2014-9184,0.00194,0.57355
CVE-2014-9185,0.01046,0.82455
CVE-2014-9186,0.00462,0.72836
CVE-2014-9187,0.00577,0.75719
CVE-2014-9188,0.26965,0.96359
CVE-2014-9189,0.00577,0.75719
CVE-2014-9190,0.03833,0.91050
CVE-2014-9191,0.00064,0.26494
CVE-2014-9192,0.32167,0.96622
CVE-2014-9193,0.00220,0.60157
CVE-2014-9194,0.00348,0.68870
CVE-2014-9195,0.04179,0.91395
CVE-2014-9196,0.00439,0.72214
CVE-2014-9197,0.00387,0.70498
CVE-2014-9198,0.00722,0.78651
CVE-2014-9199,0.00376,0.70058
CVE-2014-9200,0.18173,0.95732
CVE-2014-9201,0.00473,0.73144
CVE-2014-9202,0.03628,0.90802
CVE-2014-9203,0.00239,0.62064
CVE-2014-9204,0.00643,0.77116
CVE-2014-9205,0.14874,0.95321
CVE-2014-9206,0.00047,0.13919
CVE-2014-9207,0.00042,0.00438
CVE-2014-9208,0.29343,0.96495
CVE-2014-9209,0.00042,0.00438
CVE-2014-9211,0.00177,0.54962
CVE-2014-9212,0.00140,0.49644
CVE-2014-9215,0.00138,0.49291
CVE-2014-9217,0.00364,0.69574
CVE-2014-9218,0.20295,0.95943
CVE-2014-9219,0.00247,0.62780
CVE-2014-9220,0.00168,0.53618
CVE-2014-9221,0.08152,0.93753
CVE-2014-9222,0.97212,0.99798
CVE-2014-9223,0.04618,0.91768
CVE-2014-9224,0.00805,0.79892
CVE-2014-9225,0.00155,0.51852
CVE-2014-9226,0.00043,0.07360
CVE-2014-9227,0.00061,0.24004
CVE-2014-9228,0.00043,0.07360
CVE-2014-9229,0.00125,0.46924
CVE-2014-9230,0.00725,0.78684
CVE-2014-9234,0.01265,0.84236
CVE-2014-9235,0.00121,0.46344
CVE-2014-9236,0.00225,0.60885
CVE-2014-9237,0.00129,0.47616
CVE-2014-9238,0.00951,0.81544
CVE-2014-9239,0.00159,0.52446
CVE-2014-9240,0.00165,0.53183
CVE-2014-9241,0.00179,0.55213
CVE-2014-9242,0.00170,0.54043
CVE-2014-9243,0.00225,0.60885
CVE-2014-9245,0.00328,0.67979
CVE-2014-9247,0.00150,0.51058
CVE-2014-9248,0.00242,0.62241
CVE-2014-9249,0.00487,0.73558
CVE-2014-9250,0.00349,0.68931
CVE-2014-9251,0.00233,0.61499
CVE-2014-9252,0.00042,0.00438
CVE-2014-9253,0.00237,0.61847
CVE-2014-9254,0.00147,0.50698
CVE-2014-9258,0.00845,0.80365
CVE-2014-9260,0.01374,0.84936
CVE-2014-9261,0.15478,0.95419
CVE-2014-9262,0.02499,0.89055
CVE-2014-9263,0.29531,0.96505
CVE-2014-9264,0.92562,0.98822
CVE-2014-9265,0.63828,0.97590
CVE-2014-9266,0.46842,0.97146
CVE-2014-9267,0.90010,0.98575
CVE-2014-9268,0.06147,0.92868
CVE-2014-9269,0.00231,0.61319
CVE-2014-9270,0.00298,0.66331
CVE-2014-9271,0.00097,0.40114
CVE-2014-9272,0.00368,0.69788
CVE-2014-9273,0.00042,0.05722
CVE-2014-9274,0.05647,0.92586
CVE-2014-9275,0.07844,0.93634
CVE-2014-9276,0.00139,0.49475
CVE-2014-9277,0.04029,0.91232
CVE-2014-9278,0.00239,0.62032
CVE-2014-9279,0.00498,0.73817
CVE-2014-9280,0.04243,0.91448
CVE-2014-9281,0.00323,0.67723
CVE-2014-9282,0.00271,0.64601
CVE-2014-9283,0.00324,0.67752
CVE-2014-9284,0.00117,0.45471
CVE-2014-9292,0.00224,0.60796
CVE-2014-9293,0.04435,0.91614
CVE-2014-9294,0.04435,0.91614
CVE-2014-9295,0.96624,0.99554
CVE-2014-9296,0.02113,0.88047
CVE-2014-9300,0.00231,0.61306
CVE-2014-9301,0.03594,0.90769
CVE-2014-9302,0.03816,0.91032
CVE-2014-9303,0.00476,0.73226
CVE-2014-9304,0.00860,0.80533
CVE-2014-9305,0.00233,0.61456
CVE-2014-9308,0.93724,0.98955
CVE-2014-9310,0.00106,0.42729
CVE-2014-9311,0.00121,0.46329
CVE-2014-9312,0.84822,0.98271
CVE-2014-9316,0.00414,0.71445
CVE-2014-9317,0.00435,0.72076
CVE-2014-9318,0.00393,0.70757
CVE-2014-9319,0.00406,0.71149
CVE-2014-9320,0.01013,0.82152
CVE-2014-9322,0.00042,0.00438
CVE-2014-9323,0.02222,0.88407
CVE-2014-9324,0.00476,0.73231
CVE-2014-9325,0.00306,0.66777
CVE-2014-9326,0.00139,0.49411
CVE-2014-9328,0.02161,0.88239
CVE-2014-9330,0.03782,0.90995
CVE-2014-9331,0.00815,0.80001
CVE-2014-9334,0.00759,0.79216
CVE-2014-9335,0.00158,0.52273
CVE-2014-9336,0.00231,0.61306
CVE-2014-9337,0.03233,0.90302
CVE-2014-9338,0.03233,0.90302
CVE-2014-9339,0.03233,0.90302
CVE-2014-9340,0.03233,0.90302
CVE-2014-9341,0.03233,0.90302
CVE-2014-9342,0.00220,0.60154
CVE-2014-9343,0.00695,0.78172
CVE-2014-9344,0.00816,0.80008
CVE-2014-9345,0.00120,0.46074
CVE-2014-9346,0.00102,0.41341
CVE-2014-9347,0.00138,0.49291
CVE-2014-9348,0.00120,0.46074
CVE-2014-9349,0.00225,0.60809
CVE-2014-9350,0.51630,0.97283
CVE-2014-9351,0.03052,0.90024
CVE-2014-9352,0.00192,0.57132
CVE-2014-9353,0.00517,0.74329
CVE-2014-9354,0.00065,0.27012
CVE-2014-9355,0.00119,0.45908
CVE-2014-9356,0.00159,0.52514
CVE-2014-9357,0.01426,0.85193
CVE-2014-9358,0.00272,0.64671
CVE-2014-9360,0.00359,0.69363
CVE-2014-9361,0.00311,0.67066
CVE-2014-9362,0.00068,0.28383
CVE-2014-9363,0.00086,0.35594
CVE-2014-9364,0.00143,0.50076
CVE-2014-9365,0.00569,0.75530
CVE-2014-9367,0.00306,0.66777
CVE-2014-9368,0.03233,0.90302
CVE-2014-9369,0.00298,0.66361
CVE-2014-9371,0.34081,0.96706
CVE-2014-9372,0.02141,0.88175
CVE-2014-9373,0.17700,0.95695
CVE-2014-9374,0.03468,0.90617
CVE-2014-9375,0.96213,0.99413
CVE-2014-9376,0.05874,0.92708
CVE-2014-9377,0.07940,0.93679
CVE-2014-9378,0.11251,0.94707
CVE-2014-9379,0.07940,0.93679
CVE-2014-9380,0.01671,0.86370
CVE-2014-9381,0.00749,0.79040
CVE-2014-9382,0.00188,0.56423
CVE-2014-9385,0.00216,0.59667
CVE-2014-9386,0.00522,0.74472
CVE-2014-9387,0.00792,0.79734
CVE-2014-9388,0.00583,0.75862
CVE-2014-9389,0.00624,0.76757
CVE-2014-9390,0.97105,0.99742
CVE-2014-9391,0.03233,0.90302
CVE-2014-9392,0.03233,0.90302
CVE-2014-9393,0.00158,0.52273
CVE-2014-9394,0.00158,0.52273
CVE-2014-9395,0.03233,0.90302
CVE-2014-9396,0.00158,0.52273
CVE-2014-9397,0.00158,0.52273
CVE-2014-9398,0.03233,0.90302
CVE-2014-9399,0.03233,0.90302
CVE-2014-9400,0.00158,0.52273
CVE-2014-9401,0.00158,0.52273
CVE-2014-9402,0.10708,0.94571
CVE-2014-9403,0.00705,0.78320
CVE-2014-9405,0.00604,0.76296
CVE-2014-9406,0.00602,0.76242
CVE-2014-9407,0.00239,0.62054
CVE-2014-9408,0.00478,0.73313
CVE-2014-9410,0.00245,0.62574
CVE-2014-9411,0.00128,0.47548
CVE-2014-9412,0.00464,0.72885
CVE-2014-9413,0.00287,0.65667
CVE-2014-9414,0.01434,0.85250
CVE-2014-9415,0.00045,0.12509
CVE-2014-9416,0.00063,0.25007
CVE-2014-9417,0.00053,0.18608
CVE-2014-9418,0.00077,0.31990
CVE-2014-9419,0.00044,0.08000
CVE-2014-9420,0.00044,0.08000
CVE-2014-9421,0.01808,0.86886
CVE-2014-9422,0.00815,0.79997
CVE-2014-9423,0.00840,0.80308
CVE-2014-9424,0.00572,0.75609
CVE-2014-9425,0.06633,0.93144
CVE-2014-9426,0.00793,0.79744
CVE-2014-9427,0.10959,0.94629
CVE-2014-9428,0.11901,0.94852
CVE-2014-9429,0.00155,0.51807
CVE-2014-9430,0.00155,0.51807
CVE-2014-9431,0.00158,0.52273
CVE-2014-9432,0.00683,0.77967
CVE-2014-9433,0.00683,0.77967
CVE-2014-9434,0.00117,0.45612
CVE-2014-9435,0.00171,0.54143
CVE-2014-9436,0.07848,0.93634
CVE-2014-9437,0.00158,0.52273
CVE-2014-9438,0.00591,0.76057
CVE-2014-9439,0.00229,0.61136
CVE-2014-9440,0.00138,0.49291
CVE-2014-9441,0.00158,0.52273
CVE-2014-9442,0.00120,0.46187
CVE-2014-9443,0.00143,0.50076
CVE-2014-9444,0.00287,0.65642
CVE-2014-9445,0.00159,0.52453
CVE-2014-9446,0.00315,0.67321
CVE-2014-9447,0.00950,0.81534
CVE-2014-9448,0.24202,0.96207
CVE-2014-9449,0.03189,0.90223
CVE-2014-9450,0.00261,0.63913
CVE-2014-9451,0.11367,0.94730
CVE-2014-9452,0.02764,0.89583
CVE-2014-9453,0.00155,0.51807
CVE-2014-9454,0.00289,0.65742
CVE-2014-9455,0.00184,0.55767
CVE-2014-9456,0.01123,0.83133
CVE-2014-9457,0.00122,0.46440
CVE-2014-9458,0.00439,0.72191
CVE-2014-9459,0.00160,0.52542
CVE-2014-9460,0.00422,0.71667
CVE-2014-9461,0.00642,0.77085
CVE-2014-9462,0.03139,0.90147
CVE-2014-9463,0.03157,0.90175
CVE-2014-9464,0.00148,0.50869
CVE-2014-9465,0.04873,0.92015
CVE-2014-9466,0.00188,0.56336
CVE-2014-9468,0.00191,0.56836
CVE-2014-9469,0.00123,0.46569
CVE-2014-9470,0.00767,0.79328
CVE-2014-9471,0.01767,0.86723
CVE-2014-9472,0.01416,0.85151
CVE-2014-9473,0.03938,0.91157
CVE-2014-9474,0.00968,0.81726
CVE-2014-9475,0.00131,0.47914
CVE-2014-9476,0.00722,0.78642
CVE-2014-9477,0.00247,0.62780
CVE-2014-9478,0.00247,0.62780
CVE-2014-9479,0.00247,0.62780
CVE-2014-9480,0.00247,0.62780
CVE-2014-9481,0.00240,0.62097
CVE-2014-9482,0.00281,0.65218
CVE-2014-9483,0.00248,0.62842
CVE-2014-9485,0.00276,0.64922
CVE-2014-9487,0.00638,0.77004
CVE-2014-9488,0.00913,0.81144
CVE-2014-9489,0.00471,0.73083
CVE-2014-9490,0.00920,0.81233
CVE-2014-9491,0.00893,0.80918
CVE-2014-9493,0.00452,0.72563
CVE-2014-9494,0.00283,0.65386
CVE-2014-9495,0.02065,0.87894
CVE-2014-9496,0.00458,0.72733
CVE-2014-9497,0.00350,0.68998
CVE-2014-9498,0.00111,0.44215
CVE-2014-9499,0.00111,0.44215
CVE-2014-9500,0.00220,0.60154
CVE-2014-9501,0.00102,0.41341
CVE-2014-9502,0.00178,0.55100
CVE-2014-9503,0.00151,0.51351
CVE-2014-9504,0.00331,0.68190
CVE-2014-9505,0.00118,0.45787
CVE-2014-9506,0.00188,0.56336
CVE-2014-9507,0.00143,0.50076
CVE-2014-9508,0.00192,0.57155
CVE-2014-9509,0.00862,0.80557
CVE-2014-9510,0.00166,0.53323
CVE-2014-9512,0.01597,0.86063
CVE-2014-9513,0.03066,0.90046
CVE-2014-9514,0.00091,0.38567
CVE-2014-9515,0.04908,0.92044
CVE-2014-9516,0.00185,0.55840
CVE-2014-9517,0.00205,0.58518
CVE-2014-9518,0.00191,0.56681
CVE-2014-9519,0.00184,0.55710
CVE-2014-9520,0.00184,0.55710
CVE-2014-9521,0.00861,0.80546
CVE-2014-9522,0.00727,0.78730
CVE-2014-9523,0.03233,0.90302
CVE-2014-9524,0.00287,0.65667
CVE-2014-9525,0.00420,0.71591
CVE-2014-9526,0.01167,0.83486
CVE-2014-9527,0.01102,0.82957
CVE-2014-9528,0.00254,0.63308
CVE-2014-9529,0.00044,0.08000
CVE-2014-9530,0.00222,0.60556
CVE-2014-9556,0.04924,0.92054
CVE-2014-9557,0.00059,0.23061
CVE-2014-9558,0.00176,0.54788
CVE-2014-9559,0.00140,0.49569
CVE-2014-9560,0.00141,0.49813
CVE-2014-9561,0.00220,0.60154
CVE-2014-9562,0.00140,0.49569
CVE-2014-9563,0.00086,0.35839
CVE-2014-9564,0.00097,0.40276
CVE-2014-9565,0.00071,0.29260
CVE-2014-9566,0.97400,0.99914
CVE-2014-9567,0.14588,0.95277
CVE-2014-9568,0.00042,0.05722
CVE-2014-9569,0.00249,0.62948
CVE-2014-9570,0.00155,0.51807
CVE-2014-9571,0.00482,0.73400
CVE-2014-9572,0.01773,0.86739
CVE-2014-9573,0.00810,0.79943
CVE-2014-9574,0.01002,0.82069
CVE-2014-9575,0.00465,0.72891
CVE-2014-9576,0.00437,0.72153
CVE-2014-9577,0.00180,0.55284
CVE-2014-9578,0.00437,0.72153
CVE-2014-9579,0.00215,0.59542
CVE-2014-9580,0.00262,0.63953
CVE-2014-9581,0.03812,0.91029
CVE-2014-9582,0.00140,0.49644
CVE-2014-9583,0.96389,0.99472
CVE-2014-9584,0.00044,0.08000
CVE-2014-9585,0.00044,0.08000
CVE-2014-9587,0.00190,0.56597
CVE-2014-9593,0.00268,0.64427
CVE-2014-9594,0.00920,0.81234
CVE-2014-9595,0.00920,0.81234
CVE-2014-9596,0.00135,0.48812
CVE-2014-9597,0.12152,0.94903
CVE-2014-9598,0.12152,0.94903
CVE-2014-9599,0.00377,0.70072
CVE-2014-9600,0.00042,0.05722
CVE-2014-9601,0.01790,0.86817
CVE-2014-9602,0.00404,0.71080
CVE-2014-9603,0.00355,0.69219
CVE-2014-9604,0.00449,0.72478
CVE-2014-9605,0.00239,0.62033
CVE-2014-9606,0.00102,0.41358
CVE-2014-9607,0.00102,0.41358
CVE-2014-9608,0.00102,0.41358
CVE-2014-9609,0.00153,0.51581
CVE-2014-9610,0.00484,0.73480
CVE-2014-9611,0.07788,0.93610
CVE-2014-9612,0.00236,0.61819
CVE-2014-9613,0.00206,0.58607
CVE-2014-9614,0.01433,0.85245
CVE-2014-9615,0.00102,0.41358
CVE-2014-9616,0.00204,0.58460
CVE-2014-9617,0.00109,0.43901
CVE-2014-9618,0.03433,0.90582
CVE-2014-9619,0.01145,0.83304
CVE-2014-9620,0.06125,0.92856
CVE-2014-9621,0.03649,0.90830
CVE-2014-9622,0.01028,0.82269
CVE-2014-9623,0.02336,0.88689
CVE-2014-9624,0.00305,0.66703
CVE-2014-9625,0.01071,0.82711
CVE-2014-9626,0.00256,0.63525
CVE-2014-9627,0.00256,0.63525
CVE-2014-9628,0.01071,0.82711
CVE-2014-9629,0.01059,0.82570
CVE-2014-9630,0.00275,0.64838
CVE-2014-9632,0.00061,0.23986
CVE-2014-9633,0.08076,0.93733
CVE-2014-9634,0.00417,0.71505
CVE-2014-9635,0.00417,0.71505
CVE-2014-9636,0.25884,0.96303
CVE-2014-9637,0.00836,0.80267
CVE-2014-9638,0.03799,0.91019
CVE-2014-9639,0.03799,0.91019
CVE-2014-9640,0.03274,0.90356
CVE-2014-9641,0.00061,0.23986
CVE-2014-9642,0.00061,0.23986
CVE-2014-9643,0.00061,0.23986
CVE-2014-9644,0.00044,0.08000
CVE-2014-9645,0.00042,0.05722
CVE-2014-9646,0.00042,0.05722
CVE-2014-9647,0.00989,0.81950
CVE-2014-9648,0.00467,0.72976
CVE-2014-9649,0.00230,0.61253
CVE-2014-9650,0.00403,0.71040
CVE-2014-9651,0.00439,0.72191
CVE-2014-9652,0.08903,0.94020
CVE-2014-9653,0.06043,0.92797
CVE-2014-9654,0.00846,0.80384
CVE-2014-9655,0.05661,0.92591
CVE-2014-9656,0.03953,0.91165
CVE-2014-9657,0.01246,0.84101
CVE-2014-9658,0.01246,0.84101
CVE-2014-9659,0.03788,0.91002
CVE-2014-9660,0.02634,0.89332
CVE-2014-9661,0.03608,0.90782
CVE-2014-9662,0.05099,0.92196
CVE-2014-9663,0.02639,0.89341
CVE-2014-9664,0.01328,0.84632
CVE-2014-9665,0.03858,0.91072
CVE-2014-9666,0.01888,0.87255
CVE-2014-9667,0.02448,0.88959
CVE-2014-9668,0.03687,0.90888
CVE-2014-9669,0.01159,0.83411
CVE-2014-9670,0.02195,0.88326
CVE-2014-9671,0.02537,0.89134
CVE-2014-9672,0.02969,0.89894
CVE-2014-9673,0.02900,0.89803
CVE-2014-9674,0.02527,0.89118
CVE-2014-9675,0.00414,0.71420
CVE-2014-9676,0.00857,0.80509
CVE-2014-9677,0.00071,0.29243
CVE-2014-9678,0.00105,0.42529
CVE-2014-9679,0.01862,0.87132
CVE-2014-9680,0.00042,0.05722
CVE-2014-9682,0.00251,0.63104
CVE-2014-9683,0.00044,0.08043
CVE-2014-9684,0.00733,0.78822
CVE-2014-9685,0.00192,0.56888
CVE-2014-9686,0.00273,0.64700
CVE-2014-9687,0.00323,0.67727
CVE-2014-9688,0.00259,0.63768
CVE-2014-9689,0.00310,0.66998
CVE-2014-9690,0.00186,0.55930
CVE-2014-9691,0.00065,0.26756
CVE-2014-9692,0.00186,0.55930
CVE-2014-9693,0.00396,0.70837
CVE-2014-9694,0.00080,0.33429
CVE-2014-9695,0.00097,0.40125
CVE-2014-9696,0.00097,0.40125
CVE-2014-9697,0.00209,0.58895
CVE-2014-9699,0.00178,0.55045
CVE-2014-9701,0.00207,0.58729
CVE-2014-9702,0.00742,0.78945
CVE-2014-9705,0.19130,0.95836
CVE-2014-9706,0.18445,0.95761
CVE-2014-9707,0.09885,0.94328
CVE-2014-9708,0.06365,0.92991
CVE-2014-9709,0.03919,0.91143
CVE-2014-9710,0.00042,0.05722
CVE-2014-9711,0.00498,0.73832
CVE-2014-9712,0.00092,0.38739
CVE-2014-9713,0.00176,0.54831
CVE-2014-9714,0.00312,0.67103
CVE-2014-9715,0.00042,0.05722
CVE-2014-9716,0.00135,0.48872
CVE-2014-9717,0.00042,0.05722
CVE-2014-9718,0.00059,0.22933
CVE-2014-9720,0.00485,0.73494
CVE-2014-9721,0.00465,0.72894
CVE-2014-9727,0.96904,0.99656
CVE-2014-9728,0.00044,0.08000
CVE-2014-9729,0.00042,0.05722
CVE-2014-9730,0.00042,0.05722
CVE-2014-9731,0.00042,0.05722
CVE-2014-9732,0.02472,0.89008
CVE-2014-9733,0.00453,0.72621
CVE-2014-9734,0.78639,0.98005
CVE-2014-9735,0.95686,0.99296
CVE-2014-9736,0.00315,0.67315
CVE-2014-9737,0.00245,0.62586
CVE-2014-9738,0.00192,0.57132
CVE-2014-9739,0.00089,0.37616
CVE-2014-9740,0.00089,0.37616
CVE-2014-9741,0.00192,0.56888
CVE-2014-9742,0.00215,0.59574
CVE-2014-9743,0.00290,0.65829
CVE-2014-9744,0.00255,0.63447
CVE-2014-9745,0.06614,0.93137
CVE-2014-9746,0.02546,0.89147
CVE-2014-9747,0.01685,0.86418
CVE-2014-9748,0.00277,0.64957
CVE-2014-9749,0.00258,0.63660
CVE-2014-9750,0.00966,0.81708
CVE-2014-9751,0.01415,0.85139
CVE-2014-9752,0.00414,0.71397
CVE-2014-9753,0.01050,0.82488
CVE-2014-9754,0.00110,0.43959
CVE-2014-9755,0.00413,0.71369
CVE-2014-9756,0.00329,0.68051
CVE-2014-9757,0.00433,0.71980
CVE-2014-9758,0.00077,0.31673
CVE-2014-9759,0.00499,0.73847
CVE-2014-9760,0.00106,0.42972
CVE-2014-9761,0.04853,0.92003
CVE-2014-9762,0.02647,0.89355
CVE-2014-9763,0.05796,0.92659
CVE-2014-9764,0.02647,0.89355
CVE-2014-9765,0.04507,0.91680
CVE-2014-9766,0.10041,0.94401
CVE-2014-9767,0.01337,0.84693
CVE-2014-9768,0.00212,0.59253
CVE-2014-9769,0.00866,0.80590
CVE-2014-9770,0.00042,0.05722
CVE-2014-9771,0.06547,0.93086
CVE-2014-9772,0.00209,0.58922
CVE-2014-9773,0.00402,0.71031
CVE-2014-9777,0.00089,0.37426
CVE-2014-9778,0.00089,0.37426
CVE-2014-9779,0.00089,0.37426
CVE-2014-9780,0.00089,0.37426
CVE-2014-9781,0.00095,0.39720
CVE-2014-9782,0.00089,0.37426
CVE-2014-9783,0.00106,0.42704
CVE-2014-9784,0.00095,0.39720
CVE-2014-9785,0.00089,0.37426
CVE-2014-9786,0.00095,0.39720
CVE-2014-9787,0.00093,0.39108
CVE-2014-9788,0.00095,0.39720
CVE-2014-9789,0.00103,0.41676
CVE-2014-9790,0.00106,0.42704
CVE-2014-9792,0.00093,0.39108
CVE-2014-9793,0.00089,0.37426
CVE-2014-9795,0.00110,0.44044
CVE-2014-9796,0.00089,0.37426
CVE-2014-9798,0.00057,0.21447
CVE-2014-9799,0.00089,0.37426
CVE-2014-9800,0.00093,0.39108
CVE-2014-9801,0.00083,0.34315
CVE-2014-9802,0.00089,0.37426
CVE-2014-9803,0.00106,0.42704
CVE-2014-9804,0.00452,0.72589
CVE-2014-9805,0.00350,0.68977
CVE-2014-9806,0.00350,0.68977
CVE-2014-9807,0.00445,0.72352
CVE-2014-9808,0.00445,0.72352
CVE-2014-9809,0.00395,0.70809
CVE-2014-9810,0.00395,0.70809
CVE-2014-9811,0.01084,0.82821
CVE-2014-9812,0.00235,0.61655
CVE-2014-9813,0.01084,0.82821
CVE-2014-9814,0.00235,0.61655
CVE-2014-9815,0.00395,0.70809
CVE-2014-9816,0.00395,0.70809
CVE-2014-9817,0.00365,0.69623
CVE-2014-9818,0.00395,0.70809
CVE-2014-9819,0.00365,0.69623
CVE-2014-9820,0.00365,0.69623
CVE-2014-9821,0.00365,0.69623
CVE-2014-9822,0.00365,0.69623
CVE-2014-9823,0.00365,0.69623
CVE-2014-9824,0.00365,0.69623
CVE-2014-9825,0.00365,0.69623
CVE-2014-9826,0.00595,0.76105
CVE-2014-9827,0.00556,0.75262
CVE-2014-9828,0.00556,0.75262
CVE-2014-9829,0.00485,0.73508
CVE-2014-9830,0.00556,0.75262
CVE-2014-9831,0.00556,0.75262
CVE-2014-9832,0.00068,0.28046
CVE-2014-9833,0.00068,0.28046
CVE-2014-9834,0.00068,0.28046
CVE-2014-9835,0.00068,0.28046
CVE-2014-9836,0.00167,0.53384
CVE-2014-9837,0.00485,0.73508
CVE-2014-9838,0.00167,0.53397
CVE-2014-9839,0.00236,0.61802
CVE-2014-9840,0.00167,0.53384
CVE-2014-9841,0.01363,0.84866
CVE-2014-9842,0.01338,0.84695
CVE-2014-9843,0.01376,0.84951
CVE-2014-9844,0.00644,0.77130
CVE-2014-9845,0.00950,0.81531
CVE-2014-9846,0.01353,0.84788
CVE-2014-9847,0.02287,0.88583
CVE-2014-9848,0.01466,0.85409
CVE-2014-9849,0.01338,0.84695
CVE-2014-9850,0.00919,0.81210
CVE-2014-9851,0.01597,0.86062
CVE-2014-9852,0.01192,0.83688
CVE-2014-9853,0.00833,0.80234
CVE-2014-9854,0.01954,0.87508
CVE-2014-9862,0.95921,0.99344
CVE-2014-9863,0.00089,0.37426
CVE-2014-9864,0.00089,0.37426
CVE-2014-9865,0.00089,0.37426
CVE-2014-9866,0.00089,0.37426
CVE-2014-9867,0.00089,0.37426
CVE-2014-9868,0.00089,0.37426
CVE-2014-9869,0.00106,0.42704
CVE-2014-9870,0.00081,0.33782
CVE-2014-9871,0.00095,0.39720
CVE-2014-9872,0.00089,0.37426
CVE-2014-9873,0.00089,0.37426
CVE-2014-9874,0.00095,0.39720
CVE-2014-9875,0.00089,0.37426
CVE-2014-9876,0.00093,0.39108
CVE-2014-9877,0.00089,0.37426
CVE-2014-9878,0.00089,0.37426
CVE-2014-9879,0.00089,0.37426
CVE-2014-9880,0.00089,0.37426
CVE-2014-9881,0.00081,0.33739
CVE-2014-9882,0.00113,0.44686
CVE-2014-9883,0.00089,0.37426
CVE-2014-9884,0.00089,0.37426
CVE-2014-9885,0.00089,0.37378
CVE-2014-9886,0.00089,0.37426
CVE-2014-9887,0.00089,0.37426
CVE-2014-9888,0.00042,0.05722
CVE-2014-9889,0.00089,0.37426
CVE-2014-9890,0.00089,0.37426
CVE-2014-9891,0.00089,0.37426
CVE-2014-9892,0.00077,0.31758
CVE-2014-9893,0.00077,0.31758
CVE-2014-9894,0.00077,0.31758
CVE-2014-9895,0.00068,0.28435
CVE-2014-9896,0.00077,0.31758
CVE-2014-9897,0.00077,0.31758
CVE-2014-9898,0.00077,0.31758
CVE-2014-9899,0.00077,0.31758
CVE-2014-9900,0.00057,0.21550
CVE-2014-9901,0.00290,0.65843
CVE-2014-9902,0.00541,0.74941
CVE-2014-9903,0.00042,0.05722
CVE-2014-9904,0.00046,0.12627
CVE-2014-9905,0.00219,0.59915
CVE-2014-9906,0.01072,0.82719
CVE-2014-9907,0.00753,0.79105
CVE-2014-9908,0.00085,0.35258
CVE-2014-9909,0.00057,0.21388
CVE-2014-9910,0.00057,0.21388
CVE-2014-9911,0.03283,0.90369
CVE-2014-9912,0.01086,0.82827
CVE-2014-9913,0.00844,0.80356
CVE-2014-9914,0.00042,0.05722
CVE-2014-9915,0.00120,0.46054
CVE-2014-9916,0.00121,0.46226
CVE-2014-9917,0.00112,0.44442
CVE-2014-9918,0.00112,0.44442
CVE-2014-9919,0.00112,0.44442
CVE-2014-9920,0.00117,0.45552
CVE-2014-9921,0.00469,0.73031
CVE-2014-9922,0.00081,0.33782
CVE-2014-9923,0.00063,0.25160
CVE-2014-9924,0.00063,0.25160
CVE-2014-9925,0.00063,0.25160
CVE-2014-9926,0.00074,0.30498
CVE-2014-9927,0.00049,0.15854
CVE-2014-9928,0.00063,0.25160
CVE-2014-9929,0.00063,0.25160
CVE-2014-9930,0.00074,0.30498
CVE-2014-9931,0.00110,0.44040
CVE-2014-9932,0.00103,0.41676
CVE-2014-9933,0.00103,0.41676
CVE-2014-9934,0.00103,0.41676
CVE-2014-9935,0.00110,0.44040
CVE-2014-9936,0.00103,0.41676
CVE-2014-9937,0.00110,0.44040
CVE-2014-9938,0.00782,0.79552
CVE-2014-9939,0.00264,0.64163
CVE-2014-9940,0.00081,0.33782
CVE-2014-9941,0.00063,0.25160
CVE-2014-9942,0.00063,0.25160
CVE-2014-9943,0.00063,0.25160
CVE-2014-9944,0.00075,0.31044
CVE-2014-9945,0.00063,0.25160
CVE-2014-9946,0.00074,0.30498
CVE-2014-9947,0.00055,0.20666
CVE-2014-9948,0.00063,0.25160
CVE-2014-9949,0.00063,0.25160
CVE-2014-9950,0.00063,0.25160
CVE-2014-9951,0.00055,0.20666
CVE-2014-9952,0.00062,0.24478
CVE-2014-9953,0.00315,0.67296
CVE-2014-9954,0.00315,0.67296
CVE-2014-9955,0.00315,0.67296
CVE-2014-9956,0.00315,0.67296
CVE-2014-9957,0.00315,0.67296
CVE-2014-9958,0.00315,0.67296
CVE-2014-9959,0.00315,0.67296
CVE-2014-9960,0.00110,0.44040
CVE-2014-9961,0.00089,0.37426
CVE-2014-9962,0.00110,0.43947
CVE-2014-9963,0.00110,0.44040
CVE-2014-9964,0.00103,0.41676
CVE-2014-9965,0.00110,0.43947
CVE-2014-9966,0.00103,0.41676
CVE-2014-9967,0.00103,0.41676
CVE-2014-9968,0.00128,0.47548
CVE-2014-9969,0.00106,0.42770
CVE-2014-9970,0.00444,0.72345
CVE-2014-9971,0.00199,0.57799
CVE-2014-9972,0.00199,0.57799
CVE-2014-9973,0.00128,0.47548
CVE-2014-9974,0.00128,0.47548
CVE-2014-9975,0.00128,0.47548
CVE-2014-9976,0.00201,0.58132
CVE-2014-9977,0.00128,0.47548
CVE-2014-9978,0.00128,0.47548
CVE-2014-9979,0.00128,0.47548
CVE-2014-9980,0.00128,0.47548
CVE-2014-9981,0.00201,0.58132
CVE-2014-9983,0.00187,0.56233
CVE-2014-9984,0.01482,0.85478
CVE-2014-9985,0.00161,0.52775
CVE-2014-9986,0.00105,0.42553
CVE-2014-9987,0.00187,0.56164
CVE-2014-9988,0.00187,0.56164
CVE-2014-9989,0.00187,0.56164
CVE-2014-9990,0.00187,0.56164
CVE-2014-9991,0.00187,0.56164
CVE-2014-9993,0.00187,0.56164
CVE-2014-9994,0.00187,0.56164
CVE-2014-9995,0.00187,0.56164
CVE-2014-9996,0.00187,0.56164
CVE-2014-9997,0.00187,0.56164
CVE-2014-9998,0.00187,0.56164
CVE-2015-0001,0.00045,0.12307
CVE-2015-0002,0.00043,0.07624
CVE-2015-0003,0.00102,0.41379
CVE-2015-0004,0.00043,0.07631
CVE-2015-0005,0.00612,0.76470
CVE-2015-0006,0.00454,0.72649
CVE-2015-0008,0.31112,0.96581
CVE-2015-0009,0.00425,0.71769
CVE-2015-0010,0.00044,0.08021
CVE-2015-0011,0.00044,0.08086
CVE-2015-0012,0.00051,0.17168
CVE-2015-0014,0.87579,0.98416
CVE-2015-0015,0.92127,0.98763
CVE-2015-0016,0.26597,0.96335
CVE-2015-0017,0.45256,0.97097
CVE-2015-0018,0.52101,0.97302
CVE-2015-0019,0.52101,0.97302
CVE-2015-0020,0.52101,0.97302
CVE-2015-0021,0.52101,0.97302
CVE-2015-0022,0.52101,0.97302
CVE-2015-0023,0.20258,0.95940
CVE-2015-0025,0.45256,0.97097
CVE-2015-0026,0.52101,0.97302
CVE-2015-0027,0.45256,0.97097
CVE-2015-0028,0.52101,0.97302
CVE-2015-0029,0.52101,0.97302
CVE-2015-0030,0.52101,0.97302
CVE-2015-0031,0.45256,0.97097
CVE-2015-0032,0.18193,0.95735
CVE-2015-0035,0.45256,0.97097
CVE-2015-0036,0.45256,0.97097
CVE-2015-0037,0.45256,0.97097
CVE-2015-0038,0.45256,0.97097
CVE-2015-0039,0.52101,0.97302
CVE-2015-0040,0.34613,0.96725
CVE-2015-0041,0.45256,0.97097
CVE-2015-0042,0.45256,0.97097
CVE-2015-0043,0.45256,0.97097
CVE-2015-0044,0.45256,0.97097
CVE-2015-0045,0.45256,0.97097
CVE-2015-0046,0.45256,0.97097
CVE-2015-0048,0.52101,0.97302
CVE-2015-0049,0.52101,0.97302
CVE-2015-0050,0.34681,0.96728
CVE-2015-0051,0.14510,0.95267
CVE-2015-0052,0.52101,0.97302
CVE-2015-0053,0.45256,0.97097
CVE-2015-0054,0.01328,0.84635
CVE-2015-0055,0.01328,0.84635
CVE-2015-0056,0.40239,0.96935
CVE-2015-0057,0.00054,0.19349
CVE-2015-0058,0.00050,0.16502
CVE-2015-0059,0.88498,0.98467
CVE-2015-0060,0.00043,0.07315
CVE-2015-0061,0.01339,0.84701
CVE-2015-0062,0.00044,0.08214
CVE-2015-0063,0.15361,0.95402
CVE-2015-0064,0.95438,0.99241
CVE-2015-0065,0.95290,0.99206
CVE-2015-0066,0.52101,0.97302
CVE-2015-0067,0.52101,0.97302
CVE-2015-0068,0.52101,0.97302
CVE-2015-0069,0.14510,0.95267
CVE-2015-0070,0.25137,0.96265
CVE-2015-0071,0.56780,0.97415
CVE-2015-0072,0.97175,0.99775
CVE-2015-0073,0.00045,0.12497
CVE-2015-0074,0.00704,0.78316
CVE-2015-0075,0.00043,0.07315
CVE-2015-0076,0.06396,0.93008
CVE-2015-0077,0.00044,0.10450
CVE-2015-0078,0.00045,0.12497
CVE-2015-0079,0.00211,0.59063
CVE-2015-0080,0.31211,0.96584
CVE-2015-0081,0.06030,0.92793
CVE-2015-0084,0.00044,0.08021
CVE-2015-0085,0.93214,0.98896
CVE-2015-0086,0.68970,0.97714
CVE-2015-0087,0.06759,0.93207
CVE-2015-0088,0.11796,0.94833
CVE-2015-0089,0.06759,0.93207
CVE-2015-0090,0.11796,0.94833
CVE-2015-0091,0.11796,0.94833
CVE-2015-0092,0.47220,0.97155
CVE-2015-0093,0.11796,0.94833
CVE-2015-0094,0.00043,0.07674
CVE-2015-0095,0.00043,0.07315
CVE-2015-0096,0.97296,0.99848
CVE-2015-0097,0.71063,0.97783
CVE-2015-0098,0.00073,0.30419
CVE-2015-0099,0.40239,0.96935
CVE-2015-0100,0.42650,0.97007
CVE-2015-0101,0.00070,0.29096
CVE-2015-0102,0.00217,0.59721
CVE-2015-0103,0.00063,0.25667
CVE-2015-0104,0.01347,0.84750
CVE-2015-0105,0.00177,0.54960
CVE-2015-0106,0.00132,0.48261
CVE-2015-0107,0.00107,0.43278
CVE-2015-0108,0.00125,0.46984
CVE-2015-0109,0.00063,0.25667
CVE-2015-0110,0.00082,0.33992
CVE-2015-0112,0.00115,0.45227
CVE-2015-0113,0.00164,0.53066
CVE-2015-0114,0.00044,0.10161
CVE-2015-0115,0.00113,0.44679
CVE-2015-0116,0.00068,0.28080
CVE-2015-0117,0.93024,0.98872
CVE-2015-0118,0.00175,0.54773
CVE-2015-0119,0.86731,0.98373
CVE-2015-0120,0.82724,0.98176
CVE-2015-0121,0.00144,0.50239
CVE-2015-0122,0.00083,0.34253
CVE-2015-0123,0.00083,0.34253
CVE-2015-0124,0.00083,0.34253
CVE-2015-0125,0.00063,0.25667
CVE-2015-0126,0.00232,0.61389
CVE-2015-0127,0.00068,0.28080
CVE-2015-0128,0.00063,0.25667
CVE-2015-0129,0.00063,0.25667
CVE-2015-0130,0.00063,0.25667
CVE-2015-0131,0.00063,0.25667
CVE-2015-0132,0.00323,0.67705
CVE-2015-0133,0.00289,0.65807
CVE-2015-0134,0.26895,0.96354
CVE-2015-0135,0.94458,0.99064
CVE-2015-0136,0.00042,0.05722
CVE-2015-0137,0.00064,0.26348
CVE-2015-0138,0.00486,0.73531
CVE-2015-0139,0.00083,0.34253
CVE-2015-0140,0.01319,0.84584
CVE-2015-0141,0.00079,0.33036
CVE-2015-0142,0.00106,0.42885
CVE-2015-0143,0.00079,0.33036
CVE-2015-0144,0.00063,0.25667
CVE-2015-0145,0.00168,0.53804
CVE-2015-0146,0.00042,0.05722
CVE-2015-0149,0.00110,0.43985
CVE-2015-0150,0.00382,0.70296
CVE-2015-0151,0.00077,0.31641
CVE-2015-0152,0.00441,0.72282
CVE-2015-0153,0.00249,0.62877
CVE-2015-0156,0.00082,0.34233
CVE-2015-0157,0.07278,0.93427
CVE-2015-0158,0.00354,0.69140
CVE-2015-0160,0.00190,0.56633
CVE-2015-0161,0.00104,0.42003
CVE-2015-0162,0.00042,0.05722
CVE-2015-0167,0.00135,0.48865
CVE-2015-0168,0.00063,0.25667
CVE-2015-0169,0.00079,0.33036
CVE-2015-0170,0.00042,0.05722
CVE-2015-0171,0.00077,0.31668
CVE-2015-0172,0.00297,0.66251
CVE-2015-0173,0.00196,0.57532
CVE-2015-0174,0.00111,0.44120
CVE-2015-0175,0.00136,0.48990
CVE-2015-0176,0.00103,0.41778
CVE-2015-0177,0.00083,0.34253
CVE-2015-0178,0.00300,0.66409
CVE-2015-0179,0.00044,0.10527
CVE-2015-0180,0.00101,0.41181
CVE-2015-0189,0.00165,0.53201
CVE-2015-0192,0.03550,0.90709
CVE-2015-0193,0.00063,0.25667
CVE-2015-0194,0.00091,0.38643
CVE-2015-0195,0.00131,0.47988
CVE-2015-0196,0.00231,0.61316
CVE-2015-0197,0.00042,0.05722
CVE-2015-0198,0.00635,0.76941
CVE-2015-0199,0.00042,0.05722
CVE-2015-0200,0.00042,0.05722
CVE-2015-0201,0.00316,0.67390
CVE-2015-0202,0.00849,0.80409
CVE-2015-0203,0.36806,0.96810
CVE-2015-0204,0.95385,0.99228
CVE-2015-0205,0.00613,0.76504
CVE-2015-0206,0.92550,0.98820
CVE-2015-0207,0.49939,0.97241
CVE-2015-0208,0.94067,0.98999
CVE-2015-0209,0.11910,0.94853
CVE-2015-0210,0.00203,0.58332
CVE-2015-0211,0.00124,0.46807
CVE-2015-0212,0.00093,0.39055
CVE-2015-0213,0.00159,0.52409
CVE-2015-0214,0.00112,0.44331
CVE-2015-0215,0.00124,0.46807
CVE-2015-0216,0.00093,0.39055
CVE-2015-0217,0.00282,0.65336
CVE-2015-0218,0.00159,0.52409
CVE-2015-0219,0.00794,0.79765
CVE-2015-0220,0.00738,0.78877
CVE-2015-0221,0.11993,0.94869
CVE-2015-0222,0.02693,0.89451
CVE-2015-0223,0.00248,0.62811
CVE-2015-0224,0.94910,0.99136
CVE-2015-0225,0.00782,0.79553
CVE-2015-0226,0.00150,0.51199
CVE-2015-0227,0.00168,0.53555
CVE-2015-0228,0.04041,0.91243
CVE-2015-0231,0.72120,0.97813
CVE-2015-0232,0.87965,0.98437
CVE-2015-0233,0.00044,0.10161
CVE-2015-0234,0.00126,0.47087
CVE-2015-0235,0.97536,0.99994
CVE-2015-0236,0.00196,0.57533
CVE-2015-0237,0.00130,0.47869
CVE-2015-0238,0.00044,0.10161
CVE-2015-0239,0.00153,0.51583
CVE-2015-0240,0.97400,0.99915
CVE-2015-0241,0.00316,0.67337
CVE-2015-0242,0.00316,0.67337
CVE-2015-0243,0.00320,0.67560
CVE-2015-0244,0.00504,0.74012
CVE-2015-0245,0.00042,0.05722
CVE-2015-0247,0.00051,0.17407
CVE-2015-0248,0.03747,0.90953
CVE-2015-0249,0.00429,0.71869
CVE-2015-0250,0.05948,0.92748
CVE-2015-0251,0.00439,0.72220
CVE-2015-0252,0.03902,0.91127
CVE-2015-0253,0.01727,0.86585
CVE-2015-0254,0.05100,0.92197
CVE-2015-0255,0.07878,0.93649
CVE-2015-0257,0.00042,0.05722
CVE-2015-0258,0.01957,0.87517
CVE-2015-0259,0.00681,0.77935
CVE-2015-0260,0.00245,0.62568
CVE-2015-0261,0.06761,0.93207
CVE-2015-0263,0.00406,0.71144
CVE-2015-0264,0.00950,0.81530
CVE-2015-0265,0.09571,0.94241
CVE-2015-0266,0.00162,0.52814
CVE-2015-0267,0.00042,0.05722
CVE-2015-0268,0.00059,0.22933
CVE-2015-0269,0.00155,0.51813
CVE-2015-0270,0.00138,0.49278
CVE-2015-0271,0.00131,0.47987
CVE-2015-0272,0.02760,0.89579
CVE-2015-0273,0.95499,0.99254
CVE-2015-0274,0.00042,0.05722
CVE-2015-0275,0.00051,0.17094
CVE-2015-0276,0.00224,0.60746
CVE-2015-0277,0.00638,0.77008
CVE-2015-0278,0.00698,0.78228
CVE-2015-0279,0.01987,0.87623
CVE-2015-0282,0.00461,0.72823
CVE-2015-0283,0.02345,0.88717
CVE-2015-0284,0.00158,0.52342
CVE-2015-0285,0.00623,0.76723
CVE-2015-0286,0.94831,0.99126
CVE-2015-0287,0.02656,0.89374
CVE-2015-0288,0.01898,0.87311
CVE-2015-0289,0.01898,0.87311
CVE-2015-0290,0.10728,0.94582
CVE-2015-0291,0.91899,0.98741
CVE-2015-0292,0.22129,0.96066
CVE-2015-0293,0.52191,0.97306
CVE-2015-0294,0.00575,0.75687
CVE-2015-0295,0.04414,0.91598
CVE-2015-0296,0.00089,0.37433
CVE-2015-0297,0.00527,0.74575
CVE-2015-0298,0.00192,0.56888
CVE-2015-0299,0.00068,0.28383
CVE-2015-0301,0.02079,0.87947
CVE-2015-0302,0.00562,0.75363
CVE-2015-0303,0.02599,0.89252
CVE-2015-0304,0.19343,0.95861
CVE-2015-0305,0.01841,0.87058
CVE-2015-0306,0.02599,0.89252
CVE-2015-0307,0.05279,0.92319
CVE-2015-0308,0.03202,0.90251
CVE-2015-0309,0.06926,0.93291
CVE-2015-0310,0.91946,0.98747
CVE-2015-0311,0.97275,0.99833
CVE-2015-0312,0.02578,0.89202
CVE-2015-0313,0.97290,0.99844
CVE-2015-0314,0.02521,0.89107
CVE-2015-0315,0.04276,0.91476
CVE-2015-0316,0.08884,0.94015
CVE-2015-0317,0.03066,0.90045
CVE-2015-0318,0.97520,0.99987
CVE-2015-0319,0.03066,0.90045
CVE-2015-0320,0.04276,0.91476
CVE-2015-0321,0.08884,0.94015
CVE-2015-0322,0.04276,0.91476
CVE-2015-0323,0.29608,0.96509
CVE-2015-0324,0.29608,0.96509
CVE-2015-0325,0.02665,0.89384
CVE-2015-0326,0.02665,0.89384
CVE-2015-0327,0.29608,0.96509
CVE-2015-0328,0.02665,0.89384
CVE-2015-0329,0.08884,0.94015
CVE-2015-0330,0.08884,0.94015
CVE-2015-0331,0.02185,0.88303
CVE-2015-0332,0.02200,0.88341
CVE-2015-0333,0.02093,0.88001
CVE-2015-0334,0.02249,0.88478
CVE-2015-0335,0.02093,0.88001
CVE-2015-0336,0.96796,0.99619
CVE-2015-0337,0.00782,0.79549
CVE-2015-0338,0.03083,0.90065
CVE-2015-0339,0.02093,0.88001
CVE-2015-0340,0.00782,0.79549
CVE-2015-0341,0.03003,0.89940
CVE-2015-0342,0.03041,0.90012
CVE-2015-0343,0.00747,0.79009
CVE-2015-0344,0.02119,0.88068
CVE-2015-0345,0.02119,0.88068
CVE-2015-0346,0.02657,0.89375
CVE-2015-0347,0.03345,0.90456
CVE-2015-0348,0.19189,0.95844
CVE-2015-0349,0.47365,0.97159
CVE-2015-0350,0.01893,0.87275
CVE-2015-0351,0.02899,0.89797
CVE-2015-0352,0.01893,0.87275
CVE-2015-0353,0.01893,0.87275
CVE-2015-0354,0.01893,0.87275
CVE-2015-0355,0.01893,0.87275
CVE-2015-0356,0.05567,0.92533
CVE-2015-0357,0.00521,0.74415
CVE-2015-0358,0.02899,0.89797
CVE-2015-0359,0.97466,0.99958
CVE-2015-0360,0.01893,0.87275
CVE-2015-0361,0.00854,0.80475
CVE-2015-0362,0.00292,0.65967
CVE-2015-0363,0.00287,0.65646
CVE-2015-0364,0.00287,0.65646
CVE-2015-0365,0.00319,0.67532
CVE-2015-0366,0.00247,0.62722
CVE-2015-0367,0.00335,0.68353
CVE-2015-0368,0.00816,0.80014
CVE-2015-0369,0.00249,0.62919
CVE-2015-0370,0.00106,0.42897
CVE-2015-0371,0.00121,0.46353
CVE-2015-0372,0.00319,0.67532
CVE-2015-0373,0.00248,0.62798
CVE-2015-0374,0.00132,0.48086
CVE-2015-0375,0.00243,0.62347
CVE-2015-0376,0.00228,0.61089
CVE-2015-0377,0.00085,0.35392
CVE-2015-0378,0.00060,0.23399
CVE-2015-0379,0.00249,0.62919
CVE-2015-0380,0.00249,0.62919
CVE-2015-0381,0.00990,0.81956
CVE-2015-0382,0.01188,0.83657
CVE-2015-0383,0.00044,0.08000
CVE-2015-0384,0.00147,0.50684
CVE-2015-0385,0.00237,0.61848
CVE-2015-0386,0.00213,0.59343
CVE-2015-0387,0.00171,0.54247
CVE-2015-0388,0.00171,0.54247
CVE-2015-0389,0.00073,0.30397
CVE-2015-0390,0.00670,0.77702
CVE-2015-0391,0.00399,0.70937
CVE-2015-0392,0.00113,0.44692
CVE-2015-0393,0.00316,0.67354
CVE-2015-0394,0.00171,0.54247
CVE-2015-0395,0.11863,0.94848
CVE-2015-0396,0.00409,0.71245
CVE-2015-0397,0.00044,0.10704
CVE-2015-0398,0.00171,0.54247
CVE-2015-0399,0.00111,0.44141
CVE-2015-0400,0.00953,0.81580
CVE-2015-0401,0.00086,0.35594
CVE-2015-0402,0.00233,0.61480
CVE-2015-0403,0.00044,0.08000
CVE-2015-0404,0.00249,0.62919
CVE-2015-0405,0.00450,0.72526
CVE-2015-0406,0.01605,0.86119
CVE-2015-0407,0.01028,0.82270
CVE-2015-0408,0.02216,0.88388
CVE-2015-0409,0.00426,0.71783
CVE-2015-0410,0.03440,0.90589
CVE-2015-0411,0.00771,0.79390
CVE-2015-0412,0.00450,0.72526
CVE-2015-0413,0.00081,0.33545
CVE-2015-0414,0.00086,0.35594
CVE-2015-0415,0.00136,0.48993
CVE-2015-0416,0.00171,0.54226
CVE-2015-0417,0.00121,0.46353
CVE-2015-0418,0.00060,0.23399
CVE-2015-0419,0.00234,0.61523
CVE-2015-0420,0.00292,0.65967
CVE-2015-0421,0.00065,0.26876
CVE-2015-0422,0.00168,0.53802
CVE-2015-0423,0.00775,0.79467
CVE-2015-0424,0.00248,0.62798
CVE-2015-0425,0.00319,0.67532
CVE-2015-0426,0.00191,0.56768
CVE-2015-0427,0.00085,0.35392
CVE-2015-0428,0.00044,0.10704
CVE-2015-0429,0.00044,0.10704
CVE-2015-0430,0.00044,0.10704
CVE-2015-0431,0.00450,0.72522
CVE-2015-0432,0.00207,0.58727
CVE-2015-0433,0.00284,0.65430
CVE-2015-0434,0.00319,0.67532
CVE-2015-0435,0.00174,0.54625
CVE-2015-0436,0.00319,0.67532
CVE-2015-0437,0.01343,0.84721
CVE-2015-0438,0.00450,0.72526
CVE-2015-0439,0.00775,0.79467
CVE-2015-0440,0.00190,0.56594
CVE-2015-0441,0.00356,0.69253
CVE-2015-0443,0.76128,0.97930
CVE-2015-0444,0.76128,0.97930
CVE-2015-0445,0.76128,0.97930
CVE-2015-0446,0.76128,0.97930
CVE-2015-0447,0.00137,0.49032
CVE-2015-0448,0.00060,0.23365
CVE-2015-0449,0.00122,0.46389
CVE-2015-0450,0.00145,0.50401
CVE-2015-0451,0.00086,0.35594
CVE-2015-0452,0.00163,0.52958
CVE-2015-0453,0.00181,0.55435
CVE-2015-0455,0.00112,0.44396
CVE-2015-0456,0.00145,0.50401
CVE-2015-0457,0.00324,0.67747
CVE-2015-0458,0.03582,0.90750
CVE-2015-0459,0.05618,0.92573
CVE-2015-0460,0.05251,0.92300
CVE-2015-0461,0.00114,0.44900
CVE-2015-0462,0.00086,0.35594
CVE-2015-0463,0.00086,0.35594
CVE-2015-0464,0.00181,0.55435
CVE-2015-0465,0.00086,0.35594
CVE-2015-0466,0.00228,0.61089
CVE-2015-0467,0.00153,0.51601
CVE-2015-0468,0.00276,0.64911
CVE-2015-0469,0.08358,0.93817
CVE-2015-0470,0.00568,0.75504
CVE-2015-0471,0.00060,0.23365
CVE-2015-0472,0.00073,0.30397
CVE-2015-0473,0.00145,0.50401
CVE-2015-0474,0.00060,0.23365
CVE-2015-0475,0.00086,0.35594
CVE-2015-0476,0.00086,0.35594
CVE-2015-0477,0.00615,0.76551
CVE-2015-0478,0.00863,0.80568
CVE-2015-0479,0.00098,0.40393
CVE-2015-0480,0.00721,0.78621
CVE-2015-0482,0.00383,0.70342
CVE-2015-0483,0.00086,0.35594
CVE-2015-0484,0.00895,0.80939
CVE-2015-0485,0.00086,0.35594
CVE-2015-0486,0.00499,0.73852
CVE-2015-0487,0.00086,0.35594
CVE-2015-0488,0.06321,0.92962
CVE-2015-0489,0.00060,0.23365
CVE-2015-0490,0.00073,0.30397
CVE-2015-0491,0.05674,0.92598
CVE-2015-0492,0.00895,0.80939
CVE-2015-0493,0.00085,0.35392
CVE-2015-0494,0.00145,0.50401
CVE-2015-0495,0.88118,0.98444
CVE-2015-0496,0.00086,0.35594
CVE-2015-0497,0.00145,0.50401
CVE-2015-0498,0.00287,0.65646
CVE-2015-0499,0.00311,0.67076
CVE-2015-0500,0.01086,0.82833
CVE-2015-0501,0.00311,0.67076
CVE-2015-0502,0.00145,0.50401
CVE-2015-0503,0.00287,0.65646
CVE-2015-0504,0.00163,0.52958
CVE-2015-0505,0.00311,0.67076
CVE-2015-0506,0.00287,0.65646
CVE-2015-0507,0.00287,0.65646
CVE-2015-0508,0.00287,0.65646
CVE-2015-0509,0.00145,0.50401
CVE-2015-0510,0.00152,0.51424
CVE-2015-0511,0.00287,0.65646
CVE-2015-0512,0.00245,0.62586
CVE-2015-0513,0.00081,0.33510
CVE-2015-0514,0.08209,0.93776
CVE-2015-0515,0.00824,0.80111
CVE-2015-0516,0.03154,0.90167
CVE-2015-0517,0.00171,0.54207
CVE-2015-0518,0.00449,0.72486
CVE-2015-0519,0.00042,0.05722
CVE-2015-0521,0.00093,0.39055
CVE-2015-0522,0.00192,0.57132
CVE-2015-0523,0.00360,0.69441
CVE-2015-0524,0.00768,0.79349
CVE-2015-0525,0.00590,0.76019
CVE-2015-0526,0.00140,0.49569
CVE-2015-0527,0.00042,0.05722
CVE-2015-0528,0.00042,0.05722
CVE-2015-0529,0.00216,0.59664
CVE-2015-0530,0.00042,0.05722
CVE-2015-0531,0.00330,0.68102
CVE-2015-0532,0.00711,0.78452
CVE-2015-0533,0.00094,0.39430
CVE-2015-0534,0.00294,0.66093
CVE-2015-0535,0.00164,0.53028
CVE-2015-0536,0.00133,0.48297
CVE-2015-0537,0.00571,0.75564
CVE-2015-0538,0.94958,0.99142
CVE-2015-0540,0.00104,0.42003
CVE-2015-0541,0.00097,0.40110
CVE-2015-0542,0.00159,0.52409
CVE-2015-0543,0.00081,0.33762
CVE-2015-0544,0.00572,0.75609
CVE-2015-0545,0.01816,0.86931
CVE-2015-0546,0.00692,0.78116
CVE-2015-0547,0.00073,0.30305
CVE-2015-0548,0.00073,0.30305
CVE-2015-0549,0.00068,0.28383
CVE-2015-0550,0.00313,0.67165
CVE-2015-0551,0.00068,0.28383
CVE-2015-0552,0.00754,0.79117
CVE-2015-0553,0.07831,0.93624
CVE-2015-0554,0.01390,0.85016
CVE-2015-0555,0.11097,0.94658
CVE-2015-0556,0.01026,0.82252
CVE-2015-0557,0.01120,0.83102
CVE-2015-0558,0.01108,0.83006
CVE-2015-0559,0.00284,0.65476
CVE-2015-0560,0.00284,0.65476
CVE-2015-0561,0.00352,0.69075
CVE-2015-0562,0.00324,0.67793
CVE-2015-0563,0.00279,0.65076
CVE-2015-0564,0.00185,0.55853
CVE-2015-0565,0.14865,0.95319
CVE-2015-0568,0.00044,0.10161
CVE-2015-0569,0.00401,0.71004
CVE-2015-0570,0.00155,0.51873
CVE-2015-0571,0.00119,0.46024
CVE-2015-0572,0.00062,0.24776
CVE-2015-0573,0.00244,0.62506
CVE-2015-0574,0.00199,0.57799
CVE-2015-0575,0.00128,0.47548
CVE-2015-0576,0.00078,0.32208
CVE-2015-0577,0.00254,0.63423
CVE-2015-0578,0.00609,0.76400
CVE-2015-0579,0.00299,0.66391
CVE-2015-0580,0.00232,0.61366
CVE-2015-0581,0.00229,0.61156
CVE-2015-0582,0.00341,0.68604
CVE-2015-0583,0.00278,0.65025
CVE-2015-0584,0.00042,0.05722
CVE-2015-0586,0.00661,0.77535
CVE-2015-0588,0.00252,0.63163
CVE-2015-0589,0.00336,0.68377
CVE-2015-0590,0.00278,0.65025
CVE-2015-0591,0.00299,0.66391
CVE-2015-0592,0.00676,0.77814
CVE-2015-0593,0.00676,0.77814
CVE-2015-0594,0.00220,0.60154
CVE-2015-0595,0.00301,0.66487
CVE-2015-0596,0.00377,0.70070
CVE-2015-0597,0.00228,0.61065
CVE-2015-0598,0.00186,0.56036
CVE-2015-0599,0.00375,0.70017
CVE-2015-0600,0.00488,0.73591
CVE-2015-0601,0.00042,0.05722
CVE-2015-0602,0.00318,0.67492
CVE-2015-0603,0.00042,0.05722
CVE-2015-0604,0.00192,0.56849
CVE-2015-0605,0.00454,0.72643
CVE-2015-0606,0.00042,0.05722
CVE-2015-0607,0.00368,0.69784
CVE-2015-0608,0.01355,0.84825
CVE-2015-0609,0.01355,0.84825
CVE-2015-0610,0.00420,0.71595
CVE-2015-0611,0.00272,0.64641
CVE-2015-0612,0.00186,0.56036
CVE-2015-0613,0.00186,0.56036
CVE-2015-0614,0.00186,0.56036
CVE-2015-0615,0.00186,0.56036
CVE-2015-0616,0.00186,0.56036
CVE-2015-0617,0.00563,0.75411
CVE-2015-0618,0.00563,0.75411
CVE-2015-0619,0.00316,0.67341
CVE-2015-0620,0.00447,0.72417
CVE-2015-0621,0.01355,0.84825
CVE-2015-0622,0.00187,0.56209
CVE-2015-0623,0.00286,0.65593
CVE-2015-0624,0.00175,0.54755
CVE-2015-0626,0.00288,0.65694
CVE-2015-0628,0.00141,0.49847
CVE-2015-0631,0.00563,0.75411
CVE-2015-0632,0.00446,0.72404
CVE-2015-0633,0.00828,0.80174
CVE-2015-0634,0.00107,0.43129
CVE-2015-0635,0.00407,0.71187
CVE-2015-0636,0.00186,0.56036
CVE-2015-0637,0.00186,0.56036
CVE-2015-0638,0.00186,0.56036
CVE-2015-0639,0.00186,0.56036
CVE-2015-0640,0.00186,0.56036
CVE-2015-0641,0.00186,0.56036
CVE-2015-0642,0.00676,0.77814
CVE-2015-0643,0.00676,0.77814
CVE-2015-0644,0.00483,0.73426
CVE-2015-0645,0.00186,0.56036
CVE-2015-0646,0.00563,0.75411
CVE-2015-0647,0.00187,0.56209
CVE-2015-0648,0.00187,0.56209
CVE-2015-0649,0.00187,0.56209
CVE-2015-0650,0.00186,0.56036
CVE-2015-0651,0.00157,0.52101
CVE-2015-0652,0.00186,0.56036
CVE-2015-0653,0.00303,0.66557
CVE-2015-0654,0.00186,0.56036
CVE-2015-0655,0.00192,0.57132
CVE-2015-0656,0.00135,0.48865
CVE-2015-0657,0.00186,0.56036
CVE-2015-0658,0.00195,0.57441
CVE-2015-0659,0.00161,0.52718
CVE-2015-0660,0.00042,0.05722
CVE-2015-0661,0.00112,0.44465
CVE-2015-0662,0.00042,0.05722
CVE-2015-0663,0.00042,0.05722
CVE-2015-0664,0.00042,0.05722
CVE-2015-0665,0.00044,0.07794
CVE-2015-0666,0.97385,0.99904
CVE-2015-0667,0.00138,0.49328
CVE-2015-0668,0.00135,0.48865
CVE-2015-0669,0.00185,0.55849
CVE-2015-0670,0.00342,0.68625
CVE-2015-0671,0.00187,0.56209
CVE-2015-0672,0.00186,0.56036
CVE-2015-0673,0.00101,0.41215
CVE-2015-0674,0.00116,0.45370
CVE-2015-0675,0.00225,0.60843
CVE-2015-0676,0.00082,0.33958
CVE-2015-0677,0.00223,0.60700
CVE-2015-0678,0.00186,0.56036
CVE-2015-0679,0.00157,0.52139
CVE-2015-0680,0.00076,0.31273
CVE-2015-0681,0.00563,0.75411
CVE-2015-0682,0.00228,0.61066
CVE-2015-0683,0.00101,0.41215
CVE-2015-0684,0.00099,0.40746
CVE-2015-0685,0.00186,0.56036
CVE-2015-0686,0.00108,0.43364
CVE-2015-0687,0.00108,0.43364
CVE-2015-0688,0.00186,0.56036
CVE-2015-0689,0.00101,0.41173
CVE-2015-0690,0.00135,0.48865
CVE-2015-0691,0.00215,0.59585
CVE-2015-0692,0.00042,0.05722
CVE-2015-0693,0.00042,0.05722
CVE-2015-0694,0.00127,0.47260
CVE-2015-0695,0.00259,0.63761
CVE-2015-0696,0.00106,0.42879
CVE-2015-0697,0.00114,0.44819
CVE-2015-0698,0.00106,0.42879
CVE-2015-0699,0.00119,0.46018
CVE-2015-0700,0.00076,0.31337
CVE-2015-0701,0.00258,0.63610
CVE-2015-0702,0.00424,0.71742
CVE-2015-0703,0.00106,0.42879
CVE-2015-0704,0.00076,0.31337
CVE-2015-0705,0.00200,0.57959
CVE-2015-0706,0.00093,0.38964
CVE-2015-0707,0.00069,0.28563
CVE-2015-0708,0.00157,0.52139
CVE-2015-0709,0.00108,0.43364
CVE-2015-0710,0.00157,0.52139
CVE-2015-0711,0.00186,0.56036
CVE-2015-0712,0.00186,0.56036
CVE-2015-0713,0.00156,0.51910
CVE-2015-0714,0.00135,0.48865
CVE-2015-0715,0.00099,0.40746
CVE-2015-0716,0.00092,0.38925
CVE-2015-0717,0.00042,0.05722
CVE-2015-0718,0.00568,0.75510
CVE-2015-0721,0.00196,0.57569
CVE-2015-0722,0.00187,0.56209
CVE-2015-0723,0.00112,0.44423
CVE-2015-0724,0.00106,0.42879
CVE-2015-0725,0.00106,0.42909
CVE-2015-0726,0.00142,0.49991
CVE-2015-0727,0.00106,0.42879
CVE-2015-0728,0.00106,0.42879
CVE-2015-0729,0.00106,0.42879
CVE-2015-0730,0.00133,0.48372
CVE-2015-0731,0.00112,0.44423
CVE-2015-0732,0.00192,0.57132
CVE-2015-0733,0.00114,0.44819
CVE-2015-0734,0.00106,0.42879
CVE-2015-0735,0.00076,0.31337
CVE-2015-0736,0.00076,0.31337
CVE-2015-0737,0.00106,0.42879
CVE-2015-0738,0.00106,0.42879
CVE-2015-0739,0.00091,0.38472
CVE-2015-0740,0.00199,0.57778
CVE-2015-0741,0.00199,0.57778
CVE-2015-0742,0.00259,0.63761
CVE-2015-0743,0.00133,0.48372
CVE-2015-0744,0.00259,0.63761
CVE-2015-0745,0.00187,0.56283
CVE-2015-0746,0.00155,0.51867
CVE-2015-0747,0.00096,0.39782
CVE-2015-0749,0.00151,0.51276
CVE-2015-0750,0.00235,0.61677
CVE-2015-0751,0.00133,0.48372
CVE-2015-0752,0.00106,0.42879
CVE-2015-0753,0.00163,0.52960
CVE-2015-0754,0.00175,0.54754
CVE-2015-0755,0.00042,0.05722
CVE-2015-0756,0.00112,0.44423
CVE-2015-0757,0.00162,0.52909
CVE-2015-0758,0.00101,0.41215
CVE-2015-0759,0.00076,0.31337
CVE-2015-0760,0.00126,0.47162
CVE-2015-0761,0.00042,0.05722
CVE-2015-0762,0.00106,0.42879
CVE-2015-0763,0.00115,0.45137
CVE-2015-0764,0.00115,0.45137
CVE-2015-0765,0.00133,0.48372
CVE-2015-0766,0.00106,0.42879
CVE-2015-0767,0.00042,0.05722
CVE-2015-0768,0.00120,0.46131
CVE-2015-0769,0.00133,0.48372
CVE-2015-0770,0.00111,0.44124
CVE-2015-0771,0.00108,0.43364
CVE-2015-0772,0.00133,0.48372
CVE-2015-0773,0.00109,0.43863
CVE-2015-0774,0.00106,0.42879
CVE-2015-0775,0.00259,0.63761
CVE-2015-0776,0.00133,0.48372
CVE-2015-0777,0.00059,0.22860
CVE-2015-0778,0.01313,0.84555
CVE-2015-0779,0.94508,0.99072
CVE-2015-0780,0.23900,0.96188
CVE-2015-0781,0.10389,0.94482
CVE-2015-0782,0.05099,0.92196
CVE-2015-0783,0.24346,0.96215
CVE-2015-0784,0.68497,0.97702
CVE-2015-0785,0.32516,0.96633
CVE-2015-0786,0.78234,0.97991
CVE-2015-0787,0.00125,0.46917
CVE-2015-0794,0.00042,0.05722
CVE-2015-0795,0.94036,0.98996
CVE-2015-0796,0.00044,0.10161
CVE-2015-0797,0.03121,0.90125
CVE-2015-0798,0.00300,0.66417
CVE-2015-0799,0.00147,0.50617
CVE-2015-0800,0.00319,0.67536
CVE-2015-0801,0.01991,0.87636
CVE-2015-0802,0.47381,0.97160
CVE-2015-0803,0.03789,0.91005
CVE-2015-0804,0.03789,0.91005
CVE-2015-0805,0.04373,0.91560
CVE-2015-0806,0.04373,0.91560
CVE-2015-0807,0.00329,0.68059
CVE-2015-0808,0.01802,0.86859
CVE-2015-0810,0.00459,0.72756
CVE-2015-0811,0.02718,0.89498
CVE-2015-0812,0.00207,0.58706
CVE-2015-0813,0.04495,0.91667
CVE-2015-0814,0.06648,0.93151
CVE-2015-0815,0.06648,0.93151
CVE-2015-0816,0.96815,0.99624
CVE-2015-0817,0.20292,0.95942
CVE-2015-0818,0.07808,0.93616
CVE-2015-0819,0.00762,0.79254
CVE-2015-0820,0.00392,0.70694
CVE-2015-0821,0.00683,0.77966
CVE-2015-0822,0.00587,0.75948
CVE-2015-0823,0.00955,0.81605
CVE-2015-0824,0.01840,0.87053
CVE-2015-0825,0.00421,0.71654
CVE-2015-0826,0.02420,0.88898
CVE-2015-0827,0.00570,0.75555
CVE-2015-0828,0.00947,0.81512
CVE-2015-0829,0.00655,0.77347
CVE-2015-0830,0.01743,0.86646
CVE-2015-0831,0.03121,0.90125
CVE-2015-0832,0.00206,0.58653
CVE-2015-0833,0.00043,0.07412
CVE-2015-0834,0.00186,0.56058
CVE-2015-0835,0.06590,0.93125
CVE-2015-0836,0.06246,0.92922
CVE-2015-0837,0.00255,0.63488
CVE-2015-0838,0.06782,0.93219
CVE-2015-0839,0.00641,0.77081
CVE-2015-0840,0.00316,0.67373
CVE-2015-0841,0.01016,0.82178
CVE-2015-0844,0.00595,0.76118
CVE-2015-0845,0.05464,0.92469
CVE-2015-0846,0.00181,0.55435
CVE-2015-0847,0.02345,0.88717
CVE-2015-0848,0.02509,0.89082
CVE-2015-0850,0.01816,0.86931
CVE-2015-0851,0.00913,0.81137
CVE-2015-0852,0.05495,0.92493
CVE-2015-0853,0.00108,0.43488
CVE-2015-0854,0.00151,0.51331
CVE-2015-0855,0.00469,0.73023
CVE-2015-0856,0.00042,0.05722
CVE-2015-0857,0.00489,0.73623
CVE-2015-0858,0.00042,0.05722
CVE-2015-0859,0.00863,0.80559
CVE-2015-0860,0.18378,0.95753
CVE-2015-0861,0.00153,0.51524
CVE-2015-0862,0.00068,0.28383
CVE-2015-0863,0.00056,0.20754
CVE-2015-0864,0.00058,0.22619
CVE-2015-0866,0.00309,0.66979
CVE-2015-0867,0.00328,0.67978
CVE-2015-0868,0.01866,0.87146
CVE-2015-0869,0.00330,0.68125
CVE-2015-0870,0.00312,0.67097
CVE-2015-0871,0.00135,0.48865
CVE-2015-0873,0.00142,0.49908
CVE-2015-0874,0.00100,0.40822
CVE-2015-0875,0.00105,0.42625
CVE-2015-0876,0.00192,0.56888
CVE-2015-0877,0.01866,0.87146
CVE-2015-0878,0.00343,0.68673
CVE-2015-0879,0.00633,0.76905
CVE-2015-0880,0.03127,0.90133
CVE-2015-0881,0.00248,0.62827
CVE-2015-0882,0.00139,0.49384
CVE-2015-0883,0.01854,0.87100
CVE-2015-0884,0.00042,0.00438
CVE-2015-0885,0.01685,0.86418
CVE-2015-0886,0.00492,0.73689
CVE-2015-0887,0.00633,0.76905
CVE-2015-0888,0.00358,0.69317
CVE-2015-0889,0.02904,0.89808
CVE-2015-0890,0.00324,0.67752
CVE-2015-0891,0.00192,0.56888
CVE-2015-0892,0.00192,0.56888
CVE-2015-0893,0.00192,0.56888
CVE-2015-0894,0.00119,0.45893
CVE-2015-0895,0.00157,0.52101
CVE-2015-0896,0.00192,0.56888
CVE-2015-0897,0.00048,0.14563
CVE-2015-0898,0.00651,0.77286
CVE-2015-0899,0.94907,0.99135
CVE-2015-0900,0.00220,0.59971
CVE-2015-0901,0.00192,0.56888
CVE-2015-0902,0.00313,0.67163
CVE-2015-0903,0.03437,0.90587
CVE-2015-0904,0.00098,0.40524
CVE-2015-0905,0.00157,0.52211
CVE-2015-0906,0.00313,0.67192
CVE-2015-0907,0.03073,0.90055
CVE-2015-0910,0.00129,0.47741
CVE-2015-0911,0.00184,0.55712
CVE-2015-0912,0.00305,0.66699
CVE-2015-0913,0.00093,0.39055
CVE-2015-0914,0.00203,0.58324
CVE-2015-0915,0.00192,0.56888
CVE-2015-0916,0.00119,0.45893
CVE-2015-0917,0.01640,0.86260
CVE-2015-0918,0.00464,0.72885
CVE-2015-0919,0.00099,0.40632
CVE-2015-0920,0.00420,0.71591
CVE-2015-0921,0.03088,0.90074
CVE-2015-0922,0.00808,0.79932
CVE-2015-0923,0.77439,0.97967
CVE-2015-0924,0.00262,0.63941
CVE-2015-0925,0.01793,0.86824
CVE-2015-0926,0.00042,0.00438
CVE-2015-0928,0.00144,0.50231
CVE-2015-0929,0.00448,0.72451
CVE-2015-0930,0.00448,0.72451
CVE-2015-0931,0.00403,0.71039
CVE-2015-0932,0.02252,0.88491
CVE-2015-0933,0.00162,0.52814
CVE-2015-0934,0.00287,0.65640
CVE-2015-0935,0.12928,0.95022
CVE-2015-0936,0.26604,0.96336
CVE-2015-0937,0.00208,0.58771
CVE-2015-0938,0.00154,0.51694
CVE-2015-0941,0.00080,0.33236
CVE-2015-0943,0.00091,0.38636
CVE-2015-0949,0.00042,0.00438
CVE-2015-0950,0.00207,0.58674
CVE-2015-0951,0.00225,0.60867
CVE-2015-0961,0.00129,0.47668
CVE-2015-0962,0.00258,0.63619
CVE-2015-0967,0.00460,0.72802
CVE-2015-0968,0.00414,0.71430
CVE-2015-0969,0.00825,0.80124
CVE-2015-0970,0.00114,0.44893
CVE-2015-0971,0.00304,0.66627
CVE-2015-0972,0.00448,0.72451
CVE-2015-0973,0.01433,0.85243
CVE-2015-0974,0.00042,0.05722
CVE-2015-0976,0.00337,0.68414
CVE-2015-0977,0.00410,0.71265
CVE-2015-0978,0.00060,0.23545
CVE-2015-0979,0.01746,0.86654
CVE-2015-0980,0.00795,0.79778
CVE-2015-0981,0.00542,0.74965
CVE-2015-0982,0.25061,0.96257
CVE-2015-0984,0.01518,0.85697
CVE-2015-0985,0.00121,0.46253
CVE-2015-0986,0.29381,0.96498
CVE-2015-0987,0.00260,0.63808
CVE-2015-0988,0.00042,0.00438
CVE-2015-0989,0.00262,0.63969
CVE-2015-0990,0.00042,0.00438
CVE-2015-0991,0.00593,0.76084
CVE-2015-0992,0.00042,0.00438
CVE-2015-0993,0.00231,0.61316
CVE-2015-0994,0.00081,0.33790
CVE-2015-0995,0.00223,0.60709
CVE-2015-0996,0.00045,0.12183
CVE-2015-0997,0.00378,0.70150
CVE-2015-0998,0.00215,0.59538
CVE-2015-0999,0.00045,0.12183
CVE-2015-1000,0.20847,0.95985
CVE-2015-1000000,0.00926,0.81293
CVE-2015-1000001,0.00726,0.78698
CVE-2015-1000002,0.00093,0.39194
CVE-2015-1000003,0.00194,0.57293
CVE-2015-1000004,0.00098,0.40319
CVE-2015-1000005,0.05243,0.92293
CVE-2015-1000006,0.01077,0.82762
CVE-2015-1000007,0.00802,0.79863
CVE-2015-1000008,0.00086,0.35737
CVE-2015-1000009,0.00124,0.46774
CVE-2015-1000010,0.03171,0.90194
CVE-2015-1000011,0.00194,0.57293
CVE-2015-1000012,0.00773,0.79429
CVE-2015-1000013,0.00254,0.63439
CVE-2015-10001,0.00068,0.28323
CVE-2015-10002,0.00042,0.05722
CVE-2015-10003,0.00050,0.16813
CVE-2015-10004,0.00107,0.43137
CVE-2015-10005,0.00117,0.45524
CVE-2015-10006,0.00063,0.25093
CVE-2015-10007,0.00058,0.22667
CVE-2015-10008,0.00132,0.48219
CVE-2015-10009,0.00204,0.58378
CVE-2015-1001,0.01299,0.84469
CVE-2015-10010,0.00058,0.22667
CVE-2015-10011,0.00132,0.48219
CVE-2015-10012,0.00626,0.76789
CVE-2015-10013,0.00067,0.27812
CVE-2015-10014,0.00132,0.48219
CVE-2015-10015,0.00121,0.46269
CVE-2015-10016,0.00132,0.48219
CVE-2015-10017,0.00132,0.48219
CVE-2015-10018,0.00121,0.46269
CVE-2015-10019,0.00126,0.47216
CVE-2015-1002,0.00525,0.74547
CVE-2015-10020,0.00132,0.48219
CVE-2015-10021,0.00067,0.27812
CVE-2015-10022,0.00132,0.48219
CVE-2015-10023,0.00132,0.48219
CVE-2015-10024,0.00132,0.48219
CVE-2015-10025,0.00078,0.32246
CVE-2015-10026,0.00132,0.48219
CVE-2015-10027,0.00118,0.45809
CVE-2015-10028,0.00067,0.27812
CVE-2015-10029,0.00127,0.47343
CVE-2015-1003,0.00499,0.73855
CVE-2015-10030,0.00074,0.30651
CVE-2015-10031,0.00132,0.48219
CVE-2015-10032,0.00126,0.47216
CVE-2015-10033,0.00079,0.33080
CVE-2015-10034,0.00137,0.49065
CVE-2015-10035,0.00132,0.48219
CVE-2015-10036,0.00132,0.48219
CVE-2015-10037,0.00132,0.48219
CVE-2015-10038,0.00042,0.05722
CVE-2015-10039,0.00042,0.05722
CVE-2015-10040,0.00120,0.46143
CVE-2015-10041,0.00132,0.48219
CVE-2015-10042,0.00132,0.48219
CVE-2015-10043,0.00145,0.50420
CVE-2015-10044,0.00132,0.48219
CVE-2015-10045,0.00132,0.48219
CVE-2015-10046,0.00132,0.48219
CVE-2015-10047,0.00132,0.48219
CVE-2015-10048,0.00132,0.48219
CVE-2015-10049,0.00074,0.30651
CVE-2015-1005,0.00066,0.27252
CVE-2015-10050,0.00132,0.48219
CVE-2015-10051,0.00132,0.48219
CVE-2015-10052,0.00058,0.22667
CVE-2015-10053,0.00118,0.45809
CVE-2015-10054,0.00132,0.48219
CVE-2015-10055,0.00121,0.46269
CVE-2015-10056,0.00132,0.48219
CVE-2015-10057,0.00105,0.42534
CVE-2015-10058,0.00126,0.47216
CVE-2015-10059,0.00126,0.47216
CVE-2015-1006,0.00577,0.75719
CVE-2015-10060,0.00280,0.65188
CVE-2015-10061,0.00319,0.67556
CVE-2015-10062,0.03587,0.90756
CVE-2015-10063,0.00132,0.48219
CVE-2015-10064,0.00280,0.65188
CVE-2015-10065,0.00300,0.66451
CVE-2015-10066,0.00132,0.48219
CVE-2015-10067,0.00132,0.48219
CVE-2015-10068,0.00280,0.65188
CVE-2015-10069,0.00132,0.48219
CVE-2015-1007,0.00325,0.67818
CVE-2015-10070,0.00132,0.48219
CVE-2015-10071,0.00086,0.35645
CVE-2015-10072,0.00060,0.23267
CVE-2015-10073,0.00073,0.30165
CVE-2015-10074,0.00060,0.23296
CVE-2015-10075,0.00056,0.21168
CVE-2015-10076,0.00068,0.27984
CVE-2015-10077,0.00068,0.27984
CVE-2015-10078,0.00060,0.23296
CVE-2015-10079,0.00060,0.23296
CVE-2015-1008,0.00134,0.48573
CVE-2015-10080,0.00060,0.23296
CVE-2015-10081,0.00053,0.18899
CVE-2015-10082,0.00073,0.30322
CVE-2015-10083,0.00369,0.69824
CVE-2015-10084,0.00347,0.68839
CVE-2015-10085,0.00065,0.27015
CVE-2015-10086,0.00073,0.30322
CVE-2015-10087,0.00277,0.64994
CVE-2015-10088,0.00073,0.30165
CVE-2015-10089,0.00060,0.23296
CVE-2015-1009,0.00043,0.05916
CVE-2015-10090,0.00127,0.47350
CVE-2015-10091,0.00081,0.33545
CVE-2015-10092,0.00052,0.17638
CVE-2015-10093,0.00052,0.18012
CVE-2015-10094,0.00052,0.17638
CVE-2015-10095,0.00110,0.44101
CVE-2015-10096,0.00051,0.17244
CVE-2015-10097,0.00063,0.25553
CVE-2015-10098,0.00052,0.17638
CVE-2015-10099,0.00063,0.25553
CVE-2015-1010,0.00042,0.00438
CVE-2015-10100,0.00058,0.22658
CVE-2015-10101,0.00064,0.26299
CVE-2015-10102,0.00052,0.17989
CVE-2015-10103,0.00042,0.05722
CVE-2015-10104,0.00052,0.17638
CVE-2015-10105,0.00076,0.31255
CVE-2015-10106,0.00057,0.21459
CVE-2015-10107,0.00077,0.31687
CVE-2015-10108,0.00054,0.19434
CVE-2015-10109,0.00054,0.19434
CVE-2015-1011,0.00122,0.46529
CVE-2015-10110,0.00052,0.17989
CVE-2015-10111,0.00063,0.25553
CVE-2015-10112,0.00052,0.17989
CVE-2015-10113,0.00052,0.17989
CVE-2015-10114,0.00052,0.17989
CVE-2015-10115,0.00052,0.17989
CVE-2015-10116,0.00206,0.58580
CVE-2015-10117,0.00077,0.32060
CVE-2015-10118,0.00052,0.17989
CVE-2015-10119,0.00077,0.31687
CVE-2015-1012,0.00162,0.52844
CVE-2015-10120,0.00052,0.17989
CVE-2015-10121,0.00077,0.31687
CVE-2015-10122,0.00063,0.25553
CVE-2015-10124,0.00063,0.25553
CVE-2015-10125,0.00054,0.19434
CVE-2015-10126,0.00063,0.25553
CVE-2015-10127,0.00052,0.17989
CVE-2015-10128,0.00052,0.17989
CVE-2015-1013,0.00242,0.62224
CVE-2015-1014,0.00042,0.00438
CVE-2015-1015,0.00042,0.00438
CVE-2015-1026,0.00202,0.58258
CVE-2015-1027,0.00152,0.51472
CVE-2015-1028,0.07853,0.93636
CVE-2015-1029,0.00176,0.54832
CVE-2015-1030,0.00728,0.78739
CVE-2015-1031,0.00651,0.77286
CVE-2015-1032,0.00290,0.65829
CVE-2015-1038,0.02446,0.88956
CVE-2015-1039,0.00290,0.65829
CVE-2015-1040,0.04036,0.91236
CVE-2015-1041,0.00379,0.70174
CVE-2015-1042,0.00828,0.80158
CVE-2015-1043,0.00183,0.55680
CVE-2015-1044,0.00205,0.58486
CVE-2015-1047,0.02214,0.88384
CVE-2015-1048,0.00145,0.50430
CVE-2015-1049,0.00403,0.71035
CVE-2015-1050,0.00467,0.72962
CVE-2015-1051,0.00220,0.60177
CVE-2015-1052,0.02472,0.89007
CVE-2015-1053,0.00744,0.78963
CVE-2015-1054,0.00360,0.69420
CVE-2015-1055,0.00169,0.53820
CVE-2015-1056,0.00290,0.65829
CVE-2015-1057,0.00213,0.59282
CVE-2015-1058,0.01092,0.82873
CVE-2015-1059,0.00795,0.79770
CVE-2015-1060,0.01042,0.82426
CVE-2015-1061,0.00404,0.71066
CVE-2015-1062,0.00244,0.62390
CVE-2015-1063,0.00614,0.76534
CVE-2015-1064,0.00100,0.40813
CVE-2015-1065,0.00357,0.69284
CVE-2015-1066,0.00588,0.75984
CVE-2015-1067,0.80412,0.98061
CVE-2015-1068,0.00778,0.79508
CVE-2015-1069,0.02304,0.88620
CVE-2015-1070,0.00778,0.79508
CVE-2015-1071,0.01101,0.82949
CVE-2015-1072,0.00778,0.79508
CVE-2015-1073,0.00778,0.79508
CVE-2015-1074,0.00778,0.79508
CVE-2015-1075,0.00938,0.81404
CVE-2015-1076,0.01101,0.82949
CVE-2015-1077,0.00778,0.79508
CVE-2015-1078,0.00778,0.79508
CVE-2015-1079,0.00778,0.79508
CVE-2015-1080,0.00778,0.79508
CVE-2015-1081,0.01101,0.82949
CVE-2015-1082,0.00778,0.79508
CVE-2015-1083,0.01101,0.82949
CVE-2015-1084,0.00401,0.71006
CVE-2015-1085,0.00118,0.45721
CVE-2015-1086,0.00537,0.74852
CVE-2015-1087,0.00118,0.45721
CVE-2015-1088,0.01026,0.82255
CVE-2015-1089,0.00381,0.70272
CVE-2015-1090,0.00223,0.60682
CVE-2015-1091,0.00338,0.68466
CVE-2015-1092,0.00592,0.76066
CVE-2015-1093,0.01368,0.84903
CVE-2015-1094,0.00182,0.55593
CVE-2015-1095,0.00103,0.41598
CVE-2015-1096,0.00185,0.55847
CVE-2015-1097,0.00161,0.52783
CVE-2015-1098,0.00537,0.74847
CVE-2015-1099,0.00062,0.24773
CVE-2015-1100,0.00515,0.74277
CVE-2015-1101,0.00530,0.74672
CVE-2015-1102,0.19682,0.95890
CVE-2015-1103,0.07347,0.93451
CVE-2015-1104,0.01017,0.82192
CVE-2015-1105,0.36288,0.96786
CVE-2015-1106,0.00118,0.45721
CVE-2015-1107,0.00111,0.44158
CVE-2015-1108,0.00118,0.45721
CVE-2015-1109,0.00118,0.45721
CVE-2015-1110,0.00596,0.76128
CVE-2015-1111,0.00223,0.60682
CVE-2015-1112,0.00290,0.65831
CVE-2015-1113,0.00118,0.45721
CVE-2015-1114,0.00161,0.52783
CVE-2015-1115,0.00156,0.51995
CVE-2015-1116,0.00118,0.45721
CVE-2015-1117,0.00540,0.74924
CVE-2015-1118,0.01486,0.85496
CVE-2015-1119,0.01008,0.82110
CVE-2015-1120,0.01053,0.82511
CVE-2015-1121,0.01008,0.82110
CVE-2015-1122,0.01104,0.82966
CVE-2015-1123,0.01086,0.82829
CVE-2015-1124,0.01008,0.82110
CVE-2015-1125,0.00296,0.66224
CVE-2015-1126,0.94225,0.99022
CVE-2015-1127,0.00042,0.05722
CVE-2015-1128,0.00147,0.50703
CVE-2015-1129,0.00256,0.63538
CVE-2015-1130,0.00047,0.13922
CVE-2015-1131,0.00042,0.05722
CVE-2015-1132,0.00042,0.05722
CVE-2015-1133,0.00042,0.05722
CVE-2015-1134,0.00042,0.05722
CVE-2015-1135,0.00042,0.05722
CVE-2015-1136,0.04194,0.91404
CVE-2015-1137,0.00042,0.05722
CVE-2015-1138,0.00042,0.05722
CVE-2015-1139,0.01451,0.85337
CVE-2015-1140,0.00045,0.12491
CVE-2015-1141,0.00042,0.05722
CVE-2015-1142,0.00042,0.05722
CVE-2015-1142857,0.00214,0.59521
CVE-2015-1143,0.00042,0.05722
CVE-2015-1144,0.00042,0.05722
CVE-2015-1145,0.00042,0.05722
CVE-2015-1146,0.00042,0.05722
CVE-2015-1147,0.00432,0.71941
CVE-2015-1148,0.00223,0.60682
CVE-2015-1149,0.00394,0.70776
CVE-2015-1150,0.00268,0.64394
CVE-2015-1151,0.00291,0.65919
CVE-2015-1152,0.00712,0.78475
CVE-2015-1153,0.00744,0.78971
CVE-2015-1154,0.00826,0.80132
CVE-2015-1155,0.01148,0.83326
CVE-2015-1156,0.00350,0.68967
CVE-2015-1157,0.12641,0.94977
CVE-2015-1158,0.93688,0.98950
CVE-2015-1159,0.82307,0.98155
CVE-2015-1164,0.00348,0.68878
CVE-2015-1165,0.00393,0.70753
CVE-2015-1169,0.01892,0.87268
CVE-2015-1170,0.00042,0.05722
CVE-2015-1171,0.67232,0.97667
CVE-2015-1172,0.94182,0.99016
CVE-2015-1173,0.00572,0.75609
CVE-2015-1174,0.00463,0.72866
CVE-2015-1175,0.00290,0.65829
CVE-2015-1176,0.00467,0.72962
CVE-2015-1177,0.00199,0.57900
CVE-2015-1178,0.00193,0.57215
CVE-2015-1179,0.00155,0.51807
CVE-2015-1180,0.00155,0.51807
CVE-2015-1182,0.04166,0.91380
CVE-2015-1187,0.93621,0.98941
CVE-2015-1188,0.00418,0.71544
CVE-2015-1191,0.01152,0.83351
CVE-2015-1192,0.00467,0.72984
CVE-2015-1193,0.00279,0.65074
CVE-2015-1194,0.00199,0.57831
CVE-2015-1195,0.00680,0.77917
CVE-2015-1196,0.00300,0.66427
CVE-2015-1197,0.00043,0.07658
CVE-2015-1198,0.00120,0.46110
CVE-2015-1199,0.00115,0.45191
CVE-2015-1200,0.00042,0.05722
CVE-2015-1201,0.00334,0.68301
CVE-2015-1204,0.00193,0.57215
CVE-2015-1205,0.00605,0.76322
CVE-2015-1206,0.00378,0.70135
CVE-2015-1207,0.00511,0.74193
CVE-2015-1208,0.00227,0.61003
CVE-2015-1209,0.01998,0.87666
CVE-2015-1210,0.00441,0.72273
CVE-2015-1211,0.00890,0.80885
CVE-2015-1212,0.00527,0.74577
CVE-2015-1213,0.01888,0.87258
CVE-2015-1214,0.02291,0.88591
CVE-2015-1215,0.01401,0.85076
CVE-2015-1216,0.01606,0.86121
CVE-2015-1217,0.01046,0.82458
CVE-2015-1218,0.01606,0.86121
CVE-2015-1219,0.01039,0.82400
CVE-2015-1220,0.01852,0.87096
CVE-2015-1221,0.01119,0.83082
CVE-2015-1222,0.00961,0.81659
CVE-2015-1223,0.01606,0.86121
CVE-2015-1224,0.02077,0.87944
CVE-2015-1225,0.01247,0.84107
CVE-2015-1226,0.00418,0.71536
CVE-2015-1227,0.02826,0.89686
CVE-2015-1228,0.01891,0.87264
CVE-2015-1229,0.00236,0.61779
CVE-2015-1230,0.04354,0.91545
CVE-2015-1231,0.00605,0.76322
CVE-2015-1232,0.00401,0.70995
CVE-2015-1233,0.06349,0.92981
CVE-2015-1234,0.06247,0.92923
CVE-2015-1235,0.00747,0.79008
CVE-2015-1236,0.00573,0.75621
CVE-2015-1237,0.02092,0.87998
CVE-2015-1238,0.02369,0.88776
CVE-2015-1239,0.00546,0.75056
CVE-2015-1240,0.01609,0.86131
CVE-2015-1241,0.00255,0.63459
CVE-2015-1242,0.02092,0.87998
CVE-2015-1243,0.02092,0.87998
CVE-2015-1244,0.00599,0.76189
CVE-2015-1245,0.01420,0.85162
CVE-2015-1246,0.04379,0.91567
CVE-2015-1247,0.00601,0.76218
CVE-2015-1248,0.00749,0.79042
CVE-2015-1249,0.00638,0.76997
CVE-2015-1250,0.00741,0.78923
CVE-2015-1251,0.06397,0.93009
CVE-2015-1252,0.02369,0.88776
CVE-2015-1253,0.01549,0.85840
CVE-2015-1254,0.00459,0.72758
CVE-2015-1255,0.01420,0.85162
CVE-2015-1256,0.06702,0.93177
CVE-2015-1257,0.02092,0.87998
CVE-2015-1258,0.02111,0.88045
CVE-2015-1259,0.01297,0.84459
CVE-2015-1260,0.01230,0.83992
CVE-2015-1261,0.00365,0.69624
CVE-2015-1262,0.01297,0.84459
CVE-2015-1263,0.00206,0.58604
CVE-2015-1264,0.00229,0.61200
CVE-2015-1265,0.02414,0.88878
CVE-2015-1266,0.00384,0.70387
CVE-2015-1267,0.00406,0.71148
CVE-2015-1268,0.00527,0.74605
CVE-2015-1269,0.00625,0.76763
CVE-2015-1270,0.03818,0.91036
CVE-2015-1271,0.01938,0.87453
CVE-2015-1272,0.00943,0.81458
CVE-2015-1273,0.01938,0.87453
CVE-2015-1274,0.02458,0.88982
CVE-2015-1275,0.00239,0.62029
CVE-2015-1276,0.01070,0.82704
CVE-2015-1277,0.01823,0.86959
CVE-2015-1278,0.00445,0.72379
CVE-2015-1279,0.01492,0.85521
CVE-2015-1280,0.02066,0.87897
CVE-2015-1281,0.00651,0.77287
CVE-2015-1282,0.02380,0.88804
CVE-2015-1283,0.03228,0.90287
CVE-2015-1284,0.01116,0.83066
CVE-2015-1285,0.00371,0.69874
CVE-2015-1286,0.00353,0.69119
CVE-2015-1287,0.00352,0.69055
CVE-2015-1288,0.00290,0.65857
CVE-2015-1289,0.00638,0.76997
CVE-2015-1290,0.01675,0.86380
CVE-2015-1291,0.01458,0.85385
CVE-2015-1292,0.00450,0.72523
CVE-2015-1293,0.01126,0.83159
CVE-2015-1294,0.01861,0.87128
CVE-2015-1295,0.01115,0.83064
CVE-2015-1296,0.00610,0.76424
CVE-2015-1297,0.01134,0.83222
CVE-2015-1298,0.00534,0.74777
CVE-2015-1299,0.01642,0.86270
CVE-2015-1300,0.00521,0.74412
CVE-2015-1301,0.00595,0.76120
CVE-2015-1302,0.01331,0.84643
CVE-2015-1303,0.01305,0.84506
CVE-2015-1304,0.01382,0.84974
CVE-2015-1305,0.00061,0.23986
CVE-2015-1306,0.00531,0.74680
CVE-2015-1307,0.00282,0.65331
CVE-2015-1308,0.00323,0.67717
CVE-2015-1309,0.00395,0.70812
CVE-2015-1310,0.00184,0.55747
CVE-2015-1311,0.00602,0.76242
CVE-2015-1312,0.00728,0.78733
CVE-2015-1313,0.00046,0.13740
CVE-2015-1314,0.00116,0.45359
CVE-2015-1315,0.06330,0.92969
CVE-2015-1316,0.00168,0.53801
CVE-2015-1317,0.01750,0.86668
CVE-2015-1318,0.00063,0.25787
CVE-2015-1319,0.00044,0.10161
CVE-2015-1320,0.00222,0.60556
CVE-2015-1321,0.00845,0.80375
CVE-2015-1322,0.00044,0.07794
CVE-2015-1323,0.00042,0.05722
CVE-2015-1324,0.00042,0.05722
CVE-2015-1325,0.00045,0.12509
CVE-2015-1326,0.00199,0.57916
CVE-2015-1327,0.00063,0.25378
CVE-2015-1328,0.00062,0.24515
CVE-2015-1329,0.01749,0.86666
CVE-2015-1330,0.00154,0.51712
CVE-2015-1331,0.00042,0.05722
CVE-2015-1332,0.02559,0.89168
CVE-2015-1333,0.00044,0.08000
CVE-2015-1334,0.00065,0.27132
CVE-2015-1335,0.00064,0.26441
CVE-2015-1336,0.00062,0.24874
CVE-2015-1337,0.00633,0.76902
CVE-2015-1338,0.00045,0.12509
CVE-2015-1339,0.00115,0.45029
CVE-2015-1340,0.00222,0.60556
CVE-2015-1341,0.00044,0.10161
CVE-2015-1342,0.00042,0.05722
CVE-2015-1343,0.00084,0.34791
CVE-2015-1344,0.00042,0.05722
CVE-2015-1345,0.00042,0.05722
CVE-2015-1346,0.00554,0.75236
CVE-2015-1347,0.00140,0.49569
CVE-2015-1348,0.00264,0.64179
CVE-2015-1349,0.06947,0.93297
CVE-2015-1350,0.00042,0.05722
CVE-2015-1351,0.14532,0.95269
CVE-2015-1352,0.18916,0.95813
CVE-2015-1355,0.00042,0.05722
CVE-2015-1356,0.00473,0.73136
CVE-2015-1357,0.00154,0.51710
CVE-2015-1358,0.00351,0.69025
CVE-2015-1359,0.01019,0.82207
CVE-2015-1360,0.00801,0.79836
CVE-2015-1361,0.00989,0.81950
CVE-2015-1362,0.21471,0.96027
CVE-2015-1363,0.00297,0.66282
CVE-2015-1364,0.00120,0.46062
CVE-2015-1365,0.01929,0.87426
CVE-2015-1366,0.00441,0.72247
CVE-2015-1367,0.00464,0.72873
CVE-2015-1368,0.00439,0.72202
CVE-2015-1369,0.00160,0.52661
CVE-2015-1370,0.00373,0.69943
CVE-2015-1371,0.01030,0.82287
CVE-2015-1372,0.00464,0.72873
CVE-2015-1373,0.01640,0.86260
CVE-2015-1374,0.00111,0.44115
CVE-2015-1375,0.18052,0.95727
CVE-2015-1376,0.91723,0.98723
CVE-2015-1377,0.00042,0.05722
CVE-2015-1378,0.00226,0.60904
CVE-2015-1379,0.00703,0.78299
CVE-2015-1380,0.01852,0.87091
CVE-2015-1381,0.06614,0.93137
CVE-2015-1382,0.03189,0.90224
CVE-2015-1383,0.00192,0.57132
CVE-2015-1384,0.00204,0.58403
CVE-2015-1385,0.00642,0.77089
CVE-2015-1386,0.00207,0.58725
CVE-2015-1388,0.00237,0.61871
CVE-2015-1389,0.00624,0.76750
CVE-2015-1390,0.00045,0.12348
CVE-2015-1391,0.00058,0.21913
CVE-2015-1392,0.00087,0.35903
CVE-2015-1393,0.00109,0.43807
CVE-2015-1394,0.00174,0.54588
CVE-2015-1395,0.00285,0.65494
CVE-2015-1396,0.02825,0.89681
CVE-2015-1397,0.95966,0.99354
CVE-2015-1398,0.86319,0.98349
CVE-2015-1399,0.68098,0.97691
CVE-2015-1400,0.00128,0.47431
CVE-2015-1401,0.00390,0.70615
CVE-2015-1402,0.00220,0.60154
CVE-2015-1403,0.00141,0.49813
CVE-2015-1404,0.00220,0.60154
CVE-2015-1405,0.00141,0.49813
CVE-2015-1414,0.04072,0.91290
CVE-2015-1415,0.00042,0.05722
CVE-2015-1416,0.00665,0.77593
CVE-2015-1417,0.00419,0.71569
CVE-2015-1418,0.00795,0.79784
CVE-2015-1419,0.00312,0.67092
CVE-2015-1420,0.00044,0.08000
CVE-2015-1421,0.06067,0.92805
CVE-2015-1422,0.01109,0.83014
CVE-2015-1423,0.00478,0.73287
CVE-2015-1424,0.00997,0.82022
CVE-2015-1425,0.00209,0.58884
CVE-2015-1426,0.00042,0.05722
CVE-2015-1427,0.85949,0.98323
CVE-2015-1428,0.03413,0.90555
CVE-2015-1429,0.00322,0.67673
CVE-2015-1430,0.00308,0.66926
CVE-2015-1431,0.00287,0.65648
CVE-2015-1432,0.00335,0.68338
CVE-2015-1433,0.00489,0.73622
CVE-2015-1434,0.01557,0.85881
CVE-2015-1435,0.00292,0.65937
CVE-2015-1436,0.00149,0.50918
CVE-2015-1437,0.00248,0.62814
CVE-2015-1438,0.00105,0.42433
CVE-2015-1441,0.00329,0.68048
CVE-2015-1442,0.02159,0.88234
CVE-2015-1443,0.00827,0.80150
CVE-2015-1444,0.00142,0.49984
CVE-2015-1445,0.00218,0.59849
CVE-2015-1448,0.00517,0.74329
CVE-2015-1449,0.03313,0.90413
CVE-2015-1450,0.00184,0.55767
CVE-2015-1451,0.00182,0.55574
CVE-2015-1452,0.01073,0.82722
CVE-2015-1453,0.00165,0.53191
CVE-2015-1454,0.00052,0.17675
CVE-2015-1455,0.00749,0.79039
CVE-2015-1456,0.00132,0.48240
CVE-2015-1457,0.00042,0.05722
CVE-2015-1458,0.00042,0.05722
CVE-2015-1459,0.00642,0.77089
CVE-2015-1460,0.00517,0.74329
CVE-2015-1461,0.02042,0.87827
CVE-2015-1462,0.02042,0.87827
CVE-2015-1463,0.02345,0.88717
CVE-2015-1464,0.00358,0.69347
CVE-2015-1465,0.11581,0.94784
CVE-2015-1467,0.00149,0.50968
CVE-2015-1469,0.00206,0.58579
CVE-2015-1471,0.00287,0.65614
CVE-2015-1472,0.01309,0.84525
CVE-2015-1473,0.00336,0.68375
CVE-2015-1474,0.01146,0.83309
CVE-2015-1475,0.00220,0.60154
CVE-2015-1476,0.00104,0.42336
CVE-2015-1477,0.00160,0.52661
CVE-2015-1478,0.00262,0.63953
CVE-2015-1479,0.00132,0.48095
CVE-2015-1480,0.80109,0.98054
CVE-2015-1481,0.00773,0.79419
CVE-2015-1482,0.00867,0.80609
CVE-2015-1483,0.00694,0.78149
CVE-2015-1484,0.00043,0.07360
CVE-2015-1485,0.00121,0.46233
CVE-2015-1486,0.61621,0.97543
CVE-2015-1487,0.72547,0.97822
CVE-2015-1488,0.00097,0.40265
CVE-2015-1489,0.40569,0.96946
CVE-2015-1490,0.00104,0.42040
CVE-2015-1491,0.00118,0.45757
CVE-2015-1492,0.00043,0.07360
CVE-2015-1493,0.00177,0.54884
CVE-2015-1494,0.00526,0.74568
CVE-2015-1495,0.77235,0.97961
CVE-2015-1496,0.00045,0.12491
CVE-2015-1497,0.94665,0.99097
CVE-2015-1498,0.73786,0.97867
CVE-2015-1499,0.03033,0.89986
CVE-2015-1500,0.93211,0.98891
CVE-2015-1501,0.40929,0.96961
CVE-2015-1503,0.90421,0.98600
CVE-2015-1512,0.00262,0.63953
CVE-2015-1513,0.00184,0.55710
CVE-2015-1514,0.00189,0.56478
CVE-2015-1515,0.00061,0.23986
CVE-2015-1516,0.00075,0.30842
CVE-2015-1517,0.00210,0.59021
CVE-2015-1518,0.00198,0.57773
CVE-2015-1521,0.00258,0.63619
CVE-2015-1522,0.00258,0.63619
CVE-2015-1525,0.00049,0.15848
CVE-2015-1526,0.00095,0.39488
CVE-2015-1527,0.00042,0.05722
CVE-2015-1528,0.00087,0.35981
CVE-2015-1529,0.00170,0.54081
CVE-2015-1530,0.00049,0.15807
CVE-2015-1536,0.00058,0.22009
CVE-2015-1537,0.00436,0.72102
CVE-2015-1538,0.95641,0.99287
CVE-2015-1539,0.51386,0.97277
CVE-2015-1541,0.00076,0.31402
CVE-2015-1545,0.96144,0.99395
CVE-2015-1546,0.02843,0.89717
CVE-2015-1547,0.04363,0.91551
CVE-2015-1548,0.00654,0.77330
CVE-2015-1550,0.00089,0.37443
CVE-2015-1551,0.00068,0.28063
CVE-2015-1554,0.00194,0.57291
CVE-2015-1555,0.00296,0.66185
CVE-2015-1558,0.00705,0.78317
CVE-2015-1559,0.01368,0.84905
CVE-2015-1560,0.00319,0.67505
CVE-2015-1561,0.01092,0.82872
CVE-2015-1562,0.01640,0.86260
CVE-2015-1563,0.00062,0.24773
CVE-2015-1564,0.00155,0.51807
CVE-2015-1565,0.00192,0.57132
CVE-2015-1566,0.00135,0.48865
CVE-2015-1567,0.00192,0.57132
CVE-2015-1568,0.00159,0.52409
CVE-2015-1569,0.00054,0.19333
CVE-2015-1570,0.00054,0.19333
CVE-2015-1571,0.00060,0.23629
CVE-2015-1572,0.00044,0.08043
CVE-2015-1573,0.00042,0.05722
CVE-2015-1574,0.02823,0.89680
CVE-2015-1575,0.00197,0.57626
CVE-2015-1576,0.00112,0.44485
CVE-2015-1577,0.08004,0.93703
CVE-2015-1578,0.00242,0.62297
CVE-2015-1579,0.82302,0.98154
CVE-2015-1580,0.03233,0.90302
CVE-2015-1581,0.03233,0.90302
CVE-2015-1582,0.00155,0.51807
CVE-2015-1583,0.01057,0.82550
CVE-2015-1585,0.00407,0.71193
CVE-2015-1587,0.87801,0.98429
CVE-2015-1588,0.00167,0.53521
CVE-2015-1589,0.00467,0.72984
CVE-2015-1590,0.00062,0.24773
CVE-2015-1591,0.00042,0.05722
CVE-2015-1592,0.85547,0.98304
CVE-2015-1593,0.00997,0.82025
CVE-2015-1594,0.00042,0.05722
CVE-2015-1595,0.00081,0.33762
CVE-2015-1596,0.00061,0.23853
CVE-2015-1597,0.00104,0.41995
CVE-2015-1598,0.00044,0.10161
CVE-2015-1599,0.00044,0.10161
CVE-2015-1600,0.00236,0.61771
CVE-2015-1601,0.00135,0.48812
CVE-2015-1602,0.00042,0.05722
CVE-2015-1603,0.00305,0.66693
CVE-2015-1604,0.01479,0.85461
CVE-2015-1605,0.96313,0.99444
CVE-2015-1606,0.00389,0.70535
CVE-2015-1607,0.00432,0.71936
CVE-2015-1608,0.00092,0.38680
CVE-2015-1609,0.02236,0.88450
CVE-2015-1610,0.00212,0.59197
CVE-2015-1611,0.00288,0.65682
CVE-2015-1612,0.00338,0.68475
CVE-2015-1613,0.00086,0.35594
CVE-2015-1614,0.00134,0.48610
CVE-2015-1616,0.00096,0.39937
CVE-2015-1617,0.00068,0.28383
CVE-2015-1618,0.00125,0.46911
CVE-2015-1619,0.00068,0.28383
CVE-2015-1621,0.00089,0.37616
CVE-2015-1622,0.40239,0.96935
CVE-2015-1623,0.64936,0.97615
CVE-2015-1624,0.64936,0.97615
CVE-2015-1625,0.16815,0.95574
CVE-2015-1626,0.64936,0.97615
CVE-2015-1627,0.00214,0.59508
CVE-2015-1628,0.04386,0.91572
CVE-2015-1629,0.03290,0.90378
CVE-2015-1630,0.03290,0.90378
CVE-2015-1631,0.01176,0.83573
CVE-2015-1632,0.01780,0.86765
CVE-2015-1633,0.00376,0.70056
CVE-2015-1634,0.47354,0.97157
CVE-2015-1635,0.97544,0.99996
CVE-2015-1636,0.00376,0.70056
CVE-2015-1637,0.96341,0.99456
CVE-2015-1638,0.01018,0.82200
CVE-2015-1639,0.04386,0.91572
CVE-2015-1640,0.14981,0.95333
CVE-2015-1641,0.95917,0.99343
CVE-2015-1642,0.96139,0.99394
CVE-2015-1643,0.00045,0.12497
CVE-2015-1644,0.00045,0.12497
CVE-2015-1645,0.75387,0.97906
CVE-2015-1646,0.76742,0.97945
CVE-2015-1647,0.00043,0.07315
CVE-2015-1648,0.93620,0.98940
CVE-2015-1649,0.87838,0.98429
CVE-2015-1650,0.93214,0.98896
CVE-2015-1651,0.36593,0.96800
CVE-2015-1652,0.64936,0.97615
CVE-2015-1653,0.14981,0.95333
CVE-2015-1657,0.61527,0.97541
CVE-2015-1658,0.14429,0.95255
CVE-2015-1659,0.18883,0.95812
CVE-2015-1660,0.23211,0.96140
CVE-2015-1661,0.02072,0.87928
CVE-2015-1662,0.61527,0.97541
CVE-2015-1665,0.64936,0.97615
CVE-2015-1666,0.23211,0.96140
CVE-2015-1667,0.23211,0.96140
CVE-2015-1668,0.64936,0.97615
CVE-2015-1670,0.02155,0.88226
CVE-2015-1671,0.32872,0.96646
CVE-2015-1672,0.00394,0.70781
CVE-2015-1673,0.16904,0.95588
CVE-2015-1674,0.00164,0.53084
CVE-2015-1675,0.17499,0.95672
CVE-2015-1676,0.00055,0.20669
CVE-2015-1677,0.00055,0.20669
CVE-2015-1678,0.00055,0.20669
CVE-2015-1679,0.00055,0.20669
CVE-2015-1680,0.00055,0.20669
CVE-2015-1681,0.00141,0.49733
CVE-2015-1682,0.94253,0.99023
CVE-2015-1683,0.20503,0.95958
CVE-2015-1684,0.92745,0.98846
CVE-2015-1685,0.14510,0.95267
CVE-2015-1686,0.79943,0.98049
CVE-2015-1687,0.31380,0.96590
CVE-2015-1688,0.01174,0.83546
CVE-2015-1689,0.40921,0.96960
CVE-2015-1691,0.40921,0.96960
CVE-2015-1692,0.25137,0.96265
CVE-2015-1694,0.40921,0.96960
CVE-2015-1695,0.17499,0.95672
CVE-2015-1696,0.13254,0.95077
CVE-2015-1697,0.13254,0.95077
CVE-2015-1698,0.13254,0.95077
CVE-2015-1699,0.17499,0.95672
CVE-2015-1700,0.01887,0.87253
CVE-2015-1701,0.00533,0.74723
CVE-2015-1702,0.00563,0.75375
CVE-2015-1703,0.01174,0.83546
CVE-2015-1704,0.01174,0.83546
CVE-2015-1705,0.40921,0.96960
CVE-2015-1706,0.43650,0.97043
CVE-2015-1708,0.40921,0.96960
CVE-2015-1709,0.43650,0.97043
CVE-2015-1710,0.40921,0.96960
CVE-2015-1711,0.40921,0.96960
CVE-2015-1712,0.40921,0.96960
CVE-2015-1713,0.01174,0.83546
CVE-2015-1714,0.43650,0.97043
CVE-2015-1715,0.01040,0.82410
CVE-2015-1716,0.01402,0.85077
CVE-2015-1717,0.43650,0.97043
CVE-2015-1718,0.40921,0.96960
CVE-2015-1719,0.00058,0.22795
CVE-2015-1720,0.00053,0.18878
CVE-2015-1721,0.00042,0.00438
CVE-2015-1722,0.00047,0.13923
CVE-2015-1723,0.00042,0.00438
CVE-2015-1724,0.00042,0.00438
CVE-2015-1725,0.00064,0.26396
CVE-2015-1726,0.00042,0.00438
CVE-2015-1727,0.00050,0.16813
CVE-2015-1728,0.14183,0.95226
CVE-2015-1729,0.04977,0.92087
CVE-2015-1730,0.88731,0.98484
CVE-2015-1731,0.40147,0.96932
CVE-2015-1732,0.40147,0.96932
CVE-2015-1733,0.46242,0.97123
CVE-2015-1735,0.61056,0.97520
CVE-2015-1736,0.87745,0.98426
CVE-2015-1737,0.30154,0.96536
CVE-2015-1738,0.46242,0.97123
CVE-2015-1739,0.01837,0.87035
CVE-2015-1740,0.30154,0.96536
CVE-2015-1741,0.30154,0.96536
CVE-2015-1742,0.30154,0.96536
CVE-2015-1743,0.01837,0.87035
CVE-2015-1744,0.30154,0.96536
CVE-2015-1745,0.87745,0.98426
CVE-2015-1747,0.87745,0.98426
CVE-2015-1748,0.01837,0.87035
CVE-2015-1750,0.16873,0.95586
CVE-2015-1751,0.14051,0.95202
CVE-2015-1752,0.30154,0.96536
CVE-2015-1753,0.30154,0.96536
CVE-2015-1754,0.30154,0.96536
CVE-2015-1755,0.04306,0.91506
CVE-2015-1756,0.11268,0.94711
CVE-2015-1757,0.04252,0.91453
CVE-2015-1758,0.00048,0.14230
CVE-2015-1759,0.32239,0.96624
CVE-2015-1760,0.32239,0.96624
CVE-2015-1761,0.01386,0.84996
CVE-2015-1762,0.01038,0.82381
CVE-2015-1763,0.01829,0.86983
CVE-2015-1764,0.00426,0.71781
CVE-2015-1765,0.08434,0.93841
CVE-2015-1766,0.30154,0.96536
CVE-2015-1767,0.41631,0.96982
CVE-2015-1768,0.00043,0.07315
CVE-2015-1769,0.00167,0.53412
CVE-2015-1770,0.34012,0.96699
CVE-2015-1771,0.00389,0.70590
CVE-2015-1772,0.00216,0.59677
CVE-2015-1773,0.04230,0.91435
CVE-2015-1774,0.01677,0.86392
CVE-2015-1775,0.00258,0.63607
CVE-2015-1776,0.00053,0.18487
CVE-2015-1777,0.00159,0.52489
CVE-2015-1778,0.00495,0.73745
CVE-2015-1779,0.01101,0.82946
CVE-2015-1780,0.00076,0.31394
CVE-2015-1781,0.12299,0.94922
CVE-2015-1782,0.00611,0.76452
CVE-2015-1783,0.00777,0.79492
CVE-2015-1784,0.00098,0.40432
CVE-2015-1785,0.00069,0.28703
CVE-2015-1786,0.00071,0.29260
CVE-2015-1787,0.20803,0.95981
CVE-2015-1788,0.60842,0.97514
CVE-2015-1789,0.33154,0.96657
CVE-2015-1790,0.47699,0.97171
CVE-2015-1791,0.50411,0.97250
CVE-2015-1792,0.63414,0.97580
CVE-2015-1793,0.14147,0.95217
CVE-2015-1794,0.14672,0.95290
CVE-2015-1795,0.00042,0.05722
CVE-2015-1796,0.00376,0.70054
CVE-2015-1798,0.00802,0.79864
CVE-2015-1799,0.01071,0.82705
CVE-2015-1800,0.00093,0.39149
CVE-2015-1801,0.00156,0.52057
CVE-2015-1802,0.01368,0.84902
CVE-2015-1803,0.01560,0.85895
CVE-2015-1804,0.01493,0.85537
CVE-2015-1805,0.00044,0.08000
CVE-2015-1806,0.00534,0.74775
CVE-2015-1807,0.00157,0.52168
CVE-2015-1808,0.00501,0.73892
CVE-2015-1809,0.00273,0.64728
CVE-2015-1810,0.00265,0.64199
CVE-2015-1811,0.00328,0.67951
CVE-2015-1812,0.00220,0.60154
CVE-2015-1813,0.00220,0.60154
CVE-2015-1814,0.00543,0.74987
CVE-2015-1815,0.19789,0.95899
CVE-2015-1816,0.00093,0.39116
CVE-2015-1817,0.00230,0.61228
CVE-2015-1818,0.00631,0.76879
CVE-2015-1819,0.02489,0.89041
CVE-2015-1820,0.00642,0.77093
CVE-2015-1821,0.02746,0.89547
CVE-2015-1822,0.00862,0.80555
CVE-2015-1827,0.02345,0.88717
CVE-2015-1828,0.00155,0.51808
CVE-2015-1829,0.00303,0.66594
CVE-2015-1830,0.03300,0.90399
CVE-2015-1831,0.01190,0.83668
CVE-2015-1832,0.00531,0.74690
CVE-2015-1833,0.01844,0.87068
CVE-2015-1834,0.00103,0.41677
CVE-2015-1835,0.00058,0.22714
CVE-2015-1836,0.00639,0.77036
CVE-2015-1838,0.00062,0.24850
CVE-2015-1839,0.00066,0.27471
CVE-2015-1840,0.00620,0.76664
CVE-2015-1841,0.00042,0.05722
CVE-2015-1842,0.01720,0.86556
CVE-2015-1843,0.00082,0.34101
CVE-2015-1844,0.00189,0.56524
CVE-2015-1845,0.03739,0.90945
CVE-2015-1846,0.00723,0.78656
CVE-2015-1847,0.00320,0.67586
CVE-2015-1848,0.02583,0.89215
CVE-2015-1849,0.00198,0.57742
CVE-2015-1851,0.00241,0.62188
CVE-2015-1852,0.00381,0.70270
CVE-2015-1853,0.00142,0.49886
CVE-2015-1854,0.00329,0.68034
CVE-2015-1855,0.02020,0.87747
CVE-2015-1856,0.00398,0.70916
CVE-2015-1857,0.00175,0.54726
CVE-2015-1858,0.03319,0.90417
CVE-2015-1859,0.03319,0.90417
CVE-2015-1860,0.04168,0.91382
CVE-2015-1862,0.00049,0.14988
CVE-2015-1863,0.02959,0.89881
CVE-2015-1864,0.00152,0.51481
CVE-2015-1865,0.00042,0.05722
CVE-2015-1866,0.00128,0.47460
CVE-2015-1867,0.00979,0.81839
CVE-2015-1868,0.04545,0.91705
CVE-2015-1869,0.00042,0.05722
CVE-2015-1870,0.00042,0.05722
CVE-2015-1872,0.00626,0.76795
CVE-2015-1874,0.00485,0.73514
CVE-2015-1875,0.00129,0.47616
CVE-2015-1876,0.00654,0.77332
CVE-2015-1877,0.00858,0.80520
CVE-2015-1878,0.00069,0.28692
CVE-2015-1879,0.00193,0.57215
CVE-2015-1880,0.00201,0.58104
CVE-2015-1881,0.00733,0.78822
CVE-2015-1882,0.00678,0.77879
CVE-2015-1883,0.00187,0.56237
CVE-2015-1884,0.00142,0.49944
CVE-2015-1885,0.00845,0.80371
CVE-2015-1886,0.00595,0.76113
CVE-2015-1887,0.00213,0.59278
CVE-2015-1888,0.00063,0.25667
CVE-2015-1889,0.00221,0.60329
CVE-2015-1890,0.00079,0.33036
CVE-2015-1892,0.00230,0.61266
CVE-2015-1893,0.00478,0.73306
CVE-2015-1894,0.00105,0.42528
CVE-2015-1895,0.00140,0.49585
CVE-2015-1896,0.84924,0.98276
CVE-2015-1897,0.00042,0.05722
CVE-2015-1898,0.00042,0.05722
CVE-2015-1899,0.00240,0.62152
CVE-2015-1900,0.00042,0.05722
CVE-2015-1901,0.00042,0.05722
CVE-2015-1902,0.88952,0.98499
CVE-2015-1903,0.88952,0.98499
CVE-2015-1904,0.00099,0.40739
CVE-2015-1905,0.00106,0.42913
CVE-2015-1906,0.00083,0.34253
CVE-2015-1907,0.00111,0.44120
CVE-2015-1908,0.00191,0.56743
CVE-2015-1909,0.00206,0.58647
CVE-2015-1910,0.00063,0.25667
CVE-2015-1911,0.00132,0.48261
CVE-2015-1913,0.00268,0.64405
CVE-2015-1914,0.00786,0.79602
CVE-2015-1915,0.00289,0.65807
CVE-2015-1916,0.00347,0.68835
CVE-2015-1917,0.00191,0.56743
CVE-2015-1919,0.00125,0.46984
CVE-2015-1920,0.00595,0.76110
CVE-2015-1921,0.00147,0.50714
CVE-2015-1922,0.00166,0.53299
CVE-2015-1923,0.91526,0.98700
CVE-2015-1924,0.91526,0.98700
CVE-2015-1925,0.91526,0.98700
CVE-2015-1926,0.00110,0.44098
CVE-2015-1927,0.00893,0.80913
CVE-2015-1928,0.00140,0.49524
CVE-2015-1929,0.91526,0.98700
CVE-2015-1930,0.91526,0.98700
CVE-2015-1931,0.00042,0.05722
CVE-2015-1932,0.00311,0.67043
CVE-2015-1933,0.00265,0.64207
CVE-2015-1934,0.00163,0.53019
CVE-2015-1935,0.00382,0.70294
CVE-2015-1936,0.00499,0.73855
CVE-2015-1937,0.00763,0.79263
CVE-2015-1938,0.95426,0.99237
CVE-2015-1941,0.96144,0.99395
CVE-2015-1942,0.19080,0.95830
CVE-2015-1943,0.00617,0.76601
CVE-2015-1944,0.00088,0.37139
CVE-2015-1945,0.00221,0.60329
CVE-2015-1946,0.00042,0.05722
CVE-2015-1947,0.00094,0.39291
CVE-2015-1948,0.91526,0.98700
CVE-2015-1949,0.95426,0.99237
CVE-2015-1950,0.00110,0.44069
CVE-2015-1951,0.00044,0.10161
CVE-2015-1952,0.00061,0.23996
CVE-2015-1953,0.91526,0.98700
CVE-2015-1954,0.00924,0.81275
CVE-2015-1955,0.00228,0.61117
CVE-2015-1956,0.00228,0.61117
CVE-2015-1957,0.00091,0.38650
CVE-2015-1958,0.00228,0.61117
CVE-2015-1959,0.00042,0.05722
CVE-2015-1961,0.00307,0.66820
CVE-2015-1962,0.00924,0.81275
CVE-2015-1963,0.00924,0.81275
CVE-2015-1964,0.00924,0.81275
CVE-2015-1965,0.00924,0.81275
CVE-2015-1966,0.00260,0.63839
CVE-2015-1967,0.00120,0.46069
CVE-2015-1968,0.00063,0.25667
CVE-2015-1969,0.00083,0.34253
CVE-2015-1970,0.00044,0.10161
CVE-2015-1971,0.00183,0.55662
CVE-2015-1972,0.00159,0.52449
CVE-2015-1974,0.00187,0.56311
CVE-2015-1975,0.00042,0.05722
CVE-2015-1976,0.00044,0.10161
CVE-2015-1977,0.00277,0.64993
CVE-2015-1978,0.00099,0.40780
CVE-2015-1979,0.00063,0.25667
CVE-2015-1980,0.00079,0.33036
CVE-2015-1981,0.00090,0.37996
CVE-2015-1982,0.00079,0.33036
CVE-2015-1983,0.00063,0.25667
CVE-2015-1984,0.00070,0.29111
CVE-2015-1985,0.00042,0.05722
CVE-2015-1986,0.93091,0.98881
CVE-2015-1987,0.00228,0.61117
CVE-2015-1988,0.00063,0.25667
CVE-2015-1989,0.00104,0.42003
CVE-2015-1992,0.00042,0.05722
CVE-2015-1993,0.00175,0.54763
CVE-2015-1994,0.00175,0.54763
CVE-2015-1995,0.00131,0.47988
CVE-2015-1996,0.00044,0.10161
CVE-2015-1997,0.00111,0.44154
CVE-2015-1999,0.00175,0.54763
CVE-2015-2000,0.00506,0.74061
CVE-2015-20001,0.00111,0.44120
CVE-2015-2001,0.00506,0.74061
CVE-2015-20019,0.00062,0.24442
CVE-2015-2002,0.00506,0.74061
CVE-2015-2003,0.00506,0.74061
CVE-2015-2004,0.00506,0.74061
CVE-2015-2005,0.00162,0.52904
CVE-2015-20067,0.07226,0.93412
CVE-2015-2007,0.00068,0.27946
CVE-2015-2008,0.00090,0.37774
CVE-2015-2009,0.00071,0.29246
CVE-2015-20105,0.00273,0.64700
CVE-2015-20106,0.00058,0.22585
CVE-2015-20107,0.00141,0.49784
CVE-2015-20108,0.00105,0.42413
CVE-2015-20109,0.00044,0.10345
CVE-2015-2011,0.00160,0.52544
CVE-2015-20110,0.00060,0.23760
CVE-2015-2012,0.00070,0.29101
CVE-2015-2013,0.00347,0.68835
CVE-2015-2014,0.00142,0.49934
CVE-2015-2015,0.00132,0.48261
CVE-2015-2016,0.00214,0.59432
CVE-2015-2017,0.00205,0.58510
CVE-2015-2018,0.00079,0.33036
CVE-2015-2019,0.00051,0.17134
CVE-2015-2020,0.00540,0.74918
CVE-2015-2023,0.00042,0.05722
CVE-2015-2025,0.00289,0.65807
CVE-2015-2026,0.00107,0.43204
CVE-2015-2027,0.00137,0.49033
CVE-2015-2028,0.00191,0.56744
CVE-2015-2029,0.00238,0.61961
CVE-2015-2030,0.00289,0.65807
CVE-2015-2031,0.00082,0.34233
CVE-2015-2033,0.00455,0.72677
CVE-2015-2034,0.00567,0.75493
CVE-2015-2035,0.00311,0.67071
CVE-2015-2039,0.00134,0.48506
CVE-2015-2040,0.00155,0.51807
CVE-2015-2041,0.00044,0.08000
CVE-2015-2042,0.00044,0.08000
CVE-2015-2043,0.00140,0.49644
CVE-2015-2044,0.00060,0.23266
CVE-2015-2045,0.00062,0.24540
CVE-2015-2046,0.00098,0.40482
CVE-2015-2047,0.00658,0.77406
CVE-2015-2048,0.00113,0.44642
CVE-2015-2049,0.52655,0.97315
CVE-2015-2050,0.00304,0.66604
CVE-2015-2051,0.97160,0.99768
CVE-2015-2052,0.06462,0.93044
CVE-2015-2053,0.00296,0.66224
CVE-2015-2054,0.00205,0.58544
CVE-2015-2055,0.28876,0.96468
CVE-2015-2058,0.00356,0.69248
CVE-2015-2059,0.00930,0.81331
CVE-2015-2060,0.00380,0.70240
CVE-2015-2061,0.64464,0.97604
CVE-2015-2062,0.02564,0.89177
CVE-2015-2063,0.00875,0.80693
CVE-2015-2064,0.00220,0.60154
CVE-2015-2065,0.01198,0.83733
CVE-2015-2066,0.00141,0.49813
CVE-2015-2067,0.01003,0.82073
CVE-2015-2068,0.00146,0.50463
CVE-2015-2069,0.00290,0.65829
CVE-2015-2070,0.00464,0.72873
CVE-2015-2071,0.02132,0.88151
CVE-2015-2072,0.00340,0.68518
CVE-2015-2073,0.01289,0.84407
CVE-2015-2074,0.00825,0.80120
CVE-2015-2075,0.00249,0.62881
CVE-2015-2076,0.00377,0.70123
CVE-2015-2077,0.01034,0.82339
CVE-2015-2078,0.00220,0.60013
CVE-2015-2080,0.95465,0.99248
CVE-2015-2081,0.00651,0.77268
CVE-2015-2082,0.00184,0.55716
CVE-2015-2083,0.00158,0.52273
CVE-2015-2084,0.00554,0.75232
CVE-2015-2086,0.00089,0.37616
CVE-2015-2087,0.00324,0.67757
CVE-2015-2088,0.00192,0.57132
CVE-2015-2089,0.00158,0.52273
CVE-2015-2090,0.00395,0.70793
CVE-2015-2091,0.00133,0.48416
CVE-2015-2092,0.25052,0.96256
CVE-2015-2093,0.35255,0.96752
CVE-2015-2094,0.89790,0.98563
CVE-2015-2095,0.35255,0.96752
CVE-2015-2096,0.29062,0.96479
CVE-2015-2097,0.95247,0.99198
CVE-2015-2098,0.13911,0.95178
CVE-2015-2099,0.19673,0.95888
CVE-2015-2100,0.54384,0.97356
CVE-2015-2101,0.00135,0.48872
CVE-2015-2102,0.01584,0.86011
CVE-2015-2103,0.00155,0.51807
CVE-2015-2106,0.01668,0.86359
CVE-2015-2107,0.00042,0.05722
CVE-2015-2108,0.00173,0.54545
CVE-2015-2109,0.00912,0.81126
CVE-2015-2110,0.22747,0.96109
CVE-2015-2111,0.00042,0.05722
CVE-2015-2112,0.01344,0.84724
CVE-2015-2113,0.10707,0.94570
CVE-2015-2114,0.00912,0.81126
CVE-2015-2115,0.00093,0.39257
CVE-2015-2116,0.01004,0.82077
CVE-2015-2117,0.10826,0.94603
CVE-2015-2118,0.00115,0.45024
CVE-2015-2120,0.92333,0.98789
CVE-2015-2121,0.17052,0.95605
CVE-2015-2122,0.00938,0.81409
CVE-2015-2123,0.00365,0.69618
CVE-2015-2124,0.00042,0.05722
CVE-2015-2125,0.00848,0.80400
CVE-2015-2126,0.00042,0.05722
CVE-2015-2132,0.00042,0.05722
CVE-2015-2134,0.00143,0.50039
CVE-2015-2135,0.01402,0.85086
CVE-2015-2136,0.00098,0.40339
CVE-2015-2137,0.02676,0.89420
CVE-2015-2139,0.00104,0.42395
CVE-2015-2140,0.00168,0.53554
CVE-2015-2141,0.00361,0.69476
CVE-2015-2142,0.00101,0.41108
CVE-2015-2143,0.00098,0.40370
CVE-2015-2144,0.00056,0.20759
CVE-2015-2145,0.00065,0.26864
CVE-2015-2146,0.00136,0.48971
CVE-2015-2147,0.00093,0.39242
CVE-2015-2148,0.00065,0.26864
CVE-2015-2149,0.00163,0.52947
CVE-2015-2150,0.00064,0.26441
CVE-2015-2151,0.00086,0.35715
CVE-2015-2152,0.00062,0.24540
CVE-2015-2153,0.16988,0.95599
CVE-2015-2154,0.11031,0.94644
CVE-2015-2155,0.02745,0.89546
CVE-2015-2156,0.00562,0.75361
CVE-2015-2157,0.00042,0.05722
CVE-2015-2158,0.00712,0.78470
CVE-2015-2165,0.00101,0.41195
CVE-2015-2166,0.23272,0.96147
CVE-2015-2167,0.00205,0.58544
CVE-2015-2169,0.01037,0.82365
CVE-2015-2170,0.01282,0.84358
CVE-2015-2171,0.00607,0.76366
CVE-2015-2172,0.01050,0.82487
CVE-2015-2177,0.27347,0.96375
CVE-2015-2179,0.00042,0.05722
CVE-2015-2180,0.00309,0.66954
CVE-2015-2181,0.00300,0.66415
CVE-2015-2182,0.00503,0.73983
CVE-2015-2183,0.01912,0.87361
CVE-2015-2184,0.03985,0.91192
CVE-2015-2186,0.00091,0.38552
CVE-2015-2187,0.00331,0.68155
CVE-2015-2188,0.00154,0.51676
CVE-2015-2189,0.00151,0.51315
CVE-2015-2190,0.00206,0.58648
CVE-2015-2191,0.00147,0.50622
CVE-2015-2192,0.00345,0.68775
CVE-2015-2194,0.00653,0.77315
CVE-2015-2195,0.00146,0.50565
CVE-2015-2196,0.00930,0.81329
CVE-2015-2197,0.00089,0.37616
CVE-2015-2198,0.00185,0.55840
CVE-2015-2199,0.00356,0.69263
CVE-2015-2201,0.00051,0.17343
CVE-2015-2202,0.00048,0.14657
CVE-2015-2203,0.00199,0.57896
CVE-2015-2204,0.00423,0.71705
CVE-2015-2206,0.00709,0.78394
CVE-2015-2207,0.00075,0.30807
CVE-2015-2208,0.96803,0.99622
CVE-2015-2209,0.00330,0.68102
CVE-2015-2210,0.00042,0.05722
CVE-2015-2213,0.00420,0.71604
CVE-2015-2214,0.00377,0.70123
CVE-2015-2215,0.00145,0.50430
CVE-2015-2216,0.00242,0.62232
CVE-2015-2217,0.00304,0.66657
CVE-2015-2218,0.00410,0.71286
CVE-2015-2219,0.00088,0.37004
CVE-2015-2220,0.00214,0.59432
CVE-2015-2221,0.01282,0.84358
CVE-2015-2222,0.01282,0.84358
CVE-2015-2223,0.00213,0.59282
CVE-2015-2230,0.00084,0.35108
CVE-2015-2233,0.00049,0.15845
CVE-2015-2234,0.00042,0.05722
CVE-2015-2237,0.00120,0.46135
CVE-2015-2238,0.00120,0.46044
CVE-2015-2239,0.00215,0.59574
CVE-2015-2241,0.00247,0.62780
CVE-2015-2242,0.00139,0.49404
CVE-2015-2243,0.00756,0.79173
CVE-2015-2244,0.00192,0.57132
CVE-2015-2245,0.00175,0.54759
CVE-2015-2246,0.00063,0.25632
CVE-2015-2247,0.00147,0.50699
CVE-2015-2248,0.01589,0.86034
CVE-2015-2249,0.00054,0.20290
CVE-2015-2250,0.00282,0.65355
CVE-2015-2251,0.00272,0.64621
CVE-2015-2252,0.00761,0.79236
CVE-2015-2253,0.00152,0.51493
CVE-2015-2254,0.00241,0.62168
CVE-2015-2255,0.00209,0.58895
CVE-2015-2263,0.00042,0.05722
CVE-2015-2264,0.00060,0.23545
CVE-2015-2265,0.01906,0.87335
CVE-2015-2266,0.00124,0.46807
CVE-2015-2267,0.00112,0.44331
CVE-2015-2268,0.00282,0.65336
CVE-2015-2269,0.00178,0.55097
CVE-2015-2270,0.00313,0.67163
CVE-2015-2271,0.00112,0.44331
CVE-2015-2272,0.00144,0.50205
CVE-2015-2273,0.00093,0.39055
CVE-2015-2275,0.00983,0.81880
CVE-2015-2278,0.00666,0.77611
CVE-2015-2279,0.20005,0.95921
CVE-2015-2280,0.90565,0.98608
CVE-2015-2281,0.91958,0.98750
CVE-2015-2282,0.00868,0.80621
CVE-2015-2284,0.97436,0.99939
CVE-2015-2285,0.00062,0.24874
CVE-2015-2286,0.00246,0.62681
CVE-2015-2289,0.00143,0.50176
CVE-2015-2291,0.00094,0.39448
CVE-2015-2292,0.00588,0.75993
CVE-2015-2293,0.00588,0.75989
CVE-2015-2294,0.87963,0.98436
CVE-2015-2295,0.80643,0.98066
CVE-2015-2296,0.01612,0.86145
CVE-2015-2297,0.00222,0.60578
CVE-2015-2298,0.00313,0.67177
CVE-2015-2301,0.01595,0.86056
CVE-2015-2304,0.01148,0.83328
CVE-2015-2305,0.00742,0.78938
CVE-2015-2308,0.00528,0.74614
CVE-2015-2310,0.00305,0.66733
CVE-2015-2311,0.00709,0.78404
CVE-2015-2312,0.00278,0.65000
CVE-2015-2313,0.00278,0.65000
CVE-2015-2314,0.01262,0.84215
CVE-2015-2315,0.01099,0.82938
CVE-2015-2316,0.01083,0.82813
CVE-2015-2317,0.00323,0.67725
CVE-2015-2318,0.00667,0.77652
CVE-2015-2319,0.00497,0.73799
CVE-2015-2320,0.01530,0.85752
CVE-2015-2321,0.00225,0.60809
CVE-2015-2323,0.00073,0.30426
CVE-2015-2324,0.00065,0.27007
CVE-2015-2325,0.00172,0.54468
CVE-2015-2326,0.00099,0.40769
CVE-2015-2327,0.05897,0.92720
CVE-2015-2328,0.01398,0.85058
CVE-2015-2329,0.00098,0.40351
CVE-2015-2330,0.00348,0.68870
CVE-2015-2331,0.95332,0.99218
CVE-2015-2332,0.00192,0.57132
CVE-2015-2333,0.00192,0.57132
CVE-2015-2334,0.00159,0.52409
CVE-2015-2335,0.00313,0.67163
CVE-2015-2336,0.00332,0.68213
CVE-2015-2337,0.00332,0.68213
CVE-2015-2338,0.00147,0.50599
CVE-2015-2339,0.00147,0.50599
CVE-2015-2340,0.00147,0.50599
CVE-2015-2341,0.00768,0.79341
CVE-2015-2342,0.97138,0.99757
CVE-2015-2344,0.00065,0.27007
CVE-2015-2346,0.00158,0.52311
CVE-2015-2347,0.00433,0.71977
CVE-2015-2348,0.00774,0.79437
CVE-2015-2349,0.00220,0.60154
CVE-2015-2350,0.00591,0.76057
CVE-2015-2351,0.01640,0.86260
CVE-2015-2352,0.00339,0.68496
CVE-2015-2359,0.01224,0.83938
CVE-2015-2360,0.00084,0.34943
CVE-2015-2361,0.00097,0.40230
CVE-2015-2362,0.00055,0.20553
CVE-2015-2363,0.00043,0.07315
CVE-2015-2364,0.00043,0.07315
CVE-2015-2365,0.00050,0.16007
CVE-2015-2366,0.00050,0.16007
CVE-2015-2367,0.00045,0.11975
CVE-2015-2368,0.02785,0.89614
CVE-2015-2369,0.71824,0.97809
CVE-2015-2370,0.00050,0.16007
CVE-2015-2371,0.00043,0.07495
CVE-2015-2372,0.22425,0.96091
CVE-2015-2373,0.18349,0.95749
CVE-2015-2374,0.02010,0.87719
CVE-2015-2375,0.52924,0.97323
CVE-2015-2376,0.89211,0.98523
CVE-2015-2377,0.89211,0.98523
CVE-2015-2378,0.18619,0.95781
CVE-2015-2379,0.22283,0.96079
CVE-2015-2380,0.35484,0.96756
CVE-2015-2381,0.00045,0.12317
CVE-2015-2382,0.00045,0.12317
CVE-2015-2383,0.38456,0.96881
CVE-2015-2384,0.46242,0.97123
CVE-2015-2385,0.46242,0.97123
CVE-2015-2387,0.00043,0.07411
CVE-2015-2388,0.38456,0.96881
CVE-2015-2389,0.46242,0.97123
CVE-2015-2390,0.46242,0.97123
CVE-2015-2391,0.46242,0.97123
CVE-2015-2397,0.38456,0.96881
CVE-2015-2398,0.23806,0.96185
CVE-2015-2401,0.46242,0.97123
CVE-2015-2402,0.01048,0.82478
CVE-2015-2403,0.38456,0.96881
CVE-2015-2404,0.38456,0.96881
CVE-2015-2406,0.38456,0.96881
CVE-2015-2408,0.23435,0.96156
CVE-2015-2410,0.02062,0.87888
CVE-2015-2411,0.46242,0.97123
CVE-2015-2412,0.11939,0.94858
CVE-2015-2413,0.02062,0.87888
CVE-2015-2414,0.02062,0.87888
CVE-2015-2415,0.35484,0.96756
CVE-2015-2416,0.01932,0.87436
CVE-2015-2417,0.01932,0.87436
CVE-2015-2418,0.00047,0.13897
CVE-2015-2419,0.97097,0.99736
CVE-2015-2420,0.00318,0.67462
CVE-2015-2421,0.09200,0.94118
CVE-2015-2422,0.46242,0.97123
CVE-2015-2423,0.01172,0.83533
CVE-2015-2424,0.61067,0.97520
CVE-2015-2425,0.96340,0.99455
CVE-2015-2426,0.97426,0.99932
CVE-2015-2427,0.47465,0.97167
CVE-2015-2428,0.00043,0.07315
CVE-2015-2429,0.00204,0.58408
CVE-2015-2430,0.00174,0.54571
CVE-2015-2431,0.58096,0.97443
CVE-2015-2432,0.22510,0.96095
CVE-2015-2433,0.00061,0.23872
CVE-2015-2434,0.00598,0.76170
CVE-2015-2435,0.66025,0.97639
CVE-2015-2440,0.72843,0.97836
CVE-2015-2441,0.36448,0.96794
CVE-2015-2442,0.36448,0.96794
CVE-2015-2443,0.29137,0.96484
CVE-2015-2444,0.93021,0.98872
CVE-2015-2445,0.09200,0.94118
CVE-2015-2446,0.36448,0.96794
CVE-2015-2447,0.46242,0.97123
CVE-2015-2448,0.41631,0.96982
CVE-2015-2449,0.14573,0.95275
CVE-2015-2450,0.41631,0.96982
CVE-2015-2451,0.41631,0.96982
CVE-2015-2452,0.41631,0.96982
CVE-2015-2453,0.00097,0.40142
CVE-2015-2454,0.00058,0.22713
CVE-2015-2455,0.11619,0.94792
CVE-2015-2456,0.11202,0.94694
CVE-2015-2458,0.38424,0.96878
CVE-2015-2459,0.38424,0.96878
CVE-2015-2460,0.38424,0.96878
CVE-2015-2461,0.16778,0.95571
CVE-2015-2462,0.11202,0.94694
CVE-2015-2463,0.11202,0.94694
CVE-2015-2464,0.11202,0.94694
CVE-2015-2465,0.00043,0.07315
CVE-2015-2466,0.19394,0.95868
CVE-2015-2467,0.89269,0.98526
CVE-2015-2468,0.79392,0.98027
CVE-2015-2469,0.89269,0.98526
CVE-2015-2470,0.53615,0.97339
CVE-2015-2471,0.00975,0.81798
CVE-2015-2472,0.00168,0.53590
CVE-2015-2473,0.18619,0.95781
CVE-2015-2474,0.28468,0.96452
CVE-2015-2475,0.07205,0.93404
CVE-2015-2476,0.00427,0.71822
CVE-2015-2477,0.29532,0.96506
CVE-2015-2478,0.00045,0.12497
CVE-2015-2479,0.12824,0.95002
CVE-2015-2480,0.12824,0.95002
CVE-2015-2481,0.12824,0.95002
CVE-2015-2482,0.94050,0.98997
CVE-2015-2483,0.09932,0.94350
CVE-2015-2484,0.01937,0.87444
CVE-2015-2485,0.21950,0.96057
CVE-2015-2486,0.21950,0.96057
CVE-2015-2487,0.36983,0.96821
CVE-2015-2489,0.01048,0.82478
CVE-2015-2490,0.36448,0.96794
CVE-2015-2491,0.36448,0.96794
CVE-2015-2492,0.36448,0.96794
CVE-2015-2493,0.36448,0.96794
CVE-2015-2494,0.16609,0.95551
CVE-2015-2498,0.27111,0.96363
CVE-2015-2499,0.27111,0.96363
CVE-2015-2500,0.21950,0.96057
CVE-2015-2501,0.21950,0.96057
CVE-2015-2502,0.27898,0.96413
CVE-2015-2503,0.00736,0.78854
CVE-2015-2504,0.24512,0.96225
CVE-2015-2505,0.04796,0.91958
CVE-2015-2506,0.00623,0.76729
CVE-2015-2507,0.00054,0.19349
CVE-2015-2508,0.00076,0.31383
CVE-2015-2509,0.97397,0.99911
CVE-2015-2510,0.57412,0.97429
CVE-2015-2511,0.00094,0.39376
CVE-2015-2512,0.00054,0.19349
CVE-2015-2513,0.13668,0.95142
CVE-2015-2514,0.13668,0.95142
CVE-2015-2515,0.94322,0.99039
CVE-2015-2516,0.00243,0.62378
CVE-2015-2517,0.00092,0.38926
CVE-2015-2518,0.00092,0.38926
CVE-2015-2519,0.19767,0.95897
CVE-2015-2520,0.95289,0.99205
CVE-2015-2521,0.95735,0.99305
CVE-2015-2522,0.00287,0.65620
CVE-2015-2523,0.95289,0.99205
CVE-2015-2524,0.00042,0.00438
CVE-2015-2525,0.16420,0.95529
CVE-2015-2526,0.03438,0.90588
CVE-2015-2527,0.00054,0.19349
CVE-2015-2528,0.00054,0.19349
CVE-2015-2529,0.00045,0.12116
CVE-2015-2530,0.13668,0.95142
CVE-2015-2531,0.01881,0.87221
CVE-2015-2532,0.01881,0.87221
CVE-2015-2534,0.00043,0.07315
CVE-2015-2535,0.00543,0.74987
CVE-2015-2536,0.02397,0.88840
CVE-2015-2541,0.21950,0.96057
CVE-2015-2542,0.16609,0.95551
CVE-2015-2543,0.01078,0.82765
CVE-2015-2544,0.01078,0.82765
CVE-2015-2545,0.97261,0.99824
CVE-2015-2546,0.00091,0.38480
CVE-2015-2548,0.95686,0.99296
CVE-2015-2549,0.00045,0.12497
CVE-2015-2550,0.00045,0.12497
CVE-2015-2552,0.00111,0.44131
CVE-2015-2553,0.00055,0.20599
CVE-2015-2554,0.00054,0.19349
CVE-2015-2555,0.76877,0.97950
CVE-2015-2556,0.01350,0.84768
CVE-2015-2557,0.19876,0.95910
CVE-2015-2558,0.76877,0.97950
CVE-2015-2559,0.00102,0.41354
CVE-2015-2560,0.81578,0.98107
CVE-2015-2562,0.01750,0.86668
CVE-2015-2563,0.00135,0.48833
CVE-2015-2564,0.00209,0.58832
CVE-2015-2565,0.00134,0.48542
CVE-2015-2566,0.00303,0.66558
CVE-2015-2567,0.00303,0.66558
CVE-2015-2568,0.02341,0.88704
CVE-2015-2570,0.00195,0.57455
CVE-2015-2571,0.00311,0.67076
CVE-2015-2572,0.00043,0.07636
CVE-2015-2573,0.00311,0.67076
CVE-2015-2574,0.00060,0.23365
CVE-2015-2575,0.00187,0.56235
CVE-2015-2576,0.00060,0.23399
CVE-2015-2577,0.00060,0.23365
CVE-2015-2578,0.00230,0.61208
CVE-2015-2579,0.00060,0.23365
CVE-2015-2580,0.00060,0.23399
CVE-2015-2581,0.00206,0.58647
CVE-2015-2582,0.00235,0.61664
CVE-2015-2583,0.00060,0.23365
CVE-2015-2584,0.00086,0.35594
CVE-2015-2585,0.00098,0.40393
CVE-2015-2586,0.00165,0.53201
CVE-2015-2587,0.00228,0.61089
CVE-2015-2588,0.00153,0.51601
CVE-2015-2589,0.00060,0.23399
CVE-2015-2590,0.02380,0.88804
CVE-2015-2591,0.00086,0.35594
CVE-2015-2592,0.00073,0.30397
CVE-2015-2593,0.00214,0.59498
CVE-2015-2594,0.00060,0.23365
CVE-2015-2595,0.00324,0.67747
CVE-2015-2596,0.00493,0.73705
CVE-2015-2597,0.00060,0.23365
CVE-2015-2598,0.00073,0.30397
CVE-2015-2599,0.00111,0.44141
CVE-2015-2600,0.00086,0.35594
CVE-2015-2601,0.00789,0.79685
CVE-2015-2602,0.95375,0.99227
CVE-2015-2603,0.95375,0.99227
CVE-2015-2604,0.95375,0.99227
CVE-2015-2605,0.95375,0.99227
CVE-2015-2606,0.95375,0.99227
CVE-2015-2607,0.00223,0.60672
CVE-2015-2608,0.00773,0.79428
CVE-2015-2609,0.00060,0.23399
CVE-2015-2610,0.00153,0.51601
CVE-2015-2611,0.00580,0.75787
CVE-2015-2612,0.00191,0.56768
CVE-2015-2613,0.00697,0.78202
CVE-2015-2614,0.00060,0.23399
CVE-2015-2615,0.00191,0.56768
CVE-2015-2616,0.00060,0.23399
CVE-2015-2617,0.00637,0.76972
CVE-2015-2618,0.00082,0.34129
CVE-2015-2619,0.00722,0.78647
CVE-2015-2620,0.00413,0.71364
CVE-2015-2621,0.00789,0.79685
CVE-2015-2622,0.00153,0.51601
CVE-2015-2623,0.00194,0.57335
CVE-2015-2624,0.00060,0.23365
CVE-2015-2625,0.00789,0.79685
CVE-2015-2626,0.00060,0.23365
CVE-2015-2627,0.00688,0.78057
CVE-2015-2628,0.01578,0.85986
CVE-2015-2629,0.00276,0.64911
CVE-2015-2630,0.00153,0.51601
CVE-2015-2631,0.00060,0.23365
CVE-2015-2632,0.00789,0.79685
CVE-2015-2633,0.00082,0.34129
CVE-2015-2634,0.02291,0.88594
CVE-2015-2635,0.02291,0.88594
CVE-2015-2636,0.00405,0.71134
CVE-2015-2637,0.00697,0.78202
CVE-2015-2638,0.01476,0.85450
CVE-2015-2639,0.00217,0.59755
CVE-2015-2640,0.00060,0.23365
CVE-2015-2641,0.00580,0.75787
CVE-2015-2642,0.00043,0.07608
CVE-2015-2643,0.00204,0.58419
CVE-2015-2644,0.00191,0.56768
CVE-2015-2645,0.00073,0.30397
CVE-2015-2646,0.00228,0.61089
CVE-2015-2647,0.00111,0.44141
CVE-2015-2648,0.00204,0.58419
CVE-2015-2649,0.00086,0.35594
CVE-2015-2650,0.00086,0.35594
CVE-2015-2651,0.00060,0.23399
CVE-2015-2652,0.00307,0.66818
CVE-2015-2653,0.00223,0.60672
CVE-2015-2654,0.00060,0.23365
CVE-2015-2655,0.00111,0.44141
CVE-2015-2656,0.00060,0.23365
CVE-2015-2657,0.00086,0.35594
CVE-2015-2658,0.00191,0.56768
CVE-2015-2659,0.01351,0.84776
CVE-2015-2660,0.00082,0.34129
CVE-2015-2661,0.00060,0.23399
CVE-2015-2662,0.00060,0.23399
CVE-2015-2663,0.00112,0.44396
CVE-2015-2664,0.00044,0.08000
CVE-2015-2665,0.00298,0.66331
CVE-2015-2666,0.00069,0.28603
CVE-2015-2667,0.00042,0.05722
CVE-2015-2668,0.01282,0.84358
CVE-2015-2672,0.00042,0.05722
CVE-2015-2673,0.00686,0.78023
CVE-2015-2674,0.00128,0.47409
CVE-2015-2675,0.01160,0.83417
CVE-2015-2676,0.00733,0.78824
CVE-2015-2677,0.00118,0.45787
CVE-2015-2678,0.00305,0.66707
CVE-2015-2679,0.01885,0.87235
CVE-2015-2680,0.01033,0.82315
CVE-2015-2681,0.00507,0.74084
CVE-2015-2682,0.04982,0.92088
CVE-2015-2683,0.08753,0.93972
CVE-2015-2684,0.00416,0.71482
CVE-2015-2686,0.00042,0.05722
CVE-2015-2687,0.00042,0.05722
CVE-2015-2688,0.00202,0.58223
CVE-2015-2689,0.00202,0.58223
CVE-2015-2690,0.00164,0.53051
CVE-2015-2692,0.00250,0.62982
CVE-2015-2694,0.00431,0.71928
CVE-2015-2695,0.09503,0.94222
CVE-2015-2696,0.16993,0.95599
CVE-2015-2697,0.83539,0.98211
CVE-2015-2698,0.00720,0.78609
CVE-2015-2701,0.00951,0.81552
CVE-2015-2702,0.00390,0.70612
CVE-2015-2703,0.00672,0.77735
CVE-2015-2704,0.00551,0.75173
CVE-2015-2706,0.07844,0.93634
CVE-2015-2708,0.03090,0.90078
CVE-2015-2709,0.03119,0.90122
CVE-2015-2710,0.05205,0.92272
CVE-2015-2711,0.00299,0.66382
CVE-2015-2712,0.04744,0.91894
CVE-2015-2713,0.02181,0.88294
CVE-2015-2714,0.00060,0.23636
CVE-2015-2715,0.04373,0.91560
CVE-2015-2716,0.03296,0.90394
CVE-2015-2717,0.02603,0.89262
CVE-2015-2718,0.00274,0.64754
CVE-2015-2720,0.00042,0.05722
CVE-2015-2721,0.00117,0.45479
CVE-2015-2722,0.03011,0.89949
CVE-2015-2724,0.00901,0.81016
CVE-2015-2725,0.00833,0.80227
CVE-2015-2726,0.00678,0.77886
CVE-2015-2727,0.01031,0.82295
CVE-2015-2728,0.01837,0.87037
CVE-2015-2729,0.00435,0.72083
CVE-2015-2730,0.00320,0.67601
CVE-2015-2731,0.02940,0.89852
CVE-2015-2733,0.02613,0.89280
CVE-2015-2734,0.00679,0.77906
CVE-2015-2735,0.01033,0.82327
CVE-2015-2736,0.01033,0.82327
CVE-2015-2737,0.00679,0.77906
CVE-2015-2738,0.00679,0.77906
CVE-2015-2739,0.00905,0.81052
CVE-2015-2740,0.04575,0.91731
CVE-2015-2741,0.00276,0.64917
CVE-2015-2742,0.00307,0.66837
CVE-2015-2743,0.01679,0.86398
CVE-2015-2744,0.00121,0.46215
CVE-2015-2745,0.00171,0.54212
CVE-2015-2746,0.04797,0.91959
CVE-2015-2747,0.00214,0.59432
CVE-2015-2748,0.00578,0.75759
CVE-2015-2749,0.00282,0.65349
CVE-2015-2750,0.00282,0.65349
CVE-2015-2751,0.01262,0.84218
CVE-2015-2752,0.00068,0.28176
CVE-2015-2753,0.04169,0.91383
CVE-2015-2754,0.04994,0.92098
CVE-2015-2755,0.01828,0.86977
CVE-2015-2756,0.00064,0.26441
CVE-2015-2757,0.00129,0.47674
CVE-2015-2758,0.00176,0.54832
CVE-2015-2759,0.00094,0.39300
CVE-2015-2760,0.00068,0.28383
CVE-2015-2761,0.00135,0.48865
CVE-2015-2762,0.00295,0.66152
CVE-2015-2763,0.00251,0.63083
CVE-2015-2764,0.00135,0.48865
CVE-2015-2765,0.00145,0.50430
CVE-2015-2766,0.00192,0.56903
CVE-2015-2767,0.00251,0.63083
CVE-2015-2768,0.00135,0.48865
CVE-2015-2769,0.00158,0.52238
CVE-2015-2770,0.00158,0.52238
CVE-2015-2771,0.00295,0.66152
CVE-2015-2772,0.00251,0.63083
CVE-2015-2773,0.00192,0.56903
CVE-2015-2774,0.00118,0.45704
CVE-2015-2775,0.03056,0.90029
CVE-2015-2776,0.03345,0.90456
CVE-2015-2778,0.02345,0.88717
CVE-2015-2779,0.04211,0.91415
CVE-2015-2780,0.06414,0.93017
CVE-2015-2781,0.00290,0.65829
CVE-2015-2782,0.02451,0.88965
CVE-2015-2783,0.03896,0.91120
CVE-2015-2784,0.00218,0.59863
CVE-2015-2785,0.05645,0.92585
CVE-2015-2786,0.00341,0.68559
CVE-2015-2787,0.08363,0.93820
CVE-2015-2788,0.03490,0.90643
CVE-2015-2789,0.00058,0.22696
CVE-2015-2790,0.78089,0.97984
CVE-2015-2791,0.00822,0.80087
CVE-2015-2792,0.01591,0.86044
CVE-2015-2793,0.00227,0.60986
CVE-2015-2794,0.97458,0.99954
CVE-2015-2796,0.00109,0.43553
CVE-2015-2797,0.79151,0.98017
CVE-2015-2798,0.00171,0.54194
CVE-2015-2800,0.00196,0.57544
CVE-2015-2802,0.00664,0.77581
CVE-2015-2803,0.00184,0.55759
CVE-2015-2804,0.01310,0.84533
CVE-2015-2805,0.02189,0.88314
CVE-2015-2806,0.01352,0.84782
CVE-2015-2807,0.00469,0.73030
CVE-2015-2808,0.00300,0.66412
CVE-2015-2809,0.00173,0.54553
CVE-2015-2810,0.02837,0.89706
CVE-2015-2811,0.00395,0.70801
CVE-2015-2812,0.00406,0.71172
CVE-2015-2813,0.00395,0.70801
CVE-2015-2814,0.00348,0.68880
CVE-2015-2815,0.01334,0.84673
CVE-2015-2816,0.00440,0.72242
CVE-2015-2817,0.00525,0.74530
CVE-2015-2818,0.00300,0.66431
CVE-2015-2819,0.00502,0.73941
CVE-2015-2820,0.00875,0.80709
CVE-2015-2821,0.00097,0.40125
CVE-2015-2822,0.00136,0.48893
CVE-2015-2823,0.00718,0.78584
CVE-2015-2824,0.16648,0.95556
CVE-2015-2825,0.75092,0.97900
CVE-2015-2826,0.86716,0.98370
CVE-2015-2827,0.00120,0.46051
CVE-2015-2828,0.00271,0.64591
CVE-2015-2829,0.00614,0.76536
CVE-2015-2830,0.00044,0.08000
CVE-2015-2831,0.00042,0.05722
CVE-2015-2838,0.00704,0.78304
CVE-2015-2839,0.00556,0.75270
CVE-2015-2840,0.00467,0.72962
CVE-2015-2841,0.07283,0.93430
CVE-2015-2842,0.07852,0.93636
CVE-2015-2843,0.01806,0.86879
CVE-2015-2844,0.05734,0.92628
CVE-2015-2845,0.07920,0.93664
CVE-2015-2846,0.54021,0.97346
CVE-2015-2847,0.00297,0.66279
CVE-2015-2848,0.00121,0.46253
CVE-2015-2849,0.00096,0.39937
CVE-2015-2850,0.00460,0.72802
CVE-2015-2851,0.00042,0.00438
CVE-2015-2852,0.00138,0.49366
CVE-2015-2853,0.00559,0.75312
CVE-2015-2854,0.00358,0.69319
CVE-2015-2855,0.00378,0.70150
CVE-2015-2856,0.97065,0.99720
CVE-2015-2857,0.95999,0.99362
CVE-2015-2858,0.00448,0.72451
CVE-2015-2859,0.00067,0.27672
CVE-2015-2860,0.00255,0.63452
CVE-2015-2861,0.00152,0.51384
CVE-2015-2862,0.00230,0.61218
CVE-2015-2863,0.00626,0.76794
CVE-2015-2864,0.00749,0.79031
CVE-2015-2866,0.00145,0.50369
CVE-2015-2867,0.01573,0.85947
CVE-2015-2868,0.01831,0.86991
CVE-2015-2869,0.02383,0.88809
CVE-2015-2870,0.00460,0.72802
CVE-2015-2871,0.00542,0.74965
CVE-2015-2872,0.00106,0.42884
CVE-2015-2873,0.00141,0.49744
CVE-2015-2874,0.00505,0.74030
CVE-2015-2875,0.00243,0.62373
CVE-2015-2876,0.01843,0.87066
CVE-2015-2877,0.00057,0.21389
CVE-2015-2878,0.00317,0.67437
CVE-2015-2880,0.00109,0.43614
CVE-2015-2881,0.00659,0.77474
CVE-2015-2882,0.00659,0.77474
CVE-2015-2883,0.00054,0.19226
CVE-2015-2884,0.00629,0.76839
CVE-2015-2885,0.00217,0.59752
CVE-2015-2886,0.00284,0.65469
CVE-2015-2887,0.00217,0.59752
CVE-2015-2888,0.00504,0.74018
CVE-2015-2889,0.00337,0.68401
CVE-2015-2890,0.00042,0.00438
CVE-2015-2894,0.00221,0.60284
CVE-2015-2895,0.00380,0.70221
CVE-2015-2896,0.00212,0.59240
CVE-2015-2897,0.00448,0.72451
CVE-2015-2898,0.03614,0.90788
CVE-2015-2899,0.03749,0.90956
CVE-2015-2900,0.00996,0.82017
CVE-2015-2901,0.03953,0.91164
CVE-2015-2902,0.00049,0.15785
CVE-2015-2903,0.00649,0.77239
CVE-2015-2904,0.00283,0.65383
CVE-2015-2905,0.00121,0.46253
CVE-2015-2906,0.00273,0.64732
CVE-2015-2907,0.00273,0.64732
CVE-2015-2908,0.00622,0.76700
CVE-2015-2909,0.00720,0.78614
CVE-2015-2912,0.00496,0.73779
CVE-2015-2913,0.00228,0.61047
CVE-2015-2914,0.00308,0.66886
CVE-2015-2915,0.00283,0.65383
CVE-2015-2916,0.00121,0.46253
CVE-2015-2917,0.00191,0.56721
CVE-2015-2918,0.00233,0.61460
CVE-2015-2922,0.01553,0.85856
CVE-2015-2923,0.00233,0.61479
CVE-2015-2924,0.01211,0.83839
CVE-2015-2925,0.00044,0.08000
CVE-2015-2926,0.00193,0.57215
CVE-2015-2927,0.00669,0.77690
CVE-2015-2928,0.00232,0.61399
CVE-2015-2929,0.00116,0.45451
CVE-2015-2931,0.00485,0.73515
CVE-2015-2932,0.00366,0.69689
CVE-2015-2933,0.00280,0.65197
CVE-2015-2934,0.00336,0.68383
CVE-2015-2935,0.00800,0.79831
CVE-2015-2936,0.03649,0.90830
CVE-2015-2937,0.03649,0.90830
CVE-2015-2938,0.00280,0.65197
CVE-2015-2939,0.00280,0.65197
CVE-2015-2940,0.00320,0.67562
CVE-2015-2941,0.00349,0.68936
CVE-2015-2942,0.03263,0.90343
CVE-2015-2943,0.00083,0.34389
CVE-2015-2944,0.00325,0.67824
CVE-2015-2945,0.00977,0.81808
CVE-2015-2946,0.06387,0.93001
CVE-2015-2947,0.00277,0.64981
CVE-2015-2948,0.00220,0.59971
CVE-2015-2949,0.00192,0.56888
CVE-2015-2950,0.00324,0.67766
CVE-2015-2951,0.00307,0.66803
CVE-2015-2952,0.00293,0.66069
CVE-2015-2953,0.00283,0.65386
CVE-2015-2954,0.00157,0.52211
CVE-2015-2955,0.00879,0.80751
CVE-2015-2956,0.00141,0.49813
CVE-2015-2957,0.00220,0.59971
CVE-2015-2958,0.00520,0.74404
CVE-2015-2959,0.01534,0.85768
CVE-2015-2960,0.00349,0.68922
CVE-2015-2961,0.00311,0.67067
CVE-2015-2962,0.03129,0.90136
CVE-2015-2963,0.00430,0.71888
CVE-2015-2964,0.00291,0.65919
CVE-2015-2965,0.00177,0.54884
CVE-2015-2966,0.00271,0.64601
CVE-2015-2967,0.00253,0.63275
CVE-2015-2968,0.00048,0.14563
CVE-2015-2969,0.00192,0.56888
CVE-2015-2970,0.00355,0.69182
CVE-2015-2971,0.00139,0.49394
CVE-2015-2972,0.00607,0.76367
CVE-2015-2973,0.00360,0.69411
CVE-2015-2974,0.00329,0.68010
CVE-2015-2975,0.00329,0.68010
CVE-2015-2976,0.00192,0.56888
CVE-2015-2977,0.01199,0.83740
CVE-2015-2978,0.00143,0.50038
CVE-2015-2979,0.00458,0.72731
CVE-2015-2980,0.00885,0.80817
CVE-2015-2981,0.00100,0.40822
CVE-2015-2982,0.00192,0.56888
CVE-2015-2983,0.00157,0.52101
CVE-2015-2984,0.00551,0.75167
CVE-2015-2985,0.00135,0.48865
CVE-2015-2986,0.00135,0.48865
CVE-2015-2987,0.00193,0.57228
CVE-2015-2988,0.00159,0.52446
CVE-2015-2989,0.00135,0.48865
CVE-2015-2990,0.00136,0.48996
CVE-2015-2991,0.03127,0.90133
CVE-2015-2992,0.00590,0.76018
CVE-2015-2993,0.81666,0.98119
CVE-2015-2994,0.87424,0.98408
CVE-2015-2995,0.93451,0.98923
CVE-2015-2996,0.77754,0.97979
CVE-2015-2997,0.00658,0.77398
CVE-2015-2998,0.00552,0.75191
CVE-2015-2999,0.00504,0.74008
CVE-2015-3000,0.01719,0.86552
CVE-2015-3001,0.00548,0.75110
CVE-2015-3002,0.00132,0.48075
CVE-2015-3003,0.00042,0.05722
CVE-2015-3004,0.00296,0.66224
CVE-2015-3005,0.00192,0.57132
CVE-2015-3006,0.00065,0.26918
CVE-2015-3007,0.00044,0.10161
CVE-2015-3008,0.94757,0.99110
CVE-2015-3010,0.00042,0.05722
CVE-2015-3011,0.00083,0.34467
CVE-2015-3012,0.00217,0.59758
CVE-2015-3013,0.00282,0.65307
CVE-2015-3026,0.03900,0.91124
CVE-2015-3027,0.00172,0.54264
CVE-2015-3028,0.00121,0.46292
CVE-2015-3029,0.00125,0.46911
CVE-2015-3030,0.00125,0.46911
CVE-2015-3035,0.58993,0.97461
CVE-2015-3036,0.34529,0.96721
CVE-2015-3038,0.01893,0.87275
CVE-2015-3039,0.47365,0.97159
CVE-2015-3040,0.00371,0.69873
CVE-2015-3041,0.01893,0.87275
CVE-2015-3042,0.93380,0.98915
CVE-2015-3043,0.02529,0.89121
CVE-2015-3044,0.00534,0.74748
CVE-2015-3046,0.13832,0.95163
CVE-2015-3047,0.00383,0.70331
CVE-2015-3048,0.03064,0.90039
CVE-2015-3049,0.13832,0.95163
CVE-2015-3050,0.13832,0.95163
CVE-2015-3051,0.13832,0.95163
CVE-2015-3052,0.13832,0.95163
CVE-2015-3053,0.01200,0.83743
CVE-2015-3054,0.01746,0.86655
CVE-2015-3055,0.01200,0.83743
CVE-2015-3056,0.01991,0.87639
CVE-2015-3057,0.01991,0.87639
CVE-2015-3058,0.01268,0.84252
CVE-2015-3059,0.01200,0.83743
CVE-2015-3060,0.01210,0.83827
CVE-2015-3061,0.01210,0.83827
CVE-2015-3062,0.01210,0.83827
CVE-2015-3063,0.01210,0.83827
CVE-2015-3064,0.01210,0.83827
CVE-2015-3065,0.01210,0.83827
CVE-2015-3066,0.01210,0.83827
CVE-2015-3067,0.01210,0.83827
CVE-2015-3068,0.01210,0.83827
CVE-2015-3069,0.01210,0.83827
CVE-2015-3070,0.13832,0.95163
CVE-2015-3071,0.01210,0.83827
CVE-2015-3072,0.01210,0.83827
CVE-2015-3073,0.01813,0.86909
CVE-2015-3074,0.01210,0.83827
CVE-2015-3075,0.01333,0.84662
CVE-2015-3076,0.13832,0.95163
CVE-2015-3077,0.05567,0.92533
CVE-2015-3078,0.02441,0.88945
CVE-2015-3079,0.00522,0.74454
CVE-2015-3080,0.78339,0.97995
CVE-2015-3081,0.03190,0.90227
CVE-2015-3082,0.09980,0.94364
CVE-2015-3083,0.09980,0.94364
CVE-2015-3084,0.05567,0.92533
CVE-2015-3085,0.01307,0.84519
CVE-2015-3086,0.05567,0.92533
CVE-2015-3087,0.91943,0.98746
CVE-2015-3088,0.88542,0.98471
CVE-2015-3089,0.68728,0.97708
CVE-2015-3090,0.97329,0.99871
CVE-2015-3091,0.00521,0.74415
CVE-2015-3092,0.00521,0.74415
CVE-2015-3093,0.68728,0.97708
CVE-2015-3095,0.02625,0.89311
CVE-2015-3096,0.00665,0.77603
CVE-2015-3097,0.00489,0.73616
CVE-2015-3098,0.00482,0.73417
CVE-2015-3099,0.00482,0.73417
CVE-2015-3100,0.17077,0.95608
CVE-2015-3101,0.00465,0.72926
CVE-2015-3102,0.00482,0.73417
CVE-2015-3103,0.01280,0.84321
CVE-2015-3104,0.01354,0.84793
CVE-2015-3105,0.97308,0.99855
CVE-2015-3106,0.56535,0.97409
CVE-2015-3107,0.04667,0.91827
CVE-2015-3108,0.00248,0.62820
CVE-2015-3109,0.02889,0.89784
CVE-2015-3110,0.11556,0.94774
CVE-2015-3111,0.01994,0.87649
CVE-2015-3112,0.02676,0.89416
CVE-2015-3113,0.96158,0.99398
CVE-2015-3114,0.00675,0.77785
CVE-2015-3115,0.00751,0.79075
CVE-2015-3116,0.00751,0.79075
CVE-2015-3117,0.02341,0.88703
CVE-2015-3118,0.90936,0.98643
CVE-2015-3119,0.18970,0.95821
CVE-2015-3120,0.56074,0.97394
CVE-2015-3121,0.18970,0.95821
CVE-2015-3122,0.18970,0.95821
CVE-2015-3123,0.02341,0.88703
CVE-2015-3124,0.90936,0.98643
CVE-2015-3125,0.04591,0.91751
CVE-2015-3126,0.01909,0.87355
CVE-2015-3127,0.11699,0.94814
CVE-2015-3128,0.90529,0.98606
CVE-2015-3129,0.11699,0.94814
CVE-2015-3130,0.02341,0.88703
CVE-2015-3131,0.11699,0.94814
CVE-2015-3132,0.11699,0.94814
CVE-2015-3133,0.02341,0.88703
CVE-2015-3134,0.59586,0.97481
CVE-2015-3135,0.04735,0.91884
CVE-2015-3136,0.11699,0.94814
CVE-2015-3137,0.90529,0.98606
CVE-2015-3138,0.00533,0.74738
CVE-2015-3140,0.00368,0.69767
CVE-2015-3141,0.00379,0.70194
CVE-2015-3142,0.00042,0.05722
CVE-2015-3143,0.01332,0.84651
CVE-2015-3144,0.06512,0.93072
CVE-2015-3145,0.90148,0.98580
CVE-2015-3146,0.06680,0.93167
CVE-2015-3147,0.00070,0.29115
CVE-2015-3148,0.00546,0.75062
CVE-2015-3149,0.00042,0.05722
CVE-2015-3150,0.00042,0.05722
CVE-2015-3151,0.00042,0.05722
CVE-2015-3152,0.00170,0.54093
CVE-2015-3153,0.00379,0.70181
CVE-2015-3154,0.00197,0.57690
CVE-2015-3155,0.00628,0.76810
CVE-2015-3156,0.00042,0.05722
CVE-2015-3158,0.00232,0.61400
CVE-2015-3159,0.00042,0.05722
CVE-2015-3160,0.00107,0.43232
CVE-2015-3161,0.00105,0.42427
CVE-2015-3162,0.00234,0.61599
CVE-2015-3163,0.00154,0.51630
CVE-2015-3164,0.00042,0.05722
CVE-2015-3165,0.08491,0.93864
CVE-2015-3166,0.00933,0.81359
CVE-2015-3167,0.00595,0.76111
CVE-2015-3169,0.00106,0.42729
CVE-2015-3170,0.00042,0.05722
CVE-2015-3171,0.00042,0.05722
CVE-2015-3172,0.00054,0.19309
CVE-2015-3173,0.00784,0.79565
CVE-2015-3174,0.00169,0.53938
CVE-2015-3175,0.00348,0.68878
CVE-2015-3176,0.00525,0.74530
CVE-2015-3177,0.00210,0.58948
CVE-2015-3178,0.00131,0.47914
CVE-2015-3179,0.00188,0.56372
CVE-2015-3180,0.00210,0.58948
CVE-2015-3181,0.00145,0.50366
CVE-2015-3182,0.00259,0.63744
CVE-2015-3183,0.05501,0.92496
CVE-2015-3184,0.00380,0.70248
CVE-2015-3185,0.00522,0.74462
CVE-2015-3186,0.00516,0.74311
CVE-2015-3187,0.00120,0.46199
CVE-2015-3188,0.01975,0.87577
CVE-2015-3189,0.00085,0.35272
CVE-2015-3190,0.00079,0.32992
CVE-2015-3191,0.00073,0.30112
CVE-2015-3192,0.02798,0.89636
CVE-2015-3193,0.00453,0.72610
CVE-2015-3194,0.93891,0.98976
CVE-2015-3195,0.01603,0.86110
CVE-2015-3196,0.03916,0.91140
CVE-2015-3197,0.02430,0.88923
CVE-2015-3198,0.00276,0.64929
CVE-2015-3200,0.00794,0.79761
CVE-2015-3201,0.00042,0.05722
CVE-2015-3202,0.00042,0.00438
CVE-2015-3203,0.03315,0.90414
CVE-2015-3204,0.01075,0.82745
CVE-2015-3205,0.16085,0.95493
CVE-2015-3206,0.00286,0.65614
CVE-2015-3207,0.00072,0.29492
CVE-2015-3209,0.05136,0.92221
CVE-2015-3210,0.16430,0.95529
CVE-2015-3211,0.00042,0.05722
CVE-2015-3212,0.00044,0.08000
CVE-2015-3213,0.00310,0.66993
CVE-2015-3214,0.00089,0.37383
CVE-2015-3215,0.01064,0.82646
CVE-2015-3216,0.12061,0.94885
CVE-2015-3217,0.01249,0.84115
CVE-2015-3218,0.00042,0.05722
CVE-2015-3219,0.00298,0.66301
CVE-2015-3220,0.00441,0.72274
CVE-2015-3221,0.02801,0.89641
CVE-2015-3222,0.00061,0.23986
CVE-2015-3223,0.35905,0.96776
CVE-2015-3224,0.94661,0.99096
CVE-2015-3225,0.06662,0.93159
CVE-2015-3226,0.00254,0.63423
CVE-2015-3227,0.01568,0.85926
CVE-2015-3228,0.01408,0.85111
CVE-2015-3229,0.00146,0.50527
CVE-2015-3230,0.00749,0.79039
CVE-2015-3231,0.00230,0.61275
CVE-2015-3232,0.00396,0.70861
CVE-2015-3233,0.00516,0.74302
CVE-2015-3234,0.00520,0.74397
CVE-2015-3235,0.00324,0.67783
CVE-2015-3236,0.00480,0.73358
CVE-2015-3237,0.01122,0.83131
CVE-2015-3238,0.00873,0.80672
CVE-2015-3239,0.00042,0.05722
CVE-2015-3240,0.06035,0.92795
CVE-2015-3241,0.00825,0.80119
CVE-2015-3243,0.00044,0.10357
CVE-2015-3244,0.00185,0.55834
CVE-2015-3245,0.00042,0.05722
CVE-2015-3246,0.00042,0.05722
CVE-2015-3247,0.00902,0.81022
CVE-2015-3248,0.00042,0.05722
CVE-2015-3249,0.05498,0.92495
CVE-2015-3250,0.00280,0.65136
CVE-2015-3251,0.00170,0.54120
CVE-2015-3252,0.01740,0.86632
CVE-2015-3253,0.02142,0.88176
CVE-2015-3254,0.00523,0.74492
CVE-2015-3255,0.00042,0.05722
CVE-2015-3256,0.00042,0.05722
CVE-2015-3257,0.00098,0.40456
CVE-2015-3258,0.07146,0.93379
CVE-2015-3259,0.00069,0.28603
CVE-2015-3267,0.00192,0.57132
CVE-2015-3268,0.00247,0.62730
CVE-2015-3269,0.00877,0.80728
CVE-2015-3270,0.00311,0.67063
CVE-2015-3271,0.00176,0.54791
CVE-2015-3272,0.00300,0.66453
CVE-2015-3273,0.00153,0.51617
CVE-2015-3274,0.00209,0.58913
CVE-2015-3275,0.00209,0.58913
CVE-2015-3276,0.00293,0.66049
CVE-2015-3277,0.00243,0.62380
CVE-2015-3278,0.00175,0.54714
CVE-2015-3279,0.05754,0.92638
CVE-2015-3280,0.00638,0.76994
CVE-2015-3281,0.00337,0.68415
CVE-2015-3282,0.00555,0.75257
CVE-2015-3283,0.00814,0.79988
CVE-2015-3284,0.00042,0.05722
CVE-2015-3285,0.00042,0.05722
CVE-2015-3286,0.00042,0.05722
CVE-2015-3288,0.00042,0.05722
CVE-2015-3289,0.00282,0.65336
CVE-2015-3290,0.00042,0.00438
CVE-2015-3291,0.00042,0.05722
CVE-2015-3292,0.18538,0.95772
CVE-2015-3293,0.00068,0.28063
CVE-2015-3294,0.01743,0.86642
CVE-2015-3295,0.00169,0.53854
CVE-2015-3296,0.00106,0.42972
CVE-2015-3297,0.00165,0.53185
CVE-2015-3298,0.00081,0.33577
CVE-2015-3299,0.00106,0.42972
CVE-2015-3300,0.00266,0.64287
CVE-2015-3301,0.01593,0.86047
CVE-2015-3302,0.00614,0.76511
CVE-2015-3306,0.97188,0.99783
CVE-2015-3307,0.08224,0.93780
CVE-2015-3308,0.03297,0.90395
CVE-2015-3309,0.00431,0.71902
CVE-2015-3310,0.06756,0.93204
CVE-2015-3313,0.00664,0.77573
CVE-2015-3314,0.00820,0.80053
CVE-2015-3315,0.00078,0.32653
CVE-2015-3316,0.00042,0.05722
CVE-2015-3317,0.00042,0.05722
CVE-2015-3318,0.00042,0.05722
CVE-2015-3319,0.00377,0.70123
CVE-2015-3320,0.00042,0.05722
CVE-2015-3321,0.00042,0.05722
CVE-2015-3322,0.00083,0.34242
CVE-2015-3323,0.00298,0.66305
CVE-2015-3324,0.00052,0.17675
CVE-2015-3325,0.00120,0.46074
CVE-2015-3326,0.00292,0.65950
CVE-2015-3329,0.51762,0.97285
CVE-2015-3330,0.03790,0.91005
CVE-2015-3331,0.00322,0.67684
CVE-2015-3332,0.00042,0.05722
CVE-2015-3333,0.00321,0.67610
CVE-2015-3334,0.00133,0.48417
CVE-2015-3335,0.00489,0.73621
CVE-2015-3336,0.00380,0.70238
CVE-2015-3337,0.96447,0.99488
CVE-2015-3339,0.00044,0.08000
CVE-2015-3340,0.00147,0.50621
CVE-2015-3342,0.00280,0.65203
CVE-2015-3343,0.00160,0.52542
CVE-2015-3344,0.00111,0.44215
CVE-2015-3345,0.00155,0.51776
CVE-2015-3346,0.00141,0.49795
CVE-2015-3347,0.00160,0.52542
CVE-2015-3348,0.00102,0.41341
CVE-2015-3349,0.00160,0.52542
CVE-2015-3350,0.00214,0.59454
CVE-2015-3351,0.00160,0.52542
CVE-2015-3352,0.00214,0.59454
CVE-2015-3353,0.00102,0.41341
CVE-2015-3354,0.00225,0.60799
CVE-2015-3355,0.00214,0.59454
CVE-2015-3356,0.00160,0.52542
CVE-2015-3357,0.00102,0.41341
CVE-2015-3358,0.00280,0.65203
CVE-2015-3359,0.00102,0.41341
CVE-2015-3360,0.00102,0.41341
CVE-2015-3361,0.00107,0.43161
CVE-2015-3362,0.00102,0.41341
CVE-2015-3363,0.00160,0.52542
CVE-2015-3364,0.00220,0.60154
CVE-2015-3365,0.00089,0.37616
CVE-2015-3366,0.00168,0.53548
CVE-2015-3367,0.00160,0.52542
CVE-2015-3368,0.00111,0.44215
CVE-2015-3369,0.00111,0.44215
CVE-2015-3370,0.00160,0.52542
CVE-2015-3371,0.00280,0.65203
CVE-2015-3372,0.00102,0.41341
CVE-2015-3373,0.00470,0.73072
CVE-2015-3374,0.00167,0.53423
CVE-2015-3375,0.00225,0.60799
CVE-2015-3376,0.00102,0.41341
CVE-2015-3378,0.00147,0.50634
CVE-2015-3379,0.00185,0.55825
CVE-2015-3380,0.00167,0.53423
CVE-2015-3381,0.00089,0.37616
CVE-2015-3382,0.00167,0.53423
CVE-2015-3383,0.00245,0.62586
CVE-2015-3384,0.00089,0.37616
CVE-2015-3385,0.00102,0.41341
CVE-2015-3386,0.00089,0.37616
CVE-2015-3387,0.00102,0.41341
CVE-2015-3388,0.00167,0.53423
CVE-2015-3389,0.00102,0.41341
CVE-2015-3390,0.00102,0.41341
CVE-2015-3391,0.00438,0.72163
CVE-2015-3392,0.00111,0.44215
CVE-2015-3393,0.00348,0.68878
CVE-2015-3395,0.00838,0.80287
CVE-2015-3397,0.00192,0.57132
CVE-2015-3400,0.00176,0.54864
CVE-2015-3404,0.00143,0.50094
CVE-2015-3405,0.00295,0.66133
CVE-2015-3406,0.00336,0.68396
CVE-2015-3407,0.00549,0.75135
CVE-2015-3408,0.01578,0.85986
CVE-2015-3409,0.00042,0.05722
CVE-2015-3411,0.00929,0.81319
CVE-2015-3412,0.01432,0.85232
CVE-2015-3414,0.00825,0.80122
CVE-2015-3415,0.00825,0.80122
CVE-2015-3416,0.00519,0.74383
CVE-2015-3417,0.01684,0.86412
CVE-2015-3418,0.00395,0.70804
CVE-2015-3419,0.00088,0.37177
CVE-2015-3420,0.02141,0.88173
CVE-2015-3421,0.00071,0.29380
CVE-2015-3422,0.00290,0.65829
CVE-2015-3423,0.00131,0.47917
CVE-2015-3424,0.00101,0.41135
CVE-2015-3425,0.00141,0.49776
CVE-2015-3427,0.00110,0.43943
CVE-2015-3429,0.00437,0.72152
CVE-2015-3431,0.00177,0.54969
CVE-2015-3432,0.00098,0.40456
CVE-2015-3435,0.87392,0.98404
CVE-2015-3436,0.00042,0.05722
CVE-2015-3438,0.02756,0.89570
CVE-2015-3439,0.00560,0.75324
CVE-2015-3440,0.94662,0.99096
CVE-2015-3441,0.00247,0.62717
CVE-2015-3442,0.00356,0.69252
CVE-2015-3443,0.00289,0.65756
CVE-2015-3446,0.54887,0.97372
CVE-2015-3447,0.00328,0.68004
CVE-2015-3448,0.00042,0.05722
CVE-2015-3449,0.00042,0.05722
CVE-2015-3450,0.00213,0.59401
CVE-2015-3451,0.00205,0.58479
CVE-2015-3454,0.00312,0.67121
CVE-2015-3455,0.01672,0.86372
CVE-2015-3456,0.00098,0.40345
CVE-2015-3457,0.49754,0.97238
CVE-2015-3458,0.00708,0.78380
CVE-2015-3459,0.02211,0.88375
CVE-2015-3610,0.00046,0.13806
CVE-2015-3611,0.00286,0.65576
CVE-2015-3612,0.00293,0.66057
CVE-2015-3613,0.01159,0.83409
CVE-2015-3614,0.00202,0.58173
CVE-2015-3615,0.00083,0.34362
CVE-2015-3616,0.00138,0.49224
CVE-2015-3617,0.00042,0.05722
CVE-2015-3618,0.00149,0.50926
CVE-2015-3619,0.00085,0.35317
CVE-2015-3620,0.00309,0.66981
CVE-2015-3621,0.00082,0.34135
CVE-2015-3622,0.92394,0.98801
CVE-2015-3623,0.05489,0.92489
CVE-2015-3624,0.00861,0.80548
CVE-2015-3625,0.00042,0.05722
CVE-2015-3626,0.00220,0.60154
CVE-2015-3627,0.00042,0.05722
CVE-2015-3628,0.67087,0.97662
CVE-2015-3629,0.00042,0.05722
CVE-2015-3630,0.00042,0.05722
CVE-2015-3631,0.00042,0.05722
CVE-2015-3632,0.01151,0.83346
CVE-2015-3633,0.00534,0.74773
CVE-2015-3634,0.00272,0.64634
CVE-2015-3636,0.00044,0.08000
CVE-2015-3637,0.00172,0.54289
CVE-2015-3638,0.00296,0.66204
CVE-2015-3639,0.00319,0.67542
CVE-2015-3640,0.00180,0.55317
CVE-2015-3641,0.00104,0.42039
CVE-2015-3642,0.00128,0.47518
CVE-2015-3643,0.00061,0.23986
CVE-2015-3644,0.00410,0.71267
CVE-2015-3646,0.00107,0.43210
CVE-2015-3647,0.00309,0.66960
CVE-2015-3648,0.02644,0.89345
CVE-2015-3649,0.00042,0.05722
CVE-2015-3650,0.00059,0.22933
CVE-2015-3653,0.00234,0.61572
CVE-2015-3654,0.00229,0.61139
CVE-2015-3655,0.00075,0.30958
CVE-2015-3656,0.00234,0.61572
CVE-2015-3657,0.00234,0.61572
CVE-2015-3658,0.01094,0.82886
CVE-2015-3659,0.01037,0.82365
CVE-2015-3660,0.00253,0.63275
CVE-2015-3661,0.06151,0.92871
CVE-2015-3662,0.06151,0.92871
CVE-2015-3663,0.06151,0.92871
CVE-2015-3664,0.04729,0.91879
CVE-2015-3665,0.04729,0.91879
CVE-2015-3666,0.06151,0.92871
CVE-2015-3667,0.70661,0.97769
CVE-2015-3668,0.70661,0.97769
CVE-2015-3669,0.04729,0.91879
CVE-2015-3671,0.00042,0.05722
CVE-2015-3672,0.00042,0.05722
CVE-2015-3673,0.00047,0.13922
CVE-2015-3674,0.01949,0.87491
CVE-2015-3675,0.00410,0.71267
CVE-2015-3676,0.00208,0.58825
CVE-2015-3677,0.00220,0.60171
CVE-2015-3678,0.00042,0.05722
CVE-2015-3679,0.04786,0.91954
CVE-2015-3680,0.04786,0.91954
CVE-2015-3681,0.00976,0.81804
CVE-2015-3682,0.00976,0.81804
CVE-2015-3683,0.00216,0.59640
CVE-2015-3684,0.02004,0.87704
CVE-2015-3685,0.02004,0.87704
CVE-2015-3686,0.01837,0.87043
CVE-2015-3687,0.01837,0.87043
CVE-2015-3688,0.01837,0.87043
CVE-2015-3689,0.02004,0.87704
CVE-2015-3690,0.00324,0.67785
CVE-2015-3691,0.00216,0.59640
CVE-2015-3692,0.00042,0.05722
CVE-2015-3693,0.03522,0.90675
CVE-2015-3694,0.02004,0.87704
CVE-2015-3695,0.00042,0.05722
CVE-2015-3696,0.00042,0.05722
CVE-2015-3697,0.00042,0.05722
CVE-2015-3698,0.00042,0.05722
CVE-2015-3699,0.00042,0.05722
CVE-2015-3700,0.00042,0.05722
CVE-2015-3701,0.00042,0.05722
CVE-2015-3702,0.00042,0.05722
CVE-2015-3703,0.03513,0.90668
CVE-2015-3704,0.00316,0.67357
CVE-2015-3705,0.00216,0.59640
CVE-2015-3706,0.00216,0.59640
CVE-2015-3707,0.00216,0.59640
CVE-2015-3708,0.00365,0.69627
CVE-2015-3709,0.00042,0.05722
CVE-2015-3710,0.00467,0.72962
CVE-2015-3711,0.00220,0.60171
CVE-2015-3712,0.00216,0.59640
CVE-2015-3713,0.00631,0.76879
CVE-2015-3714,0.00222,0.60578
CVE-2015-3715,0.00422,0.71688
CVE-2015-3716,0.00059,0.22933
CVE-2015-3717,0.02508,0.89076
CVE-2015-3718,0.00563,0.75415
CVE-2015-3719,0.02004,0.87704
CVE-2015-3720,0.00179,0.55156
CVE-2015-3721,0.00327,0.67935
CVE-2015-3722,0.00351,0.69024
CVE-2015-3723,0.02935,0.89845
CVE-2015-3724,0.03594,0.90768
CVE-2015-3725,0.00307,0.66851
CVE-2015-3726,0.00068,0.28062
CVE-2015-3727,0.01119,0.83095
CVE-2015-3728,0.00118,0.45721
CVE-2015-3729,0.00381,0.70251
CVE-2015-3730,0.00574,0.75652
CVE-2015-3731,0.00574,0.75652
CVE-2015-3732,0.00659,0.77416
CVE-2015-3733,0.00574,0.75652
CVE-2015-3734,0.00574,0.75652
CVE-2015-3735,0.00574,0.75652
CVE-2015-3736,0.00574,0.75652
CVE-2015-3737,0.00574,0.75652
CVE-2015-3738,0.00574,0.75652
CVE-2015-3739,0.00574,0.75652
CVE-2015-3740,0.00574,0.75652
CVE-2015-3741,0.00574,0.75652
CVE-2015-3742,0.00574,0.75652
CVE-2015-3743,0.00574,0.75652
CVE-2015-3744,0.00574,0.75652
CVE-2015-3745,0.00574,0.75652
CVE-2015-3746,0.00574,0.75652
CVE-2015-3747,0.00574,0.75652
CVE-2015-3748,0.00574,0.75652
CVE-2015-3749,0.00574,0.75652
CVE-2015-3750,0.00304,0.66650
CVE-2015-3751,0.00388,0.70514
CVE-2015-3752,0.00366,0.69689
CVE-2015-3753,0.00324,0.67783
CVE-2015-3754,0.00230,0.61220
CVE-2015-3755,0.00384,0.70393
CVE-2015-3756,0.00111,0.44158
CVE-2015-3757,0.00042,0.05722
CVE-2015-3758,0.00139,0.49386
CVE-2015-3759,0.00042,0.05722
CVE-2015-3760,0.00053,0.18686
CVE-2015-3761,0.00042,0.05722
CVE-2015-3762,0.00358,0.69347
CVE-2015-3763,0.00685,0.78010
CVE-2015-3764,0.00208,0.58825
CVE-2015-3765,0.01683,0.86409
CVE-2015-3766,0.00327,0.67935
CVE-2015-3767,0.00042,0.05722
CVE-2015-3768,0.00305,0.66703
CVE-2015-3769,0.00042,0.05722
CVE-2015-3770,0.00216,0.59640
CVE-2015-3771,0.00042,0.05722
CVE-2015-3772,0.00042,0.05722
CVE-2015-3773,0.02216,0.88389
CVE-2015-3774,0.00066,0.27312
CVE-2015-3775,0.00042,0.05722
CVE-2015-3776,0.00292,0.65959
CVE-2015-3777,0.00042,0.05753
CVE-2015-3778,0.00439,0.72227
CVE-2015-3779,0.01683,0.86409
CVE-2015-3780,0.00208,0.58825
CVE-2015-3781,0.00220,0.59971
CVE-2015-3782,0.00327,0.67935
CVE-2015-3783,0.92158,0.98769
CVE-2015-3784,0.00306,0.66798
CVE-2015-3785,0.00042,0.05722
CVE-2015-3786,0.00208,0.58825
CVE-2015-3787,0.00480,0.73359
CVE-2015-3788,0.70661,0.97769
CVE-2015-3789,0.70661,0.97769
CVE-2015-3790,0.70661,0.97769
CVE-2015-3791,0.70661,0.97769
CVE-2015-3792,0.70661,0.97769
CVE-2015-3793,0.00098,0.40404
CVE-2015-3794,0.00976,0.81804
CVE-2015-3795,0.00292,0.65959
CVE-2015-3796,0.01246,0.84100
CVE-2015-3797,0.01013,0.82152
CVE-2015-3798,0.01355,0.84813
CVE-2015-3799,0.00463,0.72856
CVE-2015-3800,0.00042,0.05722
CVE-2015-3801,0.00384,0.70355
CVE-2015-3802,0.00042,0.05722
CVE-2015-3803,0.00042,0.05722
CVE-2015-3804,0.03255,0.90328
CVE-2015-3805,0.00042,0.05722
CVE-2015-3806,0.00042,0.05722
CVE-2015-3807,0.01311,0.84534
CVE-2015-3808,0.00342,0.68624
CVE-2015-3809,0.00381,0.70262
CVE-2015-3810,0.00359,0.69381
CVE-2015-3811,0.00305,0.66677
CVE-2015-3812,0.00373,0.69946
CVE-2015-3813,0.00371,0.69870
CVE-2015-3814,0.00315,0.67301
CVE-2015-3815,0.00381,0.70256
CVE-2015-3823,0.00149,0.50966
CVE-2015-3824,0.41607,0.96979
CVE-2015-3826,0.06485,0.93061
CVE-2015-3827,0.57848,0.97437
CVE-2015-3828,0.57494,0.97431
CVE-2015-3829,0.52726,0.97317
CVE-2015-3830,0.00120,0.46204
CVE-2015-3831,0.00068,0.28096
CVE-2015-3832,0.00139,0.49392
CVE-2015-3833,0.00068,0.28351
CVE-2015-3834,0.00150,0.51091
CVE-2015-3835,0.00211,0.59027
CVE-2015-3836,0.00179,0.55219
CVE-2015-3837,0.00078,0.32742
CVE-2015-3839,0.00042,0.05722
CVE-2015-3840,0.00042,0.05722
CVE-2015-3842,0.00068,0.28096
CVE-2015-3843,0.00143,0.50111
CVE-2015-3844,0.00056,0.20990
CVE-2015-3845,0.00056,0.20990
CVE-2015-3847,0.00055,0.20556
CVE-2015-3849,0.00165,0.53206
CVE-2015-3854,0.00140,0.49680
CVE-2015-3858,0.00056,0.20990
CVE-2015-3860,0.00139,0.49485
CVE-2015-3861,0.00136,0.49005
CVE-2015-3862,0.00096,0.39999
CVE-2015-3863,0.00057,0.21388
CVE-2015-3864,0.97178,0.99776
CVE-2015-3865,0.00056,0.21026
CVE-2015-3867,0.00149,0.50966
CVE-2015-3868,0.00150,0.51020
CVE-2015-3869,0.00149,0.50966
CVE-2015-3870,0.00149,0.50966
CVE-2015-3871,0.00149,0.50966
CVE-2015-3872,0.00149,0.50966
CVE-2015-3873,0.00149,0.50966
CVE-2015-3874,0.00149,0.50966
CVE-2015-3875,0.00182,0.55582
CVE-2015-3876,0.06423,0.93023
CVE-2015-3877,0.00149,0.50966
CVE-2015-3878,0.00055,0.20389
CVE-2015-3879,0.00056,0.21026
CVE-2015-3880,0.00256,0.63551
CVE-2015-3881,0.01061,0.82618
CVE-2015-3882,0.00172,0.54459
CVE-2015-3883,0.00109,0.43553
CVE-2015-3884,0.03057,0.90031
CVE-2015-3885,0.04800,0.91962
CVE-2015-3886,0.00769,0.79354
CVE-2015-3887,0.00043,0.07478
CVE-2015-3888,0.00219,0.59902
CVE-2015-3890,0.00112,0.44376
CVE-2015-3897,0.83225,0.98198
CVE-2015-3898,0.00171,0.54183
CVE-2015-3900,0.00845,0.80368
CVE-2015-3902,0.00310,0.66993
CVE-2015-3903,0.00190,0.56622
CVE-2015-3904,0.00238,0.61959
CVE-2015-3905,0.07460,0.93488
CVE-2015-3906,0.00303,0.66567
CVE-2015-3907,0.00659,0.77474
CVE-2015-3908,0.00133,0.48345
CVE-2015-3910,0.00166,0.53307
CVE-2015-3911,0.00527,0.74575
CVE-2015-3912,0.00295,0.66152
CVE-2015-3913,0.00218,0.59830
CVE-2015-3921,0.00120,0.46051
CVE-2015-3922,0.00280,0.65203
CVE-2015-3923,0.00460,0.72803
CVE-2015-3931,0.01104,0.82969
CVE-2015-3932,0.00945,0.81487
CVE-2015-3933,0.00219,0.59938
CVE-2015-3934,0.00140,0.49662
CVE-2015-3935,0.01640,0.86260
CVE-2015-3938,0.00348,0.68870
CVE-2015-3939,0.00104,0.42288
CVE-2015-3940,0.00043,0.07316
CVE-2015-3942,0.00274,0.64766
CVE-2015-3943,0.00267,0.64354
CVE-2015-3946,0.00080,0.33416
CVE-2015-3947,0.00142,0.49853
CVE-2015-3948,0.00184,0.55761
CVE-2015-3949,0.00075,0.31093
CVE-2015-3950,0.00096,0.39854
CVE-2015-3951,0.00357,0.69280
CVE-2015-3952,0.00162,0.52844
CVE-2015-3953,0.00213,0.59361
CVE-2015-3954,0.00213,0.59361
CVE-2015-3955,0.04174,0.91392
CVE-2015-3956,0.00213,0.59361
CVE-2015-3957,0.00103,0.41617
CVE-2015-3958,0.00520,0.74401
CVE-2015-3959,0.00053,0.18604
CVE-2015-3960,0.00206,0.58584
CVE-2015-3961,0.00288,0.65700
CVE-2015-3962,0.00166,0.53382
CVE-2015-3963,0.02370,0.88778
CVE-2015-3964,0.00568,0.75506
CVE-2015-3965,0.00207,0.58682
CVE-2015-3966,0.00185,0.55869
CVE-2015-3967,0.00085,0.35348
CVE-2015-3968,0.00448,0.72451
CVE-2015-3969,0.00187,0.56167
CVE-2015-3970,0.00160,0.52548
CVE-2015-3971,0.00448,0.72451
CVE-2015-3972,0.00448,0.72451
CVE-2015-3973,0.00187,0.56167
CVE-2015-3974,0.00242,0.62313
CVE-2015-3976,0.00054,0.19226
CVE-2015-3977,0.00383,0.70333
CVE-2015-3978,0.00042,0.05722
CVE-2015-3979,0.00716,0.78531
CVE-2015-3980,0.00134,0.48608
CVE-2015-3981,0.00147,0.50703
CVE-2015-3982,0.00191,0.56768
CVE-2015-3983,0.00408,0.71229
CVE-2015-3986,0.00548,0.75104
CVE-2015-3987,0.00042,0.05722
CVE-2015-3988,0.00169,0.53951
CVE-2015-3989,0.00143,0.50076
CVE-2015-3990,0.10153,0.94427
CVE-2015-3991,0.03909,0.91131
CVE-2015-3993,0.00234,0.61572
CVE-2015-3994,0.00203,0.58331
CVE-2015-3995,0.00210,0.58948
CVE-2015-3996,0.00100,0.40851
CVE-2015-3998,0.00116,0.45370
CVE-2015-3999,0.00042,0.05722
CVE-2015-4000,0.97491,0.99971
CVE-2015-4001,0.04402,0.91586
CVE-2015-4002,0.01446,0.85315
CVE-2015-4003,0.01496,0.85556
CVE-2015-4004,0.02197,0.88332
CVE-2015-4010,0.00639,0.77039
CVE-2015-4016,0.01401,0.85073
CVE-2015-4017,0.00174,0.54663
CVE-2015-4018,0.00112,0.44428
CVE-2015-4020,0.00637,0.76984
CVE-2015-4021,0.73998,0.97870
CVE-2015-4022,0.07759,0.93583
CVE-2015-4024,0.71276,0.97796
CVE-2015-4025,0.02135,0.88161
CVE-2015-4026,0.04034,0.91236
CVE-2015-4027,0.00061,0.23986
CVE-2015-4029,0.57469,0.97430
CVE-2015-4031,0.95951,0.99350
CVE-2015-4032,0.84958,0.98279
CVE-2015-4033,0.07187,0.93398
CVE-2015-4034,0.34014,0.96700
CVE-2015-4035,0.00406,0.71148
CVE-2015-4036,0.00088,0.36834
CVE-2015-4037,0.00044,0.08000
CVE-2015-4038,0.00846,0.80381
CVE-2015-4039,0.00261,0.63914
CVE-2015-4040,0.03343,0.90451
CVE-2015-4041,0.00063,0.25704
CVE-2015-4042,0.00369,0.69796
CVE-2015-4043,0.00119,0.45992
CVE-2015-4045,0.00042,0.05722
CVE-2015-4046,0.00806,0.79912
CVE-2015-4047,0.01370,0.84912
CVE-2015-4049,0.00156,0.51887
CVE-2015-4050,0.00847,0.80389
CVE-2015-4051,0.02336,0.88688
CVE-2015-4053,0.00042,0.05722
CVE-2015-4054,0.00861,0.80541
CVE-2015-4056,0.00042,0.05722
CVE-2015-4057,0.00284,0.65469
CVE-2015-4059,0.76726,0.97945
CVE-2015-4060,0.76726,0.97945
CVE-2015-4062,0.03919,0.91142
CVE-2015-4063,0.04016,0.91223
CVE-2015-4064,0.00135,0.48666
CVE-2015-4065,0.00103,0.41717
CVE-2015-4066,0.00136,0.48943
CVE-2015-4067,0.31998,0.96615
CVE-2015-4068,0.97355,0.99885
CVE-2015-4069,0.94825,0.99124
CVE-2015-4070,0.00081,0.33701
CVE-2015-4071,0.00383,0.70320
CVE-2015-4072,0.00280,0.65190
CVE-2015-4073,0.00271,0.64587
CVE-2015-4074,0.00598,0.76166
CVE-2015-4075,0.00453,0.72610
CVE-2015-4077,0.00042,0.05722
CVE-2015-4078,0.00066,0.27446
CVE-2015-4080,0.00331,0.68175
CVE-2015-4082,0.00254,0.63430
CVE-2015-4084,0.00225,0.60809
CVE-2015-4085,0.00172,0.54261
CVE-2015-4089,0.00231,0.61347
CVE-2015-4091,0.00689,0.78073
CVE-2015-4092,0.05204,0.92271
CVE-2015-4093,0.00220,0.60154
CVE-2015-4094,0.00081,0.33762
CVE-2015-4100,0.00180,0.55289
CVE-2015-4103,0.00064,0.26441
CVE-2015-4104,0.02599,0.89250
CVE-2015-4105,0.00064,0.26441
CVE-2015-4106,0.00064,0.26441
CVE-2015-4108,0.04400,0.91585
CVE-2015-4109,0.00160,0.52682
CVE-2015-4111,0.03594,0.90766
CVE-2015-4112,0.00145,0.50430
CVE-2015-4116,0.03930,0.91151
CVE-2015-4117,0.01447,0.85321
CVE-2015-4118,0.01236,0.84023
CVE-2015-4119,0.00974,0.81790
CVE-2015-4127,0.00340,0.68530
CVE-2015-4129,0.00134,0.48573
CVE-2015-4132,0.00057,0.21243
CVE-2015-4133,0.85692,0.98310
CVE-2015-4134,0.00348,0.68878
CVE-2015-4135,0.00254,0.63423
CVE-2015-4137,0.00242,0.62232
CVE-2015-4138,0.00349,0.68931
CVE-2015-4139,0.00094,0.39306
CVE-2015-4140,0.00420,0.71591
CVE-2015-4141,0.02829,0.89692
CVE-2015-4142,0.07470,0.93492
CVE-2015-4143,0.02371,0.88783
CVE-2015-4144,0.02371,0.88783
CVE-2015-4145,0.02927,0.89835
CVE-2015-4146,0.02377,0.88794
CVE-2015-4147,0.07222,0.93411
CVE-2015-4148,0.03057,0.90031
CVE-2015-4152,0.00324,0.67766
CVE-2015-4153,0.08327,0.93804
CVE-2015-4155,0.00042,0.05722
CVE-2015-4156,0.00042,0.05722
CVE-2015-4157,0.00287,0.65658
CVE-2015-4158,0.00287,0.65658
CVE-2015-4159,0.00185,0.55822
CVE-2015-4160,0.00185,0.55822
CVE-2015-4161,0.01103,0.82965
CVE-2015-4162,0.00125,0.47002
CVE-2015-4163,0.00062,0.24773
CVE-2015-4164,0.00062,0.24773
CVE-2015-4165,0.01333,0.84664
CVE-2015-4166,0.00166,0.53277
CVE-2015-4167,0.00044,0.08000
CVE-2015-4170,0.00103,0.41576
CVE-2015-4171,0.00437,0.72139
CVE-2015-4173,0.00042,0.05722
CVE-2015-4174,0.00378,0.70152
CVE-2015-4176,0.00042,0.05722
CVE-2015-4177,0.00042,0.05722
CVE-2015-4178,0.00042,0.05722
CVE-2015-4179,0.00181,0.55380
CVE-2015-4180,0.00337,0.68424
CVE-2015-4181,0.00337,0.68424
CVE-2015-4182,0.00136,0.48926
CVE-2015-4183,0.00042,0.05844
CVE-2015-4184,0.00131,0.48061
CVE-2015-4185,0.00042,0.05722
CVE-2015-4186,0.00042,0.05844
CVE-2015-4188,0.00138,0.49306
CVE-2015-4189,0.00092,0.38925
CVE-2015-4190,0.00100,0.40851
CVE-2015-4191,0.00259,0.63761
CVE-2015-4194,0.00121,0.46358
CVE-2015-4195,0.00142,0.49975
CVE-2015-4196,0.00187,0.56283
CVE-2015-4197,0.00278,0.65005
CVE-2015-4198,0.00107,0.43129
CVE-2015-4199,0.00240,0.62107
CVE-2015-4200,0.00259,0.63761
CVE-2015-4201,0.00259,0.63761
CVE-2015-4202,0.00143,0.50177
CVE-2015-4203,0.00259,0.63761
CVE-2015-4204,0.00142,0.49975
CVE-2015-4205,0.00278,0.65005
CVE-2015-4206,0.00205,0.58506
CVE-2015-4207,0.00107,0.43150
CVE-2015-4208,0.00226,0.60911
CVE-2015-4209,0.00277,0.64998
CVE-2015-4210,0.00107,0.43129
CVE-2015-4211,0.00042,0.05722
CVE-2015-4212,0.00121,0.46358
CVE-2015-4213,0.00114,0.44888
CVE-2015-4214,0.00084,0.34923
CVE-2015-4215,0.00278,0.65005
CVE-2015-4216,0.00136,0.49024
CVE-2015-4217,0.00205,0.58490
CVE-2015-4218,0.00143,0.50177
CVE-2015-4219,0.00125,0.46985
CVE-2015-4220,0.00107,0.43129
CVE-2015-4221,0.00108,0.43426
CVE-2015-4222,0.00149,0.51012
CVE-2015-4223,0.00203,0.58325
CVE-2015-4224,0.00043,0.07616
CVE-2015-4225,0.00114,0.44888
CVE-2015-4226,0.00259,0.63761
CVE-2015-4227,0.00259,0.63761
CVE-2015-4228,0.00121,0.46348
CVE-2015-4229,0.00121,0.46358
CVE-2015-4230,0.00259,0.63761
CVE-2015-4231,0.00042,0.05722
CVE-2015-4232,0.00042,0.05722
CVE-2015-4233,0.00149,0.51012
CVE-2015-4234,0.00042,0.05722
CVE-2015-4235,0.00158,0.52278
CVE-2015-4236,0.00259,0.63761
CVE-2015-4237,0.00042,0.05844
CVE-2015-4238,0.00108,0.43364
CVE-2015-4239,0.00112,0.44423
CVE-2015-4240,0.00133,0.48372
CVE-2015-4241,0.00153,0.51539
CVE-2015-4242,0.00076,0.31337
CVE-2015-4243,0.00112,0.44423
CVE-2015-4244,0.00042,0.05844
CVE-2015-4252,0.00076,0.31337
CVE-2015-4253,0.00076,0.31337
CVE-2015-4254,0.00109,0.43877
CVE-2015-4255,0.00076,0.31337
CVE-2015-4256,0.00076,0.31337
CVE-2015-4257,0.00076,0.31337
CVE-2015-4258,0.00076,0.31337
CVE-2015-4259,0.00067,0.27666
CVE-2015-4260,0.00106,0.42879
CVE-2015-4262,0.00159,0.52488
CVE-2015-4263,0.00101,0.41215
CVE-2015-4265,0.00042,0.05722
CVE-2015-4266,0.00145,0.50339
CVE-2015-4267,0.00076,0.31337
CVE-2015-4268,0.00106,0.42879
CVE-2015-4269,0.00108,0.43364
CVE-2015-4270,0.00106,0.42879
CVE-2015-4271,0.00179,0.55220
CVE-2015-4272,0.00106,0.42879
CVE-2015-4273,0.00133,0.48372
CVE-2015-4274,0.00092,0.38925
CVE-2015-4275,0.00186,0.56036
CVE-2015-4276,0.00479,0.73336
CVE-2015-4277,0.00042,0.05722
CVE-2015-4278,0.00186,0.56036
CVE-2015-4279,0.00043,0.07685
CVE-2015-4280,0.00278,0.65008
CVE-2015-4281,0.00157,0.52101
CVE-2015-4282,0.00042,0.05722
CVE-2015-4283,0.00186,0.56036
CVE-2015-4284,0.00563,0.75411
CVE-2015-4285,0.00186,0.56036
CVE-2015-4286,0.00096,0.39782
CVE-2015-4287,0.00242,0.62290
CVE-2015-4288,0.00052,0.17675
CVE-2015-4289,0.00100,0.40935
CVE-2015-4290,0.00042,0.05722
CVE-2015-4291,0.00186,0.56036
CVE-2015-4292,0.00135,0.48865
CVE-2015-4293,0.00186,0.56036
CVE-2015-4294,0.00135,0.48865
CVE-2015-4295,0.00076,0.31273
CVE-2015-4296,0.00186,0.56036
CVE-2015-4297,0.00093,0.38964
CVE-2015-4298,0.00257,0.63560
CVE-2015-4299,0.00182,0.55558
CVE-2015-4301,0.00108,0.43364
CVE-2015-4302,0.00203,0.58325
CVE-2015-4303,0.00443,0.72321
CVE-2015-4304,0.00158,0.52278
CVE-2015-4305,0.00100,0.40872
CVE-2015-4306,0.00158,0.52278
CVE-2015-4307,0.00158,0.52278
CVE-2015-4308,0.00114,0.44888
CVE-2015-4310,0.00107,0.43129
CVE-2015-4314,0.00076,0.31273
CVE-2015-4315,0.00229,0.61202
CVE-2015-4316,0.00239,0.62052
CVE-2015-4317,0.00563,0.75411
CVE-2015-4318,0.00563,0.75411
CVE-2015-4319,0.00103,0.41692
CVE-2015-4320,0.00112,0.44350
CVE-2015-4321,0.00127,0.47260
CVE-2015-4322,0.00122,0.46394
CVE-2015-4323,0.00435,0.72082
CVE-2015-4324,0.00293,0.66042
CVE-2015-4325,0.00042,0.05722
CVE-2015-4327,0.00042,0.05722
CVE-2015-4328,0.00079,0.32908
CVE-2015-4329,0.00199,0.57835
CVE-2015-4330,0.00042,0.05844
CVE-2015-4331,0.00090,0.37975
CVE-2015-4334,0.00139,0.49374
CVE-2015-4335,0.01939,0.87459
CVE-2015-4336,0.00921,0.81238
CVE-2015-4337,0.00095,0.39672
CVE-2015-4338,0.00338,0.68460
CVE-2015-4342,0.00640,0.77042
CVE-2015-4344,0.00397,0.70886
CVE-2015-4345,0.00382,0.70308
CVE-2015-4346,0.00220,0.60154
CVE-2015-4347,0.00192,0.57132
CVE-2015-4348,0.00124,0.46705
CVE-2015-4349,0.00167,0.53423
CVE-2015-4350,0.00159,0.52409
CVE-2015-4351,0.00251,0.63078
CVE-2015-4352,0.00167,0.53423
CVE-2015-4353,0.00167,0.53423
CVE-2015-4354,0.00111,0.44215
CVE-2015-4355,0.00159,0.52409
CVE-2015-4356,0.00111,0.44215
CVE-2015-4357,0.00117,0.45522
CVE-2015-4358,0.00102,0.41341
CVE-2015-4359,0.00116,0.45269
CVE-2015-4360,0.00320,0.67562
CVE-2015-4361,0.00160,0.52542
CVE-2015-4362,0.00328,0.67970
CVE-2015-4363,0.00245,0.62586
CVE-2015-4364,0.00202,0.58163
CVE-2015-4365,0.00093,0.39055
CVE-2015-4366,0.00093,0.39055
CVE-2015-4367,0.00111,0.44215
CVE-2015-4368,0.00376,0.70054
CVE-2015-4369,0.00111,0.44215
CVE-2015-4370,0.00102,0.41341
CVE-2015-4371,0.00280,0.65203
CVE-2015-4372,0.00102,0.41341
CVE-2015-4373,0.00102,0.41341
CVE-2015-4374,0.00117,0.45522
CVE-2015-4375,0.00358,0.69347
CVE-2015-4376,0.00111,0.44215
CVE-2015-4377,0.00089,0.37616
CVE-2015-4378,0.00089,0.37616
CVE-2015-4379,0.00202,0.58163
CVE-2015-4380,0.00102,0.41341
CVE-2015-4381,0.00111,0.44215
CVE-2015-4382,0.00214,0.59454
CVE-2015-4383,0.00159,0.52409
CVE-2015-4384,0.00107,0.43161
CVE-2015-4385,0.00102,0.41341
CVE-2015-4386,0.00220,0.60154
CVE-2015-4387,0.00254,0.63423
CVE-2015-4388,0.00220,0.60154
CVE-2015-4389,0.00121,0.46375
CVE-2015-4390,0.00214,0.59454
CVE-2015-4391,0.00214,0.59454
CVE-2015-4392,0.00102,0.41341
CVE-2015-4393,0.00800,0.79832
CVE-2015-4394,0.00266,0.64308
CVE-2015-4395,0.00160,0.52641
CVE-2015-4396,0.00160,0.52542
CVE-2015-4397,0.00094,0.39300
CVE-2015-4398,0.00371,0.69885
CVE-2015-4400,0.00282,0.65324
CVE-2015-4407,0.00100,0.40829
CVE-2015-4408,0.00100,0.40829
CVE-2015-4409,0.00100,0.40829
CVE-2015-4410,0.01016,0.82172
CVE-2015-4411,0.03379,0.90508
CVE-2015-4412,0.01379,0.84961
CVE-2015-4413,0.00170,0.54092
CVE-2015-4414,0.12486,0.94949
CVE-2015-4415,0.00383,0.70332
CVE-2015-4418,0.00410,0.71285
CVE-2015-4420,0.00185,0.55840
CVE-2015-4421,0.00258,0.63634
CVE-2015-4422,0.00060,0.23628
CVE-2015-4425,0.03310,0.90408
CVE-2015-4426,0.00160,0.52623
CVE-2015-4427,0.00125,0.46962
CVE-2015-4428,0.11699,0.94814
CVE-2015-4429,0.01909,0.87355
CVE-2015-4430,0.90529,0.98606
CVE-2015-4431,0.02341,0.88703
CVE-2015-4432,0.61502,0.97540
CVE-2015-4433,0.18970,0.95821
CVE-2015-4435,0.01711,0.86522
CVE-2015-4438,0.01711,0.86522
CVE-2015-4441,0.01678,0.86395
CVE-2015-4443,0.00309,0.66942
CVE-2015-4444,0.00309,0.66942
CVE-2015-4445,0.01711,0.86522
CVE-2015-4446,0.01233,0.84011
CVE-2015-4447,0.01711,0.86522
CVE-2015-4448,0.01190,0.83674
CVE-2015-4449,0.00359,0.69356
CVE-2015-4450,0.00359,0.69356
CVE-2015-4451,0.02008,0.87714
CVE-2015-4452,0.01678,0.86395
CVE-2015-4453,0.34445,0.96717
CVE-2015-4454,0.00526,0.74568
CVE-2015-4455,0.28491,0.96454
CVE-2015-4456,0.00093,0.39166
CVE-2015-4457,0.00066,0.27429
CVE-2015-4458,0.00052,0.17675
CVE-2015-4460,0.00606,0.76347
CVE-2015-4461,0.00118,0.45655
CVE-2015-4462,0.00146,0.50475
CVE-2015-4463,0.00091,0.38127
CVE-2015-4464,0.11476,0.94752
CVE-2015-4465,0.00163,0.52990
CVE-2015-4467,0.00676,0.77798
CVE-2015-4468,0.00602,0.76237
CVE-2015-4469,0.01066,0.82656
CVE-2015-4470,0.00614,0.76512
CVE-2015-4471,0.00882,0.80783
CVE-2015-4472,0.00823,0.80098
CVE-2015-4473,0.01532,0.85761
CVE-2015-4474,0.05361,0.92390
CVE-2015-4475,0.05187,0.92259
CVE-2015-4476,0.00749,0.79043
CVE-2015-4477,0.05152,0.92232
CVE-2015-4478,0.00621,0.76684
CVE-2015-4479,0.06219,0.92910
CVE-2015-4480,0.03686,0.90886
CVE-2015-4481,0.00047,0.14048
CVE-2015-4482,0.00061,0.24237
CVE-2015-4483,0.00216,0.59633
CVE-2015-4484,0.04859,0.92007
CVE-2015-4485,0.01213,0.83845
CVE-2015-4486,0.01179,0.83588
CVE-2015-4487,0.03785,0.90997
CVE-2015-4488,0.01601,0.86083
CVE-2015-4489,0.03065,0.90040
CVE-2015-4490,0.00259,0.63750
CVE-2015-4491,0.01364,0.84875
CVE-2015-4492,0.01974,0.87575
CVE-2015-4493,0.01322,0.84605
CVE-2015-4494,0.00160,0.52546
CVE-2015-4495,0.96539,0.99525
CVE-2015-4496,0.00493,0.73700
CVE-2015-4497,0.14590,0.95278
CVE-2015-4498,0.02040,0.87817
CVE-2015-4499,0.02440,0.88941
CVE-2015-4500,0.08321,0.93803
CVE-2015-4501,0.08846,0.93995
CVE-2015-4502,0.00400,0.70956
CVE-2015-4503,0.00347,0.68828
CVE-2015-4504,0.05414,0.92433
CVE-2015-4505,0.00042,0.05722
CVE-2015-4506,0.08906,0.94021
CVE-2015-4507,0.01591,0.86043
CVE-2015-4508,0.00437,0.72160
CVE-2015-4509,0.14590,0.95278
CVE-2015-4510,0.07704,0.93558
CVE-2015-4511,0.08569,0.93909
CVE-2015-4512,0.05414,0.92433
CVE-2015-4513,0.08257,0.93788
CVE-2015-4514,0.08846,0.93995
CVE-2015-4515,0.00368,0.69789
CVE-2015-4516,0.01103,0.82965
CVE-2015-4517,0.06576,0.93120
CVE-2015-4518,0.00296,0.66233
CVE-2015-4519,0.00619,0.76645
CVE-2015-4520,0.01561,0.85900
CVE-2015-4521,0.06576,0.93120
CVE-2015-4522,0.06576,0.93120
CVE-2015-4523,0.00415,0.71472
CVE-2015-4524,0.00190,0.56597
CVE-2015-4525,0.00174,0.54633
CVE-2015-4526,0.00042,0.05722
CVE-2015-4527,0.00321,0.67619
CVE-2015-4528,0.00093,0.39055
CVE-2015-4529,0.00245,0.62586
CVE-2015-4530,0.00097,0.40110
CVE-2015-4531,0.00225,0.60829
CVE-2015-4532,0.00320,0.67565
CVE-2015-4533,0.00518,0.74350
CVE-2015-4534,0.00788,0.79627
CVE-2015-4535,0.00283,0.65392
CVE-2015-4536,0.00138,0.49345
CVE-2015-4537,0.00125,0.47002
CVE-2015-4538,0.00326,0.67862
CVE-2015-4539,0.00075,0.31112
CVE-2015-4540,0.00055,0.20421
CVE-2015-4541,0.00081,0.33536
CVE-2015-4542,0.00241,0.62177
CVE-2015-4543,0.00098,0.40400
CVE-2015-4544,0.00225,0.60829
CVE-2015-4545,0.00185,0.55882
CVE-2015-4546,0.00160,0.52545
CVE-2015-4547,0.00139,0.49489
CVE-2015-4548,0.00042,0.05722
CVE-2015-4550,0.00057,0.21259
CVE-2015-4551,0.00220,0.60009
CVE-2015-4552,0.00223,0.60696
CVE-2015-4553,0.91787,0.98731
CVE-2015-4554,0.02904,0.89808
CVE-2015-4555,0.03455,0.90604
CVE-2015-4556,0.01594,0.86054
CVE-2015-4557,0.00219,0.59932
CVE-2015-4559,0.00192,0.57132
CVE-2015-4586,0.00158,0.52273
CVE-2015-4587,0.00155,0.51807
CVE-2015-4588,0.03333,0.90440
CVE-2015-4590,0.01544,0.85815
CVE-2015-4591,0.00163,0.53013
CVE-2015-4592,0.00262,0.63992
CVE-2015-4593,0.01012,0.82146
CVE-2015-4594,0.01862,0.87130
CVE-2015-4596,0.00042,0.05722
CVE-2015-4598,0.00661,0.77539
CVE-2015-4599,0.04858,0.92006
CVE-2015-4600,0.06579,0.93123
CVE-2015-4601,0.06593,0.93126
CVE-2015-4602,0.09669,0.94267
CVE-2015-4603,0.12106,0.94896
CVE-2015-4604,0.08679,0.93948
CVE-2015-4605,0.08679,0.93948
CVE-2015-4606,0.02724,0.89511
CVE-2015-4607,0.00861,0.80546
CVE-2015-4608,0.00068,0.28383
CVE-2015-4609,0.00119,0.45893
CVE-2015-4610,0.00119,0.45893
CVE-2015-4611,0.00119,0.45893
CVE-2015-4612,0.00119,0.45893
CVE-2015-4613,0.00113,0.44656
CVE-2015-4614,0.01569,0.85930
CVE-2015-4615,0.00236,0.61791
CVE-2015-4616,0.00885,0.80809
CVE-2015-4617,0.00093,0.39255
CVE-2015-4619,0.00211,0.59054
CVE-2015-4620,0.15650,0.95437
CVE-2015-4624,0.14592,0.95279
CVE-2015-4625,0.00042,0.05722
CVE-2015-4626,0.00456,0.72690
CVE-2015-4627,0.00138,0.49278
CVE-2015-4628,0.00175,0.54701
CVE-2015-4629,0.00412,0.71343
CVE-2015-4630,0.00703,0.78298
CVE-2015-4631,0.00180,0.55269
CVE-2015-4632,0.02297,0.88610
CVE-2015-4633,0.00458,0.72726
CVE-2015-4634,0.00768,0.79349
CVE-2015-4637,0.00199,0.57787
CVE-2015-4638,0.00298,0.66305
CVE-2015-4639,0.00134,0.48610
CVE-2015-4640,0.00130,0.47886
CVE-2015-4641,0.00606,0.76350
CVE-2015-4642,0.04259,0.91463
CVE-2015-4643,0.00733,0.78820
CVE-2015-4644,0.07577,0.93524
CVE-2015-4645,0.00805,0.79901
CVE-2015-4646,0.00559,0.75309
CVE-2015-4647,0.60635,0.97506
CVE-2015-4648,0.70037,0.97749
CVE-2015-4649,0.00229,0.61139
CVE-2015-4650,0.00595,0.76110
CVE-2015-4651,0.00353,0.69102
CVE-2015-4652,0.00441,0.72248
CVE-2015-4654,0.00162,0.52877
CVE-2015-4655,0.00271,0.64579
CVE-2015-4656,0.00271,0.64579
CVE-2015-4657,0.00192,0.57132
CVE-2015-4658,0.00141,0.49830
CVE-2015-4659,0.00243,0.62350
CVE-2015-4660,0.00198,0.57757
CVE-2015-4661,0.00198,0.57757
CVE-2015-4664,0.01016,0.82175
CVE-2015-4665,0.00290,0.65829
CVE-2015-4666,0.02372,0.88783
CVE-2015-4667,0.00904,0.81040
CVE-2015-4668,0.00397,0.70880
CVE-2015-4669,0.00042,0.05722
CVE-2015-4670,0.00395,0.70819
CVE-2015-4671,0.00203,0.58311
CVE-2015-4673,0.00081,0.33902
CVE-2015-4674,0.00338,0.68458
CVE-2015-4675,0.05828,0.92678
CVE-2015-4676,0.00109,0.43807
CVE-2015-4677,0.00243,0.62350
CVE-2015-4678,0.00169,0.53820
CVE-2015-4679,0.00155,0.51807
CVE-2015-4680,0.00408,0.71221
CVE-2015-4681,0.00042,0.05722
CVE-2015-4682,0.00594,0.76091
CVE-2015-4683,0.01014,0.82161
CVE-2015-4684,0.00439,0.72202
CVE-2015-4685,0.00042,0.05722
CVE-2015-4687,0.00098,0.40456
CVE-2015-4688,0.00092,0.38943
CVE-2015-4689,0.00715,0.78520
CVE-2015-4692,0.00044,0.08000
CVE-2015-4694,0.02304,0.88619
CVE-2015-4695,0.10044,0.94402
CVE-2015-4696,0.05236,0.92289
CVE-2015-4697,0.00215,0.59603
CVE-2015-4699,0.00079,0.32895
CVE-2015-4700,0.00044,0.08000
CVE-2015-4703,0.00652,0.77301
CVE-2015-4704,0.06021,0.92789
CVE-2015-4706,0.00199,0.57816
CVE-2015-4707,0.00199,0.57816
CVE-2015-4713,0.00091,0.38618
CVE-2015-4714,0.00155,0.51807
CVE-2015-4715,0.00321,0.67633
CVE-2015-4716,0.25889,0.96303
CVE-2015-4717,0.00728,0.78739
CVE-2015-4718,0.01189,0.83659
CVE-2015-4719,0.00489,0.73612
CVE-2015-4721,0.00079,0.32992
CVE-2015-4724,0.00087,0.36089
CVE-2015-4725,0.00155,0.51807
CVE-2015-4726,0.00823,0.80098
CVE-2015-4727,0.00398,0.70914
CVE-2015-4728,0.00086,0.35594
CVE-2015-4729,0.00596,0.76130
CVE-2015-4730,0.00287,0.65646
CVE-2015-4731,0.02346,0.88720
CVE-2015-4732,0.02346,0.88720
CVE-2015-4733,0.02346,0.88720
CVE-2015-4734,0.00873,0.80669
CVE-2015-4735,0.00171,0.54170
CVE-2015-4736,0.01187,0.83648
CVE-2015-4737,0.00146,0.50445
CVE-2015-4738,0.00086,0.35594
CVE-2015-4739,0.00073,0.30397
CVE-2015-4740,0.00276,0.64911
CVE-2015-4741,0.00073,0.30397
CVE-2015-4742,0.00208,0.58760
CVE-2015-4743,0.00086,0.35594
CVE-2015-4744,0.00107,0.43061
CVE-2015-4745,0.95375,0.99227
CVE-2015-4746,0.00086,0.35594
CVE-2015-4747,0.02291,0.88594
CVE-2015-4748,0.02861,0.89744
CVE-2015-4749,0.03874,0.91097
CVE-2015-4750,0.00118,0.45706
CVE-2015-4751,0.00208,0.58760
CVE-2015-4752,0.00204,0.58419
CVE-2015-4753,0.00060,0.23365
CVE-2015-4754,0.00060,0.23365
CVE-2015-4755,0.00191,0.56768
CVE-2015-4756,0.00534,0.74772
CVE-2015-4757,0.00204,0.58419
CVE-2015-4758,0.02291,0.88594
CVE-2015-4759,0.02291,0.88594
CVE-2015-4760,0.02365,0.88769
CVE-2015-4761,0.00430,0.71892
CVE-2015-4762,0.00086,0.35594
CVE-2015-4763,0.00082,0.34129
CVE-2015-4764,0.00060,0.23365
CVE-2015-4765,0.00073,0.30397
CVE-2015-4766,0.00043,0.07608
CVE-2015-4767,0.00580,0.75787
CVE-2015-4768,0.00086,0.35594
CVE-2015-4769,0.00580,0.75787
CVE-2015-4770,0.00060,0.23399
CVE-2015-4771,0.00580,0.75787
CVE-2015-4772,0.00580,0.75787
CVE-2015-4773,0.00098,0.40393
CVE-2015-4774,0.00060,0.23399
CVE-2015-4775,0.00060,0.23365
CVE-2015-4776,0.00060,0.23365
CVE-2015-4777,0.00060,0.23365
CVE-2015-4778,0.00060,0.23365
CVE-2015-4779,0.00060,0.23399
CVE-2015-4780,0.00060,0.23365
CVE-2015-4781,0.00060,0.23365
CVE-2015-4782,0.00060,0.23365
CVE-2015-4783,0.00060,0.23365
CVE-2015-4784,0.00060,0.23365
CVE-2015-4785,0.00060,0.23365
CVE-2015-4786,0.00060,0.23365
CVE-2015-4787,0.00060,0.23365
CVE-2015-4788,0.00060,0.23399
CVE-2015-4789,0.00060,0.23365
CVE-2015-4790,0.00060,0.23365
CVE-2015-4791,0.00197,0.57683
CVE-2015-4792,0.00181,0.55405
CVE-2015-4793,0.00181,0.55435
CVE-2015-4794,0.00324,0.67747
CVE-2015-4795,0.00457,0.72726
CVE-2015-4796,0.01035,0.82353
CVE-2015-4797,0.00073,0.30397
CVE-2015-4798,0.01239,0.84053
CVE-2015-4799,0.00150,0.51085
CVE-2015-4800,0.00299,0.66400
CVE-2015-4801,0.00043,0.07608
CVE-2015-4802,0.00179,0.55233
CVE-2015-4803,0.06318,0.92960
CVE-2015-4804,0.00086,0.35594
CVE-2015-4805,0.08330,0.93806
CVE-2015-4806,0.00873,0.80669
CVE-2015-4807,0.00241,0.62154
CVE-2015-4808,0.00043,0.07608
CVE-2015-4809,0.00043,0.07608
CVE-2015-4810,0.00044,0.08000
CVE-2015-4811,0.00043,0.07608
CVE-2015-4812,0.00181,0.55435
CVE-2015-4813,0.00043,0.07608
CVE-2015-4815,0.00179,0.55233
CVE-2015-4816,0.00250,0.63023
CVE-2015-4817,0.00043,0.07608
CVE-2015-4818,0.00086,0.35594
CVE-2015-4819,0.00044,0.08000
CVE-2015-4820,0.00043,0.07608
CVE-2015-4821,0.00692,0.78114
CVE-2015-4822,0.00043,0.07608
CVE-2015-4823,0.00043,0.07608
CVE-2015-4824,0.00086,0.35594
CVE-2015-4825,0.00090,0.37884
CVE-2015-4826,0.00120,0.46045
CVE-2015-4827,0.00197,0.57643
CVE-2015-4828,0.00090,0.37884
CVE-2015-4830,0.00133,0.48469
CVE-2015-4831,0.00043,0.07608
CVE-2015-4832,0.00150,0.51085
CVE-2015-4833,0.00236,0.61759
CVE-2015-4834,0.00043,0.07608
CVE-2015-4835,0.08330,0.93806
CVE-2015-4836,0.00179,0.55233
CVE-2015-4837,0.00043,0.07608
CVE-2015-4838,0.00086,0.35594
CVE-2015-4839,0.01239,0.84053
CVE-2015-4840,0.00789,0.79685
CVE-2015-4841,0.00292,0.65967
CVE-2015-4842,0.00788,0.79630
CVE-2015-4843,0.02270,0.88541
CVE-2015-4844,0.02270,0.88541
CVE-2015-4845,0.00649,0.77234
CVE-2015-4846,0.00197,0.57657
CVE-2015-4847,0.00145,0.50401
CVE-2015-4848,0.00191,0.56768
CVE-2015-4849,0.00892,0.80903
CVE-2015-4850,0.00086,0.35594
CVE-2015-4851,0.00892,0.80903
CVE-2015-4852,0.96878,0.99649
CVE-2015-4854,0.00275,0.64821
CVE-2015-4856,0.00043,0.07625
CVE-2015-4857,0.00086,0.35594
CVE-2015-4858,0.00179,0.55233
CVE-2015-4859,0.00153,0.51601
CVE-2015-4860,0.02270,0.88541
CVE-2015-4861,0.00179,0.55233
CVE-2015-4862,0.00299,0.66400
CVE-2015-4863,0.01048,0.82467
CVE-2015-4864,0.00282,0.65319
CVE-2015-4865,0.00086,0.35594
CVE-2015-4866,0.00137,0.49099
CVE-2015-4867,0.00153,0.51601
CVE-2015-4868,0.01131,0.83188
CVE-2015-4869,0.00043,0.07625
CVE-2015-4870,0.00543,0.74980
CVE-2015-4871,0.00591,0.76055
CVE-2015-4872,0.00828,0.80159
CVE-2015-4873,0.00043,0.07608
CVE-2015-4874,0.00043,0.07608
CVE-2015-4875,0.00165,0.53201
CVE-2015-4876,0.00086,0.35594
CVE-2015-4877,0.00043,0.07666
CVE-2015-4878,0.00043,0.07666
CVE-2015-4879,0.00254,0.63286
CVE-2015-4880,0.00153,0.51601
CVE-2015-4881,0.01643,0.86273
CVE-2015-4882,0.03324,0.90428
CVE-2015-4883,0.02270,0.88541
CVE-2015-4884,0.00191,0.56768
CVE-2015-4885,0.00251,0.63093
CVE-2015-4886,0.00802,0.79851
CVE-2015-4887,0.00324,0.67747
CVE-2015-4888,0.00324,0.67747
CVE-2015-4890,0.00299,0.66400
CVE-2015-4891,0.00043,0.07608
CVE-2015-4892,0.00073,0.30397
CVE-2015-4893,0.03324,0.90428
CVE-2015-4894,0.00111,0.44141
CVE-2015-4895,0.00252,0.63174
CVE-2015-4896,0.00980,0.81844
CVE-2015-4898,0.00086,0.35594
CVE-2015-4899,0.00181,0.55435
CVE-2015-4900,0.00324,0.67747
CVE-2015-4901,0.01110,0.83027
CVE-2015-4902,0.00861,0.80543
CVE-2015-4903,0.00873,0.80669
CVE-2015-4904,0.00287,0.65646
CVE-2015-4905,0.00197,0.57683
CVE-2015-4906,0.00649,0.77234
CVE-2015-4907,0.00043,0.07608
CVE-2015-4908,0.00649,0.77234
CVE-2015-4909,0.00181,0.55435
CVE-2015-4910,0.00541,0.74944
CVE-2015-4911,0.07371,0.93460
CVE-2015-4912,0.00181,0.55435
CVE-2015-4913,0.00179,0.55233
CVE-2015-4914,0.00086,0.35594
CVE-2015-4915,0.00773,0.79428
CVE-2015-4916,0.00649,0.77234
CVE-2015-4917,0.00073,0.30397
CVE-2015-4919,0.00671,0.77716
CVE-2015-4920,0.00043,0.07608
CVE-2015-4921,0.00086,0.35594
CVE-2015-4922,0.00043,0.07608
CVE-2015-4923,0.00089,0.37274
CVE-2015-4924,0.00073,0.30397
CVE-2015-4925,0.00294,0.66073
CVE-2015-4926,0.00163,0.52958
CVE-2015-4927,0.00042,0.05722
CVE-2015-4928,0.00074,0.30542
CVE-2015-4929,0.00070,0.29111
CVE-2015-4930,0.00263,0.64020
CVE-2015-4931,0.42115,0.96993
CVE-2015-4932,0.42115,0.96993
CVE-2015-4933,0.42115,0.96993
CVE-2015-4934,0.42115,0.96993
CVE-2015-4935,0.42115,0.96993
CVE-2015-4936,0.00220,0.59972
CVE-2015-4938,0.00311,0.67043
CVE-2015-4939,0.00154,0.51721
CVE-2015-4940,0.00042,0.05722
CVE-2015-4941,0.00330,0.68116
CVE-2015-4942,0.00193,0.57167
CVE-2015-4943,0.00330,0.68116
CVE-2015-4944,0.00063,0.25667
CVE-2015-4945,0.00100,0.40919
CVE-2015-4946,0.00042,0.05722
CVE-2015-4947,0.00359,0.69388
CVE-2015-4948,0.00042,0.05722
CVE-2015-4949,0.00051,0.17134
CVE-2015-4950,0.00118,0.45770
CVE-2015-4951,0.00193,0.57167
CVE-2015-4952,0.00472,0.73113
CVE-2015-4953,0.00069,0.28559
CVE-2015-4954,0.00129,0.47683
CVE-2015-4955,0.00109,0.43856
CVE-2015-4956,0.00098,0.40557
CVE-2015-4957,0.00060,0.23579
CVE-2015-4958,0.00042,0.05722
CVE-2015-4959,0.00169,0.53889
CVE-2015-4960,0.00065,0.26775
CVE-2015-4961,0.00098,0.40441
CVE-2015-4962,0.00098,0.40441
CVE-2015-4963,0.00331,0.68162
CVE-2015-4964,0.00279,0.65077
CVE-2015-4965,0.00079,0.33036
CVE-2015-4966,0.00232,0.61389
CVE-2015-4967,0.00104,0.42003
CVE-2015-4971,0.00063,0.25667
CVE-2015-4973,0.00132,0.48261
CVE-2015-4974,0.00042,0.05722
CVE-2015-4980,0.00111,0.44120
CVE-2015-4981,0.00042,0.05722
CVE-2015-4987,0.00091,0.38564
CVE-2015-4988,0.00324,0.67776
CVE-2015-4989,0.00162,0.52904
CVE-2015-4990,0.00042,0.05722
CVE-2015-4991,0.00062,0.24558
CVE-2015-4992,0.00079,0.33036
CVE-2015-4993,0.00181,0.55508
CVE-2015-4994,0.18202,0.95736
CVE-2015-4996,0.00071,0.29272
CVE-2015-4997,0.00413,0.71370
CVE-2015-4998,0.00169,0.53889
CVE-2015-5001,0.00146,0.50500
CVE-2015-5002,0.00121,0.46335
CVE-2015-5003,0.00653,0.77325
CVE-2015-5004,0.00115,0.45142
CVE-2015-5005,0.00257,0.63583
CVE-2015-5006,0.00064,0.26301
CVE-2015-5007,0.00113,0.44663
CVE-2015-5008,0.00302,0.66503
CVE-2015-5009,0.00116,0.45327
CVE-2015-5010,0.00275,0.64860
CVE-2015-5011,0.00042,0.05722
CVE-2015-5012,0.00199,0.57893
CVE-2015-5013,0.00051,0.17134
CVE-2015-5014,0.00150,0.51091
CVE-2015-5015,0.00289,0.65807
CVE-2015-5016,0.00076,0.31371
CVE-2015-5017,0.00075,0.30945
CVE-2015-5018,0.01001,0.82054
CVE-2015-5019,0.00120,0.46088
CVE-2015-5020,0.00075,0.30945
CVE-2015-5021,0.00099,0.40599
CVE-2015-5022,0.00177,0.54905
CVE-2015-5023,0.00064,0.26348
CVE-2015-5024,0.00079,0.33036
CVE-2015-5035,0.00060,0.23579
CVE-2015-5036,0.00060,0.23579
CVE-2015-5037,0.00078,0.32109
CVE-2015-5038,0.00266,0.64304
CVE-2015-5039,0.00113,0.44663
CVE-2015-5040,0.18202,0.95736
CVE-2015-5041,0.00608,0.76386
CVE-2015-5042,0.00226,0.60957
CVE-2015-5043,0.00042,0.05722
CVE-2015-5044,0.00213,0.59299
CVE-2015-5045,0.00042,0.05722
CVE-2015-5049,0.00064,0.26348
CVE-2015-5050,0.00108,0.43425
CVE-2015-5051,0.00075,0.30945
CVE-2015-5052,0.00138,0.49278
CVE-2015-5053,0.00251,0.63136
CVE-2015-5054,0.00105,0.42637
CVE-2015-5057,0.00149,0.50907
CVE-2015-5058,0.00241,0.62211
CVE-2015-5059,0.00186,0.55927
CVE-2015-5060,0.00088,0.37136
CVE-2015-5061,0.00091,0.38576
CVE-2015-5062,0.00379,0.70213
CVE-2015-5063,0.00193,0.57215
CVE-2015-5064,0.00214,0.59432
CVE-2015-5065,0.01449,0.85328
CVE-2015-5066,0.00294,0.66090
CVE-2015-5067,0.01738,0.86626
CVE-2015-5068,0.01448,0.85323
CVE-2015-5069,0.00179,0.55241
CVE-2015-5070,0.00179,0.55241
CVE-2015-5071,0.00119,0.45914
CVE-2015-5072,0.00115,0.45166
CVE-2015-5073,0.02743,0.89542
CVE-2015-5074,0.13215,0.95070
CVE-2015-5075,0.10542,0.94520
CVE-2015-5076,0.00467,0.72962
CVE-2015-5078,0.00119,0.45910
CVE-2015-5079,0.05010,0.92127
CVE-2015-5080,0.00263,0.64046
CVE-2015-5081,0.00231,0.61347
CVE-2015-5082,0.96483,0.99499
CVE-2015-5084,0.00096,0.39778
CVE-2015-5085,0.01678,0.86395
CVE-2015-5086,0.01678,0.86395
CVE-2015-5087,0.02625,0.89311
CVE-2015-5088,0.00359,0.69356
CVE-2015-5089,0.00359,0.69356
CVE-2015-5090,0.00210,0.58960
CVE-2015-5091,0.00522,0.74450
CVE-2015-5092,0.00359,0.69356
CVE-2015-5093,0.01358,0.84846
CVE-2015-5094,0.01839,0.87050
CVE-2015-5095,0.01412,0.85129
CVE-2015-5096,0.10226,0.94443
CVE-2015-5097,0.03290,0.90377
CVE-2015-5098,0.10226,0.94443
CVE-2015-5099,0.01190,0.83674
CVE-2015-5100,0.01839,0.87050
CVE-2015-5101,0.01412,0.85129
CVE-2015-5102,0.01839,0.87050
CVE-2015-5103,0.01839,0.87050
CVE-2015-5104,0.01839,0.87050
CVE-2015-5105,0.10226,0.94443
CVE-2015-5106,0.01018,0.82202
CVE-2015-5107,0.00484,0.73478
CVE-2015-5108,0.02757,0.89574
CVE-2015-5109,0.02116,0.88059
CVE-2015-5110,0.02125,0.88084
CVE-2015-5111,0.01384,0.84988
CVE-2015-5113,0.01384,0.84988
CVE-2015-5114,0.01412,0.85129
CVE-2015-5115,0.01839,0.87050
CVE-2015-5116,0.22957,0.96125
CVE-2015-5117,0.11699,0.94814
CVE-2015-5118,0.61502,0.97540
CVE-2015-5119,0.97356,0.99886
CVE-2015-5120,0.06765,0.93210
CVE-2015-5121,0.06765,0.93210
CVE-2015-5122,0.97164,0.99770
CVE-2015-5123,0.30539,0.96553
CVE-2015-5124,0.02012,0.87725
CVE-2015-5125,0.16347,0.95522
CVE-2015-5127,0.85807,0.98315
CVE-2015-5129,0.04933,0.92061
CVE-2015-5130,0.85807,0.98315
CVE-2015-5131,0.94985,0.99147
CVE-2015-5132,0.94985,0.99147
CVE-2015-5133,0.94985,0.99147
CVE-2015-5134,0.85807,0.98315
CVE-2015-5143,0.13527,0.95124
CVE-2015-5144,0.00613,0.76498
CVE-2015-5145,0.00874,0.80686
CVE-2015-5146,0.01023,0.82234
CVE-2015-5147,0.01050,0.82493
CVE-2015-5148,0.00162,0.52884
CVE-2015-5149,0.00995,0.82009
CVE-2015-5150,0.00159,0.52429
CVE-2015-5151,0.00155,0.51807
CVE-2015-5152,0.00223,0.60673
CVE-2015-5153,0.00083,0.34339
CVE-2015-5154,0.00202,0.58198
CVE-2015-5156,0.00238,0.61968
CVE-2015-5157,0.00044,0.08000
CVE-2015-5158,0.00059,0.22933
CVE-2015-5159,0.00143,0.50119
CVE-2015-5160,0.00042,0.05722
CVE-2015-5161,0.07911,0.93659
CVE-2015-5162,0.01842,0.87060
CVE-2015-5163,0.00169,0.53846
CVE-2015-5164,0.00459,0.72776
CVE-2015-5165,0.00337,0.68405
CVE-2015-5166,0.00062,0.24773
CVE-2015-5167,0.00158,0.52261
CVE-2015-5168,0.00209,0.58869
CVE-2015-5169,0.00481,0.73373
CVE-2015-5170,0.00068,0.28362
CVE-2015-5171,0.00222,0.60556
CVE-2015-5172,0.00222,0.60556
CVE-2015-5173,0.00199,0.57916
CVE-2015-5174,0.00178,0.55096
CVE-2015-5175,0.04495,0.91667
CVE-2015-5176,0.00190,0.56594
CVE-2015-5177,0.00404,0.71080
CVE-2015-5178,0.00480,0.73360
CVE-2015-5179,0.00117,0.45557
CVE-2015-5180,0.01536,0.85776
CVE-2015-5181,0.00088,0.36681
CVE-2015-5182,0.00150,0.51093
CVE-2015-5183,0.00569,0.75532
CVE-2015-5184,0.00182,0.55538
CVE-2015-5185,0.02050,0.87851
CVE-2015-5186,0.00254,0.63437
CVE-2015-5187,0.00129,0.47597
CVE-2015-5188,0.00316,0.67343
CVE-2015-5189,0.00117,0.45622
CVE-2015-5190,0.00342,0.68627
CVE-2015-5191,0.00042,0.05722
CVE-2015-5194,0.02957,0.89876
CVE-2015-5195,0.02414,0.88879
CVE-2015-5198,0.00042,0.05722
CVE-2015-5199,0.00042,0.05722
CVE-2015-5200,0.00042,0.05722
CVE-2015-5201,0.00442,0.72299
CVE-2015-5203,0.01360,0.84855
CVE-2015-5204,0.00343,0.68667
CVE-2015-5206,0.00209,0.58869
CVE-2015-5207,0.00136,0.48904
CVE-2015-5208,0.00450,0.72503
CVE-2015-5209,0.00305,0.66676
CVE-2015-5210,0.00678,0.77880
CVE-2015-5211,0.00278,0.65017
CVE-2015-5212,0.09547,0.94234
CVE-2015-5213,0.01183,0.83624
CVE-2015-5214,0.01872,0.87168
CVE-2015-5215,0.00135,0.48685
CVE-2015-5216,0.00129,0.47564
CVE-2015-5217,0.00291,0.65897
CVE-2015-5218,0.00042,0.05722
CVE-2015-5219,0.01033,0.82314
CVE-2015-5220,0.02219,0.88400
CVE-2015-5221,0.00882,0.80780
CVE-2015-5222,0.00146,0.50505
CVE-2015-5223,0.00686,0.78012
CVE-2015-5224,0.00595,0.76105
CVE-2015-5225,0.00092,0.38871
CVE-2015-5227,0.02034,0.87793
CVE-2015-5228,0.00042,0.05722
CVE-2015-5229,0.01025,0.82248
CVE-2015-5230,0.00853,0.80472
CVE-2015-5231,0.00042,0.05722
CVE-2015-5232,0.00398,0.70923
CVE-2015-5233,0.00114,0.44790
CVE-2015-5234,0.00694,0.78149
CVE-2015-5235,0.00417,0.71512
CVE-2015-5236,0.00205,0.58568
CVE-2015-5237,0.01682,0.86406
CVE-2015-5239,0.00173,0.54470
CVE-2015-5240,0.00188,0.56372
CVE-2015-5241,0.00110,0.44000
CVE-2015-5242,0.00533,0.74726
CVE-2015-5243,0.04734,0.91882
CVE-2015-5244,0.00487,0.73546
CVE-2015-5245,0.00206,0.58650
CVE-2015-5246,0.00322,0.67664
CVE-2015-5247,0.00140,0.49521
CVE-2015-5248,0.00078,0.32762
CVE-2015-5250,0.00348,0.68898
CVE-2015-5251,0.00121,0.46375
CVE-2015-5252,0.01266,0.84243
CVE-2015-5253,0.00114,0.44866
CVE-2015-5254,0.03859,0.91074
CVE-2015-5255,0.00306,0.66786
CVE-2015-5256,0.00240,0.62144
CVE-2015-5257,0.00241,0.62163
CVE-2015-5258,0.00093,0.39237
CVE-2015-5259,0.94360,0.99050
CVE-2015-5260,0.00080,0.33277
CVE-2015-5261,0.00066,0.27484
CVE-2015-5262,0.03292,0.90381
CVE-2015-5263,0.00281,0.65245
CVE-2015-5264,0.00153,0.51617
CVE-2015-5265,0.00152,0.51444
CVE-2015-5266,0.00152,0.51444
CVE-2015-5267,0.00340,0.68553
CVE-2015-5268,0.00152,0.51444
CVE-2015-5269,0.00114,0.44784
CVE-2015-5271,0.00340,0.68553
CVE-2015-5272,0.00152,0.51444
CVE-2015-5273,0.00042,0.05722
CVE-2015-5274,0.00164,0.53121
CVE-2015-5276,0.00311,0.67035
CVE-2015-5277,0.00044,0.08000
CVE-2015-5278,0.00333,0.68278
CVE-2015-5279,0.00096,0.39757
CVE-2015-5281,0.00042,0.05722
CVE-2015-5282,0.00151,0.51332
CVE-2015-5283,0.00044,0.08004
CVE-2015-5284,0.00281,0.65245
CVE-2015-5285,0.06955,0.93305
CVE-2015-5286,0.00283,0.65373
CVE-2015-5287,0.00090,0.37995
CVE-2015-5288,0.02813,0.89664
CVE-2015-5289,0.01755,0.86689
CVE-2015-5290,0.00275,0.64878
CVE-2015-5291,0.01337,0.84691
CVE-2015-5292,0.01449,0.85326
CVE-2015-5293,0.00161,0.52771
CVE-2015-5295,0.00261,0.63868
CVE-2015-5296,0.00190,0.56650
CVE-2015-5297,0.00310,0.67014
CVE-2015-5298,0.00054,0.19618
CVE-2015-5299,0.00574,0.75659
CVE-2015-5300,0.02057,0.87872
CVE-2015-5301,0.00595,0.76103
CVE-2015-5302,0.00592,0.76068
CVE-2015-5303,0.00183,0.55623
CVE-2015-5304,0.00718,0.78586
CVE-2015-5305,0.00100,0.40935
CVE-2015-5306,0.00651,0.77286
CVE-2015-5307,0.00068,0.28345
CVE-2015-5308,0.00165,0.53191
CVE-2015-5309,0.02143,0.88180
CVE-2015-5310,0.00605,0.76323
CVE-2015-5311,0.01912,0.87360
CVE-2015-5312,0.00613,0.76501
CVE-2015-5313,0.00042,0.05722
CVE-2015-5314,0.01673,0.86375
CVE-2015-5315,0.01673,0.86375
CVE-2015-5316,0.00761,0.79239
CVE-2015-5317,0.04876,0.92017
CVE-2015-5318,0.00171,0.54237
CVE-2015-5319,0.00313,0.67163
CVE-2015-5320,0.00313,0.67163
CVE-2015-5321,0.00313,0.67163
CVE-2015-5322,0.00328,0.67978
CVE-2015-5323,0.00191,0.56778
CVE-2015-5324,0.00289,0.65754
CVE-2015-5325,0.00377,0.70084
CVE-2015-5326,0.00093,0.39055
CVE-2015-5327,0.00093,0.38954
CVE-2015-5329,0.00180,0.55319
CVE-2015-5330,0.01436,0.85256
CVE-2015-5331,0.00081,0.33807
CVE-2015-5332,0.00210,0.58956
CVE-2015-5333,0.00533,0.74721
CVE-2015-5334,0.01848,0.87080
CVE-2015-5335,0.00078,0.32109
CVE-2015-5336,0.00065,0.27007
CVE-2015-5337,0.00125,0.47020
CVE-2015-5338,0.00091,0.38526
CVE-2015-5339,0.00081,0.33807
CVE-2015-5340,0.00081,0.33807
CVE-2015-5341,0.00081,0.33807
CVE-2015-5342,0.00081,0.33807
CVE-2015-5343,0.94964,0.99143
CVE-2015-5344,0.00993,0.81996
CVE-2015-5345,0.00301,0.66480
CVE-2015-5346,0.00942,0.81445
CVE-2015-5347,0.01907,0.87348
CVE-2015-5348,0.00902,0.81030
CVE-2015-5349,0.00092,0.38843
CVE-2015-5350,0.00168,0.53801
CVE-2015-5351,0.00358,0.69323
CVE-2015-5352,0.01236,0.84024
CVE-2015-5353,0.00834,0.80241
CVE-2015-5354,0.00166,0.53266
CVE-2015-5355,0.00223,0.60678
CVE-2015-5356,0.00192,0.57132
CVE-2015-5357,0.00241,0.62211
CVE-2015-5358,0.02345,0.88717
CVE-2015-5359,0.00228,0.61081
CVE-2015-5360,0.00241,0.62211
CVE-2015-5361,0.00084,0.34791
CVE-2015-5362,0.01967,0.87543
CVE-2015-5363,0.00121,0.46292
CVE-2015-5364,0.22674,0.96104
CVE-2015-5365,0.00075,0.30842
CVE-2015-5366,0.39860,0.96924
CVE-2015-5367,0.00042,0.05722
CVE-2015-5368,0.04601,0.91757
CVE-2015-5369,0.00296,0.66236
CVE-2015-5370,0.01853,0.87098
CVE-2015-5371,0.97299,0.99850
CVE-2015-5372,0.00551,0.75173
CVE-2015-5374,0.33712,0.96684
CVE-2015-5375,0.00220,0.60154
CVE-2015-5376,0.00119,0.45992
CVE-2015-5377,0.13960,0.95187
CVE-2015-5378,0.00337,0.68421
CVE-2015-5379,0.00151,0.51316
CVE-2015-5380,0.00753,0.79105
CVE-2015-5381,0.00232,0.61363
CVE-2015-5382,0.00148,0.50870
CVE-2015-5383,0.00415,0.71473
CVE-2015-5384,0.00199,0.57916
CVE-2015-5386,0.00624,0.76747
CVE-2015-5395,0.00709,0.78393
CVE-2015-5397,0.00211,0.59029
CVE-2015-5399,0.00105,0.42486
CVE-2015-5400,0.00933,0.81363
CVE-2015-5401,0.00574,0.75658
CVE-2015-5402,0.00042,0.05722
CVE-2015-5403,0.00104,0.42395
CVE-2015-5404,0.00582,0.75830
CVE-2015-5405,0.00122,0.46504
CVE-2015-5406,0.00211,0.59048
CVE-2015-5407,0.00170,0.54049
CVE-2015-5408,0.00170,0.54049
CVE-2015-5409,0.00142,0.49988
CVE-2015-5410,0.00422,0.71681
CVE-2015-5411,0.00104,0.42395
CVE-2015-5412,0.00079,0.32786
CVE-2015-5413,0.00104,0.42395
CVE-2015-5416,0.67904,0.97684
CVE-2015-5417,0.67904,0.97684
CVE-2015-5418,0.67904,0.97684
CVE-2015-5419,0.67904,0.97684
CVE-2015-5420,0.67904,0.97684
CVE-2015-5421,0.67904,0.97684
CVE-2015-5422,0.67904,0.97684
CVE-2015-5423,0.67904,0.97684
CVE-2015-5424,0.67904,0.97684
CVE-2015-5426,0.00743,0.78948
CVE-2015-5427,0.00704,0.78307
CVE-2015-5428,0.00704,0.78307
CVE-2015-5429,0.00704,0.78307
CVE-2015-5430,0.00264,0.64072
CVE-2015-5431,0.00206,0.58607
CVE-2015-5432,0.00582,0.75830
CVE-2015-5433,0.00104,0.42395
CVE-2015-5434,0.00319,0.67510
CVE-2015-5435,0.00266,0.64280
CVE-2015-5436,0.00118,0.45676
CVE-2015-5440,0.00042,0.05722
CVE-2015-5441,0.01404,0.85094
CVE-2015-5442,0.00042,0.05722
CVE-2015-5443,0.00110,0.43930
CVE-2015-5444,0.00203,0.58324
CVE-2015-5445,0.00139,0.49432
CVE-2015-5446,0.03889,0.91111
CVE-2015-5447,0.00164,0.53132
CVE-2015-5448,0.00042,0.05722
CVE-2015-5451,0.00122,0.46528
CVE-2015-5452,0.05401,0.92422
CVE-2015-5453,0.02600,0.89255
CVE-2015-5454,0.00165,0.53157
CVE-2015-5455,0.00140,0.49644
CVE-2015-5456,0.00412,0.71346
CVE-2015-5457,0.04258,0.91461
CVE-2015-5458,0.02526,0.89116
CVE-2015-5459,0.00840,0.80324
CVE-2015-5460,0.00172,0.54269
CVE-2015-5461,0.00550,0.75144
CVE-2015-5462,0.00123,0.46665
CVE-2015-5463,0.00515,0.74282
CVE-2015-5464,0.00132,0.48287
CVE-2015-5465,0.00062,0.24874
CVE-2015-5466,0.00094,0.39311
CVE-2015-5467,0.00091,0.38629
CVE-2015-5468,0.01945,0.87476
CVE-2015-5469,0.02176,0.88276
CVE-2015-5470,0.00524,0.74506
CVE-2015-5471,0.10406,0.94485
CVE-2015-5472,0.00954,0.81595
CVE-2015-5473,0.04850,0.92002
CVE-2015-5474,0.22162,0.96071
CVE-2015-5475,0.00280,0.65147
CVE-2015-5477,0.97243,0.99817
CVE-2015-5479,0.01273,0.84273
CVE-2015-5481,0.01640,0.86260
CVE-2015-5482,0.00335,0.68331
CVE-2015-5483,0.01624,0.86199
CVE-2015-5484,0.00073,0.30023
CVE-2015-5485,0.00433,0.71977
CVE-2015-5487,0.00254,0.63423
CVE-2015-5488,0.00089,0.37616
CVE-2015-5489,0.00089,0.37616
CVE-2015-5490,0.00794,0.79758
CVE-2015-5491,0.00113,0.44731
CVE-2015-5492,0.00143,0.50076
CVE-2015-5493,0.00289,0.65754
CVE-2015-5494,0.00089,0.37383
CVE-2015-5495,0.00089,0.37616
CVE-2015-5496,0.00289,0.65754
CVE-2015-5497,0.00102,0.41341
CVE-2015-5498,0.00331,0.68172
CVE-2015-5499,0.00093,0.39119
CVE-2015-5500,0.00068,0.28383
CVE-2015-5501,0.01121,0.83122
CVE-2015-5502,0.00749,0.79039
CVE-2015-5503,0.00280,0.65203
CVE-2015-5504,0.00141,0.49795
CVE-2015-5505,0.00434,0.72039
CVE-2015-5506,0.00358,0.69347
CVE-2015-5507,0.00220,0.60154
CVE-2015-5508,0.00174,0.54586
CVE-2015-5509,0.00314,0.67224
CVE-2015-5510,0.00280,0.65203
CVE-2015-5511,0.00280,0.65157
CVE-2015-5512,0.00563,0.75412
CVE-2015-5513,0.00102,0.41341
CVE-2015-5514,0.00192,0.57132
CVE-2015-5515,0.00237,0.61855
CVE-2015-5516,0.00728,0.78739
CVE-2015-5519,0.00297,0.66282
CVE-2015-5520,0.00485,0.73512
CVE-2015-5521,0.00071,0.29178
CVE-2015-5522,0.01550,0.85841
CVE-2015-5523,0.01536,0.85774
CVE-2015-5524,0.00119,0.45929
CVE-2015-5528,0.00398,0.70920
CVE-2015-5529,0.00297,0.66282
CVE-2015-5530,0.00231,0.61306
CVE-2015-5531,0.97144,0.99760
CVE-2015-5532,0.00126,0.47089
CVE-2015-5533,0.00188,0.56425
CVE-2015-5534,0.00404,0.71078
CVE-2015-5535,0.00290,0.65829
CVE-2015-5536,0.02031,0.87781
CVE-2015-5537,0.00094,0.39331
CVE-2015-5538,0.00527,0.74575
CVE-2015-5539,0.82165,0.98138
CVE-2015-5540,0.82165,0.98138
CVE-2015-5541,0.06383,0.92999
CVE-2015-5544,0.67973,0.97688
CVE-2015-5545,0.67973,0.97688
CVE-2015-5546,0.67973,0.97688
CVE-2015-5547,0.67973,0.97688
CVE-2015-5548,0.67973,0.97688
CVE-2015-5549,0.67973,0.97688
CVE-2015-5550,0.79187,0.98021
CVE-2015-5551,0.79187,0.98021
CVE-2015-5552,0.02341,0.88703
CVE-2015-5553,0.02341,0.88703
CVE-2015-5554,0.84262,0.98241
CVE-2015-5555,0.84262,0.98241
CVE-2015-5556,0.79187,0.98021
CVE-2015-5557,0.79187,0.98021
CVE-2015-5558,0.84262,0.98241
CVE-2015-5559,0.03246,0.90319
CVE-2015-5560,0.92196,0.98771
CVE-2015-5561,0.79187,0.98021
CVE-2015-5562,0.84262,0.98241
CVE-2015-5563,0.79187,0.98021
CVE-2015-5564,0.03246,0.90319
CVE-2015-5565,0.11699,0.94814
CVE-2015-5566,0.02335,0.88688
CVE-2015-5567,0.05284,0.92323
CVE-2015-5568,0.04397,0.91584
CVE-2015-5569,0.09685,0.94270
CVE-2015-5570,0.01375,0.84941
CVE-2015-5571,0.00262,0.63996
CVE-2015-5572,0.00434,0.72019
CVE-2015-5573,0.01191,0.83678
CVE-2015-5574,0.81613,0.98117
CVE-2015-5575,0.11680,0.94803
CVE-2015-5576,0.07069,0.93351
CVE-2015-5577,0.11680,0.94803
CVE-2015-5578,0.11680,0.94803
CVE-2015-5579,0.11539,0.94769
CVE-2015-5580,0.11680,0.94803
CVE-2015-5581,0.01375,0.84941
CVE-2015-5582,0.11680,0.94803
CVE-2015-5583,0.00461,0.72828
CVE-2015-5584,0.01375,0.84941
CVE-2015-5586,0.01126,0.83153
CVE-2015-5587,0.35769,0.96768
CVE-2015-5588,0.11680,0.94803
CVE-2015-5589,0.02032,0.87787
CVE-2015-5590,0.01493,0.85537
CVE-2015-5591,0.00209,0.58830
CVE-2015-5592,0.00228,0.61060
CVE-2015-5593,0.00136,0.48943
CVE-2015-5594,0.00463,0.72860
CVE-2015-5595,0.00129,0.47556
CVE-2015-5599,0.00213,0.59299
CVE-2015-5600,0.16437,0.95530
CVE-2015-5601,0.00105,0.42575
CVE-2015-5602,0.00061,0.23986
CVE-2015-5603,0.63570,0.97584
CVE-2015-5605,0.01920,0.87392
CVE-2015-5606,0.00215,0.59596
CVE-2015-5607,0.00197,0.57593
CVE-2015-5608,0.00139,0.49377
CVE-2015-5609,0.00675,0.77790
CVE-2015-5610,0.00118,0.45672
CVE-2015-5611,0.01763,0.86711
CVE-2015-5612,0.00220,0.60154
CVE-2015-5613,0.00076,0.31295
CVE-2015-5617,0.00385,0.70408
CVE-2015-5618,0.00542,0.74965
CVE-2015-5619,0.00236,0.61786
CVE-2015-5621,0.07031,0.93334
CVE-2015-5622,0.00423,0.71704
CVE-2015-5623,0.00133,0.48344
CVE-2015-5624,0.04193,0.91403
CVE-2015-5625,0.00220,0.59971
CVE-2015-5626,0.00230,0.61288
CVE-2015-5627,0.00230,0.61288
CVE-2015-5628,0.01138,0.83253
CVE-2015-5629,0.00404,0.71075
CVE-2015-5630,0.00220,0.59971
CVE-2015-5631,0.00157,0.52101
CVE-2015-5632,0.00326,0.67871
CVE-2015-5633,0.00326,0.67871
CVE-2015-5634,0.00326,0.67871
CVE-2015-5635,0.00326,0.67871
CVE-2015-5636,0.00326,0.67871
CVE-2015-5637,0.00352,0.69060
CVE-2015-5638,0.00328,0.67978
CVE-2015-5639,0.00168,0.53598
CVE-2015-5640,0.00275,0.64818
CVE-2015-5641,0.00124,0.46705
CVE-2015-5642,0.00173,0.54514
CVE-2015-5643,0.00624,0.76757
CVE-2015-5644,0.00624,0.76757
CVE-2015-5645,0.00239,0.62044
CVE-2015-5646,0.00407,0.71199
CVE-2015-5647,0.00293,0.66069
CVE-2015-5648,0.00117,0.45552
CVE-2015-5649,0.00123,0.46570
CVE-2015-5650,0.00460,0.72793
CVE-2015-5651,0.00192,0.56888
CVE-2015-5652,0.00042,0.05722
CVE-2015-5653,0.02175,0.88275
CVE-2015-5654,0.00253,0.63275
CVE-2015-5655,0.00056,0.21178
CVE-2015-5659,0.00293,0.66053
CVE-2015-5660,0.00157,0.52101
CVE-2015-5661,0.00071,0.29320
CVE-2015-5662,0.00355,0.69182
CVE-2015-5663,0.00119,0.45972
CVE-2015-5664,0.00296,0.66238
CVE-2015-5665,0.00157,0.52211
CVE-2015-5666,0.00187,0.56294
CVE-2015-5667,0.00375,0.70006
CVE-2015-5668,0.00135,0.48833
CVE-2015-5669,0.00516,0.74314
CVE-2015-5670,0.00192,0.56888
CVE-2015-5671,0.00235,0.61673
CVE-2015-5672,0.00768,0.79350
CVE-2015-5673,0.03792,0.91009
CVE-2015-5674,0.00743,0.78953
CVE-2015-5675,0.00042,0.05722
CVE-2015-5677,0.00042,0.05722
CVE-2015-5681,0.10579,0.94529
CVE-2015-5682,0.00295,0.66183
CVE-2015-5684,0.01050,0.82490
CVE-2015-5685,0.52639,0.97313
CVE-2015-5686,0.00073,0.30112
CVE-2015-5687,0.00582,0.75836
CVE-2015-5688,0.01347,0.84749
CVE-2015-5689,0.05498,0.92494
CVE-2015-5690,0.00822,0.80089
CVE-2015-5691,0.72878,0.97838
CVE-2015-5692,0.00268,0.64391
CVE-2015-5693,0.00741,0.78935
CVE-2015-5694,0.00527,0.74601
CVE-2015-5695,0.00310,0.67022
CVE-2015-5696,0.85017,0.98281
CVE-2015-5697,0.00044,0.08000
CVE-2015-5698,0.01476,0.85449
CVE-2015-5699,0.00042,0.05722
CVE-2015-5700,0.00042,0.05722
CVE-2015-5701,0.00042,0.05722
CVE-2015-5703,0.00124,0.46705
CVE-2015-5704,0.00042,0.05722
CVE-2015-5705,0.00330,0.68112
CVE-2015-5706,0.00042,0.05722
CVE-2015-5707,0.00044,0.08000
CVE-2015-5711,0.00136,0.48899
CVE-2015-5712,0.00131,0.48011
CVE-2015-5713,0.00313,0.67163
CVE-2015-5714,0.12563,0.94966
CVE-2015-5715,0.00174,0.54605
CVE-2015-5717,0.00061,0.23853
CVE-2015-5718,0.74741,0.97893
CVE-2015-5719,0.00237,0.61900
CVE-2015-5720,0.00183,0.55643
CVE-2015-5721,0.00488,0.73588
CVE-2015-5722,0.96603,0.99547
CVE-2015-5723,0.00042,0.05722
CVE-2015-5725,0.00186,0.55938
CVE-2015-5726,0.00293,0.66032
CVE-2015-5727,0.00281,0.65212
CVE-2015-5729,0.02028,0.87769
CVE-2015-5730,0.00726,0.78703
CVE-2015-5731,0.00874,0.80679
CVE-2015-5732,0.01332,0.84651
CVE-2015-5733,0.00708,0.78383
CVE-2015-5734,0.01327,0.84629
CVE-2015-5735,0.00042,0.05722
CVE-2015-5736,0.00061,0.23986
CVE-2015-5737,0.00042,0.05722
CVE-2015-5738,0.00195,0.57460
CVE-2015-5739,0.01828,0.86976
CVE-2015-5740,0.01373,0.84931
CVE-2015-5741,0.01300,0.84474
CVE-2015-5742,0.00043,0.07658
CVE-2015-5745,0.00188,0.56436
CVE-2015-5746,0.00188,0.56358
CVE-2015-5747,0.00042,0.05722
CVE-2015-5748,0.00042,0.05722
CVE-2015-5749,0.00098,0.40404
CVE-2015-5750,0.00811,0.79954
CVE-2015-5751,0.09042,0.94061
CVE-2015-5752,0.00188,0.56358
CVE-2015-5753,0.01683,0.86409
CVE-2015-5754,0.00266,0.64300
CVE-2015-5755,0.01837,0.87043
CVE-2015-5756,0.02004,0.87704
CVE-2015-5757,0.00292,0.65959
CVE-2015-5758,0.03513,0.90668
CVE-2015-5759,0.00376,0.70054
CVE-2015-5761,0.01837,0.87043
CVE-2015-5763,0.00042,0.05722
CVE-2015-5764,0.00858,0.80514
CVE-2015-5765,0.00721,0.78624
CVE-2015-5766,0.00186,0.56065
CVE-2015-5767,0.00721,0.78624
CVE-2015-5768,0.00208,0.58825
CVE-2015-5769,0.00685,0.78010
CVE-2015-5770,0.00340,0.68548
CVE-2015-5771,0.00976,0.81804
CVE-2015-5772,0.01377,0.84958
CVE-2015-5773,0.02004,0.87704
CVE-2015-5774,0.00042,0.05722
CVE-2015-5775,0.03255,0.90328
CVE-2015-5776,0.03255,0.90328
CVE-2015-5777,0.01518,0.85696
CVE-2015-5778,0.01518,0.85696
CVE-2015-5779,0.04539,0.91702
CVE-2015-5780,0.00450,0.72497
CVE-2015-5781,0.00578,0.75740
CVE-2015-5782,0.00692,0.78112
CVE-2015-5783,0.00216,0.59640
CVE-2015-5784,0.00264,0.64110
CVE-2015-5785,0.01718,0.86550
CVE-2015-5786,0.01718,0.86550
CVE-2015-5787,0.00064,0.26404
CVE-2015-5788,0.00371,0.69865
CVE-2015-5789,0.00709,0.78427
CVE-2015-5790,0.00709,0.78427
CVE-2015-5791,0.00709,0.78427
CVE-2015-5792,0.00709,0.78427
CVE-2015-5793,0.00709,0.78427
CVE-2015-5794,0.00709,0.78427
CVE-2015-5795,0.00709,0.78427
CVE-2015-5796,0.00709,0.78427
CVE-2015-5797,0.00709,0.78427
CVE-2015-5798,0.00410,0.71270
CVE-2015-5799,0.00709,0.78427
CVE-2015-5800,0.00775,0.79452
CVE-2015-5801,0.00709,0.78427
CVE-2015-5802,0.00709,0.78427
CVE-2015-5803,0.00709,0.78427
CVE-2015-5804,0.00709,0.78427
CVE-2015-5805,0.00709,0.78427
CVE-2015-5806,0.00709,0.78427
CVE-2015-5807,0.00709,0.78427
CVE-2015-5808,0.00410,0.71270
CVE-2015-5809,0.00709,0.78427
CVE-2015-5810,0.00709,0.78427
CVE-2015-5811,0.00709,0.78427
CVE-2015-5812,0.00709,0.78427
CVE-2015-5813,0.00709,0.78427
CVE-2015-5814,0.00709,0.78427
CVE-2015-5815,0.00466,0.72940
CVE-2015-5816,0.00709,0.78427
CVE-2015-5817,0.00709,0.78427
CVE-2015-5818,0.00709,0.78427
CVE-2015-5819,0.00709,0.78427
CVE-2015-5820,0.00466,0.72935
CVE-2015-5821,0.00709,0.78427
CVE-2015-5822,0.00709,0.78427
CVE-2015-5823,0.00709,0.78427
CVE-2015-5824,0.00079,0.32904
CVE-2015-5825,0.00445,0.72383
CVE-2015-5826,0.00365,0.69607
CVE-2015-5827,0.00416,0.71495
CVE-2015-5828,0.00189,0.56503
CVE-2015-5829,0.02004,0.87704
CVE-2015-5830,0.00042,0.05722
CVE-2015-5831,0.00338,0.68449
CVE-2015-5832,0.00118,0.45721
CVE-2015-5833,0.00059,0.22933
CVE-2015-5834,0.00327,0.67935
CVE-2015-5835,0.00208,0.58825
CVE-2015-5836,0.00154,0.51703
CVE-2015-5837,0.00246,0.62669
CVE-2015-5838,0.00188,0.56362
CVE-2015-5839,0.00406,0.71142
CVE-2015-5840,0.03373,0.90499
CVE-2015-5841,0.00343,0.68674
CVE-2015-5842,0.00042,0.05722
CVE-2015-5843,0.00042,0.05722
CVE-2015-5844,0.00292,0.65959
CVE-2015-5845,0.00292,0.65959
CVE-2015-5846,0.00292,0.65959
CVE-2015-5847,0.00042,0.05722
CVE-2015-5848,0.00042,0.05722
CVE-2015-5849,0.00103,0.41739
CVE-2015-5850,0.00111,0.44158
CVE-2015-5851,0.00042,0.05722
CVE-2015-5853,0.00053,0.18256
CVE-2015-5854,0.00042,0.05722
CVE-2015-5855,0.00327,0.67935
CVE-2015-5856,0.00760,0.79232
CVE-2015-5857,0.00376,0.70054
CVE-2015-5858,0.00478,0.73314
CVE-2015-5859,0.00266,0.64284
CVE-2015-5860,0.00381,0.70272
CVE-2015-5861,0.00105,0.42476
CVE-2015-5862,0.02513,0.89086
CVE-2015-5863,0.00042,0.05722
CVE-2015-5864,0.00042,0.05722
CVE-2015-5865,0.00154,0.51703
CVE-2015-5866,0.00209,0.58936
CVE-2015-5867,0.00292,0.65959
CVE-2015-5868,0.00042,0.05722
CVE-2015-5869,0.00788,0.79628
CVE-2015-5870,0.00042,0.05722
CVE-2015-5871,0.00042,0.05722
CVE-2015-5872,0.00042,0.05722
CVE-2015-5873,0.00042,0.05722
CVE-2015-5874,0.03116,0.90121
CVE-2015-5875,0.00042,0.05722
CVE-2015-5876,0.00267,0.64357
CVE-2015-5877,0.00042,0.05722
CVE-2015-5878,0.00042,0.05722
CVE-2015-5879,0.05373,0.92401
CVE-2015-5880,0.00165,0.53192
CVE-2015-5882,0.00042,0.05722
CVE-2015-5883,0.00376,0.70054
CVE-2015-5884,0.00263,0.64064
CVE-2015-5885,0.00691,0.78107
CVE-2015-5887,0.00651,0.77286
CVE-2015-5888,0.00042,0.05722
CVE-2015-5889,0.00046,0.13740
CVE-2015-5890,0.00042,0.05722
CVE-2015-5891,0.00042,0.05722
CVE-2015-5892,0.00112,0.44335
CVE-2015-5893,0.00042,0.05722
CVE-2015-5894,0.00100,0.40851
CVE-2015-5895,0.03327,0.90435
CVE-2015-5896,0.00042,0.05722
CVE-2015-5897,0.00042,0.05722
CVE-2015-5898,0.00140,0.49514
CVE-2015-5899,0.00042,0.05722
CVE-2015-5900,0.00268,0.64400
CVE-2015-5901,0.00042,0.05722
CVE-2015-5902,0.00042,0.05722
CVE-2015-5903,0.00042,0.05722
CVE-2015-5904,0.00339,0.68501
CVE-2015-5905,0.00376,0.70054
CVE-2015-5906,0.00358,0.69347
CVE-2015-5907,0.00069,0.28455
CVE-2015-5909,0.00313,0.67163
CVE-2015-5910,0.00246,0.62694
CVE-2015-5911,0.00339,0.68496
CVE-2015-5912,0.00374,0.69963
CVE-2015-5913,0.00624,0.76757
CVE-2015-5914,0.00111,0.44158
CVE-2015-5915,0.00188,0.56315
CVE-2015-5916,0.00469,0.73034
CVE-2015-5917,0.04464,0.91638
CVE-2015-5918,0.00042,0.05722
CVE-2015-5919,0.00042,0.05722
CVE-2015-5920,0.00107,0.43160
CVE-2015-5921,0.00125,0.46904
CVE-2015-5922,0.00888,0.80863
CVE-2015-5923,0.00105,0.42625
CVE-2015-5924,0.00775,0.79452
CVE-2015-5925,0.00709,0.78427
CVE-2015-5926,0.00709,0.78427
CVE-2015-5927,0.01837,0.87043
CVE-2015-5928,0.00709,0.78427
CVE-2015-5929,0.00709,0.78427
CVE-2015-5930,0.00709,0.78427
CVE-2015-5931,0.00775,0.79452
CVE-2015-5932,0.00042,0.05722
CVE-2015-5933,0.00591,0.76045
CVE-2015-5934,0.00591,0.76045
CVE-2015-5935,0.01837,0.87043
CVE-2015-5936,0.01837,0.87043
CVE-2015-5937,0.01837,0.87043
CVE-2015-5938,0.00775,0.79459
CVE-2015-5939,0.01837,0.87043
CVE-2015-5940,0.00953,0.81585
CVE-2015-5942,0.01837,0.87043
CVE-2015-5943,0.00074,0.30599
CVE-2015-5944,0.00775,0.79459
CVE-2015-5945,0.00042,0.05722
CVE-2015-5946,0.00475,0.73206
CVE-2015-5947,0.03020,0.89961
CVE-2015-5948,0.02318,0.88655
CVE-2015-5949,0.15760,0.95449
CVE-2015-5950,0.00042,0.05722
CVE-2015-5951,0.00287,0.65619
CVE-2015-5952,0.00501,0.73890
CVE-2015-5953,0.00068,0.28383
CVE-2015-5954,0.00076,0.31337
CVE-2015-5955,0.00222,0.60398
CVE-2015-5956,0.06458,0.93040
CVE-2015-5957,0.00584,0.75881
CVE-2015-5958,0.01508,0.85637
CVE-2015-5959,0.00699,0.78234
CVE-2015-5960,0.00100,0.40813
CVE-2015-5961,0.00074,0.30525
CVE-2015-5962,0.00300,0.66406
CVE-2015-5963,0.02355,0.88738
CVE-2015-5964,0.01638,0.86251
CVE-2015-5965,0.00551,0.75173
CVE-2015-5968,0.00313,0.67142
CVE-2015-5969,0.00075,0.30865
CVE-2015-5970,0.06910,0.93279
CVE-2015-5986,0.95812,0.99318
CVE-2015-5987,0.00152,0.51503
CVE-2015-5988,0.00423,0.71711
CVE-2015-5989,0.00512,0.74207
CVE-2015-5990,0.00080,0.33416
CVE-2015-5991,0.00121,0.46253
CVE-2015-5992,0.00460,0.72802
CVE-2015-5993,0.00415,0.71470
CVE-2015-5994,0.00171,0.54158
CVE-2015-5995,0.02107,0.88036
CVE-2015-5996,0.00153,0.51516
CVE-2015-5997,0.00619,0.76644
CVE-2015-5998,0.00448,0.72451
CVE-2015-5999,0.91707,0.98716
CVE-2015-6000,0.02524,0.89112
CVE-2015-6003,0.00656,0.77355
CVE-2015-6004,0.00306,0.66788
CVE-2015-6005,0.00115,0.45116
CVE-2015-6006,0.03614,0.90788
CVE-2015-6007,0.00121,0.46253
CVE-2015-6008,0.00609,0.76398
CVE-2015-6009,0.00123,0.46585
CVE-2015-6010,0.00460,0.72802
CVE-2015-6011,0.00435,0.72096
CVE-2015-6012,0.00322,0.67660
CVE-2015-6013,0.01098,0.82926
CVE-2015-6014,0.01098,0.82926
CVE-2015-6015,0.01098,0.82926
CVE-2015-6016,0.01915,0.87373
CVE-2015-6017,0.00120,0.46064
CVE-2015-6018,0.01323,0.84607
CVE-2015-6019,0.00095,0.39697
CVE-2015-6020,0.00187,0.56217
CVE-2015-6021,0.00080,0.33432
CVE-2015-6022,0.00213,0.59371
CVE-2015-6023,0.00825,0.80123
CVE-2015-6024,0.01660,0.86325
CVE-2015-6027,0.00080,0.33432
CVE-2015-6028,0.00087,0.36089
CVE-2015-6029,0.00926,0.81294
CVE-2015-6030,0.00043,0.05916
CVE-2015-6031,0.00377,0.70125
CVE-2015-6032,0.00448,0.72451
CVE-2015-6033,0.00111,0.44230
CVE-2015-6034,0.00060,0.23365
CVE-2015-6035,0.00163,0.52997
CVE-2015-6036,0.00151,0.51231
CVE-2015-6037,0.00113,0.44737
CVE-2015-6038,0.82432,0.98162
CVE-2015-6039,0.00073,0.30398
CVE-2015-6040,0.23578,0.96170
CVE-2015-6042,0.52531,0.97311
CVE-2015-6044,0.00689,0.78075
CVE-2015-6045,0.10392,0.94483
CVE-2015-6046,0.01094,0.82887
CVE-2015-6047,0.08659,0.93933
CVE-2015-6048,0.07747,0.93578
CVE-2015-6049,0.68570,0.97705
CVE-2015-6050,0.68570,0.97705
CVE-2015-6051,0.01946,0.87481
CVE-2015-6052,0.01745,0.86653
CVE-2015-6053,0.96738,0.99598
CVE-2015-6055,0.42726,0.97011
CVE-2015-6056,0.68570,0.97705
CVE-2015-6057,0.00836,0.80264
CVE-2015-6058,0.27386,0.96385
CVE-2015-6059,0.29195,0.96487
CVE-2015-6061,0.03261,0.90339
CVE-2015-6064,0.89120,0.98513
CVE-2015-6065,0.22335,0.96084
CVE-2015-6066,0.47465,0.97167
CVE-2015-6068,0.36448,0.96794
CVE-2015-6069,0.47465,0.97167
CVE-2015-6070,0.47465,0.97167
CVE-2015-6071,0.47465,0.97167
CVE-2015-6072,0.47465,0.97167
CVE-2015-6073,0.16609,0.95551
CVE-2015-6074,0.47465,0.97167
CVE-2015-6075,0.22335,0.96084
CVE-2015-6076,0.22335,0.96084
CVE-2015-6077,0.22335,0.96084
CVE-2015-6078,0.16609,0.95551
CVE-2015-6079,0.47465,0.97167
CVE-2015-6080,0.47465,0.97167
CVE-2015-6081,0.22335,0.96084
CVE-2015-6082,0.47465,0.97167
CVE-2015-6083,0.36983,0.96821
CVE-2015-6084,0.36448,0.96794
CVE-2015-6085,0.36448,0.96794
CVE-2015-6086,0.94438,0.99058
CVE-2015-6087,0.47465,0.97167
CVE-2015-6088,0.85193,0.98288
CVE-2015-6089,0.47465,0.97167
CVE-2015-6091,0.23578,0.96170
CVE-2015-6092,0.23578,0.96170
CVE-2015-6093,0.64901,0.97613
CVE-2015-6094,0.82432,0.98162
CVE-2015-6095,0.00044,0.07796
CVE-2015-6096,0.62941,0.97570
CVE-2015-6097,0.47077,0.97150
CVE-2015-6098,0.76781,0.97947
CVE-2015-6099,0.21286,0.96013
CVE-2015-6100,0.00056,0.21089
CVE-2015-6101,0.00086,0.35704
CVE-2015-6102,0.73271,0.97846
CVE-2015-6103,0.15032,0.95343
CVE-2015-6104,0.15032,0.95343
CVE-2015-6106,0.42715,0.97010
CVE-2015-6107,0.94899,0.99134
CVE-2015-6108,0.07875,0.93648
CVE-2015-6109,0.00059,0.22938
CVE-2015-6111,0.00153,0.51518
CVE-2015-6112,0.00119,0.45865
CVE-2015-6113,0.00043,0.07422
CVE-2015-6114,0.16380,0.95526
CVE-2015-6115,0.21056,0.96000
CVE-2015-6117,0.00734,0.78839
CVE-2015-6118,0.23578,0.96170
CVE-2015-6122,0.61227,0.97533
CVE-2015-6123,0.87929,0.98433
CVE-2015-6124,0.23578,0.96170
CVE-2015-6125,0.94174,0.99015
CVE-2015-6126,0.00053,0.18878
CVE-2015-6127,0.85685,0.98310
CVE-2015-6128,0.78449,0.97999
CVE-2015-6130,0.56503,0.97409
CVE-2015-6131,0.94412,0.99054
CVE-2015-6132,0.96253,0.99423
CVE-2015-6133,0.78695,0.98006
CVE-2015-6134,0.36983,0.96821
CVE-2015-6135,0.07312,0.93439
CVE-2015-6136,0.96214,0.99413
CVE-2015-6138,0.34303,0.96712
CVE-2015-6139,0.01197,0.83724
CVE-2015-6140,0.17206,0.95637
CVE-2015-6141,0.36983,0.96821
CVE-2015-6142,0.57307,0.97425
CVE-2015-6143,0.36983,0.96821
CVE-2015-6144,0.03558,0.90717
CVE-2015-6145,0.47465,0.97167
CVE-2015-6146,0.47465,0.97167
CVE-2015-6147,0.36983,0.96821
CVE-2015-6148,0.57307,0.97425
CVE-2015-6149,0.36983,0.96821
CVE-2015-6150,0.36983,0.96821
CVE-2015-6151,0.57307,0.97425
CVE-2015-6152,0.89679,0.98556
CVE-2015-6153,0.17206,0.95637
CVE-2015-6154,0.17206,0.95637
CVE-2015-6155,0.10707,0.94569
CVE-2015-6156,0.47465,0.97167
CVE-2015-6157,0.60256,0.97497
CVE-2015-6158,0.10707,0.94569
CVE-2015-6159,0.57307,0.97425
CVE-2015-6160,0.36983,0.96821
CVE-2015-6161,0.84768,0.98268
CVE-2015-6162,0.47465,0.97167
CVE-2015-6164,0.02894,0.89791
CVE-2015-6165,0.16380,0.95526
CVE-2015-6166,0.19000,0.95823
CVE-2015-6168,0.09355,0.94172
CVE-2015-6169,0.00528,0.74612
CVE-2015-6170,0.00958,0.81628
CVE-2015-6171,0.00042,0.00438
CVE-2015-6172,0.21170,0.96007
CVE-2015-6173,0.00042,0.00438
CVE-2015-6174,0.00042,0.00438
CVE-2015-6175,0.00043,0.05920
CVE-2015-6176,0.34303,0.96712
CVE-2015-6177,0.23578,0.96170
CVE-2015-6184,0.05023,0.92138
CVE-2015-6237,0.00752,0.79084
CVE-2015-6238,0.00193,0.57215
CVE-2015-6240,0.00042,0.05722
CVE-2015-6241,0.00290,0.65854
CVE-2015-6242,0.00290,0.65854
CVE-2015-6243,0.00249,0.62907
CVE-2015-6244,0.00246,0.62689
CVE-2015-6245,0.00249,0.62907
CVE-2015-6246,0.00249,0.62907
CVE-2015-6247,0.00290,0.65854
CVE-2015-6248,0.00247,0.62727
CVE-2015-6249,0.00290,0.65854
CVE-2015-6250,0.00297,0.66286
CVE-2015-6251,0.18690,0.95798
CVE-2015-6252,0.00044,0.08000
CVE-2015-6253,0.00054,0.20290
CVE-2015-6254,0.00700,0.78247
CVE-2015-6255,0.00107,0.43129
CVE-2015-6256,0.00133,0.48372
CVE-2015-6258,0.00115,0.45137
CVE-2015-6259,0.00116,0.45243
CVE-2015-6260,0.00245,0.62628
CVE-2015-6261,0.00090,0.37975
CVE-2015-6262,0.00076,0.31337
CVE-2015-6263,0.00080,0.33264
CVE-2015-6265,0.00061,0.23893
CVE-2015-6266,0.00262,0.63992
CVE-2015-6267,0.00186,0.56036
CVE-2015-6268,0.00186,0.56036
CVE-2015-6269,0.00186,0.56036
CVE-2015-6270,0.00186,0.56036
CVE-2015-6271,0.00186,0.56036
CVE-2015-6272,0.00186,0.56036
CVE-2015-6273,0.00186,0.56036
CVE-2015-6274,0.00186,0.56036
CVE-2015-6276,0.00147,0.50594
CVE-2015-6277,0.00157,0.52139
CVE-2015-6278,0.00356,0.69234
CVE-2015-6279,0.00356,0.69234
CVE-2015-6280,0.00448,0.72461
CVE-2015-6282,0.00133,0.48372
CVE-2015-6284,0.00133,0.48372
CVE-2015-6285,0.00132,0.48237
CVE-2015-6286,0.00157,0.52197
CVE-2015-6287,0.00259,0.63761
CVE-2015-6288,0.00106,0.42909
CVE-2015-6289,0.00259,0.63761
CVE-2015-6290,0.00247,0.62742
CVE-2015-6291,0.00186,0.56036
CVE-2015-6292,0.00186,0.56036
CVE-2015-6293,0.00186,0.56036
CVE-2015-6294,0.00112,0.44423
CVE-2015-6295,0.00112,0.44423
CVE-2015-6296,0.00042,0.05722
CVE-2015-6297,0.00133,0.48372
CVE-2015-6298,0.00286,0.65541
CVE-2015-6299,0.00099,0.40746
CVE-2015-6300,0.00094,0.39277
CVE-2015-6301,0.00133,0.48372
CVE-2015-6302,0.00133,0.48372
CVE-2015-6303,0.00081,0.33762
CVE-2015-6304,0.00076,0.31337
CVE-2015-6305,0.00095,0.39683
CVE-2015-6306,0.00063,0.25711
CVE-2015-6307,0.00157,0.52197
CVE-2015-6308,0.00108,0.43364
CVE-2015-6309,0.00108,0.43364
CVE-2015-6310,0.00106,0.42909
CVE-2015-6311,0.00112,0.44423
CVE-2015-6312,0.00235,0.61655
CVE-2015-6313,0.01208,0.83809
CVE-2015-6314,0.00389,0.70601
CVE-2015-6315,0.00042,0.05722
CVE-2015-6316,0.00281,0.65252
CVE-2015-6317,0.00079,0.32788
CVE-2015-6318,0.00042,0.05722
CVE-2015-6319,0.00129,0.47732
CVE-2015-6320,0.00181,0.55516
CVE-2015-6321,0.00563,0.75411
CVE-2015-6322,0.00042,0.05722
CVE-2015-6323,0.00396,0.70851
CVE-2015-6324,0.00133,0.48372
CVE-2015-6325,0.00259,0.63761
CVE-2015-6326,0.00186,0.56036
CVE-2015-6327,0.00133,0.48372
CVE-2015-6328,0.00090,0.37975
CVE-2015-6329,0.00099,0.40746
CVE-2015-6330,0.00109,0.43877
CVE-2015-6331,0.00099,0.40746
CVE-2015-6332,0.00133,0.48372
CVE-2015-6333,0.00042,0.05722
CVE-2015-6334,0.00133,0.48372
CVE-2015-6335,0.00158,0.52278
CVE-2015-6336,0.00171,0.54205
CVE-2015-6337,0.00125,0.47020
CVE-2015-6340,0.00133,0.48372
CVE-2015-6341,0.00124,0.46772
CVE-2015-6343,0.00187,0.56209
CVE-2015-6344,0.00090,0.37975
CVE-2015-6345,0.00099,0.40746
CVE-2015-6346,0.00135,0.48865
CVE-2015-6347,0.00068,0.27945
CVE-2015-6348,0.00090,0.37975
CVE-2015-6349,0.00135,0.48865
CVE-2015-6350,0.00099,0.40746
CVE-2015-6351,0.00186,0.56036
CVE-2015-6352,0.00278,0.65025
CVE-2015-6353,0.00068,0.28383
CVE-2015-6354,0.00068,0.28383
CVE-2015-6355,0.00161,0.52718
CVE-2015-6356,0.00135,0.48865
CVE-2015-6357,0.00437,0.72148
CVE-2015-6358,0.00338,0.68473
CVE-2015-6359,0.00435,0.72082
CVE-2015-6360,0.02570,0.89190
CVE-2015-6361,0.00442,0.72301
CVE-2015-6362,0.00074,0.30465
CVE-2015-6363,0.00068,0.28383
CVE-2015-6364,0.00262,0.63992
CVE-2015-6365,0.00068,0.27945
CVE-2015-6366,0.00138,0.49328
CVE-2015-6367,0.00186,0.56036
CVE-2015-6368,0.00107,0.43158
CVE-2015-6369,0.00044,0.10161
CVE-2015-6370,0.00042,0.05844
CVE-2015-6371,0.00106,0.42962
CVE-2015-6372,0.00143,0.50034
CVE-2015-6373,0.00109,0.43877
CVE-2015-6374,0.00152,0.51389
CVE-2015-6375,0.00042,0.05722
CVE-2015-6376,0.00109,0.43877
CVE-2015-6377,0.00187,0.56209
CVE-2015-6378,0.00092,0.38925
CVE-2015-6379,0.00108,0.43364
CVE-2015-6380,0.00392,0.70722
CVE-2015-6382,0.00186,0.56036
CVE-2015-6383,0.00042,0.05722
CVE-2015-6384,0.00157,0.52143
CVE-2015-6385,0.00042,0.05722
CVE-2015-6386,0.00186,0.56036
CVE-2015-6387,0.00135,0.48865
CVE-2015-6388,0.00292,0.65962
CVE-2015-6389,0.00555,0.75253
CVE-2015-6390,0.00135,0.48865
CVE-2015-6391,0.00186,0.56036
CVE-2015-6392,0.00563,0.75411
CVE-2015-6393,0.00563,0.75411
CVE-2015-6394,0.00042,0.05722
CVE-2015-6395,0.00174,0.54571
CVE-2015-6396,0.00043,0.07685
CVE-2015-6397,0.00246,0.62686
CVE-2015-6398,0.00235,0.61655
CVE-2015-6399,0.00278,0.65065
CVE-2015-6400,0.00135,0.48865
CVE-2015-6401,0.00282,0.65344
CVE-2015-6402,0.00192,0.57132
CVE-2015-6403,0.00042,0.05722
CVE-2015-6404,0.00076,0.31273
CVE-2015-6405,0.00157,0.52101
CVE-2015-6406,0.00123,0.46673
CVE-2015-6407,0.00116,0.45245
CVE-2015-6408,0.00157,0.52101
CVE-2015-6409,0.00119,0.45843
CVE-2015-6410,0.00095,0.39712
CVE-2015-6411,0.00161,0.52718
CVE-2015-6412,0.00417,0.71515
CVE-2015-6413,0.00099,0.40706
CVE-2015-6414,0.00042,0.05722
CVE-2015-6415,0.00563,0.75411
CVE-2015-6416,0.00192,0.57132
CVE-2015-6417,0.00130,0.47882
CVE-2015-6418,0.00318,0.67492
CVE-2015-6419,0.00101,0.41215
CVE-2015-6420,0.00880,0.80757
CVE-2015-6421,0.00181,0.55516
CVE-2015-6422,0.00218,0.59805
CVE-2015-6423,0.00072,0.29725
CVE-2015-6424,0.00042,0.05722
CVE-2015-6425,0.00563,0.75411
CVE-2015-6426,0.00042,0.05722
CVE-2015-6427,0.00127,0.47260
CVE-2015-6428,0.00143,0.50036
CVE-2015-6429,0.00186,0.56036
CVE-2015-6431,0.00446,0.72404
CVE-2015-6432,0.00181,0.55516
CVE-2015-6433,0.00076,0.31173
CVE-2015-6434,0.00125,0.47020
CVE-2015-6435,0.00147,0.50645
CVE-2015-6454,0.00348,0.68870
CVE-2015-6456,0.07928,0.93674
CVE-2015-6457,0.01296,0.84455
CVE-2015-6458,0.01296,0.84455
CVE-2015-6459,0.52598,0.97311
CVE-2015-6460,0.19284,0.95850
CVE-2015-6461,0.00075,0.30779
CVE-2015-6462,0.00054,0.20290
CVE-2015-6463,0.00283,0.65383
CVE-2015-6464,0.00169,0.53907
CVE-2015-6465,0.00292,0.65994
CVE-2015-6466,0.00205,0.58474
CVE-2015-6467,0.00567,0.75493
CVE-2015-6468,0.00121,0.46253
CVE-2015-6469,0.00265,0.64240
CVE-2015-6470,0.00152,0.51485
CVE-2015-6471,0.00184,0.55760
CVE-2015-6472,0.00802,0.79855
CVE-2015-6473,0.00802,0.79855
CVE-2015-6474,0.00265,0.64240
CVE-2015-6475,0.00460,0.72802
CVE-2015-6476,0.00448,0.72451
CVE-2015-6477,0.00277,0.64994
CVE-2015-6478,0.16266,0.95517
CVE-2015-6479,0.00162,0.52818
CVE-2015-6480,0.02884,0.89778
CVE-2015-6481,0.03104,0.90100
CVE-2015-6482,0.00308,0.66899
CVE-2015-6484,0.00329,0.68011
CVE-2015-6485,0.00184,0.55760
CVE-2015-6486,0.00051,0.17450
CVE-2015-6488,0.00115,0.45179
CVE-2015-6490,0.00250,0.63064
CVE-2015-6491,0.00063,0.25711
CVE-2015-6492,0.00216,0.59684
CVE-2015-6493,0.00085,0.35348
CVE-2015-6494,0.00081,0.33904
CVE-2015-6495,0.00168,0.53801
CVE-2015-6496,0.02024,0.87759
CVE-2015-6497,0.03170,0.90193
CVE-2015-6498,0.00286,0.65544
CVE-2015-6500,0.00272,0.64628
CVE-2015-6501,0.00105,0.42637
CVE-2015-6502,0.00116,0.45370
CVE-2015-6506,0.00280,0.65147
CVE-2015-6507,0.00042,0.05722
CVE-2015-6508,0.00159,0.52426
CVE-2015-6509,0.00166,0.53347
CVE-2015-6510,0.00166,0.53347
CVE-2015-6511,0.00166,0.53347
CVE-2015-6512,0.00123,0.46532
CVE-2015-6513,0.00160,0.52555
CVE-2015-6514,0.00135,0.48865
CVE-2015-6515,0.00135,0.48865
CVE-2015-6516,0.00110,0.43980
CVE-2015-6517,0.00746,0.78998
CVE-2015-6518,0.00178,0.55125
CVE-2015-6519,0.00120,0.46062
CVE-2015-6520,0.00769,0.79368
CVE-2015-6521,0.00052,0.18039
CVE-2015-6522,0.97057,0.99717
CVE-2015-6523,0.00405,0.71113
CVE-2015-6524,0.00327,0.67896
CVE-2015-6525,0.00211,0.59025
CVE-2015-6526,0.00042,0.05722
CVE-2015-6527,0.00857,0.80505
CVE-2015-6528,0.00140,0.49644
CVE-2015-6529,0.00193,0.57215
CVE-2015-6530,0.00262,0.63953
CVE-2015-6531,0.00351,0.69019
CVE-2015-6535,0.00088,0.37101
CVE-2015-6537,0.00126,0.47143
CVE-2015-6538,0.00320,0.67559
CVE-2015-6540,0.00130,0.47820
CVE-2015-6541,0.01023,0.82238
CVE-2015-6544,0.00284,0.65468
CVE-2015-6545,0.00865,0.80584
CVE-2015-6546,0.00212,0.59247
CVE-2015-6547,0.00324,0.67773
CVE-2015-6548,0.00125,0.46924
CVE-2015-6549,0.00110,0.44050
CVE-2015-6550,0.00470,0.73061
CVE-2015-6551,0.00235,0.61639
CVE-2015-6552,0.00513,0.74242
CVE-2015-6554,0.00550,0.75139
CVE-2015-6555,0.00313,0.67171
CVE-2015-6556,0.00101,0.41193
CVE-2015-6557,0.00044,0.10161
CVE-2015-6563,0.00044,0.08000
CVE-2015-6564,0.00044,0.08000
CVE-2015-6565,0.00062,0.24601
CVE-2015-6566,0.00087,0.36007
CVE-2015-6567,0.00491,0.73647
CVE-2015-6568,0.00695,0.78179
CVE-2015-6569,0.00474,0.73170
CVE-2015-6574,0.02353,0.88734
CVE-2015-6575,0.00176,0.54835
CVE-2015-6576,0.00545,0.75042
CVE-2015-6580,0.00123,0.46678
CVE-2015-6581,0.05872,0.92707
CVE-2015-6582,0.00652,0.77311
CVE-2015-6583,0.00375,0.70017
CVE-2015-6584,0.00214,0.59432
CVE-2015-6585,0.02196,0.88328
CVE-2015-6586,0.00195,0.57483
CVE-2015-6587,0.00374,0.69980
CVE-2015-6588,0.00121,0.46226
CVE-2015-6589,0.11156,0.94681
CVE-2015-6591,0.00044,0.07794
CVE-2015-6592,0.00073,0.30232
CVE-2015-6596,0.00056,0.21026
CVE-2015-6598,0.00150,0.51021
CVE-2015-6599,0.00149,0.50966
CVE-2015-6600,0.00149,0.50966
CVE-2015-6601,0.00149,0.50966
CVE-2015-6602,0.00864,0.80577
CVE-2015-6603,0.00149,0.50966
CVE-2015-6604,0.00149,0.50966
CVE-2015-6605,0.00096,0.39791
CVE-2015-6606,0.00056,0.21026
CVE-2015-6607,0.00353,0.69113
CVE-2015-6608,0.00194,0.57322
CVE-2015-6609,0.00186,0.55933
CVE-2015-6610,0.00065,0.26785
CVE-2015-6611,0.00079,0.32908
CVE-2015-6612,0.00065,0.26785
CVE-2015-6613,0.00065,0.26785
CVE-2015-6614,0.00056,0.21180
CVE-2015-6616,0.00182,0.55582
CVE-2015-6617,0.00241,0.62177
CVE-2015-6618,0.00116,0.45290
CVE-2015-6619,0.00056,0.21026
CVE-2015-6620,0.00056,0.21026
CVE-2015-6621,0.00056,0.21026
CVE-2015-6622,0.00085,0.35398
CVE-2015-6623,0.00056,0.21026
CVE-2015-6624,0.00058,0.22621
CVE-2015-6625,0.00058,0.22621
CVE-2015-6626,0.00102,0.41316
CVE-2015-6627,0.00148,0.50760
CVE-2015-6628,0.00085,0.35398
CVE-2015-6629,0.00096,0.39791
CVE-2015-6630,0.00058,0.22621
CVE-2015-6631,0.00102,0.41316
CVE-2015-6632,0.00102,0.41316
CVE-2015-6633,0.00182,0.55582
CVE-2015-6634,0.00182,0.55582
CVE-2015-6636,0.00148,0.50901
CVE-2015-6637,0.00054,0.19657
CVE-2015-6638,0.00054,0.19657
CVE-2015-6639,0.00320,0.67575
CVE-2015-6640,0.00100,0.40878
CVE-2015-6641,0.00113,0.44607
CVE-2015-6642,0.00102,0.41359
CVE-2015-6643,0.00044,0.10161
CVE-2015-6644,0.00150,0.51055
CVE-2015-6645,0.00044,0.10161
CVE-2015-6646,0.00054,0.19188
CVE-2015-6647,0.00106,0.42704
CVE-2015-6654,0.00052,0.18252
CVE-2015-6655,0.00243,0.62350
CVE-2015-6658,0.00322,0.67680
CVE-2015-6659,0.00556,0.75272
CVE-2015-6660,0.00335,0.68338
CVE-2015-6661,0.00728,0.78742
CVE-2015-6662,0.00655,0.77344
CVE-2015-6663,0.00220,0.60154
CVE-2015-6664,0.00655,0.77344
CVE-2015-6665,0.00335,0.68370
CVE-2015-6668,0.02550,0.89152
CVE-2015-6670,0.00086,0.35594
CVE-2015-6671,0.00164,0.53090
CVE-2015-6672,0.00135,0.48865
CVE-2015-6673,0.00856,0.80492
CVE-2015-6674,0.00366,0.69678
CVE-2015-6675,0.00268,0.64440
CVE-2015-6676,0.04854,0.92004
CVE-2015-6677,0.11680,0.94803
CVE-2015-6678,0.05344,0.92378
CVE-2015-6679,0.00701,0.78260
CVE-2015-6680,0.02090,0.87986
CVE-2015-6681,0.04159,0.91374
CVE-2015-6682,0.01375,0.84941
CVE-2015-6683,0.01412,0.85129
CVE-2015-6684,0.01373,0.84930
CVE-2015-6685,0.01986,0.87622
CVE-2015-6686,0.01986,0.87622
CVE-2015-6687,0.01126,0.83153
CVE-2015-6688,0.01384,0.84988
CVE-2015-6689,0.01384,0.84988
CVE-2015-6690,0.01384,0.84988
CVE-2015-6691,0.01126,0.83153
CVE-2015-6692,0.00759,0.79217
CVE-2015-6693,0.01986,0.87622
CVE-2015-6694,0.01986,0.87622
CVE-2015-6695,0.01986,0.87622
CVE-2015-6696,0.01886,0.87243
CVE-2015-6697,0.01421,0.85165
CVE-2015-6698,0.01886,0.87243
CVE-2015-6699,0.00523,0.74500
CVE-2015-6700,0.00744,0.78975
CVE-2015-6701,0.00523,0.74500
CVE-2015-6702,0.00523,0.74500
CVE-2015-6703,0.00523,0.74500
CVE-2015-6704,0.00523,0.74500
CVE-2015-6705,0.00401,0.70990
CVE-2015-6706,0.00401,0.70990
CVE-2015-6707,0.01517,0.85683
CVE-2015-6708,0.01517,0.85683
CVE-2015-6709,0.01517,0.85683
CVE-2015-6710,0.01517,0.85683
CVE-2015-6711,0.01517,0.85683
CVE-2015-6712,0.01517,0.85683
CVE-2015-6713,0.01547,0.85827
CVE-2015-6714,0.01517,0.85683
CVE-2015-6715,0.01517,0.85683
CVE-2015-6716,0.01517,0.85683
CVE-2015-6717,0.01517,0.85683
CVE-2015-6718,0.01517,0.85683
CVE-2015-6719,0.01517,0.85683
CVE-2015-6720,0.01517,0.85683
CVE-2015-6721,0.01517,0.85683
CVE-2015-6722,0.01517,0.85683
CVE-2015-6723,0.01517,0.85683
CVE-2015-6724,0.01517,0.85683
CVE-2015-6725,0.01517,0.85683
CVE-2015-6727,0.00628,0.76810
CVE-2015-6728,0.00411,0.71318
CVE-2015-6729,0.00265,0.64187
CVE-2015-6730,0.00265,0.64187
CVE-2015-6731,0.00280,0.65197
CVE-2015-6732,0.00323,0.67723
CVE-2015-6733,0.03649,0.90830
CVE-2015-6734,0.00280,0.65197
CVE-2015-6735,0.01625,0.86204
CVE-2015-6736,0.01034,0.82330
CVE-2015-6737,0.00265,0.64187
CVE-2015-6742,0.00247,0.62717
CVE-2015-6743,0.00247,0.62717
CVE-2015-6744,0.00333,0.68270
CVE-2015-6745,0.00042,0.05722
CVE-2015-6746,0.00286,0.65580
CVE-2015-6747,0.00197,0.57643
CVE-2015-6748,0.00233,0.61466
CVE-2015-6749,0.02425,0.88910
CVE-2015-6750,0.02715,0.89495
CVE-2015-6751,0.00089,0.37616
CVE-2015-6752,0.00068,0.28383
CVE-2015-6753,0.00068,0.28383
CVE-2015-6754,0.00068,0.28383
CVE-2015-6755,0.01087,0.82837
CVE-2015-6756,0.02150,0.88221
CVE-2015-6757,0.00983,0.81868
CVE-2015-6758,0.02150,0.88221
CVE-2015-6759,0.00412,0.71345
CVE-2015-6760,0.01166,0.83480
CVE-2015-6761,0.00595,0.76106
CVE-2015-6762,0.00627,0.76802
CVE-2015-6763,0.02447,0.88958
CVE-2015-6764,0.02092,0.87998
CVE-2015-6765,0.03289,0.90374
CVE-2015-6766,0.01642,0.86270
CVE-2015-6767,0.00983,0.81868
CVE-2015-6768,0.01124,0.83139
CVE-2015-6769,0.00862,0.80554
CVE-2015-6770,0.01124,0.83139
CVE-2015-6771,0.02187,0.88310
CVE-2015-6772,0.01087,0.82837
CVE-2015-6773,0.01931,0.87434
CVE-2015-6774,0.01861,0.87128
CVE-2015-6775,0.02187,0.88310
CVE-2015-6776,0.01894,0.87280
CVE-2015-6777,0.00983,0.81868
CVE-2015-6778,0.02886,0.89782
CVE-2015-6779,0.00627,0.76797
CVE-2015-6780,0.01073,0.82727
CVE-2015-6781,0.02386,0.88816
CVE-2015-6782,0.00533,0.74734
CVE-2015-6783,0.00145,0.50410
CVE-2015-6784,0.00533,0.74734
CVE-2015-6785,0.00399,0.70932
CVE-2015-6786,0.00399,0.70932
CVE-2015-6787,0.02447,0.88958
CVE-2015-6788,0.02187,0.88310
CVE-2015-6789,0.01642,0.86270
CVE-2015-6790,0.00533,0.74734
CVE-2015-6791,0.00691,0.78106
CVE-2015-6792,0.03489,0.90640
CVE-2015-6805,0.00115,0.45165
CVE-2015-6806,0.06120,0.92846
CVE-2015-6807,0.00089,0.37616
CVE-2015-6808,0.00068,0.28383
CVE-2015-6809,0.00213,0.59282
CVE-2015-6810,0.00138,0.49357
CVE-2015-6811,0.00190,0.56606
CVE-2015-6812,0.00242,0.62292
CVE-2015-6815,0.00047,0.14026
CVE-2015-6816,0.00739,0.78897
CVE-2015-6817,0.01254,0.84151
CVE-2015-6818,0.00384,0.70400
CVE-2015-6819,0.00449,0.72478
CVE-2015-6820,0.00538,0.74859
CVE-2015-6821,0.00437,0.72133
CVE-2015-6822,0.00429,0.71862
CVE-2015-6823,0.00354,0.69149
CVE-2015-6824,0.00582,0.75844
CVE-2015-6825,0.00437,0.72133
CVE-2015-6826,0.00582,0.75844
CVE-2015-6827,0.00243,0.62350
CVE-2015-6828,0.00238,0.61994
CVE-2015-6829,0.00475,0.73209
CVE-2015-6830,0.00600,0.76212
CVE-2015-6831,0.02192,0.88319
CVE-2015-6832,0.01534,0.85765
CVE-2015-6833,0.00596,0.76122
CVE-2015-6834,0.19757,0.95895
CVE-2015-6835,0.08823,0.93988
CVE-2015-6836,0.02178,0.88285
CVE-2015-6837,0.02776,0.89602
CVE-2015-6838,0.02776,0.89602
CVE-2015-6839,0.00111,0.44158
CVE-2015-6843,0.00180,0.55295
CVE-2015-6844,0.00106,0.42972
CVE-2015-6845,0.00699,0.78234
CVE-2015-6846,0.00273,0.64711
CVE-2015-6847,0.00042,0.05722
CVE-2015-6848,0.00253,0.63241
CVE-2015-6849,0.00347,0.68855
CVE-2015-6850,0.00087,0.36007
CVE-2015-6851,0.00112,0.44335
CVE-2015-6852,0.00160,0.52655
CVE-2015-6853,0.00483,0.73428
CVE-2015-6854,0.00483,0.73428
CVE-2015-6855,0.01131,0.83187
CVE-2015-6856,0.00043,0.07658
CVE-2015-6857,0.16211,0.95511
CVE-2015-6858,0.00266,0.64276
CVE-2015-6859,0.00042,0.05722
CVE-2015-6860,0.00074,0.30645
CVE-2015-6861,0.00175,0.54750
CVE-2015-6862,0.00350,0.68969
CVE-2015-6863,0.00406,0.71169
CVE-2015-6864,0.00098,0.40353
CVE-2015-6867,0.21933,0.96054
CVE-2015-6908,0.94653,0.99095
CVE-2015-6909,0.00360,0.69417
CVE-2015-6910,0.01170,0.83520
CVE-2015-6911,0.00460,0.72786
CVE-2015-6912,0.01523,0.85720
CVE-2015-6913,0.00325,0.67837
CVE-2015-6914,0.02217,0.88393
CVE-2015-6915,0.00184,0.55767
CVE-2015-6918,0.00059,0.23155
CVE-2015-6919,0.00140,0.49644
CVE-2015-6920,0.00160,0.52664
CVE-2015-6921,0.00097,0.40241
CVE-2015-6922,0.95354,0.99220
CVE-2015-6923,0.00062,0.24874
CVE-2015-6925,0.00781,0.79532
CVE-2015-6926,0.00179,0.55230
CVE-2015-6927,0.00068,0.27968
CVE-2015-6928,0.01541,0.85799
CVE-2015-6929,0.00298,0.66342
CVE-2015-6931,0.00125,0.47020
CVE-2015-6932,0.00067,0.27696
CVE-2015-6933,0.00091,0.38544
CVE-2015-6934,0.00291,0.65898
CVE-2015-6937,0.00044,0.08000
CVE-2015-6938,0.00199,0.57800
CVE-2015-6939,0.00251,0.63084
CVE-2015-6940,0.00484,0.73448
CVE-2015-6941,0.00514,0.74263
CVE-2015-6942,0.00120,0.46165
CVE-2015-6943,0.00269,0.64458
CVE-2015-6944,0.00502,0.73968
CVE-2015-6945,0.00193,0.57215
CVE-2015-6946,0.95654,0.99291
CVE-2015-6948,0.05494,0.92493
CVE-2015-6949,0.22721,0.96107
CVE-2015-6959,0.00054,0.19226
CVE-2015-6960,0.00078,0.32606
CVE-2015-6961,0.00105,0.42674
CVE-2015-6962,0.00148,0.50869
CVE-2015-6964,0.00046,0.13740
CVE-2015-6965,0.00462,0.72843
CVE-2015-6966,0.00310,0.66988
CVE-2015-6967,0.08080,0.93735
CVE-2015-6968,0.00942,0.81443
CVE-2015-6969,0.00212,0.59241
CVE-2015-6970,0.03830,0.91047
CVE-2015-6971,0.00042,0.05722
CVE-2015-6972,0.16606,0.95548
CVE-2015-6973,0.94916,0.99137
CVE-2015-6974,0.00267,0.64357
CVE-2015-6975,0.03116,0.90121
CVE-2015-6976,0.02004,0.87704
CVE-2015-6977,0.02004,0.87704
CVE-2015-6978,0.01886,0.87238
CVE-2015-6979,0.00292,0.65959
CVE-2015-6980,0.00042,0.05722
CVE-2015-6981,0.00863,0.80562
CVE-2015-6982,0.00863,0.80562
CVE-2015-6983,0.00638,0.77005
CVE-2015-6984,0.00062,0.24823
CVE-2015-6985,0.00775,0.79459
CVE-2015-6986,0.00216,0.59640
CVE-2015-6987,0.00042,0.05722
CVE-2015-6988,0.03609,0.90782
CVE-2015-6989,0.00267,0.64357
CVE-2015-6990,0.02004,0.87704
CVE-2015-6991,0.02004,0.87704
CVE-2015-6992,0.03116,0.90121
CVE-2015-6993,0.02004,0.87704
CVE-2015-6994,0.00205,0.58464
CVE-2015-6995,0.00316,0.67357
CVE-2015-6996,0.00289,0.65773
CVE-2015-6997,0.00167,0.53475
CVE-2015-6999,0.00376,0.70054
CVE-2015-7000,0.00118,0.45721
CVE-2015-7001,0.00249,0.62893
CVE-2015-7002,0.00709,0.78427
CVE-2015-7003,0.00085,0.35384
CVE-2015-7004,0.00137,0.49084
CVE-2015-7005,0.00863,0.80562
CVE-2015-7006,0.03491,0.90643
CVE-2015-7007,0.97378,0.99897
CVE-2015-7008,0.02004,0.87704
CVE-2015-7009,0.02004,0.87704
CVE-2015-7010,0.02004,0.87704
CVE-2015-7011,0.00775,0.79452
CVE-2015-7012,0.00709,0.78427
CVE-2015-7013,0.00775,0.79452
CVE-2015-7014,0.00709,0.78427
CVE-2015-7015,0.00278,0.65063
CVE-2015-7016,0.00071,0.29435
CVE-2015-7017,0.03116,0.90121
CVE-2015-7018,0.02004,0.87704
CVE-2015-7019,0.00042,0.05722
CVE-2015-7020,0.00042,0.05722
CVE-2015-7021,0.00042,0.05722
CVE-2015-7022,0.00208,0.58825
CVE-2015-7023,0.00305,0.66709
CVE-2015-7024,0.00042,0.05722
CVE-2015-7029,0.01344,0.84724
CVE-2015-7030,0.00256,0.63551
CVE-2015-7031,0.00269,0.64465
CVE-2015-7032,0.00266,0.64297
CVE-2015-7033,0.02261,0.88520
CVE-2015-7034,0.01205,0.83789
CVE-2015-7035,0.00421,0.71651
CVE-2015-7036,0.03341,0.90447
CVE-2015-7037,0.00176,0.54856
CVE-2015-7038,0.02508,0.89075
CVE-2015-7039,0.11145,0.94676
CVE-2015-7040,0.01494,0.85546
CVE-2015-7041,0.01494,0.85546
CVE-2015-7042,0.01494,0.85546
CVE-2015-7043,0.01494,0.85546
CVE-2015-7044,0.00193,0.57172
CVE-2015-7045,0.00244,0.62390
CVE-2015-7046,0.00143,0.50105
CVE-2015-7047,0.00042,0.00438
CVE-2015-7048,0.00709,0.78427
CVE-2015-7049,0.00042,0.05722
CVE-2015-7050,0.00445,0.72383
CVE-2015-7051,0.00254,0.63303
CVE-2015-7052,0.00042,0.05722
CVE-2015-7053,0.02302,0.88615
CVE-2015-7054,0.00955,0.81606
CVE-2015-7055,0.00254,0.63303
CVE-2015-7056,0.00313,0.67163
CVE-2015-7057,0.00042,0.05722
CVE-2015-7058,0.00405,0.71094
CVE-2015-7059,0.02549,0.89151
CVE-2015-7060,0.02549,0.89151
CVE-2015-7061,0.02549,0.89151
CVE-2015-7062,0.00042,0.05722
CVE-2015-7063,0.00042,0.05722
CVE-2015-7064,0.00709,0.78427
CVE-2015-7065,0.00709,0.78427
CVE-2015-7066,0.00709,0.78427
CVE-2015-7067,0.00042,0.05722
CVE-2015-7068,0.00245,0.62564
CVE-2015-7069,0.00173,0.54538
CVE-2015-7070,0.00173,0.54538
CVE-2015-7071,0.00352,0.69060
CVE-2015-7072,0.00267,0.64357
CVE-2015-7073,0.01837,0.87043
CVE-2015-7074,0.01837,0.87043
CVE-2015-7075,0.01837,0.87043
CVE-2015-7076,0.00042,0.05722
CVE-2015-7077,0.00042,0.00438
CVE-2015-7078,0.00042,0.00438
CVE-2015-7079,0.00254,0.63303
CVE-2015-7080,0.00100,0.40813
CVE-2015-7081,0.00549,0.75133
CVE-2015-7082,0.00389,0.70590
CVE-2015-7083,0.00043,0.07520
CVE-2015-7084,0.00043,0.07520
CVE-2015-7085,0.00545,0.75033
CVE-2015-7086,0.00545,0.75033
CVE-2015-7087,0.00545,0.75033
CVE-2015-7088,0.00545,0.75033
CVE-2015-7089,0.00545,0.75033
CVE-2015-7090,0.00545,0.75033
CVE-2015-7091,0.00545,0.75033
CVE-2015-7092,0.01627,0.86209
CVE-2015-7093,0.00296,0.66224
CVE-2015-7094,0.00129,0.47592
CVE-2015-7095,0.00709,0.78427
CVE-2015-7096,0.00709,0.78427
CVE-2015-7097,0.00709,0.78427
CVE-2015-7098,0.00709,0.78427
CVE-2015-7099,0.00709,0.78427
CVE-2015-7100,0.00709,0.78427
CVE-2015-7101,0.00709,0.78427
CVE-2015-7102,0.00709,0.78427
CVE-2015-7103,0.00709,0.78427
CVE-2015-7104,0.00775,0.79452
CVE-2015-7105,0.01837,0.87043
CVE-2015-7106,0.00042,0.00438
CVE-2015-7107,0.01886,0.87251
CVE-2015-7108,0.00042,0.00438
CVE-2015-7109,0.00254,0.63303
CVE-2015-7110,0.00042,0.00438
CVE-2015-7111,0.00267,0.64357
CVE-2015-7112,0.00289,0.65773
CVE-2015-7113,0.00844,0.80354
CVE-2015-7115,0.01463,0.85400
CVE-2015-7116,0.01463,0.85400
CVE-2015-7117,0.00545,0.75033
CVE-2015-7174,0.06576,0.93120
CVE-2015-7175,0.06576,0.93120
CVE-2015-7176,0.07197,0.93401
CVE-2015-7177,0.06576,0.93120
CVE-2015-7178,0.07710,0.93560
CVE-2015-7179,0.08201,0.93772
CVE-2015-7180,0.06576,0.93120
CVE-2015-7181,0.07482,0.93495
CVE-2015-7182,0.01626,0.86206
CVE-2015-7183,0.08957,0.94040
CVE-2015-7184,0.01094,0.82886
CVE-2015-7185,0.00459,0.72756
CVE-2015-7186,0.00348,0.68895
CVE-2015-7187,0.00342,0.68622
CVE-2015-7188,0.01633,0.86230
CVE-2015-7189,0.09092,0.94073
CVE-2015-7190,0.00244,0.62424
CVE-2015-7191,0.00180,0.55271
CVE-2015-7192,0.04232,0.91435
CVE-2015-7193,0.02692,0.89449
CVE-2015-7194,0.08432,0.93840
CVE-2015-7195,0.00509,0.74126
CVE-2015-7196,0.08501,0.93872
CVE-2015-7197,0.00880,0.80759
CVE-2015-7198,0.07197,0.93401
CVE-2015-7199,0.06576,0.93120
CVE-2015-7200,0.01558,0.85883
CVE-2015-7201,0.04751,0.91900
CVE-2015-7202,0.05067,0.92174
CVE-2015-7203,0.04381,0.91570
CVE-2015-7204,0.03608,0.90782
CVE-2015-7205,0.01812,0.86906
CVE-2015-7207,0.00541,0.74936
CVE-2015-7208,0.00460,0.72806
CVE-2015-7210,0.05657,0.92590
CVE-2015-7211,0.00357,0.69292
CVE-2015-7212,0.05258,0.92307
CVE-2015-7213,0.05234,0.92289
CVE-2015-7214,0.02736,0.89532
CVE-2015-7215,0.00404,0.71089
CVE-2015-7216,0.02788,0.89619
CVE-2015-7217,0.03058,0.90031
CVE-2015-7218,0.06176,0.92886
CVE-2015-7219,0.06176,0.92886
CVE-2015-7220,0.03635,0.90812
CVE-2015-7221,0.02662,0.89379
CVE-2015-7222,0.02199,0.88338
CVE-2015-7223,0.00335,0.68357
CVE-2015-7224,0.00667,0.77650
CVE-2015-7225,0.00233,0.61494
CVE-2015-7226,0.00358,0.69347
CVE-2015-7227,0.00086,0.35594
CVE-2015-7228,0.00287,0.65631
CVE-2015-7229,0.00136,0.48998
CVE-2015-7230,0.00083,0.34365
CVE-2015-7231,0.00191,0.56768
CVE-2015-7232,0.00143,0.50076
CVE-2015-7233,0.00127,0.47354
CVE-2015-7234,0.00358,0.69317
CVE-2015-7235,0.00120,0.46128
CVE-2015-7236,0.04876,0.92019
CVE-2015-7237,0.00372,0.69925
CVE-2015-7238,0.00042,0.05722
CVE-2015-7239,0.00141,0.49813
CVE-2015-7241,0.00768,0.79350
CVE-2015-7242,0.00210,0.58949
CVE-2015-7243,0.79384,0.98027
CVE-2015-7244,0.00401,0.70991
CVE-2015-7245,0.96881,0.99650
CVE-2015-7246,0.00630,0.76867
CVE-2015-7247,0.01183,0.83626
CVE-2015-7248,0.00293,0.66058
CVE-2015-7249,0.00203,0.58277
CVE-2015-7250,0.00283,0.65430
CVE-2015-7251,0.00659,0.77413
CVE-2015-7252,0.00160,0.52629
CVE-2015-7253,0.00410,0.71265
CVE-2015-7254,0.12924,0.95021
CVE-2015-7255,0.00143,0.50104
CVE-2015-7256,0.00091,0.38438
CVE-2015-7257,0.00284,0.65464
CVE-2015-7258,0.00284,0.65464
CVE-2015-7259,0.00284,0.65464
CVE-2015-7260,0.00042,0.05722
CVE-2015-7261,0.00423,0.71711
CVE-2015-7262,0.00172,0.54470
CVE-2015-7263,0.00203,0.58270
CVE-2015-7264,0.00305,0.66708
CVE-2015-7265,0.00203,0.58270
CVE-2015-7266,0.00263,0.64044
CVE-2015-7267,0.00066,0.27284
CVE-2015-7268,0.00066,0.27284
CVE-2015-7269,0.00070,0.28775
CVE-2015-7270,0.00245,0.62594
CVE-2015-7271,0.00523,0.74490
CVE-2015-7272,0.00421,0.71660
CVE-2015-7273,0.00639,0.77033
CVE-2015-7274,0.00307,0.66836
CVE-2015-7275,0.00098,0.40456
CVE-2015-7276,0.00133,0.48307
CVE-2015-7277,0.00536,0.74820
CVE-2015-7278,0.00090,0.38047
CVE-2015-7279,0.00183,0.55645
CVE-2015-7280,0.00536,0.74820
CVE-2015-7281,0.00090,0.38047
CVE-2015-7282,0.00217,0.59789
CVE-2015-7283,0.00722,0.78651
CVE-2015-7284,0.00111,0.44285
CVE-2015-7285,0.00113,0.44625
CVE-2015-7286,0.00580,0.75780
CVE-2015-7287,0.02123,0.88077
CVE-2015-7288,0.00410,0.71275
CVE-2015-7289,0.00448,0.72451
CVE-2015-7290,0.00634,0.76931
CVE-2015-7291,0.00085,0.35348
CVE-2015-7292,0.00217,0.59752
CVE-2015-7293,0.00301,0.66465
CVE-2015-7294,0.00229,0.61166
CVE-2015-7295,0.07636,0.93544
CVE-2015-7296,0.00186,0.55988
CVE-2015-7297,0.97564,0.99999
CVE-2015-7298,0.00208,0.58818
CVE-2015-7299,0.00548,0.75103
CVE-2015-7303,0.03534,0.90696
CVE-2015-7304,0.00143,0.50076
CVE-2015-7305,0.00191,0.56768
CVE-2015-7306,0.00093,0.39119
CVE-2015-7307,0.00143,0.50076
CVE-2015-7309,0.28842,0.96465
CVE-2015-7310,0.00341,0.68596
CVE-2015-7311,0.00068,0.28060
CVE-2015-7312,0.00042,0.05753
CVE-2015-7313,0.00267,0.64320
CVE-2015-7314,0.00498,0.73817
CVE-2015-7315,0.00302,0.66523
CVE-2015-7316,0.00123,0.46651
CVE-2015-7317,0.00175,0.54772
CVE-2015-7318,0.00326,0.67861
CVE-2015-7319,0.00141,0.49795
CVE-2015-7320,0.00254,0.63423
CVE-2015-7322,0.00419,0.71570
CVE-2015-7323,0.00389,0.70599
CVE-2015-7324,0.00091,0.38538
CVE-2015-7326,0.01731,0.86596
CVE-2015-7327,0.00419,0.71566
CVE-2015-7328,0.00042,0.05722
CVE-2015-7330,0.00236,0.61748
CVE-2015-7331,0.00154,0.51743
CVE-2015-7333,0.00042,0.05722
CVE-2015-7334,0.00042,0.05722
CVE-2015-7335,0.00044,0.10161
CVE-2015-7336,0.00084,0.34791
CVE-2015-7337,0.01520,0.85704
CVE-2015-7338,0.00091,0.38618
CVE-2015-7339,0.00109,0.43614
CVE-2015-7340,0.00091,0.38618
CVE-2015-7341,0.00109,0.43614
CVE-2015-7342,0.00091,0.38618
CVE-2015-7343,0.00058,0.22585
CVE-2015-7344,0.00058,0.22585
CVE-2015-7346,0.00386,0.70483
CVE-2015-7347,0.00083,0.34256
CVE-2015-7348,0.00223,0.60678
CVE-2015-7349,0.00177,0.54924
CVE-2015-7357,0.00153,0.51519
CVE-2015-7358,0.00061,0.23986
CVE-2015-7359,0.00042,0.05722
CVE-2015-7360,0.00289,0.65757
CVE-2015-7361,0.00718,0.78584
CVE-2015-7362,0.00042,0.05722
CVE-2015-7363,0.00098,0.40531
CVE-2015-7364,0.00214,0.59454
CVE-2015-7365,0.00220,0.60154
CVE-2015-7366,0.00240,0.62131
CVE-2015-7367,0.00749,0.79039
CVE-2015-7368,0.00042,0.05722
CVE-2015-7369,0.00749,0.79039
CVE-2015-7370,0.00225,0.60858
CVE-2015-7371,0.00634,0.76926
CVE-2015-7372,0.01060,0.82603
CVE-2015-7373,0.00220,0.60154
CVE-2015-7374,0.07266,0.93422
CVE-2015-7375,0.00998,0.82035
CVE-2015-7377,0.00232,0.61387
CVE-2015-7378,0.00062,0.24874
CVE-2015-7381,0.00598,0.76158
CVE-2015-7382,0.00096,0.39937
CVE-2015-7383,0.00460,0.72802
CVE-2015-7384,0.00360,0.69441
CVE-2015-7385,0.00220,0.60154
CVE-2015-7386,0.00075,0.30842
CVE-2015-7387,0.91132,0.98662
CVE-2015-7390,0.00149,0.50978
CVE-2015-7391,0.00116,0.45370
CVE-2015-7392,0.05105,0.92201
CVE-2015-7393,0.00082,0.34055
CVE-2015-7394,0.00555,0.75243
CVE-2015-7395,0.00070,0.29111
CVE-2015-7396,0.00075,0.30945
CVE-2015-7397,0.00261,0.63871
CVE-2015-7398,0.00060,0.23579
CVE-2015-7399,0.00275,0.64860
CVE-2015-7400,0.00272,0.64688
CVE-2015-7401,0.00075,0.30945
CVE-2015-7402,0.00060,0.23579
CVE-2015-7403,0.00078,0.32116
CVE-2015-7404,0.00042,0.05722
CVE-2015-7407,0.00112,0.44496
CVE-2015-7408,0.00155,0.51845
CVE-2015-7409,0.00060,0.23579
CVE-2015-7410,0.00119,0.45875
CVE-2015-7411,0.00191,0.56688
CVE-2015-7412,0.00168,0.53535
CVE-2015-7413,0.00178,0.55082
CVE-2015-7414,0.00060,0.23579
CVE-2015-7415,0.00060,0.23579
CVE-2015-7416,0.00219,0.59896
CVE-2015-7417,0.00098,0.40551
CVE-2015-7418,0.00042,0.05722
CVE-2015-7419,0.00393,0.70752
CVE-2015-7420,0.00295,0.66169
CVE-2015-7421,0.00295,0.66169
CVE-2015-7422,0.00042,0.05722
CVE-2015-7423,0.00074,0.30482
CVE-2015-7424,0.00075,0.30945
CVE-2015-7425,0.00949,0.81529
CVE-2015-7426,0.01820,0.86940
CVE-2015-7427,0.00168,0.53535
CVE-2015-7428,0.00139,0.49481
CVE-2015-7429,0.00128,0.47381
CVE-2015-7430,0.00079,0.32790
CVE-2015-7431,0.00116,0.45307
CVE-2015-7432,0.00042,0.05722
CVE-2015-7433,0.00042,0.05722
CVE-2015-7434,0.00042,0.05722
CVE-2015-7435,0.00042,0.05722
CVE-2015-7436,0.00042,0.05722
CVE-2015-7437,0.00042,0.05722
CVE-2015-7438,0.00042,0.05722
CVE-2015-7439,0.00121,0.46335
CVE-2015-7440,0.00042,0.05722
CVE-2015-7441,0.00132,0.48179
CVE-2015-7442,0.00042,0.05722
CVE-2015-7444,0.00084,0.35145
CVE-2015-7445,0.00109,0.43809
CVE-2015-7446,0.00108,0.43425
CVE-2015-7447,0.00332,0.68242
CVE-2015-7448,0.00064,0.26348
CVE-2015-7449,0.00042,0.05722
CVE-2015-7450,0.97390,0.99909
CVE-2015-7451,0.00060,0.23579
CVE-2015-7452,0.00075,0.30945
CVE-2015-7453,0.00090,0.37999
CVE-2015-7454,0.00113,0.44714
CVE-2015-7455,0.00083,0.34243
CVE-2015-7456,0.00105,0.42400
CVE-2015-7457,0.00116,0.45307
CVE-2015-7458,0.00060,0.23579
CVE-2015-7459,0.00060,0.23579
CVE-2015-7460,0.00060,0.23579
CVE-2015-7461,0.00114,0.44993
CVE-2015-7462,0.00042,0.05722
CVE-2015-7463,0.00075,0.30945
CVE-2015-7464,0.00222,0.60581
CVE-2015-7465,0.00108,0.43425
CVE-2015-7466,0.00072,0.29894
CVE-2015-7467,0.00060,0.23579
CVE-2015-7468,0.00075,0.30945
CVE-2015-7469,0.00075,0.30945
CVE-2015-7470,0.00119,0.45875
CVE-2015-7471,0.00060,0.23375
CVE-2015-7472,0.00193,0.57267
CVE-2015-7473,0.00042,0.05722
CVE-2015-7474,0.00060,0.23579
CVE-2015-7484,0.00075,0.30945
CVE-2015-7485,0.00060,0.23579
CVE-2015-7486,0.00060,0.23579
CVE-2015-7487,0.00042,0.05722
CVE-2015-7488,0.00214,0.59506
CVE-2015-7489,0.00067,0.27651
CVE-2015-7490,0.00110,0.44010
CVE-2015-7491,0.00060,0.23579
CVE-2015-7492,0.00060,0.23579
CVE-2015-7493,0.00042,0.05722
CVE-2015-7494,0.00044,0.10161
CVE-2015-7496,0.00062,0.24773
CVE-2015-7497,0.01795,0.86840
CVE-2015-7498,0.01795,0.86840
CVE-2015-7499,0.00247,0.62754
CVE-2015-7500,0.01114,0.83052
CVE-2015-7501,0.01023,0.82232
CVE-2015-7502,0.00079,0.32814
CVE-2015-7503,0.00273,0.64728
CVE-2015-7504,0.00077,0.31743
CVE-2015-7505,0.00346,0.68791
CVE-2015-7506,0.00068,0.28154
CVE-2015-7507,0.00167,0.53413
CVE-2015-7508,0.00278,0.65009
CVE-2015-7509,0.00062,0.24773
CVE-2015-7510,0.00618,0.76627
CVE-2015-7511,0.00206,0.58580
CVE-2015-7512,0.03153,0.90165
CVE-2015-7513,0.00064,0.26441
CVE-2015-7514,0.00114,0.44974
CVE-2015-7515,0.00541,0.74937
CVE-2015-7516,0.00818,0.80028
CVE-2015-7517,0.00178,0.55082
CVE-2015-7518,0.00220,0.60154
CVE-2015-7519,0.00727,0.78716
CVE-2015-7520,0.00658,0.77390
CVE-2015-7521,0.00378,0.70162
CVE-2015-7527,0.05423,0.92438
CVE-2015-7528,0.00499,0.73847
CVE-2015-7529,0.00042,0.05722
CVE-2015-7536,0.00065,0.26917
CVE-2015-7537,0.00181,0.55458
CVE-2015-7538,0.00547,0.75074
CVE-2015-7539,0.00316,0.67328
CVE-2015-7540,0.13250,0.95076
CVE-2015-7541,0.00646,0.77166
CVE-2015-7542,0.01161,0.83433
CVE-2015-7543,0.00042,0.05722
CVE-2015-7544,0.00140,0.49651
CVE-2015-7545,0.07816,0.93619
CVE-2015-7546,0.00209,0.58927
CVE-2015-7547,0.97306,0.99853
CVE-2015-7548,0.00084,0.35123
CVE-2015-7549,0.00062,0.24773
CVE-2015-7550,0.00044,0.08000
CVE-2015-7551,0.00335,0.68344
CVE-2015-7552,0.02316,0.88651
CVE-2015-7553,0.00042,0.05722
CVE-2015-7554,0.04925,0.92056
CVE-2015-7555,0.00222,0.60399
CVE-2015-7556,0.00058,0.21920
CVE-2015-7557,0.00287,0.65623
CVE-2015-7558,0.00305,0.66678
CVE-2015-7559,0.00049,0.14998
CVE-2015-7560,0.00274,0.64757
CVE-2015-7561,0.00071,0.29138
CVE-2015-7562,0.00147,0.50661
CVE-2015-7563,0.00167,0.53466
CVE-2015-7564,0.00167,0.53525
CVE-2015-7565,0.00125,0.47020
CVE-2015-7566,0.00356,0.69223
CVE-2015-7567,0.01172,0.83531
CVE-2015-7568,0.00274,0.64799
CVE-2015-7569,0.00215,0.59574
CVE-2015-7570,0.00364,0.69598
CVE-2015-7571,0.01978,0.87601
CVE-2015-7575,0.00292,0.65942
CVE-2015-7576,0.01894,0.87284
CVE-2015-7577,0.00678,0.77881
CVE-2015-7578,0.00296,0.66199
CVE-2015-7579,0.00296,0.66199
CVE-2015-7580,0.00257,0.63561
CVE-2015-7581,0.02031,0.87785
CVE-2015-7596,0.00042,0.05722
CVE-2015-7597,0.00042,0.05722
CVE-2015-7598,0.00042,0.05722
CVE-2015-7599,0.02214,0.88384
CVE-2015-7600,0.00042,0.05722
CVE-2015-7601,0.63675,0.97586
CVE-2015-7602,0.48446,0.97201
CVE-2015-7603,0.48446,0.97201
CVE-2015-7604,0.00135,0.48865
CVE-2015-7609,0.00183,0.55659
CVE-2015-7610,0.06415,0.93018
CVE-2015-7611,0.77520,0.97971
CVE-2015-7612,0.00094,0.39300
CVE-2015-7613,0.00044,0.08000
CVE-2015-7614,0.01286,0.84389
CVE-2015-7615,0.01384,0.84988
CVE-2015-7616,0.01517,0.85683
CVE-2015-7617,0.01384,0.84988
CVE-2015-7618,0.01334,0.84668
CVE-2015-7619,0.01334,0.84668
CVE-2015-7620,0.01517,0.85683
CVE-2015-7621,0.01357,0.84841
CVE-2015-7622,0.01364,0.84888
CVE-2015-7623,0.01517,0.85683
CVE-2015-7624,0.00401,0.70990
CVE-2015-7625,0.04861,0.92010
CVE-2015-7626,0.04861,0.92010
CVE-2015-7627,0.04861,0.92010
CVE-2015-7628,0.01083,0.82815
CVE-2015-7629,0.03066,0.90042
CVE-2015-7630,0.04861,0.92010
CVE-2015-7631,0.03066,0.90042
CVE-2015-7632,0.06327,0.92966
CVE-2015-7633,0.04861,0.92010
CVE-2015-7634,0.04861,0.92010
CVE-2015-7635,0.01589,0.86037
CVE-2015-7636,0.01589,0.86037
CVE-2015-7637,0.01589,0.86037
CVE-2015-7638,0.01589,0.86037
CVE-2015-7639,0.01589,0.86037
CVE-2015-7640,0.01589,0.86037
CVE-2015-7641,0.01589,0.86037
CVE-2015-7642,0.01589,0.86037
CVE-2015-7643,0.03066,0.90042
CVE-2015-7644,0.05720,0.92626
CVE-2015-7645,0.97407,0.99921
CVE-2015-7647,0.90819,0.98630
CVE-2015-7648,0.90819,0.98630
CVE-2015-7649,0.00629,0.76846
CVE-2015-7650,0.05875,0.92708
CVE-2015-7651,0.03873,0.91096
CVE-2015-7652,0.03840,0.91058
CVE-2015-7653,0.03873,0.91096
CVE-2015-7654,0.03873,0.91096
CVE-2015-7655,0.03873,0.91096
CVE-2015-7656,0.03873,0.91096
CVE-2015-7657,0.03873,0.91096
CVE-2015-7658,0.03873,0.91096
CVE-2015-7659,0.04222,0.91424
CVE-2015-7660,0.03873,0.91096
CVE-2015-7661,0.03873,0.91096
CVE-2015-7662,0.01011,0.82135
CVE-2015-7663,0.61113,0.97531
CVE-2015-7665,0.00412,0.71357
CVE-2015-7666,0.00143,0.50060
CVE-2015-7667,0.00183,0.55643
CVE-2015-7668,0.00107,0.43129
CVE-2015-7669,0.00548,0.75120
CVE-2015-7670,0.00161,0.52780
CVE-2015-7672,0.00111,0.44145
CVE-2015-7673,0.02396,0.88838
CVE-2015-7674,0.02422,0.88901
CVE-2015-7675,0.00121,0.46254
CVE-2015-7676,0.00069,0.28456
CVE-2015-7677,0.00095,0.39598
CVE-2015-7678,0.00126,0.47204
CVE-2015-7679,0.00142,0.49961
CVE-2015-7680,0.00335,0.68368
CVE-2015-7682,0.00225,0.60840
CVE-2015-7683,0.00215,0.59548
CVE-2015-7684,0.00543,0.74999
CVE-2015-7685,0.00135,0.48815
CVE-2015-7686,0.00943,0.81469
CVE-2015-7687,0.00779,0.79523
CVE-2015-7691,0.01614,0.86153
CVE-2015-7692,0.03281,0.90368
CVE-2015-7695,0.01625,0.86203
CVE-2015-7696,0.04577,0.91734
CVE-2015-7697,0.04410,0.91597
CVE-2015-7698,0.00484,0.73484
CVE-2015-7699,0.00788,0.79627
CVE-2015-7700,0.00244,0.62506
CVE-2015-7701,0.04499,0.91673
CVE-2015-7702,0.01359,0.84852
CVE-2015-7703,0.35159,0.96746
CVE-2015-7704,0.87917,0.98432
CVE-2015-7705,0.01216,0.83866
CVE-2015-7706,0.00298,0.66306
CVE-2015-7707,0.05793,0.92656
CVE-2015-7708,0.00225,0.60885
CVE-2015-7709,0.24537,0.96227
CVE-2015-7711,0.00524,0.74509
CVE-2015-7712,0.01344,0.84723
CVE-2015-7713,0.00531,0.74688
CVE-2015-7714,0.00258,0.63617
CVE-2015-7715,0.00824,0.80117
CVE-2015-7716,0.00149,0.50966
CVE-2015-7717,0.00056,0.21026
CVE-2015-7718,0.00096,0.39999
CVE-2015-7723,0.00042,0.05722
CVE-2015-7724,0.00042,0.05722
CVE-2015-7725,0.00229,0.61150
CVE-2015-7726,0.00093,0.39055
CVE-2015-7727,0.00214,0.59488
CVE-2015-7728,0.00093,0.39055
CVE-2015-7729,0.00325,0.67831
CVE-2015-7730,0.00771,0.79388
CVE-2015-7731,0.00044,0.10161
CVE-2015-7732,0.00168,0.53801
CVE-2015-7740,0.00042,0.05722
CVE-2015-7743,0.00161,0.52750
CVE-2015-7744,0.00838,0.80280
CVE-2015-7746,0.00470,0.73060
CVE-2015-7747,0.01462,0.85396
CVE-2015-7748,0.00658,0.77406
CVE-2015-7749,0.00213,0.59294
CVE-2015-7750,0.00213,0.59294
CVE-2015-7751,0.00042,0.05722
CVE-2015-7752,0.00241,0.62211
CVE-2015-7754,0.05070,0.92178
CVE-2015-7755,0.97054,0.99717
CVE-2015-7756,0.02583,0.89216
CVE-2015-7758,0.00042,0.05722
CVE-2015-7759,0.00193,0.57167
CVE-2015-7760,0.00760,0.79232
CVE-2015-7761,0.00191,0.56783
CVE-2015-7762,0.00694,0.78141
CVE-2015-7763,0.00555,0.75257
CVE-2015-7764,0.00155,0.51838
CVE-2015-7765,0.93725,0.98955
CVE-2015-7766,0.68290,0.97696
CVE-2015-7767,0.17974,0.95721
CVE-2015-7768,0.76295,0.97933
CVE-2015-7769,0.00161,0.52779
CVE-2015-7770,0.00457,0.72720
CVE-2015-7771,0.00192,0.56888
CVE-2015-7772,0.00192,0.56888
CVE-2015-7773,0.00281,0.65252
CVE-2015-7774,0.00272,0.64644
CVE-2015-7775,0.00085,0.35301
CVE-2015-7776,0.00613,0.76507
CVE-2015-7777,0.00192,0.56888
CVE-2015-7778,0.00110,0.43938
CVE-2015-7780,0.00151,0.51339
CVE-2015-7781,0.00159,0.52425
CVE-2015-7782,0.00125,0.47020
CVE-2015-7783,0.00182,0.55587
CVE-2015-7784,0.00139,0.49434
CVE-2015-7785,0.00083,0.34389
CVE-2015-7786,0.00209,0.58844
CVE-2015-7787,0.00246,0.62694
CVE-2015-7788,0.00407,0.71202
CVE-2015-7789,0.00296,0.66213
CVE-2015-7790,0.00182,0.55587
CVE-2015-7791,0.00196,0.57555
CVE-2015-7792,0.00472,0.73108
CVE-2015-7793,0.00341,0.68594
CVE-2015-7794,0.00341,0.68594
CVE-2015-7795,0.00271,0.64564
CVE-2015-7796,0.00271,0.64564
CVE-2015-7797,0.00271,0.64564
CVE-2015-7798,0.00271,0.64564
CVE-2015-7799,0.00044,0.08000
CVE-2015-7801,0.03422,0.90567
CVE-2015-7802,0.00773,0.79425
CVE-2015-7803,0.06648,0.93150
CVE-2015-7804,0.04843,0.91997
CVE-2015-7805,0.10965,0.94631
CVE-2015-7806,0.07580,0.93525
CVE-2015-7808,0.74237,0.97879
CVE-2015-7809,0.07638,0.93544
CVE-2015-7810,0.00068,0.28177
CVE-2015-7812,0.00062,0.24773
CVE-2015-7813,0.00062,0.24773
CVE-2015-7814,0.00062,0.24773
CVE-2015-7815,0.02311,0.88642
CVE-2015-7816,0.00963,0.81679
CVE-2015-7817,0.26648,0.96340
CVE-2015-7818,0.00065,0.26793
CVE-2015-7819,0.23868,0.96187
CVE-2015-7820,0.26648,0.96340
CVE-2015-7822,0.00195,0.57494
CVE-2015-7823,0.00233,0.61425
CVE-2015-7824,0.00195,0.57483
CVE-2015-7825,0.00141,0.49744
CVE-2015-7826,0.00290,0.65832
CVE-2015-7827,0.00374,0.69976
CVE-2015-7828,0.06440,0.93028
CVE-2015-7829,0.00066,0.27236
CVE-2015-7830,0.00433,0.71981
CVE-2015-7831,0.00104,0.42231
CVE-2015-7833,0.00195,0.57477
CVE-2015-7834,0.00166,0.53307
CVE-2015-7835,0.00062,0.24773
CVE-2015-7836,0.00254,0.63297
CVE-2015-7837,0.00042,0.05722
CVE-2015-7838,0.20989,0.95997
CVE-2015-7839,0.23302,0.96151
CVE-2015-7840,0.01949,0.87491
CVE-2015-7841,0.00382,0.70296
CVE-2015-7842,0.00140,0.49521
CVE-2015-7843,0.00219,0.59944
CVE-2015-7844,0.00118,0.45779
CVE-2015-7845,0.00252,0.63217
CVE-2015-7846,0.00054,0.19421
CVE-2015-7847,0.00044,0.10161
CVE-2015-7848,0.00548,0.75100
CVE-2015-7849,0.01014,0.82160
CVE-2015-7850,0.00863,0.80563
CVE-2015-7851,0.00184,0.55787
CVE-2015-7852,0.03699,0.90898
CVE-2015-7853,0.07277,0.93426
CVE-2015-7854,0.00836,0.80265
CVE-2015-7855,0.97069,0.99723
CVE-2015-7856,0.00637,0.76986
CVE-2015-7857,0.84848,0.98272
CVE-2015-7858,0.84848,0.98272
CVE-2015-7859,0.00307,0.66828
CVE-2015-7860,0.66274,0.97644
CVE-2015-7861,0.55029,0.97377
CVE-2015-7862,0.00181,0.55435
CVE-2015-7863,0.00143,0.50038
CVE-2015-7865,0.00087,0.36265
CVE-2015-7866,0.00042,0.05722
CVE-2015-7869,0.00042,0.05753
CVE-2015-7871,0.97004,0.99693
CVE-2015-7872,0.00046,0.13781
CVE-2015-7873,0.00764,0.79284
CVE-2015-7874,0.04992,0.92097
CVE-2015-7875,0.00147,0.50658
CVE-2015-7876,0.00619,0.76646
CVE-2015-7877,0.00131,0.47933
CVE-2015-7878,0.00065,0.27007
CVE-2015-7879,0.00098,0.40337
CVE-2015-7880,0.00236,0.61776
CVE-2015-7881,0.00083,0.34365
CVE-2015-7882,0.00306,0.66768
CVE-2015-7884,0.00043,0.07322
CVE-2015-7885,0.00044,0.10166
CVE-2015-7886,0.00168,0.53562
CVE-2015-7887,0.00118,0.45711
CVE-2015-7888,0.00338,0.68470
CVE-2015-7889,0.00366,0.69693
CVE-2015-7890,0.00061,0.23882
CVE-2015-7891,0.00062,0.24874
CVE-2015-7892,0.00080,0.33214
CVE-2015-7893,0.04699,0.91858
CVE-2015-7894,0.09522,0.94226
CVE-2015-7895,0.00053,0.18608
CVE-2015-7896,0.00866,0.80591
CVE-2015-7897,0.05522,0.92510
CVE-2015-7898,0.00053,0.18608
CVE-2015-7899,0.00256,0.63516
CVE-2015-7900,0.00308,0.66886
CVE-2015-7901,0.05696,0.92612
CVE-2015-7902,0.00306,0.66745
CVE-2015-7903,0.00090,0.37989
CVE-2015-7904,0.00198,0.57756
CVE-2015-7905,0.29525,0.96504
CVE-2015-7906,0.00448,0.72451
CVE-2015-7907,0.00146,0.50432
CVE-2015-7908,0.00448,0.72451
CVE-2015-7909,0.00207,0.58694
CVE-2015-7910,0.00297,0.66279
CVE-2015-7911,0.00241,0.62166
CVE-2015-7912,0.07507,0.93501
CVE-2015-7913,0.00072,0.29591
CVE-2015-7914,0.00394,0.70771
CVE-2015-7915,0.00504,0.74025
CVE-2015-7916,0.00151,0.51295
CVE-2015-7917,0.00042,0.00438
CVE-2015-7918,0.40462,0.96942
CVE-2015-7919,0.00272,0.64672
CVE-2015-7921,0.00307,0.66824
CVE-2015-7923,0.00111,0.44230
CVE-2015-7924,0.00343,0.68673
CVE-2015-7925,0.00250,0.62992
CVE-2015-7926,0.00417,0.71520
CVE-2015-7927,0.00403,0.71062
CVE-2015-7928,0.00234,0.61598
CVE-2015-7929,0.00172,0.54467
CVE-2015-7930,0.00637,0.76990
CVE-2015-7931,0.00128,0.47518
CVE-2015-7932,0.00273,0.64730
CVE-2015-7934,0.00320,0.67574
CVE-2015-7935,0.00269,0.64464
CVE-2015-7936,0.00107,0.43241
CVE-2015-7937,0.07069,0.93351
CVE-2015-7938,0.00469,0.73019
CVE-2015-7939,0.22068,0.96061
CVE-2015-7940,0.00246,0.62668
CVE-2015-7941,0.00207,0.58695
CVE-2015-7942,0.00619,0.76637
CVE-2015-7943,0.00229,0.61193
CVE-2015-7944,0.01911,0.87358
CVE-2015-7945,0.00484,0.73466
CVE-2015-7946,0.00070,0.29068
CVE-2015-7961,0.00042,0.05722
CVE-2015-7962,0.00042,0.05722
CVE-2015-7963,0.00042,0.05722
CVE-2015-7964,0.00042,0.05722
CVE-2015-7965,0.00042,0.05722
CVE-2015-7966,0.00042,0.05722
CVE-2015-7967,0.00042,0.05722
CVE-2015-7968,0.00055,0.20604
CVE-2015-7969,0.00062,0.24776
CVE-2015-7970,0.00062,0.24773
CVE-2015-7971,0.00062,0.24773
CVE-2015-7972,0.00062,0.24773
CVE-2015-7973,0.00666,0.77618
CVE-2015-7974,0.00290,0.65855
CVE-2015-7975,0.00243,0.62374
CVE-2015-7976,0.00393,0.70744
CVE-2015-7977,0.01147,0.83326
CVE-2015-7978,0.06117,0.92846
CVE-2015-7979,0.07057,0.93344
CVE-2015-7980,0.00172,0.54462
CVE-2015-7981,0.01198,0.83734
CVE-2015-7984,0.00729,0.78746
CVE-2015-7985,0.00102,0.41276
CVE-2015-7986,0.30435,0.96549
CVE-2015-7987,0.01146,0.83311
CVE-2015-7988,0.01237,0.84031
CVE-2015-7989,0.00114,0.44965
CVE-2015-7990,0.00044,0.08000
CVE-2015-7991,0.00330,0.68102
CVE-2015-7992,0.00371,0.69894
CVE-2015-7993,0.05373,0.92401
CVE-2015-7994,0.05373,0.92401
CVE-2015-7995,0.02318,0.88656
CVE-2015-7996,0.00202,0.58256
CVE-2015-7997,0.00143,0.50076
CVE-2015-7998,0.00203,0.58328
CVE-2015-7999,0.00087,0.36445
CVE-2015-8000,0.96271,0.99427
CVE-2015-8001,0.00245,0.62593
CVE-2015-8002,0.00245,0.62593
CVE-2015-8003,0.00246,0.62639
CVE-2015-8004,0.00120,0.46060
CVE-2015-8005,0.00313,0.67163
CVE-2015-8006,0.00192,0.56888
CVE-2015-8007,0.00120,0.46060
CVE-2015-8008,0.00477,0.73262
CVE-2015-8009,0.00639,0.77034
CVE-2015-8010,0.00171,0.54187
CVE-2015-8011,0.04377,0.91566
CVE-2015-8012,0.00348,0.68867
CVE-2015-8013,0.00249,0.62895
CVE-2015-8019,0.00042,0.05722
CVE-2015-8020,0.00132,0.48277
CVE-2015-8021,0.00118,0.45739
CVE-2015-8022,0.00154,0.51678
CVE-2015-8023,0.00527,0.74584
CVE-2015-8024,0.00883,0.80791
CVE-2015-8025,0.00078,0.32607
CVE-2015-8026,0.01043,0.82437
CVE-2015-8027,0.03336,0.90442
CVE-2015-8028,0.24914,0.96250
CVE-2015-8029,0.04866,0.92013
CVE-2015-8030,0.24599,0.96231
CVE-2015-8031,0.00167,0.53388
CVE-2015-8032,0.00071,0.29313
CVE-2015-8033,0.00071,0.29313
CVE-2015-8034,0.00042,0.05722
CVE-2015-8035,0.00970,0.81749
CVE-2015-8036,0.00962,0.81668
CVE-2015-8037,0.00142,0.49908
CVE-2015-8038,0.00142,0.49908
CVE-2015-8039,0.93481,0.98928
CVE-2015-8040,0.31705,0.96607
CVE-2015-8041,0.03606,0.90780
CVE-2015-8042,0.03873,0.91096
CVE-2015-8043,0.90707,0.98619
CVE-2015-8044,0.77508,0.97970
CVE-2015-8045,0.02540,0.89141
CVE-2015-8046,0.88871,0.98495
CVE-2015-8047,0.02540,0.89141
CVE-2015-8048,0.88871,0.98495
CVE-2015-8049,0.03873,0.91096
CVE-2015-8050,0.03873,0.91096
CVE-2015-8051,0.00962,0.81662
CVE-2015-8052,0.02096,0.88008
CVE-2015-8053,0.02096,0.88008
CVE-2015-8055,0.61113,0.97531
CVE-2015-8056,0.61113,0.97531
CVE-2015-8057,0.61113,0.97531
CVE-2015-8058,0.51924,0.97293
CVE-2015-8059,0.61113,0.97531
CVE-2015-8060,0.02540,0.89141
CVE-2015-8061,0.61113,0.97531
CVE-2015-8062,0.61113,0.97531
CVE-2015-8063,0.61113,0.97531
CVE-2015-8064,0.61113,0.97531
CVE-2015-8065,0.61113,0.97531
CVE-2015-8066,0.61113,0.97531
CVE-2015-8067,0.61113,0.97531
CVE-2015-8068,0.61113,0.97531
CVE-2015-8069,0.61113,0.97531
CVE-2015-8070,0.61113,0.97531
CVE-2015-8071,0.61113,0.97531
CVE-2015-8072,0.00149,0.50966
CVE-2015-8073,0.00149,0.50966
CVE-2015-8074,0.00102,0.41316
CVE-2015-8076,0.01765,0.86715
CVE-2015-8077,0.01950,0.87495
CVE-2015-8078,0.01848,0.87079
CVE-2015-8079,0.00140,0.49590
CVE-2015-8080,0.82719,0.98175
CVE-2015-8081,0.00191,0.56768
CVE-2015-8082,0.01060,0.82603
CVE-2015-8083,0.00264,0.64179
CVE-2015-8084,0.00252,0.63178
CVE-2015-8085,0.00106,0.42881
CVE-2015-8086,0.00106,0.42881
CVE-2015-8087,0.00242,0.62292
CVE-2015-8088,0.00208,0.58750
CVE-2015-8089,0.00067,0.27689
CVE-2015-8090,0.00099,0.40614
CVE-2015-8094,0.00327,0.67925
CVE-2015-8095,0.00287,0.65631
CVE-2015-8096,0.02509,0.89081
CVE-2015-8098,0.01511,0.85650
CVE-2015-8099,0.00759,0.79219
CVE-2015-8100,0.00042,0.05722
CVE-2015-8103,0.87415,0.98407
CVE-2015-8104,0.00095,0.39597
CVE-2015-8105,0.00155,0.51852
CVE-2015-8106,0.03991,0.91196
CVE-2015-8107,0.00629,0.76844
CVE-2015-8108,0.00175,0.54772
CVE-2015-8109,0.00042,0.05722
CVE-2015-8110,0.00042,0.05722
CVE-2015-8113,0.00043,0.07360
CVE-2015-8124,0.01537,0.85782
CVE-2015-8125,0.01060,0.82603
CVE-2015-8126,0.01058,0.82565
CVE-2015-8131,0.00094,0.39300
CVE-2015-8138,0.00358,0.69321
CVE-2015-8139,0.01262,0.84220
CVE-2015-8140,0.03386,0.90515
CVE-2015-8148,0.00110,0.43935
CVE-2015-8149,0.00284,0.65460
CVE-2015-8150,0.00043,0.07360
CVE-2015-8151,0.00120,0.46132
CVE-2015-8152,0.00186,0.56062
CVE-2015-8153,0.00136,0.48991
CVE-2015-8154,0.00716,0.78533
CVE-2015-8156,0.00043,0.07360
CVE-2015-8157,0.00083,0.34504
CVE-2015-8158,0.00860,0.80534
CVE-2015-8212,0.01634,0.86236
CVE-2015-8213,0.00727,0.78714
CVE-2015-8214,0.00335,0.68341
CVE-2015-8215,0.04925,0.92055
CVE-2015-8216,0.00294,0.66108
CVE-2015-8217,0.00395,0.70804
CVE-2015-8218,0.00293,0.66048
CVE-2015-8219,0.00355,0.69219
CVE-2015-8220,0.11096,0.94657
CVE-2015-8221,0.02509,0.89081
CVE-2015-8222,0.00042,0.05722
CVE-2015-8223,0.00042,0.05722
CVE-2015-8224,0.00155,0.51884
CVE-2015-8225,0.00189,0.56482
CVE-2015-8226,0.00189,0.56482
CVE-2015-8227,0.00077,0.31898
CVE-2015-8228,0.00138,0.49308
CVE-2015-8229,0.00135,0.48691
CVE-2015-8230,0.00236,0.61753
CVE-2015-8231,0.00236,0.61753
CVE-2015-8232,0.00287,0.65631
CVE-2015-8233,0.00124,0.46793
CVE-2015-8234,0.00290,0.65850
CVE-2015-8235,0.00150,0.51051
CVE-2015-8236,0.00939,0.81414
CVE-2015-8239,0.00042,0.05722
CVE-2015-8240,0.00235,0.61655
CVE-2015-8241,0.01135,0.83230
CVE-2015-8242,0.00744,0.78968
CVE-2015-8247,0.00193,0.57215
CVE-2015-8249,0.96552,0.99532
CVE-2015-8251,0.00143,0.50022
CVE-2015-8252,0.00309,0.66977
CVE-2015-8253,0.00175,0.54744
CVE-2015-8254,0.00075,0.30928
CVE-2015-8255,0.00116,0.45302
CVE-2015-8256,0.00198,0.57708
CVE-2015-8257,0.01369,0.84907
CVE-2015-8258,0.01549,0.85838
CVE-2015-8261,0.00075,0.30818
CVE-2015-8262,0.00237,0.61830
CVE-2015-8263,0.00237,0.61830
CVE-2015-8264,0.01769,0.86728
CVE-2015-8265,0.00325,0.67798
CVE-2015-8267,0.00561,0.75354
CVE-2015-8268,0.00299,0.66391
CVE-2015-8269,0.00363,0.69539
CVE-2015-8270,0.00763,0.79261
CVE-2015-8271,0.03262,0.90341
CVE-2015-8272,0.00157,0.52199
CVE-2015-8275,0.00055,0.20424
CVE-2015-8276,0.00065,0.27035
CVE-2015-8277,0.91562,0.98704
CVE-2015-8279,0.58102,0.97444
CVE-2015-8280,0.01058,0.82568
CVE-2015-8281,0.00207,0.58704
CVE-2015-8282,0.00802,0.79855
CVE-2015-8283,0.00225,0.60886
CVE-2015-8284,0.00682,0.77964
CVE-2015-8285,0.02925,0.89830
CVE-2015-8286,0.06532,0.93083
CVE-2015-8287,0.00221,0.60284
CVE-2015-8288,0.00228,0.61047
CVE-2015-8289,0.00255,0.63490
CVE-2015-8298,0.00976,0.81802
CVE-2015-8299,0.08301,0.93800
CVE-2015-8300,0.00042,0.05722
CVE-2015-8303,0.00065,0.26893
CVE-2015-8304,0.00316,0.67342
CVE-2015-8305,0.00063,0.25632
CVE-2015-8306,0.00100,0.40807
CVE-2015-8307,0.00078,0.32152
CVE-2015-8308,0.00042,0.05722
CVE-2015-8309,0.00972,0.81771
CVE-2015-8310,0.00090,0.37806
CVE-2015-8312,0.00042,0.05722
CVE-2015-8313,0.01708,0.86500
CVE-2015-8314,0.00064,0.26487
CVE-2015-8315,0.00238,0.61993
CVE-2015-8316,0.00396,0.70825
CVE-2015-8317,0.00955,0.81608
CVE-2015-8318,0.00077,0.32070
CVE-2015-8319,0.00077,0.32070
CVE-2015-8320,0.00233,0.61424
CVE-2015-8322,0.00406,0.71167
CVE-2015-8324,0.00241,0.62163
CVE-2015-8325,0.00042,0.05722
CVE-2015-8326,0.00042,0.05722
CVE-2015-8327,0.02369,0.88775
CVE-2015-8328,0.00042,0.05722
CVE-2015-8329,0.00125,0.46993
CVE-2015-8330,0.01574,0.85972
CVE-2015-8331,0.00268,0.64383
CVE-2015-8332,0.00240,0.62132
CVE-2015-8333,0.00130,0.47869
CVE-2015-8334,0.00104,0.42003
CVE-2015-8335,0.00119,0.45855
CVE-2015-8336,0.00081,0.33807
CVE-2015-8337,0.00078,0.32104
CVE-2015-8338,0.00059,0.22933
CVE-2015-8339,0.00062,0.24773
CVE-2015-8340,0.00062,0.24773
CVE-2015-8341,0.00385,0.70436
CVE-2015-8345,0.00062,0.24773
CVE-2015-8346,0.00491,0.73653
CVE-2015-8349,0.00130,0.47813
CVE-2015-8350,0.00107,0.43276
CVE-2015-8351,0.84560,0.98257
CVE-2015-8352,0.01939,0.87457
CVE-2015-8353,0.00150,0.51085
CVE-2015-8354,0.00258,0.63609
CVE-2015-8355,0.00108,0.43508
CVE-2015-8356,0.00465,0.72893
CVE-2015-8357,0.02423,0.88904
CVE-2015-8358,0.02667,0.89387
CVE-2015-8360,0.00651,0.77286
CVE-2015-8361,0.00340,0.68553
CVE-2015-8362,0.05669,0.92593
CVE-2015-8363,0.00335,0.68356
CVE-2015-8364,0.00401,0.71000
CVE-2015-8365,0.00370,0.69857
CVE-2015-8366,0.00954,0.81597
CVE-2015-8367,0.01720,0.86556
CVE-2015-8368,0.04614,0.91765
CVE-2015-8369,0.01386,0.85000
CVE-2015-8370,0.00108,0.43391
CVE-2015-8371,0.00063,0.24985
CVE-2015-8373,0.00660,0.77484
CVE-2015-8374,0.00144,0.50223
CVE-2015-8375,0.00121,0.46207
CVE-2015-8376,0.00205,0.58467
CVE-2015-8377,0.00118,0.45695
CVE-2015-8378,0.00178,0.55045
CVE-2015-8379,0.03188,0.90222
CVE-2015-8380,0.06677,0.93166
CVE-2015-8381,0.02758,0.89574
CVE-2015-8382,0.05006,0.92118
CVE-2015-8383,0.04985,0.92092
CVE-2015-8384,0.02535,0.89131
CVE-2015-8385,0.01914,0.87373
CVE-2015-8386,0.03255,0.90328
CVE-2015-8387,0.01453,0.85348
CVE-2015-8388,0.01601,0.86082
CVE-2015-8389,0.02815,0.89668
CVE-2015-8390,0.02815,0.89668
CVE-2015-8391,0.02730,0.89525
CVE-2015-8392,0.02535,0.89131
CVE-2015-8393,0.00469,0.73035
CVE-2015-8394,0.03846,0.91065
CVE-2015-8395,0.01786,0.86797
CVE-2015-8396,0.01937,0.87445
CVE-2015-8397,0.00524,0.74503
CVE-2015-8398,0.00181,0.55516
CVE-2015-8399,0.96550,0.99530
CVE-2015-8400,0.00546,0.75067
CVE-2015-8401,0.61113,0.97531
CVE-2015-8402,0.61113,0.97531
CVE-2015-8403,0.61113,0.97531
CVE-2015-8404,0.61113,0.97531
CVE-2015-8405,0.32911,0.96647
CVE-2015-8406,0.61113,0.97531
CVE-2015-8407,0.04259,0.91462
CVE-2015-8408,0.02540,0.89141
CVE-2015-8409,0.43939,0.97049
CVE-2015-8410,0.88871,0.98495
CVE-2015-8411,0.88871,0.98495
CVE-2015-8412,0.88871,0.98495
CVE-2015-8413,0.88871,0.98495
CVE-2015-8414,0.61113,0.97531
CVE-2015-8415,0.07370,0.93459
CVE-2015-8416,0.07036,0.93337
CVE-2015-8417,0.06343,0.92976
CVE-2015-8418,0.06343,0.92976
CVE-2015-8419,0.06343,0.92976
CVE-2015-8420,0.86526,0.98363
CVE-2015-8421,0.86526,0.98363
CVE-2015-8422,0.86526,0.98363
CVE-2015-8423,0.86526,0.98363
CVE-2015-8424,0.86526,0.98363
CVE-2015-8425,0.86526,0.98363
CVE-2015-8426,0.86526,0.98363
CVE-2015-8427,0.86526,0.98363
CVE-2015-8428,0.86526,0.98363
CVE-2015-8429,0.86526,0.98363
CVE-2015-8430,0.86526,0.98363
CVE-2015-8431,0.86526,0.98363
CVE-2015-8432,0.05759,0.92643
CVE-2015-8433,0.05759,0.92643
CVE-2015-8434,0.86526,0.98363
CVE-2015-8435,0.05759,0.92643
CVE-2015-8436,0.03088,0.90072
CVE-2015-8437,0.03088,0.90072
CVE-2015-8438,0.03837,0.91054
CVE-2015-8439,0.02492,0.89047
CVE-2015-8440,0.06245,0.92921
CVE-2015-8441,0.05759,0.92643
CVE-2015-8442,0.03088,0.90072
CVE-2015-8443,0.06343,0.92976
CVE-2015-8444,0.05211,0.92274
CVE-2015-8445,0.07763,0.93584
CVE-2015-8446,0.92760,0.98849
CVE-2015-8447,0.03088,0.90072
CVE-2015-8448,0.03088,0.90072
CVE-2015-8449,0.03088,0.90072
CVE-2015-8450,0.03088,0.90072
CVE-2015-8451,0.06343,0.92976
CVE-2015-8452,0.05759,0.92643
CVE-2015-8453,0.00278,0.65062
CVE-2015-8454,0.06689,0.93170
CVE-2015-8455,0.06343,0.92976
CVE-2015-8456,0.01506,0.85621
CVE-2015-8457,0.03636,0.90812
CVE-2015-8458,0.01854,0.87101
CVE-2015-8459,0.04166,0.91380
CVE-2015-8460,0.02563,0.89173
CVE-2015-8461,0.12336,0.94928
CVE-2015-8466,0.00447,0.72419
CVE-2015-8467,0.01284,0.84370
CVE-2015-8470,0.00245,0.62564
CVE-2015-8472,0.11968,0.94865
CVE-2015-8473,0.00251,0.63145
CVE-2015-8474,0.00452,0.72577
CVE-2015-8476,0.00257,0.63590
CVE-2015-8477,0.00274,0.64778
CVE-2015-8478,0.00123,0.46678
CVE-2015-8479,0.00123,0.46678
CVE-2015-8480,0.00146,0.50459
CVE-2015-8481,0.00118,0.45739
CVE-2015-8482,0.00044,0.10161
CVE-2015-8483,0.00286,0.65536
CVE-2015-8484,0.00162,0.52807
CVE-2015-8485,0.00162,0.52807
CVE-2015-8486,0.00162,0.52807
CVE-2015-8487,0.00268,0.64414
CVE-2015-8488,0.00268,0.64414
CVE-2015-8489,0.00245,0.62624
CVE-2015-8504,0.00991,0.81983
CVE-2015-8505,0.00182,0.55582
CVE-2015-8506,0.00182,0.55582
CVE-2015-8507,0.00182,0.55582
CVE-2015-8508,0.00312,0.67079
CVE-2015-8509,0.00240,0.62098
CVE-2015-8510,0.00125,0.47020
CVE-2015-8511,0.00077,0.32045
CVE-2015-8512,0.00074,0.30666
CVE-2015-8519,0.86734,0.98375
CVE-2015-8520,0.86734,0.98375
CVE-2015-8521,0.86734,0.98375
CVE-2015-8522,0.86734,0.98375
CVE-2015-8523,0.00795,0.79771
CVE-2015-8524,0.00169,0.53889
CVE-2015-8530,0.91790,0.98732
CVE-2015-8531,0.00116,0.45307
CVE-2015-8534,0.00042,0.05722
CVE-2015-8535,0.00044,0.07794
CVE-2015-8536,0.00073,0.30112
CVE-2015-8537,0.00457,0.72723
CVE-2015-8538,0.00098,0.40546
CVE-2015-8539,0.00044,0.08000
CVE-2015-8540,0.02236,0.88452
CVE-2015-8542,0.00300,0.66443
CVE-2015-8543,0.00044,0.08000
CVE-2015-8544,0.00273,0.64728
CVE-2015-8546,0.00115,0.45215
CVE-2015-8547,0.02832,0.89698
CVE-2015-8548,0.00166,0.53307
CVE-2015-8549,0.00175,0.54734
CVE-2015-8550,0.00067,0.27860
CVE-2015-8551,0.00062,0.24773
CVE-2015-8552,0.00076,0.31192
CVE-2015-8553,0.00051,0.17134
CVE-2015-8554,0.00069,0.28603
CVE-2015-8555,0.00312,0.67098
CVE-2015-8556,0.01936,0.87444
CVE-2015-8557,0.01477,0.85452
CVE-2015-8558,0.00062,0.24773
CVE-2015-8559,0.00180,0.55278
CVE-2015-8560,0.00923,0.81265
CVE-2015-8561,0.14558,0.95273
CVE-2015-8562,0.97311,0.99856
CVE-2015-8563,0.00094,0.39300
CVE-2015-8564,0.00474,0.73173
CVE-2015-8565,0.00474,0.73173
CVE-2015-8566,0.01816,0.86931
CVE-2015-8567,0.00582,0.75815
CVE-2015-8568,0.00062,0.24773
CVE-2015-8569,0.00044,0.10166
CVE-2015-8570,0.05367,0.92393
CVE-2015-8571,0.11536,0.94768
CVE-2015-8572,0.76306,0.97934
CVE-2015-8575,0.00109,0.43865
CVE-2015-8577,0.00050,0.16807
CVE-2015-8578,0.00285,0.65512
CVE-2015-8579,0.00236,0.61742
CVE-2015-8580,0.04226,0.91431
CVE-2015-8592,0.00128,0.47548
CVE-2015-8593,0.00201,0.58132
CVE-2015-8594,0.00201,0.58132
CVE-2015-8595,0.00128,0.47548
CVE-2015-8596,0.00128,0.47548
CVE-2015-8597,0.00328,0.67964
CVE-2015-8600,0.00491,0.73662
CVE-2015-8601,0.00224,0.60722
CVE-2015-8602,0.00106,0.42881
CVE-2015-8603,0.00112,0.44482
CVE-2015-8604,0.01231,0.83998
CVE-2015-8605,0.05106,0.92202
CVE-2015-8606,0.00251,0.63146
CVE-2015-8607,0.00917,0.81193
CVE-2015-8608,0.05468,0.92475
CVE-2015-8611,0.00513,0.74242
CVE-2015-8612,0.00514,0.74266
CVE-2015-8613,0.00069,0.28603
CVE-2015-8614,0.00585,0.75901
CVE-2015-8615,0.00100,0.40798
CVE-2015-8616,0.00284,0.65434
CVE-2015-8617,0.17560,0.95680
CVE-2015-8618,0.00547,0.75094
CVE-2015-8619,0.00826,0.80137
CVE-2015-8620,0.00045,0.12180
CVE-2015-8621,0.00042,0.05722
CVE-2015-8622,0.00167,0.53441
CVE-2015-8623,0.00265,0.64238
CVE-2015-8624,0.00232,0.61421
CVE-2015-8625,0.00289,0.65812
CVE-2015-8626,0.00603,0.76270
CVE-2015-8627,0.00284,0.65439
CVE-2015-8628,0.00263,0.64038
CVE-2015-8629,0.00731,0.78791
CVE-2015-8630,0.07317,0.93441
CVE-2015-8631,0.06404,0.93012
CVE-2015-8634,0.13286,0.95084
CVE-2015-8635,0.09839,0.94317
CVE-2015-8636,0.15490,0.95421
CVE-2015-8638,0.03394,0.90526
CVE-2015-8639,0.03394,0.90526
CVE-2015-8640,0.01852,0.87094
CVE-2015-8641,0.01852,0.87094
CVE-2015-8642,0.01852,0.87094
CVE-2015-8643,0.01852,0.87094
CVE-2015-8644,0.12420,0.94940
CVE-2015-8645,0.02563,0.89173
CVE-2015-8646,0.01852,0.87094
CVE-2015-8647,0.03394,0.90526
CVE-2015-8648,0.03394,0.90526
CVE-2015-8649,0.03394,0.90526
CVE-2015-8650,0.03394,0.90526
CVE-2015-8651,0.20198,0.95933
CVE-2015-8652,0.01950,0.87494
CVE-2015-8653,0.01369,0.84909
CVE-2015-8654,0.01950,0.87494
CVE-2015-8655,0.01369,0.84909
CVE-2015-8656,0.01950,0.87494
CVE-2015-8657,0.01950,0.87494
CVE-2015-8658,0.01950,0.87494
CVE-2015-8659,0.01860,0.87120
CVE-2015-8660,0.00115,0.45239
CVE-2015-8661,0.00281,0.65243
CVE-2015-8662,0.00310,0.67016
CVE-2015-8663,0.00281,0.65243
CVE-2015-8664,0.08298,0.93799
CVE-2015-8665,0.02172,0.88266
CVE-2015-8666,0.00069,0.28603
CVE-2015-8667,0.00098,0.40456
CVE-2015-8668,0.05712,0.92622
CVE-2015-8669,0.00340,0.68553
CVE-2015-8670,0.00074,0.30661
CVE-2015-8671,0.00097,0.40125
CVE-2015-8672,0.00193,0.57239
CVE-2015-8673,0.00078,0.32093
CVE-2015-8675,0.00078,0.32093
CVE-2015-8676,0.00258,0.63619
CVE-2015-8677,0.00140,0.49521
CVE-2015-8678,0.00189,0.56482
CVE-2015-8679,0.00063,0.25632
CVE-2015-8680,0.00070,0.28913
CVE-2015-8681,0.00070,0.28913
CVE-2015-8682,0.00063,0.25632
CVE-2015-8683,0.02999,0.89933
CVE-2015-8684,0.00098,0.40456
CVE-2015-8685,0.00298,0.66306
CVE-2015-8687,0.00065,0.27007
CVE-2015-8688,0.00578,0.75760
CVE-2015-8697,0.00042,0.05722
CVE-2015-8698,0.00226,0.60959
CVE-2015-8699,0.00107,0.43129
CVE-2015-8701,0.00062,0.24773
CVE-2015-8702,0.00838,0.80279
CVE-2015-8703,0.00147,0.50622
CVE-2015-8704,0.96845,0.99635
CVE-2015-8705,0.04646,0.91803
CVE-2015-8707,0.00682,0.77961
CVE-2015-8708,0.00203,0.58305
CVE-2015-8709,0.00044,0.08000
CVE-2015-8710,0.00890,0.80888
CVE-2015-8711,0.00138,0.49280
CVE-2015-8712,0.00247,0.62711
CVE-2015-8713,0.00260,0.63849
CVE-2015-8714,0.00247,0.62711
CVE-2015-8715,0.00176,0.54780
CVE-2015-8716,0.00247,0.62711
CVE-2015-8717,0.00247,0.62711
CVE-2015-8718,0.00247,0.62711
CVE-2015-8719,0.00247,0.62711
CVE-2015-8720,0.00247,0.62711
CVE-2015-8721,0.00267,0.64353
CVE-2015-8722,0.00160,0.52645
CVE-2015-8723,0.00322,0.67676
CVE-2015-8724,0.00304,0.66662
CVE-2015-8725,0.00282,0.65325
CVE-2015-8726,0.00316,0.67329
CVE-2015-8727,0.00304,0.66662
CVE-2015-8728,0.00305,0.66709
CVE-2015-8729,0.00304,0.66662
CVE-2015-8730,0.00304,0.66662
CVE-2015-8731,0.00304,0.66662
CVE-2015-8732,0.00307,0.66846
CVE-2015-8733,0.00304,0.66662
CVE-2015-8734,0.00227,0.61011
CVE-2015-8735,0.00385,0.70417
CVE-2015-8736,0.00386,0.70471
CVE-2015-8737,0.00227,0.61011
CVE-2015-8738,0.00227,0.61011
CVE-2015-8739,0.00385,0.70417
CVE-2015-8740,0.00310,0.67018
CVE-2015-8741,0.00227,0.61011
CVE-2015-8742,0.00227,0.61011
CVE-2015-8743,0.00062,0.24540
CVE-2015-8744,0.00062,0.24773
CVE-2015-8745,0.00062,0.24773
CVE-2015-8746,0.01429,0.85215
CVE-2015-8747,0.00514,0.74270
CVE-2015-8748,0.00672,0.77746
CVE-2015-8749,0.00345,0.68741
CVE-2015-8750,0.00272,0.64671
CVE-2015-8751,0.00898,0.80985
CVE-2015-8753,0.00311,0.67046
CVE-2015-8754,0.00160,0.52577
CVE-2015-8755,0.00084,0.34872
CVE-2015-8756,0.00063,0.25676
CVE-2015-8757,0.00183,0.55643
CVE-2015-8758,0.00084,0.34872
CVE-2015-8759,0.00063,0.25676
CVE-2015-8760,0.00233,0.61435
CVE-2015-8761,0.00194,0.57322
CVE-2015-8762,0.00224,0.60768
CVE-2015-8763,0.00234,0.61575
CVE-2015-8764,0.00201,0.58012
CVE-2015-8765,0.00604,0.76308
CVE-2015-8766,0.00235,0.61648
CVE-2015-8767,0.00176,0.54823
CVE-2015-8768,0.00968,0.81726
CVE-2015-8769,0.00109,0.43868
CVE-2015-8770,0.11945,0.94860
CVE-2015-8771,0.00571,0.75557
CVE-2015-8772,0.00219,0.59945
CVE-2015-8773,0.00150,0.51202
CVE-2015-8776,0.00543,0.74982
CVE-2015-8777,0.00044,0.08000
CVE-2015-8778,0.03037,0.90005
CVE-2015-8779,0.04282,0.91482
CVE-2015-8780,0.00082,0.34054
CVE-2015-8781,0.00773,0.79420
CVE-2015-8782,0.00773,0.79420
CVE-2015-8783,0.00663,0.77566
CVE-2015-8784,0.03535,0.90696
CVE-2015-8785,0.00144,0.50212
CVE-2015-8786,0.00409,0.71257
CVE-2015-8787,0.04676,0.91839
CVE-2015-8789,0.00829,0.80180
CVE-2015-8790,0.00400,0.70951
CVE-2015-8791,0.00206,0.58587
CVE-2015-8792,0.00183,0.55645
CVE-2015-8793,0.00275,0.64872
CVE-2015-8794,0.00221,0.60295
CVE-2015-8795,0.00243,0.62388
CVE-2015-8796,0.03677,0.90873
CVE-2015-8797,0.03677,0.90873
CVE-2015-8798,0.00242,0.62323
CVE-2015-8799,0.00101,0.41073
CVE-2015-8800,0.00119,0.45881
CVE-2015-8801,0.00043,0.07360
CVE-2015-8803,0.00872,0.80658
CVE-2015-8804,0.00485,0.73516
CVE-2015-8805,0.00485,0.73516
CVE-2015-8806,0.02168,0.88257
CVE-2015-8807,0.00434,0.72023
CVE-2015-8808,0.01570,0.85932
CVE-2015-8812,0.05391,0.92412
CVE-2015-8813,0.00511,0.74190
CVE-2015-8814,0.00159,0.52409
CVE-2015-8815,0.00146,0.50578
CVE-2015-8816,0.00370,0.69848
CVE-2015-8817,0.00062,0.24773
CVE-2015-8818,0.00062,0.24773
CVE-2015-8820,0.02076,0.87938
CVE-2015-8821,0.01369,0.84909
CVE-2015-8822,0.03249,0.90323
CVE-2015-8823,0.04564,0.91721
CVE-2015-8830,0.00044,0.08000
CVE-2015-8831,0.00155,0.51818
CVE-2015-8832,0.00771,0.79384
CVE-2015-8833,0.09617,0.94257
CVE-2015-8834,0.00183,0.55643
CVE-2015-8835,0.10139,0.94424
CVE-2015-8836,0.00112,0.44404
CVE-2015-8837,0.00723,0.78658
CVE-2015-8838,0.00471,0.73099
CVE-2015-8839,0.00143,0.50023
CVE-2015-8840,0.00172,0.54274
CVE-2015-8841,0.03134,0.90143
CVE-2015-8842,0.00042,0.05722
CVE-2015-8843,0.00133,0.48373
CVE-2015-8844,0.00104,0.42004
CVE-2015-8845,0.00046,0.12627
CVE-2015-8851,0.00246,0.62687
CVE-2015-8852,0.00816,0.80002
CVE-2015-8853,0.03050,0.90021
CVE-2015-8854,0.00472,0.73124
CVE-2015-8855,0.00242,0.62325
CVE-2015-8856,0.00142,0.49920
CVE-2015-8857,0.00794,0.79753
CVE-2015-8858,0.00264,0.64087
CVE-2015-8859,0.00135,0.48779
CVE-2015-8860,0.00183,0.55623
CVE-2015-8861,0.00135,0.48742
CVE-2015-8862,0.00234,0.61535
CVE-2015-8863,0.03380,0.90509
CVE-2015-8864,0.00172,0.54268
CVE-2015-8865,0.00400,0.70963
CVE-2015-8866,0.00719,0.78606
CVE-2015-8867,0.00769,0.79357
CVE-2015-8868,0.03368,0.90491
CVE-2015-8869,0.02209,0.88369
CVE-2015-8870,0.00735,0.78848
CVE-2015-8871,0.01127,0.83163
CVE-2015-8872,0.00214,0.59507
CVE-2015-8873,0.00944,0.81477
CVE-2015-8874,0.03495,0.90649
CVE-2015-8875,0.03403,0.90539
CVE-2015-8876,0.03510,0.90666
CVE-2015-8877,0.06038,0.92796
CVE-2015-8878,0.00171,0.54199
CVE-2015-8879,0.00801,0.79845
CVE-2015-8880,0.00540,0.74914
CVE-2015-8888,0.00093,0.39108
CVE-2015-8889,0.00089,0.37426
CVE-2015-8890,0.00089,0.37426
CVE-2015-8891,0.00083,0.34315
CVE-2015-8892,0.00089,0.37426
CVE-2015-8893,0.00057,0.21447
CVE-2015-8894,0.00350,0.68977
CVE-2015-8895,0.01628,0.86212
CVE-2015-8896,0.00977,0.81810
CVE-2015-8897,0.00859,0.80524
CVE-2015-8898,0.00582,0.75827
CVE-2015-8899,0.01060,0.82580
CVE-2015-8900,0.00307,0.66853
CVE-2015-8901,0.00410,0.71269
CVE-2015-8902,0.00416,0.71496
CVE-2015-8903,0.00350,0.68986
CVE-2015-8914,0.04325,0.91522
CVE-2015-8915,0.01724,0.86570
CVE-2015-8916,0.03629,0.90805
CVE-2015-8917,0.07544,0.93517
CVE-2015-8918,0.05940,0.92747
CVE-2015-8919,0.06953,0.93304
CVE-2015-8920,0.01259,0.84202
CVE-2015-8921,0.04714,0.91867
CVE-2015-8922,0.00466,0.72939
CVE-2015-8923,0.02741,0.89539
CVE-2015-8924,0.01307,0.84519
CVE-2015-8925,0.00794,0.79762
CVE-2015-8926,0.01009,0.82114
CVE-2015-8927,0.00608,0.76370
CVE-2015-8928,0.00582,0.75838
CVE-2015-8929,0.01106,0.82988
CVE-2015-8930,0.05892,0.92715
CVE-2015-8931,0.00437,0.72156
CVE-2015-8932,0.02680,0.89426
CVE-2015-8933,0.00658,0.77410
CVE-2015-8934,0.00798,0.79807
CVE-2015-8935,0.00337,0.68426
CVE-2015-8936,0.00241,0.62217
CVE-2015-8937,0.00089,0.37426
CVE-2015-8938,0.00089,0.37426
CVE-2015-8939,0.00089,0.37426
CVE-2015-8940,0.00089,0.37426
CVE-2015-8941,0.00089,0.37426
CVE-2015-8942,0.00089,0.37426
CVE-2015-8943,0.00089,0.37426
CVE-2015-8944,0.00059,0.22935
CVE-2015-8945,0.00065,0.26874
CVE-2015-8946,0.00042,0.05722
CVE-2015-8947,0.03575,0.90740
CVE-2015-8948,0.00289,0.65778
CVE-2015-8949,0.00895,0.80940
CVE-2015-8950,0.00082,0.34133
CVE-2015-8951,0.00089,0.37426
CVE-2015-8952,0.00044,0.08000
CVE-2015-8953,0.00042,0.05722
CVE-2015-8954,0.00302,0.66551
CVE-2015-8955,0.00042,0.05722
CVE-2015-8956,0.00042,0.05722
CVE-2015-8957,0.00515,0.74286
CVE-2015-8958,0.00354,0.69171
CVE-2015-8959,0.00487,0.73545
CVE-2015-8960,0.00637,0.76976
CVE-2015-8961,0.00094,0.39370
CVE-2015-8962,0.00042,0.05722
CVE-2015-8963,0.00079,0.32911
CVE-2015-8964,0.00073,0.30423
CVE-2015-8965,0.00339,0.68498
CVE-2015-8966,0.00042,0.05722
CVE-2015-8967,0.00068,0.28210
CVE-2015-8968,0.00928,0.81311
CVE-2015-8969,0.03382,0.90511
CVE-2015-8970,0.00042,0.05722
CVE-2015-8971,0.00367,0.69737
CVE-2015-8972,0.00423,0.71723
CVE-2015-8973,0.00252,0.63157
CVE-2015-8974,0.00161,0.52745
CVE-2015-8975,0.00142,0.49984
CVE-2015-8976,0.00176,0.54824
CVE-2015-8977,0.00224,0.60786
CVE-2015-8978,0.00114,0.44881
CVE-2015-8979,0.00453,0.72606
CVE-2015-8980,0.00817,0.80023
CVE-2015-8981,0.00325,0.67819
CVE-2015-8982,0.00670,0.77703
CVE-2015-8983,0.00508,0.74123
CVE-2015-8984,0.00546,0.75069
CVE-2015-8985,0.00298,0.66329
CVE-2015-8986,0.00061,0.23974
CVE-2015-8987,0.00065,0.26756
CVE-2015-8988,0.00085,0.35393
CVE-2015-8989,0.00070,0.28904
CVE-2015-8990,0.00096,0.39765
CVE-2015-8991,0.00044,0.10161
CVE-2015-8992,0.00044,0.10161
CVE-2015-8993,0.00044,0.10161
CVE-2015-8994,0.00448,0.72435
CVE-2015-8995,0.00103,0.41676
CVE-2015-8996,0.00103,0.41676
CVE-2015-8997,0.00103,0.41676
CVE-2015-8998,0.00103,0.41676
CVE-2015-8999,0.00110,0.44040
CVE-2015-9000,0.00103,0.41676
CVE-2015-9001,0.00079,0.32884
CVE-2015-9002,0.00108,0.43342
CVE-2015-9003,0.00086,0.35850
CVE-2015-9004,0.00068,0.28210
CVE-2015-9005,0.00075,0.31044
CVE-2015-9006,0.00063,0.25160
CVE-2015-9007,0.00063,0.25160
CVE-2015-9008,0.00315,0.67296
CVE-2015-9009,0.00315,0.67296
CVE-2015-9010,0.00315,0.67296
CVE-2015-9011,0.00315,0.67296
CVE-2015-9012,0.00315,0.67296
CVE-2015-9013,0.00315,0.67296
CVE-2015-9014,0.00315,0.67296
CVE-2015-9015,0.00052,0.18252
CVE-2015-9016,0.00042,0.05722
CVE-2015-9019,0.00060,0.23546
CVE-2015-9020,0.00103,0.41676
CVE-2015-9021,0.00089,0.37451
CVE-2015-9022,0.00103,0.41676
CVE-2015-9023,0.00110,0.44040
CVE-2015-9024,0.00100,0.41009
CVE-2015-9025,0.00110,0.44040
CVE-2015-9026,0.00103,0.41676
CVE-2015-9027,0.00103,0.41676
CVE-2015-9028,0.00110,0.44040
CVE-2015-9029,0.00103,0.41676
CVE-2015-9030,0.00094,0.39318
CVE-2015-9031,0.00079,0.32884
CVE-2015-9032,0.00079,0.32884
CVE-2015-9033,0.00103,0.41676
CVE-2015-9034,0.00128,0.47548
CVE-2015-9035,0.00128,0.47548
CVE-2015-9036,0.00128,0.47548
CVE-2015-9037,0.00128,0.47548
CVE-2015-9038,0.00128,0.47548
CVE-2015-9039,0.00128,0.47548
CVE-2015-9040,0.00128,0.47548
CVE-2015-9041,0.00128,0.47548
CVE-2015-9042,0.00128,0.47548
CVE-2015-9043,0.00128,0.47548
CVE-2015-9044,0.00128,0.47548
CVE-2015-9045,0.00128,0.47548
CVE-2015-9046,0.00128,0.47548
CVE-2015-9047,0.00128,0.47548
CVE-2015-9048,0.00128,0.47548
CVE-2015-9049,0.00128,0.47548
CVE-2015-9050,0.00128,0.47548
CVE-2015-9051,0.00128,0.47548
CVE-2015-9052,0.00128,0.47548
CVE-2015-9053,0.00128,0.47548
CVE-2015-9054,0.00128,0.47548
CVE-2015-9055,0.00128,0.47548
CVE-2015-9056,0.00079,0.32992
CVE-2015-9057,0.00133,0.48383
CVE-2015-9058,0.00173,0.54475
CVE-2015-9059,0.00240,0.62139
CVE-2015-9060,0.00128,0.47548
CVE-2015-9061,0.00128,0.47548
CVE-2015-9062,0.00130,0.47835
CVE-2015-9063,0.00201,0.58132
CVE-2015-9064,0.00199,0.57799
CVE-2015-9065,0.00199,0.57799
CVE-2015-9066,0.00201,0.58132
CVE-2015-9067,0.00128,0.47548
CVE-2015-9068,0.00128,0.47548
CVE-2015-9069,0.00128,0.47548
CVE-2015-9070,0.00128,0.47548
CVE-2015-9071,0.00128,0.47548
CVE-2015-9072,0.00128,0.47548
CVE-2015-9073,0.00128,0.47548
CVE-2015-9096,0.00341,0.68585
CVE-2015-9097,0.00510,0.74164
CVE-2015-9098,0.05674,0.92599
CVE-2015-9099,0.00094,0.39261
CVE-2015-9100,0.00064,0.26297
CVE-2015-9101,0.00235,0.61656
CVE-2015-9102,0.00158,0.52228
CVE-2015-9103,0.00067,0.27859
CVE-2015-9104,0.00054,0.19121
CVE-2015-9105,0.00067,0.27859
CVE-2015-9107,0.00123,0.46531
CVE-2015-9108,0.00187,0.56164
CVE-2015-9109,0.00187,0.56164
CVE-2015-9110,0.00187,0.56164
CVE-2015-9111,0.00187,0.56164
CVE-2015-9112,0.00187,0.56164
CVE-2015-9113,0.00187,0.56164
CVE-2015-9114,0.00187,0.56164
CVE-2015-9115,0.00187,0.56164
CVE-2015-9116,0.00187,0.56164
CVE-2015-9118,0.00187,0.56164
CVE-2015-9119,0.00105,0.42553
CVE-2015-9120,0.00187,0.56164
CVE-2015-9122,0.00187,0.56164
CVE-2015-9123,0.00105,0.42553
CVE-2015-9124,0.00145,0.50313
CVE-2015-9126,0.00187,0.56164
CVE-2015-9127,0.00187,0.56164
CVE-2015-9128,0.00187,0.56164
CVE-2015-9129,0.00187,0.56164
CVE-2015-9130,0.00187,0.56164
CVE-2015-9131,0.00105,0.42553
CVE-2015-9132,0.00105,0.42553
CVE-2015-9133,0.00187,0.56164
CVE-2015-9134,0.00095,0.39594
CVE-2015-9135,0.00187,0.56164
CVE-2015-9136,0.00187,0.56164
CVE-2015-9137,0.00095,0.39594
CVE-2015-9138,0.00172,0.54289
CVE-2015-9139,0.00187,0.56164
CVE-2015-9140,0.00105,0.42553
CVE-2015-9141,0.00187,0.56164
CVE-2015-9142,0.00187,0.56164
CVE-2015-9143,0.00187,0.56164
CVE-2015-9144,0.00187,0.56164
CVE-2015-9145,0.00187,0.56164
CVE-2015-9146,0.00187,0.56164
CVE-2015-9147,0.00187,0.56164
CVE-2015-9148,0.00187,0.56164
CVE-2015-9149,0.00187,0.56164
CVE-2015-9150,0.00187,0.56164
CVE-2015-9151,0.00187,0.56164
CVE-2015-9152,0.00187,0.56164
CVE-2015-9153,0.00187,0.56164
CVE-2015-9156,0.00187,0.56164
CVE-2015-9157,0.00187,0.56164
CVE-2015-9158,0.00187,0.56164
CVE-2015-9159,0.00187,0.56164
CVE-2015-9160,0.00187,0.56164
CVE-2015-9161,0.00187,0.56164
CVE-2015-9162,0.00172,0.54289
CVE-2015-9163,0.00105,0.42553
CVE-2015-9164,0.00187,0.56164
CVE-2015-9165,0.00187,0.56164
CVE-2015-9166,0.00095,0.39594
CVE-2015-9167,0.00187,0.56164
CVE-2015-9169,0.00105,0.42553
CVE-2015-9170,0.00187,0.56164
CVE-2015-9171,0.00187,0.56164
CVE-2015-9172,0.00187,0.56164
CVE-2015-9173,0.00187,0.56164
CVE-2015-9174,0.00187,0.56164
CVE-2015-9175,0.00187,0.56164
CVE-2015-9176,0.00105,0.42553
CVE-2015-9177,0.00187,0.56164
CVE-2015-9178,0.00187,0.56164
CVE-2015-9179,0.00187,0.56164
CVE-2015-9180,0.00187,0.56164
CVE-2015-9181,0.00187,0.56164
CVE-2015-9182,0.00187,0.56164
CVE-2015-9183,0.00172,0.54289
CVE-2015-9184,0.00187,0.56164
CVE-2015-9185,0.00187,0.56164
CVE-2015-9186,0.00187,0.56164
CVE-2015-9187,0.00187,0.56164
CVE-2015-9188,0.00187,0.56164
CVE-2015-9189,0.00105,0.42553
CVE-2015-9190,0.00161,0.52775
CVE-2015-9191,0.00187,0.56164
CVE-2015-9192,0.00187,0.56164
CVE-2015-9193,0.00095,0.39605
CVE-2015-9194,0.00105,0.42553
CVE-2015-9195,0.00187,0.56164
CVE-2015-9196,0.00174,0.54630
CVE-2015-9197,0.00187,0.56164
CVE-2015-9198,0.00187,0.56164
CVE-2015-9199,0.00187,0.56164
CVE-2015-9200,0.00187,0.56164
CVE-2015-9201,0.00187,0.56164
CVE-2015-9202,0.00187,0.56164
CVE-2015-9203,0.00187,0.56164
CVE-2015-9204,0.00187,0.56164
CVE-2015-9205,0.00187,0.56164
CVE-2015-9206,0.00187,0.56164
CVE-2015-9207,0.00187,0.56164
CVE-2015-9208,0.00187,0.56164
CVE-2015-9209,0.00221,0.60346
CVE-2015-9210,0.00187,0.56164
CVE-2015-9211,0.00187,0.56164
CVE-2015-9212,0.00187,0.56164
CVE-2015-9213,0.00095,0.39594
CVE-2015-9215,0.00187,0.56164
CVE-2015-9216,0.00187,0.56164
CVE-2015-9217,0.00044,0.10161
CVE-2015-9218,0.00044,0.10161
CVE-2015-9219,0.00187,0.56164
CVE-2015-9220,0.00187,0.56164
CVE-2015-9221,0.00187,0.56164
CVE-2015-9222,0.01882,0.87226
CVE-2015-9223,0.00187,0.56164
CVE-2015-9224,0.00187,0.56164
CVE-2015-9226,0.00130,0.47856
CVE-2015-9227,0.02505,0.89068
CVE-2015-9228,0.00583,0.75862
CVE-2015-9229,0.00092,0.38740
CVE-2015-9230,0.01093,0.82879
CVE-2015-9231,0.00411,0.71319
CVE-2015-9232,0.00228,0.61066
CVE-2015-9233,0.00191,0.56687
CVE-2015-9234,0.00161,0.52687
CVE-2015-9235,0.00559,0.75307
CVE-2015-9236,0.00112,0.44481
CVE-2015-9238,0.00071,0.29324
CVE-2015-9239,0.00114,0.44899
CVE-2015-9240,0.00084,0.34791
CVE-2015-9241,0.00317,0.67436
CVE-2015-9242,0.00202,0.58148
CVE-2015-9243,0.00109,0.43747
CVE-2015-9244,0.00260,0.63811
CVE-2015-9245,0.00382,0.70294
CVE-2015-9246,0.00907,0.81078
CVE-2015-9247,0.00057,0.21504
CVE-2015-9248,0.00057,0.21504
CVE-2015-9249,0.00212,0.59184
CVE-2015-9250,0.00637,0.76983
CVE-2015-9251,0.00660,0.77481
CVE-2015-9252,0.00115,0.45235
CVE-2015-9253,0.00584,0.75877
CVE-2015-9254,0.00222,0.60556
CVE-2015-9255,0.00164,0.53053
CVE-2015-9256,0.00164,0.53053
CVE-2015-9257,0.00079,0.32992
CVE-2015-9258,0.00081,0.33647
CVE-2015-9259,0.00214,0.59502
CVE-2015-9260,0.00084,0.34807
CVE-2015-9261,0.00103,0.41621
CVE-2015-9262,0.05339,0.92369
CVE-2015-9263,0.05355,0.92385
CVE-2015-9264,0.00481,0.73395
CVE-2015-9266,0.01488,0.85503
CVE-2015-9267,0.00053,0.18852
CVE-2015-9268,0.00212,0.59099
CVE-2015-9269,0.00250,0.63071
CVE-2015-9270,0.00066,0.27550
CVE-2015-9271,0.01790,0.86814
CVE-2015-9272,0.04769,0.91931
CVE-2015-9273,0.00114,0.44865
CVE-2015-9274,0.00137,0.49104
CVE-2015-9275,0.00132,0.48073
CVE-2015-9276,0.00083,0.34609
CVE-2015-9277,0.00168,0.53530
CVE-2015-9278,0.00296,0.66188
CVE-2015-9279,0.00106,0.42995
CVE-2015-9280,0.00344,0.68703
CVE-2015-9281,0.00078,0.32606
CVE-2015-9282,0.00106,0.42952
CVE-2015-9284,0.00138,0.49374
CVE-2015-9285,0.00101,0.41201
CVE-2015-9286,0.00154,0.51652
CVE-2015-9287,0.00233,0.61458
CVE-2015-9288,0.00065,0.26756
CVE-2015-9289,0.00047,0.13943
CVE-2015-9290,0.00619,0.76642
CVE-2015-9291,0.00168,0.53801
CVE-2015-9292,0.00112,0.44586
CVE-2015-9293,0.00078,0.32606
CVE-2015-9294,0.00078,0.32606
CVE-2015-9295,0.00078,0.32606
CVE-2015-9296,0.00078,0.32606
CVE-2015-9297,0.00084,0.35108
CVE-2015-9298,0.00205,0.58545
CVE-2015-9299,0.00078,0.32606
CVE-2015-9300,0.00078,0.32606
CVE-2015-9301,0.00138,0.49278
CVE-2015-9302,0.00084,0.35108
CVE-2015-9303,0.00078,0.32606
CVE-2015-9304,0.00084,0.35108
CVE-2015-9305,0.00078,0.32606
CVE-2015-9306,0.00078,0.32606
CVE-2015-9307,0.00071,0.29353
CVE-2015-9308,0.00071,0.29353
CVE-2015-9309,0.00071,0.29353
CVE-2015-9310,0.00137,0.49074
CVE-2015-9311,0.00078,0.32606
CVE-2015-9312,0.00088,0.36861
CVE-2015-9313,0.00138,0.49278
CVE-2015-9314,0.00078,0.32606
CVE-2015-9315,0.00138,0.49278
CVE-2015-9316,0.00960,0.81646
CVE-2015-9317,0.00078,0.32606
CVE-2015-9318,0.00084,0.34791
CVE-2015-9319,0.00078,0.32606
CVE-2015-9320,0.00084,0.35108
CVE-2015-9321,0.00078,0.32606
CVE-2015-9322,0.00073,0.30112
CVE-2015-9323,0.00869,0.80630
CVE-2015-9324,0.00174,0.54650
CVE-2015-9325,0.00138,0.49278
CVE-2015-9326,0.00138,0.49278
CVE-2015-9327,0.00078,0.32606
CVE-2015-9328,0.00078,0.32606
CVE-2015-9329,0.00078,0.32606
CVE-2015-9330,0.00138,0.49278
CVE-2015-9331,0.00084,0.34791
CVE-2015-9332,0.00053,0.19032
CVE-2015-9333,0.00152,0.51379
CVE-2015-9334,0.00159,0.52414
CVE-2015-9335,0.00138,0.49278
CVE-2015-9336,0.00078,0.32606
CVE-2015-9337,0.00084,0.34791
CVE-2015-9338,0.00073,0.30345
CVE-2015-9339,0.00073,0.30345
CVE-2015-9340,0.00073,0.30345
CVE-2015-9341,0.00073,0.30345
CVE-2015-9342,0.00078,0.32606
CVE-2015-9343,0.00073,0.30112
CVE-2015-9344,0.00138,0.49278
CVE-2015-9345,0.00084,0.34791
CVE-2015-9346,0.00078,0.32606
CVE-2015-9347,0.00078,0.32606
CVE-2015-9348,0.00168,0.53801
CVE-2015-9349,0.00078,0.32606
CVE-2015-9350,0.00078,0.32606
CVE-2015-9351,0.00481,0.73395
CVE-2015-9352,0.00138,0.49278
CVE-2015-9353,0.00087,0.36089
CVE-2015-9354,0.00054,0.20290
CVE-2015-9355,0.00078,0.32606
CVE-2015-9356,0.00066,0.27550
CVE-2015-9357,0.00078,0.32606
CVE-2015-9358,0.00078,0.32606
CVE-2015-9359,0.00084,0.35108
CVE-2015-9360,0.00084,0.35108
CVE-2015-9361,0.00066,0.27550
CVE-2015-9362,0.00078,0.32606
CVE-2015-9363,0.00084,0.35108
CVE-2015-9364,0.00084,0.35108
CVE-2015-9365,0.00084,0.35108
CVE-2015-9366,0.00084,0.35108
CVE-2015-9367,0.00084,0.35108
CVE-2015-9368,0.00084,0.35108
CVE-2015-9369,0.00084,0.35108
CVE-2015-9370,0.00084,0.35108
CVE-2015-9371,0.00084,0.35108
CVE-2015-9372,0.00084,0.35108
CVE-2015-9373,0.00084,0.35108
CVE-2015-9374,0.00084,0.35108
CVE-2015-9375,0.00084,0.35108
CVE-2015-9376,0.00084,0.35108
CVE-2015-9377,0.00084,0.35108
CVE-2015-9378,0.00084,0.35108
CVE-2015-9379,0.00084,0.35108
CVE-2015-9380,0.00171,0.54200
CVE-2015-9381,0.01253,0.84139
CVE-2015-9382,0.00584,0.75879
CVE-2015-9383,0.00450,0.72500
CVE-2015-9384,0.00066,0.27550
CVE-2015-9385,0.00066,0.27550
CVE-2015-9386,0.00076,0.31249
CVE-2015-9387,0.00071,0.29411
CVE-2015-9388,0.00071,0.29411
CVE-2015-9389,0.00053,0.18833
CVE-2015-9390,0.00053,0.18833
CVE-2015-9391,0.00066,0.27550
CVE-2015-9392,0.00062,0.24442
CVE-2015-9393,0.00054,0.20290
CVE-2015-9394,0.00071,0.29353
CVE-2015-9395,0.00156,0.51990
CVE-2015-9396,0.00066,0.27550
CVE-2015-9397,0.00062,0.24442
CVE-2015-9398,0.00212,0.59239
CVE-2015-9399,0.00174,0.54617
CVE-2015-9400,0.00212,0.59239
CVE-2015-9401,0.00062,0.24442
CVE-2015-9402,0.00248,0.62816
CVE-2015-9403,0.00291,0.65925
CVE-2015-9404,0.00291,0.65925
CVE-2015-9405,0.00090,0.37739
CVE-2015-9406,0.00986,0.81911
CVE-2015-9407,0.00518,0.74346
CVE-2015-9408,0.00188,0.56350
CVE-2015-9409,0.00188,0.56350
CVE-2015-9410,0.00086,0.35801
CVE-2015-9411,0.00066,0.27550
CVE-2015-9412,0.00076,0.31249
CVE-2015-9413,0.00401,0.70985
CVE-2015-9414,0.00111,0.44256
CVE-2015-9415,0.00168,0.53571
CVE-2015-9416,0.00076,0.31249
CVE-2015-9417,0.00071,0.29411
CVE-2015-9418,0.00071,0.29411
CVE-2015-9419,0.00291,0.65925
CVE-2015-9420,0.00166,0.53370
CVE-2015-9421,0.00202,0.58239
CVE-2015-9422,0.00188,0.56319
CVE-2015-9423,0.00086,0.35801
CVE-2015-9424,0.00202,0.58239
CVE-2015-9425,0.00202,0.58239
CVE-2015-9426,0.00086,0.35801
CVE-2015-9427,0.00401,0.70985
CVE-2015-9428,0.00202,0.58239
CVE-2015-9429,0.00202,0.58239
CVE-2015-9430,0.00166,0.53370
CVE-2015-9431,0.00202,0.58239
CVE-2015-9432,0.00202,0.58239
CVE-2015-9433,0.00188,0.56319
CVE-2015-9434,0.00202,0.58239
CVE-2015-9435,0.00244,0.62506
CVE-2015-9436,0.00086,0.35801
CVE-2015-9437,0.00202,0.58239
CVE-2015-9438,0.00062,0.24442
CVE-2015-9439,0.00063,0.25033
CVE-2015-9440,0.00213,0.59338
CVE-2015-9441,0.00213,0.59338
CVE-2015-9442,0.00213,0.59338
CVE-2015-9443,0.00213,0.59338
CVE-2015-9444,0.00112,0.44442
CVE-2015-9445,0.00270,0.64529
CVE-2015-9446,0.00321,0.67609
CVE-2015-9447,0.00202,0.58232
CVE-2015-9448,0.00130,0.47873
CVE-2015-9449,0.00222,0.60572
CVE-2015-9450,0.00182,0.55615
CVE-2015-9451,0.00253,0.63258
CVE-2015-9452,0.00253,0.63258
CVE-2015-9453,0.00166,0.53370
CVE-2015-9454,0.00222,0.60572
CVE-2015-9455,0.00053,0.19032
CVE-2015-9456,0.00085,0.35218
CVE-2015-9457,0.00130,0.47873
CVE-2015-9458,0.00097,0.40070
CVE-2015-9459,0.00076,0.31249
CVE-2015-9460,0.00130,0.47873
CVE-2015-9461,0.00130,0.47873
CVE-2015-9462,0.00130,0.47873
CVE-2015-9463,0.01368,0.84904
CVE-2015-9464,0.27109,0.96362
CVE-2015-9465,0.00212,0.59239
CVE-2015-9466,0.00227,0.60992
CVE-2015-9467,0.00165,0.53207
CVE-2015-9468,0.00066,0.27550
CVE-2015-9469,0.00152,0.51483
CVE-2015-9470,0.01368,0.84904
CVE-2015-9471,0.00538,0.74861
CVE-2015-9472,0.00090,0.37739
CVE-2015-9473,0.00772,0.79410
CVE-2015-9474,0.00109,0.43614
CVE-2015-9475,0.00109,0.43614
CVE-2015-9476,0.00104,0.42231
CVE-2015-9477,0.00104,0.42231
CVE-2015-9478,0.00066,0.27550
CVE-2015-9479,0.01059,0.82573
CVE-2015-9480,0.37884,0.96856
CVE-2015-9481,0.00703,0.78289
CVE-2015-9482,0.00703,0.78289
CVE-2015-9483,0.00703,0.78289
CVE-2015-9484,0.00703,0.78289
CVE-2015-9485,0.00703,0.78289
CVE-2015-9486,0.00703,0.78289
CVE-2015-9487,0.00703,0.78289
CVE-2015-9488,0.00703,0.78289
CVE-2015-9489,0.00703,0.78289
CVE-2015-9490,0.00703,0.78289
CVE-2015-9491,0.00703,0.78289
CVE-2015-9492,0.00703,0.78289
CVE-2015-9493,0.00066,0.27550
CVE-2015-9494,0.00087,0.36434
CVE-2015-9495,0.00076,0.31249
CVE-2015-9496,0.00495,0.73746
CVE-2015-9497,0.00432,0.71971
CVE-2015-9498,0.00098,0.40438
CVE-2015-9499,0.05981,0.92766
CVE-2015-9500,0.00112,0.44442
CVE-2015-9501,0.00066,0.27550
CVE-2015-9502,0.00078,0.32606
CVE-2015-9503,0.00078,0.32606
CVE-2015-9504,0.00087,0.36434
CVE-2015-9505,0.00078,0.32606
CVE-2015-9506,0.00078,0.32606
CVE-2015-9507,0.00078,0.32606
CVE-2015-9508,0.00078,0.32606
CVE-2015-9509,0.00078,0.32606
CVE-2015-9510,0.00078,0.32606
CVE-2015-9511,0.00078,0.32606
CVE-2015-9512,0.00078,0.32606
CVE-2015-9513,0.00078,0.32606
CVE-2015-9514,0.00078,0.32606
CVE-2015-9515,0.00078,0.32606
CVE-2015-9516,0.00078,0.32606
CVE-2015-9517,0.00078,0.32606
CVE-2015-9518,0.00078,0.32606
CVE-2015-9519,0.00078,0.32606
CVE-2015-9520,0.00078,0.32606
CVE-2015-9521,0.00078,0.32606
CVE-2015-9522,0.00078,0.32606
CVE-2015-9523,0.00078,0.32606
CVE-2015-9524,0.00078,0.32606
CVE-2015-9525,0.00078,0.32606
CVE-2015-9526,0.00078,0.32606
CVE-2015-9527,0.00078,0.32606
CVE-2015-9528,0.00078,0.32606
CVE-2015-9529,0.00078,0.32606
CVE-2015-9530,0.00078,0.32606
CVE-2015-9531,0.00078,0.32606
CVE-2015-9532,0.00078,0.32606
CVE-2015-9533,0.00078,0.32606
CVE-2015-9534,0.00078,0.32606
CVE-2015-9535,0.00078,0.32606
CVE-2015-9536,0.00078,0.32606
CVE-2015-9537,0.00107,0.43026
CVE-2015-9538,0.00529,0.74645
CVE-2015-9539,0.00186,0.55987
CVE-2015-9540,0.00122,0.46447
CVE-2015-9541,0.00250,0.63009
CVE-2015-9542,0.00571,0.75574
CVE-2015-9543,0.00045,0.12069
CVE-2015-9544,0.00227,0.61002
CVE-2015-9545,0.00227,0.61002
CVE-2015-9546,0.00075,0.30915
CVE-2015-9547,0.00080,0.33409
CVE-2015-9548,0.00103,0.41969
CVE-2015-9549,0.00077,0.31899
CVE-2015-9550,0.00292,0.65936
CVE-2015-9551,0.00972,0.81765
CVE-2016-0002,0.82477,0.98164
CVE-2016-0003,0.95395,0.99231
CVE-2016-0005,0.95503,0.99256
CVE-2016-0006,0.00050,0.16472
CVE-2016-0007,0.00081,0.33797
CVE-2016-0008,0.05792,0.92655
CVE-2016-0009,0.10681,0.94561
CVE-2016-0010,0.65913,0.97636
CVE-2016-0011,0.00121,0.46374
CVE-2016-0012,0.20686,0.95967
CVE-2016-0014,0.00058,0.22677
CVE-2016-0015,0.96023,0.99367
CVE-2016-0016,0.60158,0.97494
CVE-2016-0018,0.29753,0.96515
CVE-2016-0019,0.00772,0.79406
CVE-2016-0020,0.00045,0.11975
CVE-2016-0021,0.70046,0.97755
CVE-2016-0022,0.70046,0.97755
CVE-2016-0024,0.70695,0.97769
CVE-2016-0025,0.04728,0.91877
CVE-2016-0026,0.00284,0.65457
CVE-2016-0028,0.00558,0.75292
CVE-2016-0029,0.00564,0.75433
CVE-2016-0030,0.00564,0.75433
CVE-2016-0031,0.00564,0.75433
CVE-2016-0032,0.00564,0.75433
CVE-2016-0033,0.95963,0.99352
CVE-2016-0034,0.78826,0.98010
CVE-2016-0035,0.60731,0.97509
CVE-2016-0036,0.01461,0.85393
CVE-2016-0037,0.11936,0.94857
CVE-2016-0038,0.24183,0.96206
CVE-2016-0039,0.05974,0.92764
CVE-2016-0040,0.00044,0.10362
CVE-2016-0041,0.94301,0.99034
CVE-2016-0042,0.08678,0.93947
CVE-2016-0044,0.00217,0.59730
CVE-2016-0046,0.14297,0.95237
CVE-2016-0047,0.03002,0.89939
CVE-2016-0048,0.00043,0.07315
CVE-2016-0049,0.01285,0.84387
CVE-2016-0050,0.96608,0.99550
CVE-2016-0051,0.00053,0.19112
CVE-2016-0052,0.70046,0.97755
CVE-2016-0053,0.70046,0.97755
CVE-2016-0054,0.28163,0.96434
CVE-2016-0055,0.65913,0.97636
CVE-2016-0056,0.65913,0.97636
CVE-2016-0057,0.00044,0.08021
CVE-2016-0058,0.14824,0.95311
CVE-2016-0059,0.36137,0.96784
CVE-2016-0060,0.76991,0.97954
CVE-2016-0061,0.61785,0.97551
CVE-2016-0062,0.61785,0.97551
CVE-2016-0063,0.94098,0.99003
CVE-2016-0064,0.28609,0.96458
CVE-2016-0067,0.28609,0.96458
CVE-2016-0068,0.01891,0.87266
CVE-2016-0069,0.01750,0.86668
CVE-2016-0070,0.00140,0.49668
CVE-2016-0071,0.28609,0.96458
CVE-2016-0072,0.28329,0.96445
CVE-2016-0073,0.00115,0.45153
CVE-2016-0075,0.00281,0.65215
CVE-2016-0077,0.02528,0.89120
CVE-2016-0079,0.00115,0.45153
CVE-2016-0080,0.13557,0.95126
CVE-2016-0084,0.27979,0.96423
CVE-2016-0087,0.00043,0.07315
CVE-2016-0088,0.08523,0.93877
CVE-2016-0089,0.00090,0.37716
CVE-2016-0090,0.00090,0.37716
CVE-2016-0091,0.91694,0.98715
CVE-2016-0092,0.91694,0.98715
CVE-2016-0093,0.00076,0.31383
CVE-2016-0094,0.00076,0.31383
CVE-2016-0095,0.00053,0.18569
CVE-2016-0096,0.00043,0.07315
CVE-2016-0098,0.62442,0.97564
CVE-2016-0099,0.00044,0.08023
CVE-2016-0100,0.04187,0.91400
CVE-2016-0101,0.62442,0.97564
CVE-2016-0102,0.13087,0.95048
CVE-2016-0103,0.14999,0.95337
CVE-2016-0104,0.14999,0.95337
CVE-2016-0105,0.13087,0.95048
CVE-2016-0106,0.68115,0.97692
CVE-2016-0107,0.28943,0.96472
CVE-2016-0108,0.91724,0.98723
CVE-2016-0109,0.68989,0.97715
CVE-2016-0110,0.13087,0.95048
CVE-2016-0111,0.85100,0.98285
CVE-2016-0112,0.68115,0.97692
CVE-2016-0113,0.28943,0.96472
CVE-2016-0114,0.28943,0.96472
CVE-2016-0116,0.07193,0.93400
CVE-2016-0117,0.47599,0.97169
CVE-2016-0118,0.64556,0.97607
CVE-2016-0120,0.06359,0.92986
CVE-2016-0121,0.16483,0.95537
CVE-2016-0122,0.68518,0.97703
CVE-2016-0123,0.28943,0.96472
CVE-2016-0124,0.14999,0.95337
CVE-2016-0125,0.01226,0.83946
CVE-2016-0126,0.70046,0.97755
CVE-2016-0127,0.70046,0.97755
CVE-2016-0128,0.02062,0.87884
CVE-2016-0129,0.14999,0.95337
CVE-2016-0130,0.14999,0.95337
CVE-2016-0132,0.01721,0.86558
CVE-2016-0133,0.00414,0.71418
CVE-2016-0134,0.50409,0.97249
CVE-2016-0135,0.00074,0.30682
CVE-2016-0136,0.48559,0.97206
CVE-2016-0137,0.00481,0.73370
CVE-2016-0138,0.00248,0.62825
CVE-2016-0139,0.65913,0.97636
CVE-2016-0140,0.70046,0.97755
CVE-2016-0141,0.00522,0.74466
CVE-2016-0142,0.28912,0.96469
CVE-2016-0143,0.04209,0.91413
CVE-2016-0145,0.79502,0.98031
CVE-2016-0147,0.10816,0.94602
CVE-2016-0148,0.12774,0.94993
CVE-2016-0149,0.00149,0.51008
CVE-2016-0150,0.23248,0.96143
CVE-2016-0151,0.95646,0.99288
CVE-2016-0152,0.00866,0.80590
CVE-2016-0153,0.44647,0.97066
CVE-2016-0154,0.33308,0.96668
CVE-2016-0155,0.07954,0.93686
CVE-2016-0156,0.07954,0.93686
CVE-2016-0157,0.25124,0.96264
CVE-2016-0158,0.03985,0.91192
CVE-2016-0159,0.25124,0.96264
CVE-2016-0160,0.02442,0.88949
CVE-2016-0161,0.93743,0.98958
CVE-2016-0162,0.05902,0.92722
CVE-2016-0164,0.14999,0.95337
CVE-2016-0165,0.00436,0.72103
CVE-2016-0166,0.25124,0.96264
CVE-2016-0167,0.00062,0.24461
CVE-2016-0168,0.94797,0.99116
CVE-2016-0169,0.94797,0.99116
CVE-2016-0170,0.36624,0.96801
CVE-2016-0171,0.00070,0.28876
CVE-2016-0173,0.00049,0.15906
CVE-2016-0174,0.00053,0.18569
CVE-2016-0175,0.00066,0.27278
CVE-2016-0176,0.00053,0.18569
CVE-2016-0178,0.04139,0.91354
CVE-2016-0179,0.25034,0.96255
CVE-2016-0180,0.00043,0.07315
CVE-2016-0181,0.00043,0.07315
CVE-2016-0182,0.44992,0.97084
CVE-2016-0183,0.11364,0.94728
CVE-2016-0184,0.14233,0.95230
CVE-2016-0185,0.97111,0.99744
CVE-2016-0186,0.68196,0.97695
CVE-2016-0187,0.33308,0.96668
CVE-2016-0188,0.01385,0.84992
CVE-2016-0189,0.97318,0.99864
CVE-2016-0190,0.00059,0.23157
CVE-2016-0191,0.31568,0.96600
CVE-2016-0192,0.61710,0.97550
CVE-2016-0193,0.31568,0.96600
CVE-2016-0194,0.39946,0.96928
CVE-2016-0195,0.24627,0.96233
CVE-2016-0196,0.00053,0.18569
CVE-2016-0197,0.00043,0.07315
CVE-2016-0198,0.70046,0.97755
CVE-2016-0199,0.91709,0.98717
CVE-2016-0200,0.28049,0.96427
CVE-2016-0201,0.00275,0.64860
CVE-2016-0202,0.00044,0.10161
CVE-2016-0203,0.00044,0.10161
CVE-2016-0204,0.00070,0.29084
CVE-2016-0205,0.00044,0.10161
CVE-2016-0206,0.00042,0.05722
CVE-2016-0207,0.00065,0.26775
CVE-2016-0208,0.00330,0.68116
CVE-2016-0209,0.00116,0.45307
CVE-2016-0210,0.00111,0.44136
CVE-2016-0211,0.00761,0.79245
CVE-2016-0212,0.00512,0.74215
CVE-2016-0213,0.00512,0.74215
CVE-2016-0214,0.00197,0.57612
CVE-2016-0215,0.00127,0.47338
CVE-2016-0216,0.00512,0.74215
CVE-2016-0217,0.00060,0.23579
CVE-2016-0218,0.00060,0.23579
CVE-2016-0219,0.00114,0.44993
CVE-2016-0221,0.00082,0.33937
CVE-2016-0222,0.00075,0.30945
CVE-2016-0223,0.00091,0.38111
CVE-2016-0224,0.00132,0.48177
CVE-2016-0225,0.00105,0.42400
CVE-2016-0226,0.00104,0.42329
CVE-2016-0227,0.00082,0.33937
CVE-2016-0228,0.00065,0.26775
CVE-2016-0229,0.00121,0.46335
CVE-2016-0230,0.00287,0.65641
CVE-2016-0231,0.00209,0.58831
CVE-2016-0232,0.00209,0.58831
CVE-2016-0233,0.00104,0.42003
CVE-2016-0234,0.00042,0.05722
CVE-2016-0235,0.00042,0.05722
CVE-2016-0236,0.00176,0.54843
CVE-2016-0237,0.00042,0.05722
CVE-2016-0238,0.00074,0.30666
CVE-2016-0239,0.00206,0.58614
CVE-2016-0240,0.00112,0.44450
CVE-2016-0241,0.00278,0.65006
CVE-2016-0242,0.00075,0.30945
CVE-2016-0243,0.00181,0.55508
CVE-2016-0244,0.00116,0.45307
CVE-2016-0245,0.00099,0.40666
CVE-2016-0246,0.00116,0.45307
CVE-2016-0247,0.00042,0.05722
CVE-2016-0248,0.00061,0.24014
CVE-2016-0249,0.00136,0.48905
CVE-2016-0250,0.00108,0.43407
CVE-2016-0252,0.00074,0.30697
CVE-2016-0253,0.00060,0.23579
CVE-2016-0254,0.00189,0.56503
CVE-2016-0255,0.00091,0.38111
CVE-2016-0259,0.00042,0.05722
CVE-2016-0260,0.00223,0.60629
CVE-2016-0261,0.00060,0.23579
CVE-2016-0262,0.00060,0.23579
CVE-2016-0263,0.00042,0.05722
CVE-2016-0264,0.02308,0.88638
CVE-2016-0265,0.00060,0.23579
CVE-2016-0266,0.00368,0.69781
CVE-2016-0267,0.00098,0.40365
CVE-2016-0268,0.00075,0.30945
CVE-2016-0269,0.00060,0.23579
CVE-2016-0270,0.00524,0.74504
CVE-2016-0271,0.00042,0.05722
CVE-2016-0272,0.00074,0.30711
CVE-2016-0273,0.00060,0.23375
CVE-2016-0274,0.00065,0.26775
CVE-2016-0275,0.00042,0.05722
CVE-2016-0276,0.00135,0.48757
CVE-2016-0277,0.00922,0.81251
CVE-2016-0278,0.02034,0.87792
CVE-2016-0279,0.00922,0.81251
CVE-2016-0280,0.00097,0.40128
CVE-2016-0281,0.00835,0.80245
CVE-2016-0282,0.00082,0.33937
CVE-2016-0283,0.00169,0.53889
CVE-2016-0284,0.00108,0.43407
CVE-2016-0285,0.00060,0.23375
CVE-2016-0286,0.00220,0.60014
CVE-2016-0287,0.00042,0.05722
CVE-2016-0288,0.00105,0.42400
CVE-2016-0289,0.00075,0.30945
CVE-2016-0291,0.00158,0.52295
CVE-2016-0292,0.00042,0.05722
CVE-2016-0293,0.00116,0.45307
CVE-2016-0295,0.00074,0.30680
CVE-2016-0296,0.00042,0.05722
CVE-2016-0297,0.00097,0.40174
CVE-2016-0298,0.00105,0.42539
CVE-2016-0299,0.00106,0.42983
CVE-2016-0300,0.00075,0.30945
CVE-2016-0301,0.00994,0.82006
CVE-2016-0303,0.00060,0.23579
CVE-2016-0304,0.00876,0.80721
CVE-2016-0305,0.00060,0.23579
CVE-2016-0306,0.00094,0.39352
CVE-2016-0307,0.00075,0.30945
CVE-2016-0308,0.00050,0.16027
CVE-2016-0310,0.00050,0.16027
CVE-2016-0311,0.00077,0.31638
CVE-2016-0312,0.00174,0.54570
CVE-2016-0313,0.00060,0.23579
CVE-2016-0314,0.00082,0.33992
CVE-2016-0315,0.00291,0.65915
CVE-2016-0316,0.00060,0.23579
CVE-2016-0317,0.00146,0.50577
CVE-2016-0318,0.00108,0.43407
CVE-2016-0319,0.00140,0.49662
CVE-2016-0320,0.00049,0.15902
CVE-2016-0321,0.00079,0.32814
CVE-2016-0322,0.00060,0.23579
CVE-2016-0323,0.00082,0.33992
CVE-2016-0324,0.00563,0.75429
CVE-2016-0325,0.00156,0.52063
CVE-2016-0326,0.00221,0.60329
CVE-2016-0327,0.00042,0.05722
CVE-2016-0328,0.00042,0.05722
CVE-2016-0329,0.00065,0.26775
CVE-2016-0330,0.00193,0.57167
CVE-2016-0331,0.00078,0.32756
CVE-2016-0332,0.00305,0.66707
CVE-2016-0335,0.00074,0.30680
CVE-2016-0336,0.00060,0.23579
CVE-2016-0338,0.00071,0.29272
CVE-2016-0339,0.00314,0.67219
CVE-2016-0340,0.00613,0.76491
CVE-2016-0341,0.00253,0.63227
CVE-2016-0342,0.00075,0.30945
CVE-2016-0343,0.00075,0.30945
CVE-2016-0344,0.00060,0.23579
CVE-2016-0345,0.00075,0.30945
CVE-2016-0346,0.00082,0.33937
CVE-2016-0348,0.00074,0.30711
CVE-2016-0349,0.00120,0.46109
CVE-2016-0350,0.00060,0.23579
CVE-2016-0351,0.00106,0.42983
CVE-2016-0353,0.00155,0.51845
CVE-2016-0354,0.00151,0.51240
CVE-2016-0355,0.00082,0.34094
CVE-2016-0356,0.00082,0.34094
CVE-2016-0357,0.00260,0.63846
CVE-2016-0358,0.00063,0.24898
CVE-2016-0359,0.00195,0.57451
CVE-2016-0360,0.00448,0.72435
CVE-2016-0361,0.00109,0.43546
CVE-2016-0362,0.00073,0.30191
CVE-2016-0363,0.02709,0.89479
CVE-2016-0364,0.00075,0.30945
CVE-2016-0365,0.00192,0.57138
CVE-2016-0366,0.00100,0.40842
CVE-2016-0367,0.00075,0.30945
CVE-2016-0369,0.00075,0.30945
CVE-2016-0370,0.00096,0.39797
CVE-2016-0371,0.00044,0.10161
CVE-2016-0372,0.00155,0.51845
CVE-2016-0373,0.00049,0.15069
CVE-2016-0374,0.00216,0.59680
CVE-2016-0375,0.00214,0.59463
CVE-2016-0376,0.07057,0.93344
CVE-2016-0377,0.00112,0.44482
CVE-2016-0378,0.00162,0.52819
CVE-2016-0379,0.00100,0.40863
CVE-2016-0380,0.00042,0.05722
CVE-2016-0381,0.00112,0.44597
CVE-2016-0382,0.00053,0.18572
CVE-2016-0385,0.00119,0.45871
CVE-2016-0386,0.00079,0.33156
CVE-2016-0387,0.00060,0.23579
CVE-2016-0389,0.00275,0.64860
CVE-2016-0390,0.00060,0.23579
CVE-2016-0391,0.00639,0.77033
CVE-2016-0392,0.00112,0.44365
CVE-2016-0393,0.00155,0.51845
CVE-2016-0394,0.00042,0.05722
CVE-2016-0396,0.00184,0.55768
CVE-2016-0397,0.00217,0.59766
CVE-2016-0398,0.00163,0.52979
CVE-2016-0399,0.00060,0.23579
CVE-2016-0400,0.02527,0.89117
CVE-2016-0401,0.00145,0.50401
CVE-2016-0402,0.00607,0.76357
CVE-2016-0403,0.00156,0.52068
CVE-2016-0404,0.00145,0.50401
CVE-2016-0405,0.00043,0.07608
CVE-2016-0406,0.00043,0.07608
CVE-2016-0407,0.00106,0.42958
CVE-2016-0408,0.00070,0.28904
CVE-2016-0409,0.00086,0.35594
CVE-2016-0411,0.00043,0.07608
CVE-2016-0412,0.00073,0.30397
CVE-2016-0413,0.00086,0.35594
CVE-2016-0414,0.00043,0.07608
CVE-2016-0415,0.00671,0.77716
CVE-2016-0416,0.00181,0.55435
CVE-2016-0417,0.00043,0.07608
CVE-2016-0418,0.00043,0.07608
CVE-2016-0419,0.00043,0.07608
CVE-2016-0420,0.00847,0.80388
CVE-2016-0421,0.00847,0.80388
CVE-2016-0422,0.00847,0.80388
CVE-2016-0423,0.00770,0.79378
CVE-2016-0424,0.00847,0.80388
CVE-2016-0425,0.00193,0.57267
CVE-2016-0426,0.00043,0.07608
CVE-2016-0427,0.00086,0.35594
CVE-2016-0428,0.00043,0.07608
CVE-2016-0429,0.00145,0.50401
CVE-2016-0430,0.00251,0.63093
CVE-2016-0431,0.00043,0.07608
CVE-2016-0432,0.00043,0.07608
CVE-2016-0433,0.00251,0.63093
CVE-2016-0434,0.00043,0.07608
CVE-2016-0435,0.00043,0.07608
CVE-2016-0436,0.00043,0.07608
CVE-2016-0437,0.00043,0.07608
CVE-2016-0438,0.00043,0.07608
CVE-2016-0439,0.00181,0.55435
CVE-2016-0440,0.00112,0.44351
CVE-2016-0441,0.00125,0.46901
CVE-2016-0442,0.00294,0.66073
CVE-2016-0443,0.00251,0.63093
CVE-2016-0444,0.00043,0.07608
CVE-2016-0445,0.00043,0.07608
CVE-2016-0446,0.00043,0.07608
CVE-2016-0447,0.00043,0.07608
CVE-2016-0448,0.00175,0.54686
CVE-2016-0449,0.00043,0.07608
CVE-2016-0450,0.35677,0.96760
CVE-2016-0451,0.41274,0.96971
CVE-2016-0452,0.49996,0.97242
CVE-2016-0453,0.00120,0.46139
CVE-2016-0454,0.00043,0.07608
CVE-2016-0455,0.00043,0.07608
CVE-2016-0456,0.00415,0.71459
CVE-2016-0457,0.00415,0.71459
CVE-2016-0458,0.00043,0.07608
CVE-2016-0459,0.00086,0.35594
CVE-2016-0460,0.00181,0.55435
CVE-2016-0461,0.00089,0.37274
CVE-2016-0462,0.00086,0.35594
CVE-2016-0463,0.00251,0.63093
CVE-2016-0464,0.00289,0.65724
CVE-2016-0465,0.00043,0.07608
CVE-2016-0466,0.05075,0.92180
CVE-2016-0467,0.00086,0.35594
CVE-2016-0468,0.00070,0.28904
CVE-2016-0469,0.00043,0.07608
CVE-2016-0470,0.00086,0.35594
CVE-2016-0471,0.00251,0.63093
CVE-2016-0472,0.00112,0.44405
CVE-2016-0473,0.00073,0.30397
CVE-2016-0474,0.00073,0.30397
CVE-2016-0475,0.00436,0.72132
CVE-2016-0476,0.91300,0.98681
CVE-2016-0477,0.91300,0.98681
CVE-2016-0478,0.91300,0.98681
CVE-2016-0479,0.00134,0.48592
CVE-2016-0480,0.91300,0.98681
CVE-2016-0481,0.91300,0.98681
CVE-2016-0482,0.91300,0.98681
CVE-2016-0483,0.04813,0.91977
CVE-2016-0484,0.91300,0.98681
CVE-2016-0485,0.70773,0.97774
CVE-2016-0486,0.70773,0.97774
CVE-2016-0487,0.92563,0.98823
CVE-2016-0488,0.92563,0.98823
CVE-2016-0489,0.95647,0.99289
CVE-2016-0490,0.95283,0.99203
CVE-2016-0491,0.96276,0.99430
CVE-2016-0492,0.97121,0.99750
CVE-2016-0493,0.00043,0.07608
CVE-2016-0494,0.05895,0.92717
CVE-2016-0495,0.00492,0.73692
CVE-2016-0496,0.00251,0.63093
CVE-2016-0497,0.00114,0.44782
CVE-2016-0498,0.00043,0.07608
CVE-2016-0499,0.00207,0.58673
CVE-2016-0500,0.00773,0.79428
CVE-2016-0501,0.00156,0.52068
CVE-2016-0502,0.00229,0.61167
CVE-2016-0503,0.00597,0.76152
CVE-2016-0504,0.00597,0.76152
CVE-2016-0505,0.00168,0.53540
CVE-2016-0506,0.00251,0.63093
CVE-2016-0507,0.00145,0.50401
CVE-2016-0508,0.00145,0.50401
CVE-2016-0509,0.00145,0.50401
CVE-2016-0510,0.00181,0.55435
CVE-2016-0511,0.00181,0.55435
CVE-2016-0512,0.00181,0.55435
CVE-2016-0513,0.00145,0.50401
CVE-2016-0514,0.00181,0.55435
CVE-2016-0515,0.00181,0.55435
CVE-2016-0516,0.00181,0.55435
CVE-2016-0517,0.00181,0.55435
CVE-2016-0518,0.00181,0.55435
CVE-2016-0519,0.00145,0.50401
CVE-2016-0520,0.00145,0.50401
CVE-2016-0521,0.00145,0.50401
CVE-2016-0522,0.00773,0.79428
CVE-2016-0523,0.00086,0.35594
CVE-2016-0524,0.00181,0.55435
CVE-2016-0525,0.00181,0.55435
CVE-2016-0526,0.00181,0.55435
CVE-2016-0527,0.00181,0.55435
CVE-2016-0528,0.00181,0.55435
CVE-2016-0529,0.00181,0.55435
CVE-2016-0530,0.00181,0.55435
CVE-2016-0531,0.00086,0.35594
CVE-2016-0532,0.00181,0.55435
CVE-2016-0533,0.00145,0.50401
CVE-2016-0534,0.00145,0.50401
CVE-2016-0535,0.00156,0.52068
CVE-2016-0536,0.00145,0.50401
CVE-2016-0537,0.00181,0.55435
CVE-2016-0538,0.00181,0.55435
CVE-2016-0539,0.00181,0.55435
CVE-2016-0540,0.00181,0.55435
CVE-2016-0541,0.00181,0.55435
CVE-2016-0542,0.00145,0.50401
CVE-2016-0543,0.00181,0.55435
CVE-2016-0544,0.00181,0.55435
CVE-2016-0545,0.00181,0.55435
CVE-2016-0546,0.00044,0.08043
CVE-2016-0547,0.00181,0.55435
CVE-2016-0548,0.00181,0.55435
CVE-2016-0549,0.00181,0.55435
CVE-2016-0550,0.00181,0.55435
CVE-2016-0551,0.00181,0.55435
CVE-2016-0552,0.00181,0.55435
CVE-2016-0553,0.00181,0.55435
CVE-2016-0554,0.00181,0.55435
CVE-2016-0555,0.00145,0.50401
CVE-2016-0556,0.00086,0.35594
CVE-2016-0557,0.00086,0.35594
CVE-2016-0558,0.00145,0.50401
CVE-2016-0559,0.00181,0.55435
CVE-2016-0560,0.00181,0.55435
CVE-2016-0561,0.00086,0.35594
CVE-2016-0562,0.00086,0.35594
CVE-2016-0563,0.00181,0.55435
CVE-2016-0564,0.00086,0.35594
CVE-2016-0565,0.00181,0.55435
CVE-2016-0566,0.00181,0.55435
CVE-2016-0567,0.00181,0.55435
CVE-2016-0568,0.00181,0.55435
CVE-2016-0569,0.00181,0.55435
CVE-2016-0570,0.00251,0.63093
CVE-2016-0571,0.00181,0.55435
CVE-2016-0572,0.00915,0.81162
CVE-2016-0573,0.02228,0.88426
CVE-2016-0574,0.02228,0.88426
CVE-2016-0575,0.00145,0.50401
CVE-2016-0576,0.00181,0.55435
CVE-2016-0577,0.02228,0.88426
CVE-2016-0578,0.00181,0.55435
CVE-2016-0579,0.00145,0.50401
CVE-2016-0580,0.00156,0.52068
CVE-2016-0581,0.00181,0.55435
CVE-2016-0582,0.00145,0.50401
CVE-2016-0583,0.00145,0.50401
CVE-2016-0584,0.00145,0.50401
CVE-2016-0585,0.00156,0.52068
CVE-2016-0586,0.00145,0.50401
CVE-2016-0587,0.00086,0.35594
CVE-2016-0588,0.00145,0.50401
CVE-2016-0589,0.00181,0.55435
CVE-2016-0590,0.00145,0.50401
CVE-2016-0591,0.00086,0.35594
CVE-2016-0592,0.00043,0.07608
CVE-2016-0594,0.00380,0.70244
CVE-2016-0595,0.00597,0.76152
CVE-2016-0596,0.00168,0.53540
CVE-2016-0597,0.00168,0.53540
CVE-2016-0598,0.00168,0.53540
CVE-2016-0599,0.00089,0.37274
CVE-2016-0600,0.00168,0.53540
CVE-2016-0601,0.00089,0.37274
CVE-2016-0602,0.21708,0.96039
CVE-2016-0603,0.22697,0.96106
CVE-2016-0605,0.00702,0.78270
CVE-2016-0606,0.00125,0.46891
CVE-2016-0607,0.00348,0.68896
CVE-2016-0608,0.00168,0.53540
CVE-2016-0609,0.00169,0.53928
CVE-2016-0610,0.00281,0.65239
CVE-2016-0611,0.00248,0.62864
CVE-2016-0614,0.00086,0.35594
CVE-2016-0616,0.00303,0.66567
CVE-2016-0617,0.00043,0.07608
CVE-2016-0618,0.00043,0.07608
CVE-2016-0623,0.00134,0.48592
CVE-2016-0634,0.01573,0.85945
CVE-2016-0635,0.00291,0.65898
CVE-2016-0636,0.03649,0.90831
CVE-2016-0638,0.07161,0.93388
CVE-2016-0639,0.01491,0.85516
CVE-2016-0640,0.00044,0.08000
CVE-2016-0641,0.00044,0.10166
CVE-2016-0642,0.00044,0.10166
CVE-2016-0643,0.00044,0.08000
CVE-2016-0644,0.00044,0.08000
CVE-2016-0646,0.00044,0.08000
CVE-2016-0647,0.00044,0.08000
CVE-2016-0648,0.00044,0.08000
CVE-2016-0649,0.00044,0.08000
CVE-2016-0650,0.00044,0.08000
CVE-2016-0651,0.00043,0.07608
CVE-2016-0652,0.00043,0.07608
CVE-2016-0653,0.00043,0.07608
CVE-2016-0654,0.00043,0.07608
CVE-2016-0655,0.00044,0.08000
CVE-2016-0656,0.00043,0.07608
CVE-2016-0657,0.00043,0.07608
CVE-2016-0658,0.00043,0.07608
CVE-2016-0659,0.00043,0.07608
CVE-2016-0661,0.00043,0.07608
CVE-2016-0662,0.00043,0.07608
CVE-2016-0663,0.00043,0.07608
CVE-2016-0665,0.00043,0.07608
CVE-2016-0666,0.00044,0.08000
CVE-2016-0667,0.00043,0.07608
CVE-2016-0668,0.00044,0.10166
CVE-2016-0669,0.00043,0.07608
CVE-2016-0671,0.00168,0.53562
CVE-2016-0672,0.00134,0.48592
CVE-2016-0673,0.00070,0.28904
CVE-2016-0674,0.00043,0.07608
CVE-2016-0675,0.00289,0.65724
CVE-2016-0676,0.00043,0.07608
CVE-2016-0677,0.00152,0.51501
CVE-2016-0678,0.00055,0.20517
CVE-2016-0679,0.00099,0.40682
CVE-2016-0680,0.00081,0.33807
CVE-2016-0681,0.00043,0.07608
CVE-2016-0682,0.00087,0.35979
CVE-2016-0683,0.00070,0.28904
CVE-2016-0684,0.00106,0.42958
CVE-2016-0685,0.00070,0.28904
CVE-2016-0686,0.07816,0.93619
CVE-2016-0687,0.07816,0.93619
CVE-2016-0688,0.00273,0.64733
CVE-2016-0689,0.00087,0.35979
CVE-2016-0690,0.00043,0.07608
CVE-2016-0691,0.00043,0.07608
CVE-2016-0692,0.00087,0.35979
CVE-2016-0693,0.00754,0.79115
CVE-2016-0694,0.00087,0.35979
CVE-2016-0695,0.00476,0.73229
CVE-2016-0696,0.00332,0.68224
CVE-2016-0697,0.00043,0.07608
CVE-2016-0698,0.00070,0.28904
CVE-2016-0699,0.00301,0.66477
CVE-2016-0700,0.00289,0.65724
CVE-2016-0701,0.11884,0.94851
CVE-2016-0702,0.00152,0.51357
CVE-2016-0703,0.00925,0.81284
CVE-2016-0704,0.01668,0.86361
CVE-2016-0705,0.03992,0.91198
CVE-2016-0706,0.00272,0.64683
CVE-2016-0707,0.00042,0.05722
CVE-2016-0708,0.00223,0.60626
CVE-2016-0709,0.23921,0.96190
CVE-2016-0710,0.11890,0.94852
CVE-2016-0711,0.09528,0.94228
CVE-2016-0712,0.09528,0.94228
CVE-2016-0713,0.00067,0.27750
CVE-2016-0714,0.00726,0.78704
CVE-2016-0715,0.00167,0.53492
CVE-2016-0718,0.00814,0.79987
CVE-2016-0720,0.00206,0.58591
CVE-2016-0721,0.00471,0.73089
CVE-2016-0723,0.00158,0.52293
CVE-2016-0724,0.00208,0.58827
CVE-2016-0725,0.00213,0.59270
CVE-2016-0726,0.00490,0.73630
CVE-2016-0727,0.00044,0.10527
CVE-2016-0728,0.00042,0.00438
CVE-2016-0729,0.03064,0.90039
CVE-2016-0731,0.00084,0.35124
CVE-2016-0732,0.00216,0.59661
CVE-2016-0733,0.00315,0.67326
CVE-2016-0734,0.00243,0.62333
CVE-2016-0735,0.00160,0.52651
CVE-2016-0736,0.01098,0.82927
CVE-2016-0737,0.04737,0.91886
CVE-2016-0738,0.04737,0.91886
CVE-2016-0739,0.00390,0.70647
CVE-2016-0740,0.00443,0.72307
CVE-2016-0741,0.02345,0.88717
CVE-2016-0742,0.87145,0.98392
CVE-2016-0746,0.04468,0.91642
CVE-2016-0747,0.01062,0.82623
CVE-2016-0749,0.03653,0.90835
CVE-2016-0750,0.01527,0.85737
CVE-2016-0751,0.01128,0.83171
CVE-2016-0752,0.97361,0.99887
CVE-2016-0753,0.00432,0.71938
CVE-2016-0754,0.00096,0.39765
CVE-2016-0755,0.01703,0.86479
CVE-2016-0756,0.00769,0.79358
CVE-2016-0757,0.00114,0.44790
CVE-2016-0758,0.00044,0.08000
CVE-2016-0760,0.00197,0.57612
CVE-2016-0761,0.00222,0.60556
CVE-2016-0762,0.00132,0.48178
CVE-2016-0763,0.00183,0.55695
CVE-2016-0764,0.00071,0.29272
CVE-2016-0765,0.00190,0.56616
CVE-2016-0766,0.00428,0.71838
CVE-2016-0767,0.00099,0.40779
CVE-2016-0768,0.00168,0.53801
CVE-2016-0769,0.00357,0.69287
CVE-2016-0770,0.00142,0.49984
CVE-2016-0771,0.01370,0.84910
CVE-2016-0772,0.00876,0.80721
CVE-2016-0773,0.21119,0.96003
CVE-2016-0774,0.00091,0.38115
CVE-2016-0775,0.01298,0.84466
CVE-2016-0777,0.00238,0.61962
CVE-2016-0778,0.00266,0.64316
CVE-2016-0779,0.04745,0.91896
CVE-2016-0780,0.00105,0.42447
CVE-2016-0781,0.00079,0.32992
CVE-2016-0782,0.00088,0.36694
CVE-2016-0783,0.00223,0.60653
CVE-2016-0784,0.12040,0.94877
CVE-2016-0785,0.01731,0.86594
CVE-2016-0787,0.00550,0.75146
CVE-2016-0788,0.03359,0.90479
CVE-2016-0789,0.00196,0.57553
CVE-2016-0790,0.00297,0.66286
CVE-2016-0791,0.00718,0.78584
CVE-2016-0792,0.97314,0.99861
CVE-2016-0793,0.14842,0.95316
CVE-2016-0794,0.01982,0.87608
CVE-2016-0795,0.02080,0.87948
CVE-2016-0796,0.00204,0.58370
CVE-2016-0797,0.19324,0.95858
CVE-2016-0798,0.68345,0.97699
CVE-2016-0799,0.39164,0.96913
CVE-2016-0800,0.95243,0.99198
CVE-2016-0801,0.06164,0.92878
CVE-2016-0802,0.01702,0.86478
CVE-2016-0803,0.00148,0.50901
CVE-2016-0804,0.00148,0.50901
CVE-2016-0805,0.00053,0.18889
CVE-2016-0806,0.00053,0.18889
CVE-2016-0807,0.00053,0.18844
CVE-2016-0808,0.00054,0.19188
CVE-2016-0809,0.00056,0.20757
CVE-2016-0810,0.00054,0.19657
CVE-2016-0811,0.00079,0.33123
CVE-2016-0812,0.00054,0.19188
CVE-2016-0813,0.00054,0.19188
CVE-2016-0815,0.00589,0.76006
CVE-2016-0816,0.00589,0.76006
CVE-2016-0818,0.00095,0.39589
CVE-2016-0819,0.00054,0.19657
CVE-2016-0820,0.00054,0.19657
CVE-2016-0821,0.00064,0.26240
CVE-2016-0822,0.00054,0.19657
CVE-2016-0823,0.00069,0.28636
CVE-2016-0824,0.00101,0.41181
CVE-2016-0825,0.00072,0.29988
CVE-2016-0826,0.00106,0.42704
CVE-2016-0827,0.00083,0.34315
CVE-2016-0828,0.00101,0.41126
CVE-2016-0829,0.00101,0.41126
CVE-2016-0830,0.00384,0.70376
CVE-2016-0831,0.00077,0.31758
CVE-2016-0832,0.00054,0.19188
CVE-2016-0833,0.00099,0.40559
CVE-2016-0834,0.00149,0.50955
CVE-2016-0835,0.00589,0.76006
CVE-2016-0836,0.00068,0.28066
CVE-2016-0837,0.00148,0.50901
CVE-2016-0838,0.00589,0.76006
CVE-2016-0839,0.00148,0.50901
CVE-2016-0840,0.00094,0.39472
CVE-2016-0841,0.00148,0.50901
CVE-2016-0842,0.00094,0.39472
CVE-2016-0843,0.00059,0.23162
CVE-2016-0844,0.00053,0.18844
CVE-2016-0846,0.00085,0.35444
CVE-2016-0847,0.00078,0.32208
CVE-2016-0848,0.00053,0.18844
CVE-2016-0849,0.00053,0.18844
CVE-2016-0850,0.00110,0.43967
CVE-2016-0851,0.00942,0.81447
CVE-2016-0852,0.00388,0.70534
CVE-2016-0853,0.00414,0.71394
CVE-2016-0854,0.61013,0.97519
CVE-2016-0855,0.23891,0.96187
CVE-2016-0856,0.60748,0.97510
CVE-2016-0857,0.20970,0.95994
CVE-2016-0858,0.06029,0.92793
CVE-2016-0859,0.08831,0.93990
CVE-2016-0860,0.01775,0.86754
CVE-2016-0861,0.00533,0.74725
CVE-2016-0862,0.00184,0.55812
CVE-2016-0863,0.00080,0.33416
CVE-2016-0864,0.00188,0.56355
CVE-2016-0865,0.00226,0.60898
CVE-2016-0866,0.00451,0.72538
CVE-2016-0867,0.00299,0.66397
CVE-2016-0868,0.00374,0.69987
CVE-2016-0869,0.00121,0.46335
CVE-2016-0870,0.00206,0.58605
CVE-2016-0871,0.00310,0.66997
CVE-2016-0872,0.00179,0.55159
CVE-2016-0875,0.00314,0.67232
CVE-2016-0876,0.00314,0.67232
CVE-2016-0877,0.00276,0.64902
CVE-2016-0878,0.00276,0.64902
CVE-2016-0879,0.00420,0.71599
CVE-2016-0881,0.00082,0.33942
CVE-2016-0882,0.00095,0.39577
CVE-2016-0883,0.00589,0.76009
CVE-2016-0886,0.00095,0.39624
CVE-2016-0887,0.00432,0.71949
CVE-2016-0888,0.00172,0.54278
CVE-2016-0889,0.00452,0.72564
CVE-2016-0890,0.00092,0.38727
CVE-2016-0891,0.01078,0.82768
CVE-2016-0892,0.00183,0.55643
CVE-2016-0893,0.00124,0.46835
CVE-2016-0894,0.00183,0.55627
CVE-2016-0895,0.00281,0.65254
CVE-2016-0896,0.00182,0.55548
CVE-2016-0897,0.00172,0.54257
CVE-2016-0898,0.00215,0.59534
CVE-2016-0899,0.00091,0.38533
CVE-2016-0900,0.00183,0.55643
CVE-2016-0901,0.00183,0.55643
CVE-2016-0902,0.00253,0.63244
CVE-2016-0903,0.00309,0.66979
CVE-2016-0904,0.00191,0.56730
CVE-2016-0905,0.00042,0.05722
CVE-2016-0906,0.00247,0.62717
CVE-2016-0907,0.00070,0.29115
CVE-2016-0908,0.00042,0.05722
CVE-2016-0909,0.00132,0.48075
CVE-2016-0910,0.00042,0.05722
CVE-2016-0911,0.00190,0.56667
CVE-2016-0912,0.00420,0.71598
CVE-2016-0913,0.00401,0.70987
CVE-2016-0914,0.00112,0.44404
CVE-2016-0915,0.00164,0.53045
CVE-2016-0916,0.00182,0.55572
CVE-2016-0917,0.03834,0.91051
CVE-2016-0918,0.00109,0.43784
CVE-2016-0919,0.00132,0.48174
CVE-2016-0920,0.00042,0.05722
CVE-2016-0921,0.00042,0.05722
CVE-2016-0922,0.00540,0.74929
CVE-2016-0923,0.00194,0.57364
CVE-2016-0925,0.00088,0.37094
CVE-2016-0926,0.00098,0.40456
CVE-2016-0927,0.00131,0.48009
CVE-2016-0928,0.00188,0.56360
CVE-2016-0929,0.00178,0.55045
CVE-2016-0930,0.00513,0.74242
CVE-2016-0931,0.01751,0.86671
CVE-2016-0932,0.09794,0.94301
CVE-2016-0933,0.02230,0.88430
CVE-2016-0934,0.09794,0.94301
CVE-2016-0935,0.02866,0.89751
CVE-2016-0936,0.02892,0.89787
CVE-2016-0937,0.09794,0.94301
CVE-2016-0938,0.01965,0.87538
CVE-2016-0939,0.01965,0.87538
CVE-2016-0940,0.01666,0.86354
CVE-2016-0941,0.09794,0.94301
CVE-2016-0942,0.01433,0.85242
CVE-2016-0943,0.01845,0.87072
CVE-2016-0944,0.01433,0.85242
CVE-2016-0945,0.01433,0.85242
CVE-2016-0946,0.01433,0.85242
CVE-2016-0947,0.00079,0.32893
CVE-2016-0948,0.00118,0.45754
CVE-2016-0949,0.00664,0.77577
CVE-2016-0950,0.00289,0.65747
CVE-2016-0951,0.01302,0.84483
CVE-2016-0952,0.01302,0.84483
CVE-2016-0953,0.01302,0.84483
CVE-2016-0954,0.01423,0.85184
CVE-2016-0955,0.01156,0.83398
CVE-2016-0956,0.03820,0.91038
CVE-2016-0957,0.03344,0.90453
CVE-2016-0958,0.00391,0.70678
CVE-2016-0959,0.00423,0.71721
CVE-2016-0960,0.00791,0.79725
CVE-2016-0961,0.00791,0.79725
CVE-2016-0962,0.00791,0.79725
CVE-2016-0963,0.07007,0.93323
CVE-2016-0964,0.43996,0.97053
CVE-2016-0965,0.43996,0.97053
CVE-2016-0966,0.01677,0.86391
CVE-2016-0967,0.43996,0.97053
CVE-2016-0968,0.01677,0.86391
CVE-2016-0969,0.01677,0.86391
CVE-2016-0970,0.01677,0.86391
CVE-2016-0971,0.53978,0.97345
CVE-2016-0972,0.01677,0.86391
CVE-2016-0973,0.02135,0.88161
CVE-2016-0974,0.84164,0.98235
CVE-2016-0975,0.02135,0.88161
CVE-2016-0976,0.01677,0.86391
CVE-2016-0977,0.01677,0.86391
CVE-2016-0978,0.01677,0.86391
CVE-2016-0979,0.01677,0.86391
CVE-2016-0980,0.01677,0.86391
CVE-2016-0981,0.01677,0.86391
CVE-2016-0982,0.01852,0.87092
CVE-2016-0983,0.01852,0.87092
CVE-2016-0984,0.06494,0.93066
CVE-2016-0985,0.92603,0.98829
CVE-2016-0986,0.00791,0.79725
CVE-2016-0987,0.70749,0.97773
CVE-2016-0988,0.70749,0.97773
CVE-2016-0989,0.00977,0.81825
CVE-2016-0990,0.70749,0.97773
CVE-2016-0991,0.70749,0.97773
CVE-2016-0992,0.00791,0.79725
CVE-2016-0993,0.07007,0.93323
CVE-2016-0994,0.05742,0.92632
CVE-2016-0995,0.07276,0.93426
CVE-2016-0996,0.03256,0.90329
CVE-2016-0997,0.90446,0.98600
CVE-2016-0998,0.86158,0.98340
CVE-2016-0999,0.89561,0.98546
CVE-2016-1000,0.22911,0.96123
CVE-2016-1000000,0.00051,0.16914
CVE-2016-1000001,0.00097,0.40061
CVE-2016-1000002,0.00095,0.39585
CVE-2016-1000003,0.02120,0.88072
CVE-2016-1000004,0.00235,0.61731
CVE-2016-1000005,0.00235,0.61731
CVE-2016-1000006,0.00302,0.66501
CVE-2016-1000007,0.00100,0.40807
CVE-2016-1000009,0.00133,0.48355
CVE-2016-1000027,0.02444,0.88951
CVE-2016-1000028,0.00128,0.47380
CVE-2016-1000029,0.00128,0.47380
CVE-2016-1000030,0.00985,0.81893
CVE-2016-1000031,0.05866,0.92703
CVE-2016-1000032,0.00118,0.45697
CVE-2016-1000033,0.00066,0.27446
CVE-2016-1000037,0.00141,0.49754
CVE-2016-1000104,0.00761,0.79244
CVE-2016-1000107,0.00239,0.62024
CVE-2016-1000108,0.01085,0.82824
CVE-2016-1000109,0.07158,0.93387
CVE-2016-1000110,0.24861,0.96246
CVE-2016-1000111,0.00396,0.70846
CVE-2016-1000112,0.01326,0.84623
CVE-2016-1000113,0.01265,0.84241
CVE-2016-1000114,0.00131,0.47986
CVE-2016-1000115,0.00195,0.57481
CVE-2016-1000116,0.00120,0.46070
CVE-2016-1000117,0.00287,0.65670
CVE-2016-1000118,0.00287,0.65670
CVE-2016-1000119,0.00287,0.65670
CVE-2016-1000120,0.00319,0.67511
CVE-2016-1000121,0.00070,0.28976
CVE-2016-1000122,0.00319,0.67511
CVE-2016-1000123,0.00485,0.73496
CVE-2016-1000124,0.00223,0.60660
CVE-2016-1000125,0.00159,0.52427
CVE-2016-1000126,0.00119,0.45880
CVE-2016-1000127,0.00119,0.45880
CVE-2016-1000128,0.00101,0.41209
CVE-2016-1000129,0.00119,0.45880
CVE-2016-1000130,0.00093,0.38944
CVE-2016-1000131,0.00101,0.41209
CVE-2016-1000132,0.00116,0.45258
CVE-2016-1000133,0.00142,0.49850
CVE-2016-1000134,0.00101,0.41209
CVE-2016-1000135,0.00101,0.41209
CVE-2016-1000136,0.00119,0.45880
CVE-2016-1000137,0.00101,0.41209
CVE-2016-1000138,0.00119,0.45880
CVE-2016-1000139,0.00116,0.45258
CVE-2016-1000140,0.00119,0.45880
CVE-2016-1000141,0.00142,0.49850
CVE-2016-1000142,0.00103,0.41588
CVE-2016-1000143,0.00142,0.49850
CVE-2016-1000144,0.00131,0.47986
CVE-2016-1000145,0.00129,0.47729
CVE-2016-1000146,0.00119,0.45880
CVE-2016-1000147,0.00129,0.47729
CVE-2016-1000148,0.00119,0.45880
CVE-2016-1000149,0.00119,0.45880
CVE-2016-1000150,0.00131,0.47986
CVE-2016-1000151,0.00129,0.47729
CVE-2016-1000152,0.00251,0.63153
CVE-2016-1000153,0.00101,0.41209
CVE-2016-1000154,0.00142,0.49850
CVE-2016-1000155,0.00103,0.41588
CVE-2016-1000156,0.00412,0.71339
CVE-2016-10002,0.00460,0.72805
CVE-2016-1000213,0.00066,0.27158
CVE-2016-1000214,0.00090,0.37765
CVE-2016-1000215,0.00126,0.47139
CVE-2016-1000216,0.00675,0.77786
CVE-2016-1000217,0.00509,0.74132
CVE-2016-1000218,0.00071,0.29260
CVE-2016-1000219,0.00096,0.39892
CVE-2016-1000220,0.00076,0.31323
CVE-2016-1000221,0.00124,0.46760
CVE-2016-1000222,0.00085,0.35272
CVE-2016-1000229,0.00243,0.62383
CVE-2016-1000232,0.00532,0.74717
CVE-2016-1000236,0.00237,0.61881
CVE-2016-1000237,0.00132,0.48257
CVE-2016-1000271,0.00274,0.64777
CVE-2016-1000282,0.00604,0.76302
CVE-2016-10003,0.00325,0.67833
CVE-2016-1000307,0.00118,0.45713
CVE-2016-1000338,0.00360,0.69413
CVE-2016-1000339,0.00329,0.68013
CVE-2016-1000340,0.00219,0.59891
CVE-2016-1000341,0.00381,0.70280
CVE-2016-1000342,0.00534,0.74750
CVE-2016-1000343,0.00543,0.75002
CVE-2016-1000344,0.00188,0.56435
CVE-2016-1000345,0.00381,0.70280
CVE-2016-1000346,0.00327,0.67925
CVE-2016-1000352,0.00188,0.56435
CVE-2016-10005,0.00787,0.79614
CVE-2016-10006,0.00142,0.49978
CVE-2016-10007,0.00116,0.45393
CVE-2016-10008,0.00116,0.45393
CVE-2016-10009,0.10155,0.94428
CVE-2016-1001,0.90715,0.98619
CVE-2016-10010,0.00042,0.00438
CVE-2016-10011,0.00042,0.05722
CVE-2016-10012,0.00042,0.05722
CVE-2016-10013,0.00059,0.22933
CVE-2016-1002,0.80611,0.98065
CVE-2016-10024,0.00062,0.24773
CVE-2016-10025,0.00059,0.22933
CVE-2016-10026,0.00496,0.73777
CVE-2016-10027,0.00217,0.59757
CVE-2016-10028,0.00062,0.24773
CVE-2016-10029,0.00062,0.24773
CVE-2016-10030,0.00350,0.68981
CVE-2016-10031,0.00061,0.23986
CVE-2016-10033,0.97455,0.99950
CVE-2016-10034,0.96520,0.99516
CVE-2016-10036,0.06736,0.93197
CVE-2016-10037,0.00156,0.52062
CVE-2016-10038,0.00156,0.52062
CVE-2016-10039,0.00156,0.52062
CVE-2016-10040,0.00163,0.52956
CVE-2016-10041,0.00097,0.40125
CVE-2016-10042,0.00085,0.35272
CVE-2016-10043,0.03171,0.90194
CVE-2016-10044,0.00042,0.05722
CVE-2016-10045,0.96686,0.99577
CVE-2016-10046,0.00267,0.64320
CVE-2016-10047,0.00229,0.61118
CVE-2016-10048,0.00685,0.77990
CVE-2016-10049,0.00848,0.80401
CVE-2016-1005,0.01202,0.83766
CVE-2016-10050,0.00617,0.76602
CVE-2016-10051,0.00766,0.79292
CVE-2016-10052,0.00838,0.80281
CVE-2016-10053,0.00842,0.80342
CVE-2016-10054,0.00674,0.77775
CVE-2016-10055,0.00674,0.77775
CVE-2016-10056,0.00848,0.80401
CVE-2016-10057,0.00674,0.77775
CVE-2016-10058,0.00842,0.80342
CVE-2016-10059,0.00612,0.76474
CVE-2016-1006,0.00385,0.70406
CVE-2016-10060,0.00623,0.76736
CVE-2016-10061,0.00519,0.74374
CVE-2016-10062,0.00868,0.80623
CVE-2016-10063,0.00849,0.80413
CVE-2016-10064,0.00866,0.80597
CVE-2016-10065,0.00664,0.77592
CVE-2016-10066,0.00706,0.78349
CVE-2016-10067,0.00452,0.72589
CVE-2016-10068,0.00451,0.72535
CVE-2016-10069,0.00868,0.80623
CVE-2016-1007,0.04622,0.91773
CVE-2016-10070,0.00493,0.73702
CVE-2016-10071,0.00530,0.74654
CVE-2016-10072,0.00042,0.05722
CVE-2016-10073,0.00798,0.79805
CVE-2016-10074,0.94380,0.99051
CVE-2016-10075,0.00042,0.05722
CVE-2016-10079,0.01580,0.85997
CVE-2016-1008,0.96115,0.99387
CVE-2016-10081,0.01293,0.84435
CVE-2016-10082,0.00601,0.76225
CVE-2016-10083,0.00146,0.50534
CVE-2016-10084,0.00296,0.66204
CVE-2016-10085,0.00296,0.66204
CVE-2016-10086,0.00171,0.54191
CVE-2016-10087,0.01091,0.82865
CVE-2016-10088,0.00042,0.05722
CVE-2016-10089,0.00065,0.26946
CVE-2016-1009,0.04622,0.91773
CVE-2016-10091,0.00623,0.76704
CVE-2016-10092,0.00632,0.76885
CVE-2016-10093,0.00391,0.70649
CVE-2016-10094,0.00904,0.81044
CVE-2016-10095,0.00741,0.78925
CVE-2016-10096,0.00171,0.54192
CVE-2016-10097,0.00313,0.67177
CVE-2016-10098,0.00685,0.78004
CVE-2016-10099,0.00058,0.22798
CVE-2016-1010,0.94483,0.99068
CVE-2016-10100,0.00091,0.38552
CVE-2016-10101,0.00325,0.67835
CVE-2016-10102,0.00165,0.53209
CVE-2016-10103,0.00220,0.60179
CVE-2016-10104,0.00178,0.55045
CVE-2016-10105,0.00476,0.73220
CVE-2016-10106,0.00220,0.59950
CVE-2016-10107,0.00621,0.76688
CVE-2016-10108,0.86242,0.98345
CVE-2016-10109,0.02057,0.87873
CVE-2016-1011,0.53134,0.97328
CVE-2016-10112,0.00065,0.27007
CVE-2016-10114,0.00208,0.58763
CVE-2016-10115,0.00676,0.77814
CVE-2016-10116,0.00635,0.76955
CVE-2016-10117,0.00042,0.05722
CVE-2016-10118,0.00042,0.05722
CVE-2016-10119,0.00042,0.05722
CVE-2016-1012,0.02029,0.87777
CVE-2016-10120,0.00042,0.05722
CVE-2016-10121,0.00042,0.05722
CVE-2016-10122,0.00042,0.05722
CVE-2016-10123,0.00042,0.05722
CVE-2016-10124,0.00219,0.59891
CVE-2016-10125,0.00161,0.52726
CVE-2016-10126,0.00311,0.67062
CVE-2016-10127,0.00354,0.69159
CVE-2016-10128,0.01397,0.85057
CVE-2016-10129,0.01766,0.86719
CVE-2016-1013,0.70006,0.97748
CVE-2016-10130,0.00176,0.54786
CVE-2016-10131,0.04920,0.92051
CVE-2016-10132,0.00320,0.67575
CVE-2016-10133,0.00411,0.71301
CVE-2016-10134,0.05366,0.92392
CVE-2016-10135,0.00069,0.28647
CVE-2016-10136,0.00044,0.10161
CVE-2016-10137,0.00044,0.10161
CVE-2016-10138,0.00044,0.10161
CVE-2016-10139,0.00044,0.10161
CVE-2016-1014,0.00043,0.07411
CVE-2016-10140,0.00804,0.79884
CVE-2016-10141,0.00579,0.75777
CVE-2016-10142,0.00650,0.77253
CVE-2016-10143,0.00313,0.67177
CVE-2016-10144,0.01204,0.83778
CVE-2016-10145,0.01056,0.82548
CVE-2016-10146,0.01193,0.83691
CVE-2016-10147,0.00042,0.05722
CVE-2016-10148,0.00093,0.39121
CVE-2016-10149,0.00317,0.67427
CVE-2016-1015,0.01493,0.85533
CVE-2016-10150,0.00887,0.80848
CVE-2016-10151,0.00042,0.05722
CVE-2016-10152,0.00482,0.73401
CVE-2016-10153,0.00042,0.05722
CVE-2016-10154,0.00042,0.05722
CVE-2016-10155,0.00062,0.24773
CVE-2016-10156,0.00044,0.10527
CVE-2016-10157,0.00172,0.54285
CVE-2016-10158,0.02600,0.89254
CVE-2016-10159,0.58197,0.97445
CVE-2016-1016,0.02135,0.88161
CVE-2016-10160,0.02072,0.87928
CVE-2016-10161,0.02122,0.88075
CVE-2016-10162,0.01428,0.85205
CVE-2016-10163,0.00062,0.24773
CVE-2016-10164,0.02537,0.89135
CVE-2016-10165,0.00805,0.79896
CVE-2016-10166,0.01797,0.86846
CVE-2016-10167,0.01796,0.86844
CVE-2016-10168,0.00594,0.76098
CVE-2016-10169,0.00421,0.71638
CVE-2016-1017,0.02135,0.88161
CVE-2016-10170,0.00167,0.53441
CVE-2016-10171,0.00167,0.53441
CVE-2016-10172,0.00167,0.53441
CVE-2016-10173,0.00461,0.72820
CVE-2016-10174,0.97190,0.99785
CVE-2016-10175,0.10556,0.94522
CVE-2016-10176,0.29595,0.96507
CVE-2016-10177,0.51004,0.97269
CVE-2016-10178,0.50690,0.97260
CVE-2016-10179,0.52661,0.97315
CVE-2016-1018,0.01673,0.86373
CVE-2016-10180,0.52349,0.97308
CVE-2016-10181,0.52349,0.97308
CVE-2016-10182,0.61818,0.97551
CVE-2016-10183,0.49275,0.97228
CVE-2016-10184,0.49275,0.97228
CVE-2016-10185,0.34849,0.96738
CVE-2016-10186,0.34849,0.96738
CVE-2016-10187,0.00342,0.68618
CVE-2016-10188,0.00700,0.78247
CVE-2016-10189,0.05196,0.92268
CVE-2016-1019,0.95177,0.99184
CVE-2016-10190,0.01861,0.87128
CVE-2016-10191,0.05139,0.92222
CVE-2016-10192,0.04962,0.92081
CVE-2016-10193,0.00539,0.74888
CVE-2016-10194,0.00380,0.70231
CVE-2016-10195,0.00646,0.77162
CVE-2016-10196,0.00486,0.73533
CVE-2016-10197,0.00230,0.61286
CVE-2016-10198,0.00917,0.81186
CVE-2016-10199,0.01136,0.83239
CVE-2016-1020,0.02029,0.87777
CVE-2016-10200,0.00042,0.05722
CVE-2016-10201,0.00204,0.58378
CVE-2016-10202,0.00204,0.58378
CVE-2016-10203,0.00355,0.69188
CVE-2016-10204,0.00170,0.54043
CVE-2016-10205,0.00420,0.71593
CVE-2016-10206,0.00358,0.69321
CVE-2016-10207,0.00527,0.74584
CVE-2016-10208,0.00062,0.24773
CVE-2016-10209,0.00628,0.76824
CVE-2016-1021,0.02029,0.87777
CVE-2016-10210,0.00601,0.76234
CVE-2016-10211,0.00620,0.76655
CVE-2016-10212,0.00200,0.57956
CVE-2016-10213,0.00313,0.67177
CVE-2016-10214,0.00062,0.24773
CVE-2016-10215,0.00080,0.33432
CVE-2016-10216,0.00107,0.43032
CVE-2016-10217,0.00099,0.40597
CVE-2016-10218,0.00167,0.53385
CVE-2016-10219,0.00551,0.75165
CVE-2016-1022,0.02029,0.87777
CVE-2016-10220,0.00466,0.72936
CVE-2016-10221,0.00089,0.37683
CVE-2016-10222,0.00227,0.60962
CVE-2016-10223,0.00056,0.20812
CVE-2016-10224,0.00104,0.42231
CVE-2016-10225,0.00053,0.18459
CVE-2016-10226,0.00217,0.59756
CVE-2016-10227,0.00738,0.78888
CVE-2016-10228,0.00687,0.78041
CVE-2016-10229,0.04837,0.91991
CVE-2016-1023,0.02029,0.87777
CVE-2016-10230,0.00655,0.77348
CVE-2016-10231,0.00103,0.41676
CVE-2016-10232,0.00103,0.41676
CVE-2016-10233,0.00315,0.67296
CVE-2016-10234,0.00079,0.32884
CVE-2016-10235,0.00295,0.66180
CVE-2016-10236,0.00079,0.32884
CVE-2016-10237,0.00103,0.41676
CVE-2016-10238,0.00089,0.37426
CVE-2016-10239,0.00095,0.39720
CVE-2016-1024,0.02029,0.87777
CVE-2016-10242,0.00089,0.37426
CVE-2016-10243,0.00921,0.81238
CVE-2016-10244,0.00794,0.79763
CVE-2016-10245,0.00294,0.66091
CVE-2016-10246,0.00226,0.60900
CVE-2016-10247,0.00428,0.71839
CVE-2016-10248,0.00306,0.66798
CVE-2016-10249,0.00559,0.75306
CVE-2016-1025,0.02029,0.87777
CVE-2016-10250,0.00192,0.57140
CVE-2016-10251,0.01164,0.83449
CVE-2016-10252,0.00277,0.64967
CVE-2016-10253,0.00245,0.62547
CVE-2016-10254,0.00986,0.81902
CVE-2016-10255,0.01258,0.84197
CVE-2016-10256,0.00107,0.43129
CVE-2016-10257,0.00107,0.43129
CVE-2016-10258,0.01821,0.86947
CVE-2016-10259,0.00319,0.67554
CVE-2016-1026,0.02029,0.87777
CVE-2016-10266,0.00868,0.80623
CVE-2016-10267,0.01073,0.82724
CVE-2016-10268,0.00997,0.82023
CVE-2016-10269,0.00986,0.81907
CVE-2016-1027,0.02029,0.87777
CVE-2016-10270,0.00360,0.69415
CVE-2016-10271,0.00316,0.67341
CVE-2016-10272,0.00316,0.67341
CVE-2016-10273,0.00873,0.80665
CVE-2016-10274,0.00057,0.21388
CVE-2016-10275,0.00071,0.29430
CVE-2016-10276,0.00062,0.24381
CVE-2016-10277,0.00180,0.55246
CVE-2016-1028,0.02029,0.87777
CVE-2016-10280,0.00057,0.21388
CVE-2016-10281,0.00057,0.21388
CVE-2016-10282,0.00057,0.21388
CVE-2016-10283,0.00136,0.49031
CVE-2016-10284,0.00065,0.26827
CVE-2016-10285,0.00065,0.26827
CVE-2016-10286,0.00065,0.26827
CVE-2016-10287,0.00065,0.26827
CVE-2016-10288,0.00089,0.37620
CVE-2016-10289,0.00089,0.37620
CVE-2016-1029,0.02029,0.87777
CVE-2016-10290,0.00065,0.26827
CVE-2016-10291,0.00065,0.26827
CVE-2016-10292,0.00176,0.54827
CVE-2016-10293,0.00055,0.20666
CVE-2016-10294,0.00081,0.33682
CVE-2016-10295,0.00069,0.28647
CVE-2016-10296,0.00072,0.29920
CVE-2016-10297,0.00063,0.25160
CVE-2016-10298,0.00315,0.67296
CVE-2016-10299,0.00315,0.67296
CVE-2016-1030,0.00374,0.69994
CVE-2016-10304,0.00157,0.52159
CVE-2016-10305,0.00659,0.77474
CVE-2016-10306,0.00366,0.69657
CVE-2016-10307,0.01245,0.84097
CVE-2016-10308,0.01245,0.84097
CVE-2016-10309,0.00752,0.79084
CVE-2016-1031,0.01659,0.86322
CVE-2016-10310,0.00174,0.54572
CVE-2016-10311,0.00719,0.78608
CVE-2016-10312,0.00676,0.77797
CVE-2016-10313,0.00193,0.57189
CVE-2016-10314,0.00327,0.67882
CVE-2016-10315,0.00158,0.52274
CVE-2016-10316,0.00158,0.52274
CVE-2016-10317,0.00238,0.61967
CVE-2016-10318,0.00181,0.55385
CVE-2016-10319,0.00090,0.38007
CVE-2016-1032,0.02029,0.87777
CVE-2016-10320,0.00098,0.40331
CVE-2016-10321,0.00826,0.80136
CVE-2016-10322,0.00058,0.22649
CVE-2016-10323,0.00042,0.05722
CVE-2016-10324,0.00441,0.72264
CVE-2016-10325,0.00272,0.64643
CVE-2016-10326,0.00272,0.64643
CVE-2016-10327,0.00911,0.81111
CVE-2016-10328,0.00934,0.81375
CVE-2016-10329,0.02885,0.89779
CVE-2016-1033,0.02029,0.87777
CVE-2016-10330,0.00043,0.07658
CVE-2016-10331,0.00337,0.68410
CVE-2016-10332,0.00100,0.41009
CVE-2016-10333,0.00100,0.41009
CVE-2016-10334,0.00100,0.41009
CVE-2016-10335,0.00100,0.41009
CVE-2016-10336,0.00100,0.41009
CVE-2016-10337,0.00100,0.41009
CVE-2016-10338,0.00103,0.41676
CVE-2016-10339,0.00096,0.39773
CVE-2016-1034,0.16810,0.95573
CVE-2016-10340,0.00110,0.44040
CVE-2016-10341,0.00103,0.41676
CVE-2016-10342,0.00110,0.44040
CVE-2016-10343,0.00128,0.47548
CVE-2016-10344,0.00128,0.47548
CVE-2016-10345,0.00044,0.10707
CVE-2016-10346,0.00128,0.47548
CVE-2016-10347,0.00128,0.47548
CVE-2016-10349,0.01258,0.84197
CVE-2016-1035,0.01037,0.82367
CVE-2016-10350,0.01002,0.82066
CVE-2016-10351,0.00042,0.05722
CVE-2016-1036,0.00296,0.66242
CVE-2016-10362,0.00062,0.24248
CVE-2016-10363,0.00209,0.58895
CVE-2016-10364,0.00065,0.26756
CVE-2016-10365,0.00079,0.32992
CVE-2016-10366,0.00079,0.32992
CVE-2016-10367,0.01346,0.84746
CVE-2016-10368,0.00179,0.55172
CVE-2016-10369,0.00042,0.05722
CVE-2016-1037,0.00633,0.76917
CVE-2016-10370,0.00192,0.56976
CVE-2016-10371,0.00393,0.70757
CVE-2016-10372,0.97377,0.99896
CVE-2016-10374,0.00042,0.05722
CVE-2016-10375,0.00316,0.67352
CVE-2016-10376,0.00137,0.49180
CVE-2016-10377,0.00280,0.65140
CVE-2016-10378,0.00109,0.43807
CVE-2016-10379,0.00143,0.50026
CVE-2016-1038,0.03179,0.90211
CVE-2016-10380,0.00199,0.57799
CVE-2016-10381,0.00199,0.57799
CVE-2016-10382,0.00152,0.51475
CVE-2016-10383,0.00128,0.47548
CVE-2016-10384,0.00199,0.57799
CVE-2016-10385,0.00199,0.57799
CVE-2016-10386,0.00199,0.57799
CVE-2016-10387,0.00199,0.57799
CVE-2016-10388,0.00128,0.47548
CVE-2016-10389,0.00063,0.25160
CVE-2016-1039,0.03179,0.90211
CVE-2016-10390,0.00199,0.57799
CVE-2016-10391,0.00128,0.47548
CVE-2016-10392,0.00201,0.58132
CVE-2016-10393,0.00128,0.47548
CVE-2016-10395,0.00075,0.31091
CVE-2016-10396,0.00441,0.72251
CVE-2016-10397,0.00508,0.74112
CVE-2016-10398,0.00044,0.10161
CVE-2016-10399,0.00248,0.62832
CVE-2016-1040,0.03092,0.90084
CVE-2016-10400,0.00435,0.72084
CVE-2016-10401,0.94119,0.99007
CVE-2016-10402,0.00420,0.71607
CVE-2016-10403,0.00603,0.76260
CVE-2016-10404,0.00085,0.35433
CVE-2016-10405,0.00373,0.69950
CVE-2016-10406,0.00105,0.42553
CVE-2016-10407,0.00187,0.56164
CVE-2016-10409,0.00187,0.56164
CVE-2016-1041,0.03179,0.90211
CVE-2016-10410,0.00187,0.56164
CVE-2016-10411,0.00095,0.39605
CVE-2016-10412,0.00187,0.56164
CVE-2016-10414,0.00187,0.56164
CVE-2016-10415,0.00095,0.39605
CVE-2016-10416,0.00095,0.39605
CVE-2016-10417,0.00221,0.60346
CVE-2016-10418,0.00095,0.39594
CVE-2016-10419,0.00187,0.56164
CVE-2016-1042,0.03179,0.90211
CVE-2016-10420,0.00055,0.20516
CVE-2016-10421,0.00187,0.56164
CVE-2016-10422,0.00221,0.60346
CVE-2016-10423,0.00105,0.42553
CVE-2016-10424,0.00187,0.56164
CVE-2016-10425,0.00187,0.56164
CVE-2016-10426,0.00187,0.56164
CVE-2016-10427,0.00095,0.39605
CVE-2016-10428,0.00105,0.42553
CVE-2016-10429,0.00095,0.39594
CVE-2016-1043,0.52731,0.97318
CVE-2016-10430,0.00187,0.56164
CVE-2016-10431,0.00187,0.56164
CVE-2016-10432,0.00187,0.56164
CVE-2016-10433,0.00187,0.56164
CVE-2016-10434,0.00111,0.44252
CVE-2016-10435,0.00187,0.56164
CVE-2016-10436,0.00187,0.56164
CVE-2016-10437,0.00105,0.42553
CVE-2016-10438,0.00105,0.42553
CVE-2016-10439,0.00187,0.56164
CVE-2016-1044,0.03179,0.90211
CVE-2016-10440,0.00221,0.60346
CVE-2016-10441,0.00187,0.56164
CVE-2016-10442,0.00221,0.60346
CVE-2016-10443,0.00117,0.45561
CVE-2016-10444,0.00221,0.60346
CVE-2016-10445,0.00187,0.56164
CVE-2016-10446,0.00105,0.42553
CVE-2016-10447,0.00095,0.39605
CVE-2016-10448,0.00187,0.56164
CVE-2016-10449,0.00187,0.56164
CVE-2016-1045,0.02673,0.89411
CVE-2016-10450,0.00187,0.56164
CVE-2016-10451,0.00044,0.10161
CVE-2016-10452,0.00187,0.56164
CVE-2016-10454,0.00187,0.56164
CVE-2016-10455,0.00095,0.39605
CVE-2016-10456,0.00187,0.56164
CVE-2016-10457,0.00174,0.54630
CVE-2016-10458,0.00187,0.56164
CVE-2016-10459,0.00095,0.39605
CVE-2016-1046,0.02673,0.89411
CVE-2016-10460,0.00187,0.56164
CVE-2016-10461,0.00187,0.56164
CVE-2016-10462,0.00221,0.60346
CVE-2016-10464,0.00095,0.39605
CVE-2016-10466,0.00187,0.56164
CVE-2016-10467,0.00187,0.56164
CVE-2016-10469,0.00105,0.42553
CVE-2016-1047,0.02673,0.89411
CVE-2016-10471,0.00187,0.56164
CVE-2016-10472,0.00187,0.56164
CVE-2016-10473,0.00187,0.56164
CVE-2016-10474,0.00187,0.56164
CVE-2016-10475,0.00187,0.56164
CVE-2016-10476,0.00187,0.56164
CVE-2016-10477,0.00187,0.56164
CVE-2016-10478,0.00187,0.56164
CVE-2016-10479,0.00224,0.60777
CVE-2016-1048,0.02673,0.89411
CVE-2016-10480,0.00187,0.56164
CVE-2016-10481,0.00187,0.56164
CVE-2016-10482,0.00187,0.56164
CVE-2016-10483,0.00105,0.42553
CVE-2016-10484,0.00187,0.56164
CVE-2016-10485,0.00187,0.56164
CVE-2016-10486,0.00187,0.56164
CVE-2016-10487,0.00187,0.56164
CVE-2016-10489,0.00187,0.56164
CVE-2016-1049,0.02673,0.89411
CVE-2016-10490,0.00187,0.56164
CVE-2016-10491,0.00187,0.56164
CVE-2016-10492,0.00136,0.48905
CVE-2016-10493,0.00187,0.56164
CVE-2016-10494,0.00187,0.56164
CVE-2016-10495,0.00187,0.56164
CVE-2016-10496,0.00187,0.56164
CVE-2016-10497,0.00095,0.39605
CVE-2016-10498,0.00187,0.56164
CVE-2016-10499,0.00095,0.39605
CVE-2016-1050,0.02673,0.89411
CVE-2016-10501,0.00187,0.56164
CVE-2016-10502,0.00251,0.63096
CVE-2016-10503,0.00049,0.15902
CVE-2016-10504,0.06358,0.92985
CVE-2016-10505,0.00581,0.75804
CVE-2016-10506,0.00903,0.81035
CVE-2016-10507,0.00488,0.73561
CVE-2016-10508,0.00116,0.45370
CVE-2016-10509,0.00109,0.43807
CVE-2016-1051,0.02984,0.89915
CVE-2016-10510,0.00202,0.58142
CVE-2016-10511,0.00123,0.46548
CVE-2016-10512,0.00209,0.58845
CVE-2016-10513,0.00094,0.39351
CVE-2016-10514,0.00199,0.57891
CVE-2016-10515,0.00079,0.32992
CVE-2016-10516,0.00183,0.55643
CVE-2016-10517,0.00174,0.54632
CVE-2016-10518,0.00154,0.51691
CVE-2016-10519,0.00151,0.51237
CVE-2016-1052,0.02673,0.89411
CVE-2016-10520,0.00114,0.44899
CVE-2016-10521,0.00129,0.47649
CVE-2016-10522,0.00508,0.74108
CVE-2016-10523,0.00271,0.64590
CVE-2016-10524,0.00081,0.33872
CVE-2016-10525,0.00316,0.67352
CVE-2016-10526,0.00151,0.51237
CVE-2016-10527,0.00097,0.40190
CVE-2016-10528,0.00121,0.46343
CVE-2016-10529,0.00073,0.30112
CVE-2016-1053,0.02673,0.89411
CVE-2016-10530,0.00132,0.48241
CVE-2016-10531,0.00087,0.36670
CVE-2016-10532,0.00303,0.66565
CVE-2016-10533,0.00106,0.42937
CVE-2016-10534,0.00058,0.22696
CVE-2016-10535,0.00151,0.51237
CVE-2016-10536,0.00133,0.48432
CVE-2016-10537,0.00050,0.16378
CVE-2016-10538,0.00098,0.40443
CVE-2016-10539,0.00103,0.41969
CVE-2016-1054,0.02673,0.89411
CVE-2016-10540,0.00114,0.44899
CVE-2016-10541,0.00804,0.79885
CVE-2016-10542,0.00097,0.40190
CVE-2016-10543,0.00108,0.43464
CVE-2016-10544,0.00097,0.40190
CVE-2016-10546,0.00225,0.60849
CVE-2016-10547,0.00159,0.52508
CVE-2016-10548,0.00193,0.57273
CVE-2016-10549,0.00072,0.29623
CVE-2016-1055,0.02673,0.89411
CVE-2016-10550,0.00225,0.60860
CVE-2016-10551,0.00505,0.74038
CVE-2016-10552,0.00168,0.53801
CVE-2016-10553,0.00181,0.55382
CVE-2016-10554,0.00225,0.60860
CVE-2016-10555,0.00102,0.41540
CVE-2016-10556,0.00094,0.39462
CVE-2016-10557,0.00170,0.54036
CVE-2016-10558,0.00170,0.54036
CVE-2016-10559,0.00170,0.54036
CVE-2016-1056,0.02673,0.89411
CVE-2016-10560,0.00170,0.54036
CVE-2016-10561,0.00096,0.39991
CVE-2016-10562,0.00170,0.54036
CVE-2016-10563,0.00159,0.52445
CVE-2016-10564,0.00170,0.54036
CVE-2016-10565,0.00170,0.54036
CVE-2016-10566,0.00170,0.54036
CVE-2016-10567,0.00170,0.54036
CVE-2016-10568,0.00111,0.44230
CVE-2016-10569,0.00170,0.54036
CVE-2016-1057,0.02673,0.89411
CVE-2016-10570,0.00170,0.54036
CVE-2016-10571,0.00170,0.54036
CVE-2016-10572,0.00170,0.54036
CVE-2016-10573,0.00170,0.54036
CVE-2016-10574,0.00170,0.54036
CVE-2016-10575,0.00170,0.54036
CVE-2016-10576,0.00170,0.54036
CVE-2016-10577,0.00783,0.79555
CVE-2016-10578,0.00111,0.44230
CVE-2016-10579,0.00170,0.54036
CVE-2016-1058,0.02673,0.89411
CVE-2016-10580,0.00170,0.54036
CVE-2016-10581,0.00170,0.54036
CVE-2016-10582,0.00170,0.54036
CVE-2016-10583,0.00170,0.54036
CVE-2016-10584,0.00170,0.54036
CVE-2016-10585,0.00170,0.54036
CVE-2016-10586,0.00170,0.54036
CVE-2016-10587,0.00170,0.54036
CVE-2016-10588,0.00268,0.64391
CVE-2016-10589,0.00170,0.54036
CVE-2016-1059,0.02673,0.89411
CVE-2016-10590,0.00170,0.54036
CVE-2016-10591,0.00170,0.54036
CVE-2016-10592,0.00159,0.52445
CVE-2016-10593,0.00860,0.80537
CVE-2016-10594,0.00111,0.44230
CVE-2016-10595,0.00170,0.54036
CVE-2016-10596,0.00170,0.54036
CVE-2016-10597,0.00128,0.47518
CVE-2016-10598,0.00170,0.54095
CVE-2016-10599,0.00170,0.54036
CVE-2016-1060,0.02673,0.89411
CVE-2016-10600,0.00170,0.54036
CVE-2016-10601,0.00170,0.54036
CVE-2016-10602,0.00170,0.54036
CVE-2016-10603,0.00170,0.54036
CVE-2016-10604,0.00170,0.54036
CVE-2016-10605,0.00170,0.54036
CVE-2016-10606,0.00170,0.54036
CVE-2016-10607,0.00170,0.54036
CVE-2016-10608,0.00170,0.54095
CVE-2016-10609,0.00170,0.54036
CVE-2016-1061,0.02673,0.89411
CVE-2016-10610,0.00111,0.44230
CVE-2016-10611,0.00170,0.54036
CVE-2016-10612,0.00170,0.54036
CVE-2016-10613,0.00101,0.41153
CVE-2016-10614,0.00170,0.54036
CVE-2016-10615,0.00170,0.54036
CVE-2016-10616,0.00111,0.44230
CVE-2016-10617,0.00170,0.54036
CVE-2016-10618,0.00111,0.44230
CVE-2016-10619,0.00111,0.44230
CVE-2016-1062,0.03179,0.90211
CVE-2016-10620,0.00170,0.54036
CVE-2016-10621,0.00170,0.54036
CVE-2016-10622,0.00170,0.54036
CVE-2016-10623,0.00170,0.54036
CVE-2016-10624,0.00170,0.54036
CVE-2016-10625,0.00170,0.54036
CVE-2016-10626,0.00170,0.54036
CVE-2016-10627,0.00170,0.54036
CVE-2016-10628,0.00170,0.54036
CVE-2016-10629,0.00170,0.54036
CVE-2016-1063,0.04233,0.91442
CVE-2016-10630,0.00101,0.41153
CVE-2016-10631,0.00170,0.54036
CVE-2016-10632,0.00170,0.54036
CVE-2016-10633,0.00170,0.54036
CVE-2016-10634,0.00170,0.54036
CVE-2016-10635,0.00170,0.54036
CVE-2016-10636,0.00170,0.54036
CVE-2016-10637,0.00170,0.54036
CVE-2016-10638,0.00170,0.54036
CVE-2016-10639,0.00170,0.54036
CVE-2016-1064,0.00633,0.76917
CVE-2016-10640,0.00170,0.54036
CVE-2016-10641,0.00111,0.44230
CVE-2016-10642,0.00170,0.54036
CVE-2016-10643,0.00170,0.54036
CVE-2016-10644,0.00170,0.54036
CVE-2016-10645,0.00170,0.54036
CVE-2016-10646,0.00170,0.54036
CVE-2016-10647,0.00170,0.54036
CVE-2016-10648,0.00170,0.54036
CVE-2016-10649,0.00170,0.54036
CVE-2016-1065,0.02673,0.89411
CVE-2016-10650,0.00170,0.54036
CVE-2016-10651,0.00170,0.54036
CVE-2016-10652,0.00111,0.44230
CVE-2016-10653,0.00170,0.54036
CVE-2016-10654,0.00111,0.44230
CVE-2016-10655,0.00170,0.54036
CVE-2016-10656,0.00170,0.54036
CVE-2016-10657,0.00170,0.54036
CVE-2016-10658,0.00170,0.54036
CVE-2016-10659,0.00170,0.54036
CVE-2016-1066,0.02673,0.89411
CVE-2016-10660,0.00170,0.54036
CVE-2016-10661,0.00170,0.54036
CVE-2016-10662,0.00170,0.54036
CVE-2016-10663,0.00423,0.71714
CVE-2016-10664,0.00170,0.54036
CVE-2016-10665,0.00216,0.59610
CVE-2016-10666,0.00170,0.54036
CVE-2016-10667,0.00170,0.54036
CVE-2016-10668,0.00170,0.54036
CVE-2016-10669,0.00170,0.54036
CVE-2016-1067,0.02673,0.89411
CVE-2016-10670,0.00170,0.54036
CVE-2016-10671,0.00170,0.54036
CVE-2016-10672,0.00170,0.54036
CVE-2016-10673,0.00111,0.44230
CVE-2016-10674,0.00170,0.54036
CVE-2016-10675,0.00170,0.54036
CVE-2016-10676,0.00170,0.54036
CVE-2016-10677,0.00170,0.54036
CVE-2016-10678,0.00170,0.54036
CVE-2016-10679,0.00170,0.54036
CVE-2016-1068,0.02673,0.89411
CVE-2016-10680,0.00111,0.44230
CVE-2016-10681,0.00170,0.54036
CVE-2016-10682,0.00170,0.54036
CVE-2016-10683,0.00170,0.54036
CVE-2016-10684,0.00170,0.54036
CVE-2016-10685,0.00170,0.54036
CVE-2016-10686,0.00170,0.54036
CVE-2016-10687,0.00170,0.54036
CVE-2016-10688,0.00170,0.54036
CVE-2016-10689,0.00170,0.54036
CVE-2016-1069,0.02673,0.89411
CVE-2016-10690,0.00170,0.54036
CVE-2016-10691,0.00170,0.54036
CVE-2016-10692,0.00170,0.54036
CVE-2016-10693,0.00170,0.54036
CVE-2016-10694,0.00170,0.54036
CVE-2016-10695,0.00170,0.54036
CVE-2016-10696,0.00170,0.54036
CVE-2016-10697,0.00170,0.54036
CVE-2016-10698,0.00170,0.54036
CVE-2016-10699,0.00228,0.61054
CVE-2016-1070,0.02673,0.89411
CVE-2016-10700,0.00427,0.71817
CVE-2016-10701,0.00139,0.49378
CVE-2016-10702,0.00066,0.27209
CVE-2016-10703,0.00627,0.76798
CVE-2016-10704,0.00080,0.33460
CVE-2016-10705,0.00067,0.27787
CVE-2016-10706,0.00067,0.27787
CVE-2016-10707,0.00256,0.63533
CVE-2016-10708,0.04682,0.91842
CVE-2016-10709,0.51766,0.97286
CVE-2016-1071,0.04233,0.91442
CVE-2016-10710,0.00183,0.55697
CVE-2016-10711,0.00462,0.72837
CVE-2016-10712,0.00191,0.56746
CVE-2016-10713,0.00202,0.58208
CVE-2016-10714,0.00245,0.62547
CVE-2016-10715,0.00053,0.19109
CVE-2016-10716,0.00048,0.14712
CVE-2016-10717,0.00177,0.54956
CVE-2016-10718,0.01562,0.85903
CVE-2016-10719,0.00105,0.42530
CVE-2016-1072,0.04233,0.91442
CVE-2016-10721,0.00524,0.74505
CVE-2016-10722,0.00593,0.76081
CVE-2016-10723,0.00052,0.18252
CVE-2016-10724,0.00385,0.70436
CVE-2016-10725,0.00158,0.52246
CVE-2016-10726,0.00288,0.65696
CVE-2016-10727,0.00980,0.81848
CVE-2016-10728,0.00276,0.64888
CVE-2016-10729,0.00084,0.34973
CVE-2016-1073,0.04233,0.91442
CVE-2016-10730,0.00064,0.26158
CVE-2016-10731,0.00138,0.49278
CVE-2016-10732,0.00303,0.66565
CVE-2016-10733,0.00276,0.64935
CVE-2016-10734,0.00222,0.60556
CVE-2016-10735,0.00229,0.61136
CVE-2016-10736,0.00087,0.36434
CVE-2016-10737,0.00105,0.42413
CVE-2016-10738,0.00086,0.35635
CVE-2016-10739,0.00055,0.20547
CVE-2016-1074,0.04233,0.91442
CVE-2016-10740,0.00171,0.54156
CVE-2016-10741,0.00042,0.05722
CVE-2016-10742,0.00312,0.67106
CVE-2016-10743,0.00310,0.67004
CVE-2016-10744,0.00090,0.37739
CVE-2016-10745,0.00349,0.68944
CVE-2016-10746,0.00377,0.70123
CVE-2016-10749,0.00791,0.79721
CVE-2016-1075,0.02673,0.89411
CVE-2016-10750,0.02610,0.89276
CVE-2016-10751,0.00101,0.41155
CVE-2016-10752,0.00343,0.68669
CVE-2016-10753,0.00097,0.40070
CVE-2016-10754,0.00097,0.40070
CVE-2016-10755,0.00104,0.42274
CVE-2016-10756,0.00222,0.60561
CVE-2016-10757,0.00533,0.74719
CVE-2016-10758,0.00113,0.44719
CVE-2016-10759,0.00903,0.81033
CVE-2016-1076,0.04233,0.91442
CVE-2016-10760,0.14164,0.95223
CVE-2016-10761,0.00047,0.13955
CVE-2016-10762,0.00163,0.52929
CVE-2016-10763,0.00053,0.18833
CVE-2016-10764,0.00469,0.73021
CVE-2016-10765,0.00084,0.34791
CVE-2016-10766,0.00071,0.29353
CVE-2016-10767,0.00054,0.20290
CVE-2016-10768,0.00054,0.20290
CVE-2016-10769,0.00078,0.32606
CVE-2016-1077,0.69562,0.97733
CVE-2016-10770,0.00054,0.20290
CVE-2016-10771,0.00063,0.25750
CVE-2016-10772,0.00044,0.10161
CVE-2016-10773,0.00104,0.42231
CVE-2016-10774,0.00054,0.20290
CVE-2016-10775,0.00063,0.25750
CVE-2016-10776,0.00054,0.20290
CVE-2016-10777,0.00054,0.20290
CVE-2016-10778,0.00054,0.20290
CVE-2016-10779,0.00054,0.20290
CVE-2016-1078,0.04233,0.91442
CVE-2016-10780,0.00054,0.20290
CVE-2016-10781,0.00054,0.20290
CVE-2016-10782,0.00054,0.20290
CVE-2016-10783,0.00054,0.20290
CVE-2016-10784,0.00054,0.20290
CVE-2016-10785,0.00065,0.26756
CVE-2016-10786,0.00065,0.26756
CVE-2016-10787,0.00063,0.25750
CVE-2016-10788,0.00096,0.39789
CVE-2016-10789,0.00096,0.39789
CVE-2016-1079,0.01047,0.82464
CVE-2016-10790,0.00168,0.53801
CVE-2016-10791,0.00084,0.34791
CVE-2016-10792,0.00105,0.42575
CVE-2016-10793,0.00096,0.39789
CVE-2016-10794,0.00065,0.26756
CVE-2016-10795,0.00078,0.32606
CVE-2016-10796,0.00044,0.10161
CVE-2016-10797,0.00054,0.20290
CVE-2016-10798,0.00065,0.26756
CVE-2016-10799,0.00044,0.10161
CVE-2016-1080,0.04233,0.91442
CVE-2016-10800,0.00063,0.25378
CVE-2016-10801,0.00104,0.42231
CVE-2016-10802,0.00105,0.42575
CVE-2016-10803,0.00073,0.30345
CVE-2016-10804,0.00063,0.25750
CVE-2016-10805,0.00096,0.39789
CVE-2016-10806,0.00054,0.20290
CVE-2016-10807,0.00075,0.30965
CVE-2016-10808,0.00094,0.39456
CVE-2016-10809,0.00104,0.42231
CVE-2016-1081,0.00633,0.76917
CVE-2016-10810,0.00104,0.42231
CVE-2016-10811,0.00104,0.42231
CVE-2016-10812,0.00094,0.39456
CVE-2016-10813,0.00054,0.20290
CVE-2016-10814,0.00094,0.39456
CVE-2016-10815,0.00065,0.26756
CVE-2016-10816,0.00094,0.39467
CVE-2016-10817,0.00138,0.49278
CVE-2016-10818,0.00065,0.26756
CVE-2016-10819,0.00065,0.26756
CVE-2016-1082,0.00633,0.76917
CVE-2016-10820,0.00104,0.42231
CVE-2016-10821,0.00065,0.26756
CVE-2016-10822,0.00054,0.20290
CVE-2016-10823,0.00096,0.39789
CVE-2016-10824,0.00481,0.73395
CVE-2016-10825,0.00065,0.26756
CVE-2016-10826,0.00104,0.42231
CVE-2016-10827,0.00054,0.20290
CVE-2016-10828,0.00091,0.38395
CVE-2016-10829,0.00065,0.26756
CVE-2016-1083,0.00633,0.76917
CVE-2016-10830,0.00065,0.26756
CVE-2016-10831,0.00104,0.42231
CVE-2016-10832,0.00065,0.26756
CVE-2016-10833,0.00165,0.53213
CVE-2016-10834,0.00104,0.42231
CVE-2016-10835,0.00054,0.20290
CVE-2016-10836,0.00065,0.26756
CVE-2016-10837,0.00105,0.42575
CVE-2016-10838,0.00065,0.26756
CVE-2016-10839,0.00065,0.26756
CVE-2016-1084,0.00633,0.76917
CVE-2016-10840,0.00105,0.42575
CVE-2016-10841,0.00065,0.26756
CVE-2016-10842,0.00063,0.25750
CVE-2016-10843,0.00082,0.34137
CVE-2016-10844,0.00065,0.26756
CVE-2016-10845,0.00065,0.26756
CVE-2016-10846,0.00065,0.26756
CVE-2016-10847,0.00065,0.26756
CVE-2016-10848,0.00104,0.42231
CVE-2016-10849,0.00054,0.20290
CVE-2016-1085,0.00633,0.76917
CVE-2016-10850,0.00096,0.39789
CVE-2016-10851,0.00054,0.20290
CVE-2016-10852,0.00065,0.26756
CVE-2016-10853,0.00054,0.20290
CVE-2016-10854,0.00054,0.20290
CVE-2016-10855,0.00481,0.73395
CVE-2016-10856,0.00065,0.26756
CVE-2016-10857,0.00081,0.33872
CVE-2016-10858,0.00481,0.73395
CVE-2016-10859,0.00065,0.26756
CVE-2016-1086,0.00633,0.76917
CVE-2016-10860,0.00081,0.33872
CVE-2016-10861,0.00053,0.19032
CVE-2016-10862,0.00112,0.44586
CVE-2016-10863,0.00112,0.44586
CVE-2016-10864,0.00057,0.21530
CVE-2016-10865,0.00071,0.29411
CVE-2016-10866,0.00078,0.32606
CVE-2016-10867,0.00084,0.35108
CVE-2016-10868,0.00078,0.32606
CVE-2016-10869,0.00078,0.32606
CVE-2016-1087,0.00053,0.18452
CVE-2016-10870,0.00078,0.32606
CVE-2016-10871,0.00078,0.32606
CVE-2016-10872,0.00084,0.35108
CVE-2016-10873,0.00084,0.35108
CVE-2016-10874,0.00071,0.29353
CVE-2016-10875,0.00084,0.35108
CVE-2016-10876,0.00073,0.30112
CVE-2016-10877,0.00078,0.32606
CVE-2016-10878,0.00084,0.35108
CVE-2016-10879,0.00078,0.32606
CVE-2016-1088,0.00633,0.76917
CVE-2016-10880,0.00078,0.32606
CVE-2016-10881,0.00078,0.32606
CVE-2016-10882,0.00073,0.30112
CVE-2016-10883,0.00053,0.19032
CVE-2016-10884,0.00071,0.29353
CVE-2016-10885,0.00073,0.30112
CVE-2016-10886,0.00173,0.54543
CVE-2016-10887,0.00137,0.49074
CVE-2016-10888,0.00137,0.49074
CVE-2016-10889,0.00138,0.49278
CVE-2016-1089,0.01249,0.84114
CVE-2016-10890,0.00078,0.32606
CVE-2016-10891,0.00078,0.32606
CVE-2016-10892,0.00078,0.32606
CVE-2016-10893,0.00113,0.44638
CVE-2016-10894,0.00080,0.33454
CVE-2016-10895,0.00078,0.32606
CVE-2016-10896,0.00078,0.32606
CVE-2016-10897,0.00078,0.32606
CVE-2016-10898,0.00078,0.32606
CVE-2016-10899,0.00084,0.34791
CVE-2016-1090,0.00053,0.18452
CVE-2016-10900,0.00078,0.32606
CVE-2016-10901,0.00078,0.32606
CVE-2016-10902,0.00073,0.30112
CVE-2016-10903,0.00073,0.30112
CVE-2016-10904,0.00138,0.49278
CVE-2016-10905,0.00045,0.11966
CVE-2016-10906,0.00045,0.11966
CVE-2016-10907,0.00042,0.05722
CVE-2016-10908,0.00078,0.32606
CVE-2016-10909,0.00138,0.49278
CVE-2016-1091,0.01489,0.85507
CVE-2016-10910,0.00078,0.32606
CVE-2016-10911,0.00078,0.32606
CVE-2016-10912,0.00078,0.32606
CVE-2016-10913,0.00078,0.32606
CVE-2016-10914,0.00073,0.30112
CVE-2016-10915,0.00073,0.30112
CVE-2016-10916,0.00138,0.49278
CVE-2016-10917,0.00138,0.49278
CVE-2016-10918,0.00073,0.30112
CVE-2016-10919,0.00078,0.32606
CVE-2016-1092,0.00364,0.69582
CVE-2016-10920,0.00078,0.32606
CVE-2016-10921,0.00138,0.49278
CVE-2016-10922,0.00207,0.58677
CVE-2016-10923,0.00207,0.58677
CVE-2016-10924,0.01328,0.84633
CVE-2016-10925,0.00078,0.32606
CVE-2016-10926,0.00168,0.53801
CVE-2016-10927,0.00168,0.53801
CVE-2016-10928,0.00178,0.55045
CVE-2016-10929,0.00084,0.34791
CVE-2016-1093,0.00633,0.76917
CVE-2016-10930,0.00222,0.60556
CVE-2016-10931,0.00107,0.43271
CVE-2016-10932,0.00065,0.27048
CVE-2016-10933,0.00128,0.47518
CVE-2016-10934,0.00078,0.32606
CVE-2016-10935,0.00228,0.61057
CVE-2016-10936,0.00078,0.32606
CVE-2016-10937,0.00515,0.74276
CVE-2016-10938,0.00188,0.56319
CVE-2016-10939,0.00091,0.38618
CVE-2016-1094,0.02984,0.89915
CVE-2016-10940,0.00776,0.79479
CVE-2016-10941,0.00104,0.42389
CVE-2016-10942,0.00159,0.52414
CVE-2016-10943,0.00361,0.69454
CVE-2016-10944,0.00085,0.35311
CVE-2016-10945,0.00150,0.51222
CVE-2016-10946,0.00150,0.51222
CVE-2016-10947,0.00091,0.38618
CVE-2016-10948,0.00462,0.72842
CVE-2016-10949,0.00183,0.55689
CVE-2016-1095,0.04233,0.91442
CVE-2016-10950,0.00212,0.59239
CVE-2016-10951,0.00212,0.59239
CVE-2016-10952,0.00088,0.36898
CVE-2016-10953,0.00050,0.16378
CVE-2016-10954,0.00237,0.61880
CVE-2016-10955,0.00798,0.79807
CVE-2016-10956,0.01610,0.86135
CVE-2016-10957,0.00144,0.50222
CVE-2016-10958,0.00169,0.53895
CVE-2016-10959,0.00058,0.22585
CVE-2016-1096,0.94826,0.99125
CVE-2016-10960,0.01469,0.85422
CVE-2016-10961,0.00076,0.31249
CVE-2016-10962,0.00053,0.19032
CVE-2016-10963,0.00078,0.32606
CVE-2016-10964,0.00076,0.31249
CVE-2016-10965,0.00093,0.39255
CVE-2016-10966,0.00093,0.39255
CVE-2016-10967,0.00076,0.31249
CVE-2016-10968,0.00104,0.42274
CVE-2016-10969,0.00084,0.35108
CVE-2016-1097,0.00805,0.79896
CVE-2016-10970,0.00066,0.27550
CVE-2016-10971,0.00263,0.64030
CVE-2016-10972,0.42610,0.97006
CVE-2016-10973,0.00177,0.54967
CVE-2016-10974,0.00103,0.41646
CVE-2016-10975,0.00096,0.40015
CVE-2016-10976,0.00096,0.40015
CVE-2016-10977,0.00109,0.43780
CVE-2016-10978,0.00071,0.29353
CVE-2016-10979,0.00078,0.32606
CVE-2016-1098,0.00831,0.80206
CVE-2016-10980,0.00096,0.40015
CVE-2016-10981,0.00096,0.40015
CVE-2016-10982,0.00103,0.41646
CVE-2016-10983,0.00059,0.22849
CVE-2016-10984,0.00088,0.36898
CVE-2016-10985,0.00088,0.36898
CVE-2016-10986,0.00088,0.36898
CVE-2016-10987,0.00088,0.36898
CVE-2016-10988,0.00088,0.36898
CVE-2016-10989,0.00142,0.49909
CVE-2016-1099,0.00831,0.80206
CVE-2016-10990,0.00096,0.40015
CVE-2016-10991,0.00170,0.54098
CVE-2016-10992,0.00518,0.74346
CVE-2016-10993,0.00245,0.62634
CVE-2016-10994,0.00096,0.40015
CVE-2016-10995,0.00195,0.57387
CVE-2016-10996,0.00090,0.37972
CVE-2016-10997,0.00095,0.39595
CVE-2016-10998,0.00087,0.36434
CVE-2016-10999,0.00087,0.36434
CVE-2016-1100,0.00831,0.80206
CVE-2016-11000,0.00212,0.59190
CVE-2016-11001,0.00291,0.65925
CVE-2016-11002,0.00104,0.42274
CVE-2016-11003,0.00104,0.42274
CVE-2016-11004,0.00104,0.42274
CVE-2016-11005,0.00076,0.31249
CVE-2016-11006,0.00135,0.48880
CVE-2016-11007,0.00135,0.48880
CVE-2016-11008,0.00135,0.48880
CVE-2016-11009,0.00135,0.48880
CVE-2016-1101,0.94360,0.99049
CVE-2016-11010,0.00135,0.48880
CVE-2016-11011,0.00080,0.33290
CVE-2016-11012,0.00053,0.18833
CVE-2016-11013,0.00066,0.27550
CVE-2016-11014,0.07227,0.93412
CVE-2016-11015,0.01102,0.82957
CVE-2016-11016,0.05254,0.92302
CVE-2016-11017,0.05519,0.92507
CVE-2016-11018,0.00244,0.62510
CVE-2016-1102,0.94826,0.99125
CVE-2016-11020,0.01572,0.85943
CVE-2016-11021,0.96298,0.99438
CVE-2016-11022,0.05422,0.92437
CVE-2016-11023,0.00138,0.49278
CVE-2016-11024,0.00138,0.49278
CVE-2016-11025,0.00119,0.45929
CVE-2016-11026,0.00082,0.34051
CVE-2016-11027,0.00046,0.13831
CVE-2016-11028,0.00119,0.45929
CVE-2016-11029,0.00080,0.33409
CVE-2016-1103,0.94360,0.99049
CVE-2016-11030,0.00119,0.45929
CVE-2016-11031,0.00082,0.34051
CVE-2016-11032,0.00066,0.27588
CVE-2016-11033,0.00119,0.45929
CVE-2016-11034,0.00087,0.36569
CVE-2016-11035,0.00044,0.10161
CVE-2016-11036,0.00123,0.46690
CVE-2016-11038,0.00128,0.47461
CVE-2016-11039,0.00081,0.33580
CVE-2016-1104,0.94826,0.99125
CVE-2016-11040,0.00046,0.13831
CVE-2016-11041,0.00046,0.13806
CVE-2016-11042,0.00077,0.31860
CVE-2016-11043,0.00066,0.27588
CVE-2016-11044,0.00044,0.10161
CVE-2016-11045,0.00049,0.15854
CVE-2016-11046,0.00066,0.27588
CVE-2016-11047,0.00042,0.05722
CVE-2016-11048,0.00046,0.13831
CVE-2016-11049,0.00080,0.33409
CVE-2016-1105,0.94360,0.99049
CVE-2016-11050,0.00042,0.05722
CVE-2016-11052,0.00049,0.15854
CVE-2016-11053,0.00046,0.13831
CVE-2016-11054,0.00107,0.43044
CVE-2016-11055,0.00053,0.19032
CVE-2016-11056,0.00104,0.42231
CVE-2016-11057,0.00165,0.53213
CVE-2016-11058,0.00084,0.34791
CVE-2016-11059,0.00168,0.53801
CVE-2016-1106,0.94360,0.99049
CVE-2016-11060,0.00103,0.41969
CVE-2016-11061,0.00222,0.60556
CVE-2016-11062,0.00084,0.34791
CVE-2016-11063,0.00078,0.32606
CVE-2016-11064,0.00187,0.56295
CVE-2016-11065,0.00054,0.20290
CVE-2016-11066,0.00168,0.53801
CVE-2016-11067,0.00092,0.38838
CVE-2016-11068,0.00073,0.30345
CVE-2016-11069,0.00084,0.34791
CVE-2016-1107,0.00805,0.79896
CVE-2016-11070,0.00054,0.20290
CVE-2016-11071,0.00078,0.32606
CVE-2016-11072,0.00082,0.34065
CVE-2016-11073,0.00078,0.32606
CVE-2016-11074,0.00309,0.66976
CVE-2016-11075,0.00084,0.34791
CVE-2016-11076,0.00084,0.34791
CVE-2016-11077,0.00054,0.20290
CVE-2016-11078,0.00065,0.26756
CVE-2016-11079,0.00078,0.32606
CVE-2016-1108,0.00805,0.79896
CVE-2016-11080,0.00054,0.20290
CVE-2016-11081,0.00054,0.20290
CVE-2016-11082,0.00078,0.32606
CVE-2016-11083,0.00078,0.32606
CVE-2016-11084,0.00053,0.19032
CVE-2016-11085,0.00087,0.36042
CVE-2016-11086,0.00088,0.36998
CVE-2016-1109,0.00805,0.79896
CVE-2016-1110,0.00805,0.79896
CVE-2016-1111,0.05390,0.92412
CVE-2016-1112,0.00570,0.75545
CVE-2016-1113,0.00492,0.73683
CVE-2016-1114,0.00394,0.70768
CVE-2016-1115,0.00317,0.67420
CVE-2016-1116,0.00633,0.76917
CVE-2016-1117,0.03179,0.90211
CVE-2016-1118,0.00633,0.76917
CVE-2016-1119,0.00633,0.76917
CVE-2016-1120,0.00633,0.76917
CVE-2016-1121,0.01479,0.85460
CVE-2016-1122,0.01479,0.85460
CVE-2016-1123,0.00633,0.76917
CVE-2016-1124,0.00633,0.76917
CVE-2016-1125,0.00633,0.76917
CVE-2016-1126,0.00633,0.76917
CVE-2016-1127,0.00633,0.76917
CVE-2016-1128,0.00633,0.76917
CVE-2016-1129,0.00633,0.76917
CVE-2016-1130,0.00633,0.76917
CVE-2016-1131,0.03705,0.90904
CVE-2016-1132,0.00097,0.40198
CVE-2016-1133,0.00466,0.72953
CVE-2016-1134,0.00090,0.37847
CVE-2016-1135,0.00125,0.47020
CVE-2016-1136,0.00088,0.37073
CVE-2016-1137,0.00286,0.65536
CVE-2016-1138,0.00206,0.58601
CVE-2016-1139,0.00157,0.52101
CVE-2016-1140,0.00233,0.61435
CVE-2016-1141,0.00216,0.59643
CVE-2016-1142,0.00324,0.67786
CVE-2016-1143,0.00182,0.55587
CVE-2016-1144,0.00083,0.34338
CVE-2016-1145,0.00377,0.70066
CVE-2016-1148,0.00539,0.74889
CVE-2016-1149,0.00271,0.64564
CVE-2016-1150,0.00271,0.64564
CVE-2016-1151,0.00157,0.52101
CVE-2016-1152,0.00162,0.52807
CVE-2016-1153,0.00245,0.62624
CVE-2016-1154,0.00143,0.50021
CVE-2016-1155,0.00706,0.78347
CVE-2016-1156,0.00237,0.61829
CVE-2016-1157,0.00182,0.55587
CVE-2016-1158,0.00157,0.52101
CVE-2016-1159,0.00168,0.53542
CVE-2016-1160,0.00127,0.47284
CVE-2016-1161,0.00252,0.63206
CVE-2016-1167,0.00157,0.52101
CVE-2016-1168,0.00157,0.52101
CVE-2016-1169,0.00182,0.55587
CVE-2016-1170,0.00157,0.52101
CVE-2016-1171,0.00182,0.55587
CVE-2016-1172,0.00157,0.52101
CVE-2016-1173,0.00182,0.55587
CVE-2016-1174,0.00157,0.52101
CVE-2016-1175,0.00145,0.50330
CVE-2016-1176,0.00319,0.67512
CVE-2016-1177,0.00233,0.61435
CVE-2016-1178,0.00203,0.58278
CVE-2016-1179,0.00107,0.43129
CVE-2016-1180,0.00149,0.50930
CVE-2016-1181,0.02455,0.88974
CVE-2016-1182,0.35201,0.96748
CVE-2016-1183,0.00251,0.63112
CVE-2016-1184,0.00251,0.63141
CVE-2016-1185,0.00099,0.40571
CVE-2016-1186,0.00251,0.63086
CVE-2016-1187,0.00210,0.59019
CVE-2016-1188,0.00152,0.51444
CVE-2016-1189,0.00153,0.51617
CVE-2016-1190,0.00153,0.51617
CVE-2016-1191,0.00396,0.70820
CVE-2016-1192,0.00149,0.50934
CVE-2016-1193,0.00297,0.66286
CVE-2016-1194,0.00217,0.59791
CVE-2016-1195,0.00286,0.65536
CVE-2016-1196,0.00114,0.44990
CVE-2016-1197,0.00182,0.55587
CVE-2016-1198,0.00193,0.57266
CVE-2016-1199,0.00437,0.72142
CVE-2016-1200,0.00234,0.61503
CVE-2016-1201,0.00226,0.60943
CVE-2016-1202,0.00042,0.05722
CVE-2016-1203,0.00132,0.48098
CVE-2016-1205,0.00209,0.58844
CVE-2016-1206,0.00246,0.62694
CVE-2016-1207,0.00088,0.37073
CVE-2016-1208,0.00297,0.66286
CVE-2016-1209,0.92948,0.98864
CVE-2016-1210,0.00084,0.34825
CVE-2016-1211,0.00182,0.55587
CVE-2016-1212,0.00155,0.51813
CVE-2016-1213,0.00174,0.54660
CVE-2016-1214,0.00167,0.53521
CVE-2016-1215,0.00167,0.53521
CVE-2016-1216,0.00167,0.53521
CVE-2016-1217,0.00167,0.53521
CVE-2016-1218,0.00255,0.63499
CVE-2016-1219,0.00472,0.73124
CVE-2016-1220,0.00140,0.49522
CVE-2016-1221,0.00084,0.34825
CVE-2016-1222,0.00212,0.59088
CVE-2016-1223,0.00218,0.59838
CVE-2016-1224,0.00107,0.43171
CVE-2016-1225,0.00176,0.54778
CVE-2016-1226,0.00209,0.58844
CVE-2016-1227,0.00418,0.71531
CVE-2016-1228,0.00122,0.46464
CVE-2016-1229,0.00085,0.35317
CVE-2016-1230,0.00241,0.62174
CVE-2016-1231,0.01175,0.83570
CVE-2016-1232,0.00351,0.69046
CVE-2016-1233,0.00042,0.05722
CVE-2016-1234,0.00224,0.60771
CVE-2016-1235,0.00183,0.55671
CVE-2016-1236,0.00190,0.56631
CVE-2016-1237,0.00042,0.05722
CVE-2016-1238,0.00045,0.12306
CVE-2016-1239,0.00169,0.53859
CVE-2016-1240,0.00043,0.07667
CVE-2016-1241,0.00141,0.49844
CVE-2016-1242,0.00141,0.49844
CVE-2016-1243,0.06190,0.92892
CVE-2016-1244,0.02848,0.89727
CVE-2016-1245,0.02557,0.89164
CVE-2016-1246,0.01867,0.87147
CVE-2016-1247,0.00092,0.38873
CVE-2016-1248,0.80025,0.98052
CVE-2016-1249,0.00434,0.72040
CVE-2016-1251,0.00796,0.79786
CVE-2016-1252,0.01357,0.84840
CVE-2016-1253,0.00404,0.71084
CVE-2016-1254,0.04146,0.91364
CVE-2016-1255,0.00042,0.05722
CVE-2016-1256,0.00193,0.57167
CVE-2016-1257,0.00245,0.62628
CVE-2016-1258,0.00193,0.57167
CVE-2016-1260,0.00193,0.57167
CVE-2016-1261,0.00073,0.30112
CVE-2016-1262,0.00245,0.62628
CVE-2016-1263,0.00245,0.62628
CVE-2016-1264,0.00218,0.59862
CVE-2016-1265,0.00152,0.51474
CVE-2016-1267,0.00042,0.05722
CVE-2016-1268,0.00245,0.62628
CVE-2016-1269,0.00236,0.61753
CVE-2016-1270,0.00236,0.61753
CVE-2016-1271,0.00042,0.05722
CVE-2016-1273,0.00151,0.51338
CVE-2016-1274,0.00236,0.61753
CVE-2016-1275,0.00578,0.75738
CVE-2016-1276,0.00371,0.69866
CVE-2016-1277,0.00759,0.79219
CVE-2016-1278,0.00088,0.37140
CVE-2016-1279,0.00718,0.78584
CVE-2016-1280,0.00272,0.64640
CVE-2016-1281,0.00082,0.33980
CVE-2016-1283,0.01611,0.86140
CVE-2016-1284,0.00759,0.79219
CVE-2016-1285,0.10511,0.94512
CVE-2016-1286,0.62316,0.97560
CVE-2016-1287,0.96880,0.99650
CVE-2016-1288,0.00171,0.54205
CVE-2016-1289,0.01112,0.83040
CVE-2016-1290,0.00120,0.46069
CVE-2016-1291,0.16276,0.95519
CVE-2016-1293,0.00098,0.40456
CVE-2016-1294,0.00098,0.40456
CVE-2016-1295,0.00106,0.42969
CVE-2016-1296,0.00114,0.44964
CVE-2016-1297,0.00374,0.69983
CVE-2016-1298,0.00098,0.40456
CVE-2016-1299,0.00100,0.40919
CVE-2016-1300,0.00132,0.48248
CVE-2016-1301,0.00254,0.63435
CVE-2016-1302,0.00144,0.50257
CVE-2016-1303,0.00106,0.42909
CVE-2016-1304,0.00125,0.47020
CVE-2016-1305,0.00125,0.47020
CVE-2016-1306,0.00114,0.44982
CVE-2016-1307,0.00118,0.45739
CVE-2016-1308,0.00064,0.26394
CVE-2016-1309,0.00125,0.47020
CVE-2016-1310,0.00123,0.46674
CVE-2016-1311,0.00125,0.47020
CVE-2016-1312,0.00520,0.74392
CVE-2016-1313,0.00370,0.69837
CVE-2016-1314,0.00123,0.46674
CVE-2016-1315,0.00114,0.44964
CVE-2016-1316,0.00149,0.50936
CVE-2016-1317,0.00081,0.33807
CVE-2016-1318,0.00125,0.47020
CVE-2016-1319,0.00105,0.42562
CVE-2016-1320,0.00042,0.05844
CVE-2016-1321,0.00187,0.56285
CVE-2016-1322,0.00160,0.52644
CVE-2016-1323,0.00072,0.29725
CVE-2016-1324,0.00160,0.52632
CVE-2016-1325,0.00136,0.48891
CVE-2016-1326,0.00278,0.65008
CVE-2016-1327,0.01170,0.83524
CVE-2016-1328,0.00651,0.77289
CVE-2016-1329,0.00457,0.72722
CVE-2016-1330,0.00198,0.57748
CVE-2016-1331,0.00123,0.46674
CVE-2016-1333,0.00108,0.43364
CVE-2016-1334,0.00149,0.50936
CVE-2016-1335,0.00127,0.47232
CVE-2016-1336,0.00651,0.77289
CVE-2016-1337,0.00670,0.77715
CVE-2016-1338,0.00106,0.42883
CVE-2016-1339,0.00042,0.05844
CVE-2016-1340,0.00074,0.30645
CVE-2016-1341,0.00218,0.59836
CVE-2016-1342,0.00156,0.51989
CVE-2016-1343,0.00359,0.69374
CVE-2016-1344,0.00568,0.75510
CVE-2016-1345,0.00291,0.65876
CVE-2016-1346,0.00167,0.53453
CVE-2016-1347,0.00231,0.61334
CVE-2016-1348,0.00211,0.59083
CVE-2016-1349,0.00334,0.68321
CVE-2016-1350,0.00599,0.76172
CVE-2016-1351,0.00250,0.62984
CVE-2016-1352,0.00159,0.52488
CVE-2016-1353,0.00171,0.54205
CVE-2016-1354,0.00131,0.48009
CVE-2016-1355,0.00125,0.47020
CVE-2016-1356,0.00146,0.50568
CVE-2016-1357,0.00147,0.50673
CVE-2016-1358,0.00120,0.46177
CVE-2016-1359,0.00243,0.62339
CVE-2016-1360,0.00042,0.05722
CVE-2016-1361,0.00153,0.51541
CVE-2016-1362,0.00106,0.42909
CVE-2016-1363,0.00915,0.81168
CVE-2016-1364,0.00181,0.55516
CVE-2016-1365,0.00321,0.67637
CVE-2016-1366,0.00079,0.32788
CVE-2016-1367,0.00181,0.55516
CVE-2016-1368,0.00182,0.55560
CVE-2016-1369,0.00181,0.55516
CVE-2016-1370,0.00122,0.46495
CVE-2016-1371,0.00318,0.67493
CVE-2016-1372,0.00318,0.67493
CVE-2016-1373,0.00163,0.52949
CVE-2016-1374,0.00387,0.70507
CVE-2016-1375,0.00131,0.48009
CVE-2016-1376,0.00171,0.54205
CVE-2016-1377,0.00125,0.47020
CVE-2016-1378,0.00149,0.50936
CVE-2016-1379,0.00108,0.43364
CVE-2016-1380,0.00106,0.42909
CVE-2016-1381,0.00181,0.55516
CVE-2016-1382,0.00181,0.55516
CVE-2016-1383,0.00181,0.55516
CVE-2016-1384,0.00279,0.65083
CVE-2016-1385,0.00108,0.43364
CVE-2016-1386,0.00162,0.52882
CVE-2016-1387,0.00389,0.70601
CVE-2016-1388,0.00159,0.52488
CVE-2016-1389,0.00141,0.49793
CVE-2016-1390,0.00042,0.05722
CVE-2016-1391,0.00199,0.57809
CVE-2016-1392,0.00141,0.49793
CVE-2016-1393,0.00076,0.31173
CVE-2016-1394,0.00169,0.53919
CVE-2016-1395,0.00359,0.69390
CVE-2016-1396,0.00125,0.47020
CVE-2016-1397,0.00100,0.40829
CVE-2016-1398,0.00100,0.40829
CVE-2016-1399,0.00676,0.77814
CVE-2016-1400,0.00181,0.55516
CVE-2016-1401,0.00125,0.47020
CVE-2016-1402,0.00253,0.63247
CVE-2016-1403,0.00042,0.05722
CVE-2016-1404,0.00178,0.55100
CVE-2016-1405,0.01625,0.86204
CVE-2016-1406,0.00140,0.49525
CVE-2016-1407,0.00181,0.55516
CVE-2016-1408,0.00228,0.61090
CVE-2016-1409,0.01548,0.85833
CVE-2016-1410,0.00278,0.65056
CVE-2016-1411,0.00118,0.45656
CVE-2016-1413,0.00079,0.32788
CVE-2016-1415,0.01006,0.82092
CVE-2016-1416,0.00402,0.71025
CVE-2016-1417,0.16929,0.95594
CVE-2016-1418,0.00042,0.05722
CVE-2016-1419,0.00178,0.55126
CVE-2016-1420,0.00042,0.05722
CVE-2016-1421,0.01470,0.85424
CVE-2016-1423,0.00202,0.58210
CVE-2016-1424,0.00147,0.50706
CVE-2016-1425,0.00435,0.72082
CVE-2016-1426,0.00563,0.75411
CVE-2016-1427,0.00238,0.62000
CVE-2016-1428,0.00108,0.43364
CVE-2016-1429,0.00214,0.59480
CVE-2016-1430,0.00221,0.60390
CVE-2016-1431,0.00131,0.48009
CVE-2016-1432,0.00108,0.43364
CVE-2016-1433,0.00349,0.68951
CVE-2016-1434,0.00091,0.38652
CVE-2016-1435,0.00042,0.05722
CVE-2016-1436,0.00181,0.55516
CVE-2016-1437,0.00072,0.29668
CVE-2016-1438,0.00144,0.50183
CVE-2016-1439,0.00125,0.47020
CVE-2016-1440,0.00171,0.54205
CVE-2016-1441,0.00215,0.59551
CVE-2016-1442,0.00166,0.53277
CVE-2016-1443,0.00297,0.66273
CVE-2016-1444,0.00124,0.46778
CVE-2016-1445,0.00129,0.47722
CVE-2016-1446,0.00119,0.45841
CVE-2016-1447,0.00183,0.55643
CVE-2016-1448,0.00157,0.52101
CVE-2016-1449,0.00183,0.55643
CVE-2016-1450,0.00323,0.67721
CVE-2016-1451,0.00131,0.48009
CVE-2016-1452,0.00264,0.64152
CVE-2016-1453,0.02041,0.87822
CVE-2016-1454,0.00300,0.66424
CVE-2016-1455,0.00264,0.64152
CVE-2016-1456,0.00042,0.05722
CVE-2016-1457,0.00421,0.71655
CVE-2016-1458,0.00130,0.47882
CVE-2016-1459,0.00218,0.59805
CVE-2016-1460,0.00446,0.72404
CVE-2016-1461,0.00154,0.51644
CVE-2016-1462,0.00183,0.55643
CVE-2016-1463,0.00276,0.64914
CVE-2016-1464,0.04741,0.91892
CVE-2016-1465,0.00446,0.72404
CVE-2016-1466,0.00563,0.75411
CVE-2016-1467,0.00153,0.51541
CVE-2016-1468,0.07921,0.93664
CVE-2016-1469,0.00259,0.63761
CVE-2016-1470,0.00318,0.67479
CVE-2016-1471,0.00237,0.61865
CVE-2016-1472,0.00316,0.67341
CVE-2016-1473,0.00579,0.75769
CVE-2016-1474,0.00250,0.63023
CVE-2016-1476,0.00106,0.42795
CVE-2016-1477,0.00096,0.39977
CVE-2016-1478,0.00563,0.75411
CVE-2016-1479,0.00278,0.65008
CVE-2016-1480,0.00277,0.64947
CVE-2016-1481,0.00563,0.75411
CVE-2016-1482,0.01774,0.86741
CVE-2016-1483,0.00563,0.75411
CVE-2016-1484,0.00242,0.62227
CVE-2016-1485,0.00183,0.55643
CVE-2016-1486,0.00563,0.75411
CVE-2016-1487,0.00411,0.71291
CVE-2016-1488,0.00148,0.50801
CVE-2016-1489,0.00206,0.58601
CVE-2016-1490,0.00206,0.58602
CVE-2016-1491,0.00778,0.79500
CVE-2016-1492,0.00402,0.71032
CVE-2016-1493,0.00415,0.71449
CVE-2016-1494,0.00428,0.71834
CVE-2016-1495,0.00077,0.32070
CVE-2016-1496,0.00063,0.25632
CVE-2016-1497,0.00101,0.41163
CVE-2016-1498,0.00131,0.48009
CVE-2016-1499,0.00439,0.72214
CVE-2016-1500,0.00081,0.33807
CVE-2016-15002,0.00098,0.40432
CVE-2016-15003,0.00071,0.29448
CVE-2016-15004,0.00219,0.59942
CVE-2016-15005,0.00095,0.39482
CVE-2016-15006,0.00074,0.30651
CVE-2016-15007,0.00132,0.48219
CVE-2016-15008,0.00058,0.22667
CVE-2016-15009,0.00096,0.39846
CVE-2016-1501,0.00081,0.33807
CVE-2016-15010,0.00067,0.27812
CVE-2016-15011,0.00127,0.47343
CVE-2016-15012,0.00127,0.47343
CVE-2016-15013,0.00996,0.82021
CVE-2016-15014,0.00045,0.12069
CVE-2016-15015,0.00074,0.30651
CVE-2016-15016,0.00118,0.45809
CVE-2016-15017,0.00130,0.47840
CVE-2016-15018,0.00113,0.44660
CVE-2016-15019,0.00112,0.44352
CVE-2016-1502,0.00200,0.57933
CVE-2016-15020,0.00118,0.45809
CVE-2016-15021,0.00612,0.76479
CVE-2016-15022,0.00060,0.23267
CVE-2016-15023,0.00060,0.23267
CVE-2016-15024,0.00042,0.05722
CVE-2016-15025,0.00060,0.23296
CVE-2016-15026,0.00100,0.40988
CVE-2016-15027,0.00060,0.23296
CVE-2016-15028,0.00054,0.19372
CVE-2016-15029,0.00052,0.17989
CVE-2016-1503,0.04562,0.91716
CVE-2016-15030,0.00052,0.17638
CVE-2016-15031,0.00058,0.22658
CVE-2016-15032,0.00052,0.17638
CVE-2016-15033,0.00573,0.75619
CVE-2016-15034,0.00058,0.22658
CVE-2016-15035,0.00052,0.17989
CVE-2016-15036,0.00050,0.16759
CVE-2016-15037,0.00052,0.17638
CVE-2016-1504,0.02167,0.88254
CVE-2016-1505,0.00484,0.73483
CVE-2016-1513,0.01051,0.82503
CVE-2016-1516,0.00367,0.69723
CVE-2016-1517,0.00130,0.47803
CVE-2016-1518,0.00184,0.55734
CVE-2016-1519,0.00110,0.43959
CVE-2016-1520,0.00125,0.47021
CVE-2016-1521,0.02018,0.87740
CVE-2016-1522,0.02051,0.87855
CVE-2016-1523,0.02200,0.88340
CVE-2016-1524,0.96442,0.99485
CVE-2016-1525,0.25154,0.96266
CVE-2016-1526,0.02988,0.89918
CVE-2016-1531,0.00057,0.21545
CVE-2016-1541,0.11210,0.94696
CVE-2016-1542,0.41371,0.96973
CVE-2016-1543,0.41371,0.96973
CVE-2016-1544,0.00098,0.40343
CVE-2016-1546,0.04613,0.91764
CVE-2016-1547,0.00525,0.74540
CVE-2016-1548,0.00548,0.75101
CVE-2016-1549,0.00131,0.47945
CVE-2016-1550,0.00436,0.72126
CVE-2016-1551,0.00454,0.72636
CVE-2016-1555,0.97354,0.99884
CVE-2016-1556,0.00212,0.59090
CVE-2016-1557,0.00539,0.74880
CVE-2016-1558,0.00575,0.75680
CVE-2016-1559,0.00316,0.67373
CVE-2016-1560,0.01572,0.85941
CVE-2016-1561,0.01061,0.82617
CVE-2016-1562,0.00088,0.37150
CVE-2016-1563,0.00066,0.27446
CVE-2016-1564,0.01136,0.83245
CVE-2016-1565,0.00125,0.47020
CVE-2016-1566,0.00070,0.28798
CVE-2016-1567,0.01458,0.85385
CVE-2016-1568,0.00074,0.30738
CVE-2016-1569,0.01415,0.85139
CVE-2016-1570,0.00163,0.52962
CVE-2016-1571,0.00211,0.59034
CVE-2016-1572,0.00136,0.48889
CVE-2016-1573,0.00044,0.10161
CVE-2016-1575,0.00044,0.10527
CVE-2016-1576,0.00044,0.10527
CVE-2016-1577,0.03366,0.90490
CVE-2016-1578,0.00991,0.81984
CVE-2016-1579,0.00207,0.58677
CVE-2016-1580,0.00479,0.73323
CVE-2016-1581,0.00042,0.05722
CVE-2016-1582,0.00042,0.05722
CVE-2016-1583,0.00051,0.16935
CVE-2016-1584,0.00092,0.38838
CVE-2016-1585,0.00205,0.58474
CVE-2016-1586,0.00084,0.34791
CVE-2016-1587,0.00103,0.41969
CVE-2016-1592,0.00125,0.46917
CVE-2016-1593,0.88125,0.98445
CVE-2016-1594,0.02326,0.88667
CVE-2016-1595,0.00420,0.71591
CVE-2016-1596,0.01217,0.83883
CVE-2016-1597,0.00097,0.40125
CVE-2016-1598,0.00064,0.26346
CVE-2016-1599,0.00183,0.55643
CVE-2016-1600,0.00168,0.53801
CVE-2016-1601,0.00342,0.68637
CVE-2016-1602,0.00042,0.05722
CVE-2016-1603,0.00077,0.31909
CVE-2016-1605,0.13462,0.95112
CVE-2016-1606,0.33205,0.96661
CVE-2016-1607,0.00242,0.62318
CVE-2016-1608,0.01000,0.82044
CVE-2016-1609,0.00343,0.68648
CVE-2016-1610,0.01226,0.83946
CVE-2016-1611,0.00050,0.16885
CVE-2016-1612,0.07206,0.93406
CVE-2016-1613,0.02104,0.88028
CVE-2016-1614,0.00507,0.74079
CVE-2016-1615,0.00687,0.78028
CVE-2016-1616,0.00695,0.78173
CVE-2016-1617,0.00507,0.74079
CVE-2016-1618,0.00452,0.72579
CVE-2016-1619,0.01916,0.87379
CVE-2016-1620,0.00666,0.77605
CVE-2016-1621,0.03197,0.90235
CVE-2016-1622,0.01269,0.84257
CVE-2016-1623,0.00723,0.78669
CVE-2016-1624,0.02262,0.88521
CVE-2016-1625,0.00607,0.76351
CVE-2016-1626,0.01526,0.85729
CVE-2016-1627,0.00869,0.80629
CVE-2016-1628,0.02360,0.88749
CVE-2016-1629,0.01000,0.82044
CVE-2016-1630,0.00739,0.78893
CVE-2016-1631,0.00739,0.78893
CVE-2016-1632,0.01066,0.82658
CVE-2016-1633,0.01642,0.86270
CVE-2016-1634,0.01218,0.83892
CVE-2016-1635,0.01642,0.86270
CVE-2016-1636,0.00905,0.81051
CVE-2016-1637,0.00493,0.73713
CVE-2016-1638,0.00536,0.74821
CVE-2016-1639,0.00983,0.81868
CVE-2016-1640,0.00532,0.74709
CVE-2016-1641,0.01248,0.84109
CVE-2016-1642,0.00595,0.76120
CVE-2016-1643,0.01135,0.83235
CVE-2016-1644,0.01363,0.84869
CVE-2016-1645,0.03448,0.90597
CVE-2016-1646,0.04289,0.91489
CVE-2016-1647,0.01199,0.83738
CVE-2016-1648,0.02102,0.88025
CVE-2016-1649,0.02134,0.88157
CVE-2016-1650,0.00511,0.74196
CVE-2016-1651,0.03434,0.90582
CVE-2016-1652,0.00237,0.61857
CVE-2016-1653,0.02069,0.87913
CVE-2016-1654,0.01780,0.86768
CVE-2016-1655,0.01911,0.87359
CVE-2016-1656,0.00433,0.72000
CVE-2016-1657,0.00339,0.68504
CVE-2016-1658,0.00516,0.74312
CVE-2016-1659,0.00571,0.75561
CVE-2016-1660,0.00906,0.81064
CVE-2016-1661,0.00420,0.71598
CVE-2016-1662,0.02121,0.88075
CVE-2016-1663,0.00800,0.79830
CVE-2016-1664,0.00389,0.70594
CVE-2016-1665,0.00479,0.73325
CVE-2016-1666,0.00611,0.76453
CVE-2016-1667,0.01061,0.82617
CVE-2016-1668,0.00903,0.81035
CVE-2016-1669,0.03469,0.90623
CVE-2016-1670,0.00445,0.72349
CVE-2016-1671,0.00326,0.67840
CVE-2016-1672,0.01482,0.85473
CVE-2016-1673,0.01291,0.84418
CVE-2016-1674,0.01291,0.84418
CVE-2016-1675,0.01596,0.86058
CVE-2016-1676,0.01482,0.85473
CVE-2016-1677,0.00644,0.77123
CVE-2016-1678,0.01897,0.87298
CVE-2016-1679,0.02273,0.88551
CVE-2016-1680,0.02273,0.88551
CVE-2016-1681,0.01743,0.86645
CVE-2016-1682,0.00353,0.69123
CVE-2016-1683,0.04803,0.91966
CVE-2016-1684,0.04294,0.91497
CVE-2016-1685,0.02294,0.88604
CVE-2016-1686,0.02294,0.88604
CVE-2016-1687,0.00644,0.77123
CVE-2016-1688,0.02517,0.89098
CVE-2016-1689,0.01016,0.82182
CVE-2016-1690,0.00893,0.80915
CVE-2016-1691,0.01824,0.86960
CVE-2016-1692,0.00386,0.70446
CVE-2016-1693,0.00221,0.60323
CVE-2016-1694,0.00423,0.71719
CVE-2016-1695,0.00721,0.78631
CVE-2016-1696,0.01557,0.85875
CVE-2016-1697,0.01016,0.82176
CVE-2016-1698,0.00397,0.70892
CVE-2016-1699,0.01414,0.85132
CVE-2016-1700,0.02380,0.88804
CVE-2016-1701,0.01030,0.82286
CVE-2016-1702,0.02294,0.88604
CVE-2016-1703,0.00721,0.78631
CVE-2016-1704,0.00534,0.74770
CVE-2016-1705,0.00624,0.76749
CVE-2016-1706,0.00822,0.80077
CVE-2016-1707,0.00503,0.73991
CVE-2016-1708,0.00871,0.80650
CVE-2016-1709,0.02159,0.88236
CVE-2016-1710,0.00867,0.80606
CVE-2016-1711,0.00867,0.80606
CVE-2016-1712,0.00042,0.05722
CVE-2016-1713,0.00670,0.77701
CVE-2016-1714,0.00426,0.71796
CVE-2016-1715,0.00086,0.35805
CVE-2016-1716,0.00042,0.05722
CVE-2016-1717,0.00042,0.05722
CVE-2016-1718,0.00045,0.12491
CVE-2016-1719,0.00042,0.00438
CVE-2016-1720,0.00044,0.10535
CVE-2016-1721,0.00044,0.10535
CVE-2016-1722,0.00042,0.05722
CVE-2016-1723,0.00757,0.79182
CVE-2016-1724,0.00537,0.74850
CVE-2016-1725,0.00757,0.79182
CVE-2016-1726,0.00693,0.78139
CVE-2016-1727,0.00537,0.74850
CVE-2016-1728,0.00502,0.73957
CVE-2016-1729,0.00176,0.54826
CVE-2016-1730,0.00268,0.64414
CVE-2016-1731,0.00057,0.21259
CVE-2016-1732,0.00042,0.05722
CVE-2016-1733,0.00167,0.53464
CVE-2016-1734,0.00202,0.58212
CVE-2016-1735,0.00167,0.53464
CVE-2016-1736,0.00167,0.53464
CVE-2016-1737,0.00421,0.71641
CVE-2016-1738,0.00052,0.18252
CVE-2016-1740,0.01398,0.85058
CVE-2016-1741,0.00689,0.78071
CVE-2016-1742,0.00042,0.05722
CVE-2016-1743,0.00203,0.58295
CVE-2016-1744,0.00203,0.58295
CVE-2016-1745,0.00042,0.05722
CVE-2016-1746,0.00202,0.58166
CVE-2016-1747,0.00202,0.58166
CVE-2016-1748,0.00136,0.48894
CVE-2016-1749,0.00235,0.61608
CVE-2016-1750,0.00200,0.57970
CVE-2016-1751,0.00215,0.59603
CVE-2016-1752,0.00190,0.56660
CVE-2016-1753,0.00216,0.59629
CVE-2016-1754,0.00220,0.60182
CVE-2016-1755,0.00245,0.62564
CVE-2016-1756,0.00220,0.60012
CVE-2016-1757,0.00345,0.68776
CVE-2016-1758,0.00132,0.48293
CVE-2016-1759,0.00167,0.53464
CVE-2016-1760,0.00094,0.39284
CVE-2016-1761,0.04947,0.92066
CVE-2016-1762,0.00784,0.79582
CVE-2016-1763,0.00109,0.43525
CVE-2016-1764,0.00501,0.73937
CVE-2016-1765,0.00042,0.05722
CVE-2016-1766,0.00610,0.76429
CVE-2016-1767,0.19700,0.95893
CVE-2016-1768,0.19700,0.95893
CVE-2016-1769,0.19700,0.95893
CVE-2016-1770,0.00139,0.49499
CVE-2016-1771,0.00685,0.78010
CVE-2016-1772,0.00158,0.52352
CVE-2016-1773,0.00042,0.05722
CVE-2016-1774,0.00340,0.68553
CVE-2016-1775,0.01219,0.83901
CVE-2016-1776,0.00340,0.68553
CVE-2016-1777,0.00247,0.62719
CVE-2016-1778,0.01472,0.85435
CVE-2016-1779,0.00361,0.69449
CVE-2016-1780,0.00268,0.64414
CVE-2016-1781,0.00300,0.66422
CVE-2016-1782,0.00444,0.72344
CVE-2016-1783,0.00510,0.74174
CVE-2016-1784,0.00950,0.81534
CVE-2016-1785,0.00347,0.68833
CVE-2016-1786,0.00370,0.69851
CVE-2016-1787,0.00340,0.68553
CVE-2016-1788,0.00449,0.72475
CVE-2016-1789,0.00232,0.61389
CVE-2016-1790,0.00088,0.37039
CVE-2016-1791,0.00099,0.40571
CVE-2016-1792,0.00187,0.56272
CVE-2016-1793,0.00506,0.74067
CVE-2016-1794,0.00506,0.74067
CVE-2016-1795,0.00187,0.56272
CVE-2016-1796,0.00155,0.51810
CVE-2016-1797,0.00237,0.61862
CVE-2016-1798,0.00125,0.46993
CVE-2016-1799,0.00187,0.56272
CVE-2016-1800,0.00912,0.81123
CVE-2016-1801,0.00442,0.72297
CVE-2016-1802,0.00181,0.55384
CVE-2016-1803,0.00454,0.72634
CVE-2016-1804,0.00237,0.61862
CVE-2016-1805,0.00187,0.56272
CVE-2016-1806,0.00237,0.61862
CVE-2016-1807,0.00093,0.39098
CVE-2016-1808,0.00237,0.61889
CVE-2016-1809,0.00147,0.50710
CVE-2016-1810,0.00187,0.56272
CVE-2016-1811,0.03533,0.90693
CVE-2016-1812,0.00239,0.62009
CVE-2016-1813,0.00418,0.71550
CVE-2016-1814,0.00202,0.58257
CVE-2016-1815,0.00237,0.61862
CVE-2016-1816,0.00187,0.56272
CVE-2016-1817,0.00237,0.61889
CVE-2016-1818,0.00237,0.61889
CVE-2016-1819,0.00418,0.71550
CVE-2016-1820,0.00303,0.66565
CVE-2016-1821,0.00396,0.70839
CVE-2016-1822,0.00182,0.55525
CVE-2016-1823,0.00349,0.68962
CVE-2016-1824,0.00220,0.60182
CVE-2016-1825,0.00189,0.56523
CVE-2016-1826,0.00237,0.61869
CVE-2016-1827,0.00244,0.62532
CVE-2016-1828,0.00244,0.62532
CVE-2016-1829,0.00220,0.60182
CVE-2016-1830,0.00220,0.60182
CVE-2016-1831,0.00253,0.63256
CVE-2016-1832,0.00042,0.05722
CVE-2016-1833,0.00498,0.73834
CVE-2016-1834,0.00372,0.69907
CVE-2016-1835,0.03577,0.90745
CVE-2016-1836,0.01153,0.83370
CVE-2016-1837,0.00471,0.73081
CVE-2016-1838,0.00237,0.61852
CVE-2016-1839,0.00237,0.61852
CVE-2016-1840,0.00372,0.69907
CVE-2016-1841,0.00561,0.75341
CVE-2016-1842,0.00469,0.73035
CVE-2016-1843,0.00233,0.61469
CVE-2016-1844,0.00267,0.64322
CVE-2016-1846,0.00281,0.65228
CVE-2016-1847,0.00561,0.75341
CVE-2016-1848,0.09765,0.94293
CVE-2016-1849,0.00042,0.05722
CVE-2016-1850,0.00985,0.81901
CVE-2016-1851,0.00115,0.45220
CVE-2016-1852,0.00090,0.37988
CVE-2016-1853,0.00233,0.61469
CVE-2016-1854,0.00502,0.73956
CVE-2016-1855,0.00561,0.75341
CVE-2016-1856,0.00502,0.73956
CVE-2016-1857,0.00502,0.73956
CVE-2016-1858,0.00317,0.67435
CVE-2016-1859,0.00502,0.73956
CVE-2016-1860,0.00060,0.23715
CVE-2016-1861,0.00203,0.58295
CVE-2016-1862,0.00060,0.23715
CVE-2016-1863,0.00043,0.07520
CVE-2016-1864,0.00187,0.56074
CVE-2016-1865,0.00042,0.05722
CVE-2016-1866,0.00159,0.52372
CVE-2016-1867,0.01108,0.83001
CVE-2016-1876,0.00042,0.05722
CVE-2016-1879,0.22401,0.96088
CVE-2016-1880,0.00042,0.05722
CVE-2016-1881,0.00042,0.05722
CVE-2016-1882,0.00352,0.69050
CVE-2016-1883,0.00042,0.05722
CVE-2016-1885,0.00464,0.72880
CVE-2016-1886,0.00060,0.23647
CVE-2016-1887,0.00070,0.28945
CVE-2016-1888,0.00126,0.47208
CVE-2016-1889,0.00042,0.05722
CVE-2016-1894,0.00384,0.70377
CVE-2016-1895,0.00140,0.49521
CVE-2016-1896,0.00504,0.74007
CVE-2016-1897,0.00533,0.74739
CVE-2016-1898,0.00431,0.71912
CVE-2016-1899,0.00359,0.69359
CVE-2016-1900,0.00359,0.69359
CVE-2016-1901,0.02878,0.89768
CVE-2016-1902,0.00169,0.53841
CVE-2016-1903,0.08851,0.93998
CVE-2016-1904,0.00962,0.81662
CVE-2016-1905,0.00089,0.37261
CVE-2016-1906,0.00741,0.78921
CVE-2016-1907,0.02115,0.88053
CVE-2016-1908,0.00365,0.69653
CVE-2016-1909,0.68188,0.97694
CVE-2016-1910,0.00208,0.58802
CVE-2016-1911,0.00241,0.62217
CVE-2016-1912,0.00894,0.80923
CVE-2016-1913,0.00065,0.27007
CVE-2016-1914,0.00602,0.76246
CVE-2016-1915,0.00209,0.58921
CVE-2016-1916,0.00065,0.27007
CVE-2016-1917,0.00125,0.47020
CVE-2016-1918,0.00125,0.47020
CVE-2016-1919,0.00042,0.05722
CVE-2016-1920,0.00045,0.12071
CVE-2016-1922,0.00062,0.24773
CVE-2016-1923,0.00641,0.77079
CVE-2016-1924,0.01108,0.83001
CVE-2016-1925,0.00707,0.78368
CVE-2016-1926,0.00281,0.65210
CVE-2016-1927,0.00621,0.76668
CVE-2016-1928,0.01611,0.86139
CVE-2016-1929,0.00526,0.74561
CVE-2016-1930,0.00729,0.78767
CVE-2016-1931,0.03797,0.91012
CVE-2016-1933,0.02987,0.89918
CVE-2016-1935,0.00612,0.76485
CVE-2016-1937,0.00289,0.65809
CVE-2016-1938,0.00331,0.68173
CVE-2016-1939,0.00499,0.73853
CVE-2016-1940,0.00252,0.63212
CVE-2016-1941,0.00248,0.62826
CVE-2016-1942,0.00443,0.72320
CVE-2016-1943,0.00406,0.71165
CVE-2016-1944,0.03143,0.90152
CVE-2016-1945,0.02454,0.88972
CVE-2016-1946,0.03863,0.91078
CVE-2016-1947,0.00474,0.73167
CVE-2016-1948,0.00069,0.28455
CVE-2016-1949,0.00821,0.80070
CVE-2016-1950,0.00983,0.81884
CVE-2016-1951,0.02548,0.89149
CVE-2016-1952,0.01114,0.83051
CVE-2016-1953,0.01756,0.86691
CVE-2016-1954,0.01928,0.87422
CVE-2016-1955,0.00297,0.66279
CVE-2016-1956,0.01298,0.84462
CVE-2016-1957,0.00995,0.82016
CVE-2016-1958,0.00318,0.67449
CVE-2016-1959,0.03542,0.90704
CVE-2016-1960,0.96236,0.99418
CVE-2016-1961,0.01968,0.87548
CVE-2016-1962,0.01000,0.82044
CVE-2016-1963,0.00136,0.48994
CVE-2016-1964,0.01782,0.86780
CVE-2016-1965,0.00436,0.72120
CVE-2016-1966,0.01004,0.82078
CVE-2016-1967,0.00352,0.69063
CVE-2016-1968,0.04352,0.91544
CVE-2016-1969,0.00624,0.76759
CVE-2016-1970,0.01640,0.86255
CVE-2016-1971,0.01640,0.86255
CVE-2016-1972,0.02723,0.89510
CVE-2016-1973,0.01305,0.84508
CVE-2016-1974,0.01403,0.85089
CVE-2016-1975,0.01552,0.85855
CVE-2016-1976,0.00422,0.71677
CVE-2016-1977,0.02003,0.87689
CVE-2016-1978,0.07706,0.93559
CVE-2016-1979,0.04206,0.91412
CVE-2016-1981,0.00062,0.24773
CVE-2016-1982,0.02557,0.89163
CVE-2016-1983,0.03052,0.90024
CVE-2016-1984,0.04209,0.91412
CVE-2016-1985,0.00653,0.77322
CVE-2016-1986,0.00213,0.59340
CVE-2016-1987,0.00462,0.72838
CVE-2016-1988,0.01525,0.85724
CVE-2016-1989,0.01525,0.85724
CVE-2016-1990,0.00042,0.05722
CVE-2016-1991,0.00181,0.55404
CVE-2016-1992,0.00109,0.43620
CVE-2016-1993,0.00130,0.47806
CVE-2016-1994,0.00109,0.43620
CVE-2016-1995,0.01960,0.87527
CVE-2016-1996,0.00066,0.27284
CVE-2016-1997,0.00324,0.67744
CVE-2016-1998,0.00324,0.67744
CVE-2016-1999,0.00403,0.71061
CVE-2016-2000,0.00324,0.67744
CVE-2016-20001,0.00308,0.66926
CVE-2016-20002,0.00308,0.66926
CVE-2016-20003,0.00168,0.53801
CVE-2016-20004,0.00308,0.66926
CVE-2016-20005,0.00308,0.66926
CVE-2016-20006,0.00103,0.41969
CVE-2016-20007,0.00168,0.53801
CVE-2016-20008,0.00168,0.53801
CVE-2016-20009,0.00228,0.61063
CVE-2016-2001,0.00139,0.49390
CVE-2016-20010,0.01499,0.85566
CVE-2016-20011,0.00274,0.64805
CVE-2016-20012,0.00477,0.73243
CVE-2016-20013,0.00119,0.45885
CVE-2016-20014,0.00201,0.58090
CVE-2016-20015,0.00072,0.29461
CVE-2016-20016,0.03261,0.90340
CVE-2016-20017,0.00934,0.81375
CVE-2016-20018,0.00133,0.48416
CVE-2016-2002,0.92748,0.98847
CVE-2016-20021,0.00063,0.25553
CVE-2016-2003,0.00324,0.67744
CVE-2016-2004,0.09306,0.94158
CVE-2016-2005,0.43291,0.97029
CVE-2016-2006,0.43291,0.97029
CVE-2016-2007,0.43291,0.97029
CVE-2016-2008,0.01901,0.87318
CVE-2016-2009,0.00156,0.52060
CVE-2016-2010,0.00051,0.16924
CVE-2016-2011,0.00051,0.16924
CVE-2016-2012,0.00227,0.60973
CVE-2016-2013,0.00109,0.43620
CVE-2016-2014,0.00252,0.63197
CVE-2016-2015,0.00042,0.05722
CVE-2016-2016,0.00042,0.05722
CVE-2016-2017,0.00104,0.42328
CVE-2016-2018,0.00208,0.58782
CVE-2016-2019,0.00104,0.42328
CVE-2016-2020,0.00104,0.42328
CVE-2016-2021,0.00104,0.42328
CVE-2016-2022,0.00104,0.42328
CVE-2016-2023,0.00042,0.05722
CVE-2016-2024,0.00354,0.69173
CVE-2016-2025,0.00226,0.60920
CVE-2016-2026,0.00244,0.62436
CVE-2016-2027,0.00244,0.62436
CVE-2016-2028,0.00124,0.46785
CVE-2016-2029,0.00271,0.64594
CVE-2016-2030,0.00104,0.42328
CVE-2016-2031,0.00970,0.81747
CVE-2016-2032,0.05251,0.92300
CVE-2016-2034,0.00138,0.49278
CVE-2016-2036,0.00042,0.05722
CVE-2016-2037,0.04302,0.91502
CVE-2016-2038,0.00619,0.76641
CVE-2016-2039,0.00367,0.69741
CVE-2016-2040,0.00117,0.45482
CVE-2016-2041,0.00363,0.69544
CVE-2016-2042,0.00535,0.74785
CVE-2016-2043,0.00109,0.43527
CVE-2016-2044,0.00273,0.64731
CVE-2016-2045,0.00117,0.45615
CVE-2016-2046,0.00339,0.68480
CVE-2016-2047,0.00327,0.67932
CVE-2016-2048,0.00137,0.49038
CVE-2016-2049,0.00636,0.76956
CVE-2016-2050,0.00115,0.45196
CVE-2016-2051,0.00267,0.64375
CVE-2016-2052,0.00843,0.80352
CVE-2016-2053,0.00054,0.19362
CVE-2016-2054,0.06836,0.93244
CVE-2016-2055,0.91083,0.98660
CVE-2016-2056,0.82868,0.98187
CVE-2016-2057,0.00042,0.05722
CVE-2016-2058,0.00081,0.33881
CVE-2016-2059,0.00062,0.24773
CVE-2016-2060,0.00054,0.19657
CVE-2016-2061,0.00132,0.48230
CVE-2016-2062,0.00059,0.22933
CVE-2016-2063,0.00052,0.18252
CVE-2016-2064,0.00125,0.46942
CVE-2016-2065,0.00125,0.46942
CVE-2016-2066,0.00142,0.49872
CVE-2016-2067,0.00100,0.40878
CVE-2016-2068,0.00129,0.47662
CVE-2016-2069,0.00204,0.58373
CVE-2016-2070,0.01190,0.83666
CVE-2016-2071,0.00479,0.73323
CVE-2016-2072,0.00135,0.48670
CVE-2016-2073,0.00778,0.79495
CVE-2016-2074,0.25032,0.96255
CVE-2016-2075,0.00065,0.27007
CVE-2016-2076,0.00378,0.70130
CVE-2016-2077,0.00187,0.56216
CVE-2016-2078,0.00303,0.66587
CVE-2016-2079,0.00229,0.61203
CVE-2016-2081,0.00125,0.47020
CVE-2016-2082,0.00091,0.38526
CVE-2016-2084,0.00155,0.51847
CVE-2016-2085,0.00044,0.08000
CVE-2016-2086,0.00524,0.74506
CVE-2016-2087,0.05078,0.92183
CVE-2016-2088,0.83420,0.98205
CVE-2016-2089,0.02039,0.87809
CVE-2016-2090,0.01181,0.83613
CVE-2016-2091,0.00065,0.27051
CVE-2016-2094,0.02273,0.88550
CVE-2016-2097,0.01099,0.82940
CVE-2016-2098,0.94666,0.99098
CVE-2016-2099,0.00372,0.69900
CVE-2016-2100,0.00152,0.51444
CVE-2016-2102,0.00068,0.27994
CVE-2016-2103,0.00125,0.47020
CVE-2016-2104,0.00146,0.50534
CVE-2016-2105,0.10489,0.94503
CVE-2016-2106,0.32796,0.96644
CVE-2016-2107,0.97321,0.99867
CVE-2016-2108,0.89844,0.98566
CVE-2016-2109,0.83728,0.98216
CVE-2016-2110,0.00177,0.54930
CVE-2016-2111,0.00512,0.74204
CVE-2016-2112,0.00263,0.64017
CVE-2016-2113,0.00164,0.53101
CVE-2016-2114,0.00264,0.64172
CVE-2016-2115,0.00259,0.63699
CVE-2016-2116,0.00759,0.79215
CVE-2016-2117,0.00331,0.68167
CVE-2016-2118,0.02923,0.89826
CVE-2016-2119,0.00463,0.72856
CVE-2016-2120,0.00053,0.18257
CVE-2016-2121,0.00051,0.17134
CVE-2016-2123,0.95992,0.99361
CVE-2016-2124,0.00136,0.49015
CVE-2016-2125,0.00651,0.77275
CVE-2016-2126,0.00444,0.72344
CVE-2016-2138,0.00051,0.17233
CVE-2016-2139,0.00051,0.17233
CVE-2016-2140,0.00142,0.49886
CVE-2016-2141,0.00651,0.77278
CVE-2016-2142,0.00042,0.05722
CVE-2016-2143,0.00317,0.67416
CVE-2016-2145,0.00799,0.79819
CVE-2016-2146,0.00708,0.78378
CVE-2016-2147,0.06772,0.93214
CVE-2016-2148,0.01921,0.87395
CVE-2016-2149,0.00119,0.45855
CVE-2016-2150,0.00060,0.23266
CVE-2016-2151,0.00152,0.51444
CVE-2016-2152,0.00209,0.58913
CVE-2016-2153,0.00209,0.58913
CVE-2016-2154,0.00152,0.51444
CVE-2016-2155,0.00152,0.51444
CVE-2016-2156,0.00152,0.51444
CVE-2016-2157,0.00160,0.52542
CVE-2016-2158,0.00176,0.54778
CVE-2016-2159,0.00153,0.51617
CVE-2016-2160,0.00211,0.59071
CVE-2016-2161,0.02958,0.89878
CVE-2016-2162,0.18207,0.95737
CVE-2016-2163,0.14604,0.95280
CVE-2016-2164,0.00268,0.64427
CVE-2016-2165,0.00076,0.31329
CVE-2016-2166,0.00075,0.30854
CVE-2016-2167,0.00134,0.48506
CVE-2016-2168,0.08436,0.93843
CVE-2016-2169,0.00075,0.30915
CVE-2016-2170,0.01722,0.86563
CVE-2016-2171,0.53132,0.97328
CVE-2016-2173,0.02032,0.87789
CVE-2016-2174,0.00128,0.47412
CVE-2016-2175,0.00091,0.38450
CVE-2016-2176,0.40072,0.96930
CVE-2016-2177,0.14092,0.95205
CVE-2016-2178,0.00135,0.48784
CVE-2016-2179,0.32327,0.96628
CVE-2016-2180,0.16967,0.95597
CVE-2016-2181,0.49228,0.97226
CVE-2016-2182,0.42018,0.96989
CVE-2016-2183,0.00547,0.75095
CVE-2016-2184,0.00352,0.69070
CVE-2016-2185,0.00273,0.64729
CVE-2016-2186,0.00261,0.63910
CVE-2016-2187,0.00309,0.66942
CVE-2016-2188,0.00345,0.68745
CVE-2016-2190,0.00314,0.67224
CVE-2016-2191,0.02221,0.88402
CVE-2016-2192,0.00099,0.40779
CVE-2016-2193,0.00237,0.61845
CVE-2016-2194,0.01269,0.84253
CVE-2016-2195,0.02405,0.88860
CVE-2016-2196,0.02032,0.87786
CVE-2016-2197,0.00062,0.24773
CVE-2016-2198,0.00062,0.24773
CVE-2016-2199,0.00108,0.43425
CVE-2016-2200,0.00780,0.79530
CVE-2016-2201,0.00526,0.74550
CVE-2016-2202,0.00043,0.07360
CVE-2016-2203,0.00099,0.40661
CVE-2016-2204,0.00043,0.07360
CVE-2016-2205,0.00153,0.51580
CVE-2016-2206,0.00152,0.51408
CVE-2016-2207,0.68313,0.97697
CVE-2016-2208,0.92356,0.98793
CVE-2016-2209,0.02420,0.88892
CVE-2016-2210,0.02420,0.88892
CVE-2016-2211,0.29116,0.96483
CVE-2016-2212,0.00684,0.77982
CVE-2016-2213,0.00316,0.67389
CVE-2016-2214,0.00131,0.48009
CVE-2016-2216,0.00672,0.77746
CVE-2016-2217,0.00265,0.64242
CVE-2016-2219,0.00065,0.27007
CVE-2016-2221,0.00650,0.77263
CVE-2016-2222,0.01323,0.84609
CVE-2016-2224,0.00397,0.70893
CVE-2016-2225,0.00397,0.70893
CVE-2016-2226,0.02554,0.89160
CVE-2016-2228,0.00534,0.74774
CVE-2016-2230,0.00536,0.74820
CVE-2016-2231,0.00849,0.80417
CVE-2016-2232,0.00551,0.75178
CVE-2016-2233,0.01816,0.86924
CVE-2016-2242,0.03457,0.90606
CVE-2016-2243,0.00042,0.05722
CVE-2016-2244,0.00187,0.56261
CVE-2016-2245,0.00956,0.81613
CVE-2016-2246,0.00042,0.05722
CVE-2016-2268,0.00093,0.39116
CVE-2016-2270,0.00478,0.73305
CVE-2016-2271,0.00062,0.24773
CVE-2016-2272,0.00221,0.60388
CVE-2016-2274,0.00084,0.34871
CVE-2016-2275,0.00353,0.69119
CVE-2016-2277,0.00123,0.46685
CVE-2016-2278,0.02260,0.88515
CVE-2016-2279,0.00158,0.52357
CVE-2016-2280,0.00329,0.68055
CVE-2016-2281,0.00045,0.12316
CVE-2016-2282,0.00188,0.56355
CVE-2016-2283,0.00188,0.56355
CVE-2016-2285,0.00090,0.38047
CVE-2016-2286,0.00264,0.64145
CVE-2016-2287,0.00469,0.73034
CVE-2016-2288,0.00049,0.15150
CVE-2016-2289,0.00339,0.68487
CVE-2016-2290,0.02956,0.89874
CVE-2016-2291,0.00873,0.80663
CVE-2016-2292,0.01551,0.85845
CVE-2016-2293,0.00585,0.75895
CVE-2016-2294,0.00446,0.72399
CVE-2016-2295,0.00269,0.64464
CVE-2016-2296,0.66844,0.97657
CVE-2016-2297,0.00296,0.66207
CVE-2016-2298,0.00536,0.74820
CVE-2016-2299,0.01662,0.86331
CVE-2016-2300,0.00181,0.55403
CVE-2016-2301,0.00113,0.44649
CVE-2016-2302,0.00187,0.56233
CVE-2016-2303,0.00184,0.55739
CVE-2016-2304,0.00163,0.52993
CVE-2016-2305,0.00590,0.76017
CVE-2016-2306,0.00352,0.69047
CVE-2016-2307,0.00314,0.67232
CVE-2016-2308,0.00645,0.77145
CVE-2016-2309,0.00226,0.60898
CVE-2016-2310,0.00423,0.71711
CVE-2016-2311,0.00147,0.50698
CVE-2016-2312,0.00179,0.55186
CVE-2016-2313,0.00367,0.69733
CVE-2016-2314,0.00156,0.52007
CVE-2016-2315,0.13834,0.95164
CVE-2016-2316,0.02049,0.87847
CVE-2016-2317,0.01118,0.83079
CVE-2016-2318,0.00764,0.79276
CVE-2016-2324,0.11514,0.94761
CVE-2016-2326,0.02537,0.89134
CVE-2016-2327,0.00536,0.74816
CVE-2016-2328,0.00536,0.74816
CVE-2016-2329,0.00602,0.76259
CVE-2016-2330,0.00693,0.78139
CVE-2016-2331,0.00423,0.71711
CVE-2016-2332,0.00304,0.66606
CVE-2016-2333,0.00086,0.35601
CVE-2016-2334,0.00837,0.80274
CVE-2016-2335,0.01299,0.84468
CVE-2016-2336,0.01080,0.82777
CVE-2016-2337,0.09174,0.94107
CVE-2016-2338,0.00861,0.80551
CVE-2016-2339,0.01050,0.82494
CVE-2016-2340,0.00117,0.45625
CVE-2016-2342,0.01442,0.85287
CVE-2016-2343,0.00536,0.74820
CVE-2016-2344,0.00707,0.78372
CVE-2016-2345,0.19688,0.95890
CVE-2016-2346,0.00195,0.57472
CVE-2016-2347,0.00433,0.72002
CVE-2016-2349,0.00176,0.54843
CVE-2016-2350,0.00269,0.64465
CVE-2016-2351,0.00137,0.49076
CVE-2016-2352,0.00160,0.52676
CVE-2016-2353,0.00042,0.00438
CVE-2016-2354,0.00267,0.64357
CVE-2016-2355,0.00135,0.48816
CVE-2016-2356,0.00516,0.74301
CVE-2016-2357,0.01275,0.84291
CVE-2016-2358,0.01275,0.84291
CVE-2016-2359,0.01830,0.86990
CVE-2016-2360,0.01275,0.84291
CVE-2016-2362,0.00423,0.71711
CVE-2016-2363,0.00042,0.00438
CVE-2016-2364,0.00348,0.68917
CVE-2016-2365,0.00723,0.78655
CVE-2016-2366,0.00715,0.78513
CVE-2016-2367,0.00311,0.67034
CVE-2016-2368,0.00504,0.74026
CVE-2016-2369,0.00723,0.78655
CVE-2016-2370,0.00311,0.67034
CVE-2016-2371,0.00433,0.71997
CVE-2016-2372,0.00289,0.65740
CVE-2016-2373,0.00715,0.78513
CVE-2016-2374,0.00454,0.72648
CVE-2016-2375,0.00358,0.69333
CVE-2016-2376,0.00716,0.78539
CVE-2016-2377,0.01060,0.82581
CVE-2016-2378,0.00528,0.74610
CVE-2016-2379,0.00145,0.50372
CVE-2016-2380,0.00339,0.68480
CVE-2016-2381,0.00425,0.71748
CVE-2016-2383,0.00042,0.05722
CVE-2016-2384,0.00729,0.78750
CVE-2016-2385,0.25329,0.96272
CVE-2016-2386,0.34450,0.96718
CVE-2016-2387,0.00209,0.58913
CVE-2016-2388,0.01417,0.85155
CVE-2016-2389,0.24589,0.96231
CVE-2016-2390,0.65576,0.97630
CVE-2016-2391,0.00062,0.24773
CVE-2016-2392,0.00062,0.24773
CVE-2016-2393,0.00042,0.05722
CVE-2016-2396,0.02095,0.88005
CVE-2016-2397,0.07783,0.93594
CVE-2016-2398,0.00120,0.46126
CVE-2016-2399,0.00791,0.79722
CVE-2016-2402,0.00080,0.33308
CVE-2016-2403,0.00582,0.75842
CVE-2016-2404,0.00097,0.40125
CVE-2016-2405,0.00229,0.61172
CVE-2016-2406,0.00081,0.33807
CVE-2016-2408,0.00042,0.05722
CVE-2016-2409,0.00121,0.46370
CVE-2016-2410,0.00059,0.23162
CVE-2016-2411,0.00044,0.10161
CVE-2016-2412,0.00054,0.19657
CVE-2016-2413,0.00054,0.19657
CVE-2016-2414,0.00406,0.71168
CVE-2016-2415,0.00054,0.19406
CVE-2016-2416,0.00174,0.54605
CVE-2016-2417,0.02256,0.88505
CVE-2016-2418,0.00109,0.43851
CVE-2016-2419,0.00102,0.41359
CVE-2016-2420,0.00089,0.37426
CVE-2016-2421,0.00060,0.23391
CVE-2016-2422,0.00054,0.19657
CVE-2016-2423,0.00054,0.19188
CVE-2016-2424,0.00057,0.21447
CVE-2016-2425,0.00077,0.31758
CVE-2016-2426,0.00054,0.19406
CVE-2016-2427,0.00057,0.21305
CVE-2016-2428,0.00148,0.50901
CVE-2016-2429,0.00148,0.50901
CVE-2016-2430,0.00054,0.19657
CVE-2016-2431,0.00061,0.23966
CVE-2016-2432,0.00061,0.23966
CVE-2016-2433,0.00164,0.53033
CVE-2016-2434,0.00054,0.19657
CVE-2016-2435,0.00061,0.23966
CVE-2016-2436,0.00061,0.23966
CVE-2016-2437,0.00061,0.23966
CVE-2016-2439,0.00169,0.53943
CVE-2016-2440,0.00054,0.19657
CVE-2016-2441,0.00063,0.25160
CVE-2016-2442,0.00054,0.19657
CVE-2016-2443,0.00061,0.23966
CVE-2016-2444,0.00061,0.23966
CVE-2016-2445,0.00061,0.23966
CVE-2016-2446,0.00054,0.19657
CVE-2016-2448,0.00054,0.19657
CVE-2016-2449,0.00054,0.19657
CVE-2016-2450,0.00054,0.19657
CVE-2016-2451,0.00054,0.19657
CVE-2016-2452,0.00106,0.42704
CVE-2016-2453,0.00061,0.23966
CVE-2016-2454,0.00153,0.51525
CVE-2016-2456,0.00061,0.23966
CVE-2016-2457,0.00051,0.17433
CVE-2016-2458,0.00077,0.31758
CVE-2016-2459,0.00054,0.19406
CVE-2016-2460,0.00054,0.19406
CVE-2016-2461,0.00089,0.37426
CVE-2016-2462,0.00054,0.19657
CVE-2016-2463,0.00166,0.53307
CVE-2016-2464,0.00711,0.78457
CVE-2016-2465,0.00061,0.23966
CVE-2016-2466,0.00061,0.23966
CVE-2016-2467,0.00061,0.23966
CVE-2016-2468,0.00061,0.23966
CVE-2016-2469,0.00089,0.37426
CVE-2016-2470,0.00061,0.23966
CVE-2016-2471,0.00061,0.23966
CVE-2016-2472,0.00061,0.23966
CVE-2016-2473,0.00130,0.47863
CVE-2016-2474,0.00061,0.23966
CVE-2016-2475,0.00055,0.20337
CVE-2016-2476,0.00143,0.50111
CVE-2016-2477,0.00054,0.19657
CVE-2016-2478,0.00054,0.19657
CVE-2016-2479,0.00054,0.19657
CVE-2016-2480,0.00054,0.19657
CVE-2016-2481,0.00054,0.19657
CVE-2016-2482,0.00054,0.19657
CVE-2016-2483,0.00054,0.19657
CVE-2016-2484,0.00054,0.19657
CVE-2016-2485,0.00054,0.19657
CVE-2016-2486,0.00054,0.19657
CVE-2016-2487,0.00106,0.42704
CVE-2016-2488,0.00061,0.23966
CVE-2016-2489,0.00061,0.23966
CVE-2016-2490,0.00061,0.23966
CVE-2016-2491,0.00054,0.19657
CVE-2016-2492,0.00061,0.23966
CVE-2016-2493,0.00061,0.23966
CVE-2016-2494,0.00221,0.60341
CVE-2016-2495,0.00337,0.68435
CVE-2016-2496,0.00228,0.61074
CVE-2016-2497,0.00140,0.49526
CVE-2016-2498,0.00059,0.23162
CVE-2016-2499,0.00054,0.19406
CVE-2016-2500,0.00054,0.19406
CVE-2016-2501,0.00061,0.23966
CVE-2016-2502,0.00054,0.19657
CVE-2016-2503,0.00061,0.23966
CVE-2016-2504,0.00054,0.19657
CVE-2016-2505,0.00186,0.55933
CVE-2016-2506,0.00148,0.50901
CVE-2016-2507,0.00186,0.55933
CVE-2016-2508,0.00750,0.79057
CVE-2016-2509,0.00169,0.53919
CVE-2016-2510,0.11785,0.94831
CVE-2016-2511,0.00289,0.65742
CVE-2016-2512,0.00320,0.67583
CVE-2016-2513,0.00723,0.78663
CVE-2016-2515,0.02345,0.88717
CVE-2016-2516,0.01787,0.86801
CVE-2016-2517,0.00476,0.73219
CVE-2016-2518,0.00306,0.66743
CVE-2016-2519,0.03519,0.90674
CVE-2016-2521,0.00043,0.07680
CVE-2016-2522,0.00755,0.79131
CVE-2016-2523,0.00392,0.70724
CVE-2016-2524,0.00347,0.68809
CVE-2016-2525,0.00347,0.68809
CVE-2016-2526,0.00347,0.68809
CVE-2016-2527,0.00321,0.67640
CVE-2016-2528,0.00361,0.69491
CVE-2016-2529,0.00306,0.66766
CVE-2016-2530,0.00392,0.70724
CVE-2016-2531,0.00392,0.70724
CVE-2016-2532,0.00392,0.70724
CVE-2016-2533,0.07288,0.93431
CVE-2016-2536,0.07553,0.93520
CVE-2016-2537,0.00260,0.63841
CVE-2016-2538,0.00058,0.21969
CVE-2016-2539,0.00271,0.64583
CVE-2016-2540,0.03665,0.90853
CVE-2016-2541,0.00195,0.57443
CVE-2016-2542,0.00042,0.05722
CVE-2016-2543,0.00156,0.51905
CVE-2016-2544,0.00179,0.55200
CVE-2016-2545,0.00179,0.55200
CVE-2016-2546,0.00179,0.55200
CVE-2016-2547,0.00179,0.55200
CVE-2016-2548,0.00179,0.55200
CVE-2016-2549,0.00164,0.53077
CVE-2016-2550,0.00044,0.08000
CVE-2016-2554,0.08362,0.93819
CVE-2016-2555,0.81979,0.98135
CVE-2016-2556,0.00042,0.05722
CVE-2016-2557,0.00074,0.30645
CVE-2016-2558,0.00074,0.30645
CVE-2016-2559,0.00131,0.47921
CVE-2016-2560,0.00306,0.66774
CVE-2016-2561,0.00141,0.49732
CVE-2016-2562,0.00095,0.39589
CVE-2016-2563,0.01616,0.86162
CVE-2016-2564,0.00179,0.55168
CVE-2016-2565,0.00042,0.05722
CVE-2016-2566,0.00238,0.61975
CVE-2016-2567,0.00042,0.05722
CVE-2016-2568,0.00042,0.05722
CVE-2016-2569,0.94965,0.99143
CVE-2016-2570,0.56911,0.97417
CVE-2016-2571,0.48559,0.97203
CVE-2016-2572,0.60759,0.97511
CVE-2016-2774,0.92174,0.98770
CVE-2016-2775,0.93441,0.98921
CVE-2016-2776,0.97293,0.99846
CVE-2016-2779,0.00042,0.05722
CVE-2016-2780,0.00042,0.05722
CVE-2016-2781,0.00042,0.05722
CVE-2016-2782,0.00384,0.70380
CVE-2016-2783,0.01221,0.83920
CVE-2016-2784,0.95465,0.99248
CVE-2016-2785,0.00624,0.76757
CVE-2016-2786,0.00437,0.72134
CVE-2016-2787,0.00105,0.42560
CVE-2016-2788,0.01740,0.86632
CVE-2016-2789,0.00098,0.40546
CVE-2016-2790,0.06865,0.93258
CVE-2016-2791,0.05399,0.92421
CVE-2016-2792,0.05399,0.92421
CVE-2016-2793,0.05399,0.92418
CVE-2016-2794,0.05399,0.92421
CVE-2016-2795,0.06865,0.93258
CVE-2016-2796,0.05093,0.92192
CVE-2016-2797,0.05986,0.92769
CVE-2016-2798,0.05399,0.92421
CVE-2016-2799,0.05093,0.92192
CVE-2016-2800,0.05399,0.92421
CVE-2016-2801,0.05399,0.92421
CVE-2016-2802,0.05399,0.92421
CVE-2016-2803,0.00139,0.49384
CVE-2016-2804,0.03134,0.90141
CVE-2016-2805,0.03089,0.90074
CVE-2016-2806,0.02363,0.88762
CVE-2016-2807,0.01761,0.86703
CVE-2016-2808,0.01837,0.87036
CVE-2016-2809,0.02043,0.87830
CVE-2016-2810,0.00061,0.23941
CVE-2016-2811,0.05454,0.92459
CVE-2016-2812,0.01481,0.85469
CVE-2016-2813,0.00381,0.70266
CVE-2016-2814,0.16193,0.95507
CVE-2016-2815,0.01132,0.83190
CVE-2016-2816,0.00618,0.76621
CVE-2016-2817,0.00684,0.77987
CVE-2016-2818,0.00767,0.79323
CVE-2016-2819,0.61347,0.97535
CVE-2016-2820,0.00909,0.81092
CVE-2016-2821,0.02343,0.88705
CVE-2016-2822,0.00939,0.81412
CVE-2016-2824,0.01336,0.84680
CVE-2016-2825,0.00479,0.73329
CVE-2016-2826,0.00042,0.05722
CVE-2016-2827,0.00839,0.80294
CVE-2016-2828,0.03293,0.90391
CVE-2016-2829,0.00358,0.69325
CVE-2016-2830,0.00495,0.73766
CVE-2016-2831,0.01444,0.85308
CVE-2016-2832,0.00436,0.72113
CVE-2016-2833,0.00283,0.65428
CVE-2016-2834,0.01665,0.86351
CVE-2016-2835,0.01964,0.87535
CVE-2016-2836,0.01964,0.87535
CVE-2016-2837,0.01616,0.86161
CVE-2016-2838,0.04799,0.91961
CVE-2016-2839,0.02100,0.88021
CVE-2016-2840,0.00136,0.48937
CVE-2016-2841,0.00062,0.24773
CVE-2016-2842,0.76897,0.97951
CVE-2016-2843,0.00166,0.53307
CVE-2016-2844,0.01068,0.82674
CVE-2016-2845,0.00403,0.71059
CVE-2016-2846,0.00272,0.64640
CVE-2016-2847,0.00142,0.49983
CVE-2016-2848,0.24231,0.96209
CVE-2016-2849,0.00638,0.76997
CVE-2016-2850,0.00358,0.69313
CVE-2016-2851,0.03596,0.90769
CVE-2016-2853,0.00042,0.05722
CVE-2016-2854,0.00042,0.05722
CVE-2016-2855,0.00042,0.05722
CVE-2016-2856,0.00184,0.55707
CVE-2016-2857,0.00064,0.26441
CVE-2016-2858,0.00062,0.24773
CVE-2016-2860,0.00173,0.54560
CVE-2016-2861,0.00275,0.64860
CVE-2016-2862,0.00262,0.63973
CVE-2016-2863,0.00079,0.32914
CVE-2016-2864,0.00060,0.23375
CVE-2016-2865,0.00105,0.42400
CVE-2016-2866,0.00050,0.16027
CVE-2016-2867,0.00042,0.05722
CVE-2016-2868,0.00075,0.30945
CVE-2016-2869,0.00060,0.23579
CVE-2016-2870,0.00404,0.71092
CVE-2016-2871,0.00042,0.05722
CVE-2016-2872,0.00178,0.55054
CVE-2016-2873,0.00104,0.42003
CVE-2016-2874,0.00075,0.30945
CVE-2016-2875,0.00221,0.60329
CVE-2016-2876,0.00149,0.50955
CVE-2016-2877,0.00042,0.05722
CVE-2016-2878,0.00076,0.31194
CVE-2016-2879,0.00042,0.05722
CVE-2016-2880,0.00042,0.05722
CVE-2016-2881,0.00171,0.54180
CVE-2016-2882,0.00075,0.30945
CVE-2016-2883,0.00060,0.23579
CVE-2016-2884,0.00081,0.33758
CVE-2016-2887,0.00114,0.44813
CVE-2016-2888,0.00060,0.23579
CVE-2016-2889,0.00091,0.38526
CVE-2016-2894,0.00042,0.05722
CVE-2016-2901,0.00093,0.39105
CVE-2016-2908,0.00410,0.71288
CVE-2016-2912,0.00060,0.23579
CVE-2016-2914,0.00117,0.45473
CVE-2016-2917,0.00158,0.52230
CVE-2016-2922,0.00078,0.32748
CVE-2016-2923,0.00275,0.64860
CVE-2016-2924,0.00060,0.23579
CVE-2016-2925,0.00105,0.42476
CVE-2016-2926,0.00103,0.41578
CVE-2016-2927,0.00258,0.63625
CVE-2016-2928,0.00109,0.43809
CVE-2016-2929,0.00663,0.77569
CVE-2016-2930,0.00156,0.51886
CVE-2016-2931,0.00186,0.56067
CVE-2016-2932,0.00159,0.52437
CVE-2016-2933,0.00101,0.41229
CVE-2016-2934,0.00117,0.45635
CVE-2016-2935,0.00330,0.68116
CVE-2016-2936,0.00132,0.48227
CVE-2016-2937,0.00186,0.56067
CVE-2016-2938,0.00109,0.43538
CVE-2016-2939,0.00109,0.43538
CVE-2016-2940,0.00275,0.64860
CVE-2016-2941,0.00042,0.05722
CVE-2016-2942,0.00082,0.34220
CVE-2016-2943,0.00042,0.05722
CVE-2016-2944,0.00529,0.74640
CVE-2016-2945,0.00292,0.65949
CVE-2016-2946,0.00042,0.05722
CVE-2016-2947,0.00075,0.30945
CVE-2016-2948,0.00042,0.05722
CVE-2016-2949,0.00042,0.05722
CVE-2016-2950,0.00083,0.34388
CVE-2016-2951,0.00199,0.57893
CVE-2016-2952,0.00275,0.64860
CVE-2016-2953,0.00121,0.46287
CVE-2016-2954,0.00060,0.23579
CVE-2016-2955,0.00060,0.23579
CVE-2016-2956,0.00060,0.23579
CVE-2016-2957,0.00076,0.31379
CVE-2016-2958,0.00086,0.35529
CVE-2016-2959,0.00096,0.39782
CVE-2016-2960,0.01882,0.87225
CVE-2016-2961,0.00155,0.51845
CVE-2016-2963,0.00111,0.44121
CVE-2016-2964,0.00122,0.46515
CVE-2016-2965,0.00116,0.45308
CVE-2016-2966,0.00063,0.24898
CVE-2016-2967,0.00059,0.23108
CVE-2016-2968,0.00196,0.57539
CVE-2016-2969,0.00096,0.39782
CVE-2016-2970,0.00110,0.44099
CVE-2016-2971,0.00163,0.53016
CVE-2016-2972,0.00042,0.05722
CVE-2016-2973,0.00071,0.29401
CVE-2016-2974,0.00051,0.17134
CVE-2016-2975,0.00059,0.23108
CVE-2016-2976,0.00063,0.24898
CVE-2016-2977,0.00081,0.33689
CVE-2016-2978,0.00042,0.05722
CVE-2016-2979,0.00071,0.29401
CVE-2016-2980,0.00157,0.52192
CVE-2016-2981,0.00087,0.35915
CVE-2016-2983,0.00565,0.75464
CVE-2016-2984,0.00042,0.05722
CVE-2016-2985,0.00042,0.05722
CVE-2016-2986,0.00060,0.23375
CVE-2016-2987,0.00049,0.15902
CVE-2016-2988,0.00147,0.50658
CVE-2016-2989,0.00304,0.66642
CVE-2016-2991,0.00060,0.23579
CVE-2016-2992,0.00049,0.15902
CVE-2016-2994,0.00060,0.23579
CVE-2016-2995,0.00072,0.29495
CVE-2016-2996,0.00082,0.33992
CVE-2016-2997,0.00072,0.29495
CVE-2016-2998,0.00080,0.33383
CVE-2016-2999,0.00090,0.37999
CVE-2016-3000,0.00115,0.45029
CVE-2016-3001,0.00072,0.29905
CVE-2016-3002,0.00051,0.17134
CVE-2016-3003,0.00072,0.29905
CVE-2016-3004,0.00061,0.23875
CVE-2016-3005,0.00072,0.29495
CVE-2016-3006,0.00072,0.29905
CVE-2016-3007,0.00187,0.56281
CVE-2016-3008,0.00060,0.23579
CVE-2016-3009,0.00059,0.22852
CVE-2016-3010,0.00072,0.29495
CVE-2016-3012,0.00160,0.52604
CVE-2016-3013,0.00070,0.28959
CVE-2016-3014,0.00190,0.56586
CVE-2016-3015,0.00050,0.16027
CVE-2016-3016,0.00050,0.16027
CVE-2016-3017,0.00309,0.66982
CVE-2016-3018,0.00079,0.32909
CVE-2016-3019,0.00109,0.43509
CVE-2016-3020,0.00218,0.59825
CVE-2016-3021,0.00049,0.15902
CVE-2016-3022,0.00057,0.21364
CVE-2016-3023,0.00090,0.37973
CVE-2016-3024,0.00065,0.26856
CVE-2016-3025,0.01503,0.85614
CVE-2016-3027,0.00139,0.49402
CVE-2016-3028,0.00762,0.79248
CVE-2016-3029,0.00071,0.29353
CVE-2016-3031,0.00050,0.16027
CVE-2016-3032,0.00050,0.16027
CVE-2016-3033,0.00190,0.56671
CVE-2016-3034,0.00042,0.05722
CVE-2016-3035,0.00069,0.28539
CVE-2016-3036,0.00159,0.52362
CVE-2016-3037,0.00057,0.21364
CVE-2016-3038,0.00049,0.15902
CVE-2016-3039,0.00257,0.63575
CVE-2016-3040,0.00070,0.29084
CVE-2016-3042,0.00075,0.30782
CVE-2016-3043,0.00136,0.48922
CVE-2016-3044,0.00049,0.15845
CVE-2016-3045,0.00069,0.28539
CVE-2016-3046,0.00064,0.26348
CVE-2016-3047,0.00070,0.29084
CVE-2016-3048,0.00059,0.23108
CVE-2016-3049,0.00077,0.31663
CVE-2016-3051,0.00084,0.34879
CVE-2016-3052,0.00119,0.45875
CVE-2016-3053,0.00079,0.32945
CVE-2016-3054,0.00060,0.23579
CVE-2016-3055,0.00190,0.56671
CVE-2016-3056,0.00078,0.32756
CVE-2016-3057,0.00117,0.45635
CVE-2016-3059,0.00052,0.17676
CVE-2016-3060,0.00096,0.40016
CVE-2016-3062,0.01292,0.84425
CVE-2016-3063,0.00188,0.56348
CVE-2016-3064,0.00115,0.45226
CVE-2016-3065,0.00428,0.71827
CVE-2016-3066,0.00125,0.46941
CVE-2016-3067,0.00524,0.74505
CVE-2016-3068,0.05208,0.92274
CVE-2016-3069,0.04380,0.91568
CVE-2016-3070,0.00044,0.08000
CVE-2016-3071,0.00540,0.74932
CVE-2016-3072,0.00173,0.54548
CVE-2016-3074,0.48669,0.97210
CVE-2016-3075,0.00991,0.81969
CVE-2016-3076,0.00526,0.74553
CVE-2016-3077,0.00157,0.52182
CVE-2016-3078,0.34420,0.96715
CVE-2016-3079,0.00283,0.65394
CVE-2016-3080,0.00125,0.47020
CVE-2016-3081,0.97524,0.99989
CVE-2016-3082,0.95903,0.99340
CVE-2016-3083,0.00119,0.45866
CVE-2016-3084,0.00207,0.58677
CVE-2016-3085,0.00061,0.24130
CVE-2016-3086,0.00070,0.29075
CVE-2016-3087,0.46493,0.97137
CVE-2016-3088,0.83955,0.98228
CVE-2016-3089,0.00159,0.52374
CVE-2016-3090,0.01352,0.84785
CVE-2016-3091,0.00235,0.61636
CVE-2016-3092,0.04275,0.91475
CVE-2016-3093,0.02732,0.89528
CVE-2016-3094,0.01365,0.84892
CVE-2016-3095,0.00042,0.05722
CVE-2016-3096,0.00044,0.08000
CVE-2016-3097,0.00125,0.47020
CVE-2016-3098,0.00074,0.30710
CVE-2016-3099,0.00487,0.73550
CVE-2016-3100,0.00111,0.44256
CVE-2016-3101,0.00065,0.26917
CVE-2016-3102,0.00182,0.55601
CVE-2016-3104,0.00419,0.71569
CVE-2016-3105,0.01342,0.84713
CVE-2016-3106,0.00147,0.50711
CVE-2016-3107,0.00042,0.05722
CVE-2016-3108,0.00042,0.05722
CVE-2016-3109,0.67027,0.97661
CVE-2016-3110,0.01794,0.86831
CVE-2016-3111,0.00042,0.05722
CVE-2016-3112,0.00430,0.71900
CVE-2016-3113,0.00091,0.38434
CVE-2016-3114,0.00097,0.40231
CVE-2016-3115,0.02329,0.88675
CVE-2016-3116,0.02835,0.89702
CVE-2016-3118,0.00168,0.53816
CVE-2016-3119,0.07099,0.93361
CVE-2016-3120,0.04888,0.92030
CVE-2016-3124,0.00120,0.46085
CVE-2016-3125,0.00569,0.75542
CVE-2016-3126,0.00125,0.47020
CVE-2016-3127,0.00143,0.50102
CVE-2016-3128,0.00388,0.70519
CVE-2016-3129,0.00392,0.70688
CVE-2016-3130,0.00756,0.79173
CVE-2016-3131,0.00054,0.20290
CVE-2016-3132,0.04801,0.91962
CVE-2016-3134,0.00164,0.53065
CVE-2016-3135,0.00042,0.05722
CVE-2016-3136,0.01444,0.85299
CVE-2016-3137,0.00235,0.61644
CVE-2016-3138,0.00235,0.61644
CVE-2016-3139,0.00999,0.82038
CVE-2016-3140,0.01444,0.85299
CVE-2016-3141,0.06869,0.93262
CVE-2016-3142,0.11364,0.94729
CVE-2016-3144,0.00106,0.42729
CVE-2016-3145,0.00078,0.32093
CVE-2016-3147,0.03820,0.91038
CVE-2016-3149,0.06255,0.92928
CVE-2016-3150,0.00107,0.43129
CVE-2016-3151,0.00180,0.55310
CVE-2016-3152,0.00779,0.79514
CVE-2016-3153,0.00583,0.75867
CVE-2016-3154,0.00582,0.75836
CVE-2016-3155,0.00042,0.05722
CVE-2016-3156,0.00064,0.26441
CVE-2016-3157,0.00064,0.26441
CVE-2016-3158,0.00054,0.19358
CVE-2016-3159,0.00054,0.19358
CVE-2016-3161,0.00052,0.18252
CVE-2016-3162,0.00180,0.55328
CVE-2016-3163,0.00346,0.68790
CVE-2016-3164,0.00291,0.65886
CVE-2016-3165,0.00459,0.72754
CVE-2016-3166,0.00280,0.65182
CVE-2016-3167,0.00291,0.65886
CVE-2016-3168,0.00263,0.64020
CVE-2016-3169,0.00472,0.73120
CVE-2016-3170,0.00495,0.73749
CVE-2016-3171,0.04178,0.91394
CVE-2016-3172,0.00649,0.77200
CVE-2016-3173,0.00053,0.18308
CVE-2016-3174,0.00131,0.48063
CVE-2016-3176,0.00097,0.40090
CVE-2016-3177,0.00205,0.58474
CVE-2016-3178,0.00042,0.05722
CVE-2016-3179,0.00042,0.05722
CVE-2016-3180,0.00113,0.44669
CVE-2016-3182,0.00098,0.40478
CVE-2016-3183,0.00621,0.76685
CVE-2016-3185,0.00656,0.77362
CVE-2016-3186,0.01880,0.87219
CVE-2016-3187,0.00322,0.67682
CVE-2016-3188,0.00322,0.67682
CVE-2016-3189,0.03296,0.90394
CVE-2016-3190,0.00982,0.81859
CVE-2016-3191,0.11647,0.94795
CVE-2016-3192,0.00065,0.26756
CVE-2016-3193,0.00088,0.37094
CVE-2016-3194,0.00183,0.55643
CVE-2016-3195,0.00183,0.55643
CVE-2016-3196,0.00134,0.48557
CVE-2016-3198,0.04502,0.91677
CVE-2016-3199,0.22680,0.96105
CVE-2016-3201,0.10411,0.94487
CVE-2016-3202,0.10806,0.94599
CVE-2016-3203,0.93471,0.98925
CVE-2016-3204,0.09147,0.94097
CVE-2016-3205,0.10806,0.94599
CVE-2016-3206,0.10806,0.94599
CVE-2016-3207,0.10806,0.94599
CVE-2016-3209,0.01155,0.83377
CVE-2016-3210,0.27979,0.96423
CVE-2016-3211,0.28049,0.96427
CVE-2016-3212,0.02735,0.89530
CVE-2016-3213,0.92905,0.98858
CVE-2016-3214,0.30769,0.96561
CVE-2016-3215,0.45501,0.97101
CVE-2016-3216,0.08287,0.93797
CVE-2016-3218,0.00043,0.07315
CVE-2016-3219,0.66651,0.97651
CVE-2016-3220,0.66651,0.97651
CVE-2016-3221,0.00237,0.61874
CVE-2016-3222,0.92949,0.98864
CVE-2016-3223,0.02251,0.88482
CVE-2016-3225,0.01092,0.82877
CVE-2016-3226,0.01173,0.83539
CVE-2016-3227,0.33099,0.96655
CVE-2016-3228,0.01121,0.83115
CVE-2016-3230,0.00165,0.53220
CVE-2016-3231,0.00052,0.17668
CVE-2016-3232,0.00164,0.53100
CVE-2016-3233,0.20944,0.95993
CVE-2016-3234,0.10067,0.94406
CVE-2016-3235,0.01552,0.85848
CVE-2016-3236,0.93513,0.98930
CVE-2016-3237,0.12391,0.94938
CVE-2016-3238,0.12767,0.94992
CVE-2016-3239,0.00044,0.08021
CVE-2016-3240,0.14999,0.95337
CVE-2016-3241,0.27799,0.96410
CVE-2016-3242,0.27799,0.96410
CVE-2016-3243,0.14999,0.95337
CVE-2016-3244,0.94682,0.99101
CVE-2016-3245,0.01570,0.85936
CVE-2016-3246,0.27799,0.96410
CVE-2016-3247,0.95446,0.99243
CVE-2016-3248,0.13490,0.95116
CVE-2016-3249,0.00077,0.31782
CVE-2016-3250,0.00077,0.31782
CVE-2016-3251,0.83592,0.98212
CVE-2016-3252,0.00077,0.31782
CVE-2016-3254,0.00043,0.07315
CVE-2016-3255,0.10833,0.94605
CVE-2016-3256,0.00082,0.33987
CVE-2016-3258,0.00044,0.08021
CVE-2016-3259,0.13490,0.95116
CVE-2016-3260,0.13490,0.95116
CVE-2016-3261,0.52477,0.97310
CVE-2016-3262,0.43583,0.97040
CVE-2016-3263,0.43583,0.97040
CVE-2016-3264,0.35977,0.96780
CVE-2016-3265,0.27979,0.96423
CVE-2016-3266,0.34849,0.96737
CVE-2016-3267,0.89329,0.98529
CVE-2016-3269,0.27979,0.96423
CVE-2016-3270,0.34849,0.96737
CVE-2016-3271,0.36684,0.96804
CVE-2016-3272,0.00104,0.42237
CVE-2016-3273,0.39098,0.96910
CVE-2016-3274,0.07247,0.93416
CVE-2016-3276,0.07247,0.93416
CVE-2016-3277,0.78506,0.98002
CVE-2016-3278,0.70046,0.97755
CVE-2016-3279,0.12424,0.94941
CVE-2016-3280,0.70046,0.97755
CVE-2016-3281,0.48559,0.97206
CVE-2016-3282,0.48559,0.97206
CVE-2016-3283,0.70046,0.97755
CVE-2016-3284,0.70046,0.97755
CVE-2016-3286,0.00077,0.31782
CVE-2016-3287,0.00044,0.08021
CVE-2016-3288,0.94022,0.98994
CVE-2016-3289,0.28950,0.96474
CVE-2016-3290,0.41119,0.96966
CVE-2016-3291,0.01057,0.82552
CVE-2016-3292,0.00973,0.81780
CVE-2016-3293,0.45812,0.97110
CVE-2016-3294,0.23229,0.96142
CVE-2016-3295,0.68879,0.97712
CVE-2016-3296,0.41119,0.96966
CVE-2016-3297,0.86663,0.98368
CVE-2016-3298,0.95662,0.99292
CVE-2016-3299,0.00398,0.70922
CVE-2016-3300,0.00047,0.13897
CVE-2016-3301,0.26768,0.96346
CVE-2016-3302,0.00635,0.76936
CVE-2016-3303,0.26768,0.96346
CVE-2016-3304,0.26768,0.96346
CVE-2016-3305,0.00045,0.12497
CVE-2016-3306,0.00045,0.12497
CVE-2016-3308,0.00053,0.18569
CVE-2016-3309,0.00056,0.20766
CVE-2016-3310,0.00053,0.18590
CVE-2016-3311,0.00043,0.07315
CVE-2016-3312,0.00340,0.68543
CVE-2016-3313,0.60773,0.97512
CVE-2016-3315,0.03319,0.90418
CVE-2016-3316,0.60773,0.97512
CVE-2016-3317,0.63878,0.97592
CVE-2016-3318,0.75108,0.97900
CVE-2016-3319,0.52643,0.97314
CVE-2016-3320,0.00109,0.43516
CVE-2016-3321,0.00076,0.31220
CVE-2016-3322,0.28950,0.96474
CVE-2016-3324,0.53584,0.97338
CVE-2016-3325,0.96126,0.99391
CVE-2016-3326,0.42566,0.97005
CVE-2016-3327,0.78506,0.98002
CVE-2016-3329,0.78506,0.98002
CVE-2016-3330,0.15609,0.95432
CVE-2016-3331,0.12685,0.94983
CVE-2016-3332,0.00284,0.65457
CVE-2016-3333,0.00284,0.65457
CVE-2016-3334,0.00284,0.65457
CVE-2016-3335,0.00284,0.65457
CVE-2016-3338,0.00284,0.65457
CVE-2016-3340,0.00284,0.65457
CVE-2016-3341,0.34849,0.96737
CVE-2016-3342,0.00284,0.65457
CVE-2016-3343,0.00284,0.65457
CVE-2016-3344,0.00062,0.24510
CVE-2016-3345,0.03373,0.90500
CVE-2016-3346,0.00044,0.08021
CVE-2016-3348,0.34849,0.96737
CVE-2016-3349,0.00043,0.07315
CVE-2016-3350,0.15609,0.95432
CVE-2016-3351,0.10819,0.94603
CVE-2016-3352,0.01170,0.83521
CVE-2016-3353,0.02004,0.87696
CVE-2016-3354,0.00514,0.74271
CVE-2016-3355,0.00043,0.07315
CVE-2016-3356,0.20112,0.95928
CVE-2016-3357,0.18971,0.95822
CVE-2016-3358,0.20248,0.95937
CVE-2016-3359,0.24727,0.96241
CVE-2016-3360,0.24727,0.96241
CVE-2016-3361,0.24727,0.96241
CVE-2016-3362,0.24727,0.96241
CVE-2016-3363,0.11996,0.94870
CVE-2016-3364,0.24727,0.96241
CVE-2016-3365,0.27304,0.96373
CVE-2016-3366,0.01368,0.84905
CVE-2016-3367,0.58248,0.97448
CVE-2016-3368,0.37327,0.96832
CVE-2016-3369,0.00341,0.68590
CVE-2016-3370,0.72184,0.97814
CVE-2016-3371,0.00284,0.65434
CVE-2016-3372,0.00077,0.31782
CVE-2016-3373,0.00257,0.63594
CVE-2016-3374,0.05898,0.92720
CVE-2016-3375,0.63759,0.97589
CVE-2016-3376,0.00159,0.52485
CVE-2016-3377,0.23229,0.96142
CVE-2016-3378,0.00585,0.75892
CVE-2016-3379,0.03016,0.89954
CVE-2016-3381,0.25638,0.96289
CVE-2016-3382,0.59874,0.97488
CVE-2016-3383,0.22149,0.96069
CVE-2016-3384,0.22149,0.96069
CVE-2016-3385,0.36894,0.96815
CVE-2016-3386,0.94266,0.99026
CVE-2016-3387,0.16441,0.95532
CVE-2016-3388,0.05597,0.92556
CVE-2016-3389,0.15609,0.95432
CVE-2016-3390,0.12685,0.94983
CVE-2016-3391,0.00842,0.80338
CVE-2016-3392,0.00940,0.81434
CVE-2016-3393,0.46295,0.97126
CVE-2016-3396,0.22557,0.96096
CVE-2016-3400,0.00301,0.66481
CVE-2016-3401,0.00128,0.47383
CVE-2016-3402,0.00297,0.66286
CVE-2016-3403,0.00510,0.74173
CVE-2016-3404,0.00340,0.68527
CVE-2016-3405,0.00340,0.68527
CVE-2016-3406,0.00246,0.62663
CVE-2016-3407,0.00183,0.55643
CVE-2016-3408,0.00183,0.55643
CVE-2016-3409,0.00183,0.55643
CVE-2016-3410,0.00183,0.55643
CVE-2016-3411,0.00500,0.73876
CVE-2016-3412,0.00183,0.55643
CVE-2016-3413,0.00340,0.68527
CVE-2016-3414,0.00244,0.62397
CVE-2016-3415,0.00334,0.68304
CVE-2016-3416,0.00289,0.65724
CVE-2016-3417,0.00070,0.28904
CVE-2016-3418,0.00087,0.35979
CVE-2016-3419,0.00043,0.07608
CVE-2016-3420,0.00072,0.29906
CVE-2016-3421,0.00070,0.29114
CVE-2016-3422,0.01698,0.86465
CVE-2016-3423,0.00070,0.28904
CVE-2016-3424,0.00130,0.47796
CVE-2016-3425,0.00772,0.79410
CVE-2016-3426,0.00694,0.78150
CVE-2016-3427,0.07563,0.93522
CVE-2016-3428,0.00099,0.40678
CVE-2016-3429,0.00065,0.26874
CVE-2016-3431,0.00072,0.29906
CVE-2016-3432,0.00088,0.36964
CVE-2016-3433,0.00088,0.36964
CVE-2016-3434,0.00134,0.48592
CVE-2016-3435,0.00115,0.45192
CVE-2016-3436,0.00217,0.59721
CVE-2016-3437,0.00217,0.59721
CVE-2016-3438,0.00238,0.61969
CVE-2016-3439,0.00217,0.59721
CVE-2016-3440,0.00127,0.47324
CVE-2016-3441,0.00043,0.07608
CVE-2016-3442,0.00070,0.28904
CVE-2016-3443,0.02729,0.89522
CVE-2016-3444,0.00709,0.78400
CVE-2016-3445,0.00157,0.52136
CVE-2016-3446,0.00146,0.50566
CVE-2016-3447,0.00160,0.52626
CVE-2016-3448,0.00156,0.52003
CVE-2016-3449,0.04106,0.91331
CVE-2016-3450,0.00205,0.58527
CVE-2016-3451,0.00164,0.53051
CVE-2016-3452,0.00355,0.69195
CVE-2016-3453,0.00061,0.24104
CVE-2016-3454,0.00210,0.58989
CVE-2016-3455,0.00302,0.66552
CVE-2016-3456,0.00186,0.55995
CVE-2016-3457,0.00078,0.32631
CVE-2016-3458,0.00537,0.74848
CVE-2016-3459,0.00252,0.63200
CVE-2016-3460,0.00081,0.33807
CVE-2016-3461,0.00146,0.50524
CVE-2016-3462,0.00043,0.07608
CVE-2016-3463,0.00134,0.48592
CVE-2016-3464,0.00102,0.41529
CVE-2016-3465,0.00043,0.07608
CVE-2016-3466,0.00301,0.66477
CVE-2016-3467,0.00154,0.51653
CVE-2016-3468,0.00709,0.78400
CVE-2016-3469,0.00043,0.07610
CVE-2016-3470,0.00121,0.46326
CVE-2016-3471,0.00043,0.07608
CVE-2016-3472,0.00114,0.44824
CVE-2016-3473,0.01662,0.86332
CVE-2016-3474,0.00205,0.58527
CVE-2016-3475,0.00105,0.42490
CVE-2016-3476,0.00205,0.58527
CVE-2016-3477,0.00130,0.47830
CVE-2016-3478,0.00156,0.52003
CVE-2016-3479,0.00398,0.70921
CVE-2016-3480,0.00043,0.07610
CVE-2016-3481,0.00127,0.47324
CVE-2016-3482,0.00205,0.58527
CVE-2016-3483,0.00146,0.50566
CVE-2016-3484,0.00043,0.07610
CVE-2016-3485,0.00115,0.45226
CVE-2016-3486,0.00247,0.62725
CVE-2016-3487,0.00248,0.62848
CVE-2016-3488,0.00043,0.07610
CVE-2016-3489,0.00045,0.11976
CVE-2016-3490,0.00088,0.36964
CVE-2016-3491,0.00156,0.51889
CVE-2016-3492,0.00245,0.62591
CVE-2016-3493,0.00709,0.78400
CVE-2016-3494,0.00213,0.59321
CVE-2016-3495,0.00120,0.46125
CVE-2016-3496,0.00156,0.52003
CVE-2016-3497,0.00061,0.24104
CVE-2016-3498,0.00640,0.77048
CVE-2016-3499,0.01749,0.86667
CVE-2016-3500,0.00957,0.81620
CVE-2016-3501,0.00247,0.62725
CVE-2016-3502,0.00080,0.33244
CVE-2016-3503,0.00108,0.43310
CVE-2016-3504,0.00709,0.78400
CVE-2016-3505,0.00381,0.70252
CVE-2016-3506,0.00831,0.80219
CVE-2016-3507,0.00184,0.55724
CVE-2016-3508,0.01108,0.83011
CVE-2016-3509,0.00088,0.36964
CVE-2016-3510,0.04254,0.91459
CVE-2016-3511,0.00125,0.46913
CVE-2016-3512,0.00156,0.52003
CVE-2016-3513,0.00119,0.45933
CVE-2016-3514,0.00119,0.45933
CVE-2016-3515,0.00251,0.63143
CVE-2016-3516,0.00146,0.50442
CVE-2016-3517,0.00184,0.55724
CVE-2016-3518,0.00200,0.57944
CVE-2016-3519,0.00156,0.52003
CVE-2016-3520,0.00130,0.47891
CVE-2016-3521,0.00189,0.56462
CVE-2016-3522,0.00156,0.52003
CVE-2016-3523,0.00164,0.53051
CVE-2016-3524,0.00240,0.62142
CVE-2016-3525,0.00205,0.58527
CVE-2016-3526,0.00205,0.58527
CVE-2016-3527,0.00200,0.57970
CVE-2016-3528,0.00398,0.70921
CVE-2016-3529,0.00183,0.55667
CVE-2016-3530,0.00095,0.39705
CVE-2016-3531,0.00099,0.40562
CVE-2016-3532,0.00156,0.51889
CVE-2016-3533,0.00232,0.61365
CVE-2016-3534,0.00232,0.61365
CVE-2016-3535,0.00156,0.51889
CVE-2016-3536,0.00156,0.51889
CVE-2016-3537,0.00121,0.46326
CVE-2016-3538,0.00095,0.39705
CVE-2016-3539,0.00095,0.39705
CVE-2016-3540,0.00175,0.54724
CVE-2016-3541,0.00200,0.57970
CVE-2016-3542,0.02131,0.88148
CVE-2016-3543,0.00200,0.57970
CVE-2016-3544,0.00101,0.41237
CVE-2016-3545,0.00205,0.58527
CVE-2016-3546,0.00200,0.57970
CVE-2016-3547,0.00205,0.58527
CVE-2016-3548,0.00205,0.58527
CVE-2016-3549,0.00205,0.58527
CVE-2016-3550,0.00512,0.74206
CVE-2016-3551,0.01241,0.84064
CVE-2016-3552,0.00097,0.40209
CVE-2016-3553,0.00105,0.42490
CVE-2016-3554,0.00286,0.65541
CVE-2016-3555,0.00156,0.52003
CVE-2016-3556,0.00908,0.81082
CVE-2016-3557,0.00151,0.51320
CVE-2016-3558,0.00164,0.53051
CVE-2016-3559,0.00164,0.53051
CVE-2016-3560,0.00202,0.58173
CVE-2016-3561,0.00164,0.53080
CVE-2016-3562,0.00069,0.28444
CVE-2016-3563,0.00053,0.19086
CVE-2016-3564,0.00227,0.60990
CVE-2016-3565,0.00104,0.42232
CVE-2016-3566,0.00156,0.52003
CVE-2016-3567,0.00088,0.36964
CVE-2016-3568,0.00156,0.52003
CVE-2016-3569,0.00156,0.52003
CVE-2016-3570,0.00156,0.52003
CVE-2016-3571,0.00156,0.52003
CVE-2016-3572,0.00094,0.39278
CVE-2016-3573,0.00156,0.52003
CVE-2016-3574,0.00353,0.69096
CVE-2016-3575,0.00353,0.69096
CVE-2016-3576,0.00353,0.69096
CVE-2016-3577,0.00353,0.69096
CVE-2016-3578,0.00353,0.69096
CVE-2016-3579,0.00353,0.69096
CVE-2016-3580,0.00353,0.69096
CVE-2016-3581,0.00353,0.69096
CVE-2016-3582,0.00353,0.69096
CVE-2016-3583,0.00353,0.69096
CVE-2016-3584,0.00061,0.24104
CVE-2016-3585,0.00200,0.57970
CVE-2016-3586,0.01749,0.86667
CVE-2016-3587,0.00796,0.79785
CVE-2016-3588,0.00200,0.57944
CVE-2016-3589,0.00156,0.52003
CVE-2016-3590,0.00353,0.69096
CVE-2016-3591,0.00353,0.69096
CVE-2016-3592,0.00353,0.69096
CVE-2016-3593,0.00353,0.69096
CVE-2016-3594,0.00353,0.69096
CVE-2016-3595,0.00353,0.69096
CVE-2016-3596,0.00353,0.69096
CVE-2016-3597,0.00061,0.24104
CVE-2016-3598,0.01159,0.83413
CVE-2016-3606,0.00637,0.76977
CVE-2016-3607,0.03612,0.90786
CVE-2016-3608,0.00183,0.55667
CVE-2016-3609,0.00187,0.56176
CVE-2016-3610,0.00783,0.79557
CVE-2016-3611,0.00175,0.54724
CVE-2016-3612,0.00205,0.58527
CVE-2016-3613,0.00709,0.78400
CVE-2016-3614,0.00247,0.62725
CVE-2016-3615,0.00189,0.56462
CVE-2016-3616,0.01661,0.86326
CVE-2016-3619,0.00754,0.79125
CVE-2016-3620,0.00753,0.79096
CVE-2016-3621,0.00567,0.75499
CVE-2016-3622,0.00255,0.63488
CVE-2016-3623,0.00520,0.74404
CVE-2016-3624,0.00344,0.68704
CVE-2016-3625,0.00485,0.73508
CVE-2016-3627,0.00838,0.80289
CVE-2016-3628,0.00500,0.73864
CVE-2016-3630,0.02994,0.89925
CVE-2016-3631,0.00766,0.79318
CVE-2016-3632,0.00531,0.74691
CVE-2016-3633,0.00643,0.77116
CVE-2016-3634,0.00772,0.79412
CVE-2016-3635,0.00399,0.70928
CVE-2016-3638,0.00042,0.05722
CVE-2016-3639,0.00216,0.59674
CVE-2016-3640,0.00042,0.05722
CVE-2016-3642,0.00661,0.77540
CVE-2016-3643,0.00123,0.46608
CVE-2016-3644,0.04607,0.91759
CVE-2016-3645,0.03617,0.90791
CVE-2016-3646,0.08176,0.93760
CVE-2016-3647,0.00139,0.49410
CVE-2016-3648,0.00230,0.61263
CVE-2016-3649,0.00088,0.36823
CVE-2016-3650,0.00237,0.61825
CVE-2016-3651,0.00208,0.58807
CVE-2016-3652,0.78165,0.97987
CVE-2016-3653,0.00385,0.70436
CVE-2016-3654,0.00207,0.58710
CVE-2016-3655,0.00457,0.72725
CVE-2016-3656,0.00220,0.60014
CVE-2016-3657,0.02059,0.87878
CVE-2016-3658,0.00897,0.80962
CVE-2016-3659,0.01236,0.84023
CVE-2016-3664,0.00078,0.32241
CVE-2016-3670,0.12908,0.95017
CVE-2016-3672,0.00042,0.00438
CVE-2016-3674,0.00178,0.55105
CVE-2016-3675,0.00082,0.33995
CVE-2016-3676,0.00047,0.13947
CVE-2016-3677,0.00079,0.32805
CVE-2016-3678,0.00246,0.62670
CVE-2016-3679,0.00515,0.74273
CVE-2016-3680,0.00077,0.32070
CVE-2016-3681,0.00077,0.32070
CVE-2016-3684,0.00062,0.24252
CVE-2016-3685,0.00070,0.29070
CVE-2016-3686,0.00235,0.61639
CVE-2016-3687,0.00158,0.52342
CVE-2016-3688,0.00167,0.53385
CVE-2016-3689,0.00323,0.67741
CVE-2016-3690,0.01180,0.83601
CVE-2016-3691,0.00096,0.39792
CVE-2016-3693,0.00954,0.81599
CVE-2016-3694,0.00262,0.63959
CVE-2016-3695,0.00042,0.05722
CVE-2016-3696,0.00042,0.05722
CVE-2016-3697,0.00042,0.05722
CVE-2016-3698,0.02155,0.88225
CVE-2016-3699,0.00082,0.34009
CVE-2016-3702,0.00117,0.45552
CVE-2016-3703,0.00097,0.40219
CVE-2016-3704,0.00285,0.65506
CVE-2016-3705,0.01093,0.82881
CVE-2016-3706,0.01343,0.84721
CVE-2016-3707,0.02683,0.89434
CVE-2016-3708,0.00088,0.37177
CVE-2016-3709,0.00076,0.31155
CVE-2016-3710,0.00188,0.56367
CVE-2016-3711,0.00042,0.05722
CVE-2016-3712,0.00055,0.20338
CVE-2016-3713,0.00062,0.24773
CVE-2016-3714,0.96923,0.99664
CVE-2016-3715,0.97127,0.99753
CVE-2016-3716,0.83187,0.98195
CVE-2016-3717,0.88585,0.98473
CVE-2016-3718,0.92903,0.98857
CVE-2016-3720,0.00217,0.59752
CVE-2016-3721,0.00199,0.57884
CVE-2016-3722,0.00197,0.57637
CVE-2016-3723,0.00152,0.51444
CVE-2016-3724,0.00152,0.51444
CVE-2016-3725,0.00155,0.51774
CVE-2016-3726,0.00268,0.64429
CVE-2016-3727,0.00152,0.51444
CVE-2016-3728,0.03459,0.90608
CVE-2016-3729,0.00120,0.46160
CVE-2016-3731,0.00180,0.55295
CVE-2016-3732,0.00098,0.40400
CVE-2016-3733,0.00147,0.50630
CVE-2016-3734,0.00236,0.61776
CVE-2016-3735,0.00312,0.67095
CVE-2016-3737,0.00786,0.79597
CVE-2016-3738,0.00229,0.61172
CVE-2016-3739,0.00754,0.79116
CVE-2016-3740,0.02776,0.89601
CVE-2016-3741,0.00589,0.76006
CVE-2016-3742,0.00148,0.50901
CVE-2016-3743,0.00148,0.50901
CVE-2016-3744,0.00116,0.45337
CVE-2016-3745,0.00116,0.45456
CVE-2016-3746,0.00054,0.19657
CVE-2016-3747,0.00054,0.19657
CVE-2016-3748,0.00053,0.18844
CVE-2016-3749,0.00053,0.18844
CVE-2016-3750,0.00054,0.19657
CVE-2016-3751,0.00089,0.37426
CVE-2016-3752,0.00054,0.19657
CVE-2016-3753,0.00112,0.44453
CVE-2016-3754,0.00346,0.68787
CVE-2016-3755,0.00132,0.48077
CVE-2016-3756,0.00132,0.48077
CVE-2016-3757,0.00044,0.10161
CVE-2016-3758,0.00065,0.26974
CVE-2016-3759,0.00055,0.20402
CVE-2016-3760,0.00060,0.23238
CVE-2016-3761,0.00051,0.17455
CVE-2016-3762,0.00054,0.19657
CVE-2016-3763,0.00139,0.49385
CVE-2016-3764,0.00051,0.17455
CVE-2016-3765,0.00053,0.18844
CVE-2016-3766,0.00346,0.68787
CVE-2016-3767,0.00055,0.20337
CVE-2016-3768,0.00061,0.23966
CVE-2016-3769,0.00061,0.23966
CVE-2016-3770,0.00055,0.20337
CVE-2016-3771,0.00055,0.20337
CVE-2016-3772,0.00055,0.20337
CVE-2016-3773,0.00055,0.20337
CVE-2016-3774,0.00055,0.20337
CVE-2016-3775,0.00055,0.20337
CVE-2016-3792,0.00054,0.19657
CVE-2016-3793,0.00054,0.19657
CVE-2016-3795,0.00055,0.20337
CVE-2016-3796,0.00055,0.20337
CVE-2016-3797,0.00055,0.20337
CVE-2016-3798,0.00055,0.20337
CVE-2016-3799,0.00055,0.20337
CVE-2016-3800,0.00061,0.23966
CVE-2016-3801,0.00061,0.23966
CVE-2016-3802,0.00061,0.23966
CVE-2016-3803,0.00061,0.23966
CVE-2016-3804,0.00061,0.23966
CVE-2016-3805,0.00061,0.23966
CVE-2016-3806,0.00061,0.23966
CVE-2016-3807,0.00061,0.23966
CVE-2016-3808,0.00061,0.23966
CVE-2016-3809,0.00063,0.25592
CVE-2016-3810,0.00063,0.25592
CVE-2016-3811,0.00061,0.23966
CVE-2016-3812,0.00063,0.25592
CVE-2016-3813,0.00063,0.25592
CVE-2016-3814,0.00054,0.19406
CVE-2016-3815,0.00054,0.19406
CVE-2016-3816,0.00063,0.25592
CVE-2016-3818,0.00137,0.49090
CVE-2016-3819,0.00660,0.77483
CVE-2016-3820,0.00488,0.73564
CVE-2016-3821,0.00447,0.72413
CVE-2016-3822,0.00523,0.74495
CVE-2016-3823,0.00052,0.18252
CVE-2016-3824,0.00052,0.18252
CVE-2016-3825,0.00052,0.18252
CVE-2016-3826,0.00052,0.18252
CVE-2016-3827,0.00241,0.62214
CVE-2016-3828,0.00241,0.62214
CVE-2016-3829,0.00241,0.62214
CVE-2016-3830,0.00241,0.62214
CVE-2016-3831,0.00290,0.65843
CVE-2016-3832,0.00089,0.37426
CVE-2016-3833,0.00106,0.42704
CVE-2016-3834,0.00093,0.38946
CVE-2016-3835,0.00077,0.31758
CVE-2016-3836,0.00077,0.31758
CVE-2016-3837,0.00077,0.31758
CVE-2016-3838,0.00090,0.37860
CVE-2016-3839,0.00090,0.37860
CVE-2016-3840,0.00382,0.70301
CVE-2016-3841,0.00043,0.07626
CVE-2016-3842,0.00054,0.19657
CVE-2016-3843,0.00125,0.46881
CVE-2016-3844,0.00054,0.19657
CVE-2016-3845,0.00054,0.19657
CVE-2016-3846,0.00054,0.19657
CVE-2016-3847,0.00089,0.37426
CVE-2016-3848,0.00054,0.19657
CVE-2016-3849,0.00054,0.19657
CVE-2016-3850,0.00052,0.18252
CVE-2016-3851,0.00109,0.43517
CVE-2016-3852,0.00054,0.19406
CVE-2016-3853,0.00042,0.05722
CVE-2016-3854,0.00089,0.37426
CVE-2016-3855,0.00089,0.37426
CVE-2016-3856,0.00106,0.42704
CVE-2016-3857,0.00061,0.23966
CVE-2016-3858,0.00113,0.44686
CVE-2016-3859,0.00089,0.37426
CVE-2016-3860,0.00077,0.31758
CVE-2016-3861,0.01897,0.87301
CVE-2016-3862,0.00465,0.72906
CVE-2016-3863,0.00540,0.74896
CVE-2016-3864,0.00089,0.37426
CVE-2016-3865,0.00089,0.37426
CVE-2016-3866,0.00089,0.37426
CVE-2016-3867,0.00089,0.37426
CVE-2016-3868,0.00089,0.37426
CVE-2016-3869,0.00089,0.37426
CVE-2016-3870,0.00089,0.37426
CVE-2016-3871,0.00158,0.52291
CVE-2016-3872,0.00113,0.44686
CVE-2016-3873,0.00089,0.37426
CVE-2016-3874,0.00143,0.50111
CVE-2016-3875,0.00092,0.38881
CVE-2016-3876,0.00092,0.38881
CVE-2016-3877,0.00116,0.45456
CVE-2016-3878,0.00298,0.66360
CVE-2016-3879,0.00177,0.54971
CVE-2016-3880,0.00298,0.66360
CVE-2016-3881,0.00275,0.64877
CVE-2016-3882,0.00249,0.62898
CVE-2016-3883,0.00101,0.41073
CVE-2016-3884,0.00134,0.48497
CVE-2016-3885,0.00152,0.51363
CVE-2016-3886,0.00092,0.38881
CVE-2016-3887,0.00106,0.42704
CVE-2016-3888,0.00057,0.21553
CVE-2016-3889,0.00125,0.46985
CVE-2016-3890,0.00143,0.50111
CVE-2016-3892,0.00077,0.31758
CVE-2016-3893,0.00086,0.35792
CVE-2016-3894,0.00077,0.31758
CVE-2016-3895,0.00077,0.31758
CVE-2016-3896,0.00086,0.35792
CVE-2016-3897,0.00117,0.45554
CVE-2016-3898,0.00090,0.37860
CVE-2016-3899,0.00298,0.66360
CVE-2016-3900,0.00106,0.42704
CVE-2016-3901,0.00089,0.37426
CVE-2016-3902,0.00077,0.31758
CVE-2016-3903,0.00089,0.37426
CVE-2016-3904,0.00057,0.21388
CVE-2016-3905,0.00089,0.37426
CVE-2016-3906,0.00054,0.19406
CVE-2016-3907,0.00054,0.19406
CVE-2016-3908,0.00090,0.37759
CVE-2016-3909,0.00106,0.42704
CVE-2016-3910,0.00089,0.37426
CVE-2016-3911,0.00089,0.37426
CVE-2016-3912,0.00089,0.37426
CVE-2016-3913,0.00089,0.37426
CVE-2016-3914,0.00089,0.37426
CVE-2016-3915,0.00089,0.37426
CVE-2016-3916,0.00089,0.37426
CVE-2016-3917,0.00052,0.18252
CVE-2016-3918,0.00077,0.31758
CVE-2016-3920,0.00241,0.62214
CVE-2016-3921,0.00089,0.37426
CVE-2016-3922,0.00089,0.37426
CVE-2016-3923,0.00090,0.37759
CVE-2016-3924,0.00077,0.31758
CVE-2016-3925,0.00090,0.37860
CVE-2016-3926,0.00116,0.45456
CVE-2016-3927,0.00116,0.45456
CVE-2016-3928,0.00054,0.19657
CVE-2016-3929,0.00116,0.45456
CVE-2016-3930,0.00089,0.37426
CVE-2016-3931,0.00089,0.37426
CVE-2016-3932,0.00054,0.19657
CVE-2016-3933,0.00054,0.19657
CVE-2016-3934,0.00142,0.49973
CVE-2016-3935,0.00089,0.37426
CVE-2016-3936,0.00054,0.19657
CVE-2016-3937,0.00054,0.19657
CVE-2016-3938,0.00089,0.37426
CVE-2016-3939,0.00054,0.19657
CVE-2016-3940,0.00054,0.19657
CVE-2016-3941,0.00667,0.77657
CVE-2016-3943,0.00062,0.24874
CVE-2016-3944,0.00101,0.41123
CVE-2016-3945,0.00370,0.69844
CVE-2016-3946,0.00042,0.05722
CVE-2016-3947,0.02074,0.87933
CVE-2016-3948,0.05971,0.92761
CVE-2016-3949,0.00415,0.71468
CVE-2016-3950,0.00135,0.48691
CVE-2016-3951,0.00388,0.70512
CVE-2016-3952,0.00285,0.65494
CVE-2016-3953,0.02059,0.87877
CVE-2016-3954,0.00248,0.62862
CVE-2016-3955,0.02960,0.89882
CVE-2016-3956,0.00236,0.61775
CVE-2016-3957,0.02067,0.87903
CVE-2016-3958,0.00042,0.05722
CVE-2016-3959,0.02722,0.89504
CVE-2016-3960,0.00046,0.12529
CVE-2016-3961,0.00064,0.26441
CVE-2016-3962,0.00185,0.55855
CVE-2016-3963,0.11481,0.94754
CVE-2016-3968,0.00115,0.45169
CVE-2016-3969,0.00125,0.47020
CVE-2016-3971,0.00071,0.29360
CVE-2016-3972,0.00102,0.41442
CVE-2016-3973,0.00238,0.62006
CVE-2016-3974,0.00793,0.79752
CVE-2016-3975,0.00322,0.67686
CVE-2016-3976,0.97405,0.99919
CVE-2016-3977,0.01844,0.87068
CVE-2016-3978,0.00217,0.59764
CVE-2016-3979,0.00241,0.62174
CVE-2016-3980,0.00217,0.59722
CVE-2016-3981,0.00931,0.81344
CVE-2016-3982,0.01712,0.86522
CVE-2016-3983,0.00180,0.55327
CVE-2016-3984,0.00088,0.36995
CVE-2016-3985,0.00088,0.37177
CVE-2016-3986,0.09925,0.94347
CVE-2016-3987,0.02040,0.87813
CVE-2016-3988,0.00195,0.57440
CVE-2016-3989,0.00184,0.55809
CVE-2016-3990,0.00897,0.80957
CVE-2016-3991,0.00447,0.72411
CVE-2016-3992,0.00063,0.25210
CVE-2016-3993,0.01558,0.85887
CVE-2016-3994,0.01485,0.85488
CVE-2016-3995,0.00166,0.53359
CVE-2016-3996,0.00049,0.15822
CVE-2016-3997,0.00159,0.52424
CVE-2016-3998,0.00148,0.50844
CVE-2016-3999,0.00183,0.55643
CVE-2016-4000,0.01270,0.84260
CVE-2016-4001,0.03487,0.90638
CVE-2016-4002,0.04804,0.91966
CVE-2016-4003,0.01905,0.87333
CVE-2016-4004,0.01309,0.84524
CVE-2016-4005,0.00056,0.20810
CVE-2016-4006,0.00349,0.68963
CVE-2016-4007,0.00370,0.69842
CVE-2016-4008,0.22909,0.96123
CVE-2016-4009,0.01483,0.85479
CVE-2016-4010,0.94320,0.99039
CVE-2016-4014,0.00777,0.79481
CVE-2016-4015,0.00248,0.62800
CVE-2016-4016,0.00393,0.70728
CVE-2016-4017,0.00265,0.64227
CVE-2016-4018,0.00203,0.58353
CVE-2016-4019,0.00340,0.68527
CVE-2016-4020,0.00059,0.23170
CVE-2016-4021,0.00992,0.81989
CVE-2016-4024,0.03570,0.90732
CVE-2016-4025,0.00044,0.10161
CVE-2016-4026,0.00076,0.31323
CVE-2016-4027,0.00082,0.33976
CVE-2016-4028,0.00099,0.40660
CVE-2016-4029,0.00325,0.67797
CVE-2016-4030,0.00212,0.59246
CVE-2016-4031,0.00212,0.59246
CVE-2016-4032,0.00306,0.66784
CVE-2016-4036,0.00042,0.05722
CVE-2016-4037,0.00062,0.24773
CVE-2016-4038,0.00042,0.05722
CVE-2016-4040,0.00117,0.45626
CVE-2016-4041,0.00180,0.55273
CVE-2016-4042,0.00168,0.53562
CVE-2016-4043,0.00088,0.37177
CVE-2016-4045,0.00076,0.31323
CVE-2016-4046,0.00074,0.30718
CVE-2016-4047,0.00053,0.19109
CVE-2016-4048,0.00076,0.31323
CVE-2016-4049,0.02558,0.89165
CVE-2016-4051,0.01053,0.82514
CVE-2016-4052,0.04287,0.91488
CVE-2016-4053,0.00590,0.76021
CVE-2016-4054,0.18829,0.95806
CVE-2016-4055,0.00609,0.76401
CVE-2016-4056,0.00166,0.53324
CVE-2016-4057,0.00140,0.49521
CVE-2016-4058,0.00065,0.27007
CVE-2016-4059,0.03419,0.90562
CVE-2016-4060,0.00235,0.61655
CVE-2016-4061,0.00245,0.62628
CVE-2016-4062,0.00161,0.52713
CVE-2016-4063,0.04625,0.91774
CVE-2016-4064,0.04283,0.91483
CVE-2016-4065,0.01255,0.84153
CVE-2016-4066,0.00159,0.52409
CVE-2016-4068,0.00172,0.54268
CVE-2016-4069,0.10462,0.94498
CVE-2016-4070,0.24230,0.96208
CVE-2016-4071,0.49339,0.97230
CVE-2016-4072,0.06717,0.93184
CVE-2016-4073,0.06250,0.92925
CVE-2016-4074,0.00926,0.81297
CVE-2016-4075,0.00158,0.52274
CVE-2016-4076,0.00379,0.70216
CVE-2016-4077,0.00817,0.80023
CVE-2016-4078,0.00364,0.69601
CVE-2016-4079,0.00287,0.65660
CVE-2016-4080,0.00349,0.68963
CVE-2016-4081,0.00364,0.69601
CVE-2016-4082,0.00287,0.65660
CVE-2016-4083,0.00396,0.70840
CVE-2016-4084,0.00379,0.70216
CVE-2016-4085,0.00173,0.54497
CVE-2016-4086,0.00190,0.56653
CVE-2016-4087,0.00489,0.73604
CVE-2016-4088,0.01433,0.85242
CVE-2016-4089,0.01433,0.85242
CVE-2016-4090,0.01433,0.85242
CVE-2016-4091,0.01065,0.82650
CVE-2016-4092,0.01065,0.82650
CVE-2016-4093,0.01433,0.85242
CVE-2016-4094,0.01433,0.85242
CVE-2016-4095,0.00496,0.73773
CVE-2016-4096,0.01433,0.85242
CVE-2016-4097,0.01433,0.85242
CVE-2016-4098,0.01433,0.85242
CVE-2016-4099,0.01433,0.85242
CVE-2016-4100,0.01433,0.85242
CVE-2016-4101,0.01433,0.85242
CVE-2016-4102,0.01913,0.87365
CVE-2016-4103,0.01433,0.85242
CVE-2016-4104,0.01433,0.85242
CVE-2016-4105,0.01433,0.85242
CVE-2016-4106,0.00051,0.16919
CVE-2016-4107,0.01913,0.87365
CVE-2016-4108,0.94360,0.99049
CVE-2016-4109,0.00831,0.80206
CVE-2016-4110,0.00805,0.79896
CVE-2016-4111,0.00831,0.80206
CVE-2016-4112,0.00831,0.80206
CVE-2016-4113,0.00831,0.80206
CVE-2016-4114,0.00831,0.80206
CVE-2016-4115,0.00831,0.80206
CVE-2016-4116,0.00805,0.79896
CVE-2016-4117,0.97381,0.99900
CVE-2016-4118,0.00050,0.16470
CVE-2016-4119,0.00555,0.75248
CVE-2016-4120,0.01938,0.87450
CVE-2016-4121,0.01325,0.84618
CVE-2016-4122,0.00952,0.81572
CVE-2016-4123,0.00952,0.81572
CVE-2016-4124,0.00952,0.81572
CVE-2016-4125,0.00952,0.81572
CVE-2016-4126,0.00467,0.72985
CVE-2016-4127,0.00952,0.81572
CVE-2016-4128,0.00952,0.81572
CVE-2016-4129,0.00952,0.81572
CVE-2016-4130,0.00952,0.81572
CVE-2016-4131,0.01285,0.84385
CVE-2016-4132,0.01285,0.84385
CVE-2016-4133,0.01285,0.84385
CVE-2016-4134,0.01285,0.84385
CVE-2016-4135,0.95310,0.99212
CVE-2016-4136,0.95538,0.99266
CVE-2016-4137,0.95538,0.99266
CVE-2016-4138,0.95635,0.99287
CVE-2016-4139,0.01285,0.84385
CVE-2016-4140,0.01285,0.84385
CVE-2016-4141,0.01285,0.84385
CVE-2016-4142,0.01285,0.84385
CVE-2016-4143,0.01285,0.84385
CVE-2016-4144,0.01285,0.84385
CVE-2016-4145,0.01285,0.84385
CVE-2016-4146,0.01285,0.84385
CVE-2016-4147,0.01285,0.84385
CVE-2016-4148,0.01285,0.84385
CVE-2016-4149,0.00952,0.81572
CVE-2016-4150,0.00952,0.81572
CVE-2016-4151,0.00952,0.81572
CVE-2016-4152,0.00952,0.81572
CVE-2016-4153,0.00952,0.81572
CVE-2016-4154,0.00952,0.81572
CVE-2016-4155,0.00952,0.81572
CVE-2016-4156,0.01285,0.84385
CVE-2016-4157,0.00084,0.34809
CVE-2016-4158,0.00107,0.43265
CVE-2016-4159,0.00158,0.52274
CVE-2016-4160,0.01938,0.87450
CVE-2016-4161,0.01938,0.87450
CVE-2016-4162,0.01938,0.87450
CVE-2016-4163,0.01938,0.87450
CVE-2016-4164,0.00122,0.46499
CVE-2016-4165,0.01015,0.82171
CVE-2016-4166,0.01498,0.85563
CVE-2016-4167,0.00799,0.79818
CVE-2016-4168,0.00278,0.65063
CVE-2016-4169,0.00170,0.54114
CVE-2016-4170,0.00395,0.70813
CVE-2016-4171,0.15603,0.95431
CVE-2016-4172,0.01872,0.87181
CVE-2016-4173,0.01499,0.85567
CVE-2016-4174,0.01503,0.85609
CVE-2016-4175,0.03958,0.91172
CVE-2016-4176,0.06091,0.92818
CVE-2016-4177,0.06091,0.92818
CVE-2016-4178,0.00231,0.61356
CVE-2016-4179,0.03958,0.91172
CVE-2016-4180,0.01872,0.87181
CVE-2016-4181,0.01872,0.87181
CVE-2016-4182,0.01748,0.86658
CVE-2016-4183,0.01872,0.87181
CVE-2016-4184,0.01872,0.87181
CVE-2016-4185,0.01835,0.87027
CVE-2016-4186,0.01872,0.87181
CVE-2016-4187,0.01872,0.87181
CVE-2016-4188,0.01835,0.87027
CVE-2016-4189,0.01872,0.87181
CVE-2016-4190,0.01872,0.87181
CVE-2016-4191,0.04233,0.91442
CVE-2016-4192,0.01774,0.86748
CVE-2016-4193,0.01774,0.86748
CVE-2016-4194,0.01774,0.86748
CVE-2016-4195,0.03231,0.90294
CVE-2016-4196,0.03532,0.90692
CVE-2016-4197,0.03532,0.90692
CVE-2016-4198,0.03532,0.90692
CVE-2016-4199,0.03532,0.90692
CVE-2016-4200,0.03532,0.90692
CVE-2016-4201,0.01640,0.86263
CVE-2016-4202,0.03231,0.90294
CVE-2016-4203,0.01640,0.86263
CVE-2016-4204,0.01640,0.86263
CVE-2016-4205,0.01640,0.86263
CVE-2016-4206,0.01640,0.86263
CVE-2016-4207,0.01640,0.86263
CVE-2016-4208,0.01640,0.86263
CVE-2016-4209,0.02503,0.89065
CVE-2016-4210,0.08010,0.93704
CVE-2016-4211,0.01774,0.86748
CVE-2016-4212,0.01774,0.86748
CVE-2016-4213,0.01774,0.86748
CVE-2016-4214,0.01774,0.86748
CVE-2016-4215,0.02482,0.89032
CVE-2016-4216,0.00343,0.68668
CVE-2016-4217,0.01872,0.87181
CVE-2016-4218,0.01872,0.87181
CVE-2016-4219,0.01872,0.87181
CVE-2016-4220,0.01872,0.87181
CVE-2016-4221,0.01872,0.87181
CVE-2016-4222,0.01969,0.87551
CVE-2016-4223,0.01376,0.84952
CVE-2016-4224,0.01376,0.84952
CVE-2016-4225,0.01376,0.84952
CVE-2016-4226,0.87850,0.98430
CVE-2016-4227,0.88642,0.98476
CVE-2016-4228,0.87850,0.98430
CVE-2016-4229,0.85704,0.98311
CVE-2016-4230,0.88523,0.98469
CVE-2016-4231,0.89476,0.98539
CVE-2016-4232,0.86724,0.98371
CVE-2016-4233,0.01872,0.87181
CVE-2016-4234,0.01872,0.87181
CVE-2016-4235,0.01872,0.87181
CVE-2016-4236,0.01872,0.87181
CVE-2016-4237,0.01872,0.87181
CVE-2016-4238,0.01872,0.87181
CVE-2016-4239,0.01872,0.87181
CVE-2016-4240,0.01872,0.87181
CVE-2016-4241,0.01872,0.87181
CVE-2016-4242,0.01872,0.87181
CVE-2016-4243,0.01872,0.87181
CVE-2016-4244,0.01872,0.87181
CVE-2016-4245,0.01872,0.87181
CVE-2016-4246,0.01872,0.87181
CVE-2016-4247,0.00495,0.73735
CVE-2016-4248,0.01965,0.87539
CVE-2016-4249,0.01427,0.85204
CVE-2016-4250,0.01774,0.86748
CVE-2016-4251,0.04622,0.91773
CVE-2016-4252,0.01774,0.86748
CVE-2016-4253,0.00214,0.59408
CVE-2016-4254,0.01774,0.86748
CVE-2016-4255,0.03626,0.90799
CVE-2016-4256,0.01371,0.84922
CVE-2016-4257,0.01371,0.84922
CVE-2016-4258,0.01371,0.84922
CVE-2016-4259,0.01371,0.84922
CVE-2016-4260,0.01371,0.84922
CVE-2016-4261,0.01371,0.84922
CVE-2016-4262,0.01371,0.84922
CVE-2016-4263,0.02068,0.87911
CVE-2016-4264,0.73286,0.97847
CVE-2016-4265,0.04563,0.91720
CVE-2016-4266,0.04563,0.91720
CVE-2016-4267,0.04563,0.91720
CVE-2016-4268,0.04563,0.91720
CVE-2016-4269,0.04563,0.91720
CVE-2016-4270,0.04563,0.91720
CVE-2016-4271,0.00406,0.71153
CVE-2016-4272,0.01134,0.83221
CVE-2016-4273,0.94491,0.99069
CVE-2016-4274,0.01971,0.87570
CVE-2016-4275,0.81555,0.98100
CVE-2016-4276,0.01402,0.85078
CVE-2016-4277,0.00167,0.53526
CVE-2016-4278,0.00167,0.53526
CVE-2016-4279,0.01136,0.83243
CVE-2016-4280,0.01971,0.87570
CVE-2016-4281,0.01971,0.87570
CVE-2016-4282,0.01971,0.87570
CVE-2016-4283,0.01971,0.87570
CVE-2016-4284,0.01971,0.87570
CVE-2016-4285,0.01971,0.87570
CVE-2016-4286,0.00959,0.81644
CVE-2016-4287,0.01963,0.87532
CVE-2016-4288,0.00154,0.51739
CVE-2016-4289,0.00060,0.23520
CVE-2016-4290,0.00146,0.50549
CVE-2016-4291,0.00146,0.50549
CVE-2016-4292,0.00103,0.41641
CVE-2016-4293,0.02161,0.88240
CVE-2016-4294,0.00123,0.46572
CVE-2016-4295,0.00103,0.41641
CVE-2016-4296,0.00103,0.41641
CVE-2016-4298,0.00158,0.52341
CVE-2016-4300,0.01055,0.82532
CVE-2016-4301,0.02598,0.89248
CVE-2016-4302,0.01261,0.84214
CVE-2016-4303,0.01719,0.86551
CVE-2016-4304,0.00042,0.05722
CVE-2016-4305,0.00042,0.05722
CVE-2016-4306,0.00067,0.27625
CVE-2016-4307,0.00056,0.21112
CVE-2016-4309,0.04205,0.91410
CVE-2016-4311,0.00763,0.79266
CVE-2016-4312,0.01575,0.85973
CVE-2016-4313,0.01278,0.84310
CVE-2016-4314,0.03870,0.91088
CVE-2016-4315,0.01361,0.84857
CVE-2016-4316,0.00333,0.68280
CVE-2016-4317,0.00116,0.45310
CVE-2016-4318,0.00123,0.46543
CVE-2016-4319,0.00166,0.53272
CVE-2016-4320,0.00136,0.48941
CVE-2016-4322,0.00548,0.75108
CVE-2016-4323,0.00512,0.74215
CVE-2016-4324,0.14361,0.95248
CVE-2016-4325,0.00423,0.71711
CVE-2016-4326,0.00812,0.79962
CVE-2016-4327,0.00153,0.51621
CVE-2016-4328,0.00564,0.75450
CVE-2016-4329,0.00042,0.05722
CVE-2016-4330,0.00239,0.62039
CVE-2016-4331,0.00210,0.58970
CVE-2016-4332,0.00298,0.66335
CVE-2016-4333,0.00107,0.43264
CVE-2016-4334,0.00282,0.65357
CVE-2016-4335,0.01892,0.87271
CVE-2016-4336,0.00795,0.79770
CVE-2016-4337,0.00190,0.56606
CVE-2016-4338,0.02124,0.88080
CVE-2016-4340,0.02563,0.89175
CVE-2016-4341,0.00334,0.68323
CVE-2016-4342,0.03288,0.90373
CVE-2016-4343,0.29076,0.96480
CVE-2016-4344,0.00539,0.74882
CVE-2016-4345,0.00539,0.74882
CVE-2016-4346,0.00704,0.78316
CVE-2016-4348,0.00908,0.81086
CVE-2016-4349,0.00042,0.05722
CVE-2016-4350,0.96429,0.99481
CVE-2016-4351,0.00478,0.73309
CVE-2016-4352,0.00191,0.56684
CVE-2016-4353,0.01413,0.85130
CVE-2016-4354,0.01306,0.84509
CVE-2016-4355,0.01306,0.84509
CVE-2016-4356,0.02252,0.88485
CVE-2016-4357,0.00124,0.46785
CVE-2016-4358,0.00255,0.63448
CVE-2016-4359,0.21636,0.96034
CVE-2016-4360,0.02383,0.88808
CVE-2016-4361,0.01197,0.83731
CVE-2016-4362,0.00124,0.46785
CVE-2016-4363,0.00137,0.49133
CVE-2016-4364,0.00074,0.30697
CVE-2016-4365,0.00244,0.62436
CVE-2016-4366,0.00641,0.77076
CVE-2016-4367,0.00143,0.50163
CVE-2016-4368,0.00632,0.76887
CVE-2016-4369,0.00156,0.52060
CVE-2016-4370,0.00126,0.47173
CVE-2016-4371,0.00076,0.31383
CVE-2016-4372,0.03939,0.91158
CVE-2016-4373,0.00391,0.70678
CVE-2016-4374,0.00096,0.40030
CVE-2016-4375,0.00668,0.77667
CVE-2016-4376,0.00246,0.62681
CVE-2016-4377,0.01090,0.82858
CVE-2016-4378,0.00187,0.56261
CVE-2016-4379,0.00264,0.64072
CVE-2016-4380,0.00158,0.52310
CVE-2016-4381,0.00057,0.21322
CVE-2016-4382,0.00315,0.67302
CVE-2016-4383,0.00215,0.59527
CVE-2016-4384,0.01253,0.84139
CVE-2016-4385,0.07067,0.93350
CVE-2016-4386,0.00082,0.34135
CVE-2016-4387,0.03755,0.90965
CVE-2016-4388,0.04369,0.91557
CVE-2016-4389,0.04369,0.91557
CVE-2016-4390,0.04369,0.91557
CVE-2016-4391,0.05644,0.92583
CVE-2016-4392,0.00101,0.41228
CVE-2016-4393,0.00115,0.45199
CVE-2016-4394,0.00415,0.71473
CVE-2016-4395,0.04743,0.91893
CVE-2016-4396,0.04743,0.91893
CVE-2016-4397,0.00043,0.07614
CVE-2016-4398,0.01011,0.82138
CVE-2016-4399,0.00101,0.41228
CVE-2016-4400,0.00101,0.41228
CVE-2016-4401,0.00222,0.60556
CVE-2016-4402,0.01962,0.87532
CVE-2016-4403,0.01871,0.87165
CVE-2016-4404,0.01871,0.87165
CVE-2016-4405,0.01011,0.82138
CVE-2016-4406,0.00156,0.52033
CVE-2016-4407,0.00135,0.48836
CVE-2016-4412,0.00064,0.26274
CVE-2016-4414,0.02652,0.89364
CVE-2016-4415,0.00954,0.81597
CVE-2016-4416,0.00209,0.58895
CVE-2016-4417,0.00302,0.66525
CVE-2016-4418,0.00302,0.66525
CVE-2016-4419,0.00209,0.58895
CVE-2016-4420,0.00246,0.62670
CVE-2016-4421,0.00327,0.67943
CVE-2016-4422,0.00448,0.72459
CVE-2016-4423,0.01045,0.82451
CVE-2016-4425,0.00919,0.81220
CVE-2016-4426,0.00053,0.18436
CVE-2016-4427,0.00145,0.50349
CVE-2016-4428,0.00101,0.41108
CVE-2016-4429,0.00545,0.75037
CVE-2016-4430,0.00414,0.71421
CVE-2016-4431,0.00914,0.81156
CVE-2016-4432,0.00226,0.60901
CVE-2016-4433,0.00531,0.74682
CVE-2016-4434,0.00283,0.65426
CVE-2016-4435,0.00198,0.57743
CVE-2016-4436,0.02365,0.88767
CVE-2016-4437,0.97496,0.99973
CVE-2016-4438,0.06683,0.93168
CVE-2016-4439,0.00062,0.24773
CVE-2016-4440,0.00061,0.23761
CVE-2016-4441,0.00062,0.24773
CVE-2016-4442,0.00214,0.59477
CVE-2016-4443,0.00042,0.05722
CVE-2016-4444,0.00042,0.05722
CVE-2016-4445,0.00042,0.05722
CVE-2016-4446,0.00042,0.05722
CVE-2016-4447,0.00199,0.57835
CVE-2016-4448,0.00952,0.81564
CVE-2016-4449,0.00956,0.81610
CVE-2016-4450,0.02237,0.88455
CVE-2016-4451,0.00178,0.55135
CVE-2016-4453,0.00062,0.24773
CVE-2016-4454,0.00062,0.24773
CVE-2016-4455,0.00044,0.10357
CVE-2016-4456,0.00173,0.54491
CVE-2016-4457,0.00133,0.48333
CVE-2016-4459,0.02302,0.88616
CVE-2016-4460,0.00161,0.52773
CVE-2016-4461,0.09408,0.94187
CVE-2016-4462,0.00160,0.52626
CVE-2016-4463,0.00436,0.72107
CVE-2016-4464,0.02032,0.87788
CVE-2016-4465,0.95900,0.99340
CVE-2016-4467,0.00144,0.50273
CVE-2016-4468,0.00099,0.40746
CVE-2016-4469,0.00575,0.75665
CVE-2016-4470,0.00046,0.13781
CVE-2016-4471,0.00206,0.58596
CVE-2016-4472,0.01365,0.84894
CVE-2016-4473,0.03230,0.90293
CVE-2016-4474,0.00132,0.48075
CVE-2016-4475,0.00405,0.71098
CVE-2016-4476,0.00194,0.57291
CVE-2016-4477,0.00064,0.26494
CVE-2016-4478,0.01208,0.83810
CVE-2016-4480,0.00134,0.48521
CVE-2016-4482,0.00134,0.48584
CVE-2016-4483,0.00455,0.72657
CVE-2016-4484,0.00119,0.45939
CVE-2016-4485,0.00514,0.74254
CVE-2016-4486,0.00044,0.08219
CVE-2016-4487,0.00388,0.70515
CVE-2016-4488,0.00388,0.70515
CVE-2016-4489,0.00392,0.70708
CVE-2016-4490,0.00392,0.70708
CVE-2016-4491,0.00351,0.69030
CVE-2016-4492,0.00162,0.52813
CVE-2016-4493,0.00380,0.70243
CVE-2016-4494,0.00080,0.33416
CVE-2016-4495,0.00145,0.50360
CVE-2016-4496,0.00052,0.17599
CVE-2016-4497,0.00049,0.15164
CVE-2016-4498,0.00149,0.50947
CVE-2016-4499,0.00048,0.14576
CVE-2016-4500,0.00170,0.54130
CVE-2016-4501,0.00236,0.61782
CVE-2016-4502,0.00304,0.66627
CVE-2016-4503,0.00329,0.68033
CVE-2016-4504,0.00068,0.28357
CVE-2016-4505,0.00206,0.58579
CVE-2016-4506,0.00069,0.28636
CVE-2016-4507,0.00090,0.37740
CVE-2016-4508,0.00581,0.75810
CVE-2016-4509,0.00695,0.78170
CVE-2016-4510,0.19611,0.95884
CVE-2016-4511,0.00042,0.00438
CVE-2016-4512,0.09075,0.94069
CVE-2016-4513,0.00736,0.78861
CVE-2016-4514,0.00149,0.50950
CVE-2016-4516,0.00042,0.00438
CVE-2016-4518,0.00157,0.52084
CVE-2016-4519,0.06017,0.92787
CVE-2016-4520,0.03580,0.90747
CVE-2016-4521,0.00423,0.71711
CVE-2016-4522,0.00114,0.44866
CVE-2016-4523,0.23572,0.96167
CVE-2016-4524,0.00042,0.00438
CVE-2016-4525,0.00191,0.56756
CVE-2016-4526,0.00043,0.05916
CVE-2016-4527,0.00042,0.00438
CVE-2016-4528,0.00043,0.07423
CVE-2016-4529,0.17994,0.95723
CVE-2016-4530,0.00157,0.52084
CVE-2016-4531,0.00181,0.55457
CVE-2016-4532,0.34114,0.96706
CVE-2016-4533,0.02404,0.88857
CVE-2016-4534,0.00081,0.33541
CVE-2016-4535,0.08499,0.93871
CVE-2016-4536,0.00297,0.66286
CVE-2016-4537,0.03592,0.90759
CVE-2016-4538,0.03592,0.90759
CVE-2016-4539,0.02758,0.89576
CVE-2016-4540,0.03243,0.90312
CVE-2016-4541,0.03243,0.90312
CVE-2016-4542,0.03243,0.90312
CVE-2016-4543,0.01711,0.86520
CVE-2016-4544,0.01383,0.84976
CVE-2016-4545,0.00245,0.62628
CVE-2016-4546,0.00042,0.05722
CVE-2016-4547,0.00119,0.45860
CVE-2016-4551,0.00302,0.66495
CVE-2016-4552,0.00275,0.64872
CVE-2016-4553,0.52868,0.97322
CVE-2016-4554,0.00372,0.69899
CVE-2016-4555,0.01919,0.87388
CVE-2016-4556,0.01994,0.87651
CVE-2016-4557,0.00088,0.37055
CVE-2016-4558,0.00062,0.24515
CVE-2016-4560,0.00042,0.05722
CVE-2016-4561,0.00151,0.51351
CVE-2016-4562,0.00515,0.74290
CVE-2016-4563,0.00515,0.74290
CVE-2016-4564,0.00698,0.78227
CVE-2016-4565,0.00046,0.13781
CVE-2016-4566,0.01019,0.82202
CVE-2016-4567,0.00510,0.74165
CVE-2016-4568,0.00042,0.05722
CVE-2016-4569,0.00044,0.08000
CVE-2016-4570,0.00531,0.74673
CVE-2016-4571,0.00531,0.74673
CVE-2016-4572,0.00104,0.42231
CVE-2016-4573,0.00520,0.74408
CVE-2016-4574,0.01593,0.86048
CVE-2016-4575,0.00131,0.48009
CVE-2016-4576,0.05402,0.92423
CVE-2016-4577,0.01765,0.86715
CVE-2016-4578,0.00044,0.08219
CVE-2016-4579,0.01728,0.86587
CVE-2016-4580,0.00916,0.81172
CVE-2016-4581,0.00044,0.08000
CVE-2016-4582,0.00042,0.05722
CVE-2016-4583,0.00287,0.65620
CVE-2016-4584,0.00516,0.74320
CVE-2016-4585,0.00213,0.59318
CVE-2016-4586,0.00564,0.75446
CVE-2016-4587,0.00336,0.68391
CVE-2016-4588,0.00731,0.78791
CVE-2016-4589,0.00516,0.74320
CVE-2016-4590,0.00406,0.71151
CVE-2016-4591,0.00346,0.68785
CVE-2016-4592,0.00944,0.81471
CVE-2016-4593,0.00106,0.42708
CVE-2016-4594,0.00322,0.67669
CVE-2016-4595,0.00118,0.45721
CVE-2016-4596,0.00748,0.79023
CVE-2016-4597,0.00748,0.79023
CVE-2016-4598,0.01193,0.83697
CVE-2016-4599,0.00915,0.81165
CVE-2016-4600,0.00748,0.79023
CVE-2016-4601,0.00748,0.79023
CVE-2016-4602,0.00748,0.79023
CVE-2016-4603,0.00141,0.49753
CVE-2016-4604,0.00307,0.66822
CVE-2016-4605,0.00674,0.77773
CVE-2016-4606,0.00444,0.72334
CVE-2016-4607,0.04657,0.91812
CVE-2016-4608,0.04657,0.91812
CVE-2016-4609,0.03844,0.91063
CVE-2016-4610,0.03844,0.91063
CVE-2016-4611,0.00516,0.74320
CVE-2016-4613,0.00394,0.70766
CVE-2016-4614,0.05247,0.92299
CVE-2016-4615,0.05247,0.92299
CVE-2016-4616,0.05247,0.92299
CVE-2016-4617,0.00044,0.10161
CVE-2016-4618,0.00255,0.63485
CVE-2016-4620,0.00128,0.47462
CVE-2016-4621,0.00187,0.56272
CVE-2016-4622,0.00539,0.74883
CVE-2016-4623,0.00516,0.74320
CVE-2016-4624,0.00516,0.74320
CVE-2016-4625,0.00042,0.00438
CVE-2016-4626,0.00042,0.05722
CVE-2016-4627,0.00042,0.05722
CVE-2016-4628,0.00042,0.05722
CVE-2016-4629,0.04415,0.91600
CVE-2016-4630,0.02488,0.89040
CVE-2016-4631,0.01098,0.82932
CVE-2016-4632,0.07782,0.93593
CVE-2016-4633,0.00237,0.61862
CVE-2016-4634,0.00042,0.05722
CVE-2016-4635,0.00185,0.55853
CVE-2016-4637,0.01903,0.87328
CVE-2016-4638,0.00152,0.51494
CVE-2016-4639,0.00121,0.46359
CVE-2016-4640,0.00237,0.61862
CVE-2016-4641,0.00067,0.27755
CVE-2016-4642,0.00182,0.55538
CVE-2016-4643,0.00115,0.45013
CVE-2016-4644,0.00112,0.44393
CVE-2016-4645,0.00042,0.05722
CVE-2016-4646,0.02351,0.88726
CVE-2016-4647,0.00065,0.26793
CVE-2016-4648,0.00065,0.26793
CVE-2016-4649,0.00042,0.05722
CVE-2016-4650,0.00214,0.59507
CVE-2016-4651,0.00213,0.59295
CVE-2016-4652,0.00065,0.26793
CVE-2016-4653,0.00065,0.26793
CVE-2016-4654,0.00167,0.53464
CVE-2016-4655,0.86563,0.98364
CVE-2016-4656,0.00552,0.75184
CVE-2016-4657,0.87595,0.98416
CVE-2016-4658,0.01921,0.87394
CVE-2016-4660,0.00834,0.80235
CVE-2016-4661,0.00103,0.41788
CVE-2016-4662,0.00137,0.49090
CVE-2016-4663,0.00103,0.41788
CVE-2016-4664,0.00127,0.47263
CVE-2016-4665,0.00127,0.47263
CVE-2016-4666,0.00675,0.77783
CVE-2016-4667,0.01015,0.82165
CVE-2016-4669,0.00042,0.00438
CVE-2016-4670,0.00042,0.05722
CVE-2016-4671,0.00680,0.77915
CVE-2016-4673,0.01311,0.84540
CVE-2016-4674,0.00042,0.05722
CVE-2016-4675,0.00233,0.61478
CVE-2016-4676,0.00647,0.77181
CVE-2016-4677,0.00615,0.76544
CVE-2016-4678,0.00045,0.12491
CVE-2016-4679,0.00625,0.76761
CVE-2016-4680,0.00127,0.47263
CVE-2016-4681,0.00741,0.78932
CVE-2016-4682,0.00345,0.68749
CVE-2016-4683,0.00713,0.78487
CVE-2016-4685,0.00124,0.46760
CVE-2016-4686,0.00051,0.17134
CVE-2016-4688,0.01089,0.82850
CVE-2016-4689,0.00211,0.59053
CVE-2016-4690,0.00165,0.53218
CVE-2016-4691,0.01363,0.84874
CVE-2016-4692,0.00681,0.77948
CVE-2016-4693,0.00278,0.65006
CVE-2016-4694,0.00566,0.75480
CVE-2016-4696,0.00187,0.56272
CVE-2016-4697,0.00202,0.58166
CVE-2016-4698,0.00233,0.61463
CVE-2016-4699,0.00202,0.58166
CVE-2016-4700,0.00202,0.58166
CVE-2016-4701,0.00078,0.32116
CVE-2016-4702,0.01710,0.86511
CVE-2016-4703,0.00187,0.56272
CVE-2016-4704,0.00042,0.05722
CVE-2016-4705,0.00042,0.05722
CVE-2016-4706,0.00042,0.05722
CVE-2016-4707,0.00079,0.32914
CVE-2016-4708,0.00630,0.76867
CVE-2016-4709,0.00065,0.26793
CVE-2016-4710,0.00065,0.26793
CVE-2016-4711,0.00321,0.67625
CVE-2016-4712,0.00203,0.58300
CVE-2016-4713,0.00149,0.50915
CVE-2016-4715,0.00099,0.40571
CVE-2016-4716,0.00042,0.05722
CVE-2016-4717,0.00125,0.46993
CVE-2016-4718,0.00712,0.78462
CVE-2016-4719,0.00163,0.52973
CVE-2016-4721,0.00099,0.40736
CVE-2016-4722,0.00704,0.78302
CVE-2016-4723,0.00187,0.56272
CVE-2016-4724,0.00233,0.61463
CVE-2016-4725,0.01193,0.83694
CVE-2016-4726,0.00203,0.58300
CVE-2016-4727,0.00202,0.58166
CVE-2016-4728,0.00649,0.77228
CVE-2016-4729,0.00697,0.78212
CVE-2016-4730,0.00516,0.74320
CVE-2016-4731,0.00697,0.78212
CVE-2016-4733,0.00582,0.75841
CVE-2016-4734,0.36457,0.96795
CVE-2016-4735,0.00516,0.74320
CVE-2016-4736,0.01074,0.82734
CVE-2016-4737,0.00516,0.74320
CVE-2016-4738,0.00343,0.68642
CVE-2016-4739,0.00340,0.68553
CVE-2016-4740,0.00137,0.49117
CVE-2016-4741,0.00234,0.61525
CVE-2016-4742,0.00110,0.44025
CVE-2016-4743,0.00583,0.75845
CVE-2016-4745,0.00340,0.68553
CVE-2016-4746,0.00671,0.77728
CVE-2016-4747,0.00136,0.48988
CVE-2016-4748,0.00042,0.05722
CVE-2016-4749,0.00042,0.05722
CVE-2016-4750,0.00233,0.61463
CVE-2016-4751,0.00176,0.54814
CVE-2016-4752,0.00110,0.44025
CVE-2016-4753,0.00225,0.60800
CVE-2016-4754,0.00247,0.62719
CVE-2016-4755,0.00042,0.05722
CVE-2016-4758,0.00450,0.72499
CVE-2016-4759,0.00516,0.74320
CVE-2016-4760,0.00521,0.74415
CVE-2016-4761,0.00559,0.75316
CVE-2016-4762,0.00638,0.77006
CVE-2016-4763,0.00143,0.50060
CVE-2016-4764,0.00696,0.78184
CVE-2016-4765,0.00516,0.74320
CVE-2016-4766,0.00470,0.73041
CVE-2016-4767,0.00516,0.74320
CVE-2016-4768,0.00508,0.74111
CVE-2016-4769,0.00697,0.78212
CVE-2016-4771,0.00073,0.30011
CVE-2016-4772,0.07782,0.93593
CVE-2016-4773,0.00224,0.60738
CVE-2016-4774,0.00224,0.60738
CVE-2016-4775,0.00042,0.05722
CVE-2016-4776,0.00224,0.60738
CVE-2016-4777,0.00203,0.58300
CVE-2016-4778,0.00203,0.58300
CVE-2016-4779,0.00915,0.81165
CVE-2016-4780,0.00080,0.33325
CVE-2016-4781,0.00126,0.47134
CVE-2016-4782,0.00413,0.71362
CVE-2016-4783,0.00131,0.48009
CVE-2016-4784,0.00516,0.74323
CVE-2016-4785,0.00516,0.74323
CVE-2016-4786,0.00235,0.61655
CVE-2016-4787,0.00329,0.68046
CVE-2016-4788,0.00149,0.51014
CVE-2016-4789,0.00125,0.47020
CVE-2016-4790,0.00067,0.27856
CVE-2016-4791,0.00091,0.38552
CVE-2016-4792,0.00168,0.53562
CVE-2016-4793,0.06991,0.93317
CVE-2016-4794,0.00042,0.05722
CVE-2016-4796,0.01099,0.82936
CVE-2016-4797,0.01125,0.83145
CVE-2016-4800,0.01026,0.82256
CVE-2016-4802,0.00060,0.23608
CVE-2016-4803,0.00447,0.72417
CVE-2016-4804,0.00238,0.61996
CVE-2016-4805,0.00044,0.08000
CVE-2016-4806,0.00626,0.76784
CVE-2016-4807,0.00083,0.34256
CVE-2016-4808,0.00444,0.72337
CVE-2016-4809,0.00810,0.79946
CVE-2016-4810,0.00101,0.41111
CVE-2016-4811,0.00154,0.51695
CVE-2016-4812,0.00182,0.55587
CVE-2016-4813,0.00305,0.66699
CVE-2016-4814,0.00377,0.70066
CVE-2016-4815,0.00377,0.70066
CVE-2016-4816,0.00268,0.64414
CVE-2016-4817,0.01225,0.83940
CVE-2016-4818,0.00413,0.71383
CVE-2016-4819,0.01984,0.87614
CVE-2016-4820,0.00157,0.52101
CVE-2016-4821,0.00393,0.70741
CVE-2016-4822,0.00267,0.64376
CVE-2016-4823,0.00633,0.76905
CVE-2016-4824,0.00297,0.66286
CVE-2016-4825,0.00401,0.71005
CVE-2016-4826,0.00127,0.47284
CVE-2016-4827,0.00127,0.47284
CVE-2016-4828,0.00200,0.57948
CVE-2016-4829,0.00097,0.40198
CVE-2016-4830,0.00187,0.56294
CVE-2016-4831,0.00042,0.05722
CVE-2016-4832,0.00187,0.56294
CVE-2016-4833,0.00177,0.54908
CVE-2016-4834,0.00185,0.55832
CVE-2016-4837,0.00186,0.55996
CVE-2016-4838,0.00175,0.54764
CVE-2016-4839,0.00101,0.41217
CVE-2016-4840,0.00187,0.56294
CVE-2016-4841,0.00216,0.59635
CVE-2016-4842,0.00182,0.55608
CVE-2016-4843,0.00222,0.60558
CVE-2016-4844,0.00216,0.59635
CVE-2016-4845,0.00321,0.67615
CVE-2016-4846,0.00168,0.53550
CVE-2016-4847,0.00131,0.48051
CVE-2016-4848,0.00135,0.48872
CVE-2016-4849,0.00193,0.57191
CVE-2016-4850,0.00985,0.81892
CVE-2016-4851,0.00107,0.43129
CVE-2016-4852,0.00343,0.68678
CVE-2016-4853,0.00591,0.76058
CVE-2016-4854,0.00247,0.62746
CVE-2016-4855,0.00158,0.52306
CVE-2016-4856,0.00077,0.31738
CVE-2016-4857,0.00076,0.31323
CVE-2016-4858,0.00065,0.27007
CVE-2016-4859,0.00154,0.51742
CVE-2016-4860,0.00335,0.68348
CVE-2016-4861,0.00895,0.80937
CVE-2016-4862,0.00283,0.65423
CVE-2016-4863,0.00087,0.35980
CVE-2016-4864,0.00139,0.49378
CVE-2016-4865,0.00110,0.44012
CVE-2016-4866,0.00110,0.44012
CVE-2016-4867,0.00138,0.49338
CVE-2016-4868,0.00182,0.55572
CVE-2016-4869,0.00222,0.60558
CVE-2016-4870,0.00110,0.43982
CVE-2016-4871,0.00272,0.64647
CVE-2016-4872,0.00138,0.49338
CVE-2016-4873,0.00150,0.51197
CVE-2016-4874,0.00129,0.47724
CVE-2016-4875,0.00168,0.53549
CVE-2016-4876,0.00236,0.61798
CVE-2016-4877,0.00078,0.32091
CVE-2016-4878,0.00236,0.61798
CVE-2016-4879,0.00236,0.61798
CVE-2016-4880,0.00078,0.32091
CVE-2016-4881,0.00236,0.61798
CVE-2016-4882,0.00236,0.61798
CVE-2016-4883,0.00078,0.32091
CVE-2016-4884,0.00236,0.61798
CVE-2016-4885,0.00236,0.61798
CVE-2016-4886,0.00236,0.61798
CVE-2016-4887,0.00236,0.61798
CVE-2016-4888,0.00134,0.48555
CVE-2016-4889,0.00388,0.70512
CVE-2016-4890,0.00236,0.61747
CVE-2016-4891,0.00247,0.62746
CVE-2016-4892,0.00115,0.45015
CVE-2016-4893,0.00149,0.51012
CVE-2016-4894,0.00259,0.63699
CVE-2016-4895,0.00344,0.68713
CVE-2016-4896,0.00255,0.63491
CVE-2016-4897,0.00119,0.45934
CVE-2016-4898,0.00753,0.79099
CVE-2016-4899,0.00753,0.79099
CVE-2016-4900,0.00568,0.75513
CVE-2016-4901,0.00568,0.75513
CVE-2016-4902,0.00232,0.61409
CVE-2016-4903,0.00118,0.45776
CVE-2016-4904,0.00238,0.61981
CVE-2016-4905,0.00219,0.59909
CVE-2016-4906,0.00118,0.45776
CVE-2016-4907,0.00236,0.61798
CVE-2016-4908,0.00156,0.51916
CVE-2016-4909,0.00148,0.50814
CVE-2016-4910,0.00116,0.45262
CVE-2016-4911,0.00211,0.59075
CVE-2016-4912,0.00189,0.56443
CVE-2016-4913,0.00044,0.08000
CVE-2016-4921,0.00314,0.67220
CVE-2016-4922,0.00052,0.18252
CVE-2016-4923,0.00129,0.47584
CVE-2016-4924,0.00044,0.10161
CVE-2016-4925,0.00314,0.67220
CVE-2016-4926,0.00615,0.76544
CVE-2016-4927,0.00152,0.51359
CVE-2016-4928,0.00075,0.30958
CVE-2016-4929,0.00113,0.44650
CVE-2016-4930,0.00098,0.40456
CVE-2016-4931,0.00080,0.33264
CVE-2016-4945,0.00204,0.58356
CVE-2016-4946,0.00125,0.47020
CVE-2016-4947,0.00177,0.54880
CVE-2016-4948,0.00117,0.45647
CVE-2016-4949,0.00288,0.65687
CVE-2016-4950,0.00288,0.65687
CVE-2016-4951,0.00044,0.08000
CVE-2016-4952,0.00062,0.24773
CVE-2016-4953,0.02029,0.87770
CVE-2016-4954,0.02001,0.87682
CVE-2016-4955,0.01599,0.86074
CVE-2016-4956,0.01771,0.86731
CVE-2016-4957,0.93695,0.98952
CVE-2016-4959,0.00427,0.71821
CVE-2016-4960,0.00052,0.18252
CVE-2016-4961,0.00052,0.18252
CVE-2016-4962,0.00046,0.12529
CVE-2016-4963,0.00052,0.18252
CVE-2016-4964,0.00062,0.24773
CVE-2016-4965,0.00282,0.65343
CVE-2016-4966,0.00138,0.49279
CVE-2016-4967,0.00159,0.52509
CVE-2016-4968,0.00159,0.52509
CVE-2016-4969,0.00146,0.50466
CVE-2016-4970,0.01152,0.83351
CVE-2016-4971,0.95397,0.99232
CVE-2016-4972,0.02704,0.89468
CVE-2016-4973,0.00042,0.05722
CVE-2016-4974,0.01068,0.82669
CVE-2016-4975,0.00399,0.70935
CVE-2016-4976,0.00042,0.05722
CVE-2016-4977,0.03345,0.90457
CVE-2016-4978,0.01651,0.86297
CVE-2016-4979,0.00211,0.59055
CVE-2016-4980,0.00045,0.12069
CVE-2016-4982,0.00042,0.05722
CVE-2016-4983,0.00042,0.05722
CVE-2016-4984,0.00042,0.05722
CVE-2016-4985,0.00584,0.75876
CVE-2016-4986,0.00406,0.71161
CVE-2016-4987,0.00141,0.49735
CVE-2016-4988,0.00131,0.48009
CVE-2016-4989,0.00042,0.05722
CVE-2016-4991,0.00236,0.61778
CVE-2016-4992,0.00340,0.68553
CVE-2016-4993,0.00315,0.67325
CVE-2016-4994,0.02293,0.88599
CVE-2016-4995,0.00129,0.47645
CVE-2016-4996,0.00042,0.05722
CVE-2016-4997,0.00044,0.08214
CVE-2016-4998,0.00044,0.08000
CVE-2016-4999,0.01319,0.84582
CVE-2016-5000,0.00158,0.52226
CVE-2016-5001,0.00042,0.05722
CVE-2016-5002,0.00225,0.60851
CVE-2016-5003,0.41966,0.96989
CVE-2016-5004,0.00218,0.59800
CVE-2016-5005,0.00092,0.38851
CVE-2016-5006,0.00244,0.62506
CVE-2016-5007,0.00231,0.61332
CVE-2016-5008,0.02736,0.89531
CVE-2016-5009,0.01810,0.86899
CVE-2016-5010,0.00485,0.73508
CVE-2016-5011,0.00163,0.53016
CVE-2016-5012,0.00074,0.30718
CVE-2016-5013,0.00076,0.31323
CVE-2016-5014,0.00076,0.31323
CVE-2016-5016,0.00265,0.64203
CVE-2016-5017,0.01288,0.84401
CVE-2016-5018,0.00170,0.54077
CVE-2016-5019,0.00374,0.69992
CVE-2016-5020,0.00280,0.65181
CVE-2016-5021,0.00108,0.43486
CVE-2016-5022,0.00741,0.78935
CVE-2016-5023,0.00409,0.71259
CVE-2016-5024,0.00427,0.71813
CVE-2016-5025,0.00052,0.18252
CVE-2016-5026,0.00042,0.05722
CVE-2016-5027,0.00350,0.68977
CVE-2016-5028,0.00079,0.32794
CVE-2016-5029,0.00079,0.32794
CVE-2016-5030,0.00079,0.32794
CVE-2016-5031,0.00144,0.50270
CVE-2016-5032,0.00079,0.32794
CVE-2016-5033,0.00079,0.32794
CVE-2016-5034,0.00079,0.32794
CVE-2016-5035,0.00079,0.32794
CVE-2016-5036,0.00140,0.49695
CVE-2016-5037,0.00079,0.32794
CVE-2016-5038,0.00129,0.47721
CVE-2016-5039,0.00140,0.49695
CVE-2016-5040,0.00140,0.49695
CVE-2016-5041,0.00347,0.68811
CVE-2016-5042,0.00157,0.52071
CVE-2016-5043,0.00140,0.49695
CVE-2016-5044,0.00199,0.57920
CVE-2016-5045,0.00349,0.68920
CVE-2016-5047,0.00265,0.64246
CVE-2016-5048,0.00172,0.54446
CVE-2016-5049,0.00245,0.62614
CVE-2016-5050,0.01428,0.85209
CVE-2016-5051,0.00438,0.72172
CVE-2016-5052,0.00091,0.38432
CVE-2016-5053,0.01158,0.83408
CVE-2016-5054,0.00091,0.38432
CVE-2016-5055,0.00081,0.33700
CVE-2016-5056,0.00438,0.72172
CVE-2016-5057,0.00091,0.38432
CVE-2016-5058,0.00091,0.38432
CVE-2016-5059,0.00079,0.33197
CVE-2016-5060,0.00135,0.48872
CVE-2016-5061,0.00330,0.68105
CVE-2016-5062,0.00536,0.74820
CVE-2016-5063,0.03158,0.90177
CVE-2016-5065,0.01201,0.83754
CVE-2016-5066,0.00659,0.77474
CVE-2016-5067,0.00133,0.48384
CVE-2016-5068,0.00659,0.77474
CVE-2016-5069,0.00659,0.77474
CVE-2016-5070,0.00659,0.77474
CVE-2016-5071,0.00144,0.50299
CVE-2016-5072,0.00266,0.64270
CVE-2016-5073,0.00163,0.52997
CVE-2016-5074,0.00638,0.76994
CVE-2016-5075,0.00163,0.52997
CVE-2016-5076,0.00649,0.77226
CVE-2016-5077,0.00080,0.33432
CVE-2016-5078,0.00080,0.33432
CVE-2016-5080,0.00924,0.81272
CVE-2016-5081,0.00536,0.74820
CVE-2016-5084,0.00351,0.69043
CVE-2016-5085,0.00626,0.76777
CVE-2016-5086,0.01348,0.84757
CVE-2016-5087,0.00042,0.00438
CVE-2016-5091,0.03369,0.90494
CVE-2016-5092,0.00141,0.49735
CVE-2016-5093,0.02396,0.88837
CVE-2016-5094,0.04913,0.92047
CVE-2016-5095,0.02110,0.88042
CVE-2016-5096,0.06033,0.92794
CVE-2016-5097,0.00532,0.74710
CVE-2016-5098,0.00436,0.72104
CVE-2016-5099,0.00235,0.61693
CVE-2016-5100,0.00423,0.71703
CVE-2016-5101,0.01501,0.85598
CVE-2016-5102,0.00782,0.79547
CVE-2016-5104,0.00521,0.74422
CVE-2016-5105,0.00059,0.22823
CVE-2016-5106,0.00062,0.24773
CVE-2016-5107,0.00062,0.24773
CVE-2016-5108,0.28167,0.96434
CVE-2016-5109,0.00044,0.10161
CVE-2016-5114,0.01161,0.83435
CVE-2016-5115,0.00135,0.48662
CVE-2016-5116,0.00746,0.78989
CVE-2016-5117,0.00169,0.53930
CVE-2016-5118,0.72301,0.97817
CVE-2016-5119,0.00191,0.56722
CVE-2016-5124,0.00340,0.68535
CVE-2016-5126,0.00058,0.22712
CVE-2016-5127,0.01866,0.87146
CVE-2016-5128,0.01025,0.82248
CVE-2016-5129,0.02335,0.88685
CVE-2016-5130,0.00530,0.74658
CVE-2016-5131,0.09840,0.94319
CVE-2016-5132,0.01549,0.85835
CVE-2016-5133,0.00373,0.69930
CVE-2016-5134,0.01549,0.85835
CVE-2016-5135,0.00494,0.73723
CVE-2016-5136,0.03838,0.91056
CVE-2016-5137,0.00508,0.74105
CVE-2016-5138,0.01303,0.84493
CVE-2016-5139,0.02539,0.89137
CVE-2016-5140,0.02126,0.88085
CVE-2016-5141,0.00580,0.75781
CVE-2016-5142,0.00983,0.81868
CVE-2016-5143,0.01087,0.82837
CVE-2016-5144,0.01382,0.84974
CVE-2016-5145,0.01311,0.84542
CVE-2016-5146,0.00550,0.75157
CVE-2016-5147,0.00319,0.67534
CVE-2016-5148,0.00298,0.66332
CVE-2016-5149,0.01178,0.83582
CVE-2016-5150,0.01261,0.84214
CVE-2016-5151,0.02618,0.89292
CVE-2016-5152,0.01930,0.87433
CVE-2016-5153,0.01091,0.82864
CVE-2016-5154,0.01392,0.85025
CVE-2016-5155,0.00407,0.71199
CVE-2016-5156,0.02618,0.89292
CVE-2016-5157,0.03162,0.90182
CVE-2016-5158,0.01930,0.87433
CVE-2016-5159,0.01930,0.87433
CVE-2016-5160,0.00406,0.71154
CVE-2016-5161,0.00841,0.80327
CVE-2016-5162,0.00406,0.71154
CVE-2016-5163,0.00562,0.75373
CVE-2016-5164,0.00247,0.62756
CVE-2016-5165,0.00263,0.64063
CVE-2016-5166,0.00389,0.70595
CVE-2016-5167,0.00534,0.74751
CVE-2016-5168,0.00223,0.60651
CVE-2016-5169,0.00345,0.68780
CVE-2016-5170,0.01190,0.83665
CVE-2016-5171,0.01190,0.83665
CVE-2016-5172,0.00922,0.81249
CVE-2016-5173,0.00633,0.76905
CVE-2016-5174,0.00980,0.81847
CVE-2016-5175,0.00498,0.73814
CVE-2016-5176,0.00254,0.63436
CVE-2016-5177,0.01230,0.83994
CVE-2016-5178,0.01046,0.82454
CVE-2016-5179,0.00257,0.63579
CVE-2016-5180,0.04517,0.91684
CVE-2016-5181,0.01540,0.85791
CVE-2016-5182,0.01446,0.85314
CVE-2016-5183,0.01197,0.83727
CVE-2016-5184,0.00901,0.81014
CVE-2016-5185,0.00901,0.81014
CVE-2016-5186,0.00528,0.74606
CVE-2016-5187,0.00525,0.74545
CVE-2016-5188,0.00356,0.69276
CVE-2016-5189,0.00525,0.74545
CVE-2016-5190,0.00581,0.75805
CVE-2016-5191,0.00317,0.67410
CVE-2016-5192,0.00497,0.73804
CVE-2016-5193,0.00511,0.74187
CVE-2016-5194,0.00106,0.42770
CVE-2016-5195,0.87936,0.98435
CVE-2016-5196,0.00345,0.68780
CVE-2016-5197,0.00345,0.68780
CVE-2016-5198,0.03967,0.91177
CVE-2016-5199,0.01159,0.83413
CVE-2016-5200,0.01505,0.85621
CVE-2016-5201,0.00500,0.73864
CVE-2016-5202,0.00166,0.53348
CVE-2016-5203,0.00901,0.81014
CVE-2016-5204,0.00332,0.68208
CVE-2016-5205,0.00332,0.68208
CVE-2016-5206,0.00901,0.81014
CVE-2016-5207,0.00982,0.81859
CVE-2016-5208,0.00332,0.68208
CVE-2016-5209,0.00901,0.81014
CVE-2016-5210,0.01414,0.85132
CVE-2016-5211,0.00901,0.81014
CVE-2016-5212,0.00418,0.71534
CVE-2016-5213,0.00901,0.81014
CVE-2016-5214,0.00356,0.69276
CVE-2016-5215,0.00423,0.71718
CVE-2016-5216,0.00307,0.66841
CVE-2016-5217,0.00497,0.73804
CVE-2016-5218,0.00525,0.74545
CVE-2016-5219,0.00581,0.75805
CVE-2016-5220,0.00418,0.71534
CVE-2016-5221,0.00678,0.77888
CVE-2016-5222,0.00525,0.74545
CVE-2016-5223,0.00925,0.81286
CVE-2016-5224,0.00435,0.72092
CVE-2016-5225,0.00435,0.72092
CVE-2016-5226,0.00176,0.54782
CVE-2016-5228,0.33205,0.96661
CVE-2016-5229,0.04171,0.91387
CVE-2016-5230,0.00205,0.58490
CVE-2016-5231,0.00070,0.28841
CVE-2016-5232,0.00063,0.25212
CVE-2016-5233,0.00091,0.38552
CVE-2016-5234,0.02480,0.89027
CVE-2016-5235,0.00083,0.34568
CVE-2016-5236,0.00054,0.20290
CVE-2016-5237,0.00061,0.23986
CVE-2016-5238,0.00062,0.24773
CVE-2016-5239,0.01632,0.86226
CVE-2016-5240,0.00623,0.76733
CVE-2016-5241,0.01111,0.83035
CVE-2016-5242,0.00059,0.22933
CVE-2016-5243,0.00044,0.08000
CVE-2016-5244,0.00474,0.73155
CVE-2016-5247,0.00042,0.05722
CVE-2016-5248,0.00042,0.05722
CVE-2016-5249,0.00042,0.05722
CVE-2016-5250,0.00642,0.77090
CVE-2016-5251,0.00591,0.76050
CVE-2016-5252,0.00950,0.81533
CVE-2016-5253,0.00042,0.05722
CVE-2016-5254,0.01186,0.83644
CVE-2016-5255,0.03635,0.90812
CVE-2016-5256,0.03533,0.90694
CVE-2016-5257,0.04051,0.91266
CVE-2016-5258,0.01831,0.86990
CVE-2016-5259,0.02174,0.88270
CVE-2016-5260,0.00368,0.69794
CVE-2016-5261,0.01896,0.87297
CVE-2016-5262,0.00239,0.62056
CVE-2016-5263,0.00445,0.72374
CVE-2016-5264,0.01973,0.87573
CVE-2016-5265,0.00136,0.48942
CVE-2016-5266,0.00861,0.80542
CVE-2016-5267,0.00525,0.74545
CVE-2016-5268,0.00591,0.76050
CVE-2016-5270,0.04403,0.91587
CVE-2016-5271,0.00839,0.80294
CVE-2016-5272,0.01569,0.85928
CVE-2016-5273,0.00978,0.81826
CVE-2016-5274,0.05257,0.92307
CVE-2016-5275,0.03269,0.90350
CVE-2016-5276,0.08194,0.93768
CVE-2016-5277,0.05355,0.92385
CVE-2016-5278,0.04799,0.91961
CVE-2016-5279,0.00466,0.72945
CVE-2016-5280,0.05719,0.92625
CVE-2016-5281,0.02887,0.89783
CVE-2016-5282,0.00418,0.71534
CVE-2016-5283,0.00893,0.80916
CVE-2016-5284,0.00240,0.62144
CVE-2016-5285,0.01788,0.86805
CVE-2016-5287,0.00432,0.71951
CVE-2016-5288,0.00194,0.57326
CVE-2016-5289,0.00400,0.70971
CVE-2016-5290,0.00618,0.76613
CVE-2016-5291,0.00094,0.39383
CVE-2016-5292,0.00631,0.76876
CVE-2016-5293,0.00058,0.22668
CVE-2016-5294,0.00072,0.29626
CVE-2016-5295,0.00062,0.24773
CVE-2016-5296,0.01064,0.82649
CVE-2016-5297,0.00482,0.73424
CVE-2016-5298,0.00177,0.54907
CVE-2016-5299,0.00208,0.58756
CVE-2016-5300,0.00746,0.78999
CVE-2016-5301,0.02393,0.88830
CVE-2016-5302,0.00858,0.80520
CVE-2016-5303,0.00186,0.55897
CVE-2016-5304,0.01005,0.82085
CVE-2016-5305,0.00252,0.63165
CVE-2016-5306,0.00117,0.45484
CVE-2016-5307,0.00115,0.45152
CVE-2016-5308,0.00216,0.59652
CVE-2016-5309,0.00356,0.69251
CVE-2016-5310,0.00606,0.76349
CVE-2016-5311,0.00178,0.55094
CVE-2016-5312,0.96232,0.99417
CVE-2016-5313,0.31563,0.96599
CVE-2016-5314,0.00374,0.69993
CVE-2016-5315,0.00623,0.76730
CVE-2016-5316,0.00678,0.77889
CVE-2016-5317,0.00686,0.78011
CVE-2016-5318,0.00686,0.78018
CVE-2016-5319,0.00308,0.66892
CVE-2016-5321,0.00796,0.79785
CVE-2016-5322,0.00741,0.78921
CVE-2016-5323,0.00807,0.79927
CVE-2016-5325,0.00437,0.72136
CVE-2016-5328,0.00042,0.05722
CVE-2016-5329,0.00042,0.05722
CVE-2016-5330,0.02044,0.87832
CVE-2016-5331,0.00442,0.72285
CVE-2016-5332,0.00327,0.67912
CVE-2016-5333,0.00682,0.77959
CVE-2016-5334,0.00160,0.52611
CVE-2016-5335,0.00042,0.05722
CVE-2016-5336,0.04653,0.91809
CVE-2016-5337,0.00059,0.23170
CVE-2016-5338,0.00072,0.29643
CVE-2016-5340,0.00062,0.24773
CVE-2016-5341,0.00174,0.54659
CVE-2016-5342,0.00059,0.22933
CVE-2016-5343,0.00451,0.72549
CVE-2016-5344,0.00321,0.67607
CVE-2016-5345,0.00042,0.05722
CVE-2016-5346,0.00101,0.41078
CVE-2016-5347,0.00088,0.37145
CVE-2016-5348,0.01731,0.86596
CVE-2016-5349,0.00162,0.52887
CVE-2016-5350,0.00364,0.69601
CVE-2016-5351,0.00970,0.81750
CVE-2016-5352,0.00258,0.63640
CVE-2016-5353,0.00319,0.67527
CVE-2016-5354,0.00322,0.67662
CVE-2016-5355,0.00311,0.67045
CVE-2016-5356,0.00311,0.67045
CVE-2016-5357,0.00234,0.61573
CVE-2016-5358,0.00230,0.61271
CVE-2016-5359,0.00252,0.63184
CVE-2016-5360,0.01696,0.86455
CVE-2016-5361,0.00912,0.81120
CVE-2016-5362,0.03818,0.91035
CVE-2016-5363,0.03837,0.91053
CVE-2016-5364,0.00234,0.61516
CVE-2016-5365,0.00434,0.72041
CVE-2016-5366,0.00183,0.55696
CVE-2016-5367,0.00300,0.66426
CVE-2016-5368,0.00235,0.61655
CVE-2016-5372,0.00078,0.32109
CVE-2016-5374,0.00205,0.58482
CVE-2016-5383,0.00496,0.73782
CVE-2016-5384,0.00042,0.05722
CVE-2016-5385,0.95128,0.99167
CVE-2016-5386,0.23614,0.96172
CVE-2016-5387,0.20611,0.95963
CVE-2016-5388,0.94822,0.99122
CVE-2016-5390,0.00138,0.49303
CVE-2016-5391,0.00712,0.78472
CVE-2016-5392,0.00119,0.45912
CVE-2016-5393,0.00088,0.36937
CVE-2016-5394,0.00070,0.28937
CVE-2016-5395,0.00572,0.75581
CVE-2016-5396,0.00367,0.69754
CVE-2016-5397,0.00535,0.74786
CVE-2016-5398,0.00109,0.43833
CVE-2016-5399,0.17678,0.95694
CVE-2016-5400,0.00042,0.05722
CVE-2016-5401,0.00083,0.34240
CVE-2016-5402,0.01039,0.82404
CVE-2016-5403,0.00059,0.23008
CVE-2016-5404,0.00220,0.59947
CVE-2016-5405,0.00647,0.77185
CVE-2016-5406,0.00433,0.71985
CVE-2016-5407,0.00661,0.77506
CVE-2016-5408,0.01663,0.86343
CVE-2016-5409,0.00288,0.65687
CVE-2016-5410,0.00042,0.05722
CVE-2016-5411,0.00184,0.55750
CVE-2016-5412,0.00062,0.24773
CVE-2016-5414,0.00194,0.57283
CVE-2016-5416,0.00231,0.61320
CVE-2016-5417,0.00845,0.80374
CVE-2016-5418,0.00121,0.46327
CVE-2016-5419,0.00356,0.69243
CVE-2016-5420,0.00497,0.73810
CVE-2016-5421,0.00733,0.78820
CVE-2016-5422,0.00205,0.58482
CVE-2016-5423,0.00898,0.80984
CVE-2016-5424,0.00625,0.76776
CVE-2016-5425,0.00129,0.47620
CVE-2016-5426,0.69541,0.97731
CVE-2016-5427,0.86479,0.98354
CVE-2016-5429,0.00212,0.59264
CVE-2016-5430,0.00099,0.40733
CVE-2016-5431,0.00084,0.34791
CVE-2016-5432,0.00042,0.05722
CVE-2016-5433,0.00061,0.23974
CVE-2016-5434,0.00174,0.54572
CVE-2016-5435,0.00236,0.61753
CVE-2016-5436,0.00130,0.47796
CVE-2016-5437,0.00130,0.47796
CVE-2016-5439,0.00236,0.61754
CVE-2016-5440,0.00177,0.54887
CVE-2016-5441,0.00130,0.47796
CVE-2016-5442,0.00130,0.47796
CVE-2016-5443,0.00071,0.29401
CVE-2016-5444,0.00360,0.69434
CVE-2016-5445,0.00177,0.54919
CVE-2016-5446,0.00213,0.59400
CVE-2016-5447,0.00119,0.45843
CVE-2016-5448,0.00172,0.54459
CVE-2016-5449,0.00398,0.70921
CVE-2016-5450,0.00164,0.53051
CVE-2016-5451,0.00121,0.46326
CVE-2016-5452,0.00043,0.07610
CVE-2016-5453,0.00709,0.78400
CVE-2016-5454,0.00061,0.24104
CVE-2016-5455,0.00205,0.58527
CVE-2016-5456,0.00121,0.46326
CVE-2016-5457,0.00223,0.60660
CVE-2016-5458,0.00094,0.39278
CVE-2016-5459,0.00164,0.53051
CVE-2016-5460,0.00205,0.58527
CVE-2016-5461,0.00121,0.46326
CVE-2016-5462,0.00101,0.41141
CVE-2016-5463,0.00088,0.36964
CVE-2016-5464,0.00088,0.36964
CVE-2016-5465,0.00156,0.52003
CVE-2016-5466,0.00205,0.58527
CVE-2016-5467,0.00105,0.42490
CVE-2016-5468,0.00105,0.42490
CVE-2016-5469,0.00061,0.24104
CVE-2016-5470,0.00175,0.54724
CVE-2016-5471,0.00061,0.24104
CVE-2016-5472,0.00061,0.24104
CVE-2016-5473,0.00105,0.42490
CVE-2016-5474,0.00223,0.60660
CVE-2016-5475,0.00110,0.43993
CVE-2016-5476,0.00110,0.43993
CVE-2016-5477,0.00183,0.55667
CVE-2016-5479,0.00106,0.42895
CVE-2016-5480,0.00053,0.19086
CVE-2016-5481,0.00168,0.53562
CVE-2016-5482,0.00186,0.55995
CVE-2016-5486,0.00043,0.07608
CVE-2016-5487,0.00043,0.07608
CVE-2016-5488,0.00307,0.66813
CVE-2016-5489,0.00217,0.59721
CVE-2016-5490,0.00043,0.07608
CVE-2016-5491,0.00186,0.55995
CVE-2016-5492,0.00043,0.07608
CVE-2016-5493,0.00106,0.42895
CVE-2016-5495,0.00278,0.65002
CVE-2016-5497,0.00043,0.07608
CVE-2016-5498,0.00043,0.07608
CVE-2016-5499,0.00043,0.07608
CVE-2016-5500,0.00278,0.65002
CVE-2016-5501,0.00043,0.07608
CVE-2016-5502,0.00106,0.42895
CVE-2016-5503,0.00043,0.07608
CVE-2016-5504,0.00043,0.07608
CVE-2016-5505,0.00043,0.07608
CVE-2016-5506,0.00053,0.19086
CVE-2016-5507,0.00129,0.47677
CVE-2016-5508,0.00043,0.07608
CVE-2016-5509,0.00070,0.28895
CVE-2016-5510,0.00168,0.53562
CVE-2016-5511,0.00262,0.63988
CVE-2016-5512,0.00125,0.46959
CVE-2016-5513,0.00081,0.33807
CVE-2016-5514,0.00294,0.66073
CVE-2016-5515,0.00294,0.66073
CVE-2016-5516,0.00043,0.07608
CVE-2016-5517,0.00043,0.07608
CVE-2016-5518,0.00235,0.61732
CVE-2016-5519,0.00251,0.63102
CVE-2016-5521,0.00168,0.53562
CVE-2016-5522,0.00081,0.33807
CVE-2016-5523,0.00294,0.66073
CVE-2016-5524,0.00168,0.53562
CVE-2016-5525,0.00043,0.07608
CVE-2016-5526,0.00144,0.50207
CVE-2016-5527,0.00200,0.57923
CVE-2016-5528,0.00262,0.63997
CVE-2016-5529,0.00217,0.59721
CVE-2016-5530,0.00217,0.59721
CVE-2016-5531,0.02231,0.88431
CVE-2016-5532,0.01590,0.86038
CVE-2016-5533,0.00081,0.33807
CVE-2016-5534,0.00106,0.42958
CVE-2016-5535,0.05687,0.92608
CVE-2016-5536,0.00096,0.39915
CVE-2016-5537,0.00043,0.07636
CVE-2016-5538,0.00043,0.07608
CVE-2016-5539,0.00043,0.07608
CVE-2016-5540,0.00043,0.07608
CVE-2016-5541,0.00239,0.62007
CVE-2016-5542,0.00667,0.77647
CVE-2016-5543,0.00217,0.59721
CVE-2016-5544,0.00043,0.07608
CVE-2016-5545,0.00185,0.55824
CVE-2016-5546,0.00422,0.71685
CVE-2016-5547,0.00487,0.73539
CVE-2016-5548,0.00321,0.67614
CVE-2016-5549,0.00321,0.67614
CVE-2016-5551,0.00052,0.17656
CVE-2016-5552,0.00432,0.71968
CVE-2016-5553,0.00053,0.19086
CVE-2016-5554,0.00667,0.77647
CVE-2016-5555,0.00187,0.56080
CVE-2016-5556,0.00725,0.78683
CVE-2016-5557,0.00217,0.59721
CVE-2016-5558,0.00323,0.67712
CVE-2016-5559,0.00043,0.07608
CVE-2016-5560,0.00081,0.33807
CVE-2016-5561,0.00207,0.58715
CVE-2016-5562,0.00092,0.38842
CVE-2016-5563,0.00515,0.74296
CVE-2016-5564,0.00070,0.29114
CVE-2016-5565,0.00095,0.39585
CVE-2016-5566,0.00278,0.65002
CVE-2016-5567,0.00082,0.33980
CVE-2016-5568,0.01129,0.83178
CVE-2016-5569,0.00106,0.42895
CVE-2016-5570,0.00082,0.33980
CVE-2016-5571,0.00082,0.33980
CVE-2016-5572,0.00043,0.07608
CVE-2016-5573,0.00868,0.80625
CVE-2016-5574,0.00283,0.65427
CVE-2016-5575,0.00278,0.65002
CVE-2016-5576,0.00043,0.07608
CVE-2016-5577,0.00219,0.59937
CVE-2016-5578,0.00219,0.59937
CVE-2016-5579,0.00219,0.59937
CVE-2016-5580,0.00100,0.40859
CVE-2016-5581,0.00043,0.07608
CVE-2016-5582,0.00725,0.78683
CVE-2016-5583,0.00291,0.65934
CVE-2016-5584,0.00152,0.51447
CVE-2016-5585,0.00278,0.65002
CVE-2016-5586,0.00360,0.69432
CVE-2016-5587,0.00360,0.69432
CVE-2016-5588,0.00219,0.59937
CVE-2016-5589,0.00360,0.69432
CVE-2016-5590,0.00139,0.49477
CVE-2016-5591,0.00360,0.69432
CVE-2016-5592,0.00360,0.69432
CVE-2016-5593,0.00360,0.69432
CVE-2016-5594,0.00095,0.39481
CVE-2016-5595,0.00360,0.69432
CVE-2016-5596,0.00106,0.42895
CVE-2016-5597,0.00593,0.76087
CVE-2016-5598,0.00171,0.54157
CVE-2016-5599,0.00301,0.66477
CVE-2016-5600,0.00106,0.42895
CVE-2016-5601,0.00053,0.19086
CVE-2016-5602,0.00103,0.41755
CVE-2016-5603,0.00106,0.42895
CVE-2016-5604,0.00053,0.19086
CVE-2016-5605,0.00360,0.69432
CVE-2016-5606,0.00043,0.07608
CVE-2016-5607,0.00176,0.54865
CVE-2016-5608,0.00043,0.07608
CVE-2016-5609,0.00171,0.54210
CVE-2016-5610,0.00061,0.24125
CVE-2016-5611,0.00066,0.27462
CVE-2016-5612,0.00315,0.67302
CVE-2016-5613,0.00061,0.24125
CVE-2016-5614,0.00074,0.30656
CVE-2016-5615,0.00043,0.07608
CVE-2016-5618,0.00106,0.42895
CVE-2016-5619,0.00139,0.49485
CVE-2016-5620,0.00106,0.42895
CVE-2016-5621,0.00106,0.42895
CVE-2016-5622,0.00217,0.59721
CVE-2016-5623,0.00074,0.30656
CVE-2016-5624,0.00291,0.65900
CVE-2016-5625,0.00043,0.07608
CVE-2016-5626,0.00245,0.62591
CVE-2016-5627,0.00171,0.54210
CVE-2016-5628,0.00116,0.45254
CVE-2016-5629,0.00178,0.54981
CVE-2016-5630,0.00152,0.51491
CVE-2016-5631,0.00120,0.46125
CVE-2016-5632,0.00120,0.46125
CVE-2016-5633,0.00120,0.46125
CVE-2016-5634,0.00120,0.46125
CVE-2016-5635,0.00120,0.46125
CVE-2016-5636,0.02772,0.89595
CVE-2016-5637,0.00454,0.72637
CVE-2016-5638,0.00208,0.58817
CVE-2016-5639,0.01209,0.83820
CVE-2016-5640,0.00479,0.73340
CVE-2016-5642,0.00054,0.19226
CVE-2016-5645,0.13500,0.95118
CVE-2016-5646,0.00123,0.46572
CVE-2016-5647,0.00042,0.05722
CVE-2016-5648,0.00191,0.56698
CVE-2016-5649,0.17436,0.95664
CVE-2016-5650,0.00199,0.57808
CVE-2016-5652,0.01891,0.87267
CVE-2016-5653,0.00075,0.30829
CVE-2016-5654,0.00186,0.55990
CVE-2016-5655,0.00077,0.31860
CVE-2016-5660,0.00106,0.42884
CVE-2016-5661,0.00622,0.76689
CVE-2016-5662,0.00042,0.00438
CVE-2016-5663,0.00397,0.70868
CVE-2016-5664,0.00086,0.35640
CVE-2016-5666,0.00319,0.67549
CVE-2016-5667,0.00319,0.67549
CVE-2016-5668,0.00319,0.67549
CVE-2016-5669,0.00184,0.55724
CVE-2016-5670,0.00335,0.68345
CVE-2016-5671,0.00103,0.41682
CVE-2016-5672,0.00313,0.67167
CVE-2016-5673,0.00236,0.61770
CVE-2016-5674,0.96080,0.99381
CVE-2016-5675,0.38241,0.96866
CVE-2016-5676,0.09414,0.94188
CVE-2016-5677,0.00399,0.70950
CVE-2016-5678,0.00722,0.78651
CVE-2016-5679,0.00711,0.78452
CVE-2016-5680,0.01970,0.87560
CVE-2016-5681,0.02378,0.88799
CVE-2016-5682,0.00080,0.33432
CVE-2016-5683,0.00042,0.00438
CVE-2016-5684,0.00183,0.55626
CVE-2016-5685,0.00099,0.40660
CVE-2016-5686,0.00476,0.73226
CVE-2016-5687,0.00748,0.79026
CVE-2016-5688,0.00839,0.80296
CVE-2016-5689,0.02703,0.89467
CVE-2016-5690,0.02116,0.88058
CVE-2016-5691,0.00970,0.81751
CVE-2016-5696,0.00446,0.72391
CVE-2016-5697,0.00085,0.35272
CVE-2016-5699,0.00212,0.59260
CVE-2016-5700,0.05406,0.92429
CVE-2016-5701,0.00337,0.68424
CVE-2016-5702,0.00224,0.60756
CVE-2016-5703,0.00322,0.67666
CVE-2016-5704,0.00183,0.55643
CVE-2016-5705,0.00271,0.64565
CVE-2016-5706,0.02832,0.89698
CVE-2016-5709,0.00042,0.05722
CVE-2016-5710,0.00079,0.33175
CVE-2016-5711,0.00293,0.66009
CVE-2016-5713,0.00230,0.61288
CVE-2016-5714,0.00665,0.77604
CVE-2016-5715,0.00286,0.65610
CVE-2016-5716,0.00329,0.68015
CVE-2016-5720,0.00090,0.37998
CVE-2016-5721,0.00125,0.47020
CVE-2016-5722,0.00193,0.57239
CVE-2016-5723,0.00042,0.05722
CVE-2016-5724,0.00168,0.53801
CVE-2016-5725,0.00995,0.82013
CVE-2016-5726,0.00253,0.63240
CVE-2016-5727,0.00489,0.73614
CVE-2016-5728,0.00042,0.05722
CVE-2016-5729,0.00044,0.10161
CVE-2016-5730,0.00531,0.74674
CVE-2016-5731,0.00235,0.61693
CVE-2016-5732,0.00209,0.58913
CVE-2016-5733,0.00224,0.60735
CVE-2016-5734,0.92862,0.98855
CVE-2016-5735,0.00504,0.74023
CVE-2016-5736,0.00165,0.53205
CVE-2016-5737,0.00146,0.50534
CVE-2016-5739,0.00477,0.73244
CVE-2016-5740,0.00209,0.58928
CVE-2016-5742,0.00249,0.62902
CVE-2016-5743,0.04346,0.91541
CVE-2016-5744,0.00247,0.62740
CVE-2016-5745,0.00679,0.77890
CVE-2016-5746,0.00088,0.37007
CVE-2016-5747,0.00473,0.73130
CVE-2016-5748,0.00044,0.10161
CVE-2016-5749,0.00047,0.14046
CVE-2016-5750,0.00541,0.74939
CVE-2016-5751,0.00089,0.37480
CVE-2016-5752,0.00186,0.55930
CVE-2016-5754,0.00186,0.55930
CVE-2016-5755,0.00086,0.35737
CVE-2016-5756,0.00089,0.37480
CVE-2016-5757,0.00568,0.75515
CVE-2016-5758,0.00071,0.29353
CVE-2016-5759,0.00057,0.21298
CVE-2016-5760,0.02657,0.89374
CVE-2016-5761,0.01387,0.85006
CVE-2016-5762,0.40275,0.96935
CVE-2016-5763,0.00637,0.76974
CVE-2016-5764,0.01249,0.84112
CVE-2016-5765,0.06728,0.93192
CVE-2016-5766,0.19810,0.95901
CVE-2016-5767,0.03697,0.90896
CVE-2016-5768,0.10544,0.94521
CVE-2016-5769,0.04959,0.92075
CVE-2016-5770,0.02860,0.89743
CVE-2016-5771,0.01160,0.83416
CVE-2016-5772,0.01650,0.86295
CVE-2016-5773,0.06326,0.92965
CVE-2016-5774,0.00269,0.64479
CVE-2016-5781,0.03816,0.91031
CVE-2016-5782,0.00310,0.67014
CVE-2016-5786,0.00100,0.40858
CVE-2016-5787,0.00043,0.05916
CVE-2016-5788,0.00636,0.76956
CVE-2016-5789,0.00063,0.25574
CVE-2016-5790,0.00143,0.50118
CVE-2016-5791,0.00209,0.58931
CVE-2016-5792,0.00313,0.67179
CVE-2016-5793,0.00042,0.00438
CVE-2016-5795,0.00089,0.37474
CVE-2016-5796,0.00442,0.72293
CVE-2016-5797,0.00171,0.54209
CVE-2016-5798,0.00469,0.73023
CVE-2016-5799,0.00459,0.72749
CVE-2016-5800,0.00177,0.54870
CVE-2016-5801,0.00100,0.40858
CVE-2016-5802,0.00087,0.36586
CVE-2016-5803,0.16006,0.95483
CVE-2016-5804,0.00250,0.63023
CVE-2016-5805,0.00084,0.35141
CVE-2016-5807,0.00129,0.47621
CVE-2016-5809,0.00216,0.59654
CVE-2016-5810,0.00172,0.54263
CVE-2016-5811,0.00084,0.34871
CVE-2016-5812,0.00042,0.00438
CVE-2016-5813,0.00057,0.21246
CVE-2016-5814,0.00956,0.81615
CVE-2016-5815,0.00207,0.58671
CVE-2016-5816,0.00162,0.52844
CVE-2016-5817,0.00110,0.44100
CVE-2016-5818,0.00143,0.50034
CVE-2016-5819,0.00100,0.41016
CVE-2016-5821,0.00042,0.05722
CVE-2016-5822,0.00613,0.76495
CVE-2016-5823,0.00185,0.55826
CVE-2016-5824,0.00898,0.80967
CVE-2016-5825,0.00236,0.61765
CVE-2016-5826,0.00396,0.70825
CVE-2016-5827,0.00396,0.70825
CVE-2016-5828,0.00044,0.08000
CVE-2016-5829,0.00044,0.08043
CVE-2016-5832,0.00636,0.76955
CVE-2016-5833,0.00679,0.77895
CVE-2016-5834,0.00350,0.68994
CVE-2016-5835,0.00574,0.75654
CVE-2016-5836,0.01187,0.83646
CVE-2016-5837,0.00540,0.74915
CVE-2016-5838,0.00774,0.79440
CVE-2016-5839,0.00437,0.72137
CVE-2016-5840,0.03168,0.90189
CVE-2016-5841,0.09686,0.94270
CVE-2016-5842,0.00496,0.73789
CVE-2016-5843,0.00271,0.64580
CVE-2016-5844,0.00641,0.77072
CVE-2016-5845,0.00320,0.67600
CVE-2016-5847,0.00043,0.07658
CVE-2016-5848,0.00043,0.05916
CVE-2016-5849,0.00043,0.05916
CVE-2016-5850,0.00065,0.27007
CVE-2016-5851,0.00601,0.76220
CVE-2016-5852,0.00052,0.18252
CVE-2016-5853,0.00157,0.52192
CVE-2016-5854,0.00079,0.32884
CVE-2016-5855,0.00079,0.32884
CVE-2016-5856,0.00075,0.30771
CVE-2016-5857,0.00072,0.29450
CVE-2016-5858,0.00088,0.37145
CVE-2016-5859,0.00090,0.37866
CVE-2016-5860,0.00090,0.37866
CVE-2016-5861,0.00091,0.38407
CVE-2016-5862,0.00103,0.41676
CVE-2016-5863,0.00103,0.41676
CVE-2016-5864,0.00110,0.44040
CVE-2016-5867,0.00090,0.37866
CVE-2016-5868,0.00279,0.65109
CVE-2016-5870,0.00052,0.18252
CVE-2016-5871,0.00130,0.47835
CVE-2016-5872,0.00128,0.47548
CVE-2016-5873,0.05571,0.92538
CVE-2016-5874,0.00557,0.75287
CVE-2016-5876,0.00235,0.61639
CVE-2016-5878,0.00070,0.29084
CVE-2016-5879,0.00042,0.05722
CVE-2016-5880,0.00059,0.23108
CVE-2016-5881,0.00109,0.43538
CVE-2016-5882,0.00109,0.43538
CVE-2016-5883,0.00121,0.46247
CVE-2016-5884,0.00109,0.43538
CVE-2016-5888,0.00050,0.16027
CVE-2016-5889,0.00090,0.37698
CVE-2016-5890,0.00100,0.40995
CVE-2016-5892,0.00060,0.23579
CVE-2016-5893,0.00051,0.17134
CVE-2016-5894,0.00079,0.32814
CVE-2016-5896,0.00069,0.28539
CVE-2016-5897,0.00060,0.23579
CVE-2016-5898,0.00075,0.30945
CVE-2016-5899,0.00049,0.15902
CVE-2016-5900,0.00123,0.46593
CVE-2016-5901,0.00094,0.39393
CVE-2016-5902,0.00070,0.29096
CVE-2016-5905,0.00060,0.23579
CVE-2016-5918,0.00044,0.10161
CVE-2016-5919,0.00164,0.53096
CVE-2016-5920,0.00072,0.29495
CVE-2016-5927,0.00042,0.05722
CVE-2016-5932,0.00050,0.16027
CVE-2016-5933,0.00050,0.16027
CVE-2016-5934,0.00324,0.67772
CVE-2016-5935,0.00106,0.42948
CVE-2016-5937,0.00071,0.29260
CVE-2016-5938,0.00044,0.10161
CVE-2016-5939,0.00092,0.38878
CVE-2016-5940,0.00049,0.15902
CVE-2016-5941,0.00104,0.42033
CVE-2016-5942,0.00049,0.15902
CVE-2016-5943,0.00093,0.39091
CVE-2016-5944,0.00194,0.57339
CVE-2016-5945,0.00091,0.38569
CVE-2016-5946,0.00104,0.42334
CVE-2016-5947,0.00106,0.42900
CVE-2016-5948,0.00049,0.15902
CVE-2016-5949,0.00049,0.15902
CVE-2016-5950,0.00057,0.21364
CVE-2016-5951,0.00049,0.15902
CVE-2016-5952,0.00099,0.40746
CVE-2016-5953,0.00069,0.28539
CVE-2016-5954,0.00148,0.50789
CVE-2016-5955,0.00060,0.23579
CVE-2016-5957,0.00199,0.57830
CVE-2016-5958,0.00181,0.55356
CVE-2016-5959,0.00131,0.47999
CVE-2016-5960,0.00042,0.05722
CVE-2016-5963,0.00460,0.72780
CVE-2016-5964,0.00369,0.69801
CVE-2016-5966,0.00136,0.48922
CVE-2016-5967,0.00042,0.05722
CVE-2016-5968,0.00155,0.51845
CVE-2016-5970,0.00107,0.43278
CVE-2016-5971,0.00152,0.51390
CVE-2016-5972,0.00098,0.40371
CVE-2016-5974,0.00060,0.23579
CVE-2016-5975,0.00060,0.23579
CVE-2016-5976,0.00116,0.45399
CVE-2016-5977,0.00070,0.29084
CVE-2016-5978,0.00060,0.23579
CVE-2016-5979,0.00067,0.27617
CVE-2016-5980,0.00049,0.15902
CVE-2016-5981,0.00060,0.23579
CVE-2016-5983,0.01514,0.85663
CVE-2016-5984,0.00091,0.38111
CVE-2016-5985,0.00042,0.05722
CVE-2016-5986,0.00173,0.54484
CVE-2016-5987,0.00084,0.34938
CVE-2016-5988,0.00057,0.21364
CVE-2016-5990,0.00071,0.29321
CVE-2016-5991,0.00042,0.05722
CVE-2016-5992,0.00042,0.05722
CVE-2016-5994,0.00071,0.29217
CVE-2016-5995,0.00048,0.14309
CVE-2016-5996,0.00253,0.63227
CVE-2016-5997,0.00082,0.33992
CVE-2016-6000,0.00070,0.29096
CVE-2016-6001,0.00049,0.15902
CVE-2016-6018,0.00063,0.24898
CVE-2016-6019,0.00059,0.23108
CVE-2016-6020,0.00097,0.40276
CVE-2016-6021,0.00049,0.15902
CVE-2016-6022,0.00049,0.15902
CVE-2016-6023,0.00297,0.66268
CVE-2016-6024,0.00049,0.15902
CVE-2016-6025,0.00219,0.59896
CVE-2016-6026,0.00054,0.19143
CVE-2016-6027,0.00116,0.45307
CVE-2016-6028,0.00049,0.15902
CVE-2016-6029,0.00136,0.48922
CVE-2016-6030,0.00049,0.15902
CVE-2016-6031,0.00049,0.15902
CVE-2016-6032,0.00050,0.16027
CVE-2016-6033,0.00071,0.29260
CVE-2016-6034,0.00057,0.21364
CVE-2016-6035,0.00050,0.16027
CVE-2016-6036,0.00049,0.15902
CVE-2016-6037,0.00060,0.23579
CVE-2016-6038,0.00148,0.50794
CVE-2016-6039,0.00049,0.15902
CVE-2016-6040,0.00071,0.29321
CVE-2016-6042,0.00272,0.64629
CVE-2016-6043,0.00042,0.05722
CVE-2016-6044,0.00049,0.15902
CVE-2016-6045,0.00071,0.29260
CVE-2016-6046,0.00049,0.15902
CVE-2016-6047,0.00049,0.15902
CVE-2016-6054,0.00049,0.15902
CVE-2016-6055,0.00050,0.16027
CVE-2016-6056,0.00049,0.15902
CVE-2016-6059,0.00133,0.48399
CVE-2016-6060,0.00050,0.16027
CVE-2016-6061,0.00049,0.15902
CVE-2016-6062,0.00070,0.29096
CVE-2016-6065,0.00042,0.05844
CVE-2016-6068,0.00101,0.41231
CVE-2016-6072,0.00049,0.15902
CVE-2016-6077,0.00055,0.20751
CVE-2016-6079,0.00091,0.38092
CVE-2016-6080,0.00066,0.27466
CVE-2016-6082,0.01867,0.87150
CVE-2016-6083,0.00127,0.47345
CVE-2016-6084,0.00055,0.20569
CVE-2016-6085,0.00055,0.20569
CVE-2016-6087,0.00401,0.70998
CVE-2016-6089,0.00042,0.05722
CVE-2016-6090,0.00436,0.72109
CVE-2016-6092,0.00083,0.34363
CVE-2016-6093,0.00335,0.68360
CVE-2016-6094,0.00049,0.15902
CVE-2016-6095,0.00369,0.69801
CVE-2016-6096,0.00070,0.29096
CVE-2016-6097,0.00053,0.18572
CVE-2016-6098,0.00070,0.28961
CVE-2016-6099,0.00069,0.28539
CVE-2016-6100,0.00071,0.29260
CVE-2016-6102,0.00131,0.48058
CVE-2016-6103,0.00071,0.29260
CVE-2016-6104,0.01790,0.86813
CVE-2016-6105,0.00145,0.50331
CVE-2016-6110,0.00042,0.05722
CVE-2016-6111,0.00194,0.57289
CVE-2016-6112,0.00091,0.38546
CVE-2016-6113,0.00109,0.43538
CVE-2016-6114,0.00062,0.24327
CVE-2016-6115,0.06431,0.93025
CVE-2016-6116,0.00136,0.48922
CVE-2016-6117,0.00131,0.48058
CVE-2016-6118,0.00059,0.23108
CVE-2016-6121,0.00062,0.24327
CVE-2016-6122,0.00049,0.15902
CVE-2016-6123,0.00049,0.15902
CVE-2016-6124,0.01790,0.86813
CVE-2016-6125,0.00049,0.15902
CVE-2016-6126,0.00107,0.43278
CVE-2016-6127,0.00107,0.43129
CVE-2016-6128,0.03372,0.90498
CVE-2016-6129,0.00327,0.67927
CVE-2016-6130,0.00042,0.05722
CVE-2016-6131,0.00932,0.81354
CVE-2016-6132,0.01542,0.85806
CVE-2016-6133,0.00371,0.69880
CVE-2016-6136,0.00042,0.05722
CVE-2016-6137,0.00777,0.79479
CVE-2016-6138,0.01598,0.86066
CVE-2016-6139,0.01571,0.85938
CVE-2016-6140,0.01402,0.85082
CVE-2016-6142,0.00367,0.69756
CVE-2016-6143,0.05859,0.92702
CVE-2016-6144,0.01354,0.84794
CVE-2016-6145,0.00396,0.70847
CVE-2016-6146,0.00364,0.69564
CVE-2016-6147,0.01331,0.84650
CVE-2016-6148,0.02530,0.89123
CVE-2016-6149,0.00042,0.05722
CVE-2016-6150,0.01281,0.84336
CVE-2016-6151,0.00226,0.60915
CVE-2016-6152,0.00208,0.58800
CVE-2016-6153,0.00089,0.37187
CVE-2016-6154,0.00101,0.41135
CVE-2016-6156,0.00102,0.41321
CVE-2016-6158,0.00063,0.24930
CVE-2016-6159,0.00198,0.57741
CVE-2016-6160,0.00508,0.74110
CVE-2016-6161,0.01435,0.85254
CVE-2016-6162,0.00042,0.05722
CVE-2016-6163,0.00350,0.68977
CVE-2016-6164,0.00426,0.71789
CVE-2016-6167,0.00108,0.43325
CVE-2016-6168,0.00296,0.66214
CVE-2016-6169,0.00366,0.69664
CVE-2016-6170,0.01023,0.82237
CVE-2016-6171,0.00610,0.76428
CVE-2016-6172,0.00456,0.72703
CVE-2016-6173,0.01733,0.86601
CVE-2016-6174,0.22204,0.96074
CVE-2016-6175,0.22796,0.96113
CVE-2016-6177,0.00086,0.35532
CVE-2016-6178,0.01795,0.86839
CVE-2016-6179,0.00063,0.25160
CVE-2016-6180,0.00070,0.28913
CVE-2016-6181,0.00070,0.28913
CVE-2016-6182,0.00070,0.28913
CVE-2016-6183,0.00070,0.28913
CVE-2016-6184,0.00070,0.28913
CVE-2016-6185,0.00044,0.08000
CVE-2016-6186,0.00370,0.69865
CVE-2016-6187,0.00044,0.10527
CVE-2016-6188,0.00272,0.64636
CVE-2016-6189,0.00240,0.62151
CVE-2016-6190,0.00119,0.45977
CVE-2016-6191,0.00127,0.47261
CVE-2016-6192,0.00045,0.12072
CVE-2016-6193,0.00064,0.26282
CVE-2016-6195,0.00284,0.65459
CVE-2016-6197,0.00044,0.08000
CVE-2016-6198,0.00044,0.08000
CVE-2016-6199,0.00984,0.81891
CVE-2016-6201,0.00455,0.72674
CVE-2016-6204,0.00153,0.51527
CVE-2016-6206,0.01795,0.86839
CVE-2016-6207,0.01823,0.86958
CVE-2016-6209,0.00081,0.33890
CVE-2016-6210,0.10737,0.94583
CVE-2016-6211,0.00208,0.58804
CVE-2016-6212,0.00397,0.70873
CVE-2016-6213,0.00042,0.05722
CVE-2016-6214,0.02205,0.88354
CVE-2016-6217,0.00109,0.43820
CVE-2016-6220,0.00250,0.63063
CVE-2016-6223,0.01855,0.87104
CVE-2016-6224,0.00042,0.05722
CVE-2016-6225,0.00263,0.64045
CVE-2016-6231,0.00192,0.56890
CVE-2016-6232,0.01438,0.85260
CVE-2016-6233,0.01922,0.87399
CVE-2016-6234,0.00120,0.46054
CVE-2016-6235,0.00120,0.46054
CVE-2016-6236,0.00120,0.46054
CVE-2016-6237,0.00084,0.34930
CVE-2016-6238,0.00120,0.46054
CVE-2016-6239,0.00075,0.30892
CVE-2016-6240,0.00042,0.05722
CVE-2016-6241,0.00042,0.05722
CVE-2016-6242,0.00042,0.05722
CVE-2016-6243,0.00042,0.05722
CVE-2016-6244,0.00138,0.49289
CVE-2016-6245,0.00042,0.05722
CVE-2016-6246,0.00042,0.05722
CVE-2016-6247,0.00042,0.05722
CVE-2016-6249,0.00042,0.05722
CVE-2016-6250,0.00867,0.80614
CVE-2016-6252,0.00042,0.05722
CVE-2016-6253,0.00090,0.37995
CVE-2016-6254,0.05376,0.92403
CVE-2016-6255,0.00408,0.71225
CVE-2016-6256,0.02057,0.87871
CVE-2016-6257,0.00206,0.58581
CVE-2016-6258,0.00062,0.24773
CVE-2016-6259,0.00181,0.55382
CVE-2016-6261,0.00478,0.73297
CVE-2016-6262,0.00289,0.65778
CVE-2016-6263,0.00443,0.72327
CVE-2016-6264,0.01147,0.83322
CVE-2016-6265,0.01032,0.82302
CVE-2016-6266,0.04192,0.91403
CVE-2016-6267,0.91739,0.98726
CVE-2016-6268,0.00042,0.05722
CVE-2016-6269,0.00473,0.73150
CVE-2016-6270,0.06181,0.92889
CVE-2016-6271,0.00102,0.41498
CVE-2016-6272,0.00228,0.61070
CVE-2016-6273,0.00738,0.78879
CVE-2016-6276,0.00042,0.05722
CVE-2016-6277,0.97471,0.99961
CVE-2016-6283,0.00351,0.69040
CVE-2016-6285,0.00283,0.65363
CVE-2016-6286,0.00134,0.48526
CVE-2016-6287,0.00134,0.48526
CVE-2016-6288,0.03182,0.90214
CVE-2016-6289,0.00743,0.78954
CVE-2016-6290,0.02394,0.88833
CVE-2016-6291,0.02149,0.88200
CVE-2016-6292,0.09922,0.94346
CVE-2016-6293,0.01833,0.87001
CVE-2016-6294,0.01809,0.86895
CVE-2016-6295,0.02127,0.88108
CVE-2016-6296,0.02083,0.87960
CVE-2016-6297,0.01515,0.85668
CVE-2016-6298,0.00168,0.53634
CVE-2016-6299,0.00152,0.51465
CVE-2016-6301,0.04323,0.91521
CVE-2016-6302,0.22378,0.96086
CVE-2016-6303,0.22665,0.96103
CVE-2016-6304,0.46583,0.97140
CVE-2016-6305,0.49686,0.97237
CVE-2016-6306,0.19315,0.95856
CVE-2016-6307,0.53612,0.97339
CVE-2016-6308,0.55149,0.97381
CVE-2016-6309,0.91069,0.98658
CVE-2016-6310,0.00044,0.10161
CVE-2016-6311,0.00499,0.73847
CVE-2016-6312,0.00121,0.46300
CVE-2016-6313,0.00716,0.78527
CVE-2016-6316,0.00215,0.59575
CVE-2016-6317,0.00293,0.66019
CVE-2016-6318,0.00042,0.05722
CVE-2016-6319,0.01380,0.84970
CVE-2016-6320,0.00112,0.44591
CVE-2016-6321,0.00485,0.73519
CVE-2016-6322,0.00073,0.30273
CVE-2016-6323,0.01058,0.82567
CVE-2016-6325,0.00044,0.08047
CVE-2016-6327,0.00042,0.05722
CVE-2016-6328,0.00267,0.64376
CVE-2016-6329,0.00518,0.74365
CVE-2016-6330,0.01194,0.83698
CVE-2016-6331,0.00269,0.64460
CVE-2016-6332,0.00297,0.66286
CVE-2016-6333,0.00208,0.58822
CVE-2016-6334,0.00208,0.58822
CVE-2016-6335,0.00301,0.66460
CVE-2016-6336,0.00125,0.46894
CVE-2016-6337,0.00160,0.52577
CVE-2016-6338,0.00197,0.57626
CVE-2016-6340,0.00073,0.30232
CVE-2016-6341,0.00042,0.05722
CVE-2016-6342,0.00205,0.58531
CVE-2016-6343,0.00151,0.51310
CVE-2016-6344,0.00245,0.62629
CVE-2016-6345,0.00114,0.44912
CVE-2016-6346,0.06510,0.93072
CVE-2016-6347,0.00071,0.29380
CVE-2016-6348,0.00131,0.48009
CVE-2016-6349,0.00042,0.05722
CVE-2016-6350,0.00042,0.05722
CVE-2016-6351,0.00062,0.24773
CVE-2016-6352,0.00962,0.81673
CVE-2016-6353,0.00065,0.26756
CVE-2016-6354,0.00705,0.78343
CVE-2016-6355,0.00563,0.75411
CVE-2016-6356,0.00563,0.75411
CVE-2016-6357,0.00242,0.62227
CVE-2016-6358,0.00563,0.75411
CVE-2016-6359,0.00125,0.47020
CVE-2016-6360,0.00410,0.71285
CVE-2016-6361,0.00278,0.65005
CVE-2016-6362,0.00042,0.05722
CVE-2016-6363,0.00293,0.66042
CVE-2016-6364,0.00126,0.47194
CVE-2016-6365,0.00098,0.40456
CVE-2016-6366,0.97450,0.99947
CVE-2016-6367,0.97507,0.99980
CVE-2016-6368,0.00356,0.69234
CVE-2016-6369,0.00042,0.05722
CVE-2016-6370,0.00086,0.35599
CVE-2016-6371,0.00199,0.57790
CVE-2016-6372,0.00277,0.64947
CVE-2016-6373,0.00506,0.74057
CVE-2016-6374,0.02807,0.89654
CVE-2016-6375,0.00446,0.72404
CVE-2016-6376,0.00446,0.72404
CVE-2016-6377,0.00416,0.71499
CVE-2016-6378,0.00563,0.75411
CVE-2016-6379,0.00563,0.75411
CVE-2016-6380,0.00613,0.76505
CVE-2016-6381,0.00356,0.69234
CVE-2016-6382,0.00290,0.65860
CVE-2016-6384,0.00259,0.63761
CVE-2016-6385,0.00290,0.65860
CVE-2016-6386,0.00563,0.75411
CVE-2016-6391,0.00563,0.75411
CVE-2016-6392,0.00259,0.63761
CVE-2016-6393,0.00279,0.65133
CVE-2016-6394,0.00265,0.64254
CVE-2016-6395,0.00088,0.37094
CVE-2016-6396,0.00254,0.63292
CVE-2016-6397,0.00363,0.69531
CVE-2016-6398,0.00264,0.64152
CVE-2016-6399,0.00563,0.75411
CVE-2016-6401,0.00446,0.72404
CVE-2016-6402,0.00042,0.05722
CVE-2016-6403,0.00406,0.71167
CVE-2016-6404,0.00183,0.55643
CVE-2016-6405,0.00079,0.32788
CVE-2016-6406,0.00354,0.69170
CVE-2016-6407,0.00563,0.75411
CVE-2016-6408,0.00243,0.62346
CVE-2016-6409,0.00563,0.75411
CVE-2016-6410,0.00102,0.41393
CVE-2016-6411,0.00144,0.50183
CVE-2016-6412,0.00074,0.30466
CVE-2016-6413,0.00042,0.05722
CVE-2016-6414,0.00043,0.07685
CVE-2016-6415,0.97318,0.99865
CVE-2016-6416,0.00940,0.81426
CVE-2016-6417,0.00157,0.52101
CVE-2016-6418,0.00098,0.40456
CVE-2016-6419,0.00099,0.40746
CVE-2016-6420,0.00105,0.42463
CVE-2016-6421,0.00349,0.68951
CVE-2016-6422,0.00298,0.66339
CVE-2016-6423,0.00140,0.49592
CVE-2016-6424,0.00278,0.65005
CVE-2016-6425,0.00183,0.55643
CVE-2016-6426,0.00302,0.66510
CVE-2016-6427,0.00157,0.52101
CVE-2016-6428,0.00042,0.05722
CVE-2016-6429,0.00165,0.53136
CVE-2016-6430,0.00042,0.05722
CVE-2016-6431,0.00257,0.63553
CVE-2016-6432,0.03246,0.90318
CVE-2016-6433,0.25475,0.96281
CVE-2016-6434,0.00122,0.46465
CVE-2016-6435,0.82367,0.98157
CVE-2016-6436,0.00125,0.47020
CVE-2016-6437,0.00563,0.75411
CVE-2016-6438,0.00279,0.65083
CVE-2016-6439,0.00278,0.65008
CVE-2016-6440,0.00147,0.50720
CVE-2016-6441,0.02603,0.89263
CVE-2016-6442,0.00157,0.52101
CVE-2016-6443,0.00216,0.59613
CVE-2016-6444,0.00090,0.37847
CVE-2016-6445,0.00345,0.68734
CVE-2016-6446,0.00243,0.62346
CVE-2016-6447,0.02603,0.89263
CVE-2016-6448,0.02603,0.89263
CVE-2016-6449,0.00042,0.05722
CVE-2016-6450,0.00042,0.05722
CVE-2016-6451,0.00240,0.62080
CVE-2016-6452,0.00514,0.74266
CVE-2016-6453,0.00096,0.39790
CVE-2016-6454,0.00078,0.32109
CVE-2016-6455,0.00563,0.75411
CVE-2016-6457,0.00102,0.41384
CVE-2016-6458,0.00276,0.64914
CVE-2016-6459,0.00051,0.17102
CVE-2016-6460,0.00114,0.44964
CVE-2016-6461,0.00302,0.66510
CVE-2016-6462,0.00242,0.62227
CVE-2016-6463,0.00132,0.48179
CVE-2016-6464,0.00143,0.50177
CVE-2016-6465,0.00121,0.46228
CVE-2016-6466,0.00563,0.75411
CVE-2016-6467,0.00236,0.61818
CVE-2016-6468,0.00181,0.55395
CVE-2016-6469,0.00130,0.47769
CVE-2016-6470,0.00042,0.05722
CVE-2016-6471,0.00114,0.44888
CVE-2016-6472,0.00240,0.62080
CVE-2016-6473,0.00055,0.20569
CVE-2016-6474,0.00215,0.59579
CVE-2016-6480,0.00104,0.42350
CVE-2016-6483,0.04791,0.91957
CVE-2016-6484,0.00147,0.50660
CVE-2016-6485,0.00345,0.68733
CVE-2016-6486,0.00065,0.27054
CVE-2016-6489,0.00365,0.69616
CVE-2016-6490,0.00062,0.24773
CVE-2016-6491,0.00835,0.80252
CVE-2016-6492,0.00079,0.33123
CVE-2016-6493,0.00356,0.69260
CVE-2016-6494,0.00042,0.05722
CVE-2016-6495,0.00274,0.64781
CVE-2016-6496,0.01349,0.84763
CVE-2016-6497,0.00575,0.75686
CVE-2016-6500,0.00492,0.73693
CVE-2016-6501,0.02182,0.88298
CVE-2016-6503,0.01509,0.85640
CVE-2016-6504,0.01311,0.84536
CVE-2016-6505,0.01373,0.84926
CVE-2016-6506,0.00306,0.66740
CVE-2016-6507,0.00306,0.66740
CVE-2016-6508,0.00306,0.66740
CVE-2016-6509,0.00306,0.66740
CVE-2016-6510,0.00352,0.69088
CVE-2016-6511,0.00306,0.66740
CVE-2016-6512,0.01509,0.85640
CVE-2016-6513,0.00274,0.64811
CVE-2016-6515,0.04532,0.91694
CVE-2016-6516,0.00071,0.29422
CVE-2016-6517,0.00610,0.76421
CVE-2016-6518,0.00168,0.53598
CVE-2016-6519,0.00126,0.47083
CVE-2016-6520,0.00616,0.76585
CVE-2016-6521,0.00650,0.77267
CVE-2016-6522,0.00042,0.05722
CVE-2016-6523,0.00172,0.54462
CVE-2016-6525,0.06105,0.92839
CVE-2016-6526,0.00092,0.38683
CVE-2016-6527,0.00092,0.38683
CVE-2016-6530,0.00686,0.78022
CVE-2016-6531,0.00618,0.76614
CVE-2016-6532,0.00536,0.74820
CVE-2016-6534,0.00088,0.36880
CVE-2016-6535,0.00536,0.74820
CVE-2016-6536,0.00648,0.77195
CVE-2016-6537,0.00235,0.61608
CVE-2016-6538,0.00169,0.53917
CVE-2016-6539,0.00087,0.35914
CVE-2016-6540,0.00133,0.48464
CVE-2016-6541,0.00199,0.57897
CVE-2016-6542,0.00166,0.53253
CVE-2016-6543,0.00207,0.58683
CVE-2016-6544,0.00242,0.62221
CVE-2016-6545,0.00420,0.71604
CVE-2016-6546,0.00101,0.41115
CVE-2016-6547,0.00101,0.41115
CVE-2016-6548,0.01489,0.85507
CVE-2016-6549,0.00091,0.38629
CVE-2016-6550,0.00047,0.13911
CVE-2016-6551,0.00207,0.58671
CVE-2016-6552,0.00207,0.58671
CVE-2016-6553,0.00207,0.58671
CVE-2016-6554,0.00287,0.65655
CVE-2016-6555,0.00068,0.28323
CVE-2016-6556,0.00068,0.28323
CVE-2016-6557,0.00095,0.39717
CVE-2016-6558,0.00170,0.54092
CVE-2016-6559,0.01363,0.84870
CVE-2016-6560,0.00241,0.62201
CVE-2016-6561,0.00284,0.65435
CVE-2016-6562,0.00075,0.30884
CVE-2016-6563,0.96834,0.99631
CVE-2016-6564,0.01188,0.83656
CVE-2016-6565,0.00154,0.51657
CVE-2016-6566,0.01413,0.85130
CVE-2016-6567,0.00625,0.76763
CVE-2016-6578,0.00068,0.28357
CVE-2016-6580,0.00096,0.39910
CVE-2016-6581,0.00096,0.39910
CVE-2016-6582,0.01141,0.83271
CVE-2016-6585,0.00152,0.51391
CVE-2016-6586,0.00168,0.53590
CVE-2016-6587,0.00053,0.18455
CVE-2016-6588,0.00079,0.32906
CVE-2016-6589,0.00117,0.45506
CVE-2016-6590,0.00165,0.53222
CVE-2016-6591,0.00045,0.11828
CVE-2016-6592,0.02400,0.88847
CVE-2016-6593,0.00412,0.71348
CVE-2016-6594,0.00162,0.52798
CVE-2016-6595,0.00479,0.73340
CVE-2016-6597,0.00213,0.59342
CVE-2016-6598,0.01044,0.82443
CVE-2016-6599,0.00516,0.74321
CVE-2016-6600,0.97468,0.99959
CVE-2016-6601,0.97503,0.99978
CVE-2016-6602,0.03611,0.90785
CVE-2016-6603,0.95918,0.99344
CVE-2016-6604,0.00347,0.68823
CVE-2016-6605,0.00298,0.66338
CVE-2016-6606,0.00199,0.57836
CVE-2016-6607,0.00143,0.50103
CVE-2016-6608,0.00118,0.45730
CVE-2016-6609,0.00196,0.57548
CVE-2016-6610,0.00067,0.27866
CVE-2016-6611,0.00143,0.50163
CVE-2016-6612,0.00106,0.42731
CVE-2016-6613,0.00106,0.42731
CVE-2016-6614,0.00160,0.52609
CVE-2016-6615,0.00143,0.50103
CVE-2016-6616,0.00108,0.43415
CVE-2016-6617,0.00134,0.48589
CVE-2016-6618,0.00228,0.61081
CVE-2016-6619,0.00117,0.45464
CVE-2016-6620,0.00965,0.81694
CVE-2016-6621,0.00180,0.55285
CVE-2016-6622,0.00389,0.70539
CVE-2016-6623,0.00140,0.49664
CVE-2016-6624,0.00213,0.59343
CVE-2016-6625,0.00067,0.27866
CVE-2016-6626,0.00151,0.51353
CVE-2016-6627,0.00186,0.56042
CVE-2016-6628,0.00228,0.61062
CVE-2016-6629,0.00366,0.69689
CVE-2016-6630,0.00178,0.55056
CVE-2016-6631,0.00954,0.81587
CVE-2016-6632,0.00541,0.74948
CVE-2016-6633,0.05128,0.92217
CVE-2016-6634,0.00158,0.52297
CVE-2016-6635,0.00129,0.47748
CVE-2016-6636,0.00168,0.53562
CVE-2016-6637,0.00092,0.38678
CVE-2016-6639,0.00364,0.69563
CVE-2016-6641,0.00090,0.37881
CVE-2016-6642,0.00078,0.32109
CVE-2016-6643,0.00125,0.46917
CVE-2016-6644,0.00376,0.70028
CVE-2016-6645,0.00786,0.79594
CVE-2016-6646,0.04906,0.92041
CVE-2016-6647,0.00088,0.36961
CVE-2016-6648,0.00049,0.15829
CVE-2016-6649,0.00052,0.18253
CVE-2016-6650,0.00664,0.77585
CVE-2016-6651,0.00192,0.57133
CVE-2016-6652,0.00201,0.58113
CVE-2016-6653,0.00273,0.64728
CVE-2016-6655,0.00133,0.48325
CVE-2016-6656,0.00092,0.38813
CVE-2016-6657,0.00107,0.43214
CVE-2016-6658,0.00065,0.26756
CVE-2016-6659,0.00341,0.68559
CVE-2016-6662,0.00516,0.74308
CVE-2016-6663,0.00066,0.27482
CVE-2016-6664,0.11756,0.94827
CVE-2016-6667,0.01112,0.83041
CVE-2016-6668,0.00453,0.72625
CVE-2016-6669,0.00422,0.71671
CVE-2016-6670,0.00120,0.46085
CVE-2016-6671,0.00603,0.76260
CVE-2016-6672,0.00054,0.19657
CVE-2016-6673,0.00054,0.19657
CVE-2016-6674,0.00054,0.19657
CVE-2016-6675,0.00094,0.39332
CVE-2016-6676,0.00094,0.39332
CVE-2016-6677,0.00055,0.20666
CVE-2016-6678,0.00079,0.32884
CVE-2016-6679,0.00088,0.37145
CVE-2016-6680,0.00103,0.41676
CVE-2016-6681,0.00079,0.32884
CVE-2016-6682,0.00079,0.32884
CVE-2016-6683,0.00055,0.20666
CVE-2016-6684,0.00055,0.20666
CVE-2016-6685,0.00055,0.20666
CVE-2016-6686,0.00055,0.20666
CVE-2016-6687,0.00055,0.20666
CVE-2016-6688,0.00055,0.20666
CVE-2016-6689,0.00120,0.46177
CVE-2016-6690,0.00057,0.21242
CVE-2016-6691,0.00226,0.60957
CVE-2016-6692,0.00219,0.59932
CVE-2016-6693,0.00219,0.59932
CVE-2016-6694,0.00219,0.59932
CVE-2016-6695,0.00200,0.57960
CVE-2016-6696,0.00219,0.59932
CVE-2016-6698,0.00055,0.20666
CVE-2016-6699,0.00306,0.66772
CVE-2016-6700,0.00071,0.29430
CVE-2016-6701,0.00481,0.73368
CVE-2016-6702,0.00458,0.72743
CVE-2016-6703,0.00217,0.59755
CVE-2016-6704,0.00140,0.49693
CVE-2016-6705,0.00071,0.29430
CVE-2016-6706,0.00125,0.46881
CVE-2016-6707,0.00519,0.74375
CVE-2016-6708,0.00042,0.05722
CVE-2016-6709,0.00075,0.31051
CVE-2016-6710,0.00049,0.15115
CVE-2016-6711,0.00241,0.62214
CVE-2016-6712,0.00241,0.62214
CVE-2016-6713,0.00118,0.45725
CVE-2016-6714,0.00118,0.45725
CVE-2016-6715,0.00046,0.12633
CVE-2016-6716,0.00046,0.12633
CVE-2016-6717,0.00071,0.29430
CVE-2016-6718,0.00047,0.13947
CVE-2016-6719,0.00046,0.12633
CVE-2016-6720,0.00126,0.47176
CVE-2016-6721,0.00055,0.20666
CVE-2016-6722,0.00079,0.32884
CVE-2016-6723,0.00251,0.63152
CVE-2016-6724,0.00057,0.21242
CVE-2016-6725,0.00178,0.54981
CVE-2016-6726,0.00128,0.47548
CVE-2016-6727,0.00553,0.75208
CVE-2016-6728,0.00057,0.21388
CVE-2016-6729,0.00057,0.21388
CVE-2016-6730,0.00044,0.10161
CVE-2016-6731,0.00044,0.10161
CVE-2016-6732,0.00044,0.10161
CVE-2016-6733,0.00044,0.10161
CVE-2016-6734,0.00057,0.21388
CVE-2016-6735,0.00057,0.21388
CVE-2016-6736,0.00057,0.21388
CVE-2016-6737,0.00057,0.21388
CVE-2016-6738,0.00057,0.21388
CVE-2016-6739,0.00057,0.21388
CVE-2016-6740,0.00057,0.21388
CVE-2016-6741,0.00057,0.21388
CVE-2016-6742,0.00057,0.21388
CVE-2016-6743,0.00057,0.21388
CVE-2016-6744,0.00057,0.21388
CVE-2016-6745,0.00057,0.21388
CVE-2016-6746,0.00054,0.19406
CVE-2016-6747,0.00136,0.49028
CVE-2016-6748,0.00054,0.19406
CVE-2016-6749,0.00054,0.19406
CVE-2016-6750,0.00054,0.19406
CVE-2016-6751,0.00054,0.19406
CVE-2016-6752,0.00054,0.19406
CVE-2016-6753,0.00054,0.19406
CVE-2016-6754,0.02595,0.89244
CVE-2016-6755,0.00073,0.30244
CVE-2016-6756,0.00069,0.28647
CVE-2016-6757,0.00069,0.28647
CVE-2016-6758,0.00067,0.27643
CVE-2016-6759,0.00067,0.27643
CVE-2016-6760,0.00067,0.27643
CVE-2016-6761,0.00067,0.27643
CVE-2016-6762,0.00071,0.29430
CVE-2016-6763,0.00057,0.21242
CVE-2016-6764,0.00118,0.45725
CVE-2016-6765,0.00118,0.45725
CVE-2016-6766,0.00118,0.45725
CVE-2016-6767,0.00118,0.45725
CVE-2016-6768,0.00424,0.71729
CVE-2016-6769,0.00057,0.21549
CVE-2016-6770,0.00046,0.12623
CVE-2016-6771,0.00051,0.17452
CVE-2016-6772,0.00244,0.62397
CVE-2016-6773,0.00055,0.20666
CVE-2016-6774,0.00048,0.14331
CVE-2016-6775,0.00136,0.49031
CVE-2016-6776,0.00136,0.49031
CVE-2016-6777,0.00136,0.49031
CVE-2016-6778,0.00067,0.27643
CVE-2016-6779,0.00067,0.27643
CVE-2016-6780,0.00067,0.27643
CVE-2016-6781,0.00067,0.27643
CVE-2016-6782,0.00067,0.27643
CVE-2016-6783,0.00073,0.30429
CVE-2016-6784,0.00059,0.22835
CVE-2016-6785,0.00067,0.27643
CVE-2016-6786,0.00042,0.05722
CVE-2016-6787,0.00042,0.05722
CVE-2016-6788,0.00071,0.29430
CVE-2016-6789,0.00136,0.49031
CVE-2016-6790,0.00067,0.27643
CVE-2016-6791,0.00073,0.30244
CVE-2016-6793,0.02105,0.88032
CVE-2016-6794,0.00110,0.44019
CVE-2016-6795,0.02019,0.87741
CVE-2016-6796,0.00125,0.47028
CVE-2016-6797,0.00132,0.48178
CVE-2016-6798,0.00096,0.39866
CVE-2016-6799,0.00090,0.37787
CVE-2016-6800,0.00105,0.42553
CVE-2016-6801,0.00090,0.37788
CVE-2016-6802,0.00297,0.66252
CVE-2016-6803,0.00092,0.38843
CVE-2016-6804,0.00198,0.57758
CVE-2016-6805,0.00068,0.28067
CVE-2016-6806,0.00066,0.27599
CVE-2016-6807,0.00070,0.29075
CVE-2016-6808,0.00452,0.72562
CVE-2016-6809,0.04017,0.91224
CVE-2016-6810,0.00432,0.71967
CVE-2016-6811,0.00105,0.42469
CVE-2016-6812,0.00155,0.51848
CVE-2016-6813,0.00186,0.56060
CVE-2016-6814,0.03659,0.90845
CVE-2016-6815,0.00086,0.35625
CVE-2016-6816,0.00262,0.63954
CVE-2016-6817,0.02526,0.89115
CVE-2016-6818,0.00166,0.53317
CVE-2016-6820,0.00161,0.52765
CVE-2016-6823,0.00442,0.72287
CVE-2016-6824,0.00142,0.49985
CVE-2016-6825,0.00508,0.74105
CVE-2016-6826,0.00187,0.56231
CVE-2016-6827,0.00119,0.45912
CVE-2016-6828,0.00045,0.12320
CVE-2016-6829,0.01051,0.82504
CVE-2016-6830,0.00220,0.59991
CVE-2016-6831,0.00096,0.39910
CVE-2016-6832,0.00358,0.69351
CVE-2016-6833,0.00062,0.24773
CVE-2016-6834,0.00062,0.24773
CVE-2016-6835,0.00062,0.24773
CVE-2016-6836,0.00059,0.22823
CVE-2016-6837,0.16188,0.95506
CVE-2016-6838,0.00120,0.46157
CVE-2016-6839,0.00105,0.42637
CVE-2016-6840,0.00178,0.55055
CVE-2016-6842,0.00076,0.31323
CVE-2016-6843,0.00076,0.31323
CVE-2016-6844,0.00076,0.31323
CVE-2016-6845,0.00076,0.31323
CVE-2016-6846,0.00186,0.56048
CVE-2016-6847,0.00076,0.31323
CVE-2016-6848,0.00065,0.27057
CVE-2016-6850,0.00076,0.31323
CVE-2016-6851,0.00239,0.62061
CVE-2016-6852,0.00076,0.31323
CVE-2016-6853,0.00167,0.53407
CVE-2016-6854,0.00167,0.53407
CVE-2016-6855,0.02236,0.88452
CVE-2016-6856,0.00071,0.29380
CVE-2016-6857,0.00055,0.20421
CVE-2016-6858,0.00055,0.20421
CVE-2016-6859,0.00086,0.35626
CVE-2016-6866,0.00808,0.79930
CVE-2016-6870,0.00339,0.68484
CVE-2016-6871,0.00283,0.65398
CVE-2016-6872,0.00283,0.65398
CVE-2016-6873,0.00283,0.65398
CVE-2016-6874,0.00315,0.67315
CVE-2016-6875,0.00283,0.65398
CVE-2016-6876,0.00094,0.39479
CVE-2016-6877,0.00103,0.41620
CVE-2016-6878,0.00217,0.59752
CVE-2016-6879,0.00092,0.38723
CVE-2016-6881,0.00095,0.39620
CVE-2016-6882,0.00308,0.66932
CVE-2016-6883,0.00264,0.64150
CVE-2016-6884,0.00465,0.72892
CVE-2016-6885,0.00235,0.61655
CVE-2016-6886,0.00585,0.75898
CVE-2016-6887,0.00235,0.61639
CVE-2016-6888,0.00062,0.24773
CVE-2016-6890,0.03481,0.90632
CVE-2016-6891,0.00421,0.71653
CVE-2016-6892,0.00421,0.71653
CVE-2016-6893,0.00227,0.60972
CVE-2016-6894,0.00235,0.61655
CVE-2016-6896,0.32651,0.96639
CVE-2016-6897,0.00251,0.63087
CVE-2016-6898,0.00147,0.50691
CVE-2016-6899,0.00120,0.46157
CVE-2016-6900,0.00042,0.05722
CVE-2016-6901,0.00152,0.51403
CVE-2016-6902,0.00348,0.68895
CVE-2016-6903,0.00352,0.69054
CVE-2016-6904,0.00186,0.55912
CVE-2016-6905,0.00872,0.80654
CVE-2016-6906,0.00711,0.78453
CVE-2016-6908,0.00072,0.29492
CVE-2016-6909,0.96190,0.99407
CVE-2016-6910,0.00054,0.19406
CVE-2016-6911,0.00663,0.77558
CVE-2016-6912,0.00749,0.79039
CVE-2016-6913,0.00099,0.40628
CVE-2016-6914,0.00062,0.24874
CVE-2016-6915,0.00059,0.22933
CVE-2016-6916,0.00042,0.05722
CVE-2016-6917,0.00059,0.22933
CVE-2016-6918,0.00999,0.82041
CVE-2016-6920,0.01664,0.86348
CVE-2016-6921,0.01134,0.83221
CVE-2016-6922,0.01971,0.87570
CVE-2016-6923,0.01134,0.83221
CVE-2016-6924,0.01971,0.87570
CVE-2016-6925,0.01134,0.83221
CVE-2016-6926,0.01134,0.83221
CVE-2016-6927,0.01134,0.83221
CVE-2016-6929,0.01134,0.83221
CVE-2016-6930,0.01134,0.83221
CVE-2016-6931,0.01134,0.83221
CVE-2016-6932,0.01134,0.83221
CVE-2016-6933,0.00159,0.52512
CVE-2016-6934,0.00152,0.51477
CVE-2016-6935,0.00068,0.28157
CVE-2016-6936,0.00431,0.71927
CVE-2016-6937,0.03462,0.90614
CVE-2016-6938,0.02134,0.88157
CVE-2016-6939,0.01554,0.85864
CVE-2016-6940,0.04044,0.91253
CVE-2016-6941,0.04044,0.91253
CVE-2016-6942,0.04044,0.91253
CVE-2016-6943,0.01354,0.84812
CVE-2016-6944,0.02068,0.87911
CVE-2016-6945,0.02068,0.87911
CVE-2016-6946,0.02068,0.87911
CVE-2016-6947,0.04044,0.91253
CVE-2016-6948,0.01354,0.84812
CVE-2016-6949,0.01175,0.83549
CVE-2016-6950,0.04044,0.91253
CVE-2016-6951,0.04044,0.91253
CVE-2016-6952,0.02068,0.87911
CVE-2016-6953,0.02068,0.87911
CVE-2016-6954,0.01354,0.84812
CVE-2016-6955,0.01354,0.84812
CVE-2016-6956,0.01354,0.84812
CVE-2016-6957,0.01834,0.87003
CVE-2016-6958,0.00656,0.77365
CVE-2016-6959,0.04044,0.91253
CVE-2016-6960,0.04044,0.91253
CVE-2016-6961,0.02068,0.87911
CVE-2016-6962,0.02068,0.87911
CVE-2016-6963,0.02068,0.87911
CVE-2016-6964,0.02068,0.87911
CVE-2016-6965,0.02068,0.87911
CVE-2016-6966,0.04044,0.91253
CVE-2016-6967,0.02068,0.87911
CVE-2016-6968,0.02068,0.87911
CVE-2016-6969,0.02068,0.87911
CVE-2016-6970,0.01354,0.84812
CVE-2016-6971,0.02068,0.87911
CVE-2016-6972,0.04044,0.91253
CVE-2016-6973,0.04044,0.91253
CVE-2016-6974,0.04044,0.91253
CVE-2016-6975,0.04044,0.91253
CVE-2016-6976,0.04044,0.91253
CVE-2016-6977,0.04044,0.91253
CVE-2016-6978,0.04044,0.91253
CVE-2016-6979,0.02068,0.87911
CVE-2016-6980,0.02464,0.88993
CVE-2016-6981,0.01134,0.83221
CVE-2016-6982,0.01971,0.87570
CVE-2016-6983,0.01971,0.87570
CVE-2016-6984,0.01971,0.87570
CVE-2016-6985,0.01971,0.87570
CVE-2016-6986,0.01402,0.85078
CVE-2016-6987,0.01348,0.84757
CVE-2016-6988,0.02068,0.87911
CVE-2016-6989,0.01971,0.87570
CVE-2016-6990,0.01971,0.87570
CVE-2016-6992,0.01579,0.85992
CVE-2016-6993,0.01249,0.84114
CVE-2016-6994,0.02503,0.89065
CVE-2016-6995,0.01354,0.84812
CVE-2016-6996,0.01354,0.84812
CVE-2016-6997,0.01354,0.84812
CVE-2016-6998,0.01354,0.84812
CVE-2016-6999,0.02942,0.89853
CVE-2016-7000,0.01354,0.84812
CVE-2016-7001,0.01354,0.84812
CVE-2016-7002,0.01354,0.84812
CVE-2016-7003,0.01354,0.84812
CVE-2016-7004,0.01354,0.84812
CVE-2016-7005,0.01354,0.84812
CVE-2016-7006,0.01354,0.84812
CVE-2016-7007,0.01354,0.84812
CVE-2016-7008,0.01354,0.84812
CVE-2016-7009,0.01354,0.84812
CVE-2016-7010,0.01354,0.84812
CVE-2016-7011,0.01354,0.84812
CVE-2016-7012,0.01354,0.84812
CVE-2016-7013,0.01354,0.84812
CVE-2016-7014,0.01354,0.84812
CVE-2016-7015,0.01354,0.84812
CVE-2016-7016,0.01354,0.84812
CVE-2016-7017,0.01354,0.84812
CVE-2016-7018,0.01354,0.84812
CVE-2016-7019,0.01209,0.83819
CVE-2016-7020,0.00838,0.80284
CVE-2016-7030,0.01013,0.82150
CVE-2016-7031,0.00613,0.76496
CVE-2016-7032,0.00042,0.05722
CVE-2016-7033,0.00127,0.47330
CVE-2016-7034,0.00133,0.48396
CVE-2016-7035,0.00062,0.24773
CVE-2016-7036,0.00316,0.67352
CVE-2016-7037,0.00133,0.48355
CVE-2016-7038,0.00085,0.35518
CVE-2016-7039,0.00682,0.77956
CVE-2016-7040,0.00351,0.69030
CVE-2016-7041,0.00391,0.70666
CVE-2016-7042,0.00122,0.46444
CVE-2016-7043,0.00235,0.61731
CVE-2016-7044,0.00769,0.79353
CVE-2016-7045,0.00769,0.79353
CVE-2016-7046,0.03905,0.91129
CVE-2016-7047,0.00151,0.51300
CVE-2016-7048,0.00655,0.77341
CVE-2016-7050,0.00516,0.74307
CVE-2016-7051,0.00189,0.56443
CVE-2016-7052,0.42750,0.97013
CVE-2016-7053,0.78721,0.98008
CVE-2016-7054,0.89863,0.98567
CVE-2016-7055,0.00764,0.79277
CVE-2016-7056,0.00044,0.08000
CVE-2016-7060,0.00090,0.37988
CVE-2016-7061,0.00166,0.53362
CVE-2016-7062,0.00042,0.05722
CVE-2016-7063,0.00332,0.68241
CVE-2016-7064,0.00196,0.57544
CVE-2016-7065,0.01204,0.83777
CVE-2016-7066,0.00042,0.05722
CVE-2016-7067,0.00200,0.57944
CVE-2016-7068,0.00890,0.80891
CVE-2016-7069,0.00792,0.79734
CVE-2016-7070,0.00044,0.10161
CVE-2016-7071,0.00189,0.56507
CVE-2016-7072,0.00714,0.78499
CVE-2016-7073,0.00125,0.46997
CVE-2016-7074,0.00125,0.46997
CVE-2016-7075,0.00386,0.70443
CVE-2016-7076,0.00042,0.05722
CVE-2016-7077,0.00313,0.67194
CVE-2016-7078,0.00365,0.69611
CVE-2016-7079,0.00042,0.05722
CVE-2016-7080,0.00042,0.05722
CVE-2016-7081,0.00095,0.39651
CVE-2016-7082,0.00063,0.25021
CVE-2016-7083,0.00121,0.46255
CVE-2016-7084,0.00121,0.46255
CVE-2016-7085,0.00042,0.05722
CVE-2016-7086,0.00042,0.05722
CVE-2016-7087,0.03497,0.90652
CVE-2016-7089,0.00061,0.23986
CVE-2016-7090,0.00328,0.67988
CVE-2016-7091,0.00042,0.05722
CVE-2016-7092,0.00062,0.24773
CVE-2016-7093,0.00062,0.24773
CVE-2016-7094,0.00069,0.28603
CVE-2016-7095,0.00613,0.76510
CVE-2016-7097,0.00044,0.08000
CVE-2016-7098,0.05037,0.92146
CVE-2016-7099,0.00312,0.67091
CVE-2016-7101,0.00519,0.74374
CVE-2016-7102,0.00085,0.35386
CVE-2016-7103,0.00469,0.73027
CVE-2016-7107,0.00168,0.53629
CVE-2016-7108,0.00108,0.43486
CVE-2016-7109,0.00318,0.67456
CVE-2016-7110,0.00318,0.67456
CVE-2016-7111,0.00173,0.54474
CVE-2016-7112,0.00385,0.70412
CVE-2016-7113,0.00446,0.72394
CVE-2016-7114,0.00198,0.57771
CVE-2016-7115,0.00484,0.73451
CVE-2016-7116,0.00060,0.23266
CVE-2016-7117,0.03811,0.91026
CVE-2016-7118,0.00042,0.05722
CVE-2016-7119,0.00065,0.27007
CVE-2016-7122,0.00097,0.40166
CVE-2016-7123,0.00159,0.52409
CVE-2016-7124,0.02767,0.89589
CVE-2016-7125,0.00577,0.75727
CVE-2016-7126,0.02163,0.88246
CVE-2016-7127,0.02248,0.88475
CVE-2016-7128,0.00452,0.72567
CVE-2016-7129,0.01340,0.84705
CVE-2016-7130,0.02239,0.88457
CVE-2016-7131,0.01211,0.83837
CVE-2016-7132,0.01211,0.83837
CVE-2016-7133,0.01195,0.83710
CVE-2016-7134,0.04204,0.91409
CVE-2016-7135,0.00181,0.55521
CVE-2016-7136,0.00347,0.68840
CVE-2016-7137,0.00338,0.68467
CVE-2016-7138,0.00247,0.62702
CVE-2016-7139,0.00247,0.62702
CVE-2016-7140,0.00247,0.62702
CVE-2016-7141,0.00356,0.69279
CVE-2016-7142,0.00484,0.73483
CVE-2016-7143,0.01110,0.83025
CVE-2016-7144,0.00852,0.80445
CVE-2016-7145,0.00273,0.64698
CVE-2016-7146,0.00203,0.58311
CVE-2016-7147,0.00149,0.50930
CVE-2016-7148,0.00203,0.58311
CVE-2016-7149,0.00135,0.48742
CVE-2016-7150,0.00104,0.42244
CVE-2016-7151,0.00063,0.25775
CVE-2016-7152,0.00514,0.74264
CVE-2016-7153,0.00514,0.74264
CVE-2016-7154,0.00072,0.29643
CVE-2016-7155,0.00062,0.24773
CVE-2016-7156,0.00062,0.24773
CVE-2016-7157,0.00062,0.24773
CVE-2016-7160,0.00119,0.45860
CVE-2016-7161,0.01156,0.83397
CVE-2016-7162,0.00501,0.73896
CVE-2016-7163,0.00801,0.79837
CVE-2016-7164,0.00397,0.70893
CVE-2016-7165,0.00061,0.23998
CVE-2016-7166,0.01001,0.82054
CVE-2016-7167,0.02082,0.87955
CVE-2016-7168,0.00360,0.69424
CVE-2016-7169,0.00205,0.58485
CVE-2016-7170,0.00062,0.24773
CVE-2016-7171,0.00228,0.61096
CVE-2016-7172,0.00182,0.55538
CVE-2016-7175,0.00274,0.64811
CVE-2016-7176,0.00193,0.57159
CVE-2016-7177,0.00311,0.67028
CVE-2016-7178,0.00324,0.67763
CVE-2016-7179,0.00295,0.66183
CVE-2016-7180,0.00324,0.67763
CVE-2016-7181,0.09100,0.94077
CVE-2016-7182,0.02497,0.89051
CVE-2016-7184,0.00284,0.65457
CVE-2016-7185,0.00082,0.33969
CVE-2016-7188,0.00082,0.33969
CVE-2016-7189,0.91309,0.98682
CVE-2016-7190,0.96073,0.99379
CVE-2016-7191,0.00597,0.76153
CVE-2016-7193,0.71412,0.97799
CVE-2016-7194,0.95098,0.99163
CVE-2016-7195,0.36894,0.96815
CVE-2016-7196,0.36894,0.96815
CVE-2016-7198,0.36894,0.96815
CVE-2016-7199,0.05469,0.92476
CVE-2016-7200,0.96756,0.99604
CVE-2016-7201,0.96756,0.99604
CVE-2016-7202,0.76061,0.97927
CVE-2016-7203,0.91412,0.98689
CVE-2016-7204,0.07787,0.93596
CVE-2016-7205,0.59152,0.97470
CVE-2016-7206,0.17500,0.95672
CVE-2016-7208,0.16167,0.95504
CVE-2016-7209,0.01091,0.82866
CVE-2016-7210,0.02619,0.89296
CVE-2016-7211,0.13116,0.95053
CVE-2016-7212,0.92164,0.98769
CVE-2016-7213,0.14661,0.95288
CVE-2016-7214,0.00088,0.37147
CVE-2016-7215,0.00079,0.32840
CVE-2016-7216,0.00086,0.35675
CVE-2016-7217,0.59152,0.97470
CVE-2016-7218,0.00046,0.12628
CVE-2016-7219,0.00045,0.12220
CVE-2016-7220,0.00063,0.25788
CVE-2016-7221,0.00045,0.11994
CVE-2016-7222,0.00053,0.18557
CVE-2016-7223,0.00044,0.10368
CVE-2016-7224,0.00062,0.24480
CVE-2016-7225,0.00062,0.24480
CVE-2016-7226,0.00062,0.24480
CVE-2016-7227,0.08744,0.93969
CVE-2016-7228,0.70776,0.97777
CVE-2016-7229,0.14661,0.95288
CVE-2016-7230,0.70776,0.97777
CVE-2016-7231,0.70776,0.97777
CVE-2016-7232,0.48559,0.97206
CVE-2016-7233,0.23028,0.96131
CVE-2016-7234,0.48559,0.97206
CVE-2016-7235,0.70776,0.97777
CVE-2016-7236,0.48559,0.97206
CVE-2016-7237,0.92904,0.98858
CVE-2016-7238,0.00044,0.08047
CVE-2016-7239,0.02474,0.89014
CVE-2016-7240,0.91412,0.98689
CVE-2016-7241,0.80348,0.98059
CVE-2016-7242,0.16167,0.95504
CVE-2016-7243,0.16167,0.95504
CVE-2016-7244,0.03276,0.90361
CVE-2016-7245,0.70776,0.97777
CVE-2016-7246,0.00079,0.32840
CVE-2016-7247,0.00274,0.64800
CVE-2016-7248,0.37497,0.96837
CVE-2016-7249,0.32355,0.96629
CVE-2016-7250,0.32355,0.96629
CVE-2016-7251,0.04486,0.91657
CVE-2016-7252,0.00314,0.67211
CVE-2016-7253,0.01267,0.84248
CVE-2016-7254,0.32355,0.96629
CVE-2016-7255,0.00631,0.76875
CVE-2016-7256,0.46805,0.97145
CVE-2016-7257,0.01926,0.87414
CVE-2016-7258,0.00045,0.11809
CVE-2016-7259,0.00086,0.35600
CVE-2016-7260,0.00050,0.16438
CVE-2016-7262,0.92991,0.98868
CVE-2016-7263,0.06469,0.93049
CVE-2016-7264,0.01135,0.83228
CVE-2016-7265,0.01135,0.83228
CVE-2016-7266,0.00871,0.80645
CVE-2016-7267,0.05208,0.92274
CVE-2016-7268,0.00777,0.79483
CVE-2016-7270,0.02525,0.89112
CVE-2016-7271,0.00050,0.16438
CVE-2016-7272,0.90046,0.98576
CVE-2016-7273,0.10668,0.94557
CVE-2016-7274,0.43038,0.97022
CVE-2016-7275,0.00050,0.16438
CVE-2016-7276,0.01135,0.83228
CVE-2016-7277,0.05831,0.92680
CVE-2016-7278,0.48590,0.97207
CVE-2016-7279,0.23587,0.96171
CVE-2016-7280,0.17500,0.95672
CVE-2016-7281,0.00381,0.70278
CVE-2016-7282,0.01354,0.84794
CVE-2016-7283,0.29751,0.96515
CVE-2016-7284,0.11901,0.94853
CVE-2016-7286,0.90331,0.98595
CVE-2016-7287,0.72343,0.97818
CVE-2016-7288,0.90331,0.98595
CVE-2016-7289,0.14283,0.95235
CVE-2016-7290,0.00777,0.79483
CVE-2016-7291,0.00777,0.79483
CVE-2016-7292,0.00050,0.16438
CVE-2016-7295,0.00045,0.11809
CVE-2016-7296,0.09100,0.94077
CVE-2016-7297,0.24680,0.96237
CVE-2016-7298,0.06469,0.93049
CVE-2016-7300,0.00077,0.31902
CVE-2016-7381,0.00052,0.18252
CVE-2016-7382,0.00059,0.22933
CVE-2016-7383,0.00052,0.18252
CVE-2016-7384,0.00138,0.49215
CVE-2016-7385,0.00138,0.49215
CVE-2016-7386,0.00117,0.45623
CVE-2016-7387,0.00138,0.49215
CVE-2016-7388,0.00052,0.18252
CVE-2016-7389,0.00044,0.10161
CVE-2016-7390,0.00063,0.25786
CVE-2016-7391,0.00063,0.25786
CVE-2016-7392,0.00977,0.81813
CVE-2016-7393,0.00526,0.74560
CVE-2016-7394,0.00079,0.32992
CVE-2016-7395,0.00989,0.81950
CVE-2016-7397,0.00051,0.17134
CVE-2016-7398,0.00285,0.65530
CVE-2016-7399,0.00974,0.81786
CVE-2016-7400,0.00515,0.74288
CVE-2016-7401,0.00767,0.79335
CVE-2016-7402,0.00141,0.49841
CVE-2016-7404,0.01944,0.87475
CVE-2016-7405,0.00500,0.73871
CVE-2016-7406,0.02911,0.89812
CVE-2016-7407,0.00956,0.81614
CVE-2016-7408,0.00940,0.81433
CVE-2016-7409,0.00042,0.05722
CVE-2016-7410,0.00083,0.34398
CVE-2016-7411,0.01841,0.87058
CVE-2016-7412,0.01125,0.83149
CVE-2016-7413,0.01704,0.86481
CVE-2016-7414,0.02248,0.88475
CVE-2016-7415,0.01662,0.86329
CVE-2016-7416,0.03685,0.90883
CVE-2016-7417,0.01340,0.84705
CVE-2016-7418,0.02633,0.89327
CVE-2016-7419,0.00112,0.44503
CVE-2016-7420,0.00270,0.64508
CVE-2016-7421,0.00062,0.24773
CVE-2016-7422,0.00062,0.24773
CVE-2016-7423,0.00062,0.24773
CVE-2016-7424,0.01052,0.82507
CVE-2016-7425,0.00044,0.08043
CVE-2016-7426,0.05141,0.92224
CVE-2016-7427,0.00880,0.80756
CVE-2016-7428,0.00880,0.80756
CVE-2016-7429,0.01703,0.86480
CVE-2016-7431,0.01196,0.83723
CVE-2016-7433,0.02413,0.88876
CVE-2016-7434,0.96455,0.99489
CVE-2016-7435,0.00516,0.74301
CVE-2016-7437,0.00042,0.05722
CVE-2016-7438,0.00042,0.05722
CVE-2016-7439,0.00042,0.05722
CVE-2016-7440,0.00043,0.07608
CVE-2016-7442,0.00051,0.17134
CVE-2016-7443,0.00451,0.72537
CVE-2016-7444,0.00615,0.76543
CVE-2016-7445,0.00537,0.74834
CVE-2016-7446,0.02803,0.89648
CVE-2016-7447,0.02803,0.89648
CVE-2016-7448,0.01629,0.86215
CVE-2016-7449,0.01099,0.82937
CVE-2016-7450,0.00105,0.42473
CVE-2016-7452,0.00286,0.65595
CVE-2016-7453,0.00196,0.57542
CVE-2016-7454,0.00129,0.47725
CVE-2016-7456,0.08343,0.93811
CVE-2016-7457,0.00886,0.80844
CVE-2016-7458,0.00148,0.50746
CVE-2016-7459,0.00102,0.41435
CVE-2016-7460,0.01131,0.83187
CVE-2016-7461,0.00063,0.25021
CVE-2016-7462,0.00242,0.62225
CVE-2016-7463,0.00080,0.33247
CVE-2016-7466,0.00062,0.24773
CVE-2016-7467,0.00158,0.52299
CVE-2016-7468,0.00526,0.74550
CVE-2016-7469,0.00102,0.41309
CVE-2016-7472,0.00236,0.61781
CVE-2016-7474,0.00051,0.17134
CVE-2016-7475,0.00104,0.42039
CVE-2016-7476,0.00548,0.75117
CVE-2016-7477,0.00196,0.57541
CVE-2016-7478,0.10316,0.94458
CVE-2016-7479,0.00970,0.81748
CVE-2016-7480,0.00475,0.73208
CVE-2016-7488,0.00042,0.05722
CVE-2016-7489,0.01796,0.86844
CVE-2016-7490,0.00042,0.05722
CVE-2016-7498,0.00284,0.65450
CVE-2016-7499,0.00439,0.72187
CVE-2016-7502,0.00105,0.42473
CVE-2016-7504,0.00709,0.78396
CVE-2016-7505,0.00709,0.78396
CVE-2016-7506,0.00242,0.62243
CVE-2016-7507,0.00079,0.33156
CVE-2016-7508,0.00128,0.47387
CVE-2016-7509,0.00065,0.27007
CVE-2016-7510,0.00121,0.46211
CVE-2016-7511,0.00129,0.47728
CVE-2016-7513,0.00651,0.77291
CVE-2016-7514,0.00715,0.78518
CVE-2016-7515,0.00740,0.78907
CVE-2016-7516,0.00519,0.74374
CVE-2016-7517,0.00519,0.74374
CVE-2016-7518,0.00519,0.74374
CVE-2016-7519,0.00519,0.74374
CVE-2016-7520,0.00936,0.81387
CVE-2016-7521,0.00936,0.81387
CVE-2016-7522,0.00740,0.78907
CVE-2016-7523,0.00267,0.64382
CVE-2016-7524,0.00495,0.73748
CVE-2016-7525,0.00936,0.81387
CVE-2016-7526,0.00856,0.80501
CVE-2016-7527,0.01049,0.82480
CVE-2016-7528,0.01042,0.82431
CVE-2016-7529,0.01042,0.82431
CVE-2016-7530,0.00885,0.80815
CVE-2016-7531,0.00783,0.79554
CVE-2016-7532,0.00740,0.78907
CVE-2016-7533,0.00740,0.78907
CVE-2016-7534,0.00740,0.78907
CVE-2016-7535,0.00519,0.74374
CVE-2016-7536,0.00751,0.79071
CVE-2016-7537,0.01042,0.82431
CVE-2016-7538,0.01072,0.82722
CVE-2016-7539,0.01170,0.83521
CVE-2016-7540,0.00783,0.79554
CVE-2016-7541,0.00128,0.47433
CVE-2016-7542,0.00101,0.41163
CVE-2016-7543,0.00149,0.51000
CVE-2016-7544,0.00452,0.72563
CVE-2016-7545,0.00042,0.05722
CVE-2016-7547,0.11087,0.94654
CVE-2016-7549,0.01258,0.84197
CVE-2016-7550,0.00112,0.44402
CVE-2016-7551,0.04034,0.91235
CVE-2016-7552,0.97004,0.99691
CVE-2016-7553,0.00042,0.05722
CVE-2016-7555,0.00079,0.32884
CVE-2016-7560,0.00441,0.72282
CVE-2016-7561,0.00099,0.40660
CVE-2016-7562,0.00276,0.64885
CVE-2016-7563,0.00132,0.48258
CVE-2016-7564,0.00118,0.45726
CVE-2016-7565,0.00635,0.76951
CVE-2016-7567,0.11062,0.94649
CVE-2016-7568,0.01098,0.82931
CVE-2016-7569,0.00301,0.66476
CVE-2016-7570,0.00102,0.41499
CVE-2016-7571,0.00135,0.48787
CVE-2016-7572,0.00103,0.41717
CVE-2016-7576,0.00063,0.25378
CVE-2016-7577,0.00202,0.58173
CVE-2016-7578,0.00605,0.76327
CVE-2016-7579,0.00207,0.58714
CVE-2016-7580,0.00098,0.40501
CVE-2016-7581,0.00087,0.36584
CVE-2016-7582,0.00415,0.71469
CVE-2016-7583,0.00042,0.05722
CVE-2016-7584,0.00769,0.79361
CVE-2016-7585,0.00105,0.42626
CVE-2016-7586,0.00375,0.70008
CVE-2016-7587,0.00681,0.77948
CVE-2016-7588,0.01363,0.84874
CVE-2016-7589,0.00593,0.76087
CVE-2016-7591,0.00064,0.26155
CVE-2016-7592,0.00385,0.70411
CVE-2016-7594,0.00727,0.78713
CVE-2016-7595,0.01363,0.84874
CVE-2016-7596,0.00552,0.75196
CVE-2016-7597,0.00122,0.46508
CVE-2016-7598,0.00375,0.70008
CVE-2016-7599,0.00317,0.67420
CVE-2016-7600,0.00067,0.27697
CVE-2016-7601,0.00090,0.37877
CVE-2016-7602,0.00141,0.49802
CVE-2016-7603,0.00045,0.12491
CVE-2016-7604,0.00042,0.05722
CVE-2016-7605,0.00103,0.41788
CVE-2016-7606,0.00220,0.60162
CVE-2016-7607,0.00127,0.47263
CVE-2016-7608,0.00048,0.14793
CVE-2016-7609,0.00073,0.30269
CVE-2016-7610,0.00669,0.77691
CVE-2016-7611,0.00685,0.78003
CVE-2016-7612,0.00281,0.65241
CVE-2016-7613,0.00220,0.60162
CVE-2016-7614,0.00042,0.05722
CVE-2016-7615,0.00042,0.05722
CVE-2016-7616,0.00237,0.61869
CVE-2016-7617,0.00170,0.54129
CVE-2016-7618,0.00914,0.81154
CVE-2016-7619,0.00042,0.05722
CVE-2016-7620,0.00045,0.12491
CVE-2016-7621,0.00044,0.10355
CVE-2016-7622,0.00914,0.81154
CVE-2016-7623,0.00254,0.63299
CVE-2016-7624,0.00045,0.12491
CVE-2016-7625,0.00042,0.05722
CVE-2016-7626,0.09246,0.94135
CVE-2016-7627,0.00724,0.78678
CVE-2016-7628,0.00042,0.05722
CVE-2016-7629,0.00167,0.53464
CVE-2016-7630,0.00402,0.71032
CVE-2016-7632,0.00712,0.78463
CVE-2016-7633,0.00042,0.00438
CVE-2016-7634,0.00105,0.42625
CVE-2016-7635,0.00681,0.77948
CVE-2016-7636,0.00694,0.78145
CVE-2016-7637,0.00042,0.00438
CVE-2016-7638,0.00117,0.45648
CVE-2016-7639,0.00681,0.77948
CVE-2016-7640,0.00681,0.77948
CVE-2016-7641,0.00681,0.77948
CVE-2016-7642,0.00681,0.77948
CVE-2016-7643,0.00495,0.73735
CVE-2016-7644,0.00282,0.65306
CVE-2016-7645,0.00681,0.77948
CVE-2016-7646,0.00681,0.77948
CVE-2016-7648,0.00681,0.77948
CVE-2016-7649,0.00681,0.77948
CVE-2016-7650,0.00209,0.58913
CVE-2016-7651,0.00042,0.05722
CVE-2016-7652,0.00681,0.77948
CVE-2016-7653,0.00090,0.37988
CVE-2016-7654,0.00681,0.77948
CVE-2016-7655,0.00068,0.28210
CVE-2016-7656,0.00681,0.77948
CVE-2016-7657,0.00127,0.47263
CVE-2016-7658,0.01363,0.84874
CVE-2016-7659,0.01363,0.84874
CVE-2016-7660,0.00042,0.00438
CVE-2016-7661,0.00042,0.00438
CVE-2016-7662,0.00760,0.79225
CVE-2016-7663,0.02133,0.88152
CVE-2016-7664,0.00090,0.37988
CVE-2016-7665,0.00371,0.69879
CVE-2016-7666,0.00055,0.20666
CVE-2016-7667,0.00204,0.58427
CVE-2016-7714,0.00042,0.05722
CVE-2016-7742,0.00505,0.74047
CVE-2016-7759,0.00044,0.10161
CVE-2016-7761,0.00042,0.05722
CVE-2016-7762,0.00080,0.33432
CVE-2016-7765,0.00068,0.27995
CVE-2016-7777,0.00072,0.29897
CVE-2016-7780,0.00163,0.52981
CVE-2016-7781,0.00163,0.52981
CVE-2016-7782,0.00156,0.52047
CVE-2016-7783,0.00156,0.52047
CVE-2016-7784,0.00278,0.65016
CVE-2016-7785,0.00276,0.64885
CVE-2016-7786,0.01523,0.85719
CVE-2016-7787,0.00150,0.51049
CVE-2016-7788,0.00163,0.52981
CVE-2016-7789,0.00208,0.58748
CVE-2016-7790,0.01206,0.83798
CVE-2016-7791,0.01206,0.83798
CVE-2016-7792,0.00615,0.76548
CVE-2016-7793,0.01205,0.83792
CVE-2016-7794,0.02344,0.88711
CVE-2016-7795,0.00042,0.05722
CVE-2016-7796,0.00051,0.17429
CVE-2016-7797,0.01613,0.86147
CVE-2016-7798,0.00383,0.70337
CVE-2016-7799,0.13181,0.95064
CVE-2016-7800,0.02841,0.89713
CVE-2016-7801,0.00116,0.45262
CVE-2016-7802,0.00141,0.49741
CVE-2016-7803,0.00149,0.51012
CVE-2016-7804,0.00547,0.75088
CVE-2016-7805,0.00084,0.34825
CVE-2016-7806,0.00707,0.78373
CVE-2016-7807,0.00259,0.63744
CVE-2016-7808,0.00118,0.45776
CVE-2016-7809,0.00236,0.61798
CVE-2016-7810,0.00077,0.31738
CVE-2016-7811,0.00152,0.51461
CVE-2016-7812,0.00053,0.18310
CVE-2016-7813,0.00118,0.45776
CVE-2016-7814,0.00200,0.57956
CVE-2016-7815,0.00115,0.45023
CVE-2016-7816,0.00079,0.33051
CVE-2016-7817,0.00071,0.29380
CVE-2016-7818,0.01033,0.82328
CVE-2016-7819,0.00175,0.54755
CVE-2016-7820,0.00357,0.69304
CVE-2016-7821,0.00304,0.66626
CVE-2016-7822,0.00247,0.62746
CVE-2016-7823,0.00049,0.15829
CVE-2016-7824,0.00202,0.58193
CVE-2016-7825,0.00091,0.38471
CVE-2016-7826,0.00091,0.38471
CVE-2016-7830,0.00063,0.25215
CVE-2016-7831,0.00081,0.33701
CVE-2016-7832,0.00156,0.52018
CVE-2016-7833,0.00224,0.60781
CVE-2016-7834,0.00202,0.58232
CVE-2016-7835,0.00386,0.70452
CVE-2016-7836,0.09936,0.94350
CVE-2016-7837,0.00070,0.29091
CVE-2016-7838,0.03685,0.90885
CVE-2016-7839,0.00071,0.29380
CVE-2016-7840,0.00098,0.40456
CVE-2016-7841,0.00071,0.29380
CVE-2016-7842,0.00299,0.66381
CVE-2016-7843,0.00311,0.67055
CVE-2016-7844,0.00160,0.52646
CVE-2016-7845,0.00484,0.73489
CVE-2016-7851,0.00559,0.75318
CVE-2016-7852,0.00488,0.73592
CVE-2016-7853,0.00488,0.73592
CVE-2016-7854,0.12206,0.94911
CVE-2016-7855,0.08675,0.93945
CVE-2016-7856,0.00968,0.81733
CVE-2016-7857,0.01782,0.86779
CVE-2016-7858,0.01782,0.86779
CVE-2016-7859,0.01782,0.86779
CVE-2016-7860,0.01150,0.83342
CVE-2016-7861,0.01150,0.83342
CVE-2016-7862,0.01782,0.86779
CVE-2016-7863,0.01782,0.86779
CVE-2016-7864,0.01782,0.86779
CVE-2016-7865,0.01150,0.83342
CVE-2016-7866,0.51732,0.97285
CVE-2016-7867,0.01513,0.85659
CVE-2016-7868,0.01513,0.85659
CVE-2016-7869,0.01513,0.85659
CVE-2016-7870,0.01513,0.85659
CVE-2016-7871,0.02070,0.87916
CVE-2016-7872,0.01619,0.86175
CVE-2016-7873,0.02066,0.87896
CVE-2016-7874,0.02066,0.87896
CVE-2016-7875,0.02288,0.88585
CVE-2016-7876,0.02066,0.87896
CVE-2016-7877,0.01616,0.86159
CVE-2016-7878,0.01619,0.86175
CVE-2016-7879,0.01619,0.86175
CVE-2016-7880,0.01616,0.86159
CVE-2016-7881,0.01616,0.86159
CVE-2016-7882,0.00161,0.52690
CVE-2016-7883,0.00161,0.52690
CVE-2016-7884,0.00161,0.52690
CVE-2016-7885,0.00198,0.57700
CVE-2016-7886,0.02460,0.88985
CVE-2016-7887,0.00335,0.68346
CVE-2016-7888,0.00263,0.64070
CVE-2016-7889,0.00302,0.66506
CVE-2016-7890,0.01350,0.84769
CVE-2016-7891,0.00153,0.51618
CVE-2016-7892,0.02723,0.89510
CVE-2016-7902,0.00512,0.74225
CVE-2016-7903,0.00330,0.68124
CVE-2016-7904,0.00134,0.48483
CVE-2016-7905,0.00139,0.49414
CVE-2016-7906,0.01701,0.86473
CVE-2016-7907,0.00062,0.24773
CVE-2016-7908,0.00062,0.24773
CVE-2016-7909,0.00062,0.24773
CVE-2016-7910,0.00135,0.48781
CVE-2016-7911,0.00081,0.33782
CVE-2016-7912,0.00082,0.33970
CVE-2016-7913,0.00086,0.35741
CVE-2016-7914,0.00070,0.28985
CVE-2016-7915,0.00120,0.46094
CVE-2016-7916,0.00073,0.30235
CVE-2016-7917,0.00042,0.05722
CVE-2016-7919,0.00241,0.62178
CVE-2016-7922,0.02126,0.88105
CVE-2016-7923,0.02126,0.88105
CVE-2016-7924,0.02126,0.88105
CVE-2016-7925,0.02126,0.88105
CVE-2016-7926,0.02126,0.88105
CVE-2016-7927,0.02126,0.88105
CVE-2016-7928,0.02126,0.88105
CVE-2016-7929,0.02126,0.88105
CVE-2016-7930,0.02126,0.88105
CVE-2016-7931,0.02126,0.88105
CVE-2016-7932,0.02126,0.88105
CVE-2016-7933,0.02126,0.88105
CVE-2016-7934,0.02126,0.88105
CVE-2016-7935,0.02126,0.88105
CVE-2016-7936,0.02126,0.88105
CVE-2016-7937,0.02126,0.88105
CVE-2016-7938,0.01705,0.86487
CVE-2016-7939,0.02126,0.88105
CVE-2016-7940,0.02126,0.88105
CVE-2016-7942,0.00923,0.81255
CVE-2016-7943,0.00988,0.81938
CVE-2016-7944,0.00907,0.81069
CVE-2016-7945,0.00885,0.80816
CVE-2016-7946,0.01020,0.82215
CVE-2016-7947,0.00971,0.81760
CVE-2016-7948,0.00971,0.81760
CVE-2016-7949,0.00933,0.81373
CVE-2016-7950,0.00971,0.81760
CVE-2016-7951,0.00747,0.79007
CVE-2016-7952,0.00983,0.81881
CVE-2016-7953,0.01358,0.84842
CVE-2016-7954,0.00878,0.80738
CVE-2016-7955,0.03751,0.90959
CVE-2016-7957,0.00321,0.67630
CVE-2016-7958,0.00321,0.67630
CVE-2016-7959,0.00042,0.05722
CVE-2016-7960,0.00043,0.05916
CVE-2016-7964,0.00103,0.41691
CVE-2016-7965,0.00270,0.64516
CVE-2016-7966,0.00805,0.79891
CVE-2016-7967,0.00109,0.43578
CVE-2016-7968,0.00066,0.27450
CVE-2016-7969,0.00965,0.81699
CVE-2016-7970,0.01838,0.87044
CVE-2016-7972,0.01446,0.85313
CVE-2016-7973,0.02126,0.88105
CVE-2016-7974,0.02126,0.88105
CVE-2016-7975,0.02126,0.88105
CVE-2016-7976,0.03578,0.90746
CVE-2016-7977,0.00275,0.64825
CVE-2016-7978,0.08212,0.93776
CVE-2016-7979,0.10526,0.94515
CVE-2016-7980,0.00395,0.70787
CVE-2016-7981,0.00258,0.63610
CVE-2016-7982,0.02029,0.87771
CVE-2016-7983,0.02126,0.88105
CVE-2016-7984,0.02126,0.88105
CVE-2016-7985,0.02126,0.88105
CVE-2016-7986,0.02126,0.88105
CVE-2016-7987,0.00083,0.34458
CVE-2016-7988,0.00092,0.38890
CVE-2016-7989,0.00092,0.38890
CVE-2016-7990,0.00224,0.60721
CVE-2016-7991,0.00115,0.45122
CVE-2016-7992,0.02126,0.88105
CVE-2016-7993,0.02126,0.88105
CVE-2016-7994,0.00062,0.24773
CVE-2016-7995,0.00062,0.24773
CVE-2016-7996,0.00423,0.71698
CVE-2016-7997,0.00396,0.70861
CVE-2016-7998,0.00928,0.81311
CVE-2016-7999,0.00445,0.72360
CVE-2016-8005,0.00054,0.19226
CVE-2016-8006,0.00055,0.20376
CVE-2016-8007,0.00044,0.10161
CVE-2016-8008,0.00044,0.10161
CVE-2016-8009,0.00044,0.10161
CVE-2016-8010,0.00042,0.05722
CVE-2016-8011,0.00100,0.40807
CVE-2016-8012,0.00044,0.10161
CVE-2016-8016,0.00088,0.37085
CVE-2016-8017,0.00093,0.39113
CVE-2016-8018,0.00100,0.40790
CVE-2016-8019,0.00177,0.54926
CVE-2016-8020,0.00281,0.65253
CVE-2016-8021,0.00459,0.72778
CVE-2016-8022,0.01781,0.86770
CVE-2016-8023,0.00800,0.79829
CVE-2016-8024,0.00800,0.79829
CVE-2016-8025,0.00140,0.49705
CVE-2016-8026,0.00044,0.10161
CVE-2016-8027,0.62446,0.97564
CVE-2016-8030,0.00136,0.48907
CVE-2016-8031,0.00042,0.05722
CVE-2016-8032,0.00042,0.05722
CVE-2016-8100,0.00042,0.05722
CVE-2016-8101,0.00042,0.05722
CVE-2016-8102,0.00042,0.05722
CVE-2016-8103,0.00042,0.05722
CVE-2016-8104,0.00042,0.05722
CVE-2016-8105,0.00068,0.27934
CVE-2016-8106,0.01803,0.86869
CVE-2016-8201,0.00111,0.44282
CVE-2016-8202,0.00294,0.66092
CVE-2016-8203,0.00290,0.65812
CVE-2016-8204,0.02796,0.89636
CVE-2016-8205,0.11871,0.94848
CVE-2016-8206,0.45842,0.97111
CVE-2016-8207,0.95270,0.99201
CVE-2016-8209,0.00118,0.45703
CVE-2016-8211,0.00291,0.65891
CVE-2016-8212,0.00187,0.56294
CVE-2016-8213,0.00129,0.47611
CVE-2016-8214,0.00052,0.18252
CVE-2016-8215,0.00136,0.48937
CVE-2016-8216,0.00052,0.18252
CVE-2016-8217,0.00161,0.52690
CVE-2016-8218,0.00180,0.55345
CVE-2016-8219,0.00080,0.33363
CVE-2016-8220,0.00168,0.53801
CVE-2016-8221,0.00044,0.10161
CVE-2016-8222,0.00044,0.10161
CVE-2016-8223,0.00042,0.05722
CVE-2016-8224,0.00044,0.10161
CVE-2016-8225,0.00042,0.05722
CVE-2016-8226,0.00074,0.30661
CVE-2016-8227,0.00043,0.07732
CVE-2016-8228,0.00042,0.05722
CVE-2016-8229,0.00073,0.30112
CVE-2016-8230,0.00168,0.53801
CVE-2016-8231,0.00076,0.31287
CVE-2016-8232,0.00099,0.40764
CVE-2016-8233,0.00244,0.62506
CVE-2016-8235,0.00042,0.05722
CVE-2016-8236,0.00107,0.43033
CVE-2016-8237,0.00592,0.76069
CVE-2016-8271,0.00091,0.38552
CVE-2016-8272,0.00044,0.10161
CVE-2016-8273,0.00044,0.10161
CVE-2016-8274,0.00045,0.12340
CVE-2016-8275,0.00152,0.51403
CVE-2016-8276,0.04973,0.92086
CVE-2016-8277,0.00152,0.51403
CVE-2016-8278,0.00175,0.54759
CVE-2016-8279,0.00057,0.21242
CVE-2016-8280,0.00134,0.48528
CVE-2016-8281,0.00111,0.44143
CVE-2016-8282,0.00129,0.47611
CVE-2016-8283,0.00171,0.54186
CVE-2016-8284,0.00053,0.19086
CVE-2016-8285,0.00096,0.39914
CVE-2016-8286,0.00105,0.42490
CVE-2016-8287,0.00108,0.43385
CVE-2016-8288,0.00159,0.52500
CVE-2016-8289,0.00045,0.11976
CVE-2016-8290,0.00120,0.46184
CVE-2016-8291,0.00151,0.51320
CVE-2016-8292,0.00100,0.40836
CVE-2016-8293,0.00151,0.51320
CVE-2016-8294,0.00100,0.40836
CVE-2016-8295,0.00100,0.40836
CVE-2016-8296,0.00098,0.40503
CVE-2016-8297,0.00096,0.39914
CVE-2016-8298,0.00096,0.39914
CVE-2016-8299,0.00072,0.29452
CVE-2016-8300,0.00096,0.39914
CVE-2016-8301,0.00135,0.48827
CVE-2016-8302,0.00074,0.30656
CVE-2016-8303,0.00129,0.47611
CVE-2016-8304,0.00070,0.29073
CVE-2016-8305,0.00080,0.33436
CVE-2016-8306,0.00074,0.30656
CVE-2016-8307,0.00156,0.51916
CVE-2016-8308,0.00135,0.48827
CVE-2016-8309,0.00074,0.30656
CVE-2016-8310,0.00148,0.50855
CVE-2016-8311,0.00096,0.39914
CVE-2016-8312,0.00143,0.50127
CVE-2016-8313,0.00070,0.29073
CVE-2016-8314,0.00074,0.30656
CVE-2016-8315,0.00096,0.39914
CVE-2016-8316,0.00070,0.29073
CVE-2016-8317,0.00074,0.30656
CVE-2016-8318,0.00117,0.45547
CVE-2016-8319,0.00129,0.47611
CVE-2016-8320,0.00129,0.47611
CVE-2016-8322,0.00074,0.30656
CVE-2016-8323,0.00074,0.30656
CVE-2016-8324,0.00156,0.51916
CVE-2016-8325,0.00238,0.61957
CVE-2016-8327,0.00113,0.44685
CVE-2016-8328,0.00345,0.68731
CVE-2016-8329,0.00129,0.47611
CVE-2016-8330,0.00182,0.55609
CVE-2016-8331,0.11024,0.94642
CVE-2016-8332,0.02780,0.89605
CVE-2016-8333,0.00115,0.45225
CVE-2016-8334,0.03351,0.90467
CVE-2016-8335,0.00115,0.45225
CVE-2016-8339,0.01023,0.82237
CVE-2016-8341,0.00302,0.66553
CVE-2016-8343,0.00157,0.52207
CVE-2016-8344,0.00083,0.34458
CVE-2016-8346,0.00100,0.40858
CVE-2016-8347,0.00203,0.58316
CVE-2016-8348,0.00354,0.69139
CVE-2016-8350,0.00057,0.21392
CVE-2016-8352,0.00391,0.70668
CVE-2016-8353,0.00049,0.15824
CVE-2016-8354,0.00068,0.28211
CVE-2016-8355,0.00084,0.34958
CVE-2016-8356,0.00104,0.42318
CVE-2016-8357,0.00049,0.15145
CVE-2016-8358,0.00087,0.35938
CVE-2016-8359,0.00097,0.40183
CVE-2016-8360,0.00391,0.70667
CVE-2016-8361,0.00093,0.39040
CVE-2016-8362,0.00059,0.22937
CVE-2016-8363,0.00193,0.57175
CVE-2016-8364,0.00594,0.76095
CVE-2016-8365,0.00053,0.18604
CVE-2016-8366,0.01421,0.85168
CVE-2016-8367,0.00083,0.34458
CVE-2016-8368,0.00118,0.45784
CVE-2016-8369,0.00095,0.39717
CVE-2016-8370,0.00100,0.40858
CVE-2016-8371,0.00313,0.67129
CVE-2016-8372,0.00207,0.58671
CVE-2016-8374,0.00083,0.34458
CVE-2016-8375,0.00105,0.42407
CVE-2016-8376,0.00111,0.44114
CVE-2016-8377,0.05909,0.92727
CVE-2016-8378,0.00207,0.58671
CVE-2016-8379,0.00207,0.58671
CVE-2016-8380,0.00169,0.53947
CVE-2016-8382,0.00329,0.68038
CVE-2016-8383,0.00329,0.68038
CVE-2016-8384,0.00249,0.62941
CVE-2016-8385,0.00230,0.61217
CVE-2016-8386,0.00230,0.61217
CVE-2016-8387,0.00126,0.47165
CVE-2016-8388,0.00133,0.48461
CVE-2016-8389,0.00144,0.50282
CVE-2016-8390,0.00070,0.29069
CVE-2016-8391,0.00073,0.30244
CVE-2016-8392,0.00073,0.30244
CVE-2016-8393,0.00073,0.30244
CVE-2016-8394,0.00073,0.30244
CVE-2016-8395,0.00104,0.42036
CVE-2016-8396,0.00054,0.19406
CVE-2016-8397,0.00079,0.32884
CVE-2016-8398,0.00244,0.62506
CVE-2016-8399,0.00233,0.61432
CVE-2016-8400,0.00098,0.40517
CVE-2016-8401,0.00055,0.20666
CVE-2016-8402,0.00055,0.20666
CVE-2016-8403,0.00055,0.20666
CVE-2016-8404,0.00055,0.20666
CVE-2016-8405,0.00079,0.32884
CVE-2016-8406,0.00055,0.20666
CVE-2016-8407,0.00055,0.20666
CVE-2016-8408,0.00066,0.27232
CVE-2016-8409,0.00066,0.27232
CVE-2016-8410,0.00066,0.27232
CVE-2016-8411,0.00128,0.47548
CVE-2016-8412,0.00073,0.30244
CVE-2016-8413,0.00110,0.44025
CVE-2016-8414,0.00085,0.35281
CVE-2016-8415,0.00073,0.30244
CVE-2016-8416,0.00110,0.44025
CVE-2016-8417,0.00187,0.56175
CVE-2016-8418,0.00623,0.76732
CVE-2016-8419,0.00098,0.40545
CVE-2016-8420,0.00098,0.40545
CVE-2016-8421,0.00098,0.40545
CVE-2016-8422,0.00057,0.21388
CVE-2016-8423,0.00057,0.21388
CVE-2016-8424,0.00167,0.53401
CVE-2016-8425,0.00167,0.53401
CVE-2016-8426,0.00167,0.53401
CVE-2016-8427,0.00167,0.53401
CVE-2016-8428,0.00167,0.53401
CVE-2016-8429,0.00167,0.53401
CVE-2016-8430,0.00167,0.53401
CVE-2016-8431,0.00071,0.29235
CVE-2016-8432,0.00071,0.29235
CVE-2016-8433,0.00057,0.21388
CVE-2016-8434,0.00073,0.30244
CVE-2016-8435,0.00073,0.30244
CVE-2016-8436,0.00047,0.14207
CVE-2016-8437,0.00289,0.65790
CVE-2016-8438,0.00244,0.62506
CVE-2016-8439,0.00289,0.65790
CVE-2016-8440,0.00220,0.59991
CVE-2016-8441,0.00044,0.10161
CVE-2016-8442,0.00044,0.10161
CVE-2016-8443,0.00044,0.10161
CVE-2016-8444,0.00067,0.27643
CVE-2016-8445,0.00071,0.29430
CVE-2016-8446,0.00057,0.21388
CVE-2016-8447,0.00057,0.21388
CVE-2016-8448,0.00057,0.21388
CVE-2016-8449,0.00167,0.53401
CVE-2016-8450,0.00071,0.29235
CVE-2016-8451,0.00080,0.33352
CVE-2016-8452,0.00071,0.29235
CVE-2016-8453,0.00071,0.29235
CVE-2016-8454,0.00071,0.29235
CVE-2016-8455,0.00065,0.26827
CVE-2016-8456,0.00065,0.26827
CVE-2016-8457,0.00065,0.26827
CVE-2016-8458,0.00065,0.26827
CVE-2016-8459,0.00244,0.62506
CVE-2016-8460,0.00069,0.28647
CVE-2016-8461,0.00042,0.05722
CVE-2016-8462,0.00042,0.05722
CVE-2016-8463,0.00225,0.60857
CVE-2016-8464,0.00071,0.29235
CVE-2016-8465,0.00167,0.53401
CVE-2016-8466,0.00071,0.29235
CVE-2016-8467,0.00042,0.05722
CVE-2016-8468,0.00071,0.29235
CVE-2016-8469,0.00069,0.28647
CVE-2016-8470,0.00054,0.19406
CVE-2016-8471,0.00054,0.19406
CVE-2016-8472,0.00054,0.19406
CVE-2016-8473,0.00069,0.28647
CVE-2016-8474,0.00069,0.28647
CVE-2016-8475,0.00069,0.28647
CVE-2016-8476,0.00098,0.40545
CVE-2016-8477,0.00135,0.48811
CVE-2016-8478,0.00110,0.44025
CVE-2016-8479,0.00167,0.53401
CVE-2016-8480,0.00098,0.40545
CVE-2016-8481,0.00098,0.40545
CVE-2016-8482,0.00052,0.18252
CVE-2016-8483,0.00110,0.44025
CVE-2016-8484,0.00315,0.67296
CVE-2016-8485,0.00146,0.50516
CVE-2016-8486,0.00146,0.50516
CVE-2016-8487,0.00315,0.67296
CVE-2016-8488,0.00315,0.67296
CVE-2016-8491,0.00160,0.52605
CVE-2016-8492,0.00124,0.46760
CVE-2016-8493,0.00092,0.38855
CVE-2016-8494,0.00097,0.40063
CVE-2016-8495,0.00144,0.50294
CVE-2016-8501,0.00106,0.42888
CVE-2016-8502,0.00138,0.49222
CVE-2016-8503,0.00138,0.49222
CVE-2016-8504,0.00061,0.23886
CVE-2016-8505,0.00098,0.40456
CVE-2016-8506,0.00098,0.40456
CVE-2016-8507,0.00193,0.57161
CVE-2016-8508,0.00140,0.49596
CVE-2016-8511,0.35364,0.96754
CVE-2016-8512,0.00964,0.81691
CVE-2016-8513,0.00188,0.56322
CVE-2016-8514,0.00134,0.48498
CVE-2016-8515,0.00528,0.74628
CVE-2016-8516,0.00730,0.78779
CVE-2016-8517,0.00145,0.50422
CVE-2016-8518,0.00730,0.78779
CVE-2016-8519,0.69036,0.97716
CVE-2016-8520,0.00099,0.40660
CVE-2016-8521,0.00397,0.70880
CVE-2016-8522,0.00101,0.41228
CVE-2016-8523,0.16207,0.95510
CVE-2016-8525,0.00145,0.50417
CVE-2016-8526,0.00967,0.81720
CVE-2016-8527,0.00166,0.53319
CVE-2016-8528,0.00326,0.67866
CVE-2016-8529,0.01230,0.83993
CVE-2016-8530,0.00813,0.79977
CVE-2016-8531,0.00126,0.47212
CVE-2016-8532,0.00050,0.16027
CVE-2016-8533,0.00097,0.40125
CVE-2016-8534,0.00097,0.40125
CVE-2016-8535,0.00050,0.16027
CVE-2016-8561,0.00251,0.63086
CVE-2016-8562,0.00809,0.79938
CVE-2016-8563,0.00658,0.77407
CVE-2016-8564,0.00134,0.48563
CVE-2016-8565,0.00712,0.78470
CVE-2016-8566,0.00042,0.00438
CVE-2016-8567,0.00172,0.54456
CVE-2016-8568,0.00478,0.73304
CVE-2016-8569,0.00487,0.73542
CVE-2016-8574,0.02126,0.88105
CVE-2016-8575,0.02126,0.88105
CVE-2016-8576,0.00062,0.24773
CVE-2016-8577,0.00062,0.24773
CVE-2016-8578,0.00062,0.24773
CVE-2016-8579,0.00055,0.20569
CVE-2016-8580,0.00897,0.80959
CVE-2016-8581,0.00489,0.73614
CVE-2016-8582,0.96363,0.99464
CVE-2016-8583,0.00085,0.35433
CVE-2016-8584,0.04147,0.91365
CVE-2016-8585,0.05022,0.92137
CVE-2016-8586,0.00414,0.71396
CVE-2016-8587,0.01518,0.85690
CVE-2016-8588,0.01320,0.84585
CVE-2016-8589,0.00334,0.68325
CVE-2016-8590,0.00334,0.68325
CVE-2016-8591,0.00414,0.71396
CVE-2016-8592,0.00414,0.71396
CVE-2016-8593,0.00226,0.60961
CVE-2016-8595,0.00130,0.47867
CVE-2016-8596,0.00470,0.73075
CVE-2016-8597,0.00470,0.73075
CVE-2016-8598,0.00470,0.73075
CVE-2016-8600,0.00605,0.76324
CVE-2016-8602,0.04205,0.91411
CVE-2016-8605,0.00321,0.67647
CVE-2016-8606,0.01051,0.82498
CVE-2016-8608,0.00109,0.43833
CVE-2016-8609,0.00263,0.64055
CVE-2016-8610,0.24668,0.96236
CVE-2016-8611,0.00401,0.70986
CVE-2016-8612,0.00114,0.44966
CVE-2016-8613,0.00321,0.67620
CVE-2016-8614,0.00165,0.53210
CVE-2016-8615,0.00568,0.75509
CVE-2016-8616,0.00562,0.75366
CVE-2016-8617,0.00062,0.24773
CVE-2016-8618,0.01307,0.84515
CVE-2016-8619,0.01277,0.84304
CVE-2016-8620,0.00718,0.78584
CVE-2016-8621,0.00367,0.69723
CVE-2016-8622,0.01272,0.84269
CVE-2016-8623,0.00467,0.72965
CVE-2016-8624,0.00664,0.77581
CVE-2016-8625,0.00567,0.75501
CVE-2016-8626,0.00219,0.59933
CVE-2016-8627,0.00525,0.74526
CVE-2016-8628,0.00255,0.63487
CVE-2016-8629,0.00259,0.63744
CVE-2016-8630,0.00042,0.05722
CVE-2016-8631,0.00070,0.28981
CVE-2016-8632,0.00042,0.05722
CVE-2016-8633,0.05240,0.92291
CVE-2016-8634,0.00077,0.31738
CVE-2016-8635,0.00193,0.57168
CVE-2016-8636,0.00042,0.05722
CVE-2016-8637,0.00042,0.05722
CVE-2016-8638,0.00830,0.80185
CVE-2016-8639,0.00162,0.52921
CVE-2016-8640,0.00245,0.62633
CVE-2016-8641,0.00045,0.12509
CVE-2016-8642,0.00074,0.30718
CVE-2016-8643,0.00053,0.19109
CVE-2016-8644,0.00074,0.30718
CVE-2016-8645,0.00042,0.05722
CVE-2016-8646,0.00042,0.05722
CVE-2016-8647,0.00088,0.36898
CVE-2016-8648,0.00096,0.39779
CVE-2016-8649,0.00362,0.69507
CVE-2016-8650,0.00042,0.05722
CVE-2016-8651,0.00051,0.17134
CVE-2016-8652,0.01456,0.85367
CVE-2016-8653,0.00079,0.32904
CVE-2016-8654,0.00159,0.52377
CVE-2016-8655,0.00043,0.07362
CVE-2016-8656,0.00044,0.08000
CVE-2016-8657,0.00062,0.24773
CVE-2016-8658,0.00042,0.05722
CVE-2016-8659,0.00042,0.05722
CVE-2016-8660,0.00042,0.05722
CVE-2016-8661,0.00077,0.32045
CVE-2016-8666,0.08754,0.93972
CVE-2016-8667,0.00062,0.24773
CVE-2016-8668,0.00062,0.24773
CVE-2016-8669,0.00062,0.24773
CVE-2016-8670,0.03441,0.90591
CVE-2016-8671,0.00267,0.64367
CVE-2016-8672,0.00096,0.39765
CVE-2016-8673,0.00108,0.43425
CVE-2016-8674,0.00634,0.76921
CVE-2016-8675,0.00222,0.60589
CVE-2016-8676,0.00393,0.70734
CVE-2016-8677,0.00437,0.72140
CVE-2016-8678,0.00530,0.74654
CVE-2016-8679,0.00120,0.46101
CVE-2016-8680,0.00248,0.62867
CVE-2016-8681,0.00142,0.49927
CVE-2016-8682,0.00997,0.82024
CVE-2016-8683,0.00757,0.79180
CVE-2016-8684,0.00593,0.76083
CVE-2016-8685,0.00371,0.69872
CVE-2016-8686,0.00482,0.73406
CVE-2016-8687,0.01423,0.85183
CVE-2016-8688,0.00683,0.77966
CVE-2016-8689,0.00761,0.79237
CVE-2016-8690,0.00267,0.64337
CVE-2016-8691,0.00416,0.71498
CVE-2016-8692,0.00416,0.71498
CVE-2016-8693,0.00647,0.77174
CVE-2016-8694,0.00393,0.70734
CVE-2016-8695,0.00393,0.70734
CVE-2016-8696,0.00393,0.70734
CVE-2016-8697,0.00371,0.69872
CVE-2016-8698,0.00896,0.80955
CVE-2016-8699,0.00896,0.80955
CVE-2016-8700,0.00896,0.80955
CVE-2016-8701,0.00896,0.80955
CVE-2016-8702,0.00896,0.80955
CVE-2016-8703,0.00896,0.80955
CVE-2016-8704,0.88277,0.98454
CVE-2016-8705,0.88277,0.98454
CVE-2016-8706,0.91612,0.98708
CVE-2016-8707,0.01071,0.82708
CVE-2016-8709,0.00078,0.32609
CVE-2016-8710,0.00385,0.70431
CVE-2016-8711,0.00316,0.67382
CVE-2016-8712,0.00465,0.72921
CVE-2016-8713,0.00078,0.32147
CVE-2016-8714,0.00206,0.58574
CVE-2016-8715,0.00081,0.33764
CVE-2016-8716,0.00096,0.40045
CVE-2016-8717,0.00222,0.60556
CVE-2016-8718,0.00128,0.47407
CVE-2016-8719,0.00107,0.43032
CVE-2016-8720,0.00258,0.63620
CVE-2016-8721,0.00158,0.52239
CVE-2016-8722,0.00127,0.47314
CVE-2016-8723,0.00176,0.54784
CVE-2016-8724,0.00127,0.47314
CVE-2016-8725,0.00127,0.47314
CVE-2016-8726,0.00176,0.54784
CVE-2016-8727,0.00414,0.71442
CVE-2016-8728,0.00072,0.29986
CVE-2016-8729,0.00072,0.29986
CVE-2016-8730,0.00103,0.41571
CVE-2016-8731,0.00192,0.56976
CVE-2016-8732,0.00048,0.14788
CVE-2016-8733,0.00060,0.23520
CVE-2016-8734,0.00383,0.70334
CVE-2016-8735,0.25115,0.96261
CVE-2016-8736,0.00377,0.70078
CVE-2016-8737,0.00110,0.44011
CVE-2016-8738,0.00776,0.79476
CVE-2016-8739,0.00780,0.79528
CVE-2016-8740,0.02675,0.89413
CVE-2016-8741,0.00125,0.46864
CVE-2016-8742,0.00061,0.23986
CVE-2016-8743,0.00270,0.64539
CVE-2016-8744,0.00104,0.41987
CVE-2016-8745,0.00918,0.81202
CVE-2016-8746,0.00096,0.39995
CVE-2016-8747,0.00189,0.56480
CVE-2016-8748,0.00065,0.26780
CVE-2016-8749,0.08835,0.93991
CVE-2016-8750,0.00200,0.57930
CVE-2016-8751,0.00045,0.12363
CVE-2016-8752,0.00097,0.40195
CVE-2016-8754,0.00073,0.30232
CVE-2016-8756,0.00057,0.21242
CVE-2016-8757,0.00054,0.19393
CVE-2016-8758,0.00057,0.21242
CVE-2016-8759,0.00075,0.31044
CVE-2016-8760,0.00075,0.31044
CVE-2016-8761,0.00075,0.31044
CVE-2016-8762,0.00044,0.10161
CVE-2016-8763,0.00063,0.25160
CVE-2016-8764,0.00044,0.10161
CVE-2016-8768,0.00063,0.25160
CVE-2016-8769,0.00087,0.36445
CVE-2016-8773,0.00096,0.39910
CVE-2016-8774,0.00044,0.10161
CVE-2016-8775,0.00044,0.10161
CVE-2016-8776,0.00055,0.20633
CVE-2016-8779,0.00108,0.43486
CVE-2016-8780,0.00140,0.49521
CVE-2016-8781,0.00140,0.49521
CVE-2016-8782,0.00085,0.35518
CVE-2016-8783,0.00075,0.31044
CVE-2016-8784,0.00055,0.20569
CVE-2016-8785,0.00076,0.31323
CVE-2016-8786,0.00175,0.54759
CVE-2016-8789,0.00076,0.31323
CVE-2016-8790,0.00044,0.10161
CVE-2016-8791,0.00099,0.40660
CVE-2016-8792,0.00099,0.40660
CVE-2016-8793,0.00044,0.10161
CVE-2016-8794,0.00099,0.40660
CVE-2016-8795,0.00164,0.53068
CVE-2016-8796,0.00096,0.39910
CVE-2016-8797,0.00236,0.61753
CVE-2016-8798,0.00096,0.39910
CVE-2016-8801,0.00088,0.36880
CVE-2016-8802,0.00074,0.30515
CVE-2016-8803,0.00044,0.10161
CVE-2016-8805,0.00063,0.25786
CVE-2016-8806,0.00063,0.25786
CVE-2016-8807,0.00073,0.30155
CVE-2016-8808,0.00063,0.25786
CVE-2016-8809,0.00063,0.25786
CVE-2016-8810,0.00063,0.25786
CVE-2016-8811,0.00063,0.25786
CVE-2016-8812,0.00073,0.30346
CVE-2016-8813,0.00044,0.10161
CVE-2016-8814,0.00044,0.10161
CVE-2016-8815,0.00044,0.10161
CVE-2016-8816,0.00044,0.10161
CVE-2016-8817,0.00044,0.10161
CVE-2016-8818,0.00044,0.10161
CVE-2016-8819,0.00044,0.10161
CVE-2016-8820,0.00044,0.10161
CVE-2016-8821,0.00044,0.10161
CVE-2016-8822,0.00044,0.10161
CVE-2016-8823,0.00063,0.24934
CVE-2016-8824,0.00044,0.10161
CVE-2016-8825,0.00044,0.10161
CVE-2016-8826,0.00044,0.10161
CVE-2016-8827,0.00334,0.68308
CVE-2016-8855,0.00116,0.45318
CVE-2016-8856,0.00063,0.24924
CVE-2016-8858,0.81047,0.98080
CVE-2016-8859,0.00895,0.80936
CVE-2016-8860,0.04386,0.91573
CVE-2016-8862,0.00760,0.79221
CVE-2016-8863,0.03836,0.91052
CVE-2016-8864,0.95070,0.99156
CVE-2016-8866,0.00561,0.75353
CVE-2016-8867,0.00164,0.53047
CVE-2016-8869,0.92929,0.98861
CVE-2016-8870,0.91424,0.98690
CVE-2016-8871,0.00054,0.19421
CVE-2016-8875,0.00146,0.50499
CVE-2016-8876,0.00598,0.76160
CVE-2016-8877,0.02458,0.88982
CVE-2016-8878,0.01007,0.82099
CVE-2016-8879,0.00146,0.50499
CVE-2016-8882,0.00588,0.75989
CVE-2016-8883,0.01325,0.84620
CVE-2016-8884,0.00540,0.74933
CVE-2016-8885,0.00733,0.78826
CVE-2016-8886,0.01235,0.84019
CVE-2016-8887,0.00540,0.74933
CVE-2016-8889,0.00100,0.40811
CVE-2016-8897,0.00212,0.59190
CVE-2016-8898,0.00212,0.59190
CVE-2016-8899,0.00487,0.73552
CVE-2016-8900,0.00487,0.73552
CVE-2016-8901,0.00819,0.80041
CVE-2016-8902,0.00195,0.57475
CVE-2016-8903,0.00374,0.69997
CVE-2016-8904,0.00374,0.69997
CVE-2016-8905,0.00446,0.72409
CVE-2016-8906,0.00374,0.69997
CVE-2016-8907,0.00446,0.72409
CVE-2016-8908,0.00374,0.69997
CVE-2016-8909,0.00062,0.24773
CVE-2016-8910,0.00062,0.24773
CVE-2016-8911,0.00065,0.26775
CVE-2016-8912,0.00049,0.15902
CVE-2016-8913,0.00107,0.43278
CVE-2016-8915,0.00095,0.39642
CVE-2016-8916,0.00042,0.05722
CVE-2016-8917,0.00071,0.29260
CVE-2016-8918,0.00156,0.51886
CVE-2016-8919,0.00225,0.60857
CVE-2016-8920,0.00049,0.15902
CVE-2016-8921,0.01790,0.86813
CVE-2016-8922,0.00070,0.29096
CVE-2016-8923,0.00050,0.16027
CVE-2016-8924,0.00128,0.47457
CVE-2016-8925,0.00100,0.40968
CVE-2016-8926,0.00075,0.30945
CVE-2016-8927,0.00049,0.15902
CVE-2016-8928,0.00097,0.40127
CVE-2016-8929,0.00092,0.38878
CVE-2016-8930,0.00097,0.40127
CVE-2016-8931,0.01753,0.86680
CVE-2016-8932,0.01753,0.86680
CVE-2016-8933,0.00107,0.43278
CVE-2016-8934,0.00049,0.15902
CVE-2016-8935,0.00049,0.15902
CVE-2016-8936,0.00070,0.29096
CVE-2016-8937,0.00185,0.55858
CVE-2016-8938,0.00323,0.67730
CVE-2016-8939,0.00060,0.23636
CVE-2016-8940,0.00098,0.40400
CVE-2016-8941,0.00071,0.29260
CVE-2016-8942,0.00049,0.15902
CVE-2016-8943,0.00049,0.15902
CVE-2016-8944,0.00042,0.05722
CVE-2016-8946,0.00062,0.24327
CVE-2016-8947,0.00140,0.49651
CVE-2016-8948,0.00059,0.23108
CVE-2016-8949,0.00082,0.34130
CVE-2016-8950,0.00135,0.48872
CVE-2016-8951,0.00229,0.61134
CVE-2016-8952,0.00059,0.23108
CVE-2016-8953,0.00079,0.33086
CVE-2016-8954,0.00417,0.71514
CVE-2016-8960,0.00087,0.36090
CVE-2016-8961,0.00097,0.40276
CVE-2016-8962,0.00146,0.50536
CVE-2016-8963,0.00042,0.05722
CVE-2016-8964,0.00513,0.74233
CVE-2016-8966,0.00136,0.48922
CVE-2016-8967,0.00042,0.05722
CVE-2016-8968,0.00087,0.36026
CVE-2016-8971,0.00076,0.31174
CVE-2016-8972,0.00044,0.10527
CVE-2016-8973,0.00049,0.15902
CVE-2016-8974,0.00139,0.49402
CVE-2016-8975,0.00059,0.23108
CVE-2016-8977,0.00069,0.28539
CVE-2016-8980,0.00133,0.48399
CVE-2016-8981,0.00044,0.10161
CVE-2016-8982,0.00131,0.48058
CVE-2016-8986,0.00095,0.39576
CVE-2016-8987,0.00063,0.24898
CVE-2016-8998,0.00102,0.41283
CVE-2016-8999,0.00059,0.23108
CVE-2016-9000,0.00130,0.47877
CVE-2016-9005,0.00183,0.55693
CVE-2016-9006,0.00050,0.16027
CVE-2016-9008,0.00126,0.47186
CVE-2016-9009,0.00069,0.28669
CVE-2016-9010,0.00125,0.46857
CVE-2016-9011,0.00315,0.67307
CVE-2016-9012,0.00205,0.58482
CVE-2016-9013,0.01286,0.84389
CVE-2016-9014,0.01656,0.86312
CVE-2016-9015,0.00065,0.27022
CVE-2016-9016,0.00042,0.05722
CVE-2016-9017,0.00264,0.64159
CVE-2016-9018,0.00099,0.40600
CVE-2016-9019,0.00195,0.57462
CVE-2016-9020,0.00204,0.58405
CVE-2016-9021,0.00225,0.60835
CVE-2016-9022,0.00225,0.60835
CVE-2016-9023,0.00225,0.60835
CVE-2016-9025,0.00225,0.60835
CVE-2016-9026,0.00225,0.60835
CVE-2016-9028,0.00525,0.74546
CVE-2016-9031,0.00060,0.23520
CVE-2016-9032,0.00048,0.14788
CVE-2016-9033,0.00048,0.14788
CVE-2016-9034,0.00048,0.14788
CVE-2016-9035,0.00048,0.14788
CVE-2016-9036,0.01540,0.85795
CVE-2016-9037,0.03042,0.90012
CVE-2016-9038,0.00048,0.14788
CVE-2016-9039,0.00042,0.05722
CVE-2016-9040,0.00042,0.05722
CVE-2016-9042,0.01662,0.86330
CVE-2016-9043,0.00147,0.50691
CVE-2016-9044,0.00093,0.39020
CVE-2016-9045,0.00093,0.39100
CVE-2016-9048,0.00060,0.23288
CVE-2016-9049,0.00497,0.73795
CVE-2016-9050,0.00123,0.46652
CVE-2016-9051,0.02222,0.88407
CVE-2016-9052,0.39915,0.96928
CVE-2016-9053,0.16482,0.95536
CVE-2016-9054,0.39915,0.96928
CVE-2016-9061,0.00208,0.58756
CVE-2016-9062,0.00067,0.27658
CVE-2016-9063,0.00951,0.81544
CVE-2016-9064,0.00555,0.75259
CVE-2016-9065,0.00164,0.53122
CVE-2016-9066,0.00886,0.80840
CVE-2016-9067,0.00326,0.67863
CVE-2016-9068,0.00355,0.69194
CVE-2016-9069,0.00145,0.50325
CVE-2016-9070,0.00267,0.64340
CVE-2016-9071,0.00187,0.56284
CVE-2016-9072,0.00250,0.63075
CVE-2016-9073,0.00185,0.55889
CVE-2016-9074,0.00167,0.53415
CVE-2016-9075,0.00541,0.74947
CVE-2016-9076,0.00247,0.62785
CVE-2016-9077,0.00168,0.53550
CVE-2016-9078,0.00578,0.75756
CVE-2016-9079,0.95481,0.99252
CVE-2016-9080,0.00400,0.70971
CVE-2016-9081,0.00220,0.59991
CVE-2016-9082,0.00627,0.76799
CVE-2016-9083,0.00042,0.05722
CVE-2016-9084,0.00042,0.05722
CVE-2016-9085,0.00065,0.27134
CVE-2016-9086,0.00061,0.23898
CVE-2016-9087,0.00204,0.58405
CVE-2016-9091,0.01550,0.85842
CVE-2016-9092,0.00096,0.40021
CVE-2016-9093,0.00045,0.11828
CVE-2016-9094,0.00087,0.36582
CVE-2016-9097,0.00231,0.61313
CVE-2016-9099,0.00134,0.48580
CVE-2016-9100,0.00042,0.05722
CVE-2016-9101,0.00062,0.24773
CVE-2016-9102,0.00062,0.24773
CVE-2016-9103,0.00059,0.22823
CVE-2016-9104,0.00062,0.24776
CVE-2016-9105,0.00062,0.24773
CVE-2016-9106,0.00062,0.24773
CVE-2016-9107,0.00337,0.68421
CVE-2016-9108,0.00696,0.78198
CVE-2016-9109,0.00174,0.54657
CVE-2016-9111,0.00419,0.71560
CVE-2016-9112,0.01053,0.82518
CVE-2016-9113,0.00356,0.69274
CVE-2016-9114,0.00356,0.69274
CVE-2016-9115,0.00144,0.50296
CVE-2016-9116,0.00103,0.41574
CVE-2016-9117,0.00103,0.41574
CVE-2016-9118,0.00676,0.77814
CVE-2016-9119,0.00101,0.41223
CVE-2016-9120,0.00068,0.28210
CVE-2016-9121,0.00174,0.54575
CVE-2016-9122,0.00133,0.48355
CVE-2016-9123,0.00124,0.46815
CVE-2016-9124,0.00316,0.67382
CVE-2016-9125,0.00363,0.69536
CVE-2016-9126,0.00069,0.28444
CVE-2016-9127,0.00150,0.51093
CVE-2016-9128,0.00083,0.34280
CVE-2016-9129,0.00140,0.49590
CVE-2016-9130,0.00054,0.19226
CVE-2016-9131,0.87303,0.98400
CVE-2016-9132,0.00681,0.77936
CVE-2016-9134,0.00098,0.40488
CVE-2016-9135,0.00088,0.37053
CVE-2016-9136,0.00124,0.46814
CVE-2016-9137,0.01698,0.86463
CVE-2016-9138,0.00718,0.78584
CVE-2016-9139,0.00125,0.47020
CVE-2016-9147,0.76771,0.97946
CVE-2016-9148,0.00177,0.54908
CVE-2016-9149,0.00116,0.45245
CVE-2016-9150,0.13879,0.95170
CVE-2016-9151,0.00061,0.23986
CVE-2016-9152,0.00127,0.47330
CVE-2016-9154,0.00251,0.63114
CVE-2016-9155,0.00450,0.72502
CVE-2016-9156,0.00149,0.50905
CVE-2016-9157,0.01824,0.86960
CVE-2016-9158,0.00373,0.69944
CVE-2016-9159,0.00200,0.57939
CVE-2016-9160,0.00595,0.76107
CVE-2016-9164,0.03158,0.90176
CVE-2016-9165,0.00998,0.82033
CVE-2016-9166,0.00084,0.34791
CVE-2016-9167,0.00119,0.45881
CVE-2016-9168,0.00170,0.54121
CVE-2016-9169,0.00109,0.43767
CVE-2016-9176,0.00893,0.80921
CVE-2016-9177,0.00301,0.66479
CVE-2016-9178,0.00042,0.05722
CVE-2016-9179,0.00094,0.39430
CVE-2016-9180,0.00727,0.78726
CVE-2016-9181,0.00073,0.30236
CVE-2016-9182,0.00108,0.43385
CVE-2016-9183,0.00116,0.45336
CVE-2016-9184,0.00088,0.37053
CVE-2016-9185,0.00193,0.57216
CVE-2016-9186,0.00413,0.71367
CVE-2016-9187,0.00413,0.71367
CVE-2016-9188,0.00101,0.41195
CVE-2016-9189,0.00100,0.40936
CVE-2016-9190,0.00338,0.68459
CVE-2016-9191,0.00042,0.05722
CVE-2016-9192,0.00042,0.05722
CVE-2016-9193,0.00160,0.52544
CVE-2016-9194,0.00102,0.41384
CVE-2016-9195,0.00220,0.60175
CVE-2016-9196,0.00042,0.05722
CVE-2016-9197,0.00042,0.05722
CVE-2016-9198,0.00236,0.61818
CVE-2016-9199,0.00116,0.45355
CVE-2016-9200,0.00128,0.47456
CVE-2016-9201,0.00152,0.51478
CVE-2016-9202,0.00107,0.43129
CVE-2016-9203,0.00236,0.61818
CVE-2016-9204,0.00112,0.44428
CVE-2016-9205,0.00130,0.47769
CVE-2016-9206,0.00128,0.47456
CVE-2016-9207,0.00157,0.52071
CVE-2016-9208,0.00116,0.45355
CVE-2016-9209,0.00105,0.42480
CVE-2016-9210,0.00130,0.47769
CVE-2016-9211,0.00242,0.62225
CVE-2016-9212,0.00202,0.58193
CVE-2016-9214,0.00107,0.43129
CVE-2016-9215,0.00042,0.05722
CVE-2016-9216,0.00220,0.60175
CVE-2016-9217,0.00169,0.53934
CVE-2016-9218,0.00074,0.30680
CVE-2016-9219,0.00356,0.69234
CVE-2016-9220,0.00068,0.27934
CVE-2016-9221,0.00055,0.20569
CVE-2016-9222,0.00165,0.53136
CVE-2016-9223,0.00272,0.64636
CVE-2016-9224,0.00137,0.49081
CVE-2016-9225,0.00237,0.61880
CVE-2016-9242,0.00109,0.43524
CVE-2016-9243,0.00583,0.75858
CVE-2016-9244,0.95735,0.99306
CVE-2016-9245,0.00314,0.67218
CVE-2016-9247,0.00314,0.67218
CVE-2016-9249,0.00314,0.67218
CVE-2016-9250,0.00102,0.41435
CVE-2016-9251,0.00097,0.40125
CVE-2016-9252,0.00235,0.61655
CVE-2016-9253,0.00118,0.45703
CVE-2016-9256,0.00099,0.40660
CVE-2016-9257,0.00085,0.35433
CVE-2016-9259,0.00065,0.27007
CVE-2016-9260,0.00110,0.43982
CVE-2016-9261,0.00065,0.27007
CVE-2016-9262,0.00619,0.76651
CVE-2016-9263,0.00081,0.33701
CVE-2016-9264,0.00328,0.67985
CVE-2016-9265,0.00328,0.67985
CVE-2016-9266,0.00241,0.62158
CVE-2016-9268,0.00916,0.81170
CVE-2016-9269,0.00354,0.69168
CVE-2016-9271,0.00054,0.20290
CVE-2016-9272,0.00163,0.52996
CVE-2016-9273,0.00637,0.76968
CVE-2016-9274,0.00070,0.28929
CVE-2016-9275,0.00646,0.77151
CVE-2016-9276,0.00585,0.75895
CVE-2016-9277,0.00091,0.38472
CVE-2016-9278,0.00042,0.05722
CVE-2016-9279,0.00312,0.67118
CVE-2016-9282,0.00116,0.45358
CVE-2016-9283,0.00116,0.45358
CVE-2016-9284,0.00212,0.59264
CVE-2016-9285,0.00212,0.59264
CVE-2016-9286,0.00212,0.59264
CVE-2016-9287,0.00196,0.57542
CVE-2016-9288,0.00178,0.55046
CVE-2016-9294,0.00303,0.66569
CVE-2016-9296,0.00176,0.54787
CVE-2016-9297,0.00843,0.80351
CVE-2016-9298,0.00887,0.80853
CVE-2016-9299,0.63290,0.97576
CVE-2016-9303,0.00944,0.81474
CVE-2016-9304,0.00481,0.73372
CVE-2016-9305,0.00244,0.62506
CVE-2016-9306,0.00470,0.73075
CVE-2016-9307,0.00470,0.73075
CVE-2016-9310,0.00806,0.79904
CVE-2016-9311,0.01922,0.87397
CVE-2016-9312,0.67257,0.97668
CVE-2016-9313,0.00060,0.23586
CVE-2016-9314,0.00242,0.62302
CVE-2016-9315,0.00283,0.65392
CVE-2016-9316,0.00085,0.35317
CVE-2016-9317,0.00395,0.70809
CVE-2016-9318,0.00216,0.59656
CVE-2016-9319,0.00216,0.59669
CVE-2016-9332,0.01503,0.85612
CVE-2016-9333,0.00172,0.54446
CVE-2016-9334,0.00063,0.24877
CVE-2016-9335,0.00285,0.65507
CVE-2016-9337,0.00107,0.43215
CVE-2016-9338,0.00057,0.21452
CVE-2016-9339,0.00066,0.27261
CVE-2016-9343,0.00152,0.51407
CVE-2016-9344,0.00100,0.40858
CVE-2016-9345,0.00043,0.05916
CVE-2016-9346,0.00057,0.21246
CVE-2016-9347,0.00054,0.19260
CVE-2016-9348,0.00044,0.08189
CVE-2016-9349,0.03390,0.90520
CVE-2016-9351,0.00069,0.28546
CVE-2016-9353,0.00045,0.12333
CVE-2016-9354,0.00055,0.20526
CVE-2016-9355,0.00053,0.18491
CVE-2016-9356,0.00044,0.08189
CVE-2016-9357,0.00070,0.29103
CVE-2016-9358,0.00172,0.54456
CVE-2016-9360,0.00067,0.27870
CVE-2016-9361,0.39274,0.96915
CVE-2016-9362,0.00138,0.49351
CVE-2016-9363,0.00108,0.43474
CVE-2016-9364,0.00116,0.45341
CVE-2016-9365,0.00095,0.39717
CVE-2016-9366,0.00193,0.57175
CVE-2016-9367,0.00083,0.34458
CVE-2016-9368,0.00161,0.52705
CVE-2016-9369,0.00896,0.80949
CVE-2016-9371,0.00084,0.34871
CVE-2016-9372,0.00462,0.72830
CVE-2016-9373,0.00211,0.59051
CVE-2016-9374,0.00511,0.74186
CVE-2016-9375,0.00300,0.66410
CVE-2016-9376,0.00300,0.66410
CVE-2016-9377,0.00059,0.22933
CVE-2016-9378,0.00059,0.22933
CVE-2016-9379,0.00061,0.24028
CVE-2016-9380,0.00061,0.24028
CVE-2016-9381,0.00062,0.24773
CVE-2016-9382,0.00062,0.24773
CVE-2016-9383,0.00074,0.30744
CVE-2016-9384,0.00060,0.23636
CVE-2016-9385,0.00062,0.24773
CVE-2016-9386,0.00062,0.24773
CVE-2016-9387,0.00602,0.76243
CVE-2016-9388,0.01078,0.82764
CVE-2016-9389,0.01560,0.85895
CVE-2016-9390,0.00898,0.80970
CVE-2016-9391,0.01430,0.85224
CVE-2016-9392,0.01078,0.82764
CVE-2016-9393,0.01078,0.82764
CVE-2016-9394,0.00898,0.80970
CVE-2016-9395,0.01036,0.82363
CVE-2016-9396,0.02260,0.88517
CVE-2016-9397,0.01392,0.85022
CVE-2016-9398,0.02497,0.89053
CVE-2016-9399,0.01370,0.84911
CVE-2016-9400,0.01181,0.83614
CVE-2016-9401,0.00042,0.05722
CVE-2016-9402,0.00195,0.57462
CVE-2016-9403,0.00482,0.73404
CVE-2016-9404,0.00135,0.48742
CVE-2016-9405,0.00135,0.48742
CVE-2016-9406,0.00135,0.48742
CVE-2016-9407,0.00135,0.48742
CVE-2016-9408,0.00135,0.48742
CVE-2016-9409,0.00135,0.48742
CVE-2016-9410,0.00272,0.64634
CVE-2016-9411,0.00249,0.62898
CVE-2016-9412,0.00476,0.73218
CVE-2016-9413,0.00216,0.59677
CVE-2016-9414,0.00272,0.64634
CVE-2016-9415,0.00333,0.68261
CVE-2016-9416,0.00195,0.57462
CVE-2016-9417,0.00216,0.59677
CVE-2016-9418,0.00272,0.64634
CVE-2016-9419,0.00176,0.54824
CVE-2016-9420,0.00614,0.76530
CVE-2016-9421,0.00135,0.48742
CVE-2016-9422,0.01390,0.85021
CVE-2016-9423,0.01390,0.85021
CVE-2016-9424,0.01390,0.85021
CVE-2016-9425,0.01390,0.85021
CVE-2016-9426,0.01583,0.86008
CVE-2016-9427,0.00697,0.78203
CVE-2016-9428,0.01390,0.85021
CVE-2016-9429,0.01390,0.85021
CVE-2016-9430,0.00839,0.80294
CVE-2016-9431,0.00775,0.79445
CVE-2016-9432,0.00775,0.79445
CVE-2016-9433,0.00839,0.80294
CVE-2016-9434,0.00839,0.80294
CVE-2016-9435,0.00618,0.76626
CVE-2016-9436,0.00381,0.70273
CVE-2016-9437,0.00775,0.79445
CVE-2016-9438,0.00839,0.80294
CVE-2016-9439,0.00775,0.79445
CVE-2016-9440,0.00839,0.80294
CVE-2016-9441,0.00839,0.80294
CVE-2016-9442,0.00705,0.78342
CVE-2016-9443,0.00839,0.80294
CVE-2016-9444,0.75450,0.97908
CVE-2016-9445,0.04760,0.91919
CVE-2016-9446,0.00598,0.76166
CVE-2016-9447,0.01563,0.85904
CVE-2016-9448,0.01377,0.84956
CVE-2016-9449,0.00100,0.40836
CVE-2016-9450,0.00168,0.53629
CVE-2016-9451,0.00093,0.39158
CVE-2016-9452,0.00146,0.50499
CVE-2016-9453,0.01782,0.86777
CVE-2016-9454,0.00069,0.28444
CVE-2016-9455,0.00139,0.49428
CVE-2016-9456,0.00150,0.51093
CVE-2016-9457,0.00096,0.39756
CVE-2016-9459,0.00173,0.54564
CVE-2016-9460,0.00398,0.70907
CVE-2016-9461,0.00113,0.44654
CVE-2016-9462,0.00140,0.49647
CVE-2016-9463,0.00308,0.66885
CVE-2016-9464,0.00160,0.52657
CVE-2016-9465,0.00103,0.41714
CVE-2016-9466,0.00177,0.54928
CVE-2016-9467,0.00325,0.67820
CVE-2016-9468,0.00359,0.69371
CVE-2016-9469,0.00226,0.60899
CVE-2016-9470,0.00224,0.60749
CVE-2016-9471,0.00069,0.28444
CVE-2016-9472,0.00084,0.34810
CVE-2016-9473,0.00164,0.53058
CVE-2016-9479,0.00346,0.68783
CVE-2016-9480,0.00469,0.73018
CVE-2016-9481,0.00181,0.55370
CVE-2016-9482,0.00286,0.65600
CVE-2016-9483,0.00191,0.56829
CVE-2016-9484,0.00169,0.53832
CVE-2016-9485,0.00044,0.08189
CVE-2016-9486,0.00044,0.08189
CVE-2016-9487,0.00072,0.29606
CVE-2016-9488,0.00387,0.70492
CVE-2016-9489,0.00213,0.59344
CVE-2016-9490,0.00186,0.55937
CVE-2016-9491,0.00113,0.44621
CVE-2016-9492,0.00334,0.68321
CVE-2016-9493,0.00064,0.26159
CVE-2016-9494,0.00052,0.18053
CVE-2016-9495,0.00076,0.31374
CVE-2016-9496,0.00056,0.21070
CVE-2016-9497,0.00143,0.50033
CVE-2016-9498,0.02484,0.89033
CVE-2016-9499,0.00155,0.51770
CVE-2016-9500,0.00151,0.51238
CVE-2016-9532,0.00687,0.78045
CVE-2016-9533,0.02227,0.88418
CVE-2016-9534,0.02159,0.88236
CVE-2016-9535,0.01295,0.84444
CVE-2016-9536,0.02227,0.88418
CVE-2016-9537,0.02227,0.88418
CVE-2016-9538,0.00545,0.75041
CVE-2016-9539,0.00400,0.70962
CVE-2016-9540,0.02227,0.88418
CVE-2016-9553,0.03284,0.90371
CVE-2016-9554,0.02620,0.89301
CVE-2016-9555,0.75835,0.97920
CVE-2016-9556,0.01615,0.86157
CVE-2016-9557,0.00498,0.73821
CVE-2016-9558,0.01284,0.84374
CVE-2016-9559,0.01070,0.82704
CVE-2016-9560,0.00630,0.76870
CVE-2016-9561,0.00158,0.52309
CVE-2016-9562,0.00427,0.71822
CVE-2016-9563,0.90348,0.98596
CVE-2016-9564,0.00262,0.63977
CVE-2016-9565,0.26269,0.96323
CVE-2016-9566,0.92889,0.98857
CVE-2016-9567,0.00049,0.15822
CVE-2016-9568,0.00659,0.77474
CVE-2016-9569,0.00042,0.05722
CVE-2016-9570,0.00112,0.44376
CVE-2016-9572,0.00532,0.74717
CVE-2016-9573,0.00315,0.67248
CVE-2016-9574,0.00179,0.55191
CVE-2016-9575,0.00123,0.46603
CVE-2016-9576,0.00044,0.08000
CVE-2016-9577,0.02364,0.88765
CVE-2016-9578,0.02867,0.89754
CVE-2016-9579,0.00674,0.77768
CVE-2016-9580,0.00489,0.73623
CVE-2016-9581,0.00575,0.75669
CVE-2016-9583,0.00155,0.51809
CVE-2016-9584,0.00264,0.64171
CVE-2016-9585,0.00082,0.34008
CVE-2016-9586,0.01145,0.83300
CVE-2016-9587,0.01292,0.84427
CVE-2016-9588,0.00062,0.24773
CVE-2016-9589,0.01059,0.82572
CVE-2016-9590,0.00120,0.46055
CVE-2016-9591,0.00106,0.42885
CVE-2016-9592,0.00070,0.28947
CVE-2016-9593,0.00226,0.60913
CVE-2016-9594,0.01243,0.84077
CVE-2016-9595,0.00042,0.05722
CVE-2016-9596,0.00081,0.33698
CVE-2016-9597,0.00061,0.24189
CVE-2016-9598,0.00090,0.37771
CVE-2016-9599,0.00108,0.43395
CVE-2016-9600,0.00187,0.56217
CVE-2016-9601,0.00184,0.55768
CVE-2016-9602,0.00209,0.58871
CVE-2016-9603,0.00179,0.55152
CVE-2016-9604,0.00062,0.24393
CVE-2016-9605,0.00078,0.32606
CVE-2016-9606,0.01685,0.86415
CVE-2016-9622,0.00485,0.73508
CVE-2016-9623,0.00485,0.73508
CVE-2016-9624,0.00485,0.73508
CVE-2016-9625,0.00448,0.72438
CVE-2016-9626,0.00448,0.72438
CVE-2016-9627,0.00448,0.72438
CVE-2016-9628,0.00485,0.73508
CVE-2016-9629,0.00485,0.73508
CVE-2016-9630,0.00448,0.72438
CVE-2016-9631,0.00485,0.73508
CVE-2016-9632,0.00448,0.72438
CVE-2016-9633,0.00485,0.73508
CVE-2016-9634,0.00318,0.67484
CVE-2016-9635,0.00318,0.67484
CVE-2016-9636,0.00318,0.67484
CVE-2016-9637,0.00062,0.24773
CVE-2016-9638,0.00042,0.05722
CVE-2016-9639,0.00283,0.65391
CVE-2016-9642,0.00123,0.46535
CVE-2016-9643,0.00761,0.79235
CVE-2016-9644,0.00094,0.39345
CVE-2016-9645,0.00075,0.31097
CVE-2016-9646,0.00298,0.66297
CVE-2016-9650,0.00435,0.72092
CVE-2016-9651,0.23564,0.96166
CVE-2016-9652,0.00417,0.71502
CVE-2016-9675,0.00466,0.72944
CVE-2016-9676,0.00764,0.79280
CVE-2016-9677,0.00116,0.45363
CVE-2016-9678,0.00768,0.79346
CVE-2016-9679,0.00768,0.79338
CVE-2016-9680,0.00105,0.42447
CVE-2016-9681,0.00096,0.39918
CVE-2016-9682,0.04572,0.91729
CVE-2016-9683,0.04533,0.91695
CVE-2016-9684,0.04572,0.91729
CVE-2016-9685,0.00042,0.05753
CVE-2016-9686,0.00105,0.42560
CVE-2016-9691,0.00429,0.71864
CVE-2016-9692,0.00374,0.69977
CVE-2016-9693,0.00059,0.23113
CVE-2016-9694,0.00049,0.15902
CVE-2016-9696,0.00060,0.23579
CVE-2016-9697,0.00049,0.15902
CVE-2016-9698,0.00268,0.64419
CVE-2016-9700,0.00050,0.16027
CVE-2016-9701,0.00080,0.33474
CVE-2016-9703,0.00090,0.37988
CVE-2016-9704,0.00109,0.43538
CVE-2016-9706,0.00270,0.64542
CVE-2016-9707,0.00133,0.48399
CVE-2016-9710,0.00186,0.56067
CVE-2016-9711,0.00131,0.47999
CVE-2016-9714,0.00071,0.29260
CVE-2016-9715,0.00059,0.23108
CVE-2016-9716,0.00158,0.52286
CVE-2016-9717,0.00060,0.23550
CVE-2016-9718,0.00059,0.23108
CVE-2016-9719,0.00093,0.39109
CVE-2016-9720,0.00084,0.35145
CVE-2016-9722,0.00070,0.28875
CVE-2016-9723,0.00079,0.32909
CVE-2016-9724,0.00139,0.49402
CVE-2016-9725,0.00084,0.35145
CVE-2016-9726,0.00139,0.49487
CVE-2016-9727,0.00110,0.44001
CVE-2016-9728,0.00128,0.47379
CVE-2016-9729,0.00083,0.34375
CVE-2016-9730,0.00068,0.28094
CVE-2016-9731,0.00049,0.15902
CVE-2016-9732,0.00049,0.15902
CVE-2016-9733,0.00080,0.33474
CVE-2016-9735,0.00050,0.16027
CVE-2016-9736,0.00224,0.60761
CVE-2016-9737,0.00049,0.15902
CVE-2016-9738,0.00142,0.49871
CVE-2016-9739,0.00042,0.05722
CVE-2016-9740,0.00222,0.60581
CVE-2016-9746,0.00080,0.33474
CVE-2016-9747,0.00059,0.23108
CVE-2016-9748,0.00049,0.15902
CVE-2016-9749,0.00044,0.10161
CVE-2016-9750,0.00060,0.23261
CVE-2016-9751,0.00071,0.29380
CVE-2016-9752,0.00195,0.57491
CVE-2016-9754,0.00042,0.05722
CVE-2016-9755,0.00042,0.05722
CVE-2016-9756,0.00042,0.05722
CVE-2016-9757,0.00053,0.19109
CVE-2016-9772,0.00171,0.54170
CVE-2016-9773,0.00371,0.69872
CVE-2016-9774,0.00044,0.08047
CVE-2016-9775,0.00044,0.08047
CVE-2016-9776,0.00062,0.24773
CVE-2016-9777,0.00062,0.24773
CVE-2016-9778,0.04632,0.91782
CVE-2016-9793,0.00045,0.12320
CVE-2016-9794,0.00044,0.08000
CVE-2016-9795,0.00042,0.05722
CVE-2016-9796,0.07366,0.93457
CVE-2016-9797,0.00218,0.59851
CVE-2016-9798,0.00366,0.69690
CVE-2016-9799,0.00201,0.58015
CVE-2016-9800,0.00201,0.58015
CVE-2016-9801,0.00201,0.58015
CVE-2016-9802,0.00310,0.67006
CVE-2016-9803,0.00201,0.58015
CVE-2016-9804,0.00201,0.58015
CVE-2016-9806,0.00042,0.05722
CVE-2016-9807,0.00996,0.82018
CVE-2016-9808,0.01178,0.83581
CVE-2016-9809,0.00712,0.78474
CVE-2016-9810,0.01145,0.83305
CVE-2016-9811,0.00963,0.81679
CVE-2016-9812,0.02256,0.88506
CVE-2016-9813,0.01400,0.85070
CVE-2016-9814,0.00748,0.79019
CVE-2016-9815,0.00062,0.24773
CVE-2016-9816,0.00062,0.24773
CVE-2016-9817,0.00062,0.24773
CVE-2016-9818,0.00062,0.24773
CVE-2016-9819,0.00199,0.57784
CVE-2016-9820,0.00199,0.57784
CVE-2016-9821,0.00587,0.75958
CVE-2016-9822,0.00587,0.75958
CVE-2016-9823,0.00177,0.54961
CVE-2016-9824,0.00282,0.65340
CVE-2016-9825,0.00199,0.57784
CVE-2016-9826,0.00199,0.57784
CVE-2016-9827,0.00172,0.54291
CVE-2016-9828,0.00352,0.69082
CVE-2016-9829,0.00444,0.72336
CVE-2016-9830,0.00773,0.79418
CVE-2016-9831,0.00444,0.72336
CVE-2016-9832,0.01745,0.86651
CVE-2016-9834,0.00095,0.39500
CVE-2016-9835,0.00386,0.70484
CVE-2016-9836,0.01796,0.86844
CVE-2016-9837,0.00163,0.52954
CVE-2016-9838,0.01145,0.83307
CVE-2016-9839,0.00156,0.51922
CVE-2016-9840,0.01350,0.84772
CVE-2016-9841,0.01161,0.83433
CVE-2016-9842,0.01350,0.84772
CVE-2016-9843,0.01381,0.84972
CVE-2016-9844,0.00699,0.78230
CVE-2016-9845,0.00060,0.23636
CVE-2016-9846,0.00062,0.24773
CVE-2016-9847,0.00103,0.41646
CVE-2016-9848,0.00142,0.49943
CVE-2016-9849,0.00482,0.73425
CVE-2016-9850,0.00358,0.69352
CVE-2016-9851,0.00267,0.64370
CVE-2016-9852,0.00289,0.65728
CVE-2016-9853,0.00289,0.65728
CVE-2016-9854,0.00289,0.65728
CVE-2016-9855,0.00289,0.65728
CVE-2016-9856,0.00106,0.42940
CVE-2016-9857,0.00106,0.42940
CVE-2016-9858,0.00333,0.68287
CVE-2016-9859,0.00333,0.68287
CVE-2016-9860,0.00292,0.65936
CVE-2016-9861,0.00237,0.61845
CVE-2016-9862,0.00147,0.50658
CVE-2016-9863,0.00287,0.65623
CVE-2016-9864,0.00326,0.67840
CVE-2016-9865,0.00433,0.71980
CVE-2016-9866,0.00171,0.54188
CVE-2016-9867,0.00042,0.05722
CVE-2016-9868,0.00042,0.05722
CVE-2016-9869,0.00042,0.05722
CVE-2016-9870,0.00044,0.10161
CVE-2016-9871,0.00086,0.35733
CVE-2016-9872,0.00117,0.45544
CVE-2016-9873,0.00177,0.54898
CVE-2016-9877,0.00343,0.68690
CVE-2016-9878,0.00344,0.68691
CVE-2016-9879,0.00121,0.46228
CVE-2016-9880,0.00301,0.66467
CVE-2016-9882,0.00124,0.46760
CVE-2016-9885,0.00244,0.62506
CVE-2016-9888,0.00168,0.53600
CVE-2016-9889,0.00116,0.45397
CVE-2016-9891,0.00150,0.51172
CVE-2016-9892,0.00426,0.71788
CVE-2016-9893,0.00618,0.76613
CVE-2016-9894,0.00592,0.76066
CVE-2016-9895,0.00217,0.59735
CVE-2016-9896,0.00358,0.69333
CVE-2016-9897,0.00425,0.71756
CVE-2016-9898,0.00879,0.80747
CVE-2016-9899,0.85181,0.98287
CVE-2016-9900,0.00608,0.76381
CVE-2016-9901,0.01411,0.85123
CVE-2016-9902,0.00497,0.73805
CVE-2016-9903,0.00138,0.49363
CVE-2016-9904,0.00373,0.69934
CVE-2016-9905,0.01626,0.86205
CVE-2016-9907,0.00062,0.24773
CVE-2016-9908,0.00051,0.17134
CVE-2016-9909,0.00323,0.67710
CVE-2016-9910,0.00323,0.67710
CVE-2016-9911,0.00062,0.24773
CVE-2016-9912,0.00052,0.18252
CVE-2016-9913,0.00062,0.24773
CVE-2016-9914,0.00062,0.24773
CVE-2016-9915,0.00062,0.24773
CVE-2016-9916,0.00062,0.24773
CVE-2016-9917,0.00142,0.49936
CVE-2016-9918,0.00303,0.66569
CVE-2016-9919,0.00488,0.73575
CVE-2016-9920,0.00680,0.77922
CVE-2016-9921,0.00062,0.24773
CVE-2016-9922,0.00062,0.24773
CVE-2016-9923,0.00052,0.18252
CVE-2016-9924,0.00441,0.72282
CVE-2016-9928,0.00896,0.80946
CVE-2016-9932,0.00061,0.24028
CVE-2016-9933,0.12221,0.94912
CVE-2016-9934,0.04405,0.91589
CVE-2016-9935,0.02089,0.87980
CVE-2016-9936,0.01459,0.85387
CVE-2016-9937,0.01370,0.84909
CVE-2016-9938,0.00196,0.57576
CVE-2016-9939,0.00437,0.72145
CVE-2016-9941,0.01082,0.82805
CVE-2016-9942,0.01082,0.82805
CVE-2016-9949,0.00573,0.75634
CVE-2016-9950,0.00130,0.47822
CVE-2016-9951,0.00139,0.49438
CVE-2016-9952,0.00181,0.55386
CVE-2016-9953,0.00349,0.68954
CVE-2016-9954,0.00452,0.72589
CVE-2016-9955,0.00525,0.74537
CVE-2016-9956,0.00535,0.74797
CVE-2016-9957,0.00140,0.49502
CVE-2016-9958,0.00383,0.70332
CVE-2016-9959,0.00553,0.75205
CVE-2016-9960,0.00046,0.12627
CVE-2016-9961,0.00230,0.61227
CVE-2016-9962,0.00065,0.26976
CVE-2016-9963,0.00397,0.70866
CVE-2016-9964,0.00199,0.57871
CVE-2016-9965,0.00147,0.50667
CVE-2016-9966,0.00147,0.50667
CVE-2016-9967,0.00147,0.50667
CVE-2016-9969,0.00209,0.58880
CVE-2016-9972,0.00109,0.43521
CVE-2016-9973,0.00065,0.26968
CVE-2016-9975,0.00071,0.29353
CVE-2016-9976,0.01944,0.87476
CVE-2016-9977,0.00222,0.60565
CVE-2016-9978,0.00050,0.16027
CVE-2016-9979,0.00050,0.16027
CVE-2016-9980,0.00050,0.16027
CVE-2016-9981,0.00335,0.68360
CVE-2016-9982,0.00070,0.28961
CVE-2016-9983,0.00073,0.30162
CVE-2016-9984,0.00147,0.50690
CVE-2016-9985,0.00042,0.05722
CVE-2016-9986,0.00062,0.24327
CVE-2016-9987,0.00062,0.24327
CVE-2016-9988,0.00062,0.24327
CVE-2016-9989,0.00062,0.24327
CVE-2016-9990,0.00109,0.43538
CVE-2016-9991,0.00093,0.38951
CVE-2016-9992,0.00069,0.28768
CVE-2016-9993,0.00069,0.28768
CVE-2016-9994,0.00069,0.28768
CVE-2016-9997,0.00129,0.47611
CVE-2016-9998,0.00129,0.47611
CVE-2017-0001,0.00106,0.42952
CVE-2017-0002,0.26082,0.96312
CVE-2017-0003,0.21828,0.96048
CVE-2017-0004,0.95610,0.99279
CVE-2017-0005,0.00086,0.35794
CVE-2017-0006,0.11589,0.94787
CVE-2017-0007,0.00176,0.54813
CVE-2017-0008,0.30401,0.96547
CVE-2017-0009,0.01707,0.86499
CVE-2017-0010,0.63449,0.97581
CVE-2017-0011,0.02593,0.89240
CVE-2017-0012,0.00929,0.81323
CVE-2017-0014,0.36589,0.96800
CVE-2017-0015,0.17381,0.95655
CVE-2017-0016,0.38794,0.96886
CVE-2017-0017,0.01068,0.82668
CVE-2017-0018,0.17075,0.95607
CVE-2017-0019,0.11589,0.94787
CVE-2017-0020,0.13876,0.95169
CVE-2017-0021,0.00091,0.38395
CVE-2017-0022,0.96787,0.99616
CVE-2017-0023,0.70182,0.97757
CVE-2017-0024,0.00058,0.21925
CVE-2017-0025,0.00058,0.21925
CVE-2017-0026,0.00058,0.21925
CVE-2017-0027,0.00732,0.78812
CVE-2017-0028,0.31687,0.96605
CVE-2017-0029,0.00763,0.79262
CVE-2017-0030,0.13876,0.95169
CVE-2017-0031,0.11589,0.94787
CVE-2017-0032,0.17381,0.95655
CVE-2017-0033,0.43101,0.97023
CVE-2017-0034,0.53198,0.97330
CVE-2017-0035,0.27381,0.96385
CVE-2017-0037,0.97305,0.99853
CVE-2017-0038,0.97195,0.99789
CVE-2017-0039,0.09829,0.94312
CVE-2017-0040,0.29040,0.96478
CVE-2017-0042,0.12004,0.94871
CVE-2017-0043,0.00099,0.40674
CVE-2017-0045,0.00202,0.58253
CVE-2017-0047,0.00158,0.52242
CVE-2017-0049,0.01266,0.84244
CVE-2017-0050,0.00085,0.35282
CVE-2017-0051,0.00166,0.53355
CVE-2017-0052,0.11589,0.94787
CVE-2017-0053,0.11589,0.94787
CVE-2017-0055,0.00568,0.75502
CVE-2017-0056,0.00058,0.21925
CVE-2017-0057,0.04405,0.91588
CVE-2017-0058,0.00091,0.38431
CVE-2017-0059,0.97399,0.99913
CVE-2017-0060,0.04946,0.92065
CVE-2017-0061,0.05539,0.92521
CVE-2017-0062,0.00247,0.62736
CVE-2017-0063,0.09606,0.94253
CVE-2017-0064,0.00232,0.61396
CVE-2017-0065,0.64507,0.97606
CVE-2017-0066,0.23301,0.96150
CVE-2017-0067,0.17381,0.95655
CVE-2017-0068,0.01266,0.84244
CVE-2017-0069,0.00929,0.81323
CVE-2017-0070,0.92560,0.98820
CVE-2017-0071,0.27381,0.96385
CVE-2017-0072,0.12264,0.94915
CVE-2017-0073,0.02421,0.88900
CVE-2017-0074,0.00051,0.17032
CVE-2017-0075,0.02827,0.89688
CVE-2017-0076,0.00051,0.17032
CVE-2017-0077,0.00058,0.21925
CVE-2017-0078,0.00058,0.21925
CVE-2017-0079,0.00058,0.21925
CVE-2017-0080,0.00058,0.21925
CVE-2017-0081,0.00058,0.21925
CVE-2017-0082,0.00058,0.21925
CVE-2017-0083,0.18213,0.95739
CVE-2017-0084,0.19316,0.95856
CVE-2017-0085,0.07615,0.93536
CVE-2017-0086,0.14158,0.95222
CVE-2017-0087,0.14158,0.95222
CVE-2017-0088,0.14158,0.95222
CVE-2017-0089,0.14158,0.95222
CVE-2017-0090,0.14158,0.95222
CVE-2017-0091,0.00687,0.78037
CVE-2017-0092,0.00687,0.78037
CVE-2017-0093,0.27381,0.96385
CVE-2017-0094,0.17381,0.95655
CVE-2017-0095,0.01880,0.87217
CVE-2017-0096,0.00080,0.33245
CVE-2017-0097,0.00051,0.17032
CVE-2017-0098,0.00051,0.17032
CVE-2017-0099,0.00051,0.17032
CVE-2017-0100,0.00116,0.45320
CVE-2017-0101,0.00148,0.50871
CVE-2017-0102,0.00064,0.26239
CVE-2017-0103,0.00064,0.26138
CVE-2017-0104,0.00818,0.80032
CVE-2017-0105,0.93811,0.98967
CVE-2017-0106,0.11589,0.94787
CVE-2017-0107,0.01072,0.82721
CVE-2017-0108,0.14668,0.95289
CVE-2017-0109,0.02497,0.89051
CVE-2017-0110,0.00500,0.73878
CVE-2017-0111,0.00687,0.78037
CVE-2017-0112,0.00687,0.78037
CVE-2017-0113,0.00687,0.78037
CVE-2017-0114,0.00687,0.78037
CVE-2017-0115,0.00687,0.78037
CVE-2017-0116,0.00687,0.78037
CVE-2017-0117,0.00687,0.78037
CVE-2017-0118,0.01707,0.86499
CVE-2017-0119,0.00687,0.78037
CVE-2017-0120,0.00687,0.78037
CVE-2017-0121,0.01707,0.86499
CVE-2017-0122,0.00687,0.78037
CVE-2017-0123,0.00687,0.78037
CVE-2017-0124,0.00687,0.78037
CVE-2017-0125,0.00687,0.78037
CVE-2017-0126,0.00687,0.78037
CVE-2017-0127,0.00687,0.78037
CVE-2017-0128,0.00687,0.78037
CVE-2017-0129,0.00507,0.74090
CVE-2017-0130,0.43252,0.97027
CVE-2017-0131,0.27381,0.96385
CVE-2017-0132,0.27381,0.96385
CVE-2017-0133,0.27381,0.96385
CVE-2017-0134,0.27381,0.96385
CVE-2017-0135,0.27967,0.96419
CVE-2017-0136,0.27381,0.96385
CVE-2017-0137,0.27381,0.96385
CVE-2017-0138,0.27381,0.96385
CVE-2017-0140,0.01388,0.85009
CVE-2017-0141,0.69528,0.97731
CVE-2017-0143,0.97301,0.99850
CVE-2017-0144,0.97446,0.99944
CVE-2017-0145,0.97270,0.99830
CVE-2017-0146,0.97146,0.99761
CVE-2017-0147,0.97112,0.99745
CVE-2017-0148,0.97174,0.99773
CVE-2017-0149,0.12815,0.94999
CVE-2017-0150,0.27381,0.96385
CVE-2017-0151,0.27381,0.96385
CVE-2017-0152,0.10488,0.94503
CVE-2017-0154,0.00347,0.68806
CVE-2017-0155,0.75123,0.97901
CVE-2017-0156,0.00061,0.23881
CVE-2017-0158,0.00564,0.75442
CVE-2017-0159,0.00197,0.57636
CVE-2017-0160,0.04998,0.92103
CVE-2017-0161,0.20062,0.95923
CVE-2017-0162,0.00825,0.80128
CVE-2017-0163,0.00825,0.80128
CVE-2017-0164,0.00260,0.63808
CVE-2017-0165,0.00131,0.48004
CVE-2017-0166,0.00586,0.75905
CVE-2017-0167,0.00119,0.45933
CVE-2017-0168,0.00227,0.60963
CVE-2017-0169,0.00061,0.24183
CVE-2017-0170,0.00701,0.78252
CVE-2017-0171,0.00103,0.41626
CVE-2017-0173,0.00043,0.07687
CVE-2017-0174,0.00131,0.48002
CVE-2017-0175,0.00076,0.31165
CVE-2017-0176,0.82617,0.98172
CVE-2017-0178,0.00043,0.07422
CVE-2017-0179,0.00092,0.38720
CVE-2017-0180,0.00825,0.80128
CVE-2017-0181,0.00825,0.80128
CVE-2017-0182,0.00092,0.38720
CVE-2017-0183,0.00092,0.38720
CVE-2017-0184,0.00043,0.07422
CVE-2017-0185,0.00210,0.59008
CVE-2017-0186,0.00092,0.38720
CVE-2017-0188,0.00185,0.55887
CVE-2017-0189,0.00071,0.29286
CVE-2017-0190,0.05845,0.92690
CVE-2017-0191,0.00242,0.62222
CVE-2017-0192,0.05683,0.92605
CVE-2017-0193,0.00068,0.28176
CVE-2017-0194,0.00769,0.79354
CVE-2017-0195,0.00154,0.51656
CVE-2017-0196,0.01046,0.82457
CVE-2017-0197,0.16598,0.95547
CVE-2017-0199,0.97457,0.99952
CVE-2017-0200,0.27381,0.96385
CVE-2017-0201,0.27381,0.96385
CVE-2017-0202,0.88523,0.98469
CVE-2017-0203,0.00366,0.69663
CVE-2017-0204,0.00609,0.76391
CVE-2017-0205,0.27381,0.96385
CVE-2017-0207,0.00722,0.78643
CVE-2017-0208,0.13642,0.95137
CVE-2017-0210,0.00397,0.70866
CVE-2017-0211,0.00383,0.70347
CVE-2017-0212,0.00049,0.15863
CVE-2017-0213,0.01066,0.82660
CVE-2017-0214,0.00057,0.21294
CVE-2017-0215,0.95096,0.99163
CVE-2017-0216,0.00043,0.07687
CVE-2017-0218,0.00054,0.19246
CVE-2017-0219,0.00043,0.07687
CVE-2017-0220,0.00076,0.31258
CVE-2017-0221,0.00282,0.65311
CVE-2017-0222,0.24456,0.96221
CVE-2017-0223,0.33101,0.96655
CVE-2017-0224,0.11307,0.94719
CVE-2017-0226,0.10197,0.94438
CVE-2017-0227,0.27381,0.96385
CVE-2017-0228,0.12435,0.94945
CVE-2017-0229,0.11307,0.94719
CVE-2017-0230,0.11307,0.94719
CVE-2017-0231,0.00603,0.76281
CVE-2017-0233,0.00295,0.66182
CVE-2017-0234,0.17770,0.95704
CVE-2017-0235,0.11307,0.94719
CVE-2017-0236,0.17770,0.95704
CVE-2017-0238,0.07332,0.93446
CVE-2017-0240,0.17770,0.95704
CVE-2017-0241,0.00137,0.49181
CVE-2017-0242,0.00279,0.65082
CVE-2017-0243,0.21758,0.96043
CVE-2017-0244,0.00072,0.29989
CVE-2017-0245,0.00080,0.33476
CVE-2017-0246,0.00072,0.29862
CVE-2017-0247,0.00349,0.68937
CVE-2017-0248,0.00208,0.58774
CVE-2017-0249,0.00146,0.50522
CVE-2017-0250,0.16510,0.95539
CVE-2017-0252,0.31198,0.96583
CVE-2017-0254,0.28480,0.96452
CVE-2017-0255,0.00089,0.37219
CVE-2017-0256,0.00107,0.43140
CVE-2017-0258,0.00098,0.40390
CVE-2017-0259,0.00062,0.24808
CVE-2017-0260,0.25262,0.96271
CVE-2017-0261,0.95518,0.99260
CVE-2017-0262,0.40628,0.96947
CVE-2017-0263,0.01837,0.87030
CVE-2017-0264,0.27535,0.96397
CVE-2017-0265,0.28480,0.96452
CVE-2017-0266,0.10040,0.94401
CVE-2017-0267,0.03267,0.90348
CVE-2017-0268,0.00676,0.77795
CVE-2017-0269,0.00987,0.81924
CVE-2017-0270,0.00676,0.77795
CVE-2017-0271,0.03267,0.90348
CVE-2017-0272,0.26411,0.96329
CVE-2017-0273,0.00987,0.81924
CVE-2017-0274,0.00676,0.77795
CVE-2017-0275,0.01767,0.86724
CVE-2017-0276,0.00676,0.77795
CVE-2017-0277,0.12559,0.94965
CVE-2017-0278,0.12559,0.94965
CVE-2017-0279,0.12559,0.94965
CVE-2017-0280,0.00574,0.75658
CVE-2017-0281,0.08749,0.93971
CVE-2017-0282,0.00091,0.38569
CVE-2017-0283,0.34624,0.96726
CVE-2017-0284,0.00091,0.38569
CVE-2017-0285,0.00088,0.36936
CVE-2017-0286,0.00091,0.38569
CVE-2017-0287,0.00105,0.42675
CVE-2017-0288,0.00091,0.38569
CVE-2017-0289,0.00105,0.42675
CVE-2017-0290,0.94401,0.99052
CVE-2017-0291,0.21772,0.96045
CVE-2017-0292,0.09444,0.94203
CVE-2017-0293,0.18406,0.95758
CVE-2017-0294,0.16633,0.95554
CVE-2017-0295,0.00052,0.17782
CVE-2017-0296,0.00049,0.15863
CVE-2017-0297,0.00070,0.28991
CVE-2017-0298,0.00102,0.41323
CVE-2017-0299,0.00088,0.36826
CVE-2017-0300,0.00064,0.25824
CVE-2017-0301,0.00044,0.10161
CVE-2017-0302,0.00080,0.33363
CVE-2017-0303,0.00307,0.66827
CVE-2017-0304,0.00089,0.37323
CVE-2017-0305,0.00320,0.67579
CVE-2017-0306,0.00187,0.56175
CVE-2017-0307,0.00187,0.56175
CVE-2017-0308,0.00044,0.10161
CVE-2017-0309,0.00044,0.10163
CVE-2017-0310,0.00044,0.10161
CVE-2017-0311,0.00044,0.10161
CVE-2017-0312,0.00074,0.30486
CVE-2017-0313,0.00074,0.30486
CVE-2017-0314,0.00044,0.10161
CVE-2017-0315,0.00044,0.10161
CVE-2017-0316,0.00044,0.10161
CVE-2017-0317,0.00044,0.10161
CVE-2017-0318,0.00044,0.10161
CVE-2017-0319,0.00044,0.10161
CVE-2017-0320,0.00044,0.10161
CVE-2017-0321,0.00044,0.10161
CVE-2017-0322,0.00044,0.10161
CVE-2017-0323,0.00044,0.10161
CVE-2017-0324,0.00044,0.10161
CVE-2017-0325,0.00153,0.51566
CVE-2017-0326,0.00079,0.32884
CVE-2017-0327,0.00153,0.51566
CVE-2017-0328,0.00079,0.32884
CVE-2017-0329,0.00123,0.46539
CVE-2017-0330,0.00088,0.37145
CVE-2017-0331,0.00098,0.40545
CVE-2017-0332,0.00153,0.51566
CVE-2017-0333,0.00150,0.51044
CVE-2017-0334,0.00069,0.28647
CVE-2017-0335,0.00150,0.51044
CVE-2017-0336,0.00069,0.28647
CVE-2017-0337,0.00150,0.51044
CVE-2017-0338,0.00150,0.51044
CVE-2017-0339,0.00123,0.46539
CVE-2017-0340,0.00140,0.49602
CVE-2017-0341,0.00044,0.10161
CVE-2017-0342,0.00044,0.10161
CVE-2017-0343,0.00044,0.10161
CVE-2017-0344,0.00044,0.10161
CVE-2017-0345,0.00044,0.10161
CVE-2017-0346,0.00044,0.10161
CVE-2017-0347,0.00044,0.10161
CVE-2017-0348,0.00044,0.10161
CVE-2017-0349,0.00044,0.10161
CVE-2017-0350,0.00044,0.10161
CVE-2017-0351,0.00044,0.10161
CVE-2017-0352,0.00044,0.10161
CVE-2017-0353,0.00044,0.10161
CVE-2017-0354,0.00044,0.10161
CVE-2017-0355,0.00044,0.10161
CVE-2017-0356,0.03325,0.90433
CVE-2017-0357,0.00366,0.69678
CVE-2017-0358,0.00126,0.47130
CVE-2017-0359,0.00329,0.68035
CVE-2017-0360,0.00171,0.54207
CVE-2017-0361,0.00059,0.22933
CVE-2017-0362,0.00232,0.61382
CVE-2017-0363,0.00296,0.66215
CVE-2017-0364,0.00296,0.66215
CVE-2017-0365,0.00089,0.37486
CVE-2017-0366,0.00129,0.47733
CVE-2017-0367,0.00189,0.56510
CVE-2017-0368,0.00323,0.67740
CVE-2017-0369,0.00098,0.40508
CVE-2017-0370,0.00323,0.67740
CVE-2017-0371,0.00318,0.67478
CVE-2017-0372,0.89679,0.98557
CVE-2017-0373,0.00205,0.58466
CVE-2017-0374,0.00042,0.05722
CVE-2017-0375,0.00365,0.69649
CVE-2017-0376,0.00388,0.70517
CVE-2017-0377,0.00389,0.70543
CVE-2017-0378,0.06265,0.92934
CVE-2017-0379,0.00432,0.71941
CVE-2017-0380,0.00254,0.63430
CVE-2017-0381,0.00162,0.52795
CVE-2017-0382,0.00321,0.67639
CVE-2017-0383,0.00071,0.29430
CVE-2017-0384,0.00140,0.49693
CVE-2017-0385,0.00071,0.29430
CVE-2017-0386,0.00071,0.29430
CVE-2017-0387,0.00071,0.29430
CVE-2017-0388,0.00044,0.10161
CVE-2017-0389,0.00132,0.48077
CVE-2017-0390,0.00180,0.55281
CVE-2017-0391,0.00222,0.60615
CVE-2017-0392,0.00180,0.55281
CVE-2017-0393,0.00180,0.55281
CVE-2017-0394,0.00114,0.44801
CVE-2017-0395,0.00055,0.20612
CVE-2017-0396,0.00079,0.32884
CVE-2017-0397,0.00079,0.32884
CVE-2017-0398,0.00054,0.19406
CVE-2017-0399,0.00079,0.32884
CVE-2017-0400,0.00079,0.32884
CVE-2017-0401,0.00079,0.32884
CVE-2017-0402,0.00088,0.37145
CVE-2017-0403,0.00071,0.29235
CVE-2017-0404,0.00071,0.29235
CVE-2017-0405,0.00451,0.72552
CVE-2017-0406,0.00451,0.72552
CVE-2017-0407,0.00451,0.72552
CVE-2017-0408,0.00430,0.71887
CVE-2017-0409,0.00430,0.71887
CVE-2017-0410,0.00125,0.46881
CVE-2017-0411,0.00248,0.62801
CVE-2017-0412,0.00282,0.65357
CVE-2017-0413,0.00067,0.27853
CVE-2017-0414,0.00067,0.27853
CVE-2017-0415,0.00140,0.49693
CVE-2017-0416,0.00140,0.49693
CVE-2017-0417,0.00140,0.49693
CVE-2017-0418,0.00140,0.49693
CVE-2017-0419,0.00140,0.49693
CVE-2017-0420,0.00067,0.27853
CVE-2017-0421,0.00067,0.27853
CVE-2017-0422,0.00264,0.64132
CVE-2017-0423,0.00075,0.30778
CVE-2017-0424,0.00142,0.49989
CVE-2017-0425,0.00079,0.32884
CVE-2017-0426,0.00079,0.32884
CVE-2017-0427,0.00098,0.40545
CVE-2017-0428,0.00110,0.44043
CVE-2017-0429,0.00110,0.44043
CVE-2017-0430,0.00098,0.40545
CVE-2017-0431,0.00052,0.18252
CVE-2017-0432,0.00123,0.46539
CVE-2017-0433,0.00110,0.44043
CVE-2017-0434,0.00098,0.40545
CVE-2017-0435,0.00087,0.36586
CVE-2017-0436,0.00098,0.40545
CVE-2017-0437,0.00098,0.40545
CVE-2017-0438,0.00098,0.40545
CVE-2017-0439,0.00110,0.44043
CVE-2017-0440,0.00098,0.40545
CVE-2017-0441,0.00110,0.44043
CVE-2017-0442,0.00098,0.40545
CVE-2017-0443,0.00110,0.44043
CVE-2017-0444,0.00098,0.40545
CVE-2017-0445,0.00098,0.40545
CVE-2017-0446,0.00098,0.40545
CVE-2017-0447,0.00098,0.40545
CVE-2017-0448,0.00079,0.32884
CVE-2017-0449,0.00098,0.40545
CVE-2017-0450,0.00140,0.49693
CVE-2017-0451,0.00079,0.32884
CVE-2017-0452,0.00098,0.40517
CVE-2017-0453,0.00187,0.56175
CVE-2017-0454,0.00150,0.51044
CVE-2017-0455,0.00187,0.56175
CVE-2017-0456,0.00150,0.51044
CVE-2017-0457,0.00150,0.51044
CVE-2017-0458,0.00187,0.56175
CVE-2017-0459,0.00110,0.44025
CVE-2017-0460,0.00168,0.53564
CVE-2017-0461,0.00110,0.44025
CVE-2017-0462,0.00071,0.29235
CVE-2017-0463,0.00187,0.56175
CVE-2017-0464,0.00168,0.53564
CVE-2017-0465,0.00059,0.23224
CVE-2017-0466,0.00495,0.73741
CVE-2017-0467,0.00495,0.73741
CVE-2017-0468,0.00495,0.73741
CVE-2017-0469,0.00495,0.73741
CVE-2017-0470,0.00495,0.73741
CVE-2017-0471,0.00495,0.73741
CVE-2017-0472,0.00495,0.73741
CVE-2017-0473,0.00495,0.73741
CVE-2017-0474,0.00495,0.73741
CVE-2017-0475,0.00125,0.46881
CVE-2017-0476,0.00495,0.73741
CVE-2017-0477,0.00495,0.73741
CVE-2017-0478,0.00804,0.79890
CVE-2017-0479,0.00125,0.46881
CVE-2017-0480,0.00125,0.46881
CVE-2017-0481,0.00140,0.49549
CVE-2017-0482,0.00337,0.68435
CVE-2017-0483,0.00337,0.68435
CVE-2017-0484,0.00337,0.68435
CVE-2017-0485,0.00337,0.68435
CVE-2017-0486,0.00337,0.68435
CVE-2017-0487,0.00337,0.68435
CVE-2017-0488,0.00337,0.68435
CVE-2017-0489,0.00103,0.41633
CVE-2017-0490,0.00072,0.29995
CVE-2017-0491,0.00072,0.29995
CVE-2017-0492,0.00060,0.23375
CVE-2017-0493,0.00069,0.28488
CVE-2017-0494,0.00231,0.61333
CVE-2017-0495,0.00077,0.31758
CVE-2017-0496,0.00090,0.37860
CVE-2017-0497,0.00090,0.37860
CVE-2017-0498,0.00042,0.05722
CVE-2017-0499,0.00090,0.37860
CVE-2017-0500,0.00125,0.46881
CVE-2017-0501,0.00125,0.46881
CVE-2017-0502,0.00125,0.46881
CVE-2017-0503,0.00125,0.46881
CVE-2017-0504,0.00125,0.46881
CVE-2017-0505,0.00130,0.47847
CVE-2017-0506,0.00125,0.46881
CVE-2017-0507,0.00150,0.51044
CVE-2017-0508,0.00150,0.51044
CVE-2017-0509,0.00140,0.49549
CVE-2017-0510,0.00168,0.53564
CVE-2017-0516,0.00150,0.51044
CVE-2017-0517,0.00125,0.46881
CVE-2017-0518,0.00150,0.51044
CVE-2017-0519,0.00150,0.51044
CVE-2017-0520,0.00187,0.56175
CVE-2017-0521,0.00187,0.56175
CVE-2017-0522,0.00069,0.28485
CVE-2017-0523,0.00098,0.40442
CVE-2017-0524,0.00150,0.51044
CVE-2017-0525,0.00168,0.53564
CVE-2017-0526,0.00150,0.51044
CVE-2017-0527,0.00150,0.51044
CVE-2017-0528,0.00150,0.51044
CVE-2017-0529,0.00077,0.31758
CVE-2017-0531,0.00110,0.44025
CVE-2017-0532,0.00077,0.31758
CVE-2017-0533,0.00110,0.44025
CVE-2017-0534,0.00110,0.44025
CVE-2017-0535,0.00098,0.40517
CVE-2017-0536,0.00098,0.40517
CVE-2017-0537,0.00098,0.40517
CVE-2017-0538,0.00326,0.67875
CVE-2017-0539,0.00326,0.67875
CVE-2017-0540,0.01811,0.86901
CVE-2017-0541,0.01288,0.84403
CVE-2017-0542,0.00326,0.67875
CVE-2017-0543,0.00326,0.67875
CVE-2017-0544,0.00079,0.33157
CVE-2017-0545,0.00140,0.49693
CVE-2017-0546,0.00140,0.49693
CVE-2017-0547,0.00106,0.42941
CVE-2017-0548,0.00265,0.64257
CVE-2017-0549,0.00222,0.60615
CVE-2017-0550,0.00222,0.60615
CVE-2017-0551,0.00612,0.76470
CVE-2017-0552,0.00222,0.60615
CVE-2017-0553,0.00205,0.58491
CVE-2017-0554,0.00116,0.45256
CVE-2017-0555,0.00088,0.37145
CVE-2017-0556,0.00088,0.37145
CVE-2017-0557,0.00088,0.37145
CVE-2017-0558,0.00088,0.37145
CVE-2017-0559,0.00079,0.32884
CVE-2017-0560,0.00067,0.27853
CVE-2017-0561,0.20106,0.95928
CVE-2017-0562,0.00140,0.49693
CVE-2017-0563,0.00233,0.61432
CVE-2017-0564,0.00249,0.62873
CVE-2017-0565,0.00140,0.49693
CVE-2017-0566,0.00140,0.49693
CVE-2017-0567,0.00150,0.51044
CVE-2017-0568,0.00150,0.51044
CVE-2017-0569,0.00264,0.64177
CVE-2017-0570,0.00150,0.51044
CVE-2017-0571,0.00150,0.51044
CVE-2017-0572,0.00150,0.51044
CVE-2017-0573,0.00150,0.51044
CVE-2017-0574,0.00150,0.51044
CVE-2017-0575,0.00150,0.51044
CVE-2017-0576,0.00187,0.56175
CVE-2017-0577,0.00150,0.51044
CVE-2017-0578,0.00140,0.49693
CVE-2017-0579,0.00150,0.51044
CVE-2017-0580,0.00150,0.51044
CVE-2017-0581,0.00150,0.51044
CVE-2017-0582,0.00123,0.46539
CVE-2017-0583,0.00150,0.51044
CVE-2017-0584,0.00079,0.32884
CVE-2017-0585,0.00079,0.32884
CVE-2017-0586,0.00079,0.32884
CVE-2017-0587,0.00279,0.65112
CVE-2017-0588,0.00279,0.65112
CVE-2017-0589,0.00279,0.65112
CVE-2017-0590,0.00279,0.65112
CVE-2017-0591,0.00279,0.65112
CVE-2017-0592,0.00279,0.65112
CVE-2017-0593,0.00054,0.19657
CVE-2017-0594,0.00140,0.49693
CVE-2017-0595,0.00140,0.49693
CVE-2017-0596,0.00140,0.49693
CVE-2017-0597,0.00071,0.29430
CVE-2017-0598,0.00069,0.28488
CVE-2017-0599,0.00180,0.55281
CVE-2017-0600,0.00098,0.40304
CVE-2017-0601,0.00064,0.26367
CVE-2017-0602,0.00069,0.28488
CVE-2017-0603,0.00089,0.37451
CVE-2017-0604,0.00057,0.21388
CVE-2017-0606,0.00065,0.26827
CVE-2017-0607,0.00079,0.33175
CVE-2017-0608,0.00065,0.26827
CVE-2017-0609,0.00065,0.26827
CVE-2017-0610,0.00065,0.26827
CVE-2017-0611,0.00065,0.26827
CVE-2017-0612,0.00065,0.26827
CVE-2017-0613,0.00065,0.26827
CVE-2017-0614,0.00065,0.26827
CVE-2017-0615,0.00071,0.29430
CVE-2017-0616,0.00071,0.29430
CVE-2017-0617,0.00071,0.29430
CVE-2017-0618,0.00057,0.21388
CVE-2017-0619,0.00047,0.14207
CVE-2017-0620,0.00059,0.23224
CVE-2017-0621,0.00065,0.26827
CVE-2017-0622,0.00065,0.26827
CVE-2017-0623,0.00065,0.26827
CVE-2017-0624,0.00055,0.20666
CVE-2017-0625,0.00054,0.19406
CVE-2017-0626,0.00055,0.20666
CVE-2017-0627,0.00088,0.37145
CVE-2017-0628,0.00055,0.20666
CVE-2017-0629,0.00055,0.20666
CVE-2017-0630,0.00055,0.20666
CVE-2017-0631,0.00055,0.20666
CVE-2017-0632,0.00055,0.20666
CVE-2017-0633,0.00055,0.20666
CVE-2017-0634,0.00055,0.20666
CVE-2017-0635,0.00098,0.40304
CVE-2017-0636,0.00140,0.49693
CVE-2017-0637,0.00345,0.68729
CVE-2017-0638,0.00303,0.66562
CVE-2017-0639,0.00067,0.27853
CVE-2017-0640,0.00251,0.63152
CVE-2017-0641,0.00286,0.65586
CVE-2017-0642,0.00286,0.65586
CVE-2017-0643,0.00251,0.63152
CVE-2017-0644,0.00251,0.63152
CVE-2017-0645,0.00052,0.17661
CVE-2017-0646,0.00079,0.32884
CVE-2017-0647,0.00079,0.32884
CVE-2017-0648,0.00123,0.46539
CVE-2017-0649,0.00140,0.49693
CVE-2017-0650,0.00069,0.28647
CVE-2017-0651,0.00079,0.32884
CVE-2017-0663,0.01922,0.87399
CVE-2017-0664,0.00063,0.25160
CVE-2017-0665,0.00063,0.25160
CVE-2017-0666,0.00063,0.25160
CVE-2017-0667,0.00063,0.25160
CVE-2017-0668,0.00055,0.20666
CVE-2017-0669,0.00055,0.20666
CVE-2017-0670,0.00057,0.21242
CVE-2017-0671,0.00110,0.44005
CVE-2017-0672,0.00051,0.16942
CVE-2017-0673,0.00133,0.48449
CVE-2017-0674,0.00130,0.47792
CVE-2017-0675,0.00130,0.47792
CVE-2017-0676,0.00130,0.47792
CVE-2017-0677,0.00133,0.48449
CVE-2017-0678,0.00133,0.48449
CVE-2017-0679,0.00133,0.48449
CVE-2017-0680,0.00133,0.48449
CVE-2017-0681,0.00133,0.48449
CVE-2017-0682,0.00133,0.48449
CVE-2017-0683,0.00133,0.48449
CVE-2017-0684,0.00063,0.25160
CVE-2017-0685,0.00057,0.21242
CVE-2017-0686,0.00057,0.21242
CVE-2017-0687,0.00057,0.21242
CVE-2017-0688,0.00057,0.21242
CVE-2017-0689,0.00057,0.21242
CVE-2017-0690,0.00057,0.21447
CVE-2017-0691,0.00057,0.21242
CVE-2017-0692,0.00057,0.21242
CVE-2017-0693,0.00057,0.21242
CVE-2017-0694,0.00057,0.21242
CVE-2017-0695,0.00057,0.21242
CVE-2017-0696,0.00057,0.21242
CVE-2017-0697,0.00057,0.21242
CVE-2017-0698,0.00055,0.20666
CVE-2017-0699,0.00055,0.20666
CVE-2017-0700,0.00133,0.48449
CVE-2017-0701,0.00094,0.39309
CVE-2017-0702,0.00133,0.48449
CVE-2017-0703,0.00063,0.25160
CVE-2017-0704,0.00063,0.25160
CVE-2017-0705,0.00091,0.38407
CVE-2017-0706,0.00061,0.24216
CVE-2017-0707,0.00063,0.25160
CVE-2017-0708,0.00055,0.20666
CVE-2017-0709,0.00054,0.19393
CVE-2017-0710,0.00063,0.25160
CVE-2017-0711,0.00063,0.25160
CVE-2017-0712,0.00063,0.25160
CVE-2017-0713,0.00133,0.48449
CVE-2017-0714,0.00133,0.48449
CVE-2017-0715,0.00140,0.49602
CVE-2017-0716,0.00133,0.48449
CVE-2017-0718,0.00133,0.48449
CVE-2017-0719,0.00133,0.48449
CVE-2017-0720,0.00133,0.48449
CVE-2017-0721,0.00130,0.47792
CVE-2017-0722,0.00133,0.48449
CVE-2017-0723,0.00133,0.48449
CVE-2017-0724,0.00057,0.21242
CVE-2017-0725,0.00057,0.21242
CVE-2017-0726,0.00057,0.21242
CVE-2017-0727,0.00074,0.30498
CVE-2017-0728,0.00063,0.25160
CVE-2017-0729,0.00063,0.25160
CVE-2017-0730,0.00057,0.21242
CVE-2017-0731,0.00063,0.25160
CVE-2017-0732,0.00063,0.25160
CVE-2017-0733,0.00057,0.21242
CVE-2017-0734,0.00057,0.21242
CVE-2017-0735,0.00057,0.21242
CVE-2017-0736,0.00057,0.21242
CVE-2017-0737,0.00103,0.41676
CVE-2017-0738,0.00055,0.20666
CVE-2017-0739,0.00055,0.20666
CVE-2017-0740,0.00133,0.48449
CVE-2017-0741,0.00063,0.25160
CVE-2017-0742,0.00063,0.25160
CVE-2017-0744,0.00044,0.10161
CVE-2017-0745,0.00133,0.48449
CVE-2017-0746,0.00063,0.25160
CVE-2017-0747,0.00063,0.25160
CVE-2017-0748,0.00071,0.29150
CVE-2017-0749,0.00166,0.53267
CVE-2017-0750,0.00187,0.56227
CVE-2017-0751,0.00044,0.10161
CVE-2017-0752,0.00063,0.25160
CVE-2017-0753,0.00184,0.55796
CVE-2017-0755,0.00063,0.25160
CVE-2017-0756,0.00184,0.55796
CVE-2017-0757,0.00193,0.57279
CVE-2017-0758,0.00193,0.57279
CVE-2017-0759,0.00184,0.55796
CVE-2017-0760,0.00184,0.55796
CVE-2017-0761,0.00193,0.57279
CVE-2017-0762,0.00184,0.55796
CVE-2017-0763,0.00184,0.55796
CVE-2017-0764,0.00184,0.55796
CVE-2017-0765,0.00184,0.55796
CVE-2017-0766,0.00184,0.55796
CVE-2017-0767,0.00063,0.25160
CVE-2017-0768,0.00063,0.25160
CVE-2017-0769,0.00063,0.25160
CVE-2017-0770,0.00063,0.25160
CVE-2017-0771,0.00057,0.21242
CVE-2017-0772,0.00057,0.21242
CVE-2017-0773,0.00057,0.21242
CVE-2017-0774,0.00057,0.21242
CVE-2017-0775,0.00057,0.21242
CVE-2017-0776,0.00057,0.21242
CVE-2017-0777,0.00057,0.21242
CVE-2017-0778,0.00058,0.21973
CVE-2017-0779,0.00055,0.20666
CVE-2017-0780,0.00057,0.21242
CVE-2017-0781,0.01818,0.86933
CVE-2017-0782,0.00718,0.78558
CVE-2017-0783,0.00092,0.38738
CVE-2017-0784,0.00061,0.24216
CVE-2017-0785,0.01510,0.85649
CVE-2017-0786,0.00061,0.24216
CVE-2017-0787,0.00061,0.24216
CVE-2017-0788,0.00061,0.24216
CVE-2017-0789,0.00061,0.24216
CVE-2017-0790,0.00061,0.24216
CVE-2017-0791,0.00061,0.24216
CVE-2017-0792,0.00052,0.17788
CVE-2017-0793,0.00055,0.20666
CVE-2017-0794,0.00122,0.46460
CVE-2017-0795,0.00063,0.25160
CVE-2017-0796,0.00063,0.25160
CVE-2017-0797,0.00063,0.25160
CVE-2017-0798,0.00063,0.25160
CVE-2017-0799,0.00063,0.25160
CVE-2017-0800,0.00063,0.25160
CVE-2017-0801,0.00063,0.25160
CVE-2017-0802,0.00063,0.25160
CVE-2017-0803,0.00063,0.25160
CVE-2017-0804,0.00063,0.25160
CVE-2017-0805,0.00049,0.15854
CVE-2017-0806,0.00116,0.45256
CVE-2017-0807,0.01465,0.85407
CVE-2017-0808,0.00112,0.44504
CVE-2017-0809,0.00349,0.68934
CVE-2017-0810,0.00349,0.68934
CVE-2017-0811,0.00351,0.69016
CVE-2017-0812,0.00103,0.41676
CVE-2017-0813,0.00185,0.55864
CVE-2017-0814,0.00169,0.53899
CVE-2017-0815,0.00079,0.32884
CVE-2017-0816,0.00079,0.32884
CVE-2017-0817,0.00112,0.44504
CVE-2017-0818,0.00221,0.60295
CVE-2017-0819,0.00221,0.60295
CVE-2017-0820,0.00209,0.58936
CVE-2017-0822,0.00098,0.40311
CVE-2017-0823,0.00085,0.35338
CVE-2017-0824,0.00106,0.42770
CVE-2017-0825,0.00080,0.33409
CVE-2017-0826,0.00049,0.15854
CVE-2017-0827,0.00063,0.25160
CVE-2017-0828,0.00106,0.42770
CVE-2017-0829,0.00106,0.42770
CVE-2017-0830,0.00063,0.25160
CVE-2017-0831,0.00063,0.25160
CVE-2017-0832,0.00108,0.43446
CVE-2017-0833,0.00108,0.43446
CVE-2017-0834,0.00076,0.31294
CVE-2017-0835,0.00108,0.43446
CVE-2017-0836,0.00108,0.43446
CVE-2017-0837,0.00044,0.10161
CVE-2017-0838,0.00044,0.10161
CVE-2017-0839,0.00083,0.34373
CVE-2017-0840,0.00083,0.34373
CVE-2017-0841,0.00108,0.43446
CVE-2017-0842,0.00044,0.10161
CVE-2017-0843,0.00044,0.10161
CVE-2017-0845,0.00083,0.34418
CVE-2017-0846,0.00080,0.33480
CVE-2017-0847,0.00106,0.42779
CVE-2017-0848,0.00067,0.27794
CVE-2017-0849,0.00067,0.27794
CVE-2017-0850,0.00067,0.27794
CVE-2017-0851,0.00067,0.27794
CVE-2017-0852,0.00083,0.34418
CVE-2017-0853,0.00100,0.40804
CVE-2017-0854,0.00100,0.40804
CVE-2017-0855,0.00781,0.79539
CVE-2017-0857,0.00083,0.34418
CVE-2017-0858,0.00083,0.34418
CVE-2017-0859,0.00083,0.34418
CVE-2017-0860,0.00044,0.10161
CVE-2017-0861,0.00064,0.26441
CVE-2017-0862,0.00044,0.10161
CVE-2017-0863,0.00044,0.10161
CVE-2017-0864,0.00044,0.10161
CVE-2017-0865,0.00044,0.10161
CVE-2017-0866,0.00044,0.10161
CVE-2017-0869,0.00052,0.18252
CVE-2017-0870,0.00044,0.10161
CVE-2017-0871,0.00044,0.10161
CVE-2017-0872,0.00131,0.48015
CVE-2017-0873,0.00098,0.40501
CVE-2017-0874,0.00098,0.40501
CVE-2017-0876,0.00131,0.48015
CVE-2017-0877,0.00131,0.48015
CVE-2017-0878,0.00131,0.48015
CVE-2017-0879,0.00100,0.40804
CVE-2017-0880,0.00098,0.40501
CVE-2017-0881,0.00064,0.26232
CVE-2017-0882,0.00143,0.50029
CVE-2017-0883,0.00054,0.19226
CVE-2017-0884,0.00047,0.13961
CVE-2017-0885,0.00047,0.13961
CVE-2017-0886,0.00064,0.26294
CVE-2017-0887,0.00054,0.19226
CVE-2017-0888,0.00147,0.50707
CVE-2017-0889,0.00316,0.67352
CVE-2017-0890,0.00054,0.19226
CVE-2017-0891,0.00053,0.19109
CVE-2017-0892,0.00054,0.19226
CVE-2017-0893,0.00053,0.19109
CVE-2017-0894,0.00077,0.31629
CVE-2017-0895,0.00053,0.19109
CVE-2017-0896,0.00069,0.28444
CVE-2017-0897,0.02402,0.88853
CVE-2017-0898,0.01291,0.84419
CVE-2017-0899,0.02010,0.87720
CVE-2017-0900,0.02060,0.87878
CVE-2017-0901,0.00879,0.80748
CVE-2017-0902,0.00753,0.79101
CVE-2017-0903,0.13505,0.95119
CVE-2017-0904,0.00371,0.69869
CVE-2017-0905,0.00377,0.70084
CVE-2017-0906,0.00377,0.70084
CVE-2017-0907,0.00377,0.70084
CVE-2017-0909,0.00245,0.62547
CVE-2017-0910,0.00104,0.42231
CVE-2017-0911,0.00099,0.40761
CVE-2017-0912,0.00054,0.20290
CVE-2017-0913,0.00044,0.10161
CVE-2017-0914,0.00131,0.48047
CVE-2017-0915,0.04233,0.91437
CVE-2017-0916,0.04233,0.91437
CVE-2017-0917,0.00193,0.57270
CVE-2017-0918,0.00722,0.78648
CVE-2017-0919,0.00084,0.34791
CVE-2017-0920,0.00071,0.29414
CVE-2017-0921,0.00222,0.60556
CVE-2017-0922,0.00167,0.53403
CVE-2017-0923,0.00085,0.35433
CVE-2017-0924,0.00085,0.35433
CVE-2017-0925,0.00133,0.48359
CVE-2017-0926,0.00326,0.67844
CVE-2017-0927,0.00054,0.19226
CVE-2017-0928,0.00066,0.27606
CVE-2017-0929,0.00753,0.79105
CVE-2017-0930,0.00060,0.23404
CVE-2017-0931,0.00101,0.41201
CVE-2017-0932,0.00104,0.42231
CVE-2017-0933,0.00063,0.25574
CVE-2017-0934,0.00104,0.42231
CVE-2017-0935,0.00104,0.42231
CVE-2017-0936,0.00054,0.20290
CVE-2017-0938,0.00250,0.63009
CVE-2017-10000,0.00058,0.22711
CVE-2017-1000001,0.00090,0.38018
CVE-2017-1000002,0.00771,0.79391
CVE-2017-1000003,0.00815,0.79995
CVE-2017-1000004,0.00731,0.78781
CVE-2017-1000005,0.00079,0.32992
CVE-2017-1000006,0.00079,0.32992
CVE-2017-1000007,0.00087,0.36006
CVE-2017-1000008,0.00073,0.30112
CVE-2017-1000009,0.06621,0.93140
CVE-2017-1000010,0.00075,0.30880
CVE-2017-1000011,0.00079,0.32992
CVE-2017-1000012,0.00079,0.32992
CVE-2017-1000013,0.00076,0.31323
CVE-2017-1000014,0.00096,0.39910
CVE-2017-1000015,0.00076,0.31323
CVE-2017-1000016,0.00090,0.38018
CVE-2017-1000017,0.00099,0.40660
CVE-2017-1000018,0.00096,0.39910
CVE-2017-1000020,0.00303,0.66565
CVE-2017-1000021,0.00074,0.30591
CVE-2017-1000022,0.00079,0.32783
CVE-2017-1000023,0.00052,0.17995
CVE-2017-1000024,0.00168,0.53801
CVE-2017-1000025,0.00164,0.53040
CVE-2017-1000026,0.00144,0.50238
CVE-2017-1000027,0.00085,0.35433
CVE-2017-1000028,0.97516,0.99985
CVE-2017-1000029,0.00387,0.70485
CVE-2017-1000030,0.00281,0.65250
CVE-2017-1000031,0.00109,0.43807
CVE-2017-1000032,0.00116,0.45291
CVE-2017-1000033,0.00076,0.31435
CVE-2017-1000034,0.02525,0.89113
CVE-2017-1000035,0.00079,0.32992
CVE-2017-1000037,0.00780,0.79529
CVE-2017-1000038,0.00088,0.37136
CVE-2017-1000039,0.00369,0.69822
CVE-2017-1000042,0.00077,0.31727
CVE-2017-1000043,0.00077,0.31727
CVE-2017-1000044,0.00222,0.60556
CVE-2017-1000046,0.00076,0.31218
CVE-2017-1000047,0.00217,0.59772
CVE-2017-1000048,0.00126,0.47139
CVE-2017-1000050,0.00711,0.78451
CVE-2017-1000051,0.00093,0.39012
CVE-2017-1000052,0.00044,0.10161
CVE-2017-1000053,0.00171,0.54205
CVE-2017-1000054,0.00109,0.43531
CVE-2017-1000056,0.00187,0.56177
CVE-2017-1000058,0.00079,0.32992
CVE-2017-1000059,0.00089,0.37684
CVE-2017-1000060,0.00198,0.57700
CVE-2017-1000061,0.00263,0.64018
CVE-2017-1000062,0.04965,0.92082
CVE-2017-1000063,0.00079,0.32992
CVE-2017-1000064,0.00112,0.44376
CVE-2017-1000065,0.00079,0.32992
CVE-2017-1000066,0.00168,0.53801
CVE-2017-1000067,0.00087,0.36089
CVE-2017-1000068,0.00156,0.52017
CVE-2017-1000069,0.00073,0.30112
CVE-2017-1000070,0.00085,0.35433
CVE-2017-1000071,0.00445,0.72367
CVE-2017-1000072,0.00465,0.72921
CVE-2017-1000073,0.00471,0.73084
CVE-2017-1000074,0.00341,0.68580
CVE-2017-1000075,0.00341,0.68580
CVE-2017-1000078,0.00079,0.32992
CVE-2017-1000079,0.00105,0.42447
CVE-2017-1000080,0.00085,0.35272
CVE-2017-1000081,0.01035,0.82354
CVE-2017-1000082,0.00718,0.78557
CVE-2017-1000083,0.10951,0.94627
CVE-2017-1000084,0.00054,0.19185
CVE-2017-1000085,0.00064,0.26141
CVE-2017-1000086,0.00099,0.40660
CVE-2017-1000087,0.00076,0.31381
CVE-2017-1000088,0.00054,0.19185
CVE-2017-1000089,0.00085,0.35272
CVE-2017-1000090,0.00073,0.30112
CVE-2017-1000091,0.00050,0.16291
CVE-2017-1000092,0.00077,0.31637
CVE-2017-1000093,0.00073,0.30112
CVE-2017-1000094,0.00065,0.26756
CVE-2017-1000095,0.00065,0.26756
CVE-2017-1000096,0.00129,0.47725
CVE-2017-1000097,0.00129,0.47622
CVE-2017-1000098,0.00240,0.62138
CVE-2017-1000099,0.00216,0.59612
CVE-2017-10001,0.00088,0.37158
CVE-2017-1000100,0.00384,0.70356
CVE-2017-1000101,0.00327,0.67919
CVE-2017-1000102,0.00053,0.19051
CVE-2017-1000103,0.00053,0.19051
CVE-2017-1000104,0.00065,0.26756
CVE-2017-1000105,0.00071,0.29322
CVE-2017-1000106,0.00054,0.19185
CVE-2017-1000107,0.00104,0.42231
CVE-2017-1000108,0.00105,0.42447
CVE-2017-1000109,0.00075,0.31104
CVE-2017-1000110,0.00054,0.19185
CVE-2017-1000111,0.00062,0.24773
CVE-2017-1000112,0.00089,0.37317
CVE-2017-1000113,0.00044,0.10161
CVE-2017-1000114,0.00076,0.31323
CVE-2017-1000115,0.01351,0.84777
CVE-2017-1000116,0.00386,0.70479
CVE-2017-1000117,0.55180,0.97381
CVE-2017-1000118,0.00105,0.42447
CVE-2017-1000119,0.79967,0.98050
CVE-2017-1000120,0.00104,0.42003
CVE-2017-1000121,0.00250,0.62982
CVE-2017-1000122,0.00133,0.48301
CVE-2017-1000125,0.00096,0.39971
CVE-2017-1000126,0.00057,0.21242
CVE-2017-1000127,0.00050,0.16694
CVE-2017-1000128,0.00050,0.16694
CVE-2017-1000129,0.00124,0.46843
CVE-2017-1000131,0.00057,0.21504
CVE-2017-1000132,0.00057,0.21504
CVE-2017-1000133,0.00168,0.53801
CVE-2017-1000134,0.00069,0.28673
CVE-2017-1000135,0.00057,0.21504
CVE-2017-1000136,0.00083,0.34612
CVE-2017-1000137,0.00057,0.21504
CVE-2017-1000138,0.00057,0.21504
CVE-2017-1000139,0.00087,0.36023
CVE-2017-1000140,0.00057,0.21504
CVE-2017-1000141,0.00099,0.40781
CVE-2017-1000142,0.00057,0.21504
CVE-2017-1000143,0.00054,0.19226
CVE-2017-1000144,0.00057,0.21504
CVE-2017-1000145,0.00057,0.21504
CVE-2017-1000146,0.00056,0.21212
CVE-2017-1000147,0.00079,0.32944
CVE-2017-1000148,0.00097,0.40286
CVE-2017-1000149,0.00057,0.21504
CVE-2017-1000150,0.00087,0.36023
CVE-2017-1000151,0.00168,0.53801
CVE-2017-1000152,0.00186,0.55912
CVE-2017-1000153,0.00291,0.65929
CVE-2017-1000154,0.00275,0.64824
CVE-2017-1000155,0.00057,0.21504
CVE-2017-1000156,0.00079,0.33197
CVE-2017-1000157,0.00079,0.33197
CVE-2017-1000158,0.01430,0.85222
CVE-2017-1000159,0.00064,0.26279
CVE-2017-1000160,0.00054,0.19226
CVE-2017-1000163,0.00154,0.51697
CVE-2017-1000164,0.00056,0.21212
CVE-2017-1000168,0.00157,0.52178
CVE-2017-1000169,0.01095,0.82898
CVE-2017-1000170,0.70305,0.97759
CVE-2017-1000171,0.00222,0.60556
CVE-2017-1000172,0.00909,0.81095
CVE-2017-1000173,0.00453,0.72609
CVE-2017-1000174,0.00056,0.21058
CVE-2017-1000176,0.00056,0.21058
CVE-2017-1000182,0.00056,0.21058
CVE-2017-1000185,0.00056,0.21058
CVE-2017-1000186,0.00056,0.21058
CVE-2017-1000187,0.00063,0.25378
CVE-2017-1000188,0.00059,0.23061
CVE-2017-1000189,0.00080,0.33491
CVE-2017-1000190,0.00477,0.73246
CVE-2017-1000191,0.00112,0.44376
CVE-2017-1000192,0.00144,0.50197
CVE-2017-1000193,0.00089,0.37684
CVE-2017-1000194,0.00195,0.57387
CVE-2017-1000195,0.00075,0.30819
CVE-2017-1000196,0.00189,0.56487
CVE-2017-1000197,0.00222,0.60556
CVE-2017-1000198,0.00118,0.45703
CVE-2017-1000199,0.00178,0.55045
CVE-2017-10002,0.00083,0.34590
CVE-2017-1000200,0.00113,0.44664
CVE-2017-1000201,0.00042,0.05722
CVE-2017-1000203,0.00171,0.54193
CVE-2017-1000206,0.00451,0.72557
CVE-2017-1000207,0.00135,0.48780
CVE-2017-1000208,0.00161,0.52768
CVE-2017-1000209,0.00087,0.36006
CVE-2017-1000210,0.00364,0.69586
CVE-2017-1000211,0.00159,0.52437
CVE-2017-1000212,0.00792,0.79732
CVE-2017-1000213,0.00054,0.19226
CVE-2017-1000214,0.00421,0.71629
CVE-2017-1000215,0.03616,0.90790
CVE-2017-1000217,0.00307,0.66840
CVE-2017-1000218,0.01198,0.83734
CVE-2017-1000219,0.00800,0.79832
CVE-2017-1000220,0.00340,0.68516
CVE-2017-1000221,0.00057,0.21456
CVE-2017-1000223,0.00054,0.19226
CVE-2017-1000224,0.00081,0.33901
CVE-2017-1000225,0.00088,0.37175
CVE-2017-1000226,0.00127,0.47314
CVE-2017-1000227,0.00057,0.21504
CVE-2017-1000228,0.01097,0.82923
CVE-2017-1000229,0.00162,0.52805
CVE-2017-1000230,0.00112,0.44376
CVE-2017-1000231,0.00377,0.70084
CVE-2017-1000232,0.00420,0.71627
CVE-2017-1000234,0.00127,0.47314
CVE-2017-1000235,0.01338,0.84698
CVE-2017-1000236,0.00107,0.43032
CVE-2017-1000237,0.00659,0.77474
CVE-2017-1000238,0.00091,0.38531
CVE-2017-1000239,0.00057,0.21504
CVE-2017-1000240,0.00104,0.42348
CVE-2017-1000241,0.00267,0.64371
CVE-2017-1000242,0.00044,0.10161
CVE-2017-1000243,0.00054,0.19185
CVE-2017-1000244,0.00077,0.31637
CVE-2017-1000245,0.00222,0.60556
CVE-2017-1000246,0.00079,0.33114
CVE-2017-1000247,0.00074,0.30694
CVE-2017-1000248,0.00226,0.60948
CVE-2017-1000249,0.00057,0.21395
CVE-2017-1000250,0.00506,0.74073
CVE-2017-1000251,0.01009,0.82115
CVE-2017-1000252,0.00064,0.26441
CVE-2017-1000253,0.00072,0.29632
CVE-2017-1000254,0.00893,0.80916
CVE-2017-1000255,0.00051,0.17134
CVE-2017-1000256,0.00231,0.61307
CVE-2017-1000257,0.02191,0.88316
CVE-2017-10003,0.00048,0.14338
CVE-2017-1000353,0.97267,0.99828
CVE-2017-1000354,0.00107,0.43034
CVE-2017-1000355,0.00080,0.33246
CVE-2017-1000356,0.00890,0.80887
CVE-2017-1000357,0.00145,0.50308
CVE-2017-1000358,0.00079,0.33079
CVE-2017-1000359,0.00129,0.47592
CVE-2017-1000360,0.00129,0.47592
CVE-2017-1000361,0.00145,0.50308
CVE-2017-1000362,0.00222,0.60556
CVE-2017-1000363,0.00044,0.10161
CVE-2017-1000364,0.00241,0.62165
CVE-2017-1000365,0.00062,0.24773
CVE-2017-1000366,0.00063,0.24891
CVE-2017-1000367,0.00205,0.58489
CVE-2017-1000368,0.00065,0.26902
CVE-2017-1000369,0.00288,0.65705
CVE-2017-1000370,0.00062,0.24773
CVE-2017-1000371,0.00062,0.24773
CVE-2017-1000372,0.00709,0.78395
CVE-2017-1000373,0.01343,0.84720
CVE-2017-1000374,0.00186,0.56045
CVE-2017-1000375,0.02467,0.88996
CVE-2017-1000376,0.00055,0.20318
CVE-2017-1000377,0.00104,0.42314
CVE-2017-1000378,0.00582,0.75842
CVE-2017-1000379,0.00064,0.26441
CVE-2017-1000380,0.00042,0.05722
CVE-2017-1000381,0.00229,0.61152
CVE-2017-1000382,0.00044,0.10161
CVE-2017-1000383,0.00044,0.10161
CVE-2017-1000385,0.00277,0.64984
CVE-2017-1000386,0.00053,0.19051
CVE-2017-1000387,0.00044,0.10161
CVE-2017-1000388,0.00054,0.19185
CVE-2017-1000389,0.00079,0.32992
CVE-2017-1000390,0.00054,0.19621
CVE-2017-1000391,0.00083,0.34407
CVE-2017-1000392,0.00077,0.31738
CVE-2017-1000393,0.00115,0.45125
CVE-2017-1000394,0.00105,0.42447
CVE-2017-1000395,0.00076,0.31381
CVE-2017-1000396,0.00066,0.27446
CVE-2017-1000397,0.00066,0.27446
CVE-2017-1000398,0.00054,0.19185
CVE-2017-1000399,0.00054,0.19185
CVE-2017-10004,0.00045,0.12218
CVE-2017-1000400,0.00054,0.19185
CVE-2017-1000401,0.00044,0.10161
CVE-2017-1000402,0.00066,0.27446
CVE-2017-1000403,0.00104,0.42231
CVE-2017-1000404,0.00076,0.31323
CVE-2017-1000405,0.00179,0.55192
CVE-2017-1000406,0.00147,0.50658
CVE-2017-1000407,0.00249,0.62875
CVE-2017-1000408,0.00087,0.36033
CVE-2017-1000409,0.00074,0.30579
CVE-2017-1000410,0.00590,0.76027
CVE-2017-1000411,0.00077,0.31763
CVE-2017-1000412,0.00154,0.51691
CVE-2017-1000413,0.00154,0.51691
CVE-2017-1000414,0.00119,0.45865
CVE-2017-1000415,0.00087,0.36454
CVE-2017-1000416,0.00077,0.31709
CVE-2017-1000417,0.00096,0.40001
CVE-2017-1000418,0.00228,0.61102
CVE-2017-1000419,0.00264,0.64100
CVE-2017-1000420,0.00085,0.35272
CVE-2017-1000421,0.00347,0.68816
CVE-2017-1000422,0.00647,0.77183
CVE-2017-1000423,0.00514,0.74271
CVE-2017-1000424,0.00081,0.33923
CVE-2017-1000425,0.00125,0.47020
CVE-2017-1000426,0.00107,0.43032
CVE-2017-1000427,0.00116,0.45242
CVE-2017-1000428,0.00079,0.32992
CVE-2017-1000429,0.00088,0.37136
CVE-2017-1000430,0.00250,0.62982
CVE-2017-1000431,0.00079,0.32992
CVE-2017-1000432,0.00086,0.35645
CVE-2017-1000433,0.00232,0.61390
CVE-2017-1000434,0.00092,0.38942
CVE-2017-1000437,0.01798,0.86848
CVE-2017-1000438,0.00092,0.38890
CVE-2017-1000442,0.00054,0.19226
CVE-2017-1000443,0.00097,0.40060
CVE-2017-1000444,0.00228,0.61079
CVE-2017-1000445,0.00540,0.74931
CVE-2017-1000448,0.00172,0.54296
CVE-2017-1000450,0.01632,0.86224
CVE-2017-1000451,0.00044,0.10161
CVE-2017-1000452,0.00108,0.43395
CVE-2017-1000453,0.00301,0.66454
CVE-2017-1000454,0.00042,0.05722
CVE-2017-1000455,0.00044,0.10161
CVE-2017-1000456,0.00430,0.71896
CVE-2017-1000457,0.00106,0.42985
CVE-2017-1000458,0.00561,0.75339
CVE-2017-1000459,0.00088,0.37136
CVE-2017-1000460,0.00178,0.55101
CVE-2017-1000461,0.00079,0.32992
CVE-2017-1000462,0.00056,0.21212
CVE-2017-1000463,0.00053,0.18594
CVE-2017-1000465,0.00053,0.18594
CVE-2017-1000466,0.00056,0.21212
CVE-2017-1000467,0.00053,0.18594
CVE-2017-1000469,0.01150,0.83343
CVE-2017-1000470,0.00098,0.40487
CVE-2017-1000471,0.00366,0.69682
CVE-2017-1000472,0.00283,0.65394
CVE-2017-1000473,0.00051,0.17462
CVE-2017-1000474,0.00234,0.61595
CVE-2017-1000475,0.00062,0.24874
CVE-2017-1000476,0.00171,0.54187
CVE-2017-1000477,0.00139,0.49500
CVE-2017-1000478,0.00056,0.21212
CVE-2017-1000479,0.01151,0.83344
CVE-2017-1000480,0.00410,0.71272
CVE-2017-1000481,0.00079,0.32992
CVE-2017-1000482,0.00054,0.19226
CVE-2017-1000483,0.00065,0.26756
CVE-2017-1000484,0.00079,0.32992
CVE-2017-1000485,0.00042,0.05722
CVE-2017-1000486,0.97013,0.99696
CVE-2017-1000487,0.00426,0.71790
CVE-2017-1000488,0.00088,0.37136
CVE-2017-1000489,0.00182,0.55611
CVE-2017-1000490,0.00060,0.23404
CVE-2017-1000491,0.00077,0.31975
CVE-2017-1000492,0.00097,0.40060
CVE-2017-1000493,0.00369,0.69808
CVE-2017-1000494,0.00108,0.43400
CVE-2017-1000495,0.00057,0.21504
CVE-2017-1000496,0.00566,0.75471
CVE-2017-1000497,0.00660,0.77481
CVE-2017-1000498,0.00387,0.70500
CVE-2017-1000499,0.74351,0.97883
CVE-2017-10005,0.00143,0.50158
CVE-2017-1000501,0.08267,0.93792
CVE-2017-1000502,0.00237,0.61887
CVE-2017-1000503,0.00259,0.63739
CVE-2017-1000504,0.00112,0.44406
CVE-2017-1000505,0.00065,0.26756
CVE-2017-1000506,0.00094,0.39263
CVE-2017-1000507,0.00056,0.21212
CVE-2017-1000508,0.00097,0.40060
CVE-2017-1000509,0.00056,0.21212
CVE-2017-1000510,0.00056,0.21212
CVE-2017-10006,0.00083,0.34367
CVE-2017-1000600,0.00990,0.81960
CVE-2017-10007,0.00074,0.30577
CVE-2017-10008,0.00053,0.19109
CVE-2017-10009,0.00083,0.34590
CVE-2017-10010,0.00083,0.34590
CVE-2017-1001000,0.60671,0.97508
CVE-2017-1001001,0.00054,0.19226
CVE-2017-1001002,0.00227,0.60965
CVE-2017-1001003,0.00244,0.62506
CVE-2017-1001004,0.02077,0.87942
CVE-2017-10011,0.00052,0.17656
CVE-2017-10012,0.00083,0.34590
CVE-2017-10013,0.00189,0.56501
CVE-2017-10014,0.00053,0.19109
CVE-2017-10015,0.00052,0.17656
CVE-2017-10016,0.00189,0.56501
CVE-2017-10017,0.00143,0.50158
CVE-2017-10018,0.00083,0.34590
CVE-2017-10019,0.00126,0.47090
CVE-2017-10020,0.00052,0.17656
CVE-2017-1002000,0.04872,0.92015
CVE-2017-1002001,0.04037,0.91237
CVE-2017-1002002,0.02255,0.88499
CVE-2017-1002003,0.02957,0.89875
CVE-2017-1002004,0.00661,0.77539
CVE-2017-1002005,0.00936,0.81388
CVE-2017-1002006,0.00357,0.69299
CVE-2017-1002007,0.00357,0.69299
CVE-2017-1002008,0.03872,0.91091
CVE-2017-1002009,0.00163,0.52935
CVE-2017-1002010,0.00163,0.52935
CVE-2017-1002011,0.00052,0.18039
CVE-2017-1002012,0.00479,0.73341
CVE-2017-1002013,0.00260,0.63811
CVE-2017-1002014,0.00260,0.63811
CVE-2017-1002015,0.00260,0.63811
CVE-2017-1002016,0.00539,0.74868
CVE-2017-1002017,0.00077,0.31727
CVE-2017-1002018,0.00260,0.63811
CVE-2017-1002019,0.00260,0.63811
CVE-2017-1002020,0.00458,0.72740
CVE-2017-1002021,0.00458,0.72740
CVE-2017-1002022,0.00458,0.72740
CVE-2017-1002023,0.00338,0.68456
CVE-2017-1002024,0.00093,0.39241
CVE-2017-1002025,0.00106,0.42937
CVE-2017-1002026,0.00106,0.42937
CVE-2017-1002027,0.00458,0.72734
CVE-2017-1002028,0.00211,0.59072
CVE-2017-10021,0.00143,0.50158
CVE-2017-1002100,0.00063,0.25751
CVE-2017-1002101,0.00204,0.58451
CVE-2017-1002102,0.00044,0.10161
CVE-2017-1002150,0.00067,0.27787
CVE-2017-1002151,0.00212,0.59206
CVE-2017-1002152,0.00131,0.47960
CVE-2017-1002153,0.00085,0.35403
CVE-2017-1002157,0.00574,0.75643
CVE-2017-10022,0.00074,0.30577
CVE-2017-1002201,0.00336,0.68383
CVE-2017-10023,0.00086,0.35701
CVE-2017-10024,0.00142,0.49867
CVE-2017-10025,0.00162,0.52887
CVE-2017-10026,0.00142,0.49867
CVE-2017-10027,0.00083,0.34590
CVE-2017-10028,0.00142,0.49867
CVE-2017-10029,0.00142,0.49867
CVE-2017-10030,0.00142,0.49867
CVE-2017-10031,0.00164,0.53093
CVE-2017-10032,0.00083,0.34590
CVE-2017-10033,0.00135,0.48674
CVE-2017-10034,0.00157,0.52088
CVE-2017-10035,0.00142,0.49867
CVE-2017-10036,0.00142,0.49951
CVE-2017-10037,0.00152,0.51397
CVE-2017-10038,0.00086,0.35701
CVE-2017-10039,0.00086,0.35701
CVE-2017-10040,0.00212,0.59252
CVE-2017-10041,0.00097,0.40141
CVE-2017-10042,0.00142,0.49951
CVE-2017-10043,0.00142,0.49867
CVE-2017-10044,0.00083,0.34590
CVE-2017-10045,0.00126,0.47090
CVE-2017-10046,0.00526,0.74562
CVE-2017-10047,0.00164,0.53093
CVE-2017-10048,0.00142,0.49867
CVE-2017-10049,0.00143,0.50158
CVE-2017-10050,0.00146,0.50549
CVE-2017-10051,0.00065,0.27031
CVE-2017-10052,0.00143,0.50158
CVE-2017-10053,0.00342,0.68604
CVE-2017-10054,0.00054,0.19354
CVE-2017-10055,0.00143,0.50158
CVE-2017-10056,0.00052,0.17656
CVE-2017-10057,0.00083,0.34590
CVE-2017-10058,0.00083,0.34367
CVE-2017-10059,0.00097,0.40141
CVE-2017-10060,0.00142,0.49867
CVE-2017-10061,0.00293,0.66050
CVE-2017-10062,0.00048,0.14338
CVE-2017-10063,0.00174,0.54654
CVE-2017-10064,0.00076,0.31323
CVE-2017-10065,0.00053,0.19109
CVE-2017-10066,0.00172,0.54467
CVE-2017-10067,0.00206,0.58594
CVE-2017-10068,0.00142,0.49867
CVE-2017-10069,0.00086,0.35701
CVE-2017-10070,0.00143,0.50158
CVE-2017-10071,0.00178,0.55110
CVE-2017-10072,0.00083,0.34590
CVE-2017-10073,0.00083,0.34590
CVE-2017-10074,0.00275,0.64864
CVE-2017-10075,0.00451,0.72538
CVE-2017-10076,0.00083,0.34590
CVE-2017-10077,0.00097,0.40141
CVE-2017-10078,0.00211,0.59059
CVE-2017-10079,0.00143,0.50158
CVE-2017-10080,0.00143,0.50158
CVE-2017-10081,0.00226,0.60938
CVE-2017-10082,0.00143,0.50158
CVE-2017-10083,0.00143,0.50158
CVE-2017-10084,0.00091,0.38089
CVE-2017-10085,0.00097,0.40141
CVE-2017-10086,0.00279,0.65131
CVE-2017-10087,0.00215,0.59542
CVE-2017-10088,0.00052,0.17656
CVE-2017-10089,0.00215,0.59542
CVE-2017-10090,0.00215,0.59542
CVE-2017-10091,0.00083,0.34367
CVE-2017-10092,0.00143,0.50158
CVE-2017-10093,0.00154,0.51650
CVE-2017-10094,0.00084,0.34939
CVE-2017-10095,0.00100,0.40868
CVE-2017-10096,0.00215,0.59542
CVE-2017-10097,0.00143,0.50158
CVE-2017-10098,0.00089,0.37263
CVE-2017-10099,0.00047,0.13958
CVE-2017-10100,0.00143,0.50158
CVE-2017-10101,0.00215,0.59542
CVE-2017-10102,0.00188,0.56342
CVE-2017-10103,0.00091,0.38089
CVE-2017-10104,0.00126,0.47089
CVE-2017-10105,0.00300,0.66444
CVE-2017-10106,0.00175,0.54721
CVE-2017-10107,0.00215,0.59542
CVE-2017-10108,0.00192,0.56981
CVE-2017-10109,0.00192,0.56981
CVE-2017-10110,0.00215,0.59542
CVE-2017-10111,0.00279,0.65131
CVE-2017-10112,0.00146,0.50549
CVE-2017-10113,0.00142,0.49867
CVE-2017-10114,0.00197,0.57613
CVE-2017-10115,0.00186,0.56046
CVE-2017-10116,0.00215,0.59542
CVE-2017-10117,0.00284,0.65483
CVE-2017-10118,0.00183,0.55664
CVE-2017-10119,0.00104,0.41990
CVE-2017-10120,0.00052,0.17656
CVE-2017-10121,0.00261,0.63894
CVE-2017-10122,0.00052,0.17656
CVE-2017-10123,0.00071,0.29187
CVE-2017-10125,0.00146,0.50527
CVE-2017-10126,0.00143,0.50158
CVE-2017-10128,0.00143,0.50158
CVE-2017-10129,0.00069,0.28492
CVE-2017-10130,0.00097,0.40141
CVE-2017-10131,0.00086,0.35732
CVE-2017-10132,0.00083,0.34590
CVE-2017-10133,0.00083,0.34590
CVE-2017-10134,0.00083,0.34590
CVE-2017-10135,0.00186,0.56046
CVE-2017-10136,0.00143,0.50054
CVE-2017-10137,0.00528,0.74619
CVE-2017-10140,0.00042,0.05722
CVE-2017-10141,0.00160,0.52655
CVE-2017-10142,0.00089,0.37263
CVE-2017-10143,0.00142,0.49867
CVE-2017-10144,0.00142,0.49951
CVE-2017-10145,0.00126,0.47089
CVE-2017-10146,0.00182,0.55548
CVE-2017-10147,0.00317,0.67418
CVE-2017-10148,0.00261,0.63929
CVE-2017-10149,0.00083,0.34590
CVE-2017-10150,0.00083,0.34590
CVE-2017-10151,0.00454,0.72649
CVE-2017-10152,0.00085,0.35474
CVE-2017-10153,0.00089,0.37215
CVE-2017-10154,0.00154,0.51650
CVE-2017-10155,0.00437,0.72141
CVE-2017-10156,0.00142,0.49867
CVE-2017-10157,0.00164,0.53093
CVE-2017-10158,0.00143,0.50158
CVE-2017-10159,0.00143,0.50158
CVE-2017-10160,0.00074,0.30577
CVE-2017-10161,0.00074,0.30718
CVE-2017-10162,0.00053,0.19109
CVE-2017-10163,0.00083,0.34367
CVE-2017-10164,0.00079,0.32810
CVE-2017-10165,0.00096,0.39816
CVE-2017-10166,0.00172,0.54467
CVE-2017-10167,0.00141,0.49743
CVE-2017-10168,0.00048,0.14338
CVE-2017-10169,0.00052,0.17656
CVE-2017-10170,0.00142,0.49867
CVE-2017-10171,0.00142,0.49867
CVE-2017-10172,0.00143,0.50158
CVE-2017-10173,0.00172,0.54467
CVE-2017-10174,0.00142,0.49867
CVE-2017-10175,0.00074,0.30577
CVE-2017-10176,0.00183,0.55664
CVE-2017-10177,0.00097,0.40141
CVE-2017-10178,0.00173,0.54566
CVE-2017-10179,0.00164,0.53093
CVE-2017-10180,0.00142,0.49867
CVE-2017-10181,0.00100,0.40874
CVE-2017-10182,0.00086,0.35701
CVE-2017-10183,0.00148,0.50820
CVE-2017-10184,0.00146,0.50454
CVE-2017-10185,0.00142,0.49867
CVE-2017-10186,0.00146,0.50454
CVE-2017-10187,0.00048,0.14338
CVE-2017-10188,0.00052,0.17656
CVE-2017-10189,0.00052,0.17656
CVE-2017-10190,0.00045,0.12218
CVE-2017-10191,0.00142,0.49867
CVE-2017-10192,0.00146,0.50454
CVE-2017-10193,0.00243,0.62369
CVE-2017-10194,0.00053,0.19109
CVE-2017-10195,0.00178,0.55110
CVE-2017-10196,0.00160,0.52655
CVE-2017-10197,0.00063,0.25216
CVE-2017-10198,0.00175,0.54744
CVE-2017-10199,0.00142,0.49867
CVE-2017-10200,0.00052,0.17656
CVE-2017-10201,0.00052,0.17656
CVE-2017-10202,0.00165,0.53172
CVE-2017-10203,0.00169,0.53941
CVE-2017-10204,0.00090,0.37743
CVE-2017-10205,0.00074,0.30577
CVE-2017-10206,0.00148,0.50820
CVE-2017-10207,0.00138,0.49322
CVE-2017-10208,0.00074,0.30577
CVE-2017-10209,0.00048,0.14338
CVE-2017-10210,0.00045,0.12218
CVE-2017-10211,0.00143,0.50158
CVE-2017-10212,0.00086,0.35701
CVE-2017-10213,0.00092,0.38796
CVE-2017-10214,0.00162,0.52887
CVE-2017-10215,0.00143,0.50158
CVE-2017-10216,0.00086,0.35701
CVE-2017-10217,0.00083,0.34590
CVE-2017-10218,0.00074,0.30577
CVE-2017-10219,0.00052,0.17656
CVE-2017-10220,0.00092,0.38796
CVE-2017-10221,0.00048,0.14338
CVE-2017-10222,0.00083,0.34590
CVE-2017-10223,0.00083,0.34590
CVE-2017-10224,0.00083,0.34590
CVE-2017-10225,0.00048,0.14338
CVE-2017-10226,0.00097,0.40141
CVE-2017-10227,0.00113,0.44685
CVE-2017-10228,0.00083,0.34590
CVE-2017-10229,0.00083,0.34590
CVE-2017-10230,0.00083,0.34590
CVE-2017-10231,0.00052,0.17656
CVE-2017-10232,0.00081,0.33699
CVE-2017-10233,0.00045,0.12218
CVE-2017-10234,0.00045,0.12218
CVE-2017-10235,0.00051,0.16939
CVE-2017-10236,0.00045,0.12218
CVE-2017-10237,0.00045,0.12218
CVE-2017-10238,0.00045,0.12218
CVE-2017-10239,0.00045,0.12218
CVE-2017-10240,0.00045,0.12218
CVE-2017-10241,0.00045,0.12218
CVE-2017-10242,0.00045,0.12218
CVE-2017-10243,0.00242,0.62297
CVE-2017-10244,0.00146,0.50454
CVE-2017-10245,0.00144,0.50215
CVE-2017-10246,0.00714,0.78498
CVE-2017-10247,0.00143,0.50158
CVE-2017-10248,0.00143,0.50158
CVE-2017-10249,0.00143,0.50158
CVE-2017-10250,0.00052,0.17656
CVE-2017-10251,0.00052,0.17656
CVE-2017-10252,0.00052,0.17656
CVE-2017-10253,0.00143,0.50158
CVE-2017-10254,0.00074,0.30577
CVE-2017-10255,0.00143,0.50158
CVE-2017-10256,0.00143,0.50158
CVE-2017-10257,0.00143,0.50158
CVE-2017-10258,0.00143,0.50158
CVE-2017-10259,0.00152,0.51397
CVE-2017-10260,0.00072,0.29504
CVE-2017-10261,0.00052,0.17656
CVE-2017-10262,0.00152,0.51397
CVE-2017-10263,0.00146,0.50549
CVE-2017-10264,0.00064,0.26235
CVE-2017-10265,0.00064,0.26235
CVE-2017-10266,0.00074,0.30718
CVE-2017-10267,0.00143,0.50054
CVE-2017-10268,0.00059,0.23009
CVE-2017-10269,0.00384,0.70382
CVE-2017-10270,0.00074,0.30657
CVE-2017-10271,0.97426,0.99933
CVE-2017-10272,0.00917,0.81187
CVE-2017-10273,0.00069,0.28578
CVE-2017-10274,0.00552,0.75186
CVE-2017-10275,0.00047,0.13958
CVE-2017-10276,0.00166,0.53300
CVE-2017-10277,0.00207,0.58698
CVE-2017-10278,0.00994,0.82003
CVE-2017-10279,0.00113,0.44685
CVE-2017-10280,0.00091,0.38089
CVE-2017-10281,0.00192,0.56981
CVE-2017-10282,0.00141,0.49740
CVE-2017-10283,0.00166,0.53300
CVE-2017-10284,0.00096,0.39816
CVE-2017-10285,0.00267,0.64336
CVE-2017-10286,0.00125,0.46936
CVE-2017-10287,0.00079,0.32810
CVE-2017-10292,0.00052,0.17656
CVE-2017-10293,0.00343,0.68646
CVE-2017-10294,0.00113,0.44685
CVE-2017-10295,0.00158,0.52294
CVE-2017-10296,0.00096,0.39816
CVE-2017-10299,0.00053,0.19109
CVE-2017-10300,0.00074,0.30718
CVE-2017-10301,0.00097,0.40141
CVE-2017-10302,0.00076,0.31323
CVE-2017-10303,0.00142,0.49867
CVE-2017-10304,0.00083,0.34590
CVE-2017-10306,0.00083,0.34590
CVE-2017-10308,0.00054,0.19354
CVE-2017-10309,0.00823,0.80105
CVE-2017-10310,0.00152,0.51397
CVE-2017-10311,0.00096,0.39816
CVE-2017-10312,0.00142,0.49867
CVE-2017-10313,0.00096,0.39816
CVE-2017-10314,0.00113,0.44685
CVE-2017-10315,0.00076,0.31323
CVE-2017-10316,0.00061,0.24121
CVE-2017-10317,0.00054,0.19354
CVE-2017-10318,0.00076,0.31323
CVE-2017-10319,0.00074,0.30718
CVE-2017-10320,0.00088,0.37041
CVE-2017-10321,0.00045,0.12218
CVE-2017-10322,0.00172,0.54467
CVE-2017-10323,0.00142,0.49867
CVE-2017-10324,0.00154,0.51650
CVE-2017-10325,0.00142,0.49867
CVE-2017-10326,0.00142,0.49867
CVE-2017-10327,0.00143,0.50158
CVE-2017-10328,0.00152,0.51397
CVE-2017-10329,0.00216,0.59666
CVE-2017-10330,0.00216,0.59666
CVE-2017-10331,0.00154,0.51650
CVE-2017-10332,0.00152,0.51397
CVE-2017-10333,0.00052,0.17728
CVE-2017-10334,0.00047,0.13913
CVE-2017-10335,0.00152,0.51397
CVE-2017-10336,0.00209,0.58851
CVE-2017-10337,0.00052,0.17728
CVE-2017-10338,0.00142,0.49867
CVE-2017-10339,0.00143,0.50086
CVE-2017-10340,0.00076,0.31323
CVE-2017-10341,0.00226,0.60904
CVE-2017-10342,0.00169,0.53941
CVE-2017-10343,0.00146,0.50549
CVE-2017-10344,0.00143,0.50086
CVE-2017-10345,0.00222,0.60596
CVE-2017-10346,0.00267,0.64336
CVE-2017-10347,0.00192,0.56981
CVE-2017-10348,0.00192,0.56981
CVE-2017-10349,0.00192,0.56981
CVE-2017-10350,0.00192,0.56981
CVE-2017-10351,0.00092,0.38796
CVE-2017-10352,0.00093,0.39103
CVE-2017-10353,0.00057,0.21367
CVE-2017-10354,0.00142,0.49867
CVE-2017-10355,0.00409,0.71261
CVE-2017-10356,0.00112,0.44382
CVE-2017-10357,0.00192,0.56981
CVE-2017-10358,0.00083,0.34590
CVE-2017-10359,0.00170,0.53972
CVE-2017-10360,0.00212,0.59252
CVE-2017-10361,0.00052,0.17728
CVE-2017-10362,0.00131,0.48051
CVE-2017-10363,0.00097,0.40141
CVE-2017-10364,0.00097,0.40141
CVE-2017-10365,0.00099,0.40704
CVE-2017-10366,0.22678,0.96105
CVE-2017-10367,0.00091,0.38494
CVE-2017-10368,0.00162,0.52892
CVE-2017-10369,0.00096,0.39867
CVE-2017-10370,0.00089,0.37370
CVE-2017-10372,0.00059,0.22833
CVE-2017-10373,0.00211,0.59064
CVE-2017-10375,0.00054,0.19226
CVE-2017-10378,0.00135,0.48745
CVE-2017-10379,0.00255,0.63443
CVE-2017-10380,0.00170,0.54080
CVE-2017-10381,0.00162,0.52892
CVE-2017-10382,0.00170,0.54129
CVE-2017-10383,0.00098,0.40319
CVE-2017-10384,0.00273,0.64694
CVE-2017-10385,0.00128,0.47464
CVE-2017-10386,0.00073,0.30157
CVE-2017-10387,0.00170,0.54129
CVE-2017-10388,0.00349,0.68939
CVE-2017-10389,0.00045,0.12178
CVE-2017-10391,0.00137,0.49119
CVE-2017-10392,0.00045,0.12218
CVE-2017-10393,0.00128,0.47464
CVE-2017-10394,0.00061,0.23894
CVE-2017-10395,0.00054,0.19226
CVE-2017-10396,0.00059,0.22833
CVE-2017-10397,0.00091,0.38494
CVE-2017-10398,0.00045,0.12178
CVE-2017-10399,0.00052,0.17995
CVE-2017-10400,0.00162,0.52892
CVE-2017-10401,0.00045,0.12178
CVE-2017-10402,0.00564,0.75450
CVE-2017-10403,0.00251,0.63149
CVE-2017-10404,0.00355,0.69201
CVE-2017-10405,0.00272,0.64669
CVE-2017-10406,0.00162,0.52892
CVE-2017-10407,0.00045,0.12218
CVE-2017-10408,0.00045,0.12218
CVE-2017-10409,0.00197,0.57675
CVE-2017-10410,0.00197,0.57675
CVE-2017-10411,0.00197,0.57675
CVE-2017-10412,0.00197,0.57675
CVE-2017-10413,0.00197,0.57675
CVE-2017-10414,0.00197,0.57675
CVE-2017-10415,0.00197,0.57675
CVE-2017-10416,0.00197,0.57675
CVE-2017-10417,0.00197,0.57675
CVE-2017-10418,0.00068,0.28083
CVE-2017-10419,0.00070,0.29124
CVE-2017-10420,0.00052,0.17995
CVE-2017-10421,0.00064,0.26352
CVE-2017-10422,0.00211,0.59064
CVE-2017-10423,0.00068,0.28083
CVE-2017-10424,0.00444,0.72330
CVE-2017-10425,0.00054,0.19226
CVE-2017-10426,0.00068,0.28083
CVE-2017-10427,0.00137,0.49119
CVE-2017-10428,0.00048,0.14338
CVE-2017-10600,0.00057,0.21552
CVE-2017-10601,0.00233,0.61449
CVE-2017-10602,0.00042,0.05722
CVE-2017-10603,0.00044,0.10161
CVE-2017-10604,0.00085,0.35518
CVE-2017-10605,0.00096,0.39910
CVE-2017-10606,0.00044,0.10161
CVE-2017-10607,0.00105,0.42447
CVE-2017-10608,0.00105,0.42447
CVE-2017-10610,0.00118,0.45703
CVE-2017-10611,0.00105,0.42447
CVE-2017-10612,0.00099,0.40660
CVE-2017-10613,0.00042,0.05722
CVE-2017-10614,0.00209,0.58895
CVE-2017-10615,0.00563,0.75417
CVE-2017-10616,0.00091,0.38128
CVE-2017-10617,0.00054,0.19226
CVE-2017-10618,0.00239,0.62036
CVE-2017-10619,0.00105,0.42447
CVE-2017-10620,0.00082,0.33958
CVE-2017-10621,0.00171,0.54219
CVE-2017-10622,0.00496,0.73774
CVE-2017-10623,0.00159,0.52424
CVE-2017-10624,0.00119,0.45835
CVE-2017-10661,0.00090,0.37814
CVE-2017-10662,0.00042,0.05722
CVE-2017-10663,0.00042,0.05722
CVE-2017-10664,0.03017,0.89956
CVE-2017-10665,0.00875,0.80710
CVE-2017-10667,0.00067,0.27787
CVE-2017-10668,0.00070,0.28989
CVE-2017-10669,0.00067,0.27668
CVE-2017-10670,0.00178,0.55103
CVE-2017-10671,0.00366,0.69664
CVE-2017-10672,0.02404,0.88858
CVE-2017-10673,0.00079,0.32992
CVE-2017-10674,0.00042,0.05722
CVE-2017-10676,0.00113,0.44678
CVE-2017-10677,0.00112,0.44586
CVE-2017-10678,0.00356,0.69242
CVE-2017-10679,0.00365,0.69629
CVE-2017-10680,0.00356,0.69242
CVE-2017-10681,0.00356,0.69242
CVE-2017-10682,0.00184,0.55737
CVE-2017-10683,0.00197,0.57618
CVE-2017-10684,0.02220,0.88401
CVE-2017-10685,0.02138,0.88165
CVE-2017-10686,0.02049,0.87848
CVE-2017-10687,0.00197,0.57618
CVE-2017-10688,0.12563,0.94966
CVE-2017-10689,0.00051,0.17134
CVE-2017-10690,0.00065,0.26756
CVE-2017-10699,0.00431,0.71916
CVE-2017-10700,0.00421,0.71632
CVE-2017-10701,0.00177,0.54908
CVE-2017-10706,0.00059,0.23113
CVE-2017-10708,0.00456,0.72689
CVE-2017-10709,0.00125,0.46985
CVE-2017-10711,0.00142,0.49925
CVE-2017-10718,0.00261,0.63928
CVE-2017-10719,0.01419,0.85159
CVE-2017-10720,0.00082,0.34030
CVE-2017-10721,0.00527,0.74576
CVE-2017-10722,0.00082,0.34030
CVE-2017-10723,0.00981,0.81856
CVE-2017-10724,0.00981,0.81856
CVE-2017-10725,0.00044,0.10161
CVE-2017-10726,0.00072,0.29986
CVE-2017-10727,0.00072,0.29986
CVE-2017-10728,0.00072,0.29986
CVE-2017-10729,0.00085,0.35384
CVE-2017-10730,0.00085,0.35384
CVE-2017-10731,0.00085,0.35384
CVE-2017-10732,0.00070,0.28841
CVE-2017-10733,0.00070,0.28841
CVE-2017-10734,0.00070,0.28841
CVE-2017-10735,0.00070,0.28841
CVE-2017-10736,0.00044,0.10161
CVE-2017-10737,0.00044,0.10161
CVE-2017-10738,0.00044,0.10161
CVE-2017-10739,0.00044,0.10161
CVE-2017-10740,0.00044,0.10161
CVE-2017-10741,0.00044,0.10161
CVE-2017-10742,0.00044,0.10161
CVE-2017-10743,0.00044,0.10161
CVE-2017-10744,0.00044,0.10161
CVE-2017-10745,0.00044,0.10161
CVE-2017-10746,0.00044,0.10161
CVE-2017-10747,0.00044,0.10161
CVE-2017-10748,0.00044,0.10161
CVE-2017-10749,0.00044,0.10161
CVE-2017-10750,0.00044,0.10161
CVE-2017-10751,0.00044,0.10161
CVE-2017-10752,0.00044,0.10161
CVE-2017-10753,0.00044,0.10161
CVE-2017-10754,0.00044,0.10161
CVE-2017-10755,0.00044,0.10161
CVE-2017-10756,0.00044,0.10161
CVE-2017-10757,0.00044,0.10161
CVE-2017-10758,0.00044,0.10161
CVE-2017-10759,0.00044,0.10161
CVE-2017-10760,0.00044,0.10161
CVE-2017-10761,0.00044,0.10161
CVE-2017-10762,0.00044,0.10161
CVE-2017-10763,0.00044,0.10161
CVE-2017-10764,0.00044,0.10161
CVE-2017-10765,0.00044,0.10161
CVE-2017-10766,0.00044,0.10161
CVE-2017-10767,0.00044,0.10161
CVE-2017-10768,0.00044,0.10161
CVE-2017-10769,0.00044,0.10161
CVE-2017-10770,0.00044,0.10161
CVE-2017-10771,0.00044,0.10161
CVE-2017-10772,0.00044,0.10161
CVE-2017-10773,0.00044,0.10161
CVE-2017-10774,0.00044,0.10161
CVE-2017-10775,0.00044,0.10161
CVE-2017-10776,0.00044,0.10161
CVE-2017-10777,0.00044,0.10161
CVE-2017-10778,0.00044,0.10161
CVE-2017-10779,0.00044,0.10161
CVE-2017-10780,0.00044,0.10161
CVE-2017-10781,0.00044,0.10161
CVE-2017-10782,0.00044,0.10161
CVE-2017-10783,0.00044,0.10161
CVE-2017-10784,0.00826,0.80144
CVE-2017-10788,0.00628,0.76827
CVE-2017-10789,0.00165,0.53135
CVE-2017-10790,0.01906,0.87335
CVE-2017-10791,0.00136,0.49001
CVE-2017-10792,0.00172,0.54310
CVE-2017-10793,0.01409,0.85114
CVE-2017-10794,0.00103,0.41738
CVE-2017-10795,0.00088,0.36837
CVE-2017-10796,0.00057,0.21324
CVE-2017-10798,0.00079,0.32992
CVE-2017-10799,0.00140,0.49524
CVE-2017-10800,0.00131,0.47969
CVE-2017-10801,0.00085,0.35433
CVE-2017-10803,0.00214,0.59474
CVE-2017-10804,0.00754,0.79124
CVE-2017-10805,0.00190,0.56642
CVE-2017-10806,0.00069,0.28603
CVE-2017-10807,0.01466,0.85409
CVE-2017-1081,0.00414,0.71391
CVE-2017-10810,0.00660,0.77476
CVE-2017-10811,0.00044,0.10504
CVE-2017-10812,0.00060,0.23318
CVE-2017-10813,0.00044,0.10504
CVE-2017-10814,0.00044,0.10161
CVE-2017-10815,0.00177,0.54952
CVE-2017-10816,0.00159,0.52373
CVE-2017-10817,0.00532,0.74712
CVE-2017-10818,0.00220,0.59991
CVE-2017-10819,0.00097,0.40164
CVE-2017-1082,0.00450,0.72507
CVE-2017-10820,0.00066,0.27304
CVE-2017-10821,0.00060,0.23318
CVE-2017-10822,0.00063,0.25378
CVE-2017-10823,0.00060,0.23318
CVE-2017-10824,0.00063,0.25378
CVE-2017-10825,0.00063,0.25160
CVE-2017-10826,0.00063,0.25160
CVE-2017-10827,0.00063,0.25160
CVE-2017-10828,0.00063,0.25160
CVE-2017-10829,0.00119,0.46024
CVE-2017-1083,0.00757,0.79185
CVE-2017-10830,0.00063,0.25160
CVE-2017-10831,0.00063,0.25160
CVE-2017-10832,0.00441,0.72282
CVE-2017-10833,0.00210,0.58963
CVE-2017-10834,0.00062,0.24598
CVE-2017-10835,0.00088,0.36880
CVE-2017-10836,0.00063,0.25160
CVE-2017-10837,0.00059,0.23061
CVE-2017-10838,0.00071,0.29142
CVE-2017-10839,0.00083,0.34387
CVE-2017-1084,0.00729,0.78758
CVE-2017-10840,0.00059,0.23061
CVE-2017-10841,0.00068,0.28343
CVE-2017-10842,0.00159,0.52373
CVE-2017-10843,0.00168,0.53629
CVE-2017-10844,0.00088,0.36880
CVE-2017-10845,0.00441,0.72282
CVE-2017-10846,0.00128,0.47385
CVE-2017-10848,0.00063,0.25160
CVE-2017-10849,0.00063,0.25160
CVE-2017-1085,0.00126,0.47081
CVE-2017-10850,0.00063,0.25160
CVE-2017-10851,0.00063,0.25160
CVE-2017-10852,0.00094,0.39300
CVE-2017-10853,0.00070,0.28774
CVE-2017-10854,0.00077,0.32045
CVE-2017-10855,0.00063,0.25160
CVE-2017-10856,0.00138,0.49222
CVE-2017-10857,0.00053,0.19109
CVE-2017-10858,0.00063,0.25160
CVE-2017-10859,0.00063,0.25160
CVE-2017-1086,0.00051,0.17134
CVE-2017-10860,0.00232,0.61422
CVE-2017-10861,0.00163,0.53010
CVE-2017-10862,0.00070,0.29068
CVE-2017-10863,0.00063,0.25160
CVE-2017-10864,0.00063,0.25160
CVE-2017-10865,0.00063,0.25160
CVE-2017-10868,0.00107,0.43261
CVE-2017-10869,0.00177,0.54888
CVE-2017-1087,0.00042,0.05722
CVE-2017-10870,0.00072,0.29502
CVE-2017-10871,0.00379,0.70170
CVE-2017-10872,0.00128,0.47400
CVE-2017-10873,0.00399,0.70929
CVE-2017-10874,0.00164,0.53028
CVE-2017-10875,0.00080,0.33476
CVE-2017-1088,0.00051,0.17134
CVE-2017-10885,0.00060,0.23318
CVE-2017-10886,0.00053,0.19109
CVE-2017-10887,0.00063,0.25160
CVE-2017-10888,0.00055,0.20666
CVE-2017-10889,0.00049,0.15004
CVE-2017-10890,0.00050,0.16694
CVE-2017-10891,0.00060,0.23318
CVE-2017-10892,0.00060,0.23318
CVE-2017-10893,0.00060,0.23318
CVE-2017-10894,0.00168,0.53576
CVE-2017-10895,0.00168,0.53576
CVE-2017-10896,0.00076,0.31323
CVE-2017-10897,0.00044,0.10161
CVE-2017-10898,0.00148,0.50753
CVE-2017-10899,0.00148,0.50753
CVE-2017-10900,0.00479,0.73321
CVE-2017-10901,0.00209,0.58895
CVE-2017-10902,0.00489,0.73612
CVE-2017-10903,0.00681,0.77933
CVE-2017-10904,0.00320,0.67584
CVE-2017-10905,0.00057,0.21242
CVE-2017-10906,0.00221,0.60287
CVE-2017-10907,0.00066,0.27489
CVE-2017-10908,0.00107,0.43261
CVE-2017-10909,0.00060,0.23318
CVE-2017-10910,0.00120,0.46176
CVE-2017-10911,0.00062,0.24540
CVE-2017-10912,0.00500,0.73865
CVE-2017-10913,0.00848,0.80403
CVE-2017-10914,0.01230,0.83991
CVE-2017-10915,0.00736,0.78858
CVE-2017-10916,0.00312,0.67092
CVE-2017-10917,0.00470,0.73048
CVE-2017-10918,0.00934,0.81376
CVE-2017-10919,0.00288,0.65680
CVE-2017-1092,0.96838,0.99632
CVE-2017-10920,0.00639,0.77027
CVE-2017-10921,0.00639,0.77027
CVE-2017-10922,0.00472,0.73124
CVE-2017-10923,0.00251,0.63148
CVE-2017-10924,0.00085,0.35384
CVE-2017-10925,0.00070,0.28841
CVE-2017-10926,0.00070,0.28841
CVE-2017-10928,0.00968,0.81731
CVE-2017-10929,0.00439,0.72218
CVE-2017-1093,0.00042,0.05722
CVE-2017-10930,0.00222,0.60556
CVE-2017-10931,0.00172,0.54296
CVE-2017-10932,0.00511,0.74189
CVE-2017-10933,0.00320,0.67586
CVE-2017-10934,0.00446,0.72396
CVE-2017-10935,0.00216,0.59661
CVE-2017-10936,0.00112,0.44394
CVE-2017-10937,0.00112,0.44394
CVE-2017-10940,0.03091,0.90078
CVE-2017-10941,0.02305,0.88631
CVE-2017-10942,0.00967,0.81719
CVE-2017-10943,0.00967,0.81719
CVE-2017-10944,0.00967,0.81719
CVE-2017-10945,0.02305,0.88631
CVE-2017-10946,0.02305,0.88631
CVE-2017-10947,0.02305,0.88631
CVE-2017-10948,0.13950,0.95186
CVE-2017-10949,0.07686,0.93554
CVE-2017-10950,0.00045,0.12491
CVE-2017-10951,0.06664,0.93159
CVE-2017-10952,0.03896,0.91119
CVE-2017-10953,0.27897,0.96413
CVE-2017-10954,0.02653,0.89365
CVE-2017-10955,0.01745,0.86654
CVE-2017-10956,0.01331,0.84646
CVE-2017-10957,0.02305,0.88631
CVE-2017-10958,0.02305,0.88631
CVE-2017-10959,0.02305,0.88631
CVE-2017-1096,0.00062,0.24327
CVE-2017-10961,0.00071,0.29353
CVE-2017-10962,0.00085,0.35433
CVE-2017-10963,0.00063,0.25740
CVE-2017-10965,0.00316,0.67382
CVE-2017-10966,0.00316,0.67382
CVE-2017-10967,0.00079,0.32992
CVE-2017-10968,0.00380,0.70229
CVE-2017-1097,0.00071,0.29260
CVE-2017-10970,0.00085,0.35433
CVE-2017-10971,0.02616,0.89288
CVE-2017-10972,0.00159,0.52451
CVE-2017-10973,0.00078,0.32762
CVE-2017-10974,0.96161,0.99399
CVE-2017-10975,0.00133,0.48383
CVE-2017-10976,0.00112,0.44376
CVE-2017-10978,0.02143,0.88180
CVE-2017-10979,0.24469,0.96222
CVE-2017-1098,0.00049,0.15902
CVE-2017-10980,0.00361,0.69450
CVE-2017-10981,0.00361,0.69450
CVE-2017-10982,0.00367,0.69738
CVE-2017-10983,0.00531,0.74689
CVE-2017-10984,0.77124,0.97958
CVE-2017-10985,0.00878,0.80739
CVE-2017-10986,0.66181,0.97643
CVE-2017-10987,0.00393,0.70736
CVE-2017-10989,0.00949,0.81528
CVE-2017-1099,0.00049,0.15902
CVE-2017-10991,0.00079,0.32992
CVE-2017-10992,0.00886,0.80832
CVE-2017-10993,0.00317,0.67438
CVE-2017-10994,0.00450,0.72529
CVE-2017-10995,0.00267,0.64320
CVE-2017-10996,0.00055,0.20666
CVE-2017-10997,0.00063,0.25160
CVE-2017-10998,0.00075,0.31044
CVE-2017-10999,0.00063,0.25160
CVE-2017-1100,0.00071,0.29401
CVE-2017-11000,0.00063,0.25160
CVE-2017-11001,0.00055,0.20666
CVE-2017-11002,0.00055,0.20666
CVE-2017-11003,0.00044,0.10161
CVE-2017-11004,0.00044,0.10161
CVE-2017-11005,0.00128,0.47548
CVE-2017-11006,0.00128,0.47548
CVE-2017-11007,0.00044,0.10161
CVE-2017-1101,0.00071,0.29401
CVE-2017-11010,0.00320,0.67588
CVE-2017-11011,0.00187,0.56164
CVE-2017-11012,0.00044,0.10161
CVE-2017-11013,0.00063,0.25160
CVE-2017-11014,0.00107,0.43206
CVE-2017-11015,0.00075,0.31044
CVE-2017-11016,0.00044,0.10161
CVE-2017-11017,0.00044,0.10161
CVE-2017-11018,0.00044,0.10161
CVE-2017-11019,0.00044,0.10161
CVE-2017-1102,0.00071,0.29401
CVE-2017-11022,0.00067,0.27794
CVE-2017-11023,0.00044,0.10161
CVE-2017-11024,0.00044,0.10161
CVE-2017-11025,0.00044,0.10161
CVE-2017-11026,0.00044,0.10161
CVE-2017-11027,0.00044,0.10161
CVE-2017-11028,0.00083,0.34290
CVE-2017-11029,0.00044,0.10161
CVE-2017-1103,0.00139,0.49402
CVE-2017-11030,0.00044,0.10161
CVE-2017-11031,0.00080,0.33409
CVE-2017-11032,0.00044,0.10161
CVE-2017-11033,0.00044,0.10161
CVE-2017-11035,0.00044,0.10161
CVE-2017-11038,0.00044,0.10161
CVE-2017-1104,0.00071,0.29401
CVE-2017-11040,0.00055,0.20666
CVE-2017-11041,0.00103,0.41676
CVE-2017-11042,0.00044,0.10161
CVE-2017-11043,0.00110,0.44040
CVE-2017-11044,0.00044,0.10161
CVE-2017-11045,0.00044,0.10161
CVE-2017-11046,0.00044,0.10161
CVE-2017-11047,0.00044,0.10161
CVE-2017-11048,0.00044,0.10161
CVE-2017-11049,0.00044,0.10161
CVE-2017-1105,0.00042,0.05722
CVE-2017-11050,0.00044,0.10161
CVE-2017-11051,0.00083,0.34290
CVE-2017-11052,0.00083,0.34290
CVE-2017-11053,0.00075,0.31044
CVE-2017-11054,0.00083,0.34290
CVE-2017-11055,0.00083,0.34290
CVE-2017-11056,0.00044,0.10161
CVE-2017-11057,0.00044,0.10161
CVE-2017-11058,0.00080,0.33409
CVE-2017-11059,0.00044,0.10161
CVE-2017-1106,0.00074,0.30528
CVE-2017-11060,0.00083,0.34290
CVE-2017-11061,0.00083,0.34290
CVE-2017-11062,0.00083,0.34290
CVE-2017-11063,0.00095,0.39722
CVE-2017-11064,0.00083,0.34290
CVE-2017-11066,0.00080,0.33409
CVE-2017-11067,0.00044,0.10161
CVE-2017-11069,0.00110,0.44040
CVE-2017-1107,0.00060,0.23273
CVE-2017-11072,0.00044,0.10161
CVE-2017-11073,0.00044,0.10161
CVE-2017-11074,0.00044,0.10161
CVE-2017-11075,0.00044,0.10161
CVE-2017-11078,0.00044,0.10161
CVE-2017-11079,0.00106,0.42770
CVE-2017-11080,0.00044,0.10161
CVE-2017-11081,0.00044,0.10161
CVE-2017-11082,0.00044,0.10161
CVE-2017-11085,0.00044,0.10161
CVE-2017-11087,0.00083,0.34290
CVE-2017-11088,0.00128,0.47407
CVE-2017-11089,0.00111,0.44143
CVE-2017-11090,0.00080,0.33409
CVE-2017-11091,0.00044,0.10161
CVE-2017-11092,0.00074,0.30498
CVE-2017-11093,0.00080,0.33409
CVE-2017-11096,0.00249,0.62941
CVE-2017-11097,0.00249,0.62941
CVE-2017-11098,0.00248,0.62805
CVE-2017-11099,0.00248,0.62805
CVE-2017-1110,0.00057,0.21364
CVE-2017-11100,0.00249,0.62941
CVE-2017-11101,0.00249,0.62941
CVE-2017-11102,0.00817,0.80018
CVE-2017-11103,0.04697,0.91856
CVE-2017-11104,0.00267,0.64349
CVE-2017-11105,0.00327,0.67945
CVE-2017-11107,0.00145,0.50350
CVE-2017-11108,0.00649,0.77200
CVE-2017-11109,0.00132,0.48230
CVE-2017-11110,0.00125,0.46857
CVE-2017-11111,0.00519,0.74379
CVE-2017-11112,0.00231,0.61327
CVE-2017-11113,0.00222,0.60612
CVE-2017-11114,0.00167,0.53397
CVE-2017-11115,0.00169,0.53942
CVE-2017-11116,0.00291,0.65887
CVE-2017-11117,0.00199,0.57784
CVE-2017-11118,0.00112,0.44596
CVE-2017-11119,0.00177,0.54869
CVE-2017-11120,0.00762,0.79247
CVE-2017-11121,0.00239,0.62050
CVE-2017-11122,0.00368,0.69785
CVE-2017-11124,0.00473,0.73141
CVE-2017-11125,0.00473,0.73141
CVE-2017-11126,0.00130,0.47867
CVE-2017-11127,0.00057,0.21504
CVE-2017-11128,0.00057,0.21504
CVE-2017-11129,0.00222,0.60556
CVE-2017-1113,0.00080,0.33474
CVE-2017-11130,0.00159,0.52424
CVE-2017-11131,0.00168,0.53801
CVE-2017-11132,0.00090,0.38018
CVE-2017-11133,0.00168,0.53801
CVE-2017-11134,0.00065,0.26756
CVE-2017-11135,0.00094,0.39336
CVE-2017-11136,0.00060,0.23722
CVE-2017-11139,0.00437,0.72145
CVE-2017-1114,0.00049,0.15069
CVE-2017-11140,0.00731,0.78785
CVE-2017-11141,0.00082,0.34124
CVE-2017-11142,0.02705,0.89471
CVE-2017-11143,0.01187,0.83652
CVE-2017-11144,0.01605,0.86118
CVE-2017-11145,0.00914,0.81154
CVE-2017-11147,0.00319,0.67519
CVE-2017-11148,0.00150,0.51166
CVE-2017-11149,0.00055,0.20496
CVE-2017-1115,0.00064,0.26238
CVE-2017-11150,0.00088,0.37145
CVE-2017-11151,0.61010,0.97518
CVE-2017-11152,0.00188,0.56352
CVE-2017-11153,0.80345,0.98058
CVE-2017-11154,0.45111,0.97087
CVE-2017-11155,0.45775,0.97108
CVE-2017-11156,0.00412,0.71333
CVE-2017-11157,0.00086,0.35639
CVE-2017-11158,0.00086,0.35639
CVE-2017-11159,0.00086,0.35639
CVE-2017-1116,0.00063,0.24898
CVE-2017-11160,0.00086,0.35639
CVE-2017-11161,0.00074,0.30568
CVE-2017-11162,0.00061,0.24131
CVE-2017-11163,0.00051,0.17456
CVE-2017-11164,0.00373,0.69944
CVE-2017-11165,0.94336,0.99044
CVE-2017-11166,0.00082,0.34013
CVE-2017-11167,0.01482,0.85477
CVE-2017-11169,0.00297,0.66288
CVE-2017-1117,0.00103,0.41683
CVE-2017-11170,0.00184,0.55746
CVE-2017-11171,0.00042,0.05722
CVE-2017-11173,0.00304,0.66623
CVE-2017-11174,0.00138,0.49278
CVE-2017-11175,0.00087,0.36434
CVE-2017-11176,0.00078,0.32622
CVE-2017-11177,0.00168,0.53801
CVE-2017-11178,0.00219,0.59902
CVE-2017-11179,0.00079,0.32992
CVE-2017-1118,0.00196,0.57579
CVE-2017-11180,0.00079,0.32992
CVE-2017-11181,0.00053,0.19109
CVE-2017-11182,0.00053,0.19109
CVE-2017-11183,0.00097,0.40218
CVE-2017-11184,0.00181,0.55382
CVE-2017-11185,0.00744,0.78967
CVE-2017-11187,0.00222,0.60556
CVE-2017-11188,0.00099,0.40607
CVE-2017-11189,0.00171,0.54139
CVE-2017-1119,0.00074,0.30682
CVE-2017-11190,0.00287,0.65624
CVE-2017-11191,0.00243,0.62337
CVE-2017-11193,0.00179,0.55210
CVE-2017-11194,0.00067,0.27787
CVE-2017-11195,0.00094,0.39351
CVE-2017-11196,0.00179,0.55210
CVE-2017-11197,0.00052,0.18054
CVE-2017-11198,0.00133,0.48383
CVE-2017-1120,0.00109,0.43538
CVE-2017-11200,0.00091,0.38618
CVE-2017-11201,0.00071,0.29360
CVE-2017-11202,0.00088,0.37136
CVE-2017-11209,0.02585,0.89224
CVE-2017-1121,0.00063,0.25707
CVE-2017-11210,0.02015,0.87730
CVE-2017-11211,0.01461,0.85394
CVE-2017-11212,0.02441,0.88947
CVE-2017-11213,0.10002,0.94371
CVE-2017-11214,0.01736,0.86619
CVE-2017-11215,0.01486,0.85495
CVE-2017-11216,0.02441,0.88947
CVE-2017-11217,0.02585,0.89224
CVE-2017-11218,0.01143,0.83291
CVE-2017-11219,0.01143,0.83291
CVE-2017-1122,0.00091,0.38409
CVE-2017-11220,0.00965,0.81693
CVE-2017-11221,0.07653,0.93547
CVE-2017-11222,0.02212,0.88382
CVE-2017-11223,0.01143,0.83291
CVE-2017-11224,0.01143,0.83291
CVE-2017-11225,0.01486,0.85495
CVE-2017-11226,0.02212,0.88382
CVE-2017-11227,0.01736,0.86619
CVE-2017-11228,0.01736,0.86619
CVE-2017-11229,0.00541,0.74940
CVE-2017-11230,0.01442,0.85294
CVE-2017-11231,0.01143,0.83291
CVE-2017-11232,0.00558,0.75295
CVE-2017-11233,0.01442,0.85294
CVE-2017-11234,0.01736,0.86619
CVE-2017-11235,0.01143,0.83291
CVE-2017-11236,0.01442,0.85294
CVE-2017-11237,0.01563,0.85913
CVE-2017-11238,0.01442,0.85294
CVE-2017-11239,0.01442,0.85294
CVE-2017-1124,0.00054,0.19623
CVE-2017-11240,0.01108,0.83004
CVE-2017-11241,0.02293,0.88600
CVE-2017-11242,0.01442,0.85294
CVE-2017-11243,0.01442,0.85294
CVE-2017-11244,0.01442,0.85294
CVE-2017-11245,0.01442,0.85294
CVE-2017-11246,0.01958,0.87524
CVE-2017-11248,0.01442,0.85294
CVE-2017-11249,0.01958,0.87524
CVE-2017-1125,0.00042,0.05722
CVE-2017-11250,0.01108,0.83004
CVE-2017-11251,0.01563,0.85913
CVE-2017-11252,0.01442,0.85294
CVE-2017-11253,0.01108,0.83004
CVE-2017-11254,0.01610,0.86135
CVE-2017-11255,0.01442,0.85294
CVE-2017-11256,0.01143,0.83291
CVE-2017-11257,0.01592,0.86046
CVE-2017-11258,0.01442,0.85294
CVE-2017-11259,0.01736,0.86619
CVE-2017-1126,0.00131,0.47999
CVE-2017-11260,0.01736,0.86619
CVE-2017-11261,0.01736,0.86619
CVE-2017-11262,0.02212,0.88382
CVE-2017-11263,0.02212,0.88382
CVE-2017-11265,0.01442,0.85294
CVE-2017-11267,0.01736,0.86619
CVE-2017-11268,0.01736,0.86619
CVE-2017-11269,0.01736,0.86619
CVE-2017-1127,0.00049,0.15902
CVE-2017-11270,0.01736,0.86619
CVE-2017-11271,0.01736,0.86619
CVE-2017-11272,0.00168,0.53547
CVE-2017-11273,0.00134,0.48490
CVE-2017-11274,0.01179,0.83587
CVE-2017-11275,0.00348,0.68897
CVE-2017-11276,0.00528,0.74631
CVE-2017-11277,0.00528,0.74631
CVE-2017-11278,0.00528,0.74631
CVE-2017-11279,0.00425,0.71757
CVE-2017-1128,0.00049,0.15902
CVE-2017-11280,0.00528,0.74631
CVE-2017-11281,0.11038,0.94646
CVE-2017-11282,0.09979,0.94363
CVE-2017-11283,0.51563,0.97281
CVE-2017-11284,0.51563,0.97281
CVE-2017-11285,0.00153,0.51530
CVE-2017-11286,0.00246,0.62667
CVE-2017-11287,0.00307,0.66854
CVE-2017-11288,0.00307,0.66854
CVE-2017-11289,0.00307,0.66854
CVE-2017-1129,0.91715,0.98722
CVE-2017-11290,0.00271,0.64590
CVE-2017-11291,0.00275,0.64863
CVE-2017-11292,0.02610,0.89276
CVE-2017-11293,0.01725,0.86575
CVE-2017-11294,0.01725,0.86575
CVE-2017-11295,0.00433,0.71995
CVE-2017-11296,0.00331,0.68192
CVE-2017-11297,0.00184,0.55801
CVE-2017-11298,0.00184,0.55801
CVE-2017-11299,0.00184,0.55801
CVE-2017-1130,0.90268,0.98592
CVE-2017-11300,0.00184,0.55801
CVE-2017-11301,0.00184,0.55801
CVE-2017-11302,0.02130,0.88148
CVE-2017-11303,0.01725,0.86575
CVE-2017-11304,0.01269,0.84256
CVE-2017-11305,0.00734,0.78840
CVE-2017-11306,0.01108,0.83004
CVE-2017-11307,0.01108,0.83004
CVE-2017-11308,0.50127,0.97245
CVE-2017-11309,0.01650,0.86296
CVE-2017-1131,0.00071,0.29217
CVE-2017-11310,0.00317,0.67410
CVE-2017-11311,0.00283,0.65430
CVE-2017-11317,0.10145,0.94426
CVE-2017-11318,0.00218,0.59852
CVE-2017-11319,0.01341,0.84707
CVE-2017-1132,0.00059,0.23108
CVE-2017-11320,0.00141,0.49839
CVE-2017-11321,0.01935,0.87441
CVE-2017-11322,0.00367,0.69742
CVE-2017-11323,0.07380,0.93463
CVE-2017-11324,0.00212,0.59184
CVE-2017-11325,0.00588,0.75977
CVE-2017-11326,0.00097,0.40159
CVE-2017-11327,0.00079,0.33197
CVE-2017-11328,0.00056,0.21058
CVE-2017-11329,0.00181,0.55382
CVE-2017-1133,0.00050,0.16027
CVE-2017-11330,0.00318,0.67500
CVE-2017-11331,0.00235,0.61637
CVE-2017-11332,0.00457,0.72713
CVE-2017-11333,0.00618,0.76611
CVE-2017-11334,0.00064,0.26441
CVE-2017-11335,0.01209,0.83821
CVE-2017-11336,0.00148,0.50818
CVE-2017-11337,0.00148,0.50818
CVE-2017-11338,0.00148,0.50818
CVE-2017-11339,0.00177,0.54915
CVE-2017-1134,0.00042,0.05722
CVE-2017-11340,0.00148,0.50818
CVE-2017-11341,0.00224,0.60746
CVE-2017-11342,0.00232,0.61393
CVE-2017-11343,0.00085,0.35272
CVE-2017-11344,0.01503,0.85613
CVE-2017-11345,0.01503,0.85613
CVE-2017-11346,0.17738,0.95699
CVE-2017-11347,0.00258,0.63658
CVE-2017-11348,0.00066,0.27436
CVE-2017-11349,0.01720,0.86555
CVE-2017-11350,0.00073,0.30112
CVE-2017-11351,0.00222,0.60556
CVE-2017-11352,0.00385,0.70429
CVE-2017-11353,0.00139,0.49386
CVE-2017-11354,0.00138,0.49278
CVE-2017-11355,0.00182,0.55562
CVE-2017-11356,0.00149,0.50946
CVE-2017-11357,0.64019,0.97594
CVE-2017-11358,0.00432,0.71973
CVE-2017-11359,0.00457,0.72713
CVE-2017-11360,0.00082,0.34013
CVE-2017-11361,0.00109,0.43614
CVE-2017-11362,0.00996,0.82021
CVE-2017-11364,0.00463,0.72855
CVE-2017-11365,0.00217,0.59738
CVE-2017-11366,0.04084,0.91308
CVE-2017-11367,0.00235,0.61636
CVE-2017-11368,0.00208,0.58804
CVE-2017-1137,0.00465,0.72903
CVE-2017-11379,0.00091,0.38552
CVE-2017-11380,0.00244,0.62506
CVE-2017-11381,0.00184,0.55758
CVE-2017-11382,0.01114,0.83050
CVE-2017-11383,0.12515,0.94954
CVE-2017-11384,0.12515,0.94954
CVE-2017-11385,0.12515,0.94954
CVE-2017-11386,0.12515,0.94954
CVE-2017-11387,0.00376,0.70030
CVE-2017-11388,0.01429,0.85214
CVE-2017-11389,0.08055,0.93723
CVE-2017-11390,0.00605,0.76332
CVE-2017-11391,0.15324,0.95379
CVE-2017-11392,0.03612,0.90786
CVE-2017-11393,0.12944,0.95024
CVE-2017-11394,0.64708,0.97610
CVE-2017-11395,0.00623,0.76735
CVE-2017-11396,0.00201,0.58097
CVE-2017-11397,0.02040,0.87815
CVE-2017-11398,0.00534,0.74744
CVE-2017-11399,0.00306,0.66763
CVE-2017-1140,0.00059,0.23108
CVE-2017-11400,0.00074,0.30645
CVE-2017-11401,0.00244,0.62506
CVE-2017-11402,0.00244,0.62506
CVE-2017-11403,0.22443,0.96092
CVE-2017-11404,0.00100,0.40855
CVE-2017-11405,0.00100,0.40855
CVE-2017-11406,0.00299,0.66365
CVE-2017-11407,0.00393,0.70745
CVE-2017-11408,0.00317,0.67401
CVE-2017-11409,0.00299,0.66365
CVE-2017-1141,0.00049,0.15902
CVE-2017-11410,0.00188,0.56373
CVE-2017-11411,0.00214,0.59523
CVE-2017-11412,0.00138,0.49278
CVE-2017-11413,0.00138,0.49278
CVE-2017-11414,0.00138,0.49278
CVE-2017-11415,0.00138,0.49278
CVE-2017-11416,0.00138,0.49278
CVE-2017-11417,0.00138,0.49278
CVE-2017-11418,0.00138,0.49278
CVE-2017-11419,0.00138,0.49278
CVE-2017-1142,0.00100,0.40968
CVE-2017-11420,0.03159,0.90178
CVE-2017-11421,0.00059,0.22933
CVE-2017-11422,0.00104,0.42231
CVE-2017-11423,0.00889,0.80875
CVE-2017-11424,0.00082,0.34009
CVE-2017-11427,0.00526,0.74570
CVE-2017-11428,0.00526,0.74570
CVE-2017-11429,0.00526,0.74570
CVE-2017-1143,0.00086,0.35758
CVE-2017-11430,0.00526,0.74570
CVE-2017-11434,0.00062,0.24773
CVE-2017-11435,0.03562,0.90722
CVE-2017-11436,0.00513,0.74242
CVE-2017-11437,0.00064,0.26201
CVE-2017-11438,0.00071,0.29417
CVE-2017-11439,0.00115,0.45009
CVE-2017-1144,0.00042,0.05722
CVE-2017-11440,0.00130,0.47874
CVE-2017-11441,0.00054,0.19226
CVE-2017-11444,0.01800,0.86852
CVE-2017-11445,0.00212,0.59184
CVE-2017-11446,0.00238,0.61980
CVE-2017-11447,0.00332,0.68210
CVE-2017-11448,0.00221,0.60296
CVE-2017-11449,0.00564,0.75443
CVE-2017-1145,0.00229,0.61159
CVE-2017-11450,0.00626,0.76796
CVE-2017-11455,0.00236,0.61798
CVE-2017-11456,0.01717,0.86545
CVE-2017-11457,0.00092,0.38936
CVE-2017-11458,0.00071,0.29380
CVE-2017-11459,0.00783,0.79560
CVE-2017-1146,0.00049,0.15902
CVE-2017-11460,0.00127,0.47330
CVE-2017-11461,0.00076,0.31323
CVE-2017-11462,0.00600,0.76204
CVE-2017-11463,0.00087,0.36023
CVE-2017-11464,0.00203,0.58323
CVE-2017-11465,0.00188,0.56439
CVE-2017-11466,0.00363,0.69528
CVE-2017-11467,0.32803,0.96645
CVE-2017-11468,0.00476,0.73218
CVE-2017-11469,0.00673,0.77765
CVE-2017-1147,0.00059,0.23108
CVE-2017-11470,0.00224,0.60733
CVE-2017-11471,0.00224,0.60733
CVE-2017-11472,0.00042,0.05722
CVE-2017-11473,0.00042,0.05722
CVE-2017-11474,0.00138,0.49278
CVE-2017-11475,0.00087,0.36089
CVE-2017-11478,0.00121,0.46211
CVE-2017-11479,0.00118,0.45730
CVE-2017-1148,0.00131,0.47999
CVE-2017-11480,0.00105,0.42447
CVE-2017-11481,0.00079,0.32992
CVE-2017-11482,0.00079,0.32992
CVE-2017-1149,0.00133,0.48399
CVE-2017-11494,0.00282,0.65332
CVE-2017-11495,0.01012,0.82144
CVE-2017-11496,0.15465,0.95418
CVE-2017-11497,0.15465,0.95418
CVE-2017-11498,0.03912,0.91136
CVE-2017-11499,0.00868,0.80617
CVE-2017-1150,0.00063,0.25707
CVE-2017-11500,0.00232,0.61408
CVE-2017-11501,0.00159,0.52507
CVE-2017-11502,0.02323,0.88663
CVE-2017-11503,0.00096,0.39970
CVE-2017-11505,0.00131,0.48026
CVE-2017-11506,0.00096,0.39842
CVE-2017-11507,0.00100,0.40797
CVE-2017-11508,0.00077,0.31707
CVE-2017-11509,0.00874,0.80687
CVE-2017-1151,0.00286,0.65599
CVE-2017-11510,0.01013,0.82148
CVE-2017-11511,0.33180,0.96658
CVE-2017-11512,0.97175,0.99774
CVE-2017-11516,0.00067,0.27787
CVE-2017-11517,0.30632,0.96555
CVE-2017-11519,0.00396,0.70846
CVE-2017-1152,0.00050,0.16027
CVE-2017-11521,0.00871,0.80645
CVE-2017-11522,0.00331,0.68178
CVE-2017-11523,0.01332,0.84655
CVE-2017-11524,0.00145,0.50425
CVE-2017-11525,0.00145,0.50425
CVE-2017-11526,0.00230,0.61272
CVE-2017-11527,0.00108,0.43421
CVE-2017-11528,0.00108,0.43421
CVE-2017-11529,0.00108,0.43421
CVE-2017-1153,0.00093,0.39184
CVE-2017-11530,0.00108,0.43421
CVE-2017-11531,0.00088,0.36968
CVE-2017-11532,0.00082,0.33949
CVE-2017-11533,0.00234,0.61587
CVE-2017-11534,0.00082,0.33949
CVE-2017-11535,0.00234,0.61587
CVE-2017-11536,0.00166,0.53294
CVE-2017-11537,0.00234,0.61587
CVE-2017-11538,0.00088,0.36968
CVE-2017-11539,0.00060,0.23747
CVE-2017-1154,0.00057,0.21364
CVE-2017-11540,0.00060,0.23747
CVE-2017-11541,0.04837,0.91991
CVE-2017-11542,0.04837,0.91991
CVE-2017-11543,0.16053,0.95488
CVE-2017-11546,0.00167,0.53397
CVE-2017-11547,0.00167,0.53397
CVE-2017-11548,0.00167,0.53502
CVE-2017-11549,0.00167,0.53397
CVE-2017-1155,0.00049,0.15902
CVE-2017-11550,0.00069,0.28572
CVE-2017-11551,0.00167,0.53397
CVE-2017-11552,0.04107,0.91331
CVE-2017-11553,0.00232,0.61393
CVE-2017-11554,0.00235,0.61679
CVE-2017-11555,0.00232,0.61393
CVE-2017-11556,0.00224,0.60746
CVE-2017-11557,0.00187,0.56261
CVE-2017-11559,0.00323,0.67737
CVE-2017-1156,0.00727,0.78717
CVE-2017-11560,0.00061,0.24176
CVE-2017-11561,0.00074,0.30460
CVE-2017-11562,0.00199,0.57916
CVE-2017-11563,0.00410,0.71275
CVE-2017-11564,0.00108,0.43401
CVE-2017-11565,0.00071,0.29365
CVE-2017-11566,0.00044,0.10504
CVE-2017-11567,0.05967,0.92759
CVE-2017-11568,0.00085,0.35384
CVE-2017-11569,0.00085,0.35384
CVE-2017-1157,0.00063,0.25195
CVE-2017-11570,0.00072,0.29986
CVE-2017-11571,0.00114,0.44806
CVE-2017-11572,0.00085,0.35384
CVE-2017-11573,0.00072,0.29986
CVE-2017-11574,0.00114,0.44806
CVE-2017-11575,0.00085,0.35384
CVE-2017-11576,0.00063,0.25212
CVE-2017-11577,0.00085,0.35384
CVE-2017-11578,0.02074,0.87933
CVE-2017-11579,0.00270,0.64543
CVE-2017-11580,0.00312,0.67100
CVE-2017-11581,0.00088,0.37136
CVE-2017-11582,0.00212,0.59184
CVE-2017-11583,0.00212,0.59184
CVE-2017-11584,0.00212,0.59184
CVE-2017-11585,0.00509,0.74146
CVE-2017-11586,0.00121,0.46248
CVE-2017-11587,0.00181,0.55523
CVE-2017-11588,0.00532,0.74716
CVE-2017-11589,0.00231,0.61303
CVE-2017-1159,0.00065,0.26775
CVE-2017-11590,0.00212,0.59088
CVE-2017-11591,0.00396,0.70835
CVE-2017-11592,0.00267,0.64372
CVE-2017-11593,0.00170,0.53972
CVE-2017-11594,0.00076,0.31399
CVE-2017-1160,0.00049,0.15902
CVE-2017-11600,0.00042,0.05722
CVE-2017-11605,0.00130,0.47881
CVE-2017-11608,0.00148,0.50818
CVE-2017-1161,0.00152,0.51512
CVE-2017-11610,0.97438,0.99941
CVE-2017-11611,0.00057,0.21504
CVE-2017-11612,0.00139,0.49377
CVE-2017-11613,0.00856,0.80497
CVE-2017-11614,0.00222,0.60556
CVE-2017-11615,0.00063,0.25378
CVE-2017-11617,0.00190,0.56652
CVE-2017-1162,0.00142,0.49871
CVE-2017-11624,0.00128,0.47428
CVE-2017-11625,0.00128,0.47428
CVE-2017-11626,0.00128,0.47428
CVE-2017-11627,0.00128,0.47428
CVE-2017-11628,0.00253,0.63239
CVE-2017-11629,0.00100,0.40891
CVE-2017-11630,0.00196,0.57537
CVE-2017-11631,0.00138,0.49278
CVE-2017-11632,0.01201,0.83762
CVE-2017-11633,0.00802,0.79863
CVE-2017-11634,0.01201,0.83762
CVE-2017-11635,0.00588,0.75977
CVE-2017-11636,0.00857,0.80512
CVE-2017-11637,0.00288,0.65708
CVE-2017-11638,0.00371,0.69877
CVE-2017-11639,0.00361,0.69456
CVE-2017-1164,0.00062,0.24327
CVE-2017-11640,0.00413,0.71382
CVE-2017-11641,0.00288,0.65708
CVE-2017-11642,0.00395,0.70785
CVE-2017-11643,0.00364,0.69597
CVE-2017-11644,0.00082,0.34124
CVE-2017-11645,0.00309,0.66976
CVE-2017-11646,0.00073,0.30112
CVE-2017-11647,0.00057,0.21504
CVE-2017-11648,0.00073,0.30112
CVE-2017-11649,0.00202,0.58186
CVE-2017-11650,0.00501,0.73939
CVE-2017-11651,0.00088,0.37136
CVE-2017-11652,0.00058,0.21934
CVE-2017-11653,0.00042,0.05722
CVE-2017-11654,0.00132,0.48232
CVE-2017-11655,0.00132,0.48232
CVE-2017-11657,0.00062,0.24874
CVE-2017-11658,0.00154,0.51722
CVE-2017-11661,0.00084,0.34828
CVE-2017-11662,0.00084,0.34828
CVE-2017-11663,0.00062,0.24551
CVE-2017-11664,0.00081,0.33506
CVE-2017-11665,0.00202,0.58178
CVE-2017-11666,0.00116,0.45370
CVE-2017-11667,0.00624,0.76757
CVE-2017-11668,0.00267,0.64353
CVE-2017-11669,0.00267,0.64353
CVE-2017-11670,0.00361,0.69479
CVE-2017-11671,0.00159,0.52432
CVE-2017-11672,0.00042,0.05722
CVE-2017-11673,0.01036,0.82362
CVE-2017-11674,0.00177,0.54869
CVE-2017-11675,0.00259,0.63696
CVE-2017-11677,0.00125,0.46870
CVE-2017-11678,0.00143,0.50026
CVE-2017-11679,0.00321,0.67641
CVE-2017-1168,0.00059,0.23108
CVE-2017-11680,0.00112,0.44586
CVE-2017-11681,0.00210,0.58944
CVE-2017-11682,0.00161,0.52692
CVE-2017-11683,0.00313,0.67178
CVE-2017-11684,0.00127,0.47376
CVE-2017-11685,0.00300,0.66418
CVE-2017-11686,0.00295,0.66126
CVE-2017-11687,0.00300,0.66418
CVE-2017-1169,0.00062,0.24327
CVE-2017-11691,0.00060,0.23665
CVE-2017-11692,0.00300,0.66445
CVE-2017-11693,0.00168,0.53801
CVE-2017-11694,0.00168,0.53801
CVE-2017-11695,0.00088,0.37071
CVE-2017-11696,0.00088,0.37071
CVE-2017-11697,0.00088,0.37069
CVE-2017-11698,0.00088,0.37071
CVE-2017-1170,0.00042,0.05722
CVE-2017-11703,0.00071,0.29182
CVE-2017-11704,0.00071,0.29182
CVE-2017-11705,0.00071,0.29182
CVE-2017-11706,0.00413,0.71371
CVE-2017-1171,0.00049,0.15902
CVE-2017-11714,0.00535,0.74780
CVE-2017-11715,0.01292,0.84424
CVE-2017-11716,0.00088,0.37136
CVE-2017-11717,0.00180,0.55248
CVE-2017-11718,0.00107,0.43032
CVE-2017-11719,0.00302,0.66522
CVE-2017-11720,0.00637,0.76970
CVE-2017-11721,0.01091,0.82866
CVE-2017-11722,0.00490,0.73639
CVE-2017-11723,0.00232,0.61408
CVE-2017-11724,0.00224,0.60744
CVE-2017-11725,0.00054,0.19226
CVE-2017-11726,0.00112,0.44586
CVE-2017-11727,0.00098,0.40404
CVE-2017-11728,0.00115,0.45235
CVE-2017-11729,0.00115,0.45235
CVE-2017-11730,0.00115,0.45235
CVE-2017-11731,0.00095,0.39726
CVE-2017-11732,0.00160,0.52620
CVE-2017-11733,0.00160,0.52620
CVE-2017-11734,0.00115,0.45235
CVE-2017-11736,0.00104,0.42003
CVE-2017-11737,0.00077,0.31727
CVE-2017-11738,0.00530,0.74670
CVE-2017-11739,0.00194,0.57280
CVE-2017-1174,0.00118,0.45733
CVE-2017-11740,0.00979,0.81835
CVE-2017-11741,0.00066,0.27186
CVE-2017-11742,0.00042,0.05722
CVE-2017-11743,0.00192,0.56976
CVE-2017-11744,0.00079,0.32992
CVE-2017-11746,0.00121,0.46205
CVE-2017-11747,0.00042,0.05722
CVE-2017-11748,0.00091,0.38161
CVE-2017-11749,0.00091,0.38161
CVE-2017-1175,0.00166,0.53283
CVE-2017-11750,0.00131,0.47992
CVE-2017-11751,0.00139,0.49399
CVE-2017-11752,0.00139,0.49399
CVE-2017-11753,0.00139,0.49399
CVE-2017-11754,0.00139,0.49399
CVE-2017-11755,0.00139,0.49399
CVE-2017-11756,0.00178,0.55098
CVE-2017-11757,0.11739,0.94822
CVE-2017-1176,0.00042,0.05722
CVE-2017-11760,0.00259,0.63696
CVE-2017-11761,0.00896,0.80950
CVE-2017-11762,0.29236,0.96490
CVE-2017-11763,0.14741,0.95301
CVE-2017-11764,0.92365,0.98799
CVE-2017-11765,0.00194,0.57288
CVE-2017-11766,0.04779,0.91950
CVE-2017-11767,0.00599,0.76179
CVE-2017-11768,0.00158,0.52266
CVE-2017-11769,0.29279,0.96492
CVE-2017-1177,0.00064,0.26231
CVE-2017-11770,0.02606,0.89269
CVE-2017-11771,0.19340,0.95860
CVE-2017-11772,0.01608,0.86126
CVE-2017-11774,0.86235,0.98344
CVE-2017-11775,0.00176,0.54826
CVE-2017-11776,0.01608,0.86126
CVE-2017-11777,0.00176,0.54826
CVE-2017-11779,0.44912,0.97082
CVE-2017-1178,0.00108,0.43505
CVE-2017-11780,0.07569,0.93523
CVE-2017-11781,0.79879,0.98047
CVE-2017-11782,0.00086,0.35637
CVE-2017-11783,0.00059,0.23118
CVE-2017-11784,0.00194,0.57288
CVE-2017-11785,0.00127,0.47348
CVE-2017-11786,0.00594,0.76091
CVE-2017-11788,0.00388,0.70521
CVE-2017-1179,0.00146,0.50478
CVE-2017-11790,0.00365,0.69607
CVE-2017-11791,0.00944,0.81469
CVE-2017-11792,0.04779,0.91950
CVE-2017-11793,0.92365,0.98799
CVE-2017-11794,0.00365,0.69607
CVE-2017-11796,0.04779,0.91950
CVE-2017-11797,0.01218,0.83894
CVE-2017-11798,0.04779,0.91950
CVE-2017-11799,0.94309,0.99037
CVE-2017-1180,0.00049,0.15902
CVE-2017-11800,0.04038,0.91238
CVE-2017-11801,0.01218,0.83894
CVE-2017-11802,0.94309,0.99037
CVE-2017-11803,0.01277,0.84303
CVE-2017-11804,0.04779,0.91950
CVE-2017-11805,0.04779,0.91950
CVE-2017-11806,0.04779,0.91950
CVE-2017-11807,0.04779,0.91950
CVE-2017-11808,0.04779,0.91950
CVE-2017-11809,0.94309,0.99037
CVE-2017-1181,0.00042,0.05722
CVE-2017-11810,0.92365,0.98799
CVE-2017-11811,0.92365,0.98799
CVE-2017-11812,0.04038,0.91238
CVE-2017-11813,0.04779,0.91950
CVE-2017-11814,0.00194,0.57288
CVE-2017-11815,0.75565,0.97913
CVE-2017-11816,0.00194,0.57288
CVE-2017-11817,0.00075,0.30909
CVE-2017-11818,0.00056,0.20986
CVE-2017-11819,0.15522,0.95423
CVE-2017-1182,0.00092,0.38883
CVE-2017-11820,0.00176,0.54826
CVE-2017-11821,0.04779,0.91950
CVE-2017-11822,0.04779,0.91950
CVE-2017-11823,0.00246,0.62645
CVE-2017-11824,0.00061,0.23881
CVE-2017-11825,0.13107,0.95051
CVE-2017-11826,0.94787,0.99113
CVE-2017-11827,0.00704,0.78315
CVE-2017-11829,0.00067,0.27659
CVE-2017-1183,0.00122,0.46429
CVE-2017-11830,0.00161,0.52698
CVE-2017-11831,0.00100,0.40806
CVE-2017-11832,0.00075,0.30909
CVE-2017-11833,0.00723,0.78664
CVE-2017-11834,0.01490,0.85512
CVE-2017-11835,0.00097,0.40206
CVE-2017-11836,0.00672,0.77738
CVE-2017-11837,0.00744,0.78973
CVE-2017-11838,0.00704,0.78315
CVE-2017-11839,0.92491,0.98812
CVE-2017-11840,0.92491,0.98812
CVE-2017-11841,0.92491,0.98812
CVE-2017-11842,0.00070,0.29087
CVE-2017-11843,0.00704,0.78315
CVE-2017-11844,0.01277,0.84303
CVE-2017-11845,0.04779,0.91950
CVE-2017-11846,0.00704,0.78315
CVE-2017-11847,0.00300,0.66405
CVE-2017-11848,0.01277,0.84303
CVE-2017-11849,0.00070,0.29087
CVE-2017-11850,0.00073,0.30182
CVE-2017-11851,0.00169,0.53921
CVE-2017-11852,0.00070,0.29087
CVE-2017-11853,0.00671,0.77726
CVE-2017-11854,0.00624,0.76745
CVE-2017-11855,0.77401,0.97966
CVE-2017-11856,0.00355,0.69202
CVE-2017-11858,0.00744,0.78973
CVE-2017-11861,0.94708,0.99103
CVE-2017-11862,0.00672,0.77738
CVE-2017-11863,0.00344,0.68714
CVE-2017-11866,0.00672,0.77738
CVE-2017-11869,0.00744,0.78973
CVE-2017-11870,0.92491,0.98812
CVE-2017-11871,0.00672,0.77738
CVE-2017-11872,0.00251,0.63105
CVE-2017-11873,0.94708,0.99103
CVE-2017-11874,0.00320,0.67580
CVE-2017-11876,0.00348,0.68881
CVE-2017-11877,0.00290,0.65865
CVE-2017-11878,0.00359,0.69360
CVE-2017-11879,0.00514,0.74261
CVE-2017-11880,0.00070,0.29087
CVE-2017-11882,0.97432,0.99936
CVE-2017-11883,0.00273,0.64734
CVE-2017-11884,0.00415,0.71459
CVE-2017-11885,0.25329,0.96272
CVE-2017-11886,0.04779,0.91950
CVE-2017-11887,0.00650,0.77265
CVE-2017-11888,0.04779,0.91950
CVE-2017-11889,0.03351,0.90469
CVE-2017-1189,0.00126,0.47142
CVE-2017-11890,0.94678,0.99099
CVE-2017-11893,0.92365,0.98799
CVE-2017-11894,0.00704,0.78315
CVE-2017-11895,0.00704,0.78315
CVE-2017-11899,0.00435,0.72079
CVE-2017-1190,0.00042,0.05722
CVE-2017-11901,0.00642,0.77100
CVE-2017-11903,0.94325,0.99041
CVE-2017-11905,0.04779,0.91950
CVE-2017-11906,0.88999,0.98505
CVE-2017-11907,0.77186,0.97959
CVE-2017-11908,0.04779,0.91950
CVE-2017-11909,0.92365,0.98799
CVE-2017-1191,0.00049,0.15902
CVE-2017-11910,0.04779,0.91950
CVE-2017-11911,0.92365,0.98799
CVE-2017-11912,0.00704,0.78315
CVE-2017-11913,0.03351,0.90469
CVE-2017-11914,0.94325,0.99041
CVE-2017-11916,0.00629,0.76853
CVE-2017-11918,0.94325,0.99041
CVE-2017-11919,0.01490,0.85512
CVE-2017-1192,0.00180,0.55267
CVE-2017-11927,0.03584,0.90752
CVE-2017-1193,0.00071,0.29217
CVE-2017-11930,0.04779,0.91950
CVE-2017-11932,0.00327,0.67913
CVE-2017-11934,0.00964,0.81685
CVE-2017-11935,0.19604,0.95883
CVE-2017-11936,0.00425,0.71753
CVE-2017-11937,0.13107,0.95051
CVE-2017-11939,0.00233,0.61466
CVE-2017-1194,0.00134,0.48494
CVE-2017-11940,0.13107,0.95051
CVE-2017-1195,0.00097,0.40276
CVE-2017-1196,0.00335,0.68360
CVE-2017-1197,0.00305,0.66707
CVE-2017-1198,0.00064,0.26231
CVE-2017-1199,0.00059,0.23108
CVE-2017-1200,0.00077,0.31635
CVE-2017-1201,0.00042,0.05722
CVE-2017-1202,0.00066,0.27156
CVE-2017-1203,0.00126,0.47154
CVE-2017-1204,0.00529,0.74640
CVE-2017-1205,0.00042,0.05722
CVE-2017-12061,0.00226,0.60909
CVE-2017-12062,0.00232,0.61383
CVE-2017-12064,0.00101,0.41148
CVE-2017-12065,0.03216,0.90263
CVE-2017-12066,0.00096,0.39979
CVE-2017-12067,0.00112,0.44376
CVE-2017-12068,0.00088,0.37136
CVE-2017-12069,0.00577,0.75724
CVE-2017-1207,0.00042,0.05722
CVE-2017-12070,0.00199,0.57916
CVE-2017-12071,0.00055,0.20496
CVE-2017-12072,0.00054,0.19121
CVE-2017-12074,0.00062,0.24549
CVE-2017-12075,0.00067,0.27857
CVE-2017-12076,0.00062,0.24251
CVE-2017-12077,0.00062,0.24251
CVE-2017-12078,0.00067,0.27857
CVE-2017-12079,0.00132,0.48274
CVE-2017-1208,0.00062,0.24327
CVE-2017-12080,0.00134,0.48559
CVE-2017-12081,0.00125,0.46920
CVE-2017-12082,0.00125,0.46920
CVE-2017-12083,0.00148,0.50759
CVE-2017-12084,0.00109,0.43614
CVE-2017-12085,0.00492,0.73675
CVE-2017-12086,0.00125,0.46920
CVE-2017-12087,0.00346,0.68803
CVE-2017-12088,0.00116,0.45362
CVE-2017-12089,0.00070,0.29080
CVE-2017-1209,0.00049,0.15902
CVE-2017-12090,0.00070,0.29087
CVE-2017-12092,0.00063,0.24905
CVE-2017-12093,0.00063,0.24910
CVE-2017-12094,0.00086,0.35614
CVE-2017-12095,0.00058,0.21949
CVE-2017-12096,0.00080,0.33440
CVE-2017-12097,0.00097,0.40092
CVE-2017-12098,0.00097,0.40092
CVE-2017-12099,0.00114,0.44982
CVE-2017-1210,0.00110,0.44004
CVE-2017-12100,0.00114,0.44982
CVE-2017-12101,0.00114,0.44982
CVE-2017-12102,0.00114,0.44982
CVE-2017-12103,0.00114,0.44982
CVE-2017-12104,0.00114,0.44982
CVE-2017-12105,0.00114,0.44982
CVE-2017-12106,0.00115,0.45038
CVE-2017-12107,0.00077,0.31944
CVE-2017-12108,0.00763,0.79272
CVE-2017-12109,0.00763,0.79272
CVE-2017-1211,0.00042,0.05722
CVE-2017-12110,0.02663,0.89381
CVE-2017-12111,0.01916,0.87377
CVE-2017-12112,0.01274,0.84279
CVE-2017-12113,0.01274,0.84279
CVE-2017-12114,0.00572,0.75580
CVE-2017-12115,0.01274,0.84279
CVE-2017-12116,0.01032,0.82300
CVE-2017-12117,0.01274,0.84279
CVE-2017-12118,0.01274,0.84279
CVE-2017-12119,0.00168,0.53610
CVE-2017-1212,0.00082,0.34102
CVE-2017-12120,0.00090,0.37864
CVE-2017-12121,0.00090,0.37864
CVE-2017-12122,0.00421,0.71648
CVE-2017-12123,0.00113,0.44691
CVE-2017-12124,0.00088,0.37097
CVE-2017-12125,0.00090,0.37864
CVE-2017-12126,0.00410,0.71272
CVE-2017-12127,0.00060,0.23520
CVE-2017-12128,0.00414,0.71442
CVE-2017-12129,0.00091,0.38161
CVE-2017-12130,0.01063,0.82630
CVE-2017-12131,0.00088,0.37136
CVE-2017-12132,0.00186,0.56063
CVE-2017-12133,0.00635,0.76952
CVE-2017-12134,0.00062,0.24773
CVE-2017-12135,0.00062,0.24773
CVE-2017-12136,0.00062,0.24773
CVE-2017-12137,0.00062,0.24773
CVE-2017-12138,0.00062,0.24374
CVE-2017-12139,0.00059,0.23061
CVE-2017-1214,0.00088,0.37100
CVE-2017-12140,0.00363,0.69541
CVE-2017-12141,0.00137,0.49084
CVE-2017-12142,0.00115,0.45235
CVE-2017-12143,0.00092,0.38716
CVE-2017-12144,0.00137,0.49084
CVE-2017-12145,0.00092,0.38716
CVE-2017-12146,0.00042,0.05722
CVE-2017-12148,0.00090,0.37992
CVE-2017-12149,0.97190,0.99786
CVE-2017-12150,0.00167,0.53517
CVE-2017-12151,0.00283,0.65427
CVE-2017-12153,0.00062,0.24773
CVE-2017-12154,0.00059,0.23170
CVE-2017-12155,0.00042,0.05722
CVE-2017-12156,0.00076,0.31323
CVE-2017-12157,0.00053,0.19109
CVE-2017-12158,0.00173,0.54557
CVE-2017-12159,0.00322,0.67667
CVE-2017-12160,0.00171,0.54157
CVE-2017-12161,0.00293,0.66056
CVE-2017-12163,0.65093,0.97620
CVE-2017-12164,0.00077,0.32045
CVE-2017-12165,0.00466,0.72941
CVE-2017-12166,0.00709,0.78393
CVE-2017-12167,0.00062,0.24540
CVE-2017-12168,0.00059,0.22933
CVE-2017-12169,0.00196,0.57560
CVE-2017-1217,0.00130,0.47798
CVE-2017-12170,0.00147,0.50689
CVE-2017-12171,0.00182,0.55553
CVE-2017-12172,0.00062,0.24773
CVE-2017-12173,0.00166,0.53252
CVE-2017-12174,0.00931,0.81333
CVE-2017-12175,0.00274,0.64756
CVE-2017-12176,0.00794,0.79756
CVE-2017-12177,0.01145,0.83303
CVE-2017-12178,0.00828,0.80158
CVE-2017-12179,0.00652,0.77310
CVE-2017-1218,0.00212,0.59242
CVE-2017-12180,0.00794,0.79756
CVE-2017-12181,0.00602,0.76246
CVE-2017-12182,0.00794,0.79756
CVE-2017-12183,0.00794,0.79756
CVE-2017-12184,0.00384,0.70378
CVE-2017-12185,0.00384,0.70378
CVE-2017-12186,0.00469,0.73024
CVE-2017-12187,0.00553,0.75216
CVE-2017-12188,0.00062,0.24773
CVE-2017-12189,0.00042,0.05722
CVE-2017-1219,0.00116,0.45244
CVE-2017-12190,0.00064,0.26441
CVE-2017-12191,0.00071,0.29417
CVE-2017-12192,0.00042,0.05722
CVE-2017-12193,0.00042,0.05722
CVE-2017-12194,0.00899,0.80995
CVE-2017-12195,0.00120,0.46081
CVE-2017-12196,0.00284,0.65464
CVE-2017-12197,0.00198,0.57769
CVE-2017-12199,0.00212,0.59184
CVE-2017-1220,0.00131,0.47999
CVE-2017-12200,0.00079,0.32992
CVE-2017-1221,0.00257,0.63596
CVE-2017-12211,0.00269,0.64478
CVE-2017-12212,0.00143,0.50016
CVE-2017-12213,0.00095,0.39493
CVE-2017-12214,0.00156,0.51923
CVE-2017-12215,0.00289,0.65782
CVE-2017-12216,0.00534,0.74771
CVE-2017-12217,0.00164,0.53125
CVE-2017-12218,0.00131,0.48061
CVE-2017-12219,0.00236,0.61818
CVE-2017-1222,0.00130,0.47836
CVE-2017-12220,0.00129,0.47584
CVE-2017-12221,0.00085,0.35461
CVE-2017-12222,0.00102,0.41384
CVE-2017-12223,0.00083,0.34291
CVE-2017-12224,0.00114,0.44888
CVE-2017-12225,0.00209,0.58914
CVE-2017-12226,0.00207,0.58682
CVE-2017-12227,0.00085,0.35232
CVE-2017-12228,0.00125,0.46872
CVE-2017-12229,0.00439,0.72221
CVE-2017-1223,0.00140,0.49651
CVE-2017-12230,0.00258,0.63611
CVE-2017-12231,0.00303,0.66590
CVE-2017-12232,0.00160,0.52635
CVE-2017-12233,0.00303,0.66590
CVE-2017-12234,0.00303,0.66590
CVE-2017-12235,0.00303,0.66590
CVE-2017-12236,0.00243,0.62358
CVE-2017-12237,0.00303,0.66590
CVE-2017-12238,0.00160,0.52635
CVE-2017-12239,0.00125,0.46942
CVE-2017-1224,0.00146,0.50478
CVE-2017-12240,0.05178,0.92249
CVE-2017-12243,0.95488,0.99253
CVE-2017-12244,0.00130,0.47769
CVE-2017-12245,0.00130,0.47834
CVE-2017-12246,0.00160,0.52634
CVE-2017-12248,0.00107,0.43129
CVE-2017-12249,0.00306,0.66764
CVE-2017-1225,0.00131,0.47999
CVE-2017-12250,0.00151,0.51253
CVE-2017-12251,0.00202,0.58191
CVE-2017-12252,0.00042,0.05722
CVE-2017-12253,0.00181,0.55395
CVE-2017-12254,0.00511,0.74188
CVE-2017-12255,0.00042,0.05722
CVE-2017-12256,0.00128,0.47419
CVE-2017-12257,0.00129,0.47584
CVE-2017-12258,0.00118,0.45776
CVE-2017-12259,0.00236,0.61818
CVE-2017-1226,0.00063,0.24898
CVE-2017-12260,0.00236,0.61818
CVE-2017-12261,0.00042,0.05722
CVE-2017-12262,0.00103,0.41970
CVE-2017-12263,0.23262,0.96144
CVE-2017-12264,0.00164,0.53125
CVE-2017-12265,0.00107,0.43129
CVE-2017-12266,0.00042,0.05722
CVE-2017-12267,0.00122,0.46495
CVE-2017-12268,0.00042,0.05722
CVE-2017-12269,0.00085,0.35461
CVE-2017-1227,0.00087,0.36439
CVE-2017-12270,0.00236,0.61818
CVE-2017-12271,0.00181,0.55395
CVE-2017-12272,0.00107,0.43129
CVE-2017-12273,0.00102,0.41384
CVE-2017-12274,0.00101,0.41180
CVE-2017-12275,0.00102,0.41384
CVE-2017-12276,0.00119,0.45974
CVE-2017-12277,0.00138,0.49349
CVE-2017-12278,0.00143,0.50039
CVE-2017-12279,0.00078,0.32112
CVE-2017-1228,0.00109,0.43521
CVE-2017-12280,0.00236,0.61818
CVE-2017-12281,0.00107,0.43245
CVE-2017-12282,0.00102,0.41384
CVE-2017-12283,0.00101,0.41180
CVE-2017-12284,0.00042,0.05722
CVE-2017-12285,0.96748,0.99600
CVE-2017-12286,0.00042,0.05722
CVE-2017-12287,0.00108,0.43346
CVE-2017-12288,0.00128,0.47456
CVE-2017-12289,0.00042,0.05722
CVE-2017-1229,0.00136,0.48922
CVE-2017-12290,0.00129,0.47584
CVE-2017-12291,0.00129,0.47584
CVE-2017-12292,0.00129,0.47584
CVE-2017-12293,0.00237,0.61880
CVE-2017-12294,0.00081,0.33536
CVE-2017-12295,0.00121,0.46358
CVE-2017-12296,0.00107,0.43129
CVE-2017-12297,0.00091,0.38570
CVE-2017-12298,0.00107,0.43129
CVE-2017-12299,0.00094,0.39395
CVE-2017-1230,0.00131,0.47999
CVE-2017-12300,0.00094,0.39395
CVE-2017-12301,0.00042,0.05722
CVE-2017-12302,0.00074,0.30737
CVE-2017-12303,0.00131,0.48061
CVE-2017-12304,0.00107,0.43129
CVE-2017-12305,0.00051,0.16910
CVE-2017-12306,0.00042,0.05722
CVE-2017-12307,0.00129,0.47584
CVE-2017-12308,0.00125,0.46916
CVE-2017-12309,0.00144,0.50204
CVE-2017-1231,0.00042,0.05722
CVE-2017-12310,0.00241,0.62204
CVE-2017-12311,0.00165,0.53194
CVE-2017-12312,0.00060,0.23520
CVE-2017-12313,0.00060,0.23520
CVE-2017-12314,0.00042,0.05722
CVE-2017-12315,0.00042,0.05722
CVE-2017-12316,0.00143,0.50177
CVE-2017-12317,0.00042,0.05722
CVE-2017-12318,0.00130,0.47769
CVE-2017-12319,0.00161,0.52787
CVE-2017-1232,0.00146,0.50478
CVE-2017-12320,0.00129,0.47584
CVE-2017-12321,0.00129,0.47584
CVE-2017-12322,0.00129,0.47584
CVE-2017-12323,0.00129,0.47584
CVE-2017-12328,0.00165,0.53194
CVE-2017-12329,0.00042,0.05722
CVE-2017-1233,0.00042,0.05722
CVE-2017-12330,0.00042,0.05722
CVE-2017-12331,0.00042,0.05722
CVE-2017-12332,0.00042,0.05722
CVE-2017-12333,0.00042,0.05722
CVE-2017-12334,0.00042,0.05722
CVE-2017-12335,0.00042,0.05722
CVE-2017-12336,0.00042,0.05722
CVE-2017-12337,0.05252,0.92301
CVE-2017-12338,0.00042,0.05722
CVE-2017-12339,0.00042,0.05722
CVE-2017-1234,0.00059,0.23108
CVE-2017-12340,0.00042,0.05722
CVE-2017-12341,0.00042,0.05722
CVE-2017-12342,0.00061,0.23819
CVE-2017-12343,0.00169,0.53929
CVE-2017-12344,0.00098,0.40456
CVE-2017-12345,0.00098,0.40456
CVE-2017-12346,0.00098,0.40456
CVE-2017-12347,0.00098,0.40456
CVE-2017-12348,0.00081,0.33536
CVE-2017-12349,0.00081,0.33536
CVE-2017-1235,0.00103,0.41683
CVE-2017-12350,0.00042,0.05722
CVE-2017-12351,0.00042,0.05722
CVE-2017-12352,0.00042,0.05722
CVE-2017-12353,0.00159,0.52440
CVE-2017-12354,0.00116,0.45350
CVE-2017-12355,0.00164,0.53125
CVE-2017-12356,0.00107,0.43129
CVE-2017-12357,0.00081,0.33536
CVE-2017-12358,0.00065,0.27007
CVE-2017-12359,0.00149,0.50910
CVE-2017-1236,0.00110,0.43941
CVE-2017-12360,0.00087,0.36584
CVE-2017-12361,0.00058,0.22019
CVE-2017-12362,0.00141,0.49794
CVE-2017-12363,0.00144,0.50204
CVE-2017-12364,0.00102,0.41443
CVE-2017-12365,0.00084,0.34923
CVE-2017-12366,0.00107,0.43129
CVE-2017-12367,0.01927,0.87421
CVE-2017-12368,0.02108,0.88038
CVE-2017-12369,0.02108,0.88038
CVE-2017-1237,0.00050,0.16691
CVE-2017-12370,0.02845,0.89724
CVE-2017-12371,0.02845,0.89724
CVE-2017-12372,0.02845,0.89724
CVE-2017-12373,0.00149,0.50948
CVE-2017-12374,0.00909,0.81095
CVE-2017-12375,0.01406,0.85105
CVE-2017-12376,0.00841,0.80331
CVE-2017-12377,0.01689,0.86432
CVE-2017-12378,0.00427,0.71821
CVE-2017-12379,0.02463,0.88991
CVE-2017-1238,0.00050,0.16691
CVE-2017-12380,0.00883,0.80786
CVE-2017-1239,0.00065,0.27072
CVE-2017-1240,0.00065,0.26968
CVE-2017-1241,0.00065,0.26968
CVE-2017-12410,0.00085,0.35240
CVE-2017-12412,0.00083,0.34413
CVE-2017-12413,0.00130,0.47820
CVE-2017-12414,0.00659,0.77474
CVE-2017-12415,0.00175,0.54697
CVE-2017-12416,0.00107,0.43129
CVE-2017-12418,0.00201,0.58010
CVE-2017-12419,0.00140,0.49508
CVE-2017-1242,0.00066,0.27156
CVE-2017-12420,0.00689,0.78072
CVE-2017-12421,0.00299,0.66402
CVE-2017-12422,0.00140,0.49521
CVE-2017-12423,0.00106,0.42776
CVE-2017-12424,0.00540,0.74923
CVE-2017-12425,0.00604,0.76297
CVE-2017-12426,0.01291,0.84422
CVE-2017-12427,0.00375,0.70014
CVE-2017-12428,0.00201,0.58010
CVE-2017-12429,0.00201,0.58010
CVE-2017-12430,0.00331,0.68189
CVE-2017-12431,0.00252,0.63204
CVE-2017-12432,0.00252,0.63204
CVE-2017-12433,0.00092,0.38867
CVE-2017-12434,0.00092,0.38867
CVE-2017-12435,0.00331,0.68189
CVE-2017-12439,0.00118,0.45789
CVE-2017-12440,0.00495,0.73742
CVE-2017-12441,0.00117,0.45651
CVE-2017-12442,0.00117,0.45651
CVE-2017-12443,0.00117,0.45651
CVE-2017-12444,0.00117,0.45651
CVE-2017-12445,0.00117,0.45651
CVE-2017-12447,0.00172,0.54450
CVE-2017-12448,0.00673,0.77761
CVE-2017-12449,0.00177,0.54946
CVE-2017-1245,0.00049,0.15902
CVE-2017-12450,0.00257,0.63591
CVE-2017-12451,0.00177,0.54946
CVE-2017-12452,0.00177,0.54946
CVE-2017-12453,0.00177,0.54946
CVE-2017-12454,0.00177,0.54946
CVE-2017-12455,0.00177,0.54946
CVE-2017-12456,0.00186,0.55988
CVE-2017-12457,0.00224,0.60760
CVE-2017-12458,0.00177,0.54946
CVE-2017-12459,0.00257,0.63591
CVE-2017-12460,0.00072,0.29921
CVE-2017-12463,0.00112,0.44376
CVE-2017-12464,0.00102,0.41393
CVE-2017-12465,0.00245,0.62547
CVE-2017-12466,0.00245,0.62547
CVE-2017-12467,0.00105,0.42453
CVE-2017-12468,0.00245,0.62547
CVE-2017-12469,0.00245,0.62547
CVE-2017-1247,0.00059,0.23108
CVE-2017-12470,0.00222,0.60556
CVE-2017-12471,0.00245,0.62547
CVE-2017-12472,0.00245,0.62547
CVE-2017-12473,0.00112,0.44376
CVE-2017-12474,0.00207,0.58736
CVE-2017-12475,0.00207,0.58736
CVE-2017-12476,0.00207,0.58736
CVE-2017-12477,0.59621,0.97482
CVE-2017-12478,0.05288,0.92337
CVE-2017-12479,0.00919,0.81208
CVE-2017-1248,0.00096,0.39943
CVE-2017-12480,0.00044,0.10161
CVE-2017-12481,0.00364,0.69581
CVE-2017-12482,0.00364,0.69581
CVE-2017-12487,0.38810,0.96903
CVE-2017-12488,0.38810,0.96903
CVE-2017-12489,0.38810,0.96903
CVE-2017-1249,0.00049,0.15902
CVE-2017-12490,0.38810,0.96903
CVE-2017-12491,0.38810,0.96903
CVE-2017-12492,0.38810,0.96903
CVE-2017-12493,0.38810,0.96903
CVE-2017-12494,0.38810,0.96903
CVE-2017-12495,0.38810,0.96903
CVE-2017-12496,0.38810,0.96903
CVE-2017-12497,0.38810,0.96903
CVE-2017-12498,0.38810,0.96903
CVE-2017-12499,0.38810,0.96903
CVE-2017-1250,0.00050,0.16691
CVE-2017-12500,0.93526,0.98931
CVE-2017-12501,0.38810,0.96903
CVE-2017-12502,0.38810,0.96903
CVE-2017-12503,0.38810,0.96903
CVE-2017-12504,0.38810,0.96903
CVE-2017-12505,0.38810,0.96903
CVE-2017-12506,0.38810,0.96903
CVE-2017-12507,0.11759,0.94827
CVE-2017-12508,0.38810,0.96903
CVE-2017-12509,0.38810,0.96903
CVE-2017-1251,0.00049,0.15902
CVE-2017-12510,0.38810,0.96903
CVE-2017-12511,0.38810,0.96903
CVE-2017-12512,0.38810,0.96903
CVE-2017-12513,0.38810,0.96903
CVE-2017-12514,0.38810,0.96903
CVE-2017-12515,0.38810,0.96903
CVE-2017-12516,0.38810,0.96903
CVE-2017-12517,0.38810,0.96903
CVE-2017-12518,0.38810,0.96903
CVE-2017-12519,0.38810,0.96903
CVE-2017-12520,0.38810,0.96903
CVE-2017-12521,0.38810,0.96903
CVE-2017-12522,0.38810,0.96903
CVE-2017-12523,0.38810,0.96903
CVE-2017-12524,0.38810,0.96903
CVE-2017-12525,0.38810,0.96903
CVE-2017-12526,0.38810,0.96903
CVE-2017-12527,0.01809,0.86894
CVE-2017-12528,0.01809,0.86894
CVE-2017-12529,0.01809,0.86894
CVE-2017-1253,0.00394,0.70778
CVE-2017-12530,0.01809,0.86894
CVE-2017-12531,0.01809,0.86894
CVE-2017-12532,0.01809,0.86894
CVE-2017-12533,0.01809,0.86894
CVE-2017-12534,0.01809,0.86894
CVE-2017-12535,0.01809,0.86894
CVE-2017-12536,0.01809,0.86894
CVE-2017-12537,0.01809,0.86894
CVE-2017-12538,0.01809,0.86894
CVE-2017-12539,0.01809,0.86894
CVE-2017-1254,0.00143,0.50032
CVE-2017-12540,0.01809,0.86894
CVE-2017-12541,0.01809,0.86894
CVE-2017-12542,0.97224,0.99808
CVE-2017-12543,0.00101,0.41166
CVE-2017-12544,0.96723,0.99590
CVE-2017-12545,0.00454,0.72644
CVE-2017-12546,0.00043,0.07501
CVE-2017-12547,0.00042,0.05722
CVE-2017-12548,0.00042,0.05722
CVE-2017-12549,0.00042,0.05722
CVE-2017-1255,0.00110,0.44004
CVE-2017-12550,0.00052,0.18252
CVE-2017-12551,0.00063,0.25021
CVE-2017-12552,0.00063,0.25021
CVE-2017-12553,0.00042,0.05722
CVE-2017-12554,0.16964,0.95596
CVE-2017-12555,0.00100,0.41018
CVE-2017-12556,0.74276,0.97881
CVE-2017-12557,0.91809,0.98735
CVE-2017-12558,0.74276,0.97881
CVE-2017-12559,0.00417,0.71527
CVE-2017-1256,0.00121,0.46247
CVE-2017-12560,0.00417,0.71527
CVE-2017-12561,0.40883,0.96955
CVE-2017-12562,0.00545,0.75034
CVE-2017-12563,0.00309,0.66983
CVE-2017-12564,0.00092,0.38867
CVE-2017-12565,0.00092,0.38867
CVE-2017-12566,0.00082,0.34013
CVE-2017-12567,0.00138,0.49278
CVE-2017-12568,0.00235,0.61636
CVE-2017-1257,0.00070,0.28774
CVE-2017-12572,0.00054,0.19226
CVE-2017-12573,0.00110,0.43964
CVE-2017-12574,0.00222,0.60556
CVE-2017-12575,0.00385,0.70409
CVE-2017-12576,0.00124,0.46813
CVE-2017-12577,0.00222,0.60556
CVE-2017-12579,0.00084,0.34973
CVE-2017-1258,0.00126,0.47195
CVE-2017-12580,0.00070,0.28841
CVE-2017-12581,0.00443,0.72321
CVE-2017-12582,0.00238,0.61955
CVE-2017-12583,0.00100,0.40891
CVE-2017-12584,0.00202,0.58186
CVE-2017-12585,0.00109,0.43807
CVE-2017-12586,0.00476,0.73232
CVE-2017-12587,0.00304,0.66647
CVE-2017-12588,0.00278,0.65048
CVE-2017-12589,0.00148,0.50805
CVE-2017-12590,0.00088,0.37136
CVE-2017-12591,0.00057,0.21504
CVE-2017-12592,0.00109,0.43614
CVE-2017-12593,0.00112,0.44586
CVE-2017-12595,0.00435,0.72077
CVE-2017-12596,0.00607,0.76368
CVE-2017-12597,0.00315,0.67260
CVE-2017-12598,0.00362,0.69508
CVE-2017-12599,0.00362,0.69508
CVE-2017-12600,0.00181,0.55401
CVE-2017-12601,0.00291,0.65893
CVE-2017-12602,0.00181,0.55401
CVE-2017-12603,0.00315,0.67260
CVE-2017-12604,0.00315,0.67260
CVE-2017-12605,0.00315,0.67260
CVE-2017-12606,0.00315,0.67260
CVE-2017-12607,0.00164,0.53130
CVE-2017-12608,0.00164,0.53130
CVE-2017-1261,0.00042,0.05722
CVE-2017-12610,0.00146,0.50539
CVE-2017-12611,0.97358,0.99886
CVE-2017-12612,0.00042,0.05722
CVE-2017-12613,0.00063,0.25380
CVE-2017-12614,0.00186,0.55926
CVE-2017-12615,0.96859,0.99641
CVE-2017-12616,0.92585,0.98827
CVE-2017-12617,0.97479,0.99965
CVE-2017-12618,0.00042,0.05722
CVE-2017-12619,0.00235,0.61731
CVE-2017-1262,0.00097,0.40276
CVE-2017-12620,0.00507,0.74089
CVE-2017-12621,0.00583,0.75860
CVE-2017-12622,0.00058,0.22017
CVE-2017-12623,0.00047,0.14017
CVE-2017-12624,0.00164,0.53036
CVE-2017-12625,0.00045,0.12363
CVE-2017-12626,0.01419,0.85157
CVE-2017-12627,0.02756,0.89572
CVE-2017-12628,0.00042,0.05722
CVE-2017-12629,0.97422,0.99928
CVE-2017-12630,0.00092,0.38856
CVE-2017-12631,0.00301,0.66463
CVE-2017-12632,0.00206,0.58648
CVE-2017-12633,0.00433,0.71984
CVE-2017-12634,0.00361,0.69473
CVE-2017-12635,0.97413,0.99924
CVE-2017-12636,0.03928,0.91149
CVE-2017-12637,0.00648,0.77190
CVE-2017-12638,0.01075,0.82743
CVE-2017-12639,0.01075,0.82743
CVE-2017-1264,0.00153,0.51527
CVE-2017-12640,0.00736,0.78861
CVE-2017-12641,0.00169,0.53951
CVE-2017-12642,0.00184,0.55746
CVE-2017-12643,0.00719,0.78604
CVE-2017-12644,0.00456,0.72699
CVE-2017-12645,0.00085,0.35433
CVE-2017-12646,0.00085,0.35433
CVE-2017-12647,0.00085,0.35433
CVE-2017-12648,0.00085,0.35433
CVE-2017-12649,0.00085,0.35433
CVE-2017-1265,0.00075,0.30765
CVE-2017-12650,0.00160,0.52679
CVE-2017-12651,0.00179,0.55210
CVE-2017-12652,0.02794,0.89631
CVE-2017-12653,0.00110,0.44065
CVE-2017-12654,0.00092,0.38867
CVE-2017-12655,0.00088,0.37136
CVE-2017-1266,0.00049,0.15902
CVE-2017-12662,0.00310,0.66991
CVE-2017-12663,0.00169,0.53951
CVE-2017-12664,0.00169,0.53951
CVE-2017-12665,0.00169,0.53951
CVE-2017-12666,0.00310,0.66991
CVE-2017-12667,0.00169,0.53951
CVE-2017-12668,0.00169,0.53951
CVE-2017-12669,0.00169,0.53951
CVE-2017-1267,0.00214,0.59506
CVE-2017-12670,0.00427,0.71815
CVE-2017-12671,0.00092,0.38867
CVE-2017-12672,0.00092,0.38867
CVE-2017-12673,0.00092,0.38867
CVE-2017-12674,0.00252,0.63204
CVE-2017-12675,0.00082,0.34013
CVE-2017-12676,0.00092,0.38867
CVE-2017-12677,0.00116,0.45370
CVE-2017-12678,0.00455,0.72654
CVE-2017-12679,0.00212,0.59184
CVE-2017-1268,0.00098,0.40326
CVE-2017-12680,0.00098,0.40319
CVE-2017-1269,0.00166,0.53283
CVE-2017-12691,0.00948,0.81518
CVE-2017-12692,0.00842,0.80341
CVE-2017-12693,0.00782,0.79543
CVE-2017-12694,0.01043,0.82438
CVE-2017-12695,0.00092,0.38877
CVE-2017-12697,0.00087,0.36470
CVE-2017-12698,0.00466,0.72930
CVE-2017-12699,0.00044,0.08189
CVE-2017-1270,0.00044,0.10161
CVE-2017-12701,0.00066,0.27589
CVE-2017-12702,0.00302,0.66517
CVE-2017-12703,0.00095,0.39717
CVE-2017-12704,0.00379,0.70183
CVE-2017-12705,0.00050,0.16470
CVE-2017-12706,0.00335,0.68339
CVE-2017-12707,0.00300,0.66452
CVE-2017-12708,0.00333,0.68248
CVE-2017-12709,0.00044,0.08189
CVE-2017-1271,0.00230,0.61258
CVE-2017-12710,0.03652,0.90834
CVE-2017-12711,0.00044,0.08189
CVE-2017-12712,0.00075,0.30854
CVE-2017-12713,0.00049,0.15019
CVE-2017-12714,0.00052,0.18053
CVE-2017-12716,0.00053,0.18491
CVE-2017-12717,0.00080,0.33229
CVE-2017-12718,0.33562,0.96679
CVE-2017-12719,0.01085,0.82824
CVE-2017-1272,0.00121,0.46328
CVE-2017-12720,0.00207,0.58671
CVE-2017-12721,0.00068,0.28345
CVE-2017-12722,0.00258,0.63631
CVE-2017-12723,0.00057,0.21246
CVE-2017-12724,0.00172,0.54456
CVE-2017-12725,0.00081,0.33543
CVE-2017-12726,0.00115,0.45037
CVE-2017-12728,0.00042,0.00438
CVE-2017-12729,0.00132,0.48292
CVE-2017-12730,0.00046,0.13803
CVE-2017-12731,0.00174,0.54650
CVE-2017-12732,0.00817,0.80019
CVE-2017-12733,0.00213,0.59297
CVE-2017-12734,0.00110,0.43969
CVE-2017-12735,0.00109,0.43550
CVE-2017-12736,0.00145,0.50372
CVE-2017-12737,0.00120,0.46085
CVE-2017-12738,0.00076,0.31323
CVE-2017-12739,0.01137,0.83248
CVE-2017-1274,0.00689,0.78069
CVE-2017-12740,0.00132,0.48234
CVE-2017-12741,0.00273,0.64737
CVE-2017-1275,0.00050,0.16691
CVE-2017-12754,0.00691,0.78109
CVE-2017-12756,0.00092,0.38813
CVE-2017-12757,0.00588,0.75982
CVE-2017-12758,0.00536,0.74814
CVE-2017-12759,0.00494,0.73726
CVE-2017-1276,0.00059,0.23108
CVE-2017-12760,0.00142,0.49933
CVE-2017-12761,0.01237,0.84030
CVE-2017-12762,0.00942,0.81446
CVE-2017-12763,0.00656,0.77366
CVE-2017-1277,0.00050,0.16691
CVE-2017-12774,0.01201,0.83762
CVE-2017-12775,0.00183,0.55623
CVE-2017-12776,0.00169,0.53820
CVE-2017-12777,0.00085,0.35433
CVE-2017-12778,0.00065,0.27132
CVE-2017-12779,0.00213,0.59340
CVE-2017-1278,0.00074,0.30482
CVE-2017-12780,0.00075,0.31059
CVE-2017-12781,0.00075,0.31059
CVE-2017-12782,0.00075,0.31059
CVE-2017-12783,0.00075,0.31059
CVE-2017-12784,0.00142,0.49917
CVE-2017-12785,0.00232,0.61395
CVE-2017-12786,0.01281,0.84334
CVE-2017-12787,0.01281,0.84334
CVE-2017-12788,0.00131,0.48045
CVE-2017-12789,0.00112,0.44586
CVE-2017-1279,0.00114,0.44911
CVE-2017-12790,0.00112,0.44586
CVE-2017-12791,0.00537,0.74846
CVE-2017-12792,0.00133,0.48383
CVE-2017-12794,0.00219,0.59922
CVE-2017-12795,0.00550,0.75154
CVE-2017-12796,0.00562,0.75357
CVE-2017-12797,0.00237,0.61827
CVE-2017-12798,0.00088,0.37136
CVE-2017-12799,0.00316,0.67341
CVE-2017-1280,0.00050,0.16691
CVE-2017-12800,0.00075,0.31059
CVE-2017-12801,0.00075,0.31059
CVE-2017-12802,0.00075,0.31059
CVE-2017-12803,0.00230,0.61272
CVE-2017-12804,0.00167,0.53458
CVE-2017-12805,0.00944,0.81476
CVE-2017-12806,0.00944,0.81476
CVE-2017-12809,0.00059,0.22933
CVE-2017-1281,0.00050,0.16691
CVE-2017-12810,0.00079,0.32992
CVE-2017-12811,0.00079,0.32992
CVE-2017-12812,0.00079,0.32992
CVE-2017-12813,0.00079,0.32992
CVE-2017-12814,0.01490,0.85514
CVE-2017-12815,0.00276,0.64935
CVE-2017-12816,0.00220,0.59991
CVE-2017-12817,0.00124,0.46760
CVE-2017-12818,0.00850,0.80423
CVE-2017-12819,0.00315,0.67315
CVE-2017-1282,0.00049,0.15902
CVE-2017-12820,0.00850,0.80423
CVE-2017-12821,0.04798,0.91960
CVE-2017-12822,0.00265,0.64188
CVE-2017-12823,0.00042,0.05722
CVE-2017-12824,0.00085,0.35384
CVE-2017-1283,0.00071,0.29321
CVE-2017-12836,0.10099,0.94415
CVE-2017-12837,0.01855,0.87105
CVE-2017-12838,0.00202,0.58186
CVE-2017-12839,0.00601,0.76228
CVE-2017-1284,0.00042,0.05722
CVE-2017-12840,0.00044,0.10161
CVE-2017-12842,0.00205,0.58495
CVE-2017-12843,0.00141,0.49836
CVE-2017-12844,0.00071,0.29360
CVE-2017-12847,0.00060,0.23520
CVE-2017-12849,0.00155,0.51884
CVE-2017-1285,0.00110,0.43981
CVE-2017-12850,0.00094,0.39322
CVE-2017-12851,0.00094,0.39322
CVE-2017-12852,0.00170,0.54096
CVE-2017-12853,0.00185,0.55886
CVE-2017-12855,0.00060,0.23636
CVE-2017-12856,0.00133,0.48383
CVE-2017-12857,0.00206,0.58606
CVE-2017-12858,0.00230,0.61270
CVE-2017-12859,0.00175,0.54759
CVE-2017-1286,0.00072,0.29463
CVE-2017-12860,0.00290,0.65856
CVE-2017-12861,0.00315,0.67248
CVE-2017-12862,0.00770,0.79371
CVE-2017-12863,0.00892,0.80905
CVE-2017-12864,0.00892,0.80905
CVE-2017-12865,0.05238,0.92290
CVE-2017-12867,0.00147,0.50658
CVE-2017-12868,0.00363,0.69536
CVE-2017-12869,0.00348,0.68881
CVE-2017-1287,0.00065,0.26775
CVE-2017-12870,0.00128,0.47518
CVE-2017-12871,0.00094,0.39470
CVE-2017-12872,0.00308,0.66896
CVE-2017-12873,0.00394,0.70770
CVE-2017-12874,0.00228,0.61059
CVE-2017-12875,0.00583,0.75854
CVE-2017-12876,0.00270,0.64534
CVE-2017-12877,0.04046,0.91258
CVE-2017-12879,0.00114,0.44784
CVE-2017-12881,0.00103,0.41649
CVE-2017-12882,0.00055,0.20337
CVE-2017-12883,0.02030,0.87779
CVE-2017-12884,0.00139,0.49415
CVE-2017-12885,0.00113,0.44638
CVE-2017-1289,0.00228,0.61052
CVE-2017-12892,0.00083,0.34330
CVE-2017-12893,0.00611,0.76467
CVE-2017-12894,0.00611,0.76467
CVE-2017-12895,0.00611,0.76467
CVE-2017-12896,0.01456,0.85372
CVE-2017-12897,0.00611,0.76467
CVE-2017-12898,0.00611,0.76467
CVE-2017-12899,0.01456,0.85372
CVE-2017-1290,0.00059,0.23108
CVE-2017-12900,0.00611,0.76467
CVE-2017-12901,0.00611,0.76467
CVE-2017-12902,0.01456,0.85372
CVE-2017-12904,0.02319,0.88657
CVE-2017-12905,0.00712,0.78461
CVE-2017-12906,0.00109,0.43553
CVE-2017-12907,0.00088,0.37136
CVE-2017-12908,0.00184,0.55767
CVE-2017-12909,0.00184,0.55767
CVE-2017-1291,0.00060,0.23579
CVE-2017-12910,0.00184,0.55767
CVE-2017-12911,0.00115,0.45235
CVE-2017-12912,0.00056,0.21058
CVE-2017-12919,0.00108,0.43365
CVE-2017-1292,0.00084,0.35145
CVE-2017-12920,0.00088,0.36936
CVE-2017-12921,0.00088,0.36936
CVE-2017-12922,0.00088,0.36936
CVE-2017-12923,0.00088,0.36936
CVE-2017-12924,0.00090,0.37893
CVE-2017-12925,0.00090,0.37893
CVE-2017-12927,0.00909,0.81094
CVE-2017-12928,0.00463,0.72866
CVE-2017-12929,0.00691,0.78098
CVE-2017-1293,0.00050,0.16691
CVE-2017-12930,0.00161,0.52703
CVE-2017-12932,0.01009,0.82113
CVE-2017-12933,0.01058,0.82563
CVE-2017-12934,0.00295,0.66181
CVE-2017-12935,0.00815,0.80002
CVE-2017-12936,0.28954,0.96474
CVE-2017-12937,0.00882,0.80778
CVE-2017-12938,0.01649,0.86290
CVE-2017-12939,0.05512,0.92502
CVE-2017-1294,0.00050,0.16691
CVE-2017-12940,0.00473,0.73131
CVE-2017-12941,0.00473,0.73131
CVE-2017-12942,0.00298,0.66305
CVE-2017-12943,0.21862,0.96050
CVE-2017-12944,0.01091,0.82868
CVE-2017-12945,0.04681,0.91840
CVE-2017-12946,0.00108,0.43395
CVE-2017-12947,0.00108,0.43395
CVE-2017-12948,0.00079,0.32992
CVE-2017-12949,0.00087,0.36089
CVE-2017-1295,0.00065,0.26968
CVE-2017-12950,0.00088,0.36936
CVE-2017-12951,0.00199,0.57829
CVE-2017-12952,0.00188,0.56352
CVE-2017-12953,0.00199,0.57829
CVE-2017-12954,0.00199,0.57829
CVE-2017-12955,0.00350,0.68985
CVE-2017-12956,0.00148,0.50818
CVE-2017-12957,0.00148,0.50818
CVE-2017-12958,0.00221,0.60392
CVE-2017-12959,0.00221,0.60392
CVE-2017-12960,0.00221,0.60392
CVE-2017-12961,0.00231,0.61327
CVE-2017-12962,0.00197,0.57618
CVE-2017-12963,0.00197,0.57618
CVE-2017-12964,0.00197,0.57618
CVE-2017-12965,0.01181,0.83615
CVE-2017-12966,0.00216,0.59615
CVE-2017-12967,0.00485,0.73508
CVE-2017-12969,0.30893,0.96573
CVE-2017-1297,0.00063,0.25637
CVE-2017-12970,0.00773,0.79417
CVE-2017-12971,0.00274,0.64763
CVE-2017-12972,0.00232,0.61379
CVE-2017-12973,0.00105,0.42464
CVE-2017-12974,0.00180,0.55278
CVE-2017-12976,0.01042,0.82432
CVE-2017-12977,0.00108,0.43395
CVE-2017-12978,0.00088,0.37098
CVE-2017-12979,0.00094,0.39263
CVE-2017-12980,0.00094,0.39263
CVE-2017-12981,0.00212,0.59184
CVE-2017-12982,0.00267,0.64320
CVE-2017-12983,0.00807,0.79917
CVE-2017-12984,0.00117,0.45542
CVE-2017-12985,0.00611,0.76467
CVE-2017-12986,0.00611,0.76467
CVE-2017-12987,0.01456,0.85372
CVE-2017-12988,0.00611,0.76467
CVE-2017-12989,0.00723,0.78659
CVE-2017-1299,0.00050,0.16691
CVE-2017-12990,0.00723,0.78659
CVE-2017-12991,0.00611,0.76467
CVE-2017-12992,0.00611,0.76467
CVE-2017-12993,0.00611,0.76467
CVE-2017-12994,0.00611,0.76467
CVE-2017-12995,0.00723,0.78659
CVE-2017-12996,0.00611,0.76467
CVE-2017-12997,0.00932,0.81350
CVE-2017-12998,0.00611,0.76467
CVE-2017-12999,0.00611,0.76467
CVE-2017-1300,0.00130,0.47788
CVE-2017-13000,0.00692,0.78117
CVE-2017-13001,0.00611,0.76467
CVE-2017-13002,0.00611,0.76467
CVE-2017-13003,0.00611,0.76467
CVE-2017-13004,0.01456,0.85372
CVE-2017-13005,0.00611,0.76467
CVE-2017-13006,0.00611,0.76467
CVE-2017-13007,0.00611,0.76467
CVE-2017-13008,0.00611,0.76467
CVE-2017-13009,0.00611,0.76467
CVE-2017-1301,0.00042,0.05722
CVE-2017-13010,0.00611,0.76467
CVE-2017-13011,0.00752,0.79093
CVE-2017-13012,0.00611,0.76467
CVE-2017-13013,0.00611,0.76467
CVE-2017-13014,0.00611,0.76467
CVE-2017-13015,0.00611,0.76467
CVE-2017-13016,0.00611,0.76467
CVE-2017-13017,0.00611,0.76467
CVE-2017-13018,0.00611,0.76467
CVE-2017-13019,0.00853,0.80469
CVE-2017-1302,0.00042,0.05722
CVE-2017-13020,0.01456,0.85372
CVE-2017-13021,0.00853,0.80469
CVE-2017-13022,0.00853,0.80469
CVE-2017-13023,0.00853,0.80469
CVE-2017-13024,0.01456,0.85372
CVE-2017-13025,0.00853,0.80469
CVE-2017-13026,0.00853,0.80469
CVE-2017-13027,0.00853,0.80469
CVE-2017-13028,0.01456,0.85372
CVE-2017-13029,0.00853,0.80469
CVE-2017-1303,0.00108,0.43505
CVE-2017-13030,0.00853,0.80469
CVE-2017-13031,0.00853,0.80469
CVE-2017-13032,0.00853,0.80469
CVE-2017-13033,0.00853,0.80469
CVE-2017-13034,0.00853,0.80469
CVE-2017-13035,0.00853,0.80469
CVE-2017-13036,0.00853,0.80469
CVE-2017-13037,0.00853,0.80469
CVE-2017-13038,0.00853,0.80469
CVE-2017-13039,0.00853,0.80469
CVE-2017-1304,0.00135,0.48657
CVE-2017-13040,0.00853,0.80469
CVE-2017-13041,0.00853,0.80469
CVE-2017-13042,0.00853,0.80469
CVE-2017-13043,0.00853,0.80469
CVE-2017-13044,0.00853,0.80469
CVE-2017-13045,0.00853,0.80469
CVE-2017-13046,0.00853,0.80469
CVE-2017-13047,0.00853,0.80469
CVE-2017-13048,0.00853,0.80469
CVE-2017-13049,0.00853,0.80469
CVE-2017-1305,0.00059,0.23108
CVE-2017-13050,0.00853,0.80469
CVE-2017-13051,0.00853,0.80469
CVE-2017-13052,0.00853,0.80469
CVE-2017-13053,0.00853,0.80469
CVE-2017-13054,0.00853,0.80469
CVE-2017-13055,0.00853,0.80469
CVE-2017-13056,0.01062,0.82627
CVE-2017-13058,0.00301,0.66470
CVE-2017-13059,0.00301,0.66470
CVE-2017-1306,0.00050,0.16691
CVE-2017-13060,0.00301,0.66470
CVE-2017-13061,0.00369,0.69818
CVE-2017-13062,0.00224,0.60744
CVE-2017-13063,0.00306,0.66769
CVE-2017-13064,0.00379,0.70194
CVE-2017-13065,0.00312,0.67116
CVE-2017-13066,0.00207,0.58717
CVE-2017-13067,0.01394,0.85042
CVE-2017-13068,0.00150,0.51200
CVE-2017-13069,0.00274,0.64792
CVE-2017-13070,0.00414,0.71417
CVE-2017-13071,0.00489,0.73612
CVE-2017-13072,0.00115,0.45113
CVE-2017-13073,0.00115,0.45113
CVE-2017-13077,0.00164,0.53037
CVE-2017-13078,0.00136,0.48928
CVE-2017-13079,0.00136,0.48928
CVE-2017-1308,0.00070,0.28961
CVE-2017-13080,0.00374,0.69986
CVE-2017-13081,0.00136,0.48928
CVE-2017-13082,0.00122,0.46461
CVE-2017-13083,0.00788,0.79620
CVE-2017-13084,0.00167,0.53477
CVE-2017-13086,0.00166,0.53285
CVE-2017-13087,0.00136,0.48928
CVE-2017-13088,0.00136,0.48928
CVE-2017-13089,0.64474,0.97605
CVE-2017-1309,0.00042,0.05722
CVE-2017-13090,0.39880,0.96926
CVE-2017-13091,0.00044,0.08189
CVE-2017-13092,0.00044,0.08189
CVE-2017-13093,0.00044,0.08189
CVE-2017-13094,0.00044,0.08189
CVE-2017-13095,0.00044,0.08189
CVE-2017-13096,0.00044,0.08189
CVE-2017-13097,0.00044,0.08189
CVE-2017-13098,0.00558,0.75301
CVE-2017-13099,0.00573,0.75626
CVE-2017-1310,0.00171,0.54171
CVE-2017-13100,0.00103,0.41585
CVE-2017-13101,0.00103,0.41585
CVE-2017-13102,0.00103,0.41585
CVE-2017-13104,0.00103,0.41585
CVE-2017-13105,0.00087,0.36006
CVE-2017-13106,0.00103,0.41585
CVE-2017-13107,0.00103,0.41585
CVE-2017-13108,0.00103,0.41585
CVE-2017-1311,0.00118,0.45733
CVE-2017-1312,0.00046,0.12569
CVE-2017-13127,0.00280,0.65207
CVE-2017-13129,0.00145,0.50316
CVE-2017-1313,0.00046,0.12569
CVE-2017-13130,0.00042,0.05722
CVE-2017-13131,0.00252,0.63204
CVE-2017-13132,0.00188,0.56314
CVE-2017-13133,0.00427,0.71815
CVE-2017-13134,0.00557,0.75275
CVE-2017-13135,0.00079,0.33087
CVE-2017-13136,0.00292,0.65973
CVE-2017-13137,0.00274,0.64754
CVE-2017-13138,0.00212,0.59248
CVE-2017-13139,0.00995,0.82009
CVE-2017-1314,0.00046,0.12569
CVE-2017-13140,0.00284,0.65473
CVE-2017-13141,0.00259,0.63684
CVE-2017-13142,0.00494,0.73731
CVE-2017-13143,0.00552,0.75195
CVE-2017-13144,0.00361,0.69474
CVE-2017-13145,0.00826,0.80131
CVE-2017-13146,0.00379,0.70189
CVE-2017-13147,0.00316,0.67382
CVE-2017-13148,0.00098,0.40501
CVE-2017-13149,0.00099,0.40726
CVE-2017-1315,0.00046,0.12569
CVE-2017-13150,0.00099,0.40726
CVE-2017-13151,0.00131,0.48015
CVE-2017-13152,0.00080,0.33480
CVE-2017-13153,0.00044,0.10161
CVE-2017-13154,0.00044,0.10161
CVE-2017-13156,0.00098,0.40336
CVE-2017-13157,0.00083,0.34290
CVE-2017-13158,0.00083,0.34290
CVE-2017-13159,0.00083,0.34290
CVE-2017-1316,0.00046,0.12569
CVE-2017-13160,0.00132,0.48093
CVE-2017-13161,0.00044,0.10161
CVE-2017-13162,0.00063,0.25160
CVE-2017-13163,0.00044,0.10161
CVE-2017-13164,0.00080,0.33480
CVE-2017-13165,0.00044,0.10161
CVE-2017-13166,0.00062,0.24773
CVE-2017-13167,0.00044,0.10161
CVE-2017-13168,0.00062,0.24773
CVE-2017-13169,0.00080,0.33409
CVE-2017-1317,0.00046,0.12569
CVE-2017-13170,0.00044,0.10161
CVE-2017-13171,0.00044,0.10161
CVE-2017-13172,0.00044,0.10161
CVE-2017-13173,0.00044,0.10161
CVE-2017-13174,0.00044,0.10161
CVE-2017-13175,0.00080,0.33409
CVE-2017-13176,0.00538,0.74867
CVE-2017-13177,0.00795,0.79773
CVE-2017-13178,0.00618,0.76628
CVE-2017-13179,0.00618,0.76628
CVE-2017-1318,0.00259,0.63741
CVE-2017-13180,0.00052,0.18252
CVE-2017-13181,0.00052,0.18252
CVE-2017-13182,0.00052,0.18252
CVE-2017-13183,0.00140,0.49693
CVE-2017-13184,0.00052,0.18252
CVE-2017-13185,0.00110,0.43934
CVE-2017-13186,0.00094,0.39276
CVE-2017-13187,0.00109,0.43851
CVE-2017-13188,0.00110,0.43934
CVE-2017-13189,0.00094,0.39276
CVE-2017-1319,0.00136,0.48970
CVE-2017-13190,0.00094,0.39276
CVE-2017-13191,0.00781,0.79539
CVE-2017-13192,0.00781,0.79539
CVE-2017-13193,0.00781,0.79539
CVE-2017-13194,0.00539,0.74883
CVE-2017-13195,0.00781,0.79539
CVE-2017-13196,0.00781,0.79539
CVE-2017-13197,0.00828,0.80157
CVE-2017-13198,0.00094,0.39276
CVE-2017-13199,0.00781,0.79539
CVE-2017-1320,0.00050,0.16027
CVE-2017-13200,0.00085,0.35248
CVE-2017-13201,0.00083,0.34373
CVE-2017-13202,0.00083,0.34373
CVE-2017-13203,0.00109,0.43851
CVE-2017-13204,0.00109,0.43851
CVE-2017-13205,0.00109,0.43851
CVE-2017-13206,0.00083,0.34373
CVE-2017-13207,0.00083,0.34290
CVE-2017-13208,0.00926,0.81292
CVE-2017-13209,0.00306,0.66755
CVE-2017-1321,0.00108,0.43505
CVE-2017-13210,0.00052,0.18252
CVE-2017-13211,0.00765,0.79290
CVE-2017-13212,0.00044,0.10161
CVE-2017-13213,0.00044,0.10161
CVE-2017-13214,0.00765,0.79290
CVE-2017-13215,0.00062,0.24773
CVE-2017-13216,0.00101,0.41175
CVE-2017-13217,0.00052,0.18252
CVE-2017-13218,0.00042,0.05722
CVE-2017-13219,0.00083,0.34418
CVE-2017-1322,0.00187,0.56226
CVE-2017-13220,0.00062,0.24773
CVE-2017-13221,0.00044,0.10161
CVE-2017-13222,0.00080,0.33480
CVE-2017-13225,0.00150,0.51193
CVE-2017-13226,0.00044,0.10161
CVE-2017-13228,0.00131,0.48015
CVE-2017-13229,0.00132,0.48093
CVE-2017-13230,0.00131,0.48015
CVE-2017-13231,0.00044,0.10161
CVE-2017-13232,0.00100,0.41019
CVE-2017-13233,0.00101,0.41176
CVE-2017-13234,0.00103,0.41654
CVE-2017-13235,0.00088,0.37185
CVE-2017-13236,0.00066,0.27186
CVE-2017-13238,0.00049,0.15151
CVE-2017-13239,0.00085,0.35248
CVE-2017-1324,0.00062,0.24327
CVE-2017-13240,0.00083,0.34373
CVE-2017-13241,0.00083,0.34373
CVE-2017-13242,0.00083,0.34373
CVE-2017-13243,0.00083,0.34290
CVE-2017-13244,0.00044,0.10161
CVE-2017-13245,0.00044,0.10161
CVE-2017-13246,0.00083,0.34290
CVE-2017-13247,0.00044,0.10161
CVE-2017-13248,0.00062,0.24510
CVE-2017-13249,0.00062,0.24510
CVE-2017-1325,0.00121,0.46247
CVE-2017-13250,0.00062,0.24510
CVE-2017-13251,0.00063,0.25290
CVE-2017-13252,0.00063,0.25290
CVE-2017-13253,0.00101,0.41216
CVE-2017-13254,0.00082,0.34051
CVE-2017-13255,0.00063,0.25206
CVE-2017-13256,0.00063,0.25206
CVE-2017-13257,0.00111,0.44155
CVE-2017-13258,0.00283,0.65378
CVE-2017-13259,0.00088,0.37078
CVE-2017-1326,0.00063,0.24898
CVE-2017-13260,0.00951,0.81543
CVE-2017-13261,0.00951,0.81543
CVE-2017-13262,0.00348,0.68891
CVE-2017-13263,0.00073,0.30255
CVE-2017-13264,0.00082,0.34051
CVE-2017-13265,0.00073,0.30255
CVE-2017-13266,0.00129,0.47676
CVE-2017-13267,0.00102,0.41560
CVE-2017-13268,0.00046,0.13831
CVE-2017-13269,0.00046,0.13831
CVE-2017-1327,0.00105,0.42652
CVE-2017-13270,0.00073,0.30255
CVE-2017-13271,0.00073,0.30255
CVE-2017-13272,0.00129,0.47676
CVE-2017-13273,0.00044,0.10161
CVE-2017-13274,0.00128,0.47402
CVE-2017-13275,0.00049,0.15803
CVE-2017-13276,0.00071,0.29170
CVE-2017-13277,0.00053,0.18265
CVE-2017-13278,0.00042,0.05722
CVE-2017-13279,0.00054,0.19336
CVE-2017-1328,0.00209,0.58852
CVE-2017-13280,0.00103,0.41610
CVE-2017-13281,0.00115,0.45215
CVE-2017-13282,0.00115,0.45215
CVE-2017-13283,0.00129,0.47676
CVE-2017-13284,0.00102,0.41560
CVE-2017-13285,0.00102,0.41560
CVE-2017-13286,0.00042,0.05722
CVE-2017-13287,0.00042,0.05722
CVE-2017-13288,0.00042,0.05722
CVE-2017-13289,0.00042,0.05722
CVE-2017-1329,0.00066,0.27156
CVE-2017-13290,0.00045,0.12332
CVE-2017-13291,0.00100,0.40821
CVE-2017-13292,0.00102,0.41560
CVE-2017-13293,0.00042,0.05722
CVE-2017-13294,0.00066,0.27588
CVE-2017-13295,0.00073,0.30255
CVE-2017-13296,0.00066,0.27588
CVE-2017-13297,0.00066,0.27588
CVE-2017-13298,0.00066,0.27588
CVE-2017-13299,0.00082,0.34051
CVE-2017-13300,0.00082,0.34051
CVE-2017-13301,0.00082,0.34051
CVE-2017-13302,0.00082,0.34051
CVE-2017-13303,0.00066,0.27588
CVE-2017-13304,0.00066,0.27588
CVE-2017-13305,0.00062,0.24773
CVE-2017-13306,0.00073,0.30255
CVE-2017-13307,0.00073,0.30255
CVE-2017-1331,0.00059,0.23108
CVE-2017-1332,0.00108,0.43505
CVE-2017-1333,0.00131,0.47999
CVE-2017-1334,0.00062,0.24327
CVE-2017-1335,0.00062,0.24327
CVE-2017-1336,0.00062,0.24327
CVE-2017-1337,0.00335,0.68360
CVE-2017-1338,0.00059,0.23108
CVE-2017-1339,0.00055,0.20591
CVE-2017-1340,0.00059,0.23108
CVE-2017-1341,0.00131,0.47918
CVE-2017-1342,0.00049,0.15902
CVE-2017-1345,0.00049,0.15902
CVE-2017-1346,0.00042,0.05722
CVE-2017-1347,0.00114,0.44771
CVE-2017-1348,0.00059,0.23108
CVE-2017-1349,0.00042,0.05722
CVE-2017-1350,0.00049,0.15845
CVE-2017-1352,0.00123,0.46666
CVE-2017-1353,0.00049,0.15902
CVE-2017-1354,0.00049,0.15902
CVE-2017-1355,0.00131,0.47999
CVE-2017-1356,0.00118,0.45733
CVE-2017-1357,0.00062,0.24849
CVE-2017-1359,0.00062,0.24327
CVE-2017-1362,0.00042,0.05722
CVE-2017-1363,0.00062,0.24327
CVE-2017-1364,0.00062,0.24327
CVE-2017-13648,0.00282,0.65321
CVE-2017-13649,0.00042,0.05722
CVE-2017-1365,0.00049,0.15902
CVE-2017-13652,0.00075,0.30975
CVE-2017-13658,0.00280,0.65206
CVE-2017-1366,0.00110,0.44004
CVE-2017-13663,0.00273,0.64739
CVE-2017-13664,0.00714,0.78500
CVE-2017-13666,0.00044,0.10445
CVE-2017-13667,0.00109,0.43565
CVE-2017-13668,0.00054,0.20290
CVE-2017-13669,0.00212,0.59184
CVE-2017-1367,0.00053,0.19112
CVE-2017-13670,0.00100,0.40877
CVE-2017-13671,0.00059,0.23061
CVE-2017-13672,0.00074,0.30696
CVE-2017-13673,0.00282,0.65314
CVE-2017-13674,0.00044,0.10161
CVE-2017-13675,0.00181,0.55402
CVE-2017-13676,0.00044,0.10161
CVE-2017-13677,0.01535,0.85770
CVE-2017-13678,0.00077,0.31738
CVE-2017-13679,0.00181,0.55402
CVE-2017-1368,0.00117,0.45605
CVE-2017-13680,0.00055,0.20514
CVE-2017-13681,0.00045,0.11828
CVE-2017-13682,0.00045,0.11828
CVE-2017-13683,0.00045,0.11828
CVE-2017-13684,0.00171,0.54156
CVE-2017-13685,0.00621,0.76673
CVE-2017-13686,0.00042,0.05722
CVE-2017-13687,0.01456,0.85372
CVE-2017-13688,0.00853,0.80469
CVE-2017-13689,0.00853,0.80469
CVE-2017-1369,0.00062,0.24327
CVE-2017-13690,0.00853,0.80469
CVE-2017-13692,0.00099,0.40607
CVE-2017-13693,0.00042,0.05722
CVE-2017-13694,0.00042,0.05722
CVE-2017-13695,0.00042,0.05722
CVE-2017-13696,0.96283,0.99434
CVE-2017-13697,0.00079,0.32992
CVE-2017-13698,0.00168,0.53801
CVE-2017-13699,0.00113,0.44617
CVE-2017-1370,0.00073,0.30151
CVE-2017-13700,0.00054,0.19226
CVE-2017-13701,0.00230,0.61270
CVE-2017-13702,0.00085,0.35272
CVE-2017-13703,0.00112,0.44376
CVE-2017-13704,0.64790,0.97610
CVE-2017-13706,0.00250,0.62988
CVE-2017-13707,0.00548,0.75110
CVE-2017-13708,0.03612,0.90786
CVE-2017-13709,0.00151,0.51313
CVE-2017-1371,0.00093,0.39184
CVE-2017-13710,0.00250,0.62993
CVE-2017-13711,0.01512,0.85653
CVE-2017-13712,0.00084,0.34793
CVE-2017-13713,0.00781,0.79536
CVE-2017-13715,0.01429,0.85215
CVE-2017-13716,0.00120,0.46065
CVE-2017-13717,0.00901,0.81009
CVE-2017-13718,0.01032,0.82303
CVE-2017-13719,0.06414,0.93016
CVE-2017-1372,0.00049,0.15902
CVE-2017-13720,0.00062,0.24773
CVE-2017-13721,0.00062,0.24773
CVE-2017-13722,0.00042,0.05722
CVE-2017-13723,0.00042,0.05722
CVE-2017-13724,0.00057,0.21504
CVE-2017-13725,0.01456,0.85372
CVE-2017-13726,0.00583,0.75854
CVE-2017-13727,0.00583,0.75854
CVE-2017-13728,0.00563,0.75414
CVE-2017-13729,0.00224,0.60764
CVE-2017-1373,0.00136,0.48901
CVE-2017-13730,0.00224,0.60764
CVE-2017-13731,0.00224,0.60764
CVE-2017-13732,0.00224,0.60764
CVE-2017-13733,0.00224,0.60764
CVE-2017-13734,0.00092,0.38800
CVE-2017-13735,0.00205,0.58543
CVE-2017-13736,0.00490,0.73639
CVE-2017-13737,0.00811,0.79947
CVE-2017-13738,0.00265,0.64238
CVE-2017-13739,0.02087,0.87971
CVE-2017-1374,0.00057,0.21364
CVE-2017-13740,0.00242,0.62224
CVE-2017-13741,0.00478,0.73288
CVE-2017-13742,0.00635,0.76937
CVE-2017-13743,0.00635,0.76937
CVE-2017-13744,0.00188,0.56314
CVE-2017-13745,0.02337,0.88693
CVE-2017-13746,0.00468,0.73010
CVE-2017-13747,0.00468,0.73010
CVE-2017-13748,0.00603,0.76288
CVE-2017-13749,0.00468,0.73010
CVE-2017-1375,0.00146,0.50478
CVE-2017-13750,0.00468,0.73010
CVE-2017-13751,0.00468,0.73010
CVE-2017-13752,0.00468,0.73010
CVE-2017-13754,0.00481,0.73391
CVE-2017-13755,0.00063,0.25196
CVE-2017-13756,0.00061,0.24003
CVE-2017-13757,0.00393,0.70757
CVE-2017-13758,0.00502,0.73941
CVE-2017-1376,0.00719,0.78602
CVE-2017-13760,0.00056,0.21139
CVE-2017-13761,0.00119,0.45855
CVE-2017-13762,0.00368,0.69784
CVE-2017-13763,0.00099,0.40607
CVE-2017-13764,0.00279,0.65098
CVE-2017-13765,0.00290,0.65850
CVE-2017-13766,0.00339,0.68480
CVE-2017-13767,0.00281,0.65226
CVE-2017-13768,0.00540,0.74931
CVE-2017-13769,0.00407,0.71205
CVE-2017-1377,0.00065,0.26968
CVE-2017-13771,0.01479,0.85459
CVE-2017-13772,0.69677,0.97735
CVE-2017-13774,0.00042,0.05722
CVE-2017-13775,0.00308,0.66931
CVE-2017-13776,0.00165,0.53146
CVE-2017-13777,0.00567,0.75489
CVE-2017-13778,0.00079,0.32992
CVE-2017-13779,0.00154,0.51689
CVE-2017-1378,0.00042,0.05722
CVE-2017-13780,0.00172,0.54296
CVE-2017-13782,0.00078,0.32760
CVE-2017-13783,0.61654,0.97547
CVE-2017-13784,0.61654,0.97547
CVE-2017-13785,0.61654,0.97547
CVE-2017-13786,0.00054,0.19421
CVE-2017-13788,0.00605,0.76327
CVE-2017-13789,0.00140,0.49596
CVE-2017-1379,0.00186,0.56067
CVE-2017-13790,0.00140,0.49596
CVE-2017-13791,0.69335,0.97726
CVE-2017-13792,0.61654,0.97547
CVE-2017-13793,0.00594,0.76097
CVE-2017-13794,0.61654,0.97547
CVE-2017-13795,0.61654,0.97547
CVE-2017-13796,0.61654,0.97547
CVE-2017-13797,0.07399,0.93466
CVE-2017-13798,0.61654,0.97547
CVE-2017-13799,0.00220,0.60162
CVE-2017-1380,0.00078,0.32652
CVE-2017-13800,0.00072,0.29502
CVE-2017-13801,0.00044,0.10161
CVE-2017-13802,0.61654,0.97547
CVE-2017-13803,0.00605,0.76327
CVE-2017-13804,0.00461,0.72820
CVE-2017-13805,0.00053,0.18572
CVE-2017-13806,0.00053,0.18293
CVE-2017-13807,0.00480,0.73350
CVE-2017-13808,0.00072,0.29502
CVE-2017-13809,0.00483,0.73441
CVE-2017-1381,0.00042,0.05722
CVE-2017-13810,0.00042,0.05722
CVE-2017-13811,0.00072,0.29502
CVE-2017-13812,0.00480,0.73350
CVE-2017-13813,0.01019,0.82206
CVE-2017-13814,0.00480,0.73350
CVE-2017-13815,0.00441,0.72282
CVE-2017-13816,0.01019,0.82206
CVE-2017-13817,0.00042,0.05722
CVE-2017-13818,0.00049,0.15115
CVE-2017-13819,0.00081,0.33779
CVE-2017-1382,0.00042,0.05722
CVE-2017-13820,0.00178,0.55133
CVE-2017-13821,0.00049,0.15115
CVE-2017-13822,0.00049,0.15115
CVE-2017-13823,0.00049,0.15115
CVE-2017-13824,0.00480,0.73350
CVE-2017-13825,0.00480,0.73350
CVE-2017-13827,0.00072,0.29986
CVE-2017-13828,0.00149,0.51003
CVE-2017-13829,0.00098,0.40358
CVE-2017-1383,0.00162,0.52802
CVE-2017-13830,0.00072,0.29502
CVE-2017-13831,0.00155,0.51809
CVE-2017-13832,0.00220,0.59991
CVE-2017-13833,0.00252,0.63179
CVE-2017-13834,0.00211,0.59071
CVE-2017-13835,0.00065,0.26849
CVE-2017-13836,0.00049,0.15115
CVE-2017-13837,0.00168,0.53801
CVE-2017-13838,0.00072,0.29502
CVE-2017-13839,0.00042,0.05722
CVE-2017-13840,0.00049,0.15115
CVE-2017-13841,0.00049,0.15115
CVE-2017-13842,0.00049,0.15115
CVE-2017-13843,0.00072,0.29502
CVE-2017-13844,0.00090,0.37988
CVE-2017-13846,0.00441,0.72282
CVE-2017-13847,0.00268,0.64422
CVE-2017-13848,0.00162,0.52867
CVE-2017-13849,0.00744,0.78964
CVE-2017-13850,0.00127,0.47327
CVE-2017-13851,0.00042,0.05722
CVE-2017-13852,0.00099,0.40571
CVE-2017-13853,0.00072,0.29986
CVE-2017-13854,0.00187,0.56272
CVE-2017-13855,0.00192,0.56851
CVE-2017-13856,0.00576,0.75703
CVE-2017-13858,0.00162,0.52867
CVE-2017-1386,0.00100,0.40843
CVE-2017-13860,0.00298,0.66353
CVE-2017-13861,0.00255,0.63461
CVE-2017-13862,0.00222,0.60564
CVE-2017-13863,0.00087,0.36006
CVE-2017-13864,0.00135,0.48649
CVE-2017-13865,0.00220,0.59992
CVE-2017-13866,0.00567,0.75487
CVE-2017-13867,0.00267,0.64338
CVE-2017-13868,0.00174,0.54576
CVE-2017-13869,0.00220,0.59992
CVE-2017-13870,0.00567,0.75487
CVE-2017-13871,0.00202,0.58177
CVE-2017-13872,0.12008,0.94871
CVE-2017-13873,0.00158,0.52352
CVE-2017-13874,0.00223,0.60669
CVE-2017-13875,0.00178,0.55090
CVE-2017-13876,0.00267,0.64338
CVE-2017-13877,0.00055,0.20370
CVE-2017-13878,0.00042,0.00438
CVE-2017-13879,0.00162,0.52867
CVE-2017-13880,0.00076,0.31271
CVE-2017-13883,0.00162,0.52867
CVE-2017-13884,0.00629,0.76843
CVE-2017-13885,0.00629,0.76843
CVE-2017-13886,0.00107,0.43158
CVE-2017-13887,0.00075,0.30915
CVE-2017-13888,0.00084,0.34791
CVE-2017-13889,0.00177,0.54953
CVE-2017-13890,0.00229,0.61157
CVE-2017-13891,0.00075,0.30975
CVE-2017-13892,0.00150,0.51158
CVE-2017-13903,0.00436,0.72113
CVE-2017-13904,0.00220,0.60012
CVE-2017-13905,0.00232,0.61421
CVE-2017-13906,0.00068,0.28059
CVE-2017-13907,0.00062,0.24373
CVE-2017-13908,0.00042,0.05722
CVE-2017-13909,0.00042,0.05722
CVE-2017-13910,0.00044,0.10161
CVE-2017-13911,0.00070,0.28841
CVE-2017-1395,0.00136,0.48922
CVE-2017-1396,0.00057,0.21364
CVE-2017-1398,0.00168,0.53591
CVE-2017-13982,0.00405,0.71111
CVE-2017-13983,0.23693,0.96178
CVE-2017-13984,0.00740,0.78908
CVE-2017-13985,0.00349,0.68933
CVE-2017-13986,0.00061,0.24002
CVE-2017-13987,0.00060,0.23261
CVE-2017-13988,0.00053,0.18609
CVE-2017-13989,0.00060,0.23261
CVE-2017-13990,0.00074,0.30434
CVE-2017-13991,0.00074,0.30434
CVE-2017-13992,0.00521,0.74416
CVE-2017-13993,0.00080,0.33229
CVE-2017-13994,0.00063,0.25383
CVE-2017-13995,0.00203,0.58316
CVE-2017-13996,0.00098,0.40440
CVE-2017-13997,0.00245,0.62587
CVE-2017-13998,0.00085,0.35458
CVE-2017-13999,0.00290,0.65859
CVE-2017-14000,0.00203,0.58316
CVE-2017-14001,0.00117,0.45509
CVE-2017-14002,0.00231,0.61349
CVE-2017-14003,0.00203,0.58316
CVE-2017-14004,0.00355,0.69211
CVE-2017-14005,0.00084,0.34958
CVE-2017-14006,0.00355,0.69211
CVE-2017-14007,0.00080,0.33199
CVE-2017-14008,0.00231,0.61349
CVE-2017-14009,0.00059,0.22937
CVE-2017-14010,0.00232,0.61376
CVE-2017-14011,0.00095,0.39717
CVE-2017-14012,0.00053,0.18491
CVE-2017-14013,0.00078,0.32101
CVE-2017-14014,0.00053,0.18491
CVE-2017-14016,0.16675,0.95559
CVE-2017-14017,0.00309,0.66960
CVE-2017-14018,0.00073,0.30261
CVE-2017-14019,0.00042,0.00438
CVE-2017-14020,0.00070,0.28968
CVE-2017-14021,0.00093,0.39083
CVE-2017-14022,0.00052,0.17540
CVE-2017-14023,0.00176,0.54854
CVE-2017-14024,0.00931,0.81339
CVE-2017-14025,0.00042,0.00438
CVE-2017-14026,0.00098,0.40460
CVE-2017-14027,0.00172,0.54456
CVE-2017-14028,0.00083,0.34458
CVE-2017-14029,0.00065,0.26760
CVE-2017-14030,0.00044,0.08189
CVE-2017-14031,0.00044,0.08189
CVE-2017-14032,0.00716,0.78528
CVE-2017-14033,0.01184,0.83630
CVE-2017-14034,0.00522,0.74469
CVE-2017-14035,0.00226,0.60948
CVE-2017-14036,0.00085,0.35433
CVE-2017-14037,0.00085,0.35433
CVE-2017-14038,0.00085,0.35433
CVE-2017-14039,0.01684,0.86410
CVE-2017-14040,0.00804,0.79883
CVE-2017-14041,0.00934,0.81377
CVE-2017-14042,0.00118,0.45684
CVE-2017-14048,0.00099,0.40585
CVE-2017-14049,0.00065,0.27007
CVE-2017-1405,0.00050,0.16691
CVE-2017-14050,0.00217,0.59742
CVE-2017-14051,0.00042,0.05722
CVE-2017-14053,0.00272,0.64621
CVE-2017-14054,0.00157,0.52124
CVE-2017-14055,0.00199,0.57871
CVE-2017-14056,0.00199,0.57871
CVE-2017-14057,0.00199,0.57871
CVE-2017-14058,0.00600,0.76210
CVE-2017-14059,0.00215,0.59587
CVE-2017-14060,0.00336,0.68392
CVE-2017-14061,0.00561,0.75339
CVE-2017-14062,0.00557,0.75273
CVE-2017-14063,0.00430,0.71876
CVE-2017-14064,0.00601,0.76222
CVE-2017-14069,0.00194,0.57293
CVE-2017-1407,0.00248,0.62830
CVE-2017-14070,0.00079,0.32992
CVE-2017-14075,0.00066,0.27186
CVE-2017-14076,0.00212,0.59184
CVE-2017-14077,0.00196,0.57519
CVE-2017-14078,0.55055,0.97379
CVE-2017-14079,0.02124,0.88082
CVE-2017-14080,0.00251,0.63155
CVE-2017-14081,0.02259,0.88515
CVE-2017-14082,0.01107,0.83000
CVE-2017-14083,0.01848,0.87081
CVE-2017-14084,0.02073,0.87930
CVE-2017-14085,0.01354,0.84799
CVE-2017-14086,0.01470,0.85426
CVE-2017-14087,0.02699,0.89460
CVE-2017-14088,0.00065,0.26793
CVE-2017-14089,0.02087,0.87972
CVE-2017-1409,0.00065,0.27072
CVE-2017-14090,0.00261,0.63924
CVE-2017-14091,0.00264,0.64144
CVE-2017-14092,0.00115,0.45020
CVE-2017-14093,0.00113,0.44678
CVE-2017-14094,0.02617,0.89289
CVE-2017-14095,0.00617,0.76605
CVE-2017-14096,0.00195,0.57500
CVE-2017-14097,0.00822,0.80090
CVE-2017-14098,0.92718,0.98841
CVE-2017-14099,0.02056,0.87868
CVE-2017-14100,0.96119,0.99388
CVE-2017-14101,0.00480,0.73344
CVE-2017-14102,0.00042,0.05722
CVE-2017-14103,0.26877,0.96354
CVE-2017-14105,0.00042,0.05722
CVE-2017-14106,0.00042,0.05722
CVE-2017-14107,0.00337,0.68438
CVE-2017-14108,0.00339,0.68511
CVE-2017-1411,0.00110,0.44004
CVE-2017-14111,0.00216,0.59671
CVE-2017-14114,0.00180,0.55334
CVE-2017-14115,0.00751,0.79069
CVE-2017-14116,0.00751,0.79069
CVE-2017-14117,0.03040,0.90009
CVE-2017-14118,0.01396,0.85052
CVE-2017-14119,0.01396,0.85052
CVE-2017-1412,0.00050,0.16691
CVE-2017-14120,0.00111,0.44200
CVE-2017-14121,0.00136,0.48981
CVE-2017-14122,0.00181,0.55359
CVE-2017-14123,0.00119,0.45981
CVE-2017-14124,0.00044,0.10161
CVE-2017-14125,0.00216,0.59685
CVE-2017-14126,0.00230,0.61214
CVE-2017-14127,0.00438,0.72169
CVE-2017-14128,0.00380,0.70243
CVE-2017-14129,0.00380,0.70243
CVE-2017-14130,0.00380,0.70243
CVE-2017-14132,0.00543,0.74978
CVE-2017-14134,0.00079,0.32992
CVE-2017-14135,0.96679,0.99574
CVE-2017-14136,0.00363,0.69560
CVE-2017-14137,0.00098,0.40487
CVE-2017-14138,0.00338,0.68456
CVE-2017-14139,0.00091,0.38536
CVE-2017-14140,0.00042,0.05722
CVE-2017-14141,0.01413,0.85131
CVE-2017-14142,0.00153,0.51534
CVE-2017-14143,0.75904,0.97921
CVE-2017-14145,0.00212,0.59184
CVE-2017-14146,0.00259,0.63696
CVE-2017-14147,0.80730,0.98070
CVE-2017-14149,0.00240,0.62099
CVE-2017-14151,0.00972,0.81773
CVE-2017-14152,0.00684,0.77977
CVE-2017-14153,0.00098,0.40375
CVE-2017-14156,0.00042,0.05722
CVE-2017-14158,0.00235,0.61679
CVE-2017-14159,0.00043,0.07608
CVE-2017-14160,0.00694,0.78146
CVE-2017-14163,0.00087,0.36023
CVE-2017-14164,0.01359,0.84853
CVE-2017-14165,0.00210,0.58957
CVE-2017-14166,0.02061,0.87882
CVE-2017-14167,0.00064,0.26441
CVE-2017-14169,0.00396,0.70821
CVE-2017-14170,0.00206,0.58598
CVE-2017-14171,0.00200,0.57945
CVE-2017-14172,0.00498,0.73825
CVE-2017-14173,0.00411,0.71328
CVE-2017-14174,0.00715,0.78518
CVE-2017-14175,0.00498,0.73825
CVE-2017-14176,0.00792,0.79735
CVE-2017-14177,0.00042,0.05722
CVE-2017-14178,0.00198,0.57701
CVE-2017-14179,0.00042,0.05722
CVE-2017-1418,0.00042,0.05722
CVE-2017-14180,0.00042,0.05722
CVE-2017-14181,0.00430,0.71894
CVE-2017-14182,0.00403,0.71063
CVE-2017-14184,0.00075,0.30830
CVE-2017-14185,0.00073,0.30419
CVE-2017-14186,0.02948,0.89861
CVE-2017-14187,0.00043,0.07614
CVE-2017-14189,0.00539,0.74889
CVE-2017-14190,0.00163,0.52975
CVE-2017-14191,0.00134,0.48511
CVE-2017-14192,0.00079,0.32992
CVE-2017-14193,0.00079,0.32992
CVE-2017-14194,0.00079,0.32992
CVE-2017-14195,0.00079,0.32992
CVE-2017-14196,0.00237,0.61828
CVE-2017-14197,0.00079,0.32992
CVE-2017-14198,0.00300,0.66408
CVE-2017-14199,0.00188,0.56439
CVE-2017-14201,0.00367,0.69697
CVE-2017-14202,0.00054,0.19411
CVE-2017-1421,0.00128,0.47406
CVE-2017-14219,0.00116,0.45318
CVE-2017-1422,0.00051,0.17134
CVE-2017-14222,0.00179,0.55165
CVE-2017-14223,0.00215,0.59580
CVE-2017-14224,0.02345,0.88713
CVE-2017-14225,0.00309,0.66948
CVE-2017-14226,0.00986,0.81904
CVE-2017-14227,0.00737,0.78871
CVE-2017-14228,0.00423,0.71699
CVE-2017-14229,0.00920,0.81233
CVE-2017-1423,0.00153,0.51533
CVE-2017-14230,0.00632,0.76890
CVE-2017-14231,0.00215,0.59583
CVE-2017-14232,0.00092,0.38731
CVE-2017-14238,0.00119,0.45992
CVE-2017-14239,0.00065,0.27007
CVE-2017-1424,0.00074,0.30528
CVE-2017-14240,0.00169,0.53886
CVE-2017-14241,0.00065,0.27007
CVE-2017-14242,0.00119,0.45992
CVE-2017-14243,0.09779,0.94296
CVE-2017-14244,0.02784,0.89612
CVE-2017-14245,0.00439,0.72217
CVE-2017-14246,0.00439,0.72217
CVE-2017-14247,0.00212,0.59184
CVE-2017-14248,0.00156,0.52024
CVE-2017-14249,0.01007,0.82102
CVE-2017-1425,0.00062,0.24327
CVE-2017-14251,0.00788,0.79621
CVE-2017-14252,0.00212,0.59184
CVE-2017-14257,0.00091,0.38161
CVE-2017-14258,0.00098,0.40325
CVE-2017-14259,0.00098,0.40325
CVE-2017-14260,0.00098,0.40325
CVE-2017-14261,0.00091,0.38161
CVE-2017-14262,0.00244,0.62525
CVE-2017-14263,0.00669,0.77681
CVE-2017-14265,0.01238,0.84041
CVE-2017-14266,0.00154,0.51645
CVE-2017-14267,0.00870,0.80641
CVE-2017-14268,0.00142,0.49925
CVE-2017-14269,0.02600,0.89253
CVE-2017-1427,0.00127,0.47323
CVE-2017-14270,0.00044,0.10161
CVE-2017-14271,0.00044,0.10161
CVE-2017-14272,0.00044,0.10161
CVE-2017-14273,0.00044,0.10161
CVE-2017-14274,0.00044,0.10161
CVE-2017-14275,0.00044,0.10161
CVE-2017-14276,0.00044,0.10161
CVE-2017-14277,0.00044,0.10161
CVE-2017-14278,0.00044,0.10161
CVE-2017-14279,0.00044,0.10161
CVE-2017-1428,0.00154,0.51661
CVE-2017-14280,0.00044,0.10161
CVE-2017-14281,0.00044,0.10161
CVE-2017-14282,0.00044,0.10161
CVE-2017-14283,0.00044,0.10161
CVE-2017-14284,0.00044,0.10161
CVE-2017-14285,0.00044,0.10161
CVE-2017-14286,0.00044,0.10161
CVE-2017-14287,0.00044,0.10161
CVE-2017-14288,0.00044,0.10161
CVE-2017-14289,0.00044,0.10161
CVE-2017-1429,0.00062,0.24327
CVE-2017-14290,0.00044,0.10161
CVE-2017-14291,0.00044,0.10161
CVE-2017-14292,0.00044,0.10161
CVE-2017-14293,0.00044,0.10161
CVE-2017-14294,0.00044,0.10161
CVE-2017-14295,0.00044,0.10161
CVE-2017-14296,0.00044,0.10161
CVE-2017-14297,0.00044,0.10161
CVE-2017-14298,0.00044,0.10161
CVE-2017-14299,0.00044,0.10161
CVE-2017-14300,0.00044,0.10161
CVE-2017-14301,0.00044,0.10161
CVE-2017-14302,0.00044,0.10161
CVE-2017-14303,0.00044,0.10161
CVE-2017-14304,0.00044,0.10161
CVE-2017-14305,0.00044,0.10161
CVE-2017-14306,0.00044,0.10161
CVE-2017-14307,0.00044,0.10161
CVE-2017-14308,0.00044,0.10161
CVE-2017-14309,0.00044,0.10161
CVE-2017-1431,0.00059,0.23108
CVE-2017-14310,0.00044,0.10161
CVE-2017-14311,0.00062,0.24874
CVE-2017-14312,0.00060,0.23520
CVE-2017-14313,0.00123,0.46651
CVE-2017-14314,0.01150,0.83338
CVE-2017-14315,0.00196,0.57508
CVE-2017-14316,0.00062,0.24773
CVE-2017-14317,0.00062,0.24773
CVE-2017-14318,0.00062,0.24773
CVE-2017-14319,0.00062,0.24773
CVE-2017-14320,0.00353,0.69103
CVE-2017-14321,0.00071,0.29360
CVE-2017-14322,0.20801,0.95980
CVE-2017-14323,0.00889,0.80878
CVE-2017-14324,0.00060,0.23747
CVE-2017-14325,0.00103,0.41778
CVE-2017-14326,0.00091,0.38536
CVE-2017-14327,0.00044,0.10161
CVE-2017-14328,0.00209,0.58895
CVE-2017-14329,0.00044,0.10161
CVE-2017-1433,0.00095,0.39702
CVE-2017-14330,0.00044,0.10161
CVE-2017-14331,0.00044,0.10161
CVE-2017-14332,0.00349,0.68920
CVE-2017-14333,0.00086,0.35790
CVE-2017-14335,0.00985,0.81896
CVE-2017-14337,0.00211,0.59036
CVE-2017-14339,0.00375,0.70005
CVE-2017-1434,0.00042,0.05722
CVE-2017-14340,0.00042,0.05722
CVE-2017-14341,0.00303,0.66571
CVE-2017-14342,0.00097,0.40278
CVE-2017-14343,0.00091,0.38536
CVE-2017-14344,0.00066,0.27186
CVE-2017-14345,0.00212,0.59184
CVE-2017-14346,0.01285,0.84378
CVE-2017-14347,0.00088,0.37136
CVE-2017-14348,0.00237,0.61865
CVE-2017-14349,0.00275,0.64817
CVE-2017-14350,0.03922,0.91145
CVE-2017-14351,0.00387,0.70506
CVE-2017-14352,0.00060,0.23590
CVE-2017-14353,0.03655,0.90838
CVE-2017-14354,0.00150,0.51022
CVE-2017-14355,0.00140,0.49584
CVE-2017-14356,0.00117,0.45561
CVE-2017-14357,0.00061,0.24002
CVE-2017-14358,0.00060,0.23590
CVE-2017-14359,0.00050,0.16027
CVE-2017-14360,0.00117,0.45632
CVE-2017-14361,0.00128,0.47518
CVE-2017-14362,0.00062,0.24306
CVE-2017-14363,0.00054,0.19226
CVE-2017-14369,0.00075,0.30772
CVE-2017-14370,0.00048,0.14712
CVE-2017-14371,0.00132,0.48174
CVE-2017-14372,0.00132,0.48174
CVE-2017-14373,0.00136,0.48937
CVE-2017-14374,0.00489,0.73612
CVE-2017-14375,0.01365,0.84890
CVE-2017-14376,0.00044,0.10161
CVE-2017-14377,0.00608,0.76377
CVE-2017-14378,0.00518,0.74366
CVE-2017-14379,0.00077,0.31738
CVE-2017-1438,0.00042,0.05722
CVE-2017-14380,0.00044,0.10161
CVE-2017-14383,0.00152,0.51428
CVE-2017-14384,0.41924,0.96988
CVE-2017-14385,0.04490,0.91661
CVE-2017-14386,0.00085,0.35433
CVE-2017-14387,0.00066,0.27267
CVE-2017-14388,0.00063,0.25378
CVE-2017-14389,0.00057,0.21521
CVE-2017-1439,0.00042,0.05722
CVE-2017-14390,0.00088,0.36676
CVE-2017-14394,0.00078,0.32606
CVE-2017-14395,0.00078,0.32606
CVE-2017-14396,0.00205,0.58546
CVE-2017-14397,0.00276,0.64924
CVE-2017-14398,0.00042,0.05722
CVE-2017-14399,0.00104,0.42231
CVE-2017-1440,0.00597,0.76141
CVE-2017-14400,0.00427,0.71816
CVE-2017-14401,0.00212,0.59184
CVE-2017-14402,0.00212,0.59184
CVE-2017-14403,0.00212,0.59184
CVE-2017-14404,0.00485,0.73517
CVE-2017-14405,0.00452,0.72593
CVE-2017-14406,0.00069,0.28572
CVE-2017-14407,0.00167,0.53397
CVE-2017-14408,0.00167,0.53397
CVE-2017-14409,0.00464,0.72881
CVE-2017-1441,0.00042,0.05722
CVE-2017-14410,0.00167,0.53397
CVE-2017-14411,0.00464,0.72881
CVE-2017-14412,0.00063,0.25378
CVE-2017-14413,0.00088,0.37075
CVE-2017-14414,0.00088,0.37075
CVE-2017-14415,0.00088,0.37075
CVE-2017-14416,0.00088,0.37075
CVE-2017-14417,0.00621,0.76675
CVE-2017-14418,0.00513,0.74231
CVE-2017-14419,0.00390,0.70626
CVE-2017-1442,0.00158,0.52286
CVE-2017-14420,0.00089,0.37651
CVE-2017-14421,0.01201,0.83762
CVE-2017-14422,0.00802,0.79863
CVE-2017-14423,0.00267,0.64329
CVE-2017-14424,0.00051,0.17393
CVE-2017-14425,0.00051,0.17393
CVE-2017-14426,0.00051,0.17393
CVE-2017-14427,0.00051,0.17393
CVE-2017-14428,0.00051,0.17393
CVE-2017-14429,0.01409,0.85114
CVE-2017-1443,0.00108,0.43505
CVE-2017-14430,0.00277,0.64963
CVE-2017-14431,0.00044,0.10161
CVE-2017-14432,0.00090,0.37864
CVE-2017-14433,0.00090,0.37864
CVE-2017-14434,0.00090,0.37864
CVE-2017-14435,0.00255,0.63443
CVE-2017-14436,0.00255,0.63443
CVE-2017-14437,0.00255,0.63443
CVE-2017-14438,0.00162,0.52885
CVE-2017-14439,0.00162,0.52885
CVE-2017-1444,0.00049,0.15902
CVE-2017-14440,0.00421,0.71648
CVE-2017-14441,0.00534,0.74771
CVE-2017-14442,0.00515,0.74276
CVE-2017-14443,0.00076,0.31206
CVE-2017-14444,0.00101,0.41103
CVE-2017-14445,0.00101,0.41103
CVE-2017-14446,0.00101,0.41103
CVE-2017-14447,0.00058,0.22659
CVE-2017-14448,0.00421,0.71648
CVE-2017-14449,0.00255,0.63490
CVE-2017-1445,0.00062,0.24327
CVE-2017-14450,0.00289,0.65745
CVE-2017-14451,0.00806,0.79905
CVE-2017-14452,0.00101,0.41103
CVE-2017-14453,0.00096,0.39884
CVE-2017-14454,0.00089,0.37248
CVE-2017-14455,0.00113,0.44735
CVE-2017-14457,0.00080,0.33491
CVE-2017-14458,0.00527,0.74601
CVE-2017-14459,0.94114,0.99005
CVE-2017-1446,0.00062,0.24327
CVE-2017-14460,0.00312,0.67083
CVE-2017-14461,0.39087,0.96909
CVE-2017-14462,0.00120,0.46135
CVE-2017-14463,0.00106,0.42862
CVE-2017-14464,0.00106,0.42862
CVE-2017-14465,0.00106,0.42862
CVE-2017-14466,0.00106,0.42862
CVE-2017-14467,0.00106,0.42862
CVE-2017-14468,0.00106,0.42862
CVE-2017-14469,0.00106,0.42862
CVE-2017-1447,0.00049,0.15902
CVE-2017-14470,0.00106,0.42862
CVE-2017-14471,0.00106,0.42862
CVE-2017-14472,0.00106,0.42862
CVE-2017-14473,0.00106,0.42862
CVE-2017-14474,0.00441,0.72272
CVE-2017-14475,0.00441,0.72272
CVE-2017-14476,0.00441,0.72272
CVE-2017-14477,0.00441,0.72272
CVE-2017-14478,0.00441,0.72272
CVE-2017-14479,0.00441,0.72272
CVE-2017-1448,0.00082,0.34130
CVE-2017-14480,0.00441,0.72272
CVE-2017-14481,0.00441,0.72272
CVE-2017-14482,0.03127,0.90134
CVE-2017-14483,0.00042,0.05722
CVE-2017-14484,0.00042,0.05722
CVE-2017-14486,0.00286,0.65593
CVE-2017-14487,0.00311,0.67064
CVE-2017-14489,0.00044,0.10527
CVE-2017-1449,0.00065,0.26775
CVE-2017-14491,0.33262,0.96666
CVE-2017-14492,0.92304,0.98786
CVE-2017-14493,0.12059,0.94884
CVE-2017-14494,0.01668,0.86357
CVE-2017-14495,0.89944,0.98573
CVE-2017-14496,0.07141,0.93377
CVE-2017-14497,0.00042,0.05722
CVE-2017-14498,0.00136,0.48940
CVE-2017-1450,0.00097,0.40276
CVE-2017-14500,0.04241,0.91447
CVE-2017-14501,0.00352,0.69081
CVE-2017-14502,0.00675,0.77780
CVE-2017-14503,0.00502,0.73973
CVE-2017-14504,0.00403,0.71049
CVE-2017-14505,0.00307,0.66848
CVE-2017-14506,0.00052,0.18039
CVE-2017-14507,0.00262,0.63959
CVE-2017-14508,0.00129,0.47650
CVE-2017-14509,0.01293,0.84434
CVE-2017-1451,0.00042,0.05722
CVE-2017-14510,0.00110,0.44061
CVE-2017-14511,0.00287,0.65623
CVE-2017-14512,0.00212,0.59184
CVE-2017-14513,0.00268,0.64384
CVE-2017-14514,0.00315,0.67261
CVE-2017-14515,0.00206,0.58570
CVE-2017-14516,0.00079,0.32992
CVE-2017-14517,0.00134,0.48501
CVE-2017-14518,0.00097,0.40268
CVE-2017-14519,0.00170,0.54096
CVE-2017-1452,0.00042,0.05722
CVE-2017-14520,0.00083,0.34396
CVE-2017-14521,0.00801,0.79840
CVE-2017-14522,0.00113,0.44680
CVE-2017-14523,0.02122,0.88076
CVE-2017-14524,0.00258,0.63613
CVE-2017-14525,0.00134,0.48547
CVE-2017-14526,0.00234,0.61572
CVE-2017-14527,0.00260,0.63822
CVE-2017-14528,0.00120,0.46166
CVE-2017-14529,0.00393,0.70757
CVE-2017-1453,0.00211,0.59086
CVE-2017-14530,0.00426,0.71790
CVE-2017-14531,0.00213,0.59317
CVE-2017-14532,0.00703,0.78296
CVE-2017-14533,0.00213,0.59317
CVE-2017-14534,0.00088,0.37136
CVE-2017-14535,0.04456,0.91629
CVE-2017-14536,0.00061,0.23937
CVE-2017-14537,0.01002,0.82070
CVE-2017-14538,0.00044,0.10161
CVE-2017-14539,0.00044,0.10161
CVE-2017-14540,0.00044,0.10161
CVE-2017-14541,0.00044,0.10161
CVE-2017-14542,0.00044,0.10161
CVE-2017-14543,0.00044,0.10161
CVE-2017-14544,0.00044,0.10161
CVE-2017-14545,0.00044,0.10161
CVE-2017-14546,0.00044,0.10161
CVE-2017-14547,0.00044,0.10161
CVE-2017-14548,0.00044,0.10161
CVE-2017-14549,0.00044,0.10161
CVE-2017-14550,0.00044,0.10161
CVE-2017-14551,0.00044,0.10161
CVE-2017-14552,0.00044,0.10161
CVE-2017-14553,0.00044,0.10161
CVE-2017-14554,0.00044,0.10161
CVE-2017-14555,0.00044,0.10161
CVE-2017-14556,0.00044,0.10161
CVE-2017-14557,0.00044,0.10161
CVE-2017-14558,0.00044,0.10161
CVE-2017-14559,0.00044,0.10161
CVE-2017-14560,0.00044,0.10161
CVE-2017-14561,0.00044,0.10161
CVE-2017-14562,0.00044,0.10161
CVE-2017-14563,0.00044,0.10161
CVE-2017-14564,0.00044,0.10161
CVE-2017-14565,0.00044,0.10161
CVE-2017-14566,0.00044,0.10161
CVE-2017-14567,0.00044,0.10161
CVE-2017-14568,0.00044,0.10161
CVE-2017-14569,0.00044,0.10161
CVE-2017-1457,0.00105,0.42652
CVE-2017-14570,0.00044,0.10161
CVE-2017-14571,0.00044,0.10161
CVE-2017-14572,0.00044,0.10161
CVE-2017-14573,0.00044,0.10161
CVE-2017-14574,0.00044,0.10161
CVE-2017-14575,0.00044,0.10161
CVE-2017-14576,0.00044,0.10161
CVE-2017-14577,0.00044,0.10161
CVE-2017-14578,0.00044,0.10161
CVE-2017-14579,0.00044,0.10161
CVE-2017-1458,0.00204,0.58356
CVE-2017-14580,0.00044,0.10161
CVE-2017-14581,0.00220,0.60014
CVE-2017-14582,0.00063,0.24924
CVE-2017-14583,0.00062,0.24587
CVE-2017-14585,0.00679,0.77895
CVE-2017-14586,0.01704,0.86482
CVE-2017-14587,0.00083,0.34362
CVE-2017-14588,0.00174,0.54590
CVE-2017-14589,0.01040,0.82408
CVE-2017-1459,0.00065,0.26968
CVE-2017-14590,0.00236,0.61788
CVE-2017-14591,0.00260,0.63857
CVE-2017-14592,0.00264,0.64079
CVE-2017-14593,0.00264,0.64079
CVE-2017-14594,0.00114,0.44917
CVE-2017-14595,0.00468,0.72991
CVE-2017-14596,0.01039,0.82398
CVE-2017-14597,0.00052,0.17995
CVE-2017-1460,0.00087,0.36439
CVE-2017-14600,0.00079,0.33197
CVE-2017-14601,0.00079,0.33197
CVE-2017-14602,0.00215,0.59544
CVE-2017-14603,0.00192,0.56847
CVE-2017-14604,0.00173,0.54518
CVE-2017-14607,0.00440,0.72241
CVE-2017-14608,0.00217,0.59753
CVE-2017-14609,0.00042,0.05722
CVE-2017-1461,0.00059,0.23108
CVE-2017-14610,0.00042,0.05722
CVE-2017-14611,0.00668,0.77665
CVE-2017-14612,0.00077,0.31860
CVE-2017-14614,0.00148,0.50843
CVE-2017-14615,0.00144,0.50296
CVE-2017-14616,0.00168,0.53610
CVE-2017-14617,0.00063,0.25378
CVE-2017-14618,0.00683,0.77973
CVE-2017-14619,0.00639,0.77036
CVE-2017-1462,0.00078,0.32652
CVE-2017-14620,0.00261,0.63897
CVE-2017-14621,0.00054,0.19226
CVE-2017-14622,0.00135,0.48677
CVE-2017-14623,0.00202,0.58189
CVE-2017-14624,0.00703,0.78296
CVE-2017-14625,0.00703,0.78296
CVE-2017-14626,0.00961,0.81661
CVE-2017-14627,0.56349,0.97405
CVE-2017-14628,0.00465,0.72921
CVE-2017-14629,0.00124,0.46774
CVE-2017-14630,0.00772,0.79405
CVE-2017-14631,0.00465,0.72921
CVE-2017-14632,0.03637,0.90813
CVE-2017-14633,0.00359,0.69375
CVE-2017-14634,0.00545,0.75047
CVE-2017-14635,0.00154,0.51712
CVE-2017-14636,0.00222,0.60556
CVE-2017-14637,0.00659,0.77474
CVE-2017-14638,0.00109,0.43547
CVE-2017-14639,0.00372,0.69917
CVE-2017-14640,0.00102,0.41283
CVE-2017-14641,0.00102,0.41283
CVE-2017-14642,0.00102,0.41283
CVE-2017-14643,0.00109,0.43547
CVE-2017-14644,0.00738,0.78888
CVE-2017-14645,0.00116,0.45292
CVE-2017-14646,0.00143,0.50172
CVE-2017-14647,0.01095,0.82899
CVE-2017-14648,0.04353,0.91544
CVE-2017-14649,0.00148,0.50791
CVE-2017-1465,0.00060,0.23579
CVE-2017-14650,0.01914,0.87369
CVE-2017-14651,0.00144,0.50230
CVE-2017-14652,0.00227,0.60969
CVE-2017-14653,0.00176,0.54816
CVE-2017-1467,0.00234,0.61501
CVE-2017-1468,0.00042,0.05722
CVE-2017-14680,0.06600,0.93128
CVE-2017-14681,0.00042,0.05722
CVE-2017-14682,0.00612,0.76480
CVE-2017-14683,0.00120,0.46188
CVE-2017-14684,0.00092,0.38732
CVE-2017-14685,0.00188,0.56340
CVE-2017-14686,0.00227,0.61039
CVE-2017-14687,0.00284,0.65481
CVE-2017-14688,0.00044,0.10161
CVE-2017-14689,0.00044,0.10161
CVE-2017-1469,0.00042,0.05722
CVE-2017-14690,0.00044,0.10161
CVE-2017-14691,0.00044,0.10161
CVE-2017-14692,0.00044,0.10161
CVE-2017-14693,0.00044,0.10161
CVE-2017-14694,0.00111,0.44186
CVE-2017-14695,0.00751,0.79066
CVE-2017-14696,0.03379,0.90507
CVE-2017-14698,0.00623,0.76734
CVE-2017-14699,0.00120,0.46205
CVE-2017-14702,0.22935,0.96124
CVE-2017-14703,0.00205,0.58484
CVE-2017-14704,0.00683,0.77971
CVE-2017-14705,0.03988,0.91194
CVE-2017-14706,0.38492,0.96882
CVE-2017-14709,0.00077,0.31860
CVE-2017-14710,0.00095,0.39630
CVE-2017-14711,0.00186,0.55912
CVE-2017-14712,0.00057,0.21504
CVE-2017-14713,0.00057,0.21504
CVE-2017-14714,0.00057,0.21504
CVE-2017-14715,0.00057,0.21504
CVE-2017-14716,0.00057,0.21504
CVE-2017-14717,0.00057,0.21504
CVE-2017-14718,0.00254,0.63426
CVE-2017-14719,0.00474,0.73168
CVE-2017-14720,0.00254,0.63426
CVE-2017-14721,0.00254,0.63426
CVE-2017-14722,0.00295,0.66126
CVE-2017-14723,0.00375,0.70003
CVE-2017-14724,0.00374,0.69990
CVE-2017-14725,0.00144,0.50183
CVE-2017-14726,0.00383,0.70346
CVE-2017-14727,0.00504,0.74019
CVE-2017-14728,0.00731,0.78792
CVE-2017-14729,0.00279,0.65120
CVE-2017-1473,0.00110,0.44004
CVE-2017-14730,0.00042,0.05722
CVE-2017-14731,0.00409,0.71258
CVE-2017-14733,0.00723,0.78662
CVE-2017-14734,0.00462,0.72851
CVE-2017-14735,0.00303,0.66554
CVE-2017-14737,0.00042,0.05722
CVE-2017-14738,0.00417,0.71523
CVE-2017-14739,0.00750,0.79051
CVE-2017-1474,0.00131,0.47999
CVE-2017-14740,0.00072,0.29718
CVE-2017-14741,0.00583,0.75854
CVE-2017-14742,0.00964,0.81685
CVE-2017-14743,0.00198,0.57700
CVE-2017-14744,0.00079,0.32992
CVE-2017-14745,0.00176,0.54861
CVE-2017-14746,0.77321,0.97963
CVE-2017-14748,0.00170,0.54133
CVE-2017-14749,0.00485,0.73492
CVE-2017-14751,0.00106,0.42729
CVE-2017-14752,0.00053,0.18594
CVE-2017-14753,0.00071,0.29178
CVE-2017-14754,0.00061,0.23772
CVE-2017-14755,0.00113,0.44678
CVE-2017-14756,0.00113,0.44678
CVE-2017-14757,0.00182,0.55568
CVE-2017-14758,0.00182,0.55568
CVE-2017-14759,0.00244,0.62506
CVE-2017-1476,0.00109,0.43521
CVE-2017-14760,0.00212,0.59184
CVE-2017-14761,0.00088,0.37136
CVE-2017-14762,0.00088,0.37136
CVE-2017-14763,0.00304,0.66646
CVE-2017-14764,0.00377,0.70069
CVE-2017-14765,0.00088,0.37136
CVE-2017-14766,0.00234,0.61505
CVE-2017-14767,0.00413,0.71380
CVE-2017-1477,0.00133,0.48399
CVE-2017-14770,0.00042,0.05722
CVE-2017-14771,0.00042,0.05722
CVE-2017-14772,0.00042,0.05722
CVE-2017-14773,0.00042,0.05722
CVE-2017-14775,0.00154,0.51691
CVE-2017-1478,0.00055,0.20591
CVE-2017-14795,0.00522,0.74469
CVE-2017-14796,0.00522,0.74469
CVE-2017-14797,0.00203,0.58259
CVE-2017-14798,0.00140,0.49584
CVE-2017-14799,0.00079,0.32992
CVE-2017-1480,0.00092,0.38853
CVE-2017-14800,0.00079,0.32992
CVE-2017-14801,0.00079,0.32992
CVE-2017-14802,0.00125,0.46916
CVE-2017-14803,0.61590,0.97543
CVE-2017-14804,0.00185,0.55828
CVE-2017-14806,0.00137,0.49176
CVE-2017-14807,0.00087,0.36452
CVE-2017-1481,0.00065,0.26968
CVE-2017-14818,0.00967,0.81719
CVE-2017-14819,0.01331,0.84646
CVE-2017-1482,0.00062,0.24327
CVE-2017-14820,0.01331,0.84646
CVE-2017-14821,0.00967,0.81719
CVE-2017-14822,0.00967,0.81719
CVE-2017-14823,0.01634,0.86236
CVE-2017-14824,0.01634,0.86236
CVE-2017-14825,0.01634,0.86236
CVE-2017-14826,0.01634,0.86236
CVE-2017-14827,0.01634,0.86236
CVE-2017-14828,0.01634,0.86236
CVE-2017-14829,0.01634,0.86236
CVE-2017-1483,0.00218,0.59817
CVE-2017-14830,0.01634,0.86236
CVE-2017-14831,0.02305,0.88631
CVE-2017-14832,0.02305,0.88631
CVE-2017-14833,0.02305,0.88631
CVE-2017-14834,0.02305,0.88631
CVE-2017-14835,0.01634,0.86236
CVE-2017-14836,0.02305,0.88631
CVE-2017-14837,0.01634,0.86236
CVE-2017-14838,0.00542,0.74971
CVE-2017-14839,0.00542,0.74971
CVE-2017-1484,0.00065,0.26968
CVE-2017-14840,0.00542,0.74971
CVE-2017-14841,0.00416,0.71500
CVE-2017-14842,0.00094,0.39369
CVE-2017-14843,0.00094,0.39369
CVE-2017-14844,0.00094,0.39369
CVE-2017-14845,0.00094,0.39369
CVE-2017-14846,0.00094,0.39369
CVE-2017-14847,0.00094,0.39369
CVE-2017-14848,0.00133,0.48326
CVE-2017-14849,0.96684,0.99575
CVE-2017-1485,0.00049,0.15902
CVE-2017-14850,0.00154,0.51677
CVE-2017-14851,0.00411,0.71307
CVE-2017-14852,0.00298,0.66335
CVE-2017-14853,0.00571,0.75565
CVE-2017-14854,0.04303,0.91503
CVE-2017-14855,0.00238,0.61984
CVE-2017-14857,0.00058,0.21985
CVE-2017-14858,0.00055,0.20633
CVE-2017-14859,0.00092,0.38908
CVE-2017-1486,0.00069,0.28766
CVE-2017-14860,0.00058,0.21985
CVE-2017-14861,0.00126,0.47197
CVE-2017-14862,0.00092,0.38908
CVE-2017-14863,0.00056,0.21204
CVE-2017-14864,0.00092,0.38908
CVE-2017-14865,0.00056,0.21058
CVE-2017-14866,0.00055,0.20633
CVE-2017-14867,0.00314,0.67210
CVE-2017-14868,0.00253,0.63233
CVE-2017-14869,0.00080,0.33409
CVE-2017-1487,0.00073,0.30151
CVE-2017-14870,0.00080,0.33409
CVE-2017-14872,0.00044,0.10161
CVE-2017-14873,0.00044,0.10161
CVE-2017-14875,0.00085,0.35248
CVE-2017-14876,0.00116,0.45456
CVE-2017-14877,0.00116,0.45456
CVE-2017-14878,0.00193,0.57224
CVE-2017-14879,0.00092,0.38813
CVE-2017-1488,0.00067,0.27625
CVE-2017-14880,0.00044,0.10161
CVE-2017-14881,0.00116,0.45456
CVE-2017-14882,0.00126,0.47082
CVE-2017-14883,0.00116,0.45456
CVE-2017-14884,0.00044,0.10161
CVE-2017-14885,0.00052,0.18252
CVE-2017-14887,0.00044,0.10161
CVE-2017-14888,0.00044,0.10161
CVE-2017-14889,0.00044,0.10161
CVE-2017-1489,0.00139,0.49434
CVE-2017-14890,0.00073,0.30255
CVE-2017-14891,0.00072,0.29465
CVE-2017-14892,0.00044,0.10161
CVE-2017-14893,0.00044,0.10161
CVE-2017-14894,0.00073,0.30255
CVE-2017-14895,0.00044,0.10161
CVE-2017-14896,0.00044,0.10161
CVE-2017-14897,0.00044,0.10161
CVE-2017-14898,0.00044,0.10161
CVE-2017-14899,0.00044,0.10161
CVE-2017-1490,0.00071,0.29217
CVE-2017-14900,0.00044,0.10161
CVE-2017-14901,0.00044,0.10161
CVE-2017-14902,0.00044,0.10161
CVE-2017-14903,0.00067,0.27794
CVE-2017-14904,0.00103,0.41750
CVE-2017-14905,0.00067,0.27794
CVE-2017-14906,0.00320,0.67588
CVE-2017-14907,0.00106,0.42770
CVE-2017-14908,0.00128,0.47548
CVE-2017-14909,0.00128,0.47548
CVE-2017-1491,0.00081,0.33543
CVE-2017-14910,0.00188,0.56423
CVE-2017-14911,0.00758,0.79194
CVE-2017-14912,0.00493,0.73696
CVE-2017-14913,0.00533,0.74727
CVE-2017-14914,0.00128,0.47548
CVE-2017-14915,0.00485,0.73495
CVE-2017-14916,0.00128,0.47548
CVE-2017-14917,0.00128,0.47548
CVE-2017-14918,0.00128,0.47548
CVE-2017-14919,0.07128,0.93372
CVE-2017-14920,0.00092,0.38920
CVE-2017-14921,0.00093,0.39162
CVE-2017-14922,0.00093,0.39162
CVE-2017-14923,0.00093,0.39162
CVE-2017-14924,0.00178,0.55131
CVE-2017-14925,0.00178,0.55131
CVE-2017-14926,0.00059,0.23163
CVE-2017-14927,0.00055,0.20370
CVE-2017-14928,0.00059,0.23163
CVE-2017-14929,0.00099,0.40607
CVE-2017-1493,0.00065,0.26968
CVE-2017-14930,0.00119,0.45967
CVE-2017-14931,0.00143,0.50055
CVE-2017-14932,0.00112,0.44596
CVE-2017-14933,0.00551,0.75167
CVE-2017-14934,0.00329,0.68027
CVE-2017-14935,0.00272,0.64621
CVE-2017-14937,0.00061,0.24105
CVE-2017-14938,0.00269,0.64455
CVE-2017-14939,0.00488,0.73569
CVE-2017-1494,0.00082,0.33951
CVE-2017-14940,0.00165,0.53219
CVE-2017-14941,0.00125,0.46941
CVE-2017-14942,0.07421,0.93475
CVE-2017-14943,0.00168,0.53801
CVE-2017-14944,0.00085,0.35272
CVE-2017-14945,0.00091,0.38161
CVE-2017-14946,0.00091,0.38161
CVE-2017-14947,0.00098,0.40325
CVE-2017-14948,0.00193,0.57191
CVE-2017-14949,0.01061,0.82618
CVE-2017-1495,0.00058,0.22646
CVE-2017-14952,0.02566,0.89180
CVE-2017-14953,0.00071,0.29442
CVE-2017-14954,0.00042,0.05722
CVE-2017-14955,0.01510,0.85648
CVE-2017-14956,0.00400,0.70954
CVE-2017-14957,0.00152,0.51393
CVE-2017-14958,0.00104,0.42247
CVE-2017-1496,0.00049,0.15902
CVE-2017-14960,0.00223,0.60704
CVE-2017-14961,0.00176,0.54780
CVE-2017-14962,0.00051,0.17393
CVE-2017-14963,0.00051,0.17393
CVE-2017-14964,0.00051,0.17393
CVE-2017-14965,0.00051,0.17393
CVE-2017-14966,0.00051,0.17393
CVE-2017-14967,0.00051,0.17393
CVE-2017-14968,0.00051,0.17393
CVE-2017-14969,0.00051,0.17393
CVE-2017-1497,0.00131,0.47999
CVE-2017-14970,0.00114,0.44881
CVE-2017-14971,0.00094,0.39434
CVE-2017-14972,0.00162,0.52821
CVE-2017-14973,0.00054,0.19226
CVE-2017-14974,0.00078,0.32076
CVE-2017-14975,0.00116,0.45338
CVE-2017-14976,0.00196,0.57581
CVE-2017-14977,0.00168,0.53811
CVE-2017-14979,0.00802,0.79863
CVE-2017-1498,0.00062,0.24327
CVE-2017-14980,0.08987,0.94047
CVE-2017-14981,0.00052,0.18039
CVE-2017-14983,0.00071,0.29360
CVE-2017-14984,0.00071,0.29360
CVE-2017-14985,0.00071,0.29360
CVE-2017-14988,0.00161,0.52713
CVE-2017-14989,0.00238,0.61980
CVE-2017-1499,0.00497,0.73799
CVE-2017-14990,0.00102,0.41292
CVE-2017-14991,0.00042,0.05722
CVE-2017-14992,0.00143,0.50084
CVE-2017-14993,0.00204,0.58427
CVE-2017-14994,0.00411,0.71321
CVE-2017-14995,0.00079,0.32992
CVE-2017-14997,0.01055,0.82536
CVE-2017-1500,0.00070,0.29096
CVE-2017-15008,0.00078,0.32088
CVE-2017-15009,0.00561,0.75338
CVE-2017-1501,0.00177,0.54938
CVE-2017-15010,0.01142,0.83277
CVE-2017-15011,0.00267,0.64324
CVE-2017-15012,0.00903,0.81033
CVE-2017-15013,0.00970,0.81746
CVE-2017-15014,0.00600,0.76196
CVE-2017-15015,0.00364,0.69561
CVE-2017-15016,0.00220,0.60003
CVE-2017-15017,0.00364,0.69561
CVE-2017-15018,0.00058,0.21985
CVE-2017-15019,0.00091,0.38161
CVE-2017-1502,0.00049,0.15902
CVE-2017-15020,0.00345,0.68754
CVE-2017-15021,0.00235,0.61645
CVE-2017-15022,0.00165,0.53219
CVE-2017-15023,0.00335,0.68372
CVE-2017-15024,0.00348,0.68900
CVE-2017-15025,0.00348,0.68900
CVE-2017-15029,0.00066,0.27146
CVE-2017-1503,0.00116,0.45460
CVE-2017-15030,0.00077,0.31714
CVE-2017-15031,0.00176,0.54822
CVE-2017-15032,0.00245,0.62547
CVE-2017-15033,0.00098,0.40487
CVE-2017-15035,0.01501,0.85595
CVE-2017-15037,0.00326,0.67862
CVE-2017-15038,0.00060,0.23636
CVE-2017-15039,0.00054,0.19226
CVE-2017-1504,0.00065,0.27136
CVE-2017-15041,0.05532,0.92519
CVE-2017-15042,0.00285,0.65532
CVE-2017-15043,0.00147,0.50631
CVE-2017-15044,0.00217,0.59789
CVE-2017-15045,0.00065,0.27051
CVE-2017-15046,0.00055,0.20633
CVE-2017-15047,0.00205,0.58474
CVE-2017-15048,0.04328,0.91526
CVE-2017-15049,0.08148,0.93752
CVE-2017-15051,0.00068,0.27994
CVE-2017-15052,0.00055,0.20320
CVE-2017-15053,0.00055,0.20320
CVE-2017-15054,0.00271,0.64581
CVE-2017-15055,0.00066,0.27172
CVE-2017-15056,0.00186,0.55913
CVE-2017-1506,0.00124,0.46780
CVE-2017-15063,0.00050,0.16437
CVE-2017-1507,0.00049,0.15902
CVE-2017-15079,0.00172,0.54261
CVE-2017-1508,0.00042,0.05722
CVE-2017-15081,0.00950,0.81538
CVE-2017-15084,0.00060,0.23592
CVE-2017-15085,0.00168,0.53578
CVE-2017-15086,0.00205,0.58528
CVE-2017-15087,0.00168,0.53578
CVE-2017-15088,0.02055,0.87866
CVE-2017-15089,0.03487,0.90638
CVE-2017-1509,0.00050,0.16691
CVE-2017-15090,0.00079,0.32781
CVE-2017-15091,0.00072,0.29471
CVE-2017-15092,0.00101,0.41086
CVE-2017-15093,0.00057,0.21453
CVE-2017-15094,0.00085,0.35223
CVE-2017-15095,0.02618,0.89293
CVE-2017-15096,0.00044,0.10161
CVE-2017-15097,0.00062,0.24773
CVE-2017-15098,0.00759,0.79213
CVE-2017-15099,0.00256,0.63515
CVE-2017-15100,0.00118,0.45730
CVE-2017-15101,0.00343,0.68657
CVE-2017-15102,0.00042,0.05722
CVE-2017-15103,0.00626,0.76789
CVE-2017-15104,0.00059,0.22933
CVE-2017-15105,0.00541,0.74944
CVE-2017-15107,0.00284,0.65462
CVE-2017-15108,0.00043,0.07685
CVE-2017-15110,0.00053,0.19109
CVE-2017-15111,0.00042,0.05722
CVE-2017-15112,0.00042,0.05722
CVE-2017-15113,0.00393,0.70739
CVE-2017-15114,0.00172,0.54289
CVE-2017-15115,0.00044,0.08000
CVE-2017-15116,0.00062,0.24773
CVE-2017-15118,0.02229,0.88428
CVE-2017-15119,0.01518,0.85697
CVE-2017-15120,0.00454,0.72645
CVE-2017-15121,0.00062,0.24773
CVE-2017-15123,0.00134,0.48487
CVE-2017-15124,0.00708,0.78387
CVE-2017-15125,0.00073,0.30229
CVE-2017-15126,0.02534,0.89130
CVE-2017-15127,0.00042,0.05722
CVE-2017-15128,0.00062,0.24773
CVE-2017-15129,0.00044,0.08000
CVE-2017-15130,0.00668,0.77677
CVE-2017-15131,0.00042,0.05722
CVE-2017-15132,0.00884,0.80803
CVE-2017-15133,0.00207,0.58700
CVE-2017-15134,0.01801,0.86856
CVE-2017-15135,0.00771,0.79384
CVE-2017-15136,0.00079,0.32936
CVE-2017-15137,0.00090,0.37972
CVE-2017-15138,0.00054,0.20290
CVE-2017-15139,0.00214,0.59454
CVE-2017-1515,0.00063,0.24898
CVE-2017-1516,0.00076,0.31340
CVE-2017-15185,0.00107,0.43227
CVE-2017-15186,0.00193,0.57260
CVE-2017-15188,0.00071,0.29360
CVE-2017-15189,0.00242,0.62318
CVE-2017-1519,0.00494,0.73715
CVE-2017-15190,0.00230,0.61224
CVE-2017-15191,0.00202,0.58256
CVE-2017-15192,0.00230,0.61224
CVE-2017-15193,0.00242,0.62318
CVE-2017-15194,0.00093,0.39002
CVE-2017-15195,0.00146,0.50512
CVE-2017-15196,0.00146,0.50512
CVE-2017-15197,0.00146,0.50512
CVE-2017-15198,0.00146,0.50512
CVE-2017-15199,0.00146,0.50512
CVE-2017-1520,0.00191,0.56757
CVE-2017-15200,0.00146,0.50512
CVE-2017-15201,0.00146,0.50512
CVE-2017-15202,0.00146,0.50512
CVE-2017-15203,0.00146,0.50512
CVE-2017-15204,0.00146,0.50512
CVE-2017-15205,0.00079,0.32810
CVE-2017-15206,0.00146,0.50512
CVE-2017-15207,0.00146,0.50512
CVE-2017-15208,0.00146,0.50512
CVE-2017-15209,0.00089,0.37263
CVE-2017-1521,0.00108,0.43505
CVE-2017-15210,0.00079,0.32810
CVE-2017-15211,0.00146,0.50512
CVE-2017-15212,0.00129,0.47739
CVE-2017-15213,0.00074,0.30560
CVE-2017-15214,0.00074,0.30560
CVE-2017-15215,0.00106,0.42729
CVE-2017-15216,0.00085,0.35433
CVE-2017-15217,0.00213,0.59317
CVE-2017-15218,0.00213,0.59317
CVE-2017-15219,0.00057,0.21504
CVE-2017-1522,0.00049,0.15902
CVE-2017-15220,0.13305,0.95087
CVE-2017-15221,0.00506,0.74069
CVE-2017-15222,0.53049,0.97325
CVE-2017-15223,0.02078,0.87946
CVE-2017-15225,0.00134,0.48544
CVE-2017-15226,0.00398,0.70913
CVE-2017-15227,0.00364,0.69572
CVE-2017-15228,0.00364,0.69572
CVE-2017-1523,0.00145,0.50305
CVE-2017-15232,0.00199,0.57896
CVE-2017-15235,0.05395,0.92416
CVE-2017-15236,0.02717,0.89496
CVE-2017-15238,0.02346,0.88718
CVE-2017-15239,0.00063,0.25378
CVE-2017-1524,0.00063,0.24898
CVE-2017-15240,0.00063,0.25378
CVE-2017-15241,0.00063,0.25378
CVE-2017-15242,0.00072,0.29986
CVE-2017-15243,0.00063,0.25378
CVE-2017-15244,0.00063,0.25378
CVE-2017-15245,0.00063,0.25378
CVE-2017-15246,0.00072,0.29986
CVE-2017-15247,0.00063,0.25378
CVE-2017-15248,0.00072,0.29986
CVE-2017-15249,0.00072,0.29986
CVE-2017-15250,0.00063,0.25378
CVE-2017-15251,0.00072,0.29986
CVE-2017-15252,0.00072,0.29986
CVE-2017-15253,0.00072,0.29986
CVE-2017-15254,0.00063,0.25378
CVE-2017-15255,0.00063,0.25378
CVE-2017-15256,0.00063,0.25378
CVE-2017-15257,0.00072,0.29986
CVE-2017-15258,0.00063,0.25378
CVE-2017-15259,0.00063,0.25378
CVE-2017-15260,0.00063,0.25378
CVE-2017-15261,0.00063,0.25378
CVE-2017-15262,0.00072,0.29986
CVE-2017-15263,0.00063,0.25378
CVE-2017-15264,0.00063,0.25378
CVE-2017-15265,0.00044,0.08000
CVE-2017-15266,0.00103,0.41618
CVE-2017-15267,0.00270,0.64546
CVE-2017-15268,0.00710,0.78432
CVE-2017-15269,0.00082,0.33976
CVE-2017-1527,0.00196,0.57534
CVE-2017-15270,0.00292,0.65961
CVE-2017-15271,0.00486,0.73523
CVE-2017-15272,0.00056,0.20810
CVE-2017-15273,0.00095,0.39745
CVE-2017-15274,0.00042,0.05722
CVE-2017-15275,0.93269,0.98906
CVE-2017-15276,0.00755,0.79135
CVE-2017-15277,0.01808,0.86887
CVE-2017-15278,0.00063,0.25601
CVE-2017-15279,0.00092,0.38796
CVE-2017-15280,0.00069,0.28647
CVE-2017-15281,0.01546,0.85822
CVE-2017-15284,0.00294,0.66077
CVE-2017-15285,0.00383,0.70346
CVE-2017-15286,0.00115,0.45170
CVE-2017-15287,0.00129,0.47568
CVE-2017-15288,0.00044,0.08000
CVE-2017-15289,0.00064,0.26441
CVE-2017-15290,0.00151,0.51237
CVE-2017-15291,0.00115,0.45036
CVE-2017-15293,0.00828,0.80162
CVE-2017-15294,0.00106,0.42729
CVE-2017-15295,0.00316,0.67382
CVE-2017-15296,0.00071,0.29353
CVE-2017-15297,0.00265,0.64261
CVE-2017-15298,0.00548,0.75119
CVE-2017-15299,0.00042,0.05722
CVE-2017-1530,0.00059,0.23108
CVE-2017-15300,0.00105,0.42453
CVE-2017-15302,0.00044,0.10161
CVE-2017-15303,0.00044,0.10161
CVE-2017-15304,0.00222,0.60556
CVE-2017-15305,0.00142,0.49925
CVE-2017-15306,0.00042,0.05722
CVE-2017-15307,0.00044,0.10161
CVE-2017-15308,0.00308,0.66935
CVE-2017-15309,0.00129,0.47619
CVE-2017-1531,0.00059,0.23108
CVE-2017-15310,0.00076,0.31329
CVE-2017-15311,0.00628,0.76835
CVE-2017-15312,0.00065,0.27007
CVE-2017-15313,0.00175,0.54683
CVE-2017-15314,0.00044,0.10161
CVE-2017-15315,0.00080,0.33363
CVE-2017-15316,0.00098,0.40358
CVE-2017-15317,0.00209,0.58895
CVE-2017-15318,0.00209,0.58895
CVE-2017-15319,0.00209,0.58895
CVE-2017-1532,0.00059,0.23108
CVE-2017-15320,0.00209,0.58895
CVE-2017-15321,0.00085,0.35272
CVE-2017-15322,0.00060,0.23537
CVE-2017-15323,0.00044,0.10161
CVE-2017-15324,0.00218,0.59830
CVE-2017-15325,0.00073,0.30402
CVE-2017-15326,0.00131,0.48022
CVE-2017-15327,0.00054,0.20290
CVE-2017-15328,0.00167,0.53403
CVE-2017-15329,0.00087,0.36089
CVE-2017-1533,0.00126,0.47142
CVE-2017-15330,0.00056,0.21058
CVE-2017-15331,0.00171,0.54219
CVE-2017-15332,0.00171,0.54219
CVE-2017-15333,0.00056,0.21058
CVE-2017-15334,0.00093,0.39144
CVE-2017-15335,0.00093,0.39144
CVE-2017-15336,0.00093,0.39144
CVE-2017-15337,0.00093,0.39144
CVE-2017-15338,0.00093,0.39144
CVE-2017-15339,0.00093,0.39144
CVE-2017-1534,0.00151,0.51321
CVE-2017-15340,0.00066,0.27209
CVE-2017-15341,0.00209,0.58895
CVE-2017-15342,0.00209,0.58895
CVE-2017-15343,0.00209,0.58895
CVE-2017-15344,0.00209,0.58895
CVE-2017-15345,0.00060,0.23537
CVE-2017-15346,0.00056,0.21058
CVE-2017-15347,0.00054,0.19227
CVE-2017-15348,0.00218,0.59830
CVE-2017-15349,0.00112,0.44390
CVE-2017-1535,0.00059,0.23108
CVE-2017-15350,0.00171,0.54219
CVE-2017-15351,0.00068,0.27920
CVE-2017-15352,0.00044,0.10161
CVE-2017-15353,0.00093,0.39144
CVE-2017-15354,0.00100,0.40805
CVE-2017-15355,0.00100,0.40805
CVE-2017-15356,0.00100,0.40805
CVE-2017-15357,0.00122,0.46522
CVE-2017-15358,0.00062,0.24874
CVE-2017-15359,0.00275,0.64835
CVE-2017-1536,0.00062,0.24327
CVE-2017-15360,0.00078,0.32088
CVE-2017-15361,0.00358,0.69317
CVE-2017-15362,0.00077,0.31991
CVE-2017-15363,0.04393,0.91579
CVE-2017-15364,0.00143,0.50077
CVE-2017-15365,0.00433,0.72009
CVE-2017-15366,0.00186,0.55912
CVE-2017-15367,0.86828,0.98378
CVE-2017-15368,0.00242,0.62228
CVE-2017-15369,0.00128,0.47465
CVE-2017-15370,0.00075,0.31127
CVE-2017-15371,0.00148,0.50874
CVE-2017-15372,0.00075,0.31127
CVE-2017-15373,0.00756,0.79173
CVE-2017-15374,0.03490,0.90642
CVE-2017-15375,0.00161,0.52692
CVE-2017-15376,0.00626,0.76785
CVE-2017-15377,0.00258,0.63608
CVE-2017-15378,0.00133,0.48326
CVE-2017-15379,0.01094,0.82883
CVE-2017-1538,0.00081,0.33741
CVE-2017-15380,0.00078,0.32098
CVE-2017-15381,0.00282,0.65295
CVE-2017-15383,0.00044,0.10161
CVE-2017-15384,0.00101,0.41173
CVE-2017-15385,0.00290,0.65830
CVE-2017-15386,0.00840,0.80305
CVE-2017-15387,0.01924,0.87405
CVE-2017-15388,0.01552,0.85849
CVE-2017-15389,0.00840,0.80305
CVE-2017-1539,0.00136,0.48901
CVE-2017-15390,0.00593,0.76078
CVE-2017-15391,0.01060,0.82613
CVE-2017-15392,0.00152,0.51410
CVE-2017-15393,0.03500,0.90653
CVE-2017-15394,0.00593,0.76078
CVE-2017-15395,0.02806,0.89653
CVE-2017-15396,0.02692,0.89448
CVE-2017-15397,0.00452,0.72593
CVE-2017-15398,0.11804,0.94835
CVE-2017-15399,0.02429,0.88919
CVE-2017-1540,0.00059,0.23108
CVE-2017-15400,0.00289,0.65792
CVE-2017-15401,0.00125,0.47080
CVE-2017-15402,0.00129,0.47759
CVE-2017-15403,0.00042,0.05722
CVE-2017-15404,0.00042,0.05722
CVE-2017-15405,0.00042,0.05722
CVE-2017-15406,0.00154,0.51698
CVE-2017-15407,0.02192,0.88318
CVE-2017-15408,0.01269,0.84254
CVE-2017-15409,0.01269,0.84254
CVE-2017-1541,0.00448,0.72439
CVE-2017-15410,0.01374,0.84936
CVE-2017-15411,0.01374,0.84936
CVE-2017-15412,0.02333,0.88682
CVE-2017-15413,0.00941,0.81441
CVE-2017-15415,0.00798,0.79809
CVE-2017-15416,0.00745,0.78981
CVE-2017-15417,0.00433,0.71982
CVE-2017-15418,0.00678,0.77889
CVE-2017-15419,0.00509,0.74153
CVE-2017-15420,0.00948,0.81515
CVE-2017-15422,0.02699,0.89459
CVE-2017-15423,0.00596,0.76135
CVE-2017-15424,0.00417,0.71516
CVE-2017-15425,0.00417,0.71516
CVE-2017-15426,0.00417,0.71516
CVE-2017-15427,0.00291,0.65874
CVE-2017-15428,0.00125,0.47080
CVE-2017-15429,0.00252,0.63216
CVE-2017-15430,0.00109,0.43911
CVE-2017-1544,0.00042,0.05722
CVE-2017-1545,0.00110,0.43937
CVE-2017-1546,0.00062,0.24327
CVE-2017-1548,0.00176,0.54865
CVE-2017-1549,0.00065,0.27107
CVE-2017-1550,0.00073,0.30301
CVE-2017-1551,0.00097,0.40276
CVE-2017-15515,0.00054,0.19451
CVE-2017-15516,0.00073,0.30112
CVE-2017-15517,0.00044,0.10161
CVE-2017-15518,0.00044,0.10161
CVE-2017-15519,0.00136,0.48988
CVE-2017-1552,0.00074,0.30482
CVE-2017-15524,0.00214,0.59520
CVE-2017-15525,0.00045,0.11828
CVE-2017-15526,0.00045,0.11828
CVE-2017-15527,0.00044,0.10346
CVE-2017-15528,0.00169,0.53854
CVE-2017-15529,0.00054,0.20305
CVE-2017-1553,0.00059,0.23108
CVE-2017-15530,0.00045,0.11828
CVE-2017-15531,0.00408,0.71231
CVE-2017-15532,0.00082,0.34097
CVE-2017-15533,0.00168,0.53580
CVE-2017-15534,0.00045,0.11828
CVE-2017-15535,0.00148,0.50743
CVE-2017-15536,0.00104,0.42231
CVE-2017-15537,0.00042,0.05722
CVE-2017-15538,0.00087,0.36572
CVE-2017-15539,0.00212,0.59184
CVE-2017-1554,0.00074,0.30482
CVE-2017-15546,0.00079,0.32911
CVE-2017-15548,0.00619,0.76638
CVE-2017-15549,0.00326,0.67873
CVE-2017-1555,0.00060,0.23550
CVE-2017-15550,0.00326,0.67873
CVE-2017-1556,0.00114,0.44966
CVE-2017-15565,0.00351,0.69029
CVE-2017-15566,0.00063,0.25021
CVE-2017-15567,0.00042,0.05722
CVE-2017-15568,0.00101,0.41211
CVE-2017-15569,0.00101,0.41211
CVE-2017-1557,0.00087,0.36454
CVE-2017-15570,0.00101,0.41211
CVE-2017-15571,0.00101,0.41211
CVE-2017-15572,0.00348,0.68893
CVE-2017-15573,0.00095,0.39580
CVE-2017-15574,0.00095,0.39580
CVE-2017-15575,0.00397,0.70888
CVE-2017-15576,0.00348,0.68893
CVE-2017-15577,0.00348,0.68893
CVE-2017-15578,0.00075,0.31099
CVE-2017-15579,0.00156,0.52043
CVE-2017-1558,0.00192,0.56850
CVE-2017-15580,0.03996,0.91201
CVE-2017-15581,0.00523,0.74501
CVE-2017-15582,0.00177,0.54866
CVE-2017-15583,0.00081,0.33679
CVE-2017-15587,0.00156,0.52065
CVE-2017-15588,0.00075,0.31091
CVE-2017-15589,0.00062,0.24540
CVE-2017-1559,0.00050,0.16691
CVE-2017-15590,0.00062,0.24773
CVE-2017-15591,0.00044,0.10161
CVE-2017-15592,0.00062,0.24773
CVE-2017-15593,0.00062,0.24773
CVE-2017-15594,0.00062,0.24773
CVE-2017-15595,0.00103,0.41792
CVE-2017-15596,0.00052,0.18252
CVE-2017-15597,0.00236,0.61818
CVE-2017-1560,0.00059,0.23108
CVE-2017-15600,0.00149,0.50917
CVE-2017-15601,0.00186,0.55896
CVE-2017-15602,0.00182,0.55528
CVE-2017-15607,0.00214,0.59510
CVE-2017-15608,0.00053,0.19032
CVE-2017-15609,0.00168,0.53801
CVE-2017-1561,0.00046,0.12569
CVE-2017-15610,0.00065,0.26756
CVE-2017-15611,0.00054,0.19226
CVE-2017-15612,0.00088,0.37136
CVE-2017-15613,0.00150,0.51079
CVE-2017-15614,0.00150,0.51079
CVE-2017-15615,0.00150,0.51079
CVE-2017-15616,0.00150,0.51079
CVE-2017-15617,0.00150,0.51079
CVE-2017-15618,0.00150,0.51079
CVE-2017-15619,0.00150,0.51079
CVE-2017-1562,0.00046,0.12569
CVE-2017-15620,0.00150,0.51079
CVE-2017-15621,0.00150,0.51079
CVE-2017-15622,0.00150,0.51079
CVE-2017-15623,0.00150,0.51079
CVE-2017-15624,0.00150,0.51079
CVE-2017-15625,0.00150,0.51079
CVE-2017-15626,0.00150,0.51079
CVE-2017-15627,0.00150,0.51079
CVE-2017-15628,0.00150,0.51079
CVE-2017-15629,0.00150,0.51079
CVE-2017-1563,0.00059,0.23108
CVE-2017-15630,0.00150,0.51079
CVE-2017-15631,0.00150,0.51079
CVE-2017-15632,0.00150,0.51079
CVE-2017-15633,0.00150,0.51079
CVE-2017-15634,0.00150,0.51079
CVE-2017-15635,0.00150,0.51079
CVE-2017-15636,0.00150,0.51079
CVE-2017-15637,0.00150,0.51079
CVE-2017-15638,0.00224,0.60710
CVE-2017-15639,0.01204,0.83785
CVE-2017-1564,0.00046,0.12569
CVE-2017-15640,0.00050,0.16378
CVE-2017-15642,0.00161,0.52712
CVE-2017-15643,0.01979,0.87602
CVE-2017-15644,0.00165,0.53184
CVE-2017-15645,0.00287,0.65668
CVE-2017-15646,0.00313,0.67135
CVE-2017-15647,0.02013,0.87726
CVE-2017-15648,0.00113,0.44678
CVE-2017-15649,0.00042,0.00438
CVE-2017-1565,0.00046,0.12569
CVE-2017-15650,0.00410,0.71267
CVE-2017-15651,0.00945,0.81481
CVE-2017-15652,0.00101,0.41122
CVE-2017-15653,0.00092,0.38848
CVE-2017-15654,0.00242,0.62298
CVE-2017-15655,0.00373,0.69945
CVE-2017-15656,0.00119,0.45956
CVE-2017-15662,0.01387,0.85008
CVE-2017-15663,0.01873,0.87185
CVE-2017-15664,0.01387,0.85008
CVE-2017-15665,0.01387,0.85008
CVE-2017-15667,0.00754,0.79118
CVE-2017-1567,0.00059,0.23108
CVE-2017-15670,0.00259,0.63771
CVE-2017-15671,0.00099,0.40607
CVE-2017-15672,0.00763,0.79266
CVE-2017-15673,0.00099,0.40660
CVE-2017-1568,0.00050,0.16691
CVE-2017-15680,0.00081,0.33687
CVE-2017-15681,0.00305,0.66735
CVE-2017-15682,0.00090,0.37826
CVE-2017-15683,0.00178,0.55045
CVE-2017-15684,0.00259,0.63682
CVE-2017-15685,0.00178,0.55045
CVE-2017-15686,0.00115,0.45113
CVE-2017-15687,0.00072,0.29726
CVE-2017-1569,0.00229,0.61135
CVE-2017-15691,0.00056,0.21087
CVE-2017-15692,0.01527,0.85732
CVE-2017-15693,0.01171,0.83527
CVE-2017-15694,0.00054,0.19197
CVE-2017-15695,0.00615,0.76546
CVE-2017-15696,0.00068,0.28324
CVE-2017-15697,0.00744,0.78962
CVE-2017-15698,0.00419,0.71571
CVE-2017-15699,0.00098,0.40344
CVE-2017-1570,0.00065,0.26968
CVE-2017-15700,0.00065,0.27110
CVE-2017-15701,0.00455,0.72655
CVE-2017-15702,0.00305,0.66667
CVE-2017-15703,0.00055,0.20321
CVE-2017-15705,0.01470,0.85423
CVE-2017-15706,0.00451,0.72542
CVE-2017-15707,0.00233,0.61460
CVE-2017-15708,0.02613,0.89281
CVE-2017-15709,0.00181,0.55358
CVE-2017-1571,0.00051,0.17134
CVE-2017-15710,0.02321,0.88659
CVE-2017-15712,0.00047,0.13903
CVE-2017-15713,0.00047,0.14017
CVE-2017-15714,0.00224,0.60739
CVE-2017-15715,0.96163,0.99400
CVE-2017-15717,0.00188,0.56367
CVE-2017-15718,0.00209,0.58869
CVE-2017-15719,0.00067,0.27787
CVE-2017-15720,0.00063,0.25604
CVE-2017-15721,0.00286,0.65584
CVE-2017-15722,0.00286,0.65584
CVE-2017-15723,0.00225,0.60863
CVE-2017-15725,0.00210,0.58968
CVE-2017-15727,0.00069,0.28753
CVE-2017-15728,0.00054,0.19226
CVE-2017-15729,0.00073,0.30112
CVE-2017-15730,0.00192,0.57000
CVE-2017-15731,0.00073,0.30112
CVE-2017-15732,0.00073,0.30112
CVE-2017-15733,0.00073,0.30112
CVE-2017-15734,0.00073,0.30112
CVE-2017-15735,0.00073,0.30112
CVE-2017-15736,0.00183,0.55643
CVE-2017-15737,0.00063,0.25378
CVE-2017-15738,0.00063,0.25378
CVE-2017-15739,0.00072,0.29986
CVE-2017-15740,0.00072,0.29986
CVE-2017-15741,0.00063,0.25378
CVE-2017-15742,0.00063,0.25378
CVE-2017-15743,0.00063,0.25378
CVE-2017-15744,0.00072,0.29986
CVE-2017-15745,0.00063,0.25378
CVE-2017-15746,0.00063,0.25378
CVE-2017-15747,0.00072,0.29986
CVE-2017-15748,0.00072,0.29986
CVE-2017-15749,0.00063,0.25378
CVE-2017-1575,0.00042,0.05722
CVE-2017-15750,0.00063,0.25378
CVE-2017-15751,0.00063,0.25378
CVE-2017-15752,0.00072,0.29986
CVE-2017-15753,0.00063,0.25378
CVE-2017-15754,0.00072,0.29986
CVE-2017-15755,0.00063,0.25378
CVE-2017-15756,0.00072,0.29986
CVE-2017-15757,0.00063,0.25378
CVE-2017-15758,0.00072,0.29986
CVE-2017-15759,0.00072,0.29986
CVE-2017-15760,0.00072,0.29986
CVE-2017-15761,0.00072,0.29986
CVE-2017-15762,0.00072,0.29986
CVE-2017-15763,0.00072,0.29986
CVE-2017-15764,0.00063,0.25378
CVE-2017-15765,0.00063,0.25378
CVE-2017-15766,0.00063,0.25378
CVE-2017-15767,0.00072,0.29986
CVE-2017-15768,0.00063,0.25378
CVE-2017-15769,0.00063,0.25378
CVE-2017-1577,0.00183,0.55671
CVE-2017-15772,0.00063,0.25378
CVE-2017-15773,0.00063,0.25378
CVE-2017-15774,0.00072,0.29986
CVE-2017-15775,0.00063,0.25378
CVE-2017-15776,0.00063,0.25378
CVE-2017-15777,0.00072,0.29986
CVE-2017-15778,0.00063,0.25378
CVE-2017-15779,0.00072,0.29986
CVE-2017-15780,0.00063,0.25378
CVE-2017-15781,0.00072,0.29986
CVE-2017-15782,0.00072,0.29986
CVE-2017-15783,0.00063,0.25378
CVE-2017-15784,0.00072,0.29986
CVE-2017-15785,0.00072,0.29986
CVE-2017-15786,0.00063,0.25378
CVE-2017-15787,0.00072,0.29986
CVE-2017-15788,0.00072,0.29986
CVE-2017-15789,0.00072,0.29986
CVE-2017-15801,0.00063,0.25378
CVE-2017-15802,0.00063,0.25378
CVE-2017-15803,0.00063,0.25378
CVE-2017-15804,0.00328,0.67973
CVE-2017-15805,0.00172,0.54296
CVE-2017-15806,0.14586,0.95277
CVE-2017-15808,0.00073,0.30112
CVE-2017-15809,0.00079,0.32992
CVE-2017-15810,0.00065,0.26870
CVE-2017-15811,0.00074,0.30560
CVE-2017-15812,0.00085,0.35433
CVE-2017-15813,0.00119,0.45929
CVE-2017-15814,0.00042,0.05722
CVE-2017-15815,0.00252,0.63159
CVE-2017-15817,0.00063,0.25160
CVE-2017-15818,0.00052,0.18252
CVE-2017-15820,0.00044,0.10161
CVE-2017-15821,0.00052,0.18252
CVE-2017-15822,0.00054,0.19462
CVE-2017-15823,0.00044,0.10161
CVE-2017-15824,0.00044,0.10161
CVE-2017-15825,0.00052,0.18252
CVE-2017-15826,0.00044,0.10161
CVE-2017-15828,0.00044,0.10161
CVE-2017-15829,0.00044,0.10161
CVE-2017-1583,0.00205,0.58547
CVE-2017-15830,0.00044,0.10161
CVE-2017-15831,0.00044,0.10161
CVE-2017-15833,0.00044,0.10161
CVE-2017-15834,0.00044,0.10161
CVE-2017-15835,0.00052,0.17999
CVE-2017-15836,0.00073,0.30255
CVE-2017-15837,0.00066,0.27588
CVE-2017-15841,0.00044,0.10161
CVE-2017-15842,0.00044,0.10161
CVE-2017-15843,0.00044,0.10161
CVE-2017-15844,0.00044,0.10161
CVE-2017-15845,0.00044,0.10161
CVE-2017-15846,0.00044,0.10161
CVE-2017-15847,0.00044,0.10161
CVE-2017-15848,0.00044,0.10161
CVE-2017-15849,0.00103,0.41676
CVE-2017-15850,0.00080,0.33409
CVE-2017-15851,0.00044,0.10161
CVE-2017-15852,0.00044,0.10161
CVE-2017-15853,0.00066,0.27588
CVE-2017-15854,0.00044,0.10161
CVE-2017-15855,0.00044,0.10161
CVE-2017-15856,0.00052,0.18252
CVE-2017-15857,0.00044,0.10161
CVE-2017-15859,0.00085,0.35248
CVE-2017-15860,0.00066,0.27605
CVE-2017-15861,0.00044,0.10161
CVE-2017-15862,0.00044,0.10161
CVE-2017-15863,0.00050,0.16474
CVE-2017-15864,0.00133,0.48428
CVE-2017-15865,0.00325,0.67793
CVE-2017-15867,0.00093,0.39012
CVE-2017-15868,0.00042,0.05722
CVE-2017-15869,0.00162,0.52828
CVE-2017-15870,0.00044,0.10161
CVE-2017-15871,0.00124,0.46813
CVE-2017-15872,0.00049,0.15164
CVE-2017-15873,0.00090,0.37846
CVE-2017-15874,0.00067,0.27774
CVE-2017-15875,0.00184,0.55767
CVE-2017-15876,0.00267,0.64375
CVE-2017-15877,0.01050,0.82489
CVE-2017-15878,0.00344,0.68711
CVE-2017-15879,0.01386,0.85002
CVE-2017-15880,0.00209,0.58875
CVE-2017-15881,0.00143,0.50105
CVE-2017-15882,0.00252,0.63202
CVE-2017-15883,0.00714,0.78508
CVE-2017-15884,0.00062,0.24874
CVE-2017-15885,0.00125,0.47070
CVE-2017-15886,0.00059,0.22814
CVE-2017-15887,0.00100,0.40985
CVE-2017-15888,0.00054,0.19121
CVE-2017-15889,0.14915,0.95326
CVE-2017-15890,0.00054,0.19121
CVE-2017-15891,0.00053,0.18880
CVE-2017-15892,0.00054,0.19121
CVE-2017-15893,0.00066,0.27472
CVE-2017-15894,0.00062,0.24549
CVE-2017-15895,0.00062,0.24549
CVE-2017-15896,0.00104,0.42383
CVE-2017-15897,0.00054,0.19226
CVE-2017-15906,0.00660,0.77475
CVE-2017-15907,0.00184,0.55767
CVE-2017-15908,0.95505,0.99256
CVE-2017-15909,0.00651,0.77286
CVE-2017-1591,0.00105,0.42652
CVE-2017-15911,0.00053,0.18594
CVE-2017-15913,0.00070,0.28841
CVE-2017-15914,0.00235,0.61619
CVE-2017-15917,0.00065,0.26756
CVE-2017-15918,0.00084,0.34973
CVE-2017-15919,0.00306,0.66779
CVE-2017-1592,0.00050,0.16691
CVE-2017-15920,0.00073,0.29999
CVE-2017-15921,0.00073,0.29999
CVE-2017-15922,0.00071,0.29213
CVE-2017-15923,0.00880,0.80757
CVE-2017-15924,0.00099,0.40764
CVE-2017-15928,0.00135,0.48780
CVE-2017-1593,0.00059,0.23108
CVE-2017-15930,0.00698,0.78223
CVE-2017-15931,0.00210,0.59008
CVE-2017-15932,0.00224,0.60769
CVE-2017-15933,0.00143,0.50026
CVE-2017-15934,0.00054,0.19226
CVE-2017-15935,0.00089,0.37441
CVE-2017-15936,0.00054,0.19226
CVE-2017-15937,0.00064,0.26126
CVE-2017-15938,0.00942,0.81447
CVE-2017-15939,0.00295,0.66141
CVE-2017-15940,0.06447,0.93031
CVE-2017-15941,0.00107,0.43129
CVE-2017-15942,0.00441,0.72274
CVE-2017-15943,0.00189,0.56448
CVE-2017-15944,0.97314,0.99860
CVE-2017-15945,0.00042,0.05722
CVE-2017-15946,0.00275,0.64864
CVE-2017-15947,0.00116,0.45264
CVE-2017-15948,0.00057,0.21504
CVE-2017-15949,0.00091,0.38649
CVE-2017-1595,0.00042,0.05722
CVE-2017-15950,0.00477,0.73250
CVE-2017-15951,0.00042,0.05722
CVE-2017-15953,0.00160,0.52620
CVE-2017-15954,0.00160,0.52620
CVE-2017-15955,0.00160,0.52620
CVE-2017-15956,0.00898,0.80968
CVE-2017-15957,0.00645,0.77139
CVE-2017-15958,0.00197,0.57642
CVE-2017-15959,0.00224,0.60755
CVE-2017-1596,0.00042,0.05722
CVE-2017-15960,0.00197,0.57642
CVE-2017-15961,0.00197,0.57642
CVE-2017-15962,0.01940,0.87460
CVE-2017-15963,0.00224,0.60755
CVE-2017-15964,0.00197,0.57642
CVE-2017-15965,0.00372,0.69900
CVE-2017-15966,0.00372,0.69900
CVE-2017-15967,0.00224,0.60755
CVE-2017-15968,0.00224,0.60755
CVE-2017-15969,0.00224,0.60755
CVE-2017-1597,0.00135,0.48686
CVE-2017-15970,0.00285,0.65529
CVE-2017-15971,0.00224,0.60755
CVE-2017-15972,0.00224,0.60755
CVE-2017-15973,0.00224,0.60755
CVE-2017-15974,0.00219,0.59907
CVE-2017-15975,0.00285,0.65529
CVE-2017-15976,0.00285,0.65529
CVE-2017-15977,0.00282,0.65295
CVE-2017-15978,0.00282,0.65295
CVE-2017-15979,0.00282,0.65295
CVE-2017-1598,0.00115,0.45003
CVE-2017-15980,0.00282,0.65295
CVE-2017-15981,0.00282,0.65295
CVE-2017-15982,0.00282,0.65295
CVE-2017-15983,0.00282,0.65295
CVE-2017-15984,0.00282,0.65295
CVE-2017-15985,0.00282,0.65295
CVE-2017-15986,0.00282,0.65295
CVE-2017-15987,0.00282,0.65295
CVE-2017-15988,0.00282,0.65295
CVE-2017-15989,0.00282,0.65295
CVE-2017-15990,0.01674,0.86379
CVE-2017-15991,0.00282,0.65295
CVE-2017-15992,0.00282,0.65295
CVE-2017-15993,0.00282,0.65295
CVE-2017-15994,0.00745,0.78976
CVE-2017-15996,0.00279,0.65120
CVE-2017-15997,0.00044,0.10161
CVE-2017-15998,0.00210,0.58971
CVE-2017-15999,0.00222,0.60556
CVE-2017-1600,0.00049,0.15902
CVE-2017-16000,0.00109,0.43807
CVE-2017-16001,0.00062,0.24874
CVE-2017-16003,0.01210,0.83829
CVE-2017-16005,0.00081,0.33647
CVE-2017-16006,0.00071,0.29370
CVE-2017-16007,0.00223,0.60706
CVE-2017-16008,0.00071,0.29370
CVE-2017-16009,0.00169,0.53912
CVE-2017-1601,0.00335,0.68360
CVE-2017-16010,0.00101,0.41201
CVE-2017-16013,0.00097,0.40190
CVE-2017-16014,0.00097,0.40190
CVE-2017-16015,0.00084,0.35108
CVE-2017-16016,0.00084,0.34828
CVE-2017-16017,0.00119,0.45971
CVE-2017-16018,0.00101,0.41201
CVE-2017-16019,0.00076,0.31249
CVE-2017-1602,0.00063,0.24898
CVE-2017-16020,0.00206,0.58599
CVE-2017-16021,0.00068,0.28144
CVE-2017-16022,0.00066,0.27550
CVE-2017-16023,0.00107,0.43234
CVE-2017-16024,0.00123,0.46656
CVE-2017-16025,0.00202,0.58148
CVE-2017-16026,0.00185,0.55887
CVE-2017-16028,0.00079,0.33096
CVE-2017-16029,0.00190,0.56629
CVE-2017-16030,0.00115,0.45086
CVE-2017-16031,0.00180,0.55278
CVE-2017-16035,0.00159,0.52424
CVE-2017-16036,0.00389,0.70590
CVE-2017-16037,0.00389,0.70590
CVE-2017-16038,0.00184,0.55751
CVE-2017-16039,0.00389,0.70590
CVE-2017-1604,0.00062,0.24327
CVE-2017-16040,0.00242,0.62300
CVE-2017-16041,0.00128,0.47518
CVE-2017-16042,0.00534,0.74770
CVE-2017-16043,0.00075,0.31108
CVE-2017-16044,0.00168,0.53801
CVE-2017-16045,0.00168,0.53801
CVE-2017-16046,0.00168,0.53801
CVE-2017-16047,0.00168,0.53801
CVE-2017-16048,0.00168,0.53801
CVE-2017-16049,0.00168,0.53801
CVE-2017-16050,0.00168,0.53801
CVE-2017-16051,0.00168,0.53801
CVE-2017-16052,0.00168,0.53801
CVE-2017-16053,0.00168,0.53801
CVE-2017-16054,0.00168,0.53801
CVE-2017-16055,0.00168,0.53801
CVE-2017-16056,0.00168,0.53801
CVE-2017-16057,0.00168,0.53801
CVE-2017-16058,0.00168,0.53801
CVE-2017-16059,0.00168,0.53801
CVE-2017-1606,0.00125,0.47023
CVE-2017-16060,0.00168,0.53801
CVE-2017-16061,0.00168,0.53801
CVE-2017-16062,0.00168,0.53801
CVE-2017-16063,0.00168,0.53801
CVE-2017-16064,0.00168,0.53801
CVE-2017-16065,0.00168,0.53801
CVE-2017-16066,0.00168,0.53801
CVE-2017-16067,0.00168,0.53801
CVE-2017-16068,0.00168,0.53801
CVE-2017-16069,0.00168,0.53801
CVE-2017-1607,0.00059,0.23108
CVE-2017-16070,0.00168,0.53801
CVE-2017-16071,0.00168,0.53801
CVE-2017-16072,0.00168,0.53801
CVE-2017-16073,0.00168,0.53801
CVE-2017-16074,0.00168,0.53801
CVE-2017-16075,0.00168,0.53801
CVE-2017-16076,0.00168,0.53801
CVE-2017-16077,0.00588,0.75977
CVE-2017-16078,0.00168,0.53801
CVE-2017-16079,0.00168,0.53801
CVE-2017-1608,0.00046,0.12569
CVE-2017-16080,0.00168,0.53801
CVE-2017-16081,0.00168,0.53801
CVE-2017-16082,0.05442,0.92452
CVE-2017-16083,0.00582,0.75826
CVE-2017-16084,0.00643,0.77117
CVE-2017-16085,0.00582,0.75826
CVE-2017-16086,0.00840,0.80310
CVE-2017-16088,0.00284,0.65446
CVE-2017-16089,0.00582,0.75826
CVE-2017-1609,0.00058,0.21937
CVE-2017-16090,0.00582,0.75826
CVE-2017-16091,0.00902,0.81029
CVE-2017-16092,0.00582,0.75826
CVE-2017-16093,0.00582,0.75826
CVE-2017-16094,0.00582,0.75826
CVE-2017-16095,0.00582,0.75826
CVE-2017-16096,0.00582,0.75826
CVE-2017-16097,0.00582,0.75826
CVE-2017-16098,0.00119,0.45911
CVE-2017-16099,0.00097,0.40190
CVE-2017-16100,0.00843,0.80350
CVE-2017-16101,0.00582,0.75826
CVE-2017-16102,0.00582,0.75826
CVE-2017-16103,0.00582,0.75826
CVE-2017-16104,0.00582,0.75826
CVE-2017-16105,0.00582,0.75826
CVE-2017-16106,0.00582,0.75826
CVE-2017-16107,0.00643,0.77117
CVE-2017-16108,0.00582,0.75826
CVE-2017-16109,0.00094,0.39432
CVE-2017-16110,0.00582,0.75826
CVE-2017-16111,0.00103,0.41969
CVE-2017-16113,0.00107,0.43152
CVE-2017-16114,0.00108,0.43316
CVE-2017-16115,0.00097,0.40190
CVE-2017-16116,0.00108,0.43316
CVE-2017-16117,0.00097,0.40190
CVE-2017-16118,0.00088,0.37040
CVE-2017-16119,0.00103,0.41969
CVE-2017-1612,0.00049,0.15845
CVE-2017-16120,0.00389,0.70590
CVE-2017-16121,0.00389,0.70590
CVE-2017-16122,0.00389,0.70590
CVE-2017-16123,0.00389,0.70590
CVE-2017-16124,0.00389,0.70590
CVE-2017-16125,0.00389,0.70590
CVE-2017-16126,0.00084,0.34791
CVE-2017-16127,0.00222,0.60556
CVE-2017-16128,0.00222,0.60556
CVE-2017-16129,0.00097,0.40190
CVE-2017-1613,0.00231,0.61295
CVE-2017-16130,0.00389,0.70590
CVE-2017-16131,0.00389,0.70590
CVE-2017-16132,0.00389,0.70590
CVE-2017-16133,0.00389,0.70590
CVE-2017-16134,0.00389,0.70590
CVE-2017-16135,0.00389,0.70590
CVE-2017-16136,0.00103,0.41969
CVE-2017-16137,0.00296,0.66187
CVE-2017-16138,0.00119,0.45911
CVE-2017-16139,0.00389,0.70590
CVE-2017-16140,0.00389,0.70590
CVE-2017-16141,0.00389,0.70590
CVE-2017-16142,0.00389,0.70590
CVE-2017-16143,0.00389,0.70590
CVE-2017-16144,0.00389,0.70590
CVE-2017-16145,0.00389,0.70590
CVE-2017-16146,0.00389,0.70590
CVE-2017-16147,0.00389,0.70590
CVE-2017-16148,0.00389,0.70590
CVE-2017-16149,0.00389,0.70590
CVE-2017-16150,0.00389,0.70590
CVE-2017-16151,0.01326,0.84625
CVE-2017-16152,0.00389,0.70590
CVE-2017-16153,0.00258,0.63629
CVE-2017-16154,0.00389,0.70590
CVE-2017-16155,0.00389,0.70590
CVE-2017-16156,0.00389,0.70590
CVE-2017-16157,0.00389,0.70590
CVE-2017-16158,0.00389,0.70590
CVE-2017-16159,0.00389,0.70590
CVE-2017-16160,0.00389,0.70590
CVE-2017-16161,0.00389,0.70590
CVE-2017-16162,0.00389,0.70590
CVE-2017-16163,0.00389,0.70590
CVE-2017-16164,0.00389,0.70590
CVE-2017-16165,0.00389,0.70590
CVE-2017-16166,0.00389,0.70590
CVE-2017-16167,0.00389,0.70590
CVE-2017-16168,0.00389,0.70590
CVE-2017-16169,0.00389,0.70590
CVE-2017-16170,0.00389,0.70590
CVE-2017-16171,0.00389,0.70590
CVE-2017-16172,0.00389,0.70590
CVE-2017-16173,0.00389,0.70590
CVE-2017-16174,0.00389,0.70590
CVE-2017-16175,0.00389,0.70590
CVE-2017-16176,0.00389,0.70590
CVE-2017-16177,0.00389,0.70590
CVE-2017-16178,0.00389,0.70590
CVE-2017-16179,0.00094,0.39432
CVE-2017-16180,0.00389,0.70590
CVE-2017-16181,0.00389,0.70590
CVE-2017-16182,0.00389,0.70590
CVE-2017-16183,0.00389,0.70590
CVE-2017-16184,0.00389,0.70590
CVE-2017-16185,0.00389,0.70590
CVE-2017-16186,0.00389,0.70590
CVE-2017-16187,0.00389,0.70590
CVE-2017-16188,0.00389,0.70590
CVE-2017-16189,0.00389,0.70590
CVE-2017-16190,0.00389,0.70590
CVE-2017-16191,0.00389,0.70590
CVE-2017-16192,0.00389,0.70590
CVE-2017-16193,0.00389,0.70590
CVE-2017-16194,0.00389,0.70590
CVE-2017-16195,0.00389,0.70590
CVE-2017-16196,0.00389,0.70590
CVE-2017-16197,0.00470,0.73053
CVE-2017-16198,0.00389,0.70590
CVE-2017-16199,0.00389,0.70590
CVE-2017-16200,0.00389,0.70590
CVE-2017-16201,0.00389,0.70590
CVE-2017-16202,0.00168,0.53801
CVE-2017-16203,0.00168,0.53801
CVE-2017-16204,0.00168,0.53801
CVE-2017-16205,0.00168,0.53801
CVE-2017-16206,0.00168,0.53801
CVE-2017-16207,0.00092,0.38838
CVE-2017-16208,0.00389,0.70590
CVE-2017-16209,0.00389,0.70590
CVE-2017-1621,0.00046,0.12569
CVE-2017-16210,0.00389,0.70590
CVE-2017-16211,0.00389,0.70590
CVE-2017-16212,0.00389,0.70590
CVE-2017-16213,0.00389,0.70590
CVE-2017-16214,0.00389,0.70590
CVE-2017-16215,0.00389,0.70590
CVE-2017-16216,0.00389,0.70590
CVE-2017-16217,0.00389,0.70590
CVE-2017-16218,0.00389,0.70590
CVE-2017-16219,0.00389,0.70590
CVE-2017-1622,0.00077,0.31635
CVE-2017-16220,0.00389,0.70590
CVE-2017-16221,0.00389,0.70590
CVE-2017-16222,0.00094,0.39432
CVE-2017-16223,0.00389,0.70590
CVE-2017-16224,0.00105,0.42625
CVE-2017-16225,0.00168,0.53801
CVE-2017-16226,0.01548,0.85831
CVE-2017-16227,0.01122,0.83127
CVE-2017-16228,0.00362,0.69519
CVE-2017-16229,0.00065,0.27051
CVE-2017-1623,0.00108,0.43505
CVE-2017-16230,0.00057,0.21504
CVE-2017-16231,0.00070,0.29089
CVE-2017-16232,0.01625,0.86205
CVE-2017-16237,0.00074,0.30486
CVE-2017-16239,0.00133,0.48334
CVE-2017-1624,0.00050,0.16691
CVE-2017-16241,0.00283,0.65363
CVE-2017-16242,0.00156,0.51995
CVE-2017-16244,0.00196,0.57580
CVE-2017-16248,0.00277,0.64939
CVE-2017-16249,0.04168,0.91382
CVE-2017-1625,0.00131,0.47999
CVE-2017-16250,0.00085,0.35272
CVE-2017-16251,0.00105,0.42482
CVE-2017-16252,0.00083,0.34280
CVE-2017-16253,0.00099,0.40584
CVE-2017-16254,0.00099,0.40584
CVE-2017-16255,0.00069,0.28712
CVE-2017-16256,0.00081,0.33665
CVE-2017-16257,0.00081,0.33665
CVE-2017-16258,0.00081,0.33665
CVE-2017-16259,0.00081,0.33665
CVE-2017-16260,0.00081,0.33665
CVE-2017-16261,0.00081,0.33665
CVE-2017-16262,0.00081,0.33665
CVE-2017-16263,0.00081,0.33665
CVE-2017-16264,0.00081,0.33665
CVE-2017-16265,0.00081,0.33665
CVE-2017-16266,0.00081,0.33665
CVE-2017-16267,0.00081,0.33665
CVE-2017-16268,0.00081,0.33665
CVE-2017-16269,0.00081,0.33665
CVE-2017-16270,0.00081,0.33665
CVE-2017-16271,0.00084,0.34851
CVE-2017-16272,0.00084,0.34851
CVE-2017-16273,0.00084,0.34851
CVE-2017-16274,0.00084,0.34851
CVE-2017-16275,0.00084,0.34851
CVE-2017-16276,0.00084,0.34851
CVE-2017-16277,0.00084,0.34851
CVE-2017-16278,0.00084,0.34851
CVE-2017-16279,0.00084,0.34851
CVE-2017-1628,0.00131,0.48061
CVE-2017-16280,0.00084,0.34851
CVE-2017-16281,0.00084,0.34851
CVE-2017-16282,0.00084,0.34851
CVE-2017-16283,0.00084,0.34851
CVE-2017-16284,0.00084,0.34851
CVE-2017-16285,0.00084,0.34851
CVE-2017-16286,0.00084,0.34851
CVE-2017-16287,0.00084,0.34851
CVE-2017-16288,0.00084,0.34851
CVE-2017-16289,0.00084,0.34851
CVE-2017-1629,0.00062,0.24327
CVE-2017-16290,0.00084,0.34851
CVE-2017-16291,0.00084,0.34851
CVE-2017-16292,0.00084,0.34851
CVE-2017-16293,0.00081,0.33665
CVE-2017-16294,0.00081,0.33665
CVE-2017-16295,0.00081,0.33665
CVE-2017-16296,0.00081,0.33665
CVE-2017-16297,0.00081,0.33665
CVE-2017-16298,0.00081,0.33665
CVE-2017-16299,0.00081,0.33665
CVE-2017-16300,0.00081,0.33665
CVE-2017-16301,0.00081,0.33665
CVE-2017-16302,0.00081,0.33665
CVE-2017-16303,0.00081,0.33665
CVE-2017-16304,0.00084,0.34851
CVE-2017-16305,0.00084,0.34851
CVE-2017-16306,0.00084,0.34851
CVE-2017-16307,0.00084,0.34851
CVE-2017-16308,0.00084,0.34851
CVE-2017-16309,0.00084,0.34851
CVE-2017-1631,0.00061,0.24135
CVE-2017-16310,0.00084,0.34851
CVE-2017-16311,0.00084,0.34851
CVE-2017-16312,0.00084,0.34851
CVE-2017-16313,0.00084,0.34851
CVE-2017-16314,0.00084,0.34851
CVE-2017-16315,0.00084,0.34851
CVE-2017-16316,0.00084,0.34851
CVE-2017-16317,0.00084,0.34851
CVE-2017-16318,0.00084,0.34851
CVE-2017-16319,0.00084,0.34851
CVE-2017-1632,0.00062,0.24327
CVE-2017-16320,0.00084,0.34851
CVE-2017-16321,0.00084,0.34851
CVE-2017-16322,0.00081,0.33665
CVE-2017-16323,0.00081,0.33665
CVE-2017-16324,0.00081,0.33665
CVE-2017-16325,0.00081,0.33665
CVE-2017-16326,0.00081,0.33665
CVE-2017-16327,0.00081,0.33665
CVE-2017-16328,0.00081,0.33665
CVE-2017-16329,0.00081,0.33665
CVE-2017-1633,0.00087,0.35918
CVE-2017-16330,0.00081,0.33665
CVE-2017-16331,0.00081,0.33665
CVE-2017-16332,0.00084,0.34851
CVE-2017-16333,0.00084,0.34851
CVE-2017-16334,0.00084,0.34851
CVE-2017-16335,0.00084,0.34851
CVE-2017-16336,0.00084,0.34851
CVE-2017-16337,0.00101,0.41103
CVE-2017-16338,0.00101,0.41103
CVE-2017-16339,0.00101,0.41103
CVE-2017-16340,0.00101,0.41103
CVE-2017-16341,0.00101,0.41103
CVE-2017-16342,0.00101,0.41103
CVE-2017-16343,0.00101,0.41103
CVE-2017-16344,0.00101,0.41103
CVE-2017-16345,0.00101,0.41103
CVE-2017-16346,0.00101,0.41103
CVE-2017-16347,0.00101,0.41103
CVE-2017-16348,0.00115,0.45086
CVE-2017-16349,0.00099,0.40599
CVE-2017-1635,0.00707,0.78363
CVE-2017-16352,0.00420,0.71613
CVE-2017-16353,0.00343,0.68690
CVE-2017-16355,0.00057,0.21321
CVE-2017-16356,0.00116,0.45318
CVE-2017-16357,0.00084,0.34932
CVE-2017-16358,0.00070,0.28841
CVE-2017-16359,0.00159,0.52450
CVE-2017-16360,0.01483,0.85483
CVE-2017-16361,0.07479,0.93494
CVE-2017-16362,0.00924,0.81278
CVE-2017-16363,0.03751,0.90961
CVE-2017-16364,0.00755,0.79143
CVE-2017-16365,0.02740,0.89538
CVE-2017-16366,0.01710,0.86507
CVE-2017-16367,0.01601,0.86082
CVE-2017-16368,0.02127,0.88107
CVE-2017-16369,0.00284,0.65468
CVE-2017-16370,0.00924,0.81278
CVE-2017-16371,0.00755,0.79143
CVE-2017-16372,0.00755,0.79143
CVE-2017-16373,0.00755,0.79143
CVE-2017-16374,0.03751,0.90961
CVE-2017-16375,0.00755,0.79143
CVE-2017-16376,0.00924,0.81278
CVE-2017-16377,0.00827,0.80149
CVE-2017-16378,0.00827,0.80149
CVE-2017-16379,0.01601,0.86082
CVE-2017-16380,0.00583,0.75851
CVE-2017-16381,0.01607,0.86124
CVE-2017-16382,0.10121,0.94422
CVE-2017-16383,0.69233,0.97723
CVE-2017-16384,0.03970,0.91180
CVE-2017-16385,0.01895,0.87288
CVE-2017-16386,0.01456,0.85364
CVE-2017-16387,0.01456,0.85364
CVE-2017-16388,0.01483,0.85483
CVE-2017-16389,0.01483,0.85483
CVE-2017-16390,0.01483,0.85483
CVE-2017-16391,0.11969,0.94865
CVE-2017-16392,0.01269,0.84258
CVE-2017-16393,0.01483,0.85483
CVE-2017-16394,0.01057,0.82550
CVE-2017-16395,0.16756,0.95568
CVE-2017-16396,0.03517,0.90671
CVE-2017-16397,0.10121,0.94422
CVE-2017-16398,0.01253,0.84137
CVE-2017-16399,0.01366,0.84897
CVE-2017-16400,0.10121,0.94422
CVE-2017-16401,0.10121,0.94422
CVE-2017-16402,0.10121,0.94422
CVE-2017-16403,0.10121,0.94422
CVE-2017-16404,0.02655,0.89372
CVE-2017-16405,0.00924,0.81278
CVE-2017-16406,0.05790,0.92654
CVE-2017-16407,0.01971,0.87561
CVE-2017-16408,0.01057,0.82550
CVE-2017-16409,0.10121,0.94422
CVE-2017-16410,0.00774,0.79435
CVE-2017-16411,0.00872,0.80659
CVE-2017-16412,0.01233,0.84007
CVE-2017-16413,0.04611,0.91762
CVE-2017-16414,0.01233,0.84007
CVE-2017-16415,0.04611,0.91762
CVE-2017-16416,0.04611,0.91762
CVE-2017-16417,0.06045,0.92798
CVE-2017-16418,0.01233,0.84007
CVE-2017-16419,0.00402,0.71013
CVE-2017-16420,0.00924,0.81278
CVE-2017-1649,0.00051,0.17418
CVE-2017-1650,0.00059,0.23108
CVE-2017-1651,0.00046,0.12569
CVE-2017-16510,0.00389,0.70599
CVE-2017-16512,0.00042,0.05722
CVE-2017-16513,0.00310,0.67004
CVE-2017-16514,0.00079,0.32992
CVE-2017-16516,0.00985,0.81899
CVE-2017-1652,0.00050,0.16691
CVE-2017-16520,0.00147,0.50658
CVE-2017-16521,0.00504,0.74026
CVE-2017-16522,0.00382,0.70293
CVE-2017-16523,0.00957,0.81618
CVE-2017-16524,0.50832,0.97261
CVE-2017-16525,0.00042,0.05722
CVE-2017-16526,0.00042,0.05722
CVE-2017-16527,0.00042,0.05722
CVE-2017-16528,0.00042,0.05722
CVE-2017-16529,0.00042,0.05722
CVE-2017-1653,0.00107,0.43279
CVE-2017-16530,0.00042,0.05722
CVE-2017-16531,0.00042,0.05722
CVE-2017-16532,0.00042,0.05722
CVE-2017-16533,0.00042,0.05722
CVE-2017-16534,0.00042,0.05722
CVE-2017-16535,0.00042,0.05722
CVE-2017-16536,0.00042,0.05722
CVE-2017-16537,0.00042,0.05722
CVE-2017-16538,0.00042,0.05722
CVE-2017-16539,0.00283,0.65426
CVE-2017-1654,0.00051,0.17134
CVE-2017-16540,0.00181,0.55455
CVE-2017-16541,0.00684,0.77975
CVE-2017-16542,0.00497,0.73808
CVE-2017-16543,0.01067,0.82664
CVE-2017-16544,0.00522,0.74464
CVE-2017-16545,0.01156,0.83399
CVE-2017-16546,0.02144,0.88182
CVE-2017-16547,0.00883,0.80785
CVE-2017-16548,0.08667,0.93935
CVE-2017-16549,0.00042,0.05722
CVE-2017-1655,0.00062,0.24327
CVE-2017-16550,0.00042,0.05722
CVE-2017-16551,0.00042,0.05722
CVE-2017-16552,0.00042,0.05722
CVE-2017-16553,0.00042,0.05722
CVE-2017-16554,0.00042,0.05722
CVE-2017-16555,0.00042,0.05722
CVE-2017-16556,0.00042,0.05722
CVE-2017-16557,0.00042,0.05722
CVE-2017-16558,0.00152,0.51379
CVE-2017-16560,0.00044,0.10161
CVE-2017-16561,0.00432,0.71950
CVE-2017-16562,0.82501,0.98167
CVE-2017-16563,0.00079,0.32944
CVE-2017-16564,0.00071,0.29360
CVE-2017-16565,0.00112,0.44586
CVE-2017-16566,0.00424,0.71740
CVE-2017-16567,0.00111,0.44122
CVE-2017-16568,0.00087,0.35913
CVE-2017-16569,0.00054,0.19226
CVE-2017-16570,0.00232,0.61382
CVE-2017-16571,0.01634,0.86236
CVE-2017-16572,0.01634,0.86236
CVE-2017-16573,0.00967,0.81719
CVE-2017-16574,0.00967,0.81719
CVE-2017-16575,0.02305,0.88631
CVE-2017-16576,0.02305,0.88631
CVE-2017-16577,0.02305,0.88631
CVE-2017-16578,0.01634,0.86236
CVE-2017-16579,0.00967,0.81719
CVE-2017-16580,0.01331,0.84646
CVE-2017-16581,0.02305,0.88631
CVE-2017-16582,0.01634,0.86236
CVE-2017-16583,0.02305,0.88631
CVE-2017-16584,0.01331,0.84646
CVE-2017-16585,0.02305,0.88631
CVE-2017-16586,0.02305,0.88631
CVE-2017-16587,0.02305,0.88631
CVE-2017-16588,0.00967,0.81719
CVE-2017-16589,0.00967,0.81719
CVE-2017-1659,0.00072,0.29850
CVE-2017-16590,0.02075,0.87938
CVE-2017-16591,0.00729,0.78763
CVE-2017-16592,0.00729,0.78763
CVE-2017-16593,0.00152,0.51491
CVE-2017-16594,0.00242,0.62316
CVE-2017-16595,0.00729,0.78763
CVE-2017-16596,0.00729,0.78763
CVE-2017-16597,0.84285,0.98242
CVE-2017-16598,0.77857,0.97981
CVE-2017-16599,0.00575,0.75659
CVE-2017-16600,0.00141,0.49797
CVE-2017-16601,0.00152,0.51491
CVE-2017-16602,0.17760,0.95702
CVE-2017-16603,0.77857,0.97981
CVE-2017-16604,0.00152,0.51491
CVE-2017-16605,0.00141,0.49797
CVE-2017-16606,0.77857,0.97981
CVE-2017-16607,0.00938,0.81411
CVE-2017-16608,0.02924,0.89829
CVE-2017-16609,0.01021,0.82221
CVE-2017-16610,0.07080,0.93356
CVE-2017-16611,0.00042,0.05722
CVE-2017-16612,0.00553,0.75210
CVE-2017-16613,0.00439,0.72203
CVE-2017-16614,0.00325,0.67823
CVE-2017-16615,0.00305,0.66733
CVE-2017-16616,0.00340,0.68519
CVE-2017-16618,0.02222,0.88406
CVE-2017-16629,0.00133,0.48411
CVE-2017-16630,0.00099,0.40777
CVE-2017-16631,0.00050,0.16378
CVE-2017-16632,0.00133,0.48411
CVE-2017-16633,0.00181,0.55364
CVE-2017-16634,0.01220,0.83908
CVE-2017-16635,0.00065,0.27133
CVE-2017-16636,0.00071,0.29206
CVE-2017-16637,0.00042,0.05722
CVE-2017-16638,0.00205,0.58474
CVE-2017-16639,0.00260,0.63830
CVE-2017-1664,0.00146,0.50478
CVE-2017-16641,0.00480,0.73355
CVE-2017-16642,0.00793,0.79752
CVE-2017-16643,0.00042,0.05722
CVE-2017-16644,0.00042,0.05722
CVE-2017-16645,0.00042,0.05722
CVE-2017-16646,0.00042,0.05722
CVE-2017-16647,0.00042,0.05722
CVE-2017-16648,0.00042,0.05722
CVE-2017-16649,0.00042,0.05722
CVE-2017-1665,0.00126,0.47184
CVE-2017-16650,0.00042,0.05722
CVE-2017-16651,0.01484,0.85487
CVE-2017-16652,0.00099,0.40735
CVE-2017-16653,0.00113,0.44628
CVE-2017-16654,0.00307,0.66836
CVE-2017-16659,0.00060,0.23740
CVE-2017-1666,0.00239,0.62068
CVE-2017-16660,0.00274,0.64762
CVE-2017-16661,0.00176,0.54816
CVE-2017-16663,0.00063,0.25212
CVE-2017-16664,0.00249,0.62901
CVE-2017-16665,0.00079,0.32992
CVE-2017-16666,0.49388,0.97232
CVE-2017-16667,0.00228,0.61103
CVE-2017-16669,0.00879,0.80744
CVE-2017-16670,0.00149,0.50943
CVE-2017-16671,0.01754,0.86685
CVE-2017-16672,0.02090,0.87985
CVE-2017-16673,0.00070,0.29068
CVE-2017-16674,0.00079,0.32947
CVE-2017-16678,0.00179,0.55154
CVE-2017-16679,0.00125,0.46912
CVE-2017-1668,0.00140,0.49651
CVE-2017-16680,0.00171,0.54189
CVE-2017-16681,0.00116,0.45397
CVE-2017-16682,0.00183,0.55650
CVE-2017-16683,0.00143,0.49999
CVE-2017-16684,0.00496,0.73776
CVE-2017-16685,0.00116,0.45397
CVE-2017-16687,0.00151,0.51296
CVE-2017-16689,0.00218,0.59817
CVE-2017-1669,0.00131,0.47999
CVE-2017-16690,0.00119,0.46024
CVE-2017-16691,0.00239,0.62009
CVE-2017-1670,0.00166,0.53273
CVE-2017-16709,0.65246,0.97626
CVE-2017-1671,0.00176,0.54865
CVE-2017-16710,0.00066,0.27429
CVE-2017-16711,0.00064,0.26233
CVE-2017-16714,0.00207,0.58671
CVE-2017-16715,0.00100,0.40858
CVE-2017-16716,0.00740,0.78911
CVE-2017-16717,0.00306,0.66778
CVE-2017-16718,0.00107,0.43043
CVE-2017-16719,0.00083,0.34458
CVE-2017-1672,0.00071,0.29260
CVE-2017-16720,0.05044,0.92154
CVE-2017-16721,0.00063,0.25383
CVE-2017-16723,0.01148,0.83329
CVE-2017-16724,0.00313,0.67134
CVE-2017-16725,0.00372,0.69913
CVE-2017-16726,0.00107,0.43043
CVE-2017-16727,0.00141,0.49747
CVE-2017-16728,0.00347,0.68816
CVE-2017-1673,0.00108,0.43505
CVE-2017-16731,0.00067,0.27833
CVE-2017-16732,0.00110,0.44012
CVE-2017-16733,0.00176,0.54816
CVE-2017-16735,0.00181,0.55363
CVE-2017-16736,0.00392,0.70692
CVE-2017-16737,0.00091,0.38491
CVE-2017-16739,0.00490,0.73639
CVE-2017-16740,0.01845,0.87069
CVE-2017-16741,0.00171,0.54209
CVE-2017-16743,0.00499,0.73856
CVE-2017-16744,0.00256,0.63534
CVE-2017-16745,0.00092,0.38718
CVE-2017-16747,0.00072,0.29621
CVE-2017-16748,0.01672,0.86373
CVE-2017-16749,0.00070,0.28968
CVE-2017-16751,0.00097,0.40290
CVE-2017-16753,0.00083,0.34407
CVE-2017-16754,0.00143,0.49997
CVE-2017-16755,0.00134,0.48496
CVE-2017-16756,0.00212,0.59233
CVE-2017-16757,0.00042,0.05722
CVE-2017-16758,0.00119,0.46003
CVE-2017-16759,0.00280,0.65155
CVE-2017-16760,0.00085,0.35433
CVE-2017-16761,0.00202,0.58175
CVE-2017-16762,0.00365,0.69616
CVE-2017-16763,0.02222,0.88406
CVE-2017-16764,0.01556,0.85872
CVE-2017-16765,0.00088,0.37075
CVE-2017-16766,0.00080,0.33225
CVE-2017-16767,0.00054,0.19121
CVE-2017-16768,0.00054,0.19121
CVE-2017-16769,0.00134,0.48559
CVE-2017-1677,0.00059,0.22983
CVE-2017-16770,0.00059,0.22814
CVE-2017-16771,0.00126,0.47165
CVE-2017-16772,0.00070,0.28956
CVE-2017-16773,0.00068,0.27986
CVE-2017-16774,0.00054,0.19461
CVE-2017-16775,0.00125,0.46851
CVE-2017-16776,0.00306,0.66768
CVE-2017-16777,0.00062,0.24874
CVE-2017-16778,0.00058,0.22795
CVE-2017-1678,0.00059,0.23108
CVE-2017-16780,0.03764,0.90978
CVE-2017-16781,0.00469,0.73033
CVE-2017-16782,0.00079,0.32992
CVE-2017-16783,0.03770,0.90987
CVE-2017-16784,0.00090,0.38032
CVE-2017-16785,0.00091,0.38567
CVE-2017-16786,0.00103,0.41676
CVE-2017-16787,0.01749,0.86659
CVE-2017-16788,0.00231,0.61313
CVE-2017-16789,0.00088,0.37094
CVE-2017-1679,0.00044,0.10161
CVE-2017-16790,0.00059,0.22829
CVE-2017-16792,0.00118,0.45730
CVE-2017-16793,0.00205,0.58537
CVE-2017-16794,0.00119,0.45967
CVE-2017-16796,0.00176,0.54861
CVE-2017-16797,0.00205,0.58537
CVE-2017-16798,0.00066,0.27488
CVE-2017-16799,0.00055,0.20499
CVE-2017-16801,0.00065,0.27007
CVE-2017-16802,0.00054,0.19226
CVE-2017-16803,0.00737,0.78872
CVE-2017-16804,0.00185,0.55880
CVE-2017-16805,0.00134,0.48544
CVE-2017-16806,0.07105,0.93363
CVE-2017-16807,0.00140,0.49648
CVE-2017-16808,0.00174,0.54597
CVE-2017-1681,0.00042,0.05722
CVE-2017-16810,0.00071,0.29360
CVE-2017-16813,0.00057,0.21547
CVE-2017-16814,0.00045,0.11972
CVE-2017-16815,0.00076,0.31323
CVE-2017-16816,0.00128,0.47462
CVE-2017-16818,0.00219,0.59890
CVE-2017-16819,0.00336,0.68377
CVE-2017-1682,0.00049,0.15902
CVE-2017-16820,0.00892,0.80907
CVE-2017-16821,0.00057,0.21504
CVE-2017-16826,0.00351,0.69021
CVE-2017-16827,0.00351,0.69021
CVE-2017-16828,0.00244,0.62442
CVE-2017-16829,0.00425,0.71768
CVE-2017-1683,0.00062,0.24327
CVE-2017-16830,0.00284,0.65433
CVE-2017-16831,0.00351,0.69033
CVE-2017-16832,0.00425,0.71768
CVE-2017-16833,0.00079,0.32992
CVE-2017-16834,0.00042,0.05722
CVE-2017-16835,0.00168,0.53801
CVE-2017-16836,0.00116,0.45318
CVE-2017-16837,0.00042,0.05722
CVE-2017-16839,0.00042,0.05722
CVE-2017-16840,0.00531,0.74684
CVE-2017-16841,0.00116,0.45318
CVE-2017-16842,0.00068,0.27925
CVE-2017-16843,0.00082,0.34122
CVE-2017-16844,0.04255,0.91460
CVE-2017-16845,0.00452,0.72580
CVE-2017-16846,0.00660,0.77488
CVE-2017-16847,0.00660,0.77488
CVE-2017-16848,0.00425,0.71753
CVE-2017-16849,0.00660,0.77488
CVE-2017-16850,0.00660,0.77488
CVE-2017-16851,0.00660,0.77488
CVE-2017-16852,0.00443,0.72319
CVE-2017-16853,0.00990,0.81958
CVE-2017-16854,0.00105,0.42420
CVE-2017-16856,0.00096,0.39994
CVE-2017-16857,0.00084,0.34617
CVE-2017-16858,0.00063,0.24943
CVE-2017-16859,0.00138,0.49373
CVE-2017-16860,0.00069,0.28589
CVE-2017-16861,0.01204,0.83781
CVE-2017-16862,0.00060,0.23254
CVE-2017-16863,0.00096,0.39994
CVE-2017-16864,0.00096,0.39994
CVE-2017-16865,0.00143,0.50056
CVE-2017-16866,0.00079,0.32992
CVE-2017-16867,0.00120,0.46164
CVE-2017-16868,0.00098,0.40405
CVE-2017-16869,0.00212,0.59188
CVE-2017-16870,0.00275,0.64824
CVE-2017-16871,0.00253,0.63276
CVE-2017-16872,0.00284,0.65444
CVE-2017-16873,0.00051,0.17393
CVE-2017-16875,0.00258,0.63608
CVE-2017-16876,0.00135,0.48872
CVE-2017-16877,0.00337,0.68435
CVE-2017-16878,0.00098,0.40456
CVE-2017-16879,0.00364,0.69595
CVE-2017-1688,0.00059,0.23108
CVE-2017-16880,0.00079,0.32992
CVE-2017-16881,0.00088,0.37136
CVE-2017-16882,0.00042,0.05722
CVE-2017-16883,0.00093,0.39112
CVE-2017-16884,0.00278,0.65029
CVE-2017-16885,0.01822,0.86954
CVE-2017-16886,0.00250,0.63074
CVE-2017-16887,0.00647,0.77177
CVE-2017-1689,0.00059,0.23108
CVE-2017-16890,0.00056,0.21204
CVE-2017-16892,0.00105,0.42453
CVE-2017-16893,0.00075,0.30953
CVE-2017-16894,0.11608,0.94791
CVE-2017-16895,0.00102,0.41276
CVE-2017-16896,0.00152,0.51379
CVE-2017-16897,0.00222,0.60556
CVE-2017-16898,0.00063,0.25212
CVE-2017-16899,0.00157,0.52164
CVE-2017-1690,0.00046,0.12569
CVE-2017-16900,0.00042,0.05722
CVE-2017-16902,0.00911,0.81113
CVE-2017-16903,0.01519,0.85699
CVE-2017-16904,0.00088,0.37136
CVE-2017-16905,0.01091,0.82867
CVE-2017-16906,0.00085,0.35302
CVE-2017-16907,0.00090,0.37830
CVE-2017-16908,0.00181,0.55500
CVE-2017-16909,0.00474,0.73151
CVE-2017-1691,0.00050,0.16691
CVE-2017-16910,0.00365,0.69617
CVE-2017-16911,0.00042,0.05722
CVE-2017-16912,0.00536,0.74803
CVE-2017-16913,0.01011,0.82137
CVE-2017-16914,0.01160,0.83416
CVE-2017-16919,0.00065,0.27007
CVE-2017-1692,0.00044,0.10161
CVE-2017-16920,0.00794,0.79765
CVE-2017-16921,0.02336,0.88690
CVE-2017-16922,0.00205,0.58532
CVE-2017-16923,0.00168,0.53605
CVE-2017-16924,0.02795,0.89632
CVE-2017-16926,0.00928,0.81310
CVE-2017-16927,0.00082,0.34055
CVE-2017-16928,0.00062,0.24874
CVE-2017-16929,0.01987,0.87624
CVE-2017-1693,0.00195,0.57476
CVE-2017-16930,0.10010,0.94373
CVE-2017-16931,0.00601,0.76216
CVE-2017-16932,0.01108,0.83007
CVE-2017-16933,0.00042,0.05722
CVE-2017-16934,0.04749,0.91899
CVE-2017-16935,0.04112,0.91332
CVE-2017-16936,0.00177,0.54970
CVE-2017-16938,0.00510,0.74184
CVE-2017-16939,0.00042,0.00438
CVE-2017-1694,0.00154,0.51680
CVE-2017-16941,0.00217,0.59742
CVE-2017-16942,0.00117,0.45651
CVE-2017-16943,0.52704,0.97317
CVE-2017-16944,0.87736,0.98424
CVE-2017-16945,0.00062,0.24874
CVE-2017-16946,0.00065,0.26756
CVE-2017-16948,0.00042,0.05722
CVE-2017-16949,0.05619,0.92574
CVE-2017-1695,0.00149,0.50929
CVE-2017-16950,0.00110,0.44064
CVE-2017-16951,0.00383,0.70336
CVE-2017-16952,0.00323,0.67728
CVE-2017-16953,0.04392,0.91579
CVE-2017-16955,0.00094,0.39322
CVE-2017-16956,0.00088,0.37136
CVE-2017-16957,0.00184,0.55787
CVE-2017-16958,0.00388,0.70531
CVE-2017-16959,0.04815,0.91980
CVE-2017-1696,0.00164,0.53034
CVE-2017-16960,0.00133,0.48331
CVE-2017-16961,0.00095,0.39625
CVE-2017-16962,0.00078,0.32098
CVE-2017-1698,0.00192,0.56862
CVE-2017-1699,0.00042,0.05722
CVE-2017-16994,0.00044,0.08219
CVE-2017-16995,0.00048,0.14800
CVE-2017-16996,0.00042,0.05722
CVE-2017-16997,0.00084,0.34872
CVE-2017-1700,0.00076,0.31433
CVE-2017-1701,0.00093,0.39184
CVE-2017-17010,0.00060,0.23318
CVE-2017-17020,0.01700,0.86471
CVE-2017-17023,0.00159,0.52424
CVE-2017-17027,0.02234,0.88440
CVE-2017-17028,0.02234,0.88440
CVE-2017-17029,0.02234,0.88440
CVE-2017-17030,0.02234,0.88440
CVE-2017-17031,0.02234,0.88440
CVE-2017-17032,0.02234,0.88440
CVE-2017-17033,0.02234,0.88440
CVE-2017-17042,0.00172,0.54296
CVE-2017-17043,0.00245,0.62615
CVE-2017-17044,0.00062,0.24773
CVE-2017-17045,0.00062,0.24773
CVE-2017-17046,0.00051,0.17134
CVE-2017-17049,0.00042,0.05722
CVE-2017-1705,0.00063,0.24898
CVE-2017-17050,0.00042,0.05722
CVE-2017-17051,0.00647,0.77170
CVE-2017-17052,0.00042,0.05722
CVE-2017-17053,0.00042,0.05722
CVE-2017-17054,0.00056,0.21058
CVE-2017-17055,0.23406,0.96154
CVE-2017-17056,0.00217,0.59792
CVE-2017-17057,0.00101,0.41195
CVE-2017-17058,0.00494,0.73727
CVE-2017-17059,0.00261,0.63922
CVE-2017-17060,0.00268,0.64426
CVE-2017-17061,0.00054,0.20290
CVE-2017-17062,0.00104,0.42353
CVE-2017-17065,0.00105,0.42416
CVE-2017-17066,0.00413,0.71371
CVE-2017-17067,0.00382,0.70296
CVE-2017-17068,0.00218,0.59809
CVE-2017-17069,0.00122,0.46497
CVE-2017-17080,0.00134,0.48544
CVE-2017-17081,0.00501,0.73938
CVE-2017-17083,0.00279,0.65091
CVE-2017-17084,0.00279,0.65091
CVE-2017-17085,0.00931,0.81338
CVE-2017-17086,0.00430,0.71897
CVE-2017-17087,0.00042,0.05722
CVE-2017-17088,0.01886,0.87241
CVE-2017-17089,0.00060,0.23580
CVE-2017-17090,0.69318,0.97724
CVE-2017-17091,0.00372,0.69901
CVE-2017-17092,0.00090,0.38001
CVE-2017-17093,0.00094,0.39370
CVE-2017-17094,0.00099,0.40602
CVE-2017-17095,0.05928,0.92742
CVE-2017-17096,0.00125,0.47020
CVE-2017-17097,0.01091,0.82864
CVE-2017-17098,0.01308,0.84522
CVE-2017-17099,0.91532,0.98700
CVE-2017-1710,0.00444,0.72330
CVE-2017-17101,0.00434,0.72045
CVE-2017-17102,0.00239,0.62025
CVE-2017-17103,0.00091,0.38649
CVE-2017-17104,0.00292,0.65953
CVE-2017-17105,0.12709,0.94985
CVE-2017-17106,0.11529,0.94766
CVE-2017-17107,0.04303,0.91502
CVE-2017-17108,0.00183,0.55688
CVE-2017-1711,0.00100,0.40976
CVE-2017-17110,0.00912,0.81129
CVE-2017-17111,0.01649,0.86288
CVE-2017-17112,0.00051,0.17393
CVE-2017-17113,0.00044,0.10445
CVE-2017-17114,0.00051,0.17393
CVE-2017-1712,0.00223,0.60626
CVE-2017-17121,0.00610,0.76430
CVE-2017-17122,0.00319,0.67519
CVE-2017-17123,0.00504,0.74023
CVE-2017-17124,0.00532,0.74696
CVE-2017-17125,0.00502,0.73974
CVE-2017-17126,0.00288,0.65710
CVE-2017-17127,0.00487,0.73553
CVE-2017-17128,0.00181,0.55364
CVE-2017-17129,0.00438,0.72180
CVE-2017-1713,0.00107,0.43309
CVE-2017-17130,0.00362,0.69497
CVE-2017-17131,0.00119,0.45835
CVE-2017-17132,0.00042,0.00438
CVE-2017-17133,0.00042,0.05722
CVE-2017-17134,0.00042,0.05722
CVE-2017-17135,0.00042,0.05722
CVE-2017-17136,0.00042,0.05722
CVE-2017-17137,0.00042,0.05722
CVE-2017-17138,0.00042,0.05722
CVE-2017-17139,0.00066,0.27209
CVE-2017-1714,0.00042,0.05722
CVE-2017-17140,0.00066,0.27209
CVE-2017-17141,0.00093,0.39144
CVE-2017-17142,0.00093,0.39144
CVE-2017-17143,0.00093,0.39144
CVE-2017-17144,0.00093,0.39144
CVE-2017-17145,0.00060,0.23537
CVE-2017-17146,0.00407,0.71197
CVE-2017-17147,0.00042,0.05722
CVE-2017-17148,0.00042,0.05722
CVE-2017-17149,0.00044,0.10161
CVE-2017-1715,0.00050,0.16691
CVE-2017-17150,0.00042,0.05722
CVE-2017-17151,0.00112,0.44390
CVE-2017-17152,0.00105,0.42447
CVE-2017-17153,0.00105,0.42447
CVE-2017-17154,0.00105,0.42447
CVE-2017-17155,0.00105,0.42447
CVE-2017-17156,0.00105,0.42447
CVE-2017-17157,0.00105,0.42447
CVE-2017-17158,0.00070,0.29068
CVE-2017-17159,0.00064,0.26321
CVE-2017-1716,0.00042,0.05722
CVE-2017-17160,0.00297,0.66252
CVE-2017-17161,0.00068,0.27920
CVE-2017-17162,0.00042,0.05722
CVE-2017-17163,0.00042,0.05722
CVE-2017-17164,0.00093,0.39144
CVE-2017-17165,0.00112,0.44390
CVE-2017-17166,0.00171,0.54219
CVE-2017-17167,0.00235,0.61639
CVE-2017-17168,0.00169,0.53882
CVE-2017-17169,0.00169,0.53882
CVE-2017-1717,0.00050,0.16691
CVE-2017-17170,0.00169,0.53882
CVE-2017-17171,0.00044,0.10161
CVE-2017-17172,0.00042,0.05722
CVE-2017-17173,0.00072,0.29986
CVE-2017-17174,0.00175,0.54742
CVE-2017-17175,0.00062,0.24843
CVE-2017-17176,0.00044,0.10161
CVE-2017-17182,0.00108,0.43407
CVE-2017-17183,0.00108,0.43407
CVE-2017-17184,0.00108,0.43407
CVE-2017-17185,0.00108,0.43407
CVE-2017-17186,0.00100,0.40863
CVE-2017-17187,0.00108,0.43407
CVE-2017-17199,0.00209,0.58895
CVE-2017-1720,0.00042,0.05722
CVE-2017-17200,0.00209,0.58895
CVE-2017-17201,0.00056,0.21058
CVE-2017-17202,0.00209,0.58895
CVE-2017-1721,0.00094,0.39436
CVE-2017-17215,0.93227,0.98898
CVE-2017-17216,0.00209,0.58895
CVE-2017-17217,0.00297,0.66252
CVE-2017-17218,0.00171,0.54219
CVE-2017-17219,0.00171,0.54219
CVE-2017-1722,0.00094,0.39282
CVE-2017-17220,0.00171,0.54219
CVE-2017-17221,0.00259,0.63681
CVE-2017-17222,0.00259,0.63681
CVE-2017-17223,0.00576,0.75704
CVE-2017-17224,0.00077,0.32045
CVE-2017-17225,0.00107,0.43052
CVE-2017-17226,0.00084,0.35114
CVE-2017-17227,0.00072,0.29986
CVE-2017-1723,0.00114,0.44911
CVE-2017-1724,0.00069,0.28766
CVE-2017-1725,0.00050,0.16691
CVE-2017-17250,0.00235,0.61689
CVE-2017-17251,0.00164,0.53074
CVE-2017-17252,0.00169,0.53912
CVE-2017-17253,0.00206,0.58643
CVE-2017-17254,0.00200,0.57966
CVE-2017-17255,0.00200,0.57966
CVE-2017-17256,0.00206,0.58643
CVE-2017-17257,0.00206,0.58643
CVE-2017-17258,0.00215,0.59596
CVE-2017-1727,0.00065,0.26968
CVE-2017-17279,0.00058,0.21959
CVE-2017-17280,0.00056,0.21058
CVE-2017-17281,0.00081,0.33807
CVE-2017-17282,0.00060,0.23537
CVE-2017-17283,0.00171,0.54219
CVE-2017-17284,0.00171,0.54219
CVE-2017-17285,0.00107,0.43052
CVE-2017-17286,0.00160,0.52678
CVE-2017-17287,0.00171,0.54219
CVE-2017-17288,0.00171,0.54219
CVE-2017-17289,0.00042,0.05722
CVE-2017-1729,0.00050,0.16691
CVE-2017-17290,0.00209,0.58895
CVE-2017-17291,0.00042,0.05722
CVE-2017-17292,0.00042,0.05722
CVE-2017-17293,0.00042,0.05722
CVE-2017-17294,0.00042,0.05722
CVE-2017-17295,0.00171,0.54219
CVE-2017-17296,0.00171,0.54219
CVE-2017-17297,0.00171,0.54219
CVE-2017-17298,0.00144,0.50207
CVE-2017-17299,0.00218,0.59830
CVE-2017-17300,0.00218,0.59830
CVE-2017-17301,0.00357,0.69284
CVE-2017-17302,0.00042,0.05722
CVE-2017-17303,0.00126,0.47216
CVE-2017-17304,0.00169,0.53882
CVE-2017-17305,0.00175,0.54742
CVE-2017-17306,0.00056,0.21058
CVE-2017-17307,0.00056,0.21058
CVE-2017-17308,0.00169,0.53912
CVE-2017-17309,0.00802,0.79865
CVE-2017-1731,0.00250,0.62996
CVE-2017-17310,0.00206,0.58643
CVE-2017-17311,0.00103,0.41969
CVE-2017-17312,0.00103,0.41969
CVE-2017-17313,0.00055,0.20370
CVE-2017-17314,0.00098,0.40521
CVE-2017-17315,0.00169,0.53912
CVE-2017-17316,0.00169,0.53912
CVE-2017-17317,0.00169,0.53912
CVE-2017-17318,0.00058,0.22795
CVE-2017-17319,0.00066,0.27209
CVE-2017-1732,0.00065,0.27072
CVE-2017-17320,0.00072,0.29986
CVE-2017-17321,0.00042,0.05722
CVE-2017-17322,0.00076,0.31323
CVE-2017-17323,0.00054,0.19226
CVE-2017-17324,0.00111,0.44123
CVE-2017-17325,0.00066,0.27446
CVE-2017-17326,0.00060,0.23537
CVE-2017-17327,0.00056,0.21058
CVE-2017-17328,0.00066,0.27209
CVE-2017-17329,0.00044,0.10161
CVE-2017-1733,0.00042,0.05722
CVE-2017-17330,0.00044,0.10161
CVE-2017-1734,0.00050,0.16691
CVE-2017-1738,0.00050,0.16691
CVE-2017-17381,0.00062,0.24773
CVE-2017-17382,0.00304,0.66607
CVE-2017-17383,0.00107,0.43129
CVE-2017-17384,0.00206,0.58595
CVE-2017-1739,0.00059,0.23108
CVE-2017-1740,0.00059,0.23108
CVE-2017-17405,0.89911,0.98572
CVE-2017-17406,0.02600,0.89254
CVE-2017-17407,0.02722,0.89503
CVE-2017-17408,0.01310,0.84532
CVE-2017-17409,0.01310,0.84532
CVE-2017-1741,0.00092,0.38853
CVE-2017-17410,0.01932,0.87437
CVE-2017-17411,0.97408,0.99921
CVE-2017-17412,0.18641,0.95793
CVE-2017-17413,0.18641,0.95793
CVE-2017-17414,0.18641,0.95793
CVE-2017-17415,0.18641,0.95793
CVE-2017-17416,0.18641,0.95793
CVE-2017-17417,0.09179,0.94109
CVE-2017-17418,0.18641,0.95793
CVE-2017-17419,0.18641,0.95793
CVE-2017-17420,0.18641,0.95793
CVE-2017-17421,0.18641,0.95793
CVE-2017-17422,0.18641,0.95793
CVE-2017-17423,0.18641,0.95793
CVE-2017-17424,0.18641,0.95793
CVE-2017-17425,0.18641,0.95793
CVE-2017-17426,0.00207,0.58736
CVE-2017-17427,0.00259,0.63680
CVE-2017-17428,0.00298,0.66302
CVE-2017-17429,0.00042,0.05722
CVE-2017-1743,0.00159,0.52411
CVE-2017-17430,0.00498,0.73831
CVE-2017-17431,0.00088,0.37136
CVE-2017-17432,0.01011,0.82136
CVE-2017-17433,0.00380,0.70238
CVE-2017-17434,0.00981,0.81851
CVE-2017-17435,0.00076,0.31287
CVE-2017-17436,0.00067,0.27701
CVE-2017-17439,0.66032,0.97640
CVE-2017-17440,0.00540,0.74929
CVE-2017-17442,0.00079,0.32992
CVE-2017-17443,0.00075,0.30965
CVE-2017-17446,0.00167,0.53409
CVE-2017-17448,0.00044,0.08000
CVE-2017-17449,0.00044,0.08000
CVE-2017-17450,0.00044,0.08000
CVE-2017-17451,0.00178,0.55124
CVE-2017-17454,0.00071,0.29389
CVE-2017-17455,0.00088,0.36965
CVE-2017-17458,0.00707,0.78366
CVE-2017-17459,0.00383,0.70329
CVE-2017-1746,0.00061,0.24135
CVE-2017-17463,0.00286,0.65593
CVE-2017-17464,0.00659,0.77474
CVE-2017-17465,0.00659,0.77474
CVE-2017-17466,0.00042,0.05722
CVE-2017-17467,0.00042,0.05722
CVE-2017-17468,0.00042,0.05722
CVE-2017-17469,0.00042,0.05722
CVE-2017-1747,0.00110,0.43941
CVE-2017-17470,0.00042,0.05722
CVE-2017-17471,0.00042,0.05722
CVE-2017-17472,0.00042,0.05722
CVE-2017-17473,0.00042,0.05722
CVE-2017-17474,0.00042,0.05722
CVE-2017-17475,0.00042,0.05722
CVE-2017-17476,0.00870,0.80637
CVE-2017-17477,0.00162,0.52928
CVE-2017-17478,0.00054,0.19226
CVE-2017-17479,0.01114,0.83053
CVE-2017-1748,0.00096,0.39943
CVE-2017-17480,0.02254,0.88495
CVE-2017-17482,0.00042,0.05722
CVE-2017-17484,0.03249,0.90322
CVE-2017-17485,0.14876,0.95322
CVE-2017-1749,0.00083,0.34345
CVE-2017-17497,0.00088,0.36847
CVE-2017-17498,0.01345,0.84733
CVE-2017-17499,0.01391,0.85021
CVE-2017-1750,0.00059,0.23108
CVE-2017-17500,0.00475,0.73183
CVE-2017-17501,0.00475,0.73183
CVE-2017-17502,0.00408,0.71230
CVE-2017-17503,0.00408,0.71230
CVE-2017-17504,0.00268,0.64416
CVE-2017-17505,0.00142,0.49946
CVE-2017-17506,0.00104,0.42295
CVE-2017-17507,0.00104,0.42295
CVE-2017-17508,0.00104,0.42382
CVE-2017-17509,0.00199,0.57916
CVE-2017-1751,0.00062,0.24327
CVE-2017-17511,0.00160,0.52553
CVE-2017-17512,0.00891,0.80897
CVE-2017-17513,0.00241,0.62191
CVE-2017-17514,0.00160,0.52553
CVE-2017-17515,0.00173,0.54511
CVE-2017-17516,0.00202,0.58207
CVE-2017-17517,0.00202,0.58207
CVE-2017-17518,0.00241,0.62191
CVE-2017-17519,0.00202,0.58207
CVE-2017-1752,0.00070,0.28961
CVE-2017-17520,0.00173,0.54511
CVE-2017-17521,0.00202,0.58207
CVE-2017-17522,0.00598,0.76169
CVE-2017-17523,0.00619,0.76636
CVE-2017-17524,0.00202,0.58207
CVE-2017-17525,0.00202,0.58207
CVE-2017-17526,0.00202,0.58207
CVE-2017-17527,0.00173,0.54511
CVE-2017-17528,0.00202,0.58207
CVE-2017-17529,0.00202,0.58207
CVE-2017-1753,0.00066,0.27156
CVE-2017-17530,0.00315,0.67249
CVE-2017-17531,0.00222,0.60621
CVE-2017-17532,0.00202,0.58207
CVE-2017-17533,0.00202,0.58207
CVE-2017-17534,0.00202,0.58207
CVE-2017-17535,0.00202,0.58207
CVE-2017-17536,0.00938,0.81406
CVE-2017-17537,0.00510,0.74163
CVE-2017-17538,0.03017,0.89956
CVE-2017-17539,0.00220,0.59991
CVE-2017-17540,0.00220,0.59991
CVE-2017-17541,0.00123,0.46569
CVE-2017-17543,0.00107,0.43043
CVE-2017-17544,0.00099,0.40660
CVE-2017-17549,0.00120,0.46104
CVE-2017-1755,0.00042,0.05722
CVE-2017-17550,0.00093,0.39104
CVE-2017-17551,0.00167,0.53460
CVE-2017-17552,0.00116,0.45388
CVE-2017-17553,0.00084,0.34798
CVE-2017-17554,0.00055,0.20370
CVE-2017-17555,0.00136,0.49019
CVE-2017-17556,0.00042,0.05722
CVE-2017-17557,0.73880,0.97868
CVE-2017-17558,0.00044,0.08000
CVE-2017-1756,0.00051,0.17134
CVE-2017-17560,0.97244,0.99818
CVE-2017-17561,0.00400,0.70959
CVE-2017-17562,0.97455,0.99951
CVE-2017-17563,0.00062,0.24773
CVE-2017-17564,0.00062,0.24773
CVE-2017-17565,0.00062,0.24773
CVE-2017-17566,0.00062,0.24773
CVE-2017-17567,0.00224,0.60793
CVE-2017-17568,0.00579,0.75765
CVE-2017-17569,0.00088,0.37136
CVE-2017-1757,0.00150,0.51223
CVE-2017-17570,0.00242,0.62282
CVE-2017-17571,0.00242,0.62282
CVE-2017-17572,0.00242,0.62282
CVE-2017-17573,0.00242,0.62282
CVE-2017-17574,0.00242,0.62282
CVE-2017-17575,0.00242,0.62282
CVE-2017-17576,0.00242,0.62282
CVE-2017-17577,0.00242,0.62282
CVE-2017-17578,0.00242,0.62282
CVE-2017-17579,0.00242,0.62282
CVE-2017-1758,0.00152,0.51362
CVE-2017-17580,0.00242,0.62282
CVE-2017-17581,0.00242,0.62282
CVE-2017-17582,0.00242,0.62282
CVE-2017-17583,0.00242,0.62282
CVE-2017-17584,0.00242,0.62282
CVE-2017-17585,0.00242,0.62282
CVE-2017-17586,0.00242,0.62282
CVE-2017-17587,0.00242,0.62282
CVE-2017-17588,0.00242,0.62282
CVE-2017-17589,0.00242,0.62282
CVE-2017-17590,0.00242,0.62282
CVE-2017-17591,0.00242,0.62282
CVE-2017-17592,0.00242,0.62282
CVE-2017-17593,0.02031,0.87784
CVE-2017-17594,0.00242,0.62282
CVE-2017-17595,0.00242,0.62282
CVE-2017-17596,0.00242,0.62282
CVE-2017-17597,0.00242,0.62282
CVE-2017-17598,0.00242,0.62282
CVE-2017-17599,0.00242,0.62282
CVE-2017-1760,0.00042,0.05722
CVE-2017-17600,0.00242,0.62282
CVE-2017-17601,0.00242,0.62282
CVE-2017-17602,0.00242,0.62282
CVE-2017-17603,0.00242,0.62282
CVE-2017-17604,0.00242,0.62282
CVE-2017-17605,0.00242,0.62282
CVE-2017-17606,0.00242,0.62282
CVE-2017-17607,0.00242,0.62282
CVE-2017-17608,0.00242,0.62282
CVE-2017-17609,0.00242,0.62282
CVE-2017-1761,0.00108,0.43505
CVE-2017-17610,0.00242,0.62282
CVE-2017-17611,0.00242,0.62282
CVE-2017-17612,0.00314,0.67223
CVE-2017-17613,0.00242,0.62282
CVE-2017-17614,0.00242,0.62282
CVE-2017-17615,0.00141,0.49732
CVE-2017-17616,0.00242,0.62282
CVE-2017-17617,0.00242,0.62282
CVE-2017-17618,0.00242,0.62282
CVE-2017-17619,0.00314,0.67223
CVE-2017-1762,0.00062,0.24327
CVE-2017-17620,0.00242,0.62282
CVE-2017-17621,0.00314,0.67223
CVE-2017-17622,0.00314,0.67223
CVE-2017-17623,0.00242,0.62282
CVE-2017-17624,0.00242,0.62282
CVE-2017-17625,0.00242,0.62282
CVE-2017-17626,0.00242,0.62282
CVE-2017-17627,0.00242,0.62282
CVE-2017-17628,0.00242,0.62282
CVE-2017-17629,0.00242,0.62282
CVE-2017-17630,0.00242,0.62282
CVE-2017-17631,0.00242,0.62282
CVE-2017-17632,0.00242,0.62282
CVE-2017-17633,0.00242,0.62282
CVE-2017-17634,0.00242,0.62282
CVE-2017-17635,0.00242,0.62282
CVE-2017-17636,0.00242,0.62282
CVE-2017-17637,0.00242,0.62282
CVE-2017-17638,0.00242,0.62282
CVE-2017-17639,0.00242,0.62282
CVE-2017-1764,0.00042,0.05722
CVE-2017-17640,0.00242,0.62282
CVE-2017-17641,0.00242,0.62282
CVE-2017-17642,0.00242,0.62282
CVE-2017-17643,0.00242,0.62282
CVE-2017-17645,0.00242,0.62282
CVE-2017-17648,0.00282,0.65295
CVE-2017-17649,0.00534,0.74777
CVE-2017-1765,0.00093,0.39093
CVE-2017-17651,0.00242,0.62282
CVE-2017-17652,0.18641,0.95793
CVE-2017-17653,0.18641,0.95793
CVE-2017-17654,0.18641,0.95793
CVE-2017-17655,0.18641,0.95793
CVE-2017-17656,0.18641,0.95793
CVE-2017-17657,0.18641,0.95793
CVE-2017-17658,0.18641,0.95793
CVE-2017-17659,0.18641,0.95793
CVE-2017-1766,0.00050,0.16691
CVE-2017-17662,0.00411,0.71302
CVE-2017-17663,0.00451,0.72557
CVE-2017-17664,0.92854,0.98855
CVE-2017-17665,0.00104,0.42231
CVE-2017-17668,0.00079,0.33112
CVE-2017-17669,0.00292,0.65996
CVE-2017-1767,0.00078,0.32652
CVE-2017-17670,0.00313,0.67164
CVE-2017-17671,0.00652,0.77302
CVE-2017-17672,0.00894,0.80931
CVE-2017-17674,0.00584,0.75878
CVE-2017-17675,0.00260,0.63814
CVE-2017-17677,0.00485,0.73516
CVE-2017-17678,0.00127,0.47322
CVE-2017-1768,0.00063,0.24898
CVE-2017-17680,0.00103,0.41778
CVE-2017-17681,0.00173,0.54484
CVE-2017-17682,0.00240,0.62088
CVE-2017-17683,0.00148,0.50849
CVE-2017-17684,0.00148,0.50849
CVE-2017-17688,0.00836,0.80271
CVE-2017-17689,0.00546,0.75052
CVE-2017-1769,0.00222,0.60589
CVE-2017-17691,0.00333,0.68287
CVE-2017-17692,0.93867,0.98974
CVE-2017-17693,0.00061,0.24046
CVE-2017-17694,0.00057,0.21504
CVE-2017-17695,0.00091,0.38618
CVE-2017-17696,0.00057,0.21504
CVE-2017-17697,0.00588,0.75977
CVE-2017-17698,0.00147,0.50618
CVE-2017-17699,0.00659,0.77474
CVE-2017-17700,0.00659,0.77474
CVE-2017-17701,0.00659,0.77474
CVE-2017-17703,0.00085,0.35433
CVE-2017-17704,0.00112,0.44376
CVE-2017-17707,0.00079,0.33197
CVE-2017-17708,0.00058,0.22585
CVE-2017-17712,0.00042,0.05722
CVE-2017-17713,0.00283,0.65370
CVE-2017-17714,0.00084,0.34828
CVE-2017-17715,0.00147,0.50613
CVE-2017-17716,0.00157,0.52184
CVE-2017-17717,0.00126,0.47123
CVE-2017-17718,0.00133,0.48432
CVE-2017-17719,0.00108,0.43480
CVE-2017-1772,0.00108,0.43505
CVE-2017-17721,0.00312,0.67106
CVE-2017-17722,0.00151,0.51325
CVE-2017-17723,0.00332,0.68217
CVE-2017-17724,0.00945,0.81483
CVE-2017-17725,0.00160,0.52605
CVE-2017-17727,0.00217,0.59733
CVE-2017-1773,0.00060,0.23593
CVE-2017-17730,0.00328,0.67961
CVE-2017-17731,0.20241,0.95937
CVE-2017-17733,0.82921,0.98189
CVE-2017-17734,0.00205,0.58474
CVE-2017-17735,0.00205,0.58474
CVE-2017-17736,0.14830,0.95313
CVE-2017-17737,0.00071,0.29327
CVE-2017-17738,0.00132,0.48225
CVE-2017-17739,0.00562,0.75369
CVE-2017-1774,0.00131,0.47999
CVE-2017-17740,0.00407,0.71191
CVE-2017-17741,0.00062,0.24388
CVE-2017-17742,0.00659,0.77424
CVE-2017-17743,0.00155,0.51776
CVE-2017-17744,0.00108,0.43480
CVE-2017-17745,0.00088,0.37171
CVE-2017-17746,0.00042,0.05722
CVE-2017-17747,0.00160,0.52671
CVE-2017-17749,0.00057,0.21504
CVE-2017-17750,0.00054,0.19226
CVE-2017-17751,0.00522,0.74469
CVE-2017-17752,0.00115,0.45119
CVE-2017-17753,0.00116,0.45291
CVE-2017-17757,0.00244,0.62528
CVE-2017-17758,0.00244,0.62528
CVE-2017-17759,0.02339,0.88695
CVE-2017-17760,0.00440,0.72243
CVE-2017-17761,0.02678,0.89422
CVE-2017-17762,0.02705,0.89471
CVE-2017-17763,0.00302,0.66533
CVE-2017-17764,0.00044,0.10161
CVE-2017-17765,0.00044,0.10161
CVE-2017-17766,0.00116,0.45456
CVE-2017-17767,0.00044,0.10161
CVE-2017-17769,0.00044,0.10161
CVE-2017-17770,0.00049,0.15854
CVE-2017-17771,0.00044,0.10161
CVE-2017-17773,0.00196,0.57507
CVE-2017-17774,0.00106,0.42994
CVE-2017-17775,0.00088,0.37136
CVE-2017-17776,0.00127,0.47314
CVE-2017-17777,0.00659,0.77474
CVE-2017-17778,0.00057,0.21504
CVE-2017-17779,0.00212,0.59184
CVE-2017-17780,0.00071,0.29327
CVE-2017-17782,0.00419,0.71577
CVE-2017-17783,0.00198,0.57715
CVE-2017-17784,0.00123,0.46543
CVE-2017-17785,0.00159,0.52359
CVE-2017-17786,0.00123,0.46543
CVE-2017-17787,0.00142,0.49914
CVE-2017-17788,0.00161,0.52712
CVE-2017-17789,0.00144,0.50208
CVE-2017-1779,0.00042,0.05722
CVE-2017-17790,0.02800,0.89639
CVE-2017-17792,0.00125,0.47020
CVE-2017-17793,0.00288,0.65687
CVE-2017-17794,0.00205,0.58474
CVE-2017-17795,0.00042,0.05722
CVE-2017-17796,0.00042,0.05722
CVE-2017-17797,0.00042,0.05722
CVE-2017-17798,0.00042,0.05722
CVE-2017-17799,0.00042,0.05722
CVE-2017-17800,0.00042,0.05722
CVE-2017-17801,0.00042,0.05722
CVE-2017-17802,0.00042,0.05722
CVE-2017-17803,0.00042,0.05722
CVE-2017-17804,0.00042,0.05722
CVE-2017-17805,0.00044,0.08000
CVE-2017-17806,0.00044,0.08043
CVE-2017-17807,0.00044,0.08000
CVE-2017-17809,0.00063,0.25378
CVE-2017-17810,0.00481,0.73366
CVE-2017-17811,0.00147,0.50644
CVE-2017-17812,0.00382,0.70315
CVE-2017-17813,0.00162,0.52876
CVE-2017-17814,0.00162,0.52876
CVE-2017-17815,0.00382,0.70315
CVE-2017-17816,0.00162,0.52876
CVE-2017-17817,0.00082,0.34106
CVE-2017-17818,0.00127,0.47376
CVE-2017-17819,0.00382,0.70315
CVE-2017-17820,0.00082,0.34106
CVE-2017-17821,0.00576,0.75711
CVE-2017-17822,0.00088,0.37160
CVE-2017-17823,0.00132,0.48242
CVE-2017-17824,0.00126,0.47207
CVE-2017-17825,0.00057,0.21504
CVE-2017-17826,0.00107,0.43032
CVE-2017-17827,0.00179,0.55210
CVE-2017-17828,0.00057,0.21504
CVE-2017-17829,0.00091,0.38618
CVE-2017-1783,0.00080,0.33224
CVE-2017-17830,0.00079,0.32944
CVE-2017-17831,0.00492,0.73694
CVE-2017-17832,0.00047,0.14168
CVE-2017-17833,0.00816,0.80003
CVE-2017-17835,0.00071,0.29229
CVE-2017-17836,0.00176,0.54792
CVE-2017-17837,0.01014,0.82154
CVE-2017-1784,0.00042,0.05722
CVE-2017-17840,0.00042,0.05722
CVE-2017-17841,0.00213,0.59271
CVE-2017-17843,0.00624,0.76743
CVE-2017-17844,0.00696,0.78187
CVE-2017-17845,0.00527,0.74599
CVE-2017-17846,0.00514,0.74256
CVE-2017-17847,0.00481,0.73388
CVE-2017-17848,0.00946,0.81488
CVE-2017-17849,0.00984,0.81891
CVE-2017-1785,0.00075,0.30945
CVE-2017-17850,0.92868,0.98856
CVE-2017-17852,0.00042,0.05722
CVE-2017-17853,0.00042,0.05722
CVE-2017-17854,0.00042,0.05722
CVE-2017-17855,0.00042,0.05722
CVE-2017-17856,0.00042,0.05722
CVE-2017-17857,0.00042,0.05722
CVE-2017-17858,0.01700,0.86469
CVE-2017-17859,0.00183,0.55622
CVE-2017-1786,0.00076,0.31433
CVE-2017-17860,0.00052,0.18055
CVE-2017-17862,0.00042,0.05722
CVE-2017-17863,0.00042,0.05722
CVE-2017-17864,0.00042,0.05722
CVE-2017-17866,0.00447,0.72429
CVE-2017-17867,0.06409,0.93014
CVE-2017-17868,0.00088,0.37136
CVE-2017-17869,0.00088,0.37136
CVE-2017-1787,0.00042,0.05722
CVE-2017-17870,0.00618,0.76620
CVE-2017-17871,0.00282,0.65295
CVE-2017-17872,0.00282,0.65295
CVE-2017-17873,0.00282,0.65295
CVE-2017-17874,0.00542,0.74971
CVE-2017-17875,0.00282,0.65295
CVE-2017-17876,0.03618,0.90793
CVE-2017-17877,0.00762,0.79251
CVE-2017-17878,0.00263,0.64070
CVE-2017-17879,0.00747,0.79006
CVE-2017-1788,0.00186,0.56067
CVE-2017-17880,0.00184,0.55746
CVE-2017-17881,0.00092,0.38867
CVE-2017-17882,0.00092,0.38867
CVE-2017-17883,0.00082,0.34013
CVE-2017-17884,0.00092,0.38867
CVE-2017-17885,0.00092,0.38867
CVE-2017-17886,0.00092,0.38867
CVE-2017-17887,0.00092,0.38867
CVE-2017-17888,0.02553,0.89159
CVE-2017-17889,0.00058,0.22585
CVE-2017-1789,0.00186,0.55938
CVE-2017-17891,0.00112,0.44586
CVE-2017-17892,0.00212,0.59184
CVE-2017-17893,0.00088,0.37136
CVE-2017-17894,0.00112,0.44586
CVE-2017-17895,0.00212,0.59184
CVE-2017-17896,0.00088,0.37136
CVE-2017-17897,0.00119,0.45992
CVE-2017-17898,0.00380,0.70249
CVE-2017-17899,0.00119,0.45992
CVE-2017-1790,0.00050,0.16691
CVE-2017-17900,0.00119,0.45992
CVE-2017-17901,0.00136,0.49001
CVE-2017-17902,0.00138,0.49278
CVE-2017-17903,0.00112,0.44586
CVE-2017-17904,0.00057,0.21504
CVE-2017-17905,0.00112,0.44586
CVE-2017-17906,0.00212,0.59184
CVE-2017-17907,0.00088,0.37136
CVE-2017-17908,0.00112,0.44586
CVE-2017-17909,0.00057,0.21504
CVE-2017-1791,0.00050,0.16691
CVE-2017-17910,0.00068,0.27934
CVE-2017-17911,0.00088,0.37136
CVE-2017-17912,0.00419,0.71577
CVE-2017-17913,0.00198,0.57715
CVE-2017-17914,0.00452,0.72569
CVE-2017-17915,0.00419,0.71577
CVE-2017-17916,0.00165,0.53180
CVE-2017-17917,0.00138,0.49322
CVE-2017-17919,0.00161,0.52699
CVE-2017-1792,0.00050,0.16691
CVE-2017-17920,0.00161,0.52699
CVE-2017-17924,0.00268,0.64384
CVE-2017-17925,0.00057,0.21504
CVE-2017-17926,0.00252,0.63193
CVE-2017-17927,0.00268,0.64384
CVE-2017-17928,0.00212,0.59184
CVE-2017-17929,0.00057,0.21504
CVE-2017-1793,0.00050,0.16691
CVE-2017-17930,0.00112,0.44586
CVE-2017-17931,0.00212,0.59184
CVE-2017-17932,0.33418,0.96674
CVE-2017-17933,0.00091,0.38567
CVE-2017-17934,0.00236,0.61787
CVE-2017-17935,0.00158,0.52260
CVE-2017-17936,0.00112,0.44586
CVE-2017-17937,0.00088,0.37136
CVE-2017-17938,0.00057,0.21504
CVE-2017-17939,0.00112,0.44586
CVE-2017-1794,0.00098,0.40490
CVE-2017-17940,0.00057,0.21504
CVE-2017-17941,0.00091,0.38649
CVE-2017-17942,0.00292,0.65970
CVE-2017-17944,0.00205,0.58538
CVE-2017-17945,0.00166,0.53278
CVE-2017-17946,0.00724,0.78671
CVE-2017-17947,0.00054,0.19226
CVE-2017-17948,0.00088,0.37136
CVE-2017-17949,0.00088,0.37136
CVE-2017-1795,0.00042,0.05722
CVE-2017-17950,0.00091,0.38618
CVE-2017-17951,0.00212,0.59184
CVE-2017-17952,0.00194,0.57334
CVE-2017-17953,0.00088,0.37136
CVE-2017-17954,0.00088,0.37136
CVE-2017-17955,0.00088,0.37136
CVE-2017-17956,0.00088,0.37136
CVE-2017-17957,0.00212,0.59184
CVE-2017-17958,0.00088,0.37136
CVE-2017-17959,0.00212,0.59184
CVE-2017-17960,0.00112,0.44586
CVE-2017-17967,0.00143,0.50077
CVE-2017-17968,0.01398,0.85061
CVE-2017-17969,0.00481,0.73366
CVE-2017-17970,0.00262,0.63959
CVE-2017-17971,0.00088,0.37136
CVE-2017-17972,0.00078,0.32606
CVE-2017-17973,0.00482,0.73400
CVE-2017-17974,0.01461,0.85393
CVE-2017-17975,0.00062,0.24773
CVE-2017-17976,0.13655,0.95139
CVE-2017-17981,0.00057,0.21504
CVE-2017-17982,0.00079,0.32944
CVE-2017-17983,0.00091,0.38649
CVE-2017-17984,0.00057,0.21504
CVE-2017-17985,0.00057,0.21504
CVE-2017-17986,0.00057,0.21504
CVE-2017-17987,0.00091,0.38531
CVE-2017-17988,0.00057,0.21504
CVE-2017-17989,0.00057,0.21504
CVE-2017-17990,0.00112,0.44586
CVE-2017-17991,0.00057,0.21504
CVE-2017-17992,0.00500,0.73866
CVE-2017-17993,0.00057,0.21504
CVE-2017-17994,0.00057,0.21504
CVE-2017-17995,0.00057,0.21504
CVE-2017-17996,0.00329,0.68039
CVE-2017-17997,0.00143,0.50089
CVE-2017-17999,0.00190,0.56606
CVE-2017-18001,0.10516,0.94514
CVE-2017-18004,0.00057,0.21504
CVE-2017-18005,0.00061,0.24189
CVE-2017-18006,0.00062,0.24779
CVE-2017-18008,0.00103,0.41778
CVE-2017-18009,0.00086,0.35716
CVE-2017-18010,0.00147,0.50591
CVE-2017-18011,0.00169,0.53917
CVE-2017-18012,0.00152,0.51448
CVE-2017-18013,0.00347,0.68814
CVE-2017-18014,0.00124,0.46696
CVE-2017-18015,0.00100,0.40999
CVE-2017-18016,0.02506,0.89069
CVE-2017-18017,0.96139,0.99393
CVE-2017-18018,0.00042,0.05722
CVE-2017-18019,0.00064,0.26308
CVE-2017-18020,0.00079,0.33107
CVE-2017-18021,0.00462,0.72840
CVE-2017-18022,0.00103,0.41778
CVE-2017-18023,0.00091,0.38567
CVE-2017-18024,0.00074,0.30479
CVE-2017-18025,0.06452,0.93034
CVE-2017-18026,0.00726,0.78699
CVE-2017-18027,0.00121,0.46330
CVE-2017-18028,0.00131,0.48026
CVE-2017-18029,0.00145,0.50425
CVE-2017-18030,0.00059,0.22933
CVE-2017-18032,0.00098,0.40319
CVE-2017-18033,0.00067,0.27850
CVE-2017-18034,0.00065,0.27007
CVE-2017-18035,0.00071,0.29441
CVE-2017-18036,0.00081,0.33807
CVE-2017-18037,0.00192,0.57155
CVE-2017-18038,0.00172,0.54284
CVE-2017-18039,0.00096,0.39994
CVE-2017-18040,0.00065,0.27007
CVE-2017-18041,0.00065,0.27007
CVE-2017-18042,0.00102,0.41443
CVE-2017-18043,0.00062,0.24773
CVE-2017-18044,0.04643,0.91799
CVE-2017-18045,0.00489,0.73612
CVE-2017-18046,0.04669,0.91832
CVE-2017-18047,0.04840,0.91993
CVE-2017-18048,0.91164,0.98666
CVE-2017-18049,0.00132,0.48067
CVE-2017-18050,0.00044,0.10161
CVE-2017-18051,0.00085,0.35248
CVE-2017-18052,0.00085,0.35248
CVE-2017-18053,0.00085,0.35248
CVE-2017-18054,0.00044,0.10161
CVE-2017-18055,0.00044,0.10161
CVE-2017-18056,0.00044,0.10161
CVE-2017-18057,0.00085,0.35248
CVE-2017-18058,0.00085,0.35248
CVE-2017-18059,0.00085,0.35248
CVE-2017-18060,0.00085,0.35248
CVE-2017-18061,0.00044,0.10161
CVE-2017-18062,0.00044,0.10161
CVE-2017-18063,0.00052,0.18252
CVE-2017-18064,0.00052,0.18252
CVE-2017-18065,0.00044,0.10161
CVE-2017-18066,0.00044,0.10161
CVE-2017-18067,0.00354,0.69159
CVE-2017-18068,0.00052,0.18252
CVE-2017-18069,0.00083,0.34290
CVE-2017-18070,0.00044,0.10161
CVE-2017-18071,0.00161,0.52775
CVE-2017-18072,0.00105,0.42553
CVE-2017-18073,0.00105,0.42553
CVE-2017-18074,0.00187,0.56164
CVE-2017-18075,0.00042,0.05722
CVE-2017-18076,0.00185,0.55821
CVE-2017-18077,0.00358,0.69331
CVE-2017-18078,0.00062,0.24874
CVE-2017-18079,0.00062,0.24773
CVE-2017-18080,0.00132,0.48255
CVE-2017-18081,0.00096,0.39994
CVE-2017-18082,0.00065,0.27007
CVE-2017-18083,0.00065,0.27007
CVE-2017-18084,0.00065,0.27007
CVE-2017-18085,0.00096,0.39994
CVE-2017-18086,0.00096,0.39994
CVE-2017-18087,0.00408,0.71234
CVE-2017-18088,0.00116,0.45336
CVE-2017-18089,0.00065,0.27007
CVE-2017-18090,0.00096,0.39994
CVE-2017-18091,0.00083,0.34362
CVE-2017-18092,0.00065,0.27007
CVE-2017-18093,0.00083,0.34362
CVE-2017-18094,0.00065,0.27007
CVE-2017-18095,0.00115,0.45166
CVE-2017-18096,0.00362,0.69523
CVE-2017-18097,0.00066,0.27429
CVE-2017-18098,0.00095,0.39670
CVE-2017-18100,0.00095,0.39670
CVE-2017-18101,0.00155,0.51760
CVE-2017-18102,0.00066,0.27429
CVE-2017-18103,0.00121,0.46312
CVE-2017-18104,0.00444,0.72327
CVE-2017-18105,0.00452,0.72577
CVE-2017-18106,0.00229,0.61149
CVE-2017-18107,0.00075,0.31087
CVE-2017-18108,0.00148,0.50801
CVE-2017-18109,0.00121,0.46312
CVE-2017-18110,0.00239,0.62051
CVE-2017-18111,0.00142,0.49913
CVE-2017-18112,0.00239,0.62051
CVE-2017-18113,0.00474,0.73167
CVE-2017-18120,0.00450,0.72503
CVE-2017-18121,0.00260,0.63868
CVE-2017-18122,0.00242,0.62283
CVE-2017-18123,0.00711,0.78453
CVE-2017-18124,0.00044,0.10161
CVE-2017-18125,0.00095,0.39594
CVE-2017-18126,0.00105,0.42553
CVE-2017-18127,0.00187,0.56164
CVE-2017-18128,0.00105,0.42553
CVE-2017-18129,0.00187,0.56164
CVE-2017-18130,0.00187,0.56164
CVE-2017-18131,0.00044,0.10161
CVE-2017-18132,0.00187,0.56164
CVE-2017-18133,0.00187,0.56164
CVE-2017-18134,0.00187,0.56164
CVE-2017-18135,0.00187,0.56164
CVE-2017-18136,0.00187,0.56164
CVE-2017-18137,0.00187,0.56164
CVE-2017-18138,0.00187,0.56164
CVE-2017-18139,0.00187,0.56164
CVE-2017-18140,0.00187,0.56164
CVE-2017-18141,0.00044,0.10161
CVE-2017-18142,0.00187,0.56164
CVE-2017-18143,0.00105,0.42553
CVE-2017-18144,0.00187,0.56164
CVE-2017-18145,0.00187,0.56164
CVE-2017-18146,0.00187,0.56164
CVE-2017-18147,0.00128,0.47548
CVE-2017-18154,0.00044,0.10161
CVE-2017-18155,0.00044,0.10161
CVE-2017-18156,0.00044,0.10161
CVE-2017-18157,0.00044,0.10161
CVE-2017-18158,0.00044,0.10161
CVE-2017-18159,0.00062,0.24773
CVE-2017-18160,0.00137,0.49096
CVE-2017-18169,0.00044,0.10161
CVE-2017-18170,0.00077,0.32045
CVE-2017-18171,0.00077,0.32045
CVE-2017-18172,0.00044,0.10161
CVE-2017-18173,0.00044,0.10161
CVE-2017-18174,0.00697,0.78214
CVE-2017-18175,0.00115,0.45009
CVE-2017-18176,0.00115,0.45009
CVE-2017-18177,0.00115,0.45009
CVE-2017-18178,0.00430,0.71877
CVE-2017-18179,0.00177,0.54929
CVE-2017-18183,0.00115,0.45235
CVE-2017-18184,0.00115,0.45235
CVE-2017-18185,0.00115,0.45235
CVE-2017-18186,0.00115,0.45235
CVE-2017-18187,0.01183,0.83622
CVE-2017-18188,0.00042,0.05722
CVE-2017-18189,0.01018,0.82197
CVE-2017-18190,0.00330,0.68144
CVE-2017-18191,0.00297,0.66277
CVE-2017-18192,0.00588,0.75977
CVE-2017-18193,0.00042,0.05722
CVE-2017-18194,0.00219,0.59907
CVE-2017-18195,0.00472,0.73115
CVE-2017-18196,0.00044,0.07794
CVE-2017-18197,0.00679,0.77909
CVE-2017-18198,0.00437,0.72144
CVE-2017-18199,0.00165,0.53170
CVE-2017-18200,0.00042,0.05722
CVE-2017-18201,0.00813,0.79972
CVE-2017-18202,0.00062,0.24773
CVE-2017-18203,0.00044,0.08000
CVE-2017-18204,0.00042,0.05722
CVE-2017-18205,0.00362,0.69506
CVE-2017-18206,0.00716,0.78540
CVE-2017-18207,0.00092,0.38867
CVE-2017-18208,0.00044,0.08000
CVE-2017-18209,0.00372,0.69905
CVE-2017-18210,0.00230,0.61270
CVE-2017-18211,0.00512,0.74212
CVE-2017-18212,0.00186,0.55912
CVE-2017-18213,0.00104,0.42231
CVE-2017-18214,0.00238,0.61994
CVE-2017-18215,0.00391,0.70652
CVE-2017-18216,0.00042,0.05722
CVE-2017-18217,0.00092,0.38755
CVE-2017-18218,0.00042,0.05722
CVE-2017-18219,0.00202,0.58180
CVE-2017-18220,0.01888,0.87259
CVE-2017-18221,0.00042,0.05722
CVE-2017-18222,0.00042,0.05722
CVE-2017-18223,0.00309,0.66976
CVE-2017-18224,0.00042,0.05722
CVE-2017-18225,0.00042,0.05722
CVE-2017-18226,0.00042,0.05722
CVE-2017-18227,0.00147,0.50658
CVE-2017-18228,0.00054,0.19226
CVE-2017-18229,0.00294,0.66085
CVE-2017-18230,0.00379,0.70213
CVE-2017-18231,0.00379,0.70213
CVE-2017-18232,0.00042,0.05722
CVE-2017-18233,0.00296,0.66243
CVE-2017-18234,0.00347,0.68818
CVE-2017-18235,0.00120,0.46144
CVE-2017-18236,0.00296,0.66243
CVE-2017-18237,0.00120,0.46144
CVE-2017-18238,0.00358,0.69309
CVE-2017-18239,0.00284,0.65446
CVE-2017-18240,0.00042,0.05722
CVE-2017-18241,0.00042,0.05722
CVE-2017-18242,0.00148,0.50818
CVE-2017-18243,0.00177,0.54915
CVE-2017-18244,0.00148,0.50818
CVE-2017-18245,0.00167,0.53409
CVE-2017-18246,0.00148,0.50818
CVE-2017-18247,0.00140,0.49594
CVE-2017-18248,0.01128,0.83173
CVE-2017-18249,0.00042,0.05722
CVE-2017-18250,0.00079,0.32932
CVE-2017-18251,0.00156,0.52024
CVE-2017-18252,0.00188,0.56426
CVE-2017-18253,0.00079,0.32932
CVE-2017-18254,0.00156,0.52024
CVE-2017-18255,0.00042,0.05722
CVE-2017-18256,0.00366,0.69675
CVE-2017-18257,0.00042,0.05722
CVE-2017-18258,0.01726,0.86580
CVE-2017-18259,0.00058,0.22585
CVE-2017-18260,0.00091,0.38398
CVE-2017-18261,0.00042,0.05722
CVE-2017-18262,0.00105,0.42482
CVE-2017-18263,0.01048,0.82470
CVE-2017-18264,0.00257,0.63576
CVE-2017-18265,0.01269,0.84256
CVE-2017-18266,0.00705,0.78341
CVE-2017-18267,0.00731,0.78787
CVE-2017-18268,0.00168,0.53580
CVE-2017-18269,0.00638,0.76993
CVE-2017-18270,0.00042,0.05722
CVE-2017-18271,0.00407,0.71205
CVE-2017-18272,0.00096,0.39969
CVE-2017-18273,0.00424,0.71731
CVE-2017-18274,0.00044,0.10161
CVE-2017-18275,0.00044,0.10161
CVE-2017-18276,0.00042,0.05722
CVE-2017-18277,0.00044,0.10161
CVE-2017-18278,0.00044,0.10161
CVE-2017-18279,0.00044,0.10161
CVE-2017-18280,0.00052,0.18252
CVE-2017-18281,0.00044,0.10161
CVE-2017-18282,0.00052,0.18252
CVE-2017-18283,0.00133,0.48329
CVE-2017-18284,0.00042,0.05722
CVE-2017-18285,0.00042,0.05722
CVE-2017-18286,0.00048,0.14582
CVE-2017-18287,0.00301,0.66457
CVE-2017-18288,0.00301,0.66457
CVE-2017-18289,0.00301,0.66457
CVE-2017-18290,0.00301,0.66457
CVE-2017-18291,0.00301,0.66457
CVE-2017-18292,0.00052,0.18252
CVE-2017-18293,0.00052,0.18252
CVE-2017-18294,0.00052,0.18252
CVE-2017-18295,0.00052,0.18252
CVE-2017-18296,0.00052,0.18252
CVE-2017-18297,0.00052,0.18252
CVE-2017-18298,0.00052,0.18252
CVE-2017-18299,0.00050,0.16807
CVE-2017-18300,0.00051,0.17134
CVE-2017-18301,0.00052,0.18252
CVE-2017-18302,0.00051,0.17134
CVE-2017-18303,0.00052,0.18252
CVE-2017-18304,0.00052,0.18252
CVE-2017-18305,0.00052,0.18252
CVE-2017-18308,0.00044,0.10161
CVE-2017-18309,0.00044,0.10161
CVE-2017-18310,0.00044,0.10161
CVE-2017-18311,0.00044,0.10161
CVE-2017-18312,0.00044,0.10161
CVE-2017-18313,0.00063,0.25202
CVE-2017-18314,0.00207,0.58730
CVE-2017-18315,0.00044,0.10161
CVE-2017-18316,0.00044,0.10161
CVE-2017-18317,0.00044,0.10161
CVE-2017-18318,0.00195,0.57498
CVE-2017-18319,0.00044,0.10161
CVE-2017-18320,0.00044,0.10161
CVE-2017-18321,0.00044,0.10161
CVE-2017-18322,0.00044,0.10161
CVE-2017-18323,0.00044,0.10161
CVE-2017-18324,0.00044,0.10161
CVE-2017-18326,0.00044,0.10161
CVE-2017-18327,0.00044,0.10161
CVE-2017-18328,0.00044,0.10161
CVE-2017-18329,0.00044,0.10161
CVE-2017-18330,0.00044,0.10161
CVE-2017-18331,0.00044,0.10161
CVE-2017-18332,0.00044,0.10161
CVE-2017-18342,0.01440,0.85274
CVE-2017-18343,0.00141,0.49798
CVE-2017-18344,0.00096,0.40027
CVE-2017-18345,0.14765,0.95303
CVE-2017-18346,0.00976,0.81802
CVE-2017-18347,0.00134,0.48498
CVE-2017-18348,0.00042,0.05722
CVE-2017-18349,0.86408,0.98352
CVE-2017-18350,0.00117,0.45505
CVE-2017-18352,0.00076,0.31436
CVE-2017-18353,0.00448,0.72452
CVE-2017-18354,0.00190,0.56662
CVE-2017-18355,0.00350,0.68968
CVE-2017-18356,0.00097,0.40194
CVE-2017-18357,0.52634,0.97312
CVE-2017-18358,0.00076,0.31249
CVE-2017-18359,0.00538,0.74854
CVE-2017-18360,0.00042,0.05722
CVE-2017-18361,0.00100,0.40918
CVE-2017-18362,0.04496,0.91668
CVE-2017-18364,0.00110,0.44053
CVE-2017-18365,0.01064,0.82644
CVE-2017-18366,0.00112,0.44586
CVE-2017-18367,0.00238,0.61983
CVE-2017-18368,0.97521,0.99987
CVE-2017-18369,0.93804,0.98966
CVE-2017-18370,0.76647,0.97942
CVE-2017-18371,0.02279,0.88568
CVE-2017-18372,0.22790,0.96112
CVE-2017-18373,0.00936,0.81385
CVE-2017-18374,0.01028,0.82272
CVE-2017-18375,0.00109,0.43614
CVE-2017-18376,0.00173,0.54544
CVE-2017-18377,0.14164,0.95223
CVE-2017-18378,0.04259,0.91462
CVE-2017-18379,0.00405,0.71111
CVE-2017-18380,0.00090,0.37972
CVE-2017-18381,0.00104,0.42231
CVE-2017-18382,0.00054,0.20290
CVE-2017-18383,0.00044,0.10161
CVE-2017-18384,0.00044,0.10161
CVE-2017-18385,0.00044,0.10161
CVE-2017-18386,0.00105,0.42575
CVE-2017-18387,0.00105,0.42575
CVE-2017-18388,0.00044,0.10161
CVE-2017-18389,0.00072,0.29893
CVE-2017-18390,0.00044,0.10161
CVE-2017-18391,0.00044,0.10161
CVE-2017-18392,0.00054,0.20290
CVE-2017-18393,0.00054,0.20290
CVE-2017-18394,0.00054,0.20290
CVE-2017-18395,0.00054,0.20290
CVE-2017-18396,0.00044,0.10161
CVE-2017-18397,0.00044,0.10161
CVE-2017-18398,0.00054,0.20290
CVE-2017-18399,0.00084,0.34791
CVE-2017-18400,0.00044,0.10161
CVE-2017-18401,0.00054,0.20290
CVE-2017-18402,0.00054,0.20290
CVE-2017-18403,0.00072,0.29455
CVE-2017-18404,0.00054,0.20290
CVE-2017-18405,0.00042,0.05722
CVE-2017-18406,0.00073,0.30345
CVE-2017-18407,0.00084,0.34791
CVE-2017-18408,0.00054,0.20290
CVE-2017-18409,0.00063,0.25750
CVE-2017-18410,0.00063,0.25750
CVE-2017-18411,0.00063,0.25750
CVE-2017-18412,0.00044,0.10161
CVE-2017-18413,0.00044,0.10161
CVE-2017-18414,0.00075,0.30975
CVE-2017-18415,0.00044,0.10161
CVE-2017-18416,0.00044,0.10161
CVE-2017-18417,0.00054,0.20290
CVE-2017-18418,0.00054,0.20290
CVE-2017-18419,0.00054,0.20290
CVE-2017-18420,0.00054,0.20290
CVE-2017-18421,0.00044,0.10161
CVE-2017-18422,0.00044,0.10161
CVE-2017-18423,0.00044,0.10161
CVE-2017-18424,0.00044,0.10161
CVE-2017-18425,0.00044,0.10161
CVE-2017-18426,0.00054,0.20290
CVE-2017-18427,0.00044,0.10161
CVE-2017-18428,0.00044,0.10161
CVE-2017-18429,0.00044,0.10161
CVE-2017-18430,0.00067,0.27699
CVE-2017-18431,0.00084,0.34791
CVE-2017-18432,0.00044,0.10161
CVE-2017-18433,0.00094,0.39467
CVE-2017-18434,0.00044,0.10161
CVE-2017-18435,0.00112,0.44346
CVE-2017-18436,0.00044,0.10161
CVE-2017-18437,0.00044,0.10161
CVE-2017-18438,0.00072,0.29455
CVE-2017-18439,0.00066,0.27478
CVE-2017-18440,0.00054,0.20290
CVE-2017-18441,0.00054,0.20290
CVE-2017-18442,0.00084,0.34791
CVE-2017-18443,0.00084,0.34791
CVE-2017-18444,0.00084,0.34791
CVE-2017-18445,0.00054,0.20290
CVE-2017-18446,0.00072,0.29893
CVE-2017-18447,0.00066,0.27478
CVE-2017-18448,0.00096,0.39991
CVE-2017-18449,0.00044,0.10161
CVE-2017-18450,0.00044,0.10161
CVE-2017-18451,0.00084,0.34791
CVE-2017-18452,0.00044,0.10161
CVE-2017-18453,0.00054,0.20290
CVE-2017-18454,0.00054,0.20290
CVE-2017-18455,0.00067,0.27863
CVE-2017-18456,0.00078,0.32606
CVE-2017-18457,0.00044,0.10161
CVE-2017-18458,0.00044,0.10161
CVE-2017-18459,0.00044,0.10161
CVE-2017-18460,0.00044,0.10161
CVE-2017-18461,0.00054,0.20290
CVE-2017-18462,0.00084,0.34791
CVE-2017-18463,0.00044,0.10161
CVE-2017-18464,0.00054,0.20290
CVE-2017-18465,0.00044,0.10161
CVE-2017-18466,0.00054,0.20290
CVE-2017-18467,0.00054,0.20290
CVE-2017-18468,0.00072,0.29455
CVE-2017-18469,0.00066,0.27478
CVE-2017-18470,0.00104,0.42231
CVE-2017-18471,0.00054,0.20290
CVE-2017-18472,0.00078,0.32606
CVE-2017-18473,0.00054,0.20290
CVE-2017-18474,0.00065,0.26756
CVE-2017-18475,0.00094,0.39456
CVE-2017-18476,0.00168,0.53801
CVE-2017-18477,0.00065,0.26756
CVE-2017-18478,0.00065,0.26756
CVE-2017-18479,0.00065,0.26756
CVE-2017-18480,0.00065,0.26756
CVE-2017-18481,0.00054,0.20290
CVE-2017-18482,0.00075,0.30965
CVE-2017-18483,0.00087,0.36434
CVE-2017-18484,0.00087,0.36434
CVE-2017-18485,0.00078,0.32141
CVE-2017-18486,0.16475,0.95534
CVE-2017-18487,0.00088,0.36861
CVE-2017-18488,0.00078,0.32606
CVE-2017-18489,0.00078,0.32606
CVE-2017-18490,0.00088,0.36861
CVE-2017-18491,0.00088,0.36861
CVE-2017-18492,0.00088,0.36861
CVE-2017-18493,0.00088,0.36861
CVE-2017-18494,0.00088,0.36861
CVE-2017-18495,0.00078,0.32606
CVE-2017-18496,0.00088,0.36861
CVE-2017-18497,0.00078,0.32606
CVE-2017-18498,0.00078,0.32606
CVE-2017-18499,0.00084,0.35108
CVE-2017-18500,0.00231,0.61334
CVE-2017-18501,0.00231,0.61334
CVE-2017-18502,0.00231,0.61334
CVE-2017-18503,0.00078,0.32606
CVE-2017-18504,0.00073,0.30112
CVE-2017-18505,0.00163,0.52948
CVE-2017-18506,0.00078,0.32606
CVE-2017-18507,0.00078,0.32606
CVE-2017-18508,0.00084,0.35108
CVE-2017-18509,0.00200,0.57952
CVE-2017-18510,0.00073,0.30112
CVE-2017-18511,0.00073,0.30112
CVE-2017-18512,0.00073,0.30112
CVE-2017-18513,0.00073,0.30112
CVE-2017-18514,0.00138,0.49278
CVE-2017-18515,0.00138,0.49278
CVE-2017-18516,0.00088,0.36861
CVE-2017-18517,0.00088,0.36861
CVE-2017-18518,0.00088,0.36861
CVE-2017-18519,0.00078,0.32606
CVE-2017-18520,0.00084,0.35108
CVE-2017-18521,0.00085,0.35311
CVE-2017-18522,0.00078,0.32606
CVE-2017-18523,0.00073,0.30112
CVE-2017-18524,0.00078,0.32606
CVE-2017-18525,0.00078,0.32606
CVE-2017-18526,0.00078,0.32606
CVE-2017-18527,0.00088,0.36861
CVE-2017-18528,0.00088,0.36861
CVE-2017-18529,0.00088,0.36861
CVE-2017-18530,0.00088,0.36861
CVE-2017-18531,0.00078,0.32606
CVE-2017-18532,0.00088,0.36861
CVE-2017-18533,0.00078,0.32606
CVE-2017-18534,0.00078,0.32606
CVE-2017-18535,0.00078,0.32606
CVE-2017-18536,0.00088,0.36861
CVE-2017-18537,0.00088,0.36861
CVE-2017-18538,0.00084,0.35108
CVE-2017-18539,0.00084,0.35108
CVE-2017-18540,0.00084,0.35108
CVE-2017-18541,0.00078,0.32606
CVE-2017-18542,0.00221,0.60235
CVE-2017-18543,0.00186,0.55912
CVE-2017-18544,0.00073,0.30112
CVE-2017-18545,0.00084,0.34791
CVE-2017-18546,0.00073,0.30112
CVE-2017-18547,0.00073,0.30112
CVE-2017-18548,0.00138,0.49278
CVE-2017-18549,0.00044,0.10161
CVE-2017-18550,0.00044,0.10161
CVE-2017-18551,0.00045,0.11966
CVE-2017-18552,0.00044,0.10161
CVE-2017-18553,0.00078,0.32606
CVE-2017-18554,0.00078,0.32606
CVE-2017-18555,0.00078,0.32606
CVE-2017-18556,0.00088,0.36861
CVE-2017-18557,0.00088,0.36861
CVE-2017-18558,0.00088,0.36861
CVE-2017-18559,0.00084,0.35108
CVE-2017-18560,0.00078,0.32606
CVE-2017-18561,0.00078,0.32606
CVE-2017-18562,0.00088,0.36861
CVE-2017-18563,0.00078,0.32606
CVE-2017-18564,0.00088,0.36861
CVE-2017-18565,0.00088,0.36861
CVE-2017-18566,0.00088,0.36861
CVE-2017-18567,0.00078,0.32606
CVE-2017-18568,0.00078,0.32606
CVE-2017-18569,0.00073,0.30112
CVE-2017-18570,0.00138,0.49278
CVE-2017-18571,0.00138,0.49278
CVE-2017-18572,0.00078,0.32606
CVE-2017-18573,0.00138,0.49278
CVE-2017-18574,0.00078,0.32606
CVE-2017-18575,0.00078,0.32606
CVE-2017-18576,0.00078,0.32606
CVE-2017-18577,0.00078,0.32606
CVE-2017-18578,0.00078,0.32606
CVE-2017-18579,0.00078,0.32606
CVE-2017-18580,0.00684,0.77981
CVE-2017-18581,0.00078,0.32606
CVE-2017-18582,0.00078,0.32606
CVE-2017-18583,0.00276,0.64924
CVE-2017-18584,0.00084,0.34791
CVE-2017-18585,0.00060,0.23404
CVE-2017-18586,0.00172,0.54296
CVE-2017-18587,0.00084,0.34791
CVE-2017-18588,0.00084,0.34791
CVE-2017-18589,0.00103,0.41969
CVE-2017-18590,0.00078,0.32606
CVE-2017-18591,0.00078,0.32606
CVE-2017-18592,0.00073,0.30345
CVE-2017-18593,0.00078,0.32606
CVE-2017-18594,0.00405,0.71122
CVE-2017-18595,0.00042,0.05722
CVE-2017-18596,0.00087,0.35903
CVE-2017-18597,0.00222,0.60572
CVE-2017-18598,0.00094,0.39265
CVE-2017-18599,0.00078,0.32606
CVE-2017-18600,0.00054,0.20290
CVE-2017-18601,0.00050,0.16830
CVE-2017-18602,0.00076,0.31271
CVE-2017-18603,0.00076,0.31249
CVE-2017-18604,0.00079,0.33132
CVE-2017-18605,0.00216,0.59617
CVE-2017-18606,0.00078,0.32606
CVE-2017-18607,0.00073,0.30112
CVE-2017-18608,0.00066,0.27550
CVE-2017-18609,0.00076,0.31249
CVE-2017-18610,0.00076,0.31249
CVE-2017-18611,0.00076,0.31249
CVE-2017-18612,0.00112,0.44327
CVE-2017-18613,0.00112,0.44327
CVE-2017-18614,0.00156,0.52043
CVE-2017-18615,0.00078,0.32606
CVE-2017-18634,0.00821,0.80063
CVE-2017-18635,0.00352,0.69069
CVE-2017-18636,0.00637,0.76983
CVE-2017-18638,0.00902,0.81020
CVE-2017-18639,0.00148,0.50841
CVE-2017-18640,0.01874,0.87186
CVE-2017-18641,0.00129,0.47570
CVE-2017-18642,0.00070,0.29068
CVE-2017-18643,0.00080,0.33409
CVE-2017-18644,0.00119,0.45929
CVE-2017-18645,0.00119,0.45929
CVE-2017-18646,0.00046,0.12530
CVE-2017-18647,0.00119,0.45929
CVE-2017-18648,0.00080,0.33409
CVE-2017-18649,0.00092,0.38813
CVE-2017-18650,0.00082,0.34051
CVE-2017-18651,0.00083,0.34465
CVE-2017-18652,0.00108,0.43419
CVE-2017-18653,0.00054,0.20290
CVE-2017-18654,0.00070,0.28861
CVE-2017-18655,0.00119,0.45929
CVE-2017-18656,0.00066,0.27588
CVE-2017-18657,0.00066,0.27588
CVE-2017-18658,0.00073,0.30255
CVE-2017-18659,0.00073,0.30255
CVE-2017-18660,0.00119,0.45929
CVE-2017-18661,0.00119,0.45929
CVE-2017-18662,0.00080,0.33409
CVE-2017-18663,0.00082,0.34051
CVE-2017-18664,0.00081,0.33580
CVE-2017-18665,0.00048,0.14692
CVE-2017-18666,0.00056,0.20805
CVE-2017-18667,0.00071,0.29153
CVE-2017-18668,0.00066,0.27588
CVE-2017-18669,0.00066,0.27588
CVE-2017-18670,0.00082,0.34051
CVE-2017-18671,0.00082,0.34051
CVE-2017-18672,0.00042,0.05722
CVE-2017-18673,0.00046,0.13831
CVE-2017-18674,0.00082,0.34051
CVE-2017-18675,0.00082,0.34051
CVE-2017-18676,0.00066,0.27588
CVE-2017-18677,0.00056,0.20805
CVE-2017-18678,0.00082,0.34051
CVE-2017-18679,0.00082,0.34051
CVE-2017-18680,0.00044,0.10161
CVE-2017-18681,0.00194,0.57351
CVE-2017-18682,0.00082,0.34051
CVE-2017-18683,0.00106,0.42770
CVE-2017-18684,0.00106,0.42770
CVE-2017-18685,0.00082,0.34051
CVE-2017-18686,0.00066,0.27588
CVE-2017-18687,0.00066,0.27588
CVE-2017-18688,0.00080,0.33409
CVE-2017-18689,0.00066,0.27588
CVE-2017-18690,0.00119,0.45929
CVE-2017-18691,0.00119,0.45929
CVE-2017-18692,0.00119,0.45929
CVE-2017-18693,0.00119,0.45929
CVE-2017-18694,0.00066,0.27588
CVE-2017-18695,0.00057,0.21513
CVE-2017-18696,0.00106,0.42770
CVE-2017-18697,0.00044,0.10161
CVE-2017-18698,0.00044,0.10161
CVE-2017-18699,0.00044,0.10161
CVE-2017-18700,0.00078,0.32606
CVE-2017-18701,0.00078,0.32606
CVE-2017-18702,0.00058,0.22795
CVE-2017-18703,0.00073,0.30112
CVE-2017-18704,0.00070,0.29068
CVE-2017-18705,0.00070,0.29068
CVE-2017-18706,0.00058,0.22795
CVE-2017-18707,0.00044,0.10161
CVE-2017-18708,0.00073,0.30112
CVE-2017-18709,0.00044,0.10161
CVE-2017-18710,0.00058,0.22795
CVE-2017-18711,0.00070,0.29068
CVE-2017-18712,0.00070,0.29068
CVE-2017-18713,0.00070,0.29068
CVE-2017-18714,0.00058,0.22795
CVE-2017-18715,0.00078,0.32606
CVE-2017-18716,0.00079,0.33022
CVE-2017-18717,0.00079,0.33022
CVE-2017-18718,0.00079,0.33022
CVE-2017-18719,0.00079,0.33022
CVE-2017-18720,0.00068,0.27920
CVE-2017-18721,0.00079,0.33022
CVE-2017-18722,0.00079,0.33022
CVE-2017-18723,0.00079,0.33022
CVE-2017-18724,0.00079,0.33022
CVE-2017-18725,0.00079,0.33022
CVE-2017-18726,0.00079,0.33022
CVE-2017-18727,0.00079,0.33022
CVE-2017-18728,0.00079,0.33022
CVE-2017-18729,0.00079,0.33022
CVE-2017-18730,0.00079,0.33022
CVE-2017-18731,0.00070,0.29068
CVE-2017-18732,0.00068,0.27920
CVE-2017-18733,0.00068,0.27920
CVE-2017-18734,0.00078,0.32271
CVE-2017-18735,0.00078,0.32271
CVE-2017-18736,0.00078,0.32271
CVE-2017-18737,0.00078,0.32271
CVE-2017-18738,0.00079,0.33022
CVE-2017-18739,0.00079,0.33022
CVE-2017-18740,0.00058,0.22795
CVE-2017-18741,0.00070,0.29068
CVE-2017-18742,0.00073,0.30112
CVE-2017-18743,0.00068,0.27920
CVE-2017-18744,0.00079,0.33022
CVE-2017-18745,0.00078,0.32606
CVE-2017-18746,0.00058,0.22795
CVE-2017-18747,0.00058,0.22795
CVE-2017-18748,0.00070,0.29068
CVE-2017-18749,0.00073,0.30112
CVE-2017-18750,0.00079,0.33022
CVE-2017-18751,0.00079,0.33022
CVE-2017-18752,0.00070,0.29068
CVE-2017-18754,0.00044,0.10161
CVE-2017-18755,0.00073,0.30112
CVE-2017-18756,0.00070,0.29068
CVE-2017-18757,0.00058,0.22795
CVE-2017-18758,0.00044,0.10161
CVE-2017-18759,0.00044,0.10161
CVE-2017-18761,0.00044,0.10161
CVE-2017-18762,0.00078,0.32271
CVE-2017-18763,0.00058,0.22795
CVE-2017-18764,0.00078,0.32271
CVE-2017-18765,0.00058,0.22795
CVE-2017-18766,0.00070,0.29068
CVE-2017-18767,0.00044,0.10161
CVE-2017-18768,0.00073,0.30112
CVE-2017-18769,0.00070,0.29068
CVE-2017-18770,0.00044,0.10161
CVE-2017-18772,0.00068,0.27920
CVE-2017-18773,0.00044,0.10161
CVE-2017-18775,0.00073,0.30112
CVE-2017-18776,0.00068,0.27920
CVE-2017-18777,0.00044,0.10161
CVE-2017-18778,0.00044,0.10161
CVE-2017-18779,0.00044,0.10161
CVE-2017-18780,0.00044,0.10161
CVE-2017-18781,0.00073,0.30112
CVE-2017-18782,0.00073,0.30112
CVE-2017-18783,0.00078,0.32606
CVE-2017-18784,0.00078,0.32606
CVE-2017-18785,0.00054,0.20290
CVE-2017-18786,0.00044,0.10161
CVE-2017-18787,0.00044,0.10161
CVE-2017-18788,0.00044,0.10161
CVE-2017-18789,0.00044,0.10161
CVE-2017-18790,0.00070,0.29068
CVE-2017-18791,0.00073,0.30112
CVE-2017-18792,0.00078,0.32271
CVE-2017-18793,0.00044,0.10161
CVE-2017-18794,0.00078,0.32271
CVE-2017-18795,0.00044,0.10161
CVE-2017-18796,0.00044,0.10161
CVE-2017-18797,0.00070,0.29068
CVE-2017-18798,0.00058,0.22795
CVE-2017-18799,0.00084,0.34791
CVE-2017-18800,0.00055,0.20370
CVE-2017-18801,0.00044,0.10161
CVE-2017-18802,0.00044,0.10161
CVE-2017-18803,0.00058,0.22795
CVE-2017-18804,0.00044,0.10161
CVE-2017-18805,0.00044,0.10161
CVE-2017-18806,0.00044,0.10161
CVE-2017-18807,0.00054,0.20290
CVE-2017-18808,0.00044,0.10161
CVE-2017-18809,0.00054,0.20290
CVE-2017-18810,0.00054,0.20290
CVE-2017-18811,0.00054,0.20290
CVE-2017-18812,0.00054,0.20290
CVE-2017-18813,0.00054,0.20290
CVE-2017-18814,0.00054,0.20290
CVE-2017-18815,0.00054,0.20290
CVE-2017-18816,0.00054,0.20290
CVE-2017-18819,0.00044,0.10161
CVE-2017-18820,0.00054,0.20290
CVE-2017-18821,0.00054,0.20290
CVE-2017-18822,0.00044,0.10161
CVE-2017-18823,0.00044,0.10161
CVE-2017-18824,0.00044,0.07794
CVE-2017-18825,0.00054,0.20290
CVE-2017-18826,0.00044,0.10161
CVE-2017-18827,0.00054,0.20290
CVE-2017-18828,0.00054,0.20290
CVE-2017-18829,0.00044,0.10161
CVE-2017-18830,0.00044,0.10161
CVE-2017-18831,0.00054,0.20290
CVE-2017-18832,0.00054,0.20290
CVE-2017-18833,0.00078,0.32606
CVE-2017-18834,0.00078,0.32606
CVE-2017-18835,0.00078,0.32606
CVE-2017-18836,0.00058,0.22795
CVE-2017-18837,0.00044,0.10161
CVE-2017-18838,0.00044,0.10161
CVE-2017-18839,0.00054,0.20290
CVE-2017-18840,0.00058,0.22795
CVE-2017-18841,0.00044,0.10161
CVE-2017-18842,0.00073,0.30112
CVE-2017-18843,0.00044,0.10161
CVE-2017-18844,0.00044,0.10161
CVE-2017-18845,0.00044,0.10161
CVE-2017-18846,0.00044,0.10161
CVE-2017-18847,0.00044,0.10161
CVE-2017-18848,0.00073,0.30112
CVE-2017-18849,0.00044,0.10161
CVE-2017-18850,0.00068,0.27920
CVE-2017-18851,0.00044,0.10161
CVE-2017-18852,0.00101,0.41177
CVE-2017-18853,0.00070,0.29068
CVE-2017-18854,0.00044,0.10161
CVE-2017-18855,0.00086,0.35642
CVE-2017-18856,0.00044,0.10161
CVE-2017-18857,0.00222,0.60556
CVE-2017-18858,0.00310,0.67008
CVE-2017-18859,0.00103,0.41969
CVE-2017-18860,0.00056,0.20992
CVE-2017-18861,0.00053,0.18898
CVE-2017-18862,0.00068,0.27920
CVE-2017-18863,0.00044,0.10161
CVE-2017-18864,0.00079,0.33022
CVE-2017-18865,0.00044,0.10161
CVE-2017-18866,0.00078,0.32606
CVE-2017-18867,0.00070,0.29068
CVE-2017-18868,0.00054,0.19226
CVE-2017-18869,0.00042,0.05722
CVE-2017-18870,0.00054,0.20290
CVE-2017-18871,0.00103,0.41969
CVE-2017-18872,0.00054,0.20290
CVE-2017-18873,0.00092,0.38838
CVE-2017-18874,0.00093,0.39033
CVE-2017-18875,0.00054,0.20290
CVE-2017-18876,0.00065,0.26756
CVE-2017-18877,0.00078,0.32606
CVE-2017-18878,0.00072,0.29893
CVE-2017-18879,0.00078,0.32606
CVE-2017-18880,0.00078,0.32606
CVE-2017-18881,0.00078,0.32606
CVE-2017-18882,0.00078,0.32606
CVE-2017-18883,0.00169,0.53937
CVE-2017-18884,0.00065,0.26756
CVE-2017-18885,0.00222,0.60556
CVE-2017-18886,0.00104,0.42231
CVE-2017-18887,0.00084,0.34791
CVE-2017-18888,0.00138,0.49278
CVE-2017-18889,0.00054,0.20290
CVE-2017-18890,0.00078,0.32606
CVE-2017-18891,0.00078,0.32606
CVE-2017-18892,0.00078,0.32606
CVE-2017-18893,0.00078,0.32606
CVE-2017-18894,0.00065,0.26756
CVE-2017-18895,0.00084,0.34791
CVE-2017-18896,0.00084,0.34791
CVE-2017-18897,0.00078,0.32606
CVE-2017-18898,0.00092,0.38838
CVE-2017-18899,0.00092,0.38838
CVE-2017-18900,0.00233,0.61449
CVE-2017-18901,0.00084,0.34791
CVE-2017-18902,0.00084,0.34791
CVE-2017-18903,0.00073,0.30112
CVE-2017-18904,0.00078,0.32606
CVE-2017-18905,0.00084,0.34791
CVE-2017-18906,0.00065,0.26756
CVE-2017-18907,0.00078,0.32606
CVE-2017-18908,0.00309,0.66976
CVE-2017-18909,0.00107,0.43043
CVE-2017-18910,0.00054,0.20290
CVE-2017-18911,0.00114,0.44834
CVE-2017-18912,0.00276,0.64935
CVE-2017-18913,0.00078,0.32606
CVE-2017-18914,0.00084,0.34791
CVE-2017-18915,0.00222,0.60556
CVE-2017-18916,0.00084,0.34791
CVE-2017-18917,0.00168,0.53801
CVE-2017-18918,0.00054,0.20290
CVE-2017-18919,0.00082,0.34065
CVE-2017-18920,0.00222,0.60556
CVE-2017-18921,0.00078,0.32606
CVE-2017-18922,0.00401,0.70981
CVE-2017-18923,0.00149,0.50995
CVE-2017-18924,0.00781,0.79532
CVE-2017-18925,0.00042,0.05722
CVE-2017-18926,0.00448,0.72456
CVE-2017-20001,0.00107,0.43043
CVE-2017-20002,0.00042,0.05722
CVE-2017-20004,0.00071,0.29313
CVE-2017-20005,0.00766,0.79296
CVE-2017-20006,0.00139,0.49393
CVE-2017-20007,0.00136,0.49009
CVE-2017-20008,0.00068,0.28323
CVE-2017-20011,0.00044,0.10161
CVE-2017-20012,0.00044,0.10709
CVE-2017-20013,0.00044,0.10709
CVE-2017-20014,0.00044,0.10709
CVE-2017-20015,0.00044,0.10709
CVE-2017-20016,0.00541,0.74940
CVE-2017-20017,0.00087,0.36089
CVE-2017-20018,0.00080,0.33254
CVE-2017-20019,0.00148,0.50831
CVE-2017-20020,0.00112,0.44403
CVE-2017-20021,0.00309,0.66984
CVE-2017-20022,0.00148,0.50831
CVE-2017-20023,0.00210,0.59001
CVE-2017-20024,0.00079,0.32901
CVE-2017-20025,0.00210,0.59001
CVE-2017-20026,0.00068,0.28323
CVE-2017-20027,0.00061,0.24174
CVE-2017-20028,0.00191,0.56784
CVE-2017-20029,0.00152,0.51419
CVE-2017-20030,0.00088,0.36882
CVE-2017-20031,0.00053,0.18833
CVE-2017-20032,0.00152,0.51419
CVE-2017-20033,0.00068,0.28323
CVE-2017-20034,0.00053,0.18833
CVE-2017-20035,0.00053,0.18833
CVE-2017-20036,0.00053,0.18833
CVE-2017-20037,0.00093,0.39111
CVE-2017-20038,0.00093,0.39111
CVE-2017-20039,0.00178,0.55096
CVE-2017-20040,0.00044,0.10161
CVE-2017-20041,0.00070,0.29105
CVE-2017-20042,0.00099,0.40695
CVE-2017-20043,0.00080,0.33419
CVE-2017-20044,0.00080,0.33419
CVE-2017-20045,0.00201,0.58114
CVE-2017-20049,0.00285,0.65526
CVE-2017-20051,0.00074,0.30513
CVE-2017-20052,0.00071,0.29152
CVE-2017-20053,0.00080,0.33310
CVE-2017-20054,0.00063,0.24955
CVE-2017-20055,0.00063,0.24955
CVE-2017-20056,0.00063,0.24955
CVE-2017-20057,0.00061,0.24174
CVE-2017-20058,0.00068,0.28323
CVE-2017-20059,0.00050,0.16378
CVE-2017-20060,0.00050,0.16378
CVE-2017-20061,0.00050,0.16378
CVE-2017-20062,0.00156,0.52016
CVE-2017-20063,0.00103,0.41660
CVE-2017-20064,0.00105,0.42423
CVE-2017-20065,0.00156,0.51885
CVE-2017-20066,0.00050,0.16465
CVE-2017-20067,0.00425,0.71747
CVE-2017-20068,0.00167,0.53502
CVE-2017-20069,0.00167,0.53502
CVE-2017-20070,0.00167,0.53502
CVE-2017-20071,0.00167,0.53502
CVE-2017-20072,0.00167,0.53502
CVE-2017-20073,0.00167,0.53502
CVE-2017-20074,0.00167,0.53502
CVE-2017-20075,0.00167,0.53502
CVE-2017-20076,0.00167,0.53502
CVE-2017-20077,0.00167,0.53502
CVE-2017-20078,0.00167,0.53502
CVE-2017-20079,0.00167,0.53502
CVE-2017-20080,0.00167,0.53502
CVE-2017-20081,0.00167,0.53502
CVE-2017-20082,0.00048,0.14460
CVE-2017-20083,0.00048,0.14460
CVE-2017-20084,0.00048,0.14460
CVE-2017-20085,0.00053,0.18833
CVE-2017-20086,0.00101,0.41192
CVE-2017-20087,0.00097,0.40220
CVE-2017-20088,0.00076,0.31289
CVE-2017-20089,0.00097,0.40220
CVE-2017-20090,0.00201,0.58114
CVE-2017-20091,0.00092,0.38782
CVE-2017-20092,0.00068,0.28323
CVE-2017-20093,0.00068,0.28323
CVE-2017-20094,0.00053,0.18833
CVE-2017-20095,0.00478,0.73311
CVE-2017-20096,0.00068,0.28323
CVE-2017-20097,0.00068,0.28323
CVE-2017-20098,0.00053,0.18833
CVE-2017-20099,0.00308,0.66884
CVE-2017-20100,0.00068,0.28323
CVE-2017-20101,0.00127,0.47250
CVE-2017-20102,0.00044,0.07794
CVE-2017-20103,0.00114,0.44946
CVE-2017-20104,0.00129,0.47746
CVE-2017-20105,0.00084,0.34876
CVE-2017-20106,0.00044,0.10445
CVE-2017-20107,0.00048,0.14460
CVE-2017-20108,0.00053,0.18833
CVE-2017-20109,0.00070,0.28854
CVE-2017-20110,0.00148,0.50831
CVE-2017-20111,0.00210,0.59001
CVE-2017-20112,0.00048,0.14460
CVE-2017-20113,0.00095,0.39743
CVE-2017-20114,0.00095,0.39743
CVE-2017-20115,0.00095,0.39743
CVE-2017-20116,0.00065,0.27029
CVE-2017-20117,0.00065,0.27029
CVE-2017-20118,0.00062,0.24597
CVE-2017-20119,0.00112,0.44456
CVE-2017-20120,0.00182,0.55524
CVE-2017-20121,0.00048,0.14460
CVE-2017-20122,0.00053,0.18833
CVE-2017-20123,0.00062,0.24451
CVE-2017-20124,0.00144,0.50287
CVE-2017-20125,0.00391,0.70651
CVE-2017-20126,0.00294,0.66093
CVE-2017-20127,0.00398,0.70902
CVE-2017-20128,0.00391,0.70651
CVE-2017-20129,0.00137,0.49189
CVE-2017-20130,0.00321,0.67649
CVE-2017-20131,0.00321,0.67649
CVE-2017-20132,0.00321,0.67649
CVE-2017-20133,0.00194,0.57362
CVE-2017-20134,0.00321,0.67649
CVE-2017-20135,0.00321,0.67649
CVE-2017-20136,0.00229,0.61199
CVE-2017-20137,0.00229,0.61199
CVE-2017-20138,0.00137,0.49189
CVE-2017-20139,0.00445,0.72375
CVE-2017-20140,0.00295,0.66164
CVE-2017-20141,0.00377,0.70098
CVE-2017-20142,0.00377,0.70098
CVE-2017-20143,0.00377,0.70098
CVE-2017-20144,0.00043,0.06775
CVE-2017-20145,0.00193,0.57170
CVE-2017-20146,0.00148,0.50887
CVE-2017-20147,0.00066,0.27252
CVE-2017-20148,0.00198,0.57720
CVE-2017-20149,0.00441,0.72247
CVE-2017-20150,0.00145,0.50420
CVE-2017-20151,0.00148,0.50887
CVE-2017-20152,0.00090,0.37775
CVE-2017-20153,0.00075,0.31049
CVE-2017-20154,0.00124,0.46747
CVE-2017-20155,0.00096,0.40029
CVE-2017-20156,0.00125,0.46868
CVE-2017-20157,0.00152,0.51361
CVE-2017-20158,0.00080,0.33326
CVE-2017-20159,0.00080,0.33326
CVE-2017-20160,0.00152,0.51361
CVE-2017-20161,0.00042,0.05722
CVE-2017-20162,0.00101,0.41065
CVE-2017-20163,0.00132,0.48219
CVE-2017-20164,0.00218,0.59838
CVE-2017-20165,0.00477,0.73243
CVE-2017-20166,0.00117,0.45640
CVE-2017-20167,0.00067,0.27812
CVE-2017-20168,0.00121,0.46269
CVE-2017-20169,0.00132,0.48219
CVE-2017-20170,0.00280,0.65188
CVE-2017-20171,0.00280,0.65188
CVE-2017-20172,0.00121,0.46269
CVE-2017-20173,0.00132,0.48219
CVE-2017-20174,0.00132,0.48219
CVE-2017-20175,0.00063,0.25043
CVE-2017-20176,0.00056,0.21141
CVE-2017-20177,0.00060,0.23296
CVE-2017-20178,0.00070,0.28909
CVE-2017-20179,0.00073,0.30165
CVE-2017-20180,0.00054,0.19372
CVE-2017-20181,0.00045,0.12069
CVE-2017-20182,0.00077,0.31687
CVE-2017-20183,0.00052,0.17638
CVE-2017-20184,0.00935,0.81382
CVE-2017-20185,0.00052,0.17638
CVE-2017-20186,0.00052,0.17514
CVE-2017-20187,0.00063,0.24985
CVE-2017-20188,0.00081,0.33914
CVE-2017-20189,0.00076,0.31171
CVE-2017-2090,0.00111,0.44154
CVE-2017-2091,0.00115,0.45047
CVE-2017-2092,0.00081,0.33536
CVE-2017-2093,0.00141,0.49717
CVE-2017-2094,0.00116,0.45262
CVE-2017-2095,0.00115,0.45047
CVE-2017-2096,0.00707,0.78373
CVE-2017-2097,0.00136,0.48931
CVE-2017-2098,0.00143,0.50017
CVE-2017-2099,0.00256,0.63514
CVE-2017-2100,0.00132,0.48083
CVE-2017-2101,0.00140,0.49524
CVE-2017-2102,0.00136,0.48931
CVE-2017-2103,0.00073,0.30032
CVE-2017-2104,0.00073,0.30032
CVE-2017-2105,0.00073,0.30032
CVE-2017-2106,0.00118,0.45776
CVE-2017-2107,0.00547,0.75088
CVE-2017-2108,0.00278,0.65041
CVE-2017-2109,0.00223,0.60668
CVE-2017-2110,0.00084,0.34825
CVE-2017-2111,0.00113,0.44711
CVE-2017-2112,0.00570,0.75549
CVE-2017-2113,0.00601,0.76234
CVE-2017-2114,0.00081,0.33536
CVE-2017-2115,0.00104,0.42390
CVE-2017-2116,0.00115,0.45047
CVE-2017-2117,0.00090,0.38001
CVE-2017-2118,0.00118,0.45776
CVE-2017-2119,0.00142,0.49891
CVE-2017-2120,0.00158,0.52351
CVE-2017-2122,0.00065,0.27007
CVE-2017-2123,0.00118,0.45776
CVE-2017-2124,0.00141,0.49760
CVE-2017-2125,0.00316,0.67371
CVE-2017-2126,0.00375,0.70020
CVE-2017-2127,0.00055,0.20421
CVE-2017-2128,0.00572,0.75585
CVE-2017-2130,0.00547,0.75088
CVE-2017-2131,0.00056,0.21169
CVE-2017-2132,0.00136,0.48993
CVE-2017-2133,0.00095,0.39484
CVE-2017-2134,0.00071,0.29380
CVE-2017-2135,0.00118,0.45776
CVE-2017-2136,0.00305,0.66700
CVE-2017-2137,0.00128,0.47474
CVE-2017-2138,0.00075,0.30958
CVE-2017-2139,0.00106,0.42888
CVE-2017-2140,0.00199,0.57790
CVE-2017-2141,0.00104,0.42301
CVE-2017-2142,0.00505,0.74027
CVE-2017-2143,0.00149,0.50935
CVE-2017-2144,0.00087,0.36584
CVE-2017-2145,0.00118,0.45761
CVE-2017-2146,0.00065,0.27007
CVE-2017-2147,0.00115,0.45015
CVE-2017-2148,0.00081,0.33536
CVE-2017-2149,0.00567,0.75496
CVE-2017-2150,0.00132,0.48072
CVE-2017-2151,0.00098,0.40456
CVE-2017-2152,0.00044,0.10504
CVE-2017-2153,0.00175,0.54759
CVE-2017-2154,0.00215,0.59528
CVE-2017-2155,0.04049,0.91263
CVE-2017-2156,0.00275,0.64863
CVE-2017-2157,0.00183,0.55626
CVE-2017-2158,0.00054,0.19393
CVE-2017-2161,0.00051,0.17433
CVE-2017-2162,0.00090,0.37988
CVE-2017-2163,0.00117,0.45633
CVE-2017-2164,0.00091,0.38434
CVE-2017-2165,0.00092,0.38936
CVE-2017-2166,0.00071,0.29142
CVE-2017-2167,0.00825,0.80120
CVE-2017-2168,0.00158,0.52306
CVE-2017-2169,0.00118,0.45776
CVE-2017-2171,0.00071,0.29380
CVE-2017-2172,0.00125,0.47020
CVE-2017-2173,0.00081,0.33536
CVE-2017-2174,0.00118,0.45776
CVE-2017-2175,0.00547,0.75088
CVE-2017-2176,0.00148,0.50793
CVE-2017-2177,0.00199,0.57790
CVE-2017-2178,0.00664,0.77585
CVE-2017-2179,0.00706,0.78345
CVE-2017-2180,0.00110,0.43918
CVE-2017-2181,0.00323,0.67706
CVE-2017-2182,0.00323,0.67706
CVE-2017-2183,0.00063,0.25057
CVE-2017-2184,0.00281,0.65218
CVE-2017-2185,0.00174,0.54645
CVE-2017-2186,0.00125,0.46892
CVE-2017-2187,0.00071,0.29380
CVE-2017-2188,0.00063,0.25160
CVE-2017-2189,0.00078,0.32271
CVE-2017-2190,0.00109,0.43771
CVE-2017-2191,0.00066,0.27304
CVE-2017-2192,0.00109,0.43771
CVE-2017-2193,0.00141,0.49840
CVE-2017-2194,0.00076,0.31323
CVE-2017-2195,0.00163,0.53017
CVE-2017-2206,0.00524,0.74514
CVE-2017-2207,0.00524,0.74514
CVE-2017-2208,0.00075,0.31113
CVE-2017-2209,0.00142,0.49872
CVE-2017-2210,0.00070,0.28841
CVE-2017-2211,0.00063,0.25160
CVE-2017-2212,0.00063,0.25160
CVE-2017-2213,0.00063,0.25160
CVE-2017-2214,0.00091,0.38467
CVE-2017-2215,0.00119,0.46024
CVE-2017-2216,0.00217,0.59690
CVE-2017-2217,0.00233,0.61435
CVE-2017-2218,0.00066,0.27304
CVE-2017-2219,0.00060,0.23318
CVE-2017-2220,0.00063,0.25160
CVE-2017-2221,0.00060,0.23318
CVE-2017-2222,0.00118,0.45776
CVE-2017-2223,0.00236,0.61798
CVE-2017-2224,0.00232,0.61420
CVE-2017-2225,0.00220,0.59991
CVE-2017-2226,0.00078,0.32271
CVE-2017-2227,0.00060,0.23318
CVE-2017-2228,0.00060,0.23318
CVE-2017-2229,0.00119,0.46024
CVE-2017-2230,0.00749,0.79030
CVE-2017-2231,0.00119,0.46024
CVE-2017-2232,0.00060,0.23318
CVE-2017-2233,0.00060,0.23318
CVE-2017-2234,0.00463,0.72866
CVE-2017-2235,0.00204,0.58448
CVE-2017-2236,0.00209,0.58845
CVE-2017-2237,0.00210,0.58991
CVE-2017-2238,0.00084,0.35126
CVE-2017-2239,0.00056,0.21058
CVE-2017-2240,0.00134,0.48528
CVE-2017-2241,0.00092,0.38878
CVE-2017-2242,0.00063,0.25160
CVE-2017-2243,0.00117,0.45544
CVE-2017-2244,0.00091,0.38526
CVE-2017-2245,0.00097,0.40175
CVE-2017-2246,0.00063,0.25160
CVE-2017-2247,0.00063,0.25160
CVE-2017-2248,0.00063,0.25160
CVE-2017-2249,0.00063,0.25160
CVE-2017-2252,0.00060,0.23318
CVE-2017-2253,0.00060,0.23318
CVE-2017-2254,0.00083,0.34458
CVE-2017-2255,0.00053,0.19109
CVE-2017-2256,0.00053,0.19109
CVE-2017-2257,0.00076,0.31323
CVE-2017-2258,0.00066,0.27489
CVE-2017-2265,0.00063,0.25160
CVE-2017-2266,0.00063,0.25160
CVE-2017-2267,0.00063,0.25160
CVE-2017-2268,0.00063,0.25160
CVE-2017-2269,0.00063,0.25160
CVE-2017-2270,0.00063,0.25160
CVE-2017-2271,0.00060,0.23318
CVE-2017-2272,0.00060,0.23318
CVE-2017-2273,0.00075,0.30958
CVE-2017-2274,0.00098,0.40456
CVE-2017-2275,0.00104,0.42301
CVE-2017-2276,0.00090,0.37809
CVE-2017-2277,0.00202,0.58141
CVE-2017-2278,0.00071,0.29137
CVE-2017-2279,0.00060,0.23318
CVE-2017-2280,0.00083,0.34408
CVE-2017-2281,0.00073,0.30426
CVE-2017-2282,0.00044,0.10161
CVE-2017-2283,0.00044,0.10161
CVE-2017-2284,0.00150,0.51090
CVE-2017-2285,0.00150,0.51090
CVE-2017-2286,0.00060,0.23318
CVE-2017-2287,0.00060,0.23318
CVE-2017-2288,0.00060,0.23318
CVE-2017-2289,0.00060,0.23318
CVE-2017-2290,0.00099,0.40660
CVE-2017-2292,0.00088,0.36838
CVE-2017-2293,0.00054,0.19226
CVE-2017-2294,0.00168,0.53801
CVE-2017-2295,0.00243,0.62372
CVE-2017-2296,0.00074,0.30661
CVE-2017-2297,0.00104,0.42231
CVE-2017-2298,0.00160,0.52621
CVE-2017-2299,0.00097,0.40164
CVE-2017-2300,0.00272,0.64648
CVE-2017-2301,0.00268,0.64398
CVE-2017-2302,0.00268,0.64398
CVE-2017-2303,0.00268,0.64398
CVE-2017-2304,0.00193,0.57266
CVE-2017-2305,0.00099,0.40660
CVE-2017-2306,0.00106,0.42912
CVE-2017-2307,0.00098,0.40456
CVE-2017-2308,0.00062,0.24248
CVE-2017-2309,0.00097,0.40164
CVE-2017-2310,0.00084,0.35145
CVE-2017-2311,0.00193,0.57167
CVE-2017-2312,0.00158,0.52265
CVE-2017-2313,0.00319,0.67554
CVE-2017-2314,0.00096,0.39910
CVE-2017-2315,0.00319,0.67554
CVE-2017-2316,0.00044,0.10161
CVE-2017-2317,0.00096,0.39910
CVE-2017-2318,0.00062,0.24248
CVE-2017-2319,0.00084,0.34879
CVE-2017-2320,0.00240,0.62125
CVE-2017-2321,0.00087,0.35981
CVE-2017-2322,0.00044,0.10161
CVE-2017-2323,0.00096,0.39910
CVE-2017-2324,0.00085,0.35518
CVE-2017-2325,0.00074,0.30515
CVE-2017-2326,0.00062,0.24248
CVE-2017-2327,0.00044,0.10161
CVE-2017-2328,0.00044,0.10161
CVE-2017-2329,0.00054,0.19453
CVE-2017-2330,0.00053,0.18560
CVE-2017-2331,0.00085,0.35518
CVE-2017-2332,0.00285,0.65521
CVE-2017-2333,0.00080,0.33264
CVE-2017-2334,0.00152,0.51359
CVE-2017-2335,0.00077,0.31738
CVE-2017-2336,0.00077,0.31738
CVE-2017-2337,0.00077,0.31738
CVE-2017-2338,0.00077,0.31738
CVE-2017-2339,0.00077,0.31738
CVE-2017-2340,0.00248,0.62827
CVE-2017-2341,0.00044,0.10161
CVE-2017-2342,0.00070,0.28958
CVE-2017-2343,0.00220,0.59991
CVE-2017-2344,0.00042,0.05722
CVE-2017-2345,0.09124,0.94087
CVE-2017-2346,0.00096,0.39910
CVE-2017-2347,0.00414,0.71391
CVE-2017-2348,0.00096,0.39910
CVE-2017-2349,0.00088,0.36880
CVE-2017-2350,0.00274,0.64782
CVE-2017-2351,0.00085,0.35466
CVE-2017-2352,0.00114,0.44917
CVE-2017-2353,0.00194,0.57370
CVE-2017-2354,0.00515,0.74294
CVE-2017-2355,0.00524,0.74503
CVE-2017-2356,0.00524,0.74503
CVE-2017-2357,0.00079,0.32884
CVE-2017-2358,0.00137,0.49090
CVE-2017-2359,0.00329,0.68023
CVE-2017-2360,0.00363,0.69537
CVE-2017-2361,0.26308,0.96326
CVE-2017-2362,0.04139,0.91356
CVE-2017-2363,0.00882,0.80777
CVE-2017-2364,0.03143,0.90152
CVE-2017-2365,0.01035,0.82347
CVE-2017-2366,0.00681,0.77948
CVE-2017-2367,0.02320,0.88658
CVE-2017-2368,0.00650,0.77265
CVE-2017-2369,0.05465,0.92472
CVE-2017-2370,0.00573,0.75637
CVE-2017-2371,0.01677,0.86386
CVE-2017-2372,0.01037,0.82372
CVE-2017-2373,0.05465,0.92472
CVE-2017-2374,0.01165,0.83472
CVE-2017-2375,0.00042,0.05722
CVE-2017-2376,0.00766,0.79296
CVE-2017-2377,0.00625,0.76764
CVE-2017-2378,0.00831,0.80218
CVE-2017-2379,0.01341,0.84710
CVE-2017-2380,0.00135,0.48788
CVE-2017-2381,0.00551,0.75169
CVE-2017-2382,0.00202,0.58173
CVE-2017-2383,0.00155,0.51860
CVE-2017-2384,0.00042,0.05722
CVE-2017-2385,0.00042,0.05722
CVE-2017-2386,0.00339,0.68497
CVE-2017-2387,0.00052,0.17771
CVE-2017-2388,0.00122,0.46499
CVE-2017-2389,0.00540,0.74921
CVE-2017-2390,0.00042,0.05722
CVE-2017-2391,0.00244,0.62430
CVE-2017-2392,0.00153,0.51617
CVE-2017-2393,0.00127,0.47330
CVE-2017-2394,0.00681,0.77948
CVE-2017-2395,0.00681,0.77948
CVE-2017-2396,0.00681,0.77948
CVE-2017-2397,0.00089,0.37688
CVE-2017-2398,0.00153,0.51617
CVE-2017-2399,0.00090,0.37988
CVE-2017-2400,0.00142,0.49943
CVE-2017-2401,0.00233,0.61478
CVE-2017-2402,0.00587,0.75959
CVE-2017-2403,0.01117,0.83074
CVE-2017-2404,0.00301,0.66472
CVE-2017-2405,0.00710,0.78440
CVE-2017-2406,0.01311,0.84540
CVE-2017-2407,0.01311,0.84540
CVE-2017-2408,0.00137,0.49090
CVE-2017-2409,0.00098,0.40548
CVE-2017-2410,0.00137,0.49090
CVE-2017-2411,0.00168,0.53801
CVE-2017-2412,0.00102,0.41563
CVE-2017-2413,0.00914,0.81154
CVE-2017-2414,0.00212,0.59197
CVE-2017-2415,0.01308,0.84521
CVE-2017-2416,0.01311,0.84540
CVE-2017-2417,0.01173,0.83541
CVE-2017-2418,0.00051,0.17134
CVE-2017-2419,0.00345,0.68759
CVE-2017-2420,0.00137,0.49090
CVE-2017-2421,0.00137,0.49090
CVE-2017-2422,0.00137,0.49090
CVE-2017-2423,0.00952,0.81559
CVE-2017-2424,0.00254,0.63299
CVE-2017-2425,0.00954,0.81597
CVE-2017-2426,0.00227,0.60983
CVE-2017-2427,0.00137,0.49090
CVE-2017-2428,0.01445,0.85312
CVE-2017-2429,0.00284,0.65467
CVE-2017-2430,0.01288,0.84403
CVE-2017-2431,0.00914,0.81154
CVE-2017-2432,0.01288,0.84403
CVE-2017-2433,0.00710,0.78440
CVE-2017-2434,0.00464,0.72880
CVE-2017-2435,0.01311,0.84540
CVE-2017-2436,0.00137,0.49090
CVE-2017-2437,0.00042,0.05722
CVE-2017-2438,0.00137,0.49090
CVE-2017-2439,0.00613,0.76501
CVE-2017-2440,0.00233,0.61478
CVE-2017-2441,0.01901,0.87319
CVE-2017-2442,0.03127,0.90134
CVE-2017-2443,0.00194,0.57370
CVE-2017-2444,0.00681,0.77948
CVE-2017-2445,0.00824,0.80113
CVE-2017-2446,0.23762,0.96183
CVE-2017-2447,0.07464,0.93490
CVE-2017-2448,0.00175,0.54685
CVE-2017-2449,0.00137,0.49090
CVE-2017-2450,0.00613,0.76501
CVE-2017-2451,0.00207,0.58685
CVE-2017-2452,0.00090,0.37988
CVE-2017-2453,0.00254,0.63281
CVE-2017-2454,0.03267,0.90347
CVE-2017-2455,0.04118,0.91335
CVE-2017-2456,0.00529,0.74648
CVE-2017-2457,0.09491,0.94219
CVE-2017-2458,0.00243,0.62363
CVE-2017-2459,0.04118,0.91335
CVE-2017-2460,0.04118,0.91335
CVE-2017-2461,0.02774,0.89598
CVE-2017-2462,0.01288,0.84403
CVE-2017-2463,0.00604,0.76316
CVE-2017-2464,0.04139,0.91356
CVE-2017-2465,0.00681,0.77948
CVE-2017-2466,0.07341,0.93449
CVE-2017-2467,0.01848,0.87080
CVE-2017-2468,0.04139,0.91356
CVE-2017-2469,0.04139,0.91356
CVE-2017-2470,0.04139,0.91356
CVE-2017-2471,0.04802,0.91963
CVE-2017-2472,0.00281,0.65241
CVE-2017-2473,0.00281,0.65241
CVE-2017-2474,0.00399,0.70942
CVE-2017-2475,0.00213,0.59319
CVE-2017-2476,0.12775,0.94994
CVE-2017-2477,0.00513,0.74242
CVE-2017-2478,0.00266,0.64310
CVE-2017-2479,0.00622,0.76691
CVE-2017-2480,0.01848,0.87080
CVE-2017-2481,0.00651,0.77271
CVE-2017-2482,0.00322,0.67675
CVE-2017-2483,0.00322,0.67675
CVE-2017-2484,0.00284,0.65462
CVE-2017-2485,0.00531,0.74676
CVE-2017-2486,0.00254,0.63281
CVE-2017-2487,0.01311,0.84540
CVE-2017-2488,0.00150,0.51158
CVE-2017-2489,0.00159,0.52377
CVE-2017-2490,0.00281,0.65241
CVE-2017-2491,0.03260,0.90337
CVE-2017-2492,0.00182,0.55587
CVE-2017-2493,0.00254,0.63305
CVE-2017-2494,0.00085,0.35384
CVE-2017-2495,0.00685,0.78010
CVE-2017-2496,0.00727,0.78713
CVE-2017-2497,0.00233,0.61435
CVE-2017-2498,0.00173,0.54476
CVE-2017-2499,0.00181,0.55456
CVE-2017-2500,0.00135,0.48670
CVE-2017-2501,0.00417,0.71511
CVE-2017-2502,0.00142,0.49922
CVE-2017-2503,0.00085,0.35384
CVE-2017-2504,0.00601,0.76232
CVE-2017-2505,0.00661,0.77510
CVE-2017-2506,0.00647,0.77186
CVE-2017-2507,0.00117,0.45619
CVE-2017-2508,0.00881,0.80764
CVE-2017-2509,0.00122,0.46393
CVE-2017-2510,0.00881,0.80764
CVE-2017-2511,0.00158,0.52342
CVE-2017-2512,0.00070,0.28841
CVE-2017-2513,0.02601,0.89256
CVE-2017-2514,0.17648,0.95692
CVE-2017-2515,0.05963,0.92755
CVE-2017-2516,0.00071,0.29136
CVE-2017-2517,0.00220,0.59994
CVE-2017-2518,0.01142,0.83278
CVE-2017-2519,0.01199,0.83738
CVE-2017-2520,0.01144,0.83295
CVE-2017-2521,0.05438,0.92449
CVE-2017-2522,0.07389,0.93464
CVE-2017-2523,0.07389,0.93464
CVE-2017-2524,0.07077,0.93355
CVE-2017-2525,0.00685,0.78003
CVE-2017-2526,0.00632,0.76898
CVE-2017-2527,0.14066,0.95203
CVE-2017-2528,0.00881,0.80764
CVE-2017-2530,0.00685,0.78003
CVE-2017-2531,0.05963,0.92755
CVE-2017-2533,0.00222,0.60604
CVE-2017-2534,0.00070,0.28841
CVE-2017-2535,0.00072,0.29625
CVE-2017-2536,0.14128,0.95213
CVE-2017-2537,0.00112,0.44389
CVE-2017-2538,0.00632,0.76898
CVE-2017-2539,0.00647,0.77186
CVE-2017-2540,0.00063,0.25194
CVE-2017-2541,0.00112,0.44389
CVE-2017-2542,0.00112,0.44389
CVE-2017-2543,0.00112,0.44389
CVE-2017-2544,0.00632,0.76898
CVE-2017-2545,0.00112,0.44389
CVE-2017-2546,0.00112,0.44389
CVE-2017-2547,0.06798,0.93229
CVE-2017-2548,0.00112,0.44389
CVE-2017-2549,0.00255,0.63485
CVE-2017-2550,0.00588,0.75977
CVE-2017-2551,0.00353,0.69123
CVE-2017-2575,0.00073,0.30166
CVE-2017-2576,0.00074,0.30718
CVE-2017-2578,0.00076,0.31323
CVE-2017-2579,0.00143,0.50115
CVE-2017-2580,0.00143,0.50115
CVE-2017-2581,0.00075,0.30880
CVE-2017-2582,0.00181,0.55500
CVE-2017-2583,0.00181,0.55391
CVE-2017-2584,0.00042,0.05722
CVE-2017-2585,0.00394,0.70766
CVE-2017-2586,0.00055,0.20516
CVE-2017-2587,0.00055,0.20516
CVE-2017-2589,0.00091,0.38049
CVE-2017-2590,0.00123,0.46678
CVE-2017-2591,0.00209,0.58897
CVE-2017-2592,0.00062,0.24540
CVE-2017-2594,0.00201,0.58115
CVE-2017-2595,0.00213,0.59371
CVE-2017-2596,0.00062,0.24773
CVE-2017-2598,0.00106,0.42870
CVE-2017-2599,0.00130,0.47826
CVE-2017-2600,0.00148,0.50757
CVE-2017-2601,0.00145,0.50418
CVE-2017-2602,0.00100,0.40997
CVE-2017-2603,0.00095,0.39598
CVE-2017-2604,0.00106,0.42870
CVE-2017-2606,0.00187,0.56073
CVE-2017-2607,0.00054,0.19415
CVE-2017-2608,0.00549,0.75121
CVE-2017-2609,0.00072,0.29472
CVE-2017-2610,0.00090,0.37809
CVE-2017-2611,0.00254,0.63296
CVE-2017-2612,0.00156,0.52036
CVE-2017-2613,0.00133,0.48426
CVE-2017-2614,0.00044,0.10161
CVE-2017-2615,0.00152,0.51358
CVE-2017-2616,0.00042,0.05722
CVE-2017-2617,0.00533,0.74738
CVE-2017-2618,0.00062,0.24773
CVE-2017-2619,0.01658,0.86320
CVE-2017-2620,0.00193,0.57273
CVE-2017-2621,0.00057,0.21395
CVE-2017-2622,0.00044,0.10161
CVE-2017-2623,0.00186,0.55920
CVE-2017-2624,0.00154,0.51722
CVE-2017-2625,0.00042,0.05722
CVE-2017-2626,0.00042,0.05722
CVE-2017-2627,0.00044,0.07794
CVE-2017-2628,0.00525,0.74542
CVE-2017-2629,0.00199,0.57899
CVE-2017-2630,0.00175,0.54705
CVE-2017-2632,0.00083,0.34408
CVE-2017-2633,0.00236,0.61821
CVE-2017-2634,0.02528,0.89120
CVE-2017-2635,0.00125,0.46949
CVE-2017-2636,0.00044,0.08000
CVE-2017-2637,0.00600,0.76209
CVE-2017-2638,0.00316,0.67347
CVE-2017-2639,0.00316,0.67327
CVE-2017-2640,0.00769,0.79358
CVE-2017-2641,0.00473,0.73143
CVE-2017-2642,0.00062,0.24394
CVE-2017-2643,0.00143,0.49997
CVE-2017-2644,0.00106,0.42729
CVE-2017-2645,0.00106,0.42729
CVE-2017-2646,0.00079,0.32904
CVE-2017-2647,0.00042,0.05722
CVE-2017-2648,0.00127,0.47248
CVE-2017-2649,0.00119,0.45835
CVE-2017-2650,0.00099,0.40660
CVE-2017-2651,0.00130,0.47837
CVE-2017-2652,0.00107,0.43034
CVE-2017-2653,0.00089,0.37303
CVE-2017-2654,0.00090,0.37972
CVE-2017-2658,0.00209,0.58909
CVE-2017-2659,0.00135,0.48777
CVE-2017-2661,0.00085,0.35433
CVE-2017-2662,0.00054,0.20290
CVE-2017-2663,0.00042,0.05722
CVE-2017-2664,0.00155,0.51879
CVE-2017-2665,0.00042,0.05722
CVE-2017-2666,0.00599,0.76174
CVE-2017-2667,0.00322,0.67658
CVE-2017-2668,0.00591,0.76030
CVE-2017-2669,0.01330,0.84641
CVE-2017-2670,0.01715,0.86535
CVE-2017-2671,0.00045,0.12320
CVE-2017-2672,0.00421,0.71637
CVE-2017-2673,0.00691,0.78106
CVE-2017-2674,0.02501,0.89061
CVE-2017-2675,0.00042,0.05722
CVE-2017-2680,0.00250,0.62991
CVE-2017-2681,0.00135,0.48743
CVE-2017-2682,0.00186,0.55902
CVE-2017-2683,0.00137,0.49190
CVE-2017-2684,0.00169,0.53844
CVE-2017-2685,0.00109,0.43550
CVE-2017-2686,0.00119,0.45913
CVE-2017-2687,0.00160,0.52555
CVE-2017-2688,0.00127,0.47316
CVE-2017-2689,0.00301,0.66464
CVE-2017-2690,0.00044,0.10161
CVE-2017-2691,0.00063,0.25215
CVE-2017-2692,0.00060,0.23366
CVE-2017-2693,0.00062,0.24778
CVE-2017-2694,0.00054,0.19393
CVE-2017-2695,0.00065,0.26880
CVE-2017-2696,0.00085,0.35338
CVE-2017-2697,0.00085,0.35338
CVE-2017-2698,0.00075,0.31044
CVE-2017-2699,0.00072,0.29502
CVE-2017-2700,0.00118,0.45703
CVE-2017-2701,0.00056,0.21058
CVE-2017-2702,0.00069,0.28525
CVE-2017-2703,0.00063,0.25215
CVE-2017-2704,0.00107,0.43043
CVE-2017-2705,0.00055,0.20569
CVE-2017-2706,0.00053,0.19045
CVE-2017-2707,0.00054,0.19359
CVE-2017-2708,0.00055,0.20569
CVE-2017-2709,0.00056,0.21058
CVE-2017-2710,0.00067,0.27732
CVE-2017-2711,0.00057,0.21242
CVE-2017-2712,0.00085,0.35518
CVE-2017-2713,0.00060,0.23537
CVE-2017-2714,0.00044,0.10161
CVE-2017-2715,0.00044,0.10161
CVE-2017-2716,0.00085,0.35338
CVE-2017-2717,0.00060,0.23537
CVE-2017-2718,0.00078,0.32271
CVE-2017-2719,0.00078,0.32271
CVE-2017-2720,0.00084,0.34960
CVE-2017-2721,0.00059,0.22964
CVE-2017-2722,0.00340,0.68531
CVE-2017-2723,0.00044,0.10161
CVE-2017-2724,0.00093,0.39102
CVE-2017-2725,0.00096,0.39847
CVE-2017-2726,0.00093,0.39102
CVE-2017-2727,0.00064,0.26321
CVE-2017-2728,0.00063,0.25215
CVE-2017-2729,0.00096,0.39847
CVE-2017-2730,0.00056,0.21058
CVE-2017-2731,0.00056,0.21058
CVE-2017-2732,0.00066,0.27209
CVE-2017-2733,0.00055,0.20666
CVE-2017-2734,0.00056,0.21058
CVE-2017-2735,0.00061,0.24238
CVE-2017-2736,0.00088,0.37166
CVE-2017-2737,0.00099,0.40660
CVE-2017-2738,0.00258,0.63642
CVE-2017-2739,0.00047,0.13947
CVE-2017-2740,0.00044,0.10161
CVE-2017-2741,0.96485,0.99500
CVE-2017-2742,0.00090,0.37710
CVE-2017-2743,0.00060,0.23297
CVE-2017-2744,0.00044,0.10161
CVE-2017-2745,0.00060,0.23297
CVE-2017-2746,0.00060,0.23619
CVE-2017-2747,0.00044,0.10161
CVE-2017-2748,0.00145,0.50373
CVE-2017-2750,0.00401,0.70981
CVE-2017-2751,0.00070,0.29068
CVE-2017-2752,0.00044,0.10161
CVE-2017-2765,0.00331,0.68162
CVE-2017-2766,0.00237,0.61860
CVE-2017-2767,0.04379,0.91567
CVE-2017-2768,0.00608,0.76377
CVE-2017-2773,0.00123,0.46551
CVE-2017-2775,0.03678,0.90873
CVE-2017-2777,0.00121,0.46361
CVE-2017-2779,0.00386,0.70480
CVE-2017-2780,0.02996,0.89930
CVE-2017-2781,0.02750,0.89561
CVE-2017-2782,0.00280,0.65139
CVE-2017-2783,0.00188,0.56429
CVE-2017-2784,0.06465,0.93046
CVE-2017-2785,0.03900,0.91123
CVE-2017-2786,0.00085,0.35395
CVE-2017-2787,0.01664,0.86347
CVE-2017-2788,0.02078,0.87945
CVE-2017-2789,0.00470,0.73075
CVE-2017-2790,0.00470,0.73075
CVE-2017-2791,0.00085,0.35384
CVE-2017-2792,0.00152,0.51409
CVE-2017-2793,0.00188,0.56429
CVE-2017-2794,0.00111,0.44233
CVE-2017-2795,0.00098,0.40325
CVE-2017-2797,0.00104,0.41993
CVE-2017-2798,0.00188,0.56429
CVE-2017-2799,0.00188,0.56429
CVE-2017-2800,0.12960,0.95028
CVE-2017-2801,0.00735,0.78845
CVE-2017-2802,0.00111,0.44246
CVE-2017-2803,0.00090,0.37880
CVE-2017-2804,0.00090,0.37880
CVE-2017-2805,0.00179,0.55164
CVE-2017-2806,0.00053,0.18453
CVE-2017-2807,0.00434,0.72024
CVE-2017-2808,0.00360,0.69419
CVE-2017-2809,0.00470,0.73052
CVE-2017-2810,0.02789,0.89621
CVE-2017-2811,0.00080,0.33268
CVE-2017-2812,0.00085,0.35384
CVE-2017-2813,0.00075,0.30880
CVE-2017-2814,0.00696,0.78190
CVE-2017-2815,0.00104,0.42231
CVE-2017-2816,0.00178,0.55097
CVE-2017-2817,0.00131,0.47952
CVE-2017-2818,0.00337,0.68407
CVE-2017-2819,0.00144,0.50281
CVE-2017-2820,0.00636,0.76961
CVE-2017-2821,0.00332,0.68241
CVE-2017-2822,0.00316,0.67354
CVE-2017-2823,0.00183,0.55627
CVE-2017-2824,0.71584,0.97805
CVE-2017-2825,0.00203,0.58353
CVE-2017-2826,0.00104,0.42387
CVE-2017-2827,0.00113,0.44719
CVE-2017-2828,0.00113,0.44719
CVE-2017-2829,0.00071,0.29263
CVE-2017-2830,0.00192,0.56851
CVE-2017-2831,0.00192,0.56851
CVE-2017-2832,0.00066,0.27615
CVE-2017-2833,0.00066,0.27483
CVE-2017-2834,0.00110,0.44001
CVE-2017-2835,0.00130,0.47827
CVE-2017-2836,0.00086,0.35634
CVE-2017-2837,0.00086,0.35634
CVE-2017-2838,0.00086,0.35634
CVE-2017-2839,0.00077,0.31759
CVE-2017-2840,0.00145,0.50339
CVE-2017-2841,0.00105,0.42535
CVE-2017-2842,0.00130,0.47898
CVE-2017-2843,0.00130,0.47898
CVE-2017-2844,0.00130,0.47898
CVE-2017-2845,0.00105,0.42535
CVE-2017-2846,0.00105,0.42656
CVE-2017-2847,0.00105,0.42656
CVE-2017-2848,0.00105,0.42656
CVE-2017-2849,0.00105,0.42656
CVE-2017-2850,0.00131,0.47949
CVE-2017-2851,0.00115,0.45161
CVE-2017-2852,0.00101,0.41087
CVE-2017-2853,0.00471,0.73078
CVE-2017-2854,0.00270,0.64505
CVE-2017-2855,0.00270,0.64505
CVE-2017-2856,0.00270,0.64505
CVE-2017-2857,0.00270,0.64505
CVE-2017-2858,0.00101,0.41087
CVE-2017-2860,0.00101,0.41087
CVE-2017-2861,0.00102,0.41481
CVE-2017-2862,0.01595,0.86055
CVE-2017-2863,0.00087,0.36469
CVE-2017-2864,0.00279,0.65103
CVE-2017-2865,0.00070,0.29068
CVE-2017-2866,0.00274,0.64794
CVE-2017-2867,0.00537,0.74837
CVE-2017-2868,0.00537,0.74837
CVE-2017-2869,0.00537,0.74837
CVE-2017-2870,0.00923,0.81268
CVE-2017-2871,0.00096,0.40045
CVE-2017-2872,0.00093,0.39087
CVE-2017-2873,0.00115,0.45002
CVE-2017-2874,0.00254,0.63294
CVE-2017-2875,0.00090,0.37787
CVE-2017-2876,0.00080,0.33290
CVE-2017-2877,0.00543,0.74996
CVE-2017-2878,0.00106,0.42974
CVE-2017-2879,0.00055,0.20513
CVE-2017-2880,0.00081,0.33758
CVE-2017-2881,0.00096,0.40045
CVE-2017-2882,0.00446,0.72405
CVE-2017-2883,0.00446,0.72405
CVE-2017-2884,0.00205,0.58485
CVE-2017-2885,0.00355,0.69220
CVE-2017-2886,0.00091,0.38114
CVE-2017-2887,0.00462,0.72836
CVE-2017-2888,0.00598,0.76161
CVE-2017-2889,0.00205,0.58485
CVE-2017-2890,0.00162,0.52917
CVE-2017-2891,0.00570,0.75545
CVE-2017-2892,0.00575,0.75681
CVE-2017-2893,0.21721,0.96040
CVE-2017-2894,0.26307,0.96326
CVE-2017-2895,0.00195,0.57441
CVE-2017-2896,0.01190,0.83667
CVE-2017-2897,0.01190,0.83667
CVE-2017-2898,0.00130,0.47843
CVE-2017-2899,0.00197,0.57631
CVE-2017-2900,0.00197,0.57631
CVE-2017-2901,0.00197,0.57631
CVE-2017-2902,0.00197,0.57631
CVE-2017-2903,0.00197,0.57631
CVE-2017-2904,0.00197,0.57631
CVE-2017-2905,0.00197,0.57631
CVE-2017-2906,0.00197,0.57631
CVE-2017-2907,0.00197,0.57631
CVE-2017-2908,0.00197,0.57631
CVE-2017-2909,0.00315,0.67236
CVE-2017-2910,0.00585,0.75896
CVE-2017-2911,0.00110,0.44067
CVE-2017-2912,0.00110,0.44067
CVE-2017-2913,0.00090,0.37899
CVE-2017-2914,0.00346,0.68803
CVE-2017-2915,0.00051,0.17393
CVE-2017-2916,0.00109,0.43614
CVE-2017-2917,0.00274,0.64794
CVE-2017-2918,0.00197,0.57631
CVE-2017-2919,0.02197,0.88333
CVE-2017-2920,0.00244,0.62439
CVE-2017-2921,0.00841,0.80332
CVE-2017-2922,0.00547,0.75096
CVE-2017-2923,0.01897,0.87299
CVE-2017-2924,0.01897,0.87299
CVE-2017-2925,0.01971,0.87570
CVE-2017-2926,0.01971,0.87570
CVE-2017-2927,0.01836,0.87029
CVE-2017-2928,0.01971,0.87570
CVE-2017-2929,0.00567,0.75498
CVE-2017-2930,0.94644,0.99092
CVE-2017-2931,0.53922,0.97344
CVE-2017-2932,0.93777,0.98962
CVE-2017-2933,0.91518,0.98697
CVE-2017-2934,0.90631,0.98614
CVE-2017-2935,0.91518,0.98697
CVE-2017-2936,0.01134,0.83221
CVE-2017-2937,0.01134,0.83221
CVE-2017-2938,0.00261,0.63873
CVE-2017-2939,0.00442,0.72293
CVE-2017-2940,0.00460,0.72805
CVE-2017-2941,0.00571,0.75578
CVE-2017-2942,0.00752,0.79094
CVE-2017-2943,0.00460,0.72805
CVE-2017-2944,0.00490,0.73637
CVE-2017-2945,0.00831,0.80212
CVE-2017-2946,0.25017,0.96254
CVE-2017-2947,0.00212,0.59205
CVE-2017-2948,0.00752,0.79094
CVE-2017-2949,0.77304,0.97963
CVE-2017-2950,0.00455,0.72672
CVE-2017-2951,0.00455,0.72672
CVE-2017-2952,0.00831,0.80212
CVE-2017-2953,0.00460,0.72805
CVE-2017-2954,0.00460,0.72805
CVE-2017-2955,0.00357,0.69301
CVE-2017-2956,0.00357,0.69301
CVE-2017-2957,0.00357,0.69301
CVE-2017-2958,0.00357,0.69301
CVE-2017-2959,0.75683,0.97917
CVE-2017-2960,0.42125,0.96994
CVE-2017-2961,0.00340,0.68523
CVE-2017-2962,0.30711,0.96560
CVE-2017-2963,0.00571,0.75578
CVE-2017-2964,0.42125,0.96994
CVE-2017-2965,0.42125,0.96994
CVE-2017-2966,0.75683,0.97917
CVE-2017-2967,0.00571,0.75578
CVE-2017-2968,0.00183,0.55645
CVE-2017-2969,0.00127,0.47289
CVE-2017-2970,0.00474,0.73169
CVE-2017-2971,0.00305,0.66674
CVE-2017-2972,0.00122,0.46519
CVE-2017-2973,0.01752,0.86677
CVE-2017-2974,0.00338,0.68446
CVE-2017-2975,0.00338,0.68446
CVE-2017-2976,0.00338,0.68446
CVE-2017-2977,0.00338,0.68446
CVE-2017-2978,0.00338,0.68446
CVE-2017-2979,0.00338,0.68446
CVE-2017-2980,0.00277,0.64952
CVE-2017-2981,0.00338,0.68446
CVE-2017-2982,0.01134,0.83221
CVE-2017-2983,0.00182,0.55578
CVE-2017-2984,0.01836,0.87029
CVE-2017-2985,0.93872,0.98975
CVE-2017-2986,0.90787,0.98627
CVE-2017-2987,0.02036,0.87801
CVE-2017-2988,0.92443,0.98807
CVE-2017-2989,0.00167,0.53415
CVE-2017-2990,0.01399,0.85068
CVE-2017-2991,0.01399,0.85068
CVE-2017-2992,0.89788,0.98562
CVE-2017-2993,0.01134,0.83221
CVE-2017-2994,0.00832,0.80221
CVE-2017-2995,0.01334,0.84669
CVE-2017-2996,0.01399,0.85068
CVE-2017-2997,0.02462,0.88990
CVE-2017-2998,0.01399,0.85068
CVE-2017-2999,0.01399,0.85068
CVE-2017-3000,0.00219,0.59922
CVE-2017-3001,0.01136,0.83243
CVE-2017-3002,0.01134,0.83221
CVE-2017-3003,0.01134,0.83221
CVE-2017-3004,0.00310,0.67009
CVE-2017-3005,0.00057,0.21369
CVE-2017-3006,0.02897,0.89794
CVE-2017-3007,0.00051,0.17460
CVE-2017-3008,0.00216,0.59683
CVE-2017-3009,0.00351,0.69026
CVE-2017-3010,0.00654,0.77331
CVE-2017-3011,0.00236,0.61770
CVE-2017-3012,0.00182,0.55578
CVE-2017-3013,0.00155,0.51858
CVE-2017-3014,0.00348,0.68859
CVE-2017-3015,0.00245,0.62633
CVE-2017-3016,0.02212,0.88382
CVE-2017-3017,0.00236,0.61770
CVE-2017-3018,0.00236,0.61770
CVE-2017-3019,0.00475,0.73195
CVE-2017-3020,0.00164,0.53118
CVE-2017-3021,0.00133,0.48334
CVE-2017-3022,0.00301,0.66459
CVE-2017-3023,0.00392,0.70693
CVE-2017-3024,0.00236,0.61770
CVE-2017-3025,0.00236,0.61770
CVE-2017-3026,0.00348,0.68859
CVE-2017-3027,0.00348,0.68859
CVE-2017-3028,0.00392,0.70693
CVE-2017-3029,0.00164,0.53118
CVE-2017-3030,0.00236,0.61770
CVE-2017-3031,0.00188,0.56425
CVE-2017-3032,0.00188,0.56425
CVE-2017-3033,0.00188,0.56425
CVE-2017-3034,0.00489,0.73614
CVE-2017-3035,0.00214,0.59514
CVE-2017-3036,0.16014,0.95484
CVE-2017-3037,0.01317,0.84580
CVE-2017-3038,0.00557,0.75282
CVE-2017-3039,0.00236,0.61770
CVE-2017-3040,0.00335,0.68352
CVE-2017-3041,0.00245,0.62633
CVE-2017-3042,0.00927,0.81305
CVE-2017-3043,0.00447,0.72410
CVE-2017-3044,0.16014,0.95484
CVE-2017-3045,0.09898,0.94333
CVE-2017-3046,0.57364,0.97428
CVE-2017-3047,0.00248,0.62862
CVE-2017-3048,0.53607,0.97338
CVE-2017-3049,0.00944,0.81477
CVE-2017-3050,0.02586,0.89228
CVE-2017-3051,0.01396,0.85050
CVE-2017-3052,0.57364,0.97428
CVE-2017-3053,0.57364,0.97428
CVE-2017-3054,0.00236,0.61770
CVE-2017-3055,0.00927,0.81305
CVE-2017-3056,0.00335,0.68352
CVE-2017-3057,0.00248,0.62862
CVE-2017-3058,0.00360,0.69445
CVE-2017-3059,0.01721,0.86562
CVE-2017-3060,0.02847,0.89726
CVE-2017-3061,0.67880,0.97680
CVE-2017-3062,0.01721,0.86562
CVE-2017-3063,0.01721,0.86562
CVE-2017-3064,0.02954,0.89872
CVE-2017-3065,0.00236,0.61770
CVE-2017-3066,0.90956,0.98644
CVE-2017-3067,0.00284,0.65464
CVE-2017-3068,0.45159,0.97089
CVE-2017-3069,0.01399,0.85068
CVE-2017-3070,0.01399,0.85068
CVE-2017-3071,0.01346,0.84735
CVE-2017-3072,0.01399,0.85068
CVE-2017-3073,0.01032,0.82308
CVE-2017-3074,0.01399,0.85068
CVE-2017-3075,0.01554,0.85864
CVE-2017-3076,0.69626,0.97734
CVE-2017-3077,0.69626,0.97734
CVE-2017-3078,0.69626,0.97734
CVE-2017-3079,0.01473,0.85439
CVE-2017-3080,0.00242,0.62231
CVE-2017-3081,0.01538,0.85786
CVE-2017-3082,0.01533,0.85763
CVE-2017-3083,0.01554,0.85864
CVE-2017-3084,0.01554,0.85864
CVE-2017-3085,0.00363,0.69532
CVE-2017-3086,0.01804,0.86872
CVE-2017-3087,0.00309,0.66962
CVE-2017-3088,0.00995,0.82012
CVE-2017-3089,0.00995,0.82012
CVE-2017-3090,0.01441,0.85278
CVE-2017-3091,0.01136,0.83242
CVE-2017-3092,0.01441,0.85278
CVE-2017-3093,0.00995,0.82012
CVE-2017-3094,0.00995,0.82012
CVE-2017-3095,0.01723,0.86566
CVE-2017-3096,0.00995,0.82012
CVE-2017-3097,0.01071,0.82708
CVE-2017-3098,0.03390,0.90520
CVE-2017-3099,0.01399,0.85068
CVE-2017-3100,0.00311,0.67047
CVE-2017-3101,0.00831,0.80213
CVE-2017-3102,0.00331,0.68192
CVE-2017-3103,0.00331,0.68192
CVE-2017-3104,0.00166,0.53319
CVE-2017-3105,0.00268,0.64383
CVE-2017-3106,0.33971,0.96696
CVE-2017-3107,0.00283,0.65366
CVE-2017-3108,0.01325,0.84617
CVE-2017-3109,0.00331,0.68192
CVE-2017-3110,0.00283,0.65366
CVE-2017-3111,0.00305,0.66670
CVE-2017-3112,0.30508,0.96553
CVE-2017-3113,0.01143,0.83291
CVE-2017-3114,0.30508,0.96553
CVE-2017-3115,0.00336,0.68387
CVE-2017-3116,0.01415,0.85138
CVE-2017-3117,0.00965,0.81693
CVE-2017-3118,0.00581,0.75809
CVE-2017-3119,0.02212,0.88382
CVE-2017-3120,0.01029,0.82275
CVE-2017-3121,0.01736,0.86619
CVE-2017-3122,0.01442,0.85294
CVE-2017-3123,0.01736,0.86619
CVE-2017-3124,0.01556,0.85873
CVE-2017-3125,0.00086,0.35887
CVE-2017-3126,0.00160,0.52555
CVE-2017-3127,0.00129,0.47611
CVE-2017-3128,0.00073,0.30229
CVE-2017-3129,0.00076,0.31323
CVE-2017-3130,0.00124,0.46760
CVE-2017-3131,0.00114,0.44918
CVE-2017-3132,0.00133,0.48452
CVE-2017-3133,0.00133,0.48452
CVE-2017-3134,0.00101,0.41205
CVE-2017-3135,0.26774,0.96346
CVE-2017-3136,0.16820,0.95575
CVE-2017-3137,0.33368,0.96673
CVE-2017-3138,0.09653,0.94265
CVE-2017-3139,0.00208,0.58772
CVE-2017-3140,0.23150,0.96135
CVE-2017-3141,0.00062,0.24874
CVE-2017-3142,0.03947,0.91161
CVE-2017-3143,0.05726,0.92627
CVE-2017-3144,0.37748,0.96851
CVE-2017-3145,0.12616,0.94974
CVE-2017-3150,0.00073,0.30143
CVE-2017-3151,0.00073,0.30143
CVE-2017-3152,0.00203,0.58303
CVE-2017-3153,0.00203,0.58303
CVE-2017-3154,0.00072,0.29647
CVE-2017-3155,0.00211,0.59076
CVE-2017-3156,0.00285,0.65522
CVE-2017-3157,0.00096,0.39778
CVE-2017-3158,0.00147,0.50646
CVE-2017-3159,0.00923,0.81261
CVE-2017-3160,0.00077,0.31905
CVE-2017-3161,0.00200,0.57953
CVE-2017-3162,0.00322,0.67658
CVE-2017-3163,0.00548,0.75101
CVE-2017-3164,0.14358,0.95246
CVE-2017-3165,0.00096,0.39865
CVE-2017-3166,0.00042,0.05722
CVE-2017-3167,0.01399,0.85069
CVE-2017-3169,0.01166,0.83479
CVE-2017-3180,0.00054,0.19451
CVE-2017-3181,0.00220,0.59991
CVE-2017-3182,0.00056,0.21003
CVE-2017-3183,0.00164,0.53044
CVE-2017-3184,0.00584,0.75870
CVE-2017-3185,0.00569,0.75520
CVE-2017-3186,0.01011,0.82132
CVE-2017-3187,0.00094,0.39366
CVE-2017-3188,0.00102,0.41241
CVE-2017-3189,0.00180,0.55293
CVE-2017-3190,0.00075,0.30884
CVE-2017-3191,0.07199,0.93402
CVE-2017-3192,0.07874,0.93647
CVE-2017-3193,0.00266,0.64288
CVE-2017-3194,0.00489,0.73616
CVE-2017-3195,0.03451,0.90599
CVE-2017-3196,0.00043,0.05916
CVE-2017-3197,0.00571,0.75559
CVE-2017-3198,0.01040,0.82406
CVE-2017-3199,0.05262,0.92309
CVE-2017-3200,0.05262,0.92309
CVE-2017-3201,0.08902,0.94019
CVE-2017-3202,0.04954,0.92072
CVE-2017-3203,0.07477,0.93494
CVE-2017-3204,0.00237,0.61824
CVE-2017-3206,0.00617,0.76594
CVE-2017-3207,0.04814,0.91977
CVE-2017-3208,0.00661,0.77508
CVE-2017-3209,0.00237,0.61872
CVE-2017-3210,0.00042,0.00438
CVE-2017-3211,0.00126,0.47113
CVE-2017-3212,0.00086,0.35615
CVE-2017-3213,0.00086,0.35615
CVE-2017-3214,0.00168,0.53801
CVE-2017-3215,0.00090,0.38018
CVE-2017-3216,0.00754,0.79116
CVE-2017-3217,0.00207,0.58671
CVE-2017-3218,0.00055,0.20328
CVE-2017-3219,0.00076,0.31374
CVE-2017-3221,0.00169,0.53902
CVE-2017-3222,0.00758,0.79192
CVE-2017-3223,0.01136,0.83246
CVE-2017-3224,0.00075,0.30891
CVE-2017-3225,0.00053,0.18491
CVE-2017-3226,0.00078,0.32275
CVE-2017-3230,0.88931,0.98496
CVE-2017-3231,0.00385,0.70420
CVE-2017-3232,0.00045,0.12178
CVE-2017-3233,0.00141,0.49790
CVE-2017-3234,0.00525,0.74547
CVE-2017-3235,0.00092,0.38796
CVE-2017-3236,0.00135,0.48827
CVE-2017-3237,0.00045,0.12178
CVE-2017-3238,0.00273,0.64694
CVE-2017-3239,0.00045,0.12178
CVE-2017-3240,0.00052,0.17656
CVE-2017-3241,0.03891,0.91113
CVE-2017-3242,0.00045,0.12178
CVE-2017-3243,0.00105,0.42433
CVE-2017-3244,0.00273,0.64694
CVE-2017-3245,0.00129,0.47611
CVE-2017-3246,0.00052,0.17656
CVE-2017-3247,0.00076,0.31323
CVE-2017-3248,0.97105,0.99740
CVE-2017-3249,0.00064,0.26235
CVE-2017-3250,0.00084,0.34793
CVE-2017-3251,0.00159,0.52361
CVE-2017-3252,0.00188,0.56364
CVE-2017-3253,0.00449,0.72469
CVE-2017-3254,0.00257,0.63581
CVE-2017-3255,0.00148,0.50746
CVE-2017-3256,0.00120,0.46170
CVE-2017-3257,0.00558,0.75292
CVE-2017-3258,0.00359,0.69371
CVE-2017-3259,0.00412,0.71334
CVE-2017-3260,0.00286,0.65605
CVE-2017-3261,0.00326,0.67848
CVE-2017-3262,0.00328,0.67982
CVE-2017-3263,0.00064,0.26352
CVE-2017-3264,0.00070,0.28895
CVE-2017-3265,0.00047,0.13976
CVE-2017-3266,0.00688,0.78062
CVE-2017-3267,0.00171,0.54177
CVE-2017-3268,0.00171,0.54177
CVE-2017-3269,0.00171,0.54177
CVE-2017-3270,0.00171,0.54177
CVE-2017-3271,0.00225,0.60891
CVE-2017-3272,0.00433,0.71984
CVE-2017-3273,0.00169,0.53952
CVE-2017-3274,0.00143,0.50127
CVE-2017-3275,0.00143,0.50127
CVE-2017-3276,0.00045,0.12218
CVE-2017-3277,0.00082,0.33980
CVE-2017-3278,0.00143,0.50127
CVE-2017-3279,0.00197,0.57675
CVE-2017-3280,0.00135,0.48827
CVE-2017-3281,0.00170,0.54129
CVE-2017-3282,0.00170,0.54129
CVE-2017-3283,0.00170,0.54129
CVE-2017-3284,0.00143,0.50127
CVE-2017-3285,0.00143,0.50127
CVE-2017-3286,0.00052,0.17656
CVE-2017-3287,0.00143,0.50127
CVE-2017-3288,0.00070,0.28895
CVE-2017-3289,0.00474,0.73164
CVE-2017-3290,0.00046,0.13754
CVE-2017-3291,0.00047,0.14187
CVE-2017-3292,0.00096,0.39914
CVE-2017-3293,0.00225,0.60891
CVE-2017-3294,0.00396,0.70845
CVE-2017-3295,0.00396,0.70845
CVE-2017-3296,0.00106,0.42969
CVE-2017-3297,0.00082,0.33980
CVE-2017-3298,0.00129,0.47611
CVE-2017-3299,0.00162,0.52892
CVE-2017-3300,0.00154,0.51667
CVE-2017-3301,0.00117,0.45551
CVE-2017-3302,0.01887,0.87252
CVE-2017-3303,0.00143,0.50127
CVE-2017-3304,0.00067,0.27807
CVE-2017-3305,0.00199,0.57810
CVE-2017-3306,0.00131,0.47989
CVE-2017-3307,0.00086,0.35732
CVE-2017-3308,0.00256,0.63545
CVE-2017-3309,0.00256,0.63545
CVE-2017-3310,0.00208,0.58776
CVE-2017-3311,0.00182,0.55609
CVE-2017-3312,0.00047,0.13976
CVE-2017-3313,0.00056,0.20762
CVE-2017-3314,0.00129,0.47611
CVE-2017-3315,0.00074,0.30656
CVE-2017-3316,0.01885,0.87237
CVE-2017-3317,0.00047,0.14187
CVE-2017-3318,0.00056,0.21088
CVE-2017-3319,0.00124,0.46770
CVE-2017-3320,0.00072,0.29901
CVE-2017-3321,0.00156,0.51911
CVE-2017-3322,0.00144,0.50241
CVE-2017-3323,0.00144,0.50241
CVE-2017-3324,0.00384,0.70382
CVE-2017-3325,0.00143,0.50127
CVE-2017-3326,0.00143,0.50127
CVE-2017-3327,0.00143,0.50127
CVE-2017-3328,0.00197,0.57675
CVE-2017-3329,0.00333,0.68257
CVE-2017-3330,0.00082,0.33980
CVE-2017-3331,0.00120,0.46184
CVE-2017-3332,0.00068,0.28363
CVE-2017-3333,0.00197,0.57675
CVE-2017-3334,0.00146,0.50549
CVE-2017-3335,0.00191,0.56821
CVE-2017-3336,0.00191,0.56821
CVE-2017-3337,0.00192,0.56991
CVE-2017-3338,0.00191,0.56821
CVE-2017-3339,0.00191,0.56821
CVE-2017-3340,0.00191,0.56821
CVE-2017-3341,0.00191,0.56821
CVE-2017-3342,0.00088,0.36844
CVE-2017-3343,0.00191,0.56821
CVE-2017-3344,0.00191,0.56821
CVE-2017-3345,0.00102,0.41313
CVE-2017-3346,0.00191,0.56821
CVE-2017-3347,0.00088,0.36844
CVE-2017-3348,0.00191,0.56821
CVE-2017-3349,0.00191,0.56821
CVE-2017-3350,0.00191,0.56821
CVE-2017-3351,0.00191,0.56821
CVE-2017-3352,0.00191,0.56821
CVE-2017-3353,0.00191,0.56821
CVE-2017-3354,0.00191,0.56821
CVE-2017-3355,0.00102,0.41313
CVE-2017-3356,0.00102,0.41313
CVE-2017-3357,0.00191,0.56821
CVE-2017-3358,0.00191,0.56821
CVE-2017-3359,0.00197,0.57675
CVE-2017-3360,0.00191,0.56821
CVE-2017-3361,0.00197,0.57675
CVE-2017-3362,0.00197,0.57675
CVE-2017-3363,0.00191,0.56821
CVE-2017-3364,0.00191,0.56821
CVE-2017-3365,0.00191,0.56821
CVE-2017-3366,0.00191,0.56821
CVE-2017-3367,0.00191,0.56821
CVE-2017-3368,0.00197,0.57675
CVE-2017-3369,0.00197,0.57675
CVE-2017-3370,0.00146,0.50549
CVE-2017-3371,0.00191,0.56821
CVE-2017-3372,0.00197,0.57675
CVE-2017-3373,0.00197,0.57675
CVE-2017-3374,0.00191,0.56821
CVE-2017-3375,0.00191,0.56821
CVE-2017-3376,0.00146,0.50549
CVE-2017-3377,0.00146,0.50549
CVE-2017-3378,0.00191,0.56821
CVE-2017-3379,0.00191,0.56821
CVE-2017-3380,0.00191,0.56821
CVE-2017-3381,0.00191,0.56821
CVE-2017-3382,0.00146,0.50549
CVE-2017-3383,0.00191,0.56821
CVE-2017-3384,0.00191,0.56821
CVE-2017-3385,0.00191,0.56821
CVE-2017-3386,0.00191,0.56821
CVE-2017-3387,0.00191,0.56821
CVE-2017-3388,0.00191,0.56821
CVE-2017-3389,0.00146,0.50549
CVE-2017-3390,0.00191,0.56821
CVE-2017-3391,0.00191,0.56821
CVE-2017-3392,0.00191,0.56821
CVE-2017-3393,0.00192,0.56991
CVE-2017-3394,0.00191,0.56821
CVE-2017-3395,0.00191,0.56821
CVE-2017-3396,0.00191,0.56821
CVE-2017-3397,0.00191,0.56821
CVE-2017-3398,0.00191,0.56821
CVE-2017-3399,0.00191,0.56821
CVE-2017-3400,0.00191,0.56821
CVE-2017-3401,0.00191,0.56821
CVE-2017-3402,0.00146,0.50549
CVE-2017-3403,0.00191,0.56821
CVE-2017-3404,0.00146,0.50549
CVE-2017-3405,0.00146,0.50549
CVE-2017-3406,0.00191,0.56821
CVE-2017-3407,0.00191,0.56821
CVE-2017-3408,0.00191,0.56821
CVE-2017-3409,0.00191,0.56821
CVE-2017-3410,0.00191,0.56821
CVE-2017-3411,0.00191,0.56821
CVE-2017-3412,0.00191,0.56821
CVE-2017-3413,0.00146,0.50549
CVE-2017-3414,0.00191,0.56821
CVE-2017-3415,0.00197,0.57675
CVE-2017-3416,0.00146,0.50549
CVE-2017-3417,0.00191,0.56821
CVE-2017-3418,0.00197,0.57675
CVE-2017-3419,0.00191,0.56821
CVE-2017-3420,0.00191,0.56821
CVE-2017-3421,0.00197,0.57675
CVE-2017-3422,0.00191,0.56821
CVE-2017-3423,0.00191,0.56821
CVE-2017-3424,0.00191,0.56821
CVE-2017-3425,0.00191,0.56821
CVE-2017-3426,0.00191,0.56821
CVE-2017-3427,0.00191,0.56821
CVE-2017-3428,0.00191,0.56821
CVE-2017-3429,0.00146,0.50549
CVE-2017-3430,0.00191,0.56821
CVE-2017-3431,0.00191,0.56821
CVE-2017-3432,0.00192,0.56991
CVE-2017-3433,0.00191,0.56821
CVE-2017-3434,0.00102,0.41313
CVE-2017-3435,0.00146,0.50549
CVE-2017-3436,0.00191,0.56821
CVE-2017-3437,0.00191,0.56821
CVE-2017-3438,0.00191,0.56821
CVE-2017-3439,0.00191,0.56821
CVE-2017-3440,0.00143,0.50127
CVE-2017-3441,0.00191,0.56821
CVE-2017-3442,0.00146,0.50549
CVE-2017-3443,0.00197,0.57675
CVE-2017-3444,0.00197,0.57675
CVE-2017-3445,0.00197,0.57675
CVE-2017-3446,0.00197,0.57675
CVE-2017-3450,0.00371,0.69867
CVE-2017-3451,0.00053,0.19109
CVE-2017-3452,0.00120,0.46184
CVE-2017-3453,0.00273,0.64694
CVE-2017-3454,0.00090,0.37897
CVE-2017-3455,0.00101,0.41141
CVE-2017-3456,0.00149,0.50932
CVE-2017-3457,0.00090,0.37897
CVE-2017-3458,0.00090,0.37897
CVE-2017-3459,0.00090,0.37897
CVE-2017-3460,0.00090,0.37897
CVE-2017-3461,0.00130,0.47894
CVE-2017-3462,0.00130,0.47894
CVE-2017-3463,0.00130,0.47894
CVE-2017-3464,0.00241,0.62179
CVE-2017-3465,0.00101,0.41141
CVE-2017-3467,0.00180,0.55275
CVE-2017-3468,0.00095,0.39615
CVE-2017-3469,0.00139,0.49397
CVE-2017-3470,0.00064,0.26235
CVE-2017-3471,0.00135,0.48827
CVE-2017-3472,0.00091,0.38479
CVE-2017-3473,0.00070,0.28895
CVE-2017-3474,0.00052,0.17656
CVE-2017-3475,0.00067,0.27807
CVE-2017-3476,0.00091,0.38479
CVE-2017-3477,0.00070,0.28895
CVE-2017-3478,0.00070,0.28895
CVE-2017-3479,0.00067,0.27807
CVE-2017-3480,0.00129,0.47611
CVE-2017-3481,0.00067,0.27807
CVE-2017-3482,0.00070,0.28895
CVE-2017-3483,0.00052,0.17656
CVE-2017-3484,0.00070,0.28895
CVE-2017-3485,0.00088,0.36994
CVE-2017-3486,0.00045,0.12218
CVE-2017-3487,0.00070,0.28895
CVE-2017-3488,0.00070,0.28895
CVE-2017-3489,0.00070,0.28895
CVE-2017-3490,0.00070,0.28895
CVE-2017-3491,0.00091,0.38479
CVE-2017-3492,0.00070,0.28895
CVE-2017-3493,0.00095,0.39637
CVE-2017-3494,0.00162,0.52892
CVE-2017-3495,0.00129,0.47611
CVE-2017-3496,0.00129,0.47611
CVE-2017-3497,0.00140,0.49715
CVE-2017-3498,0.00052,0.17656
CVE-2017-3499,0.00164,0.53084
CVE-2017-3500,0.00091,0.38452
CVE-2017-3501,0.00129,0.47611
CVE-2017-3502,0.00155,0.51843
CVE-2017-3503,0.00208,0.58776
CVE-2017-3504,0.00050,0.16479
CVE-2017-3505,0.00050,0.16479
CVE-2017-3506,0.96935,0.99668
CVE-2017-3507,0.00135,0.48755
CVE-2017-3508,0.00167,0.53506
CVE-2017-3509,0.00347,0.68807
CVE-2017-3510,0.00116,0.45341
CVE-2017-3511,0.00105,0.42403
CVE-2017-3512,0.00296,0.66214
CVE-2017-3513,0.00052,0.17656
CVE-2017-3514,0.00392,0.70687
CVE-2017-3515,0.00129,0.47611
CVE-2017-3516,0.00088,0.36994
CVE-2017-3517,0.00084,0.34793
CVE-2017-3518,0.00171,0.54177
CVE-2017-3519,0.00164,0.53084
CVE-2017-3520,0.00202,0.58177
CVE-2017-3521,0.00091,0.38479
CVE-2017-3522,0.00091,0.38479
CVE-2017-3523,0.00147,0.50678
CVE-2017-3524,0.00091,0.38394
CVE-2017-3525,0.00091,0.38394
CVE-2017-3526,0.00701,0.78262
CVE-2017-3527,0.00156,0.51916
CVE-2017-3528,0.00865,0.80585
CVE-2017-3529,0.00131,0.47920
CVE-2017-3530,0.00091,0.38479
CVE-2017-3531,0.00138,0.49287
CVE-2017-3532,0.00076,0.31323
CVE-2017-3533,0.00229,0.61179
CVE-2017-3534,0.00091,0.38479
CVE-2017-3535,0.00129,0.47611
CVE-2017-3536,0.00070,0.28895
CVE-2017-3537,0.00076,0.31323
CVE-2017-3538,0.00052,0.17656
CVE-2017-3539,0.00197,0.57688
CVE-2017-3540,0.00163,0.52934
CVE-2017-3541,0.00164,0.53084
CVE-2017-3542,0.00225,0.60891
CVE-2017-3543,0.00225,0.60891
CVE-2017-3544,0.00197,0.57688
CVE-2017-3545,0.00295,0.66170
CVE-2017-3546,0.00840,0.80307
CVE-2017-3547,0.00193,0.57168
CVE-2017-3548,0.00799,0.79818
CVE-2017-3549,0.01331,0.84649
CVE-2017-3550,0.00192,0.56991
CVE-2017-3551,0.00129,0.47727
CVE-2017-3552,0.00053,0.19109
CVE-2017-3553,0.00207,0.58733
CVE-2017-3554,0.00091,0.38394
CVE-2017-3555,0.00634,0.76929
CVE-2017-3556,0.00182,0.55599
CVE-2017-3557,0.00155,0.51885
CVE-2017-3558,0.00191,0.56745
CVE-2017-3559,0.00045,0.12218
CVE-2017-3560,0.00053,0.19109
CVE-2017-3561,0.00069,0.28492
CVE-2017-3562,0.00097,0.40141
CVE-2017-3563,0.00069,0.28492
CVE-2017-3564,0.00093,0.39202
CVE-2017-3565,0.00052,0.17656
CVE-2017-3567,0.00089,0.37386
CVE-2017-3568,0.00056,0.21148
CVE-2017-3569,0.00053,0.19109
CVE-2017-3570,0.00091,0.38394
CVE-2017-3571,0.00097,0.40141
CVE-2017-3572,0.00072,0.29504
CVE-2017-3573,0.00076,0.31323
CVE-2017-3574,0.00061,0.24121
CVE-2017-3575,0.00069,0.28492
CVE-2017-3576,0.00069,0.28492
CVE-2017-3577,0.00091,0.38394
CVE-2017-3578,0.00129,0.47727
CVE-2017-3579,0.00129,0.47611
CVE-2017-3580,0.00166,0.53360
CVE-2017-3581,0.00045,0.12178
CVE-2017-3582,0.00105,0.42401
CVE-2017-3583,0.00150,0.51194
CVE-2017-3584,0.00091,0.38451
CVE-2017-3585,0.00155,0.51843
CVE-2017-3586,0.00118,0.45655
CVE-2017-3587,0.00069,0.28492
CVE-2017-3588,0.00107,0.43154
CVE-2017-3589,0.00051,0.17395
CVE-2017-3590,0.00052,0.17656
CVE-2017-3591,0.00192,0.56991
CVE-2017-3592,0.00091,0.38479
CVE-2017-3593,0.00143,0.50127
CVE-2017-3594,0.00122,0.46400
CVE-2017-3595,0.00091,0.38479
CVE-2017-3596,0.00083,0.34333
CVE-2017-3597,0.00091,0.38479
CVE-2017-3598,0.00070,0.28895
CVE-2017-3599,0.95748,0.99309
CVE-2017-3600,0.00149,0.50942
CVE-2017-3601,0.00150,0.51194
CVE-2017-3602,0.00091,0.38479
CVE-2017-3603,0.00070,0.28895
CVE-2017-3604,0.00056,0.21148
CVE-2017-3605,0.00056,0.21148
CVE-2017-3606,0.00056,0.21148
CVE-2017-3607,0.00056,0.21148
CVE-2017-3608,0.00056,0.21148
CVE-2017-3609,0.00056,0.21148
CVE-2017-3610,0.00056,0.21148
CVE-2017-3611,0.00056,0.21148
CVE-2017-3612,0.00056,0.21148
CVE-2017-3613,0.00056,0.21148
CVE-2017-3614,0.00056,0.21148
CVE-2017-3615,0.00056,0.21148
CVE-2017-3616,0.00056,0.21148
CVE-2017-3617,0.00056,0.21148
CVE-2017-3618,0.00045,0.12178
CVE-2017-3619,0.00045,0.12178
CVE-2017-3620,0.00045,0.12178
CVE-2017-3621,0.00171,0.54177
CVE-2017-3622,0.00104,0.42238
CVE-2017-3623,0.91205,0.98671
CVE-2017-3625,0.00143,0.50127
CVE-2017-3626,0.00129,0.47611
CVE-2017-3629,0.00067,0.27690
CVE-2017-3630,0.00047,0.14012
CVE-2017-3631,0.00047,0.14012
CVE-2017-3632,0.00575,0.75660
CVE-2017-3633,0.00340,0.68523
CVE-2017-3634,0.00141,0.49743
CVE-2017-3635,0.00154,0.51647
CVE-2017-3636,0.00051,0.17399
CVE-2017-3637,0.00131,0.47920
CVE-2017-3638,0.00098,0.40379
CVE-2017-3639,0.00098,0.40379
CVE-2017-3640,0.00098,0.40379
CVE-2017-3641,0.00150,0.51210
CVE-2017-3642,0.00098,0.40379
CVE-2017-3643,0.00098,0.40379
CVE-2017-3644,0.00098,0.40379
CVE-2017-3645,0.00098,0.40379
CVE-2017-3646,0.00098,0.40379
CVE-2017-3647,0.00096,0.39816
CVE-2017-3648,0.00096,0.39769
CVE-2017-3649,0.00096,0.39816
CVE-2017-3650,0.00191,0.56697
CVE-2017-3651,0.00241,0.62179
CVE-2017-3652,0.00184,0.55752
CVE-2017-3653,0.00131,0.47969
CVE-2017-3718,0.00044,0.10161
CVE-2017-3730,0.95419,0.99236
CVE-2017-3731,0.04552,0.91710
CVE-2017-3732,0.00510,0.74181
CVE-2017-3733,0.03641,0.90819
CVE-2017-3735,0.02775,0.89600
CVE-2017-3736,0.00171,0.54160
CVE-2017-3737,0.95549,0.99268
CVE-2017-3738,0.00758,0.79191
CVE-2017-3740,0.00042,0.05722
CVE-2017-3741,0.00042,0.05722
CVE-2017-3742,0.00044,0.10161
CVE-2017-3743,0.00104,0.42231
CVE-2017-3744,0.00060,0.23261
CVE-2017-3745,0.00168,0.53568
CVE-2017-3746,0.00042,0.05722
CVE-2017-3747,0.00042,0.05722
CVE-2017-3748,0.00044,0.10161
CVE-2017-3749,0.00048,0.14692
CVE-2017-3750,0.00048,0.14692
CVE-2017-3751,0.00042,0.05722
CVE-2017-3752,0.00071,0.29415
CVE-2017-3753,0.00061,0.24237
CVE-2017-3754,0.00044,0.10161
CVE-2017-3756,0.00042,0.05722
CVE-2017-3757,0.00042,0.05722
CVE-2017-3758,0.00947,0.81503
CVE-2017-3759,0.00250,0.63010
CVE-2017-3760,0.00250,0.63010
CVE-2017-3761,0.00405,0.71094
CVE-2017-3762,0.00042,0.05722
CVE-2017-3763,0.00044,0.10161
CVE-2017-3764,0.00090,0.38037
CVE-2017-3765,0.00042,0.05722
CVE-2017-3767,0.00042,0.05722
CVE-2017-3768,0.00099,0.40668
CVE-2017-3770,0.00104,0.42231
CVE-2017-3771,0.00085,0.35272
CVE-2017-3774,0.00250,0.62982
CVE-2017-3775,0.00069,0.28577
CVE-2017-3776,0.00168,0.53801
CVE-2017-3790,0.00357,0.69295
CVE-2017-3791,0.00454,0.72633
CVE-2017-3792,0.02591,0.89235
CVE-2017-3793,0.00221,0.60334
CVE-2017-3794,0.00121,0.46308
CVE-2017-3795,0.00092,0.38783
CVE-2017-3796,0.00282,0.65337
CVE-2017-3797,0.00154,0.51715
CVE-2017-3798,0.00202,0.58197
CVE-2017-3799,0.00107,0.43143
CVE-2017-3800,0.00148,0.50834
CVE-2017-3801,0.00042,0.05722
CVE-2017-3802,0.00167,0.53473
CVE-2017-3803,0.00112,0.44419
CVE-2017-3804,0.00092,0.38697
CVE-2017-3805,0.00154,0.51715
CVE-2017-3806,0.00042,0.05844
CVE-2017-3807,0.02933,0.89842
CVE-2017-3808,0.00356,0.69234
CVE-2017-3809,0.00163,0.52937
CVE-2017-3810,0.00089,0.37434
CVE-2017-3811,0.00106,0.42771
CVE-2017-3812,0.00357,0.69295
CVE-2017-3813,0.00090,0.37760
CVE-2017-3814,0.00096,0.40051
CVE-2017-3815,0.00154,0.51715
CVE-2017-3817,0.00092,0.38783
CVE-2017-3818,0.00148,0.50834
CVE-2017-3819,0.00219,0.59908
CVE-2017-3820,0.00206,0.58617
CVE-2017-3821,0.00240,0.62080
CVE-2017-3822,0.00162,0.52870
CVE-2017-3823,0.90724,0.98620
CVE-2017-3824,0.00357,0.69295
CVE-2017-3825,0.00356,0.69234
CVE-2017-3826,0.00563,0.75411
CVE-2017-3827,0.00279,0.65073
CVE-2017-3828,0.00240,0.62080
CVE-2017-3829,0.00240,0.62080
CVE-2017-3830,0.00563,0.75411
CVE-2017-3831,0.00129,0.47625
CVE-2017-3832,0.00185,0.55868
CVE-2017-3833,0.00165,0.53136
CVE-2017-3834,0.00400,0.70961
CVE-2017-3835,0.00119,0.45841
CVE-2017-3836,0.00105,0.42471
CVE-2017-3837,0.00169,0.53905
CVE-2017-3838,0.00240,0.62080
CVE-2017-3839,0.00105,0.42471
CVE-2017-3840,0.00233,0.61435
CVE-2017-3841,0.00264,0.64152
CVE-2017-3842,0.00264,0.64152
CVE-2017-3843,0.00098,0.40457
CVE-2017-3844,0.00101,0.41119
CVE-2017-3845,0.00240,0.62080
CVE-2017-3846,0.00155,0.51821
CVE-2017-3847,0.00065,0.27007
CVE-2017-3848,0.00167,0.53473
CVE-2017-3849,0.00102,0.41384
CVE-2017-3850,0.00170,0.54132
CVE-2017-3851,0.00278,0.65048
CVE-2017-3852,0.00309,0.66981
CVE-2017-3853,0.01896,0.87295
CVE-2017-3854,0.00350,0.68991
CVE-2017-3856,0.00356,0.69234
CVE-2017-3857,0.00249,0.62899
CVE-2017-3858,0.00284,0.65431
CVE-2017-3859,0.00356,0.69234
CVE-2017-3860,0.00356,0.69234
CVE-2017-3861,0.00356,0.69234
CVE-2017-3862,0.00356,0.69234
CVE-2017-3863,0.00356,0.69234
CVE-2017-3864,0.00237,0.61880
CVE-2017-3865,0.00165,0.53194
CVE-2017-3866,0.00167,0.53473
CVE-2017-3867,0.00183,0.55665
CVE-2017-3868,0.00167,0.53473
CVE-2017-3869,0.00091,0.38541
CVE-2017-3870,0.00148,0.50834
CVE-2017-3871,0.00072,0.29725
CVE-2017-3872,0.00091,0.38560
CVE-2017-3873,0.00202,0.58231
CVE-2017-3874,0.00083,0.34362
CVE-2017-3875,0.00148,0.50834
CVE-2017-3876,0.00356,0.69234
CVE-2017-3877,0.00128,0.47494
CVE-2017-3878,0.00220,0.60175
CVE-2017-3879,0.00220,0.60175
CVE-2017-3880,0.00140,0.49583
CVE-2017-3881,0.97470,0.99961
CVE-2017-3882,0.01673,0.86376
CVE-2017-3883,0.00249,0.62888
CVE-2017-3884,0.00106,0.42771
CVE-2017-3885,0.00130,0.47769
CVE-2017-3886,0.00094,0.39303
CVE-2017-3887,0.00130,0.47769
CVE-2017-3888,0.00083,0.34362
CVE-2017-3889,0.00105,0.42637
CVE-2017-3890,0.00098,0.40456
CVE-2017-3891,0.00244,0.62506
CVE-2017-3892,0.00169,0.53852
CVE-2017-3893,0.00085,0.35272
CVE-2017-3894,0.00131,0.47937
CVE-2017-3896,0.00557,0.75287
CVE-2017-3897,0.00405,0.71125
CVE-2017-3898,0.00431,0.71901
CVE-2017-3899,0.00075,0.30953
CVE-2017-3902,0.00069,0.28457
CVE-2017-3907,0.00310,0.67010
CVE-2017-3912,0.00044,0.10161
CVE-2017-3933,0.00065,0.27007
CVE-2017-3934,0.00108,0.43496
CVE-2017-3935,0.00168,0.53801
CVE-2017-3936,0.00371,0.69893
CVE-2017-3948,0.00054,0.19226
CVE-2017-3960,0.00096,0.39884
CVE-2017-3961,0.00054,0.20290
CVE-2017-3962,0.00150,0.51166
CVE-2017-3964,0.00054,0.20290
CVE-2017-3965,0.00098,0.40370
CVE-2017-3966,0.00107,0.43046
CVE-2017-3967,0.00123,0.46665
CVE-2017-3968,0.00313,0.67174
CVE-2017-3969,0.00128,0.47518
CVE-2017-3971,0.00060,0.23722
CVE-2017-3972,0.00360,0.69396
CVE-2017-3980,0.00193,0.57260
CVE-2017-4011,0.00142,0.49992
CVE-2017-4012,0.00113,0.44688
CVE-2017-4013,0.00168,0.53562
CVE-2017-4014,0.00184,0.55735
CVE-2017-4015,0.00076,0.31203
CVE-2017-4016,0.00168,0.53562
CVE-2017-4017,0.00168,0.53562
CVE-2017-4028,0.00044,0.10161
CVE-2017-4052,0.00425,0.71762
CVE-2017-4053,0.00263,0.64048
CVE-2017-4054,0.00117,0.45514
CVE-2017-4055,0.00227,0.60992
CVE-2017-4057,0.00212,0.59194
CVE-2017-4895,0.00052,0.18252
CVE-2017-4896,0.00051,0.17134
CVE-2017-4897,0.00079,0.32884
CVE-2017-4898,0.00052,0.18252
CVE-2017-4899,0.00052,0.18252
CVE-2017-4900,0.00052,0.18252
CVE-2017-4901,0.00400,0.70968
CVE-2017-4902,0.00076,0.31211
CVE-2017-4903,0.00076,0.31211
CVE-2017-4904,0.00076,0.31211
CVE-2017-4905,0.00062,0.24515
CVE-2017-4907,0.05377,0.92406
CVE-2017-4908,0.00076,0.31211
CVE-2017-4909,0.00070,0.29091
CVE-2017-4910,0.00076,0.31211
CVE-2017-4911,0.00063,0.25722
CVE-2017-4912,0.00070,0.29091
CVE-2017-4913,0.00063,0.25021
CVE-2017-4914,0.05425,0.92441
CVE-2017-4915,0.00107,0.43037
CVE-2017-4916,0.01135,0.83232
CVE-2017-4917,0.00464,0.72880
CVE-2017-4918,0.00302,0.66513
CVE-2017-4919,0.00512,0.74203
CVE-2017-4920,0.00096,0.39910
CVE-2017-4921,0.00226,0.60908
CVE-2017-4922,0.00098,0.40344
CVE-2017-4923,0.00429,0.71868
CVE-2017-4924,0.00257,0.63574
CVE-2017-4925,0.00059,0.22933
CVE-2017-4926,0.00074,0.30560
CVE-2017-4927,0.00419,0.71569
CVE-2017-4928,0.00136,0.49015
CVE-2017-4929,0.00104,0.42288
CVE-2017-4930,0.00074,0.30560
CVE-2017-4931,0.00141,0.49840
CVE-2017-4932,0.00052,0.18252
CVE-2017-4933,0.17096,0.95617
CVE-2017-4934,0.00070,0.28898
CVE-2017-4935,0.00063,0.25722
CVE-2017-4936,0.00070,0.29091
CVE-2017-4937,0.00070,0.29091
CVE-2017-4938,0.00052,0.18252
CVE-2017-4939,0.00102,0.41355
CVE-2017-4940,0.00076,0.31323
CVE-2017-4941,0.02628,0.89323
CVE-2017-4942,0.00101,0.41235
CVE-2017-4943,0.00042,0.05722
CVE-2017-4945,0.00055,0.20591
CVE-2017-4946,0.00059,0.22933
CVE-2017-4947,0.03698,0.90897
CVE-2017-4948,0.00062,0.24773
CVE-2017-4949,0.00065,0.27118
CVE-2017-4950,0.00063,0.25021
CVE-2017-4951,0.00318,0.67489
CVE-2017-4952,0.00453,0.72617
CVE-2017-4955,0.00200,0.57950
CVE-2017-4959,0.00099,0.40660
CVE-2017-4960,0.00096,0.39910
CVE-2017-4961,0.00104,0.42231
CVE-2017-4963,0.00222,0.60556
CVE-2017-4964,0.00044,0.10161
CVE-2017-4965,0.00130,0.47834
CVE-2017-4966,0.00044,0.10161
CVE-2017-4967,0.00071,0.29164
CVE-2017-4969,0.00080,0.33363
CVE-2017-4970,0.00085,0.35272
CVE-2017-4971,0.25900,0.96305
CVE-2017-4972,0.00124,0.46843
CVE-2017-4973,0.00104,0.42231
CVE-2017-4974,0.00077,0.32050
CVE-2017-4975,0.00107,0.43252
CVE-2017-4976,0.00597,0.76150
CVE-2017-4977,0.00052,0.18252
CVE-2017-4978,0.00077,0.31738
CVE-2017-4979,0.00099,0.40660
CVE-2017-4980,0.00125,0.46903
CVE-2017-4981,0.00281,0.65237
CVE-2017-4982,0.00237,0.61860
CVE-2017-4983,0.00052,0.18252
CVE-2017-4984,0.00691,0.78107
CVE-2017-4985,0.00042,0.05722
CVE-2017-4986,0.00155,0.51872
CVE-2017-4987,0.00049,0.15837
CVE-2017-4988,0.00102,0.41250
CVE-2017-4989,0.00705,0.78337
CVE-2017-4990,0.01355,0.84814
CVE-2017-4991,0.00104,0.42231
CVE-2017-4992,0.00222,0.60556
CVE-2017-4994,0.00085,0.35272
CVE-2017-4995,0.00480,0.73358
CVE-2017-4997,0.01361,0.84861
CVE-2017-4998,0.00225,0.60886
CVE-2017-4999,0.00134,0.48539
CVE-2017-5000,0.00098,0.40400
CVE-2017-5001,0.00098,0.40400
CVE-2017-5002,0.00154,0.51742
CVE-2017-5003,0.00131,0.47937
CVE-2017-5004,0.00071,0.29389
CVE-2017-5005,0.05772,0.92648
CVE-2017-5006,0.00353,0.69101
CVE-2017-5007,0.00353,0.69101
CVE-2017-5008,0.00353,0.69101
CVE-2017-5009,0.01285,0.84378
CVE-2017-5010,0.00353,0.69101
CVE-2017-5011,0.00515,0.74295
CVE-2017-5012,0.01782,0.86775
CVE-2017-5013,0.00614,0.76538
CVE-2017-5014,0.00715,0.78511
CVE-2017-5015,0.00614,0.76538
CVE-2017-5016,0.00648,0.77192
CVE-2017-5017,0.00575,0.75666
CVE-2017-5018,0.00461,0.72817
CVE-2017-5019,0.00748,0.79020
CVE-2017-5020,0.02845,0.89722
CVE-2017-5021,0.00721,0.78625
CVE-2017-5022,0.00633,0.76919
CVE-2017-5023,0.00785,0.79591
CVE-2017-5024,0.01037,0.82371
CVE-2017-5025,0.01037,0.82371
CVE-2017-5026,0.00604,0.76302
CVE-2017-5027,0.00119,0.45933
CVE-2017-5028,0.00110,0.43979
CVE-2017-5029,0.02041,0.87825
CVE-2017-5030,0.56570,0.97410
CVE-2017-5031,0.01676,0.86385
CVE-2017-5032,0.01197,0.83727
CVE-2017-5033,0.00656,0.77367
CVE-2017-5034,0.01197,0.83727
CVE-2017-5035,0.00485,0.73519
CVE-2017-5036,0.01063,0.82634
CVE-2017-5037,0.01235,0.84022
CVE-2017-5038,0.00948,0.81520
CVE-2017-5039,0.01063,0.82634
CVE-2017-5040,0.00988,0.81940
CVE-2017-5041,0.00585,0.75898
CVE-2017-5042,0.00059,0.22823
CVE-2017-5043,0.01716,0.86540
CVE-2017-5044,0.00989,0.81942
CVE-2017-5045,0.00337,0.68426
CVE-2017-5046,0.00988,0.81940
CVE-2017-5047,0.00129,0.47640
CVE-2017-5048,0.00129,0.47640
CVE-2017-5049,0.00129,0.47640
CVE-2017-5050,0.00129,0.47640
CVE-2017-5051,0.00129,0.47640
CVE-2017-5052,0.00832,0.80223
CVE-2017-5053,0.41883,0.96987
CVE-2017-5054,0.00750,0.79054
CVE-2017-5055,0.00750,0.79054
CVE-2017-5056,0.01554,0.85860
CVE-2017-5057,0.01197,0.83727
CVE-2017-5058,0.01554,0.85860
CVE-2017-5059,0.16802,0.95573
CVE-2017-5060,0.00628,0.76831
CVE-2017-5061,0.00628,0.76831
CVE-2017-5062,0.01197,0.83727
CVE-2017-5063,0.01554,0.85860
CVE-2017-5064,0.01505,0.85621
CVE-2017-5065,0.00490,0.73641
CVE-2017-5066,0.00628,0.76831
CVE-2017-5067,0.00628,0.76831
CVE-2017-5068,0.00714,0.78497
CVE-2017-5069,0.00333,0.68265
CVE-2017-5070,0.22646,0.96101
CVE-2017-5071,0.00806,0.79911
CVE-2017-5072,0.00628,0.76831
CVE-2017-5073,0.01554,0.85860
CVE-2017-5074,0.01312,0.84546
CVE-2017-5075,0.00557,0.75288
CVE-2017-5076,0.00628,0.76831
CVE-2017-5077,0.01559,0.85889
CVE-2017-5078,0.02166,0.88249
CVE-2017-5079,0.00585,0.75898
CVE-2017-5080,0.01554,0.85860
CVE-2017-5081,0.00042,0.05722
CVE-2017-5082,0.00042,0.05722
CVE-2017-5083,0.00585,0.75898
CVE-2017-5084,0.00042,0.05722
CVE-2017-5085,0.00435,0.72078
CVE-2017-5086,0.00628,0.76831
CVE-2017-5087,0.01602,0.86095
CVE-2017-5088,0.01607,0.86125
CVE-2017-5089,0.00648,0.77192
CVE-2017-5090,0.00114,0.44874
CVE-2017-5091,0.02223,0.88410
CVE-2017-5092,0.01833,0.87000
CVE-2017-5093,0.00593,0.76078
CVE-2017-5094,0.00790,0.79701
CVE-2017-5095,0.01570,0.85934
CVE-2017-5096,0.00466,0.72945
CVE-2017-5097,0.01833,0.87000
CVE-2017-5098,0.02223,0.88410
CVE-2017-5099,0.01833,0.87000
CVE-2017-5100,0.02223,0.88410
CVE-2017-5101,0.00749,0.79045
CVE-2017-5102,0.01042,0.82430
CVE-2017-5103,0.01042,0.82430
CVE-2017-5104,0.00593,0.76078
CVE-2017-5105,0.00593,0.76078
CVE-2017-5106,0.00593,0.76078
CVE-2017-5107,0.00500,0.73864
CVE-2017-5108,0.01197,0.83727
CVE-2017-5109,0.00552,0.75194
CVE-2017-5110,0.00372,0.69922
CVE-2017-5111,0.01575,0.85975
CVE-2017-5112,0.27524,0.96393
CVE-2017-5113,0.02041,0.87825
CVE-2017-5114,0.01483,0.85480
CVE-2017-5115,0.01602,0.86095
CVE-2017-5116,0.14297,0.95236
CVE-2017-5117,0.00864,0.80580
CVE-2017-5118,0.00656,0.77367
CVE-2017-5119,0.01271,0.84268
CVE-2017-5120,0.00691,0.78096
CVE-2017-5121,0.04584,0.91742
CVE-2017-5122,0.02702,0.89463
CVE-2017-5123,0.00064,0.26307
CVE-2017-5124,0.00866,0.80595
CVE-2017-5125,0.02691,0.89445
CVE-2017-5126,0.01716,0.86540
CVE-2017-5127,0.01716,0.86540
CVE-2017-5128,0.02727,0.89518
CVE-2017-5129,0.01529,0.85745
CVE-2017-5130,0.00696,0.78183
CVE-2017-5131,0.02223,0.88410
CVE-2017-5132,0.01947,0.87484
CVE-2017-5133,0.03660,0.90846
CVE-2017-5135,0.01306,0.84510
CVE-2017-5136,0.00086,0.35716
CVE-2017-5137,0.00054,0.19421
CVE-2017-5139,0.00207,0.58671
CVE-2017-5140,0.00207,0.58671
CVE-2017-5141,0.00084,0.34958
CVE-2017-5142,0.00092,0.38877
CVE-2017-5143,0.00148,0.50790
CVE-2017-5144,0.00207,0.58671
CVE-2017-5145,0.00159,0.52366
CVE-2017-5146,0.00721,0.78627
CVE-2017-5147,0.00044,0.08189
CVE-2017-5149,0.00080,0.33424
CVE-2017-5151,0.00228,0.61054
CVE-2017-5152,0.00263,0.64044
CVE-2017-5153,0.00044,0.08189
CVE-2017-5154,0.00190,0.56665
CVE-2017-5155,0.00398,0.70914
CVE-2017-5156,0.00224,0.60774
CVE-2017-5157,0.00097,0.40183
CVE-2017-5158,0.00417,0.71522
CVE-2017-5159,0.00207,0.58671
CVE-2017-5160,0.00107,0.43252
CVE-2017-5161,0.00044,0.08189
CVE-2017-5162,0.01552,0.85854
CVE-2017-5163,0.00116,0.45341
CVE-2017-5164,0.00084,0.34871
CVE-2017-5165,0.00066,0.27309
CVE-2017-5166,0.00207,0.58671
CVE-2017-5167,0.00149,0.50934
CVE-2017-5168,0.00543,0.75004
CVE-2017-5169,0.00249,0.62949
CVE-2017-5170,0.00092,0.38877
CVE-2017-5173,0.96226,0.99414
CVE-2017-5174,0.77443,0.97968
CVE-2017-5175,0.00080,0.33229
CVE-2017-5176,0.00051,0.17407
CVE-2017-5177,0.59245,0.97473
CVE-2017-5178,0.00205,0.58483
CVE-2017-5179,0.00081,0.33536
CVE-2017-5180,0.00062,0.24874
CVE-2017-5182,0.01243,0.84080
CVE-2017-5183,0.00089,0.37480
CVE-2017-5184,0.00140,0.49590
CVE-2017-5185,0.00799,0.79819
CVE-2017-5186,0.00841,0.80326
CVE-2017-5187,0.00098,0.40370
CVE-2017-5188,0.00182,0.55538
CVE-2017-5189,0.00174,0.54667
CVE-2017-5190,0.00071,0.29389
CVE-2017-5191,0.00085,0.35433
CVE-2017-5192,0.00205,0.58508
CVE-2017-5193,0.01077,0.82758
CVE-2017-5194,0.00826,0.80137
CVE-2017-5195,0.00488,0.73575
CVE-2017-5196,0.00488,0.73575
CVE-2017-5197,0.00076,0.31323
CVE-2017-5198,0.00042,0.05722
CVE-2017-5199,0.00286,0.65609
CVE-2017-5200,0.00234,0.61577
CVE-2017-5201,0.00108,0.43433
CVE-2017-5202,0.37758,0.96853
CVE-2017-5203,0.37758,0.96853
CVE-2017-5204,0.37758,0.96853
CVE-2017-5205,0.37758,0.96853
CVE-2017-5206,0.00517,0.74330
CVE-2017-5207,0.00042,0.05722
CVE-2017-5208,0.02837,0.89705
CVE-2017-5209,0.00282,0.65354
CVE-2017-5210,0.00267,0.64337
CVE-2017-5211,0.00072,0.29636
CVE-2017-5212,0.00379,0.70182
CVE-2017-5213,0.00077,0.31714
CVE-2017-5214,0.12597,0.94970
CVE-2017-5215,0.01452,0.85344
CVE-2017-5216,0.00063,0.25212
CVE-2017-5217,0.00055,0.20604
CVE-2017-5218,0.00103,0.41642
CVE-2017-5219,0.00228,0.61055
CVE-2017-5223,0.95092,0.99162
CVE-2017-5225,0.01119,0.83095
CVE-2017-5226,0.00788,0.79655
CVE-2017-5227,0.01238,0.84042
CVE-2017-5228,0.00173,0.54550
CVE-2017-5229,0.00173,0.54550
CVE-2017-5230,0.00205,0.58508
CVE-2017-5231,0.00173,0.54550
CVE-2017-5232,0.00070,0.28841
CVE-2017-5233,0.00063,0.25160
CVE-2017-5234,0.00063,0.25160
CVE-2017-5235,0.00063,0.25160
CVE-2017-5236,0.00070,0.28913
CVE-2017-5237,0.00101,0.41081
CVE-2017-5238,0.00095,0.39610
CVE-2017-5239,0.00079,0.33158
CVE-2017-5240,0.00129,0.47682
CVE-2017-5241,0.00066,0.27475
CVE-2017-5242,0.00064,0.25824
CVE-2017-5243,0.00097,0.40261
CVE-2017-5244,0.00065,0.26871
CVE-2017-5246,0.00057,0.21521
CVE-2017-5247,0.00054,0.19226
CVE-2017-5249,0.00222,0.60556
CVE-2017-5250,0.00222,0.60556
CVE-2017-5251,0.00222,0.60556
CVE-2017-5254,0.90298,0.98593
CVE-2017-5255,0.20706,0.95973
CVE-2017-5256,0.00054,0.19226
CVE-2017-5257,0.00053,0.19109
CVE-2017-5258,0.00047,0.14168
CVE-2017-5259,0.02736,0.89531
CVE-2017-5260,0.00792,0.79729
CVE-2017-5261,0.02032,0.87787
CVE-2017-5262,0.00150,0.51048
CVE-2017-5263,0.00053,0.18898
CVE-2017-5264,0.00176,0.54807
CVE-2017-5328,0.00136,0.49026
CVE-2017-5329,0.00062,0.24874
CVE-2017-5330,0.01647,0.86285
CVE-2017-5331,0.00042,0.05722
CVE-2017-5332,0.00100,0.40832
CVE-2017-5333,0.00100,0.40832
CVE-2017-5334,0.01692,0.86444
CVE-2017-5335,0.02389,0.88823
CVE-2017-5336,0.00905,0.81048
CVE-2017-5337,0.00900,0.80998
CVE-2017-5340,0.48730,0.97214
CVE-2017-5341,0.02126,0.88105
CVE-2017-5342,0.02126,0.88105
CVE-2017-5344,0.00611,0.76437
CVE-2017-5345,0.00137,0.49176
CVE-2017-5346,0.00171,0.54231
CVE-2017-5347,0.00117,0.45545
CVE-2017-5350,0.00093,0.39136
CVE-2017-5351,0.00093,0.39136
CVE-2017-5356,0.00552,0.75185
CVE-2017-5357,0.00706,0.78353
CVE-2017-5358,0.37042,0.96823
CVE-2017-5359,0.13026,0.95035
CVE-2017-5361,0.00263,0.64010
CVE-2017-5364,0.00377,0.70063
CVE-2017-5367,0.00162,0.52879
CVE-2017-5368,0.00725,0.78688
CVE-2017-5371,0.00840,0.80310
CVE-2017-5372,0.00327,0.67895
CVE-2017-5373,0.01184,0.83629
CVE-2017-5374,0.00506,0.74070
CVE-2017-5375,0.93458,0.98923
CVE-2017-5376,0.00492,0.73692
CVE-2017-5377,0.00400,0.70971
CVE-2017-5378,0.00311,0.67077
CVE-2017-5379,0.00161,0.52685
CVE-2017-5380,0.00492,0.73692
CVE-2017-5381,0.00183,0.55675
CVE-2017-5382,0.00218,0.59821
CVE-2017-5383,0.00368,0.69793
CVE-2017-5384,0.00655,0.77346
CVE-2017-5385,0.00235,0.61677
CVE-2017-5386,0.00382,0.70318
CVE-2017-5387,0.00063,0.25194
CVE-2017-5388,0.00504,0.74010
CVE-2017-5389,0.00166,0.53264
CVE-2017-5390,0.00396,0.70838
CVE-2017-5391,0.00333,0.68248
CVE-2017-5392,0.00804,0.79887
CVE-2017-5393,0.00173,0.54483
CVE-2017-5394,0.00398,0.70909
CVE-2017-5395,0.00146,0.50467
CVE-2017-5396,0.00764,0.79277
CVE-2017-5397,0.00325,0.67796
CVE-2017-5398,0.00482,0.73424
CVE-2017-5399,0.00531,0.74687
CVE-2017-5400,0.00482,0.73424
CVE-2017-5401,0.01541,0.85798
CVE-2017-5402,0.00588,0.75978
CVE-2017-5403,0.00569,0.75534
CVE-2017-5404,0.92439,0.98804
CVE-2017-5405,0.00515,0.74291
CVE-2017-5406,0.00195,0.57479
CVE-2017-5407,0.00297,0.66291
CVE-2017-5408,0.00238,0.61987
CVE-2017-5409,0.00074,0.30578
CVE-2017-5410,0.00859,0.80524
CVE-2017-5411,0.00223,0.60628
CVE-2017-5412,0.00319,0.67505
CVE-2017-5413,0.01125,0.83144
CVE-2017-5414,0.00060,0.23636
CVE-2017-5415,0.02541,0.89141
CVE-2017-5416,0.00223,0.60628
CVE-2017-5417,0.00216,0.59642
CVE-2017-5418,0.00163,0.52930
CVE-2017-5419,0.00210,0.58995
CVE-2017-5420,0.00174,0.54656
CVE-2017-5421,0.00286,0.65545
CVE-2017-5422,0.00247,0.62751
CVE-2017-5425,0.00276,0.64901
CVE-2017-5426,0.00311,0.67056
CVE-2017-5427,0.00042,0.05722
CVE-2017-5428,0.60440,0.97499
CVE-2017-5429,0.00618,0.76613
CVE-2017-5430,0.01264,0.84235
CVE-2017-5432,0.00668,0.77671
CVE-2017-5433,0.00995,0.82015
CVE-2017-5434,0.00877,0.80726
CVE-2017-5435,0.00544,0.75015
CVE-2017-5436,0.00496,0.73784
CVE-2017-5438,0.00995,0.82015
CVE-2017-5439,0.00672,0.77755
CVE-2017-5440,0.00995,0.82015
CVE-2017-5441,0.00877,0.80726
CVE-2017-5442,0.00668,0.77671
CVE-2017-5443,0.01196,0.83721
CVE-2017-5444,0.24873,0.96247
CVE-2017-5445,0.00566,0.75479
CVE-2017-5446,0.00673,0.77762
CVE-2017-5447,0.01501,0.85595
CVE-2017-5448,0.01133,0.83209
CVE-2017-5449,0.00978,0.81833
CVE-2017-5450,0.00164,0.53122
CVE-2017-5451,0.00188,0.56327
CVE-2017-5452,0.00144,0.50199
CVE-2017-5453,0.00245,0.62598
CVE-2017-5454,0.00277,0.64953
CVE-2017-5455,0.01878,0.87209
CVE-2017-5456,0.05159,0.92240
CVE-2017-5458,0.00141,0.49748
CVE-2017-5459,0.57885,0.97438
CVE-2017-5460,0.00995,0.82015
CVE-2017-5461,0.01326,0.84621
CVE-2017-5462,0.00718,0.78592
CVE-2017-5463,0.00216,0.59642
CVE-2017-5464,0.00618,0.76613
CVE-2017-5465,0.00852,0.80448
CVE-2017-5466,0.00201,0.58117
CVE-2017-5467,0.01012,0.82144
CVE-2017-5468,0.00364,0.69570
CVE-2017-5469,0.05074,0.92178
CVE-2017-5470,0.00618,0.76613
CVE-2017-5471,0.00400,0.70971
CVE-2017-5472,0.00668,0.77671
CVE-2017-5473,0.00690,0.78088
CVE-2017-5474,0.00105,0.42637
CVE-2017-5475,0.00074,0.30684
CVE-2017-5476,0.00074,0.30684
CVE-2017-5480,0.00182,0.55526
CVE-2017-5481,0.00201,0.58134
CVE-2017-5482,0.02126,0.88105
CVE-2017-5483,0.02126,0.88105
CVE-2017-5484,0.02126,0.88105
CVE-2017-5485,0.02126,0.88105
CVE-2017-5486,0.02126,0.88105
CVE-2017-5487,0.97179,0.99777
CVE-2017-5488,0.00475,0.73190
CVE-2017-5489,0.00265,0.64192
CVE-2017-5490,0.00473,0.73134
CVE-2017-5491,0.00657,0.77381
CVE-2017-5492,0.00277,0.64987
CVE-2017-5493,0.00657,0.77381
CVE-2017-5494,0.00106,0.42929
CVE-2017-5495,0.26803,0.96348
CVE-2017-5496,0.08544,0.93880
CVE-2017-5498,0.00189,0.56514
CVE-2017-5499,0.00618,0.76629
CVE-2017-5500,0.00189,0.56514
CVE-2017-5501,0.00189,0.56514
CVE-2017-5502,0.00189,0.56514
CVE-2017-5503,0.00459,0.72779
CVE-2017-5504,0.00783,0.79562
CVE-2017-5505,0.00587,0.75961
CVE-2017-5506,0.01133,0.83208
CVE-2017-5507,0.04896,0.92033
CVE-2017-5508,0.00877,0.80725
CVE-2017-5509,0.01465,0.85406
CVE-2017-5510,0.01281,0.84333
CVE-2017-5511,0.01326,0.84622
CVE-2017-5515,0.00071,0.29178
CVE-2017-5516,0.00088,0.36837
CVE-2017-5517,0.00390,0.70629
CVE-2017-5518,0.00084,0.35149
CVE-2017-5519,0.00390,0.70629
CVE-2017-5520,0.00135,0.48655
CVE-2017-5521,0.97402,0.99916
CVE-2017-5522,0.06884,0.93266
CVE-2017-5524,0.00095,0.39641
CVE-2017-5525,0.00062,0.24773
CVE-2017-5526,0.00062,0.24773
CVE-2017-5527,0.00065,0.26756
CVE-2017-5528,0.00068,0.28216
CVE-2017-5529,0.00125,0.47072
CVE-2017-5530,0.00065,0.26756
CVE-2017-5531,0.00228,0.61113
CVE-2017-5532,0.00053,0.19051
CVE-2017-5533,0.00438,0.72165
CVE-2017-5534,0.00104,0.42231
CVE-2017-5535,0.00061,0.23892
CVE-2017-5536,0.00054,0.20290
CVE-2017-5537,0.00375,0.70011
CVE-2017-5538,0.00590,0.76021
CVE-2017-5539,0.00127,0.47287
CVE-2017-5541,0.00243,0.62386
CVE-2017-5542,0.00127,0.47330
CVE-2017-5543,0.00314,0.67209
CVE-2017-5544,0.00114,0.44955
CVE-2017-5545,0.00335,0.68352
CVE-2017-5546,0.00042,0.05722
CVE-2017-5547,0.00042,0.05722
CVE-2017-5548,0.00042,0.05722
CVE-2017-5549,0.00042,0.05722
CVE-2017-5550,0.00042,0.05722
CVE-2017-5551,0.00042,0.05722
CVE-2017-5552,0.00062,0.24773
CVE-2017-5553,0.00078,0.32091
CVE-2017-5554,0.00435,0.72070
CVE-2017-5556,0.03143,0.90153
CVE-2017-5563,0.00538,0.74855
CVE-2017-5565,0.00042,0.05722
CVE-2017-5566,0.00042,0.05722
CVE-2017-5567,0.00042,0.05722
CVE-2017-5569,0.00194,0.57349
CVE-2017-5570,0.00094,0.39322
CVE-2017-5571,0.00261,0.63872
CVE-2017-5572,0.00122,0.46423
CVE-2017-5573,0.00072,0.29924
CVE-2017-5574,0.00158,0.52301
CVE-2017-5575,0.00167,0.53470
CVE-2017-5576,0.00042,0.05722
CVE-2017-5577,0.00042,0.05722
CVE-2017-5578,0.00062,0.24773
CVE-2017-5579,0.00062,0.24773
CVE-2017-5580,0.00218,0.59887
CVE-2017-5581,0.01072,0.82718
CVE-2017-5583,0.00153,0.51514
CVE-2017-5584,0.00083,0.34362
CVE-2017-5585,0.00172,0.54270
CVE-2017-5586,0.11270,0.94712
CVE-2017-5589,0.00316,0.67370
CVE-2017-5590,0.00341,0.68574
CVE-2017-5591,0.00211,0.59047
CVE-2017-5592,0.00211,0.59047
CVE-2017-5593,0.00316,0.67370
CVE-2017-5594,0.02050,0.87849
CVE-2017-5595,0.00055,0.20591
CVE-2017-5596,0.00296,0.66228
CVE-2017-5597,0.00188,0.56324
CVE-2017-5598,0.00235,0.61735
CVE-2017-5599,0.00085,0.35433
CVE-2017-5600,0.00441,0.72282
CVE-2017-5601,0.00629,0.76845
CVE-2017-5602,0.00316,0.67370
CVE-2017-5603,0.00316,0.67370
CVE-2017-5604,0.00316,0.67370
CVE-2017-5605,0.00316,0.67370
CVE-2017-5606,0.00170,0.54079
CVE-2017-5607,0.00954,0.81596
CVE-2017-5608,0.00185,0.55880
CVE-2017-5609,0.00144,0.50201
CVE-2017-5610,0.00527,0.74596
CVE-2017-5611,0.00318,0.67488
CVE-2017-5612,0.00230,0.61291
CVE-2017-5613,0.01800,0.86855
CVE-2017-5614,0.00151,0.51285
CVE-2017-5615,0.00134,0.48499
CVE-2017-5616,0.00127,0.47261
CVE-2017-5617,0.00418,0.71549
CVE-2017-5618,0.00042,0.05722
CVE-2017-5619,0.00330,0.68151
CVE-2017-5620,0.00085,0.35433
CVE-2017-5621,0.00085,0.35433
CVE-2017-5622,0.00044,0.10161
CVE-2017-5623,0.00051,0.17393
CVE-2017-5624,0.01080,0.82777
CVE-2017-5625,0.00069,0.28525
CVE-2017-5626,0.01080,0.82777
CVE-2017-5627,0.00133,0.48426
CVE-2017-5628,0.00133,0.48426
CVE-2017-5630,0.01513,0.85657
CVE-2017-5631,0.00286,0.65546
CVE-2017-5632,0.00055,0.20569
CVE-2017-5633,0.00264,0.64144
CVE-2017-5634,0.00059,0.22933
CVE-2017-5635,0.00095,0.39682
CVE-2017-5636,0.00093,0.39103
CVE-2017-5637,0.04537,0.91700
CVE-2017-5638,0.97535,0.99993
CVE-2017-5640,0.00150,0.51227
CVE-2017-5641,0.07439,0.93482
CVE-2017-5642,0.00328,0.67948
CVE-2017-5643,0.00684,0.77990
CVE-2017-5644,0.01372,0.84923
CVE-2017-5645,0.81948,0.98134
CVE-2017-5646,0.00079,0.33065
CVE-2017-5647,0.00283,0.65402
CVE-2017-5648,0.00356,0.69273
CVE-2017-5649,0.00183,0.55653
CVE-2017-5650,0.86329,0.98350
CVE-2017-5651,0.00270,0.64506
CVE-2017-5652,0.00146,0.50442
CVE-2017-5653,0.00331,0.68179
CVE-2017-5654,0.00146,0.50442
CVE-2017-5655,0.00047,0.14017
CVE-2017-5656,0.00252,0.63205
CVE-2017-5657,0.00097,0.40101
CVE-2017-5658,0.00054,0.19133
CVE-2017-5659,0.00337,0.68415
CVE-2017-5660,0.00220,0.60156
CVE-2017-5661,0.00320,0.67564
CVE-2017-5662,0.00170,0.54126
CVE-2017-5663,0.00067,0.27877
CVE-2017-5664,0.00886,0.80843
CVE-2017-5665,0.00335,0.68337
CVE-2017-5666,0.00199,0.57784
CVE-2017-5667,0.00062,0.24847
CVE-2017-5668,0.03164,0.90184
CVE-2017-5669,0.00042,0.05722
CVE-2017-5670,0.00117,0.45476
CVE-2017-5671,0.00045,0.12509
CVE-2017-5672,0.00079,0.32929
CVE-2017-5673,0.00098,0.40319
CVE-2017-5674,0.07649,0.93545
CVE-2017-5675,0.00217,0.59766
CVE-2017-5677,0.07413,0.93471
CVE-2017-5681,0.00434,0.72016
CVE-2017-5682,0.00044,0.10161
CVE-2017-5683,0.00042,0.05722
CVE-2017-5684,0.00044,0.10161
CVE-2017-5685,0.00044,0.10161
CVE-2017-5686,0.00044,0.10161
CVE-2017-5688,0.00044,0.10161
CVE-2017-5689,0.97418,0.99926
CVE-2017-5691,0.00233,0.61431
CVE-2017-5692,0.00042,0.05722
CVE-2017-5693,0.00098,0.40552
CVE-2017-5694,0.00057,0.21552
CVE-2017-5695,0.00065,0.26853
CVE-2017-5696,0.00063,0.25378
CVE-2017-5697,0.00202,0.58139
CVE-2017-5698,0.00042,0.05722
CVE-2017-5699,0.00042,0.05722
CVE-2017-5700,0.00073,0.30273
CVE-2017-5701,0.00076,0.31405
CVE-2017-5703,0.00042,0.05722
CVE-2017-5704,0.00042,0.05722
CVE-2017-5705,0.00042,0.05753
CVE-2017-5706,0.00042,0.05753
CVE-2017-5707,0.00042,0.05753
CVE-2017-5708,0.00062,0.24776
CVE-2017-5709,0.00062,0.24776
CVE-2017-5710,0.00075,0.31091
CVE-2017-5711,0.00042,0.05753
CVE-2017-5712,0.01200,0.83747
CVE-2017-5715,0.97515,0.99984
CVE-2017-5717,0.00074,0.30486
CVE-2017-5719,0.00343,0.68689
CVE-2017-5721,0.00042,0.05722
CVE-2017-5722,0.00042,0.05722
CVE-2017-5727,0.00044,0.10161
CVE-2017-5729,0.00199,0.57886
CVE-2017-5731,0.00044,0.10161
CVE-2017-5736,0.00042,0.05722
CVE-2017-5738,0.00163,0.52958
CVE-2017-5753,0.97551,0.99997
CVE-2017-5754,0.97384,0.99902
CVE-2017-5780,0.00127,0.47350
CVE-2017-5781,0.00073,0.30112
CVE-2017-5782,0.00060,0.23297
CVE-2017-5783,0.00073,0.30239
CVE-2017-5784,0.00068,0.28179
CVE-2017-5785,0.00118,0.45710
CVE-2017-5786,0.00044,0.10161
CVE-2017-5787,0.00219,0.59906
CVE-2017-5788,0.00042,0.05722
CVE-2017-5789,0.16162,0.95502
CVE-2017-5790,0.47205,0.97155
CVE-2017-5791,0.82715,0.98175
CVE-2017-5792,0.29006,0.96478
CVE-2017-5793,0.02444,0.88952
CVE-2017-5794,0.00722,0.78641
CVE-2017-5795,0.00318,0.67469
CVE-2017-5796,0.00078,0.32273
CVE-2017-5797,0.00547,0.75081
CVE-2017-5798,0.01282,0.84364
CVE-2017-5799,0.12635,0.94977
CVE-2017-5800,0.00049,0.15902
CVE-2017-5801,0.00164,0.53036
CVE-2017-5802,0.00191,0.56788
CVE-2017-5803,0.00215,0.59532
CVE-2017-5804,0.51252,0.97275
CVE-2017-5805,0.79786,0.98039
CVE-2017-5806,0.79786,0.98039
CVE-2017-5807,0.07181,0.93395
CVE-2017-5808,0.03613,0.90787
CVE-2017-5809,0.00300,0.66422
CVE-2017-5810,0.42378,0.97002
CVE-2017-5811,0.14824,0.95311
CVE-2017-5812,0.91062,0.98657
CVE-2017-5813,0.00269,0.64487
CVE-2017-5814,0.00185,0.55859
CVE-2017-5815,0.04183,0.91398
CVE-2017-5816,0.96645,0.99560
CVE-2017-5817,0.93337,0.98910
CVE-2017-5818,0.05557,0.92528
CVE-2017-5819,0.78197,0.97989
CVE-2017-5820,0.81117,0.98084
CVE-2017-5821,0.81117,0.98084
CVE-2017-5822,0.30471,0.96551
CVE-2017-5823,0.81117,0.98084
CVE-2017-5824,0.02624,0.89310
CVE-2017-5825,0.00238,0.61917
CVE-2017-5826,0.01267,0.84247
CVE-2017-5827,0.00096,0.40027
CVE-2017-5828,0.00143,0.50043
CVE-2017-5829,0.00052,0.18252
CVE-2017-5830,0.03592,0.90760
CVE-2017-5831,0.00148,0.50851
CVE-2017-5832,0.00085,0.35202
CVE-2017-5833,0.00182,0.55562
CVE-2017-5834,0.00168,0.53600
CVE-2017-5835,0.00315,0.67305
CVE-2017-5836,0.00263,0.64050
CVE-2017-5837,0.01164,0.83455
CVE-2017-5838,0.01136,0.83239
CVE-2017-5839,0.02844,0.89721
CVE-2017-5840,0.01136,0.83239
CVE-2017-5841,0.01136,0.83239
CVE-2017-5842,0.00875,0.80695
CVE-2017-5843,0.01620,0.86179
CVE-2017-5844,0.01164,0.83455
CVE-2017-5845,0.01136,0.83239
CVE-2017-5846,0.00975,0.81794
CVE-2017-5847,0.02412,0.88873
CVE-2017-5848,0.02500,0.89059
CVE-2017-5849,0.00205,0.58480
CVE-2017-5850,0.01896,0.87296
CVE-2017-5851,0.00335,0.68337
CVE-2017-5852,0.00223,0.60638
CVE-2017-5853,0.00223,0.60687
CVE-2017-5854,0.00187,0.56267
CVE-2017-5855,0.00072,0.29631
CVE-2017-5856,0.00062,0.24773
CVE-2017-5857,0.00062,0.24773
CVE-2017-5858,0.00316,0.67370
CVE-2017-5859,0.00166,0.53277
CVE-2017-5863,0.00443,0.72323
CVE-2017-5864,0.00077,0.31645
CVE-2017-5865,0.00120,0.46085
CVE-2017-5866,0.00081,0.33807
CVE-2017-5867,0.00140,0.49521
CVE-2017-5868,0.00321,0.67605
CVE-2017-5869,0.05878,0.92709
CVE-2017-5870,0.00091,0.38653
CVE-2017-5871,0.00112,0.44327
CVE-2017-5872,0.00175,0.54759
CVE-2017-5873,0.00042,0.05722
CVE-2017-5874,0.00071,0.29353
CVE-2017-5875,0.00061,0.23937
CVE-2017-5876,0.00068,0.28063
CVE-2017-5877,0.00068,0.28063
CVE-2017-5878,0.01034,0.82341
CVE-2017-5879,0.00177,0.54925
CVE-2017-5880,0.00135,0.48691
CVE-2017-5881,0.00322,0.67675
CVE-2017-5882,0.00214,0.59516
CVE-2017-5884,0.00231,0.61317
CVE-2017-5885,0.00535,0.74783
CVE-2017-5886,0.00385,0.70425
CVE-2017-5887,0.00177,0.54891
CVE-2017-5891,0.00071,0.29353
CVE-2017-5892,0.00178,0.55121
CVE-2017-5896,0.00493,0.73696
CVE-2017-5897,0.01336,0.84682
CVE-2017-5898,0.00042,0.05722
CVE-2017-5899,0.00062,0.24874
CVE-2017-5900,0.00081,0.33536
CVE-2017-5901,0.00077,0.31860
CVE-2017-5902,0.00077,0.31860
CVE-2017-5905,0.00077,0.31860
CVE-2017-5906,0.00077,0.31860
CVE-2017-5907,0.00077,0.31860
CVE-2017-5909,0.00077,0.31860
CVE-2017-5911,0.00077,0.31860
CVE-2017-5912,0.00077,0.31860
CVE-2017-5913,0.00077,0.31860
CVE-2017-5914,0.00077,0.31860
CVE-2017-5915,0.00077,0.31860
CVE-2017-5916,0.00077,0.31860
CVE-2017-5918,0.00077,0.31860
CVE-2017-5919,0.00077,0.31860
CVE-2017-5923,0.00620,0.76655
CVE-2017-5924,0.00620,0.76655
CVE-2017-5925,0.00315,0.67241
CVE-2017-5926,0.00315,0.67241
CVE-2017-5927,0.00315,0.67241
CVE-2017-5928,0.00187,0.56253
CVE-2017-5929,0.01479,0.85458
CVE-2017-5930,0.00474,0.73178
CVE-2017-5931,0.00069,0.28705
CVE-2017-5932,0.00042,0.05722
CVE-2017-5933,0.00119,0.45980
CVE-2017-5934,0.00322,0.67669
CVE-2017-5936,0.00321,0.67650
CVE-2017-5937,0.00059,0.22933
CVE-2017-5938,0.00169,0.53883
CVE-2017-5940,0.00042,0.05722
CVE-2017-5941,0.04098,0.91321
CVE-2017-5942,0.00101,0.41173
CVE-2017-5943,0.00200,0.57928
CVE-2017-5944,0.01207,0.83804
CVE-2017-5945,0.00113,0.44678
CVE-2017-5946,0.00427,0.71818
CVE-2017-5947,0.00070,0.29068
CVE-2017-5948,0.00071,0.29364
CVE-2017-5949,0.00552,0.75192
CVE-2017-5950,0.00130,0.47867
CVE-2017-5951,0.00455,0.72658
CVE-2017-5953,0.01040,0.82407
CVE-2017-5954,0.01039,0.82399
CVE-2017-5956,0.00062,0.24773
CVE-2017-5957,0.00069,0.28603
CVE-2017-5959,0.00116,0.45321
CVE-2017-5960,0.00150,0.51226
CVE-2017-5961,0.00150,0.51226
CVE-2017-5962,0.00059,0.23061
CVE-2017-5963,0.00101,0.41173
CVE-2017-5964,0.00150,0.51226
CVE-2017-5965,0.00256,0.63501
CVE-2017-5966,0.00350,0.68994
CVE-2017-5967,0.00070,0.29101
CVE-2017-5969,0.00378,0.70161
CVE-2017-5970,0.00728,0.78732
CVE-2017-5971,0.00205,0.58484
CVE-2017-5972,0.03585,0.90754
CVE-2017-5973,0.00062,0.24773
CVE-2017-5974,0.00160,0.52516
CVE-2017-5975,0.00112,0.44452
CVE-2017-5976,0.00112,0.44452
CVE-2017-5977,0.00316,0.67344
CVE-2017-5978,0.00587,0.75958
CVE-2017-5979,0.01011,0.82140
CVE-2017-5980,0.01011,0.82140
CVE-2017-5981,0.00587,0.75958
CVE-2017-5982,0.03720,0.90922
CVE-2017-5983,0.02309,0.88638
CVE-2017-5984,0.00088,0.36835
CVE-2017-5985,0.00042,0.05722
CVE-2017-5986,0.00083,0.34337
CVE-2017-5987,0.00062,0.24773
CVE-2017-5988,0.00236,0.61753
CVE-2017-5990,0.00138,0.49367
CVE-2017-5991,0.02450,0.88962
CVE-2017-5992,0.00481,0.73390
CVE-2017-5993,0.00062,0.24773
CVE-2017-5994,0.00069,0.28603
CVE-2017-5995,0.00195,0.57483
CVE-2017-5996,0.00054,0.19657
CVE-2017-5997,0.00265,0.64227
CVE-2017-5998,0.00096,0.40025
CVE-2017-5999,0.00222,0.60616
CVE-2017-6001,0.00107,0.43201
CVE-2017-6002,0.00071,0.29353
CVE-2017-6003,0.00059,0.23061
CVE-2017-6004,0.01343,0.84719
CVE-2017-6005,0.00042,0.05722
CVE-2017-6007,0.00042,0.05722
CVE-2017-6008,0.00075,0.30791
CVE-2017-6009,0.00081,0.33893
CVE-2017-6010,0.00096,0.40027
CVE-2017-6011,0.00096,0.40027
CVE-2017-6013,0.00196,0.57542
CVE-2017-6014,0.00304,0.66604
CVE-2017-6015,0.00043,0.05916
CVE-2017-6016,0.00044,0.08189
CVE-2017-6017,0.00378,0.70154
CVE-2017-6018,0.00102,0.41296
CVE-2017-6019,0.02535,0.89133
CVE-2017-6020,0.00628,0.76824
CVE-2017-6021,0.00077,0.31768
CVE-2017-6022,0.00172,0.54456
CVE-2017-6023,0.02138,0.88166
CVE-2017-6024,0.00057,0.21303
CVE-2017-6025,0.00183,0.55619
CVE-2017-6026,0.02203,0.88346
CVE-2017-6027,0.00661,0.77504
CVE-2017-6028,0.00207,0.58671
CVE-2017-6029,0.00118,0.45713
CVE-2017-6030,0.00085,0.35319
CVE-2017-6031,0.00582,0.75818
CVE-2017-6032,0.00054,0.19475
CVE-2017-6033,0.00114,0.44835
CVE-2017-6034,0.00203,0.58316
CVE-2017-6035,0.00160,0.52624
CVE-2017-6036,0.00083,0.34482
CVE-2017-6037,0.00213,0.59313
CVE-2017-6038,0.00055,0.20670
CVE-2017-6039,0.00069,0.28547
CVE-2017-6040,0.00081,0.33906
CVE-2017-6041,0.00207,0.58671
CVE-2017-6042,0.00116,0.45358
CVE-2017-6043,0.00078,0.32236
CVE-2017-6044,0.00447,0.72412
CVE-2017-6045,0.00107,0.43153
CVE-2017-6046,0.00106,0.42724
CVE-2017-6047,0.00209,0.58931
CVE-2017-6048,0.00255,0.63479
CVE-2017-6049,0.00079,0.32939
CVE-2017-6050,0.00272,0.64628
CVE-2017-6051,0.00086,0.35803
CVE-2017-6052,0.00101,0.41150
CVE-2017-6053,0.00059,0.22970
CVE-2017-6054,0.00140,0.49501
CVE-2017-6055,0.00260,0.63837
CVE-2017-6056,0.01341,0.84708
CVE-2017-6058,0.02035,0.87794
CVE-2017-6059,0.00774,0.79435
CVE-2017-6060,0.01703,0.86481
CVE-2017-6061,0.00131,0.48051
CVE-2017-6062,0.00237,0.61828
CVE-2017-6065,0.00104,0.42003
CVE-2017-6066,0.00106,0.42939
CVE-2017-6067,0.00059,0.23061
CVE-2017-6068,0.00106,0.42939
CVE-2017-6069,0.00106,0.42939
CVE-2017-6070,0.00942,0.81451
CVE-2017-6071,0.00236,0.61799
CVE-2017-6072,0.00236,0.61799
CVE-2017-6074,0.00042,0.00438
CVE-2017-6076,0.00044,0.10161
CVE-2017-6077,0.96692,0.99578
CVE-2017-6078,0.00058,0.21985
CVE-2017-6079,0.00505,0.74035
CVE-2017-6080,0.00084,0.35125
CVE-2017-6081,0.00071,0.29260
CVE-2017-6086,0.00238,0.61989
CVE-2017-6087,0.04338,0.91533
CVE-2017-6088,0.00091,0.38515
CVE-2017-6089,0.00483,0.73441
CVE-2017-6090,0.97204,0.99793
CVE-2017-6094,0.00549,0.75122
CVE-2017-6095,0.00597,0.76154
CVE-2017-6096,0.00316,0.67367
CVE-2017-6097,0.00316,0.67367
CVE-2017-6098,0.00316,0.67367
CVE-2017-6099,0.00125,0.46870
CVE-2017-6100,0.00154,0.51691
CVE-2017-6102,0.00198,0.57733
CVE-2017-6103,0.00059,0.23061
CVE-2017-6104,0.00297,0.66271
CVE-2017-6127,0.00443,0.72311
CVE-2017-6128,0.00258,0.63608
CVE-2017-6129,0.00079,0.33051
CVE-2017-6130,0.00086,0.35736
CVE-2017-6131,0.00244,0.62506
CVE-2017-6132,0.00472,0.73113
CVE-2017-6133,0.00263,0.64061
CVE-2017-6134,0.00132,0.48175
CVE-2017-6135,0.00079,0.33051
CVE-2017-6136,0.00079,0.33051
CVE-2017-6137,0.00118,0.45703
CVE-2017-6138,0.00079,0.33051
CVE-2017-6139,0.00204,0.58431
CVE-2017-6140,0.00079,0.33051
CVE-2017-6141,0.00105,0.42447
CVE-2017-6142,0.00073,0.30272
CVE-2017-6143,0.00084,0.34791
CVE-2017-6144,0.00087,0.36006
CVE-2017-6145,0.00093,0.39144
CVE-2017-6147,0.00094,0.39479
CVE-2017-6148,0.00103,0.41969
CVE-2017-6150,0.00094,0.39479
CVE-2017-6151,0.00079,0.33051
CVE-2017-6152,0.00042,0.05722
CVE-2017-6153,0.00083,0.34394
CVE-2017-6154,0.00094,0.39479
CVE-2017-6155,0.00103,0.41969
CVE-2017-6156,0.00142,0.49886
CVE-2017-6157,0.02333,0.88681
CVE-2017-6158,0.00092,0.38838
CVE-2017-6159,0.00261,0.63928
CVE-2017-6160,0.01282,0.84365
CVE-2017-6161,0.00438,0.72185
CVE-2017-6162,0.00280,0.65180
CVE-2017-6163,0.00280,0.65180
CVE-2017-6164,0.00182,0.55572
CVE-2017-6165,0.00539,0.74889
CVE-2017-6166,0.00307,0.66827
CVE-2017-6167,0.00083,0.34339
CVE-2017-6168,0.00260,0.63823
CVE-2017-6169,0.00094,0.39479
CVE-2017-6178,0.00062,0.24874
CVE-2017-6180,0.00112,0.44586
CVE-2017-6181,0.00389,0.70604
CVE-2017-6182,0.04664,0.91824
CVE-2017-6183,0.00286,0.65585
CVE-2017-6184,0.00162,0.52844
CVE-2017-6186,0.00042,0.05722
CVE-2017-6187,0.33422,0.96674
CVE-2017-6188,0.00042,0.05722
CVE-2017-6189,0.00042,0.05722
CVE-2017-6190,0.95364,0.99223
CVE-2017-6191,0.08827,0.93988
CVE-2017-6192,0.01147,0.83323
CVE-2017-6193,0.01147,0.83323
CVE-2017-6194,0.00303,0.66561
CVE-2017-6195,0.00134,0.48543
CVE-2017-6196,0.00746,0.78985
CVE-2017-6197,0.00845,0.80376
CVE-2017-6198,0.00142,0.49888
CVE-2017-6199,0.01164,0.83451
CVE-2017-6200,0.00279,0.65070
CVE-2017-6201,0.00611,0.76442
CVE-2017-6205,0.00269,0.64486
CVE-2017-6206,0.33545,0.96678
CVE-2017-6209,0.00074,0.30474
CVE-2017-6210,0.00062,0.24773
CVE-2017-6211,0.00128,0.47548
CVE-2017-6213,0.00057,0.21542
CVE-2017-6214,0.02961,0.89883
CVE-2017-6215,0.00057,0.21542
CVE-2017-6216,0.00093,0.38957
CVE-2017-6217,0.00093,0.38957
CVE-2017-6223,0.00155,0.51881
CVE-2017-6224,0.00106,0.42708
CVE-2017-6225,0.00253,0.63237
CVE-2017-6227,0.00060,0.23537
CVE-2017-6229,0.00183,0.55705
CVE-2017-6230,0.00129,0.47658
CVE-2017-6247,0.00079,0.33157
CVE-2017-6248,0.00140,0.49693
CVE-2017-6249,0.00140,0.49693
CVE-2017-6250,0.00042,0.05722
CVE-2017-6251,0.00044,0.10161
CVE-2017-6252,0.00044,0.10161
CVE-2017-6253,0.00044,0.10161
CVE-2017-6254,0.00044,0.10161
CVE-2017-6255,0.00044,0.10161
CVE-2017-6256,0.00044,0.10161
CVE-2017-6257,0.00044,0.10161
CVE-2017-6258,0.00042,0.05722
CVE-2017-6259,0.00098,0.40380
CVE-2017-6260,0.00044,0.10161
CVE-2017-6261,0.00051,0.17393
CVE-2017-6262,0.00044,0.10161
CVE-2017-6263,0.00044,0.10161
CVE-2017-6264,0.00060,0.23281
CVE-2017-6266,0.00044,0.10161
CVE-2017-6267,0.00044,0.10161
CVE-2017-6268,0.00044,0.10161
CVE-2017-6269,0.00044,0.10161
CVE-2017-6270,0.00044,0.10161
CVE-2017-6271,0.00044,0.10161
CVE-2017-6272,0.00044,0.10161
CVE-2017-6273,0.00044,0.10161
CVE-2017-6274,0.00098,0.40311
CVE-2017-6275,0.00085,0.35248
CVE-2017-6276,0.00044,0.10161
CVE-2017-6277,0.00044,0.10161
CVE-2017-6278,0.00044,0.10161
CVE-2017-6279,0.00042,0.05722
CVE-2017-6280,0.00080,0.33409
CVE-2017-6281,0.00042,0.05722
CVE-2017-6282,0.00044,0.10161
CVE-2017-6283,0.00044,0.10161
CVE-2017-6284,0.00044,0.10161
CVE-2017-6285,0.00042,0.05722
CVE-2017-6286,0.00042,0.05722
CVE-2017-6287,0.00042,0.05722
CVE-2017-6288,0.00042,0.05722
CVE-2017-6289,0.00042,0.05722
CVE-2017-6290,0.00043,0.07409
CVE-2017-6292,0.00043,0.07409
CVE-2017-6293,0.00044,0.10161
CVE-2017-6294,0.00044,0.10161
CVE-2017-6295,0.00044,0.10161
CVE-2017-6296,0.00044,0.10161
CVE-2017-6297,0.00173,0.54514
CVE-2017-6298,0.00265,0.64254
CVE-2017-6299,0.00207,0.58729
CVE-2017-6300,0.00252,0.63209
CVE-2017-6301,0.00251,0.63101
CVE-2017-6302,0.00062,0.24773
CVE-2017-6303,0.00265,0.64254
CVE-2017-6304,0.00251,0.63101
CVE-2017-6305,0.00251,0.63101
CVE-2017-6306,0.00265,0.64254
CVE-2017-6307,0.00265,0.64254
CVE-2017-6308,0.00252,0.63209
CVE-2017-6309,0.00251,0.63101
CVE-2017-6310,0.00251,0.63101
CVE-2017-6311,0.00398,0.70925
CVE-2017-6312,0.00114,0.44986
CVE-2017-6313,0.00177,0.54973
CVE-2017-6314,0.00099,0.40684
CVE-2017-6315,0.02578,0.89203
CVE-2017-6316,0.96168,0.99401
CVE-2017-6317,0.00062,0.24773
CVE-2017-6318,0.00301,0.66461
CVE-2017-6319,0.00366,0.69664
CVE-2017-6320,0.00730,0.78779
CVE-2017-6323,0.00045,0.11828
CVE-2017-6324,0.00169,0.53855
CVE-2017-6325,0.00578,0.75760
CVE-2017-6326,0.34038,0.96701
CVE-2017-6327,0.37990,0.96859
CVE-2017-6328,0.00161,0.52769
CVE-2017-6329,0.00044,0.10161
CVE-2017-6330,0.00195,0.57387
CVE-2017-6331,0.92509,0.98813
CVE-2017-6334,0.96102,0.99386
CVE-2017-6335,0.00530,0.74657
CVE-2017-6338,0.00190,0.56661
CVE-2017-6339,0.00307,0.66817
CVE-2017-6340,0.00096,0.39918
CVE-2017-6341,0.00480,0.73359
CVE-2017-6342,0.00331,0.68187
CVE-2017-6343,0.31255,0.96586
CVE-2017-6344,0.00120,0.46187
CVE-2017-6345,0.00042,0.05722
CVE-2017-6346,0.00042,0.05722
CVE-2017-6347,0.00042,0.05722
CVE-2017-6348,0.00042,0.05722
CVE-2017-6349,0.00939,0.81413
CVE-2017-6350,0.00939,0.81413
CVE-2017-6351,0.03605,0.90779
CVE-2017-6353,0.00042,0.05722
CVE-2017-6355,0.00062,0.24773
CVE-2017-6356,0.00074,0.30718
CVE-2017-6359,0.76513,0.97940
CVE-2017-6360,0.94143,0.99009
CVE-2017-6361,0.95910,0.99342
CVE-2017-6362,0.00845,0.80364
CVE-2017-6363,0.00178,0.55126
CVE-2017-6366,0.00183,0.55697
CVE-2017-6367,0.00725,0.78688
CVE-2017-6369,0.00554,0.75234
CVE-2017-6370,0.00231,0.61299
CVE-2017-6371,0.01638,0.86250
CVE-2017-6377,0.00245,0.62616
CVE-2017-6379,0.00125,0.46991
CVE-2017-6381,0.06638,0.93147
CVE-2017-6384,0.00611,0.76436
CVE-2017-6386,0.00062,0.24773
CVE-2017-6387,0.00350,0.68977
CVE-2017-6390,0.00104,0.42296
CVE-2017-6391,0.00131,0.47937
CVE-2017-6392,0.00131,0.47937
CVE-2017-6393,0.00085,0.35433
CVE-2017-6394,0.00125,0.46947
CVE-2017-6395,0.00085,0.35433
CVE-2017-6396,0.00085,0.35433
CVE-2017-6397,0.00101,0.41173
CVE-2017-6398,0.11157,0.94681
CVE-2017-6399,0.00158,0.52304
CVE-2017-6400,0.00044,0.10161
CVE-2017-6401,0.00079,0.32912
CVE-2017-6402,0.00080,0.33363
CVE-2017-6403,0.00244,0.62506
CVE-2017-6404,0.00044,0.10161
CVE-2017-6405,0.00091,0.38552
CVE-2017-6406,0.00044,0.10161
CVE-2017-6407,0.00356,0.69260
CVE-2017-6408,0.00042,0.05722
CVE-2017-6409,0.00377,0.70084
CVE-2017-6410,0.00315,0.67247
CVE-2017-6411,0.00164,0.53059
CVE-2017-6412,0.03392,0.90523
CVE-2017-6413,0.00271,0.64576
CVE-2017-6414,0.00062,0.24773
CVE-2017-6415,0.00166,0.53310
CVE-2017-6416,0.02322,0.88662
CVE-2017-6417,0.00042,0.05722
CVE-2017-6418,0.00795,0.79771
CVE-2017-6419,0.00909,0.81096
CVE-2017-6420,0.00467,0.72986
CVE-2017-6421,0.00091,0.38407
CVE-2017-6423,0.00052,0.18252
CVE-2017-6424,0.00052,0.18252
CVE-2017-6425,0.00079,0.32884
CVE-2017-6426,0.00079,0.32884
CVE-2017-6427,0.01265,0.84240
CVE-2017-6429,0.00918,0.81202
CVE-2017-6430,0.00513,0.74233
CVE-2017-6432,0.00159,0.52424
CVE-2017-6435,0.00042,0.05722
CVE-2017-6436,0.00042,0.05722
CVE-2017-6437,0.00042,0.05722
CVE-2017-6438,0.00043,0.07501
CVE-2017-6439,0.00043,0.07501
CVE-2017-6440,0.00042,0.05722
CVE-2017-6441,0.00095,0.39684
CVE-2017-6443,0.00349,0.68954
CVE-2017-6444,0.01682,0.86406
CVE-2017-6445,0.00293,0.66035
CVE-2017-6446,0.00085,0.35433
CVE-2017-6448,0.00303,0.66561
CVE-2017-6451,0.00042,0.05722
CVE-2017-6452,0.00042,0.05722
CVE-2017-6455,0.00042,0.05722
CVE-2017-6458,0.00494,0.73717
CVE-2017-6459,0.00042,0.05722
CVE-2017-6460,0.00527,0.74603
CVE-2017-6462,0.00042,0.05722
CVE-2017-6463,0.01016,0.82177
CVE-2017-6464,0.08397,0.93829
CVE-2017-6465,0.06609,0.93131
CVE-2017-6466,0.00142,0.49979
CVE-2017-6467,0.00264,0.64083
CVE-2017-6468,0.00264,0.64083
CVE-2017-6469,0.00219,0.59927
CVE-2017-6470,0.00219,0.59927
CVE-2017-6471,0.00219,0.59927
CVE-2017-6472,0.00219,0.59927
CVE-2017-6473,0.00264,0.64083
CVE-2017-6474,0.00264,0.64083
CVE-2017-6478,0.00112,0.44468
CVE-2017-6479,0.00113,0.44678
CVE-2017-6480,0.00134,0.48496
CVE-2017-6481,0.00113,0.44678
CVE-2017-6483,0.00113,0.44678
CVE-2017-6484,0.00102,0.41489
CVE-2017-6485,0.00089,0.37480
CVE-2017-6486,0.00113,0.44678
CVE-2017-6487,0.00130,0.47820
CVE-2017-6488,0.00130,0.47820
CVE-2017-6489,0.00130,0.47820
CVE-2017-6490,0.00130,0.47820
CVE-2017-6491,0.00130,0.47820
CVE-2017-6492,0.00091,0.38618
CVE-2017-6497,0.00242,0.62246
CVE-2017-6498,0.00196,0.57538
CVE-2017-6499,0.00196,0.57538
CVE-2017-6500,0.00196,0.57538
CVE-2017-6501,0.00103,0.41788
CVE-2017-6502,0.00057,0.21242
CVE-2017-6503,0.00118,0.45730
CVE-2017-6504,0.00085,0.35433
CVE-2017-6505,0.00062,0.24773
CVE-2017-6506,0.08365,0.93822
CVE-2017-6507,0.00214,0.59480
CVE-2017-6508,0.00291,0.65890
CVE-2017-6509,0.00088,0.37136
CVE-2017-6510,0.02214,0.88385
CVE-2017-6511,0.00077,0.31727
CVE-2017-6512,0.00459,0.72751
CVE-2017-6513,0.00209,0.58866
CVE-2017-6514,0.00183,0.55658
CVE-2017-6516,0.00076,0.31378
CVE-2017-6517,0.10071,0.94410
CVE-2017-6518,0.00214,0.59516
CVE-2017-6519,0.04769,0.91932
CVE-2017-6520,0.00370,0.69837
CVE-2017-6526,0.90825,0.98631
CVE-2017-6527,0.85536,0.98303
CVE-2017-6528,0.01644,0.86275
CVE-2017-6529,0.00351,0.69033
CVE-2017-6530,0.00314,0.67206
CVE-2017-6531,0.00267,0.64328
CVE-2017-6532,0.00225,0.60846
CVE-2017-6533,0.00091,0.38567
CVE-2017-6534,0.00098,0.40319
CVE-2017-6535,0.00098,0.40319
CVE-2017-6536,0.00098,0.40319
CVE-2017-6537,0.00098,0.40319
CVE-2017-6538,0.00098,0.40319
CVE-2017-6539,0.00098,0.40319
CVE-2017-6540,0.00098,0.40319
CVE-2017-6541,0.00098,0.40319
CVE-2017-6542,0.40912,0.96956
CVE-2017-6543,0.00158,0.52283
CVE-2017-6544,0.00098,0.40319
CVE-2017-6547,0.00822,0.80080
CVE-2017-6548,0.14781,0.95307
CVE-2017-6549,0.55893,0.97393
CVE-2017-6550,0.00125,0.46923
CVE-2017-6551,0.01510,0.85647
CVE-2017-6552,0.02901,0.89804
CVE-2017-6553,0.61253,0.97535
CVE-2017-6554,0.08242,0.93786
CVE-2017-6555,0.00072,0.29993
CVE-2017-6556,0.00073,0.30152
CVE-2017-6557,0.00104,0.42003
CVE-2017-6558,0.03680,0.90876
CVE-2017-6559,0.00082,0.34036
CVE-2017-6560,0.00082,0.34036
CVE-2017-6561,0.00082,0.34036
CVE-2017-6562,0.00082,0.34036
CVE-2017-6564,0.00063,0.25077
CVE-2017-6565,0.00095,0.39617
CVE-2017-6570,0.00135,0.48655
CVE-2017-6571,0.00135,0.48655
CVE-2017-6572,0.00135,0.48655
CVE-2017-6573,0.00135,0.48655
CVE-2017-6574,0.00135,0.48655
CVE-2017-6575,0.00135,0.48655
CVE-2017-6576,0.00135,0.48655
CVE-2017-6577,0.00135,0.48655
CVE-2017-6578,0.00135,0.48655
CVE-2017-6589,0.00561,0.75338
CVE-2017-6590,0.00042,0.05722
CVE-2017-6591,0.00513,0.74247
CVE-2017-6594,0.00163,0.52987
CVE-2017-6596,0.00056,0.21058
CVE-2017-6597,0.00051,0.17102
CVE-2017-6598,0.00042,0.05722
CVE-2017-6599,0.00220,0.60175
CVE-2017-6600,0.00051,0.17102
CVE-2017-6601,0.00051,0.17102
CVE-2017-6602,0.00051,0.17102
CVE-2017-6603,0.00092,0.38697
CVE-2017-6604,0.00151,0.51344
CVE-2017-6605,0.00081,0.33536
CVE-2017-6606,0.00130,0.47833
CVE-2017-6607,0.00515,0.74292
CVE-2017-6608,0.00257,0.63604
CVE-2017-6609,0.00214,0.59485
CVE-2017-6610,0.00216,0.59647
CVE-2017-6611,0.00167,0.53473
CVE-2017-6612,0.00203,0.58271
CVE-2017-6613,0.00221,0.60334
CVE-2017-6614,0.00078,0.32102
CVE-2017-6615,0.00207,0.58704
CVE-2017-6616,0.00327,0.67879
CVE-2017-6617,0.00103,0.41690
CVE-2017-6618,0.00084,0.34869
CVE-2017-6619,0.00157,0.52183
CVE-2017-6620,0.00142,0.49983
CVE-2017-6621,0.52729,0.97318
CVE-2017-6622,0.76167,0.97931
CVE-2017-6623,0.00042,0.05722
CVE-2017-6624,0.00162,0.52870
CVE-2017-6625,0.00115,0.45023
CVE-2017-6626,0.00154,0.51715
CVE-2017-6627,0.00303,0.66590
CVE-2017-6628,0.00357,0.69295
CVE-2017-6629,0.00197,0.57663
CVE-2017-6630,0.00220,0.60175
CVE-2017-6631,0.00130,0.47769
CVE-2017-6632,0.00130,0.47769
CVE-2017-6633,0.00356,0.69234
CVE-2017-6634,0.00121,0.46308
CVE-2017-6635,0.06877,0.93264
CVE-2017-6636,0.00616,0.76590
CVE-2017-6637,0.00571,0.75563
CVE-2017-6638,0.00042,0.05722
CVE-2017-6639,0.86102,0.98338
CVE-2017-6640,0.00409,0.71263
CVE-2017-6641,0.00130,0.47769
CVE-2017-6642,0.00091,0.38443
CVE-2017-6643,0.00091,0.38443
CVE-2017-6644,0.00091,0.38443
CVE-2017-6645,0.00091,0.38443
CVE-2017-6646,0.00091,0.38443
CVE-2017-6647,0.00091,0.38443
CVE-2017-6648,0.00356,0.69234
CVE-2017-6649,0.00042,0.05722
CVE-2017-6650,0.00042,0.05722
CVE-2017-6651,0.00154,0.51715
CVE-2017-6652,0.00335,0.68338
CVE-2017-6653,0.00356,0.69234
CVE-2017-6654,0.00167,0.53473
CVE-2017-6655,0.00102,0.41384
CVE-2017-6656,0.00356,0.69234
CVE-2017-6657,0.00118,0.45703
CVE-2017-6658,0.00118,0.45703
CVE-2017-6659,0.00121,0.46308
CVE-2017-6661,0.00196,0.57536
CVE-2017-6662,0.01459,0.85386
CVE-2017-6663,0.00227,0.61040
CVE-2017-6664,0.00216,0.59684
CVE-2017-6665,0.00078,0.32112
CVE-2017-6666,0.00042,0.05722
CVE-2017-6667,0.00694,0.78143
CVE-2017-6668,0.00094,0.39303
CVE-2017-6669,0.00257,0.63599
CVE-2017-6670,0.00151,0.51344
CVE-2017-6671,0.00160,0.52544
CVE-2017-6672,0.00160,0.52544
CVE-2017-6673,0.00101,0.41148
CVE-2017-6674,0.00114,0.44964
CVE-2017-6675,0.00129,0.47584
CVE-2017-6678,0.00130,0.47769
CVE-2017-6679,0.00062,0.24773
CVE-2017-6680,0.00149,0.51004
CVE-2017-6681,0.00212,0.59191
CVE-2017-6682,0.00182,0.55547
CVE-2017-6683,0.00240,0.62150
CVE-2017-6684,0.00169,0.53934
CVE-2017-6685,0.00169,0.53934
CVE-2017-6686,0.00169,0.53934
CVE-2017-6687,0.00169,0.53934
CVE-2017-6688,0.00169,0.53934
CVE-2017-6689,0.00169,0.53934
CVE-2017-6690,0.00096,0.39997
CVE-2017-6691,0.00096,0.39977
CVE-2017-6692,0.00169,0.53934
CVE-2017-6693,0.00042,0.05722
CVE-2017-6694,0.00042,0.05722
CVE-2017-6695,0.00042,0.05722
CVE-2017-6696,0.00042,0.05722
CVE-2017-6697,0.00096,0.39977
CVE-2017-6698,0.00084,0.34868
CVE-2017-6699,0.00107,0.43129
CVE-2017-6700,0.00107,0.43129
CVE-2017-6701,0.00107,0.43129
CVE-2017-6702,0.00107,0.43129
CVE-2017-6703,0.00187,0.56266
CVE-2017-6704,0.00113,0.44668
CVE-2017-6705,0.00042,0.05722
CVE-2017-6706,0.00058,0.22019
CVE-2017-6707,0.00045,0.12318
CVE-2017-6708,0.00369,0.69818
CVE-2017-6709,0.00352,0.69052
CVE-2017-6710,0.00120,0.46044
CVE-2017-6711,0.00307,0.66828
CVE-2017-6712,0.00374,0.69983
CVE-2017-6713,0.00296,0.66226
CVE-2017-6714,0.00280,0.65175
CVE-2017-6715,0.00065,0.27007
CVE-2017-6716,0.00065,0.27007
CVE-2017-6717,0.00065,0.27007
CVE-2017-6718,0.00042,0.05722
CVE-2017-6719,0.00042,0.05722
CVE-2017-6720,0.00108,0.43364
CVE-2017-6721,0.00164,0.53125
CVE-2017-6722,0.00134,0.48580
CVE-2017-6724,0.00107,0.43129
CVE-2017-6725,0.00107,0.43129
CVE-2017-6726,0.00042,0.05722
CVE-2017-6727,0.00164,0.53125
CVE-2017-6728,0.00042,0.05722
CVE-2017-6729,0.00236,0.61818
CVE-2017-6730,0.00121,0.46358
CVE-2017-6731,0.00130,0.47769
CVE-2017-6732,0.00042,0.05722
CVE-2017-6733,0.00107,0.43129
CVE-2017-6734,0.00081,0.33536
CVE-2017-6735,0.00042,0.05722
CVE-2017-6736,0.01303,0.84493
CVE-2017-6737,0.00796,0.79790
CVE-2017-6738,0.00796,0.79790
CVE-2017-6739,0.00796,0.79790
CVE-2017-6740,0.00796,0.79790
CVE-2017-6741,0.00562,0.75365
CVE-2017-6742,0.00627,0.76805
CVE-2017-6743,0.00796,0.79790
CVE-2017-6744,0.02021,0.87749
CVE-2017-6745,0.00130,0.47769
CVE-2017-6746,0.00247,0.62788
CVE-2017-6747,0.00322,0.67657
CVE-2017-6748,0.00042,0.05722
CVE-2017-6749,0.00081,0.33536
CVE-2017-6750,0.00126,0.47149
CVE-2017-6751,0.00160,0.52544
CVE-2017-6752,0.00166,0.53282
CVE-2017-6753,0.03436,0.90585
CVE-2017-6754,0.00094,0.39303
CVE-2017-6755,0.00107,0.43129
CVE-2017-6756,0.00181,0.55395
CVE-2017-6757,0.00140,0.49583
CVE-2017-6758,0.00132,0.48236
CVE-2017-6759,0.00096,0.39997
CVE-2017-6761,0.00125,0.46907
CVE-2017-6762,0.00125,0.46907
CVE-2017-6763,0.00312,0.67078
CVE-2017-6764,0.00151,0.51316
CVE-2017-6765,0.00125,0.46907
CVE-2017-6766,0.00137,0.49042
CVE-2017-6767,0.00319,0.67534
CVE-2017-6768,0.00042,0.05722
CVE-2017-6769,0.00081,0.33536
CVE-2017-6770,0.00352,0.69062
CVE-2017-6771,0.00173,0.54560
CVE-2017-6772,0.00072,0.29725
CVE-2017-6773,0.00042,0.05722
CVE-2017-6774,0.00095,0.39640
CVE-2017-6775,0.00042,0.05722
CVE-2017-6776,0.00129,0.47584
CVE-2017-6777,0.00096,0.39977
CVE-2017-6778,0.00096,0.39977
CVE-2017-6779,0.00159,0.52484
CVE-2017-6780,0.00130,0.47769
CVE-2017-6781,0.00042,0.05722
CVE-2017-6782,0.00092,0.38708
CVE-2017-6783,0.00143,0.50099
CVE-2017-6784,0.00121,0.46358
CVE-2017-6785,0.00079,0.32908
CVE-2017-6786,0.00044,0.10161
CVE-2017-6788,0.00107,0.43129
CVE-2017-6789,0.00125,0.46907
CVE-2017-6790,0.00237,0.61880
CVE-2017-6791,0.00312,0.67078
CVE-2017-6792,0.00099,0.40704
CVE-2017-6793,0.00096,0.39977
CVE-2017-6794,0.00045,0.12206
CVE-2017-6795,0.00042,0.05722
CVE-2017-6796,0.00051,0.16910
CVE-2017-6797,0.00288,0.65702
CVE-2017-6798,0.00989,0.81943
CVE-2017-6799,0.00156,0.52049
CVE-2017-6800,0.00381,0.70276
CVE-2017-6801,0.00234,0.61502
CVE-2017-6802,0.00249,0.62869
CVE-2017-6803,0.00743,0.78953
CVE-2017-6805,0.02221,0.88403
CVE-2017-6807,0.00083,0.34481
CVE-2017-6808,0.00085,0.35433
CVE-2017-6809,0.00085,0.35433
CVE-2017-6810,0.00085,0.35433
CVE-2017-6811,0.00085,0.35433
CVE-2017-6812,0.00085,0.35433
CVE-2017-6813,0.00395,0.70813
CVE-2017-6814,0.00102,0.41294
CVE-2017-6815,0.00343,0.68666
CVE-2017-6816,0.00182,0.55555
CVE-2017-6817,0.00090,0.37753
CVE-2017-6818,0.00316,0.67353
CVE-2017-6819,0.00162,0.52913
CVE-2017-6820,0.00205,0.58513
CVE-2017-6821,0.00274,0.64770
CVE-2017-6823,0.01360,0.84856
CVE-2017-6827,0.00305,0.66682
CVE-2017-6828,0.00494,0.73729
CVE-2017-6829,0.00859,0.80524
CVE-2017-6830,0.00706,0.78349
CVE-2017-6831,0.00390,0.70621
CVE-2017-6832,0.00900,0.81004
CVE-2017-6833,0.00723,0.78658
CVE-2017-6834,0.00716,0.78535
CVE-2017-6835,0.00723,0.78658
CVE-2017-6836,0.00716,0.78535
CVE-2017-6837,0.00908,0.81086
CVE-2017-6838,0.00498,0.73821
CVE-2017-6839,0.00498,0.73821
CVE-2017-6840,0.00130,0.47875
CVE-2017-6841,0.00064,0.26263
CVE-2017-6842,0.00064,0.26263
CVE-2017-6843,0.00342,0.68631
CVE-2017-6844,0.00342,0.68631
CVE-2017-6845,0.00064,0.26263
CVE-2017-6846,0.00064,0.26263
CVE-2017-6847,0.00064,0.26263
CVE-2017-6848,0.00064,0.26263
CVE-2017-6849,0.00064,0.26263
CVE-2017-6850,0.00188,0.56323
CVE-2017-6851,0.00236,0.61765
CVE-2017-6852,0.00371,0.69876
CVE-2017-6862,0.10942,0.94625
CVE-2017-6864,0.00102,0.41309
CVE-2017-6865,0.00068,0.27934
CVE-2017-6866,0.00108,0.43486
CVE-2017-6867,0.00291,0.65903
CVE-2017-6868,0.00665,0.77593
CVE-2017-6869,0.00573,0.75621
CVE-2017-6870,0.00109,0.43550
CVE-2017-6871,0.00044,0.10161
CVE-2017-6872,0.00074,0.30718
CVE-2017-6873,0.00109,0.43550
CVE-2017-6874,0.00042,0.05722
CVE-2017-6877,0.00182,0.55573
CVE-2017-6878,0.00098,0.40559
CVE-2017-6880,0.04491,0.91662
CVE-2017-6883,0.01009,0.82118
CVE-2017-6884,0.97378,0.99897
CVE-2017-6885,0.00245,0.62574
CVE-2017-6886,0.00551,0.75164
CVE-2017-6887,0.00201,0.58093
CVE-2017-6888,0.00204,0.58391
CVE-2017-6889,0.00245,0.62547
CVE-2017-6890,0.00245,0.62547
CVE-2017-6891,0.00227,0.61039
CVE-2017-6892,0.00468,0.73002
CVE-2017-6894,0.00042,0.05722
CVE-2017-6895,0.01062,0.82628
CVE-2017-6896,0.03646,0.90822
CVE-2017-6899,0.00054,0.19257
CVE-2017-6900,0.00455,0.72667
CVE-2017-6903,0.00184,0.55722
CVE-2017-6905,0.00160,0.52555
CVE-2017-6906,0.00076,0.31323
CVE-2017-6907,0.00059,0.23061
CVE-2017-6908,0.00108,0.43496
CVE-2017-6909,0.00059,0.23061
CVE-2017-6910,0.00251,0.63110
CVE-2017-6911,0.00059,0.22933
CVE-2017-6912,0.00213,0.59366
CVE-2017-6913,0.00168,0.53617
CVE-2017-6914,0.00066,0.27222
CVE-2017-6915,0.00066,0.27222
CVE-2017-6916,0.00066,0.27222
CVE-2017-6917,0.00066,0.27222
CVE-2017-6918,0.00066,0.27222
CVE-2017-6919,0.00283,0.65429
CVE-2017-6920,0.06639,0.93148
CVE-2017-6921,0.00905,0.81059
CVE-2017-6922,0.00729,0.78749
CVE-2017-6923,0.00155,0.51769
CVE-2017-6924,0.00968,0.81726
CVE-2017-6925,0.01107,0.82994
CVE-2017-6926,0.00065,0.26756
CVE-2017-6927,0.00217,0.59760
CVE-2017-6928,0.00088,0.37157
CVE-2017-6929,0.00267,0.64331
CVE-2017-6930,0.00257,0.63586
CVE-2017-6931,0.00054,0.19226
CVE-2017-6932,0.00146,0.50525
CVE-2017-6949,0.00244,0.62506
CVE-2017-6950,0.17733,0.95699
CVE-2017-6951,0.00042,0.05722
CVE-2017-6952,0.00223,0.60662
CVE-2017-6953,0.00087,0.36030
CVE-2017-6954,0.00072,0.29630
CVE-2017-6955,0.00169,0.53854
CVE-2017-6956,0.01285,0.84377
CVE-2017-6957,0.11664,0.94797
CVE-2017-6958,0.00079,0.32992
CVE-2017-6960,0.00203,0.58318
CVE-2017-6961,0.00056,0.21058
CVE-2017-6962,0.00094,0.39301
CVE-2017-6964,0.00059,0.22933
CVE-2017-6965,0.00056,0.20766
CVE-2017-6966,0.00065,0.27051
CVE-2017-6967,0.00189,0.56508
CVE-2017-6968,0.00650,0.77263
CVE-2017-6969,0.00351,0.69012
CVE-2017-6970,0.00179,0.55165
CVE-2017-6971,0.04180,0.91396
CVE-2017-6972,0.01023,0.82235
CVE-2017-6973,0.00440,0.72231
CVE-2017-6974,0.00100,0.41009
CVE-2017-6975,0.00379,0.70190
CVE-2017-6976,0.00060,0.23621
CVE-2017-6977,0.00070,0.28841
CVE-2017-6978,0.00167,0.53508
CVE-2017-6979,0.00233,0.61478
CVE-2017-6980,0.05963,0.92755
CVE-2017-6981,0.00167,0.53464
CVE-2017-6982,0.00309,0.66962
CVE-2017-6983,0.00872,0.80656
CVE-2017-6984,0.06213,0.92905
CVE-2017-6985,0.00085,0.35384
CVE-2017-6986,0.00070,0.28841
CVE-2017-6987,0.00117,0.45619
CVE-2017-6988,0.00184,0.55726
CVE-2017-6989,0.00220,0.60012
CVE-2017-6990,0.00080,0.33353
CVE-2017-6991,0.00888,0.80855
CVE-2017-6994,0.00220,0.60162
CVE-2017-6995,0.00220,0.60162
CVE-2017-6996,0.00220,0.60162
CVE-2017-6997,0.00220,0.60162
CVE-2017-6998,0.00220,0.60162
CVE-2017-6999,0.00220,0.60162
CVE-2017-7000,0.00385,0.70441
CVE-2017-7001,0.00746,0.78998
CVE-2017-7002,0.00746,0.78998
CVE-2017-7003,0.00308,0.66891
CVE-2017-7004,0.00108,0.43396
CVE-2017-7005,0.03620,0.90794
CVE-2017-7006,0.00274,0.64782
CVE-2017-7007,0.00419,0.71569
CVE-2017-7008,0.01031,0.82292
CVE-2017-7009,0.00233,0.61478
CVE-2017-7010,0.00552,0.75180
CVE-2017-7011,0.00336,0.68397
CVE-2017-7012,0.00661,0.77510
CVE-2017-7013,0.00525,0.74535
CVE-2017-7014,0.00162,0.52867
CVE-2017-7015,0.00665,0.77597
CVE-2017-7016,0.01125,0.83150
CVE-2017-7017,0.00162,0.52867
CVE-2017-7018,0.06113,0.92843
CVE-2017-7019,0.00576,0.75703
CVE-2017-7020,0.00576,0.75703
CVE-2017-7021,0.00162,0.52867
CVE-2017-7022,0.00233,0.61478
CVE-2017-7023,0.00233,0.61478
CVE-2017-7024,0.00233,0.61478
CVE-2017-7025,0.00233,0.61478
CVE-2017-7026,0.00233,0.61478
CVE-2017-7027,0.00233,0.61478
CVE-2017-7028,0.00117,0.45619
CVE-2017-7029,0.00117,0.45619
CVE-2017-7030,0.00576,0.75703
CVE-2017-7031,0.01125,0.83150
CVE-2017-7032,0.00162,0.52867
CVE-2017-7033,0.01125,0.83150
CVE-2017-7034,0.00576,0.75703
CVE-2017-7035,0.00162,0.52867
CVE-2017-7036,0.00086,0.35639
CVE-2017-7037,0.06113,0.92843
CVE-2017-7038,0.00479,0.73322
CVE-2017-7039,0.08498,0.93870
CVE-2017-7040,0.08498,0.93870
CVE-2017-7041,0.08498,0.93870
CVE-2017-7042,0.08498,0.93870
CVE-2017-7043,0.08498,0.93870
CVE-2017-7044,0.00162,0.52867
CVE-2017-7045,0.00083,0.34355
CVE-2017-7046,0.05225,0.92287
CVE-2017-7047,0.02044,0.87831
CVE-2017-7048,0.05225,0.92287
CVE-2017-7049,0.05225,0.92287
CVE-2017-7050,0.00162,0.52867
CVE-2017-7051,0.00162,0.52867
CVE-2017-7052,0.00596,0.76121
CVE-2017-7053,0.00081,0.33798
CVE-2017-7054,0.00162,0.52867
CVE-2017-7055,0.00605,0.76327
CVE-2017-7056,0.05225,0.92287
CVE-2017-7058,0.00090,0.37988
CVE-2017-7059,0.00230,0.61277
CVE-2017-7060,0.00209,0.58917
CVE-2017-7061,0.05225,0.92287
CVE-2017-7062,0.02007,0.87712
CVE-2017-7063,0.00680,0.77911
CVE-2017-7064,0.00156,0.51887
CVE-2017-7065,0.00501,0.73881
CVE-2017-7066,0.00066,0.27274
CVE-2017-7067,0.00100,0.40990
CVE-2017-7068,0.01191,0.83678
CVE-2017-7069,0.00233,0.61478
CVE-2017-7070,0.00069,0.28525
CVE-2017-7071,0.01319,0.84584
CVE-2017-7072,0.00333,0.68283
CVE-2017-7074,0.00122,0.46517
CVE-2017-7075,0.00042,0.05722
CVE-2017-7076,0.00913,0.81143
CVE-2017-7077,0.00162,0.52867
CVE-2017-7078,0.00225,0.60861
CVE-2017-7079,0.00055,0.20666
CVE-2017-7080,0.00822,0.80091
CVE-2017-7081,0.00576,0.75703
CVE-2017-7082,0.00090,0.37988
CVE-2017-7083,0.00930,0.81330
CVE-2017-7084,0.00224,0.60719
CVE-2017-7085,0.00506,0.74052
CVE-2017-7086,0.01766,0.86719
CVE-2017-7087,0.00576,0.75703
CVE-2017-7088,0.00419,0.71569
CVE-2017-7089,0.00644,0.77134
CVE-2017-7090,0.00327,0.67940
CVE-2017-7091,0.00567,0.75487
CVE-2017-7092,0.00706,0.78346
CVE-2017-7093,0.00567,0.75487
CVE-2017-7094,0.00576,0.75703
CVE-2017-7095,0.00567,0.75487
CVE-2017-7096,0.00576,0.75703
CVE-2017-7097,0.00122,0.46517
CVE-2017-7098,0.00576,0.75703
CVE-2017-7099,0.00576,0.75703
CVE-2017-7100,0.00576,0.75703
CVE-2017-7102,0.00576,0.75703
CVE-2017-7103,0.01925,0.87413
CVE-2017-7104,0.00576,0.75703
CVE-2017-7105,0.01925,0.87413
CVE-2017-7106,0.00447,0.72428
CVE-2017-7107,0.00576,0.75703
CVE-2017-7108,0.01925,0.87413
CVE-2017-7109,0.00219,0.59900
CVE-2017-7110,0.01925,0.87413
CVE-2017-7111,0.00567,0.75487
CVE-2017-7112,0.01925,0.87413
CVE-2017-7113,0.00044,0.10161
CVE-2017-7114,0.00233,0.61478
CVE-2017-7115,0.02052,0.87858
CVE-2017-7116,0.00406,0.71159
CVE-2017-7117,0.08498,0.93870
CVE-2017-7118,0.00333,0.68283
CVE-2017-7119,0.00083,0.34355
CVE-2017-7120,0.00576,0.75703
CVE-2017-7121,0.00389,0.70538
CVE-2017-7122,0.00389,0.70538
CVE-2017-7123,0.00389,0.70538
CVE-2017-7124,0.00389,0.70538
CVE-2017-7125,0.00389,0.70538
CVE-2017-7126,0.00623,0.76727
CVE-2017-7127,0.00213,0.59364
CVE-2017-7128,0.01543,0.85813
CVE-2017-7129,0.01543,0.85813
CVE-2017-7130,0.01543,0.85813
CVE-2017-7131,0.00055,0.20666
CVE-2017-7132,0.00480,0.73350
CVE-2017-7133,0.00202,0.58177
CVE-2017-7134,0.00913,0.81143
CVE-2017-7135,0.00913,0.81143
CVE-2017-7136,0.00913,0.81143
CVE-2017-7137,0.00913,0.81143
CVE-2017-7138,0.00042,0.05722
CVE-2017-7139,0.00053,0.18572
CVE-2017-7140,0.00074,0.30718
CVE-2017-7141,0.00156,0.52018
CVE-2017-7142,0.00138,0.49284
CVE-2017-7143,0.00134,0.48554
CVE-2017-7144,0.00227,0.61014
CVE-2017-7145,0.00074,0.30718
CVE-2017-7146,0.00074,0.30718
CVE-2017-7147,0.00171,0.54170
CVE-2017-7148,0.00054,0.19393
CVE-2017-7149,0.00176,0.54802
CVE-2017-7150,0.00051,0.17433
CVE-2017-7151,0.00154,0.51724
CVE-2017-7152,0.00435,0.72071
CVE-2017-7153,0.00330,0.68147
CVE-2017-7154,0.00042,0.00438
CVE-2017-7155,0.00072,0.29986
CVE-2017-7156,0.00576,0.75703
CVE-2017-7157,0.00576,0.75703
CVE-2017-7158,0.00064,0.26290
CVE-2017-7159,0.00072,0.29986
CVE-2017-7160,0.00627,0.76802
CVE-2017-7161,0.00511,0.74192
CVE-2017-7162,0.00202,0.58166
CVE-2017-7163,0.00072,0.29986
CVE-2017-7164,0.00065,0.27048
CVE-2017-7165,0.00629,0.76843
CVE-2017-7167,0.00325,0.67818
CVE-2017-7170,0.00072,0.29986
CVE-2017-7171,0.00202,0.58166
CVE-2017-7172,0.00230,0.61210
CVE-2017-7173,0.00060,0.23621
CVE-2017-7174,0.01949,0.87491
CVE-2017-7175,0.00226,0.60896
CVE-2017-7177,0.00174,0.54663
CVE-2017-7178,0.01009,0.82122
CVE-2017-7180,0.00062,0.24874
CVE-2017-7183,0.05696,0.92611
CVE-2017-7184,0.00106,0.42982
CVE-2017-7185,0.02716,0.89496
CVE-2017-7186,0.03427,0.90573
CVE-2017-7187,0.00042,0.05722
CVE-2017-7188,0.00075,0.30877
CVE-2017-7189,0.00178,0.55045
CVE-2017-7191,0.01001,0.82050
CVE-2017-7192,0.00177,0.54891
CVE-2017-7199,0.00042,0.05722
CVE-2017-7200,0.00204,0.58374
CVE-2017-7202,0.00098,0.40319
CVE-2017-7203,0.00113,0.44678
CVE-2017-7204,0.00113,0.44678
CVE-2017-7205,0.00113,0.44678
CVE-2017-7206,0.00166,0.53251
CVE-2017-7207,0.00575,0.75665
CVE-2017-7208,0.00357,0.69287
CVE-2017-7209,0.00115,0.45235
CVE-2017-7210,0.00115,0.45235
CVE-2017-7213,0.00956,0.81612
CVE-2017-7214,0.00481,0.73373
CVE-2017-7215,0.00343,0.68679
CVE-2017-7216,0.00114,0.44912
CVE-2017-7217,0.00105,0.42481
CVE-2017-7218,0.00208,0.58821
CVE-2017-7219,0.00345,0.68741
CVE-2017-7220,0.00719,0.78599
CVE-2017-7221,0.01798,0.86848
CVE-2017-7222,0.00125,0.46871
CVE-2017-7223,0.00099,0.40762
CVE-2017-7224,0.00115,0.45235
CVE-2017-7225,0.00199,0.57917
CVE-2017-7226,0.00216,0.59610
CVE-2017-7227,0.00199,0.57917
CVE-2017-7228,0.00101,0.41120
CVE-2017-7229,0.00230,0.61223
CVE-2017-7230,0.60984,0.97517
CVE-2017-7231,0.00113,0.44628
CVE-2017-7233,0.00368,0.69771
CVE-2017-7234,0.00160,0.52555
CVE-2017-7235,0.00317,0.67432
CVE-2017-7236,0.00112,0.44394
CVE-2017-7237,0.07447,0.93484
CVE-2017-7239,0.00571,0.75564
CVE-2017-7240,0.01819,0.86939
CVE-2017-7241,0.00832,0.80225
CVE-2017-7242,0.00059,0.23061
CVE-2017-7243,0.00519,0.74381
CVE-2017-7244,0.00439,0.72187
CVE-2017-7245,0.00646,0.77165
CVE-2017-7246,0.00646,0.77165
CVE-2017-7247,0.00127,0.47240
CVE-2017-7248,0.00127,0.47240
CVE-2017-7249,0.00127,0.47240
CVE-2017-7250,0.00127,0.47240
CVE-2017-7251,0.00059,0.23061
CVE-2017-7252,0.00087,0.36261
CVE-2017-7253,0.00101,0.41232
CVE-2017-7255,0.00059,0.22826
CVE-2017-7256,0.00059,0.22826
CVE-2017-7257,0.00059,0.22826
CVE-2017-7258,0.00120,0.46110
CVE-2017-7261,0.00042,0.05722
CVE-2017-7262,0.00042,0.05722
CVE-2017-7263,0.00223,0.60687
CVE-2017-7264,0.00232,0.61376
CVE-2017-7266,0.00155,0.51847
CVE-2017-7269,0.97121,0.99750
CVE-2017-7271,0.00209,0.58913
CVE-2017-7272,0.00261,0.63889
CVE-2017-7273,0.00062,0.24773
CVE-2017-7274,0.00166,0.53310
CVE-2017-7275,0.00236,0.61765
CVE-2017-7276,0.00079,0.32992
CVE-2017-7277,0.00042,0.05722
CVE-2017-7278,0.00222,0.60556
CVE-2017-7279,0.00217,0.59752
CVE-2017-7280,0.01452,0.85344
CVE-2017-7281,0.00276,0.64903
CVE-2017-7282,0.00068,0.28065
CVE-2017-7283,0.00111,0.44150
CVE-2017-7284,0.00109,0.43614
CVE-2017-7285,0.01187,0.83648
CVE-2017-7288,0.00127,0.47284
CVE-2017-7290,0.00143,0.50026
CVE-2017-7293,0.00084,0.34973
CVE-2017-7294,0.00042,0.05722
CVE-2017-7295,0.00152,0.51460
CVE-2017-7296,0.00059,0.23061
CVE-2017-7297,0.00094,0.39322
CVE-2017-7298,0.00070,0.28976
CVE-2017-7299,0.00057,0.21242
CVE-2017-7300,0.00080,0.33476
CVE-2017-7301,0.00080,0.33476
CVE-2017-7302,0.00078,0.32151
CVE-2017-7303,0.00080,0.33476
CVE-2017-7304,0.00080,0.33476
CVE-2017-7305,0.00062,0.24558
CVE-2017-7306,0.00088,0.37102
CVE-2017-7307,0.00077,0.32045
CVE-2017-7308,0.00088,0.36996
CVE-2017-7309,0.05290,0.92339
CVE-2017-7310,0.93382,0.98915
CVE-2017-7312,0.02333,0.88684
CVE-2017-7313,0.00588,0.75977
CVE-2017-7314,0.03532,0.90689
CVE-2017-7315,0.00436,0.72104
CVE-2017-7316,0.00064,0.26349
CVE-2017-7317,0.00373,0.69950
CVE-2017-7318,0.02259,0.88513
CVE-2017-7320,0.00169,0.53929
CVE-2017-7321,0.02429,0.88921
CVE-2017-7322,0.00206,0.58644
CVE-2017-7323,0.00254,0.63307
CVE-2017-7324,0.02429,0.88921
CVE-2017-7325,0.00169,0.53927
CVE-2017-7326,0.00258,0.63615
CVE-2017-7327,0.00063,0.25378
CVE-2017-7335,0.00053,0.19109
CVE-2017-7336,0.00377,0.70071
CVE-2017-7337,0.00168,0.53801
CVE-2017-7338,0.00168,0.53801
CVE-2017-7339,0.00079,0.32992
CVE-2017-7340,0.00078,0.32606
CVE-2017-7341,0.00168,0.53619
CVE-2017-7342,0.00222,0.60556
CVE-2017-7343,0.00079,0.32992
CVE-2017-7344,0.00882,0.80784
CVE-2017-7345,0.00120,0.46085
CVE-2017-7346,0.00042,0.05722
CVE-2017-7351,0.00087,0.36089
CVE-2017-7352,0.00071,0.29360
CVE-2017-7357,0.00628,0.76835
CVE-2017-7358,0.00062,0.24874
CVE-2017-7359,0.00088,0.37173
CVE-2017-7360,0.00101,0.41173
CVE-2017-7361,0.00101,0.41173
CVE-2017-7362,0.00101,0.41173
CVE-2017-7363,0.00101,0.41173
CVE-2017-7364,0.00128,0.47548
CVE-2017-7365,0.00054,0.19657
CVE-2017-7366,0.00053,0.18446
CVE-2017-7367,0.00054,0.19657
CVE-2017-7368,0.00054,0.19657
CVE-2017-7369,0.00054,0.19657
CVE-2017-7370,0.00064,0.26241
CVE-2017-7371,0.00064,0.26241
CVE-2017-7372,0.00053,0.18844
CVE-2017-7373,0.00054,0.19657
CVE-2017-7374,0.00042,0.05722
CVE-2017-7375,0.00749,0.79041
CVE-2017-7376,0.41648,0.96982
CVE-2017-7377,0.00062,0.24773
CVE-2017-7378,0.00112,0.44367
CVE-2017-7379,0.00112,0.44367
CVE-2017-7380,0.00064,0.26257
CVE-2017-7381,0.00064,0.26257
CVE-2017-7382,0.00064,0.26257
CVE-2017-7383,0.00064,0.26257
CVE-2017-7384,0.00133,0.48383
CVE-2017-7386,0.00098,0.40319
CVE-2017-7387,0.00098,0.40319
CVE-2017-7388,0.00101,0.41173
CVE-2017-7389,0.00101,0.41173
CVE-2017-7390,0.00085,0.35433
CVE-2017-7391,0.00195,0.57459
CVE-2017-7392,0.00255,0.63460
CVE-2017-7393,0.00363,0.69535
CVE-2017-7394,0.00278,0.65051
CVE-2017-7395,0.00121,0.46290
CVE-2017-7396,0.00310,0.67001
CVE-2017-7397,0.03418,0.90560
CVE-2017-7398,0.00086,0.35677
CVE-2017-7399,0.00104,0.42231
CVE-2017-7400,0.00109,0.43833
CVE-2017-7401,0.00784,0.79568
CVE-2017-7402,0.02654,0.89367
CVE-2017-7404,0.00072,0.29607
CVE-2017-7405,0.00226,0.60897
CVE-2017-7406,0.00155,0.51880
CVE-2017-7407,0.00106,0.42708
CVE-2017-7408,0.00310,0.66987
CVE-2017-7409,0.00116,0.45397
CVE-2017-7410,0.00671,0.77725
CVE-2017-7411,0.69105,0.97718
CVE-2017-7412,0.00042,0.05722
CVE-2017-7413,0.94773,0.99111
CVE-2017-7414,0.00181,0.55365
CVE-2017-7415,0.00275,0.64832
CVE-2017-7416,0.00079,0.32992
CVE-2017-7418,0.00042,0.05722
CVE-2017-7419,0.00085,0.35433
CVE-2017-7420,0.00461,0.72827
CVE-2017-7421,0.00103,0.41611
CVE-2017-7422,0.00065,0.26864
CVE-2017-7423,0.00098,0.40370
CVE-2017-7424,0.00155,0.51747
CVE-2017-7425,0.00143,0.50103
CVE-2017-7426,0.00222,0.60556
CVE-2017-7427,0.00085,0.35433
CVE-2017-7428,0.00185,0.55861
CVE-2017-7429,0.00161,0.52701
CVE-2017-7430,0.00327,0.67941
CVE-2017-7431,0.00180,0.55290
CVE-2017-7432,0.00428,0.71842
CVE-2017-7433,0.00162,0.52921
CVE-2017-7434,0.00244,0.62506
CVE-2017-7435,0.00159,0.52379
CVE-2017-7436,0.00159,0.52379
CVE-2017-7437,0.00085,0.35433
CVE-2017-7438,0.00085,0.35433
CVE-2017-7439,0.00272,0.64621
CVE-2017-7440,0.00185,0.55840
CVE-2017-7441,0.00048,0.14788
CVE-2017-7442,0.95299,0.99209
CVE-2017-7443,0.00076,0.31401
CVE-2017-7444,0.00063,0.25160
CVE-2017-7446,0.00227,0.60971
CVE-2017-7447,0.01489,0.85505
CVE-2017-7448,0.00426,0.71779
CVE-2017-7450,0.00341,0.68601
CVE-2017-7452,0.00234,0.61503
CVE-2017-7453,0.00234,0.61503
CVE-2017-7454,0.00550,0.75140
CVE-2017-7455,0.87643,0.98418
CVE-2017-7456,0.15883,0.95473
CVE-2017-7457,0.00214,0.59441
CVE-2017-7458,0.00183,0.55695
CVE-2017-7459,0.00085,0.35272
CVE-2017-7461,0.00291,0.65905
CVE-2017-7462,0.02014,0.87729
CVE-2017-7463,0.00185,0.55861
CVE-2017-7464,0.00201,0.57984
CVE-2017-7465,0.00989,0.81951
CVE-2017-7466,0.00419,0.71564
CVE-2017-7467,0.00562,0.75371
CVE-2017-7468,0.00459,0.72754
CVE-2017-7470,0.00522,0.74455
CVE-2017-7471,0.00062,0.24773
CVE-2017-7472,0.00042,0.00438
CVE-2017-7474,0.00193,0.57159
CVE-2017-7475,0.00123,0.46535
CVE-2017-7476,0.00856,0.80495
CVE-2017-7477,0.00069,0.28603
CVE-2017-7478,0.23583,0.96170
CVE-2017-7479,0.00382,0.70310
CVE-2017-7480,0.01311,0.84542
CVE-2017-7481,0.02785,0.89615
CVE-2017-7482,0.00062,0.24773
CVE-2017-7483,0.00146,0.50567
CVE-2017-7484,0.00451,0.72540
CVE-2017-7485,0.00359,0.69359
CVE-2017-7486,0.00548,0.75112
CVE-2017-7487,0.00042,0.05722
CVE-2017-7488,0.00135,0.48682
CVE-2017-7489,0.00108,0.43407
CVE-2017-7490,0.00107,0.43033
CVE-2017-7491,0.00068,0.28094
CVE-2017-7493,0.00062,0.24773
CVE-2017-7494,0.97264,0.99825
CVE-2017-7495,0.00042,0.05722
CVE-2017-7496,0.00042,0.05722
CVE-2017-7497,0.00068,0.28065
CVE-2017-7500,0.00052,0.18252
CVE-2017-7501,0.00059,0.22933
CVE-2017-7502,0.02900,0.89802
CVE-2017-7503,0.00237,0.61860
CVE-2017-7504,0.29887,0.96522
CVE-2017-7505,0.00194,0.57369
CVE-2017-7506,0.00286,0.65536
CVE-2017-7507,0.28451,0.96451
CVE-2017-7508,0.01698,0.86462
CVE-2017-7509,0.00176,0.54788
CVE-2017-7510,0.00087,0.36023
CVE-2017-7511,0.00061,0.24231
CVE-2017-7512,0.00316,0.67382
CVE-2017-7513,0.00065,0.27048
CVE-2017-7514,0.00054,0.20290
CVE-2017-7515,0.00067,0.27774
CVE-2017-7517,0.00053,0.18436
CVE-2017-7518,0.00062,0.24773
CVE-2017-7519,0.00098,0.40458
CVE-2017-7520,0.00500,0.73876
CVE-2017-7521,0.01203,0.83775
CVE-2017-7522,0.00291,0.65903
CVE-2017-7523,0.00164,0.53037
CVE-2017-7524,0.00168,0.53801
CVE-2017-7525,0.49300,0.97229
CVE-2017-7526,0.00489,0.73620
CVE-2017-7528,0.00067,0.27618
CVE-2017-7529,0.96283,0.99433
CVE-2017-7530,0.00199,0.57919
CVE-2017-7531,0.00053,0.19109
CVE-2017-7532,0.00054,0.19226
CVE-2017-7533,0.00063,0.25605
CVE-2017-7534,0.00054,0.19451
CVE-2017-7535,0.00220,0.60017
CVE-2017-7536,0.00064,0.26441
CVE-2017-7537,0.00171,0.54228
CVE-2017-7538,0.00073,0.30229
CVE-2017-7539,0.07795,0.93612
CVE-2017-7540,0.00182,0.55551
CVE-2017-7541,0.00044,0.08043
CVE-2017-7542,0.00042,0.05722
CVE-2017-7543,0.00823,0.80100
CVE-2017-7544,0.00387,0.70486
CVE-2017-7545,0.00215,0.59532
CVE-2017-7546,0.28005,0.96425
CVE-2017-7547,0.00513,0.74228
CVE-2017-7548,0.00816,0.80011
CVE-2017-7549,0.00042,0.05722
CVE-2017-7550,0.00762,0.79251
CVE-2017-7551,0.00550,0.75148
CVE-2017-7552,0.00237,0.61900
CVE-2017-7553,0.00104,0.42040
CVE-2017-7554,0.00116,0.45397
CVE-2017-7555,0.03158,0.90176
CVE-2017-7556,0.00163,0.52999
CVE-2017-7557,0.00080,0.33426
CVE-2017-7558,0.00997,0.82026
CVE-2017-7559,0.00318,0.67453
CVE-2017-7560,0.00042,0.05722
CVE-2017-7561,0.00656,0.77356
CVE-2017-7562,0.00292,0.65998
CVE-2017-7563,0.00217,0.59752
CVE-2017-7564,0.00105,0.42447
CVE-2017-7565,0.00289,0.65755
CVE-2017-7566,0.00362,0.69511
CVE-2017-7568,0.00071,0.29185
CVE-2017-7569,0.00162,0.52854
CVE-2017-7570,0.00377,0.70069
CVE-2017-7571,0.00401,0.71002
CVE-2017-7572,0.00217,0.59752
CVE-2017-7574,0.00582,0.75843
CVE-2017-7575,0.11383,0.94734
CVE-2017-7576,0.00217,0.59752
CVE-2017-7577,0.00500,0.73866
CVE-2017-7578,0.00179,0.55202
CVE-2017-7579,0.00085,0.35433
CVE-2017-7581,0.93876,0.98975
CVE-2017-7583,0.00141,0.49748
CVE-2017-7584,0.00377,0.70063
CVE-2017-7585,0.00163,0.52942
CVE-2017-7586,0.00172,0.54452
CVE-2017-7588,0.75923,0.97922
CVE-2017-7589,0.00069,0.28621
CVE-2017-7590,0.00098,0.40442
CVE-2017-7591,0.00067,0.27787
CVE-2017-7592,0.00997,0.82023
CVE-2017-7593,0.00370,0.69840
CVE-2017-7594,0.00868,0.80623
CVE-2017-7595,0.01067,0.82662
CVE-2017-7596,0.01032,0.82312
CVE-2017-7597,0.01032,0.82312
CVE-2017-7598,0.01458,0.85382
CVE-2017-7599,0.01403,0.85090
CVE-2017-7600,0.00593,0.76081
CVE-2017-7601,0.01032,0.82312
CVE-2017-7602,0.01813,0.86909
CVE-2017-7603,0.00300,0.66408
CVE-2017-7604,0.00291,0.65897
CVE-2017-7605,0.00290,0.65829
CVE-2017-7606,0.00485,0.73509
CVE-2017-7607,0.00720,0.78611
CVE-2017-7608,0.00427,0.71823
CVE-2017-7609,0.00528,0.74609
CVE-2017-7610,0.00647,0.77178
CVE-2017-7611,0.00647,0.77178
CVE-2017-7612,0.00647,0.77178
CVE-2017-7613,0.00777,0.79487
CVE-2017-7614,0.00646,0.77160
CVE-2017-7615,0.97404,0.99918
CVE-2017-7616,0.00042,0.05722
CVE-2017-7617,0.01725,0.86573
CVE-2017-7618,0.00244,0.62424
CVE-2017-7619,0.00287,0.65623
CVE-2017-7620,0.00383,0.70322
CVE-2017-7621,0.00107,0.43032
CVE-2017-7622,0.00109,0.43614
CVE-2017-7623,0.00130,0.47867
CVE-2017-7624,0.00130,0.47867
CVE-2017-7625,0.01177,0.83575
CVE-2017-7626,0.00082,0.33962
CVE-2017-7627,0.00077,0.31663
CVE-2017-7628,0.00144,0.50299
CVE-2017-7629,0.00081,0.33747
CVE-2017-7630,0.00154,0.51643
CVE-2017-7631,0.00115,0.45113
CVE-2017-7632,0.00115,0.45113
CVE-2017-7633,0.00161,0.52757
CVE-2017-7634,0.00116,0.45370
CVE-2017-7635,0.00064,0.26232
CVE-2017-7636,0.00097,0.40155
CVE-2017-7637,0.00441,0.72282
CVE-2017-7638,0.00080,0.33225
CVE-2017-7639,0.00069,0.28596
CVE-2017-7640,0.00489,0.73612
CVE-2017-7641,0.00065,0.27079
CVE-2017-7642,0.00062,0.24874
CVE-2017-7643,0.00062,0.24874
CVE-2017-7644,0.00125,0.46941
CVE-2017-7645,0.16889,0.95587
CVE-2017-7646,0.00065,0.26756
CVE-2017-7647,0.00102,0.41368
CVE-2017-7648,0.00323,0.67731
CVE-2017-7649,0.00193,0.57268
CVE-2017-7650,0.28352,0.96447
CVE-2017-7651,0.00286,0.65542
CVE-2017-7652,0.00281,0.65247
CVE-2017-7653,0.00528,0.74606
CVE-2017-7654,0.00388,0.70517
CVE-2017-7655,0.00185,0.55826
CVE-2017-7656,0.01208,0.83811
CVE-2017-7657,0.01034,0.82343
CVE-2017-7658,0.01655,0.86311
CVE-2017-7659,0.72783,0.97834
CVE-2017-7660,0.00283,0.65380
CVE-2017-7661,0.00145,0.50340
CVE-2017-7662,0.00145,0.50312
CVE-2017-7663,0.00068,0.28361
CVE-2017-7664,0.00083,0.34394
CVE-2017-7665,0.00070,0.28937
CVE-2017-7666,0.00068,0.28211
CVE-2017-7667,0.00146,0.50532
CVE-2017-7668,0.31037,0.96579
CVE-2017-7669,0.00080,0.33265
CVE-2017-7670,0.00183,0.55667
CVE-2017-7671,0.00123,0.46547
CVE-2017-7672,0.03853,0.91068
CVE-2017-7673,0.00129,0.47678
CVE-2017-7674,0.00276,0.64907
CVE-2017-7675,0.00177,0.54899
CVE-2017-7676,0.00070,0.29075
CVE-2017-7677,0.00068,0.27988
CVE-2017-7678,0.00073,0.30143
CVE-2017-7679,0.00643,0.77112
CVE-2017-7680,0.00220,0.60156
CVE-2017-7681,0.00078,0.32245
CVE-2017-7682,0.00156,0.51980
CVE-2017-7683,0.00068,0.28324
CVE-2017-7684,0.00059,0.22953
CVE-2017-7685,0.00068,0.28361
CVE-2017-7686,0.00070,0.28946
CVE-2017-7687,0.00076,0.31200
CVE-2017-7688,0.00106,0.42904
CVE-2017-7689,0.00352,0.69061
CVE-2017-7690,0.00064,0.26340
CVE-2017-7691,0.00164,0.53104
CVE-2017-7692,0.07458,0.93488
CVE-2017-7693,0.00476,0.73232
CVE-2017-7694,0.02384,0.88811
CVE-2017-7695,0.00331,0.68159
CVE-2017-7696,0.00265,0.64227
CVE-2017-7697,0.00135,0.48730
CVE-2017-7698,0.00569,0.75541
CVE-2017-7700,0.00215,0.59554
CVE-2017-7701,0.00262,0.63983
CVE-2017-7702,0.00362,0.69509
CVE-2017-7703,0.00250,0.63071
CVE-2017-7704,0.00264,0.64157
CVE-2017-7705,0.00262,0.63983
CVE-2017-7716,0.00151,0.51240
CVE-2017-7717,0.00149,0.51012
CVE-2017-7718,0.00064,0.26441
CVE-2017-7719,0.00290,0.65835
CVE-2017-7720,0.00083,0.34354
CVE-2017-7721,0.00070,0.28841
CVE-2017-7722,0.01150,0.83340
CVE-2017-7723,0.00089,0.37480
CVE-2017-7725,0.00261,0.63907
CVE-2017-7726,0.00110,0.44067
CVE-2017-7728,0.01456,0.85365
CVE-2017-7729,0.00110,0.44067
CVE-2017-7730,0.00123,0.46646
CVE-2017-7731,0.00168,0.53801
CVE-2017-7732,0.00223,0.60660
CVE-2017-7733,0.00107,0.43129
CVE-2017-7734,0.00092,0.38856
CVE-2017-7735,0.00092,0.38856
CVE-2017-7736,0.00053,0.19109
CVE-2017-7737,0.00062,0.24248
CVE-2017-7738,0.00075,0.30830
CVE-2017-7739,0.00123,0.46569
CVE-2017-7741,0.00120,0.46043
CVE-2017-7742,0.00120,0.46043
CVE-2017-7745,0.00321,0.67630
CVE-2017-7746,0.00219,0.59927
CVE-2017-7747,0.00219,0.59927
CVE-2017-7748,0.00321,0.67630
CVE-2017-7749,0.00668,0.77671
CVE-2017-7750,0.00995,0.82015
CVE-2017-7751,0.00877,0.80726
CVE-2017-7752,0.00684,0.77982
CVE-2017-7753,0.00394,0.70776
CVE-2017-7754,0.00392,0.70686
CVE-2017-7755,0.00379,0.70205
CVE-2017-7756,0.00642,0.77099
CVE-2017-7757,0.00642,0.77099
CVE-2017-7758,0.00550,0.75153
CVE-2017-7759,0.00211,0.59035
CVE-2017-7760,0.00138,0.49303
CVE-2017-7761,0.00059,0.22821
CVE-2017-7762,0.00233,0.61493
CVE-2017-7763,0.00207,0.58732
CVE-2017-7764,0.00306,0.66740
CVE-2017-7765,0.00361,0.69478
CVE-2017-7766,0.00064,0.25824
CVE-2017-7767,0.00060,0.23636
CVE-2017-7768,0.00061,0.23941
CVE-2017-7770,0.00247,0.62785
CVE-2017-7771,0.00300,0.66411
CVE-2017-7772,0.00344,0.68724
CVE-2017-7773,0.00344,0.68724
CVE-2017-7774,0.00455,0.72669
CVE-2017-7776,0.00300,0.66411
CVE-2017-7777,0.00289,0.65734
CVE-2017-7778,0.00793,0.79748
CVE-2017-7779,0.00997,0.82028
CVE-2017-7780,0.00466,0.72942
CVE-2017-7781,0.00158,0.52278
CVE-2017-7782,0.00508,0.74102
CVE-2017-7783,0.03459,0.90609
CVE-2017-7784,0.00666,0.77609
CVE-2017-7785,0.01652,0.86299
CVE-2017-7786,0.01717,0.86545
CVE-2017-7787,0.00384,0.70388
CVE-2017-7788,0.00514,0.74254
CVE-2017-7789,0.00146,0.50434
CVE-2017-7790,0.00137,0.49080
CVE-2017-7791,0.00367,0.69756
CVE-2017-7792,0.01217,0.83888
CVE-2017-7793,0.00512,0.74211
CVE-2017-7794,0.00103,0.41750
CVE-2017-7796,0.00051,0.17134
CVE-2017-7797,0.00170,0.54113
CVE-2017-7798,0.00610,0.76434
CVE-2017-7799,0.00140,0.49698
CVE-2017-7800,0.00756,0.79174
CVE-2017-7801,0.00756,0.79174
CVE-2017-7802,0.00666,0.77609
CVE-2017-7803,0.00524,0.74515
CVE-2017-7804,0.00309,0.66977
CVE-2017-7805,0.01350,0.84765
CVE-2017-7806,0.00158,0.52308
CVE-2017-7807,0.00771,0.79389
CVE-2017-7808,0.00185,0.55829
CVE-2017-7809,0.00666,0.77609
CVE-2017-7810,0.01007,0.82104
CVE-2017-7811,0.00506,0.74070
CVE-2017-7812,0.00178,0.55057
CVE-2017-7813,0.00284,0.65438
CVE-2017-7814,0.00255,0.63481
CVE-2017-7815,0.00146,0.50434
CVE-2017-7816,0.00165,0.53206
CVE-2017-7817,0.00146,0.50434
CVE-2017-7818,0.00652,0.77305
CVE-2017-7819,0.00533,0.74726
CVE-2017-7820,0.00484,0.73465
CVE-2017-7821,0.00514,0.74254
CVE-2017-7822,0.00200,0.57924
CVE-2017-7823,0.00441,0.72252
CVE-2017-7824,0.02774,0.89598
CVE-2017-7825,0.00423,0.71723
CVE-2017-7826,0.00968,0.81731
CVE-2017-7827,0.00466,0.72942
CVE-2017-7828,0.00393,0.70740
CVE-2017-7829,0.00459,0.72751
CVE-2017-7830,0.00547,0.75079
CVE-2017-7831,0.00218,0.59843
CVE-2017-7832,0.00255,0.63467
CVE-2017-7833,0.00255,0.63467
CVE-2017-7834,0.00223,0.60657
CVE-2017-7835,0.00364,0.69575
CVE-2017-7836,0.00059,0.22933
CVE-2017-7837,0.00255,0.63467
CVE-2017-7838,0.00255,0.63467
CVE-2017-7839,0.00175,0.54747
CVE-2017-7840,0.00175,0.54747
CVE-2017-7842,0.00218,0.59843
CVE-2017-7843,0.00554,0.75240
CVE-2017-7844,0.00253,0.63218
CVE-2017-7845,0.01178,0.83582
CVE-2017-7846,0.00707,0.78374
CVE-2017-7847,0.00468,0.73015
CVE-2017-7848,0.01203,0.83773
CVE-2017-7849,0.00042,0.05722
CVE-2017-7850,0.00042,0.05722
CVE-2017-7851,0.00157,0.52154
CVE-2017-7852,0.00203,0.58352
CVE-2017-7853,0.00302,0.66502
CVE-2017-7854,0.00236,0.61765
CVE-2017-7855,0.00090,0.37719
CVE-2017-7856,0.00642,0.77085
CVE-2017-7857,0.00911,0.81111
CVE-2017-7858,0.01354,0.84813
CVE-2017-7859,0.00288,0.65711
CVE-2017-7860,0.00584,0.75884
CVE-2017-7861,0.00634,0.76933
CVE-2017-7862,0.00458,0.72732
CVE-2017-7863,0.00420,0.71612
CVE-2017-7864,0.00911,0.81111
CVE-2017-7865,0.00420,0.71612
CVE-2017-7866,0.00491,0.73659
CVE-2017-7867,0.01206,0.83801
CVE-2017-7868,0.01206,0.83801
CVE-2017-7869,0.00537,0.74835
CVE-2017-7870,0.02110,0.88044
CVE-2017-7871,0.00077,0.31727
CVE-2017-7875,0.00864,0.80572
CVE-2017-7876,0.29056,0.96479
CVE-2017-7877,0.00588,0.75992
CVE-2017-7878,0.00135,0.48678
CVE-2017-7879,0.00122,0.46425
CVE-2017-7881,0.00091,0.38526
CVE-2017-7882,0.00573,0.75619
CVE-2017-7884,0.00095,0.39647
CVE-2017-7885,0.00123,0.46587
CVE-2017-7886,0.00212,0.59184
CVE-2017-7887,0.00088,0.37136
CVE-2017-7888,0.00659,0.77474
CVE-2017-7889,0.00042,0.05722
CVE-2017-7890,0.29787,0.96517
CVE-2017-7891,0.00076,0.31323
CVE-2017-7892,0.00245,0.62611
CVE-2017-7893,0.00222,0.60556
CVE-2017-7894,0.00072,0.29986
CVE-2017-7895,0.90467,0.98602
CVE-2017-7896,0.00076,0.31323
CVE-2017-7897,0.00220,0.60170
CVE-2017-7898,0.00058,0.21978
CVE-2017-7899,0.00058,0.21978
CVE-2017-7901,0.00045,0.12245
CVE-2017-7902,0.00081,0.33720
CVE-2017-7903,0.00058,0.21978
CVE-2017-7905,0.00207,0.58671
CVE-2017-7906,0.00087,0.36027
CVE-2017-7907,0.00060,0.23628
CVE-2017-7908,0.00104,0.42390
CVE-2017-7909,0.00203,0.58316
CVE-2017-7910,0.00094,0.39264
CVE-2017-7911,0.01063,0.82639
CVE-2017-7912,0.00251,0.63146
CVE-2017-7913,0.00213,0.59361
CVE-2017-7914,0.00263,0.64069
CVE-2017-7915,0.00209,0.58852
CVE-2017-7916,0.00107,0.43252
CVE-2017-7917,0.00079,0.33128
CVE-2017-7918,0.00097,0.40148
CVE-2017-7919,0.00203,0.58316
CVE-2017-7920,0.00160,0.52581
CVE-2017-7921,0.01361,0.84858
CVE-2017-7922,0.00097,0.40148
CVE-2017-7923,0.00235,0.61626
CVE-2017-7924,0.00205,0.58511
CVE-2017-7925,0.35031,0.96741
CVE-2017-7926,0.00087,0.36027
CVE-2017-7927,0.03148,0.90161
CVE-2017-7928,0.00207,0.58671
CVE-2017-7929,0.00192,0.56988
CVE-2017-7930,0.00138,0.49351
CVE-2017-7931,0.00203,0.58316
CVE-2017-7932,0.00111,0.44142
CVE-2017-7933,0.00207,0.58671
CVE-2017-7934,0.00082,0.33966
CVE-2017-7935,0.00108,0.43314
CVE-2017-7936,0.00042,0.00438
CVE-2017-7937,0.00114,0.44913
CVE-2017-7938,0.00960,0.81645
CVE-2017-7939,0.00120,0.46054
CVE-2017-7940,0.00135,0.48662
CVE-2017-7941,0.00380,0.70225
CVE-2017-7942,0.00094,0.39440
CVE-2017-7943,0.00380,0.70225
CVE-2017-7944,0.00059,0.23061
CVE-2017-7945,0.00568,0.75515
CVE-2017-7946,0.00118,0.45690
CVE-2017-7947,0.00065,0.26756
CVE-2017-7948,0.00751,0.79064
CVE-2017-7950,0.00147,0.50714
CVE-2017-7951,0.00071,0.29353
CVE-2017-7952,0.00109,0.43748
CVE-2017-7953,0.00105,0.42490
CVE-2017-7957,0.79296,0.98025
CVE-2017-7960,0.00506,0.74053
CVE-2017-7961,0.00689,0.78072
CVE-2017-7962,0.00372,0.69927
CVE-2017-7963,0.00099,0.40693
CVE-2017-7964,0.00758,0.79201
CVE-2017-7965,0.00045,0.12072
CVE-2017-7966,0.01052,0.82507
CVE-2017-7967,0.00047,0.13886
CVE-2017-7968,0.00056,0.20997
CVE-2017-7969,0.00169,0.53925
CVE-2017-7970,0.00108,0.43460
CVE-2017-7971,0.00115,0.45153
CVE-2017-7972,0.00071,0.29155
CVE-2017-7973,0.00155,0.51883
CVE-2017-7974,0.06391,0.93004
CVE-2017-7975,0.00167,0.53464
CVE-2017-7976,0.00123,0.46587
CVE-2017-7977,0.00164,0.53089
CVE-2017-7978,0.00115,0.45176
CVE-2017-7979,0.00042,0.05722
CVE-2017-7980,0.00072,0.29620
CVE-2017-7981,0.01543,0.85809
CVE-2017-7982,0.00204,0.58355
CVE-2017-7983,0.00135,0.48838
CVE-2017-7984,0.00139,0.49377
CVE-2017-7985,0.00492,0.73694
CVE-2017-7986,0.00139,0.49377
CVE-2017-7987,0.00139,0.49377
CVE-2017-7988,0.00095,0.39699
CVE-2017-7989,0.00049,0.15902
CVE-2017-7990,0.00103,0.41646
CVE-2017-7991,0.15243,0.95370
CVE-2017-7992,0.00079,0.32992
CVE-2017-7994,0.00145,0.50425
CVE-2017-7995,0.00064,0.26167
CVE-2017-7997,0.00567,0.75491
CVE-2017-7998,0.00108,0.43480
CVE-2017-7999,0.00140,0.49521
CVE-2017-8000,0.00077,0.31738
CVE-2017-8001,0.00076,0.31405
CVE-2017-8002,0.01356,0.84829
CVE-2017-8003,0.00279,0.65076
CVE-2017-8004,0.00270,0.64501
CVE-2017-8005,0.00080,0.33441
CVE-2017-8006,0.00339,0.68488
CVE-2017-8007,0.00181,0.55399
CVE-2017-8011,0.00694,0.78147
CVE-2017-8012,0.00422,0.71676
CVE-2017-8013,0.04355,0.91546
CVE-2017-8015,0.00317,0.67398
CVE-2017-8016,0.00048,0.14712
CVE-2017-8017,0.00136,0.48937
CVE-2017-8018,0.00077,0.31763
CVE-2017-8019,0.00141,0.49746
CVE-2017-8020,0.00197,0.57611
CVE-2017-8021,0.00206,0.58620
CVE-2017-8022,0.00738,0.78877
CVE-2017-8023,0.01059,0.82570
CVE-2017-8024,0.00079,0.32992
CVE-2017-8025,0.00551,0.75159
CVE-2017-8028,0.00426,0.71775
CVE-2017-8031,0.00068,0.27935
CVE-2017-8032,0.00104,0.42231
CVE-2017-8033,0.00062,0.24846
CVE-2017-8034,0.00104,0.42231
CVE-2017-8035,0.00168,0.53801
CVE-2017-8036,0.00072,0.29502
CVE-2017-8037,0.00178,0.55045
CVE-2017-8038,0.00087,0.36023
CVE-2017-8039,0.00173,0.54525
CVE-2017-8040,0.00062,0.24248
CVE-2017-8041,0.00076,0.31323
CVE-2017-8044,0.00076,0.31323
CVE-2017-8045,0.09205,0.94119
CVE-2017-8046,0.49263,0.97227
CVE-2017-8047,0.00100,0.40990
CVE-2017-8048,0.00069,0.28732
CVE-2017-8050,0.00091,0.38552
CVE-2017-8051,0.13528,0.95124
CVE-2017-8052,0.00085,0.35433
CVE-2017-8053,0.00065,0.27051
CVE-2017-8054,0.00152,0.51355
CVE-2017-8055,0.00352,0.69063
CVE-2017-8056,0.00270,0.64529
CVE-2017-8057,0.00135,0.48838
CVE-2017-8058,0.00085,0.35308
CVE-2017-8059,0.00096,0.39861
CVE-2017-8060,0.00085,0.35308
CVE-2017-8061,0.00042,0.05722
CVE-2017-8062,0.00042,0.05722
CVE-2017-8063,0.00042,0.05722
CVE-2017-8064,0.00042,0.05722
CVE-2017-8065,0.00042,0.05722
CVE-2017-8066,0.00042,0.05722
CVE-2017-8067,0.00042,0.05722
CVE-2017-8068,0.00042,0.05722
CVE-2017-8069,0.00042,0.05722
CVE-2017-8070,0.00042,0.05722
CVE-2017-8071,0.00042,0.05722
CVE-2017-8072,0.00042,0.05722
CVE-2017-8073,0.02930,0.89837
CVE-2017-8074,0.01460,0.85391
CVE-2017-8075,0.00380,0.70247
CVE-2017-8076,0.00419,0.71564
CVE-2017-8077,0.00350,0.68980
CVE-2017-8078,0.00110,0.44064
CVE-2017-8080,0.00828,0.80160
CVE-2017-8081,0.00185,0.55813
CVE-2017-8082,0.00313,0.67179
CVE-2017-8083,0.00042,0.05722
CVE-2017-8085,0.00143,0.50034
CVE-2017-8086,0.00062,0.24773
CVE-2017-8087,0.00076,0.31288
CVE-2017-8098,0.00066,0.27463
CVE-2017-8099,0.00088,0.37161
CVE-2017-8100,0.00098,0.40503
CVE-2017-8101,0.00091,0.38520
CVE-2017-8102,0.00115,0.45009
CVE-2017-8103,0.00078,0.32099
CVE-2017-8104,0.00133,0.48415
CVE-2017-8105,0.01178,0.83580
CVE-2017-8106,0.00044,0.10161
CVE-2017-8108,0.00042,0.05722
CVE-2017-8109,0.00042,0.05722
CVE-2017-8110,0.00217,0.59752
CVE-2017-8112,0.00062,0.24773
CVE-2017-8114,0.00338,0.68468
CVE-2017-8115,0.00144,0.50186
CVE-2017-8116,0.01314,0.84560
CVE-2017-8117,0.00222,0.60556
CVE-2017-8118,0.00044,0.10161
CVE-2017-8119,0.00222,0.60556
CVE-2017-8120,0.00222,0.60556
CVE-2017-8121,0.00085,0.35272
CVE-2017-8122,0.00220,0.59991
CVE-2017-8123,0.00222,0.60556
CVE-2017-8124,0.00222,0.60556
CVE-2017-8125,0.00079,0.32992
CVE-2017-8126,0.00222,0.60556
CVE-2017-8127,0.00079,0.32992
CVE-2017-8128,0.00222,0.60556
CVE-2017-8129,0.00222,0.60556
CVE-2017-8130,0.00065,0.26756
CVE-2017-8131,0.00078,0.32271
CVE-2017-8132,0.00078,0.32271
CVE-2017-8133,0.00100,0.41005
CVE-2017-8134,0.00078,0.32271
CVE-2017-8135,0.00086,0.35735
CVE-2017-8136,0.00066,0.27209
CVE-2017-8137,0.00063,0.25378
CVE-2017-8138,0.00073,0.30112
CVE-2017-8139,0.00079,0.32992
CVE-2017-8140,0.00072,0.29986
CVE-2017-8141,0.00072,0.29986
CVE-2017-8142,0.00085,0.35342
CVE-2017-8143,0.00057,0.21242
CVE-2017-8144,0.00056,0.21058
CVE-2017-8145,0.00056,0.21058
CVE-2017-8146,0.00056,0.21058
CVE-2017-8147,0.00088,0.36847
CVE-2017-8148,0.00055,0.20370
CVE-2017-8149,0.00056,0.21058
CVE-2017-8150,0.00072,0.29986
CVE-2017-8151,0.00068,0.27920
CVE-2017-8152,0.00060,0.23537
CVE-2017-8153,0.00066,0.27209
CVE-2017-8154,0.00065,0.27048
CVE-2017-8155,0.00070,0.29068
CVE-2017-8156,0.00070,0.29068
CVE-2017-8157,0.00168,0.53801
CVE-2017-8158,0.00044,0.10161
CVE-2017-8159,0.00090,0.37733
CVE-2017-8160,0.00085,0.35342
CVE-2017-8161,0.00060,0.23537
CVE-2017-8162,0.00108,0.43369
CVE-2017-8163,0.00140,0.49521
CVE-2017-8164,0.00056,0.21058
CVE-2017-8165,0.00066,0.27209
CVE-2017-8166,0.00069,0.28525
CVE-2017-8167,0.00218,0.59830
CVE-2017-8168,0.00060,0.23537
CVE-2017-8169,0.00109,0.43790
CVE-2017-8170,0.00109,0.43790
CVE-2017-8171,0.00060,0.23537
CVE-2017-8172,0.00057,0.21242
CVE-2017-8173,0.00060,0.23537
CVE-2017-8174,0.00168,0.53801
CVE-2017-8175,0.00056,0.21058
CVE-2017-8176,0.00202,0.58141
CVE-2017-8177,0.00085,0.35272
CVE-2017-8178,0.00065,0.27133
CVE-2017-8179,0.00075,0.31044
CVE-2017-8180,0.00085,0.35338
CVE-2017-8181,0.00063,0.25378
CVE-2017-8182,0.00056,0.21058
CVE-2017-8183,0.00066,0.27209
CVE-2017-8184,0.00066,0.27209
CVE-2017-8185,0.00044,0.10161
CVE-2017-8186,0.00056,0.21058
CVE-2017-8187,0.00104,0.42231
CVE-2017-8188,0.00091,0.38641
CVE-2017-8189,0.00044,0.07794
CVE-2017-8190,0.00044,0.10161
CVE-2017-8191,0.00178,0.55045
CVE-2017-8192,0.00044,0.10161
CVE-2017-8193,0.00042,0.05722
CVE-2017-8194,0.00234,0.61572
CVE-2017-8195,0.00246,0.62653
CVE-2017-8196,0.00044,0.10161
CVE-2017-8197,0.00164,0.53042
CVE-2017-8198,0.00104,0.42003
CVE-2017-8199,0.00080,0.33264
CVE-2017-8200,0.00080,0.33264
CVE-2017-8201,0.00080,0.33264
CVE-2017-8202,0.00057,0.21242
CVE-2017-8203,0.00084,0.34924
CVE-2017-8204,0.00096,0.39847
CVE-2017-8205,0.00073,0.30021
CVE-2017-8206,0.00069,0.28525
CVE-2017-8207,0.00109,0.43790
CVE-2017-8208,0.00109,0.43790
CVE-2017-8209,0.00109,0.43790
CVE-2017-8210,0.00109,0.43790
CVE-2017-8211,0.00109,0.43790
CVE-2017-8212,0.00109,0.43790
CVE-2017-8213,0.00171,0.54219
CVE-2017-8214,0.00044,0.10161
CVE-2017-8215,0.00044,0.10161
CVE-2017-8216,0.00069,0.28647
CVE-2017-8217,0.00411,0.71316
CVE-2017-8218,0.00419,0.71564
CVE-2017-8219,0.00073,0.30430
CVE-2017-8220,0.00436,0.72129
CVE-2017-8221,0.06292,0.92945
CVE-2017-8222,0.00360,0.69419
CVE-2017-8223,0.00724,0.78681
CVE-2017-8224,0.00863,0.80563
CVE-2017-8225,0.01220,0.83908
CVE-2017-8226,0.35364,0.96754
CVE-2017-8227,0.26477,0.96331
CVE-2017-8228,0.00931,0.81343
CVE-2017-8229,0.89327,0.98528
CVE-2017-8230,0.00268,0.64412
CVE-2017-8233,0.00054,0.19657
CVE-2017-8234,0.00054,0.19657
CVE-2017-8235,0.00053,0.18446
CVE-2017-8236,0.00065,0.26974
CVE-2017-8237,0.00065,0.26974
CVE-2017-8238,0.00066,0.27605
CVE-2017-8239,0.00077,0.31758
CVE-2017-8240,0.00054,0.19657
CVE-2017-8241,0.00065,0.26974
CVE-2017-8242,0.00072,0.29988
CVE-2017-8243,0.00075,0.31044
CVE-2017-8244,0.00052,0.18252
CVE-2017-8245,0.00044,0.10161
CVE-2017-8246,0.00044,0.10161
CVE-2017-8247,0.00063,0.25160
CVE-2017-8248,0.00976,0.81808
CVE-2017-8250,0.00075,0.31044
CVE-2017-8251,0.00075,0.31044
CVE-2017-8252,0.00044,0.10161
CVE-2017-8253,0.00063,0.25160
CVE-2017-8254,0.00055,0.20666
CVE-2017-8255,0.00063,0.25160
CVE-2017-8256,0.00063,0.25160
CVE-2017-8257,0.00063,0.25160
CVE-2017-8258,0.00055,0.20666
CVE-2017-8259,0.00075,0.31044
CVE-2017-8260,0.00103,0.41676
CVE-2017-8261,0.00063,0.25160
CVE-2017-8262,0.00074,0.30498
CVE-2017-8263,0.00063,0.25160
CVE-2017-8264,0.00063,0.25160
CVE-2017-8265,0.00063,0.25160
CVE-2017-8266,0.00074,0.30498
CVE-2017-8267,0.00063,0.25160
CVE-2017-8268,0.00063,0.25160
CVE-2017-8269,0.00079,0.32884
CVE-2017-8270,0.00074,0.30498
CVE-2017-8271,0.00063,0.25160
CVE-2017-8272,0.00063,0.25160
CVE-2017-8273,0.00075,0.31044
CVE-2017-8274,0.00221,0.60346
CVE-2017-8275,0.00187,0.56164
CVE-2017-8276,0.00044,0.10161
CVE-2017-8277,0.00074,0.30498
CVE-2017-8278,0.00075,0.31044
CVE-2017-8279,0.00080,0.33409
CVE-2017-8280,0.00061,0.24216
CVE-2017-8281,0.00079,0.32884
CVE-2017-8282,0.00580,0.75795
CVE-2017-8283,0.00679,0.77898
CVE-2017-8284,0.00042,0.05722
CVE-2017-8287,0.00949,0.81526
CVE-2017-8288,0.00417,0.71530
CVE-2017-8289,0.00257,0.63558
CVE-2017-8290,0.00240,0.62074
CVE-2017-8291,0.25459,0.96280
CVE-2017-8294,0.00472,0.73112
CVE-2017-8295,0.02827,0.89687
CVE-2017-8296,0.00180,0.55278
CVE-2017-8297,0.00150,0.51194
CVE-2017-8298,0.00054,0.19226
CVE-2017-8301,0.00209,0.58881
CVE-2017-8302,0.00052,0.18039
CVE-2017-8303,0.01811,0.86901
CVE-2017-8304,0.00088,0.37136
CVE-2017-8305,0.00244,0.62506
CVE-2017-8307,0.01370,0.84914
CVE-2017-8308,0.00935,0.81381
CVE-2017-8309,0.01133,0.83212
CVE-2017-8310,0.00123,0.46535
CVE-2017-8311,0.10183,0.94434
CVE-2017-8312,0.00104,0.42387
CVE-2017-8313,0.00137,0.49084
CVE-2017-8314,0.00153,0.51541
CVE-2017-8315,0.00201,0.57985
CVE-2017-8316,0.00412,0.71358
CVE-2017-8325,0.00457,0.72721
CVE-2017-8326,0.00502,0.73948
CVE-2017-8327,0.00257,0.63567
CVE-2017-8328,0.00393,0.70737
CVE-2017-8329,0.00436,0.72117
CVE-2017-8330,0.00136,0.48940
CVE-2017-8331,0.00962,0.81663
CVE-2017-8332,0.03568,0.90729
CVE-2017-8333,0.00962,0.81663
CVE-2017-8334,0.00729,0.78761
CVE-2017-8335,0.00392,0.70685
CVE-2017-8336,0.01386,0.85003
CVE-2017-8337,0.00901,0.81009
CVE-2017-8338,0.00934,0.81379
CVE-2017-8339,0.00077,0.31990
CVE-2017-8340,0.00213,0.59366
CVE-2017-8341,0.00072,0.29636
CVE-2017-8342,0.00360,0.69402
CVE-2017-8343,0.00315,0.67258
CVE-2017-8344,0.00315,0.67258
CVE-2017-8345,0.00315,0.67258
CVE-2017-8346,0.00315,0.67258
CVE-2017-8347,0.00315,0.67258
CVE-2017-8348,0.00315,0.67258
CVE-2017-8349,0.00315,0.67258
CVE-2017-8350,0.00315,0.67258
CVE-2017-8351,0.00315,0.67258
CVE-2017-8352,0.00315,0.67258
CVE-2017-8353,0.00315,0.67258
CVE-2017-8354,0.00315,0.67258
CVE-2017-8355,0.00315,0.67258
CVE-2017-8356,0.00315,0.67258
CVE-2017-8357,0.00315,0.67258
CVE-2017-8358,0.00316,0.67352
CVE-2017-8359,0.00750,0.79049
CVE-2017-8360,0.00065,0.27020
CVE-2017-8361,0.00419,0.71555
CVE-2017-8362,0.00267,0.64381
CVE-2017-8363,0.00267,0.64381
CVE-2017-8364,0.00269,0.64474
CVE-2017-8365,0.00267,0.64381
CVE-2017-8366,0.00635,0.76935
CVE-2017-8367,0.00083,0.34354
CVE-2017-8368,0.00070,0.28841
CVE-2017-8369,0.00121,0.46276
CVE-2017-8370,0.00694,0.78149
CVE-2017-8371,0.00097,0.40093
CVE-2017-8372,0.00318,0.67488
CVE-2017-8373,0.00600,0.76200
CVE-2017-8374,0.00382,0.70299
CVE-2017-8376,0.00057,0.21504
CVE-2017-8377,0.00091,0.38618
CVE-2017-8378,0.00430,0.71886
CVE-2017-8379,0.00062,0.24773
CVE-2017-8380,0.00637,0.76968
CVE-2017-8381,0.00580,0.75795
CVE-2017-8382,0.00354,0.69174
CVE-2017-8383,0.00091,0.38552
CVE-2017-8384,0.00085,0.35433
CVE-2017-8385,0.00091,0.38552
CVE-2017-8386,0.00223,0.60685
CVE-2017-8387,0.00089,0.37198
CVE-2017-8388,0.00207,0.58657
CVE-2017-8390,0.06716,0.93184
CVE-2017-8391,0.00042,0.05722
CVE-2017-8392,0.00099,0.40607
CVE-2017-8393,0.00099,0.40607
CVE-2017-8394,0.00095,0.39491
CVE-2017-8395,0.00099,0.40607
CVE-2017-8396,0.00099,0.40607
CVE-2017-8397,0.00099,0.40607
CVE-2017-8398,0.00099,0.40607
CVE-2017-8399,0.01189,0.83660
CVE-2017-8400,0.00355,0.69197
CVE-2017-8401,0.00104,0.42295
CVE-2017-8402,0.00259,0.63696
CVE-2017-8403,0.00076,0.31371
CVE-2017-8404,0.05507,0.92500
CVE-2017-8405,0.01200,0.83742
CVE-2017-8406,0.00232,0.61375
CVE-2017-8407,0.00232,0.61375
CVE-2017-8408,0.01288,0.84400
CVE-2017-8409,0.02326,0.88667
CVE-2017-8410,0.01575,0.85973
CVE-2017-8411,0.00176,0.54845
CVE-2017-8412,0.00079,0.33080
CVE-2017-8413,0.00093,0.39086
CVE-2017-8414,0.00062,0.24588
CVE-2017-8415,0.00352,0.69083
CVE-2017-8416,0.00213,0.59325
CVE-2017-8417,0.00183,0.55644
CVE-2017-8418,0.00042,0.05722
CVE-2017-8419,0.00416,0.71485
CVE-2017-8420,0.00125,0.46896
CVE-2017-8421,0.00063,0.25212
CVE-2017-8422,0.00042,0.05722
CVE-2017-8438,0.00197,0.57678
CVE-2017-8439,0.00141,0.49799
CVE-2017-8440,0.00141,0.49799
CVE-2017-8441,0.00071,0.29366
CVE-2017-8442,0.00065,0.26756
CVE-2017-8443,0.00157,0.52178
CVE-2017-8444,0.00128,0.47518
CVE-2017-8445,0.00044,0.10161
CVE-2017-8446,0.00085,0.35272
CVE-2017-8447,0.00054,0.19226
CVE-2017-8448,0.00104,0.42231
CVE-2017-8449,0.00168,0.53801
CVE-2017-8450,0.00168,0.53801
CVE-2017-8451,0.00079,0.32992
CVE-2017-8452,0.00105,0.42447
CVE-2017-8453,0.03685,0.90884
CVE-2017-8454,0.03685,0.90884
CVE-2017-8455,0.02903,0.89806
CVE-2017-8458,0.00097,0.40156
CVE-2017-8459,0.00158,0.52254
CVE-2017-8460,0.00088,0.36676
CVE-2017-8461,0.23987,0.96194
CVE-2017-8462,0.00071,0.29133
CVE-2017-8463,0.29498,0.96503
CVE-2017-8464,0.97504,0.99979
CVE-2017-8465,0.00049,0.15863
CVE-2017-8466,0.00065,0.26910
CVE-2017-8467,0.00196,0.57552
CVE-2017-8468,0.00049,0.15863
CVE-2017-8469,0.00087,0.36468
CVE-2017-8470,0.00071,0.29133
CVE-2017-8471,0.00071,0.29133
CVE-2017-8472,0.00071,0.29133
CVE-2017-8473,0.00071,0.29133
CVE-2017-8474,0.00129,0.47595
CVE-2017-8475,0.00070,0.28991
CVE-2017-8476,0.00071,0.29133
CVE-2017-8477,0.00073,0.30382
CVE-2017-8478,0.00071,0.29133
CVE-2017-8479,0.00071,0.29133
CVE-2017-8480,0.00071,0.29133
CVE-2017-8481,0.00071,0.29133
CVE-2017-8482,0.00071,0.29133
CVE-2017-8483,0.00073,0.30382
CVE-2017-8484,0.00071,0.29133
CVE-2017-8485,0.00071,0.29133
CVE-2017-8486,0.00131,0.48023
CVE-2017-8487,0.65990,0.97638
CVE-2017-8488,0.00071,0.29133
CVE-2017-8489,0.00071,0.29133
CVE-2017-8490,0.00064,0.26155
CVE-2017-8491,0.00071,0.29133
CVE-2017-8492,0.00071,0.29133
CVE-2017-8493,0.00059,0.22827
CVE-2017-8494,0.00077,0.32058
CVE-2017-8495,0.00425,0.71751
CVE-2017-8496,0.95047,0.99152
CVE-2017-8497,0.04779,0.91950
CVE-2017-8498,0.00181,0.55519
CVE-2017-8499,0.04779,0.91950
CVE-2017-8501,0.28093,0.96431
CVE-2017-8502,0.28093,0.96431
CVE-2017-8503,0.00100,0.41018
CVE-2017-8504,0.00347,0.68820
CVE-2017-8506,0.27657,0.96405
CVE-2017-8507,0.28093,0.96431
CVE-2017-8508,0.00148,0.50792
CVE-2017-8509,0.08479,0.93861
CVE-2017-8510,0.15418,0.95410
CVE-2017-8511,0.14868,0.95320
CVE-2017-8512,0.13222,0.95072
CVE-2017-8513,0.11884,0.94850
CVE-2017-8514,0.00255,0.63460
CVE-2017-8515,0.00043,0.07687
CVE-2017-8516,0.00459,0.72775
CVE-2017-8517,0.08023,0.93709
CVE-2017-8518,0.11219,0.94697
CVE-2017-8519,0.01034,0.82340
CVE-2017-8520,0.04779,0.91950
CVE-2017-8521,0.01034,0.82340
CVE-2017-8522,0.08023,0.93709
CVE-2017-8523,0.00124,0.46708
CVE-2017-8524,0.08023,0.93709
CVE-2017-8527,0.14653,0.95286
CVE-2017-8528,0.12342,0.94929
CVE-2017-8529,0.00219,0.59945
CVE-2017-8530,0.00306,0.66784
CVE-2017-8531,0.00918,0.81195
CVE-2017-8532,0.00943,0.81456
CVE-2017-8533,0.01097,0.82922
CVE-2017-8534,0.00918,0.81195
CVE-2017-8535,0.00481,0.73376
CVE-2017-8536,0.00481,0.73376
CVE-2017-8537,0.00481,0.73376
CVE-2017-8538,0.23347,0.96152
CVE-2017-8539,0.78325,0.97994
CVE-2017-8540,0.95860,0.99329
CVE-2017-8541,0.84513,0.98250
CVE-2017-8542,0.78325,0.97994
CVE-2017-8543,0.30899,0.96573
CVE-2017-8544,0.00496,0.73775
CVE-2017-8545,0.00324,0.67789
CVE-2017-8547,0.00769,0.79362
CVE-2017-8548,0.94024,0.98995
CVE-2017-8549,0.00282,0.65311
CVE-2017-8550,0.24622,0.96232
CVE-2017-8551,0.00418,0.71543
CVE-2017-8552,0.00043,0.07315
CVE-2017-8553,0.00169,0.53921
CVE-2017-8554,0.00052,0.18042
CVE-2017-8555,0.00249,0.62873
CVE-2017-8556,0.00058,0.22642
CVE-2017-8557,0.00079,0.32788
CVE-2017-8558,0.05671,0.92596
CVE-2017-8559,0.00286,0.65548
CVE-2017-8560,0.00286,0.65548
CVE-2017-8561,0.00049,0.15863
CVE-2017-8562,0.00049,0.15863
CVE-2017-8563,0.00236,0.61792
CVE-2017-8564,0.00106,0.42896
CVE-2017-8565,0.19827,0.95902
CVE-2017-8566,0.00058,0.22642
CVE-2017-8567,0.21758,0.96043
CVE-2017-8569,0.00471,0.73098
CVE-2017-8570,0.97339,0.99875
CVE-2017-8571,0.00394,0.70770
CVE-2017-8572,0.01297,0.84457
CVE-2017-8573,0.00058,0.22642
CVE-2017-8574,0.00058,0.22642
CVE-2017-8575,0.00075,0.30806
CVE-2017-8576,0.00307,0.66817
CVE-2017-8577,0.00196,0.57552
CVE-2017-8578,0.00308,0.66939
CVE-2017-8579,0.00286,0.65533
CVE-2017-8580,0.00196,0.57552
CVE-2017-8581,0.00058,0.22642
CVE-2017-8582,0.00940,0.81429
CVE-2017-8584,0.31927,0.96611
CVE-2017-8585,0.00928,0.81312
CVE-2017-8587,0.00497,0.73807
CVE-2017-8588,0.20360,0.95947
CVE-2017-8589,0.18395,0.95755
CVE-2017-8590,0.00065,0.26910
CVE-2017-8591,0.06489,0.93064
CVE-2017-8592,0.00743,0.78950
CVE-2017-8593,0.00058,0.22642
CVE-2017-8594,0.91933,0.98745
CVE-2017-8595,0.02889,0.89786
CVE-2017-8596,0.00629,0.76853
CVE-2017-8597,0.01277,0.84303
CVE-2017-8598,0.02889,0.89786
CVE-2017-8599,0.00403,0.71065
CVE-2017-8601,0.95323,0.99215
CVE-2017-8602,0.00500,0.73877
CVE-2017-8603,0.04779,0.91950
CVE-2017-8604,0.04779,0.91950
CVE-2017-8605,0.04779,0.91950
CVE-2017-8606,0.06891,0.93273
CVE-2017-8607,0.06891,0.93273
CVE-2017-8608,0.06891,0.93273
CVE-2017-8609,0.04779,0.91950
CVE-2017-8610,0.04779,0.91950
CVE-2017-8611,0.00371,0.69884
CVE-2017-8613,0.00226,0.60911
CVE-2017-8617,0.03102,0.90095
CVE-2017-8618,0.94494,0.99071
CVE-2017-8619,0.19784,0.95899
CVE-2017-8620,0.72324,0.97818
CVE-2017-8621,0.00292,0.65975
CVE-2017-8622,0.00108,0.43432
CVE-2017-8623,0.00186,0.56059
CVE-2017-8624,0.00100,0.41018
CVE-2017-8625,0.00994,0.82006
CVE-2017-8627,0.00064,0.26493
CVE-2017-8628,0.00117,0.45612
CVE-2017-8629,0.00187,0.56274
CVE-2017-8630,0.28093,0.96431
CVE-2017-8631,0.38286,0.96871
CVE-2017-8632,0.28093,0.96431
CVE-2017-8633,0.00544,0.75027
CVE-2017-8634,0.61175,0.97532
CVE-2017-8635,0.48586,0.97207
CVE-2017-8636,0.88763,0.98486
CVE-2017-8637,0.00226,0.60945
CVE-2017-8638,0.02211,0.88374
CVE-2017-8639,0.02211,0.88374
CVE-2017-8640,0.92218,0.98777
CVE-2017-8641,0.95754,0.99310
CVE-2017-8642,0.00321,0.67623
CVE-2017-8643,0.00890,0.80890
CVE-2017-8644,0.07079,0.93355
CVE-2017-8645,0.92218,0.98777
CVE-2017-8646,0.92218,0.98777
CVE-2017-8647,0.02211,0.88374
CVE-2017-8648,0.01277,0.84303
CVE-2017-8649,0.08023,0.93709
CVE-2017-8650,0.00306,0.66784
CVE-2017-8651,0.00629,0.76853
CVE-2017-8652,0.60447,0.97500
CVE-2017-8653,0.04390,0.91576
CVE-2017-8654,0.00187,0.56274
CVE-2017-8655,0.02211,0.88374
CVE-2017-8656,0.92218,0.98777
CVE-2017-8657,0.92218,0.98777
CVE-2017-8658,0.18291,0.95744
CVE-2017-8659,0.01277,0.84303
CVE-2017-8660,0.09832,0.94314
CVE-2017-8661,0.00383,0.70323
CVE-2017-8662,0.01277,0.84303
CVE-2017-8663,0.28093,0.96431
CVE-2017-8664,0.03596,0.90771
CVE-2017-8665,0.00085,0.35459
CVE-2017-8666,0.00194,0.57288
CVE-2017-8668,0.00140,0.49515
CVE-2017-8669,0.06891,0.93273
CVE-2017-8670,0.94851,0.99128
CVE-2017-8671,0.92218,0.98777
CVE-2017-8672,0.02211,0.88374
CVE-2017-8673,0.00465,0.72902
CVE-2017-8674,0.02211,0.88374
CVE-2017-8675,0.00070,0.28929
CVE-2017-8676,0.03066,0.90041
CVE-2017-8677,0.00194,0.57288
CVE-2017-8678,0.00140,0.49573
CVE-2017-8679,0.00194,0.57288
CVE-2017-8680,0.00140,0.49573
CVE-2017-8681,0.00140,0.49573
CVE-2017-8682,0.61227,0.97533
CVE-2017-8683,0.19979,0.95919
CVE-2017-8684,0.00140,0.49573
CVE-2017-8685,0.00140,0.49573
CVE-2017-8686,0.18343,0.95749
CVE-2017-8687,0.00140,0.49573
CVE-2017-8688,0.00194,0.57288
CVE-2017-8689,0.00816,0.80006
CVE-2017-8691,0.14361,0.95247
CVE-2017-8692,0.18406,0.95758
CVE-2017-8693,0.00194,0.57288
CVE-2017-8694,0.00061,0.23881
CVE-2017-8695,0.01414,0.85132
CVE-2017-8696,0.09858,0.94321
CVE-2017-8699,0.21789,0.96046
CVE-2017-8700,0.00928,0.81312
CVE-2017-8702,0.00061,0.23881
CVE-2017-8703,0.00069,0.28571
CVE-2017-8704,0.00057,0.21450
CVE-2017-8706,0.00067,0.27769
CVE-2017-8707,0.00067,0.27769
CVE-2017-8708,0.00131,0.48023
CVE-2017-8709,0.00075,0.30909
CVE-2017-8710,0.00627,0.76805
CVE-2017-8711,0.00067,0.27769
CVE-2017-8712,0.00067,0.27769
CVE-2017-8713,0.00067,0.27769
CVE-2017-8714,0.01278,0.84310
CVE-2017-8715,0.00058,0.21564
CVE-2017-8716,0.00057,0.21461
CVE-2017-8717,0.24656,0.96235
CVE-2017-8718,0.24656,0.96235
CVE-2017-8719,0.00075,0.30909
CVE-2017-8720,0.00100,0.41018
CVE-2017-8723,0.00402,0.71019
CVE-2017-8724,0.03101,0.90094
CVE-2017-8725,0.21758,0.96043
CVE-2017-8726,0.03703,0.90902
CVE-2017-8727,0.04779,0.91950
CVE-2017-8728,0.18406,0.95758
CVE-2017-8729,0.92365,0.98799
CVE-2017-8731,0.92365,0.98799
CVE-2017-8733,0.00267,0.64346
CVE-2017-8734,0.92365,0.98799
CVE-2017-8735,0.03101,0.90094
CVE-2017-8736,0.00805,0.79890
CVE-2017-8737,0.18406,0.95758
CVE-2017-8738,0.02889,0.89786
CVE-2017-8739,0.01693,0.86447
CVE-2017-8740,0.92365,0.98799
CVE-2017-8741,0.06891,0.93273
CVE-2017-8742,0.21758,0.96043
CVE-2017-8743,0.24904,0.96248
CVE-2017-8744,0.27403,0.96387
CVE-2017-8745,0.00214,0.59507
CVE-2017-8746,0.00058,0.21564
CVE-2017-8747,0.04779,0.91950
CVE-2017-8748,0.06891,0.93273
CVE-2017-8749,0.04779,0.91950
CVE-2017-8750,0.04390,0.91576
CVE-2017-8751,0.91933,0.98745
CVE-2017-8752,0.04779,0.91950
CVE-2017-8753,0.04779,0.91950
CVE-2017-8754,0.00303,0.66554
CVE-2017-8755,0.92365,0.98799
CVE-2017-8756,0.04779,0.91950
CVE-2017-8757,0.14863,0.95319
CVE-2017-8758,0.00286,0.65548
CVE-2017-8759,0.97068,0.99722
CVE-2017-8760,0.00083,0.34356
CVE-2017-8761,0.00054,0.20290
CVE-2017-8762,0.00054,0.19226
CVE-2017-8763,0.00133,0.48383
CVE-2017-8765,0.00188,0.56314
CVE-2017-8766,0.00409,0.71256
CVE-2017-8768,0.00537,0.74830
CVE-2017-8769,0.00067,0.27677
CVE-2017-8770,0.04375,0.91563
CVE-2017-8771,0.00204,0.58450
CVE-2017-8772,0.00222,0.60556
CVE-2017-8773,0.00836,0.80266
CVE-2017-8774,0.00217,0.59752
CVE-2017-8775,0.00217,0.59752
CVE-2017-8776,0.00090,0.38018
CVE-2017-8777,0.00203,0.58335
CVE-2017-8778,0.00113,0.44678
CVE-2017-8779,0.55100,0.97379
CVE-2017-8780,0.00054,0.19226
CVE-2017-8781,0.00580,0.75795
CVE-2017-8782,0.00094,0.39458
CVE-2017-8783,0.00096,0.39756
CVE-2017-8785,0.00063,0.25378
CVE-2017-8786,0.01467,0.85415
CVE-2017-8787,0.00268,0.64420
CVE-2017-8788,0.00107,0.43032
CVE-2017-8789,0.00212,0.59184
CVE-2017-8790,0.00821,0.80063
CVE-2017-8791,0.00107,0.43032
CVE-2017-8792,0.00088,0.37136
CVE-2017-8793,0.00249,0.62941
CVE-2017-8794,0.00414,0.71442
CVE-2017-8795,0.00088,0.37136
CVE-2017-8796,0.00212,0.59184
CVE-2017-8797,0.87415,0.98408
CVE-2017-8798,0.06138,0.92864
CVE-2017-8799,0.00320,0.67604
CVE-2017-8801,0.00085,0.35433
CVE-2017-8802,0.00087,0.35982
CVE-2017-8803,0.00103,0.41687
CVE-2017-8804,0.00895,0.80942
CVE-2017-8805,0.00282,0.65361
CVE-2017-8806,0.00042,0.05722
CVE-2017-8807,0.01678,0.86396
CVE-2017-8808,0.00130,0.47876
CVE-2017-8809,0.00685,0.77993
CVE-2017-8810,0.00209,0.58880
CVE-2017-8811,0.00214,0.59466
CVE-2017-8812,0.00316,0.67352
CVE-2017-8814,0.00338,0.68462
CVE-2017-8815,0.00237,0.61858
CVE-2017-8816,0.03659,0.90844
CVE-2017-8817,0.01045,0.82450
CVE-2017-8818,0.00654,0.77340
CVE-2017-8819,0.00233,0.61455
CVE-2017-8820,0.00680,0.77920
CVE-2017-8821,0.00259,0.63746
CVE-2017-8822,0.00166,0.53251
CVE-2017-8823,0.00273,0.64718
CVE-2017-8824,0.00042,0.00438
CVE-2017-8825,0.00202,0.58148
CVE-2017-8826,0.00063,0.25378
CVE-2017-8827,0.00211,0.59080
CVE-2017-8829,0.00080,0.33325
CVE-2017-8830,0.00188,0.56314
CVE-2017-8831,0.00085,0.35231
CVE-2017-8832,0.00079,0.32992
CVE-2017-8833,0.00088,0.37136
CVE-2017-8834,0.00102,0.41522
CVE-2017-8835,0.01457,0.85379
CVE-2017-8836,0.00206,0.58651
CVE-2017-8837,0.00283,0.65398
CVE-2017-8838,0.00094,0.39351
CVE-2017-8839,0.00094,0.39351
CVE-2017-8840,0.00112,0.44481
CVE-2017-8841,0.00103,0.41652
CVE-2017-8842,0.00236,0.61765
CVE-2017-8843,0.00166,0.53310
CVE-2017-8844,0.00419,0.71587
CVE-2017-8845,0.00236,0.61765
CVE-2017-8846,0.00317,0.67429
CVE-2017-8847,0.00166,0.53310
CVE-2017-8848,0.00054,0.19376
CVE-2017-8849,0.00042,0.05722
CVE-2017-8850,0.00075,0.30928
CVE-2017-8851,0.00072,0.29465
CVE-2017-8852,0.00220,0.59983
CVE-2017-8853,0.00097,0.40302
CVE-2017-8854,0.00074,0.30494
CVE-2017-8855,0.00085,0.35272
CVE-2017-8856,0.00598,0.76167
CVE-2017-8857,0.00598,0.76167
CVE-2017-8858,0.00505,0.74029
CVE-2017-8859,0.00182,0.55533
CVE-2017-8860,0.00065,0.26756
CVE-2017-8861,0.00606,0.76345
CVE-2017-8862,0.00195,0.57387
CVE-2017-8863,0.00115,0.45199
CVE-2017-8864,0.00359,0.69357
CVE-2017-8865,0.00168,0.53801
CVE-2017-8866,0.00234,0.61599
CVE-2017-8867,0.00168,0.53801
CVE-2017-8868,0.00087,0.35975
CVE-2017-8869,0.16682,0.95560
CVE-2017-8870,0.13490,0.95117
CVE-2017-8871,0.00090,0.37703
CVE-2017-8872,0.00192,0.56982
CVE-2017-8874,0.00096,0.39792
CVE-2017-8875,0.00135,0.48675
CVE-2017-8876,0.00079,0.32992
CVE-2017-8877,0.00065,0.26756
CVE-2017-8878,0.00125,0.46941
CVE-2017-8879,0.00096,0.40045
CVE-2017-8890,0.00074,0.30696
CVE-2017-8891,0.00115,0.45235
CVE-2017-8892,0.00133,0.48383
CVE-2017-8893,0.00148,0.50849
CVE-2017-8894,0.00180,0.55324
CVE-2017-8895,0.30790,0.96565
CVE-2017-8896,0.00106,0.42729
CVE-2017-8897,0.00092,0.38854
CVE-2017-8898,0.00787,0.79606
CVE-2017-8899,0.00545,0.75042
CVE-2017-8900,0.00090,0.37895
CVE-2017-8903,0.00074,0.30744
CVE-2017-8904,0.00074,0.30744
CVE-2017-8905,0.00074,0.30744
CVE-2017-8906,0.00058,0.21985
CVE-2017-8907,0.00115,0.45175
CVE-2017-8908,0.00095,0.39498
CVE-2017-8911,0.00264,0.64163
CVE-2017-8912,0.05243,0.92294
CVE-2017-8913,0.00183,0.55692
CVE-2017-8914,0.00258,0.63609
CVE-2017-8915,0.00563,0.75376
CVE-2017-8916,0.00044,0.10161
CVE-2017-8917,0.97555,0.99998
CVE-2017-8918,0.00138,0.49285
CVE-2017-8919,0.00108,0.43486
CVE-2017-8920,0.00085,0.35433
CVE-2017-8921,0.00097,0.40302
CVE-2017-8923,0.00541,0.74949
CVE-2017-8924,0.00060,0.23546
CVE-2017-8925,0.00042,0.05722
CVE-2017-8926,0.00133,0.48339
CVE-2017-8927,0.00133,0.48339
CVE-2017-8928,0.00116,0.45302
CVE-2017-8929,0.00209,0.58885
CVE-2017-8930,0.00096,0.39792
CVE-2017-8931,0.00264,0.64173
CVE-2017-8932,0.00452,0.72581
CVE-2017-8933,0.00042,0.05722
CVE-2017-8934,0.00042,0.05722
CVE-2017-8935,0.00077,0.31860
CVE-2017-8936,0.00077,0.31860
CVE-2017-8937,0.00077,0.31860
CVE-2017-8938,0.00077,0.31860
CVE-2017-8939,0.00077,0.31860
CVE-2017-8940,0.00077,0.31860
CVE-2017-8941,0.00077,0.31860
CVE-2017-8942,0.00077,0.31860
CVE-2017-8943,0.00077,0.31860
CVE-2017-8944,0.01938,0.87454
CVE-2017-8945,0.00162,0.52870
CVE-2017-8946,0.00460,0.72788
CVE-2017-8947,0.45164,0.97090
CVE-2017-8948,0.00379,0.70203
CVE-2017-8949,0.00044,0.10161
CVE-2017-8950,0.00044,0.10161
CVE-2017-8951,0.00052,0.18252
CVE-2017-8952,0.00124,0.46792
CVE-2017-8953,0.00101,0.41228
CVE-2017-8954,0.78197,0.97989
CVE-2017-8955,0.05557,0.92528
CVE-2017-8956,0.08003,0.93701
CVE-2017-8957,0.78197,0.97989
CVE-2017-8958,0.01044,0.82443
CVE-2017-8959,0.00104,0.42231
CVE-2017-8960,0.00189,0.56483
CVE-2017-8961,0.90327,0.98594
CVE-2017-8962,0.00137,0.49095
CVE-2017-8963,0.00137,0.49095
CVE-2017-8964,0.00137,0.49095
CVE-2017-8965,0.00137,0.49095
CVE-2017-8966,0.00137,0.49095
CVE-2017-8967,0.00137,0.49095
CVE-2017-8968,0.00110,0.43933
CVE-2017-8969,0.00049,0.15902
CVE-2017-8970,0.00059,0.23223
CVE-2017-8971,0.00049,0.15902
CVE-2017-8972,0.00049,0.15902
CVE-2017-8973,0.00049,0.15902
CVE-2017-8974,0.00042,0.05722
CVE-2017-8975,0.78197,0.97989
CVE-2017-8976,0.78197,0.97989
CVE-2017-8977,0.10479,0.94501
CVE-2017-8978,0.00050,0.16027
CVE-2017-8979,0.00207,0.58681
CVE-2017-8980,0.01938,0.87454
CVE-2017-8981,0.08003,0.93701
CVE-2017-8982,0.02111,0.88046
CVE-2017-8983,0.02444,0.88952
CVE-2017-8984,0.01044,0.82443
CVE-2017-8985,0.00042,0.05722
CVE-2017-8987,0.00185,0.55820
CVE-2017-8988,0.00445,0.72367
CVE-2017-8989,0.00135,0.48868
CVE-2017-8990,0.73469,0.97852
CVE-2017-8991,0.00050,0.16027
CVE-2017-8992,0.00455,0.72654
CVE-2017-8993,0.00077,0.31738
CVE-2017-8994,0.38858,0.96906
CVE-2017-9000,0.00191,0.56788
CVE-2017-9001,0.00231,0.61320
CVE-2017-9002,0.00058,0.22638
CVE-2017-9003,0.00248,0.62841
CVE-2017-9022,0.00877,0.80734
CVE-2017-9023,0.00496,0.73779
CVE-2017-9024,0.05969,0.92759
CVE-2017-9025,0.00591,0.76044
CVE-2017-9026,0.00790,0.79696
CVE-2017-9030,0.00838,0.80286
CVE-2017-9031,0.00445,0.72350
CVE-2017-9032,0.00138,0.49360
CVE-2017-9033,0.00325,0.67830
CVE-2017-9034,0.00881,0.80772
CVE-2017-9035,0.00389,0.70593
CVE-2017-9036,0.00043,0.07639
CVE-2017-9037,0.00138,0.49360
CVE-2017-9038,0.00357,0.69291
CVE-2017-9039,0.00357,0.69291
CVE-2017-9040,0.00180,0.55317
CVE-2017-9041,0.00608,0.76385
CVE-2017-9042,0.00542,0.74962
CVE-2017-9043,0.00462,0.72834
CVE-2017-9044,0.00147,0.50612
CVE-2017-9045,0.00111,0.44162
CVE-2017-9046,0.00051,0.17393
CVE-2017-9047,0.00289,0.65769
CVE-2017-9048,0.00289,0.65769
CVE-2017-9049,0.00203,0.58294
CVE-2017-9050,0.00203,0.58294
CVE-2017-9051,0.00264,0.64163
CVE-2017-9052,0.00230,0.61270
CVE-2017-9053,0.00217,0.59752
CVE-2017-9054,0.00217,0.59752
CVE-2017-9055,0.00217,0.59752
CVE-2017-9058,0.00316,0.67352
CVE-2017-9059,0.00042,0.05722
CVE-2017-9060,0.00062,0.24773
CVE-2017-9061,0.00290,0.65846
CVE-2017-9062,0.00619,0.76634
CVE-2017-9063,0.00290,0.65846
CVE-2017-9064,0.00440,0.72233
CVE-2017-9065,0.00766,0.79319
CVE-2017-9066,0.01079,0.82774
CVE-2017-9067,0.00102,0.41249
CVE-2017-9068,0.00098,0.40319
CVE-2017-9069,0.00130,0.47843
CVE-2017-9070,0.00057,0.21504
CVE-2017-9071,0.00113,0.44678
CVE-2017-9072,0.00118,0.45730
CVE-2017-9074,0.00042,0.05722
CVE-2017-9075,0.00042,0.05722
CVE-2017-9076,0.00042,0.05722
CVE-2017-9077,0.00042,0.05722
CVE-2017-9078,0.00499,0.73853
CVE-2017-9079,0.00042,0.05722
CVE-2017-9080,0.88862,0.98492
CVE-2017-9083,0.00104,0.42236
CVE-2017-9085,0.00455,0.72674
CVE-2017-9090,0.00085,0.35272
CVE-2017-9091,0.00085,0.35272
CVE-2017-9093,0.00139,0.49399
CVE-2017-9094,0.00156,0.52024
CVE-2017-9095,0.00170,0.53971
CVE-2017-9096,0.00596,0.76138
CVE-2017-9097,0.00702,0.78272
CVE-2017-9098,0.00263,0.64022
CVE-2017-9100,0.31949,0.96612
CVE-2017-9101,0.88239,0.98451
CVE-2017-9103,0.00737,0.78869
CVE-2017-9104,0.00730,0.78767
CVE-2017-9105,0.01231,0.83997
CVE-2017-9106,0.00478,0.73289
CVE-2017-9107,0.00251,0.63126
CVE-2017-9108,0.00422,0.71691
CVE-2017-9109,0.00737,0.78869
CVE-2017-9110,0.00370,0.69852
CVE-2017-9111,0.01088,0.82841
CVE-2017-9112,0.00370,0.69852
CVE-2017-9113,0.01088,0.82841
CVE-2017-9114,0.00370,0.69852
CVE-2017-9115,0.01088,0.82841
CVE-2017-9116,0.00370,0.69852
CVE-2017-9117,0.00623,0.76731
CVE-2017-9118,0.00222,0.60574
CVE-2017-9119,0.00623,0.76729
CVE-2017-9120,0.00932,0.81353
CVE-2017-9122,0.00156,0.51903
CVE-2017-9123,0.00156,0.51903
CVE-2017-9124,0.00152,0.51356
CVE-2017-9125,0.00156,0.51903
CVE-2017-9126,0.00186,0.55936
CVE-2017-9127,0.00186,0.55936
CVE-2017-9128,0.00156,0.51903
CVE-2017-9129,0.00167,0.53397
CVE-2017-9130,0.00187,0.56237
CVE-2017-9131,0.00334,0.68304
CVE-2017-9132,0.00165,0.53166
CVE-2017-9133,0.00104,0.42231
CVE-2017-9134,0.00165,0.53166
CVE-2017-9135,0.00104,0.42231
CVE-2017-9136,0.00165,0.53166
CVE-2017-9137,0.00093,0.39144
CVE-2017-9138,0.00044,0.10161
CVE-2017-9139,0.00044,0.10161
CVE-2017-9140,0.00191,0.56827
CVE-2017-9141,0.00453,0.72619
CVE-2017-9142,0.00453,0.72619
CVE-2017-9143,0.00319,0.67544
CVE-2017-9144,0.00246,0.62668
CVE-2017-9145,0.00079,0.32992
CVE-2017-9146,0.00912,0.81129
CVE-2017-9147,0.07417,0.93473
CVE-2017-9148,0.00698,0.78216
CVE-2017-9149,0.00212,0.59235
CVE-2017-9150,0.00053,0.18455
CVE-2017-9151,0.00204,0.58448
CVE-2017-9152,0.00204,0.58448
CVE-2017-9153,0.00230,0.61270
CVE-2017-9154,0.00168,0.53576
CVE-2017-9155,0.00168,0.53576
CVE-2017-9156,0.00202,0.58151
CVE-2017-9157,0.00202,0.58151
CVE-2017-9158,0.00202,0.58151
CVE-2017-9159,0.00202,0.58151
CVE-2017-9160,0.00204,0.58448
CVE-2017-9161,0.00204,0.58448
CVE-2017-9162,0.00204,0.58448
CVE-2017-9163,0.00204,0.58448
CVE-2017-9164,0.00204,0.58448
CVE-2017-9165,0.00204,0.58448
CVE-2017-9166,0.00204,0.58448
CVE-2017-9167,0.00204,0.58448
CVE-2017-9168,0.00204,0.58448
CVE-2017-9169,0.00204,0.58448
CVE-2017-9170,0.00204,0.58448
CVE-2017-9171,0.00204,0.58448
CVE-2017-9172,0.00204,0.58448
CVE-2017-9173,0.00204,0.58448
CVE-2017-9174,0.00168,0.53576
CVE-2017-9175,0.00202,0.58151
CVE-2017-9176,0.00202,0.58151
CVE-2017-9177,0.00168,0.53576
CVE-2017-9178,0.00202,0.58151
CVE-2017-9179,0.00168,0.53576
CVE-2017-9180,0.00148,0.50789
CVE-2017-9181,0.00202,0.58151
CVE-2017-9182,0.00148,0.50789
CVE-2017-9183,0.00240,0.62098
CVE-2017-9184,0.00204,0.58448
CVE-2017-9185,0.00204,0.58448
CVE-2017-9186,0.00204,0.58448
CVE-2017-9187,0.00204,0.58448
CVE-2017-9188,0.00204,0.58448
CVE-2017-9189,0.00168,0.53576
CVE-2017-9190,0.00168,0.53576
CVE-2017-9191,0.00204,0.58448
CVE-2017-9192,0.00204,0.58448
CVE-2017-9193,0.00204,0.58448
CVE-2017-9194,0.00204,0.58448
CVE-2017-9195,0.00204,0.58448
CVE-2017-9196,0.00204,0.58448
CVE-2017-9197,0.00204,0.58448
CVE-2017-9198,0.00204,0.58448
CVE-2017-9199,0.00204,0.58448
CVE-2017-9200,0.00204,0.58448
CVE-2017-9201,0.00094,0.39440
CVE-2017-9202,0.00094,0.39440
CVE-2017-9203,0.00094,0.39440
CVE-2017-9204,0.00094,0.39440
CVE-2017-9205,0.00094,0.39440
CVE-2017-9206,0.00094,0.39440
CVE-2017-9207,0.00094,0.39440
CVE-2017-9208,0.00143,0.50055
CVE-2017-9209,0.00174,0.54651
CVE-2017-9210,0.00174,0.54651
CVE-2017-9211,0.00042,0.05722
CVE-2017-9212,0.00124,0.46774
CVE-2017-9214,0.00952,0.81573
CVE-2017-9216,0.00089,0.37304
CVE-2017-9217,0.00706,0.78348
CVE-2017-9218,0.00167,0.53397
CVE-2017-9219,0.00167,0.53397
CVE-2017-9220,0.00167,0.53397
CVE-2017-9221,0.00167,0.53397
CVE-2017-9222,0.00100,0.40869
CVE-2017-9223,0.00167,0.53397
CVE-2017-9224,0.00419,0.71578
CVE-2017-9225,0.00338,0.68456
CVE-2017-9226,0.00515,0.74285
CVE-2017-9227,0.00338,0.68440
CVE-2017-9228,0.00811,0.79948
CVE-2017-9229,0.00256,0.63533
CVE-2017-9230,0.00532,0.74712
CVE-2017-9231,0.00128,0.47443
CVE-2017-9232,0.24377,0.96215
CVE-2017-9233,0.00304,0.66624
CVE-2017-9239,0.00381,0.70256
CVE-2017-9242,0.00042,0.05722
CVE-2017-9243,0.00116,0.45318
CVE-2017-9244,0.00133,0.48383
CVE-2017-9245,0.00332,0.68208
CVE-2017-9246,0.00212,0.59184
CVE-2017-9247,0.00044,0.10364
CVE-2017-9248,0.07915,0.93660
CVE-2017-9249,0.00071,0.29178
CVE-2017-9250,0.00447,0.72427
CVE-2017-9251,0.00079,0.32992
CVE-2017-9252,0.00079,0.32992
CVE-2017-9253,0.00167,0.53397
CVE-2017-9254,0.00167,0.53397
CVE-2017-9255,0.00167,0.53397
CVE-2017-9256,0.00167,0.53397
CVE-2017-9257,0.00167,0.53397
CVE-2017-9258,0.00119,0.45955
CVE-2017-9259,0.00144,0.50270
CVE-2017-9260,0.00199,0.57784
CVE-2017-9261,0.00082,0.34124
CVE-2017-9262,0.00082,0.34124
CVE-2017-9263,0.00250,0.62983
CVE-2017-9264,0.00433,0.71980
CVE-2017-9265,0.01846,0.87072
CVE-2017-9267,0.00227,0.60994
CVE-2017-9268,0.00086,0.35532
CVE-2017-9269,0.00315,0.67315
CVE-2017-9270,0.00207,0.58725
CVE-2017-9271,0.00042,0.05722
CVE-2017-9272,0.00112,0.44376
CVE-2017-9273,0.00090,0.38018
CVE-2017-9274,0.00316,0.67328
CVE-2017-9275,0.00078,0.32606
CVE-2017-9276,0.00079,0.32992
CVE-2017-9277,0.00181,0.55378
CVE-2017-9278,0.00244,0.62506
CVE-2017-9279,0.00159,0.52439
CVE-2017-9280,0.00178,0.55045
CVE-2017-9281,0.00112,0.44376
CVE-2017-9282,0.00208,0.58788
CVE-2017-9283,0.00208,0.58788
CVE-2017-9284,0.00168,0.53801
CVE-2017-9285,0.00296,0.66219
CVE-2017-9286,0.00171,0.54228
CVE-2017-9287,0.91497,0.98696
CVE-2017-9288,0.00168,0.53808
CVE-2017-9289,0.00088,0.37136
CVE-2017-9292,0.00085,0.35433
CVE-2017-9294,0.00441,0.72282
CVE-2017-9295,0.00108,0.43486
CVE-2017-9296,0.00105,0.42637
CVE-2017-9297,0.00105,0.42637
CVE-2017-9298,0.00065,0.27007
CVE-2017-9299,0.00088,0.37136
CVE-2017-9300,0.00816,0.80003
CVE-2017-9301,0.00467,0.72974
CVE-2017-9302,0.00117,0.45504
CVE-2017-9303,0.00105,0.42637
CVE-2017-9304,0.00209,0.58885
CVE-2017-9305,0.00150,0.51204
CVE-2017-9306,0.00117,0.45640
CVE-2017-9307,0.00125,0.46941
CVE-2017-9310,0.00062,0.24773
CVE-2017-9312,0.00057,0.21549
CVE-2017-9313,0.00213,0.59286
CVE-2017-9314,0.00087,0.36023
CVE-2017-9315,0.00601,0.76219
CVE-2017-9316,0.00226,0.60939
CVE-2017-9317,0.00104,0.42231
CVE-2017-9324,0.00149,0.50932
CVE-2017-9325,0.00084,0.34791
CVE-2017-9326,0.00104,0.42231
CVE-2017-9327,0.00065,0.26756
CVE-2017-9328,0.01507,0.85633
CVE-2017-9330,0.00062,0.24773
CVE-2017-9331,0.00061,0.24005
CVE-2017-9332,0.00079,0.32992
CVE-2017-9333,0.00870,0.80634
CVE-2017-9334,0.00098,0.40487
CVE-2017-9336,0.00079,0.32992
CVE-2017-9337,0.00079,0.32992
CVE-2017-9338,0.00053,0.19109
CVE-2017-9339,0.00067,0.27664
CVE-2017-9340,0.00067,0.27797
CVE-2017-9343,0.00354,0.69140
CVE-2017-9344,0.00301,0.66472
CVE-2017-9345,0.00305,0.66724
CVE-2017-9346,0.00305,0.66724
CVE-2017-9347,0.02138,0.88165
CVE-2017-9348,0.00394,0.70759
CVE-2017-9349,0.00301,0.66472
CVE-2017-9350,0.00402,0.71020
CVE-2017-9351,0.00341,0.68561
CVE-2017-9352,0.00317,0.67417
CVE-2017-9353,0.02140,0.88173
CVE-2017-9354,0.00402,0.71020
CVE-2017-9355,0.02873,0.89762
CVE-2017-9356,0.00074,0.30677
CVE-2017-9358,0.00694,0.78144
CVE-2017-9359,0.00660,0.77494
CVE-2017-9360,0.00138,0.49278
CVE-2017-9361,0.00079,0.32992
CVE-2017-9362,0.00086,0.35831
CVE-2017-9363,0.01057,0.82560
CVE-2017-9364,0.00243,0.62372
CVE-2017-9365,0.00103,0.41646
CVE-2017-9366,0.00061,0.24005
CVE-2017-9367,0.00195,0.57397
CVE-2017-9368,0.00176,0.54813
CVE-2017-9369,0.00065,0.26851
CVE-2017-9370,0.00078,0.32769
CVE-2017-9371,0.00085,0.35272
CVE-2017-9372,0.01208,0.83809
CVE-2017-9373,0.00062,0.24773
CVE-2017-9374,0.00062,0.24773
CVE-2017-9375,0.00062,0.24773
CVE-2017-9376,0.00115,0.45226
CVE-2017-9377,0.00194,0.57365
CVE-2017-9378,0.00058,0.21920
CVE-2017-9379,0.00112,0.44586
CVE-2017-9380,0.01369,0.84906
CVE-2017-9381,0.00393,0.70737
CVE-2017-9382,0.01349,0.84762
CVE-2017-9383,0.01313,0.84552
CVE-2017-9384,0.02169,0.88260
CVE-2017-9385,0.05135,0.92219
CVE-2017-9386,0.01208,0.83813
CVE-2017-9387,0.00053,0.18833
CVE-2017-9388,0.02169,0.88260
CVE-2017-9389,0.02899,0.89801
CVE-2017-9390,0.00544,0.75025
CVE-2017-9391,0.01775,0.86753
CVE-2017-9392,0.01775,0.86753
CVE-2017-9393,0.00441,0.72282
CVE-2017-9394,0.00065,0.27007
CVE-2017-9403,0.00255,0.63480
CVE-2017-9404,0.00190,0.56600
CVE-2017-9405,0.00082,0.34013
CVE-2017-9406,0.00299,0.66376
CVE-2017-9407,0.00082,0.34013
CVE-2017-9408,0.00299,0.66376
CVE-2017-9409,0.00082,0.34013
CVE-2017-9412,0.00177,0.54961
CVE-2017-9413,0.00342,0.68606
CVE-2017-9414,0.35919,0.96777
CVE-2017-9415,0.00130,0.47884
CVE-2017-9416,0.01037,0.82370
CVE-2017-9417,0.05865,0.92703
CVE-2017-9418,0.00122,0.46500
CVE-2017-9419,0.00116,0.45370
CVE-2017-9420,0.00127,0.47330
CVE-2017-9421,0.00150,0.51089
CVE-2017-9424,0.01315,0.84573
CVE-2017-9425,0.00337,0.68416
CVE-2017-9426,0.03134,0.90142
CVE-2017-9427,0.00109,0.43807
CVE-2017-9428,0.00317,0.67396
CVE-2017-9429,0.00122,0.46500
CVE-2017-9430,0.02072,0.87926
CVE-2017-9431,0.00255,0.63453
CVE-2017-9432,0.00277,0.64941
CVE-2017-9433,0.00379,0.70204
CVE-2017-9434,0.00191,0.56696
CVE-2017-9435,0.00152,0.51379
CVE-2017-9436,0.00138,0.49278
CVE-2017-9437,0.00099,0.40746
CVE-2017-9438,0.00772,0.79412
CVE-2017-9439,0.00088,0.36968
CVE-2017-9440,0.00088,0.36968
CVE-2017-9441,0.00065,0.27007
CVE-2017-9442,0.00392,0.70721
CVE-2017-9443,0.00109,0.43807
CVE-2017-9444,0.00073,0.30112
CVE-2017-9445,0.52834,0.97320
CVE-2017-9447,0.00975,0.81792
CVE-2017-9448,0.00065,0.27007
CVE-2017-9449,0.00104,0.42003
CVE-2017-9450,0.00042,0.05722
CVE-2017-9451,0.00125,0.47020
CVE-2017-9452,0.00071,0.29360
CVE-2017-9453,0.00132,0.48093
CVE-2017-9454,0.00235,0.61655
CVE-2017-9457,0.00052,0.18252
CVE-2017-9458,0.00779,0.79514
CVE-2017-9459,0.00107,0.43129
CVE-2017-9461,0.00721,0.78638
CVE-2017-9462,0.02997,0.89931
CVE-2017-9463,0.00092,0.38675
CVE-2017-9464,0.00105,0.42674
CVE-2017-9465,0.00355,0.69178
CVE-2017-9466,0.00289,0.65743
CVE-2017-9467,0.00107,0.43129
CVE-2017-9468,0.01115,0.83060
CVE-2017-9469,0.00945,0.81485
CVE-2017-9470,0.00335,0.68337
CVE-2017-9471,0.00522,0.74463
CVE-2017-9472,0.00199,0.57784
CVE-2017-9473,0.00522,0.74463
CVE-2017-9474,0.00199,0.57784
CVE-2017-9475,0.00230,0.61276
CVE-2017-9476,0.00871,0.80644
CVE-2017-9477,0.00312,0.67100
CVE-2017-9478,0.00714,0.78493
CVE-2017-9479,0.00824,0.80118
CVE-2017-9480,0.00042,0.05722
CVE-2017-9481,0.00194,0.57374
CVE-2017-9482,0.00813,0.79969
CVE-2017-9483,0.00840,0.80309
CVE-2017-9484,0.00714,0.78493
CVE-2017-9485,0.00194,0.57374
CVE-2017-9486,0.00714,0.78493
CVE-2017-9487,0.00370,0.69850
CVE-2017-9488,0.00315,0.67322
CVE-2017-9489,0.00112,0.44586
CVE-2017-9490,0.00112,0.44586
CVE-2017-9491,0.00146,0.50431
CVE-2017-9492,0.00254,0.63427
CVE-2017-9493,0.00151,0.51292
CVE-2017-9494,0.00175,0.54711
CVE-2017-9495,0.00070,0.29068
CVE-2017-9496,0.00070,0.29068
CVE-2017-9497,0.00076,0.31358
CVE-2017-9498,0.00042,0.05722
CVE-2017-9499,0.00213,0.59317
CVE-2017-9500,0.00288,0.65676
CVE-2017-9501,0.00213,0.59317
CVE-2017-9502,0.00218,0.59840
CVE-2017-9503,0.00062,0.24773
CVE-2017-9505,0.00149,0.50909
CVE-2017-9506,0.00575,0.75665
CVE-2017-9507,0.00065,0.27007
CVE-2017-9508,0.00065,0.27007
CVE-2017-9509,0.00065,0.27007
CVE-2017-9510,0.00065,0.27007
CVE-2017-9511,0.00233,0.61489
CVE-2017-9512,0.01128,0.83176
CVE-2017-9513,0.00071,0.29441
CVE-2017-9514,0.00095,0.39649
CVE-2017-9516,0.00114,0.44790
CVE-2017-9517,0.00073,0.30112
CVE-2017-9518,0.00073,0.30112
CVE-2017-9519,0.00073,0.30112
CVE-2017-9520,0.00133,0.48308
CVE-2017-9521,0.00987,0.81924
CVE-2017-9522,0.00286,0.65593
CVE-2017-9523,0.00083,0.34400
CVE-2017-9524,0.02585,0.89222
CVE-2017-9525,0.00062,0.24773
CVE-2017-9526,0.00402,0.71033
CVE-2017-9527,0.00168,0.53609
CVE-2017-9528,0.00736,0.78857
CVE-2017-9529,0.00409,0.71256
CVE-2017-9530,0.00121,0.46276
CVE-2017-9531,0.00085,0.35384
CVE-2017-9532,0.00085,0.35384
CVE-2017-9533,0.00085,0.35384
CVE-2017-9534,0.00085,0.35384
CVE-2017-9535,0.00085,0.35384
CVE-2017-9536,0.00085,0.35384
CVE-2017-9537,0.00065,0.27007
CVE-2017-9538,0.00176,0.54796
CVE-2017-9542,0.00327,0.67928
CVE-2017-9543,0.01818,0.86934
CVE-2017-9544,0.06811,0.93235
CVE-2017-9545,0.00177,0.54869
CVE-2017-9546,0.00092,0.38927
CVE-2017-9547,0.00065,0.27007
CVE-2017-9548,0.00065,0.27007
CVE-2017-9551,0.00085,0.35433
CVE-2017-9552,0.00042,0.05722
CVE-2017-9553,0.00089,0.37249
CVE-2017-9554,0.02945,0.89857
CVE-2017-9555,0.00054,0.19121
CVE-2017-9556,0.00054,0.19121
CVE-2017-9557,0.03701,0.90901
CVE-2017-9558,0.00077,0.31860
CVE-2017-9559,0.00077,0.31860
CVE-2017-9560,0.00077,0.31860
CVE-2017-9561,0.00077,0.31860
CVE-2017-9562,0.00077,0.31860
CVE-2017-9563,0.00077,0.31860
CVE-2017-9564,0.00077,0.31860
CVE-2017-9565,0.00077,0.31860
CVE-2017-9566,0.00077,0.31860
CVE-2017-9567,0.00077,0.31860
CVE-2017-9568,0.00077,0.31860
CVE-2017-9569,0.00077,0.31860
CVE-2017-9570,0.00077,0.31860
CVE-2017-9571,0.00077,0.31860
CVE-2017-9572,0.00077,0.31860
CVE-2017-9573,0.00077,0.31860
CVE-2017-9574,0.00077,0.31860
CVE-2017-9575,0.00077,0.31860
CVE-2017-9576,0.00077,0.31860
CVE-2017-9577,0.00077,0.31860
CVE-2017-9578,0.00077,0.31860
CVE-2017-9579,0.00077,0.31860
CVE-2017-9580,0.00077,0.31860
CVE-2017-9581,0.00077,0.31860
CVE-2017-9582,0.00077,0.31860
CVE-2017-9583,0.00077,0.31860
CVE-2017-9584,0.00077,0.31860
CVE-2017-9585,0.00077,0.31860
CVE-2017-9586,0.00077,0.31860
CVE-2017-9587,0.00077,0.31860
CVE-2017-9588,0.00077,0.31860
CVE-2017-9589,0.00077,0.31860
CVE-2017-9590,0.00077,0.31860
CVE-2017-9591,0.00077,0.31860
CVE-2017-9592,0.00077,0.31860
CVE-2017-9593,0.00077,0.31860
CVE-2017-9594,0.00077,0.31860
CVE-2017-9595,0.00077,0.31860
CVE-2017-9596,0.00077,0.31860
CVE-2017-9597,0.00077,0.31860
CVE-2017-9598,0.00077,0.31860
CVE-2017-9599,0.00077,0.31860
CVE-2017-9600,0.00077,0.31860
CVE-2017-9601,0.00077,0.31860
CVE-2017-9602,0.01746,0.86655
CVE-2017-9603,0.00662,0.77544
CVE-2017-9604,0.00265,0.64235
CVE-2017-9605,0.00042,0.05722
CVE-2017-9606,0.00042,0.05722
CVE-2017-9607,0.00070,0.28841
CVE-2017-9608,0.03872,0.91090
CVE-2017-9609,0.00085,0.35384
CVE-2017-9610,0.00291,0.65881
CVE-2017-9611,0.00581,0.75800
CVE-2017-9612,0.00698,0.78218
CVE-2017-9613,0.00161,0.52693
CVE-2017-9614,0.01577,0.85983
CVE-2017-9615,0.00244,0.62506
CVE-2017-9616,0.00081,0.33759
CVE-2017-9617,0.00081,0.33759
CVE-2017-9618,0.00345,0.68749
CVE-2017-9619,0.00291,0.65881
CVE-2017-9620,0.00291,0.65881
CVE-2017-9621,0.00093,0.39012
CVE-2017-9622,0.00093,0.39012
CVE-2017-9623,0.00109,0.43553
CVE-2017-9624,0.00109,0.43553
CVE-2017-9625,0.00185,0.55834
CVE-2017-9626,0.00213,0.59361
CVE-2017-9627,0.00312,0.67107
CVE-2017-9628,0.00057,0.21246
CVE-2017-9629,0.02113,0.88050
CVE-2017-9630,0.00099,0.40685
CVE-2017-9631,0.00264,0.64084
CVE-2017-9632,0.00144,0.50269
CVE-2017-9633,0.00460,0.72786
CVE-2017-9634,0.00478,0.73310
CVE-2017-9635,0.00059,0.23160
CVE-2017-9636,0.00485,0.73493
CVE-2017-9637,0.00054,0.19415
CVE-2017-9638,0.06479,0.93055
CVE-2017-9639,0.01183,0.83627
CVE-2017-9640,0.00134,0.48589
CVE-2017-9641,0.00224,0.60774
CVE-2017-9644,0.00049,0.15150
CVE-2017-9645,0.00053,0.18491
CVE-2017-9646,0.00080,0.33229
CVE-2017-9647,0.00042,0.00438
CVE-2017-9648,0.00080,0.33229
CVE-2017-9649,0.00054,0.19260
CVE-2017-9650,0.00073,0.30293
CVE-2017-9653,0.00417,0.71522
CVE-2017-9654,0.00216,0.59671
CVE-2017-9655,0.00090,0.38035
CVE-2017-9656,0.00248,0.62804
CVE-2017-9657,0.00117,0.45483
CVE-2017-9658,0.00117,0.45483
CVE-2017-9659,0.04332,0.91528
CVE-2017-9660,0.04424,0.91603
CVE-2017-9661,0.00080,0.33229
CVE-2017-9662,0.00046,0.12668
CVE-2017-9663,0.00094,0.39346
CVE-2017-9664,0.00204,0.58456
CVE-2017-9668,0.00081,0.33720
CVE-2017-9669,0.02413,0.88877
CVE-2017-9670,0.00063,0.25378
CVE-2017-9671,0.02413,0.88877
CVE-2017-9673,0.00118,0.45789
CVE-2017-9674,0.00047,0.14168
CVE-2017-9675,0.01516,0.85671
CVE-2017-9676,0.00055,0.20666
CVE-2017-9677,0.00075,0.31044
CVE-2017-9678,0.00063,0.25160
CVE-2017-9679,0.00083,0.34290
CVE-2017-9680,0.00083,0.34290
CVE-2017-9681,0.00055,0.20371
CVE-2017-9682,0.00055,0.20666
CVE-2017-9683,0.00044,0.10161
CVE-2017-9684,0.00074,0.30498
CVE-2017-9685,0.00116,0.45456
CVE-2017-9686,0.00044,0.10161
CVE-2017-9687,0.00044,0.10161
CVE-2017-9689,0.00044,0.10161
CVE-2017-9690,0.00044,0.10161
CVE-2017-9691,0.00044,0.10161
CVE-2017-9692,0.00059,0.22933
CVE-2017-9693,0.00051,0.17134
CVE-2017-9694,0.00056,0.21003
CVE-2017-9696,0.00080,0.33409
CVE-2017-9697,0.00044,0.10161
CVE-2017-9698,0.00044,0.10161
CVE-2017-9700,0.00044,0.10161
CVE-2017-9701,0.00080,0.33409
CVE-2017-9702,0.00044,0.10161
CVE-2017-9703,0.00044,0.10161
CVE-2017-9704,0.00044,0.10161
CVE-2017-9705,0.00044,0.10161
CVE-2017-9706,0.00044,0.10161
CVE-2017-9708,0.00044,0.10161
CVE-2017-9709,0.00106,0.42770
CVE-2017-9710,0.00044,0.10161
CVE-2017-9712,0.00080,0.33409
CVE-2017-9714,0.00044,0.10161
CVE-2017-9715,0.00083,0.34290
CVE-2017-9716,0.00044,0.10161
CVE-2017-9717,0.00083,0.34290
CVE-2017-9718,0.00044,0.10161
CVE-2017-9719,0.00047,0.13986
CVE-2017-9720,0.00063,0.25160
CVE-2017-9721,0.00047,0.13986
CVE-2017-9722,0.00044,0.10161
CVE-2017-9723,0.00044,0.10161
CVE-2017-9724,0.00063,0.25160
CVE-2017-9725,0.00175,0.54765
CVE-2017-9726,0.00515,0.74277
CVE-2017-9727,0.00581,0.75800
CVE-2017-9728,0.00222,0.60556
CVE-2017-9729,0.00112,0.44376
CVE-2017-9730,0.00161,0.52703
CVE-2017-9731,0.00169,0.53886
CVE-2017-9732,0.00567,0.75484
CVE-2017-9735,0.00299,0.66398
CVE-2017-9736,0.02808,0.89656
CVE-2017-9739,0.00581,0.75800
CVE-2017-9740,0.00291,0.65881
CVE-2017-9741,0.00847,0.80389
CVE-2017-9742,0.02730,0.89527
CVE-2017-9743,0.01081,0.82794
CVE-2017-9744,0.00932,0.81349
CVE-2017-9745,0.00932,0.81349
CVE-2017-9746,0.02730,0.89527
CVE-2017-9747,0.03229,0.90290
CVE-2017-9748,0.03229,0.90290
CVE-2017-9749,0.02730,0.89527
CVE-2017-9750,0.02730,0.89527
CVE-2017-9751,0.01081,0.82794
CVE-2017-9752,0.00932,0.81349
CVE-2017-9753,0.00932,0.81349
CVE-2017-9754,0.00932,0.81349
CVE-2017-9755,0.01081,0.82794
CVE-2017-9756,0.02730,0.89527
CVE-2017-9757,0.74129,0.97875
CVE-2017-9758,0.00269,0.64464
CVE-2017-9759,0.00135,0.48655
CVE-2017-9761,0.00236,0.61765
CVE-2017-9762,0.00092,0.38844
CVE-2017-9763,0.00504,0.74022
CVE-2017-9764,0.00133,0.48383
CVE-2017-9765,0.22576,0.96098
CVE-2017-9766,0.00187,0.56287
CVE-2017-9767,0.01027,0.82262
CVE-2017-9769,0.23210,0.96139
CVE-2017-9770,0.00044,0.10445
CVE-2017-9771,0.00504,0.74018
CVE-2017-9772,0.00488,0.73573
CVE-2017-9773,0.00089,0.37443
CVE-2017-9774,0.00445,0.72353
CVE-2017-9775,0.00431,0.71918
CVE-2017-9776,0.00487,0.73539
CVE-2017-9778,0.00057,0.21242
CVE-2017-9779,0.00044,0.10161
CVE-2017-9780,0.00042,0.05722
CVE-2017-9781,0.00216,0.59653
CVE-2017-9782,0.00445,0.72352
CVE-2017-9783,0.00093,0.39012
CVE-2017-9785,0.00561,0.75335
CVE-2017-9786,0.00116,0.45370
CVE-2017-9787,0.03467,0.90617
CVE-2017-9788,0.53945,0.97344
CVE-2017-9789,0.03759,0.90967
CVE-2017-9790,0.00076,0.31200
CVE-2017-9791,0.97448,0.99945
CVE-2017-9792,0.00127,0.47315
CVE-2017-9793,0.94106,0.99004
CVE-2017-9794,0.00046,0.12541
CVE-2017-9795,0.02946,0.89858
CVE-2017-9796,0.00047,0.14017
CVE-2017-9797,0.00054,0.19418
CVE-2017-9798,0.97353,0.99884
CVE-2017-9799,0.00389,0.70592
CVE-2017-9800,0.17115,0.95622
CVE-2017-9801,0.00276,0.64904
CVE-2017-9802,0.00238,0.61987
CVE-2017-9803,0.00059,0.22999
CVE-2017-9804,0.03366,0.90490
CVE-2017-9805,0.97535,0.99994
CVE-2017-9806,0.00056,0.21172
CVE-2017-9807,0.00855,0.80485
CVE-2017-9808,0.00071,0.29165
CVE-2017-9809,0.00066,0.27594
CVE-2017-9810,0.03132,0.90138
CVE-2017-9811,0.01571,0.85940
CVE-2017-9812,0.12604,0.94973
CVE-2017-9813,0.00884,0.80796
CVE-2017-9814,0.00525,0.74546
CVE-2017-9815,0.00281,0.65227
CVE-2017-9816,0.00116,0.45370
CVE-2017-9818,0.00186,0.55900
CVE-2017-9819,0.00474,0.73161
CVE-2017-9820,0.00474,0.73161
CVE-2017-9821,0.00217,0.59752
CVE-2017-9822,0.96287,0.99435
CVE-2017-9828,0.01521,0.85707
CVE-2017-9829,0.27642,0.96403
CVE-2017-9830,0.12057,0.94882
CVE-2017-9831,0.00922,0.81250
CVE-2017-9832,0.00922,0.81250
CVE-2017-9833,0.35156,0.96746
CVE-2017-9834,0.00388,0.70526
CVE-2017-9835,0.00740,0.78909
CVE-2017-9836,0.00065,0.27007
CVE-2017-9838,0.00058,0.22585
CVE-2017-9839,0.00091,0.38618
CVE-2017-9840,0.00124,0.46763
CVE-2017-9841,0.97477,0.99964
CVE-2017-9843,0.00131,0.47949
CVE-2017-9844,0.01022,0.82228
CVE-2017-9845,0.00189,0.56468
CVE-2017-9846,0.00399,0.70933
CVE-2017-9847,0.00120,0.46065
CVE-2017-9848,0.00135,0.48833
CVE-2017-9851,0.00215,0.59583
CVE-2017-9852,0.00315,0.67315
CVE-2017-9853,0.00315,0.67315
CVE-2017-9854,0.00315,0.67315
CVE-2017-9855,0.00283,0.65425
CVE-2017-9856,0.00245,0.62617
CVE-2017-9857,0.00137,0.49172
CVE-2017-9858,0.00182,0.55538
CVE-2017-9859,0.00315,0.67315
CVE-2017-9860,0.00315,0.67315
CVE-2017-9861,0.00137,0.49172
CVE-2017-9862,0.00182,0.55538
CVE-2017-9863,0.00125,0.46991
CVE-2017-9864,0.00147,0.50658
CVE-2017-9865,0.01170,0.83526
CVE-2017-9868,0.00042,0.05722
CVE-2017-9869,0.01021,0.82223
CVE-2017-9870,0.00147,0.50612
CVE-2017-9871,0.00259,0.63776
CVE-2017-9872,0.01620,0.86178
CVE-2017-9873,0.00085,0.35384
CVE-2017-9874,0.00085,0.35384
CVE-2017-9875,0.00085,0.35384
CVE-2017-9876,0.00085,0.35384
CVE-2017-9877,0.00085,0.35384
CVE-2017-9878,0.00085,0.35384
CVE-2017-9879,0.00085,0.35384
CVE-2017-9880,0.00085,0.35384
CVE-2017-9881,0.00085,0.35384
CVE-2017-9882,0.00085,0.35384
CVE-2017-9883,0.00085,0.35384
CVE-2017-9884,0.00070,0.28841
CVE-2017-9885,0.00070,0.28841
CVE-2017-9886,0.00070,0.28841
CVE-2017-9887,0.00070,0.28841
CVE-2017-9888,0.00070,0.28841
CVE-2017-9889,0.00070,0.28841
CVE-2017-9890,0.00070,0.28841
CVE-2017-9891,0.00070,0.28841
CVE-2017-9892,0.00070,0.28841
CVE-2017-9893,0.00248,0.62803
CVE-2017-9894,0.00248,0.62803
CVE-2017-9895,0.00409,0.71256
CVE-2017-9896,0.00409,0.71256
CVE-2017-9897,0.00409,0.71256
CVE-2017-9898,0.00409,0.71256
CVE-2017-9899,0.00409,0.71256
CVE-2017-9900,0.00409,0.71256
CVE-2017-9901,0.00409,0.71256
CVE-2017-9902,0.00409,0.71256
CVE-2017-9903,0.00409,0.71256
CVE-2017-9904,0.00247,0.62707
CVE-2017-9905,0.00247,0.62707
CVE-2017-9906,0.00247,0.62707
CVE-2017-9907,0.00247,0.62707
CVE-2017-9908,0.00247,0.62707
CVE-2017-9909,0.00247,0.62707
CVE-2017-9910,0.00247,0.62707
CVE-2017-9911,0.00247,0.62707
CVE-2017-9912,0.00247,0.62707
CVE-2017-9913,0.00247,0.62707
CVE-2017-9914,0.00409,0.71256
CVE-2017-9915,0.00103,0.41687
CVE-2017-9916,0.00044,0.10161
CVE-2017-9917,0.00063,0.25378
CVE-2017-9918,0.00103,0.41687
CVE-2017-9919,0.00103,0.41687
CVE-2017-9920,0.00103,0.41687
CVE-2017-9921,0.00103,0.41687
CVE-2017-9922,0.00103,0.41687
CVE-2017-9923,0.00103,0.41687
CVE-2017-9924,0.00681,0.77939
CVE-2017-9925,0.00681,0.77939
CVE-2017-9926,0.00374,0.69974
CVE-2017-9927,0.00374,0.69974
CVE-2017-9928,0.00160,0.52620
CVE-2017-9929,0.00160,0.52620
CVE-2017-9930,0.00112,0.44586
CVE-2017-9931,0.00088,0.37136
CVE-2017-9932,0.00659,0.77474
CVE-2017-9933,0.00326,0.67841
CVE-2017-9934,0.00571,0.75558
CVE-2017-9935,0.00447,0.72418
CVE-2017-9936,0.02780,0.89605
CVE-2017-9937,0.00145,0.50425
CVE-2017-9938,0.00319,0.67554
CVE-2017-9939,0.00254,0.63295
CVE-2017-9940,0.00055,0.20371
CVE-2017-9941,0.00109,0.43550
CVE-2017-9942,0.00042,0.05722
CVE-2017-9944,0.00411,0.71320
CVE-2017-9945,0.00055,0.20569
CVE-2017-9946,0.00988,0.81933
CVE-2017-9947,0.00419,0.71582
CVE-2017-9948,0.00477,0.73238
CVE-2017-9949,0.00339,0.68505
CVE-2017-9951,0.00949,0.81527
CVE-2017-9953,0.00136,0.49001
CVE-2017-9954,0.00393,0.70757
CVE-2017-9955,0.00135,0.48662
CVE-2017-9956,0.00102,0.41540
CVE-2017-9957,0.00293,0.66039
CVE-2017-9958,0.00047,0.13886
CVE-2017-9959,0.00047,0.13886
CVE-2017-9960,0.00090,0.37730
CVE-2017-9961,0.00047,0.13886
CVE-2017-9962,0.00105,0.42447
CVE-2017-9963,0.00067,0.27673
CVE-2017-9964,0.00160,0.52654
CVE-2017-9965,0.00094,0.39459
CVE-2017-9966,0.00229,0.61198
CVE-2017-9967,0.00047,0.13886
CVE-2017-9968,0.00094,0.39331
CVE-2017-9969,0.00056,0.20997
CVE-2017-9970,0.01200,0.83745
CVE-2017-9977,0.00180,0.55248
CVE-2017-9978,0.00168,0.53553
CVE-2017-9979,0.00234,0.61528
CVE-2017-9980,0.05001,0.92112
CVE-2017-9982,0.00450,0.72505
CVE-2017-9984,0.00042,0.05722
CVE-2017-9985,0.00042,0.05722
CVE-2017-9986,0.00042,0.05722
CVE-2017-9987,0.00163,0.52969
CVE-2017-9988,0.00252,0.63177
CVE-2017-9989,0.00252,0.63177
CVE-2017-9990,0.00384,0.70386
CVE-2017-9991,0.00219,0.59922
CVE-2017-9992,0.00290,0.65813
CVE-2017-9993,0.00471,0.73080
CVE-2017-9994,0.00562,0.75360
CVE-2017-9995,0.00432,0.71965
CVE-2017-9996,0.00432,0.71965
CVE-2017-9998,0.00091,0.38094
CVE-2018-0001,0.06007,0.92781
CVE-2018-0002,0.00096,0.39910
CVE-2018-0003,0.00106,0.42981
CVE-2018-0004,0.00098,0.40501
CVE-2018-0005,0.00073,0.30232
CVE-2018-0006,0.00055,0.20569
CVE-2018-0007,0.00168,0.53625
CVE-2018-0008,0.00052,0.18252
CVE-2018-0009,0.00369,0.69823
CVE-2018-0010,0.00054,0.19226
CVE-2018-0011,0.00065,0.27007
CVE-2018-0012,0.00042,0.05722
CVE-2018-0013,0.00059,0.22955
CVE-2018-0014,0.00054,0.19421
CVE-2018-0015,0.00104,0.42231
CVE-2018-0016,0.01675,0.86380
CVE-2018-0017,0.00133,0.48456
CVE-2018-0018,0.00259,0.63668
CVE-2018-0019,0.00173,0.54529
CVE-2018-0020,0.00095,0.39605
CVE-2018-0021,0.00073,0.30232
CVE-2018-0022,0.00314,0.67220
CVE-2018-0023,0.00042,0.05722
CVE-2018-0024,0.00052,0.18252
CVE-2018-0025,0.00882,0.80774
CVE-2018-0026,0.00338,0.68473
CVE-2018-0027,0.00492,0.73690
CVE-2018-0029,0.00054,0.19257
CVE-2018-0030,0.00330,0.68153
CVE-2018-0031,0.00095,0.39605
CVE-2018-0032,0.00095,0.39605
CVE-2018-0034,0.00330,0.68153
CVE-2018-0035,0.00220,0.59991
CVE-2018-0037,0.01340,0.84703
CVE-2018-0038,0.00222,0.60556
CVE-2018-0039,0.00222,0.60556
CVE-2018-0040,0.00150,0.51166
CVE-2018-0041,0.00222,0.60556
CVE-2018-0042,0.00208,0.58788
CVE-2018-0043,0.00624,0.76741
CVE-2018-0044,0.00252,0.63196
CVE-2018-0045,0.00624,0.76741
CVE-2018-0046,0.00269,0.64498
CVE-2018-0047,0.00099,0.40631
CVE-2018-0048,0.00740,0.78908
CVE-2018-0049,0.02776,0.89602
CVE-2018-0050,0.00277,0.64996
CVE-2018-0051,0.00079,0.33053
CVE-2018-0052,0.00802,0.79850
CVE-2018-0053,0.00062,0.24556
CVE-2018-0054,0.00064,0.26175
CVE-2018-0055,0.00064,0.26175
CVE-2018-0056,0.00064,0.26175
CVE-2018-0057,0.00095,0.39749
CVE-2018-0058,0.00166,0.53299
CVE-2018-0059,0.00059,0.23156
CVE-2018-0060,0.00079,0.33053
CVE-2018-0061,0.00167,0.53412
CVE-2018-0062,0.00156,0.52058
CVE-2018-0063,0.00064,0.26175
CVE-2018-0086,0.00237,0.61880
CVE-2018-0087,0.00176,0.54857
CVE-2018-0088,0.00042,0.05722
CVE-2018-0089,0.00173,0.54560
CVE-2018-0090,0.00236,0.61818
CVE-2018-0091,0.00107,0.43129
CVE-2018-0092,0.00042,0.05722
CVE-2018-0093,0.00107,0.43129
CVE-2018-0094,0.00236,0.61818
CVE-2018-0095,0.00042,0.05722
CVE-2018-0096,0.00116,0.45328
CVE-2018-0097,0.00134,0.48580
CVE-2018-0098,0.00129,0.47584
CVE-2018-0099,0.00110,0.44110
CVE-2018-0100,0.00074,0.30676
CVE-2018-0101,0.94157,0.99013
CVE-2018-0102,0.00102,0.41384
CVE-2018-0103,0.00099,0.40665
CVE-2018-0104,0.01624,0.86198
CVE-2018-0105,0.00121,0.46358
CVE-2018-0106,0.00042,0.05722
CVE-2018-0107,0.00181,0.55395
CVE-2018-0108,0.00098,0.40558
CVE-2018-0109,0.00084,0.34923
CVE-2018-0110,0.00149,0.50914
CVE-2018-0111,0.00117,0.45483
CVE-2018-0112,0.00782,0.79550
CVE-2018-0113,0.00275,0.64817
CVE-2018-0114,0.02436,0.88937
CVE-2018-0115,0.00051,0.16910
CVE-2018-0116,0.00105,0.42468
CVE-2018-0117,0.00130,0.47834
CVE-2018-0118,0.00111,0.44252
CVE-2018-0119,0.00096,0.39852
CVE-2018-0120,0.00069,0.28466
CVE-2018-0121,0.00383,0.70326
CVE-2018-0122,0.00051,0.17168
CVE-2018-0123,0.00042,0.05722
CVE-2018-0124,0.02232,0.88436
CVE-2018-0125,0.37559,0.96842
CVE-2018-0127,0.09982,0.94366
CVE-2018-0128,0.00129,0.47584
CVE-2018-0129,0.00129,0.47584
CVE-2018-0130,0.00296,0.66226
CVE-2018-0131,0.00158,0.52257
CVE-2018-0132,0.00237,0.61880
CVE-2018-0134,0.00106,0.42969
CVE-2018-0135,0.00081,0.33588
CVE-2018-0136,0.00287,0.65665
CVE-2018-0137,0.00130,0.47834
CVE-2018-0138,0.00094,0.39395
CVE-2018-0139,0.00237,0.61880
CVE-2018-0140,0.00135,0.48873
CVE-2018-0141,0.00078,0.32623
CVE-2018-0144,0.00107,0.43129
CVE-2018-0145,0.00129,0.47584
CVE-2018-0146,0.00061,0.23886
CVE-2018-0147,0.02321,0.88660
CVE-2018-0148,0.00181,0.55395
CVE-2018-0149,0.00081,0.33536
CVE-2018-0150,0.00366,0.69665
CVE-2018-0151,0.02565,0.89179
CVE-2018-0152,0.00214,0.59409
CVE-2018-0154,0.00303,0.66590
CVE-2018-0155,0.00438,0.72181
CVE-2018-0156,0.00510,0.74175
CVE-2018-0157,0.00237,0.61880
CVE-2018-0158,0.00979,0.81840
CVE-2018-0159,0.00303,0.66590
CVE-2018-0160,0.00143,0.50039
CVE-2018-0161,0.00245,0.62560
CVE-2018-0163,0.00051,0.16943
CVE-2018-0164,0.00107,0.43211
CVE-2018-0165,0.00102,0.41384
CVE-2018-0167,0.00512,0.74206
CVE-2018-0169,0.00051,0.16910
CVE-2018-0170,0.00159,0.52485
CVE-2018-0171,0.78217,0.97991
CVE-2018-0172,0.01096,0.82917
CVE-2018-0173,0.00936,0.81385
CVE-2018-0174,0.00936,0.81385
CVE-2018-0175,0.00405,0.71139
CVE-2018-0176,0.00051,0.16910
CVE-2018-0177,0.00236,0.61818
CVE-2018-0179,0.00161,0.52787
CVE-2018-0180,0.00161,0.52787
CVE-2018-0181,0.00390,0.70623
CVE-2018-0182,0.00042,0.05844
CVE-2018-0183,0.00042,0.05844
CVE-2018-0184,0.00042,0.05844
CVE-2018-0185,0.00042,0.05844
CVE-2018-0186,0.00127,0.47306
CVE-2018-0187,0.00103,0.41586
CVE-2018-0188,0.00127,0.47306
CVE-2018-0189,0.00081,0.33715
CVE-2018-0190,0.00127,0.47306
CVE-2018-0193,0.00042,0.05844
CVE-2018-0194,0.00042,0.05844
CVE-2018-0195,0.00180,0.55291
CVE-2018-0196,0.00080,0.33236
CVE-2018-0197,0.00063,0.25207
CVE-2018-0198,0.00121,0.46358
CVE-2018-0199,0.00430,0.71881
CVE-2018-0200,0.00107,0.43129
CVE-2018-0201,0.00081,0.33536
CVE-2018-0202,0.00465,0.72904
CVE-2018-0203,0.00144,0.50204
CVE-2018-0204,0.00236,0.61818
CVE-2018-0205,0.00108,0.43397
CVE-2018-0206,0.00107,0.43129
CVE-2018-0207,0.00135,0.48829
CVE-2018-0208,0.00065,0.27007
CVE-2018-0209,0.00108,0.43433
CVE-2018-0210,0.00181,0.55395
CVE-2018-0211,0.00042,0.05722
CVE-2018-0212,0.00107,0.43129
CVE-2018-0213,0.00165,0.53249
CVE-2018-0214,0.00051,0.16910
CVE-2018-0215,0.00131,0.47947
CVE-2018-0216,0.00117,0.45475
CVE-2018-0217,0.00051,0.16910
CVE-2018-0218,0.00135,0.48829
CVE-2018-0219,0.00107,0.43129
CVE-2018-0220,0.00065,0.27007
CVE-2018-0221,0.00051,0.17168
CVE-2018-0222,0.00281,0.65220
CVE-2018-0223,0.00107,0.43129
CVE-2018-0224,0.00051,0.16910
CVE-2018-0225,0.00138,0.49278
CVE-2018-0226,0.00351,0.69043
CVE-2018-0227,0.00136,0.48984
CVE-2018-0228,0.00399,0.70929
CVE-2018-0229,0.00184,0.55718
CVE-2018-0230,0.00128,0.47500
CVE-2018-0231,0.00314,0.67204
CVE-2018-0233,0.00128,0.47500
CVE-2018-0234,0.00441,0.72276
CVE-2018-0235,0.00054,0.19257
CVE-2018-0237,0.00130,0.47853
CVE-2018-0238,0.00274,0.64751
CVE-2018-0239,0.00236,0.61818
CVE-2018-0240,0.00235,0.61689
CVE-2018-0241,0.00092,0.38697
CVE-2018-0242,0.00107,0.43129
CVE-2018-0243,0.00093,0.39089
CVE-2018-0244,0.00093,0.39089
CVE-2018-0245,0.00121,0.46358
CVE-2018-0247,0.00118,0.45652
CVE-2018-0248,0.00114,0.44813
CVE-2018-0249,0.00054,0.19257
CVE-2018-0250,0.00044,0.10161
CVE-2018-0251,0.00107,0.43129
CVE-2018-0252,0.00128,0.47500
CVE-2018-0253,0.00440,0.72235
CVE-2018-0254,0.00093,0.39089
CVE-2018-0255,0.00074,0.30680
CVE-2018-0256,0.00121,0.46308
CVE-2018-0257,0.00093,0.39200
CVE-2018-0258,0.00385,0.70437
CVE-2018-0259,0.00074,0.30680
CVE-2018-0260,0.00105,0.42529
CVE-2018-0262,0.03423,0.90569
CVE-2018-0263,0.00110,0.44076
CVE-2018-0264,0.00890,0.80886
CVE-2018-0266,0.00084,0.34923
CVE-2018-0267,0.00042,0.05722
CVE-2018-0268,0.00246,0.62660
CVE-2018-0269,0.00101,0.41192
CVE-2018-0270,0.00074,0.30680
CVE-2018-0271,0.00383,0.70326
CVE-2018-0272,0.00128,0.47436
CVE-2018-0273,0.00164,0.53125
CVE-2018-0274,0.00144,0.50294
CVE-2018-0275,0.00042,0.05722
CVE-2018-0276,0.00127,0.47306
CVE-2018-0277,0.00235,0.61688
CVE-2018-0278,0.00167,0.53466
CVE-2018-0279,0.00265,0.64232
CVE-2018-0280,0.00236,0.61818
CVE-2018-0281,0.00095,0.39706
CVE-2018-0282,0.00157,0.52189
CVE-2018-0283,0.00095,0.39706
CVE-2018-0284,0.00080,0.33236
CVE-2018-0285,0.00148,0.50856
CVE-2018-0286,0.00164,0.53125
CVE-2018-0287,0.02371,0.88780
CVE-2018-0288,0.01115,0.83059
CVE-2018-0289,0.00118,0.45776
CVE-2018-0290,0.00121,0.46225
CVE-2018-0291,0.00114,0.44813
CVE-2018-0292,0.00093,0.39102
CVE-2018-0293,0.00196,0.57518
CVE-2018-0294,0.00042,0.05722
CVE-2018-0295,0.00128,0.47436
CVE-2018-0296,0.97411,0.99923
CVE-2018-0297,0.00093,0.39089
CVE-2018-0298,0.00112,0.44479
CVE-2018-0299,0.00114,0.44813
CVE-2018-0300,0.00547,0.75096
CVE-2018-0301,0.01148,0.83329
CVE-2018-0302,0.00042,0.05722
CVE-2018-0303,0.00093,0.39102
CVE-2018-0304,0.02351,0.88728
CVE-2018-0305,0.00128,0.47500
CVE-2018-0306,0.00042,0.05844
CVE-2018-0307,0.00042,0.05844
CVE-2018-0308,0.02351,0.88728
CVE-2018-0309,0.00110,0.43929
CVE-2018-0310,0.00236,0.61771
CVE-2018-0311,0.00127,0.47377
CVE-2018-0312,0.02351,0.88728
CVE-2018-0313,0.00124,0.46813
CVE-2018-0314,0.02384,0.88812
CVE-2018-0315,0.03135,0.90144
CVE-2018-0316,0.00128,0.47436
CVE-2018-0317,0.00206,0.58575
CVE-2018-0318,0.00513,0.74237
CVE-2018-0319,0.00513,0.74237
CVE-2018-0320,0.00336,0.68390
CVE-2018-0321,0.00400,0.70961
CVE-2018-0322,0.00206,0.58575
CVE-2018-0323,0.00131,0.47957
CVE-2018-0324,0.00042,0.05844
CVE-2018-0325,0.00236,0.61818
CVE-2018-0326,0.00134,0.48580
CVE-2018-0327,0.00107,0.43129
CVE-2018-0328,0.00139,0.49384
CVE-2018-0329,0.00212,0.59265
CVE-2018-0330,0.00125,0.46851
CVE-2018-0331,0.00072,0.29620
CVE-2018-0332,0.00236,0.61818
CVE-2018-0333,0.00095,0.39745
CVE-2018-0334,0.00125,0.46957
CVE-2018-0335,0.00042,0.05722
CVE-2018-0336,0.00206,0.58575
CVE-2018-0337,0.00042,0.05722
CVE-2018-0338,0.00042,0.05722
CVE-2018-0339,0.00107,0.43129
CVE-2018-0340,0.00081,0.33536
CVE-2018-0341,0.00230,0.61220
CVE-2018-0342,0.00042,0.05722
CVE-2018-0343,0.00608,0.76378
CVE-2018-0344,0.00133,0.48313
CVE-2018-0345,0.00138,0.49339
CVE-2018-0346,0.00128,0.47436
CVE-2018-0347,0.00042,0.05722
CVE-2018-0348,0.00144,0.50294
CVE-2018-0349,0.00390,0.70623
CVE-2018-0350,0.00113,0.44643
CVE-2018-0351,0.00042,0.05722
CVE-2018-0352,0.00042,0.05722
CVE-2018-0353,0.00143,0.50027
CVE-2018-0354,0.00107,0.43129
CVE-2018-0355,0.00134,0.48580
CVE-2018-0356,0.00107,0.43129
CVE-2018-0357,0.00107,0.43129
CVE-2018-0358,0.00236,0.61818
CVE-2018-0359,0.00042,0.05722
CVE-2018-0360,0.00256,0.63520
CVE-2018-0361,0.00135,0.48782
CVE-2018-0362,0.00051,0.16923
CVE-2018-0363,0.00181,0.55395
CVE-2018-0364,0.00074,0.30680
CVE-2018-0365,0.00074,0.30680
CVE-2018-0366,0.00107,0.43129
CVE-2018-0367,0.00061,0.23968
CVE-2018-0368,0.00042,0.05722
CVE-2018-0369,0.00107,0.43211
CVE-2018-0370,0.00128,0.47436
CVE-2018-0371,0.00130,0.47859
CVE-2018-0372,0.00178,0.55103
CVE-2018-0373,0.00042,0.05722
CVE-2018-0374,0.00317,0.67448
CVE-2018-0375,0.00284,0.65444
CVE-2018-0376,0.00317,0.67448
CVE-2018-0377,0.00317,0.67448
CVE-2018-0378,0.00554,0.75222
CVE-2018-0379,0.00242,0.62306
CVE-2018-0380,0.00153,0.51518
CVE-2018-0381,0.00052,0.18252
CVE-2018-0382,0.00157,0.52160
CVE-2018-0383,0.00160,0.52544
CVE-2018-0384,0.00131,0.48061
CVE-2018-0385,0.00128,0.47436
CVE-2018-0386,0.00107,0.43129
CVE-2018-0387,0.00488,0.73567
CVE-2018-0388,0.00113,0.44614
CVE-2018-0389,0.00157,0.52083
CVE-2018-0390,0.00127,0.47306
CVE-2018-0391,0.00141,0.49794
CVE-2018-0392,0.00042,0.05722
CVE-2018-0393,0.00080,0.33236
CVE-2018-0394,0.00262,0.63956
CVE-2018-0395,0.00125,0.46900
CVE-2018-0396,0.00205,0.58540
CVE-2018-0397,0.00128,0.47436
CVE-2018-0398,0.00296,0.66226
CVE-2018-0399,0.00296,0.66226
CVE-2018-0400,0.00277,0.64941
CVE-2018-0401,0.00277,0.64941
CVE-2018-0402,0.00183,0.55689
CVE-2018-0403,0.00551,0.75171
CVE-2018-0404,0.00241,0.62204
CVE-2018-0405,0.00295,0.66125
CVE-2018-0406,0.00107,0.43129
CVE-2018-0407,0.00066,0.27429
CVE-2018-0408,0.00066,0.27429
CVE-2018-0409,0.00700,0.78244
CVE-2018-0410,0.00261,0.63898
CVE-2018-0411,0.00107,0.43129
CVE-2018-0412,0.00046,0.12530
CVE-2018-0413,0.00181,0.55395
CVE-2018-0414,0.00189,0.56466
CVE-2018-0415,0.00044,0.10161
CVE-2018-0416,0.00311,0.67065
CVE-2018-0417,0.00045,0.12206
CVE-2018-0418,0.00337,0.68409
CVE-2018-0419,0.00227,0.60966
CVE-2018-0420,0.00168,0.53600
CVE-2018-0421,0.00318,0.67487
CVE-2018-0422,0.00193,0.57271
CVE-2018-0423,0.02317,0.88652
CVE-2018-0424,0.00165,0.53187
CVE-2018-0425,0.00232,0.61386
CVE-2018-0426,0.00414,0.71388
CVE-2018-0427,0.00130,0.47825
CVE-2018-0428,0.00042,0.05722
CVE-2018-0429,0.00042,0.05722
CVE-2018-0430,0.00150,0.51176
CVE-2018-0431,0.00150,0.51176
CVE-2018-0432,0.00131,0.47945
CVE-2018-0433,0.00042,0.05844
CVE-2018-0434,0.00175,0.54692
CVE-2018-0435,0.00110,0.43929
CVE-2018-0436,0.00112,0.44351
CVE-2018-0437,0.00042,0.05722
CVE-2018-0438,0.00042,0.05722
CVE-2018-0439,0.00389,0.70542
CVE-2018-0440,0.00150,0.51059
CVE-2018-0441,0.00137,0.49174
CVE-2018-0442,0.00266,0.64303
CVE-2018-0443,0.00402,0.71022
CVE-2018-0444,0.00094,0.39385
CVE-2018-0445,0.00096,0.40058
CVE-2018-0446,0.00096,0.40058
CVE-2018-0447,0.00397,0.70872
CVE-2018-0448,0.00390,0.70623
CVE-2018-0449,0.00042,0.05722
CVE-2018-0450,0.00156,0.51899
CVE-2018-0451,0.00080,0.33459
CVE-2018-0452,0.00156,0.51899
CVE-2018-0453,0.00042,0.05844
CVE-2018-0454,0.00186,0.55987
CVE-2018-0455,0.00159,0.52484
CVE-2018-0456,0.00193,0.57158
CVE-2018-0457,0.00192,0.57152
CVE-2018-0458,0.00182,0.55552
CVE-2018-0459,0.00109,0.43829
CVE-2018-0460,0.00102,0.41494
CVE-2018-0461,0.00208,0.58775
CVE-2018-0462,0.00114,0.44813
CVE-2018-0463,0.00310,0.66990
CVE-2018-0464,0.02970,0.89894
CVE-2018-0465,0.00151,0.51276
CVE-2018-0466,0.00247,0.62740
CVE-2018-0467,0.00618,0.76633
CVE-2018-0468,0.00042,0.05722
CVE-2018-0469,0.00316,0.67389
CVE-2018-0470,0.00549,0.75128
CVE-2018-0471,0.00137,0.49174
CVE-2018-0472,0.02191,0.88317
CVE-2018-0473,0.00570,0.75549
CVE-2018-0474,0.00180,0.55291
CVE-2018-0475,0.00177,0.54965
CVE-2018-0476,0.00537,0.74835
CVE-2018-0477,0.00042,0.05844
CVE-2018-0480,0.00137,0.49174
CVE-2018-0481,0.00042,0.05844
CVE-2018-0482,0.00066,0.27429
CVE-2018-0483,0.00066,0.27429
CVE-2018-0484,0.00047,0.14059
CVE-2018-0485,0.00987,0.81923
CVE-2018-0486,0.00489,0.73613
CVE-2018-0487,0.06302,0.92949
CVE-2018-0488,0.06912,0.93279
CVE-2018-0489,0.00609,0.76419
CVE-2018-0490,0.00680,0.77920
CVE-2018-0491,0.04244,0.91449
CVE-2018-0492,0.00062,0.24874
CVE-2018-0493,0.00253,0.63236
CVE-2018-0494,0.09643,0.94263
CVE-2018-0495,0.00077,0.31640
CVE-2018-0496,0.00312,0.67102
CVE-2018-0497,0.00280,0.65152
CVE-2018-0498,0.00051,0.16912
CVE-2018-0499,0.00131,0.47937
CVE-2018-0500,0.01330,0.84642
CVE-2018-0501,0.00200,0.57926
CVE-2018-0502,0.01095,0.82901
CVE-2018-0503,0.00511,0.74194
CVE-2018-0504,0.00518,0.74357
CVE-2018-0505,0.01661,0.86327
CVE-2018-0506,0.00471,0.73080
CVE-2018-0507,0.00063,0.25378
CVE-2018-0508,0.00059,0.23061
CVE-2018-0509,0.00106,0.42939
CVE-2018-0510,0.00817,0.80020
CVE-2018-0511,0.00067,0.27787
CVE-2018-0512,0.00044,0.10504
CVE-2018-0513,0.00125,0.47020
CVE-2018-0514,0.00513,0.74242
CVE-2018-0515,0.00063,0.25160
CVE-2018-0516,0.00063,0.25160
CVE-2018-0517,0.00060,0.23318
CVE-2018-0518,0.00075,0.31051
CVE-2018-0519,0.00053,0.19109
CVE-2018-0520,0.00076,0.31217
CVE-2018-0521,0.00098,0.40391
CVE-2018-0522,0.00114,0.44806
CVE-2018-0523,0.00078,0.32215
CVE-2018-0524,0.00240,0.62137
CVE-2018-0525,0.00139,0.49379
CVE-2018-0526,0.00092,0.38783
CVE-2018-0527,0.00092,0.38694
CVE-2018-0528,0.00050,0.16691
CVE-2018-0529,0.00125,0.46858
CVE-2018-0530,0.00105,0.42692
CVE-2018-0531,0.00082,0.34183
CVE-2018-0532,0.00077,0.31681
CVE-2018-0533,0.00090,0.37751
CVE-2018-0534,0.00071,0.29142
CVE-2018-0535,0.00071,0.29142
CVE-2018-0536,0.00071,0.29142
CVE-2018-0537,0.00071,0.29142
CVE-2018-0538,0.00071,0.29142
CVE-2018-0539,0.00170,0.54090
CVE-2018-0540,0.00060,0.23318
CVE-2018-0541,0.00397,0.70883
CVE-2018-0542,0.00163,0.52940
CVE-2018-0543,0.00070,0.28841
CVE-2018-0544,0.00070,0.28841
CVE-2018-0545,0.00377,0.70124
CVE-2018-0546,0.00117,0.45544
CVE-2018-0547,0.00117,0.45544
CVE-2018-0548,0.00082,0.34183
CVE-2018-0549,0.00066,0.27429
CVE-2018-0550,0.00082,0.34183
CVE-2018-0551,0.00066,0.27429
CVE-2018-0552,0.00063,0.25160
CVE-2018-0553,0.00083,0.34385
CVE-2018-0554,0.00098,0.40391
CVE-2018-0555,0.00114,0.44806
CVE-2018-0556,0.00078,0.32215
CVE-2018-0557,0.00092,0.38694
CVE-2018-0558,0.00092,0.38694
CVE-2018-0559,0.00092,0.38694
CVE-2018-0560,0.00156,0.52059
CVE-2018-0561,0.00063,0.25160
CVE-2018-0562,0.00063,0.25160
CVE-2018-0563,0.00132,0.48230
CVE-2018-0564,0.00522,0.74449
CVE-2018-0565,0.00092,0.38694
CVE-2018-0566,0.00050,0.16691
CVE-2018-0567,0.00072,0.29853
CVE-2018-0568,0.00172,0.54278
CVE-2018-0569,0.00516,0.74308
CVE-2018-0570,0.00066,0.27429
CVE-2018-0571,0.00082,0.34183
CVE-2018-0572,0.00131,0.48010
CVE-2018-0573,0.00147,0.50605
CVE-2018-0574,0.00124,0.46744
CVE-2018-0575,0.00147,0.50605
CVE-2018-0576,0.00083,0.34362
CVE-2018-0577,0.00093,0.39201
CVE-2018-0578,0.00056,0.20754
CVE-2018-0579,0.00070,0.29081
CVE-2018-0580,0.00220,0.59982
CVE-2018-0581,0.00097,0.40155
CVE-2018-0582,0.00097,0.40155
CVE-2018-0583,0.00097,0.40155
CVE-2018-0584,0.00264,0.64158
CVE-2018-0585,0.00083,0.34362
CVE-2018-0586,0.00163,0.53000
CVE-2018-0587,0.00124,0.46835
CVE-2018-0588,0.00453,0.72623
CVE-2018-0589,0.00125,0.46854
CVE-2018-0590,0.00125,0.46854
CVE-2018-0591,0.00105,0.42652
CVE-2018-0592,0.01874,0.87188
CVE-2018-0593,0.01874,0.87188
CVE-2018-0594,0.01874,0.87188
CVE-2018-0595,0.01874,0.87188
CVE-2018-0596,0.01874,0.87188
CVE-2018-0597,0.01874,0.87188
CVE-2018-0598,0.06303,0.92950
CVE-2018-0599,0.00447,0.72428
CVE-2018-0600,0.00070,0.28841
CVE-2018-0601,0.00070,0.28841
CVE-2018-0602,0.00160,0.52662
CVE-2018-0603,0.00160,0.52662
CVE-2018-0604,0.00380,0.70239
CVE-2018-0605,0.00115,0.45113
CVE-2018-0606,0.00110,0.44091
CVE-2018-0607,0.00110,0.44091
CVE-2018-0608,0.01886,0.87252
CVE-2018-0609,0.00070,0.28841
CVE-2018-0610,0.00391,0.70673
CVE-2018-0611,0.00077,0.31860
CVE-2018-0612,0.00124,0.46744
CVE-2018-0613,0.00250,0.62989
CVE-2018-0614,0.00124,0.46744
CVE-2018-0617,0.00322,0.67673
CVE-2018-0618,0.00117,0.45528
CVE-2018-0619,0.00063,0.25378
CVE-2018-0620,0.00059,0.23012
CVE-2018-0621,0.00059,0.23012
CVE-2018-0622,0.00089,0.37382
CVE-2018-0623,0.00060,0.23318
CVE-2018-0624,0.00060,0.23318
CVE-2018-0625,0.00118,0.45802
CVE-2018-0626,0.00118,0.45802
CVE-2018-0627,0.00118,0.45802
CVE-2018-0628,0.00118,0.45802
CVE-2018-0629,0.00118,0.45802
CVE-2018-0630,0.00118,0.45802
CVE-2018-0631,0.00118,0.45802
CVE-2018-0632,0.00115,0.45148
CVE-2018-0633,0.00115,0.45148
CVE-2018-0634,0.00118,0.45802
CVE-2018-0635,0.00118,0.45802
CVE-2018-0636,0.00118,0.45802
CVE-2018-0637,0.00118,0.45802
CVE-2018-0638,0.00118,0.45802
CVE-2018-0639,0.00118,0.45802
CVE-2018-0640,0.00115,0.45148
CVE-2018-0641,0.00115,0.45148
CVE-2018-0642,0.00097,0.40155
CVE-2018-0643,0.00044,0.10504
CVE-2018-0644,0.00075,0.30965
CVE-2018-0645,0.00686,0.78011
CVE-2018-0646,0.00062,0.24778
CVE-2018-0647,0.00091,0.38526
CVE-2018-0648,0.00070,0.28841
CVE-2018-0649,0.00063,0.25160
CVE-2018-0650,0.00084,0.34875
CVE-2018-0651,0.00768,0.79341
CVE-2018-0652,0.00066,0.27429
CVE-2018-0653,0.00097,0.40155
CVE-2018-0654,0.00097,0.40155
CVE-2018-0655,0.00066,0.27429
CVE-2018-0656,0.00070,0.28841
CVE-2018-0657,0.00054,0.20290
CVE-2018-0658,0.00094,0.39456
CVE-2018-0659,0.00056,0.21059
CVE-2018-0660,0.00058,0.22639
CVE-2018-0661,0.00077,0.32045
CVE-2018-0662,0.00099,0.40759
CVE-2018-0663,0.00250,0.62989
CVE-2018-0664,0.00220,0.59991
CVE-2018-0665,0.00059,0.22933
CVE-2018-0666,0.00059,0.22933
CVE-2018-0667,0.00070,0.28841
CVE-2018-0668,0.00547,0.75089
CVE-2018-0669,0.00714,0.78508
CVE-2018-0670,0.00714,0.78508
CVE-2018-0671,0.00044,0.10161
CVE-2018-0672,0.00115,0.45113
CVE-2018-0673,0.00065,0.27063
CVE-2018-0674,0.00070,0.28899
CVE-2018-0675,0.00070,0.28899
CVE-2018-0676,0.00076,0.31287
CVE-2018-0677,0.00044,0.10504
CVE-2018-0678,0.00044,0.10161
CVE-2018-0679,0.00054,0.20290
CVE-2018-0680,0.00624,0.76757
CVE-2018-0681,0.00624,0.76757
CVE-2018-0682,0.00624,0.76757
CVE-2018-0683,0.02637,0.89338
CVE-2018-0684,0.02637,0.89338
CVE-2018-0685,0.00150,0.51029
CVE-2018-0686,0.00369,0.69803
CVE-2018-0687,0.00217,0.59690
CVE-2018-0688,0.00121,0.46350
CVE-2018-0689,0.00229,0.61178
CVE-2018-0690,0.00159,0.52424
CVE-2018-0691,0.00091,0.38470
CVE-2018-0692,0.00063,0.25378
CVE-2018-0693,0.00198,0.57736
CVE-2018-0694,0.00513,0.74242
CVE-2018-0695,0.00124,0.46744
CVE-2018-0696,0.00466,0.72943
CVE-2018-0697,0.00124,0.46744
CVE-2018-0698,0.00066,0.27429
CVE-2018-0699,0.00124,0.46744
CVE-2018-0700,0.00116,0.45451
CVE-2018-0701,0.00077,0.32045
CVE-2018-0702,0.00198,0.57736
CVE-2018-0703,0.00198,0.57736
CVE-2018-0704,0.00198,0.57736
CVE-2018-0705,0.00350,0.69007
CVE-2018-0706,0.01432,0.85233
CVE-2018-0707,0.06757,0.93205
CVE-2018-0708,0.17960,0.95720
CVE-2018-0709,0.11101,0.94666
CVE-2018-0710,0.11101,0.94666
CVE-2018-0711,0.00097,0.40155
CVE-2018-0712,0.00288,0.65688
CVE-2018-0714,0.00274,0.64792
CVE-2018-0715,0.00644,0.77132
CVE-2018-0716,0.00115,0.45113
CVE-2018-0718,0.00274,0.64792
CVE-2018-0719,0.00075,0.30823
CVE-2018-0721,0.00224,0.60784
CVE-2018-0722,0.00320,0.67586
CVE-2018-0723,0.00115,0.45113
CVE-2018-0724,0.00115,0.45113
CVE-2018-0728,0.00161,0.52757
CVE-2018-0729,0.00298,0.66327
CVE-2018-0730,0.00298,0.66327
CVE-2018-0732,0.03809,0.91025
CVE-2018-0733,0.01454,0.85355
CVE-2018-0734,0.00291,0.65885
CVE-2018-0735,0.00473,0.73147
CVE-2018-0737,0.01026,0.82254
CVE-2018-0739,0.01140,0.83264
CVE-2018-0741,0.00698,0.78230
CVE-2018-0742,0.00108,0.43432
CVE-2018-0743,0.00213,0.59300
CVE-2018-0744,0.00111,0.44176
CVE-2018-0745,0.00099,0.40668
CVE-2018-0746,0.00099,0.40668
CVE-2018-0747,0.00052,0.17782
CVE-2018-0748,0.00289,0.65775
CVE-2018-0749,0.00392,0.70684
CVE-2018-0750,0.00056,0.20811
CVE-2018-0751,0.00076,0.31410
CVE-2018-0752,0.00236,0.61800
CVE-2018-0753,0.00458,0.72740
CVE-2018-0754,0.00060,0.23231
CVE-2018-0755,0.00097,0.40206
CVE-2018-0756,0.00108,0.43432
CVE-2018-0757,0.00056,0.20769
CVE-2018-0758,0.85580,0.98306
CVE-2018-0760,0.00097,0.40206
CVE-2018-0761,0.00097,0.40206
CVE-2018-0762,0.05765,0.92644
CVE-2018-0763,0.00365,0.69610
CVE-2018-0764,0.00410,0.71274
CVE-2018-0765,0.00352,0.69050
CVE-2018-0766,0.00365,0.69607
CVE-2018-0767,0.96182,0.99406
CVE-2018-0768,0.03021,0.89965
CVE-2018-0769,0.95140,0.99173
CVE-2018-0770,0.95140,0.99173
CVE-2018-0771,0.00378,0.70133
CVE-2018-0772,0.08455,0.93853
CVE-2018-0773,0.03021,0.89965
CVE-2018-0774,0.95140,0.99173
CVE-2018-0775,0.95140,0.99173
CVE-2018-0776,0.95140,0.99173
CVE-2018-0777,0.95140,0.99173
CVE-2018-0778,0.03021,0.89965
CVE-2018-0780,0.95859,0.99328
CVE-2018-0781,0.03021,0.89965
CVE-2018-0784,0.00506,0.74072
CVE-2018-0785,0.00255,0.63462
CVE-2018-0786,0.00286,0.65543
CVE-2018-0787,0.02783,0.89609
CVE-2018-0788,0.00061,0.23881
CVE-2018-0789,0.00305,0.66692
CVE-2018-0790,0.00305,0.66692
CVE-2018-0791,0.29279,0.96492
CVE-2018-0792,0.04582,0.91738
CVE-2018-0793,0.29279,0.96492
CVE-2018-0794,0.15768,0.95454
CVE-2018-0795,0.15768,0.95454
CVE-2018-0796,0.19725,0.95894
CVE-2018-0797,0.10418,0.94489
CVE-2018-0798,0.91620,0.98708
CVE-2018-0799,0.00298,0.66296
CVE-2018-0800,0.01490,0.85512
CVE-2018-0801,0.15768,0.95454
CVE-2018-0802,0.97153,0.99765
CVE-2018-0803,0.00364,0.69602
CVE-2018-0804,0.15768,0.95454
CVE-2018-0805,0.15768,0.95454
CVE-2018-0806,0.15768,0.95454
CVE-2018-0807,0.15768,0.95454
CVE-2018-0808,0.00300,0.66406
CVE-2018-0809,0.00061,0.23881
CVE-2018-0810,0.00066,0.27616
CVE-2018-0811,0.00072,0.29865
CVE-2018-0812,0.10418,0.94489
CVE-2018-0813,0.00072,0.29865
CVE-2018-0814,0.00072,0.29865
CVE-2018-0815,0.00816,0.80006
CVE-2018-0816,0.00816,0.80006
CVE-2018-0817,0.00062,0.24379
CVE-2018-0818,0.00225,0.60871
CVE-2018-0819,0.00257,0.63584
CVE-2018-0820,0.00108,0.43432
CVE-2018-0821,0.00213,0.59403
CVE-2018-0822,0.00258,0.63626
CVE-2018-0823,0.00258,0.63626
CVE-2018-0824,0.19114,0.95834
CVE-2018-0825,0.19386,0.95866
CVE-2018-0826,0.00258,0.63626
CVE-2018-0827,0.00058,0.21564
CVE-2018-0828,0.00073,0.30188
CVE-2018-0829,0.00075,0.30909
CVE-2018-0830,0.00075,0.30909
CVE-2018-0831,0.00108,0.43432
CVE-2018-0832,0.00111,0.44245
CVE-2018-0833,0.02997,0.89931
CVE-2018-0834,0.95915,0.99343
CVE-2018-0835,0.96327,0.99450
CVE-2018-0836,0.06392,0.93006
CVE-2018-0837,0.96327,0.99450
CVE-2018-0838,0.96327,0.99450
CVE-2018-0839,0.00365,0.69607
CVE-2018-0840,0.95843,0.99325
CVE-2018-0841,0.19725,0.95894
CVE-2018-0842,0.00061,0.23881
CVE-2018-0843,0.00075,0.30909
CVE-2018-0844,0.00108,0.43432
CVE-2018-0845,0.13790,0.95157
CVE-2018-0846,0.00108,0.43432
CVE-2018-0847,0.00676,0.77820
CVE-2018-0848,0.09437,0.94200
CVE-2018-0849,0.09437,0.94200
CVE-2018-0850,0.00257,0.63584
CVE-2018-0851,0.05648,0.92587
CVE-2018-0852,0.05648,0.92587
CVE-2018-0853,0.00347,0.68813
CVE-2018-0854,0.00058,0.21564
CVE-2018-0855,0.00365,0.69607
CVE-2018-0856,0.06392,0.93006
CVE-2018-0857,0.06392,0.93006
CVE-2018-0858,0.06392,0.93006
CVE-2018-0859,0.43733,0.97046
CVE-2018-0860,0.96327,0.99450
CVE-2018-0861,0.06392,0.93006
CVE-2018-0862,0.09437,0.94200
CVE-2018-0864,0.00137,0.49047
CVE-2018-0866,0.95071,0.99157
CVE-2018-0868,0.00059,0.23002
CVE-2018-0869,0.00112,0.44457
CVE-2018-0870,0.06950,0.93303
CVE-2018-0871,0.01375,0.84945
CVE-2018-0872,0.06917,0.93287
CVE-2018-0873,0.06917,0.93287
CVE-2018-0874,0.06917,0.93287
CVE-2018-0875,0.00448,0.72458
CVE-2018-0876,0.06917,0.93287
CVE-2018-0877,0.00315,0.67321
CVE-2018-0878,0.08650,0.93929
CVE-2018-0879,0.02262,0.88523
CVE-2018-0880,0.00270,0.64516
CVE-2018-0881,0.00062,0.24379
CVE-2018-0882,0.00270,0.64516
CVE-2018-0883,0.27853,0.96411
CVE-2018-0884,0.00074,0.30740
CVE-2018-0885,0.00273,0.64738
CVE-2018-0886,0.67652,0.97675
CVE-2018-0887,0.00071,0.29368
CVE-2018-0888,0.00068,0.27923
CVE-2018-0889,0.14128,0.95213
CVE-2018-0890,0.00517,0.74327
CVE-2018-0891,0.94453,0.99062
CVE-2018-0892,0.01375,0.84945
CVE-2018-0893,0.06917,0.93287
CVE-2018-0894,0.00089,0.37268
CVE-2018-0895,0.00062,0.24392
CVE-2018-0896,0.00076,0.31376
CVE-2018-0897,0.00089,0.37268
CVE-2018-0898,0.00076,0.31376
CVE-2018-0899,0.00076,0.31376
CVE-2018-0900,0.00076,0.31376
CVE-2018-0901,0.00089,0.37268
CVE-2018-0902,0.00074,0.30740
CVE-2018-0903,0.15028,0.95341
CVE-2018-0904,0.00076,0.31376
CVE-2018-0907,0.00324,0.67784
CVE-2018-0908,0.00106,0.42712
CVE-2018-0909,0.01337,0.84690
CVE-2018-0910,0.01337,0.84690
CVE-2018-0911,0.01337,0.84690
CVE-2018-0912,0.01337,0.84690
CVE-2018-0913,0.01337,0.84690
CVE-2018-0914,0.01337,0.84690
CVE-2018-0915,0.01337,0.84690
CVE-2018-0916,0.01337,0.84690
CVE-2018-0917,0.01337,0.84690
CVE-2018-0919,0.00400,0.70968
CVE-2018-0920,0.09173,0.94107
CVE-2018-0921,0.01337,0.84690
CVE-2018-0922,0.04742,0.91893
CVE-2018-0923,0.01337,0.84690
CVE-2018-0924,0.03598,0.90773
CVE-2018-0925,0.03416,0.90558
CVE-2018-0926,0.00072,0.29865
CVE-2018-0927,0.00959,0.81641
CVE-2018-0929,0.00365,0.69607
CVE-2018-0930,0.03416,0.90558
CVE-2018-0931,0.03416,0.90558
CVE-2018-0932,0.00959,0.81641
CVE-2018-0933,0.90334,0.98596
CVE-2018-0934,0.96006,0.99363
CVE-2018-0935,0.95935,0.99348
CVE-2018-0936,0.06917,0.93287
CVE-2018-0937,0.06917,0.93287
CVE-2018-0939,0.00729,0.78752
CVE-2018-0940,0.00297,0.66271
CVE-2018-0941,0.00511,0.74201
CVE-2018-0942,0.00208,0.58819
CVE-2018-0943,0.06316,0.92958
CVE-2018-0944,0.01337,0.84690
CVE-2018-0945,0.06316,0.92958
CVE-2018-0946,0.96181,0.99406
CVE-2018-0947,0.01337,0.84690
CVE-2018-0949,0.00348,0.68859
CVE-2018-0950,0.02678,0.89423
CVE-2018-0951,0.17104,0.95620
CVE-2018-0952,0.00230,0.61217
CVE-2018-0953,0.96384,0.99471
CVE-2018-0954,0.05796,0.92659
CVE-2018-0955,0.06316,0.92958
CVE-2018-0956,0.00359,0.69390
CVE-2018-0957,0.00061,0.24183
CVE-2018-0958,0.00058,0.21564
CVE-2018-0959,0.00363,0.69533
CVE-2018-0960,0.00060,0.23231
CVE-2018-0961,0.00448,0.72461
CVE-2018-0963,0.00143,0.50113
CVE-2018-0964,0.00059,0.22954
CVE-2018-0965,0.00338,0.68465
CVE-2018-0966,0.00060,0.23382
CVE-2018-0967,0.65179,0.97624
CVE-2018-0968,0.00069,0.28673
CVE-2018-0969,0.00069,0.28673
CVE-2018-0970,0.00069,0.28673
CVE-2018-0971,0.00069,0.28673
CVE-2018-0972,0.00069,0.28673
CVE-2018-0973,0.00069,0.28673
CVE-2018-0974,0.00069,0.28673
CVE-2018-0975,0.00100,0.40810
CVE-2018-0976,0.02542,0.89142
CVE-2018-0977,0.00816,0.80006
CVE-2018-0978,0.06221,0.92912
CVE-2018-0979,0.06950,0.93303
CVE-2018-0980,0.96399,0.99474
CVE-2018-0981,0.00624,0.76759
CVE-2018-0982,0.00140,0.49666
CVE-2018-0983,0.00062,0.24379
CVE-2018-0986,0.96123,0.99390
CVE-2018-0987,0.00407,0.71188
CVE-2018-0988,0.06950,0.93303
CVE-2018-0989,0.00729,0.78752
CVE-2018-0990,0.06950,0.93303
CVE-2018-0991,0.06950,0.93303
CVE-2018-0993,0.06950,0.93303
CVE-2018-0994,0.17104,0.95620
CVE-2018-0995,0.06950,0.93303
CVE-2018-0996,0.17104,0.95620
CVE-2018-0997,0.06950,0.93303
CVE-2018-0998,0.04547,0.91707
CVE-2018-1000,0.00624,0.76740
CVE-2018-10000,0.00078,0.32606
CVE-2018-1000001,0.00525,0.74524
CVE-2018-1000002,0.00073,0.30140
CVE-2018-1000003,0.00067,0.27729
CVE-2018-1000004,0.00819,0.80040
CVE-2018-1000005,0.00653,0.77326
CVE-2018-1000006,0.97076,0.99726
CVE-2018-1000007,0.00615,0.76577
CVE-2018-1000008,0.00099,0.40660
CVE-2018-1000009,0.00104,0.42231
CVE-2018-1000010,0.00104,0.42231
CVE-2018-1000011,0.00104,0.42231
CVE-2018-1000012,0.00104,0.42231
CVE-2018-1000013,0.00077,0.31637
CVE-2018-1000014,0.00077,0.31637
CVE-2018-1000015,0.00054,0.19261
CVE-2018-1000018,0.00051,0.17393
CVE-2018-1000019,0.00143,0.50024
CVE-2018-1000020,0.00226,0.60894
CVE-2018-1000021,0.00159,0.52424
CVE-2018-1000022,0.00168,0.53588
CVE-2018-1000023,0.00126,0.47207
CVE-2018-1000024,0.00575,0.75670
CVE-2018-1000025,0.00245,0.62547
CVE-2018-1000026,0.00255,0.63451
CVE-2018-1000027,0.01565,0.85917
CVE-2018-1000028,0.00242,0.62304
CVE-2018-1000029,0.00079,0.32992
CVE-2018-1000030,0.00075,0.31060
CVE-2018-1000031,0.00127,0.47252
CVE-2018-1000032,0.00127,0.47252
CVE-2018-1000033,0.00151,0.51343
CVE-2018-1000034,0.00217,0.59753
CVE-2018-1000035,0.01191,0.83674
CVE-2018-1000036,0.00103,0.41785
CVE-2018-1000037,0.00224,0.60767
CVE-2018-1000038,0.00433,0.71986
CVE-2018-1000039,0.00358,0.69326
CVE-2018-1000040,0.00224,0.60767
CVE-2018-1000041,0.00567,0.75494
CVE-2018-1000042,0.00234,0.61522
CVE-2018-1000043,0.00234,0.61522
CVE-2018-1000044,0.00194,0.57290
CVE-2018-1000045,0.00251,0.63149
CVE-2018-1000046,0.00336,0.68393
CVE-2018-1000047,0.00351,0.69046
CVE-2018-1000048,0.00351,0.69046
CVE-2018-1000049,0.65259,0.97627
CVE-2018-1000050,0.00317,0.67417
CVE-2018-1000051,0.00232,0.61401
CVE-2018-1000052,0.00109,0.43902
CVE-2018-1000053,0.00073,0.30112
CVE-2018-1000054,0.00104,0.42231
CVE-2018-1000055,0.00104,0.42231
CVE-2018-1000056,0.00104,0.42231
CVE-2018-1000057,0.00054,0.19185
CVE-2018-1000058,0.00121,0.46354
CVE-2018-1000059,0.00166,0.53381
CVE-2018-1000060,0.00562,0.75367
CVE-2018-1000062,0.00049,0.15164
CVE-2018-1000067,0.00091,0.38552
CVE-2018-1000068,0.00123,0.46554
CVE-2018-1000069,0.00242,0.62223
CVE-2018-1000070,0.00354,0.69139
CVE-2018-1000071,0.00600,0.76196
CVE-2018-1000072,0.00563,0.75414
CVE-2018-1000073,0.00553,0.75201
CVE-2018-1000074,0.02161,0.88242
CVE-2018-1000075,0.01121,0.83117
CVE-2018-1000076,0.01425,0.85191
CVE-2018-1000077,0.00375,0.70012
CVE-2018-1000078,0.00601,0.76229
CVE-2018-1000079,0.01031,0.82299
CVE-2018-1000080,0.00053,0.18892
CVE-2018-1000081,0.00123,0.46646
CVE-2018-1000082,0.00153,0.51526
CVE-2018-1000083,0.00133,0.48306
CVE-2018-1000084,0.00057,0.21504
CVE-2018-1000085,0.00161,0.52712
CVE-2018-1000086,0.00316,0.67364
CVE-2018-1000087,0.00051,0.17453
CVE-2018-1000088,0.00143,0.50103
CVE-2018-1000089,0.00178,0.55045
CVE-2018-1000090,0.00091,0.38516
CVE-2018-1000091,0.00559,0.75309
CVE-2018-1000092,0.00112,0.44586
CVE-2018-1000093,0.03198,0.90237
CVE-2018-1000094,0.86216,0.98344
CVE-2018-1000095,0.00054,0.19226
CVE-2018-1000096,0.00107,0.43271
CVE-2018-1000097,0.00304,0.66636
CVE-2018-1000098,0.00368,0.69772
CVE-2018-1000099,0.34028,0.96701
CVE-2018-10001,0.00263,0.64047
CVE-2018-1000100,0.00083,0.34413
CVE-2018-1000101,0.00399,0.70947
CVE-2018-1000104,0.00042,0.05722
CVE-2018-1000105,0.00054,0.19185
CVE-2018-1000106,0.00071,0.29385
CVE-2018-1000107,0.00055,0.20338
CVE-2018-1000108,0.00079,0.32992
CVE-2018-1000109,0.00054,0.19185
CVE-2018-1000110,0.00085,0.35272
CVE-2018-1000111,0.00085,0.35272
CVE-2018-1000112,0.00085,0.35272
CVE-2018-1000113,0.00054,0.19185
CVE-2018-1000114,0.00054,0.19185
CVE-2018-1000115,0.96872,0.99648
CVE-2018-1000116,0.85519,0.98302
CVE-2018-1000117,0.00046,0.13816
CVE-2018-1000118,0.00149,0.50920
CVE-2018-1000119,0.00180,0.55278
CVE-2018-1000120,0.00593,0.76075
CVE-2018-1000121,0.00787,0.79611
CVE-2018-1000122,0.00507,0.74082
CVE-2018-1000123,0.00222,0.60556
CVE-2018-1000124,0.00659,0.77474
CVE-2018-1000125,0.00245,0.62547
CVE-2018-1000126,0.00414,0.71442
CVE-2018-1000127,0.01018,0.82194
CVE-2018-1000129,0.00257,0.63568
CVE-2018-1000130,0.89191,0.98520
CVE-2018-1000131,0.00154,0.51664
CVE-2018-1000132,0.00294,0.66082
CVE-2018-1000133,0.00254,0.63298
CVE-2018-1000134,0.00438,0.72182
CVE-2018-1000135,0.00306,0.66764
CVE-2018-1000136,0.00794,0.79759
CVE-2018-1000137,0.00112,0.44586
CVE-2018-1000138,0.00407,0.71205
CVE-2018-1000139,0.00142,0.49925
CVE-2018-1000140,0.41455,0.96976
CVE-2018-1000141,0.00168,0.53801
CVE-2018-1000142,0.00042,0.05722
CVE-2018-1000143,0.00042,0.05722
CVE-2018-1000144,0.00078,0.32606
CVE-2018-1000145,0.00062,0.24461
CVE-2018-1000146,0.00105,0.42575
CVE-2018-1000147,0.00065,0.26756
CVE-2018-1000148,0.00065,0.26756
CVE-2018-1000149,0.00072,0.29613
CVE-2018-1000150,0.00042,0.05722
CVE-2018-1000151,0.00072,0.29613
CVE-2018-1000152,0.00072,0.29852
CVE-2018-1000153,0.00073,0.30112
CVE-2018-1000154,0.00282,0.65318
CVE-2018-1000155,0.00222,0.60556
CVE-2018-1000156,0.01617,0.86166
CVE-2018-1000158,0.00309,0.66943
CVE-2018-1000159,0.00065,0.27048
CVE-2018-1000160,0.00092,0.38755
CVE-2018-1000161,0.00063,0.24943
CVE-2018-1000162,0.00077,0.31640
CVE-2018-1000163,0.00087,0.36434
CVE-2018-1000164,0.00491,0.73656
CVE-2018-1000165,0.00081,0.33647
CVE-2018-1000167,0.00223,0.60656
CVE-2018-1000168,0.05723,0.92626
CVE-2018-1000169,0.00090,0.37972
CVE-2018-1000170,0.00054,0.19618
CVE-2018-1000172,0.00054,0.20290
CVE-2018-1000173,0.00124,0.46760
CVE-2018-1000174,0.00075,0.30950
CVE-2018-1000175,0.00063,0.24927
CVE-2018-1000176,0.00065,0.26756
CVE-2018-1000177,0.00054,0.19618
CVE-2018-1000178,0.01624,0.86199
CVE-2018-1000179,0.00435,0.72088
CVE-2018-1000180,0.00537,0.74833
CVE-2018-1000181,0.00156,0.51901
CVE-2018-1000182,0.00054,0.19618
CVE-2018-1000183,0.00065,0.26756
CVE-2018-1000184,0.00054,0.19618
CVE-2018-1000185,0.00054,0.19618
CVE-2018-1000186,0.00065,0.26756
CVE-2018-1000187,0.00065,0.26756
CVE-2018-1000188,0.00054,0.19618
CVE-2018-1000189,0.00103,0.41972
CVE-2018-1000190,0.00065,0.26756
CVE-2018-1000191,0.00065,0.26756
CVE-2018-1000192,0.00054,0.19618
CVE-2018-1000193,0.00054,0.19618
CVE-2018-1000194,0.00102,0.41354
CVE-2018-1000195,0.00058,0.21572
CVE-2018-1000196,0.00062,0.24461
CVE-2018-1000197,0.00065,0.26756
CVE-2018-1000198,0.00065,0.26756
CVE-2018-1000199,0.00044,0.08000
CVE-2018-1000200,0.00062,0.24773
CVE-2018-1000201,0.00070,0.28841
CVE-2018-1000202,0.00054,0.19618
CVE-2018-1000203,0.00081,0.33647
CVE-2018-1000204,0.00152,0.51504
CVE-2018-1000205,0.00075,0.30817
CVE-2018-1000206,0.00175,0.54722
CVE-2018-1000207,0.62392,0.97562
CVE-2018-1000208,0.00107,0.43004
CVE-2018-1000209,0.00105,0.42575
CVE-2018-1000210,0.00085,0.35384
CVE-2018-1000211,0.00151,0.51237
CVE-2018-1000215,0.00103,0.41969
CVE-2018-1000216,0.00249,0.62941
CVE-2018-1000217,0.00659,0.77474
CVE-2018-1000218,0.00076,0.31183
CVE-2018-1000219,0.00122,0.46379
CVE-2018-1000221,0.00250,0.62982
CVE-2018-1000222,0.02468,0.88997
CVE-2018-1000223,0.00315,0.67240
CVE-2018-1000224,0.00264,0.64072
CVE-2018-1000225,0.00066,0.27550
CVE-2018-1000226,0.01309,0.84523
CVE-2018-1000300,0.01331,0.84648
CVE-2018-1000301,0.00507,0.74082
CVE-2018-1000400,0.00161,0.52754
CVE-2018-1000401,0.00044,0.10161
CVE-2018-1000402,0.00054,0.19618
CVE-2018-1000403,0.00044,0.10161
CVE-2018-1000404,0.00044,0.10161
CVE-2018-1000406,0.00062,0.24827
CVE-2018-1000407,0.00089,0.37377
CVE-2018-1000408,0.00100,0.40872
CVE-2018-1000409,0.00089,0.37377
CVE-2018-1000410,0.00044,0.10161
CVE-2018-1000411,0.00068,0.27986
CVE-2018-1000412,0.00132,0.48102
CVE-2018-1000413,0.00060,0.23287
CVE-2018-1000414,0.00081,0.33792
CVE-2018-1000415,0.00060,0.23323
CVE-2018-1000416,0.00085,0.35222
CVE-2018-1000417,0.00081,0.33792
CVE-2018-1000418,0.00095,0.39649
CVE-2018-1000419,0.00060,0.23287
CVE-2018-1000420,0.00067,0.27748
CVE-2018-1000421,0.00087,0.35989
CVE-2018-1000422,0.00054,0.19451
CVE-2018-1000423,0.00042,0.05722
CVE-2018-1000424,0.00042,0.05722
CVE-2018-1000425,0.00042,0.05722
CVE-2018-1000426,0.00089,0.37377
CVE-2018-1000500,0.00689,0.78063
CVE-2018-1000501,0.00244,0.62506
CVE-2018-1000502,0.00216,0.59627
CVE-2018-1000503,0.00054,0.19618
CVE-2018-1000504,0.00109,0.43614
CVE-2018-1000505,0.00063,0.25629
CVE-2018-1000506,0.00112,0.44586
CVE-2018-1000507,0.00063,0.25629
CVE-2018-1000508,0.00058,0.22585
CVE-2018-1000509,0.00131,0.47909
CVE-2018-1000510,0.00059,0.23160
CVE-2018-1000511,0.00089,0.37431
CVE-2018-1000512,0.00087,0.36434
CVE-2018-1000513,0.00057,0.21542
CVE-2018-1000514,0.00082,0.34218
CVE-2018-1000515,0.00588,0.75977
CVE-2018-1000516,0.00089,0.37212
CVE-2018-1000517,0.00277,0.64999
CVE-2018-1000518,0.00115,0.45086
CVE-2018-1000519,0.00088,0.37039
CVE-2018-1000520,0.00084,0.34791
CVE-2018-1000521,0.00087,0.36434
CVE-2018-1000523,0.00098,0.40512
CVE-2018-1000524,0.00086,0.35831
CVE-2018-1000525,0.00960,0.81655
CVE-2018-1000526,0.00238,0.61985
CVE-2018-1000527,0.00335,0.68370
CVE-2018-1000528,0.03216,0.90262
CVE-2018-1000529,0.00076,0.31249
CVE-2018-1000531,0.00084,0.34791
CVE-2018-1000532,0.00044,0.07794
CVE-2018-1000533,0.97242,0.99816
CVE-2018-1000534,0.00082,0.34025
CVE-2018-1000535,0.00724,0.78681
CVE-2018-1000536,0.00093,0.38957
CVE-2018-1000537,0.00472,0.73107
CVE-2018-1000538,0.00097,0.40190
CVE-2018-1000539,0.00090,0.37972
CVE-2018-1000540,0.00097,0.40126
CVE-2018-1000542,0.00303,0.66555
CVE-2018-1000543,0.00093,0.38957
CVE-2018-1000544,0.00221,0.60387
CVE-2018-1000546,0.00303,0.66555
CVE-2018-1000547,0.00084,0.34791
CVE-2018-1000548,0.00162,0.52881
CVE-2018-1000549,0.00313,0.67177
CVE-2018-1000550,0.00410,0.71290
CVE-2018-1000551,0.00109,0.43614
CVE-2018-1000552,0.00091,0.38618
CVE-2018-1000553,0.00109,0.43614
CVE-2018-1000554,0.00659,0.77474
CVE-2018-1000556,0.00087,0.36434
CVE-2018-1000557,0.00112,0.44327
CVE-2018-1000558,0.00066,0.27172
CVE-2018-1000559,0.00092,0.38755
CVE-2018-1000600,0.95625,0.99284
CVE-2018-1000601,0.00065,0.26756
CVE-2018-1000602,0.00084,0.34791
CVE-2018-1000603,0.00104,0.42231
CVE-2018-1000604,0.00054,0.19618
CVE-2018-1000605,0.00128,0.47518
CVE-2018-1000606,0.00054,0.19618
CVE-2018-1000607,0.00055,0.20629
CVE-2018-1000608,0.00099,0.40756
CVE-2018-1000609,0.00065,0.26756
CVE-2018-1000610,0.00104,0.42231
CVE-2018-1000611,0.00078,0.32606
CVE-2018-1000613,0.00567,0.75492
CVE-2018-1000614,0.00338,0.68456
CVE-2018-1000615,0.00108,0.43316
CVE-2018-1000616,0.00609,0.76402
CVE-2018-1000617,0.00127,0.47375
CVE-2018-1000618,0.00250,0.62982
CVE-2018-1000619,0.00643,0.77112
CVE-2018-1000620,0.00297,0.66247
CVE-2018-1000621,0.00430,0.71892
CVE-2018-1000622,0.00121,0.46312
CVE-2018-1000623,0.00300,0.66432
CVE-2018-1000624,0.00184,0.55721
CVE-2018-1000625,0.00209,0.58884
CVE-2018-1000626,0.00582,0.75838
CVE-2018-1000627,0.00595,0.76104
CVE-2018-1000628,0.00454,0.72641
CVE-2018-1000629,0.00125,0.46870
CVE-2018-1000630,0.00105,0.42692
CVE-2018-1000631,0.00149,0.51005
CVE-2018-1000632,0.00325,0.67829
CVE-2018-1000633,0.00104,0.42231
CVE-2018-1000634,0.00087,0.35903
CVE-2018-1000635,0.00044,0.10161
CVE-2018-1000636,0.00095,0.39636
CVE-2018-1000637,0.00207,0.58684
CVE-2018-1000638,0.00078,0.32606
CVE-2018-1000639,0.00312,0.67122
CVE-2018-1000640,0.00084,0.35108
CVE-2018-1000641,0.00318,0.67477
CVE-2018-1000642,0.00066,0.27550
CVE-2018-1000644,0.00185,0.55830
CVE-2018-1000645,0.00124,0.46774
CVE-2018-1000646,0.00685,0.77993
CVE-2018-1000647,0.00081,0.33721
CVE-2018-1000648,0.00483,0.73434
CVE-2018-1000649,0.00353,0.69117
CVE-2018-1000650,0.00179,0.55239
CVE-2018-1000651,0.00230,0.61209
CVE-2018-1000652,0.00230,0.61209
CVE-2018-1000653,0.00212,0.59184
CVE-2018-1000654,0.00207,0.58733
CVE-2018-1000655,0.00156,0.51922
CVE-2018-1000656,0.00252,0.63205
CVE-2018-1000657,0.00052,0.18252
CVE-2018-1000658,0.00107,0.43273
CVE-2018-1000659,0.00301,0.66461
CVE-2018-1000660,0.00131,0.47928
CVE-2018-1000661,0.00135,0.48778
CVE-2018-1000663,0.00097,0.40100
CVE-2018-1000664,0.00051,0.16919
CVE-2018-1000665,0.00115,0.45169
CVE-2018-1000666,0.00935,0.81380
CVE-2018-1000667,0.00126,0.47147
CVE-2018-1000668,0.00097,0.40100
CVE-2018-1000669,0.00130,0.47856
CVE-2018-1000670,0.00101,0.41135
CVE-2018-1000671,0.00845,0.80371
CVE-2018-1000773,0.00990,0.81960
CVE-2018-1000800,0.00543,0.74996
CVE-2018-1000801,0.00110,0.43982
CVE-2018-1000802,0.00883,0.80791
CVE-2018-1000803,0.00092,0.38722
CVE-2018-1000804,0.00678,0.77883
CVE-2018-1000805,0.00457,0.72704
CVE-2018-1000807,0.09976,0.94363
CVE-2018-1000808,0.00311,0.67056
CVE-2018-1000809,0.00108,0.43326
CVE-2018-1000810,0.00377,0.70084
CVE-2018-1000811,0.00518,0.74363
CVE-2018-1000812,0.00573,0.75633
CVE-2018-1000813,0.00054,0.19275
CVE-2018-1000814,0.00053,0.18833
CVE-2018-1000815,0.00131,0.47937
CVE-2018-1000816,0.00058,0.22585
CVE-2018-1000817,0.00513,0.74244
CVE-2018-1000820,0.00221,0.60316
CVE-2018-1000821,0.00221,0.60316
CVE-2018-1000822,0.00221,0.60316
CVE-2018-1000823,0.00221,0.60316
CVE-2018-1000824,0.00738,0.78884
CVE-2018-1000825,0.00221,0.60316
CVE-2018-1000826,0.00156,0.51887
CVE-2018-1000827,0.01067,0.82667
CVE-2018-1000828,0.00153,0.51588
CVE-2018-1000829,0.00153,0.51588
CVE-2018-1000830,0.00221,0.60316
CVE-2018-1000831,0.00221,0.60316
CVE-2018-1000832,0.01067,0.82667
CVE-2018-1000833,0.00738,0.78884
CVE-2018-1000834,0.00153,0.51588
CVE-2018-1000835,0.00221,0.60316
CVE-2018-1000836,0.00153,0.51588
CVE-2018-1000837,0.00221,0.60316
CVE-2018-1000838,0.00221,0.60316
CVE-2018-1000839,0.00867,0.80608
CVE-2018-1000840,0.00188,0.56426
CVE-2018-1000841,0.00078,0.32606
CVE-2018-1000842,0.00272,0.64635
CVE-2018-1000843,0.00814,0.79989
CVE-2018-1000844,0.00168,0.53801
CVE-2018-1000846,0.00089,0.37650
CVE-2018-1000847,0.00050,0.16481
CVE-2018-1000848,0.00078,0.32606
CVE-2018-1000849,0.02583,0.89214
CVE-2018-1000850,0.00316,0.67357
CVE-2018-1000851,0.00571,0.75556
CVE-2018-1000852,0.00348,0.68889
CVE-2018-1000854,0.00392,0.70715
CVE-2018-1000855,0.00066,0.27550
CVE-2018-1000856,0.00101,0.41174
CVE-2018-1000857,0.00115,0.45003
CVE-2018-1000858,0.00246,0.62692
CVE-2018-1000860,0.00087,0.36434
CVE-2018-1000861,0.97215,0.99802
CVE-2018-1000862,0.00099,0.40704
CVE-2018-1000863,0.05430,0.92445
CVE-2018-1000864,0.00161,0.52775
CVE-2018-1000865,0.00319,0.67509
CVE-2018-1000866,0.00319,0.67509
CVE-2018-1000867,0.00106,0.42995
CVE-2018-1000868,0.00162,0.52800
CVE-2018-1000869,0.00236,0.61791
CVE-2018-1000870,0.00053,0.19034
CVE-2018-1000871,0.00272,0.64660
CVE-2018-1000872,0.00096,0.39969
CVE-2018-1000873,0.00519,0.74386
CVE-2018-1000874,0.00096,0.40015
CVE-2018-1000875,0.00303,0.66565
CVE-2018-1000876,0.00113,0.44642
CVE-2018-1000877,0.01598,0.86067
CVE-2018-1000878,0.01598,0.86067
CVE-2018-1000879,0.00690,0.78084
CVE-2018-1000880,0.00589,0.76009
CVE-2018-1000881,0.00224,0.60776
CVE-2018-1000882,0.00215,0.59549
CVE-2018-1000883,0.00064,0.26260
CVE-2018-1000884,0.00222,0.60556
CVE-2018-1000885,0.00513,0.74235
CVE-2018-1000886,0.00054,0.19332
CVE-2018-1000887,0.00058,0.22585
CVE-2018-1000888,0.00361,0.69458
CVE-2018-1000889,0.00212,0.59196
CVE-2018-1000890,0.00782,0.79548
CVE-2018-1000891,0.00103,0.41969
CVE-2018-1000892,0.00103,0.41969
CVE-2018-1000893,0.00103,0.41969
CVE-2018-1000997,0.00093,0.39033
CVE-2018-1000998,0.00087,0.36434
CVE-2018-1001,0.17104,0.95620
CVE-2018-10016,0.00134,0.48501
CVE-2018-10017,0.00571,0.75556
CVE-2018-10018,0.01086,0.82830
CVE-2018-1002000,0.00881,0.80768
CVE-2018-1002001,0.00318,0.67462
CVE-2018-1002002,0.00318,0.67462
CVE-2018-1002003,0.00318,0.67462
CVE-2018-1002004,0.00318,0.67462
CVE-2018-1002005,0.00318,0.67462
CVE-2018-1002006,0.00318,0.67462
CVE-2018-1002007,0.00318,0.67462
CVE-2018-1002008,0.00318,0.67462
CVE-2018-1002009,0.00318,0.67462
CVE-2018-10021,0.00042,0.05722
CVE-2018-1002100,0.00051,0.17134
CVE-2018-1002101,0.00601,0.76227
CVE-2018-1002102,0.00054,0.20290
CVE-2018-1002103,0.00073,0.30112
CVE-2018-1002104,0.00084,0.34791
CVE-2018-1002105,0.54116,0.97352
CVE-2018-1002150,0.00170,0.54038
CVE-2018-1002200,0.00127,0.47238
CVE-2018-1002201,0.00122,0.46444
CVE-2018-1002202,0.00170,0.54044
CVE-2018-1002203,0.00131,0.47953
CVE-2018-1002204,0.00127,0.47220
CVE-2018-1002205,0.00137,0.49031
CVE-2018-1002206,0.00122,0.46444
CVE-2018-1002207,0.00131,0.47953
CVE-2018-1002208,0.00152,0.51428
CVE-2018-1002209,0.00111,0.44231
CVE-2018-10023,0.00058,0.22585
CVE-2018-10024,0.00222,0.60556
CVE-2018-10026,0.00058,0.22585
CVE-2018-10027,0.00042,0.05722
CVE-2018-10028,0.00162,0.52826
CVE-2018-10029,0.00055,0.20500
CVE-2018-1003,0.14849,0.95317
CVE-2018-10030,0.00099,0.40682
CVE-2018-10031,0.00099,0.40682
CVE-2018-10032,0.00055,0.20500
CVE-2018-10033,0.00055,0.20500
CVE-2018-1004,0.18246,0.95739
CVE-2018-10048,0.00112,0.44586
CVE-2018-10049,0.00058,0.22585
CVE-2018-1005,0.00471,0.73102
CVE-2018-10050,0.00091,0.38618
CVE-2018-10051,0.00058,0.22585
CVE-2018-10052,0.00058,0.22585
CVE-2018-10054,0.10370,0.94478
CVE-2018-10055,0.00127,0.47238
CVE-2018-10057,0.00109,0.43870
CVE-2018-10058,0.00226,0.60958
CVE-2018-10059,0.00081,0.33918
CVE-2018-10060,0.00087,0.36586
CVE-2018-10061,0.00091,0.38453
CVE-2018-10063,0.01774,0.86743
CVE-2018-10066,0.00484,0.73486
CVE-2018-10068,0.00124,0.46749
CVE-2018-1007,0.00698,0.78230
CVE-2018-10070,0.01557,0.85877
CVE-2018-10071,0.00044,0.10445
CVE-2018-10072,0.00044,0.10445
CVE-2018-10073,0.00058,0.22585
CVE-2018-10074,0.00042,0.05722
CVE-2018-10075,0.00158,0.52307
CVE-2018-10076,0.00158,0.52307
CVE-2018-10077,0.00346,0.68796
CVE-2018-10078,0.00079,0.33174
CVE-2018-10079,0.00042,0.05722
CVE-2018-1008,0.00816,0.80006
CVE-2018-10080,0.10645,0.94555
CVE-2018-10081,0.00697,0.78201
CVE-2018-10082,0.00146,0.50540
CVE-2018-10083,0.00500,0.73878
CVE-2018-10084,0.00109,0.43614
CVE-2018-10085,0.00340,0.68528
CVE-2018-10086,0.00141,0.49764
CVE-2018-10087,0.00042,0.05722
CVE-2018-10088,0.02608,0.89273
CVE-2018-1009,0.00143,0.50113
CVE-2018-10091,0.00107,0.43221
CVE-2018-10092,0.00186,0.56042
CVE-2018-10093,0.06287,0.92943
CVE-2018-10094,0.87985,0.98437
CVE-2018-10095,0.95296,0.99207
CVE-2018-10096,0.00058,0.22585
CVE-2018-10097,0.00090,0.37978
CVE-2018-10098,0.00044,0.10161
CVE-2018-10099,0.00091,0.38537
CVE-2018-1010,0.19661,0.95886
CVE-2018-10100,0.00731,0.78784
CVE-2018-10101,0.00509,0.74147
CVE-2018-10102,0.00451,0.72559
CVE-2018-10103,0.01245,0.84092
CVE-2018-10105,0.01245,0.84092
CVE-2018-10106,0.00438,0.72168
CVE-2018-10107,0.00087,0.36049
CVE-2018-10108,0.00087,0.36049
CVE-2018-10109,0.00111,0.44222
CVE-2018-1011,0.19510,0.95879
CVE-2018-10110,0.00188,0.56317
CVE-2018-10111,0.00119,0.46000
CVE-2018-10112,0.00354,0.69174
CVE-2018-10113,0.00119,0.46000
CVE-2018-10114,0.00382,0.70297
CVE-2018-10115,0.09491,0.94219
CVE-2018-10117,0.00112,0.44586
CVE-2018-10118,0.00111,0.44222
CVE-2018-10119,0.00741,0.78934
CVE-2018-1012,0.27377,0.96377
CVE-2018-10120,0.00567,0.75498
CVE-2018-10121,0.00058,0.22585
CVE-2018-10122,0.02124,0.88081
CVE-2018-10123,0.01410,0.85118
CVE-2018-10124,0.00042,0.05722
CVE-2018-10125,0.00078,0.32606
CVE-2018-10126,0.00094,0.39363
CVE-2018-10127,0.00091,0.38575
CVE-2018-10128,0.00078,0.32606
CVE-2018-1013,0.27377,0.96377
CVE-2018-10132,0.00112,0.44586
CVE-2018-10133,0.00485,0.73502
CVE-2018-10135,0.00087,0.36434
CVE-2018-10136,0.00087,0.36434
CVE-2018-10137,0.00112,0.44586
CVE-2018-10138,0.00083,0.34473
CVE-2018-10139,0.00136,0.48937
CVE-2018-1014,0.00471,0.73102
CVE-2018-10140,0.00109,0.43848
CVE-2018-10141,0.00126,0.47158
CVE-2018-10142,0.00152,0.51366
CVE-2018-10143,0.09753,0.94289
CVE-2018-1015,0.27377,0.96377
CVE-2018-1016,0.27377,0.96377
CVE-2018-10164,0.00088,0.36828
CVE-2018-10165,0.00088,0.36828
CVE-2018-10166,0.00357,0.69307
CVE-2018-10167,0.00105,0.42673
CVE-2018-10168,0.00160,0.52636
CVE-2018-10169,0.00360,0.69396
CVE-2018-10170,0.00360,0.69396
CVE-2018-10171,0.00222,0.60556
CVE-2018-10172,0.00044,0.10161
CVE-2018-10173,0.00250,0.62997
CVE-2018-10174,0.00127,0.47322
CVE-2018-10175,0.00062,0.24248
CVE-2018-10176,0.00101,0.41121
CVE-2018-10177,0.00388,0.70525
CVE-2018-10178,0.00249,0.62886
CVE-2018-1018,0.06950,0.93303
CVE-2018-10183,0.00087,0.36434
CVE-2018-10184,0.05879,0.92711
CVE-2018-10185,0.00112,0.44586
CVE-2018-10186,0.00086,0.35850
CVE-2018-10187,0.00086,0.35850
CVE-2018-10188,0.00630,0.76868
CVE-2018-10189,0.00168,0.53801
CVE-2018-1019,0.06950,0.93303
CVE-2018-10190,0.00042,0.05722
CVE-2018-10191,0.00552,0.75195
CVE-2018-10192,0.00360,0.69396
CVE-2018-10193,0.00792,0.79736
CVE-2018-10194,0.00757,0.79177
CVE-2018-10195,0.00045,0.11966
CVE-2018-10196,0.00502,0.73975
CVE-2018-10197,0.00176,0.54792
CVE-2018-10198,0.00054,0.20290
CVE-2018-10199,0.00422,0.71670
CVE-2018-1020,0.06950,0.93303
CVE-2018-10201,0.03584,0.90752
CVE-2018-10204,0.00124,0.46813
CVE-2018-10205,0.00092,0.38838
CVE-2018-10206,0.00054,0.20290
CVE-2018-10207,0.00070,0.28998
CVE-2018-10208,0.00078,0.32606
CVE-2018-10209,0.00054,0.20290
CVE-2018-1021,0.00407,0.71188
CVE-2018-10210,0.00084,0.34791
CVE-2018-10211,0.00084,0.34791
CVE-2018-10212,0.00054,0.20290
CVE-2018-10213,0.00054,0.20290
CVE-2018-10219,0.00073,0.30345
CVE-2018-1022,0.05796,0.92659
CVE-2018-10220,0.00438,0.72180
CVE-2018-10221,0.00058,0.22585
CVE-2018-10222,0.00112,0.44586
CVE-2018-10223,0.00179,0.55194
CVE-2018-10224,0.00179,0.55194
CVE-2018-10225,0.00173,0.54528
CVE-2018-10227,0.00058,0.22585
CVE-2018-10228,0.00104,0.42018
CVE-2018-10229,0.00116,0.45404
CVE-2018-1023,0.06383,0.92998
CVE-2018-10230,0.00122,0.46438
CVE-2018-10231,0.00115,0.45113
CVE-2018-10232,0.00095,0.39748
CVE-2018-10233,0.00179,0.55210
CVE-2018-10234,0.00053,0.18833
CVE-2018-10235,0.00431,0.71921
CVE-2018-10236,0.00431,0.71921
CVE-2018-10237,0.01124,0.83140
CVE-2018-10238,0.00315,0.67315
CVE-2018-10239,0.00044,0.10161
CVE-2018-10240,0.00092,0.38838
CVE-2018-10241,0.00077,0.32056
CVE-2018-10242,0.00216,0.59682
CVE-2018-10243,0.00513,0.74242
CVE-2018-10244,0.00222,0.60556
CVE-2018-10245,0.00249,0.62886
CVE-2018-10248,0.00063,0.25629
CVE-2018-10249,0.00112,0.44586
CVE-2018-1025,0.00342,0.68638
CVE-2018-10250,0.00058,0.22585
CVE-2018-10251,0.00430,0.71877
CVE-2018-10252,0.00186,0.55912
CVE-2018-10253,0.00644,0.77130
CVE-2018-10254,0.00367,0.69755
CVE-2018-10255,0.00380,0.70229
CVE-2018-10256,0.00168,0.53541
CVE-2018-10257,0.00077,0.32048
CVE-2018-10258,0.00431,0.71913
CVE-2018-10259,0.00111,0.44222
CVE-2018-1026,0.13777,0.95155
CVE-2018-10260,0.00706,0.78353
CVE-2018-10265,0.00073,0.30112
CVE-2018-10266,0.00073,0.30112
CVE-2018-10267,0.00165,0.53228
CVE-2018-10268,0.00058,0.22585
CVE-2018-1027,0.09173,0.94107
CVE-2018-1028,0.18046,0.95726
CVE-2018-10283,0.00212,0.59184
CVE-2018-10284,0.00171,0.54185
CVE-2018-10285,0.00322,0.67671
CVE-2018-10286,0.00112,0.44368
CVE-2018-10289,0.00061,0.24189
CVE-2018-1029,0.09173,0.94107
CVE-2018-10294,0.00066,0.27550
CVE-2018-10295,0.00112,0.44586
CVE-2018-10296,0.00078,0.32606
CVE-2018-10297,0.00058,0.22585
CVE-2018-10298,0.00058,0.22585
CVE-2018-10299,0.00277,0.64939
CVE-2018-1030,0.20404,0.95951
CVE-2018-10300,0.00124,0.46744
CVE-2018-10301,0.00124,0.46744
CVE-2018-10302,0.00263,0.64061
CVE-2018-10303,0.00872,0.80655
CVE-2018-10305,0.00182,0.55551
CVE-2018-10306,0.00118,0.45730
CVE-2018-10307,0.00084,0.35108
CVE-2018-10309,0.00233,0.61497
CVE-2018-10310,0.00153,0.51570
CVE-2018-10311,0.00081,0.33808
CVE-2018-10312,0.00229,0.61149
CVE-2018-10313,0.00069,0.28753
CVE-2018-10314,0.00105,0.42486
CVE-2018-10316,0.00134,0.48501
CVE-2018-10318,0.00058,0.22585
CVE-2018-10319,0.00058,0.22585
CVE-2018-1032,0.00471,0.73102
CVE-2018-10320,0.00058,0.22585
CVE-2018-10321,0.00207,0.58683
CVE-2018-10322,0.00042,0.05722
CVE-2018-10323,0.00042,0.05722
CVE-2018-10326,0.00058,0.22585
CVE-2018-10327,0.00042,0.05722
CVE-2018-10328,0.00120,0.46190
CVE-2018-10329,0.00078,0.32606
CVE-2018-1034,0.00471,0.73102
CVE-2018-1035,0.00058,0.21564
CVE-2018-10350,0.00299,0.66388
CVE-2018-10351,0.00509,0.74146
CVE-2018-10352,0.00509,0.74146
CVE-2018-10353,0.00078,0.32652
CVE-2018-10354,0.00203,0.58345
CVE-2018-10355,0.00049,0.15071
CVE-2018-10356,0.00299,0.66388
CVE-2018-10357,0.02393,0.88828
CVE-2018-10358,0.00045,0.12491
CVE-2018-10359,0.00045,0.12491
CVE-2018-1036,0.00055,0.20314
CVE-2018-10360,0.00830,0.80186
CVE-2018-10361,0.00052,0.18252
CVE-2018-10362,0.00393,0.70740
CVE-2018-10363,0.00176,0.54820
CVE-2018-10364,0.00069,0.28444
CVE-2018-10365,0.00105,0.42413
CVE-2018-10366,0.00078,0.32098
CVE-2018-10367,0.00058,0.22585
CVE-2018-10368,0.00058,0.22585
CVE-2018-10369,0.00222,0.60556
CVE-2018-1037,0.01202,0.83765
CVE-2018-10371,0.00270,0.64518
CVE-2018-10372,0.00339,0.68495
CVE-2018-10373,0.00886,0.80846
CVE-2018-10374,0.00087,0.36434
CVE-2018-10375,0.00185,0.55879
CVE-2018-10376,0.00215,0.59546
CVE-2018-10377,0.00074,0.30744
CVE-2018-10379,0.00075,0.30950
CVE-2018-1038,0.97124,0.99752
CVE-2018-10380,0.00042,0.05722
CVE-2018-10381,0.00360,0.69396
CVE-2018-10382,0.00050,0.16378
CVE-2018-10383,0.00078,0.32606
CVE-2018-10387,0.00596,0.76127
CVE-2018-10388,0.00684,0.77981
CVE-2018-10389,0.00684,0.77981
CVE-2018-1039,0.00097,0.40206
CVE-2018-10391,0.00058,0.22585
CVE-2018-10392,0.01185,0.83639
CVE-2018-10393,0.00517,0.74324
CVE-2018-1040,0.00536,0.74810
CVE-2018-10403,0.00091,0.38161
CVE-2018-10404,0.00091,0.38161
CVE-2018-10405,0.00071,0.29274
CVE-2018-10406,0.00091,0.38161
CVE-2018-10407,0.00053,0.18293
CVE-2018-10408,0.00091,0.38161
CVE-2018-1041,0.02715,0.89493
CVE-2018-1042,0.00565,0.75463
CVE-2018-10422,0.00058,0.22585
CVE-2018-10423,0.00095,0.39629
CVE-2018-10424,0.00058,0.22585
CVE-2018-10425,0.00042,0.05722
CVE-2018-10428,0.00347,0.68829
CVE-2018-10429,0.00389,0.70598
CVE-2018-1043,0.00053,0.19109
CVE-2018-10430,0.00058,0.22585
CVE-2018-10431,0.00339,0.68490
CVE-2018-10432,0.00202,0.58171
CVE-2018-1044,0.00053,0.19109
CVE-2018-1045,0.00053,0.19109
CVE-2018-1046,0.00140,0.49586
CVE-2018-10465,0.00065,0.27140
CVE-2018-10466,0.00350,0.68982
CVE-2018-10468,0.00430,0.71877
CVE-2018-10469,0.01056,0.82547
CVE-2018-1047,0.00061,0.24028
CVE-2018-10470,0.00090,0.37972
CVE-2018-10471,0.00062,0.24773
CVE-2018-10472,0.00057,0.21547
CVE-2018-10473,0.00643,0.77108
CVE-2018-10474,0.00643,0.77108
CVE-2018-10475,0.00392,0.70703
CVE-2018-10476,0.00392,0.70703
CVE-2018-10477,0.00643,0.77108
CVE-2018-10478,0.00392,0.70703
CVE-2018-10479,0.00392,0.70703
CVE-2018-1048,0.00278,0.65047
CVE-2018-10480,0.00541,0.74957
CVE-2018-10481,0.00541,0.74957
CVE-2018-10482,0.00541,0.74957
CVE-2018-10483,0.00643,0.77108
CVE-2018-10484,0.00785,0.79587
CVE-2018-10485,0.00541,0.74957
CVE-2018-10486,0.00392,0.70703
CVE-2018-10487,0.00392,0.70703
CVE-2018-10488,0.00643,0.77108
CVE-2018-10489,0.00643,0.77108
CVE-2018-1049,0.00935,0.81383
CVE-2018-10490,0.00648,0.77194
CVE-2018-10491,0.00643,0.77108
CVE-2018-10492,0.00392,0.70703
CVE-2018-10493,0.00392,0.70703
CVE-2018-10494,0.00643,0.77108
CVE-2018-10495,0.00554,0.75229
CVE-2018-10496,0.00908,0.81081
CVE-2018-10497,0.00045,0.12491
CVE-2018-10498,0.00045,0.12491
CVE-2018-10499,0.00045,0.12491
CVE-2018-1050,0.02741,0.89541
CVE-2018-10500,0.00213,0.59342
CVE-2018-10501,0.00046,0.12667
CVE-2018-10502,0.00045,0.12491
CVE-2018-10503,0.00112,0.44586
CVE-2018-10504,0.00120,0.46134
CVE-2018-10505,0.00045,0.12491
CVE-2018-10506,0.00045,0.12491
CVE-2018-10507,0.00116,0.45352
CVE-2018-10508,0.00104,0.42231
CVE-2018-10509,0.00104,0.42231
CVE-2018-1051,0.00133,0.48468
CVE-2018-10510,0.00429,0.71875
CVE-2018-10511,0.00168,0.53801
CVE-2018-10512,0.00103,0.41969
CVE-2018-10513,0.00045,0.12491
CVE-2018-10514,0.00045,0.12491
CVE-2018-10515,0.00478,0.73287
CVE-2018-10516,0.00088,0.36942
CVE-2018-10517,0.09255,0.94136
CVE-2018-10518,0.00070,0.28986
CVE-2018-10519,0.00097,0.40199
CVE-2018-1052,0.00062,0.24394
CVE-2018-10520,0.00070,0.28986
CVE-2018-10521,0.00070,0.28971
CVE-2018-10522,0.00079,0.33131
CVE-2018-10523,0.00146,0.50540
CVE-2018-10527,0.00058,0.22585
CVE-2018-10528,0.00471,0.73078
CVE-2018-10529,0.00317,0.67410
CVE-2018-1053,0.00062,0.24773
CVE-2018-10531,0.00133,0.48464
CVE-2018-10532,0.00089,0.37315
CVE-2018-10534,0.00076,0.31175
CVE-2018-10535,0.00422,0.71678
CVE-2018-10536,0.00320,0.67602
CVE-2018-10537,0.00320,0.67602
CVE-2018-10538,0.00202,0.58209
CVE-2018-10539,0.00202,0.58209
CVE-2018-1054,0.00744,0.78965
CVE-2018-10540,0.00202,0.58209
CVE-2018-10544,0.00434,0.72045
CVE-2018-10545,0.00067,0.27625
CVE-2018-10546,0.02518,0.89099
CVE-2018-10547,0.03788,0.91003
CVE-2018-10548,0.93248,0.98901
CVE-2018-10549,0.01090,0.82859
CVE-2018-10550,0.00168,0.53801
CVE-2018-10553,0.00115,0.45126
CVE-2018-10554,0.00110,0.43963
CVE-2018-1056,0.00120,0.46066
CVE-2018-10561,0.97166,0.99771
CVE-2018-10562,0.97441,0.99943
CVE-2018-10563,0.00066,0.27550
CVE-2018-10564,0.00066,0.27550
CVE-2018-10565,0.00066,0.27550
CVE-2018-10566,0.00066,0.27550
CVE-2018-10567,0.00066,0.27550
CVE-2018-10568,0.00066,0.27550
CVE-2018-10569,0.00066,0.27550
CVE-2018-1057,0.01062,0.82627
CVE-2018-10570,0.00058,0.22585
CVE-2018-10571,0.00188,0.56316
CVE-2018-10572,0.00217,0.59771
CVE-2018-10573,0.00758,0.79193
CVE-2018-10574,0.00691,0.78098
CVE-2018-10575,0.00433,0.71980
CVE-2018-10576,0.00059,0.22933
CVE-2018-10577,0.00104,0.42231
CVE-2018-10578,0.00217,0.59752
CVE-2018-1058,0.00477,0.73261
CVE-2018-10580,0.00111,0.44222
CVE-2018-10581,0.00058,0.22585
CVE-2018-10583,0.15948,0.95478
CVE-2018-10585,0.00202,0.58171
CVE-2018-10586,0.00054,0.20290
CVE-2018-10587,0.00179,0.55145
CVE-2018-10589,0.00456,0.72696
CVE-2018-1059,0.00151,0.51352
CVE-2018-10590,0.00100,0.40913
CVE-2018-10591,0.00110,0.43923
CVE-2018-10592,0.03616,0.90790
CVE-2018-10593,0.00044,0.08189
CVE-2018-10594,0.50347,0.97248
CVE-2018-10595,0.00044,0.08189
CVE-2018-10596,0.00042,0.00438
CVE-2018-10597,0.00089,0.37188
CVE-2018-10598,0.00418,0.71532
CVE-2018-10599,0.00067,0.27833
CVE-2018-1060,0.00411,0.71293
CVE-2018-10600,0.00424,0.71740
CVE-2018-10601,0.00101,0.41107
CVE-2018-10602,0.00528,0.74627
CVE-2018-10603,0.00203,0.58316
CVE-2018-10604,0.00124,0.46813
CVE-2018-10605,0.00102,0.41495
CVE-2018-10606,0.00630,0.76873
CVE-2018-10607,0.00280,0.65151
CVE-2018-10608,0.00695,0.78168
CVE-2018-10609,0.00243,0.62350
CVE-2018-1061,0.00634,0.76932
CVE-2018-10610,0.00341,0.68595
CVE-2018-10611,0.04024,0.91229
CVE-2018-10612,0.00174,0.54585
CVE-2018-10613,0.00475,0.73181
CVE-2018-10614,0.00341,0.68595
CVE-2018-10615,0.00204,0.58405
CVE-2018-10616,0.02063,0.87890
CVE-2018-10617,0.00811,0.79949
CVE-2018-10618,0.08935,0.94031
CVE-2018-10619,0.00049,0.15150
CVE-2018-1062,0.00159,0.52443
CVE-2018-10620,0.01790,0.86811
CVE-2018-10621,0.00811,0.79949
CVE-2018-10622,0.00076,0.31374
CVE-2018-10623,0.00811,0.79949
CVE-2018-10624,0.00053,0.18491
CVE-2018-10626,0.00044,0.08189
CVE-2018-10627,0.00213,0.59361
CVE-2018-10628,0.03739,0.90944
CVE-2018-1063,0.00044,0.10161
CVE-2018-10630,0.00304,0.66667
CVE-2018-10631,0.00074,0.30689
CVE-2018-10632,0.00077,0.31768
CVE-2018-10633,0.00172,0.54456
CVE-2018-10634,0.00053,0.18491
CVE-2018-10635,0.00831,0.80195
CVE-2018-10636,0.00738,0.78878
CVE-2018-10637,0.00104,0.42342
CVE-2018-1064,0.01126,0.83151
CVE-2018-10641,0.02186,0.88308
CVE-2018-10642,0.00089,0.37219
CVE-2018-10645,0.00044,0.10161
CVE-2018-10646,0.00044,0.10161
CVE-2018-10647,0.00044,0.10161
CVE-2018-10648,0.00195,0.57387
CVE-2018-10649,0.00078,0.32606
CVE-2018-1065,0.00042,0.05722
CVE-2018-10650,0.00063,0.25378
CVE-2018-10651,0.00078,0.32606
CVE-2018-10652,0.00168,0.53801
CVE-2018-10653,0.02419,0.88889
CVE-2018-10654,0.00167,0.53437
CVE-2018-10655,0.00506,0.74069
CVE-2018-10657,0.00116,0.45451
CVE-2018-10658,0.00408,0.71227
CVE-2018-10659,0.00641,0.77077
CVE-2018-1066,0.00668,0.77665
CVE-2018-10660,0.20082,0.95925
CVE-2018-10661,0.19383,0.95863
CVE-2018-10662,0.17185,0.95633
CVE-2018-10663,0.00366,0.69667
CVE-2018-10664,0.01300,0.84472
CVE-2018-10665,0.00118,0.45730
CVE-2018-10666,0.00084,0.34791
CVE-2018-1067,0.00206,0.58577
CVE-2018-10675,0.00044,0.08000
CVE-2018-10676,0.01201,0.83762
CVE-2018-10677,0.00577,0.75722
CVE-2018-10678,0.00080,0.33284
CVE-2018-1068,0.00065,0.26976
CVE-2018-10680,0.00076,0.31249
CVE-2018-10682,0.01690,0.86435
CVE-2018-10683,0.00659,0.77474
CVE-2018-10685,0.00643,0.77113
CVE-2018-10686,0.00102,0.41537
CVE-2018-10689,0.00181,0.55523
CVE-2018-1069,0.00044,0.10161
CVE-2018-10690,0.08163,0.93757
CVE-2018-10691,0.00256,0.63502
CVE-2018-10692,0.00088,0.36898
CVE-2018-10693,0.00233,0.61450
CVE-2018-10694,0.00163,0.52998
CVE-2018-10695,0.00533,0.74735
CVE-2018-10696,0.00702,0.78274
CVE-2018-10697,0.00730,0.78774
CVE-2018-10698,0.02626,0.89315
CVE-2018-10699,0.00515,0.74287
CVE-2018-1070,0.00135,0.48688
CVE-2018-10700,0.00179,0.55159
CVE-2018-10701,0.00233,0.61450
CVE-2018-10702,0.00730,0.78774
CVE-2018-10703,0.00233,0.61450
CVE-2018-10704,0.00076,0.31249
CVE-2018-10705,0.00115,0.45086
CVE-2018-10706,0.00102,0.41475
CVE-2018-10709,0.00048,0.14788
CVE-2018-1071,0.00042,0.05722
CVE-2018-10710,0.00042,0.05722
CVE-2018-10711,0.00048,0.14788
CVE-2018-10712,0.00048,0.14788
CVE-2018-10713,0.00131,0.47909
CVE-2018-10716,0.00042,0.05722
CVE-2018-10717,0.00577,0.75722
CVE-2018-10718,0.09080,0.94071
CVE-2018-1072,0.00245,0.62547
CVE-2018-10722,0.00042,0.05722
CVE-2018-10723,0.00659,0.77474
CVE-2018-10726,0.00058,0.22585
CVE-2018-10727,0.00131,0.48045
CVE-2018-10728,0.00341,0.68563
CVE-2018-10729,0.00148,0.50763
CVE-2018-1073,0.00141,0.49834
CVE-2018-10730,0.00160,0.52572
CVE-2018-10731,0.00341,0.68563
CVE-2018-10732,0.00166,0.53264
CVE-2018-10733,0.00356,0.69244
CVE-2018-10734,0.00772,0.79407
CVE-2018-10735,0.00403,0.71042
CVE-2018-10736,0.00403,0.71042
CVE-2018-10737,0.00403,0.71042
CVE-2018-10738,0.00403,0.71042
CVE-2018-10739,0.00042,0.05722
CVE-2018-1074,0.00108,0.43395
CVE-2018-10740,0.00811,0.79950
CVE-2018-10746,0.00131,0.47909
CVE-2018-10747,0.00131,0.47909
CVE-2018-10748,0.00131,0.47909
CVE-2018-10749,0.00131,0.47909
CVE-2018-1075,0.00052,0.18252
CVE-2018-10750,0.00131,0.47909
CVE-2018-10751,0.00475,0.73207
CVE-2018-10752,0.00111,0.44222
CVE-2018-10753,0.03239,0.90309
CVE-2018-10756,0.01063,0.82632
CVE-2018-10757,0.00571,0.75564
CVE-2018-10758,0.00063,0.25629
CVE-2018-10759,0.37144,0.96827
CVE-2018-10760,0.00227,0.61043
CVE-2018-10763,0.00136,0.48923
CVE-2018-10767,0.00555,0.75249
CVE-2018-10768,0.01539,0.85788
CVE-2018-10769,0.00115,0.45133
CVE-2018-1077,0.00168,0.53801
CVE-2018-10770,0.02419,0.88890
CVE-2018-10771,0.02723,0.89508
CVE-2018-10772,0.00141,0.49723
CVE-2018-10773,0.00159,0.52376
CVE-2018-10774,0.00164,0.53032
CVE-2018-10775,0.00162,0.52878
CVE-2018-10776,0.00124,0.46777
CVE-2018-10777,0.00144,0.50272
CVE-2018-10778,0.00124,0.46777
CVE-2018-10779,0.00197,0.57636
CVE-2018-1078,0.00172,0.54277
CVE-2018-10780,0.00091,0.38112
CVE-2018-1079,0.00064,0.26504
CVE-2018-10790,0.00151,0.51333
CVE-2018-10795,0.00075,0.30870
CVE-2018-10796,0.00042,0.05722
CVE-2018-10798,0.00080,0.33332
CVE-2018-10799,0.00080,0.33332
CVE-2018-1080,0.00326,0.67846
CVE-2018-10801,0.00081,0.33520
CVE-2018-10803,0.00077,0.31683
CVE-2018-10804,0.00070,0.29078
CVE-2018-10805,0.00091,0.38088
CVE-2018-10806,0.00053,0.18634
CVE-2018-10809,0.00062,0.24874
CVE-2018-1081,0.00150,0.51197
CVE-2018-10810,0.00078,0.32606
CVE-2018-10811,0.08800,0.93981
CVE-2018-10812,0.00042,0.05722
CVE-2018-10813,0.00151,0.51321
CVE-2018-10814,0.00074,0.30486
CVE-2018-10815,0.00065,0.26756
CVE-2018-10817,0.00078,0.32606
CVE-2018-1082,0.00496,0.73776
CVE-2018-10821,0.00062,0.24514
CVE-2018-10822,0.10309,0.94456
CVE-2018-10823,0.96737,0.99597
CVE-2018-10824,0.28391,0.96448
CVE-2018-10825,0.00057,0.21534
CVE-2018-10827,0.00217,0.59779
CVE-2018-10828,0.00077,0.31758
CVE-2018-1083,0.00084,0.34797
CVE-2018-10830,0.00062,0.24874
CVE-2018-10831,0.00436,0.72105
CVE-2018-10832,0.00101,0.41165
CVE-2018-10839,0.00290,0.65842
CVE-2018-1084,0.03625,0.90798
CVE-2018-10840,0.00146,0.50459
CVE-2018-10841,0.00177,0.54943
CVE-2018-10843,0.00089,0.37379
CVE-2018-10844,0.00641,0.77073
CVE-2018-10845,0.00942,0.81453
CVE-2018-10846,0.00051,0.17176
CVE-2018-10847,0.00209,0.58914
CVE-2018-1085,0.00288,0.65674
CVE-2018-10850,0.01090,0.82854
CVE-2018-10851,0.00440,0.72244
CVE-2018-10852,0.00481,0.73365
CVE-2018-10853,0.00064,0.26441
CVE-2018-10854,0.00054,0.20290
CVE-2018-10855,0.00349,0.68938
CVE-2018-10856,0.00194,0.57377
CVE-2018-10857,0.00184,0.55726
CVE-2018-10858,0.01173,0.83535
CVE-2018-10859,0.00216,0.59682
CVE-2018-1086,0.00578,0.75761
CVE-2018-10860,0.06109,0.92841
CVE-2018-10861,0.00445,0.72366
CVE-2018-10862,0.00059,0.23170
CVE-2018-10863,0.00161,0.52716
CVE-2018-10864,0.00101,0.41066
CVE-2018-10865,0.00077,0.31682
CVE-2018-10866,0.00077,0.31682
CVE-2018-10867,0.00173,0.54518
CVE-2018-10868,0.00091,0.38571
CVE-2018-10869,0.00525,0.74541
CVE-2018-1087,0.00064,0.26441
CVE-2018-10870,0.01668,0.86359
CVE-2018-10871,0.00327,0.67913
CVE-2018-10872,0.00059,0.22933
CVE-2018-10873,0.00258,0.63613
CVE-2018-10874,0.00075,0.31091
CVE-2018-10875,0.00078,0.32218
CVE-2018-10876,0.00100,0.41023
CVE-2018-10877,0.00063,0.25077
CVE-2018-10878,0.00044,0.08000
CVE-2018-10879,0.00044,0.08000
CVE-2018-1088,0.00820,0.80052
CVE-2018-10880,0.00146,0.50526
CVE-2018-10881,0.00044,0.08000
CVE-2018-10882,0.00042,0.05722
CVE-2018-10883,0.00044,0.08000
CVE-2018-10884,0.00071,0.29260
CVE-2018-10885,0.00079,0.33155
CVE-2018-10887,0.00350,0.68997
CVE-2018-10888,0.00251,0.63111
CVE-2018-10889,0.00143,0.49997
CVE-2018-1089,0.03687,0.90888
CVE-2018-10890,0.00143,0.49997
CVE-2018-10891,0.00215,0.59582
CVE-2018-10892,0.00224,0.60768
CVE-2018-10893,0.00222,0.60402
CVE-2018-10894,0.00087,0.36671
CVE-2018-10895,0.00199,0.57831
CVE-2018-10896,0.00051,0.17134
CVE-2018-10897,0.00689,0.78074
CVE-2018-10898,0.00077,0.32045
CVE-2018-10899,0.00917,0.81181
CVE-2018-1090,0.00153,0.51532
CVE-2018-10900,0.00364,0.69566
CVE-2018-10901,0.00062,0.24773
CVE-2018-10902,0.00044,0.08000
CVE-2018-10903,0.00178,0.55123
CVE-2018-10904,0.00457,0.72714
CVE-2018-10905,0.00054,0.19338
CVE-2018-10906,0.00134,0.48558
CVE-2018-10907,0.00632,0.76893
CVE-2018-10908,0.00137,0.49084
CVE-2018-1091,0.00062,0.24773
CVE-2018-10910,0.00044,0.10445
CVE-2018-10911,0.00508,0.74101
CVE-2018-10912,0.00123,0.46683
CVE-2018-10913,0.00189,0.56456
CVE-2018-10914,0.01174,0.83543
CVE-2018-10915,0.00333,0.68257
CVE-2018-10916,0.00453,0.72615
CVE-2018-10917,0.00063,0.24943
CVE-2018-10918,0.00450,0.72496
CVE-2018-10919,0.00358,0.69324
CVE-2018-1092,0.00245,0.62622
CVE-2018-10920,0.00161,0.52696
CVE-2018-10921,0.00106,0.42965
CVE-2018-10922,0.00061,0.23866
CVE-2018-10923,0.00404,0.71083
CVE-2018-10924,0.00284,0.65444
CVE-2018-10925,0.00183,0.55670
CVE-2018-10926,0.00579,0.75764
CVE-2018-10927,0.00650,0.77266
CVE-2018-10928,0.00387,0.70489
CVE-2018-10929,0.00530,0.74671
CVE-2018-1093,0.00232,0.61376
CVE-2018-10930,0.00185,0.55860
CVE-2018-10931,0.00664,0.77580
CVE-2018-10932,0.00154,0.51696
CVE-2018-10933,0.15428,0.95411
CVE-2018-10934,0.00090,0.37822
CVE-2018-10935,0.03437,0.90586
CVE-2018-10936,0.00387,0.70509
CVE-2018-10937,0.00214,0.59514
CVE-2018-10938,0.04834,0.91989
CVE-2018-10939,0.00145,0.50427
CVE-2018-1094,0.00202,0.58196
CVE-2018-10940,0.00044,0.08000
CVE-2018-10942,0.48275,0.97183
CVE-2018-10943,0.00116,0.45451
CVE-2018-10944,0.00168,0.53801
CVE-2018-10945,0.00733,0.78829
CVE-2018-10946,0.00044,0.10161
CVE-2018-10947,0.00063,0.25202
CVE-2018-10948,0.00054,0.20290
CVE-2018-10949,0.00084,0.34791
CVE-2018-1095,0.00140,0.49668
CVE-2018-10950,0.00084,0.34791
CVE-2018-10951,0.00065,0.26756
CVE-2018-10952,0.00042,0.05722
CVE-2018-10953,0.00042,0.05722
CVE-2018-10954,0.00042,0.05722
CVE-2018-10955,0.00042,0.05722
CVE-2018-10956,0.57917,0.97439
CVE-2018-10957,0.00229,0.61125
CVE-2018-10958,0.00248,0.62834
CVE-2018-10959,0.00213,0.59313
CVE-2018-1096,0.00088,0.36833
CVE-2018-10962,0.00042,0.05722
CVE-2018-10963,0.00743,0.78956
CVE-2018-10966,0.00190,0.56648
CVE-2018-10967,0.00220,0.60211
CVE-2018-10968,0.00222,0.60556
CVE-2018-10969,0.06457,0.93039
CVE-2018-1097,0.00209,0.58854
CVE-2018-10971,0.00082,0.33935
CVE-2018-10972,0.00197,0.57645
CVE-2018-10973,0.00102,0.41475
CVE-2018-10974,0.00042,0.05722
CVE-2018-10975,0.00042,0.05722
CVE-2018-10976,0.00042,0.05722
CVE-2018-10977,0.00042,0.05722
CVE-2018-1098,0.00213,0.59287
CVE-2018-10981,0.00062,0.24773
CVE-2018-10982,0.00062,0.24773
CVE-2018-10986,0.00073,0.30112
CVE-2018-10987,0.00137,0.49080
CVE-2018-10988,0.00044,0.10161
CVE-2018-10989,0.00211,0.59052
CVE-2018-1099,0.00068,0.27968
CVE-2018-10990,0.00104,0.42231
CVE-2018-10992,0.00254,0.63309
CVE-2018-10994,0.00185,0.55815
CVE-2018-10995,0.00260,0.63852
CVE-2018-10996,0.01115,0.83055
CVE-2018-10997,0.00210,0.59016
CVE-2018-10998,0.01903,0.87325
CVE-2018-10999,0.00255,0.63455
CVE-2018-1100,0.00042,0.05722
CVE-2018-11002,0.00064,0.26450
CVE-2018-11003,0.00102,0.41440
CVE-2018-11004,0.00202,0.58186
CVE-2018-11005,0.00061,0.24231
CVE-2018-11006,0.00057,0.21309
CVE-2018-11007,0.00061,0.24231
CVE-2018-11008,0.00057,0.21309
CVE-2018-11009,0.00097,0.40064
CVE-2018-1101,0.00273,0.64744
CVE-2018-11010,0.00097,0.40064
CVE-2018-11011,0.00087,0.36434
CVE-2018-11012,0.00087,0.36434
CVE-2018-11013,0.01115,0.83063
CVE-2018-11017,0.00522,0.74469
CVE-2018-11018,0.00202,0.58186
CVE-2018-11019,0.00139,0.49499
CVE-2018-1102,0.00352,0.69071
CVE-2018-11020,0.00044,0.10445
CVE-2018-11021,0.00139,0.49499
CVE-2018-11022,0.00115,0.45086
CVE-2018-11023,0.00115,0.45086
CVE-2018-11024,0.00115,0.45086
CVE-2018-11025,0.00115,0.45086
CVE-2018-11027,0.00145,0.50371
CVE-2018-1103,0.00087,0.35920
CVE-2018-11031,0.00659,0.77474
CVE-2018-11032,0.00212,0.59184
CVE-2018-11033,0.00124,0.46777
CVE-2018-11034,0.00062,0.24874
CVE-2018-11035,0.00042,0.05722
CVE-2018-11036,0.00296,0.66185
CVE-2018-11037,0.00319,0.67517
CVE-2018-11039,0.00264,0.64126
CVE-2018-1104,0.00242,0.62316
CVE-2018-11040,0.00264,0.64143
CVE-2018-11041,0.00123,0.46665
CVE-2018-11044,0.00054,0.20290
CVE-2018-11045,0.00168,0.53801
CVE-2018-11046,0.00054,0.19451
CVE-2018-11047,0.00084,0.34791
CVE-2018-11048,0.00233,0.61489
CVE-2018-11049,0.00042,0.05722
CVE-2018-11050,0.00215,0.59528
CVE-2018-11051,0.00173,0.54471
CVE-2018-11052,0.00908,0.81084
CVE-2018-11053,0.00054,0.19451
CVE-2018-11054,0.00949,0.81526
CVE-2018-11055,0.00043,0.07608
CVE-2018-11056,0.00412,0.71355
CVE-2018-11057,0.00542,0.74961
CVE-2018-11058,0.00471,0.73078
CVE-2018-11059,0.00091,0.38652
CVE-2018-1106,0.00042,0.05722
CVE-2018-11060,0.00505,0.74045
CVE-2018-11061,0.00218,0.59845
CVE-2018-11062,0.00091,0.38093
CVE-2018-11063,0.00042,0.05722
CVE-2018-11064,0.00044,0.10161
CVE-2018-11065,0.00079,0.32911
CVE-2018-11066,0.02329,0.88672
CVE-2018-11067,0.00223,0.60688
CVE-2018-11068,0.00075,0.31056
CVE-2018-11069,0.00747,0.79011
CVE-2018-1107,0.00117,0.45503
CVE-2018-11070,0.00412,0.71356
CVE-2018-11071,0.00160,0.52632
CVE-2018-11072,0.00042,0.05722
CVE-2018-11073,0.00107,0.43162
CVE-2018-11074,0.00227,0.61013
CVE-2018-11075,0.00262,0.63997
CVE-2018-11076,0.00072,0.29680
CVE-2018-11077,0.00085,0.35506
CVE-2018-11078,0.00199,0.57885
CVE-2018-11079,0.00052,0.18252
CVE-2018-1108,0.00667,0.77658
CVE-2018-11080,0.00052,0.18253
CVE-2018-11081,0.00309,0.66961
CVE-2018-11082,0.00222,0.60601
CVE-2018-11083,0.00246,0.62676
CVE-2018-11084,0.00081,0.33674
CVE-2018-11086,0.00104,0.42231
CVE-2018-11087,0.00128,0.47518
CVE-2018-11088,0.00104,0.42231
CVE-2018-1109,0.00117,0.45503
CVE-2018-11090,0.00066,0.27550
CVE-2018-11091,0.00174,0.54628
CVE-2018-11092,0.00264,0.64091
CVE-2018-11093,0.00114,0.44785
CVE-2018-11094,0.08771,0.93976
CVE-2018-11095,0.00278,0.65054
CVE-2018-11096,0.00094,0.39272
CVE-2018-11097,0.00103,0.41969
CVE-2018-11098,0.00109,0.43614
CVE-2018-11099,0.00158,0.52239
CVE-2018-1110,0.00098,0.40310
CVE-2018-11100,0.00278,0.65054
CVE-2018-11101,0.00129,0.47722
CVE-2018-11102,0.00787,0.79608
CVE-2018-11105,0.00096,0.40015
CVE-2018-11106,0.00431,0.71935
CVE-2018-1111,0.97230,0.99811
CVE-2018-11116,0.00230,0.61291
CVE-2018-11117,0.00084,0.35108
CVE-2018-11118,0.00094,0.39351
CVE-2018-11119,0.00084,0.35108
CVE-2018-1112,0.00523,0.74490
CVE-2018-11120,0.00084,0.35108
CVE-2018-11124,0.00105,0.42486
CVE-2018-11126,0.00112,0.44586
CVE-2018-11127,0.00053,0.19032
CVE-2018-11128,0.48139,0.97180
CVE-2018-11129,0.01638,0.86250
CVE-2018-1113,0.00056,0.20810
CVE-2018-11130,0.01638,0.86250
CVE-2018-11132,0.00557,0.75283
CVE-2018-11133,0.05625,0.92577
CVE-2018-11134,0.00109,0.43614
CVE-2018-11135,0.00109,0.43614
CVE-2018-11136,0.00224,0.60733
CVE-2018-11137,0.00087,0.36039
CVE-2018-11138,0.91151,0.98663
CVE-2018-11139,0.86704,0.98370
CVE-2018-1114,0.00522,0.74451
CVE-2018-11140,0.00224,0.60733
CVE-2018-11141,0.00528,0.74618
CVE-2018-11142,0.00042,0.05722
CVE-2018-11143,0.00383,0.70348
CVE-2018-11144,0.00191,0.56718
CVE-2018-11145,0.00191,0.56718
CVE-2018-11146,0.00191,0.56718
CVE-2018-11147,0.00191,0.56718
CVE-2018-11148,0.00191,0.56718
CVE-2018-11149,0.00191,0.56718
CVE-2018-1115,0.00723,0.78653
CVE-2018-11150,0.00191,0.56718
CVE-2018-11151,0.00241,0.62200
CVE-2018-11152,0.00191,0.56718
CVE-2018-11153,0.00191,0.56718
CVE-2018-11154,0.00191,0.56718
CVE-2018-11155,0.00191,0.56718
CVE-2018-11156,0.00191,0.56718
CVE-2018-11157,0.00191,0.56718
CVE-2018-11158,0.00191,0.56718
CVE-2018-11159,0.00191,0.56718
CVE-2018-1116,0.00066,0.27288
CVE-2018-11160,0.00191,0.56718
CVE-2018-11161,0.00191,0.56718
CVE-2018-11162,0.00191,0.56718
CVE-2018-11163,0.00241,0.62200
CVE-2018-11164,0.00191,0.56718
CVE-2018-11165,0.00191,0.56718
CVE-2018-11166,0.00191,0.56718
CVE-2018-11167,0.00191,0.56718
CVE-2018-11168,0.00191,0.56718
CVE-2018-11169,0.00191,0.56718
CVE-2018-1117,0.00445,0.72360
CVE-2018-11170,0.00191,0.56718
CVE-2018-11171,0.00191,0.56718
CVE-2018-11172,0.00191,0.56718
CVE-2018-11173,0.00191,0.56718
CVE-2018-11174,0.00191,0.56718
CVE-2018-11175,0.00191,0.56718
CVE-2018-11176,0.00191,0.56718
CVE-2018-11177,0.00191,0.56718
CVE-2018-11178,0.00191,0.56718
CVE-2018-11179,0.00191,0.56718
CVE-2018-1118,0.00042,0.05722
CVE-2018-11180,0.00191,0.56718
CVE-2018-11181,0.00191,0.56718
CVE-2018-11182,0.00191,0.56718
CVE-2018-11183,0.00191,0.56718
CVE-2018-11184,0.00241,0.62200
CVE-2018-11185,0.00191,0.56718
CVE-2018-11186,0.00191,0.56718
CVE-2018-11187,0.00191,0.56718
CVE-2018-11188,0.00191,0.56718
CVE-2018-11189,0.00173,0.54502
CVE-2018-11190,0.00208,0.58816
CVE-2018-11191,0.00208,0.58816
CVE-2018-11192,0.00208,0.58816
CVE-2018-11193,0.00208,0.58816
CVE-2018-11194,0.00208,0.58816
CVE-2018-11195,0.00107,0.43163
CVE-2018-11196,0.00079,0.33048
CVE-2018-11198,0.00062,0.24801
CVE-2018-1120,0.00096,0.39855
CVE-2018-11200,0.00078,0.32606
CVE-2018-11202,0.00162,0.52878
CVE-2018-11203,0.00167,0.53458
CVE-2018-11204,0.00162,0.52878
CVE-2018-11205,0.00506,0.74068
CVE-2018-11206,0.00550,0.75141
CVE-2018-11207,0.00122,0.46378
CVE-2018-11208,0.00062,0.24514
CVE-2018-11209,0.00106,0.42937
CVE-2018-1121,0.00178,0.54975
CVE-2018-11210,0.00315,0.67315
CVE-2018-11212,0.00583,0.75870
CVE-2018-11213,0.00743,0.78956
CVE-2018-11214,0.00743,0.78956
CVE-2018-11215,0.00684,0.77981
CVE-2018-11218,0.02187,0.88311
CVE-2018-11219,0.02754,0.89568
CVE-2018-1122,0.00044,0.08000
CVE-2018-11220,0.01205,0.83794
CVE-2018-11221,0.00214,0.59502
CVE-2018-11222,0.00307,0.66840
CVE-2018-11223,0.00057,0.21366
CVE-2018-11224,0.00095,0.39722
CVE-2018-11225,0.00324,0.67769
CVE-2018-11226,0.00324,0.67769
CVE-2018-11227,0.02667,0.89388
CVE-2018-11228,0.02790,0.89623
CVE-2018-11229,0.03127,0.90133
CVE-2018-1123,0.00570,0.75553
CVE-2018-11230,0.00437,0.72161
CVE-2018-11231,0.00903,0.81036
CVE-2018-11232,0.00052,0.18252
CVE-2018-11233,0.00706,0.78352
CVE-2018-11235,0.00333,0.68274
CVE-2018-11236,0.00962,0.81665
CVE-2018-11237,0.00055,0.20504
CVE-2018-11239,0.00102,0.41475
CVE-2018-1124,0.00047,0.13991
CVE-2018-11240,0.00360,0.69396
CVE-2018-11241,0.00736,0.78868
CVE-2018-11242,0.00557,0.75289
CVE-2018-11243,0.01031,0.82298
CVE-2018-11244,0.00090,0.37972
CVE-2018-11245,0.00084,0.35108
CVE-2018-11246,0.00116,0.45451
CVE-2018-11247,0.00698,0.78217
CVE-2018-11248,0.00163,0.52978
CVE-2018-1125,0.00466,0.72950
CVE-2018-11251,0.00438,0.72183
CVE-2018-11254,0.00082,0.33935
CVE-2018-11255,0.00073,0.30194
CVE-2018-11256,0.00136,0.48914
CVE-2018-11257,0.00044,0.10161
CVE-2018-11258,0.00044,0.10161
CVE-2018-11259,0.00070,0.29068
CVE-2018-1126,0.00547,0.75074
CVE-2018-11260,0.00052,0.18252
CVE-2018-11261,0.00052,0.18252
CVE-2018-11262,0.00052,0.18252
CVE-2018-11263,0.00078,0.32208
CVE-2018-11264,0.00044,0.10161
CVE-2018-11265,0.00052,0.18252
CVE-2018-11266,0.00052,0.18252
CVE-2018-11267,0.00044,0.10161
CVE-2018-11268,0.00047,0.13986
CVE-2018-11269,0.00047,0.13986
CVE-2018-1127,0.00406,0.71152
CVE-2018-11270,0.00052,0.18252
CVE-2018-11271,0.00263,0.64022
CVE-2018-11273,0.00059,0.22933
CVE-2018-11274,0.00044,0.10161
CVE-2018-11275,0.00051,0.17134
CVE-2018-11276,0.00052,0.18252
CVE-2018-11277,0.00044,0.10161
CVE-2018-11278,0.00044,0.10161
CVE-2018-11279,0.00076,0.31441
CVE-2018-1128,0.00219,0.59934
CVE-2018-11280,0.00052,0.18252
CVE-2018-11281,0.00059,0.22933
CVE-2018-11284,0.00103,0.41969
CVE-2018-11285,0.00074,0.30675
CVE-2018-11286,0.00044,0.10161
CVE-2018-11287,0.00207,0.58730
CVE-2018-11288,0.00044,0.10161
CVE-2018-11289,0.00044,0.10161
CVE-2018-1129,0.00185,0.55816
CVE-2018-11290,0.00089,0.37466
CVE-2018-11291,0.00100,0.40798
CVE-2018-11292,0.00052,0.18252
CVE-2018-11293,0.00051,0.17134
CVE-2018-11294,0.00050,0.16807
CVE-2018-11295,0.00052,0.18252
CVE-2018-11296,0.00052,0.18252
CVE-2018-11297,0.00052,0.18252
CVE-2018-11298,0.00052,0.18252
CVE-2018-11299,0.00052,0.18252
CVE-2018-1130,0.00044,0.08000
CVE-2018-11300,0.00052,0.18252
CVE-2018-11301,0.00052,0.18252
CVE-2018-11302,0.00044,0.10161
CVE-2018-11304,0.00044,0.10161
CVE-2018-11305,0.00044,0.10161
CVE-2018-11307,0.01282,0.84359
CVE-2018-11309,0.00198,0.57700
CVE-2018-1131,0.00276,0.64938
CVE-2018-11311,0.03239,0.90309
CVE-2018-11314,0.00316,0.67385
CVE-2018-11315,0.00090,0.37843
CVE-2018-11316,0.00220,0.59957
CVE-2018-11317,0.00066,0.27550
CVE-2018-11319,0.00406,0.71149
CVE-2018-1132,0.00460,0.72808
CVE-2018-11320,0.00186,0.55912
CVE-2018-11321,0.00111,0.44177
CVE-2018-11322,0.00291,0.65919
CVE-2018-11323,0.00351,0.69046
CVE-2018-11324,0.00445,0.72363
CVE-2018-11325,0.00764,0.79281
CVE-2018-11326,0.00274,0.64764
CVE-2018-11327,0.00207,0.58698
CVE-2018-11328,0.00468,0.73006
CVE-2018-11329,0.00082,0.34216
CVE-2018-1133,0.88266,0.98452
CVE-2018-11330,0.00050,0.16378
CVE-2018-11331,0.00427,0.71803
CVE-2018-11332,0.00149,0.50973
CVE-2018-11334,0.00044,0.10161
CVE-2018-11335,0.00081,0.33647
CVE-2018-11338,0.00128,0.47518
CVE-2018-11339,0.00205,0.58493
CVE-2018-1134,0.00062,0.24248
CVE-2018-11340,0.00573,0.75615
CVE-2018-11341,0.00823,0.80101
CVE-2018-11342,0.00137,0.49074
CVE-2018-11343,0.00060,0.23230
CVE-2018-11344,0.00270,0.64536
CVE-2018-11345,0.00394,0.70777
CVE-2018-11346,0.00132,0.48226
CVE-2018-11347,0.00249,0.62941
CVE-2018-11348,0.00058,0.22585
CVE-2018-11349,0.00112,0.44586
CVE-2018-1135,0.00062,0.24248
CVE-2018-11350,0.00122,0.46447
CVE-2018-11351,0.00098,0.40464
CVE-2018-11352,0.00061,0.23933
CVE-2018-11354,0.00407,0.71211
CVE-2018-11355,0.00353,0.69127
CVE-2018-11356,0.00335,0.68372
CVE-2018-11357,0.00381,0.70271
CVE-2018-11358,0.00296,0.66219
CVE-2018-11359,0.00335,0.68372
CVE-2018-1136,0.00054,0.19451
CVE-2018-11360,0.00399,0.70940
CVE-2018-11361,0.00353,0.69127
CVE-2018-11362,0.00288,0.65675
CVE-2018-11363,0.00108,0.43316
CVE-2018-11364,0.00115,0.45086
CVE-2018-11365,0.00140,0.49601
CVE-2018-11366,0.00144,0.50256
CVE-2018-11367,0.00103,0.41969
CVE-2018-11369,0.00212,0.59184
CVE-2018-1137,0.00084,0.35132
CVE-2018-11371,0.00112,0.44586
CVE-2018-11372,0.00212,0.59184
CVE-2018-11373,0.00212,0.59184
CVE-2018-11375,0.00081,0.33929
CVE-2018-11376,0.00081,0.33929
CVE-2018-11377,0.00245,0.62613
CVE-2018-11378,0.00070,0.28841
CVE-2018-11379,0.00081,0.33929
CVE-2018-11380,0.00081,0.33929
CVE-2018-11381,0.00081,0.33929
CVE-2018-11382,0.00081,0.33929
CVE-2018-11383,0.00081,0.33929
CVE-2018-11384,0.00081,0.33929
CVE-2018-11385,0.00514,0.74256
CVE-2018-11386,0.00556,0.75264
CVE-2018-1139,0.00638,0.77006
CVE-2018-11392,0.00720,0.78613
CVE-2018-11396,0.00235,0.61625
CVE-2018-11399,0.00069,0.28647
CVE-2018-1140,0.81009,0.98078
CVE-2018-11400,0.00066,0.27274
CVE-2018-11401,0.00066,0.27274
CVE-2018-11402,0.00070,0.28841
CVE-2018-11403,0.00069,0.28753
CVE-2018-11404,0.00078,0.32098
CVE-2018-11405,0.00093,0.39003
CVE-2018-11406,0.00283,0.65373
CVE-2018-11407,0.00621,0.76681
CVE-2018-11408,0.00498,0.73818
CVE-2018-11409,0.81162,0.98086
CVE-2018-1141,0.00042,0.05722
CVE-2018-11410,0.01092,0.82878
CVE-2018-11411,0.00084,0.34791
CVE-2018-11412,0.03111,0.90112
CVE-2018-11413,0.00342,0.68621
CVE-2018-11414,0.00091,0.38618
CVE-2018-11415,0.00135,0.48689
CVE-2018-11416,0.00395,0.70801
CVE-2018-11418,0.00390,0.70637
CVE-2018-11419,0.00390,0.70637
CVE-2018-1142,0.00054,0.20290
CVE-2018-11420,0.00222,0.60556
CVE-2018-11421,0.00208,0.58788
CVE-2018-11422,0.00222,0.60556
CVE-2018-11423,0.00103,0.41969
CVE-2018-11424,0.00103,0.41969
CVE-2018-11425,0.00222,0.60556
CVE-2018-11426,0.00430,0.71881
CVE-2018-11427,0.00083,0.34244
CVE-2018-11429,0.00081,0.33647
CVE-2018-1143,0.54563,0.97361
CVE-2018-11430,0.00105,0.42413
CVE-2018-11432,0.00341,0.68572
CVE-2018-11433,0.00341,0.68572
CVE-2018-11434,0.00341,0.68572
CVE-2018-11435,0.00341,0.68572
CVE-2018-11436,0.00341,0.68572
CVE-2018-11437,0.00341,0.68572
CVE-2018-11438,0.00970,0.81745
CVE-2018-11439,0.00283,0.65390
CVE-2018-1144,0.54563,0.97361
CVE-2018-11440,0.00479,0.73331
CVE-2018-11442,0.00729,0.78765
CVE-2018-11443,0.00175,0.54714
CVE-2018-11444,0.00899,0.80993
CVE-2018-11445,0.00729,0.78765
CVE-2018-11446,0.00084,0.34791
CVE-2018-11447,0.00056,0.21059
CVE-2018-11448,0.00046,0.12692
CVE-2018-11449,0.00044,0.10161
CVE-2018-1145,0.54657,0.97364
CVE-2018-11450,0.00087,0.36434
CVE-2018-11451,0.00289,0.65739
CVE-2018-11452,0.00289,0.65739
CVE-2018-11453,0.00042,0.05722
CVE-2018-11454,0.00069,0.28476
CVE-2018-11455,0.01041,0.82414
CVE-2018-11456,0.00073,0.30419
CVE-2018-11457,0.00639,0.77038
CVE-2018-11458,0.00979,0.81841
CVE-2018-11459,0.00042,0.05722
CVE-2018-1146,0.02113,0.88051
CVE-2018-11460,0.00042,0.05722
CVE-2018-11461,0.00042,0.05722
CVE-2018-11462,0.00505,0.74048
CVE-2018-11463,0.00045,0.12249
CVE-2018-11464,0.00161,0.52701
CVE-2018-11465,0.00042,0.05722
CVE-2018-11466,0.01962,0.87530
CVE-2018-11468,0.00171,0.54255
CVE-2018-11469,0.00260,0.63813
CVE-2018-1147,0.00089,0.37430
CVE-2018-11470,0.00091,0.38618
CVE-2018-11471,0.00058,0.22585
CVE-2018-11472,0.00066,0.27550
CVE-2018-11473,0.00097,0.40290
CVE-2018-11474,0.00104,0.42231
CVE-2018-11475,0.00104,0.42231
CVE-2018-11476,0.00067,0.27701
CVE-2018-11477,0.00074,0.30666
CVE-2018-11478,0.00076,0.31287
CVE-2018-11479,0.00175,0.54719
CVE-2018-1148,0.00054,0.19451
CVE-2018-11481,0.00394,0.70760
CVE-2018-11482,0.00147,0.50666
CVE-2018-11485,0.00087,0.36434
CVE-2018-11486,0.00082,0.33989
CVE-2018-11487,0.00078,0.32606
CVE-2018-11488,0.01150,0.83341
CVE-2018-11489,0.00928,0.81310
CVE-2018-1149,0.06016,0.92785
CVE-2018-11490,0.00276,0.64896
CVE-2018-11491,0.00459,0.72774
CVE-2018-11492,0.00949,0.81525
CVE-2018-11493,0.00112,0.44586
CVE-2018-11494,0.00081,0.33728
CVE-2018-11495,0.00121,0.46343
CVE-2018-11496,0.00089,0.37662
CVE-2018-11498,0.00176,0.54857
CVE-2018-11499,0.00321,0.67642
CVE-2018-1150,0.00509,0.74154
CVE-2018-11500,0.00112,0.44586
CVE-2018-11501,0.00149,0.50923
CVE-2018-11502,0.00111,0.44242
CVE-2018-11503,0.00296,0.66221
CVE-2018-11504,0.00296,0.66221
CVE-2018-11505,0.08634,0.93926
CVE-2018-11506,0.00042,0.05722
CVE-2018-11507,0.00096,0.39969
CVE-2018-11508,0.00049,0.15142
CVE-2018-11509,0.01831,0.86992
CVE-2018-1151,0.00961,0.81655
CVE-2018-11510,0.91636,0.98710
CVE-2018-11511,0.00831,0.80213
CVE-2018-11512,0.00477,0.73254
CVE-2018-11514,0.00109,0.43614
CVE-2018-11515,0.00348,0.68879
CVE-2018-11516,0.00532,0.74710
CVE-2018-11517,0.00228,0.61060
CVE-2018-11518,0.00362,0.69525
CVE-2018-1152,0.00815,0.79993
CVE-2018-11522,0.00154,0.51702
CVE-2018-11523,0.66438,0.97648
CVE-2018-11525,0.00248,0.62806
CVE-2018-11526,0.00248,0.62806
CVE-2018-11527,0.00202,0.58186
CVE-2018-11528,0.00212,0.59184
CVE-2018-11529,0.79764,0.98037
CVE-2018-1153,0.00087,0.36006
CVE-2018-11531,0.00627,0.76803
CVE-2018-11532,0.00115,0.45119
CVE-2018-11535,0.00545,0.75038
CVE-2018-11536,0.00328,0.67968
CVE-2018-11537,0.00137,0.49079
CVE-2018-11538,0.00566,0.75478
CVE-2018-1154,0.00073,0.30232
CVE-2018-11541,0.00245,0.62547
CVE-2018-11542,0.00394,0.70774
CVE-2018-11543,0.00172,0.54261
CVE-2018-11544,0.00772,0.79405
CVE-2018-11545,0.00250,0.62982
CVE-2018-11546,0.00222,0.60556
CVE-2018-11547,0.00222,0.60556
CVE-2018-11548,0.00087,0.35949
CVE-2018-11549,0.00058,0.22585
CVE-2018-1155,0.00054,0.19451
CVE-2018-11551,0.00176,0.54857
CVE-2018-11552,0.00369,0.69800
CVE-2018-11553,0.00087,0.36434
CVE-2018-11554,0.00515,0.74282
CVE-2018-11555,0.00070,0.28841
CVE-2018-11556,0.00070,0.28841
CVE-2018-11557,0.00077,0.31778
CVE-2018-11558,0.00058,0.22585
CVE-2018-11559,0.00058,0.22585
CVE-2018-1156,0.02149,0.88216
CVE-2018-11560,0.00465,0.72921
CVE-2018-11561,0.00102,0.41475
CVE-2018-11562,0.00078,0.32606
CVE-2018-11563,0.00069,0.28534
CVE-2018-11564,0.00157,0.52128
CVE-2018-11565,0.00090,0.37972
CVE-2018-11567,0.00105,0.42414
CVE-2018-11568,0.00090,0.37978
CVE-2018-11569,0.00168,0.53805
CVE-2018-1157,0.00391,0.70674
CVE-2018-11571,0.00199,0.57916
CVE-2018-11572,0.00058,0.22585
CVE-2018-11574,0.00206,0.58584
CVE-2018-11575,0.00245,0.62547
CVE-2018-11576,0.00245,0.62547
CVE-2018-11577,0.00752,0.79084
CVE-2018-11578,0.00093,0.39154
CVE-2018-11579,0.00099,0.40563
CVE-2018-1158,0.00511,0.74196
CVE-2018-11580,0.00058,0.22585
CVE-2018-11581,0.00088,0.37004
CVE-2018-11583,0.00087,0.36434
CVE-2018-11586,0.02401,0.88849
CVE-2018-11587,0.05288,0.92338
CVE-2018-11588,0.00088,0.36967
CVE-2018-11589,0.00381,0.70269
CVE-2018-1159,0.00307,0.66826
CVE-2018-11590,0.00116,0.45246
CVE-2018-11591,0.00076,0.31294
CVE-2018-11592,0.00095,0.39705
CVE-2018-11593,0.00157,0.52144
CVE-2018-11594,0.00103,0.41721
CVE-2018-11595,0.00421,0.71651
CVE-2018-11596,0.00063,0.25682
CVE-2018-11597,0.00063,0.25682
CVE-2018-11598,0.00177,0.54867
CVE-2018-1160,0.95438,0.99240
CVE-2018-1161,0.94110,0.99005
CVE-2018-11614,0.00433,0.72000
CVE-2018-11615,0.96458,0.99490
CVE-2018-11616,0.01350,0.84767
CVE-2018-11617,0.01175,0.83569
CVE-2018-11618,0.01175,0.83569
CVE-2018-11619,0.01175,0.83569
CVE-2018-1162,0.00450,0.72523
CVE-2018-11620,0.00541,0.74957
CVE-2018-11621,0.00541,0.74957
CVE-2018-11622,0.00773,0.79425
CVE-2018-11623,0.00666,0.77644
CVE-2018-11624,0.00196,0.57527
CVE-2018-11625,0.00257,0.63568
CVE-2018-11626,0.00103,0.41969
CVE-2018-11627,0.00111,0.44222
CVE-2018-11628,0.00482,0.73403
CVE-2018-11629,0.00522,0.74462
CVE-2018-1163,0.69432,0.97729
CVE-2018-11631,0.00101,0.41150
CVE-2018-11632,0.00071,0.29374
CVE-2018-11633,0.00071,0.29374
CVE-2018-11634,0.00042,0.05722
CVE-2018-11635,0.01005,0.82086
CVE-2018-11636,0.00202,0.58186
CVE-2018-11637,0.00752,0.79094
CVE-2018-11638,0.00226,0.60893
CVE-2018-11639,0.00532,0.74717
CVE-2018-1164,0.03144,0.90154
CVE-2018-11640,0.00663,0.77565
CVE-2018-11641,0.01005,0.82086
CVE-2018-11642,0.00042,0.05722
CVE-2018-11643,0.00107,0.43011
CVE-2018-11645,0.00597,0.76139
CVE-2018-11646,0.77416,0.97967
CVE-2018-11647,0.00066,0.27550
CVE-2018-11649,0.00087,0.36434
CVE-2018-1165,0.00043,0.07608
CVE-2018-11650,0.00084,0.35108
CVE-2018-11651,0.00084,0.35108
CVE-2018-11652,0.04174,0.91391
CVE-2018-11653,0.00306,0.66768
CVE-2018-11654,0.00272,0.64690
CVE-2018-11655,0.00090,0.37888
CVE-2018-11656,0.00090,0.37888
CVE-2018-11657,0.00087,0.35949
CVE-2018-1166,0.00046,0.12579
CVE-2018-1167,0.01350,0.84767
CVE-2018-11670,0.00221,0.60312
CVE-2018-11671,0.00221,0.60312
CVE-2018-11678,0.00527,0.74582
CVE-2018-11679,0.00165,0.53228
CVE-2018-1168,0.00056,0.21103
CVE-2018-11680,0.00053,0.19032
CVE-2018-11681,0.00522,0.74462
CVE-2018-11682,0.00522,0.74462
CVE-2018-11683,0.00394,0.70761
CVE-2018-11684,0.00394,0.70761
CVE-2018-11685,0.00394,0.70761
CVE-2018-11686,0.53703,0.97342
CVE-2018-11687,0.00084,0.34791
CVE-2018-11688,0.84712,0.98265
CVE-2018-11689,0.09476,0.94210
CVE-2018-1169,0.02358,0.88744
CVE-2018-11690,0.23535,0.96162
CVE-2018-11691,0.00265,0.64203
CVE-2018-11692,0.00383,0.70320
CVE-2018-11693,0.00217,0.59742
CVE-2018-11694,0.00209,0.58880
CVE-2018-11695,0.00319,0.67542
CVE-2018-11696,0.00209,0.58880
CVE-2018-11697,0.00217,0.59742
CVE-2018-11698,0.00217,0.59742
CVE-2018-1170,0.00163,0.52933
CVE-2018-11701,0.00063,0.25378
CVE-2018-11702,0.00063,0.25378
CVE-2018-11703,0.00063,0.25378
CVE-2018-11704,0.00063,0.25378
CVE-2018-11705,0.00063,0.25378
CVE-2018-11706,0.00063,0.25378
CVE-2018-11707,0.00063,0.25378
CVE-2018-11709,0.00151,0.51286
CVE-2018-1171,0.00043,0.07608
CVE-2018-11710,0.00392,0.70717
CVE-2018-11711,0.01367,0.84900
CVE-2018-11712,0.00133,0.48432
CVE-2018-11713,0.00133,0.48450
CVE-2018-11714,0.29908,0.96524
CVE-2018-11715,0.00069,0.28753
CVE-2018-11716,0.01555,0.85868
CVE-2018-11717,0.01331,0.84648
CVE-2018-11718,0.00073,0.30112
CVE-2018-11719,0.00065,0.26756
CVE-2018-1172,0.00667,0.77659
CVE-2018-11720,0.00244,0.62525
CVE-2018-11722,0.00212,0.59184
CVE-2018-11723,0.00079,0.33072
CVE-2018-11724,0.00196,0.57513
CVE-2018-11725,0.00374,0.69985
CVE-2018-11726,0.00484,0.73466
CVE-2018-11727,0.00079,0.33072
CVE-2018-11728,0.00079,0.33072
CVE-2018-11729,0.00079,0.33072
CVE-2018-1173,0.01175,0.83569
CVE-2018-11730,0.00064,0.26190
CVE-2018-11731,0.00079,0.33072
CVE-2018-11734,0.00078,0.32606
CVE-2018-11735,0.00078,0.32606
CVE-2018-11736,0.01565,0.85918
CVE-2018-11737,0.00217,0.59742
CVE-2018-11738,0.00217,0.59742
CVE-2018-11739,0.00217,0.59742
CVE-2018-1174,0.00656,0.77361
CVE-2018-11740,0.00217,0.59742
CVE-2018-11741,0.56712,0.97413
CVE-2018-11742,0.58337,0.97452
CVE-2018-11743,0.00724,0.78672
CVE-2018-11744,0.00289,0.65790
CVE-2018-11746,0.00244,0.62506
CVE-2018-11747,0.00165,0.53209
CVE-2018-11748,0.00044,0.10161
CVE-2018-11749,0.00222,0.60556
CVE-2018-1175,0.00656,0.77361
CVE-2018-11750,0.00060,0.23622
CVE-2018-11751,0.00058,0.22795
CVE-2018-11752,0.00044,0.10161
CVE-2018-11756,0.00476,0.73225
CVE-2018-11757,0.00476,0.73225
CVE-2018-11758,0.00065,0.26859
CVE-2018-11759,0.96598,0.99546
CVE-2018-1176,0.00643,0.77108
CVE-2018-11760,0.00042,0.05722
CVE-2018-11761,0.00589,0.76008
CVE-2018-11762,0.00135,0.48805
CVE-2018-11763,0.00916,0.81170
CVE-2018-11764,0.00078,0.32245
CVE-2018-11765,0.00268,0.64416
CVE-2018-11766,0.00078,0.32245
CVE-2018-11767,0.00231,0.61298
CVE-2018-11768,0.00621,0.76680
CVE-2018-11769,0.01485,0.85489
CVE-2018-1177,0.01175,0.83569
CVE-2018-11770,0.97007,0.99693
CVE-2018-11771,0.00146,0.50473
CVE-2018-11772,0.00078,0.32245
CVE-2018-11773,0.00230,0.61254
CVE-2018-11774,0.00078,0.32245
CVE-2018-11775,0.00572,0.75579
CVE-2018-11776,0.97529,0.99991
CVE-2018-11777,0.00067,0.27748
CVE-2018-11778,0.01082,0.82812
CVE-2018-11779,0.00287,0.65656
CVE-2018-1178,0.01175,0.83569
CVE-2018-11780,0.09499,0.94221
CVE-2018-11781,0.00042,0.05722
CVE-2018-11782,0.00054,0.19179
CVE-2018-11783,0.00056,0.21149
CVE-2018-11784,0.83718,0.98216
CVE-2018-11785,0.00087,0.35989
CVE-2018-11786,0.00177,0.54928
CVE-2018-11787,0.00132,0.48092
CVE-2018-11788,0.00100,0.40876
CVE-2018-11789,0.00090,0.37787
CVE-2018-1179,0.00392,0.70703
CVE-2018-11790,0.00057,0.21320
CVE-2018-11792,0.00100,0.40876
CVE-2018-11793,0.00070,0.28978
CVE-2018-11796,0.01425,0.85189
CVE-2018-11797,0.00125,0.46858
CVE-2018-11798,0.00160,0.52552
CVE-2018-11799,0.00061,0.24025
CVE-2018-1180,0.01175,0.83569
CVE-2018-11800,0.00463,0.72852
CVE-2018-11801,0.00463,0.72852
CVE-2018-11802,0.00066,0.27263
CVE-2018-11803,0.09757,0.94290
CVE-2018-11804,0.00346,0.68791
CVE-2018-11805,0.00090,0.37741
CVE-2018-11806,0.00071,0.29438
CVE-2018-11808,0.00672,0.77743
CVE-2018-11813,0.00670,0.77705
CVE-2018-11818,0.00052,0.18252
CVE-2018-11819,0.00044,0.10161
CVE-2018-1182,0.00063,0.25021
CVE-2018-11820,0.00044,0.10161
CVE-2018-11821,0.00044,0.10161
CVE-2018-11822,0.00044,0.10161
CVE-2018-11823,0.00044,0.10161
CVE-2018-11824,0.00044,0.10161
CVE-2018-11826,0.00052,0.18252
CVE-2018-11827,0.00052,0.18252
CVE-2018-11828,0.00160,0.52625
CVE-2018-1183,0.00206,0.58620
CVE-2018-11830,0.00044,0.10161
CVE-2018-11832,0.00044,0.10161
CVE-2018-11836,0.00052,0.18252
CVE-2018-11838,0.00044,0.10161
CVE-2018-1184,0.00044,0.10504
CVE-2018-11840,0.00052,0.18252
CVE-2018-11842,0.00052,0.18252
CVE-2018-11843,0.00044,0.10161
CVE-2018-11845,0.00044,0.10161
CVE-2018-11846,0.00044,0.10161
CVE-2018-11847,0.00044,0.10161
CVE-2018-11849,0.00044,0.10161
CVE-2018-1185,0.00170,0.54098
CVE-2018-11850,0.00044,0.10161
CVE-2018-11851,0.00052,0.18252
CVE-2018-11852,0.00044,0.10161
CVE-2018-11853,0.00044,0.10161
CVE-2018-11854,0.00044,0.10161
CVE-2018-11855,0.00044,0.10161
CVE-2018-11856,0.00044,0.10161
CVE-2018-11857,0.00044,0.10161
CVE-2018-11858,0.00044,0.10161
CVE-2018-11859,0.00044,0.10161
CVE-2018-1186,0.00169,0.53858
CVE-2018-11860,0.00052,0.18252
CVE-2018-11861,0.00044,0.10161
CVE-2018-11862,0.00044,0.10161
CVE-2018-11863,0.00044,0.10161
CVE-2018-11864,0.00044,0.10161
CVE-2018-11865,0.00044,0.10161
CVE-2018-11866,0.00044,0.10161
CVE-2018-11867,0.00044,0.10161
CVE-2018-11868,0.00052,0.18252
CVE-2018-11869,0.00052,0.18252
CVE-2018-1187,0.00170,0.53962
CVE-2018-11870,0.00044,0.10161
CVE-2018-11871,0.00044,0.10161
CVE-2018-11872,0.00044,0.10161
CVE-2018-11873,0.00044,0.10161
CVE-2018-11874,0.00044,0.10161
CVE-2018-11875,0.00044,0.10161
CVE-2018-11876,0.00044,0.10161
CVE-2018-11877,0.00044,0.10161
CVE-2018-11878,0.00052,0.18252
CVE-2018-11879,0.00044,0.10161
CVE-2018-1188,0.00169,0.53858
CVE-2018-11880,0.00044,0.10161
CVE-2018-11882,0.00044,0.10161
CVE-2018-11883,0.00044,0.10161
CVE-2018-11884,0.00044,0.10161
CVE-2018-11886,0.00044,0.10161
CVE-2018-11888,0.00044,0.10161
CVE-2018-11889,0.00052,0.18252
CVE-2018-1189,0.00169,0.53858
CVE-2018-11891,0.00079,0.32773
CVE-2018-11893,0.00044,0.10161
CVE-2018-11894,0.00052,0.18252
CVE-2018-11895,0.00052,0.18252
CVE-2018-11897,0.00052,0.18252
CVE-2018-11898,0.00052,0.18252
CVE-2018-11899,0.00044,0.10161
CVE-2018-1190,0.00097,0.40062
CVE-2018-11902,0.00052,0.18252
CVE-2018-11903,0.00044,0.10161
CVE-2018-11904,0.00076,0.31624
CVE-2018-11905,0.00134,0.48642
CVE-2018-11906,0.00059,0.22933
CVE-2018-11907,0.00044,0.10161
CVE-2018-11908,0.00044,0.10161
CVE-2018-11909,0.00044,0.10161
CVE-2018-1191,0.00104,0.42231
CVE-2018-11910,0.00044,0.10161
CVE-2018-11911,0.00044,0.10161
CVE-2018-11912,0.00044,0.10161
CVE-2018-11913,0.00052,0.18252
CVE-2018-11914,0.00052,0.18252
CVE-2018-11918,0.00044,0.10161
CVE-2018-11919,0.00059,0.22933
CVE-2018-1192,0.00104,0.42231
CVE-2018-11921,0.00044,0.10161
CVE-2018-11923,0.00044,0.10161
CVE-2018-11924,0.00044,0.10161
CVE-2018-11925,0.00044,0.10161
CVE-2018-11927,0.00044,0.10161
CVE-2018-11928,0.00044,0.10161
CVE-2018-11929,0.00044,0.10161
CVE-2018-1193,0.00145,0.50332
CVE-2018-11930,0.00188,0.56423
CVE-2018-11931,0.00044,0.10161
CVE-2018-11932,0.00142,0.49948
CVE-2018-11934,0.00044,0.10161
CVE-2018-11935,0.00087,0.36033
CVE-2018-11936,0.00188,0.56423
CVE-2018-11937,0.00188,0.56423
CVE-2018-11938,0.00044,0.10161
CVE-2018-11939,0.00044,0.10161
CVE-2018-11940,0.00188,0.56423
CVE-2018-11942,0.00044,0.10161
CVE-2018-11943,0.00044,0.10161
CVE-2018-11945,0.00235,0.61633
CVE-2018-11946,0.00050,0.16478
CVE-2018-11947,0.00044,0.10161
CVE-2018-11948,0.00044,0.10161
CVE-2018-11949,0.00188,0.56423
CVE-2018-1195,0.00104,0.42231
CVE-2018-11950,0.00044,0.10161
CVE-2018-11951,0.00044,0.10161
CVE-2018-11953,0.00188,0.56423
CVE-2018-11955,0.00182,0.55527
CVE-2018-11956,0.00044,0.10161
CVE-2018-11958,0.00044,0.10161
CVE-2018-1196,0.00085,0.35272
CVE-2018-11960,0.00044,0.10161
CVE-2018-11961,0.00044,0.10161
CVE-2018-11962,0.00044,0.10161
CVE-2018-11963,0.00044,0.10161
CVE-2018-11964,0.00044,0.10161
CVE-2018-11965,0.00044,0.10161
CVE-2018-11966,0.00044,0.10161
CVE-2018-11967,0.00044,0.10161
CVE-2018-11968,0.00044,0.10161
CVE-2018-1197,0.00104,0.42231
CVE-2018-11970,0.00044,0.10161
CVE-2018-11971,0.00044,0.10161
CVE-2018-11976,0.00044,0.10161
CVE-2018-1198,0.00104,0.42231
CVE-2018-11980,0.00044,0.10161
CVE-2018-11982,0.00070,0.29068
CVE-2018-11983,0.00044,0.10161
CVE-2018-11984,0.00044,0.10161
CVE-2018-11985,0.00044,0.10161
CVE-2018-11986,0.00044,0.10161
CVE-2018-11987,0.00044,0.10161
CVE-2018-11988,0.00044,0.10161
CVE-2018-1199,0.00178,0.55095
CVE-2018-11993,0.00079,0.33022
CVE-2018-11994,0.00042,0.05722
CVE-2018-11995,0.00052,0.18252
CVE-2018-11996,0.00044,0.10161
CVE-2018-11998,0.00070,0.29068
CVE-2018-11999,0.00044,0.10161
CVE-2018-1200,0.00127,0.47247
CVE-2018-12004,0.00044,0.10161
CVE-2018-12005,0.00044,0.10161
CVE-2018-12006,0.00044,0.10161
CVE-2018-1201,0.00169,0.53858
CVE-2018-12010,0.00044,0.10161
CVE-2018-12011,0.00044,0.10161
CVE-2018-12012,0.00044,0.10161
CVE-2018-12013,0.00044,0.10161
CVE-2018-12014,0.00044,0.10161
CVE-2018-12015,0.57003,0.97418
CVE-2018-12016,0.00247,0.62766
CVE-2018-12018,0.00817,0.80016
CVE-2018-12019,0.00806,0.79911
CVE-2018-1202,0.00169,0.53858
CVE-2018-12020,0.00428,0.71831
CVE-2018-12021,0.00065,0.26756
CVE-2018-12022,0.00537,0.74846
CVE-2018-12023,0.00621,0.76682
CVE-2018-12025,0.00082,0.34103
CVE-2018-12026,0.00325,0.67835
CVE-2018-12027,0.00078,0.32769
CVE-2018-12028,0.00070,0.28841
CVE-2018-12029,0.00042,0.05722
CVE-2018-1203,0.00099,0.40696
CVE-2018-12030,0.00053,0.18833
CVE-2018-12031,0.01411,0.85125
CVE-2018-12034,0.00231,0.61314
CVE-2018-12035,0.00231,0.61314
CVE-2018-12036,0.00068,0.27924
CVE-2018-12037,0.00046,0.12672
CVE-2018-12038,0.00076,0.31214
CVE-2018-12039,0.01772,0.86736
CVE-2018-1204,0.00122,0.46443
CVE-2018-12040,0.00257,0.63567
CVE-2018-12041,0.00116,0.45451
CVE-2018-12042,0.00902,0.81029
CVE-2018-12043,0.00078,0.32606
CVE-2018-12045,0.00471,0.73086
CVE-2018-12046,0.00102,0.41246
CVE-2018-12047,0.00087,0.36434
CVE-2018-12048,0.01367,0.84900
CVE-2018-12049,0.01367,0.84900
CVE-2018-1205,0.00217,0.59779
CVE-2018-12051,0.29894,0.96523
CVE-2018-12052,0.00899,0.80993
CVE-2018-12053,0.81393,0.98097
CVE-2018-12054,0.36029,0.96781
CVE-2018-12055,0.59882,0.97489
CVE-2018-12056,0.00178,0.55045
CVE-2018-1206,0.00042,0.05722
CVE-2018-12062,0.00084,0.34791
CVE-2018-12063,0.00084,0.34791
CVE-2018-12064,0.00222,0.60556
CVE-2018-12065,0.00567,0.75499
CVE-2018-12066,0.00042,0.05722
CVE-2018-12067,0.00084,0.34791
CVE-2018-12068,0.00084,0.34791
CVE-2018-1207,0.01875,0.87194
CVE-2018-12070,0.00084,0.34791
CVE-2018-12071,0.00222,0.60556
CVE-2018-12072,0.00222,0.60556
CVE-2018-12073,0.00058,0.22795
CVE-2018-12076,0.00067,0.27804
CVE-2018-12078,0.00084,0.34791
CVE-2018-12079,0.00084,0.34791
CVE-2018-12080,0.00084,0.34791
CVE-2018-12081,0.00084,0.34791
CVE-2018-12082,0.00084,0.34791
CVE-2018-12083,0.00084,0.34791
CVE-2018-12084,0.00084,0.34791
CVE-2018-12085,0.00353,0.69112
CVE-2018-12086,0.01313,0.84553
CVE-2018-12087,0.00061,0.23892
CVE-2018-12088,0.00157,0.52201
CVE-2018-12089,0.00104,0.42231
CVE-2018-12090,0.00127,0.47307
CVE-2018-12092,0.00222,0.60556
CVE-2018-12093,0.00103,0.41969
CVE-2018-12094,0.00105,0.42486
CVE-2018-12095,0.00333,0.68281
CVE-2018-12096,0.00115,0.45238
CVE-2018-12097,0.00115,0.45238
CVE-2018-12098,0.00115,0.45238
CVE-2018-12099,0.00092,0.38755
CVE-2018-12100,0.00147,0.50683
CVE-2018-12101,0.00083,0.34462
CVE-2018-12102,0.00061,0.24231
CVE-2018-12103,0.00063,0.25202
CVE-2018-12104,0.00123,0.46615
CVE-2018-12108,0.00086,0.35850
CVE-2018-12109,0.00226,0.60921
CVE-2018-1211,0.00320,0.67586
CVE-2018-12110,0.00091,0.38618
CVE-2018-12111,0.00103,0.41761
CVE-2018-12112,0.00187,0.56279
CVE-2018-12113,0.07315,0.93440
CVE-2018-12114,0.00552,0.75183
CVE-2018-12115,0.02054,0.87862
CVE-2018-12116,0.00117,0.45549
CVE-2018-1212,0.00110,0.43989
CVE-2018-12120,0.00230,0.61260
CVE-2018-12121,0.02355,0.88738
CVE-2018-12122,0.01803,0.86865
CVE-2018-12123,0.00109,0.43815
CVE-2018-12126,0.00061,0.23970
CVE-2018-12127,0.00061,0.23970
CVE-2018-1213,0.00223,0.60704
CVE-2018-12130,0.00061,0.23970
CVE-2018-12131,0.00044,0.10161
CVE-2018-1214,0.00044,0.10161
CVE-2018-12147,0.00044,0.10161
CVE-2018-12148,0.00044,0.10161
CVE-2018-12149,0.00044,0.10161
CVE-2018-1215,0.00428,0.71851
CVE-2018-12150,0.00044,0.10161
CVE-2018-12151,0.00044,0.10161
CVE-2018-12152,0.00131,0.47959
CVE-2018-12153,0.00062,0.24773
CVE-2018-12154,0.00062,0.24773
CVE-2018-12155,0.00044,0.10161
CVE-2018-12158,0.00044,0.10161
CVE-2018-12159,0.00044,0.10161
CVE-2018-1216,0.01231,0.83996
CVE-2018-12160,0.00044,0.10161
CVE-2018-12161,0.00157,0.52178
CVE-2018-12162,0.00044,0.10161
CVE-2018-12163,0.00044,0.10161
CVE-2018-12166,0.00044,0.10161
CVE-2018-12167,0.00044,0.10161
CVE-2018-12168,0.00044,0.10161
CVE-2018-12169,0.00254,0.63437
CVE-2018-1217,0.79377,0.98026
CVE-2018-12171,0.00290,0.65847
CVE-2018-12172,0.00044,0.10161
CVE-2018-12173,0.00130,0.47822
CVE-2018-12174,0.00044,0.10161
CVE-2018-12175,0.00044,0.10161
CVE-2018-12176,0.00044,0.10161
CVE-2018-12177,0.00044,0.10161
CVE-2018-12178,0.00341,0.68565
CVE-2018-12179,0.00044,0.10161
CVE-2018-1218,0.00687,0.78040
CVE-2018-12180,0.01198,0.83733
CVE-2018-12181,0.00050,0.15960
CVE-2018-12182,0.00042,0.05722
CVE-2018-12183,0.00130,0.47830
CVE-2018-12185,0.00099,0.40759
CVE-2018-12187,0.00124,0.46824
CVE-2018-12188,0.00067,0.27821
CVE-2018-12189,0.00044,0.10161
CVE-2018-1219,0.00097,0.40230
CVE-2018-12190,0.00044,0.10161
CVE-2018-12191,0.00297,0.66290
CVE-2018-12192,0.00106,0.42887
CVE-2018-12193,0.00044,0.10161
CVE-2018-12196,0.00044,0.10161
CVE-2018-12198,0.00044,0.10161
CVE-2018-12199,0.00044,0.10161
CVE-2018-1220,0.00134,0.48499
CVE-2018-12200,0.00044,0.10161
CVE-2018-12201,0.00064,0.26503
CVE-2018-12202,0.00044,0.10161
CVE-2018-12203,0.00054,0.19411
CVE-2018-12204,0.00045,0.11966
CVE-2018-12205,0.00111,0.44169
CVE-2018-12206,0.00044,0.10161
CVE-2018-12207,0.00046,0.13778
CVE-2018-12208,0.00297,0.66290
CVE-2018-12209,0.00044,0.10161
CVE-2018-1221,0.00094,0.39456
CVE-2018-12210,0.00044,0.10161
CVE-2018-12211,0.00044,0.10161
CVE-2018-12212,0.00044,0.10161
CVE-2018-12213,0.00044,0.10161
CVE-2018-12214,0.00044,0.10161
CVE-2018-12215,0.00044,0.10161
CVE-2018-12216,0.00044,0.10161
CVE-2018-12217,0.00044,0.10161
CVE-2018-12218,0.00044,0.10161
CVE-2018-12219,0.00044,0.10161
CVE-2018-12220,0.00042,0.05722
CVE-2018-12221,0.00044,0.10161
CVE-2018-12222,0.00044,0.10161
CVE-2018-12223,0.00044,0.10161
CVE-2018-12224,0.00044,0.10161
CVE-2018-12227,0.04130,0.91348
CVE-2018-12228,0.00682,0.77955
CVE-2018-12229,0.00176,0.54849
CVE-2018-1223,0.00099,0.40756
CVE-2018-12230,0.00896,0.80950
CVE-2018-12232,0.00603,0.76282
CVE-2018-12233,0.00231,0.61350
CVE-2018-12234,0.00141,0.49737
CVE-2018-12237,0.00098,0.40339
CVE-2018-12238,0.00045,0.11828
CVE-2018-12239,0.00077,0.32061
CVE-2018-12240,0.00105,0.42630
CVE-2018-12241,0.00210,0.58951
CVE-2018-12242,0.00347,0.68838
CVE-2018-12243,0.00109,0.43555
CVE-2018-12244,0.00082,0.33954
CVE-2018-12245,0.00054,0.19254
CVE-2018-12246,0.00210,0.58951
CVE-2018-12247,0.00097,0.40190
CVE-2018-12248,0.00097,0.40190
CVE-2018-12249,0.00188,0.56433
CVE-2018-12250,0.00091,0.38618
CVE-2018-12254,0.00158,0.52301
CVE-2018-12255,0.00096,0.40015
CVE-2018-12256,0.00454,0.72648
CVE-2018-12257,0.00044,0.10445
CVE-2018-12258,0.00096,0.40045
CVE-2018-12259,0.00096,0.40045
CVE-2018-12260,0.00060,0.23520
CVE-2018-12261,0.00044,0.10445
CVE-2018-12263,0.00104,0.42231
CVE-2018-12264,0.01169,0.83515
CVE-2018-12265,0.01169,0.83515
CVE-2018-12266,0.00087,0.36434
CVE-2018-12268,0.01346,0.84744
CVE-2018-1227,0.00169,0.53927
CVE-2018-12270,0.00078,0.32606
CVE-2018-12271,0.00164,0.53079
CVE-2018-12272,0.00087,0.36434
CVE-2018-12273,0.00087,0.36434
CVE-2018-1229,0.00076,0.31323
CVE-2018-12290,0.00087,0.36434
CVE-2018-12291,0.00151,0.51237
CVE-2018-12292,0.05837,0.92684
CVE-2018-12293,0.63177,0.97574
CVE-2018-12294,0.00867,0.80608
CVE-2018-12295,0.00212,0.59184
CVE-2018-12296,0.01735,0.86608
CVE-2018-12297,0.00105,0.42625
CVE-2018-12298,0.00902,0.81029
CVE-2018-12299,0.00058,0.22585
CVE-2018-1230,0.00068,0.28362
CVE-2018-12300,0.00118,0.45792
CVE-2018-12301,0.00168,0.53801
CVE-2018-12302,0.00078,0.32606
CVE-2018-12303,0.00058,0.22585
CVE-2018-12304,0.00105,0.42625
CVE-2018-12305,0.00105,0.42625
CVE-2018-12306,0.00902,0.81029
CVE-2018-12307,0.00221,0.60217
CVE-2018-12308,0.00074,0.30762
CVE-2018-12309,0.00107,0.43004
CVE-2018-1231,0.00087,0.35903
CVE-2018-12310,0.00058,0.22585
CVE-2018-12311,0.00058,0.22585
CVE-2018-12312,0.00221,0.60217
CVE-2018-12313,0.00673,0.77761
CVE-2018-12314,0.00902,0.81029
CVE-2018-12315,0.00058,0.22585
CVE-2018-12316,0.00221,0.60217
CVE-2018-12317,0.00221,0.60217
CVE-2018-12318,0.00088,0.36942
CVE-2018-12319,0.00115,0.45086
CVE-2018-1232,0.00086,0.35625
CVE-2018-12320,0.00082,0.33944
CVE-2018-12321,0.00070,0.28841
CVE-2018-12322,0.00061,0.24231
CVE-2018-12323,0.00096,0.40045
CVE-2018-12326,0.00555,0.75260
CVE-2018-12327,0.03560,0.90719
CVE-2018-12329,0.00161,0.52757
CVE-2018-1233,0.00058,0.22797
CVE-2018-12330,0.00060,0.23722
CVE-2018-12331,0.00128,0.47518
CVE-2018-12332,0.00061,0.23892
CVE-2018-12333,0.00222,0.60556
CVE-2018-12334,0.00104,0.42231
CVE-2018-12335,0.00044,0.10161
CVE-2018-12336,0.00222,0.60556
CVE-2018-12337,0.00070,0.29068
CVE-2018-12338,0.00222,0.60556
CVE-2018-12339,0.00058,0.22585
CVE-2018-1234,0.00042,0.05722
CVE-2018-1235,0.03199,0.90241
CVE-2018-12353,0.00078,0.32606
CVE-2018-12354,0.00091,0.38575
CVE-2018-12355,0.00078,0.32606
CVE-2018-12356,0.12355,0.94932
CVE-2018-12357,0.00065,0.26756
CVE-2018-12358,0.00459,0.72757
CVE-2018-12359,0.00333,0.68264
CVE-2018-12360,0.00589,0.76008
CVE-2018-12361,0.00754,0.79122
CVE-2018-12362,0.00580,0.75798
CVE-2018-12363,0.00589,0.76008
CVE-2018-12364,0.00366,0.69657
CVE-2018-12365,0.00249,0.62951
CVE-2018-12366,0.00201,0.58011
CVE-2018-12367,0.00878,0.80737
CVE-2018-12368,0.33060,0.96654
CVE-2018-12369,0.01384,0.84983
CVE-2018-1237,0.00309,0.66976
CVE-2018-12370,0.00290,0.65849
CVE-2018-12371,0.00350,0.69005
CVE-2018-12372,0.00498,0.73831
CVE-2018-12373,0.00473,0.73142
CVE-2018-12374,0.00498,0.73819
CVE-2018-12375,0.00723,0.78663
CVE-2018-12376,0.00671,0.77724
CVE-2018-12377,0.00699,0.78234
CVE-2018-12378,0.00822,0.80087
CVE-2018-12379,0.00064,0.26441
CVE-2018-1238,0.00113,0.44608
CVE-2018-12381,0.01183,0.83622
CVE-2018-12382,0.00215,0.59580
CVE-2018-12383,0.00076,0.31293
CVE-2018-12384,0.04284,0.91483
CVE-2018-12385,0.00064,0.26441
CVE-2018-12386,0.04650,0.91806
CVE-2018-12387,0.40160,0.96932
CVE-2018-12388,0.00611,0.76439
CVE-2018-12389,0.00773,0.79423
CVE-2018-1239,0.00089,0.37203
CVE-2018-12390,0.01067,0.82661
CVE-2018-12391,0.00958,0.81626
CVE-2018-12392,0.00361,0.69492
CVE-2018-12393,0.00842,0.80340
CVE-2018-12395,0.01274,0.84286
CVE-2018-12396,0.02600,0.89254
CVE-2018-12397,0.00045,0.11966
CVE-2018-12398,0.00573,0.75616
CVE-2018-12399,0.00646,0.77152
CVE-2018-1240,0.00044,0.10161
CVE-2018-12400,0.00630,0.76855
CVE-2018-12401,0.01249,0.84115
CVE-2018-12402,0.00912,0.81124
CVE-2018-12403,0.00897,0.80961
CVE-2018-12404,0.15110,0.95351
CVE-2018-12405,0.00455,0.72660
CVE-2018-12406,0.00482,0.73416
CVE-2018-12407,0.00902,0.81031
CVE-2018-12408,0.00159,0.52429
CVE-2018-12409,0.00130,0.47815
CVE-2018-1241,0.00094,0.39322
CVE-2018-12410,0.03245,0.90317
CVE-2018-12411,0.00382,0.70289
CVE-2018-12412,0.00382,0.70289
CVE-2018-12413,0.00382,0.70289
CVE-2018-12414,0.00189,0.56507
CVE-2018-12415,0.00382,0.70289
CVE-2018-12416,0.00155,0.51874
CVE-2018-12418,0.00061,0.24231
CVE-2018-1242,0.00082,0.34018
CVE-2018-12420,0.00151,0.51237
CVE-2018-12421,0.00539,0.74878
CVE-2018-12422,0.00188,0.56439
CVE-2018-12423,0.00133,0.48355
CVE-2018-12426,0.02972,0.89899
CVE-2018-12429,0.00058,0.22585
CVE-2018-1243,0.00272,0.64621
CVE-2018-12431,0.00058,0.22585
CVE-2018-12432,0.00087,0.36434
CVE-2018-12433,0.00137,0.49112
CVE-2018-12434,0.00051,0.17134
CVE-2018-12435,0.00142,0.49936
CVE-2018-12436,0.00051,0.17134
CVE-2018-12437,0.00142,0.49963
CVE-2018-12438,0.00137,0.49112
CVE-2018-12439,0.00044,0.10161
CVE-2018-1244,0.00119,0.45993
CVE-2018-12440,0.00044,0.10161
CVE-2018-12441,0.00042,0.05722
CVE-2018-12445,0.00057,0.21534
CVE-2018-12446,0.00044,0.10161
CVE-2018-12447,0.01979,0.87601
CVE-2018-12448,0.00084,0.34791
CVE-2018-12449,0.00063,0.25378
CVE-2018-1245,0.00182,0.55616
CVE-2018-12453,0.04668,0.91830
CVE-2018-12454,0.00168,0.53801
CVE-2018-12455,0.00387,0.70495
CVE-2018-12456,0.00077,0.31769
CVE-2018-12457,0.00380,0.70237
CVE-2018-12458,0.00226,0.60931
CVE-2018-12459,0.00081,0.33698
CVE-2018-1246,0.00117,0.45470
CVE-2018-12460,0.00080,0.33212
CVE-2018-12461,0.00084,0.34791
CVE-2018-12462,0.00078,0.32606
CVE-2018-12463,0.16012,0.95483
CVE-2018-12464,0.10968,0.94633
CVE-2018-12465,0.07145,0.93378
CVE-2018-12466,0.00071,0.29389
CVE-2018-12467,0.00054,0.20290
CVE-2018-12468,0.00393,0.70741
CVE-2018-12469,0.00102,0.41309
CVE-2018-1247,0.00576,0.75706
CVE-2018-12470,0.00120,0.46066
CVE-2018-12471,0.00278,0.65003
CVE-2018-12472,0.00238,0.61918
CVE-2018-12473,0.00325,0.67800
CVE-2018-12474,0.00676,0.77797
CVE-2018-12475,0.00054,0.20290
CVE-2018-12476,0.00162,0.52910
CVE-2018-12477,0.00137,0.49065
CVE-2018-12478,0.00190,0.56640
CVE-2018-12479,0.00253,0.63257
CVE-2018-1248,0.00113,0.44651
CVE-2018-12480,0.00084,0.35108
CVE-2018-12481,0.00222,0.60556
CVE-2018-12482,0.00091,0.38398
CVE-2018-12483,0.00181,0.55510
CVE-2018-1249,0.00162,0.52796
CVE-2018-12491,0.00579,0.75776
CVE-2018-12492,0.00102,0.41246
CVE-2018-12493,0.00121,0.46343
CVE-2018-12494,0.00121,0.46343
CVE-2018-12495,0.00171,0.54255
CVE-2018-12498,0.00212,0.59184
CVE-2018-12499,0.00087,0.36006
CVE-2018-1250,0.00120,0.46163
CVE-2018-12501,0.00140,0.49646
CVE-2018-12503,0.00245,0.62547
CVE-2018-12504,0.00097,0.40190
CVE-2018-1251,0.00199,0.57895
CVE-2018-12511,0.00102,0.41475
CVE-2018-12519,0.06090,0.92817
CVE-2018-1252,0.00177,0.54879
CVE-2018-12520,0.02853,0.89735
CVE-2018-12522,0.00144,0.50267
CVE-2018-12523,0.00144,0.50267
CVE-2018-12524,0.00144,0.50267
CVE-2018-12525,0.00144,0.50267
CVE-2018-12526,0.00939,0.81420
CVE-2018-12528,0.00446,0.72390
CVE-2018-12529,0.00221,0.60312
CVE-2018-1253,0.00136,0.48937
CVE-2018-12530,0.00159,0.52438
CVE-2018-12531,0.01482,0.85477
CVE-2018-12532,0.02302,0.88617
CVE-2018-12533,0.75573,0.97913
CVE-2018-12534,0.00138,0.49278
CVE-2018-12536,0.00340,0.68522
CVE-2018-12537,0.00417,0.71526
CVE-2018-12538,0.00320,0.67593
CVE-2018-12539,0.00047,0.13976
CVE-2018-1254,0.00118,0.45687
CVE-2018-12540,0.01127,0.83164
CVE-2018-12541,0.00509,0.74154
CVE-2018-12542,0.00362,0.69518
CVE-2018-12543,0.12522,0.94955
CVE-2018-12544,0.00539,0.74876
CVE-2018-12545,0.04539,0.91701
CVE-2018-12546,0.00049,0.14987
CVE-2018-12547,0.01786,0.86798
CVE-2018-12548,0.00149,0.50925
CVE-2018-12549,0.00485,0.73494
CVE-2018-1255,0.00070,0.28968
CVE-2018-12550,0.00164,0.53061
CVE-2018-12551,0.00245,0.62596
CVE-2018-12556,0.00714,0.78500
CVE-2018-12557,0.00377,0.70084
CVE-2018-12558,0.00181,0.55366
CVE-2018-12559,0.00096,0.39921
CVE-2018-1256,0.00340,0.68554
CVE-2018-12560,0.00079,0.33089
CVE-2018-12561,0.00106,0.42934
CVE-2018-12562,0.00225,0.60846
CVE-2018-12563,0.00063,0.25750
CVE-2018-12564,0.00097,0.40155
CVE-2018-12565,0.00190,0.56617
CVE-2018-1257,0.00151,0.51244
CVE-2018-12571,0.01016,0.82181
CVE-2018-12572,0.00045,0.12206
CVE-2018-12574,0.00856,0.80495
CVE-2018-12575,0.02067,0.87902
CVE-2018-12576,0.00073,0.30275
CVE-2018-12577,0.00177,0.54929
CVE-2018-12578,0.00338,0.68456
CVE-2018-12579,0.00244,0.62506
CVE-2018-1258,0.00447,0.72409
CVE-2018-12580,0.00078,0.32606
CVE-2018-12581,0.00153,0.51580
CVE-2018-12582,0.00406,0.71145
CVE-2018-12583,0.00163,0.52943
CVE-2018-12584,0.81066,0.98082
CVE-2018-12585,0.00196,0.57561
CVE-2018-12587,0.00092,0.38694
CVE-2018-12588,0.00209,0.58854
CVE-2018-12589,0.00120,0.46168
CVE-2018-1259,0.00366,0.69687
CVE-2018-12590,0.00104,0.42309
CVE-2018-12591,0.00090,0.37754
CVE-2018-12592,0.00124,0.46760
CVE-2018-12594,0.00286,0.65593
CVE-2018-12596,0.50116,0.97244
CVE-2018-12599,0.00444,0.72339
CVE-2018-1260,0.05839,0.92685
CVE-2018-12600,0.00444,0.72339
CVE-2018-12601,0.00307,0.66814
CVE-2018-12602,0.00322,0.67671
CVE-2018-12603,0.01997,0.87662
CVE-2018-12604,0.14797,0.95308
CVE-2018-12605,0.00058,0.22585
CVE-2018-12606,0.00058,0.22585
CVE-2018-12607,0.00058,0.22585
CVE-2018-12608,0.00092,0.38880
CVE-2018-12609,0.00146,0.50566
CVE-2018-1261,0.00050,0.16453
CVE-2018-12610,0.00161,0.52750
CVE-2018-12611,0.00132,0.48256
CVE-2018-12613,0.97392,0.99910
CVE-2018-12615,0.00084,0.34791
CVE-2018-12617,0.14117,0.95210
CVE-2018-1262,0.00104,0.42231
CVE-2018-12621,0.00062,0.24801
CVE-2018-12622,0.00062,0.24801
CVE-2018-12623,0.00062,0.24801
CVE-2018-12624,0.00062,0.24801
CVE-2018-12625,0.00062,0.24801
CVE-2018-12626,0.00062,0.24801
CVE-2018-12627,0.00062,0.24801
CVE-2018-12628,0.00116,0.45339
CVE-2018-1263,0.00050,0.16453
CVE-2018-12630,0.00272,0.64631
CVE-2018-12631,0.01376,0.84953
CVE-2018-12632,0.00249,0.62910
CVE-2018-12633,0.00042,0.05722
CVE-2018-12634,0.95531,0.99265
CVE-2018-12635,0.00084,0.34791
CVE-2018-12636,0.93052,0.98876
CVE-2018-12638,0.00521,0.74443
CVE-2018-1264,0.00490,0.73636
CVE-2018-12640,0.00465,0.72921
CVE-2018-12641,0.00330,0.68110
CVE-2018-12642,0.00168,0.53801
CVE-2018-12648,0.00252,0.63181
CVE-2018-12649,0.00217,0.59752
CVE-2018-1265,0.00296,0.66234
CVE-2018-12650,0.00124,0.46844
CVE-2018-12651,0.00083,0.34473
CVE-2018-12652,0.00083,0.34473
CVE-2018-12653,0.00117,0.45550
CVE-2018-12654,0.00087,0.36434
CVE-2018-12655,0.00087,0.36434
CVE-2018-12656,0.00087,0.36434
CVE-2018-12657,0.00087,0.36434
CVE-2018-12658,0.00087,0.36434
CVE-2018-12659,0.00202,0.58186
CVE-2018-1266,0.00128,0.47409
CVE-2018-12666,0.01201,0.83762
CVE-2018-12667,0.00659,0.77474
CVE-2018-12668,0.00659,0.77474
CVE-2018-12669,0.00324,0.67775
CVE-2018-1267,0.00263,0.64030
CVE-2018-12670,0.01346,0.84744
CVE-2018-12671,0.00659,0.77474
CVE-2018-12672,0.00058,0.22585
CVE-2018-12673,0.00588,0.75977
CVE-2018-12674,0.00094,0.39434
CVE-2018-12675,0.00118,0.45792
CVE-2018-12678,0.00760,0.79226
CVE-2018-12679,0.00096,0.39929
CVE-2018-1268,0.00111,0.44149
CVE-2018-12680,0.00096,0.39929
CVE-2018-12684,0.00072,0.29855
CVE-2018-12687,0.00103,0.41969
CVE-2018-12688,0.00222,0.60556
CVE-2018-12689,0.05157,0.92237
CVE-2018-1269,0.00149,0.50974
CVE-2018-12691,0.00093,0.39235
CVE-2018-12692,0.00835,0.80260
CVE-2018-12693,0.00186,0.55993
CVE-2018-12694,0.00256,0.63546
CVE-2018-12695,0.00066,0.27550
CVE-2018-12696,0.00066,0.27550
CVE-2018-12697,0.00533,0.74721
CVE-2018-12698,0.00511,0.74188
CVE-2018-12699,0.01375,0.84948
CVE-2018-1270,0.85962,0.98323
CVE-2018-12702,0.00108,0.43464
CVE-2018-12703,0.00108,0.43464
CVE-2018-12705,0.00072,0.29726
CVE-2018-12706,0.02828,0.89690
CVE-2018-1271,0.00400,0.70967
CVE-2018-12710,0.53983,0.97345
CVE-2018-12711,0.01526,0.85728
CVE-2018-12712,0.00204,0.58460
CVE-2018-12713,0.00170,0.54038
CVE-2018-12714,0.00634,0.76928
CVE-2018-12715,0.00523,0.74476
CVE-2018-12716,0.00152,0.51425
CVE-2018-1272,0.00204,0.58358
CVE-2018-1273,0.97515,0.99983
CVE-2018-12735,0.00286,0.65593
CVE-2018-12739,0.00221,0.60312
CVE-2018-1274,0.00422,0.71684
CVE-2018-1275,0.33987,0.96698
CVE-2018-12754,0.01914,0.87371
CVE-2018-12755,0.01914,0.87371
CVE-2018-12756,0.01822,0.86954
CVE-2018-12757,0.01975,0.87582
CVE-2018-12758,0.01537,0.85781
CVE-2018-12759,0.00614,0.76517
CVE-2018-1276,0.00102,0.41240
CVE-2018-12760,0.01537,0.85781
CVE-2018-12761,0.03037,0.90005
CVE-2018-12762,0.01975,0.87582
CVE-2018-12763,0.01975,0.87582
CVE-2018-12764,0.00881,0.80765
CVE-2018-12765,0.00921,0.81246
CVE-2018-12766,0.00921,0.81246
CVE-2018-12767,0.00921,0.81246
CVE-2018-12768,0.00921,0.81246
CVE-2018-12769,0.00224,0.60745
CVE-2018-1277,0.00142,0.49886
CVE-2018-12770,0.02228,0.88424
CVE-2018-12771,0.01806,0.86883
CVE-2018-12772,0.02228,0.88424
CVE-2018-12773,0.02228,0.88424
CVE-2018-12774,0.03037,0.90005
CVE-2018-12775,0.02829,0.89692
CVE-2018-12776,0.02228,0.88424
CVE-2018-12777,0.03037,0.90005
CVE-2018-12778,0.02829,0.89692
CVE-2018-12779,0.03037,0.90005
CVE-2018-1278,0.00127,0.47247
CVE-2018-12780,0.03037,0.90005
CVE-2018-12781,0.03037,0.90005
CVE-2018-12782,0.03248,0.90320
CVE-2018-12783,0.02228,0.88424
CVE-2018-12784,0.02976,0.89904
CVE-2018-12785,0.01761,0.86702
CVE-2018-12786,0.01975,0.87582
CVE-2018-12787,0.01537,0.85781
CVE-2018-12788,0.12862,0.95013
CVE-2018-12789,0.03037,0.90005
CVE-2018-1279,0.00128,0.47469
CVE-2018-12790,0.03037,0.90005
CVE-2018-12791,0.01822,0.86954
CVE-2018-12792,0.01822,0.86954
CVE-2018-12793,0.01977,0.87585
CVE-2018-12794,0.04279,0.91481
CVE-2018-12795,0.02565,0.89177
CVE-2018-12796,0.02228,0.88424
CVE-2018-12797,0.02228,0.88424
CVE-2018-12798,0.01761,0.86702
CVE-2018-12799,0.04016,0.91222
CVE-2018-1280,0.00104,0.42355
CVE-2018-12801,0.02654,0.89368
CVE-2018-12802,0.00800,0.79831
CVE-2018-12803,0.03037,0.90005
CVE-2018-12804,0.01667,0.86355
CVE-2018-12805,0.00269,0.64499
CVE-2018-12806,0.00205,0.58534
CVE-2018-12807,0.00478,0.73307
CVE-2018-12808,0.01485,0.85488
CVE-2018-12809,0.00168,0.53552
CVE-2018-1281,0.00047,0.14017
CVE-2018-12810,0.06379,0.92997
CVE-2018-12811,0.06379,0.92997
CVE-2018-12812,0.00814,0.79980
CVE-2018-12813,0.01842,0.87060
CVE-2018-12814,0.01842,0.87060
CVE-2018-12815,0.00588,0.75986
CVE-2018-12816,0.00243,0.62378
CVE-2018-12817,0.00291,0.65909
CVE-2018-12818,0.00243,0.62378
CVE-2018-12819,0.00243,0.62378
CVE-2018-1282,0.00106,0.42880
CVE-2018-12820,0.00243,0.62378
CVE-2018-12821,0.00243,0.62378
CVE-2018-12822,0.00616,0.76580
CVE-2018-12823,0.01431,0.85228
CVE-2018-12824,0.01253,0.84133
CVE-2018-12825,0.00735,0.78850
CVE-2018-12826,0.01750,0.86669
CVE-2018-12827,0.01778,0.86760
CVE-2018-12828,0.01509,0.85641
CVE-2018-12829,0.01303,0.84490
CVE-2018-1283,0.00176,0.54848
CVE-2018-12830,0.00432,0.71936
CVE-2018-12831,0.00224,0.60745
CVE-2018-12832,0.01187,0.83651
CVE-2018-12833,0.01187,0.83651
CVE-2018-12834,0.00339,0.68493
CVE-2018-12835,0.00900,0.81001
CVE-2018-12836,0.01187,0.83651
CVE-2018-12837,0.01187,0.83651
CVE-2018-12838,0.00173,0.54492
CVE-2018-12839,0.05696,0.92613
CVE-2018-1284,0.00050,0.16872
CVE-2018-12840,0.01332,0.84656
CVE-2018-12841,0.00298,0.66299
CVE-2018-12842,0.00362,0.69501
CVE-2018-12843,0.00339,0.68493
CVE-2018-12844,0.00339,0.68493
CVE-2018-12845,0.08670,0.93938
CVE-2018-12846,0.01187,0.83651
CVE-2018-12847,0.01187,0.83651
CVE-2018-12848,0.03249,0.90322
CVE-2018-12849,0.01332,0.84656
CVE-2018-1285,0.00824,0.80115
CVE-2018-12850,0.01332,0.84656
CVE-2018-12851,0.61549,0.97542
CVE-2018-12852,0.00224,0.60745
CVE-2018-12853,0.00298,0.66299
CVE-2018-12855,0.00369,0.69795
CVE-2018-12856,0.01960,0.87527
CVE-2018-12857,0.00296,0.66194
CVE-2018-12858,0.01230,0.83993
CVE-2018-12859,0.00296,0.66194
CVE-2018-1286,0.00099,0.40692
CVE-2018-12860,0.00233,0.61440
CVE-2018-12861,0.00233,0.61440
CVE-2018-12862,0.00233,0.61440
CVE-2018-12863,0.00233,0.61430
CVE-2018-12864,0.02264,0.88530
CVE-2018-12865,0.00233,0.61440
CVE-2018-12866,0.00296,0.66194
CVE-2018-12867,0.00296,0.66194
CVE-2018-12868,0.00523,0.74488
CVE-2018-12869,0.00296,0.66194
CVE-2018-1287,0.00186,0.56060
CVE-2018-12870,0.00296,0.66194
CVE-2018-12871,0.00296,0.66194
CVE-2018-12872,0.00296,0.66194
CVE-2018-12873,0.00296,0.66194
CVE-2018-12874,0.00296,0.66194
CVE-2018-12875,0.00296,0.66194
CVE-2018-12876,0.01230,0.83993
CVE-2018-12877,0.00218,0.59842
CVE-2018-12878,0.00284,0.65449
CVE-2018-12879,0.01091,0.82871
CVE-2018-1288,0.00179,0.55163
CVE-2018-12880,0.00284,0.65449
CVE-2018-12881,0.00145,0.50401
CVE-2018-12882,0.00536,0.74813
CVE-2018-12884,0.00054,0.20290
CVE-2018-12885,0.00363,0.69547
CVE-2018-12886,0.00294,0.66075
CVE-2018-12889,0.00465,0.72921
CVE-2018-1289,0.00078,0.32245
CVE-2018-12891,0.00062,0.24773
CVE-2018-12892,0.00742,0.78938
CVE-2018-12893,0.00062,0.24773
CVE-2018-12895,0.82323,0.98156
CVE-2018-12896,0.00044,0.08000
CVE-2018-12897,0.00140,0.49645
CVE-2018-1290,0.00085,0.35351
CVE-2018-12900,0.31828,0.96608
CVE-2018-12901,0.00095,0.39559
CVE-2018-12902,0.00087,0.36434
CVE-2018-12903,0.00058,0.22585
CVE-2018-12904,0.00068,0.28071
CVE-2018-12905,0.00087,0.36434
CVE-2018-12907,0.00151,0.51237
CVE-2018-12908,0.87995,0.98438
CVE-2018-12909,0.01119,0.83099
CVE-2018-1291,0.00067,0.27748
CVE-2018-12910,0.00604,0.76318
CVE-2018-12911,0.00347,0.68853
CVE-2018-12912,0.00174,0.54633
CVE-2018-12913,0.00140,0.49601
CVE-2018-12914,0.01790,0.86814
CVE-2018-12915,0.00186,0.55912
CVE-2018-12916,0.00186,0.55912
CVE-2018-12917,0.00186,0.55912
CVE-2018-12918,0.00186,0.55912
CVE-2018-12919,0.00083,0.34473
CVE-2018-1292,0.00067,0.27748
CVE-2018-12920,0.00286,0.65593
CVE-2018-12921,0.00802,0.79863
CVE-2018-12922,0.00176,0.54820
CVE-2018-12923,0.00286,0.65593
CVE-2018-12924,0.00222,0.60556
CVE-2018-12925,0.00222,0.60556
CVE-2018-12926,0.00286,0.65593
CVE-2018-12927,0.00286,0.65593
CVE-2018-12928,0.00052,0.18252
CVE-2018-12929,0.00059,0.22933
CVE-2018-12930,0.00059,0.22933
CVE-2018-12931,0.00059,0.22933
CVE-2018-12932,0.00405,0.71101
CVE-2018-12933,0.00393,0.70731
CVE-2018-12934,0.00582,0.75840
CVE-2018-12939,0.00065,0.26886
CVE-2018-1294,0.00109,0.43750
CVE-2018-12940,0.00212,0.59265
CVE-2018-12941,0.00291,0.65910
CVE-2018-12942,0.00098,0.40525
CVE-2018-12943,0.00092,0.38694
CVE-2018-12944,0.00092,0.38694
CVE-2018-1295,0.01910,0.87357
CVE-2018-12959,0.00102,0.41246
CVE-2018-1296,0.00072,0.29647
CVE-2018-1297,0.00391,0.70680
CVE-2018-12971,0.00063,0.25629
CVE-2018-12972,0.00192,0.56987
CVE-2018-12973,0.00078,0.32606
CVE-2018-12975,0.00168,0.53801
CVE-2018-12976,0.01326,0.84625
CVE-2018-12977,0.00149,0.50957
CVE-2018-12979,0.00477,0.73258
CVE-2018-1298,0.00054,0.19390
CVE-2018-12980,0.01629,0.86217
CVE-2018-12981,0.00439,0.72224
CVE-2018-12982,0.00086,0.35850
CVE-2018-12983,0.00303,0.66592
CVE-2018-12984,0.05156,0.92234
CVE-2018-12988,0.00469,0.73032
CVE-2018-12989,0.00042,0.05722
CVE-2018-1299,0.00072,0.29679
CVE-2018-12990,0.00249,0.62886
CVE-2018-12992,0.00058,0.22585
CVE-2018-12993,0.00659,0.77474
CVE-2018-12994,0.00118,0.45667
CVE-2018-12995,0.00118,0.45667
CVE-2018-12996,0.00620,0.76657
CVE-2018-12997,0.01506,0.85622
CVE-2018-12998,0.96915,0.99660
CVE-2018-12999,0.09518,0.94226
CVE-2018-13000,0.00066,0.27462
CVE-2018-13001,0.00131,0.48045
CVE-2018-13002,0.00066,0.27462
CVE-2018-13003,0.00078,0.32606
CVE-2018-13005,0.00521,0.74421
CVE-2018-13006,0.00332,0.68223
CVE-2018-13007,0.00659,0.77474
CVE-2018-13008,0.00659,0.77474
CVE-2018-13009,0.00659,0.77474
CVE-2018-1301,0.00921,0.81244
CVE-2018-13010,0.00099,0.40682
CVE-2018-13011,0.00659,0.77474
CVE-2018-13012,0.00349,0.68920
CVE-2018-13013,0.00042,0.05722
CVE-2018-13014,0.00042,0.05722
CVE-2018-1302,0.01906,0.87337
CVE-2018-13021,0.00131,0.47909
CVE-2018-13022,0.00105,0.42625
CVE-2018-13023,0.01050,0.82494
CVE-2018-13024,0.00348,0.68892
CVE-2018-13025,0.00095,0.39486
CVE-2018-13026,0.00186,0.55912
CVE-2018-1303,0.96574,0.99539
CVE-2018-13030,0.00173,0.54487
CVE-2018-13031,0.00552,0.75183
CVE-2018-13032,0.00116,0.45302
CVE-2018-13033,0.00622,0.76700
CVE-2018-13034,0.00178,0.55054
CVE-2018-13037,0.00173,0.54487
CVE-2018-13038,0.00579,0.75776
CVE-2018-13039,0.00087,0.36434
CVE-2018-1304,0.00312,0.67081
CVE-2018-13040,0.00112,0.44586
CVE-2018-13041,0.00102,0.41475
CVE-2018-13042,0.02515,0.89094
CVE-2018-13043,0.00241,0.62170
CVE-2018-13045,0.00333,0.68287
CVE-2018-13049,0.00087,0.36089
CVE-2018-1305,0.00127,0.47229
CVE-2018-13050,0.00194,0.57352
CVE-2018-13052,0.00347,0.68837
CVE-2018-13053,0.00070,0.28998
CVE-2018-13054,0.00309,0.66948
CVE-2018-13055,0.00181,0.55402
CVE-2018-13056,0.00102,0.41246
CVE-2018-1306,0.95230,0.99194
CVE-2018-13060,0.00103,0.41785
CVE-2018-13063,0.00267,0.64375
CVE-2018-13065,0.00094,0.39351
CVE-2018-13066,0.00103,0.41969
CVE-2018-13067,0.00112,0.44586
CVE-2018-13068,0.00102,0.41475
CVE-2018-13069,0.00102,0.41475
CVE-2018-1307,0.00114,0.44863
CVE-2018-13070,0.00102,0.41475
CVE-2018-13071,0.00102,0.41475
CVE-2018-13072,0.00102,0.41475
CVE-2018-13073,0.00102,0.41475
CVE-2018-13074,0.00102,0.41475
CVE-2018-13075,0.00102,0.41475
CVE-2018-13076,0.00102,0.41475
CVE-2018-13077,0.00102,0.41475
CVE-2018-13078,0.00102,0.41475
CVE-2018-13079,0.00102,0.41475
CVE-2018-1308,0.02399,0.88844
CVE-2018-13080,0.00102,0.41475
CVE-2018-13081,0.00102,0.41475
CVE-2018-13082,0.00102,0.41475
CVE-2018-13083,0.00102,0.41475
CVE-2018-13084,0.00102,0.41475
CVE-2018-13085,0.00102,0.41475
CVE-2018-13086,0.00102,0.41475
CVE-2018-13087,0.00102,0.41475
CVE-2018-13088,0.00102,0.41475
CVE-2018-13089,0.00102,0.41475
CVE-2018-1309,0.00277,0.64959
CVE-2018-13090,0.00102,0.41475
CVE-2018-13091,0.00102,0.41475
CVE-2018-13092,0.00102,0.41475
CVE-2018-13093,0.00189,0.56521
CVE-2018-13094,0.00303,0.66578
CVE-2018-13095,0.00178,0.55086
CVE-2018-13096,0.00247,0.62714
CVE-2018-13097,0.00258,0.63641
CVE-2018-13098,0.00168,0.53600
CVE-2018-13099,0.00114,0.44977
CVE-2018-1310,0.00133,0.48309
CVE-2018-13100,0.00246,0.62687
CVE-2018-13101,0.00360,0.69396
CVE-2018-13102,0.00063,0.25378
CVE-2018-13103,0.00166,0.53317
CVE-2018-13104,0.00201,0.58116
CVE-2018-13106,0.00058,0.22585
CVE-2018-13108,0.00261,0.63931
CVE-2018-13109,0.03857,0.91070
CVE-2018-1311,0.00287,0.65624
CVE-2018-13110,0.01782,0.86776
CVE-2018-13111,0.00102,0.41390
CVE-2018-13112,0.00271,0.64593
CVE-2018-13113,0.00090,0.37972
CVE-2018-13114,0.00596,0.76126
CVE-2018-13115,0.00125,0.46905
CVE-2018-13116,0.00212,0.59184
CVE-2018-1312,0.01815,0.86920
CVE-2018-13121,0.00093,0.39123
CVE-2018-13122,0.00054,0.20290
CVE-2018-13123,0.00222,0.60556
CVE-2018-13126,0.00081,0.33647
CVE-2018-13127,0.00081,0.33647
CVE-2018-13128,0.00081,0.33647
CVE-2018-13129,0.00084,0.34791
CVE-2018-1313,0.00134,0.48483
CVE-2018-13130,0.00081,0.33647
CVE-2018-13131,0.00081,0.33647
CVE-2018-13132,0.00081,0.33647
CVE-2018-13133,0.00044,0.10161
CVE-2018-13134,0.00078,0.32098
CVE-2018-13136,0.00094,0.39351
CVE-2018-13137,0.00131,0.48003
CVE-2018-13139,0.00549,0.75124
CVE-2018-1314,0.00066,0.27162
CVE-2018-13140,0.04277,0.91479
CVE-2018-13144,0.00090,0.37972
CVE-2018-13145,0.00084,0.34791
CVE-2018-13146,0.00084,0.34791
CVE-2018-1315,0.00143,0.50169
CVE-2018-13153,0.00233,0.61490
CVE-2018-13155,0.00102,0.41475
CVE-2018-13156,0.00109,0.43747
CVE-2018-13157,0.00109,0.43747
CVE-2018-13158,0.00109,0.43747
CVE-2018-13159,0.00109,0.43747
CVE-2018-1316,0.00158,0.52280
CVE-2018-13160,0.00109,0.43747
CVE-2018-13161,0.00109,0.43747
CVE-2018-13162,0.00115,0.45133
CVE-2018-13163,0.00115,0.45133
CVE-2018-13164,0.00109,0.43747
CVE-2018-13165,0.00109,0.43747
CVE-2018-13166,0.00109,0.43747
CVE-2018-13167,0.00109,0.43747
CVE-2018-13168,0.00109,0.43747
CVE-2018-13169,0.00109,0.43747
CVE-2018-1317,0.00215,0.59600
CVE-2018-13170,0.00109,0.43747
CVE-2018-13171,0.00109,0.43747
CVE-2018-13172,0.00109,0.43747
CVE-2018-13173,0.00109,0.43747
CVE-2018-13174,0.00109,0.43747
CVE-2018-13175,0.00109,0.43747
CVE-2018-13176,0.00109,0.43747
CVE-2018-13177,0.00109,0.43747
CVE-2018-13178,0.00109,0.43747
CVE-2018-13179,0.00109,0.43747
CVE-2018-1318,0.02978,0.89907
CVE-2018-13180,0.00109,0.43747
CVE-2018-13181,0.00109,0.43747
CVE-2018-13182,0.00109,0.43747
CVE-2018-13183,0.00109,0.43747
CVE-2018-13184,0.00109,0.43747
CVE-2018-13185,0.00109,0.43747
CVE-2018-13186,0.00109,0.43747
CVE-2018-13187,0.00109,0.43747
CVE-2018-13188,0.00109,0.43747
CVE-2018-13189,0.00109,0.43747
CVE-2018-1319,0.00070,0.28937
CVE-2018-13190,0.00109,0.43747
CVE-2018-13191,0.00109,0.43747
CVE-2018-13192,0.00109,0.43747
CVE-2018-13193,0.00109,0.43747
CVE-2018-13194,0.00109,0.43747
CVE-2018-13195,0.00109,0.43747
CVE-2018-13196,0.00081,0.33647
CVE-2018-13197,0.00081,0.33647
CVE-2018-13198,0.00081,0.33647
CVE-2018-13199,0.00084,0.34791
CVE-2018-1320,0.00194,0.57350
CVE-2018-13200,0.00081,0.33647
CVE-2018-13201,0.00081,0.33647
CVE-2018-13202,0.00081,0.33647
CVE-2018-13203,0.00081,0.33647
CVE-2018-13204,0.00081,0.33647
CVE-2018-13205,0.00081,0.33647
CVE-2018-13206,0.00081,0.33647
CVE-2018-13207,0.00081,0.33647
CVE-2018-13208,0.00081,0.33647
CVE-2018-13209,0.00081,0.33647
CVE-2018-1321,0.00876,0.80720
CVE-2018-13210,0.00081,0.33647
CVE-2018-13211,0.00081,0.33647
CVE-2018-13212,0.00081,0.33647
CVE-2018-13213,0.00081,0.33647
CVE-2018-13214,0.00081,0.33647
CVE-2018-13215,0.00081,0.33647
CVE-2018-13216,0.00081,0.33647
CVE-2018-13217,0.00081,0.33647
CVE-2018-13218,0.00081,0.33647
CVE-2018-13219,0.00081,0.33647
CVE-2018-1322,0.00175,0.54753
CVE-2018-13220,0.00081,0.33647
CVE-2018-13221,0.00081,0.33647
CVE-2018-13222,0.00081,0.33647
CVE-2018-13223,0.00081,0.33647
CVE-2018-13224,0.00081,0.33647
CVE-2018-13225,0.00109,0.43747
CVE-2018-13226,0.00109,0.43747
CVE-2018-13227,0.00109,0.43747
CVE-2018-13228,0.00109,0.43747
CVE-2018-13229,0.00109,0.43747
CVE-2018-1323,0.26269,0.96324
CVE-2018-13230,0.00109,0.43747
CVE-2018-13231,0.00109,0.43747
CVE-2018-13232,0.00109,0.43747
CVE-2018-13233,0.00081,0.33647
CVE-2018-1324,0.00130,0.47811
CVE-2018-1325,0.00078,0.32606
CVE-2018-13250,0.00162,0.52878
CVE-2018-13251,0.00167,0.53458
CVE-2018-13252,0.00078,0.32606
CVE-2018-13256,0.00096,0.40015
CVE-2018-13257,0.00105,0.42625
CVE-2018-13258,0.00313,0.67138
CVE-2018-13259,0.01184,0.83631
CVE-2018-1327,0.01481,0.85466
CVE-2018-1328,0.00268,0.64425
CVE-2018-13280,0.00081,0.33897
CVE-2018-13281,0.00049,0.14988
CVE-2018-13282,0.00096,0.39981
CVE-2018-13283,0.00103,0.41634
CVE-2018-13284,0.00077,0.31683
CVE-2018-13285,0.00077,0.31683
CVE-2018-13286,0.00059,0.22814
CVE-2018-13287,0.00059,0.22814
CVE-2018-13288,0.00133,0.48304
CVE-2018-13289,0.00133,0.48304
CVE-2018-13290,0.00054,0.19357
CVE-2018-13291,0.00054,0.19357
CVE-2018-13292,0.00054,0.19357
CVE-2018-13293,0.00054,0.19461
CVE-2018-13294,0.00059,0.22814
CVE-2018-13295,0.00059,0.22814
CVE-2018-13296,0.00097,0.40091
CVE-2018-13297,0.00133,0.48304
CVE-2018-13298,0.00109,0.43889
CVE-2018-13299,0.00063,0.25051
CVE-2018-1330,0.00071,0.29389
CVE-2018-13300,0.00313,0.67173
CVE-2018-13301,0.00080,0.33213
CVE-2018-13302,0.00270,0.64512
CVE-2018-13303,0.00080,0.33213
CVE-2018-13304,0.00081,0.33511
CVE-2018-13305,0.00254,0.63293
CVE-2018-13306,0.00673,0.77761
CVE-2018-13307,0.00673,0.77761
CVE-2018-13308,0.00105,0.42625
CVE-2018-13309,0.00105,0.42625
CVE-2018-1331,0.00393,0.70751
CVE-2018-13310,0.00078,0.32606
CVE-2018-13311,0.00197,0.57663
CVE-2018-13312,0.00105,0.42625
CVE-2018-13313,0.00069,0.28474
CVE-2018-13314,0.00673,0.77761
CVE-2018-13315,0.01309,0.84523
CVE-2018-13316,0.00673,0.77761
CVE-2018-13317,0.00105,0.42625
CVE-2018-13318,0.00337,0.68437
CVE-2018-13319,0.00453,0.72617
CVE-2018-1332,0.00061,0.24025
CVE-2018-13320,0.00337,0.68437
CVE-2018-13321,0.00096,0.40030
CVE-2018-13322,0.00121,0.46343
CVE-2018-13323,0.00105,0.42625
CVE-2018-13324,0.00913,0.81144
CVE-2018-13325,0.00084,0.34791
CVE-2018-13326,0.00090,0.37972
CVE-2018-13327,0.00090,0.37972
CVE-2018-13328,0.00084,0.34791
CVE-2018-13329,0.82388,0.98160
CVE-2018-1333,0.08710,0.93952
CVE-2018-13330,0.96942,0.99671
CVE-2018-13331,0.82388,0.98160
CVE-2018-13332,0.00147,0.50713
CVE-2018-13333,0.01291,0.84422
CVE-2018-13334,0.82388,0.98160
CVE-2018-13335,0.00135,0.48668
CVE-2018-13336,0.95207,0.99189
CVE-2018-13337,0.00107,0.43046
CVE-2018-13338,0.95207,0.99189
CVE-2018-13339,0.00144,0.50222
CVE-2018-1334,0.00042,0.05722
CVE-2018-13340,0.00112,0.44586
CVE-2018-13341,0.00769,0.79361
CVE-2018-13342,0.00222,0.60556
CVE-2018-13346,0.00174,0.54663
CVE-2018-13347,0.00561,0.75356
CVE-2018-13348,0.00147,0.50658
CVE-2018-13349,0.00783,0.79556
CVE-2018-1335,0.96734,0.99594
CVE-2018-13350,0.00213,0.59339
CVE-2018-13351,0.00135,0.48668
CVE-2018-13352,0.00592,0.76064
CVE-2018-13353,0.03195,0.90231
CVE-2018-13354,0.95207,0.99189
CVE-2018-13355,0.00050,0.16497
CVE-2018-13356,0.00107,0.43231
CVE-2018-13357,0.00135,0.48668
CVE-2018-13358,0.91052,0.98655
CVE-2018-13359,0.00257,0.63595
CVE-2018-1336,0.02169,0.88259
CVE-2018-13360,0.82388,0.98160
CVE-2018-13361,0.00173,0.54483
CVE-2018-13365,0.00084,0.34791
CVE-2018-13366,0.00084,0.34791
CVE-2018-13367,0.00081,0.33686
CVE-2018-13368,0.00042,0.05722
CVE-2018-1337,0.01390,0.85015
CVE-2018-13371,0.00094,0.39456
CVE-2018-13374,0.00696,0.78197
CVE-2018-13375,0.00078,0.32606
CVE-2018-13376,0.05446,0.92454
CVE-2018-13378,0.00078,0.32769
CVE-2018-13379,0.97267,0.99827
CVE-2018-1338,0.00048,0.14790
CVE-2018-13380,0.00122,0.46438
CVE-2018-13381,0.00116,0.45451
CVE-2018-13382,0.90325,0.98594
CVE-2018-13383,0.00817,0.80027
CVE-2018-13384,0.00123,0.46665
CVE-2018-13385,0.00425,0.71774
CVE-2018-13386,0.00216,0.59686
CVE-2018-13387,0.00095,0.39670
CVE-2018-13388,0.00109,0.43808
CVE-2018-13389,0.00102,0.41481
CVE-2018-1339,0.00048,0.14790
CVE-2018-13390,0.00058,0.21565
CVE-2018-13391,0.00116,0.45407
CVE-2018-13392,0.00146,0.50466
CVE-2018-13393,0.00067,0.27631
CVE-2018-13394,0.00067,0.27631
CVE-2018-13395,0.00113,0.44648
CVE-2018-13396,0.00085,0.35351
CVE-2018-13397,0.00085,0.35351
CVE-2018-13398,0.00066,0.27316
CVE-2018-13399,0.00042,0.05722
CVE-2018-1340,0.00146,0.50442
CVE-2018-13400,0.00109,0.43898
CVE-2018-13401,0.00121,0.46269
CVE-2018-13402,0.00121,0.46269
CVE-2018-13403,0.00066,0.27429
CVE-2018-13404,0.00073,0.30421
CVE-2018-13405,0.00042,0.00438
CVE-2018-13406,0.00042,0.05722
CVE-2018-13407,0.00053,0.18634
CVE-2018-13408,0.00087,0.36434
CVE-2018-13409,0.00087,0.36434
CVE-2018-13410,0.00205,0.58478
CVE-2018-13411,0.04767,0.91926
CVE-2018-13412,0.00052,0.18252
CVE-2018-13415,0.01067,0.82665
CVE-2018-13416,0.01205,0.83788
CVE-2018-13417,0.01067,0.82665
CVE-2018-13418,0.91052,0.98655
CVE-2018-13419,0.00081,0.33698
CVE-2018-1342,0.00477,0.73281
CVE-2018-13420,0.00103,0.41969
CVE-2018-13421,0.00659,0.77474
CVE-2018-13422,0.00078,0.32606
CVE-2018-13423,0.00066,0.27550
CVE-2018-1343,0.00315,0.67315
CVE-2018-13433,0.00087,0.36434
CVE-2018-13434,0.00051,0.17393
CVE-2018-13435,0.00051,0.17393
CVE-2018-13439,0.00603,0.76280
CVE-2018-1344,0.00090,0.38018
CVE-2018-13440,0.00090,0.37888
CVE-2018-13441,0.00160,0.52646
CVE-2018-13442,0.00087,0.36089
CVE-2018-13443,0.00702,0.78263
CVE-2018-13444,0.00112,0.44586
CVE-2018-13445,0.00112,0.44586
CVE-2018-13446,0.00051,0.17393
CVE-2018-13447,0.00119,0.45992
CVE-2018-13448,0.00119,0.45992
CVE-2018-13449,0.00119,0.45992
CVE-2018-1345,0.00104,0.42231
CVE-2018-13450,0.00119,0.45992
CVE-2018-13457,0.00275,0.64856
CVE-2018-13458,0.00275,0.64856
CVE-2018-1346,0.00126,0.47139
CVE-2018-13462,0.00109,0.43747
CVE-2018-13463,0.00081,0.33647
CVE-2018-13464,0.00109,0.43747
CVE-2018-13465,0.00109,0.43747
CVE-2018-13466,0.00109,0.43747
CVE-2018-13467,0.00109,0.43747
CVE-2018-13468,0.00109,0.43747
CVE-2018-13469,0.00109,0.43747
CVE-2018-1347,0.00085,0.35433
CVE-2018-13470,0.00109,0.43747
CVE-2018-13471,0.00109,0.43747
CVE-2018-13472,0.00109,0.43747
CVE-2018-13473,0.00109,0.43747
CVE-2018-13474,0.00109,0.43747
CVE-2018-13475,0.00109,0.43747
CVE-2018-13476,0.00109,0.43747
CVE-2018-13477,0.00109,0.43747
CVE-2018-13478,0.00109,0.43747
CVE-2018-13479,0.00109,0.43747
CVE-2018-1348,0.00128,0.47518
CVE-2018-13480,0.00109,0.43747
CVE-2018-13481,0.00109,0.43747
CVE-2018-13482,0.00081,0.33647
CVE-2018-13483,0.00081,0.33647
CVE-2018-13484,0.00081,0.33647
CVE-2018-13485,0.00081,0.33647
CVE-2018-13486,0.00081,0.33647
CVE-2018-13487,0.00081,0.33647
CVE-2018-13488,0.00081,0.33647
CVE-2018-13489,0.00081,0.33647
CVE-2018-1349,0.00091,0.38552
CVE-2018-13490,0.00081,0.33647
CVE-2018-13491,0.00081,0.33647
CVE-2018-13492,0.00081,0.33647
CVE-2018-13493,0.00081,0.33647
CVE-2018-13494,0.00081,0.33647
CVE-2018-13495,0.00109,0.43747
CVE-2018-13496,0.00109,0.43747
CVE-2018-13497,0.00109,0.43747
CVE-2018-13498,0.00109,0.43747
CVE-2018-13499,0.00109,0.43747
CVE-2018-1350,0.00091,0.38552
CVE-2018-13500,0.00109,0.43747
CVE-2018-13501,0.00109,0.43747
CVE-2018-13502,0.00081,0.33647
CVE-2018-13503,0.00081,0.33647
CVE-2018-13504,0.00081,0.33647
CVE-2018-13505,0.00081,0.33647
CVE-2018-13506,0.00081,0.33647
CVE-2018-13507,0.00081,0.33647
CVE-2018-13508,0.00081,0.33647
CVE-2018-13509,0.00081,0.33647
CVE-2018-1351,0.00077,0.31738
CVE-2018-13510,0.00081,0.33647
CVE-2018-13511,0.00081,0.33647
CVE-2018-13512,0.00081,0.33647
CVE-2018-13513,0.00081,0.33647
CVE-2018-13514,0.00081,0.33647
CVE-2018-13515,0.00081,0.33647
CVE-2018-13516,0.00081,0.33647
CVE-2018-13517,0.00081,0.33647
CVE-2018-13518,0.00081,0.33647
CVE-2018-13519,0.00081,0.33647
CVE-2018-1352,0.00222,0.60556
CVE-2018-13520,0.00081,0.33647
CVE-2018-13521,0.00081,0.33647
CVE-2018-13522,0.00081,0.33647
CVE-2018-13523,0.00081,0.33647
CVE-2018-13524,0.00109,0.43747
CVE-2018-13525,0.00109,0.43747
CVE-2018-13526,0.00109,0.43747
CVE-2018-13527,0.00109,0.43747
CVE-2018-13528,0.00109,0.43747
CVE-2018-13529,0.00109,0.43747
CVE-2018-1353,0.00054,0.20290
CVE-2018-13530,0.00109,0.43747
CVE-2018-13531,0.00109,0.43747
CVE-2018-13532,0.00109,0.43747
CVE-2018-13533,0.00109,0.43747
CVE-2018-13534,0.00109,0.43747
CVE-2018-13535,0.00109,0.43747
CVE-2018-13536,0.00109,0.43747
CVE-2018-13537,0.00109,0.43747
CVE-2018-13538,0.00109,0.43747
CVE-2018-13539,0.00109,0.43747
CVE-2018-1354,0.00157,0.52207
CVE-2018-13540,0.00109,0.43747
CVE-2018-13541,0.00109,0.43747
CVE-2018-13542,0.00109,0.43747
CVE-2018-13543,0.00109,0.43747
CVE-2018-13544,0.00109,0.43747
CVE-2018-13545,0.00081,0.33647
CVE-2018-13546,0.00081,0.33647
CVE-2018-13547,0.00081,0.33647
CVE-2018-13548,0.00081,0.33647
CVE-2018-13549,0.00081,0.33647
CVE-2018-1355,0.00211,0.59027
CVE-2018-13550,0.00081,0.33647
CVE-2018-13551,0.00081,0.33647
CVE-2018-13552,0.00081,0.33647
CVE-2018-13553,0.00081,0.33647
CVE-2018-13554,0.00081,0.33647
CVE-2018-13555,0.00081,0.33647
CVE-2018-13556,0.00081,0.33647
CVE-2018-13557,0.00081,0.33647
CVE-2018-13558,0.00081,0.33647
CVE-2018-13559,0.00081,0.33647
CVE-2018-1356,0.00089,0.37377
CVE-2018-13560,0.00109,0.43747
CVE-2018-13561,0.00109,0.43747
CVE-2018-13562,0.00109,0.43747
CVE-2018-13563,0.00109,0.43747
CVE-2018-13564,0.00109,0.43747
CVE-2018-13565,0.00109,0.43747
CVE-2018-13566,0.00109,0.43747
CVE-2018-13567,0.00109,0.43747
CVE-2018-13568,0.00109,0.43747
CVE-2018-13569,0.00109,0.43747
CVE-2018-13570,0.00109,0.43747
CVE-2018-13571,0.00109,0.43747
CVE-2018-13572,0.00109,0.43747
CVE-2018-13573,0.00109,0.43747
CVE-2018-13574,0.00109,0.43747
CVE-2018-13575,0.00081,0.33647
CVE-2018-13576,0.00081,0.33647
CVE-2018-13577,0.00081,0.33647
CVE-2018-13578,0.00081,0.33647
CVE-2018-13579,0.00081,0.33647
CVE-2018-13580,0.00081,0.33647
CVE-2018-13581,0.00081,0.33647
CVE-2018-13582,0.00081,0.33647
CVE-2018-13583,0.00081,0.33647
CVE-2018-13584,0.00081,0.33647
CVE-2018-13585,0.00081,0.33647
CVE-2018-13586,0.00081,0.33647
CVE-2018-13587,0.00081,0.33647
CVE-2018-13588,0.00109,0.43747
CVE-2018-13589,0.00109,0.43747
CVE-2018-13590,0.00109,0.43747
CVE-2018-13591,0.00109,0.43747
CVE-2018-13592,0.00109,0.43747
CVE-2018-13593,0.00109,0.43747
CVE-2018-13594,0.00109,0.43747
CVE-2018-13595,0.00109,0.43747
CVE-2018-13596,0.00109,0.43747
CVE-2018-13597,0.00109,0.43747
CVE-2018-13598,0.00081,0.33647
CVE-2018-13599,0.00081,0.33647
CVE-2018-1360,0.00164,0.53093
CVE-2018-13600,0.00081,0.33647
CVE-2018-13601,0.00081,0.33647
CVE-2018-13602,0.00081,0.33647
CVE-2018-13603,0.00081,0.33647
CVE-2018-13604,0.00081,0.33647
CVE-2018-13605,0.00081,0.33647
CVE-2018-13606,0.00081,0.33647
CVE-2018-13607,0.00081,0.33647
CVE-2018-13608,0.00081,0.33647
CVE-2018-13609,0.00081,0.33647
CVE-2018-1361,0.00134,0.48539
CVE-2018-13610,0.00081,0.33647
CVE-2018-13611,0.00081,0.33647
CVE-2018-13612,0.00081,0.33647
CVE-2018-13613,0.00081,0.33647
CVE-2018-13614,0.00081,0.33647
CVE-2018-13615,0.00081,0.33647
CVE-2018-13616,0.00081,0.33647
CVE-2018-13617,0.00081,0.33647
CVE-2018-13618,0.00081,0.33647
CVE-2018-13619,0.00081,0.33647
CVE-2018-1362,0.00071,0.29321
CVE-2018-13620,0.00081,0.33647
CVE-2018-13621,0.00081,0.33647
CVE-2018-13622,0.00081,0.33647
CVE-2018-13623,0.00081,0.33647
CVE-2018-13624,0.00109,0.43747
CVE-2018-13625,0.00109,0.43747
CVE-2018-13626,0.00109,0.43747
CVE-2018-13627,0.00109,0.43747
CVE-2018-13628,0.00109,0.43747
CVE-2018-13629,0.00109,0.43747
CVE-2018-1363,0.00059,0.23108
CVE-2018-13630,0.00109,0.43747
CVE-2018-13631,0.00109,0.43747
CVE-2018-13632,0.00109,0.43747
CVE-2018-13633,0.00109,0.43747
CVE-2018-13634,0.00109,0.43747
CVE-2018-13635,0.00109,0.43747
CVE-2018-13636,0.00109,0.43747
CVE-2018-13637,0.00109,0.43747
CVE-2018-13638,0.00109,0.43747
CVE-2018-13639,0.00109,0.43747
CVE-2018-1364,0.00187,0.56226
CVE-2018-13640,0.00109,0.43747
CVE-2018-13641,0.00109,0.43747
CVE-2018-13642,0.00109,0.43747
CVE-2018-13643,0.00109,0.43747
CVE-2018-13644,0.00109,0.43747
CVE-2018-13645,0.00109,0.43747
CVE-2018-13646,0.00109,0.43747
CVE-2018-13647,0.00109,0.43747
CVE-2018-13648,0.00109,0.43747
CVE-2018-13649,0.00109,0.43747
CVE-2018-13650,0.00109,0.43747
CVE-2018-13651,0.00109,0.43747
CVE-2018-13652,0.00109,0.43747
CVE-2018-13653,0.00109,0.43747
CVE-2018-13654,0.00109,0.43747
CVE-2018-13655,0.00109,0.43747
CVE-2018-13656,0.00109,0.43747
CVE-2018-13657,0.00109,0.43747
CVE-2018-13658,0.00109,0.43747
CVE-2018-13659,0.00109,0.43747
CVE-2018-1366,0.00063,0.25160
CVE-2018-13660,0.00109,0.43747
CVE-2018-13661,0.00109,0.43747
CVE-2018-13662,0.00109,0.43747
CVE-2018-13663,0.00109,0.43747
CVE-2018-13664,0.00109,0.43747
CVE-2018-13665,0.00109,0.43747
CVE-2018-13666,0.00109,0.43747
CVE-2018-13667,0.00109,0.43747
CVE-2018-13668,0.00109,0.43747
CVE-2018-13669,0.00109,0.43747
CVE-2018-13670,0.00109,0.43747
CVE-2018-13671,0.00109,0.43747
CVE-2018-13672,0.00109,0.43747
CVE-2018-13673,0.00109,0.43747
CVE-2018-13674,0.00109,0.43747
CVE-2018-13675,0.00109,0.43747
CVE-2018-13676,0.00109,0.43747
CVE-2018-13677,0.00109,0.43747
CVE-2018-13678,0.00109,0.43747
CVE-2018-13679,0.00109,0.43747
CVE-2018-1368,0.00042,0.05722
CVE-2018-13680,0.00109,0.43747
CVE-2018-13681,0.00109,0.43747
CVE-2018-13682,0.00109,0.43747
CVE-2018-13683,0.00109,0.43747
CVE-2018-13684,0.00109,0.43747
CVE-2018-13685,0.00109,0.43747
CVE-2018-13686,0.00109,0.43747
CVE-2018-13687,0.00109,0.43747
CVE-2018-13688,0.00109,0.43747
CVE-2018-13689,0.00109,0.43747
CVE-2018-1369,0.00065,0.27072
CVE-2018-13690,0.00109,0.43747
CVE-2018-13691,0.00109,0.43747
CVE-2018-13692,0.00109,0.43747
CVE-2018-13693,0.00109,0.43747
CVE-2018-13694,0.00109,0.43747
CVE-2018-13695,0.00109,0.43747
CVE-2018-13696,0.00109,0.43747
CVE-2018-13697,0.00109,0.43747
CVE-2018-13698,0.00109,0.43747
CVE-2018-13699,0.00109,0.43747
CVE-2018-1370,0.00050,0.16691
CVE-2018-13700,0.00109,0.43747
CVE-2018-13701,0.00109,0.43747
CVE-2018-13702,0.00109,0.43747
CVE-2018-13703,0.00109,0.43747
CVE-2018-13704,0.00109,0.43747
CVE-2018-13705,0.00109,0.43747
CVE-2018-13706,0.00109,0.43747
CVE-2018-13707,0.00109,0.43747
CVE-2018-13708,0.00109,0.43747
CVE-2018-13709,0.00109,0.43747
CVE-2018-1371,0.00076,0.31433
CVE-2018-13710,0.00109,0.43747
CVE-2018-13711,0.00109,0.43747
CVE-2018-13712,0.00109,0.43747
CVE-2018-13713,0.00109,0.43747
CVE-2018-13714,0.00109,0.43747
CVE-2018-13715,0.00109,0.43747
CVE-2018-13716,0.00109,0.43747
CVE-2018-13717,0.00109,0.43747
CVE-2018-13718,0.00109,0.43747
CVE-2018-13719,0.00109,0.43747
CVE-2018-1372,0.00335,0.68360
CVE-2018-13720,0.00109,0.43747
CVE-2018-13721,0.00109,0.43747
CVE-2018-13722,0.00109,0.43747
CVE-2018-13723,0.00109,0.43747
CVE-2018-13724,0.00109,0.43747
CVE-2018-13725,0.00109,0.43747
CVE-2018-13726,0.00109,0.43747
CVE-2018-13727,0.00109,0.43747
CVE-2018-13728,0.00109,0.43747
CVE-2018-13729,0.00109,0.43747
CVE-2018-1373,0.00621,0.76671
CVE-2018-13730,0.00109,0.43747
CVE-2018-13731,0.00109,0.43747
CVE-2018-13732,0.00109,0.43747
CVE-2018-13733,0.00109,0.43747
CVE-2018-13734,0.00109,0.43747
CVE-2018-13735,0.00109,0.43747
CVE-2018-13736,0.00109,0.43747
CVE-2018-13737,0.00109,0.43747
CVE-2018-13738,0.00109,0.43747
CVE-2018-13739,0.00109,0.43747
CVE-2018-1374,0.00080,0.33223
CVE-2018-13740,0.00109,0.43747
CVE-2018-13741,0.00109,0.43747
CVE-2018-13742,0.00109,0.43747
CVE-2018-13743,0.00109,0.43747
CVE-2018-13744,0.00109,0.43747
CVE-2018-13745,0.00109,0.43747
CVE-2018-13746,0.00109,0.43747
CVE-2018-13747,0.00109,0.43747
CVE-2018-13748,0.00109,0.43747
CVE-2018-13749,0.00109,0.43747
CVE-2018-1375,0.00110,0.44004
CVE-2018-13750,0.00109,0.43747
CVE-2018-13751,0.00109,0.43747
CVE-2018-13752,0.00109,0.43747
CVE-2018-13753,0.00109,0.43747
CVE-2018-13754,0.00109,0.43747
CVE-2018-13755,0.00109,0.43747
CVE-2018-13756,0.00109,0.43747
CVE-2018-13757,0.00109,0.43747
CVE-2018-13758,0.00109,0.43747
CVE-2018-13759,0.00109,0.43747
CVE-2018-1376,0.00069,0.28766
CVE-2018-13760,0.00109,0.43747
CVE-2018-13761,0.00109,0.43747
CVE-2018-13762,0.00109,0.43747
CVE-2018-13763,0.00109,0.43747
CVE-2018-13764,0.00109,0.43747
CVE-2018-13765,0.00109,0.43747
CVE-2018-13766,0.00109,0.43747
CVE-2018-13767,0.00109,0.43747
CVE-2018-13768,0.00109,0.43747
CVE-2018-13769,0.00109,0.43747
CVE-2018-1377,0.00042,0.05722
CVE-2018-13770,0.00109,0.43747
CVE-2018-13771,0.00109,0.43747
CVE-2018-13772,0.00109,0.43747
CVE-2018-13773,0.00109,0.43747
CVE-2018-13774,0.00109,0.43747
CVE-2018-13775,0.00109,0.43747
CVE-2018-13776,0.00109,0.43747
CVE-2018-13777,0.00109,0.43747
CVE-2018-13778,0.00109,0.43747
CVE-2018-13779,0.00109,0.43747
CVE-2018-13780,0.00109,0.43747
CVE-2018-13781,0.00109,0.43747
CVE-2018-13782,0.00109,0.43747
CVE-2018-13783,0.00109,0.43747
CVE-2018-13784,0.04567,0.91723
CVE-2018-13785,0.00900,0.81005
CVE-2018-13787,0.00052,0.18252
CVE-2018-13789,0.00165,0.53213
CVE-2018-13790,0.00109,0.43614
CVE-2018-13791,0.00263,0.64030
CVE-2018-13792,0.00137,0.49074
CVE-2018-13793,0.00073,0.30112
CVE-2018-13794,0.00250,0.62982
CVE-2018-13795,0.00114,0.44899
CVE-2018-13796,0.00160,0.52622
CVE-2018-13797,0.00574,0.75657
CVE-2018-13798,0.00215,0.59596
CVE-2018-13799,0.00279,0.65130
CVE-2018-1380,0.00055,0.20635
CVE-2018-13800,0.00093,0.39095
CVE-2018-13801,0.00328,0.67986
CVE-2018-13802,0.00448,0.72456
CVE-2018-13804,0.00360,0.69440
CVE-2018-13805,0.00104,0.42039
CVE-2018-13806,0.00075,0.30886
CVE-2018-13807,0.00588,0.75986
CVE-2018-13808,0.00170,0.54119
CVE-2018-13809,0.00078,0.32606
CVE-2018-13810,0.00053,0.19032
CVE-2018-13811,0.00042,0.05722
CVE-2018-13812,0.00354,0.69173
CVE-2018-13813,0.00133,0.48306
CVE-2018-13814,0.00182,0.55603
CVE-2018-13815,0.00112,0.44478
CVE-2018-13816,0.00360,0.69440
CVE-2018-13818,0.05961,0.92754
CVE-2018-13819,0.00124,0.46760
CVE-2018-1382,0.00049,0.15902
CVE-2018-13820,0.00124,0.46760
CVE-2018-13821,0.00371,0.69873
CVE-2018-13822,0.00124,0.46760
CVE-2018-13823,0.00195,0.57483
CVE-2018-13824,0.00133,0.48427
CVE-2018-13825,0.00097,0.40155
CVE-2018-13826,0.00230,0.61254
CVE-2018-1383,0.00194,0.57366
CVE-2018-13832,0.00105,0.42486
CVE-2018-13833,0.00313,0.67170
CVE-2018-13836,0.00115,0.45133
CVE-2018-1384,0.00082,0.33951
CVE-2018-13843,0.00115,0.45086
CVE-2018-13844,0.00103,0.41969
CVE-2018-13845,0.00222,0.60556
CVE-2018-13846,0.00222,0.60556
CVE-2018-13847,0.00103,0.41969
CVE-2018-13848,0.00103,0.41969
CVE-2018-13849,0.00116,0.45318
CVE-2018-13850,0.00212,0.59184
CVE-2018-13858,0.00515,0.74282
CVE-2018-13859,0.10897,0.94617
CVE-2018-1386,0.00042,0.05722
CVE-2018-13860,0.00273,0.64728
CVE-2018-13861,0.00515,0.74282
CVE-2018-13862,0.19002,0.95824
CVE-2018-13863,0.00247,0.62714
CVE-2018-13864,0.02132,0.88149
CVE-2018-13865,0.00082,0.34002
CVE-2018-13866,0.00659,0.77474
CVE-2018-13867,0.00659,0.77474
CVE-2018-13868,0.00659,0.77474
CVE-2018-13869,0.00659,0.77474
CVE-2018-1387,0.00131,0.47999
CVE-2018-13870,0.00659,0.77474
CVE-2018-13871,0.00465,0.72921
CVE-2018-13872,0.00465,0.72921
CVE-2018-13873,0.00659,0.77474
CVE-2018-13874,0.00465,0.72921
CVE-2018-13875,0.00091,0.38161
CVE-2018-13876,0.00465,0.72921
CVE-2018-13877,0.00129,0.47649
CVE-2018-13878,0.00078,0.32606
CVE-2018-13879,0.00054,0.20290
CVE-2018-1388,0.00163,0.52999
CVE-2018-13885,0.00044,0.10161
CVE-2018-13886,0.00212,0.59232
CVE-2018-13887,0.00188,0.56423
CVE-2018-13888,0.00044,0.10161
CVE-2018-13889,0.00044,0.10161
CVE-2018-1389,0.00061,0.24094
CVE-2018-13893,0.00044,0.10161
CVE-2018-13895,0.00044,0.10161
CVE-2018-13896,0.00044,0.10161
CVE-2018-13897,0.00143,0.50048
CVE-2018-13898,0.00188,0.56423
CVE-2018-13899,0.00044,0.10161
CVE-2018-1390,0.00059,0.23108
CVE-2018-13900,0.00044,0.10161
CVE-2018-13901,0.00044,0.10161
CVE-2018-13902,0.00103,0.41969
CVE-2018-13903,0.00295,0.66158
CVE-2018-13904,0.00195,0.57498
CVE-2018-13905,0.00044,0.10161
CVE-2018-13906,0.00143,0.50048
CVE-2018-13907,0.00084,0.34791
CVE-2018-13908,0.00044,0.10161
CVE-2018-13909,0.00044,0.10161
CVE-2018-1391,0.00103,0.41683
CVE-2018-13910,0.00044,0.10161
CVE-2018-13911,0.00188,0.56423
CVE-2018-13912,0.00044,0.10161
CVE-2018-13913,0.00044,0.10161
CVE-2018-13914,0.00044,0.10161
CVE-2018-13916,0.00044,0.10161
CVE-2018-13918,0.00044,0.10161
CVE-2018-13919,0.00044,0.10161
CVE-2018-1392,0.00049,0.15902
CVE-2018-13920,0.00044,0.10161
CVE-2018-13924,0.00212,0.59232
CVE-2018-13925,0.00188,0.56423
CVE-2018-13927,0.00044,0.10161
CVE-2018-1393,0.00063,0.24898
CVE-2018-1394,0.00050,0.16691
CVE-2018-1395,0.00049,0.15069
CVE-2018-1396,0.00050,0.16818
CVE-2018-1398,0.00309,0.66944
CVE-2018-13980,0.00180,0.55281
CVE-2018-13981,0.42722,0.97011
CVE-2018-13982,0.00351,0.69032
CVE-2018-13983,0.01599,0.86072
CVE-2018-13988,0.00684,0.77988
CVE-2018-13989,0.00566,0.75478
CVE-2018-1399,0.00059,0.23108
CVE-2018-13990,0.00256,0.63511
CVE-2018-13991,0.00081,0.33774
CVE-2018-13992,0.00222,0.60587
CVE-2018-13993,0.00102,0.41541
CVE-2018-13994,0.00112,0.44400
CVE-2018-13996,0.00659,0.77474
CVE-2018-13997,0.00115,0.45086
CVE-2018-13998,0.00058,0.22585
CVE-2018-13999,0.00058,0.22585
CVE-2018-14001,0.00102,0.41475
CVE-2018-14002,0.00115,0.45133
CVE-2018-14003,0.00115,0.45133
CVE-2018-14004,0.00115,0.45133
CVE-2018-14005,0.00115,0.45133
CVE-2018-14006,0.00115,0.45133
CVE-2018-14007,0.03280,0.90365
CVE-2018-14008,0.00065,0.26782
CVE-2018-14009,0.10296,0.94454
CVE-2018-1401,0.00124,0.46780
CVE-2018-14010,0.00692,0.78120
CVE-2018-14012,0.00272,0.64631
CVE-2018-14013,0.00755,0.79140
CVE-2018-14014,0.00112,0.44586
CVE-2018-14015,0.00083,0.34373
CVE-2018-14016,0.00113,0.44620
CVE-2018-14017,0.00093,0.39081
CVE-2018-14020,0.00102,0.41536
CVE-2018-14023,0.00065,0.26916
CVE-2018-14027,0.00087,0.36434
CVE-2018-14028,0.31598,0.96602
CVE-2018-14029,0.00221,0.60312
CVE-2018-1403,0.00049,0.15069
CVE-2018-14031,0.00199,0.57916
CVE-2018-14033,0.00199,0.57916
CVE-2018-14034,0.00199,0.57916
CVE-2018-14035,0.00199,0.57916
CVE-2018-14036,0.00183,0.55672
CVE-2018-14037,0.00175,0.54711
CVE-2018-1404,0.00049,0.15069
CVE-2018-14040,0.00758,0.79202
CVE-2018-14041,0.00423,0.71706
CVE-2018-14042,0.00464,0.72889
CVE-2018-14043,0.00245,0.62547
CVE-2018-14044,0.00217,0.59779
CVE-2018-14045,0.00217,0.59779
CVE-2018-14046,0.00228,0.61089
CVE-2018-14047,0.00054,0.19393
CVE-2018-14048,0.00292,0.65938
CVE-2018-14049,0.00091,0.38088
CVE-2018-1405,0.00049,0.15069
CVE-2018-14050,0.00091,0.38088
CVE-2018-14051,0.00131,0.47991
CVE-2018-14052,0.00091,0.38088
CVE-2018-14054,0.00491,0.73648
CVE-2018-14055,0.00160,0.52656
CVE-2018-14056,0.00190,0.56598
CVE-2018-14057,0.00539,0.74878
CVE-2018-14058,0.00845,0.80372
CVE-2018-14059,0.00283,0.65374
CVE-2018-14060,0.00692,0.78120
CVE-2018-14062,0.00243,0.62333
CVE-2018-14063,0.00222,0.60556
CVE-2018-14064,0.15741,0.95447
CVE-2018-14065,0.00316,0.67352
CVE-2018-14066,0.00136,0.49020
CVE-2018-14067,0.00355,0.69197
CVE-2018-14068,0.00112,0.44586
CVE-2018-14069,0.00073,0.30112
CVE-2018-1407,0.00050,0.16691
CVE-2018-14071,0.00863,0.80564
CVE-2018-14072,0.00103,0.41969
CVE-2018-14073,0.00103,0.41969
CVE-2018-14077,0.00286,0.65593
CVE-2018-14078,0.00717,0.78547
CVE-2018-14079,0.00286,0.65593
CVE-2018-1408,0.00050,0.16691
CVE-2018-14080,0.00166,0.53325
CVE-2018-14081,0.00222,0.60556
CVE-2018-14082,0.00058,0.22585
CVE-2018-14083,0.02209,0.88370
CVE-2018-14084,0.00772,0.79405
CVE-2018-14085,0.00102,0.41246
CVE-2018-14086,0.00772,0.79405
CVE-2018-14087,0.00772,0.79405
CVE-2018-14088,0.00772,0.79405
CVE-2018-14089,0.00102,0.41246
CVE-2018-1409,0.00042,0.05722
CVE-2018-1410,0.00042,0.05722
CVE-2018-1411,0.00042,0.05722
CVE-2018-1413,0.00122,0.46523
CVE-2018-1414,0.00121,0.46216
CVE-2018-1415,0.00059,0.23108
CVE-2018-1416,0.00108,0.43505
CVE-2018-1417,0.02088,0.87976
CVE-2018-1418,0.29846,0.96520
CVE-2018-1419,0.00097,0.40113
CVE-2018-1420,0.00087,0.35918
CVE-2018-1421,0.00116,0.45281
CVE-2018-1422,0.00059,0.23108
CVE-2018-1423,0.00057,0.21364
CVE-2018-1424,0.00158,0.52256
CVE-2018-14241,0.00666,0.77644
CVE-2018-14242,0.00666,0.77644
CVE-2018-14243,0.00666,0.77644
CVE-2018-14244,0.00666,0.77644
CVE-2018-14245,0.00666,0.77644
CVE-2018-14246,0.00666,0.77644
CVE-2018-14247,0.00666,0.77644
CVE-2018-14248,0.00666,0.77644
CVE-2018-14249,0.00666,0.77644
CVE-2018-1425,0.00146,0.50478
CVE-2018-14250,0.00666,0.77644
CVE-2018-14251,0.00666,0.77644
CVE-2018-14252,0.00666,0.77644
CVE-2018-14253,0.00703,0.78291
CVE-2018-14254,0.00666,0.77644
CVE-2018-14255,0.00666,0.77644
CVE-2018-14256,0.00666,0.77644
CVE-2018-14257,0.00666,0.77644
CVE-2018-14258,0.00666,0.77644
CVE-2018-14259,0.00666,0.77644
CVE-2018-1426,0.00217,0.59727
CVE-2018-14260,0.00666,0.77644
CVE-2018-14261,0.00666,0.77644
CVE-2018-14262,0.00666,0.77644
CVE-2018-14263,0.00666,0.77644
CVE-2018-14264,0.00666,0.77644
CVE-2018-14265,0.00666,0.77644
CVE-2018-14266,0.00666,0.77644
CVE-2018-14267,0.00666,0.77644
CVE-2018-14268,0.00666,0.77644
CVE-2018-14269,0.00666,0.77644
CVE-2018-1427,0.00042,0.05722
CVE-2018-14270,0.00666,0.77644
CVE-2018-14271,0.00666,0.77644
CVE-2018-14272,0.00666,0.77644
CVE-2018-14273,0.00666,0.77644
CVE-2018-14274,0.00666,0.77644
CVE-2018-14275,0.00666,0.77644
CVE-2018-14276,0.00666,0.77644
CVE-2018-14277,0.00666,0.77644
CVE-2018-14278,0.00666,0.77644
CVE-2018-14279,0.00666,0.77644
CVE-2018-1428,0.00055,0.20591
CVE-2018-14280,0.00773,0.79425
CVE-2018-14281,0.00773,0.79425
CVE-2018-14282,0.00944,0.81475
CVE-2018-14283,0.01175,0.83569
CVE-2018-14284,0.01175,0.83569
CVE-2018-14285,0.00666,0.77644
CVE-2018-14286,0.00666,0.77644
CVE-2018-14287,0.00666,0.77644
CVE-2018-14288,0.00831,0.80196
CVE-2018-14289,0.00392,0.70703
CVE-2018-1429,0.00078,0.32652
CVE-2018-14290,0.00643,0.77108
CVE-2018-14291,0.00978,0.81831
CVE-2018-14292,0.00978,0.81831
CVE-2018-14293,0.00978,0.81831
CVE-2018-14294,0.01175,0.83569
CVE-2018-14295,0.10012,0.94374
CVE-2018-14296,0.01175,0.83569
CVE-2018-14297,0.01175,0.83569
CVE-2018-14298,0.01175,0.83569
CVE-2018-14299,0.01175,0.83569
CVE-2018-1430,0.00062,0.24327
CVE-2018-14300,0.01175,0.83569
CVE-2018-14301,0.01175,0.83569
CVE-2018-14302,0.01175,0.83569
CVE-2018-14303,0.01175,0.83569
CVE-2018-14304,0.01175,0.83569
CVE-2018-14305,0.01175,0.83569
CVE-2018-14306,0.01175,0.83569
CVE-2018-14307,0.01175,0.83569
CVE-2018-14308,0.01175,0.83569
CVE-2018-14309,0.01175,0.83569
CVE-2018-1431,0.00042,0.05722
CVE-2018-14310,0.01175,0.83569
CVE-2018-14311,0.00666,0.77644
CVE-2018-14312,0.01175,0.83569
CVE-2018-14313,0.00666,0.77644
CVE-2018-14314,0.01175,0.83569
CVE-2018-14315,0.01175,0.83569
CVE-2018-14316,0.00541,0.74957
CVE-2018-14317,0.00703,0.78291
CVE-2018-14318,0.00710,0.78430
CVE-2018-1432,0.00114,0.44990
CVE-2018-14320,0.00919,0.81218
CVE-2018-14324,0.00187,0.56078
CVE-2018-14325,0.00396,0.70839
CVE-2018-14326,0.00464,0.72877
CVE-2018-14327,0.00088,0.37077
CVE-2018-14328,0.87995,0.98438
CVE-2018-14329,0.00042,0.05722
CVE-2018-1433,0.00275,0.64816
CVE-2018-14331,0.00112,0.44586
CVE-2018-14332,0.00215,0.59596
CVE-2018-14333,0.00328,0.67968
CVE-2018-14334,0.00579,0.75776
CVE-2018-14335,0.01410,0.85119
CVE-2018-14336,0.07900,0.93656
CVE-2018-14337,0.00266,0.64286
CVE-2018-14338,0.00328,0.67968
CVE-2018-14339,0.00882,0.80778
CVE-2018-1434,0.00219,0.59930
CVE-2018-14340,0.00557,0.75282
CVE-2018-14341,0.00474,0.73155
CVE-2018-14342,0.00671,0.77729
CVE-2018-14343,0.00474,0.73155
CVE-2018-14344,0.00524,0.74508
CVE-2018-14345,0.00108,0.43395
CVE-2018-14346,0.00365,0.69609
CVE-2018-14347,0.00194,0.57363
CVE-2018-14348,0.00264,0.64140
CVE-2018-14349,0.00739,0.78898
CVE-2018-1435,0.01092,0.82876
CVE-2018-14350,0.01693,0.86446
CVE-2018-14351,0.00739,0.78898
CVE-2018-14352,0.01212,0.83843
CVE-2018-14353,0.01312,0.84548
CVE-2018-14354,0.01638,0.86245
CVE-2018-14355,0.00424,0.71729
CVE-2018-14356,0.00966,0.81711
CVE-2018-14357,0.01386,0.84995
CVE-2018-14358,0.01153,0.83369
CVE-2018-14359,0.01212,0.83843
CVE-2018-14360,0.00431,0.71909
CVE-2018-14361,0.00421,0.71643
CVE-2018-14362,0.01743,0.86644
CVE-2018-14363,0.00277,0.64979
CVE-2018-14364,0.19285,0.95851
CVE-2018-14366,0.00078,0.32606
CVE-2018-14367,0.00606,0.76339
CVE-2018-14368,0.00460,0.72797
CVE-2018-14369,0.00882,0.80778
CVE-2018-1437,0.00126,0.47146
CVE-2018-14370,0.00360,0.69433
CVE-2018-14371,0.00693,0.78130
CVE-2018-14379,0.00827,0.80153
CVE-2018-1438,0.00282,0.65353
CVE-2018-14380,0.00093,0.39090
CVE-2018-14381,0.00125,0.46911
CVE-2018-14382,0.00072,0.29485
CVE-2018-14383,0.00149,0.50995
CVE-2018-14384,0.00072,0.29718
CVE-2018-14387,0.00259,0.63667
CVE-2018-14388,0.00055,0.20626
CVE-2018-14389,0.00174,0.54622
CVE-2018-1439,0.00051,0.17418
CVE-2018-14392,0.01494,0.85540
CVE-2018-14394,0.00064,0.26274
CVE-2018-14395,0.00371,0.69867
CVE-2018-14396,0.00058,0.22585
CVE-2018-14397,0.00058,0.22585
CVE-2018-14398,0.00105,0.42625
CVE-2018-14399,0.00457,0.72706
CVE-2018-1440,0.00049,0.15069
CVE-2018-14401,0.00115,0.45086
CVE-2018-14402,0.00155,0.51879
CVE-2018-14403,0.00542,0.74973
CVE-2018-14404,0.02078,0.87945
CVE-2018-1441,0.00070,0.29096
CVE-2018-14415,0.00072,0.29485
CVE-2018-14417,0.68589,0.97706
CVE-2018-14418,0.00899,0.80993
CVE-2018-14419,0.00054,0.20290
CVE-2018-1442,0.00231,0.61348
CVE-2018-14420,0.00112,0.44586
CVE-2018-14421,0.00140,0.49715
CVE-2018-14422,0.00087,0.36434
CVE-2018-14423,0.00471,0.73076
CVE-2018-14424,0.00042,0.05722
CVE-2018-14425,0.00084,0.35108
CVE-2018-14429,0.00137,0.49105
CVE-2018-1443,0.00153,0.51568
CVE-2018-14430,0.00101,0.41201
CVE-2018-14432,0.00118,0.45768
CVE-2018-14434,0.00163,0.52938
CVE-2018-14435,0.00078,0.32134
CVE-2018-14436,0.00074,0.30440
CVE-2018-14437,0.00074,0.30440
CVE-2018-14438,0.00135,0.48684
CVE-2018-14439,0.00109,0.43747
CVE-2018-1444,0.00059,0.23108
CVE-2018-14440,0.00138,0.49278
CVE-2018-14441,0.00195,0.57387
CVE-2018-14442,0.00575,0.75685
CVE-2018-14443,0.00103,0.41650
CVE-2018-14444,0.00098,0.40310
CVE-2018-14445,0.00129,0.47735
CVE-2018-14446,0.01309,0.84523
CVE-2018-14447,0.00434,0.72026
CVE-2018-14448,0.00124,0.46817
CVE-2018-14449,0.00249,0.62941
CVE-2018-1445,0.00062,0.24327
CVE-2018-14450,0.00249,0.62941
CVE-2018-14451,0.00330,0.68119
CVE-2018-14452,0.00249,0.62941
CVE-2018-14453,0.00330,0.68119
CVE-2018-14454,0.00249,0.62941
CVE-2018-14455,0.00249,0.62941
CVE-2018-14456,0.00249,0.62941
CVE-2018-14457,0.00249,0.62941
CVE-2018-14458,0.00330,0.68119
CVE-2018-14459,0.00249,0.62941
CVE-2018-14460,0.00199,0.57916
CVE-2018-14461,0.00329,0.68046
CVE-2018-14462,0.00329,0.68046
CVE-2018-14463,0.00328,0.68004
CVE-2018-14464,0.00329,0.68046
CVE-2018-14465,0.00329,0.68046
CVE-2018-14466,0.00329,0.68046
CVE-2018-14467,0.00329,0.68046
CVE-2018-14468,0.00329,0.68046
CVE-2018-14469,0.00328,0.68004
CVE-2018-1447,0.00490,0.73647
CVE-2018-14470,0.00329,0.68046
CVE-2018-14471,0.00133,0.48440
CVE-2018-14472,0.00093,0.39255
CVE-2018-14473,0.01458,0.85383
CVE-2018-14474,0.00068,0.28155
CVE-2018-14476,0.00291,0.65925
CVE-2018-14478,0.00159,0.52502
CVE-2018-1448,0.00042,0.05722
CVE-2018-14481,0.00740,0.78914
CVE-2018-14485,0.08667,0.93935
CVE-2018-14486,0.00130,0.47806
CVE-2018-1449,0.00042,0.05722
CVE-2018-14492,0.00155,0.51879
CVE-2018-14493,0.92453,0.98807
CVE-2018-14494,0.00327,0.67878
CVE-2018-14495,0.11026,0.94643
CVE-2018-14496,0.07450,0.93486
CVE-2018-14497,0.00111,0.44222
CVE-2018-14498,0.00217,0.59769
CVE-2018-14499,0.00078,0.32606
CVE-2018-1450,0.00042,0.05722
CVE-2018-14500,0.00072,0.29485
CVE-2018-14501,0.00174,0.54622
CVE-2018-14502,0.00797,0.79794
CVE-2018-14503,0.00131,0.48045
CVE-2018-14504,0.00221,0.60231
CVE-2018-14505,0.00193,0.57223
CVE-2018-1451,0.00042,0.05722
CVE-2018-14512,0.00108,0.43408
CVE-2018-14513,0.00108,0.43408
CVE-2018-14514,0.00543,0.74996
CVE-2018-14515,0.00151,0.51343
CVE-2018-14517,0.00087,0.36434
CVE-2018-14519,0.00099,0.40738
CVE-2018-1452,0.00042,0.05722
CVE-2018-14520,0.00075,0.30882
CVE-2018-14521,0.00205,0.58506
CVE-2018-14522,0.00444,0.72340
CVE-2018-14523,0.00369,0.69813
CVE-2018-14524,0.00130,0.47805
CVE-2018-14526,0.00137,0.49171
CVE-2018-14527,0.00083,0.34473
CVE-2018-14528,0.00659,0.77474
CVE-2018-14529,0.00414,0.71442
CVE-2018-1453,0.00143,0.50107
CVE-2018-14531,0.00543,0.74996
CVE-2018-14532,0.00156,0.52053
CVE-2018-14533,0.00084,0.34973
CVE-2018-1454,0.00109,0.43526
CVE-2018-14541,0.00058,0.22585
CVE-2018-14543,0.00055,0.20370
CVE-2018-14544,0.00055,0.20370
CVE-2018-14545,0.00055,0.20370
CVE-2018-14549,0.00090,0.37890
CVE-2018-1455,0.00188,0.56371
CVE-2018-14550,0.00508,0.74124
CVE-2018-14551,0.00586,0.75904
CVE-2018-14553,0.01306,0.84513
CVE-2018-14557,0.00115,0.45086
CVE-2018-14558,0.93619,0.98940
CVE-2018-14559,0.00115,0.45086
CVE-2018-1456,0.00116,0.45281
CVE-2018-14562,0.00543,0.74996
CVE-2018-14563,0.00543,0.74996
CVE-2018-14564,0.00543,0.74996
CVE-2018-14565,0.00543,0.74996
CVE-2018-14567,0.00793,0.79747
CVE-2018-14568,0.00288,0.65679
CVE-2018-1457,0.00340,0.68535
CVE-2018-14570,0.00109,0.43753
CVE-2018-14572,0.00268,0.64425
CVE-2018-14573,0.00044,0.07794
CVE-2018-14574,0.00800,0.79825
CVE-2018-14575,0.00637,0.76985
CVE-2018-14576,0.00133,0.48355
CVE-2018-14579,0.01482,0.85477
CVE-2018-1458,0.00115,0.45113
CVE-2018-14581,0.00252,0.63175
CVE-2018-14582,0.00112,0.44586
CVE-2018-14583,0.00112,0.44586
CVE-2018-14584,0.00615,0.76575
CVE-2018-14585,0.00205,0.58506
CVE-2018-14586,0.00205,0.58506
CVE-2018-14587,0.00205,0.58506
CVE-2018-14588,0.00102,0.41378
CVE-2018-14589,0.00205,0.58506
CVE-2018-1459,0.00053,0.18449
CVE-2018-14590,0.00073,0.30190
CVE-2018-14592,0.00523,0.74489
CVE-2018-14593,0.00133,0.48428
CVE-2018-14596,0.00247,0.62766
CVE-2018-14597,0.00140,0.49596
CVE-2018-14598,0.01112,0.83039
CVE-2018-14599,0.01291,0.84423
CVE-2018-1460,0.00042,0.05722
CVE-2018-14600,0.07418,0.93473
CVE-2018-14601,0.00116,0.45451
CVE-2018-14602,0.00178,0.55045
CVE-2018-14603,0.00073,0.30112
CVE-2018-14604,0.00078,0.32606
CVE-2018-14605,0.00054,0.20290
CVE-2018-14606,0.00058,0.22585
CVE-2018-14607,0.00216,0.59679
CVE-2018-14608,0.00538,0.74859
CVE-2018-14609,0.00096,0.39856
CVE-2018-1461,0.00104,0.42036
CVE-2018-14610,0.00123,0.46552
CVE-2018-14611,0.00096,0.39856
CVE-2018-14612,0.00124,0.46707
CVE-2018-14613,0.00124,0.46707
CVE-2018-14614,0.00156,0.51904
CVE-2018-14615,0.00094,0.39270
CVE-2018-14616,0.00155,0.51756
CVE-2018-14617,0.00096,0.39856
CVE-2018-14618,0.02147,0.88192
CVE-2018-14619,0.00042,0.05722
CVE-2018-1462,0.00273,0.64722
CVE-2018-14620,0.00317,0.67437
CVE-2018-14621,0.00285,0.65519
CVE-2018-14622,0.03601,0.90777
CVE-2018-14623,0.00068,0.27908
CVE-2018-14624,0.01973,0.87573
CVE-2018-14625,0.00064,0.26441
CVE-2018-14626,0.00238,0.61902
CVE-2018-14627,0.00468,0.73006
CVE-2018-14628,0.00065,0.27091
CVE-2018-14629,0.00342,0.68613
CVE-2018-1463,0.00137,0.49044
CVE-2018-14630,0.05460,0.92465
CVE-2018-14631,0.00222,0.60398
CVE-2018-14632,0.00170,0.54093
CVE-2018-14633,0.01703,0.86478
CVE-2018-14634,0.00043,0.07362
CVE-2018-14635,0.00223,0.60684
CVE-2018-14636,0.00124,0.46767
CVE-2018-14637,0.00182,0.55611
CVE-2018-14638,0.00335,0.68330
CVE-2018-1464,0.00137,0.49044
CVE-2018-14641,0.00359,0.69361
CVE-2018-14642,0.00317,0.67397
CVE-2018-14643,0.00931,0.81340
CVE-2018-14644,0.00248,0.62807
CVE-2018-14645,0.00285,0.65532
CVE-2018-14646,0.00042,0.05722
CVE-2018-14647,0.00746,0.78995
CVE-2018-14648,0.09412,0.94188
CVE-2018-14649,0.63367,0.97579
CVE-2018-1465,0.00137,0.49044
CVE-2018-14650,0.00042,0.05722
CVE-2018-14651,0.01037,0.82371
CVE-2018-14652,0.00388,0.70528
CVE-2018-14653,0.00303,0.66584
CVE-2018-14654,0.00382,0.70310
CVE-2018-14655,0.00095,0.39578
CVE-2018-14656,0.00059,0.22860
CVE-2018-14657,0.00330,0.68111
CVE-2018-14658,0.00115,0.45219
CVE-2018-14659,0.00535,0.74792
CVE-2018-1466,0.00156,0.51912
CVE-2018-14660,0.00659,0.77416
CVE-2018-14661,0.00379,0.70175
CVE-2018-14662,0.00062,0.24540
CVE-2018-14663,0.00160,0.52676
CVE-2018-14664,0.00228,0.61080
CVE-2018-14665,0.03210,0.90258
CVE-2018-14666,0.00087,0.36023
CVE-2018-14667,0.82093,0.98137
CVE-2018-14668,0.00073,0.30112
CVE-2018-14669,0.00168,0.53801
CVE-2018-1467,0.00146,0.50478
CVE-2018-14670,0.00222,0.60556
CVE-2018-14671,0.00684,0.77981
CVE-2018-14672,0.00096,0.39991
CVE-2018-14678,0.00042,0.05722
CVE-2018-14679,0.01186,0.83642
CVE-2018-1468,0.00050,0.16691
CVE-2018-14680,0.00817,0.80021
CVE-2018-14681,0.00631,0.76875
CVE-2018-14682,0.00744,0.78968
CVE-2018-14683,0.00078,0.32606
CVE-2018-14685,0.01201,0.83762
CVE-2018-14686,0.00087,0.36434
CVE-2018-14688,0.00105,0.42625
CVE-2018-14689,0.00105,0.42625
CVE-2018-1469,0.00112,0.44391
CVE-2018-14690,0.00105,0.42625
CVE-2018-14691,0.00105,0.42625
CVE-2018-14695,0.00453,0.72617
CVE-2018-14696,0.00453,0.72617
CVE-2018-14697,0.00105,0.42625
CVE-2018-14698,0.00105,0.42625
CVE-2018-14699,0.95067,0.99155
CVE-2018-1470,0.00090,0.37751
CVE-2018-14700,0.00642,0.77101
CVE-2018-14701,0.95250,0.99198
CVE-2018-14702,0.00453,0.72617
CVE-2018-14703,0.00773,0.79421
CVE-2018-14704,0.00105,0.42625
CVE-2018-14705,0.00328,0.68002
CVE-2018-14706,0.95067,0.99155
CVE-2018-14707,0.00126,0.47182
CVE-2018-14708,0.00659,0.77474
CVE-2018-14709,0.00837,0.80273
CVE-2018-14710,0.00105,0.42625
CVE-2018-14711,0.00063,0.25629
CVE-2018-14712,0.00073,0.30160
CVE-2018-14713,0.00079,0.33197
CVE-2018-14714,0.65076,0.97619
CVE-2018-14715,0.00168,0.53801
CVE-2018-14716,0.02274,0.88554
CVE-2018-14718,0.05359,0.92390
CVE-2018-14719,0.01236,0.84029
CVE-2018-14720,0.01024,0.82245
CVE-2018-14721,0.01224,0.83934
CVE-2018-14722,0.00478,0.73296
CVE-2018-14724,0.00203,0.58345
CVE-2018-14728,0.96127,0.99391
CVE-2018-14729,0.01724,0.86568
CVE-2018-1473,0.00069,0.28766
CVE-2018-14730,0.00655,0.77350
CVE-2018-14731,0.00293,0.66010
CVE-2018-14732,0.00271,0.64583
CVE-2018-14733,0.00473,0.73132
CVE-2018-14734,0.00064,0.26441
CVE-2018-14735,0.00272,0.64621
CVE-2018-14736,0.00103,0.41969
CVE-2018-14737,0.00145,0.50311
CVE-2018-14738,0.00087,0.35949
CVE-2018-14739,0.00087,0.35949
CVE-2018-1474,0.00094,0.39362
CVE-2018-14740,0.00087,0.35949
CVE-2018-14741,0.00087,0.35949
CVE-2018-14742,0.00087,0.35949
CVE-2018-14743,0.00103,0.41969
CVE-2018-14744,0.00222,0.60556
CVE-2018-14745,0.00468,0.73010
CVE-2018-14746,0.00274,0.64792
CVE-2018-14747,0.00200,0.57966
CVE-2018-14748,0.00206,0.58643
CVE-2018-14749,0.00224,0.60784
CVE-2018-1475,0.00305,0.66707
CVE-2018-1476,0.00107,0.43309
CVE-2018-14767,0.83213,0.98197
CVE-2018-14768,0.00520,0.74394
CVE-2018-14769,0.00071,0.29353
CVE-2018-14770,0.09181,0.94110
CVE-2018-14771,0.09181,0.94110
CVE-2018-14772,0.00179,0.55145
CVE-2018-14773,0.89288,0.98527
CVE-2018-14774,0.00071,0.29207
CVE-2018-14775,0.00042,0.05722
CVE-2018-14776,0.00054,0.20290
CVE-2018-14777,0.00058,0.22585
CVE-2018-14779,0.00156,0.51995
CVE-2018-1478,0.00094,0.39362
CVE-2018-14780,0.00118,0.45721
CVE-2018-14781,0.00068,0.28221
CVE-2018-14782,0.00098,0.40460
CVE-2018-14783,0.00095,0.39717
CVE-2018-14784,0.00068,0.28178
CVE-2018-14785,0.00100,0.40858
CVE-2018-14786,0.00918,0.81207
CVE-2018-14787,0.00044,0.08189
CVE-2018-14788,0.00075,0.30764
CVE-2018-14789,0.00044,0.08189
CVE-2018-1479,0.00071,0.29260
CVE-2018-14790,0.00892,0.80904
CVE-2018-14791,0.00044,0.08189
CVE-2018-14792,0.00093,0.39202
CVE-2018-14793,0.00093,0.39095
CVE-2018-14794,0.00222,0.60587
CVE-2018-14795,0.00090,0.37989
CVE-2018-14796,0.00100,0.40789
CVE-2018-14797,0.00080,0.33229
CVE-2018-14798,0.00074,0.30597
CVE-2018-14799,0.00056,0.20768
CVE-2018-1480,0.00064,0.26231
CVE-2018-14800,0.00132,0.48235
CVE-2018-14801,0.00053,0.18604
CVE-2018-14802,0.00892,0.80904
CVE-2018-14803,0.00158,0.52304
CVE-2018-14804,0.00808,0.79929
CVE-2018-14805,0.00837,0.80272
CVE-2018-14806,0.02673,0.89412
CVE-2018-14807,0.01703,0.86479
CVE-2018-14808,0.00053,0.18905
CVE-2018-14809,0.01383,0.84979
CVE-2018-1481,0.00064,0.26231
CVE-2018-14810,0.00341,0.68595
CVE-2018-14811,0.00781,0.79535
CVE-2018-14812,0.00058,0.21967
CVE-2018-14813,0.00819,0.80036
CVE-2018-14814,0.00332,0.68201
CVE-2018-14815,0.00781,0.79535
CVE-2018-14816,0.11190,0.94687
CVE-2018-14817,0.00808,0.79929
CVE-2018-14818,0.01672,0.86372
CVE-2018-14819,0.00781,0.79535
CVE-2018-14820,0.03626,0.90800
CVE-2018-14821,0.01124,0.83142
CVE-2018-14822,0.00359,0.69379
CVE-2018-14823,0.00819,0.80036
CVE-2018-14824,0.00599,0.76193
CVE-2018-14825,0.00097,0.40176
CVE-2018-14826,0.00836,0.80271
CVE-2018-14827,0.00105,0.42481
CVE-2018-14828,0.00058,0.22640
CVE-2018-14829,0.02510,0.89083
CVE-2018-1483,0.00108,0.43505
CVE-2018-14831,0.00188,0.56337
CVE-2018-14833,0.00220,0.60208
CVE-2018-14835,0.00053,0.18833
CVE-2018-14836,0.00065,0.26756
CVE-2018-14837,0.00058,0.22585
CVE-2018-14838,0.00087,0.36434
CVE-2018-14839,0.10808,0.94601
CVE-2018-1484,0.00064,0.26231
CVE-2018-14840,0.00256,0.63513
CVE-2018-14846,0.00085,0.35274
CVE-2018-14847,0.97477,0.99964
CVE-2018-14849,0.00071,0.29389
CVE-2018-1485,0.00050,0.16691
CVE-2018-14850,0.00071,0.29389
CVE-2018-14851,0.00571,0.75570
CVE-2018-14852,0.00080,0.33355
CVE-2018-14853,0.00065,0.27036
CVE-2018-14854,0.00080,0.33355
CVE-2018-14855,0.00080,0.33355
CVE-2018-14856,0.00080,0.33355
CVE-2018-14857,0.00734,0.78836
CVE-2018-14858,0.00588,0.75977
CVE-2018-14859,0.00065,0.26756
CVE-2018-14860,0.00116,0.45322
CVE-2018-14861,0.00065,0.26756
CVE-2018-14862,0.00054,0.20290
CVE-2018-14863,0.00065,0.26756
CVE-2018-14864,0.00095,0.39486
CVE-2018-14865,0.00133,0.48434
CVE-2018-14866,0.00054,0.20290
CVE-2018-14867,0.00129,0.47678
CVE-2018-14868,0.00050,0.16378
CVE-2018-14869,0.00105,0.42413
CVE-2018-1487,0.00044,0.10161
CVE-2018-14872,0.00102,0.41246
CVE-2018-14873,0.00058,0.22585
CVE-2018-14874,0.00091,0.38618
CVE-2018-14875,0.00058,0.22585
CVE-2018-14876,0.00056,0.21204
CVE-2018-14877,0.00058,0.22585
CVE-2018-14878,0.00086,0.35814
CVE-2018-14879,0.00205,0.58496
CVE-2018-1488,0.00042,0.05722
CVE-2018-14880,0.00328,0.68004
CVE-2018-14881,0.00329,0.68046
CVE-2018-14882,0.00329,0.68046
CVE-2018-14883,0.00527,0.74604
CVE-2018-14884,0.00252,0.63210
CVE-2018-14885,0.00391,0.70658
CVE-2018-14886,0.00060,0.23609
CVE-2018-14887,0.00170,0.54044
CVE-2018-14888,0.00311,0.67048
CVE-2018-14889,0.00042,0.05722
CVE-2018-14890,0.00054,0.20290
CVE-2018-14891,0.00042,0.05722
CVE-2018-14892,0.00361,0.69459
CVE-2018-14893,0.00241,0.62182
CVE-2018-14894,0.00141,0.49773
CVE-2018-14899,0.00148,0.50803
CVE-2018-14900,0.00190,0.56663
CVE-2018-14901,0.00832,0.80224
CVE-2018-14902,0.00832,0.80224
CVE-2018-14903,0.00190,0.56663
CVE-2018-14904,0.00081,0.33721
CVE-2018-14905,0.00087,0.36434
CVE-2018-14906,0.00087,0.36434
CVE-2018-14907,0.00126,0.47113
CVE-2018-14908,0.00112,0.44586
CVE-2018-14910,0.00319,0.67549
CVE-2018-14911,0.00091,0.38531
CVE-2018-14912,0.96284,0.99434
CVE-2018-14916,0.00685,0.78004
CVE-2018-14918,0.44897,0.97081
CVE-2018-14919,0.01739,0.86630
CVE-2018-1492,0.00073,0.30232
CVE-2018-14922,0.00107,0.43129
CVE-2018-14923,0.00072,0.29986
CVE-2018-14924,0.00066,0.27166
CVE-2018-14925,0.00155,0.51861
CVE-2018-14926,0.00073,0.30112
CVE-2018-14927,0.00081,0.33679
CVE-2018-14928,0.00186,0.55900
CVE-2018-14929,0.00066,0.27166
CVE-2018-14930,0.00112,0.44586
CVE-2018-14931,0.00118,0.45792
CVE-2018-14933,0.34019,0.96700
CVE-2018-14934,0.00070,0.29068
CVE-2018-14935,0.00078,0.32606
CVE-2018-14936,0.00058,0.22585
CVE-2018-14937,0.00058,0.22585
CVE-2018-14938,0.00517,0.74324
CVE-2018-14939,0.00274,0.64801
CVE-2018-1494,0.00050,0.16691
CVE-2018-14940,0.00208,0.58745
CVE-2018-14941,0.00133,0.48434
CVE-2018-14942,0.00587,0.75957
CVE-2018-14943,0.00222,0.60556
CVE-2018-14944,0.00152,0.51456
CVE-2018-14945,0.00211,0.59050
CVE-2018-14946,0.00562,0.75360
CVE-2018-14947,0.00562,0.75360
CVE-2018-14948,0.00136,0.48919
CVE-2018-1495,0.00110,0.43917
CVE-2018-14950,0.00202,0.58249
CVE-2018-14951,0.00202,0.58249
CVE-2018-14952,0.00202,0.58249
CVE-2018-14953,0.00202,0.58249
CVE-2018-14954,0.00202,0.58249
CVE-2018-14955,0.00202,0.58249
CVE-2018-14956,0.00674,0.77770
CVE-2018-14957,0.00708,0.78385
CVE-2018-14958,0.00112,0.44586
CVE-2018-14959,0.00112,0.44586
CVE-2018-1496,0.00059,0.23108
CVE-2018-14960,0.00244,0.62533
CVE-2018-14961,0.00469,0.73029
CVE-2018-14962,0.00058,0.22585
CVE-2018-14963,0.00112,0.44586
CVE-2018-14964,0.00058,0.22585
CVE-2018-14965,0.00112,0.44586
CVE-2018-14966,0.00112,0.44586
CVE-2018-14967,0.00091,0.38618
CVE-2018-14968,0.00212,0.59184
CVE-2018-14969,0.00058,0.22585
CVE-2018-14970,0.00058,0.22585
CVE-2018-14971,0.00058,0.22585
CVE-2018-14972,0.00058,0.22585
CVE-2018-14973,0.00058,0.22585
CVE-2018-14974,0.00058,0.22585
CVE-2018-14975,0.00058,0.22585
CVE-2018-14976,0.00058,0.22585
CVE-2018-14977,0.00087,0.36434
CVE-2018-14978,0.00112,0.44586
CVE-2018-14979,0.00048,0.14788
CVE-2018-1498,0.00042,0.05722
CVE-2018-14980,0.00042,0.05722
CVE-2018-14981,0.00125,0.47000
CVE-2018-14982,0.00125,0.47000
CVE-2018-14983,0.00042,0.05722
CVE-2018-14984,0.00211,0.59062
CVE-2018-14985,0.00044,0.10445
CVE-2018-14986,0.00149,0.50995
CVE-2018-14987,0.00044,0.10161
CVE-2018-14988,0.00098,0.40340
CVE-2018-14989,0.00118,0.45760
CVE-2018-14990,0.00118,0.45760
CVE-2018-14991,0.01008,0.82112
CVE-2018-14992,0.00044,0.10445
CVE-2018-14993,0.00044,0.10161
CVE-2018-14994,0.00118,0.45760
CVE-2018-14995,0.00048,0.14788
CVE-2018-14996,0.00054,0.19411
CVE-2018-14997,0.00042,0.05722
CVE-2018-14998,0.00085,0.35327
CVE-2018-14999,0.00171,0.54229
CVE-2018-15000,0.00047,0.13943
CVE-2018-15001,0.00044,0.10445
CVE-2018-15002,0.00044,0.10161
CVE-2018-15003,0.00118,0.45760
CVE-2018-15004,0.00507,0.74088
CVE-2018-15005,0.00083,0.34352
CVE-2018-15006,0.00083,0.34352
CVE-2018-15007,0.00055,0.20599
CVE-2018-1501,0.00108,0.43399
CVE-2018-1502,0.00059,0.23108
CVE-2018-1503,0.00205,0.58545
CVE-2018-1504,0.00079,0.32906
CVE-2018-1505,0.00044,0.10161
CVE-2018-1507,0.00065,0.27107
CVE-2018-1509,0.00070,0.28799
CVE-2018-15120,0.02190,0.88315
CVE-2018-15121,0.00073,0.30112
CVE-2018-15122,0.00085,0.35384
CVE-2018-15123,0.00432,0.71956
CVE-2018-15124,0.00213,0.59361
CVE-2018-15125,0.00423,0.71697
CVE-2018-15126,0.03318,0.90417
CVE-2018-15127,0.88040,0.98441
CVE-2018-15128,0.01050,0.82490
CVE-2018-15129,0.00058,0.22585
CVE-2018-1513,0.00071,0.29162
CVE-2018-15130,0.00058,0.22585
CVE-2018-15131,0.00131,0.47923
CVE-2018-15132,0.00354,0.69148
CVE-2018-15133,0.62418,0.97563
CVE-2018-15136,0.00082,0.34015
CVE-2018-15137,0.06591,0.93126
CVE-2018-15138,0.21114,0.96003
CVE-2018-15139,0.73692,0.97862
CVE-2018-1514,0.00071,0.29260
CVE-2018-15140,0.00446,0.72384
CVE-2018-15141,0.00217,0.59762
CVE-2018-15142,0.00814,0.79983
CVE-2018-15143,0.00183,0.55673
CVE-2018-15144,0.00156,0.51991
CVE-2018-15145,0.00183,0.55673
CVE-2018-15146,0.00130,0.47862
CVE-2018-15147,0.00130,0.47862
CVE-2018-15148,0.00130,0.47862
CVE-2018-15149,0.00130,0.47862
CVE-2018-1515,0.00042,0.05722
CVE-2018-15150,0.00130,0.47862
CVE-2018-15151,0.00130,0.47862
CVE-2018-15152,0.04202,0.91408
CVE-2018-15153,0.83983,0.98231
CVE-2018-15154,0.00181,0.55462
CVE-2018-15155,0.00181,0.55462
CVE-2018-15156,0.00181,0.55462
CVE-2018-15157,0.00167,0.53458
CVE-2018-15158,0.00137,0.49143
CVE-2018-15159,0.00137,0.49143
CVE-2018-15160,0.00137,0.49143
CVE-2018-15161,0.00137,0.49143
CVE-2018-15168,0.00156,0.51909
CVE-2018-15169,0.00255,0.63441
CVE-2018-1517,0.03824,0.91043
CVE-2018-15172,0.00770,0.79377
CVE-2018-15173,0.02282,0.88575
CVE-2018-15174,0.00187,0.56279
CVE-2018-15175,0.00187,0.56279
CVE-2018-15176,0.00187,0.56279
CVE-2018-15177,0.00073,0.30112
CVE-2018-15178,0.00129,0.47685
CVE-2018-1518,0.00042,0.05722
CVE-2018-15180,0.00122,0.46447
CVE-2018-15181,0.00096,0.39850
CVE-2018-15182,0.00058,0.22585
CVE-2018-15183,0.00087,0.36434
CVE-2018-15184,0.00058,0.22585
CVE-2018-15185,0.00094,0.39464
CVE-2018-15186,0.00112,0.44586
CVE-2018-15187,0.00079,0.32944
CVE-2018-15188,0.00095,0.39726
CVE-2018-15189,0.00058,0.22585
CVE-2018-15190,0.00058,0.22585
CVE-2018-15191,0.00148,0.50855
CVE-2018-15192,0.00486,0.73528
CVE-2018-15193,0.00202,0.58186
CVE-2018-15197,0.00112,0.44586
CVE-2018-15198,0.00112,0.44586
CVE-2018-15199,0.00058,0.22585
CVE-2018-15202,0.00078,0.32141
CVE-2018-15203,0.00063,0.25629
CVE-2018-15206,0.00112,0.44586
CVE-2018-15207,0.00075,0.30870
CVE-2018-15208,0.00249,0.62941
CVE-2018-15209,0.00679,0.77906
CVE-2018-1521,0.00050,0.16818
CVE-2018-1522,0.00051,0.17418
CVE-2018-1523,0.00050,0.16691
CVE-2018-1524,0.00093,0.39184
CVE-2018-1525,0.00133,0.48325
CVE-2018-1528,0.00063,0.24898
CVE-2018-1529,0.00058,0.21937
CVE-2018-15310,0.00049,0.15156
CVE-2018-15311,0.00104,0.42039
CVE-2018-15312,0.00144,0.50280
CVE-2018-15313,0.00224,0.60723
CVE-2018-15314,0.00224,0.60723
CVE-2018-15315,0.00140,0.49506
CVE-2018-15316,0.00051,0.17433
CVE-2018-15317,0.00166,0.53299
CVE-2018-15318,0.00104,0.42039
CVE-2018-15319,0.00160,0.52625
CVE-2018-1532,0.00050,0.16691
CVE-2018-15320,0.00104,0.42039
CVE-2018-15321,0.00050,0.16452
CVE-2018-15322,0.00085,0.35227
CVE-2018-15323,0.00103,0.41969
CVE-2018-15324,0.00116,0.45247
CVE-2018-15325,0.00053,0.18590
CVE-2018-15326,0.00108,0.43414
CVE-2018-15327,0.00108,0.43410
CVE-2018-15328,0.00121,0.46275
CVE-2018-15329,0.00104,0.42231
CVE-2018-1533,0.00051,0.17418
CVE-2018-15330,0.00103,0.41969
CVE-2018-15331,0.00063,0.25378
CVE-2018-15332,0.00044,0.10161
CVE-2018-15333,0.00051,0.17134
CVE-2018-15334,0.00046,0.13868
CVE-2018-15335,0.00147,0.50603
CVE-2018-1534,0.00049,0.15069
CVE-2018-1535,0.00049,0.15069
CVE-2018-15350,0.00432,0.71956
CVE-2018-15351,0.00086,0.35791
CVE-2018-15352,0.00081,0.33715
CVE-2018-15353,0.01034,0.82339
CVE-2018-15354,0.00180,0.55283
CVE-2018-15355,0.00162,0.52844
CVE-2018-15356,0.00115,0.45219
CVE-2018-15357,0.00065,0.26756
CVE-2018-15358,0.00094,0.39456
CVE-2018-15359,0.00099,0.40660
CVE-2018-1536,0.00049,0.15069
CVE-2018-15360,0.00073,0.30155
CVE-2018-15361,0.00805,0.79893
CVE-2018-15362,0.00375,0.70018
CVE-2018-15363,0.00045,0.12491
CVE-2018-15364,0.00045,0.12491
CVE-2018-15365,0.00058,0.22585
CVE-2018-15366,0.00045,0.12491
CVE-2018-15367,0.00045,0.12491
CVE-2018-15368,0.00042,0.05844
CVE-2018-15369,0.00157,0.52189
CVE-2018-15370,0.00076,0.31207
CVE-2018-15371,0.00042,0.05722
CVE-2018-15372,0.00066,0.27256
CVE-2018-15373,0.00137,0.49174
CVE-2018-15374,0.00042,0.05722
CVE-2018-15375,0.00042,0.05722
CVE-2018-15376,0.00042,0.05722
CVE-2018-15377,0.00238,0.61913
CVE-2018-15378,0.00222,0.60558
CVE-2018-15379,0.96909,0.99658
CVE-2018-15380,0.00066,0.27279
CVE-2018-15381,0.86041,0.98330
CVE-2018-15382,0.00157,0.52083
CVE-2018-15383,0.00157,0.52153
CVE-2018-15386,0.00352,0.69083
CVE-2018-15387,0.00226,0.60932
CVE-2018-15388,0.00160,0.52602
CVE-2018-15389,0.00352,0.69052
CVE-2018-1539,0.00075,0.30863
CVE-2018-15390,0.00131,0.48000
CVE-2018-15391,0.00159,0.52484
CVE-2018-15392,0.00058,0.22795
CVE-2018-15393,0.00244,0.62432
CVE-2018-15394,0.00139,0.49387
CVE-2018-15395,0.00051,0.17134
CVE-2018-15396,0.00086,0.35748
CVE-2018-15397,0.00160,0.52681
CVE-2018-15398,0.00313,0.67187
CVE-2018-15399,0.00135,0.48661
CVE-2018-15400,0.00156,0.51899
CVE-2018-15401,0.00077,0.31679
CVE-2018-15402,0.00080,0.33459
CVE-2018-15403,0.00160,0.52515
CVE-2018-15404,0.00109,0.43829
CVE-2018-15405,0.00106,0.42711
CVE-2018-15406,0.00244,0.62432
CVE-2018-15407,0.00042,0.05722
CVE-2018-15408,0.00209,0.58943
CVE-2018-15409,0.00209,0.58943
CVE-2018-1541,0.00058,0.21937
CVE-2018-15410,0.00209,0.58943
CVE-2018-15411,0.00209,0.58943
CVE-2018-15412,0.00209,0.58943
CVE-2018-15413,0.00209,0.58943
CVE-2018-15414,0.00209,0.58943
CVE-2018-15415,0.00209,0.58943
CVE-2018-15416,0.00209,0.58943
CVE-2018-15417,0.00209,0.58943
CVE-2018-15418,0.00209,0.58943
CVE-2018-15419,0.00203,0.58317
CVE-2018-1542,0.00146,0.50515
CVE-2018-15420,0.00209,0.58943
CVE-2018-15421,0.00209,0.58943
CVE-2018-15422,0.00209,0.58943
CVE-2018-15423,0.00087,0.36029
CVE-2018-15424,0.00118,0.45826
CVE-2018-15425,0.00118,0.45826
CVE-2018-15426,0.00120,0.46140
CVE-2018-15427,0.01041,0.82420
CVE-2018-15428,0.00160,0.52681
CVE-2018-15429,0.00101,0.41083
CVE-2018-1543,0.00106,0.42948
CVE-2018-15430,0.01115,0.83061
CVE-2018-15431,0.00064,0.26304
CVE-2018-15432,0.00073,0.30288
CVE-2018-15433,0.00073,0.30288
CVE-2018-15434,0.00244,0.62432
CVE-2018-15435,0.00244,0.62432
CVE-2018-15436,0.00221,0.60331
CVE-2018-15437,0.01962,0.87531
CVE-2018-15438,0.00282,0.65323
CVE-2018-15439,0.00243,0.62383
CVE-2018-1544,0.00042,0.05722
CVE-2018-15440,0.00156,0.51899
CVE-2018-15441,0.00189,0.56469
CVE-2018-15442,0.31223,0.96585
CVE-2018-15443,0.00156,0.52019
CVE-2018-15444,0.00856,0.80494
CVE-2018-15445,0.00908,0.81084
CVE-2018-15446,0.00212,0.59247
CVE-2018-15447,0.00489,0.73617
CVE-2018-15448,0.00234,0.61536
CVE-2018-15449,0.00114,0.44883
CVE-2018-1545,0.00090,0.37978
CVE-2018-15450,0.00146,0.50586
CVE-2018-15451,0.00120,0.46140
CVE-2018-15452,0.00042,0.05722
CVE-2018-15453,0.00268,0.64436
CVE-2018-15454,0.07597,0.93531
CVE-2018-15455,0.00162,0.52928
CVE-2018-15456,0.00102,0.41494
CVE-2018-15457,0.00156,0.51899
CVE-2018-15458,0.00125,0.46922
CVE-2018-15459,0.00149,0.50946
CVE-2018-1546,0.00136,0.48922
CVE-2018-15460,0.00157,0.52189
CVE-2018-15461,0.00156,0.51899
CVE-2018-15462,0.00179,0.55201
CVE-2018-15463,0.00156,0.51899
CVE-2018-15464,0.00148,0.50863
CVE-2018-15465,0.00829,0.80174
CVE-2018-15466,0.00146,0.50499
CVE-2018-15467,0.00156,0.51899
CVE-2018-15468,0.00044,0.10161
CVE-2018-15469,0.00052,0.18252
CVE-2018-1547,0.00463,0.72855
CVE-2018-15470,0.00050,0.16807
CVE-2018-15471,0.00062,0.24773
CVE-2018-15472,0.00046,0.13740
CVE-2018-15473,0.02358,0.88744
CVE-2018-15474,0.02354,0.88736
CVE-2018-15476,0.00107,0.43271
CVE-2018-15477,0.00223,0.60665
CVE-2018-15478,0.00309,0.66976
CVE-2018-15479,0.00082,0.34065
CVE-2018-1548,0.00065,0.26968
CVE-2018-15480,0.00104,0.42231
CVE-2018-15481,0.00521,0.74445
CVE-2018-15482,0.00131,0.48054
CVE-2018-15483,0.00093,0.39059
CVE-2018-15484,0.04050,0.91265
CVE-2018-15485,0.00265,0.64250
CVE-2018-15486,0.00725,0.78692
CVE-2018-1549,0.00066,0.27156
CVE-2018-15490,0.00044,0.07794
CVE-2018-15491,0.00089,0.37194
CVE-2018-15492,0.00097,0.40190
CVE-2018-15493,0.00078,0.32606
CVE-2018-15494,0.00751,0.79067
CVE-2018-15495,0.00365,0.69616
CVE-2018-15497,0.01071,0.82708
CVE-2018-15498,0.00465,0.72921
CVE-2018-15499,0.00042,0.05722
CVE-2018-1550,0.00042,0.05722
CVE-2018-15501,0.00393,0.70744
CVE-2018-15502,0.00286,0.65593
CVE-2018-15503,0.00272,0.64638
CVE-2018-15504,0.00531,0.74683
CVE-2018-15505,0.00272,0.64674
CVE-2018-15506,0.00722,0.78645
CVE-2018-15508,0.00180,0.55304
CVE-2018-15509,0.00828,0.80156
CVE-2018-1551,0.00192,0.56920
CVE-2018-15510,0.00115,0.45113
CVE-2018-15511,0.00115,0.45113
CVE-2018-15512,0.00115,0.45113
CVE-2018-15513,0.00084,0.34791
CVE-2018-15514,0.06243,0.92920
CVE-2018-15515,0.00049,0.15833
CVE-2018-15516,0.00260,0.63847
CVE-2018-15517,0.01414,0.85133
CVE-2018-15518,0.01478,0.85454
CVE-2018-15519,0.00250,0.62982
CVE-2018-1552,0.00699,0.78236
CVE-2018-15520,0.00250,0.62982
CVE-2018-15528,0.00249,0.62899
CVE-2018-15529,0.00396,0.70858
CVE-2018-1553,0.00196,0.57516
CVE-2018-15530,0.00087,0.36434
CVE-2018-15531,0.00589,0.76011
CVE-2018-15532,0.00042,0.05722
CVE-2018-15533,0.19047,0.95826
CVE-2018-15534,0.81517,0.98099
CVE-2018-15535,0.97040,0.99710
CVE-2018-15536,0.00044,0.07794
CVE-2018-15537,0.00164,0.53044
CVE-2018-15538,0.00078,0.32606
CVE-2018-15539,0.00073,0.30112
CVE-2018-1554,0.00059,0.23108
CVE-2018-15540,0.00589,0.76011
CVE-2018-15542,0.00068,0.27920
CVE-2018-15543,0.00068,0.27920
CVE-2018-15546,0.00084,0.35108
CVE-2018-1555,0.00062,0.24327
CVE-2018-15552,0.00588,0.75977
CVE-2018-15553,0.00160,0.52627
CVE-2018-15555,0.00610,0.76428
CVE-2018-15556,0.14112,0.95208
CVE-2018-15557,0.00595,0.76113
CVE-2018-15559,0.00101,0.41135
CVE-2018-1556,0.00062,0.24327
CVE-2018-15560,0.00127,0.47360
CVE-2018-15562,0.00125,0.46954
CVE-2018-15563,0.00078,0.32606
CVE-2018-15564,0.00073,0.30112
CVE-2018-15565,0.00165,0.53228
CVE-2018-15566,0.00087,0.36434
CVE-2018-15567,0.00078,0.32606
CVE-2018-15568,0.00073,0.30112
CVE-2018-15569,0.00053,0.19032
CVE-2018-1557,0.00049,0.15069
CVE-2018-15570,0.00054,0.20290
CVE-2018-15571,0.00105,0.42448
CVE-2018-15572,0.00062,0.24540
CVE-2018-15573,0.00257,0.63568
CVE-2018-15574,0.00105,0.42625
CVE-2018-15576,0.06379,0.92995
CVE-2018-1558,0.00051,0.17418
CVE-2018-15580,0.00115,0.45113
CVE-2018-15581,0.00115,0.45113
CVE-2018-15582,0.00092,0.38694
CVE-2018-15583,0.00092,0.38694
CVE-2018-15584,0.00092,0.38694
CVE-2018-15585,0.00129,0.47655
CVE-2018-15586,0.00337,0.68422
CVE-2018-15587,0.00249,0.62870
CVE-2018-15588,0.00749,0.79028
CVE-2018-15590,0.00042,0.05722
CVE-2018-15591,0.00042,0.05722
CVE-2018-15592,0.00042,0.05722
CVE-2018-15593,0.00042,0.05722
CVE-2018-15594,0.00064,0.26325
CVE-2018-15596,0.01494,0.85540
CVE-2018-15598,0.00180,0.55278
CVE-2018-15599,0.00469,0.73031
CVE-2018-1560,0.00051,0.17418
CVE-2018-15601,0.00222,0.60556
CVE-2018-15602,0.00078,0.32606
CVE-2018-15603,0.00078,0.32606
CVE-2018-15605,0.00215,0.59548
CVE-2018-15606,0.00078,0.32606
CVE-2018-15607,0.00207,0.58674
CVE-2018-15608,0.00168,0.53630
CVE-2018-15610,0.00189,0.56519
CVE-2018-15611,0.00044,0.10161
CVE-2018-15612,0.00073,0.30112
CVE-2018-15613,0.00061,0.23827
CVE-2018-15614,0.00054,0.20290
CVE-2018-15615,0.00044,0.10161
CVE-2018-15616,0.00742,0.78943
CVE-2018-15617,0.00203,0.58316
CVE-2018-1563,0.00162,0.52811
CVE-2018-15631,0.00104,0.42274
CVE-2018-15632,0.00221,0.60287
CVE-2018-15633,0.00115,0.45113
CVE-2018-15634,0.00115,0.45113
CVE-2018-15635,0.00115,0.45113
CVE-2018-15638,0.00066,0.27429
CVE-2018-1564,0.00042,0.05722
CVE-2018-15640,0.00426,0.71787
CVE-2018-15641,0.00066,0.27429
CVE-2018-15645,0.00095,0.39486
CVE-2018-1565,0.00042,0.05722
CVE-2018-15655,0.00230,0.61286
CVE-2018-15656,0.00588,0.75977
CVE-2018-15657,0.00084,0.34973
CVE-2018-15658,0.00387,0.70496
CVE-2018-15659,0.00230,0.61286
CVE-2018-1566,0.00043,0.07608
CVE-2018-15660,0.00438,0.72172
CVE-2018-15661,0.00195,0.57478
CVE-2018-15664,0.00069,0.28558
CVE-2018-15665,0.00096,0.40021
CVE-2018-15667,0.00082,0.34065
CVE-2018-15668,0.00084,0.34791
CVE-2018-15669,0.00084,0.34791
CVE-2018-1567,0.00475,0.73182
CVE-2018-15670,0.00078,0.32606
CVE-2018-15671,0.00096,0.39969
CVE-2018-15676,0.00102,0.41475
CVE-2018-15677,0.00097,0.40289
CVE-2018-15678,0.00104,0.42234
CVE-2018-15679,0.00104,0.42234
CVE-2018-1568,0.00044,0.10161
CVE-2018-15680,0.00659,0.77474
CVE-2018-15681,0.00597,0.76150
CVE-2018-15682,0.00087,0.36466
CVE-2018-15683,0.00105,0.42625
CVE-2018-15684,0.00126,0.47113
CVE-2018-15685,0.02319,0.88657
CVE-2018-15686,0.00240,0.62152
CVE-2018-15687,0.00258,0.63623
CVE-2018-15688,0.00287,0.65631
CVE-2018-15691,0.11319,0.94723
CVE-2018-15692,0.00092,0.38890
CVE-2018-15693,0.00097,0.40174
CVE-2018-15694,0.00081,0.33728
CVE-2018-15695,0.00061,0.23805
CVE-2018-15696,0.00058,0.22585
CVE-2018-15697,0.00079,0.33197
CVE-2018-15698,0.00079,0.33197
CVE-2018-15699,0.00071,0.29152
CVE-2018-15700,0.00063,0.24934
CVE-2018-15701,0.00063,0.24934
CVE-2018-15702,0.00097,0.40161
CVE-2018-15703,0.00411,0.71315
CVE-2018-15704,0.00311,0.67029
CVE-2018-15705,0.00684,0.77987
CVE-2018-15706,0.00413,0.71366
CVE-2018-15707,0.00405,0.71135
CVE-2018-15708,0.67574,0.97673
CVE-2018-15709,0.04152,0.91369
CVE-2018-1571,0.00202,0.58228
CVE-2018-15710,0.05830,0.92680
CVE-2018-15711,0.27520,0.96392
CVE-2018-15712,0.28231,0.96440
CVE-2018-15713,0.00383,0.70325
CVE-2018-15714,0.28231,0.96440
CVE-2018-15715,0.00863,0.80560
CVE-2018-15716,0.12834,0.95004
CVE-2018-15717,0.00084,0.34791
CVE-2018-15718,0.00286,0.65593
CVE-2018-15719,0.00222,0.60556
CVE-2018-15720,0.01201,0.83762
CVE-2018-15721,0.01201,0.83762
CVE-2018-15722,0.00120,0.46165
CVE-2018-15723,0.02463,0.88991
CVE-2018-15726,0.00044,0.10504
CVE-2018-15727,0.02364,0.88765
CVE-2018-15728,0.00457,0.72705
CVE-2018-15729,0.00044,0.10445
CVE-2018-15730,0.00044,0.10445
CVE-2018-15731,0.00044,0.10445
CVE-2018-15732,0.00044,0.10445
CVE-2018-15733,0.00044,0.10445
CVE-2018-15734,0.00044,0.10445
CVE-2018-15735,0.00044,0.10445
CVE-2018-15736,0.00044,0.10445
CVE-2018-15737,0.00044,0.10445
CVE-2018-15738,0.00044,0.10445
CVE-2018-15740,0.00233,0.61499
CVE-2018-15745,0.94576,0.99082
CVE-2018-15746,0.00052,0.18252
CVE-2018-15747,0.01016,0.82179
CVE-2018-15748,0.00109,0.43614
CVE-2018-15749,0.00044,0.08189
CVE-2018-15750,0.00496,0.73773
CVE-2018-15751,0.02833,0.89699
CVE-2018-15752,0.00319,0.67557
CVE-2018-15753,0.00718,0.78595
CVE-2018-15754,0.00232,0.61359
CVE-2018-15755,0.00081,0.33725
CVE-2018-15756,0.00451,0.72548
CVE-2018-15758,0.00595,0.76109
CVE-2018-15759,0.00339,0.68487
CVE-2018-15761,0.00272,0.64622
CVE-2018-15762,0.00114,0.44885
CVE-2018-15763,0.00099,0.40690
CVE-2018-15764,0.07248,0.93417
CVE-2018-15765,0.00051,0.17134
CVE-2018-15766,0.00078,0.32743
CVE-2018-15767,0.17104,0.95621
CVE-2018-15768,0.17406,0.95658
CVE-2018-15769,0.00436,0.72099
CVE-2018-15771,0.00051,0.17134
CVE-2018-15772,0.00052,0.18252
CVE-2018-15773,0.00044,0.10161
CVE-2018-15774,0.00099,0.40660
CVE-2018-15776,0.00079,0.33052
CVE-2018-15778,0.00044,0.10161
CVE-2018-15780,0.00059,0.23078
CVE-2018-15781,0.00124,0.46777
CVE-2018-15782,0.00044,0.07794
CVE-2018-15784,0.00087,0.36006
CVE-2018-15795,0.00112,0.44409
CVE-2018-15796,0.00061,0.24181
CVE-2018-15797,0.00262,0.63973
CVE-2018-15798,0.00138,0.49358
CVE-2018-15800,0.00065,0.26756
CVE-2018-15801,0.00141,0.49742
CVE-2018-15804,0.00104,0.42231
CVE-2018-15805,0.00244,0.62506
CVE-2018-15807,0.00044,0.10161
CVE-2018-15808,0.00360,0.69396
CVE-2018-15809,0.00042,0.05722
CVE-2018-15810,0.00258,0.63629
CVE-2018-15811,0.04325,0.91523
CVE-2018-15812,0.00187,0.56212
CVE-2018-15813,0.00056,0.21204
CVE-2018-15814,0.00056,0.21204
CVE-2018-15815,0.00056,0.21204
CVE-2018-15816,0.00056,0.21204
CVE-2018-15817,0.00056,0.21204
CVE-2018-15818,0.00495,0.73750
CVE-2018-15819,0.00284,0.65467
CVE-2018-15820,0.01045,0.82449
CVE-2018-15822,0.01261,0.84211
CVE-2018-1583,0.00050,0.16691
CVE-2018-15832,0.02154,0.88225
CVE-2018-15833,0.00167,0.53505
CVE-2018-15834,0.00082,0.34070
CVE-2018-15835,0.01016,0.82185
CVE-2018-15836,0.00375,0.70013
CVE-2018-15839,0.71537,0.97803
CVE-2018-1584,0.00058,0.21937
CVE-2018-15840,0.00247,0.62766
CVE-2018-15842,0.00054,0.20290
CVE-2018-15843,0.00054,0.20290
CVE-2018-15844,0.00146,0.50569
CVE-2018-15845,0.00082,0.34023
CVE-2018-15846,0.00072,0.29990
CVE-2018-15847,0.00070,0.28878
CVE-2018-15848,0.00073,0.30112
CVE-2018-15849,0.00053,0.19032
CVE-2018-1585,0.00049,0.15069
CVE-2018-15850,0.00073,0.30112
CVE-2018-15851,0.00073,0.30112
CVE-2018-15852,0.00110,0.43950
CVE-2018-15853,0.00042,0.05722
CVE-2018-15854,0.00042,0.05722
CVE-2018-15855,0.00042,0.05722
CVE-2018-15856,0.00045,0.12206
CVE-2018-15857,0.00042,0.05722
CVE-2018-15858,0.00042,0.05722
CVE-2018-15859,0.00045,0.12206
CVE-2018-15861,0.00042,0.05722
CVE-2018-15862,0.00042,0.05722
CVE-2018-15863,0.00042,0.05722
CVE-2018-15864,0.00042,0.05722
CVE-2018-15865,0.00044,0.10161
CVE-2018-15868,0.00222,0.60592
CVE-2018-15869,0.00065,0.26956
CVE-2018-1587,0.00049,0.15069
CVE-2018-15870,0.00096,0.39969
CVE-2018-15871,0.00096,0.39969
CVE-2018-15873,0.00212,0.59184
CVE-2018-15874,0.00078,0.32248
CVE-2018-15875,0.00078,0.32248
CVE-2018-15876,0.00084,0.34791
CVE-2018-15877,0.97010,0.99695
CVE-2018-1588,0.00085,0.35279
CVE-2018-15880,0.00247,0.62769
CVE-2018-15881,0.01200,0.83745
CVE-2018-15882,0.01710,0.86509
CVE-2018-15884,0.00122,0.46389
CVE-2018-15885,0.00496,0.73776
CVE-2018-15886,0.00081,0.33708
CVE-2018-15887,0.07223,0.93411
CVE-2018-15888,0.00752,0.79085
CVE-2018-15890,0.00515,0.74294
CVE-2018-15891,0.00054,0.20290
CVE-2018-15892,0.00072,0.29893
CVE-2018-15893,0.00212,0.59184
CVE-2018-15894,0.00212,0.59184
CVE-2018-15895,0.00414,0.71442
CVE-2018-15896,0.00058,0.22585
CVE-2018-15897,0.00148,0.50855
CVE-2018-15898,0.00091,0.38091
CVE-2018-15899,0.00087,0.36434
CVE-2018-15901,0.00181,0.55375
CVE-2018-15903,0.00058,0.22585
CVE-2018-15904,0.00138,0.49278
CVE-2018-15906,0.05418,0.92435
CVE-2018-15907,0.00110,0.43950
CVE-2018-15908,0.00291,0.65891
CVE-2018-15909,0.00451,0.72545
CVE-2018-15910,0.00420,0.71611
CVE-2018-15911,0.00420,0.71611
CVE-2018-15912,0.00042,0.05722
CVE-2018-15913,0.00084,0.35108
CVE-2018-15917,0.04217,0.91419
CVE-2018-15918,0.00106,0.42977
CVE-2018-15919,0.00244,0.62392
CVE-2018-15920,0.00206,0.58611
CVE-2018-15922,0.00284,0.65449
CVE-2018-15923,0.00284,0.65449
CVE-2018-15924,0.00206,0.58611
CVE-2018-15925,0.00284,0.65449
CVE-2018-15926,0.00284,0.65449
CVE-2018-15927,0.00296,0.66194
CVE-2018-15928,0.00233,0.61440
CVE-2018-15929,0.00233,0.61440
CVE-2018-1593,0.00050,0.16496
CVE-2018-15930,0.00319,0.67541
CVE-2018-15931,0.00319,0.67541
CVE-2018-15932,0.00296,0.66194
CVE-2018-15933,0.00233,0.61440
CVE-2018-15934,0.00233,0.61440
CVE-2018-15935,0.02264,0.88530
CVE-2018-15936,0.02264,0.88530
CVE-2018-15937,0.00319,0.67541
CVE-2018-15938,0.02264,0.88530
CVE-2018-15939,0.00614,0.76517
CVE-2018-15940,0.00614,0.76517
CVE-2018-15941,0.00614,0.76517
CVE-2018-15942,0.00339,0.68493
CVE-2018-15943,0.00339,0.68493
CVE-2018-15944,0.00614,0.76517
CVE-2018-15945,0.00614,0.76517
CVE-2018-15946,0.08670,0.93938
CVE-2018-15947,0.08670,0.93938
CVE-2018-15948,0.08670,0.93938
CVE-2018-15949,0.08670,0.93938
CVE-2018-1595,0.00141,0.49772
CVE-2018-15950,0.08670,0.93938
CVE-2018-15951,0.00298,0.66299
CVE-2018-15952,0.02264,0.88530
CVE-2018-15953,0.05696,0.92613
CVE-2018-15954,0.02264,0.88530
CVE-2018-15955,0.02264,0.88530
CVE-2018-15956,0.05696,0.92613
CVE-2018-15957,0.66420,0.97647
CVE-2018-15958,0.66420,0.97647
CVE-2018-15959,0.66420,0.97647
CVE-2018-15960,0.02603,0.89262
CVE-2018-15961,0.97411,0.99922
CVE-2018-15962,0.00395,0.70814
CVE-2018-15963,0.01514,0.85664
CVE-2018-15964,0.00611,0.76450
CVE-2018-15965,0.66420,0.97647
CVE-2018-15966,0.00186,0.55921
CVE-2018-15967,0.00748,0.79017
CVE-2018-15968,0.00339,0.68493
CVE-2018-15969,0.00154,0.51688
CVE-2018-15970,0.00154,0.51688
CVE-2018-15971,0.00154,0.51688
CVE-2018-15972,0.00103,0.41678
CVE-2018-15973,0.00154,0.51688
CVE-2018-15974,0.00089,0.37205
CVE-2018-15976,0.00210,0.58983
CVE-2018-15978,0.02539,0.89139
CVE-2018-15979,0.01605,0.86116
CVE-2018-15980,0.06412,0.93015
CVE-2018-15981,0.07331,0.93446
CVE-2018-15982,0.97418,0.99927
CVE-2018-15983,0.00090,0.37764
CVE-2018-15984,0.00271,0.64611
CVE-2018-15985,0.04635,0.91790
CVE-2018-15986,0.00190,0.56643
CVE-2018-15987,0.00102,0.41445
CVE-2018-15988,0.00120,0.46131
CVE-2018-15989,0.00271,0.64611
CVE-2018-1599,0.00066,0.27156
CVE-2018-15990,0.00085,0.35276
CVE-2018-15991,0.00462,0.72849
CVE-2018-15992,0.00462,0.72849
CVE-2018-15993,0.00462,0.72849
CVE-2018-15994,0.00462,0.72849
CVE-2018-15995,0.01273,0.84275
CVE-2018-15996,0.04635,0.91790
CVE-2018-15997,0.04635,0.91790
CVE-2018-15998,0.00102,0.41445
CVE-2018-15999,0.00120,0.46131
CVE-2018-1600,0.00110,0.44004
CVE-2018-16000,0.00120,0.46131
CVE-2018-16001,0.04635,0.91790
CVE-2018-16002,0.04635,0.91790
CVE-2018-16003,0.00078,0.32636
CVE-2018-16004,0.00178,0.55124
CVE-2018-16005,0.04635,0.91790
CVE-2018-16006,0.00323,0.67738
CVE-2018-16007,0.01273,0.84275
CVE-2018-16008,0.00462,0.72849
CVE-2018-16009,0.01273,0.84275
CVE-2018-1601,0.00049,0.15069
CVE-2018-16010,0.04635,0.91790
CVE-2018-16011,0.03067,0.90047
CVE-2018-16012,0.00253,0.63242
CVE-2018-16013,0.00271,0.64611
CVE-2018-16014,0.00462,0.72849
CVE-2018-16015,0.00271,0.64611
CVE-2018-16016,0.00389,0.70549
CVE-2018-16017,0.00271,0.64611
CVE-2018-16018,0.00419,0.71581
CVE-2018-16019,0.00271,0.64611
CVE-2018-1602,0.00049,0.15069
CVE-2018-16020,0.00271,0.64611
CVE-2018-16021,0.01944,0.87474
CVE-2018-16022,0.00271,0.64611
CVE-2018-16023,0.04635,0.91790
CVE-2018-16024,0.04635,0.91790
CVE-2018-16025,0.00462,0.72849
CVE-2018-16026,0.00462,0.72849
CVE-2018-16027,0.00462,0.72849
CVE-2018-16028,0.04635,0.91790
CVE-2018-16029,0.00462,0.72849
CVE-2018-1603,0.00049,0.15069
CVE-2018-16030,0.04635,0.91790
CVE-2018-16031,0.00291,0.65909
CVE-2018-16032,0.00271,0.64611
CVE-2018-16033,0.00271,0.64611
CVE-2018-16034,0.00271,0.64611
CVE-2018-16035,0.00291,0.65909
CVE-2018-16036,0.00434,0.72039
CVE-2018-16037,0.00434,0.72039
CVE-2018-16038,0.00291,0.65909
CVE-2018-16039,0.00434,0.72039
CVE-2018-1604,0.00049,0.15069
CVE-2018-16040,0.00434,0.72039
CVE-2018-16041,0.00291,0.65909
CVE-2018-16042,0.59781,0.97486
CVE-2018-16043,0.04635,0.91790
CVE-2018-16044,0.00419,0.71581
CVE-2018-16045,0.00419,0.71581
CVE-2018-16046,0.00462,0.72849
CVE-2018-16047,0.00291,0.65909
CVE-2018-16048,0.00055,0.20626
CVE-2018-16049,0.00457,0.72724
CVE-2018-1605,0.00051,0.17418
CVE-2018-16050,0.00092,0.38715
CVE-2018-16051,0.00075,0.30837
CVE-2018-16055,0.00153,0.51516
CVE-2018-16056,0.00638,0.76996
CVE-2018-16057,0.00561,0.75349
CVE-2018-16058,0.00592,0.76063
CVE-2018-16059,0.34793,0.96734
CVE-2018-1606,0.00049,0.15069
CVE-2018-16060,0.01362,0.84862
CVE-2018-16061,0.00071,0.29204
CVE-2018-16062,0.00572,0.75613
CVE-2018-16064,0.00069,0.28545
CVE-2018-16065,0.09691,0.94273
CVE-2018-16066,0.02484,0.89034
CVE-2018-16067,0.01710,0.86511
CVE-2018-16068,0.02369,0.88775
CVE-2018-16069,0.00110,0.43979
CVE-2018-1607,0.00085,0.35279
CVE-2018-16070,0.00129,0.47640
CVE-2018-16071,0.11929,0.94856
CVE-2018-16072,0.00212,0.59210
CVE-2018-16073,0.00091,0.38639
CVE-2018-16074,0.00091,0.38639
CVE-2018-16075,0.00110,0.43979
CVE-2018-16076,0.00750,0.79054
CVE-2018-16077,0.00093,0.39164
CVE-2018-16078,0.00418,0.71534
CVE-2018-16079,0.00525,0.74545
CVE-2018-1608,0.00139,0.49408
CVE-2018-16080,0.00525,0.74545
CVE-2018-16081,0.00223,0.60636
CVE-2018-16082,0.00770,0.79377
CVE-2018-16083,0.12010,0.94872
CVE-2018-16084,0.00423,0.71700
CVE-2018-16085,0.00901,0.81014
CVE-2018-16086,0.00067,0.27771
CVE-2018-16087,0.00212,0.59210
CVE-2018-16088,0.00247,0.62719
CVE-2018-16089,0.00114,0.44954
CVE-2018-16090,0.00069,0.28691
CVE-2018-16091,0.00086,0.35702
CVE-2018-16092,0.00222,0.60556
CVE-2018-16093,0.00054,0.20290
CVE-2018-16094,0.00250,0.62982
CVE-2018-16095,0.00168,0.53801
CVE-2018-16096,0.00078,0.32606
CVE-2018-16097,0.00054,0.20290
CVE-2018-16098,0.00044,0.10161
CVE-2018-1610,0.00049,0.15069
CVE-2018-16115,0.00168,0.53801
CVE-2018-16116,0.00181,0.55378
CVE-2018-16117,0.00334,0.68299
CVE-2018-16118,0.00578,0.75747
CVE-2018-16119,0.00803,0.79866
CVE-2018-1612,0.01164,0.83450
CVE-2018-16130,0.01050,0.82494
CVE-2018-16131,0.00538,0.74855
CVE-2018-16132,0.00103,0.41969
CVE-2018-16133,0.03629,0.90804
CVE-2018-16134,0.00417,0.71529
CVE-2018-16135,0.00106,0.42867
CVE-2018-16136,0.00112,0.44586
CVE-2018-16137,0.00091,0.38398
CVE-2018-16138,0.00058,0.22585
CVE-2018-16139,0.00135,0.48696
CVE-2018-1614,0.00196,0.57516
CVE-2018-16140,0.00132,0.48230
CVE-2018-16141,0.00061,0.23805
CVE-2018-16142,0.00087,0.36434
CVE-2018-16144,0.02179,0.88289
CVE-2018-16145,0.00535,0.74781
CVE-2018-16146,0.02968,0.89892
CVE-2018-16147,0.00173,0.54547
CVE-2018-16148,0.00173,0.54547
CVE-2018-16149,0.00193,0.57221
CVE-2018-16150,0.00128,0.47412
CVE-2018-16151,0.01434,0.85251
CVE-2018-16152,0.01434,0.85251
CVE-2018-16153,0.00060,0.23760
CVE-2018-16156,0.00075,0.30775
CVE-2018-16157,0.00096,0.39793
CVE-2018-16158,0.03298,0.90396
CVE-2018-16159,0.01228,0.83954
CVE-2018-16160,0.00044,0.10161
CVE-2018-16161,0.00104,0.42231
CVE-2018-16162,0.00104,0.42231
CVE-2018-16163,0.00054,0.20290
CVE-2018-16164,0.00111,0.44285
CVE-2018-16165,0.00092,0.38694
CVE-2018-16166,0.00540,0.74896
CVE-2018-16167,0.21391,0.96023
CVE-2018-16168,0.00351,0.69010
CVE-2018-16169,0.00250,0.62989
CVE-2018-16170,0.00294,0.66120
CVE-2018-16171,0.00381,0.70281
CVE-2018-16172,0.00156,0.52059
CVE-2018-16173,0.00092,0.38694
CVE-2018-16174,0.00092,0.38694
CVE-2018-16175,0.00095,0.39576
CVE-2018-16176,0.00130,0.47858
CVE-2018-16177,0.00070,0.28841
CVE-2018-16178,0.00282,0.65318
CVE-2018-16179,0.00073,0.30218
CVE-2018-1618,0.00173,0.54557
CVE-2018-16180,0.00124,0.46744
CVE-2018-16181,0.00133,0.48389
CVE-2018-16182,0.00070,0.28841
CVE-2018-16183,0.00081,0.33915
CVE-2018-16184,0.00320,0.67563
CVE-2018-16185,0.00130,0.47858
CVE-2018-16186,0.00077,0.32045
CVE-2018-16187,0.00087,0.36006
CVE-2018-16188,0.00131,0.48065
CVE-2018-16189,0.00070,0.28841
CVE-2018-16190,0.00146,0.50472
CVE-2018-16191,0.00171,0.54183
CVE-2018-16192,0.00074,0.30666
CVE-2018-16193,0.00054,0.20290
CVE-2018-16194,0.00118,0.45802
CVE-2018-16195,0.00078,0.32215
CVE-2018-16196,0.01071,0.82705
CVE-2018-16197,0.00084,0.34959
CVE-2018-16198,0.00077,0.32045
CVE-2018-16199,0.00124,0.46744
CVE-2018-16200,0.00078,0.32215
CVE-2018-16201,0.00077,0.32045
CVE-2018-16202,0.00224,0.60766
CVE-2018-16203,0.00513,0.74242
CVE-2018-16204,0.00066,0.27429
CVE-2018-16205,0.00066,0.27429
CVE-2018-16206,0.00092,0.38694
CVE-2018-16207,0.00068,0.28151
CVE-2018-1621,0.00042,0.05722
CVE-2018-16210,0.00104,0.42303
CVE-2018-16216,0.00171,0.54186
CVE-2018-16217,0.00167,0.53386
CVE-2018-16218,0.00499,0.73844
CVE-2018-16219,0.00247,0.62728
CVE-2018-1622,0.00061,0.24135
CVE-2018-16220,0.00078,0.32606
CVE-2018-16221,0.00092,0.38781
CVE-2018-16222,0.00076,0.31441
CVE-2018-16223,0.00247,0.62699
CVE-2018-16224,0.00090,0.37701
CVE-2018-16225,0.00065,0.26916
CVE-2018-16226,0.00124,0.46750
CVE-2018-16227,0.00329,0.68046
CVE-2018-16228,0.00329,0.68046
CVE-2018-16229,0.00329,0.68046
CVE-2018-1623,0.00044,0.10161
CVE-2018-16230,0.00329,0.68046
CVE-2018-16231,0.00227,0.60985
CVE-2018-16232,0.26105,0.96314
CVE-2018-16233,0.00072,0.29485
CVE-2018-16234,0.00072,0.29485
CVE-2018-16235,0.00209,0.58928
CVE-2018-16236,0.00087,0.36434
CVE-2018-16237,0.00061,0.23805
CVE-2018-16238,0.00292,0.65938
CVE-2018-16239,0.00659,0.77474
CVE-2018-16242,0.00058,0.21949
CVE-2018-16243,0.00054,0.20290
CVE-2018-16247,0.00058,0.22585
CVE-2018-16248,0.00123,0.46655
CVE-2018-16249,0.00058,0.22585
CVE-2018-1625,0.00050,0.16691
CVE-2018-16250,0.00058,0.22585
CVE-2018-16251,0.00058,0.22585
CVE-2018-16252,0.00141,0.49751
CVE-2018-16253,0.00162,0.52905
CVE-2018-16254,0.00066,0.27550
CVE-2018-16255,0.00066,0.27550
CVE-2018-16256,0.00076,0.31249
CVE-2018-16257,0.00066,0.27550
CVE-2018-16258,0.00066,0.27550
CVE-2018-16259,0.00066,0.27550
CVE-2018-1626,0.00050,0.16691
CVE-2018-16261,0.00061,0.23892
CVE-2018-16262,0.00110,0.44069
CVE-2018-16263,0.00110,0.44069
CVE-2018-16264,0.00097,0.40159
CVE-2018-16265,0.00124,0.46764
CVE-2018-16266,0.00097,0.40159
CVE-2018-16267,0.00104,0.42236
CVE-2018-16268,0.00091,0.38466
CVE-2018-16269,0.00308,0.66881
CVE-2018-16270,0.00093,0.39125
CVE-2018-16271,0.00065,0.26916
CVE-2018-16272,0.00436,0.72131
CVE-2018-16275,0.00063,0.25378
CVE-2018-16276,0.00044,0.08000
CVE-2018-16277,0.00058,0.22585
CVE-2018-16278,0.00434,0.72045
CVE-2018-16281,0.00263,0.64030
CVE-2018-16282,0.00302,0.66535
CVE-2018-16283,0.05805,0.92668
CVE-2018-16285,0.00390,0.70612
CVE-2018-16286,0.00659,0.77474
CVE-2018-16287,0.00579,0.75776
CVE-2018-16288,0.16221,0.95513
CVE-2018-16291,0.00198,0.57724
CVE-2018-16292,0.00198,0.57724
CVE-2018-16293,0.00198,0.57724
CVE-2018-16294,0.00198,0.57724
CVE-2018-16295,0.00198,0.57724
CVE-2018-16296,0.00198,0.57724
CVE-2018-16297,0.00198,0.57724
CVE-2018-16298,0.00072,0.29485
CVE-2018-16299,0.02738,0.89537
CVE-2018-1630,0.00042,0.05722
CVE-2018-16300,0.00785,0.79584
CVE-2018-16301,0.00099,0.40588
CVE-2018-16302,0.00133,0.48339
CVE-2018-16303,0.00209,0.58861
CVE-2018-16307,0.00833,0.80225
CVE-2018-16308,0.00264,0.64176
CVE-2018-1631,0.00042,0.05722
CVE-2018-16310,0.00110,0.43950
CVE-2018-16313,0.00087,0.36434
CVE-2018-16314,0.00110,0.43999
CVE-2018-16315,0.00063,0.25629
CVE-2018-16316,0.00059,0.23156
CVE-2018-1632,0.00042,0.05722
CVE-2018-16320,0.00078,0.32334
CVE-2018-16323,0.29496,0.96502
CVE-2018-16324,0.00420,0.71614
CVE-2018-16325,0.00072,0.29485
CVE-2018-16326,0.00087,0.36434
CVE-2018-16327,0.00055,0.20626
CVE-2018-16328,0.00156,0.52053
CVE-2018-16329,0.00156,0.52053
CVE-2018-1633,0.00042,0.05722
CVE-2018-16330,0.00072,0.29485
CVE-2018-16331,0.00112,0.44586
CVE-2018-16332,0.00110,0.43999
CVE-2018-16333,0.00115,0.45086
CVE-2018-16334,0.00313,0.67175
CVE-2018-16335,0.00591,0.76051
CVE-2018-16336,0.00325,0.67800
CVE-2018-16337,0.00063,0.25629
CVE-2018-16338,0.00112,0.44586
CVE-2018-16339,0.00112,0.44586
CVE-2018-1634,0.00042,0.05722
CVE-2018-16342,0.00055,0.20626
CVE-2018-16343,0.01130,0.83184
CVE-2018-16344,0.00215,0.59573
CVE-2018-16345,0.00112,0.44586
CVE-2018-16346,0.00058,0.22585
CVE-2018-16347,0.00072,0.29485
CVE-2018-16348,0.00058,0.22585
CVE-2018-16349,0.00072,0.29485
CVE-2018-1635,0.00044,0.10161
CVE-2018-16350,0.00072,0.29485
CVE-2018-16352,0.00579,0.75776
CVE-2018-16353,0.00173,0.54528
CVE-2018-16354,0.00173,0.54528
CVE-2018-16356,0.00212,0.59184
CVE-2018-16357,0.00212,0.59184
CVE-2018-16358,0.00066,0.27429
CVE-2018-16359,0.00112,0.44492
CVE-2018-1636,0.00044,0.10161
CVE-2018-16361,0.00104,0.42234
CVE-2018-16362,0.00380,0.70233
CVE-2018-16363,0.00123,0.46602
CVE-2018-16364,0.00369,0.69809
CVE-2018-16365,0.00110,0.43999
CVE-2018-16366,0.00110,0.43999
CVE-2018-16367,0.00083,0.34317
CVE-2018-16368,0.00086,0.35850
CVE-2018-16369,0.00086,0.35850
CVE-2018-16370,0.00579,0.75776
CVE-2018-16371,0.00087,0.36434
CVE-2018-16372,0.00078,0.32606
CVE-2018-16373,0.00055,0.20626
CVE-2018-16374,0.00055,0.20626
CVE-2018-16375,0.00338,0.68440
CVE-2018-16376,0.00255,0.63458
CVE-2018-16379,0.00055,0.20626
CVE-2018-1638,0.00263,0.64034
CVE-2018-16380,0.00110,0.43999
CVE-2018-16381,0.00087,0.36434
CVE-2018-16382,0.00134,0.48501
CVE-2018-16384,0.00194,0.57291
CVE-2018-16385,0.00245,0.62611
CVE-2018-16386,0.00073,0.30345
CVE-2018-16387,0.00110,0.43999
CVE-2018-16388,0.00432,0.71955
CVE-2018-16389,0.00117,0.45645
CVE-2018-1639,0.00055,0.20635
CVE-2018-16391,0.00292,0.65979
CVE-2018-16392,0.00292,0.65979
CVE-2018-16393,0.00292,0.65979
CVE-2018-16395,0.00650,0.77261
CVE-2018-16396,0.01066,0.82658
CVE-2018-16397,0.00065,0.26756
CVE-2018-16398,0.00097,0.40116
CVE-2018-1640,0.00164,0.53034
CVE-2018-16402,0.01527,0.85737
CVE-2018-16403,0.00200,0.57932
CVE-2018-16405,0.00126,0.47117
CVE-2018-16406,0.00134,0.48522
CVE-2018-16407,0.00126,0.47117
CVE-2018-16408,0.00201,0.57979
CVE-2018-16409,0.00131,0.47928
CVE-2018-16410,0.00079,0.33197
CVE-2018-16412,0.00692,0.78112
CVE-2018-16413,0.00939,0.81420
CVE-2018-16416,0.01590,0.86039
CVE-2018-16417,0.00810,0.79945
CVE-2018-16418,0.00113,0.44642
CVE-2018-16419,0.00113,0.44642
CVE-2018-16420,0.00113,0.44642
CVE-2018-16421,0.00113,0.44642
CVE-2018-16422,0.00113,0.44642
CVE-2018-16423,0.00107,0.43048
CVE-2018-16424,0.00096,0.39887
CVE-2018-16425,0.00096,0.39887
CVE-2018-16426,0.00117,0.45508
CVE-2018-16427,0.00062,0.24773
CVE-2018-16428,0.08432,0.93840
CVE-2018-16429,0.00511,0.74189
CVE-2018-1643,0.00128,0.47472
CVE-2018-16430,0.30564,0.96554
CVE-2018-16431,0.00112,0.44586
CVE-2018-16432,0.00212,0.59184
CVE-2018-16435,0.00166,0.53279
CVE-2018-16436,0.00123,0.46624
CVE-2018-16437,0.00066,0.27264
CVE-2018-16438,0.00249,0.62941
CVE-2018-1644,0.00050,0.16691
CVE-2018-16444,0.00414,0.71442
CVE-2018-16445,0.00212,0.59184
CVE-2018-16446,0.00193,0.57274
CVE-2018-16447,0.00397,0.70890
CVE-2018-16448,0.00112,0.44586
CVE-2018-16449,0.00062,0.24532
CVE-2018-16450,0.00087,0.36434
CVE-2018-16451,0.00329,0.68046
CVE-2018-16452,0.00785,0.79584
CVE-2018-16453,0.00087,0.36434
CVE-2018-16454,0.00201,0.58125
CVE-2018-16455,0.00087,0.36434
CVE-2018-16456,0.00087,0.36434
CVE-2018-16457,0.00264,0.64154
CVE-2018-16458,0.00063,0.25629
CVE-2018-16459,0.00087,0.36434
CVE-2018-16460,0.00317,0.67444
CVE-2018-16461,0.00284,0.65437
CVE-2018-16462,0.00342,0.68630
CVE-2018-16463,0.00054,0.20290
CVE-2018-16464,0.00065,0.26756
CVE-2018-16465,0.00054,0.20290
CVE-2018-16466,0.00065,0.26756
CVE-2018-16467,0.00119,0.46037
CVE-2018-16468,0.00091,0.38564
CVE-2018-16469,0.00114,0.44899
CVE-2018-1647,0.00060,0.23369
CVE-2018-16470,0.00116,0.45324
CVE-2018-16471,0.00587,0.75953
CVE-2018-16472,0.00095,0.39567
CVE-2018-16473,0.00131,0.47967
CVE-2018-16474,0.00101,0.41135
CVE-2018-16475,0.00902,0.81029
CVE-2018-16476,0.00156,0.51917
CVE-2018-16477,0.00083,0.34509
CVE-2018-16478,0.00096,0.39991
CVE-2018-16479,0.00449,0.72491
CVE-2018-1648,0.00107,0.43309
CVE-2018-16480,0.00076,0.31249
CVE-2018-16481,0.00087,0.36434
CVE-2018-16482,0.00244,0.62525
CVE-2018-16483,0.00107,0.43010
CVE-2018-16484,0.00058,0.22585
CVE-2018-16485,0.00121,0.46343
CVE-2018-16486,0.00390,0.70637
CVE-2018-16487,0.00117,0.45503
CVE-2018-16489,0.00390,0.70637
CVE-2018-1649,0.00111,0.44200
CVE-2018-16490,0.00102,0.41475
CVE-2018-16491,0.00390,0.70637
CVE-2018-16492,0.00390,0.70637
CVE-2018-16493,0.00902,0.81029
CVE-2018-16494,0.00115,0.45161
CVE-2018-16495,0.00104,0.42231
CVE-2018-16496,0.00072,0.29675
CVE-2018-16497,0.00044,0.10161
CVE-2018-16498,0.00044,0.10161
CVE-2018-16499,0.00084,0.34937
CVE-2018-1650,0.00044,0.10161
CVE-2018-16509,0.97149,0.99763
CVE-2018-16510,0.00474,0.73172
CVE-2018-16511,0.00481,0.73388
CVE-2018-16513,0.00205,0.58516
CVE-2018-16514,0.00151,0.51331
CVE-2018-16515,0.00602,0.76259
CVE-2018-16516,0.00110,0.43973
CVE-2018-16517,0.00197,0.57593
CVE-2018-16518,0.00590,0.76027
CVE-2018-16519,0.01055,0.82531
CVE-2018-1652,0.00042,0.05722
CVE-2018-16521,0.00224,0.60776
CVE-2018-16522,0.00410,0.71279
CVE-2018-16523,0.00295,0.66128
CVE-2018-16524,0.00143,0.50031
CVE-2018-16525,0.03003,0.89941
CVE-2018-16526,0.03003,0.89941
CVE-2018-16527,0.00196,0.57548
CVE-2018-16528,0.04621,0.91772
CVE-2018-16529,0.00420,0.71627
CVE-2018-1653,0.00059,0.23108
CVE-2018-16530,0.01323,0.84607
CVE-2018-16539,0.00192,0.57134
CVE-2018-1654,0.00137,0.49051
CVE-2018-16540,0.00205,0.58516
CVE-2018-16541,0.00177,0.54927
CVE-2018-16542,0.00244,0.62434
CVE-2018-16543,0.00173,0.54509
CVE-2018-16545,0.00232,0.61387
CVE-2018-16546,0.00234,0.61599
CVE-2018-16548,0.00295,0.66136
CVE-2018-16549,0.00223,0.60652
CVE-2018-1655,0.00055,0.20591
CVE-2018-16550,0.00423,0.71703
CVE-2018-16551,0.00055,0.20626
CVE-2018-16552,0.00110,0.43999
CVE-2018-16553,0.00491,0.73654
CVE-2018-16554,0.00270,0.64544
CVE-2018-16555,0.00054,0.19451
CVE-2018-16556,0.00103,0.41969
CVE-2018-16557,0.00103,0.41969
CVE-2018-16558,0.00215,0.59596
CVE-2018-16559,0.00215,0.59596
CVE-2018-1656,0.00204,0.58358
CVE-2018-16561,0.00103,0.41969
CVE-2018-16563,0.00103,0.41969
CVE-2018-1657,0.00059,0.23108
CVE-2018-1658,0.00073,0.30149
CVE-2018-16585,0.00529,0.74643
CVE-2018-16586,0.00375,0.70025
CVE-2018-16587,0.00450,0.72510
CVE-2018-16588,0.00042,0.05722
CVE-2018-1659,0.00049,0.15069
CVE-2018-16590,0.01688,0.86426
CVE-2018-16591,0.01543,0.85811
CVE-2018-16593,0.00086,0.35646
CVE-2018-16594,0.00104,0.42333
CVE-2018-16595,0.00066,0.27274
CVE-2018-16596,0.00218,0.59803
CVE-2018-16597,0.00042,0.05722
CVE-2018-16598,0.00117,0.45549
CVE-2018-16599,0.00143,0.50031
CVE-2018-1660,0.00083,0.34343
CVE-2018-16600,0.00143,0.50031
CVE-2018-16601,0.03084,0.90065
CVE-2018-16602,0.00143,0.50031
CVE-2018-16603,0.00262,0.64001
CVE-2018-16604,0.00081,0.33708
CVE-2018-16605,0.00058,0.21991
CVE-2018-16606,0.00135,0.48834
CVE-2018-16607,0.00072,0.29718
CVE-2018-16608,0.00093,0.39087
CVE-2018-1661,0.00163,0.52943
CVE-2018-16613,0.00324,0.67776
CVE-2018-16618,0.00749,0.79029
CVE-2018-16619,0.00078,0.32606
CVE-2018-16620,0.00168,0.53801
CVE-2018-16621,0.00109,0.43614
CVE-2018-16622,0.00069,0.28529
CVE-2018-16623,0.00058,0.22585
CVE-2018-16624,0.00058,0.22585
CVE-2018-16625,0.00058,0.22585
CVE-2018-16626,0.00058,0.22585
CVE-2018-16627,0.00105,0.42625
CVE-2018-16628,0.00058,0.22585
CVE-2018-16629,0.00058,0.22585
CVE-2018-1663,0.00089,0.37429
CVE-2018-16630,0.00058,0.22585
CVE-2018-16631,0.00058,0.22585
CVE-2018-16632,0.00058,0.22585
CVE-2018-16633,0.00058,0.22585
CVE-2018-16634,0.00112,0.44586
CVE-2018-16635,0.00058,0.22585
CVE-2018-16636,0.00052,0.17785
CVE-2018-16637,0.00058,0.22585
CVE-2018-16638,0.00058,0.22585
CVE-2018-16639,0.00058,0.22585
CVE-2018-1664,0.00044,0.10161
CVE-2018-16640,0.00187,0.56292
CVE-2018-16641,0.00074,0.30440
CVE-2018-16642,0.00988,0.81935
CVE-2018-16643,0.00988,0.81935
CVE-2018-16644,0.01519,0.85701
CVE-2018-16645,0.01547,0.85830
CVE-2018-16646,0.01351,0.84777
CVE-2018-16647,0.00087,0.35983
CVE-2018-16648,0.00097,0.40233
CVE-2018-1665,0.00107,0.43309
CVE-2018-16650,0.00073,0.30112
CVE-2018-16651,0.00104,0.42231
CVE-2018-16653,0.00087,0.36434
CVE-2018-16654,0.00072,0.29485
CVE-2018-16655,0.00076,0.31249
CVE-2018-16656,0.00802,0.79863
CVE-2018-16657,0.01611,0.86139
CVE-2018-16658,0.00044,0.08023
CVE-2018-16659,0.00272,0.64660
CVE-2018-1666,0.00050,0.16691
CVE-2018-16660,0.00286,0.65578
CVE-2018-16663,0.00047,0.13986
CVE-2018-16664,0.00047,0.13986
CVE-2018-16665,0.00047,0.13986
CVE-2018-16666,0.00047,0.13986
CVE-2018-16667,0.00047,0.13986
CVE-2018-16668,0.00318,0.67454
CVE-2018-16669,0.03382,0.90511
CVE-2018-1667,0.00050,0.16691
CVE-2018-16670,0.00169,0.53903
CVE-2018-16671,0.00224,0.60730
CVE-2018-16672,0.00146,0.50523
CVE-2018-1668,0.00114,0.44862
CVE-2018-1669,0.00085,0.35279
CVE-2018-1670,0.00061,0.23933
CVE-2018-16703,0.00126,0.47114
CVE-2018-16704,0.00049,0.15156
CVE-2018-16705,0.01543,0.85811
CVE-2018-16706,0.00115,0.45086
CVE-2018-16709,0.05344,0.92378
CVE-2018-1671,0.00107,0.43227
CVE-2018-16710,0.00548,0.75109
CVE-2018-16711,0.00104,0.42231
CVE-2018-16712,0.00079,0.33197
CVE-2018-16713,0.00066,0.27465
CVE-2018-16715,0.00104,0.42231
CVE-2018-16716,0.00543,0.74999
CVE-2018-16717,0.00250,0.62982
CVE-2018-16718,0.00078,0.32606
CVE-2018-16719,0.00042,0.05722
CVE-2018-1672,0.00108,0.43439
CVE-2018-16720,0.00042,0.05722
CVE-2018-16721,0.00042,0.05722
CVE-2018-16722,0.00042,0.05722
CVE-2018-16723,0.00042,0.05722
CVE-2018-16724,0.00212,0.59184
CVE-2018-16725,0.00087,0.36434
CVE-2018-16726,0.00055,0.20626
CVE-2018-16727,0.00055,0.20626
CVE-2018-16728,0.00049,0.15156
CVE-2018-16729,0.00055,0.20626
CVE-2018-1673,0.00089,0.37372
CVE-2018-16730,0.00066,0.27550
CVE-2018-16731,0.00764,0.79282
CVE-2018-16732,0.00102,0.41311
CVE-2018-16733,0.00065,0.26897
CVE-2018-16736,0.00163,0.52948
CVE-2018-16737,0.00230,0.61287
CVE-2018-16738,0.00262,0.63972
CVE-2018-16739,0.00077,0.31952
CVE-2018-1674,0.00131,0.47909
CVE-2018-16741,0.00095,0.39671
CVE-2018-16742,0.00051,0.17393
CVE-2018-16743,0.00051,0.17393
CVE-2018-16744,0.00059,0.22832
CVE-2018-16745,0.00051,0.17393
CVE-2018-16749,0.00219,0.59898
CVE-2018-1675,0.00107,0.43309
CVE-2018-16750,0.00142,0.49974
CVE-2018-16752,0.01204,0.83784
CVE-2018-16758,0.00125,0.46937
CVE-2018-16759,0.00087,0.36434
CVE-2018-1676,0.00069,0.28766
CVE-2018-16761,0.00068,0.28155
CVE-2018-16762,0.00097,0.40202
CVE-2018-16763,0.83285,0.98199
CVE-2018-16764,0.00237,0.61874
CVE-2018-16765,0.00237,0.61874
CVE-2018-16766,0.00172,0.54273
CVE-2018-16767,0.00237,0.61874
CVE-2018-16768,0.00237,0.61874
CVE-2018-16769,0.00184,0.55786
CVE-2018-1677,0.00042,0.05722
CVE-2018-16770,0.00184,0.55786
CVE-2018-16771,0.00286,0.65579
CVE-2018-16772,0.00055,0.20626
CVE-2018-16773,0.00058,0.22585
CVE-2018-16774,0.00107,0.43004
CVE-2018-16775,0.00058,0.22585
CVE-2018-16776,0.00055,0.20626
CVE-2018-16778,0.00131,0.48045
CVE-2018-16779,0.00078,0.32606
CVE-2018-16780,0.00058,0.22585
CVE-2018-16781,0.00137,0.49106
CVE-2018-16782,0.00234,0.61519
CVE-2018-16784,0.00207,0.58695
CVE-2018-16785,0.00138,0.49296
CVE-2018-16786,0.00087,0.36434
CVE-2018-16789,0.01022,0.82229
CVE-2018-1679,0.00153,0.51537
CVE-2018-16790,0.00261,0.63881
CVE-2018-16791,0.00222,0.60556
CVE-2018-16792,0.00168,0.53801
CVE-2018-16793,0.00385,0.70432
CVE-2018-16794,0.00602,0.76244
CVE-2018-16795,0.00250,0.62986
CVE-2018-16796,0.00152,0.51426
CVE-2018-16797,0.00416,0.71501
CVE-2018-1680,0.00107,0.43309
CVE-2018-16802,0.00319,0.67524
CVE-2018-16803,0.00256,0.63502
CVE-2018-16804,0.00087,0.36434
CVE-2018-16805,0.00059,0.23156
CVE-2018-16806,0.00058,0.21949
CVE-2018-16807,0.00104,0.42039
CVE-2018-16808,0.00087,0.36434
CVE-2018-16809,0.00212,0.59184
CVE-2018-16819,0.00075,0.30866
CVE-2018-1682,0.00064,0.26231
CVE-2018-16820,0.00565,0.75462
CVE-2018-16821,0.00105,0.42463
CVE-2018-16822,0.00225,0.60887
CVE-2018-1683,0.00145,0.50322
CVE-2018-16831,0.00365,0.69651
CVE-2018-16832,0.00062,0.24532
CVE-2018-16833,0.09541,0.94231
CVE-2018-16836,0.26631,0.96338
CVE-2018-16837,0.00064,0.26441
CVE-2018-16838,0.00143,0.50093
CVE-2018-16839,0.01919,0.87388
CVE-2018-1684,0.00057,0.21266
CVE-2018-16840,0.01392,0.85025
CVE-2018-16841,0.00899,0.80987
CVE-2018-16842,0.01252,0.84131
CVE-2018-16843,0.04228,0.91434
CVE-2018-16844,0.03572,0.90735
CVE-2018-16845,0.00198,0.57755
CVE-2018-16846,0.00600,0.76201
CVE-2018-16847,0.00062,0.24773
CVE-2018-16848,0.00068,0.28144
CVE-2018-16849,0.00196,0.57554
CVE-2018-1685,0.00042,0.05722
CVE-2018-16850,0.00710,0.78429
CVE-2018-16851,0.01245,0.84093
CVE-2018-16852,0.00435,0.72075
CVE-2018-16853,0.02594,0.89241
CVE-2018-16854,0.00986,0.81908
CVE-2018-16855,0.60532,0.97501
CVE-2018-16856,0.00168,0.53801
CVE-2018-16857,0.01099,0.82932
CVE-2018-16858,0.96638,0.99558
CVE-2018-16859,0.00042,0.05722
CVE-2018-1686,0.00051,0.17418
CVE-2018-16860,0.00285,0.65520
CVE-2018-16861,0.00054,0.19275
CVE-2018-16862,0.00062,0.24540
CVE-2018-16863,0.00209,0.58853
CVE-2018-16864,0.00044,0.08000
CVE-2018-16865,0.00044,0.10865
CVE-2018-16866,0.00044,0.08000
CVE-2018-16867,0.00062,0.24773
CVE-2018-16868,0.00049,0.15009
CVE-2018-16869,0.00101,0.41179
CVE-2018-16870,0.00149,0.50995
CVE-2018-16871,0.00778,0.79496
CVE-2018-16872,0.00276,0.64895
CVE-2018-16873,0.49099,0.97224
CVE-2018-16874,0.02445,0.88953
CVE-2018-16875,0.00719,0.78596
CVE-2018-16876,0.00249,0.62880
CVE-2018-16877,0.00044,0.08000
CVE-2018-16878,0.00046,0.13778
CVE-2018-16879,0.00246,0.62672
CVE-2018-1688,0.00057,0.21292
CVE-2018-16880,0.00062,0.24773
CVE-2018-16881,0.02827,0.89688
CVE-2018-16882,0.00064,0.26441
CVE-2018-16883,0.00042,0.05722
CVE-2018-16884,0.00064,0.26441
CVE-2018-16885,0.00059,0.22933
CVE-2018-16886,0.02071,0.87926
CVE-2018-16887,0.00057,0.21542
CVE-2018-16888,0.00042,0.05722
CVE-2018-16889,0.00158,0.52308
CVE-2018-16890,0.03653,0.90836
CVE-2018-1690,0.00050,0.16691
CVE-2018-1691,0.00051,0.17418
CVE-2018-1692,0.00049,0.15069
CVE-2018-1694,0.00118,0.45732
CVE-2018-16946,0.47569,0.97169
CVE-2018-16947,0.00666,0.77618
CVE-2018-16948,0.00609,0.76398
CVE-2018-16949,0.03437,0.90587
CVE-2018-1695,0.00515,0.74295
CVE-2018-16950,0.00108,0.43493
CVE-2018-16951,0.00076,0.31216
CVE-2018-16952,0.00157,0.52166
CVE-2018-16953,0.00085,0.35222
CVE-2018-16954,0.00102,0.41248
CVE-2018-16955,0.00085,0.35222
CVE-2018-16956,0.00067,0.27703
CVE-2018-16957,0.00163,0.53005
CVE-2018-16958,0.00085,0.35222
CVE-2018-16959,0.00083,0.34305
CVE-2018-16960,0.00078,0.32606
CVE-2018-16961,0.00337,0.68424
CVE-2018-16962,0.00048,0.14788
CVE-2018-16965,0.00326,0.67842
CVE-2018-16966,0.00293,0.66050
CVE-2018-16967,0.00088,0.36898
CVE-2018-16968,0.00067,0.27799
CVE-2018-16969,0.00054,0.19451
CVE-2018-1697,0.00050,0.16691
CVE-2018-16970,0.00058,0.22585
CVE-2018-16971,0.00078,0.32088
CVE-2018-16974,0.00405,0.71135
CVE-2018-16975,0.00507,0.74085
CVE-2018-16976,0.00191,0.56756
CVE-2018-16977,0.00126,0.47113
CVE-2018-16978,0.00087,0.36434
CVE-2018-16979,0.00118,0.45792
CVE-2018-1698,0.00102,0.41317
CVE-2018-16980,0.00083,0.34378
CVE-2018-16981,0.00356,0.69267
CVE-2018-16982,0.00065,0.27117
CVE-2018-16983,0.00386,0.70478
CVE-2018-16984,0.00265,0.64248
CVE-2018-16985,0.00098,0.40547
CVE-2018-16986,0.06323,0.92963
CVE-2018-16987,0.00128,0.47405
CVE-2018-16988,0.00308,0.66926
CVE-2018-1699,0.00121,0.46216
CVE-2018-16994,0.00232,0.61399
CVE-2018-16999,0.00181,0.55461
CVE-2018-17000,0.00781,0.79539
CVE-2018-17001,0.00107,0.43025
CVE-2018-17002,0.00107,0.43025
CVE-2018-17003,0.00064,0.26293
CVE-2018-17004,0.00079,0.32837
CVE-2018-17005,0.00079,0.32837
CVE-2018-17006,0.00079,0.32837
CVE-2018-17007,0.00079,0.32837
CVE-2018-17008,0.00079,0.32837
CVE-2018-17009,0.00079,0.32837
CVE-2018-1701,0.00093,0.39184
CVE-2018-17010,0.00079,0.32837
CVE-2018-17011,0.00079,0.32837
CVE-2018-17012,0.00079,0.32837
CVE-2018-17013,0.00079,0.32837
CVE-2018-17014,0.00079,0.32837
CVE-2018-17015,0.00079,0.32837
CVE-2018-17016,0.00079,0.32837
CVE-2018-17017,0.00079,0.32837
CVE-2018-17018,0.00079,0.32837
CVE-2018-17019,0.00203,0.58264
CVE-2018-1702,0.00085,0.35279
CVE-2018-17020,0.00247,0.62766
CVE-2018-17021,0.00131,0.48045
CVE-2018-17022,0.00308,0.66891
CVE-2018-17023,0.00202,0.58186
CVE-2018-17024,0.00079,0.32838
CVE-2018-17025,0.00072,0.29485
CVE-2018-17026,0.00055,0.20626
CVE-2018-17030,0.00196,0.57515
CVE-2018-17031,0.00072,0.29485
CVE-2018-17034,0.00087,0.36434
CVE-2018-17035,0.00212,0.59184
CVE-2018-17036,0.00485,0.73502
CVE-2018-17037,0.00099,0.40563
CVE-2018-17039,0.00072,0.29485
CVE-2018-1704,0.00064,0.26238
CVE-2018-17042,0.00061,0.23866
CVE-2018-17043,0.00211,0.59050
CVE-2018-17044,0.00058,0.22585
CVE-2018-17045,0.00112,0.44586
CVE-2018-17046,0.00083,0.34378
CVE-2018-17048,0.00123,0.46570
CVE-2018-17049,0.00101,0.41135
CVE-2018-1705,0.00055,0.20635
CVE-2018-17050,0.00102,0.41475
CVE-2018-17051,0.00087,0.36434
CVE-2018-17053,0.00168,0.53617
CVE-2018-17054,0.00168,0.53617
CVE-2018-17055,0.00233,0.61488
CVE-2018-17056,0.00168,0.53617
CVE-2018-17057,0.29310,0.96494
CVE-2018-17058,0.00104,0.42231
CVE-2018-1706,0.00049,0.15069
CVE-2018-17060,0.00154,0.51643
CVE-2018-17061,0.00084,0.35108
CVE-2018-17062,0.00087,0.36434
CVE-2018-17063,0.01346,0.84744
CVE-2018-17064,0.01346,0.84744
CVE-2018-17065,0.00438,0.72168
CVE-2018-17066,0.01346,0.84744
CVE-2018-17067,0.00438,0.72168
CVE-2018-17068,0.01346,0.84744
CVE-2018-17069,0.00062,0.24532
CVE-2018-17070,0.00062,0.24532
CVE-2018-17071,0.00588,0.75977
CVE-2018-17072,0.00156,0.52053
CVE-2018-17073,0.00113,0.44658
CVE-2018-17074,0.00280,0.65143
CVE-2018-17075,0.00668,0.77664
CVE-2018-17076,0.00205,0.58506
CVE-2018-17077,0.00082,0.34002
CVE-2018-17079,0.00096,0.40015
CVE-2018-1708,0.00055,0.20635
CVE-2018-17081,0.00115,0.45195
CVE-2018-17082,0.00433,0.71984
CVE-2018-17085,0.00087,0.36434
CVE-2018-17086,0.00087,0.36434
CVE-2018-17088,0.00172,0.54260
CVE-2018-17090,0.00058,0.22585
CVE-2018-17091,0.00095,0.39629
CVE-2018-17092,0.00058,0.22585
CVE-2018-17095,0.00965,0.81696
CVE-2018-17096,0.00108,0.43341
CVE-2018-17097,0.00721,0.78639
CVE-2018-17098,0.00721,0.78639
CVE-2018-1710,0.00060,0.23608
CVE-2018-17100,0.01133,0.83212
CVE-2018-17101,0.00767,0.79337
CVE-2018-17102,0.00364,0.69599
CVE-2018-17103,0.00110,0.43999
CVE-2018-17104,0.00576,0.75695
CVE-2018-17106,0.00102,0.41475
CVE-2018-17107,0.00144,0.50240
CVE-2018-17108,0.00249,0.62941
CVE-2018-1711,0.00042,0.05722
CVE-2018-17110,0.00272,0.64660
CVE-2018-17111,0.00263,0.64030
CVE-2018-17113,0.00087,0.36434
CVE-2018-1712,0.00063,0.25034
CVE-2018-17125,0.00130,0.47895
CVE-2018-17126,0.05880,0.92711
CVE-2018-17127,0.00240,0.62101
CVE-2018-17128,0.00495,0.73747
CVE-2018-17129,0.00080,0.33210
CVE-2018-17130,0.00058,0.22585
CVE-2018-17131,0.00118,0.45682
CVE-2018-17132,0.00141,0.49764
CVE-2018-17133,0.00118,0.45682
CVE-2018-17134,0.00118,0.45682
CVE-2018-17136,0.00212,0.59184
CVE-2018-17137,0.00659,0.77474
CVE-2018-17138,0.00105,0.42413
CVE-2018-17139,0.01615,0.86153
CVE-2018-17140,0.00105,0.42413
CVE-2018-17141,0.08284,0.93795
CVE-2018-17142,0.00349,0.68918
CVE-2018-17143,0.00519,0.74369
CVE-2018-17144,0.00442,0.72301
CVE-2018-17145,0.00476,0.73221
CVE-2018-17146,0.00160,0.52657
CVE-2018-17147,0.00151,0.51230
CVE-2018-17148,0.00551,0.75162
CVE-2018-1715,0.00050,0.16691
CVE-2018-17150,0.00087,0.36434
CVE-2018-17151,0.00058,0.22585
CVE-2018-17152,0.00058,0.22585
CVE-2018-17153,0.92144,0.98767
CVE-2018-17154,0.00042,0.05722
CVE-2018-17155,0.00042,0.05722
CVE-2018-17156,0.00262,0.63993
CVE-2018-17157,0.51493,0.97279
CVE-2018-17158,0.01700,0.86470
CVE-2018-17159,0.01700,0.86470
CVE-2018-1716,0.00093,0.39199
CVE-2018-17160,0.00447,0.72415
CVE-2018-17161,0.01990,0.87634
CVE-2018-17167,0.00058,0.22585
CVE-2018-17168,0.00063,0.25629
CVE-2018-17169,0.00167,0.53516
CVE-2018-17170,0.00599,0.76174
CVE-2018-17172,0.00274,0.64769
CVE-2018-17173,0.87011,0.98387
CVE-2018-17174,0.00366,0.69692
CVE-2018-17175,0.00204,0.58433
CVE-2018-17176,0.00102,0.41475
CVE-2018-17177,0.00196,0.57512
CVE-2018-17178,0.00078,0.32625
CVE-2018-17179,0.01031,0.82295
CVE-2018-1718,0.00062,0.24327
CVE-2018-17180,0.00187,0.56074
CVE-2018-17181,0.00180,0.55247
CVE-2018-17182,0.00109,0.43830
CVE-2018-17183,0.00481,0.73367
CVE-2018-17184,0.00094,0.39265
CVE-2018-17186,0.00058,0.21914
CVE-2018-17187,0.00106,0.42888
CVE-2018-17188,0.00141,0.49847
CVE-2018-17189,0.00375,0.70022
CVE-2018-1719,0.00127,0.47224
CVE-2018-17190,0.01640,0.86256
CVE-2018-17191,0.00416,0.71495
CVE-2018-17192,0.00260,0.63860
CVE-2018-17193,0.00186,0.55926
CVE-2018-17194,0.00101,0.41125
CVE-2018-17195,0.00045,0.12222
CVE-2018-17196,0.00104,0.42308
CVE-2018-17197,0.01187,0.83652
CVE-2018-17198,0.00163,0.52954
CVE-2018-17199,0.00171,0.54240
CVE-2018-1720,0.00107,0.43309
CVE-2018-17200,0.00248,0.62817
CVE-2018-17201,0.00126,0.47126
CVE-2018-17202,0.00126,0.47126
CVE-2018-17204,0.00407,0.71182
CVE-2018-17205,0.00487,0.73547
CVE-2018-17206,0.00425,0.71774
CVE-2018-17207,0.95192,0.99188
CVE-2018-17208,0.01061,0.82616
CVE-2018-1721,0.00134,0.48485
CVE-2018-17210,0.00078,0.32654
CVE-2018-17211,0.00649,0.77226
CVE-2018-17213,0.00109,0.43614
CVE-2018-17215,0.00225,0.60819
CVE-2018-17216,0.00065,0.26756
CVE-2018-17217,0.00107,0.43043
CVE-2018-17218,0.00054,0.20290
CVE-2018-1722,0.00735,0.78851
CVE-2018-17228,0.00240,0.62084
CVE-2018-17229,0.00200,0.57936
CVE-2018-1723,0.00051,0.17134
CVE-2018-17230,0.00200,0.57936
CVE-2018-17231,0.00115,0.45086
CVE-2018-17232,0.00084,0.34946
CVE-2018-17233,0.00188,0.56344
CVE-2018-17234,0.00108,0.43444
CVE-2018-17235,0.00064,0.26341
CVE-2018-17236,0.00106,0.42882
CVE-2018-17237,0.00108,0.43444
CVE-2018-1724,0.00042,0.05722
CVE-2018-17240,0.00219,0.59943
CVE-2018-17243,0.01518,0.85695
CVE-2018-17244,0.00101,0.41163
CVE-2018-17245,0.00244,0.62506
CVE-2018-17246,0.96638,0.99558
CVE-2018-17247,0.00253,0.63247
CVE-2018-1725,0.00044,0.10161
CVE-2018-17254,0.81793,0.98125
CVE-2018-17256,0.00054,0.20290
CVE-2018-1727,0.00158,0.52258
CVE-2018-1728,0.00050,0.16691
CVE-2018-17281,0.63628,0.97585
CVE-2018-17282,0.00390,0.70623
CVE-2018-17283,0.40135,0.96931
CVE-2018-17287,0.00079,0.33197
CVE-2018-17288,0.00058,0.22585
CVE-2018-17289,0.00188,0.56337
CVE-2018-1729,0.00118,0.45663
CVE-2018-17292,0.00080,0.33257
CVE-2018-17293,0.00191,0.56698
CVE-2018-17294,0.00207,0.58658
CVE-2018-17297,0.00130,0.47874
CVE-2018-17298,0.00536,0.74827
CVE-2018-1730,0.00116,0.45281
CVE-2018-17300,0.00058,0.22585
CVE-2018-17301,0.00073,0.30002
CVE-2018-17302,0.00079,0.32838
CVE-2018-17305,0.00263,0.64035
CVE-2018-17309,0.00107,0.43025
CVE-2018-1731,0.00057,0.21292
CVE-2018-17310,0.00436,0.72130
CVE-2018-17311,0.00107,0.43025
CVE-2018-17312,0.00107,0.43025
CVE-2018-17313,0.00436,0.72130
CVE-2018-17314,0.00107,0.43025
CVE-2018-17315,0.00107,0.43025
CVE-2018-17316,0.00107,0.43025
CVE-2018-17317,0.01547,0.85826
CVE-2018-1732,0.00101,0.41070
CVE-2018-17320,0.00078,0.32606
CVE-2018-17321,0.00087,0.36434
CVE-2018-17322,0.00131,0.48045
CVE-2018-1733,0.00123,0.46540
CVE-2018-17332,0.00115,0.45086
CVE-2018-17333,0.00775,0.79461
CVE-2018-17334,0.00775,0.79461
CVE-2018-17336,0.00085,0.35329
CVE-2018-17337,0.00122,0.46413
CVE-2018-17338,0.00211,0.59050
CVE-2018-1734,0.00050,0.16691
CVE-2018-17341,0.00448,0.72441
CVE-2018-17358,0.00200,0.57932
CVE-2018-17359,0.00132,0.48168
CVE-2018-1736,0.00263,0.64047
CVE-2018-17360,0.00148,0.50739
CVE-2018-17361,0.00131,0.48045
CVE-2018-17364,0.00673,0.77763
CVE-2018-17365,0.00304,0.66650
CVE-2018-17366,0.00091,0.38575
CVE-2018-17368,0.00103,0.41728
CVE-2018-17369,0.00058,0.22585
CVE-2018-17374,0.00445,0.72358
CVE-2018-17375,0.00293,0.66028
CVE-2018-17376,0.00293,0.66028
CVE-2018-17377,0.00293,0.66028
CVE-2018-17378,0.00293,0.66028
CVE-2018-17379,0.00293,0.66028
CVE-2018-1738,0.00060,0.23274
CVE-2018-17380,0.00293,0.66028
CVE-2018-17381,0.00445,0.72358
CVE-2018-17382,0.00293,0.66028
CVE-2018-17383,0.00293,0.66028
CVE-2018-17384,0.00293,0.66028
CVE-2018-17385,0.00293,0.66028
CVE-2018-17386,0.00445,0.72358
CVE-2018-17387,0.00175,0.54770
CVE-2018-17388,0.00445,0.72358
CVE-2018-17389,0.00175,0.54770
CVE-2018-17391,0.00277,0.64991
CVE-2018-17393,0.00445,0.72358
CVE-2018-17394,0.00293,0.66028
CVE-2018-17397,0.00293,0.66028
CVE-2018-17398,0.00445,0.72358
CVE-2018-17399,0.00445,0.72358
CVE-2018-1740,0.00050,0.16691
CVE-2018-17400,0.00063,0.25378
CVE-2018-17401,0.00199,0.57916
CVE-2018-17402,0.00157,0.52178
CVE-2018-17403,0.00199,0.57916
CVE-2018-17404,0.00230,0.61286
CVE-2018-17407,0.00229,0.61152
CVE-2018-17408,0.37531,0.96838
CVE-2018-1741,0.00071,0.29329
CVE-2018-17410,0.00131,0.47992
CVE-2018-17411,0.00659,0.77474
CVE-2018-17412,0.00212,0.59184
CVE-2018-17413,0.00087,0.36434
CVE-2018-17414,0.00091,0.38618
CVE-2018-17415,0.00091,0.38618
CVE-2018-17416,0.00091,0.38618
CVE-2018-17418,0.00637,0.76975
CVE-2018-17419,0.00158,0.52248
CVE-2018-1742,0.00053,0.18844
CVE-2018-17420,0.00091,0.38618
CVE-2018-17421,0.00087,0.36434
CVE-2018-17422,0.00118,0.45792
CVE-2018-17423,0.00053,0.18833
CVE-2018-17425,0.00058,0.22585
CVE-2018-17426,0.00058,0.22585
CVE-2018-17427,0.00137,0.49143
CVE-2018-17428,0.00272,0.64660
CVE-2018-17429,0.00112,0.44586
CVE-2018-1743,0.00053,0.19112
CVE-2018-17431,0.11416,0.94741
CVE-2018-17432,0.00135,0.48648
CVE-2018-17433,0.00125,0.46853
CVE-2018-17434,0.00188,0.56344
CVE-2018-17435,0.00096,0.39969
CVE-2018-17436,0.00130,0.47877
CVE-2018-17437,0.00108,0.43444
CVE-2018-17438,0.00167,0.53458
CVE-2018-17439,0.00125,0.46853
CVE-2018-1744,0.00111,0.44200
CVE-2018-17440,0.00769,0.79356
CVE-2018-17441,0.00422,0.71687
CVE-2018-17442,0.00424,0.71736
CVE-2018-17443,0.00422,0.71687
CVE-2018-17444,0.00240,0.62153
CVE-2018-17445,0.00119,0.45931
CVE-2018-17446,0.00116,0.45462
CVE-2018-17447,0.00116,0.45463
CVE-2018-17448,0.00193,0.57267
CVE-2018-17449,0.00098,0.40486
CVE-2018-1745,0.00273,0.64708
CVE-2018-17450,0.00045,0.11801
CVE-2018-17451,0.00080,0.33314
CVE-2018-17452,0.00126,0.47160
CVE-2018-17453,0.00046,0.13740
CVE-2018-17454,0.00045,0.11801
CVE-2018-17455,0.00121,0.46264
CVE-2018-17456,0.14273,0.95234
CVE-2018-17457,0.00147,0.50678
CVE-2018-17458,0.00577,0.75721
CVE-2018-17459,0.00222,0.60580
CVE-2018-17460,0.00105,0.42681
CVE-2018-17461,0.00108,0.43483
CVE-2018-17462,0.02222,0.88405
CVE-2018-17463,0.97208,0.99797
CVE-2018-17464,0.00865,0.80589
CVE-2018-17465,0.02639,0.89342
CVE-2018-17466,0.01858,0.87119
CVE-2018-17467,0.00878,0.80738
CVE-2018-17468,0.00794,0.79761
CVE-2018-17469,0.01144,0.83300
CVE-2018-1747,0.00085,0.35279
CVE-2018-17470,0.01954,0.87509
CVE-2018-17471,0.00544,0.75026
CVE-2018-17472,0.00494,0.73724
CVE-2018-17473,0.00865,0.80589
CVE-2018-17474,0.02639,0.89342
CVE-2018-17475,0.00865,0.80589
CVE-2018-17476,0.00865,0.80589
CVE-2018-17477,0.00865,0.80589
CVE-2018-17478,0.00129,0.47640
CVE-2018-17479,0.00151,0.51327
CVE-2018-17480,0.06792,0.93227
CVE-2018-17481,0.01806,0.86876
CVE-2018-17482,0.00042,0.05722
CVE-2018-17483,0.00042,0.05722
CVE-2018-17484,0.00042,0.05722
CVE-2018-17485,0.00044,0.10161
CVE-2018-17486,0.00042,0.05722
CVE-2018-17487,0.00042,0.05722
CVE-2018-17488,0.00042,0.05722
CVE-2018-17489,0.00042,0.05722
CVE-2018-1749,0.00053,0.18453
CVE-2018-17490,0.00042,0.05722
CVE-2018-17491,0.00042,0.05722
CVE-2018-17492,0.00044,0.10161
CVE-2018-17493,0.00042,0.05722
CVE-2018-17494,0.00042,0.05722
CVE-2018-17495,0.00042,0.05722
CVE-2018-17496,0.00042,0.05722
CVE-2018-17497,0.00044,0.10161
CVE-2018-17499,0.00042,0.05722
CVE-2018-1750,0.00055,0.20635
CVE-2018-17500,0.00042,0.05722
CVE-2018-17502,0.00042,0.05722
CVE-2018-1751,0.00137,0.49097
CVE-2018-1753,0.00049,0.15069
CVE-2018-17532,0.00964,0.81689
CVE-2018-17533,0.00371,0.69883
CVE-2018-17534,0.00117,0.45527
CVE-2018-17536,0.00045,0.11801
CVE-2018-17537,0.00045,0.11801
CVE-2018-17538,0.02700,0.89460
CVE-2018-17539,0.00196,0.57561
CVE-2018-17540,0.01600,0.86074
CVE-2018-17542,0.00067,0.27632
CVE-2018-1755,0.00292,0.65940
CVE-2018-17552,0.29677,0.96513
CVE-2018-17553,0.90589,0.98610
CVE-2018-17555,0.00649,0.77226
CVE-2018-17556,0.00049,0.15156
CVE-2018-17558,0.00263,0.64070
CVE-2018-17559,0.00232,0.61395
CVE-2018-1756,0.73202,0.97843
CVE-2018-17560,0.00087,0.36434
CVE-2018-17562,0.00224,0.60793
CVE-2018-17563,0.00090,0.37972
CVE-2018-17564,0.00244,0.62506
CVE-2018-17565,0.00270,0.64550
CVE-2018-17566,0.00174,0.54622
CVE-2018-17567,0.00285,0.65505
CVE-2018-17568,0.00152,0.51412
CVE-2018-17569,0.00165,0.53187
CVE-2018-1757,0.00076,0.31299
CVE-2018-17570,0.00165,0.53187
CVE-2018-17571,0.00087,0.36434
CVE-2018-17572,0.00053,0.18833
CVE-2018-17573,0.02803,0.89648
CVE-2018-17574,0.00055,0.20626
CVE-2018-17575,0.00212,0.59184
CVE-2018-1758,0.00050,0.16691
CVE-2018-17580,0.00111,0.44194
CVE-2018-17581,0.00267,0.64323
CVE-2018-17582,0.00111,0.44194
CVE-2018-17583,0.00088,0.36898
CVE-2018-17584,0.00293,0.66050
CVE-2018-17585,0.00088,0.36898
CVE-2018-17586,0.00088,0.36898
CVE-2018-17587,0.00619,0.76640
CVE-2018-17588,0.00619,0.76640
CVE-2018-17589,0.00107,0.43025
CVE-2018-1759,0.00057,0.21292
CVE-2018-17590,0.00114,0.44995
CVE-2018-17591,0.00114,0.44995
CVE-2018-17593,0.00114,0.44995
CVE-2018-17594,0.00064,0.26293
CVE-2018-17595,0.00064,0.26293
CVE-2018-17596,0.09541,0.94231
CVE-2018-1760,0.00050,0.16691
CVE-2018-17605,0.00350,0.69008
CVE-2018-17607,0.00575,0.75685
CVE-2018-17608,0.00575,0.75685
CVE-2018-17609,0.00575,0.75685
CVE-2018-1761,0.00059,0.22868
CVE-2018-17610,0.00575,0.75685
CVE-2018-17611,0.00575,0.75685
CVE-2018-17612,0.00352,0.69055
CVE-2018-17613,0.00211,0.59058
CVE-2018-17614,0.47664,0.97170
CVE-2018-17615,0.01054,0.82521
CVE-2018-17616,0.02766,0.89589
CVE-2018-17617,0.02766,0.89589
CVE-2018-17618,0.01054,0.82521
CVE-2018-17619,0.02766,0.89589
CVE-2018-1762,0.00062,0.24327
CVE-2018-17620,0.02766,0.89589
CVE-2018-17621,0.01054,0.82521
CVE-2018-17622,0.01113,0.83044
CVE-2018-17623,0.01054,0.82521
CVE-2018-17624,0.01054,0.82521
CVE-2018-17625,0.01230,0.83991
CVE-2018-17626,0.01230,0.83991
CVE-2018-17627,0.01230,0.83991
CVE-2018-17628,0.01230,0.83991
CVE-2018-17629,0.01230,0.83991
CVE-2018-1763,0.00057,0.21292
CVE-2018-17630,0.01230,0.83991
CVE-2018-17631,0.01205,0.83793
CVE-2018-17632,0.01205,0.83793
CVE-2018-17633,0.01230,0.83991
CVE-2018-17634,0.01230,0.83991
CVE-2018-17635,0.01230,0.83991
CVE-2018-17636,0.01230,0.83991
CVE-2018-17637,0.01230,0.83991
CVE-2018-17638,0.01230,0.83991
CVE-2018-17639,0.01230,0.83991
CVE-2018-1764,0.00057,0.21292
CVE-2018-17640,0.01230,0.83991
CVE-2018-17641,0.01230,0.83991
CVE-2018-17642,0.01230,0.83991
CVE-2018-17643,0.01230,0.83991
CVE-2018-17644,0.01230,0.83991
CVE-2018-17645,0.01230,0.83991
CVE-2018-17646,0.01230,0.83991
CVE-2018-17647,0.01230,0.83991
CVE-2018-17648,0.01230,0.83991
CVE-2018-17649,0.01230,0.83991
CVE-2018-17650,0.01230,0.83991
CVE-2018-17651,0.01230,0.83991
CVE-2018-17652,0.01230,0.83991
CVE-2018-17653,0.01230,0.83991
CVE-2018-17654,0.01230,0.83991
CVE-2018-17655,0.01230,0.83991
CVE-2018-17656,0.01230,0.83991
CVE-2018-17657,0.01230,0.83991
CVE-2018-17658,0.01230,0.83991
CVE-2018-17659,0.01230,0.83991
CVE-2018-1766,0.00051,0.17418
CVE-2018-17660,0.01230,0.83991
CVE-2018-17661,0.01230,0.83991
CVE-2018-17662,0.01230,0.83991
CVE-2018-17663,0.01230,0.83991
CVE-2018-17664,0.01230,0.83991
CVE-2018-17665,0.01230,0.83991
CVE-2018-17666,0.01230,0.83991
CVE-2018-17667,0.01230,0.83991
CVE-2018-17668,0.01230,0.83991
CVE-2018-17669,0.01230,0.83991
CVE-2018-1767,0.00089,0.37372
CVE-2018-17670,0.01230,0.83991
CVE-2018-17671,0.01030,0.82288
CVE-2018-17672,0.01230,0.83991
CVE-2018-17673,0.01230,0.83991
CVE-2018-17674,0.01230,0.83991
CVE-2018-17675,0.01230,0.83991
CVE-2018-17676,0.01230,0.83991
CVE-2018-17677,0.01230,0.83991
CVE-2018-17678,0.01230,0.83991
CVE-2018-17679,0.01023,0.82237
CVE-2018-1768,0.00044,0.10161
CVE-2018-17680,0.01230,0.83991
CVE-2018-17681,0.01230,0.83991
CVE-2018-17682,0.01230,0.83991
CVE-2018-17683,0.01230,0.83991
CVE-2018-17684,0.01230,0.83991
CVE-2018-17685,0.00600,0.76206
CVE-2018-17686,0.01145,0.83301
CVE-2018-17687,0.01230,0.83991
CVE-2018-17688,0.01230,0.83991
CVE-2018-17689,0.01230,0.83991
CVE-2018-17690,0.01230,0.83991
CVE-2018-17691,0.01230,0.83991
CVE-2018-17692,0.01021,0.82220
CVE-2018-17693,0.01030,0.82288
CVE-2018-17694,0.01230,0.83991
CVE-2018-17695,0.01230,0.83991
CVE-2018-17696,0.01230,0.83991
CVE-2018-17697,0.01230,0.83991
CVE-2018-17698,0.01230,0.83991
CVE-2018-17699,0.01145,0.83301
CVE-2018-1770,0.01047,0.82460
CVE-2018-17700,0.01030,0.82288
CVE-2018-17701,0.01030,0.82288
CVE-2018-17702,0.01230,0.83991
CVE-2018-17703,0.01230,0.83991
CVE-2018-17704,0.01230,0.83991
CVE-2018-17705,0.01230,0.83991
CVE-2018-17706,0.00874,0.80688
CVE-2018-17707,0.01676,0.86384
CVE-2018-1771,0.00047,0.13986
CVE-2018-1772,0.00062,0.24327
CVE-2018-1773,0.00087,0.36466
CVE-2018-1774,0.00054,0.19657
CVE-2018-1775,0.00083,0.34420
CVE-2018-17765,0.00181,0.55505
CVE-2018-17766,0.00132,0.48169
CVE-2018-17767,0.00181,0.55505
CVE-2018-17768,0.00181,0.55505
CVE-2018-17769,0.00092,0.38875
CVE-2018-1777,0.00059,0.23108
CVE-2018-17770,0.00086,0.35595
CVE-2018-17771,0.00092,0.38875
CVE-2018-17772,0.00278,0.65009
CVE-2018-17773,0.00181,0.55505
CVE-2018-17774,0.00181,0.55505
CVE-2018-17775,0.00063,0.25759
CVE-2018-17776,0.00070,0.29085
CVE-2018-17777,0.00285,0.65507
CVE-2018-1778,0.00350,0.68968
CVE-2018-17780,0.00124,0.46816
CVE-2018-17781,0.00255,0.63452
CVE-2018-17782,0.00066,0.27210
CVE-2018-17783,0.00066,0.27210
CVE-2018-17784,0.18864,0.95811
CVE-2018-17785,0.00334,0.68317
CVE-2018-17786,0.00967,0.81720
CVE-2018-17787,0.68844,0.97711
CVE-2018-17789,0.00063,0.24936
CVE-2018-1779,0.00255,0.63450
CVE-2018-17790,0.00060,0.23323
CVE-2018-17791,0.00112,0.44478
CVE-2018-17792,0.00175,0.54686
CVE-2018-17794,0.00279,0.65130
CVE-2018-17795,0.01323,0.84608
CVE-2018-17796,0.00174,0.54622
CVE-2018-17797,0.00107,0.43146
CVE-2018-17798,0.00107,0.43146
CVE-2018-1780,0.00049,0.15845
CVE-2018-1781,0.00042,0.05722
CVE-2018-1782,0.00044,0.10161
CVE-2018-17825,0.00614,0.76518
CVE-2018-17826,0.00099,0.40682
CVE-2018-17827,0.00431,0.71921
CVE-2018-17828,0.00056,0.21070
CVE-2018-1783,0.00044,0.10161
CVE-2018-17830,0.00055,0.20626
CVE-2018-17831,0.00171,0.54235
CVE-2018-17832,0.00168,0.53549
CVE-2018-17835,0.00055,0.20626
CVE-2018-17836,0.00437,0.72149
CVE-2018-17837,0.00107,0.43004
CVE-2018-17838,0.00902,0.81029
CVE-2018-1784,0.00156,0.51890
CVE-2018-17840,0.00445,0.72358
CVE-2018-17841,0.00445,0.72358
CVE-2018-17842,0.00445,0.72358
CVE-2018-17843,0.00244,0.62407
CVE-2018-17846,0.00408,0.71220
CVE-2018-17847,0.00393,0.70749
CVE-2018-17848,0.00308,0.66897
CVE-2018-17849,0.00058,0.22585
CVE-2018-1785,0.00161,0.52710
CVE-2018-17852,0.00174,0.54622
CVE-2018-17854,0.00137,0.49143
CVE-2018-17855,0.00505,0.74044
CVE-2018-17856,0.00635,0.76949
CVE-2018-17857,0.00292,0.65990
CVE-2018-17858,0.03663,0.90849
CVE-2018-17859,0.00275,0.64836
CVE-2018-1786,0.00179,0.55228
CVE-2018-17860,0.00104,0.42231
CVE-2018-17861,0.00135,0.48790
CVE-2018-17862,0.00135,0.48790
CVE-2018-17865,0.00103,0.41734
CVE-2018-17866,0.00136,0.48889
CVE-2018-17867,0.00455,0.72676
CVE-2018-17868,0.00058,0.22585
CVE-2018-17869,0.00073,0.30112
CVE-2018-1787,0.00044,0.10161
CVE-2018-17870,0.00061,0.23827
CVE-2018-17871,0.00418,0.71554
CVE-2018-17872,0.00583,0.75859
CVE-2018-17873,0.00155,0.51773
CVE-2018-17874,0.00078,0.32606
CVE-2018-17875,0.00263,0.64059
CVE-2018-17876,0.00107,0.43025
CVE-2018-17877,0.00588,0.75977
CVE-2018-17878,0.00087,0.36569
CVE-2018-17879,0.00260,0.63821
CVE-2018-1788,0.00042,0.05722
CVE-2018-17880,0.00115,0.45086
CVE-2018-17881,0.00465,0.72921
CVE-2018-17882,0.00091,0.38064
CVE-2018-17883,0.00050,0.16906
CVE-2018-17884,0.00169,0.53940
CVE-2018-17886,0.00058,0.22585
CVE-2018-17888,0.02443,0.88950
CVE-2018-17889,0.00607,0.76350
CVE-2018-1789,0.00064,0.26454
CVE-2018-17890,0.00359,0.69379
CVE-2018-17891,0.00080,0.33470
CVE-2018-17892,0.00412,0.71347
CVE-2018-17893,0.05157,0.92236
CVE-2018-17894,0.00169,0.53915
CVE-2018-17895,0.03295,0.90392
CVE-2018-17896,0.00235,0.61633
CVE-2018-17897,0.03100,0.90092
CVE-2018-17898,0.00112,0.44414
CVE-2018-17899,0.02616,0.89286
CVE-2018-1790,0.00061,0.24135
CVE-2018-17900,0.00235,0.61633
CVE-2018-17901,0.00147,0.50592
CVE-2018-17902,0.00100,0.40838
CVE-2018-17903,0.00650,0.77254
CVE-2018-17904,0.00076,0.31207
CVE-2018-17905,0.00082,0.34091
CVE-2018-17906,0.00063,0.25100
CVE-2018-17907,0.00065,0.26830
CVE-2018-17908,0.00059,0.22844
CVE-2018-17909,0.00093,0.39082
CVE-2018-1791,0.00055,0.20501
CVE-2018-17910,0.05096,0.92194
CVE-2018-17911,0.00268,0.64387
CVE-2018-17912,0.00134,0.48492
CVE-2018-17913,0.00125,0.46959
CVE-2018-17914,0.00474,0.73157
CVE-2018-17915,0.00213,0.59361
CVE-2018-17916,0.02526,0.89116
CVE-2018-17917,0.00080,0.33470
CVE-2018-17918,0.00256,0.63511
CVE-2018-17919,0.00080,0.33285
CVE-2018-1792,0.00042,0.05722
CVE-2018-17921,0.00150,0.51210
CVE-2018-17922,0.00260,0.63854
CVE-2018-17923,0.00049,0.15019
CVE-2018-17924,0.00056,0.21151
CVE-2018-17925,0.00044,0.08189
CVE-2018-17926,0.00046,0.13793
CVE-2018-17927,0.00178,0.55106
CVE-2018-17928,0.00049,0.14992
CVE-2018-17929,0.00142,0.49927
CVE-2018-1793,0.00089,0.37372
CVE-2018-17930,0.04290,0.91493
CVE-2018-17931,0.00084,0.35142
CVE-2018-17932,0.00213,0.59361
CVE-2018-17933,0.00102,0.41368
CVE-2018-17934,0.17920,0.95716
CVE-2018-17935,0.00129,0.47740
CVE-2018-17936,0.04589,0.91748
CVE-2018-17937,0.01030,0.82291
CVE-2018-17938,0.00090,0.37972
CVE-2018-17939,0.00264,0.64100
CVE-2018-1794,0.00089,0.37372
CVE-2018-17942,0.01023,0.82234
CVE-2018-17944,0.00065,0.26756
CVE-2018-17946,0.00066,0.27550
CVE-2018-17947,0.00169,0.53940
CVE-2018-17948,0.00078,0.32606
CVE-2018-17949,0.00078,0.32606
CVE-2018-1795,0.00057,0.21372
CVE-2018-17950,0.00084,0.34791
CVE-2018-17952,0.00078,0.32606
CVE-2018-17953,0.00222,0.60556
CVE-2018-17954,0.00044,0.10161
CVE-2018-17955,0.00042,0.05722
CVE-2018-17956,0.00042,0.05722
CVE-2018-17957,0.00042,0.05722
CVE-2018-17958,0.02144,0.88181
CVE-2018-1796,0.00042,0.05722
CVE-2018-17960,0.00123,0.46599
CVE-2018-17961,0.00198,0.57768
CVE-2018-17962,0.00536,0.74807
CVE-2018-17963,0.00668,0.77680
CVE-2018-17964,0.00064,0.26293
CVE-2018-17965,0.00069,0.28545
CVE-2018-17966,0.00069,0.28545
CVE-2018-17967,0.00061,0.24093
CVE-2018-17968,0.00588,0.75977
CVE-2018-17969,0.00968,0.81728
CVE-2018-1797,0.00073,0.30261
CVE-2018-17972,0.00044,0.08000
CVE-2018-17974,0.00061,0.23866
CVE-2018-17975,0.00119,0.46037
CVE-2018-17976,0.00064,0.26201
CVE-2018-17977,0.00042,0.05722
CVE-2018-1798,0.00128,0.47472
CVE-2018-17980,0.00241,0.62168
CVE-2018-17981,0.00087,0.36434
CVE-2018-17983,0.00244,0.62506
CVE-2018-17984,0.00418,0.71535
CVE-2018-17985,0.00204,0.58409
CVE-2018-17986,0.00110,0.43999
CVE-2018-17987,0.00102,0.41475
CVE-2018-17988,0.00914,0.81147
CVE-2018-17989,0.00082,0.34133
CVE-2018-1799,0.00055,0.20591
CVE-2018-17990,0.00310,0.67008
CVE-2018-17996,0.00354,0.69156
CVE-2018-17997,0.00414,0.71425
CVE-2018-1800,0.00042,0.05722
CVE-2018-18004,0.00193,0.57189
CVE-2018-18005,0.00168,0.53617
CVE-2018-18006,0.00748,0.79021
CVE-2018-18007,0.00369,0.69803
CVE-2018-18008,0.00369,0.69803
CVE-2018-18009,0.00369,0.69803
CVE-2018-1801,0.00123,0.46555
CVE-2018-18013,0.00116,0.45243
CVE-2018-18014,0.00042,0.05722
CVE-2018-18016,0.00069,0.28545
CVE-2018-18017,0.00076,0.31249
CVE-2018-18018,0.00236,0.61791
CVE-2018-18019,0.00076,0.31249
CVE-2018-1802,0.00049,0.15845
CVE-2018-18020,0.00102,0.41292
CVE-2018-18021,0.00064,0.26441
CVE-2018-18023,0.00074,0.30756
CVE-2018-18024,0.00337,0.68404
CVE-2018-18025,0.00148,0.50797
CVE-2018-18026,0.00048,0.14788
CVE-2018-18029,0.00053,0.18833
CVE-2018-1803,0.00094,0.39362
CVE-2018-18035,0.00272,0.64663
CVE-2018-1804,0.00058,0.22025
CVE-2018-1805,0.00050,0.16691
CVE-2018-18056,0.00074,0.30666
CVE-2018-18058,0.00130,0.47799
CVE-2018-18059,0.00130,0.47799
CVE-2018-18060,0.00130,0.47799
CVE-2018-18061,0.00102,0.41475
CVE-2018-18062,0.00275,0.64820
CVE-2018-18064,0.00171,0.54224
CVE-2018-18065,0.00577,0.75721
CVE-2018-18066,0.00598,0.76158
CVE-2018-18068,0.00940,0.81424
CVE-2018-18069,0.00092,0.38759
CVE-2018-18070,0.00073,0.30190
CVE-2018-18071,0.01496,0.85555
CVE-2018-18073,0.00207,0.58687
CVE-2018-18074,0.00581,0.75813
CVE-2018-18075,0.00721,0.78633
CVE-2018-1808,0.00170,0.54112
CVE-2018-18082,0.00087,0.36434
CVE-2018-18083,0.00630,0.76857
CVE-2018-18084,0.00430,0.71894
CVE-2018-18086,0.00109,0.43614
CVE-2018-18087,0.00055,0.20626
CVE-2018-18088,0.00304,0.66635
CVE-2018-18089,0.00044,0.10161
CVE-2018-18090,0.00044,0.10161
CVE-2018-18091,0.00044,0.10161
CVE-2018-18093,0.00044,0.10161
CVE-2018-18094,0.00044,0.10161
CVE-2018-18095,0.00124,0.46787
CVE-2018-18096,0.00044,0.10161
CVE-2018-18097,0.00044,0.10161
CVE-2018-18098,0.00044,0.10161
CVE-2018-1812,0.00049,0.15069
CVE-2018-1813,0.00050,0.16691
CVE-2018-1814,0.00107,0.43309
CVE-2018-1815,0.00068,0.28038
CVE-2018-1817,0.00068,0.28038
CVE-2018-1818,0.00118,0.45738
CVE-2018-1819,0.00130,0.47812
CVE-2018-18190,0.00061,0.24231
CVE-2018-18191,0.00202,0.58186
CVE-2018-18192,0.00135,0.48648
CVE-2018-18193,0.00249,0.62941
CVE-2018-18194,0.00249,0.62941
CVE-2018-18195,0.00096,0.39969
CVE-2018-18196,0.00249,0.62941
CVE-2018-18197,0.00659,0.77474
CVE-2018-18198,0.00130,0.47885
CVE-2018-18199,0.00061,0.23827
CVE-2018-1820,0.00058,0.21937
CVE-2018-18200,0.00097,0.40202
CVE-2018-18201,0.00112,0.44586
CVE-2018-18202,0.00204,0.58368
CVE-2018-18203,0.00094,0.39396
CVE-2018-18205,0.00307,0.66805
CVE-2018-18206,0.00108,0.43366
CVE-2018-18207,0.00078,0.32606
CVE-2018-18208,0.00078,0.32606
CVE-2018-18209,0.00072,0.29485
CVE-2018-1821,0.05160,0.92240
CVE-2018-18210,0.00072,0.29485
CVE-2018-18211,0.00212,0.59184
CVE-2018-18215,0.00112,0.44586
CVE-2018-1822,0.00113,0.44644
CVE-2018-18223,0.00243,0.62371
CVE-2018-18224,0.00174,0.54594
CVE-2018-18225,0.00532,0.74692
CVE-2018-18226,0.00532,0.74692
CVE-2018-18227,0.00544,0.75007
CVE-2018-1823,0.00057,0.21292
CVE-2018-1824,0.00057,0.21292
CVE-2018-18240,0.00602,0.76253
CVE-2018-18242,0.00212,0.59184
CVE-2018-18244,0.00168,0.53617
CVE-2018-18245,0.00204,0.58371
CVE-2018-18246,0.00071,0.29374
CVE-2018-18247,0.00058,0.22585
CVE-2018-18248,0.00096,0.40015
CVE-2018-18249,0.00444,0.72333
CVE-2018-1825,0.00057,0.21292
CVE-2018-18250,0.00115,0.45133
CVE-2018-18251,0.00815,0.79999
CVE-2018-18252,0.00051,0.17393
CVE-2018-18253,0.00060,0.23520
CVE-2018-18254,0.00051,0.17393
CVE-2018-18255,0.00051,0.17393
CVE-2018-18256,0.00051,0.17393
CVE-2018-18257,0.00107,0.43004
CVE-2018-18258,0.00356,0.69266
CVE-2018-18259,0.00107,0.43025
CVE-2018-1826,0.00050,0.16691
CVE-2018-18260,0.00064,0.26293
CVE-2018-18261,0.00087,0.36434
CVE-2018-18262,0.00213,0.59274
CVE-2018-18264,0.96092,0.99384
CVE-2018-1827,0.00050,0.16691
CVE-2018-18270,0.00072,0.29485
CVE-2018-18271,0.00072,0.29485
CVE-2018-18274,0.00125,0.46894
CVE-2018-18276,0.00058,0.22585
CVE-2018-1828,0.00050,0.16691
CVE-2018-18281,0.00111,0.44170
CVE-2018-18282,0.00061,0.23827
CVE-2018-18284,0.00119,0.45833
CVE-2018-18285,0.00228,0.61063
CVE-2018-18286,0.00228,0.61063
CVE-2018-18287,0.00214,0.59418
CVE-2018-18288,0.00078,0.32606
CVE-2018-18289,0.00168,0.53801
CVE-2018-1829,0.00057,0.21292
CVE-2018-18290,0.00054,0.20290
CVE-2018-18291,0.00178,0.55050
CVE-2018-18296,0.00087,0.36434
CVE-2018-18307,0.00576,0.75712
CVE-2018-18308,0.00183,0.55705
CVE-2018-18309,0.00127,0.47248
CVE-2018-18310,0.00130,0.47854
CVE-2018-18311,0.00532,0.74707
CVE-2018-18312,0.02831,0.89695
CVE-2018-18313,0.00669,0.77694
CVE-2018-18314,0.02016,0.87733
CVE-2018-18315,0.00057,0.21370
CVE-2018-18316,0.00112,0.44586
CVE-2018-18317,0.00112,0.44586
CVE-2018-18318,0.00160,0.52678
CVE-2018-18319,0.01368,0.84904
CVE-2018-18320,0.01294,0.84436
CVE-2018-18322,0.81810,0.98127
CVE-2018-18323,0.97014,0.99696
CVE-2018-18324,0.00576,0.75688
CVE-2018-18325,0.04325,0.91523
CVE-2018-18326,0.01605,0.86117
CVE-2018-18327,0.00045,0.12491
CVE-2018-18328,0.00045,0.12491
CVE-2018-18329,0.00045,0.12491
CVE-2018-1833,0.00103,0.41973
CVE-2018-18330,0.00075,0.30975
CVE-2018-18331,0.00084,0.34791
CVE-2018-18332,0.00084,0.34791
CVE-2018-18333,0.00318,0.67466
CVE-2018-18334,0.00251,0.63110
CVE-2018-18335,0.01517,0.85674
CVE-2018-18336,0.01876,0.87198
CVE-2018-18337,0.02429,0.88919
CVE-2018-18338,0.02429,0.88919
CVE-2018-18339,0.01672,0.86372
CVE-2018-1834,0.00042,0.05722
CVE-2018-18340,0.02429,0.88919
CVE-2018-18341,0.02223,0.88410
CVE-2018-18342,0.03715,0.90914
CVE-2018-18343,0.02429,0.88919
CVE-2018-18344,0.01032,0.82307
CVE-2018-18345,0.00955,0.81607
CVE-2018-18346,0.01035,0.82347
CVE-2018-18347,0.01714,0.86530
CVE-2018-18348,0.01082,0.82800
CVE-2018-18349,0.00640,0.77060
CVE-2018-1835,0.00080,0.33245
CVE-2018-18350,0.01204,0.83784
CVE-2018-18351,0.00883,0.80785
CVE-2018-18352,0.01003,0.82075
CVE-2018-18353,0.01160,0.83420
CVE-2018-18354,0.01714,0.86530
CVE-2018-18355,0.01082,0.82800
CVE-2018-18356,0.02395,0.88837
CVE-2018-18357,0.01082,0.82800
CVE-2018-18358,0.00207,0.58699
CVE-2018-18359,0.01481,0.85469
CVE-2018-1836,0.00057,0.21292
CVE-2018-18361,0.00061,0.23827
CVE-2018-18362,0.00078,0.32107
CVE-2018-18363,0.00045,0.11828
CVE-2018-18364,0.00045,0.11828
CVE-2018-18365,0.00075,0.31103
CVE-2018-18366,0.00045,0.11828
CVE-2018-18367,0.00060,0.23688
CVE-2018-18368,0.00045,0.11828
CVE-2018-18369,0.00060,0.23688
CVE-2018-18370,0.00115,0.45113
CVE-2018-18371,0.00065,0.26756
CVE-2018-18372,0.00064,0.26293
CVE-2018-18373,0.00099,0.40631
CVE-2018-18374,0.00058,0.22585
CVE-2018-18375,0.00659,0.77474
CVE-2018-18376,0.00802,0.79863
CVE-2018-18377,0.00804,0.79884
CVE-2018-18379,0.00090,0.37739
CVE-2018-1838,0.00104,0.42030
CVE-2018-18380,0.00205,0.58496
CVE-2018-18381,0.00058,0.22585
CVE-2018-18382,0.01241,0.84066
CVE-2018-18384,0.00126,0.47147
CVE-2018-18385,0.00248,0.62807
CVE-2018-18386,0.00042,0.05722
CVE-2018-18387,0.00104,0.42231
CVE-2018-18388,0.00187,0.56260
CVE-2018-18389,0.00753,0.79095
CVE-2018-18390,0.00168,0.53801
CVE-2018-18391,0.00104,0.42231
CVE-2018-18392,0.00087,0.35903
CVE-2018-18393,0.00222,0.60556
CVE-2018-18394,0.00222,0.60556
CVE-2018-18395,0.00222,0.60556
CVE-2018-18396,0.00736,0.78868
CVE-2018-18397,0.00044,0.08000
CVE-2018-18398,0.00042,0.05722
CVE-2018-18399,0.00206,0.58647
CVE-2018-1840,0.00410,0.71268
CVE-2018-18405,0.00115,0.45158
CVE-2018-18406,0.01873,0.87184
CVE-2018-18407,0.00141,0.49767
CVE-2018-18408,0.00224,0.60719
CVE-2018-18409,0.00148,0.50739
CVE-2018-1841,0.00042,0.05722
CVE-2018-18416,0.00111,0.44235
CVE-2018-18417,0.00111,0.44235
CVE-2018-18419,0.00111,0.44235
CVE-2018-1842,0.00061,0.23941
CVE-2018-18420,0.00141,0.49752
CVE-2018-18422,0.00112,0.44586
CVE-2018-18425,0.00053,0.18833
CVE-2018-18426,0.00357,0.69302
CVE-2018-18427,0.00189,0.56522
CVE-2018-18428,0.06461,0.93043
CVE-2018-1843,0.00044,0.10161
CVE-2018-18430,0.00074,0.30642
CVE-2018-18431,0.00074,0.30642
CVE-2018-18432,0.00372,0.69917
CVE-2018-18433,0.00074,0.30642
CVE-2018-18434,0.00191,0.56677
CVE-2018-18435,0.00139,0.49496
CVE-2018-18436,0.00112,0.44586
CVE-2018-18437,0.00168,0.53549
CVE-2018-18438,0.00059,0.22933
CVE-2018-18439,0.00387,0.70495
CVE-2018-1844,0.00085,0.35279
CVE-2018-18440,0.00051,0.17393
CVE-2018-18441,0.00621,0.76685
CVE-2018-18442,0.00115,0.45086
CVE-2018-18443,0.00198,0.57769
CVE-2018-18444,0.01015,0.82172
CVE-2018-18445,0.00064,0.26441
CVE-2018-18446,0.00213,0.59296
CVE-2018-18447,0.00213,0.59296
CVE-2018-18449,0.00112,0.44586
CVE-2018-1845,0.00116,0.45281
CVE-2018-18450,0.00221,0.60387
CVE-2018-18454,0.00081,0.33929
CVE-2018-18455,0.00081,0.33929
CVE-2018-18456,0.00081,0.33929
CVE-2018-18457,0.00069,0.28543
CVE-2018-18458,0.00069,0.28543
CVE-2018-18459,0.00069,0.28543
CVE-2018-1846,0.00085,0.35279
CVE-2018-18460,0.00076,0.31249
CVE-2018-18461,0.03061,0.90035
CVE-2018-18466,0.00044,0.10161
CVE-2018-18467,0.00092,0.38880
CVE-2018-1847,0.00114,0.44911
CVE-2018-18471,0.01105,0.82987
CVE-2018-18472,0.08000,0.93699
CVE-2018-18473,0.01725,0.86573
CVE-2018-18475,0.03580,0.90747
CVE-2018-18476,0.00274,0.64774
CVE-2018-18478,0.00455,0.72665
CVE-2018-1848,0.00106,0.42883
CVE-2018-18480,0.00079,0.32949
CVE-2018-18481,0.00079,0.32949
CVE-2018-18482,0.00079,0.32949
CVE-2018-18483,0.00993,0.81997
CVE-2018-18484,0.00142,0.49873
CVE-2018-18485,0.00215,0.59573
CVE-2018-18486,0.00212,0.59184
CVE-2018-18487,0.00588,0.75977
CVE-2018-18488,0.00212,0.59184
CVE-2018-18489,0.00148,0.50855
CVE-2018-18492,0.00545,0.75043
CVE-2018-18493,0.00809,0.79941
CVE-2018-18494,0.00196,0.57558
CVE-2018-18495,0.00285,0.65511
CVE-2018-18496,0.00322,0.67661
CVE-2018-18497,0.00286,0.65598
CVE-2018-18498,0.00761,0.79242
CVE-2018-18499,0.00159,0.52486
CVE-2018-1850,0.00167,0.53513
CVE-2018-18500,0.42019,0.96990
CVE-2018-18501,0.01257,0.84167
CVE-2018-18502,0.00583,0.75867
CVE-2018-18503,0.00498,0.73839
CVE-2018-18504,0.00639,0.77027
CVE-2018-18505,0.01020,0.82212
CVE-2018-18506,0.00271,0.64587
CVE-2018-18508,0.00224,0.60778
CVE-2018-18509,0.01424,0.85184
CVE-2018-1851,0.01333,0.84665
CVE-2018-18510,0.00091,0.38493
CVE-2018-18511,0.00333,0.68262
CVE-2018-18512,0.00205,0.58474
CVE-2018-18513,0.00098,0.40310
CVE-2018-18517,0.00069,0.28439
CVE-2018-18519,0.00060,0.23740
CVE-2018-18520,0.00307,0.66854
CVE-2018-18521,0.00321,0.67624
CVE-2018-18524,0.00220,0.60155
CVE-2018-18527,0.00272,0.64660
CVE-2018-18529,0.00212,0.59184
CVE-2018-1853,0.00094,0.39362
CVE-2018-18530,0.00212,0.59184
CVE-2018-18531,0.00504,0.74018
CVE-2018-18535,0.00077,0.31717
CVE-2018-18536,0.00077,0.31717
CVE-2018-18537,0.00059,0.22986
CVE-2018-18540,0.00072,0.29485
CVE-2018-18541,0.02328,0.88671
CVE-2018-18544,0.00225,0.60837
CVE-2018-18545,0.00083,0.34378
CVE-2018-18546,0.00221,0.60387
CVE-2018-18547,0.00438,0.72162
CVE-2018-18548,0.00144,0.50275
CVE-2018-18550,0.00087,0.36089
CVE-2018-18551,0.00620,0.76665
CVE-2018-18552,0.00086,0.35770
CVE-2018-18553,0.00072,0.29485
CVE-2018-18555,0.00376,0.70049
CVE-2018-18556,0.03428,0.90574
CVE-2018-18557,0.39637,0.96921
CVE-2018-18558,0.00079,0.32946
CVE-2018-18559,0.01262,0.84216
CVE-2018-18561,0.00044,0.08189
CVE-2018-18562,0.00076,0.31397
CVE-2018-18563,0.00087,0.35984
CVE-2018-18564,0.00069,0.28768
CVE-2018-18565,0.00044,0.08189
CVE-2018-18566,0.00385,0.70424
CVE-2018-18567,0.00138,0.49372
CVE-2018-18568,0.00204,0.58365
CVE-2018-18569,0.00621,0.76679
CVE-2018-1857,0.00256,0.63542
CVE-2018-18570,0.00098,0.40395
CVE-2018-18571,0.00116,0.45459
CVE-2018-18572,0.00329,0.68012
CVE-2018-18573,0.00329,0.68012
CVE-2018-18576,0.00081,0.33723
CVE-2018-18578,0.00144,0.50222
CVE-2018-18579,0.00144,0.50222
CVE-2018-1858,0.00343,0.68645
CVE-2018-18581,0.00577,0.75719
CVE-2018-18582,0.00563,0.75413
CVE-2018-18583,0.00563,0.75413
CVE-2018-18584,0.34475,0.96719
CVE-2018-18585,0.00452,0.72578
CVE-2018-18586,0.00200,0.57941
CVE-2018-18587,0.00084,0.34791
CVE-2018-18589,0.00440,0.72235
CVE-2018-1859,0.00084,0.34879
CVE-2018-18590,0.00227,0.60975
CVE-2018-18591,0.00058,0.22632
CVE-2018-18593,0.00361,0.69482
CVE-2018-18599,0.00205,0.58506
CVE-2018-18600,0.00178,0.55129
CVE-2018-18601,0.00250,0.62982
CVE-2018-18602,0.00222,0.60556
CVE-2018-18603,0.00053,0.18293
CVE-2018-18605,0.00362,0.69498
CVE-2018-18606,0.00363,0.69545
CVE-2018-18607,0.00363,0.69545
CVE-2018-18608,0.00177,0.54967
CVE-2018-18619,0.00332,0.68228
CVE-2018-18621,0.00172,0.54263
CVE-2018-18622,0.00087,0.36434
CVE-2018-18623,0.00140,0.49603
CVE-2018-18624,0.00096,0.40015
CVE-2018-18625,0.00096,0.40015
CVE-2018-18626,0.00073,0.30345
CVE-2018-18628,0.00602,0.76253
CVE-2018-18629,0.00183,0.55628
CVE-2018-18630,0.00042,0.00438
CVE-2018-18631,0.00084,0.35108
CVE-2018-18635,0.00104,0.42234
CVE-2018-18636,0.00509,0.74129
CVE-2018-18638,0.00266,0.64313
CVE-2018-18640,0.00079,0.32776
CVE-2018-18641,0.00205,0.58474
CVE-2018-18642,0.00112,0.44327
CVE-2018-18643,0.00112,0.44595
CVE-2018-18644,0.00079,0.32776
CVE-2018-18645,0.00112,0.44327
CVE-2018-18646,0.00090,0.37878
CVE-2018-18647,0.00058,0.22585
CVE-2018-18648,0.00264,0.64100
CVE-2018-18649,0.08897,0.94017
CVE-2018-18650,0.00056,0.21204
CVE-2018-18651,0.00056,0.21204
CVE-2018-18652,0.00361,0.69475
CVE-2018-18653,0.00042,0.05722
CVE-2018-18654,0.00042,0.05722
CVE-2018-18655,0.00084,0.35108
CVE-2018-18656,0.00042,0.05722
CVE-2018-18657,0.00182,0.55538
CVE-2018-18658,0.00182,0.55538
CVE-2018-18659,0.00280,0.65166
CVE-2018-18660,0.00131,0.47937
CVE-2018-18661,0.00478,0.73290
CVE-2018-18662,0.00091,0.38562
CVE-2018-18665,0.00192,0.57156
CVE-2018-18666,0.00192,0.57156
CVE-2018-18667,0.00192,0.57156
CVE-2018-18668,0.00174,0.54662
CVE-2018-18669,0.00129,0.47655
CVE-2018-18670,0.00129,0.47655
CVE-2018-18671,0.00129,0.47655
CVE-2018-18672,0.00129,0.47655
CVE-2018-18673,0.00129,0.47655
CVE-2018-18674,0.00129,0.47655
CVE-2018-18675,0.00129,0.47655
CVE-2018-18676,0.00129,0.47655
CVE-2018-18678,0.00119,0.46005
CVE-2018-18688,0.00176,0.54817
CVE-2018-18689,0.00176,0.54817
CVE-2018-18690,0.00044,0.08000
CVE-2018-18692,0.00131,0.48045
CVE-2018-18694,0.00069,0.28529
CVE-2018-18695,0.00051,0.17393
CVE-2018-18696,0.00523,0.74494
CVE-2018-18698,0.00222,0.60556
CVE-2018-18699,0.00141,0.49736
CVE-2018-18700,0.00247,0.62768
CVE-2018-18701,0.00247,0.62768
CVE-2018-18702,0.00174,0.54622
CVE-2018-18703,0.01076,0.82752
CVE-2018-18704,0.00272,0.64660
CVE-2018-18705,0.00272,0.64632
CVE-2018-18706,0.00115,0.45086
CVE-2018-18707,0.00115,0.45086
CVE-2018-18708,0.00115,0.45086
CVE-2018-18709,0.00115,0.45086
CVE-2018-1871,0.00059,0.23108
CVE-2018-18710,0.00044,0.08000
CVE-2018-18711,0.00110,0.43999
CVE-2018-18712,0.00110,0.43999
CVE-2018-18713,0.00456,0.72692
CVE-2018-18714,0.00051,0.17393
CVE-2018-18715,0.00173,0.54495
CVE-2018-18716,0.00173,0.54495
CVE-2018-18717,0.00058,0.22585
CVE-2018-18718,0.00044,0.10161
CVE-2018-1872,0.00058,0.21937
CVE-2018-18720,0.00058,0.22585
CVE-2018-18721,0.00058,0.22585
CVE-2018-18722,0.00058,0.22585
CVE-2018-18723,0.00058,0.22585
CVE-2018-18724,0.00058,0.22585
CVE-2018-18725,0.00058,0.22585
CVE-2018-18726,0.00058,0.22585
CVE-2018-18727,0.00115,0.45086
CVE-2018-18728,0.01414,0.85134
CVE-2018-18729,0.00465,0.72921
CVE-2018-18730,0.00115,0.45086
CVE-2018-18731,0.00115,0.45086
CVE-2018-18732,0.00115,0.45086
CVE-2018-18733,0.00058,0.22585
CVE-2018-18734,0.00112,0.44586
CVE-2018-18735,0.00112,0.44586
CVE-2018-18736,0.00058,0.22585
CVE-2018-18737,0.00588,0.75977
CVE-2018-18738,0.00058,0.22585
CVE-2018-18739,0.00058,0.22585
CVE-2018-1874,0.00078,0.32239
CVE-2018-18740,0.00058,0.22585
CVE-2018-18741,0.00058,0.22585
CVE-2018-18742,0.00112,0.44586
CVE-2018-18743,0.00058,0.22585
CVE-2018-18744,0.00058,0.22585
CVE-2018-18745,0.00058,0.22585
CVE-2018-18748,0.00593,0.76082
CVE-2018-18749,0.00056,0.21204
CVE-2018-1875,0.00094,0.39362
CVE-2018-18751,0.02328,0.88671
CVE-2018-18752,0.01057,0.82558
CVE-2018-18753,0.00990,0.81963
CVE-2018-18754,0.00222,0.60556
CVE-2018-18755,0.00293,0.66028
CVE-2018-18756,0.00220,0.59950
CVE-2018-18757,0.00445,0.72358
CVE-2018-18758,0.00445,0.72358
CVE-2018-18759,0.00883,0.80790
CVE-2018-1876,0.00044,0.10161
CVE-2018-18760,0.00173,0.54566
CVE-2018-18761,0.00272,0.64660
CVE-2018-18762,0.03382,0.90510
CVE-2018-18763,0.00293,0.66028
CVE-2018-18764,0.00234,0.61597
CVE-2018-18765,0.00217,0.59767
CVE-2018-18766,0.00222,0.60556
CVE-2018-18767,0.00051,0.17393
CVE-2018-1877,0.00042,0.05722
CVE-2018-18771,0.00073,0.30345
CVE-2018-18772,0.00732,0.78805
CVE-2018-18773,0.00732,0.78805
CVE-2018-18774,0.00364,0.69567
CVE-2018-18775,0.00157,0.52145
CVE-2018-18776,0.00308,0.66880
CVE-2018-18777,0.00224,0.60767
CVE-2018-18778,0.95125,0.99166
CVE-2018-1878,0.00053,0.19112
CVE-2018-18781,0.00087,0.36434
CVE-2018-18782,0.00072,0.29485
CVE-2018-18783,0.00061,0.23827
CVE-2018-18784,0.00091,0.38618
CVE-2018-18785,0.00212,0.59184
CVE-2018-18786,0.00212,0.59184
CVE-2018-18787,0.00212,0.59184
CVE-2018-18788,0.00091,0.38618
CVE-2018-18789,0.00212,0.59184
CVE-2018-18790,0.00091,0.38618
CVE-2018-18791,0.00212,0.59184
CVE-2018-18792,0.00212,0.59184
CVE-2018-18793,0.07423,0.93476
CVE-2018-18794,0.00187,0.56231
CVE-2018-18795,0.00293,0.66028
CVE-2018-18796,0.00274,0.64777
CVE-2018-18797,0.00187,0.56231
CVE-2018-18798,0.00356,0.69239
CVE-2018-18799,0.00187,0.56231
CVE-2018-18800,0.00356,0.69239
CVE-2018-18801,0.00293,0.66028
CVE-2018-18802,0.00143,0.50093
CVE-2018-18803,0.00293,0.66028
CVE-2018-18804,0.00293,0.66028
CVE-2018-18805,0.00540,0.74922
CVE-2018-18806,0.00274,0.64777
CVE-2018-18807,0.00073,0.30229
CVE-2018-18808,0.00308,0.66926
CVE-2018-18809,0.43803,0.97047
CVE-2018-18810,0.00104,0.42231
CVE-2018-18812,0.00077,0.31786
CVE-2018-18813,0.00148,0.50762
CVE-2018-18814,0.00864,0.80579
CVE-2018-18815,0.01182,0.83621
CVE-2018-18816,0.00070,0.28897
CVE-2018-18817,0.00167,0.53492
CVE-2018-18819,0.00107,0.43281
CVE-2018-1882,0.00045,0.12250
CVE-2018-18820,0.57677,0.97435
CVE-2018-18822,0.00220,0.59984
CVE-2018-18823,0.00126,0.47087
CVE-2018-18824,0.00126,0.47087
CVE-2018-18825,0.00078,0.32606
CVE-2018-18826,0.00104,0.42347
CVE-2018-18827,0.00081,0.33520
CVE-2018-18828,0.00104,0.42347
CVE-2018-18829,0.00084,0.34615
CVE-2018-1883,0.00216,0.59679
CVE-2018-18830,0.00195,0.57387
CVE-2018-18831,0.00096,0.39991
CVE-2018-18832,0.00348,0.68862
CVE-2018-18834,0.00776,0.79472
CVE-2018-18835,0.01482,0.85477
CVE-2018-18836,0.00338,0.68474
CVE-2018-18837,0.00536,0.74821
CVE-2018-18838,0.00119,0.45893
CVE-2018-18839,0.00106,0.42964
CVE-2018-1884,0.00539,0.74884
CVE-2018-18840,0.00058,0.22585
CVE-2018-18841,0.00058,0.22585
CVE-2018-18842,0.01460,0.85392
CVE-2018-18843,0.00246,0.62676
CVE-2018-18845,0.00428,0.71828
CVE-2018-18849,0.00045,0.11966
CVE-2018-1885,0.00118,0.45663
CVE-2018-18850,0.00260,0.63839
CVE-2018-18852,0.00114,0.44954
CVE-2018-18853,0.00203,0.58332
CVE-2018-18854,0.00203,0.58332
CVE-2018-18856,0.00064,0.26161
CVE-2018-18857,0.00064,0.26161
CVE-2018-18858,0.00064,0.26161
CVE-2018-18859,0.00064,0.26161
CVE-2018-1886,0.00064,0.26231
CVE-2018-18860,0.00062,0.24874
CVE-2018-18861,0.03594,0.90769
CVE-2018-18862,0.00825,0.80118
CVE-2018-18863,0.00085,0.35454
CVE-2018-18864,0.00511,0.74194
CVE-2018-18865,0.09226,0.94128
CVE-2018-18867,0.00484,0.73452
CVE-2018-18868,0.00087,0.36434
CVE-2018-18869,0.00850,0.80433
CVE-2018-1887,0.00044,0.10161
CVE-2018-18871,0.01201,0.83762
CVE-2018-18872,0.00058,0.22585
CVE-2018-18873,0.00109,0.43582
CVE-2018-18874,0.00731,0.78787
CVE-2018-18875,0.00056,0.21170
CVE-2018-18876,0.00073,0.30302
CVE-2018-18877,0.00095,0.39576
CVE-2018-18878,0.00182,0.55589
CVE-2018-18879,0.00093,0.39092
CVE-2018-1888,0.00200,0.57931
CVE-2018-18880,0.00056,0.21170
CVE-2018-18881,0.00078,0.32206
CVE-2018-18882,0.00107,0.43221
CVE-2018-18883,0.00052,0.18252
CVE-2018-18886,0.00066,0.27550
CVE-2018-18887,0.00212,0.59184
CVE-2018-18888,0.00579,0.75776
CVE-2018-1889,0.00062,0.24327
CVE-2018-18890,0.00180,0.55270
CVE-2018-18891,0.00129,0.47593
CVE-2018-18892,0.00630,0.76857
CVE-2018-18893,0.00071,0.29313
CVE-2018-18894,0.00366,0.69675
CVE-2018-18897,0.00653,0.77325
CVE-2018-18898,0.01407,0.85109
CVE-2018-1890,0.00042,0.05722
CVE-2018-18903,0.04294,0.91497
CVE-2018-18907,0.00121,0.46238
CVE-2018-18908,0.00152,0.51472
CVE-2018-18909,0.00072,0.29485
CVE-2018-1891,0.00062,0.24327
CVE-2018-18912,0.01712,0.86524
CVE-2018-18913,0.00070,0.28841
CVE-2018-18915,0.00154,0.51734
CVE-2018-18919,0.00055,0.20626
CVE-2018-1892,0.00050,0.16691
CVE-2018-18920,0.00899,0.80992
CVE-2018-18921,0.00071,0.29411
CVE-2018-18922,0.14838,0.95315
CVE-2018-18923,0.60207,0.97496
CVE-2018-18924,0.01839,0.87052
CVE-2018-18925,0.09538,0.94230
CVE-2018-18926,0.00303,0.66596
CVE-2018-18927,0.00055,0.20626
CVE-2018-18928,0.00378,0.70155
CVE-2018-18929,0.00109,0.43614
CVE-2018-1893,0.00050,0.16691
CVE-2018-18930,0.00455,0.72663
CVE-2018-18931,0.00109,0.43614
CVE-2018-18933,0.00684,0.77978
CVE-2018-18934,0.00318,0.67465
CVE-2018-18935,0.00110,0.43999
CVE-2018-18936,0.00177,0.54899
CVE-2018-18937,0.00137,0.49034
CVE-2018-18938,0.00055,0.20626
CVE-2018-18939,0.00055,0.20626
CVE-2018-18940,0.00301,0.66486
CVE-2018-18941,0.00752,0.79088
CVE-2018-18942,0.00558,0.75296
CVE-2018-18943,0.00058,0.22585
CVE-2018-18944,0.00825,0.80129
CVE-2018-18949,0.04073,0.91292
CVE-2018-1895,0.00050,0.16691
CVE-2018-18950,0.00525,0.74520
CVE-2018-18952,0.00058,0.22585
CVE-2018-18954,0.00062,0.24773
CVE-2018-18955,0.00109,0.43802
CVE-2018-18956,0.00490,0.73632
CVE-2018-18957,0.12405,0.94939
CVE-2018-18958,0.00051,0.17244
CVE-2018-18959,0.00161,0.52777
CVE-2018-1896,0.00059,0.23108
CVE-2018-18960,0.00161,0.52777
CVE-2018-18963,0.00171,0.54185
CVE-2018-18964,0.00049,0.15156
CVE-2018-18965,0.00049,0.15156
CVE-2018-18966,0.00049,0.15156
CVE-2018-1897,0.00060,0.23609
CVE-2018-18975,0.00153,0.51531
CVE-2018-18976,0.00126,0.47113
CVE-2018-18977,0.00414,0.71442
CVE-2018-18978,0.00192,0.57150
CVE-2018-18979,0.00292,0.65953
CVE-2018-18980,0.02211,0.88375
CVE-2018-18981,0.00058,0.22646
CVE-2018-18982,0.05290,0.92339
CVE-2018-18983,0.00572,0.75586
CVE-2018-18984,0.00064,0.26294
CVE-2018-18985,0.00061,0.23828
CVE-2018-18986,0.00694,0.78144
CVE-2018-18987,0.00409,0.71248
CVE-2018-18988,0.02052,0.87857
CVE-2018-18989,0.00093,0.39082
CVE-2018-1899,0.00048,0.14797
CVE-2018-18990,0.93665,0.98947
CVE-2018-18991,0.00076,0.31207
CVE-2018-18992,0.05677,0.92601
CVE-2018-18993,0.30876,0.96572
CVE-2018-18994,0.00085,0.35519
CVE-2018-18995,0.00183,0.55691
CVE-2018-18996,0.05492,0.92490
CVE-2018-18997,0.00078,0.32749
CVE-2018-18998,0.00754,0.79125
CVE-2018-18999,0.00361,0.69471
CVE-2018-1900,0.00059,0.23108
CVE-2018-19000,0.00250,0.63006
CVE-2018-19001,0.00064,0.25791
CVE-2018-19002,0.00179,0.55149
CVE-2018-19003,0.00219,0.59904
CVE-2018-19004,0.00063,0.24876
CVE-2018-19005,0.00075,0.30785
CVE-2018-19006,0.00054,0.20290
CVE-2018-19007,0.00192,0.56855
CVE-2018-19008,0.00097,0.40231
CVE-2018-19009,0.00042,0.00438
CVE-2018-1901,0.00205,0.58539
CVE-2018-19010,0.00064,0.25791
CVE-2018-19011,0.00259,0.63700
CVE-2018-19012,0.00044,0.08189
CVE-2018-19013,0.00074,0.30645
CVE-2018-19014,0.00066,0.27481
CVE-2018-19015,0.00057,0.21313
CVE-2018-19016,0.00142,0.49915
CVE-2018-19017,0.00386,0.70485
CVE-2018-19018,0.00067,0.27749
CVE-2018-19019,0.00064,0.26366
CVE-2018-1902,0.00088,0.37048
CVE-2018-19020,0.00048,0.14585
CVE-2018-19021,0.00052,0.18053
CVE-2018-19023,0.00094,0.39344
CVE-2018-19025,0.00505,0.74043
CVE-2018-19027,0.02067,0.87903
CVE-2018-19029,0.00179,0.55149
CVE-2018-1903,0.00044,0.10161
CVE-2018-19031,0.00125,0.46899
CVE-2018-19036,0.00303,0.66573
CVE-2018-19037,0.02256,0.88508
CVE-2018-19039,0.03530,0.90687
CVE-2018-1904,0.00410,0.71268
CVE-2018-19040,0.00200,0.57937
CVE-2018-19041,0.00112,0.44442
CVE-2018-19042,0.00230,0.61261
CVE-2018-19043,0.00230,0.61261
CVE-2018-19044,0.00042,0.05722
CVE-2018-19045,0.00447,0.72429
CVE-2018-19046,0.00042,0.05722
CVE-2018-19047,0.00543,0.74996
CVE-2018-19048,0.00154,0.51652
CVE-2018-1905,0.00243,0.62371
CVE-2018-19050,0.00087,0.36434
CVE-2018-19051,0.00087,0.36434
CVE-2018-19052,0.00442,0.72305
CVE-2018-19053,0.00431,0.71921
CVE-2018-19056,0.00072,0.29485
CVE-2018-19057,0.00072,0.29485
CVE-2018-19058,0.00312,0.67081
CVE-2018-19059,0.00176,0.54863
CVE-2018-1906,0.00065,0.26853
CVE-2018-19060,0.00176,0.54863
CVE-2018-19061,0.00222,0.60567
CVE-2018-19063,0.00659,0.77474
CVE-2018-19064,0.00659,0.77474
CVE-2018-19065,0.00588,0.75977
CVE-2018-19066,0.00588,0.75977
CVE-2018-19067,0.00659,0.77474
CVE-2018-19068,0.00058,0.22585
CVE-2018-19069,0.00659,0.77474
CVE-2018-19070,0.00993,0.81992
CVE-2018-19071,0.00042,0.05722
CVE-2018-19072,0.00042,0.05722
CVE-2018-19073,0.00282,0.65339
CVE-2018-19074,0.00102,0.41475
CVE-2018-19075,0.00249,0.62886
CVE-2018-19076,0.00659,0.77474
CVE-2018-19077,0.00247,0.62766
CVE-2018-19078,0.00772,0.79405
CVE-2018-19079,0.00117,0.45644
CVE-2018-1908,0.00057,0.21292
CVE-2018-19080,0.00082,0.33989
CVE-2018-19081,0.01861,0.87127
CVE-2018-19082,0.01097,0.82919
CVE-2018-19083,0.00087,0.36434
CVE-2018-19084,0.00051,0.17393
CVE-2018-19085,0.00051,0.17393
CVE-2018-19086,0.00051,0.17393
CVE-2018-19087,0.00051,0.17393
CVE-2018-19089,0.00055,0.20626
CVE-2018-19090,0.00055,0.20626
CVE-2018-19091,0.00055,0.20626
CVE-2018-19092,0.00087,0.36434
CVE-2018-19093,0.00137,0.49034
CVE-2018-1910,0.00057,0.21292
CVE-2018-19104,0.00112,0.44586
CVE-2018-19105,0.00146,0.50571
CVE-2018-19106,0.00078,0.32606
CVE-2018-19107,0.00866,0.80591
CVE-2018-19108,0.00602,0.76257
CVE-2018-19109,0.00277,0.64956
CVE-2018-1911,0.00050,0.16691
CVE-2018-19110,0.00091,0.38049
CVE-2018-19111,0.00066,0.27588
CVE-2018-19113,0.00058,0.21920
CVE-2018-19114,0.00058,0.21981
CVE-2018-19115,0.02669,0.89394
CVE-2018-19118,0.00610,0.76429
CVE-2018-1912,0.00050,0.16691
CVE-2018-19120,0.00178,0.55045
CVE-2018-19121,0.00109,0.43864
CVE-2018-19122,0.00109,0.43864
CVE-2018-19124,0.00429,0.71865
CVE-2018-19125,0.00466,0.72950
CVE-2018-19126,0.03198,0.90237
CVE-2018-19127,0.79198,0.98022
CVE-2018-19128,0.00091,0.38493
CVE-2018-19129,0.00084,0.34866
CVE-2018-1913,0.00057,0.21292
CVE-2018-19130,0.00089,0.37663
CVE-2018-19131,0.00148,0.50741
CVE-2018-19132,0.02970,0.89895
CVE-2018-19133,0.00065,0.26897
CVE-2018-19134,0.00177,0.54954
CVE-2018-19135,0.00225,0.60801
CVE-2018-19136,0.00152,0.51475
CVE-2018-19137,0.00080,0.33477
CVE-2018-19138,0.00183,0.55678
CVE-2018-19139,0.00084,0.34948
CVE-2018-1914,0.00057,0.21292
CVE-2018-19141,0.00099,0.40709
CVE-2018-19142,0.00054,0.20290
CVE-2018-19143,0.00099,0.40709
CVE-2018-19145,0.00087,0.36434
CVE-2018-19146,0.00126,0.47087
CVE-2018-19148,0.00136,0.49006
CVE-2018-19149,0.00693,0.78135
CVE-2018-19150,0.00218,0.59826
CVE-2018-19151,0.00245,0.62558
CVE-2018-19152,0.00245,0.62558
CVE-2018-19153,0.00245,0.62558
CVE-2018-19154,0.00245,0.62558
CVE-2018-19155,0.00245,0.62558
CVE-2018-19156,0.00245,0.62558
CVE-2018-19157,0.00245,0.62558
CVE-2018-19158,0.00669,0.77682
CVE-2018-19159,0.00245,0.62558
CVE-2018-1916,0.00057,0.21292
CVE-2018-19160,0.00245,0.62558
CVE-2018-19161,0.00245,0.62558
CVE-2018-19162,0.00245,0.62558
CVE-2018-19163,0.00245,0.62558
CVE-2018-19164,0.00245,0.62558
CVE-2018-19165,0.00245,0.62558
CVE-2018-19166,0.00245,0.62558
CVE-2018-19167,0.00245,0.62558
CVE-2018-19168,0.00277,0.64958
CVE-2018-1917,0.00083,0.34420
CVE-2018-19170,0.00055,0.20626
CVE-2018-19178,0.00058,0.22585
CVE-2018-1918,0.00059,0.23108
CVE-2018-19180,0.01246,0.84102
CVE-2018-19181,0.00107,0.43004
CVE-2018-19182,0.00098,0.40438
CVE-2018-19183,0.00206,0.58592
CVE-2018-19184,0.00134,0.48545
CVE-2018-19185,0.00776,0.79472
CVE-2018-19186,0.00087,0.36434
CVE-2018-19187,0.00144,0.50277
CVE-2018-19188,0.00482,0.73420
CVE-2018-19189,0.00144,0.50277
CVE-2018-19190,0.00144,0.50277
CVE-2018-19191,0.00079,0.32858
CVE-2018-19192,0.00112,0.44586
CVE-2018-19193,0.00087,0.36434
CVE-2018-19194,0.00126,0.47113
CVE-2018-19195,0.00087,0.36434
CVE-2018-19196,0.02971,0.89898
CVE-2018-19197,0.00055,0.20423
CVE-2018-19198,0.00931,0.81340
CVE-2018-19199,0.00692,0.78117
CVE-2018-1920,0.00152,0.51364
CVE-2018-19200,0.00479,0.73339
CVE-2018-19201,0.00124,0.46744
CVE-2018-19202,0.00124,0.46744
CVE-2018-19203,0.00565,0.75467
CVE-2018-19204,0.00876,0.80717
CVE-2018-19205,0.00261,0.63896
CVE-2018-19206,0.67612,0.97674
CVE-2018-19207,0.97286,0.99841
CVE-2018-19208,0.00080,0.33257
CVE-2018-19209,0.00061,0.24231
CVE-2018-1921,0.00050,0.16691
CVE-2018-19210,0.00423,0.71699
CVE-2018-19211,0.00056,0.21204
CVE-2018-19212,0.00081,0.33520
CVE-2018-19213,0.00056,0.21204
CVE-2018-19214,0.00210,0.59008
CVE-2018-19215,0.00186,0.55894
CVE-2018-19216,0.00203,0.58298
CVE-2018-19217,0.00084,0.34615
CVE-2018-19218,0.00081,0.33520
CVE-2018-19219,0.00081,0.33520
CVE-2018-1922,0.00053,0.18449
CVE-2018-19220,0.01482,0.85477
CVE-2018-19221,0.00212,0.59184
CVE-2018-19222,0.00659,0.77474
CVE-2018-19223,0.00058,0.22585
CVE-2018-19224,0.00102,0.41475
CVE-2018-19225,0.00112,0.44586
CVE-2018-19226,0.00249,0.62886
CVE-2018-19227,0.00058,0.22585
CVE-2018-19228,0.00107,0.43004
CVE-2018-19229,0.00058,0.22585
CVE-2018-1923,0.00053,0.18449
CVE-2018-19232,0.00232,0.61403
CVE-2018-19233,0.00042,0.05722
CVE-2018-19234,0.00721,0.78630
CVE-2018-19239,0.00113,0.44702
CVE-2018-19240,0.00260,0.63852
CVE-2018-19241,0.00110,0.44008
CVE-2018-19242,0.00092,0.38705
CVE-2018-19244,0.00588,0.75977
CVE-2018-19246,0.94191,0.99018
CVE-2018-19248,0.00249,0.62881
CVE-2018-19249,0.00260,0.63804
CVE-2018-1925,0.00107,0.43309
CVE-2018-1926,0.00104,0.42297
CVE-2018-1927,0.00061,0.24135
CVE-2018-19271,0.00177,0.54897
CVE-2018-19274,0.79305,0.98025
CVE-2018-19275,0.01061,0.82618
CVE-2018-19276,0.96680,0.99575
CVE-2018-19277,0.01689,0.86433
CVE-2018-19278,0.00453,0.72628
CVE-2018-19279,0.00044,0.10161
CVE-2018-1928,0.00044,0.10161
CVE-2018-19280,0.00132,0.48257
CVE-2018-19281,0.00204,0.58457
CVE-2018-19282,0.00122,0.46457
CVE-2018-19286,0.00087,0.36434
CVE-2018-19287,0.37007,0.96822
CVE-2018-19288,0.00295,0.66160
CVE-2018-19289,0.00092,0.38766
CVE-2018-1929,0.00060,0.23273
CVE-2018-19290,0.01147,0.83325
CVE-2018-19291,0.00062,0.24532
CVE-2018-19295,0.00042,0.05722
CVE-2018-19296,0.00652,0.77306
CVE-2018-19300,0.01407,0.85108
CVE-2018-19301,0.00087,0.36434
CVE-2018-19311,0.00095,0.39637
CVE-2018-19312,0.00205,0.58540
CVE-2018-19318,0.00112,0.44586
CVE-2018-19319,0.00063,0.25629
CVE-2018-1932,0.00092,0.38680
CVE-2018-19320,0.00185,0.55827
CVE-2018-19321,0.00125,0.46974
CVE-2018-19322,0.00317,0.67441
CVE-2018-19323,0.13890,0.95171
CVE-2018-19324,0.00058,0.22585
CVE-2018-19326,0.01158,0.83403
CVE-2018-19327,0.00112,0.44586
CVE-2018-19328,0.00708,0.78385
CVE-2018-19329,0.00102,0.41344
CVE-2018-1933,0.00059,0.22868
CVE-2018-19331,0.00124,0.46843
CVE-2018-19332,0.00130,0.47856
CVE-2018-19333,0.00283,0.65377
CVE-2018-19334,0.00091,0.38537
CVE-2018-19335,0.00091,0.38537
CVE-2018-1934,0.00068,0.28329
CVE-2018-19340,0.00087,0.36434
CVE-2018-19341,0.00085,0.35447
CVE-2018-19342,0.00239,0.62037
CVE-2018-19343,0.00085,0.35447
CVE-2018-19344,0.00085,0.35447
CVE-2018-19345,0.00085,0.35447
CVE-2018-19346,0.00085,0.35447
CVE-2018-19347,0.00085,0.35447
CVE-2018-19348,0.00239,0.62037
CVE-2018-19349,0.00091,0.38618
CVE-2018-1935,0.00063,0.24898
CVE-2018-19350,0.00058,0.22585
CVE-2018-19351,0.00183,0.55676
CVE-2018-19352,0.00172,0.54262
CVE-2018-19353,0.00114,0.44909
CVE-2018-19355,0.01278,0.84307
CVE-2018-19357,0.00174,0.54675
CVE-2018-19358,0.00043,0.07658
CVE-2018-19359,0.00377,0.70071
CVE-2018-1936,0.00044,0.10161
CVE-2018-19360,0.00864,0.80576
CVE-2018-19361,0.00864,0.80576
CVE-2018-19362,0.00864,0.80576
CVE-2018-19364,0.00062,0.24773
CVE-2018-19365,0.01354,0.84796
CVE-2018-19367,0.00690,0.78094
CVE-2018-1937,0.00042,0.05722
CVE-2018-19370,0.01422,0.85176
CVE-2018-19371,0.00938,0.81410
CVE-2018-19374,0.00058,0.21920
CVE-2018-19376,0.00063,0.25629
CVE-2018-1938,0.00042,0.05722
CVE-2018-19386,0.00177,0.54967
CVE-2018-19388,0.00099,0.40692
CVE-2018-19389,0.00077,0.31689
CVE-2018-1939,0.00131,0.47919
CVE-2018-19390,0.00077,0.31689
CVE-2018-19391,0.00072,0.29993
CVE-2018-19392,0.00456,0.72696
CVE-2018-19393,0.00105,0.42589
CVE-2018-19394,0.00050,0.16378
CVE-2018-19395,0.00128,0.47420
CVE-2018-19396,0.00128,0.47420
CVE-2018-19404,0.00401,0.71007
CVE-2018-19406,0.00042,0.05722
CVE-2018-19407,0.00042,0.05722
CVE-2018-19409,0.00765,0.79291
CVE-2018-1941,0.00042,0.05722
CVE-2018-19410,0.00561,0.75346
CVE-2018-19411,0.00104,0.42231
CVE-2018-19413,0.00054,0.19451
CVE-2018-19414,0.00607,0.76367
CVE-2018-19415,0.00178,0.55134
CVE-2018-19416,0.00093,0.39113
CVE-2018-19417,0.01134,0.83222
CVE-2018-19418,0.00177,0.54956
CVE-2018-19420,0.00058,0.22585
CVE-2018-19421,0.00058,0.22585
CVE-2018-19422,0.82916,0.98189
CVE-2018-19423,0.08680,0.93948
CVE-2018-19424,0.00276,0.64903
CVE-2018-1943,0.00076,0.31176
CVE-2018-19432,0.00219,0.59904
CVE-2018-19433,0.00087,0.36434
CVE-2018-19434,0.00091,0.38618
CVE-2018-19435,0.00091,0.38618
CVE-2018-19436,0.00091,0.38618
CVE-2018-19437,0.00324,0.67775
CVE-2018-19439,0.00548,0.75098
CVE-2018-1944,0.00118,0.45738
CVE-2018-19440,0.00091,0.38064
CVE-2018-19441,0.00044,0.10161
CVE-2018-19442,0.02011,0.87722
CVE-2018-19443,0.00128,0.47518
CVE-2018-19444,0.00149,0.50941
CVE-2018-19445,0.00120,0.46109
CVE-2018-19446,0.00130,0.47879
CVE-2018-19447,0.00189,0.56500
CVE-2018-19448,0.00160,0.52637
CVE-2018-19449,0.00130,0.47879
CVE-2018-1945,0.00094,0.39362
CVE-2018-19450,0.00120,0.46109
CVE-2018-19451,0.00130,0.47804
CVE-2018-19452,0.00184,0.55752
CVE-2018-19453,0.00249,0.62941
CVE-2018-19456,0.00288,0.65687
CVE-2018-19457,0.00474,0.73159
CVE-2018-19458,0.09157,0.94101
CVE-2018-19459,0.00213,0.59339
CVE-2018-1946,0.00079,0.32888
CVE-2018-19461,0.00067,0.27713
CVE-2018-19462,0.00681,0.77948
CVE-2018-19463,0.00194,0.57281
CVE-2018-19464,0.00054,0.20290
CVE-2018-19465,0.00096,0.40015
CVE-2018-19466,0.00358,0.69353
CVE-2018-19468,0.00212,0.59184
CVE-2018-19469,0.00087,0.36434
CVE-2018-1947,0.00068,0.28038
CVE-2018-19475,0.00683,0.77971
CVE-2018-19476,0.00497,0.73791
CVE-2018-19477,0.00497,0.73791
CVE-2018-19478,0.00216,0.59626
CVE-2018-1948,0.00068,0.28038
CVE-2018-19486,0.02388,0.88822
CVE-2018-19487,0.01135,0.83236
CVE-2018-19488,0.02226,0.88415
CVE-2018-19489,0.00062,0.24773
CVE-2018-1949,0.00050,0.16691
CVE-2018-19490,0.00099,0.40747
CVE-2018-19491,0.00099,0.40747
CVE-2018-19492,0.00099,0.40747
CVE-2018-19493,0.00127,0.47308
CVE-2018-19494,0.00054,0.20290
CVE-2018-19495,0.00064,0.26201
CVE-2018-19496,0.00054,0.20290
CVE-2018-19497,0.00846,0.80383
CVE-2018-19498,0.01358,0.84847
CVE-2018-19499,0.00329,0.68012
CVE-2018-1950,0.00050,0.16691
CVE-2018-19502,0.00507,0.74091
CVE-2018-19503,0.00479,0.73340
CVE-2018-19504,0.00386,0.70461
CVE-2018-19505,0.00098,0.40554
CVE-2018-19506,0.00058,0.22585
CVE-2018-19507,0.00058,0.22585
CVE-2018-19508,0.00058,0.22585
CVE-2018-19509,0.00738,0.78889
CVE-2018-1951,0.00059,0.23108
CVE-2018-19510,0.00462,0.72841
CVE-2018-19511,0.00260,0.63831
CVE-2018-19512,0.00192,0.56855
CVE-2018-19513,0.00348,0.68888
CVE-2018-19514,0.01128,0.83171
CVE-2018-19515,0.01497,0.85558
CVE-2018-19516,0.00084,0.34791
CVE-2018-19517,0.00056,0.21204
CVE-2018-19518,0.95329,0.99215
CVE-2018-19519,0.00146,0.50538
CVE-2018-1952,0.00057,0.21292
CVE-2018-19520,0.00217,0.59767
CVE-2018-19522,0.00044,0.10445
CVE-2018-19523,0.00044,0.10161
CVE-2018-19524,0.06973,0.93313
CVE-2018-19525,0.00661,0.77501
CVE-2018-19527,0.00087,0.36434
CVE-2018-19528,0.00692,0.78113
CVE-2018-19530,0.01012,0.82143
CVE-2018-19531,0.01012,0.82143
CVE-2018-19532,0.00286,0.65613
CVE-2018-19535,0.00342,0.68615
CVE-2018-19537,0.00414,0.71427
CVE-2018-19539,0.00266,0.64298
CVE-2018-19540,0.00721,0.78623
CVE-2018-19541,0.00432,0.71939
CVE-2018-19542,0.00146,0.50432
CVE-2018-19543,0.00176,0.54793
CVE-2018-19544,0.00063,0.25629
CVE-2018-19545,0.00112,0.44586
CVE-2018-19546,0.00372,0.69917
CVE-2018-19547,0.00144,0.50222
CVE-2018-19548,0.01009,0.82120
CVE-2018-19549,0.00087,0.36089
CVE-2018-19550,0.00580,0.75797
CVE-2018-19551,0.00087,0.36089
CVE-2018-19552,0.00087,0.36089
CVE-2018-19553,0.00087,0.36089
CVE-2018-19554,0.00054,0.20290
CVE-2018-19555,0.00112,0.44586
CVE-2018-19556,0.00075,0.31108
CVE-2018-19557,0.00465,0.72921
CVE-2018-19558,0.00212,0.59184
CVE-2018-19559,0.00301,0.66457
CVE-2018-1956,0.00133,0.48373
CVE-2018-19560,0.00112,0.44586
CVE-2018-19561,0.00112,0.44586
CVE-2018-19562,0.00550,0.75143
CVE-2018-19564,0.00136,0.48925
CVE-2018-19565,0.00072,0.29855
CVE-2018-19566,0.00072,0.29855
CVE-2018-19567,0.00061,0.24231
CVE-2018-19568,0.00061,0.24231
CVE-2018-19569,0.00171,0.54189
CVE-2018-1957,0.00051,0.17134
CVE-2018-19570,0.00069,0.28632
CVE-2018-19571,0.00108,0.43342
CVE-2018-19572,0.00178,0.55045
CVE-2018-19573,0.00069,0.28632
CVE-2018-19574,0.00069,0.28632
CVE-2018-19575,0.00073,0.30221
CVE-2018-19576,0.00068,0.28144
CVE-2018-19577,0.00164,0.53067
CVE-2018-19578,0.00064,0.26201
CVE-2018-19579,0.00058,0.22585
CVE-2018-19580,0.00090,0.37972
CVE-2018-19581,0.00090,0.37972
CVE-2018-19582,0.00054,0.20290
CVE-2018-19583,0.00118,0.45707
CVE-2018-19584,0.00255,0.63481
CVE-2018-19585,0.00162,0.52896
CVE-2018-19586,0.00172,0.54303
CVE-2018-19587,0.00369,0.69814
CVE-2018-19588,0.00075,0.30870
CVE-2018-19589,0.00068,0.27941
CVE-2018-1959,0.00044,0.10161
CVE-2018-19591,0.00798,0.79813
CVE-2018-19592,0.00044,0.10161
CVE-2018-19595,0.04022,0.91226
CVE-2018-19596,0.00054,0.20290
CVE-2018-19597,0.00058,0.22005
CVE-2018-19598,0.00058,0.22585
CVE-2018-19599,0.00067,0.27713
CVE-2018-19600,0.00052,0.17785
CVE-2018-19601,0.00116,0.45284
CVE-2018-19607,0.00397,0.70885
CVE-2018-19608,0.00061,0.23971
CVE-2018-19609,0.00188,0.56337
CVE-2018-1961,0.00064,0.26231
CVE-2018-19612,0.00268,0.64421
CVE-2018-19613,0.00053,0.19032
CVE-2018-19614,0.00084,0.35108
CVE-2018-19615,0.00411,0.71293
CVE-2018-19616,0.02261,0.88519
CVE-2018-1962,0.00042,0.05722
CVE-2018-19620,0.00157,0.52151
CVE-2018-19621,0.00063,0.25629
CVE-2018-19622,0.00267,0.64371
CVE-2018-19623,0.00433,0.71994
CVE-2018-19624,0.00119,0.45845
CVE-2018-19625,0.00106,0.42904
CVE-2018-19626,0.00119,0.45845
CVE-2018-19627,0.02702,0.89462
CVE-2018-19628,0.00303,0.66563
CVE-2018-19629,0.00114,0.44899
CVE-2018-19630,0.00082,0.33989
CVE-2018-19634,0.00147,0.50603
CVE-2018-19635,0.00268,0.64402
CVE-2018-19636,0.00044,0.10161
CVE-2018-19637,0.00042,0.05722
CVE-2018-19638,0.00044,0.10161
CVE-2018-19639,0.00044,0.10504
CVE-2018-19640,0.00044,0.10161
CVE-2018-19641,0.00905,0.81048
CVE-2018-19642,0.00103,0.41969
CVE-2018-19643,0.00168,0.53801
CVE-2018-19644,0.00078,0.32606
CVE-2018-19645,0.00284,0.65465
CVE-2018-19646,0.00424,0.71737
CVE-2018-19648,0.00102,0.41368
CVE-2018-19649,0.00367,0.69754
CVE-2018-19650,0.00042,0.05722
CVE-2018-19651,0.00065,0.26756
CVE-2018-19653,0.00140,0.49545
CVE-2018-19654,0.00102,0.41246
CVE-2018-19655,0.00783,0.79554
CVE-2018-19658,0.00054,0.20290
CVE-2018-19659,0.00064,0.26273
CVE-2018-19660,0.00064,0.26273
CVE-2018-19661,0.00182,0.55554
CVE-2018-19662,0.00346,0.68797
CVE-2018-19664,0.00108,0.43444
CVE-2018-19665,0.00059,0.22933
CVE-2018-19666,0.00044,0.07794
CVE-2018-1967,0.00103,0.41650
CVE-2018-1968,0.00064,0.26231
CVE-2018-1969,0.00137,0.49182
CVE-2018-19692,0.01056,0.82547
CVE-2018-19693,0.00087,0.36434
CVE-2018-19694,0.00603,0.76280
CVE-2018-19698,0.00434,0.72039
CVE-2018-19699,0.00291,0.65909
CVE-2018-1970,0.00116,0.45281
CVE-2018-19700,0.00434,0.72039
CVE-2018-19701,0.00291,0.65909
CVE-2018-19702,0.00547,0.75082
CVE-2018-19703,0.00271,0.64611
CVE-2018-19704,0.00271,0.64611
CVE-2018-19705,0.00271,0.64611
CVE-2018-19706,0.00291,0.65909
CVE-2018-19707,0.00434,0.72039
CVE-2018-19708,0.00434,0.72039
CVE-2018-19709,0.00271,0.64611
CVE-2018-19710,0.00271,0.64611
CVE-2018-19711,0.04635,0.91790
CVE-2018-19712,0.04635,0.91790
CVE-2018-19713,0.00462,0.72849
CVE-2018-19714,0.04635,0.91790
CVE-2018-19715,0.00434,0.72039
CVE-2018-19716,0.01402,0.85078
CVE-2018-19717,0.00271,0.64611
CVE-2018-19718,0.00113,0.44652
CVE-2018-19719,0.04635,0.91790
CVE-2018-19720,0.00620,0.76661
CVE-2018-19721,0.05323,0.92359
CVE-2018-19722,0.00287,0.65619
CVE-2018-19723,0.03284,0.90371
CVE-2018-19724,0.00184,0.55803
CVE-2018-19725,0.00397,0.70861
CVE-2018-19726,0.00184,0.55803
CVE-2018-19727,0.00184,0.55803
CVE-2018-19728,0.05323,0.92359
CVE-2018-1973,0.00143,0.50107
CVE-2018-1974,0.00093,0.39184
CVE-2018-19748,0.00577,0.75724
CVE-2018-19749,0.00096,0.39858
CVE-2018-1975,0.00050,0.16691
CVE-2018-19750,0.00136,0.48923
CVE-2018-19751,0.00096,0.39858
CVE-2018-19752,0.00096,0.39858
CVE-2018-19753,0.00942,0.81450
CVE-2018-19754,0.00086,0.35721
CVE-2018-19755,0.00061,0.23866
CVE-2018-19756,0.00056,0.21204
CVE-2018-19757,0.00084,0.34615
CVE-2018-19758,0.00182,0.55554
CVE-2018-19759,0.00056,0.21204
CVE-2018-1976,0.00100,0.40801
CVE-2018-19760,0.00209,0.58880
CVE-2018-19761,0.00056,0.21204
CVE-2018-19762,0.00120,0.46175
CVE-2018-19763,0.00056,0.21204
CVE-2018-19765,0.00367,0.69754
CVE-2018-19766,0.00367,0.69754
CVE-2018-19767,0.00367,0.69754
CVE-2018-19768,0.00367,0.69754
CVE-2018-19769,0.00367,0.69754
CVE-2018-1977,0.00110,0.43941
CVE-2018-19770,0.00367,0.69754
CVE-2018-19771,0.00367,0.69754
CVE-2018-19772,0.00367,0.69754
CVE-2018-19773,0.00367,0.69754
CVE-2018-19774,0.00367,0.69754
CVE-2018-19775,0.00367,0.69754
CVE-2018-19777,0.00061,0.24189
CVE-2018-1978,0.00042,0.05722
CVE-2018-19782,0.00794,0.79762
CVE-2018-19783,0.01230,0.83959
CVE-2018-19784,0.00703,0.78300
CVE-2018-19785,0.00144,0.50222
CVE-2018-19786,0.00222,0.60556
CVE-2018-19787,0.00614,0.76529
CVE-2018-19788,0.00871,0.80647
CVE-2018-19789,0.02614,0.89282
CVE-2018-19790,0.00990,0.81957
CVE-2018-19791,0.00072,0.29898
CVE-2018-19792,0.00042,0.05722
CVE-2018-19793,0.00348,0.68913
CVE-2018-19794,0.00213,0.59364
CVE-2018-19795,0.00113,0.44691
CVE-2018-19796,0.00231,0.61332
CVE-2018-19797,0.00299,0.66382
CVE-2018-19798,0.00625,0.76766
CVE-2018-19799,0.00354,0.69136
CVE-2018-1980,0.00042,0.05722
CVE-2018-19800,0.00398,0.70906
CVE-2018-19801,0.00457,0.72722
CVE-2018-19802,0.00943,0.81456
CVE-2018-19809,0.00367,0.69754
CVE-2018-19810,0.00367,0.69754
CVE-2018-19811,0.00367,0.69754
CVE-2018-19812,0.00367,0.69754
CVE-2018-19813,0.00367,0.69754
CVE-2018-19814,0.00367,0.69754
CVE-2018-19815,0.00367,0.69754
CVE-2018-19816,0.00367,0.69754
CVE-2018-19817,0.00367,0.69754
CVE-2018-19818,0.00367,0.69754
CVE-2018-19819,0.00367,0.69754
CVE-2018-1982,0.00059,0.22868
CVE-2018-19820,0.00367,0.69754
CVE-2018-19821,0.00367,0.69754
CVE-2018-19822,0.00367,0.69754
CVE-2018-19824,0.00044,0.08000
CVE-2018-19826,0.00097,0.40100
CVE-2018-19827,0.00384,0.70397
CVE-2018-19828,0.00168,0.53549
CVE-2018-19829,0.00110,0.44077
CVE-2018-1983,0.00059,0.22868
CVE-2018-19830,0.00070,0.28998
CVE-2018-19831,0.00082,0.34065
CVE-2018-19832,0.00082,0.34065
CVE-2018-19833,0.00082,0.34065
CVE-2018-19834,0.00082,0.34065
CVE-2018-19835,0.00087,0.36434
CVE-2018-19836,0.00071,0.29423
CVE-2018-19837,0.00313,0.67133
CVE-2018-19838,0.00280,0.65143
CVE-2018-19839,0.00353,0.69127
CVE-2018-1984,0.00059,0.22868
CVE-2018-19840,0.00190,0.56640
CVE-2018-19841,0.00097,0.40111
CVE-2018-19842,0.00063,0.25775
CVE-2018-19843,0.00063,0.25775
CVE-2018-19844,0.00058,0.22585
CVE-2018-19845,0.00058,0.22585
CVE-2018-19849,0.00058,0.22585
CVE-2018-1985,0.00044,0.10161
CVE-2018-19853,0.00104,0.42231
CVE-2018-19854,0.00062,0.24540
CVE-2018-19855,0.00071,0.29203
CVE-2018-19856,0.00406,0.71164
CVE-2018-19857,0.90788,0.98628
CVE-2018-19858,0.00441,0.72255
CVE-2018-19859,0.00055,0.20423
CVE-2018-19860,0.00127,0.47356
CVE-2018-19861,0.02656,0.89373
CVE-2018-19862,0.02656,0.89373
CVE-2018-19863,0.00051,0.17134
CVE-2018-19864,0.21395,0.96023
CVE-2018-19865,0.00347,0.68825
CVE-2018-19869,0.00663,0.77564
CVE-2018-1987,0.00044,0.10161
CVE-2018-19870,0.00574,0.75656
CVE-2018-19871,0.00406,0.71162
CVE-2018-19872,0.00136,0.48988
CVE-2018-19873,0.00767,0.79322
CVE-2018-19876,0.00098,0.40509
CVE-2018-19877,0.00241,0.62217
CVE-2018-19878,0.00068,0.28007
CVE-2018-19879,0.00420,0.71627
CVE-2018-19881,0.00290,0.65861
CVE-2018-19882,0.00245,0.62616
CVE-2018-19886,0.00057,0.21306
CVE-2018-19887,0.00056,0.21204
CVE-2018-19888,0.00056,0.21204
CVE-2018-19889,0.00056,0.21204
CVE-2018-19890,0.00056,0.21204
CVE-2018-19891,0.00056,0.21204
CVE-2018-19892,0.00101,0.41174
CVE-2018-19893,0.00212,0.59184
CVE-2018-19894,0.00091,0.38618
CVE-2018-19895,0.00091,0.38618
CVE-2018-19896,0.00091,0.38618
CVE-2018-19897,0.00091,0.38618
CVE-2018-19898,0.00091,0.38618
CVE-2018-1990,0.00078,0.32235
CVE-2018-19901,0.00058,0.22585
CVE-2018-19902,0.00058,0.22585
CVE-2018-19903,0.00087,0.36434
CVE-2018-19904,0.00087,0.36434
CVE-2018-19905,0.00058,0.22585
CVE-2018-19906,0.00052,0.17785
CVE-2018-19907,0.00197,0.57691
CVE-2018-19908,0.04227,0.91433
CVE-2018-1991,0.00050,0.16691
CVE-2018-19911,0.00385,0.70440
CVE-2018-19913,0.00085,0.35326
CVE-2018-19914,0.00153,0.51624
CVE-2018-19915,0.00153,0.51624
CVE-2018-19917,0.02738,0.89535
CVE-2018-19918,0.00052,0.17785
CVE-2018-19919,0.00058,0.22585
CVE-2018-1992,0.00044,0.10161
CVE-2018-19921,0.00145,0.50356
CVE-2018-19922,0.00131,0.48045
CVE-2018-19923,0.00112,0.44586
CVE-2018-19924,0.00087,0.36434
CVE-2018-19925,0.00212,0.59184
CVE-2018-19926,0.00087,0.36434
CVE-2018-19927,0.00058,0.22585
CVE-2018-1993,0.00051,0.17134
CVE-2018-19931,0.00144,0.50283
CVE-2018-19932,0.00135,0.48756
CVE-2018-19933,0.00689,0.78068
CVE-2018-19934,0.00287,0.65626
CVE-2018-19935,0.02500,0.89060
CVE-2018-19936,0.00197,0.57585
CVE-2018-19937,0.00042,0.05722
CVE-2018-19939,0.00090,0.37766
CVE-2018-1994,0.00114,0.44970
CVE-2018-19941,0.00161,0.52757
CVE-2018-19942,0.00112,0.44449
CVE-2018-19943,0.00176,0.54861
CVE-2018-19944,0.00272,0.64621
CVE-2018-19945,0.00102,0.41523
CVE-2018-19946,0.00080,0.33333
CVE-2018-19947,0.00062,0.24461
CVE-2018-19948,0.00051,0.17339
CVE-2018-19949,0.00672,0.77754
CVE-2018-19950,0.00260,0.63812
CVE-2018-19951,0.00115,0.45113
CVE-2018-19952,0.00112,0.44394
CVE-2018-19953,0.00379,0.70217
CVE-2018-19954,0.00115,0.45113
CVE-2018-19955,0.00115,0.45113
CVE-2018-19956,0.00115,0.45113
CVE-2018-19957,0.00111,0.44241
CVE-2018-1996,0.00105,0.42651
CVE-2018-19960,0.00042,0.05722
CVE-2018-19961,0.00062,0.24773
CVE-2018-19962,0.00062,0.24773
CVE-2018-19963,0.00044,0.10161
CVE-2018-19964,0.00044,0.10161
CVE-2018-19965,0.00062,0.24773
CVE-2018-19966,0.00062,0.24773
CVE-2018-19967,0.00062,0.24773
CVE-2018-19968,0.45371,0.97099
CVE-2018-19969,0.00326,0.67866
CVE-2018-1997,0.00076,0.31433
CVE-2018-19970,0.19761,0.95896
CVE-2018-19971,0.00317,0.67432
CVE-2018-19974,0.00117,0.45526
CVE-2018-19975,0.00117,0.45526
CVE-2018-19976,0.00117,0.45526
CVE-2018-19977,0.00090,0.38043
CVE-2018-19978,0.00199,0.57922
CVE-2018-1998,0.00042,0.05844
CVE-2018-19980,0.00114,0.44899
CVE-2018-19981,0.00864,0.80577
CVE-2018-19982,0.00061,0.23892
CVE-2018-19983,0.00058,0.22795
CVE-2018-19985,0.00156,0.51913
CVE-2018-19986,0.01394,0.85046
CVE-2018-19987,0.58181,0.97444
CVE-2018-19988,0.34965,0.96740
CVE-2018-19989,0.01482,0.85473
CVE-2018-1999,0.00050,0.16691
CVE-2018-19990,0.01402,0.85085
CVE-2018-1999001,0.00703,0.78275
CVE-2018-1999002,0.20799,0.95979
CVE-2018-1999003,0.00054,0.19618
CVE-2018-1999004,0.00053,0.18556
CVE-2018-1999005,0.00054,0.19618
CVE-2018-1999006,0.00054,0.19618
CVE-2018-1999007,0.00054,0.19618
CVE-2018-1999008,0.00054,0.20290
CVE-2018-1999009,0.00295,0.66140
CVE-2018-1999010,0.00506,0.74050
CVE-2018-1999011,0.02510,0.89082
CVE-2018-1999012,0.00350,0.69007
CVE-2018-1999013,0.00229,0.61176
CVE-2018-1999014,0.00227,0.60995
CVE-2018-1999015,0.00229,0.61176
CVE-2018-1999016,0.00213,0.59405
CVE-2018-1999017,0.00066,0.27172
CVE-2018-1999018,0.00172,0.54276
CVE-2018-1999019,0.01627,0.86208
CVE-2018-1999020,0.00073,0.30263
CVE-2018-1999021,0.00055,0.20626
CVE-2018-1999022,0.00417,0.71506
CVE-2018-1999023,0.00187,0.56272
CVE-2018-1999024,0.00104,0.42234
CVE-2018-1999025,0.00128,0.47518
CVE-2018-1999026,0.00054,0.19415
CVE-2018-1999027,0.00073,0.30112
CVE-2018-1999028,0.00104,0.42231
CVE-2018-1999029,0.00054,0.19618
CVE-2018-1999030,0.00054,0.19618
CVE-2018-1999031,0.00065,0.26756
CVE-2018-1999032,0.00054,0.19451
CVE-2018-1999033,0.00065,0.26756
CVE-2018-1999034,0.00128,0.47518
CVE-2018-1999035,0.00128,0.47518
CVE-2018-1999036,0.00065,0.27070
CVE-2018-1999037,0.00054,0.19618
CVE-2018-1999038,0.00054,0.19618
CVE-2018-1999039,0.00054,0.19618
CVE-2018-1999040,0.00104,0.42231
CVE-2018-1999041,0.00044,0.10161
CVE-2018-1999042,0.00084,0.34791
CVE-2018-1999043,0.00103,0.41969
CVE-2018-1999044,0.00081,0.33768
CVE-2018-1999045,0.00054,0.19618
CVE-2018-1999046,0.00054,0.19618
CVE-2018-1999047,0.00054,0.19618
CVE-2018-19991,0.01201,0.83762
CVE-2018-19992,0.00066,0.27429
CVE-2018-19993,0.00115,0.45113
CVE-2018-19994,0.00110,0.44091
CVE-2018-19995,0.00057,0.21277
CVE-2018-19998,0.00116,0.45383
CVE-2018-19999,0.00060,0.23520
CVE-2018-2000,0.00192,0.57134
CVE-2018-20000,0.00137,0.49213
CVE-2018-20001,0.00139,0.49425
CVE-2018-20002,0.00146,0.50514
CVE-2018-20004,0.01920,0.87390
CVE-2018-20005,0.00148,0.50739
CVE-2018-20006,0.00087,0.36434
CVE-2018-20007,0.00125,0.47027
CVE-2018-20008,0.00125,0.47027
CVE-2018-20009,0.00153,0.51624
CVE-2018-2001,0.00061,0.24135
CVE-2018-20010,0.00153,0.51624
CVE-2018-20011,0.00153,0.51624
CVE-2018-20012,0.00058,0.22585
CVE-2018-20013,0.00116,0.45451
CVE-2018-20014,0.00163,0.52950
CVE-2018-20015,0.00112,0.44586
CVE-2018-20017,0.00058,0.22585
CVE-2018-20018,0.00224,0.60793
CVE-2018-20019,0.03260,0.90338
CVE-2018-20020,0.21656,0.96036
CVE-2018-20021,0.01467,0.85416
CVE-2018-20022,0.00829,0.80176
CVE-2018-20023,0.00806,0.79903
CVE-2018-20024,0.01453,0.85347
CVE-2018-20025,0.00676,0.77797
CVE-2018-20026,0.00215,0.59583
CVE-2018-20027,0.00485,0.73502
CVE-2018-20028,0.00065,0.26756
CVE-2018-20029,0.00042,0.05722
CVE-2018-20030,0.00608,0.76369
CVE-2018-20031,0.00268,0.64396
CVE-2018-20032,0.00268,0.64396
CVE-2018-20033,0.00573,0.75625
CVE-2018-20034,0.00268,0.64396
CVE-2018-2004,0.00059,0.22868
CVE-2018-2005,0.00042,0.05722
CVE-2018-20050,0.00247,0.62766
CVE-2018-20051,0.00227,0.60985
CVE-2018-20052,0.00044,0.10161
CVE-2018-20053,0.00612,0.76473
CVE-2018-20056,0.01306,0.84510
CVE-2018-20057,0.01170,0.83522
CVE-2018-20058,0.00244,0.62525
CVE-2018-20059,0.00390,0.70637
CVE-2018-2006,0.00113,0.44731
CVE-2018-20060,0.01105,0.82986
CVE-2018-20061,0.00124,0.46843
CVE-2018-20062,0.96823,0.99627
CVE-2018-20063,0.00279,0.65069
CVE-2018-20064,0.00215,0.59573
CVE-2018-20065,0.00129,0.47640
CVE-2018-20066,0.00151,0.51327
CVE-2018-20067,0.00109,0.43911
CVE-2018-20068,0.00109,0.43911
CVE-2018-20069,0.00109,0.43911
CVE-2018-2007,0.00107,0.43309
CVE-2018-20070,0.00105,0.42681
CVE-2018-20071,0.00102,0.41521
CVE-2018-20073,0.00042,0.05722
CVE-2018-2008,0.00060,0.23273
CVE-2018-2009,0.00079,0.33023
CVE-2018-20090,0.00092,0.38890
CVE-2018-20091,0.00083,0.34347
CVE-2018-20092,0.00366,0.69675
CVE-2018-20094,0.00449,0.72491
CVE-2018-20095,0.00096,0.39969
CVE-2018-20096,0.00377,0.70078
CVE-2018-20097,0.00915,0.81163
CVE-2018-20098,0.00435,0.72093
CVE-2018-20099,0.00435,0.72093
CVE-2018-20100,0.00222,0.60556
CVE-2018-20101,0.00084,0.35108
CVE-2018-20102,0.00733,0.78827
CVE-2018-20103,0.01466,0.85413
CVE-2018-20105,0.00042,0.05722
CVE-2018-20106,0.00223,0.60665
CVE-2018-2011,0.00080,0.33426
CVE-2018-20114,0.00798,0.79809
CVE-2018-20121,0.00578,0.75748
CVE-2018-20122,0.00400,0.70963
CVE-2018-20123,0.00062,0.24773
CVE-2018-20124,0.00059,0.22933
CVE-2018-20125,0.00884,0.80800
CVE-2018-20126,0.00062,0.24773
CVE-2018-20127,0.00201,0.58125
CVE-2018-20128,0.00215,0.59573
CVE-2018-20129,0.01958,0.87518
CVE-2018-2013,0.00118,0.45663
CVE-2018-20131,0.00044,0.10161
CVE-2018-20133,0.00485,0.73502
CVE-2018-20135,0.00299,0.66366
CVE-2018-20136,0.00058,0.22585
CVE-2018-20137,0.00058,0.22585
CVE-2018-20138,0.00058,0.22585
CVE-2018-20140,0.00658,0.77396
CVE-2018-20141,0.00146,0.50501
CVE-2018-20144,0.00234,0.61583
CVE-2018-20145,0.00141,0.49803
CVE-2018-20146,0.00042,0.05722
CVE-2018-20147,0.00155,0.51837
CVE-2018-20148,0.01578,0.85986
CVE-2018-20149,0.00102,0.41369
CVE-2018-2015,0.00131,0.47919
CVE-2018-20150,0.00762,0.79247
CVE-2018-20151,0.01025,0.82250
CVE-2018-20152,0.00149,0.50948
CVE-2018-20153,0.00170,0.53956
CVE-2018-20154,0.00087,0.35996
CVE-2018-20155,0.00079,0.33104
CVE-2018-20156,0.00221,0.60283
CVE-2018-20157,0.00414,0.71442
CVE-2018-20159,0.02490,0.89042
CVE-2018-20160,0.00314,0.67201
CVE-2018-20161,0.00058,0.21949
CVE-2018-20162,0.01137,0.83249
CVE-2018-20164,0.00476,0.73228
CVE-2018-20165,0.00115,0.45113
CVE-2018-20166,0.00806,0.79910
CVE-2018-20167,0.00532,0.74709
CVE-2018-20168,0.00049,0.15848
CVE-2018-20169,0.00257,0.63569
CVE-2018-20170,0.00126,0.47113
CVE-2018-20171,0.00200,0.57943
CVE-2018-20172,0.00200,0.57943
CVE-2018-20173,0.01518,0.85695
CVE-2018-20174,0.00390,0.70627
CVE-2018-20175,0.00929,0.81322
CVE-2018-20176,0.00616,0.76583
CVE-2018-20177,0.01241,0.84064
CVE-2018-20178,0.00929,0.81322
CVE-2018-20179,0.09187,0.94112
CVE-2018-20180,0.08971,0.94043
CVE-2018-20181,0.02787,0.89617
CVE-2018-20182,0.02665,0.89385
CVE-2018-20184,0.00622,0.76699
CVE-2018-20185,0.00290,0.65819
CVE-2018-20186,0.00096,0.39969
CVE-2018-20187,0.00126,0.47151
CVE-2018-20188,0.00112,0.44586
CVE-2018-20189,0.00203,0.58328
CVE-2018-2019,0.00146,0.50515
CVE-2018-20190,0.00963,0.81677
CVE-2018-20191,0.01260,0.84205
CVE-2018-20193,0.00103,0.41733
CVE-2018-20194,0.00251,0.63117
CVE-2018-20195,0.00148,0.50739
CVE-2018-20196,0.00246,0.62643
CVE-2018-20197,0.00311,0.67033
CVE-2018-20198,0.00200,0.57932
CVE-2018-20199,0.00101,0.41071
CVE-2018-20200,0.00207,0.58678
CVE-2018-20201,0.00091,0.38161
CVE-2018-2021,0.00068,0.28038
CVE-2018-20211,0.00077,0.31777
CVE-2018-20212,0.00146,0.50501
CVE-2018-20213,0.00096,0.39929
CVE-2018-20216,0.00940,0.81428
CVE-2018-20217,0.00303,0.66592
CVE-2018-20218,0.00575,0.75681
CVE-2018-20219,0.00477,0.73241
CVE-2018-2022,0.00064,0.26231
CVE-2018-20220,0.00241,0.62176
CVE-2018-20221,0.02561,0.89171
CVE-2018-20222,0.00235,0.61731
CVE-2018-20225,0.00112,0.44462
CVE-2018-20226,0.00187,0.56280
CVE-2018-20227,0.00125,0.46991
CVE-2018-20228,0.00079,0.32944
CVE-2018-20229,0.00168,0.53814
CVE-2018-20230,0.00120,0.46175
CVE-2018-20231,0.00723,0.78668
CVE-2018-20232,0.00066,0.27429
CVE-2018-20233,0.00263,0.64040
CVE-2018-20234,0.00768,0.79339
CVE-2018-20235,0.00772,0.79405
CVE-2018-20236,0.01324,0.84611
CVE-2018-20237,0.00181,0.55385
CVE-2018-20238,0.00167,0.53411
CVE-2018-20239,0.00195,0.57501
CVE-2018-2024,0.00057,0.21364
CVE-2018-20240,0.00079,0.33065
CVE-2018-20241,0.00079,0.33065
CVE-2018-20242,0.00177,0.54873
CVE-2018-20243,0.00239,0.62047
CVE-2018-20244,0.00157,0.52143
CVE-2018-20245,0.00102,0.41344
CVE-2018-20247,0.11242,0.94704
CVE-2018-20248,0.00248,0.62802
CVE-2018-20249,0.00178,0.55088
CVE-2018-2025,0.00044,0.10161
CVE-2018-20250,0.97451,0.99949
CVE-2018-20251,0.79197,0.98022
CVE-2018-20252,0.00214,0.59509
CVE-2018-20253,0.00073,0.30218
CVE-2018-2026,0.00084,0.34879
CVE-2018-2028,0.00057,0.21364
CVE-2018-20298,0.00246,0.62681
CVE-2018-20299,0.00381,0.70281
CVE-2018-20300,0.01482,0.85477
CVE-2018-20301,0.00054,0.20290
CVE-2018-20302,0.00076,0.31249
CVE-2018-20303,0.00142,0.49923
CVE-2018-20304,0.00081,0.33520
CVE-2018-20305,0.01306,0.84510
CVE-2018-20306,0.00066,0.27429
CVE-2018-20307,0.00082,0.34183
CVE-2018-20309,0.00223,0.60644
CVE-2018-20310,0.00223,0.60644
CVE-2018-20311,0.00223,0.60644
CVE-2018-20312,0.00223,0.60644
CVE-2018-20313,0.00223,0.60644
CVE-2018-20314,0.00223,0.60644
CVE-2018-20315,0.00223,0.60644
CVE-2018-20316,0.00223,0.60644
CVE-2018-20318,0.00659,0.77474
CVE-2018-20321,0.00104,0.42231
CVE-2018-20322,0.00096,0.39767
CVE-2018-20323,0.28456,0.96451
CVE-2018-20325,0.00354,0.69140
CVE-2018-20326,0.00178,0.55050
CVE-2018-20327,0.00054,0.20290
CVE-2018-20328,0.00050,0.16378
CVE-2018-20329,0.00063,0.25077
CVE-2018-20330,0.00304,0.66649
CVE-2018-20331,0.00042,0.05722
CVE-2018-20332,0.00242,0.62228
CVE-2018-20333,0.00305,0.66728
CVE-2018-20334,0.01350,0.84771
CVE-2018-20335,0.00211,0.59062
CVE-2018-20336,0.00379,0.70203
CVE-2018-20337,0.00302,0.66512
CVE-2018-20338,0.02887,0.89783
CVE-2018-20339,0.00295,0.66160
CVE-2018-20340,0.00147,0.50712
CVE-2018-20341,0.00044,0.10161
CVE-2018-20342,0.00082,0.34106
CVE-2018-20343,0.00109,0.43790
CVE-2018-20345,0.00065,0.26756
CVE-2018-20346,0.92601,0.98829
CVE-2018-20348,0.00056,0.21204
CVE-2018-20349,0.00418,0.71530
CVE-2018-20351,0.00078,0.32606
CVE-2018-20352,0.00354,0.69158
CVE-2018-20353,0.00412,0.71354
CVE-2018-20354,0.00412,0.71354
CVE-2018-20355,0.00412,0.71354
CVE-2018-20356,0.00412,0.71354
CVE-2018-20357,0.00148,0.50739
CVE-2018-20358,0.00132,0.48168
CVE-2018-20359,0.00132,0.48168
CVE-2018-20360,0.00101,0.41071
CVE-2018-20361,0.00132,0.48168
CVE-2018-20362,0.00200,0.57932
CVE-2018-20363,0.00211,0.59030
CVE-2018-20364,0.00211,0.59030
CVE-2018-20365,0.00406,0.71148
CVE-2018-20367,0.00087,0.36434
CVE-2018-20368,0.00058,0.22585
CVE-2018-20369,0.00087,0.36434
CVE-2018-20370,0.00054,0.20290
CVE-2018-20371,0.01201,0.83762
CVE-2018-20372,0.00105,0.42564
CVE-2018-20373,0.00074,0.30642
CVE-2018-20374,0.00076,0.31435
CVE-2018-20375,0.00076,0.31435
CVE-2018-20376,0.00076,0.31435
CVE-2018-20377,0.02105,0.88031
CVE-2018-20378,0.00416,0.71497
CVE-2018-20379,0.00087,0.36434
CVE-2018-20380,0.02206,0.88363
CVE-2018-20381,0.02206,0.88363
CVE-2018-20382,0.02206,0.88363
CVE-2018-20383,0.02839,0.89710
CVE-2018-20384,0.02206,0.88363
CVE-2018-20385,0.02206,0.88363
CVE-2018-20386,0.02839,0.89710
CVE-2018-20387,0.02206,0.88363
CVE-2018-20388,0.02206,0.88363
CVE-2018-20389,0.01578,0.85990
CVE-2018-20390,0.02206,0.88363
CVE-2018-20391,0.02206,0.88363
CVE-2018-20392,0.01597,0.86063
CVE-2018-20393,0.02206,0.88363
CVE-2018-20394,0.02206,0.88363
CVE-2018-20395,0.02206,0.88363
CVE-2018-20396,0.02206,0.88363
CVE-2018-20397,0.02206,0.88363
CVE-2018-20398,0.02206,0.88363
CVE-2018-20399,0.03855,0.91069
CVE-2018-20400,0.02206,0.88363
CVE-2018-20401,0.02206,0.88363
CVE-2018-20402,0.00104,0.42231
CVE-2018-20404,0.00114,0.44899
CVE-2018-20405,0.00058,0.22585
CVE-2018-20406,0.00655,0.77346
CVE-2018-20407,0.00096,0.39969
CVE-2018-20408,0.00096,0.39969
CVE-2018-20409,0.00096,0.39969
CVE-2018-20410,0.00158,0.52291
CVE-2018-20418,0.00246,0.62691
CVE-2018-20419,0.00073,0.30112
CVE-2018-20420,0.00051,0.16927
CVE-2018-20421,0.00115,0.45086
CVE-2018-20422,0.00456,0.72703
CVE-2018-20423,0.00456,0.72703
CVE-2018-20424,0.00201,0.58125
CVE-2018-20425,0.00249,0.62941
CVE-2018-20426,0.00249,0.62941
CVE-2018-20427,0.00205,0.58506
CVE-2018-20428,0.00249,0.62941
CVE-2018-20429,0.00249,0.62941
CVE-2018-20430,0.00186,0.55989
CVE-2018-20431,0.00384,0.70395
CVE-2018-20432,0.68721,0.97707
CVE-2018-20433,0.00642,0.77098
CVE-2018-20434,0.96870,0.99645
CVE-2018-20436,0.00981,0.81851
CVE-2018-20437,0.00280,0.65151
CVE-2018-20438,0.01404,0.85097
CVE-2018-20439,0.00515,0.74282
CVE-2018-20440,0.01404,0.85097
CVE-2018-20441,0.01404,0.85097
CVE-2018-20442,0.01404,0.85097
CVE-2018-20443,0.01404,0.85097
CVE-2018-20444,0.00515,0.74282
CVE-2018-20445,0.01404,0.85097
CVE-2018-20448,0.00136,0.48923
CVE-2018-20449,0.00042,0.05722
CVE-2018-20450,0.00091,0.38112
CVE-2018-20451,0.00096,0.39969
CVE-2018-20452,0.00204,0.58371
CVE-2018-20453,0.00096,0.39969
CVE-2018-20454,0.00087,0.36434
CVE-2018-20455,0.00082,0.34070
CVE-2018-20456,0.00063,0.25775
CVE-2018-20457,0.00061,0.24231
CVE-2018-20458,0.00074,0.30438
CVE-2018-20459,0.00086,0.35795
CVE-2018-20460,0.00082,0.34070
CVE-2018-20461,0.00063,0.25775
CVE-2018-20462,0.00245,0.62598
CVE-2018-20463,0.01939,0.87455
CVE-2018-20464,0.00087,0.36434
CVE-2018-20465,0.00152,0.51390
CVE-2018-20467,0.00443,0.72326
CVE-2018-20468,0.00329,0.68038
CVE-2018-20469,0.44979,0.97083
CVE-2018-20470,0.60641,0.97507
CVE-2018-20472,0.00124,0.46693
CVE-2018-20476,0.00087,0.36434
CVE-2018-20477,0.00212,0.59184
CVE-2018-20478,0.00588,0.75977
CVE-2018-20479,0.00212,0.59184
CVE-2018-20480,0.00212,0.59184
CVE-2018-20481,0.00977,0.81826
CVE-2018-20482,0.00042,0.05722
CVE-2018-20483,0.00042,0.05722
CVE-2018-20484,0.00149,0.50928
CVE-2018-20485,0.00149,0.50928
CVE-2018-20486,0.00112,0.44327
CVE-2018-20487,0.00111,0.44150
CVE-2018-20488,0.00054,0.20290
CVE-2018-20489,0.00089,0.37201
CVE-2018-20490,0.00058,0.22585
CVE-2018-20491,0.00054,0.20290
CVE-2018-20492,0.00090,0.37972
CVE-2018-20493,0.00058,0.22585
CVE-2018-20494,0.00216,0.59622
CVE-2018-20495,0.00090,0.37972
CVE-2018-20496,0.00058,0.22585
CVE-2018-20497,0.00054,0.20290
CVE-2018-20498,0.00054,0.20290
CVE-2018-20499,0.00090,0.37972
CVE-2018-20500,0.00166,0.53380
CVE-2018-20501,0.00072,0.29893
CVE-2018-20502,0.00081,0.33520
CVE-2018-20503,0.00142,0.49929
CVE-2018-20505,0.03878,0.91100
CVE-2018-20506,0.01547,0.85829
CVE-2018-20507,0.00084,0.34791
CVE-2018-20508,0.00212,0.59184
CVE-2018-20509,0.00042,0.05722
CVE-2018-20510,0.00042,0.05722
CVE-2018-20511,0.00042,0.05722
CVE-2018-20512,0.00659,0.77474
CVE-2018-20519,0.00183,0.55697
CVE-2018-20520,0.00087,0.36434
CVE-2018-20523,0.01491,0.85517
CVE-2018-20524,0.00087,0.36434
CVE-2018-20525,0.20166,0.95931
CVE-2018-20526,0.00666,0.77613
CVE-2018-20528,0.00063,0.25077
CVE-2018-20530,0.00058,0.22585
CVE-2018-20532,0.00331,0.68173
CVE-2018-20533,0.00357,0.69288
CVE-2018-20534,0.00499,0.73844
CVE-2018-20535,0.00065,0.27117
CVE-2018-20536,0.00198,0.57769
CVE-2018-20537,0.00208,0.58747
CVE-2018-20538,0.00056,0.21204
CVE-2018-20539,0.00197,0.57658
CVE-2018-20540,0.00198,0.57769
CVE-2018-20541,0.00538,0.74866
CVE-2018-20542,0.00415,0.71474
CVE-2018-20543,0.00081,0.33520
CVE-2018-20544,0.00421,0.71655
CVE-2018-20545,0.00320,0.67566
CVE-2018-20546,0.00326,0.67876
CVE-2018-20547,0.00321,0.67651
CVE-2018-20548,0.00369,0.69816
CVE-2018-20549,0.00417,0.71512
CVE-2018-20551,0.00357,0.69306
CVE-2018-20552,0.00094,0.39396
CVE-2018-20553,0.00094,0.39396
CVE-2018-20555,0.01518,0.85698
CVE-2018-20556,0.40947,0.96961
CVE-2018-20557,0.00058,0.22585
CVE-2018-20558,0.00058,0.22585
CVE-2018-20559,0.00058,0.22585
CVE-2018-20560,0.00058,0.22585
CVE-2018-20561,0.00058,0.22585
CVE-2018-20562,0.00058,0.22585
CVE-2018-20563,0.00058,0.22585
CVE-2018-20564,0.00058,0.22585
CVE-2018-20565,0.00058,0.22585
CVE-2018-20566,0.00180,0.55328
CVE-2018-20567,0.00089,0.37431
CVE-2018-20568,0.00134,0.48509
CVE-2018-20569,0.00134,0.48509
CVE-2018-20570,0.00404,0.71079
CVE-2018-20571,0.00286,0.65593
CVE-2018-20572,0.00212,0.59184
CVE-2018-20573,0.00167,0.53458
CVE-2018-20574,0.00167,0.53458
CVE-2018-20575,0.00102,0.41246
CVE-2018-20576,0.00071,0.29411
CVE-2018-20577,0.00080,0.33443
CVE-2018-20578,0.00100,0.40918
CVE-2018-20579,0.00044,0.10161
CVE-2018-20580,0.18429,0.95760
CVE-2018-20582,0.00071,0.29353
CVE-2018-20583,0.00125,0.47071
CVE-2018-20584,0.00407,0.71195
CVE-2018-20586,0.00093,0.39130
CVE-2018-20587,0.00042,0.05722
CVE-2018-20588,0.00096,0.39969
CVE-2018-20589,0.00054,0.20290
CVE-2018-20590,0.00054,0.20290
CVE-2018-20591,0.00096,0.39969
CVE-2018-20592,0.01043,0.82438
CVE-2018-20593,0.00206,0.58589
CVE-2018-20594,0.00076,0.31249
CVE-2018-20595,0.00150,0.51222
CVE-2018-20596,0.00222,0.60556
CVE-2018-20597,0.00078,0.32088
CVE-2018-20598,0.00112,0.44586
CVE-2018-20599,0.00431,0.71921
CVE-2018-20600,0.00087,0.36434
CVE-2018-20601,0.00058,0.22585
CVE-2018-20602,0.00414,0.71442
CVE-2018-20603,0.00112,0.44586
CVE-2018-20604,0.00121,0.46343
CVE-2018-20605,0.01482,0.85477
CVE-2018-20606,0.00414,0.71442
CVE-2018-20607,0.00249,0.62886
CVE-2018-20608,0.03654,0.90838
CVE-2018-20609,0.00249,0.62886
CVE-2018-20610,0.00121,0.46343
CVE-2018-20611,0.00087,0.36434
CVE-2018-20612,0.00112,0.44586
CVE-2018-20613,0.00112,0.44586
CVE-2018-20614,0.00256,0.63546
CVE-2018-20615,0.01352,0.84785
CVE-2018-20616,0.00330,0.68119
CVE-2018-20617,0.00330,0.68119
CVE-2018-20618,0.00249,0.62941
CVE-2018-20621,0.00042,0.05722
CVE-2018-20622,0.02097,0.88009
CVE-2018-20623,0.00142,0.49873
CVE-2018-20626,0.00121,0.46343
CVE-2018-20627,0.00058,0.22585
CVE-2018-20628,0.00902,0.81029
CVE-2018-20629,0.00131,0.47967
CVE-2018-20630,0.00131,0.47967
CVE-2018-20631,0.00180,0.55328
CVE-2018-20632,0.00058,0.22585
CVE-2018-20633,0.00112,0.44586
CVE-2018-20634,0.00148,0.50855
CVE-2018-20635,0.00061,0.23805
CVE-2018-20636,0.00058,0.22585
CVE-2018-20637,0.00148,0.50855
CVE-2018-20638,0.00121,0.46343
CVE-2018-20639,0.00105,0.42625
CVE-2018-20640,0.00058,0.22585
CVE-2018-20641,0.00112,0.44586
CVE-2018-20642,0.00148,0.50855
CVE-2018-20643,0.00121,0.46343
CVE-2018-20644,0.00112,0.44586
CVE-2018-20645,0.00058,0.22585
CVE-2018-20646,0.00121,0.46343
CVE-2018-20647,0.00065,0.27057
CVE-2018-20648,0.00112,0.44586
CVE-2018-20650,0.01295,0.84445
CVE-2018-20651,0.00378,0.70134
CVE-2018-20652,0.00167,0.53458
CVE-2018-20655,0.00444,0.72337
CVE-2018-20657,0.00439,0.72222
CVE-2018-20658,0.12498,0.94951
CVE-2018-20659,0.00096,0.39969
CVE-2018-20662,0.01226,0.83945
CVE-2018-20663,0.00058,0.22585
CVE-2018-20664,0.01885,0.87236
CVE-2018-20669,0.00042,0.05722
CVE-2018-20671,0.00113,0.44636
CVE-2018-20673,0.00045,0.12118
CVE-2018-20674,0.00167,0.53505
CVE-2018-20675,0.00285,0.65507
CVE-2018-20676,0.00307,0.66824
CVE-2018-20677,0.00380,0.70241
CVE-2018-20678,0.00095,0.39576
CVE-2018-20679,0.00564,0.75441
CVE-2018-20680,0.00058,0.22585
CVE-2018-20681,0.00100,0.41023
CVE-2018-20682,0.00058,0.22585
CVE-2018-20683,0.00319,0.67523
CVE-2018-20684,0.00961,0.81658
CVE-2018-20685,0.00686,0.78018
CVE-2018-20687,0.00510,0.74165
CVE-2018-20698,0.00084,0.35108
CVE-2018-20699,0.00111,0.44147
CVE-2018-20703,0.00058,0.22585
CVE-2018-20712,0.00161,0.52696
CVE-2018-20713,0.00099,0.40746
CVE-2018-20714,0.00080,0.33454
CVE-2018-20715,0.00138,0.49278
CVE-2018-20716,0.00212,0.59184
CVE-2018-20717,0.00348,0.68887
CVE-2018-20718,0.00471,0.73087
CVE-2018-20719,0.00091,0.38618
CVE-2018-20720,0.00144,0.50291
CVE-2018-20721,0.00225,0.60825
CVE-2018-20723,0.00108,0.43490
CVE-2018-20724,0.00108,0.43490
CVE-2018-20725,0.00108,0.43490
CVE-2018-20726,0.00106,0.42965
CVE-2018-20727,0.00317,0.67441
CVE-2018-20728,0.00183,0.55647
CVE-2018-20729,0.00168,0.53617
CVE-2018-20730,0.00201,0.58091
CVE-2018-20731,0.00168,0.53617
CVE-2018-20732,0.01041,0.82422
CVE-2018-20733,0.00168,0.53801
CVE-2018-20735,0.09439,0.94201
CVE-2018-20736,0.00060,0.23686
CVE-2018-20737,0.00060,0.23686
CVE-2018-20742,0.00123,0.46540
CVE-2018-20743,0.04933,0.92060
CVE-2018-20744,0.00117,0.45549
CVE-2018-20745,0.00071,0.29313
CVE-2018-20748,0.00491,0.73654
CVE-2018-20749,0.00470,0.73044
CVE-2018-20750,0.00470,0.73044
CVE-2018-20751,0.00596,0.76137
CVE-2018-20752,0.00725,0.78698
CVE-2018-20753,0.09085,0.94072
CVE-2018-20755,0.00087,0.36434
CVE-2018-20756,0.00087,0.36434
CVE-2018-20757,0.00087,0.36434
CVE-2018-20758,0.00054,0.20290
CVE-2018-20760,0.00122,0.46506
CVE-2018-20761,0.00112,0.44353
CVE-2018-20762,0.00112,0.44353
CVE-2018-20763,0.00122,0.46506
CVE-2018-20764,0.00250,0.62982
CVE-2018-20767,0.00156,0.51913
CVE-2018-20768,0.00179,0.55147
CVE-2018-20769,0.00244,0.62525
CVE-2018-20770,0.00138,0.49278
CVE-2018-20771,0.00555,0.75248
CVE-2018-20772,0.00141,0.49764
CVE-2018-20773,0.00141,0.49764
CVE-2018-20774,0.00058,0.22585
CVE-2018-20775,0.00141,0.49764
CVE-2018-20776,0.00588,0.75977
CVE-2018-20777,0.00058,0.22585
CVE-2018-20778,0.00087,0.36434
CVE-2018-20779,0.00274,0.64777
CVE-2018-20780,0.00118,0.45822
CVE-2018-20781,0.00045,0.12520
CVE-2018-20782,0.06980,0.93316
CVE-2018-20783,0.00542,0.74958
CVE-2018-20784,0.01061,0.82619
CVE-2018-20785,0.00109,0.43566
CVE-2018-20786,0.00225,0.60818
CVE-2018-20787,0.00055,0.20370
CVE-2018-20788,0.00055,0.20370
CVE-2018-20789,0.00444,0.72342
CVE-2018-20790,0.00444,0.72342
CVE-2018-20791,0.00138,0.49301
CVE-2018-20792,0.04458,0.91632
CVE-2018-20793,0.00444,0.72342
CVE-2018-20794,0.00496,0.73786
CVE-2018-20795,0.04458,0.91632
CVE-2018-20796,0.00678,0.77882
CVE-2018-20797,0.00096,0.39969
CVE-2018-20798,0.00089,0.37202
CVE-2018-20799,0.00089,0.37202
CVE-2018-20800,0.00054,0.20290
CVE-2018-20801,0.00225,0.60818
CVE-2018-20802,0.00068,0.28144
CVE-2018-20803,0.00068,0.28144
CVE-2018-20804,0.00090,0.37700
CVE-2018-20805,0.00068,0.28144
CVE-2018-20806,0.00087,0.36434
CVE-2018-20807,0.00078,0.32606
CVE-2018-20808,0.00078,0.32606
CVE-2018-20809,0.00103,0.41969
CVE-2018-20810,0.00222,0.60556
CVE-2018-20811,0.00084,0.34791
CVE-2018-20812,0.00168,0.53801
CVE-2018-20813,0.00222,0.60556
CVE-2018-20814,0.00084,0.35108
CVE-2018-20815,0.00950,0.81537
CVE-2018-20816,0.00071,0.29397
CVE-2018-20817,0.00990,0.81962
CVE-2018-20818,0.00250,0.62982
CVE-2018-20819,0.00120,0.46175
CVE-2018-20820,0.00063,0.25775
CVE-2018-20821,0.00241,0.62201
CVE-2018-20822,0.00240,0.62115
CVE-2018-20823,0.00128,0.47486
CVE-2018-20824,0.00203,0.58308
CVE-2018-20826,0.00092,0.38802
CVE-2018-20827,0.00072,0.29718
CVE-2018-20834,0.00339,0.68479
CVE-2018-20835,0.00118,0.45760
CVE-2018-20836,0.00820,0.80048
CVE-2018-20837,0.00053,0.18833
CVE-2018-20838,0.00084,0.35109
CVE-2018-20839,0.01415,0.85134
CVE-2018-20840,0.00093,0.38960
CVE-2018-20841,0.45894,0.97113
CVE-2018-20843,0.60910,0.97515
CVE-2018-20845,0.00146,0.50579
CVE-2018-20846,0.00146,0.50579
CVE-2018-20847,0.01729,0.86591
CVE-2018-20848,0.00118,0.45822
CVE-2018-20849,0.00112,0.44442
CVE-2018-20850,0.00044,0.10161
CVE-2018-20851,0.00104,0.42274
CVE-2018-20852,0.00484,0.73486
CVE-2018-20853,0.00084,0.34791
CVE-2018-20854,0.00045,0.11966
CVE-2018-20855,0.00048,0.14480
CVE-2018-20856,0.00046,0.13778
CVE-2018-20857,0.00084,0.34791
CVE-2018-20858,0.00084,0.35108
CVE-2018-20859,0.00090,0.37739
CVE-2018-20860,0.00148,0.50806
CVE-2018-20861,0.00233,0.61492
CVE-2018-20862,0.00044,0.10161
CVE-2018-20863,0.00684,0.77981
CVE-2018-20864,0.00084,0.34791
CVE-2018-20865,0.00078,0.32606
CVE-2018-20866,0.00078,0.32606
CVE-2018-20867,0.00078,0.32606
CVE-2018-20868,0.00078,0.32606
CVE-2018-20869,0.00044,0.10161
CVE-2018-20870,0.00044,0.10161
CVE-2018-20871,0.00222,0.60556
CVE-2018-20872,0.00053,0.19032
CVE-2018-20873,0.00042,0.05722
CVE-2018-20874,0.00054,0.20290
CVE-2018-20875,0.00054,0.20290
CVE-2018-20876,0.00054,0.20290
CVE-2018-20877,0.00054,0.20290
CVE-2018-20878,0.00054,0.20290
CVE-2018-20879,0.00066,0.27478
CVE-2018-20880,0.00044,0.10161
CVE-2018-20881,0.00054,0.20290
CVE-2018-20882,0.00044,0.10161
CVE-2018-20883,0.00054,0.20290
CVE-2018-20884,0.00054,0.20290
CVE-2018-20885,0.00073,0.30345
CVE-2018-20886,0.00044,0.10161
CVE-2018-20887,0.00138,0.49278
CVE-2018-20888,0.00044,0.10161
CVE-2018-20889,0.00044,0.10161
CVE-2018-20890,0.00054,0.20290
CVE-2018-20891,0.00044,0.10161
CVE-2018-20892,0.00054,0.20290
CVE-2018-20893,0.00044,0.10161
CVE-2018-20894,0.00042,0.05722
CVE-2018-20895,0.00094,0.39456
CVE-2018-20896,0.00044,0.10161
CVE-2018-20897,0.00044,0.10161
CVE-2018-20898,0.00054,0.20290
CVE-2018-20899,0.00078,0.32606
CVE-2018-20900,0.00078,0.32606
CVE-2018-20901,0.00078,0.32606
CVE-2018-20902,0.00044,0.10161
CVE-2018-20903,0.00078,0.32606
CVE-2018-20904,0.00054,0.20290
CVE-2018-20905,0.00054,0.20290
CVE-2018-20906,0.00054,0.20290
CVE-2018-20907,0.00054,0.20290
CVE-2018-20908,0.00044,0.10161
CVE-2018-20909,0.00044,0.10161
CVE-2018-20910,0.00078,0.32606
CVE-2018-20911,0.00105,0.42575
CVE-2018-20912,0.00066,0.27478
CVE-2018-20913,0.00065,0.26756
CVE-2018-20914,0.00065,0.26756
CVE-2018-20915,0.00054,0.20290
CVE-2018-20916,0.00054,0.20290
CVE-2018-20917,0.00044,0.10161
CVE-2018-20918,0.00078,0.32606
CVE-2018-20919,0.00078,0.32606
CVE-2018-20920,0.00078,0.32606
CVE-2018-20921,0.00078,0.32606
CVE-2018-20922,0.00078,0.32606
CVE-2018-20923,0.00078,0.32606
CVE-2018-20924,0.00065,0.26756
CVE-2018-20925,0.00042,0.05722
CVE-2018-20926,0.00042,0.05722
CVE-2018-20927,0.00047,0.13986
CVE-2018-20928,0.00078,0.32606
CVE-2018-20929,0.00078,0.32606
CVE-2018-20930,0.00084,0.34791
CVE-2018-20931,0.00072,0.29455
CVE-2018-20932,0.00054,0.20290
CVE-2018-20933,0.00054,0.20290
CVE-2018-20934,0.00092,0.38838
CVE-2018-20935,0.00054,0.20290
CVE-2018-20936,0.00044,0.10161
CVE-2018-20937,0.00054,0.20290
CVE-2018-20938,0.00054,0.20290
CVE-2018-20939,0.00044,0.10161
CVE-2018-20940,0.00044,0.10161
CVE-2018-20941,0.00044,0.10161
CVE-2018-20942,0.00044,0.10161
CVE-2018-20943,0.00044,0.10161
CVE-2018-20944,0.00044,0.10161
CVE-2018-20945,0.00054,0.20290
CVE-2018-20946,0.00044,0.10161
CVE-2018-20947,0.00044,0.10161
CVE-2018-20948,0.00078,0.32606
CVE-2018-20949,0.00078,0.32606
CVE-2018-20950,0.00078,0.32606
CVE-2018-20951,0.00078,0.32606
CVE-2018-20952,0.00065,0.26756
CVE-2018-20953,0.00078,0.32606
CVE-2018-20954,0.00144,0.50192
CVE-2018-20955,0.00604,0.76304
CVE-2018-20956,0.00051,0.17393
CVE-2018-20957,0.00125,0.47030
CVE-2018-20958,0.00074,0.30666
CVE-2018-20959,0.00058,0.22795
CVE-2018-20960,0.00058,0.22795
CVE-2018-20961,0.01498,0.85562
CVE-2018-20962,0.00115,0.45178
CVE-2018-20963,0.00078,0.32606
CVE-2018-20964,0.00073,0.30112
CVE-2018-20965,0.00084,0.35108
CVE-2018-20966,0.00078,0.32606
CVE-2018-20967,0.00073,0.30112
CVE-2018-20968,0.00073,0.30112
CVE-2018-20969,0.00300,0.66450
CVE-2018-20970,0.00078,0.32606
CVE-2018-20971,0.00073,0.30112
CVE-2018-20972,0.00073,0.30112
CVE-2018-20973,0.00178,0.55091
CVE-2018-20974,0.00073,0.30112
CVE-2018-20975,0.00090,0.37739
CVE-2018-20976,0.00046,0.13778
CVE-2018-20977,0.00078,0.32606
CVE-2018-20978,0.00078,0.32606
CVE-2018-20979,0.00222,0.60556
CVE-2018-20980,0.00084,0.34791
CVE-2018-20981,0.00168,0.53801
CVE-2018-20982,0.00078,0.32606
CVE-2018-20983,0.00078,0.32606
CVE-2018-20984,0.00199,0.57799
CVE-2018-20985,0.01170,0.83524
CVE-2018-20986,0.00086,0.35738
CVE-2018-20987,0.00224,0.60718
CVE-2018-20988,0.00074,0.30463
CVE-2018-20989,0.00103,0.41969
CVE-2018-20990,0.00084,0.34791
CVE-2018-20991,0.00222,0.60556
CVE-2018-20992,0.00157,0.52178
CVE-2018-20993,0.00108,0.43492
CVE-2018-20994,0.00103,0.41969
CVE-2018-20995,0.00222,0.60556
CVE-2018-20996,0.00222,0.60556
CVE-2018-20997,0.00222,0.60556
CVE-2018-20998,0.00222,0.60556
CVE-2018-20999,0.00105,0.42589
CVE-2018-21000,0.00235,0.61731
CVE-2018-21001,0.00078,0.32606
CVE-2018-21002,0.00073,0.30112
CVE-2018-21003,0.00191,0.56693
CVE-2018-21004,0.00182,0.55615
CVE-2018-21005,0.00183,0.55625
CVE-2018-21006,0.00073,0.30112
CVE-2018-21007,0.00244,0.62506
CVE-2018-21008,0.00045,0.11966
CVE-2018-21009,0.00314,0.67203
CVE-2018-21010,0.00815,0.79994
CVE-2018-21011,0.00166,0.53380
CVE-2018-21012,0.00084,0.35108
CVE-2018-21013,0.00455,0.72662
CVE-2018-21014,0.00058,0.22585
CVE-2018-21015,0.00120,0.46129
CVE-2018-21016,0.00124,0.46706
CVE-2018-21017,0.00098,0.40385
CVE-2018-21018,0.00282,0.65342
CVE-2018-21019,0.00150,0.51061
CVE-2018-21020,0.00106,0.42733
CVE-2018-21021,0.00150,0.51159
CVE-2018-21022,0.00150,0.51159
CVE-2018-21023,0.00339,0.68491
CVE-2018-21024,0.00237,0.61885
CVE-2018-21025,0.00361,0.69467
CVE-2018-21026,0.00273,0.64728
CVE-2018-21027,0.00554,0.75239
CVE-2018-21028,0.00208,0.58772
CVE-2018-21029,0.00816,0.80007
CVE-2018-21030,0.00096,0.39899
CVE-2018-21031,0.00627,0.76800
CVE-2018-21032,0.00082,0.34183
CVE-2018-21033,0.00090,0.37751
CVE-2018-21034,0.00227,0.60996
CVE-2018-21035,0.00117,0.45503
CVE-2018-21036,0.00210,0.58996
CVE-2018-21037,0.00112,0.44586
CVE-2018-21038,0.00135,0.48816
CVE-2018-21039,0.00078,0.32771
CVE-2018-21040,0.00106,0.42770
CVE-2018-21041,0.00080,0.33409
CVE-2018-21042,0.00129,0.47618
CVE-2018-21043,0.00044,0.10161
CVE-2018-21044,0.00122,0.46395
CVE-2018-21045,0.00048,0.14692
CVE-2018-21046,0.00046,0.13831
CVE-2018-21047,0.00056,0.20805
CVE-2018-21048,0.00048,0.14692
CVE-2018-21049,0.00106,0.42770
CVE-2018-21050,0.00122,0.46395
CVE-2018-21051,0.00108,0.43419
CVE-2018-21052,0.00108,0.43419
CVE-2018-21053,0.00048,0.14692
CVE-2018-21054,0.00119,0.45929
CVE-2018-21055,0.00145,0.50327
CVE-2018-21056,0.00048,0.14692
CVE-2018-21057,0.00119,0.45929
CVE-2018-21058,0.00106,0.42770
CVE-2018-21059,0.00080,0.33409
CVE-2018-21060,0.00080,0.33409
CVE-2018-21061,0.00048,0.14700
CVE-2018-21062,0.00047,0.14057
CVE-2018-21063,0.00106,0.42770
CVE-2018-21064,0.00106,0.42770
CVE-2018-21065,0.00106,0.42770
CVE-2018-21066,0.00119,0.45929
CVE-2018-21067,0.00066,0.27588
CVE-2018-21068,0.00046,0.12530
CVE-2018-21069,0.00080,0.33409
CVE-2018-21070,0.00047,0.14019
CVE-2018-21071,0.00073,0.30255
CVE-2018-21072,0.00108,0.43419
CVE-2018-21073,0.00046,0.13831
CVE-2018-21074,0.00044,0.10161
CVE-2018-21075,0.00108,0.43419
CVE-2018-21076,0.00044,0.10161
CVE-2018-21077,0.00046,0.13831
CVE-2018-21078,0.00066,0.27588
CVE-2018-21079,0.00080,0.33409
CVE-2018-21080,0.00047,0.14019
CVE-2018-21081,0.00080,0.33409
CVE-2018-21082,0.00047,0.14019
CVE-2018-21083,0.00080,0.33409
CVE-2018-21084,0.00106,0.42770
CVE-2018-21085,0.00106,0.42770
CVE-2018-21086,0.00106,0.42770
CVE-2018-21087,0.00119,0.45929
CVE-2018-21088,0.00082,0.34051
CVE-2018-21089,0.00108,0.43419
CVE-2018-21090,0.00119,0.45929
CVE-2018-21091,0.00082,0.34051
CVE-2018-21092,0.00046,0.13831
CVE-2018-21093,0.00079,0.33022
CVE-2018-21094,0.00092,0.38838
CVE-2018-21095,0.00044,0.10161
CVE-2018-21096,0.00044,0.10161
CVE-2018-21097,0.00250,0.62982
CVE-2018-21098,0.00044,0.10504
CVE-2018-21099,0.00044,0.10504
CVE-2018-21100,0.00044,0.10504
CVE-2018-21101,0.00044,0.10504
CVE-2018-21102,0.00073,0.30112
CVE-2018-21103,0.00044,0.10504
CVE-2018-21104,0.00044,0.10504
CVE-2018-21105,0.00044,0.10504
CVE-2018-21106,0.00044,0.10504
CVE-2018-21107,0.00044,0.10504
CVE-2018-21108,0.00044,0.10504
CVE-2018-21109,0.00044,0.10504
CVE-2018-21110,0.00044,0.10504
CVE-2018-21111,0.00044,0.10161
CVE-2018-21112,0.00044,0.10161
CVE-2018-21113,0.00078,0.32271
CVE-2018-21114,0.00044,0.10161
CVE-2018-21115,0.00197,0.57648
CVE-2018-21116,0.00212,0.59256
CVE-2018-21117,0.00212,0.59256
CVE-2018-21118,0.00068,0.27920
CVE-2018-21119,0.00044,0.10161
CVE-2018-21120,0.00063,0.25574
CVE-2018-21121,0.00068,0.27920
CVE-2018-21122,0.00058,0.22795
CVE-2018-21123,0.00078,0.32271
CVE-2018-21124,0.00070,0.29068
CVE-2018-21125,0.00068,0.27920
CVE-2018-21126,0.00065,0.27109
CVE-2018-21127,0.00065,0.27109
CVE-2018-21128,0.00068,0.27920
CVE-2018-21129,0.00070,0.29068
CVE-2018-21130,0.00065,0.27109
CVE-2018-21131,0.00103,0.41969
CVE-2018-21132,0.00308,0.66926
CVE-2018-21133,0.00250,0.62982
CVE-2018-21134,0.00250,0.62982
CVE-2018-21135,0.00096,0.39884
CVE-2018-21136,0.00070,0.29068
CVE-2018-21137,0.00222,0.60556
CVE-2018-21138,0.00070,0.29068
CVE-2018-21139,0.00168,0.53801
CVE-2018-21140,0.00058,0.22795
CVE-2018-21141,0.00044,0.10161
CVE-2018-21142,0.00081,0.33872
CVE-2018-21143,0.00070,0.29068
CVE-2018-21144,0.00044,0.10161
CVE-2018-21145,0.00044,0.10161
CVE-2018-21146,0.00044,0.10161
CVE-2018-21147,0.00044,0.10161
CVE-2018-21148,0.00044,0.10161
CVE-2018-21149,0.00044,0.10161
CVE-2018-21150,0.00044,0.10161
CVE-2018-21151,0.00044,0.10161
CVE-2018-21152,0.00044,0.10504
CVE-2018-21153,0.00250,0.62982
CVE-2018-21154,0.00044,0.10504
CVE-2018-21155,0.00078,0.32606
CVE-2018-21156,0.00096,0.39884
CVE-2018-21157,0.00044,0.10504
CVE-2018-21158,0.00070,0.29068
CVE-2018-21159,0.00054,0.20290
CVE-2018-21160,0.00073,0.30112
CVE-2018-21161,0.00222,0.60556
CVE-2018-21162,0.00614,0.76511
CVE-2018-21163,0.00096,0.39884
CVE-2018-21164,0.00259,0.63737
CVE-2018-21165,0.00081,0.33872
CVE-2018-21166,0.00081,0.33872
CVE-2018-21167,0.00054,0.20290
CVE-2018-21168,0.00168,0.53801
CVE-2018-21169,0.00070,0.29068
CVE-2018-21170,0.00079,0.33022
CVE-2018-21171,0.00044,0.10161
CVE-2018-21172,0.00044,0.10161
CVE-2018-21173,0.00044,0.10161
CVE-2018-21174,0.00096,0.39884
CVE-2018-21175,0.00096,0.39884
CVE-2018-21176,0.00096,0.39884
CVE-2018-21177,0.00096,0.39884
CVE-2018-21178,0.00044,0.10161
CVE-2018-21179,0.00044,0.10161
CVE-2018-21180,0.00044,0.10161
CVE-2018-21181,0.00096,0.39884
CVE-2018-21182,0.00044,0.10161
CVE-2018-21183,0.00044,0.10161
CVE-2018-21184,0.00044,0.10161
CVE-2018-21185,0.00044,0.10161
CVE-2018-21186,0.00044,0.10161
CVE-2018-21187,0.00044,0.10161
CVE-2018-21188,0.00044,0.10161
CVE-2018-21189,0.00044,0.10161
CVE-2018-21190,0.00044,0.10161
CVE-2018-21191,0.00044,0.10161
CVE-2018-21192,0.00044,0.10161
CVE-2018-21193,0.00044,0.10161
CVE-2018-21194,0.00044,0.10161
CVE-2018-21195,0.00044,0.10161
CVE-2018-21196,0.00044,0.10161
CVE-2018-21197,0.00044,0.10161
CVE-2018-21198,0.00044,0.10161
CVE-2018-21199,0.00044,0.10161
CVE-2018-21200,0.00044,0.10161
CVE-2018-21201,0.00044,0.10161
CVE-2018-21202,0.00079,0.33022
CVE-2018-21203,0.00079,0.33022
CVE-2018-21204,0.00079,0.33022
CVE-2018-21205,0.00079,0.33022
CVE-2018-21206,0.00079,0.33022
CVE-2018-21207,0.00079,0.33022
CVE-2018-21208,0.00078,0.32271
CVE-2018-21209,0.00044,0.10161
CVE-2018-21210,0.00079,0.33022
CVE-2018-21211,0.00079,0.33022
CVE-2018-21212,0.00079,0.33022
CVE-2018-21213,0.00079,0.33022
CVE-2018-21214,0.00079,0.33022
CVE-2018-21215,0.00079,0.33022
CVE-2018-21216,0.00079,0.33022
CVE-2018-21217,0.00079,0.33022
CVE-2018-21218,0.00079,0.33022
CVE-2018-21219,0.00079,0.33022
CVE-2018-21220,0.00079,0.33022
CVE-2018-21221,0.00079,0.33022
CVE-2018-21222,0.00079,0.33022
CVE-2018-21223,0.00079,0.33022
CVE-2018-21224,0.00079,0.33022
CVE-2018-21225,0.00044,0.10504
CVE-2018-21226,0.00069,0.28525
CVE-2018-21227,0.00044,0.10161
CVE-2018-21228,0.00044,0.10161
CVE-2018-21229,0.00070,0.29068
CVE-2018-21230,0.00058,0.22795
CVE-2018-21231,0.00058,0.22795
CVE-2018-21232,0.00083,0.34463
CVE-2018-21233,0.00085,0.35443
CVE-2018-21234,0.00453,0.72597
CVE-2018-21235,0.00144,0.50283
CVE-2018-21236,0.00102,0.41309
CVE-2018-21237,0.00084,0.34791
CVE-2018-21238,0.00103,0.41969
CVE-2018-21239,0.00084,0.34791
CVE-2018-21240,0.00103,0.41969
CVE-2018-21241,0.00062,0.24254
CVE-2018-21242,0.00655,0.77341
CVE-2018-21243,0.00097,0.40100
CVE-2018-21244,0.00368,0.69784
CVE-2018-21245,0.00178,0.55045
CVE-2018-21246,0.00328,0.68002
CVE-2018-21247,0.00216,0.59621
CVE-2018-21248,0.00168,0.53801
CVE-2018-21249,0.00084,0.34791
CVE-2018-21250,0.00164,0.53032
CVE-2018-21251,0.00259,0.63686
CVE-2018-21252,0.00054,0.20290
CVE-2018-21253,0.00054,0.20290
CVE-2018-21254,0.00054,0.20290
CVE-2018-21255,0.00054,0.20290
CVE-2018-21256,0.00054,0.20290
CVE-2018-21257,0.00070,0.28998
CVE-2018-21258,0.00103,0.41969
CVE-2018-21259,0.00092,0.38838
CVE-2018-21260,0.00054,0.20290
CVE-2018-21261,0.00054,0.20290
CVE-2018-21262,0.00103,0.41969
CVE-2018-21263,0.00104,0.42231
CVE-2018-21264,0.00094,0.39456
CVE-2018-21265,0.00084,0.34791
CVE-2018-21268,0.03844,0.91062
CVE-2018-21269,0.00042,0.05722
CVE-2018-21270,0.00211,0.59033
CVE-2018-2360,0.00317,0.67399
CVE-2018-2361,0.00241,0.62187
CVE-2018-2362,0.00202,0.58173
CVE-2018-2363,0.00370,0.69838
CVE-2018-2364,0.00116,0.45397
CVE-2018-2365,0.00116,0.45397
CVE-2018-2366,0.00069,0.28565
CVE-2018-2367,0.00252,0.63181
CVE-2018-2368,0.00460,0.72790
CVE-2018-2369,0.00146,0.50574
CVE-2018-2370,0.00156,0.51916
CVE-2018-2371,0.00116,0.45397
CVE-2018-2372,0.00065,0.26756
CVE-2018-2373,0.00178,0.55045
CVE-2018-2374,0.00096,0.39818
CVE-2018-2375,0.00065,0.26756
CVE-2018-2376,0.00065,0.26756
CVE-2018-2377,0.00065,0.26756
CVE-2018-2378,0.00065,0.26756
CVE-2018-2379,0.00065,0.26756
CVE-2018-2380,0.02790,0.89625
CVE-2018-2381,0.00241,0.62187
CVE-2018-2382,0.00065,0.26756
CVE-2018-2383,0.00085,0.35433
CVE-2018-2384,0.00112,0.44429
CVE-2018-2385,0.00080,0.33363
CVE-2018-2386,0.00074,0.30661
CVE-2018-2387,0.00065,0.26756
CVE-2018-2388,0.00085,0.35433
CVE-2018-2389,0.00054,0.19226
CVE-2018-2390,0.00080,0.33363
CVE-2018-2391,0.00080,0.33363
CVE-2018-2392,0.00278,0.65043
CVE-2018-2393,0.00118,0.45703
CVE-2018-2394,0.00080,0.33363
CVE-2018-2395,0.00228,0.61113
CVE-2018-2396,0.00080,0.33363
CVE-2018-2397,0.00073,0.30229
CVE-2018-2398,0.00164,0.53084
CVE-2018-2399,0.00125,0.46912
CVE-2018-2400,0.00164,0.53084
CVE-2018-2401,0.00241,0.62187
CVE-2018-2402,0.00211,0.59081
CVE-2018-2403,0.00087,0.36572
CVE-2018-2404,0.00385,0.70437
CVE-2018-2405,0.00073,0.30229
CVE-2018-2406,0.00056,0.20810
CVE-2018-2408,0.00236,0.61787
CVE-2018-2409,0.00241,0.62187
CVE-2018-2410,0.00073,0.30229
CVE-2018-2412,0.00158,0.52345
CVE-2018-2413,0.00158,0.52345
CVE-2018-2415,0.00135,0.48827
CVE-2018-2416,0.00394,0.70783
CVE-2018-2417,0.00143,0.50090
CVE-2018-2418,0.00390,0.70626
CVE-2018-2419,0.00077,0.31786
CVE-2018-2420,0.00410,0.71289
CVE-2018-2421,0.00264,0.64087
CVE-2018-2422,0.00264,0.64087
CVE-2018-2423,0.00264,0.64087
CVE-2018-2424,0.00168,0.53578
CVE-2018-2425,0.00051,0.17134
CVE-2018-2427,0.00206,0.58594
CVE-2018-2428,0.00148,0.50746
CVE-2018-2431,0.00116,0.45397
CVE-2018-2432,0.00070,0.29073
CVE-2018-2433,0.00116,0.45451
CVE-2018-2434,0.00138,0.49364
CVE-2018-2435,0.00112,0.44605
CVE-2018-2436,0.00241,0.62187
CVE-2018-2437,0.00324,0.67753
CVE-2018-2438,0.00282,0.65295
CVE-2018-2439,0.00330,0.68153
CVE-2018-2440,0.00044,0.10161
CVE-2018-2441,0.00096,0.39818
CVE-2018-2442,0.00181,0.55371
CVE-2018-2444,0.00112,0.44605
CVE-2018-2445,0.00096,0.39818
CVE-2018-2446,0.00137,0.49192
CVE-2018-2447,0.00093,0.39104
CVE-2018-2448,0.00135,0.48868
CVE-2018-2449,0.00296,0.66185
CVE-2018-2450,0.00195,0.57468
CVE-2018-2451,0.00250,0.62987
CVE-2018-2452,0.00116,0.45397
CVE-2018-2454,0.00241,0.62187
CVE-2018-2455,0.00241,0.62187
CVE-2018-2457,0.00065,0.26756
CVE-2018-2458,0.00151,0.51244
CVE-2018-2459,0.00151,0.51244
CVE-2018-2460,0.00098,0.40348
CVE-2018-2461,0.00241,0.62187
CVE-2018-2462,0.00241,0.62216
CVE-2018-2463,0.00151,0.51244
CVE-2018-2464,0.00112,0.44605
CVE-2018-2465,0.00794,0.79766
CVE-2018-2466,0.00073,0.30229
CVE-2018-2467,0.00165,0.53222
CVE-2018-2468,0.00178,0.55118
CVE-2018-2469,0.00178,0.55118
CVE-2018-2470,0.00133,0.48419
CVE-2018-2471,0.00178,0.55118
CVE-2018-2472,0.00133,0.48419
CVE-2018-2473,0.00149,0.50904
CVE-2018-2474,0.00111,0.44146
CVE-2018-2475,0.00398,0.70908
CVE-2018-2476,0.00148,0.50762
CVE-2018-2477,0.00241,0.62187
CVE-2018-2478,0.00228,0.61113
CVE-2018-2479,0.00133,0.48419
CVE-2018-2481,0.00241,0.62187
CVE-2018-2482,0.00315,0.67306
CVE-2018-2483,0.00077,0.31786
CVE-2018-2484,0.00241,0.62187
CVE-2018-2485,0.00136,0.48881
CVE-2018-2486,0.00073,0.30229
CVE-2018-2487,0.00302,0.66494
CVE-2018-2488,0.00070,0.28841
CVE-2018-2489,0.00070,0.28841
CVE-2018-2490,0.00070,0.28841
CVE-2018-2491,0.00072,0.29617
CVE-2018-2492,0.00158,0.52265
CVE-2018-2494,0.00104,0.42231
CVE-2018-2497,0.00072,0.29924
CVE-2018-2499,0.00174,0.54611
CVE-2018-2500,0.00051,0.17134
CVE-2018-25001,0.00058,0.22585
CVE-2018-25002,0.00177,0.54887
CVE-2018-25004,0.00090,0.37700
CVE-2018-25007,0.00054,0.20290
CVE-2018-25008,0.00071,0.29313
CVE-2018-25009,0.00273,0.64743
CVE-2018-25010,0.00273,0.64743
CVE-2018-25011,0.00250,0.63007
CVE-2018-25012,0.00273,0.64743
CVE-2018-25013,0.00273,0.64743
CVE-2018-25014,0.00273,0.64743
CVE-2018-25015,0.00074,0.30704
CVE-2018-25016,0.00213,0.59369
CVE-2018-25017,0.00235,0.61619
CVE-2018-25018,0.00122,0.46461
CVE-2018-25019,0.00095,0.39650
CVE-2018-2502,0.00133,0.48419
CVE-2018-25020,0.00044,0.10161
CVE-2018-25021,0.00807,0.79916
CVE-2018-25022,0.00102,0.41539
CVE-2018-25023,0.00080,0.33421
CVE-2018-25024,0.00213,0.59400
CVE-2018-25025,0.00213,0.59400
CVE-2018-25026,0.00213,0.59400
CVE-2018-25027,0.00082,0.34074
CVE-2018-25028,0.00101,0.41058
CVE-2018-25029,0.00074,0.30513
CVE-2018-2503,0.00101,0.41179
CVE-2018-25030,0.00042,0.05722
CVE-2018-25031,0.00265,0.64244
CVE-2018-25032,0.00278,0.65010
CVE-2018-25033,0.00219,0.59921
CVE-2018-25034,0.00084,0.35146
CVE-2018-25035,0.00073,0.30002
CVE-2018-25036,0.00073,0.30002
CVE-2018-25037,0.00073,0.30002
CVE-2018-25038,0.00073,0.30002
CVE-2018-25039,0.00103,0.41681
CVE-2018-2504,0.00138,0.49286
CVE-2018-25040,0.00188,0.56351
CVE-2018-25041,0.00144,0.50268
CVE-2018-25042,0.00231,0.61307
CVE-2018-25043,0.00493,0.73701
CVE-2018-25044,0.00245,0.62620
CVE-2018-25045,0.00070,0.28899
CVE-2018-25046,0.00089,0.37660
CVE-2018-25047,0.00122,0.46522
CVE-2018-25048,0.00076,0.31254
CVE-2018-25049,0.00106,0.42902
CVE-2018-2505,0.00133,0.48419
CVE-2018-25050,0.00073,0.30010
CVE-2018-25051,0.00063,0.25093
CVE-2018-25052,0.00073,0.30010
CVE-2018-25053,0.00080,0.33283
CVE-2018-25054,0.00059,0.23151
CVE-2018-25055,0.00094,0.39312
CVE-2018-25056,0.00063,0.25093
CVE-2018-25057,0.00148,0.50887
CVE-2018-25058,0.00073,0.30010
CVE-2018-25059,0.00080,0.33283
CVE-2018-25060,0.00093,0.39195
CVE-2018-25061,0.00117,0.45560
CVE-2018-25062,0.00088,0.36931
CVE-2018-25063,0.00080,0.33326
CVE-2018-25064,0.00067,0.27834
CVE-2018-25065,0.00058,0.22708
CVE-2018-25066,0.00118,0.45809
CVE-2018-25067,0.00116,0.45397
CVE-2018-25068,0.00130,0.47814
CVE-2018-25069,0.00671,0.77720
CVE-2018-25070,0.00118,0.45809
CVE-2018-25071,0.00118,0.45809
CVE-2018-25072,0.00132,0.48219
CVE-2018-25073,0.00074,0.30688
CVE-2018-25074,0.00078,0.32608
CVE-2018-25075,0.00118,0.45809
CVE-2018-25076,0.00132,0.48219
CVE-2018-25077,0.00078,0.32246
CVE-2018-25078,0.00042,0.05722
CVE-2018-25079,0.00061,0.24205
CVE-2018-25080,0.00060,0.23296
CVE-2018-25081,0.00073,0.30301
CVE-2018-25082,0.00063,0.24985
CVE-2018-25083,0.00080,0.33253
CVE-2018-25084,0.00052,0.17638
CVE-2018-25085,0.00073,0.30184
CVE-2018-25086,0.00052,0.17638
CVE-2018-25087,0.00049,0.15801
CVE-2018-25088,0.00058,0.22658
CVE-2018-25089,0.00052,0.17638
CVE-2018-25091,0.00072,0.29667
CVE-2018-25092,0.00058,0.22658
CVE-2018-25093,0.00058,0.22658
CVE-2018-25094,0.00064,0.26449
CVE-2018-25095,0.00106,0.42831
CVE-2018-25096,0.00054,0.19434
CVE-2018-25097,0.00052,0.17638
CVE-2018-2560,0.00052,0.17656
CVE-2018-2561,0.00138,0.49322
CVE-2018-2562,0.00119,0.46027
CVE-2018-2563,0.00083,0.34590
CVE-2018-2564,0.00212,0.59252
CVE-2018-2565,0.00113,0.44685
CVE-2018-2566,0.00097,0.40141
CVE-2018-2567,0.00143,0.50158
CVE-2018-2568,0.00148,0.50820
CVE-2018-2569,0.00084,0.34618
CVE-2018-2570,0.00086,0.35732
CVE-2018-2571,0.00083,0.34590
CVE-2018-2572,0.00075,0.30950
CVE-2018-2573,0.00169,0.53851
CVE-2018-2574,0.00061,0.24121
CVE-2018-2575,0.00074,0.30577
CVE-2018-2576,0.00113,0.44685
CVE-2018-2577,0.00052,0.17656
CVE-2018-2578,0.00045,0.12218
CVE-2018-2579,0.00214,0.59490
CVE-2018-2580,0.00052,0.17656
CVE-2018-2581,0.00323,0.67715
CVE-2018-2582,0.00376,0.70060
CVE-2018-2583,0.00108,0.43427
CVE-2018-2584,0.00074,0.30577
CVE-2018-2585,0.00250,0.63015
CVE-2018-2586,0.00113,0.44685
CVE-2018-2587,0.00212,0.59185
CVE-2018-2588,0.00099,0.40705
CVE-2018-2589,0.00143,0.50054
CVE-2018-2590,0.00115,0.45125
CVE-2018-2591,0.00096,0.39816
CVE-2018-2592,0.00097,0.40141
CVE-2018-2593,0.00467,0.72988
CVE-2018-2594,0.00086,0.35732
CVE-2018-2595,0.00086,0.35732
CVE-2018-2596,0.00212,0.59252
CVE-2018-2597,0.00146,0.50549
CVE-2018-2598,0.00215,0.59555
CVE-2018-2599,0.00292,0.65989
CVE-2018-2600,0.00113,0.44685
CVE-2018-2601,0.00099,0.40675
CVE-2018-2602,0.00119,0.46037
CVE-2018-2603,0.00292,0.65989
CVE-2018-2604,0.00143,0.50054
CVE-2018-2605,0.00123,0.46605
CVE-2018-2606,0.00063,0.25216
CVE-2018-2607,0.00058,0.22711
CVE-2018-2608,0.00143,0.50054
CVE-2018-2609,0.00076,0.31323
CVE-2018-2610,0.00146,0.50454
CVE-2018-2611,0.00575,0.75660
CVE-2018-2612,0.00127,0.47359
CVE-2018-2613,0.00143,0.50054
CVE-2018-2614,0.00086,0.35701
CVE-2018-2615,0.73542,0.97854
CVE-2018-2616,0.73542,0.97854
CVE-2018-2617,0.00503,0.74005
CVE-2018-2618,0.00249,0.62942
CVE-2018-2619,0.00061,0.24121
CVE-2018-2620,0.00097,0.40141
CVE-2018-2621,0.00143,0.50054
CVE-2018-2622,0.00119,0.46027
CVE-2018-2623,0.00162,0.52887
CVE-2018-2624,0.00144,0.50215
CVE-2018-2625,0.00176,0.54844
CVE-2018-2626,0.00143,0.50158
CVE-2018-2627,0.00049,0.15043
CVE-2018-2628,0.97523,0.99988
CVE-2018-2629,0.00210,0.59018
CVE-2018-2630,0.00083,0.34590
CVE-2018-2631,0.00053,0.19109
CVE-2018-2632,0.00053,0.19109
CVE-2018-2633,0.00310,0.67012
CVE-2018-2634,0.00234,0.61600
CVE-2018-2635,0.00164,0.53093
CVE-2018-2636,0.60669,0.97507
CVE-2018-2637,0.00249,0.62889
CVE-2018-2638,0.01029,0.82274
CVE-2018-2639,0.00816,0.80012
CVE-2018-2640,0.00119,0.46027
CVE-2018-2641,0.00198,0.57730
CVE-2018-2642,0.00052,0.17728
CVE-2018-2643,0.00053,0.19109
CVE-2018-2644,0.00076,0.31323
CVE-2018-2645,0.00137,0.49066
CVE-2018-2646,0.00113,0.44685
CVE-2018-2647,0.00130,0.47760
CVE-2018-2648,0.00165,0.53172
CVE-2018-2649,0.00099,0.40739
CVE-2018-2650,0.00053,0.19109
CVE-2018-2651,0.00144,0.50215
CVE-2018-2652,0.00144,0.50215
CVE-2018-2653,0.00146,0.50454
CVE-2018-2654,0.00143,0.50158
CVE-2018-2655,0.00216,0.59666
CVE-2018-2656,0.00216,0.59666
CVE-2018-2657,0.00534,0.74772
CVE-2018-2658,0.00076,0.31323
CVE-2018-2659,0.00076,0.31323
CVE-2018-2660,0.00086,0.35732
CVE-2018-2661,0.00143,0.50158
CVE-2018-2662,0.00053,0.19109
CVE-2018-2663,0.00252,0.63159
CVE-2018-2664,0.00287,0.65635
CVE-2018-2665,0.00119,0.46027
CVE-2018-2666,0.00061,0.24121
CVE-2018-2667,0.00113,0.44685
CVE-2018-2668,0.00119,0.46027
CVE-2018-2669,0.00076,0.31323
CVE-2018-2670,0.00143,0.50158
CVE-2018-2671,0.00086,0.35701
CVE-2018-2672,0.00143,0.50054
CVE-2018-2673,0.00143,0.50086
CVE-2018-2674,0.00143,0.50158
CVE-2018-2675,0.00191,0.56697
CVE-2018-2676,0.00045,0.12218
CVE-2018-2677,0.00252,0.63159
CVE-2018-2678,0.00252,0.63159
CVE-2018-2679,0.00097,0.40141
CVE-2018-2680,0.00197,0.57648
CVE-2018-2681,0.00083,0.34590
CVE-2018-2682,0.00143,0.50158
CVE-2018-2683,0.00072,0.29504
CVE-2018-2684,0.00086,0.35701
CVE-2018-2685,0.00082,0.34191
CVE-2018-2686,0.00082,0.34191
CVE-2018-2687,0.00082,0.34191
CVE-2018-2688,0.00082,0.34191
CVE-2018-2689,0.00082,0.34191
CVE-2018-2690,0.00082,0.34191
CVE-2018-2691,0.00083,0.34590
CVE-2018-2692,0.00143,0.50158
CVE-2018-2693,0.00045,0.12218
CVE-2018-2694,0.00045,0.12218
CVE-2018-2695,0.00086,0.35701
CVE-2018-2696,0.00799,0.79814
CVE-2018-2697,0.00191,0.56686
CVE-2018-2698,0.00069,0.28492
CVE-2018-2699,0.00143,0.50158
CVE-2018-2700,0.00143,0.50054
CVE-2018-2701,0.00085,0.35303
CVE-2018-2702,0.00086,0.35701
CVE-2018-2703,0.00169,0.53851
CVE-2018-2704,0.00099,0.40739
CVE-2018-2705,0.00165,0.53172
CVE-2018-2706,0.00165,0.53172
CVE-2018-2707,0.00088,0.36994
CVE-2018-2708,0.00086,0.35701
CVE-2018-2709,0.00091,0.38479
CVE-2018-2710,0.00142,0.49951
CVE-2018-2711,0.00142,0.49867
CVE-2018-2712,0.00143,0.50158
CVE-2018-2713,0.00212,0.59252
CVE-2018-2714,0.00143,0.50158
CVE-2018-2715,0.00086,0.35701
CVE-2018-2716,0.00143,0.50158
CVE-2018-2717,0.00052,0.17656
CVE-2018-2718,0.00142,0.49951
CVE-2018-2719,0.00143,0.50158
CVE-2018-2720,0.00097,0.40141
CVE-2018-2721,0.00097,0.40141
CVE-2018-2722,0.00143,0.50158
CVE-2018-2723,0.00097,0.40141
CVE-2018-2724,0.00097,0.40141
CVE-2018-2725,0.00097,0.40141
CVE-2018-2726,0.00097,0.40141
CVE-2018-2727,0.00097,0.40141
CVE-2018-2728,0.00143,0.50158
CVE-2018-2729,0.00097,0.40141
CVE-2018-2730,0.00053,0.19109
CVE-2018-2731,0.00083,0.34590
CVE-2018-2732,0.00143,0.50158
CVE-2018-2733,0.00099,0.40675
CVE-2018-2737,0.00073,0.30419
CVE-2018-2738,0.00073,0.30419
CVE-2018-2739,0.00148,0.50888
CVE-2018-2742,0.00148,0.50820
CVE-2018-2746,0.00097,0.40141
CVE-2018-2747,0.00086,0.35701
CVE-2018-2748,0.00143,0.50158
CVE-2018-2749,0.00083,0.34590
CVE-2018-2750,0.00129,0.47679
CVE-2018-2752,0.00083,0.34590
CVE-2018-2753,0.00052,0.17656
CVE-2018-2754,0.00154,0.51647
CVE-2018-2755,0.00098,0.40341
CVE-2018-2756,0.00097,0.40141
CVE-2018-2758,0.00173,0.54477
CVE-2018-2759,0.00111,0.44172
CVE-2018-2760,0.00144,0.50215
CVE-2018-2761,0.00282,0.65308
CVE-2018-2762,0.00047,0.13976
CVE-2018-2763,0.00052,0.17656
CVE-2018-2764,0.00142,0.49951
CVE-2018-2765,0.00176,0.54836
CVE-2018-2766,0.00103,0.41764
CVE-2018-2767,0.00106,0.42914
CVE-2018-2768,0.00325,0.67825
CVE-2018-2769,0.00115,0.45125
CVE-2018-2770,0.00097,0.40141
CVE-2018-2771,0.00078,0.32144
CVE-2018-2772,0.00165,0.53172
CVE-2018-2773,0.00047,0.13976
CVE-2018-2774,0.00148,0.50820
CVE-2018-2775,0.00169,0.53851
CVE-2018-2776,0.00115,0.45125
CVE-2018-2777,0.00111,0.44172
CVE-2018-2778,0.00115,0.45125
CVE-2018-2779,0.00115,0.45125
CVE-2018-2780,0.00169,0.53851
CVE-2018-2781,0.00078,0.32144
CVE-2018-2782,0.00132,0.48181
CVE-2018-2783,0.00286,0.65604
CVE-2018-2784,0.00132,0.48181
CVE-2018-2785,0.00151,0.51233
CVE-2018-2786,0.00111,0.44172
CVE-2018-2787,0.00112,0.44385
CVE-2018-2788,0.00143,0.50158
CVE-2018-2789,0.00054,0.19451
CVE-2018-2790,0.00184,0.55792
CVE-2018-2791,0.02132,0.88152
CVE-2018-2792,0.00083,0.34590
CVE-2018-2793,0.00092,0.38796
CVE-2018-2794,0.00143,0.50023
CVE-2018-2795,0.00329,0.68058
CVE-2018-2796,0.00329,0.68058
CVE-2018-2797,0.00329,0.68058
CVE-2018-2798,0.00329,0.68058
CVE-2018-2799,0.00236,0.61805
CVE-2018-2800,0.00184,0.55792
CVE-2018-2801,0.00325,0.67825
CVE-2018-2802,0.00054,0.19451
CVE-2018-2803,0.00061,0.24121
CVE-2018-2804,0.00307,0.66838
CVE-2018-2805,0.00141,0.49743
CVE-2018-2806,0.00325,0.67825
CVE-2018-2807,0.00143,0.50158
CVE-2018-2808,0.00045,0.12218
CVE-2018-2809,0.00178,0.55110
CVE-2018-2810,0.00111,0.44172
CVE-2018-2811,0.00102,0.41250
CVE-2018-2812,0.00133,0.48430
CVE-2018-2813,0.00106,0.42707
CVE-2018-2814,0.00310,0.67012
CVE-2018-2815,0.00292,0.65989
CVE-2018-2816,0.00118,0.45769
CVE-2018-2817,0.00119,0.46027
CVE-2018-2818,0.00102,0.41520
CVE-2018-2819,0.00119,0.46027
CVE-2018-2820,0.00074,0.30577
CVE-2018-2821,0.00143,0.50158
CVE-2018-2822,0.00048,0.14338
CVE-2018-2823,0.00054,0.19451
CVE-2018-2824,0.00085,0.35303
CVE-2018-2825,0.00353,0.69117
CVE-2018-2826,0.00381,0.70262
CVE-2018-2827,0.00088,0.37158
CVE-2018-2828,0.00093,0.38945
CVE-2018-2829,0.00251,0.63145
CVE-2018-2830,0.00056,0.20818
CVE-2018-2831,0.00051,0.17346
CVE-2018-2832,0.00143,0.50054
CVE-2018-2833,0.00061,0.24121
CVE-2018-2834,0.00071,0.29144
CVE-2018-2835,0.00056,0.20818
CVE-2018-2836,0.00056,0.20818
CVE-2018-2837,0.00056,0.20818
CVE-2018-2838,0.00143,0.50158
CVE-2018-2839,0.00118,0.45769
CVE-2018-2840,0.00257,0.63581
CVE-2018-2841,0.00116,0.45462
CVE-2018-2842,0.00044,0.10534
CVE-2018-2843,0.00044,0.10534
CVE-2018-2844,0.00047,0.13963
CVE-2018-2845,0.00044,0.10534
CVE-2018-2846,0.00118,0.45769
CVE-2018-2847,0.00061,0.24121
CVE-2018-2848,0.00143,0.50054
CVE-2018-2849,0.00085,0.35303
CVE-2018-2850,0.00063,0.25164
CVE-2018-2851,0.00061,0.24121
CVE-2018-2852,0.00054,0.19451
CVE-2018-2853,0.00054,0.19451
CVE-2018-2854,0.00143,0.50158
CVE-2018-2855,0.00097,0.40141
CVE-2018-2856,0.00097,0.40141
CVE-2018-2857,0.00086,0.35732
CVE-2018-2858,0.00146,0.50454
CVE-2018-2859,0.00143,0.50158
CVE-2018-2860,0.00056,0.20818
CVE-2018-2861,0.00063,0.25164
CVE-2018-2862,0.00061,0.24121
CVE-2018-2863,0.00074,0.30577
CVE-2018-2864,0.00146,0.50454
CVE-2018-2865,0.00146,0.50454
CVE-2018-2866,0.00146,0.50454
CVE-2018-2867,0.00146,0.50454
CVE-2018-2868,0.00146,0.50454
CVE-2018-2869,0.00146,0.50454
CVE-2018-2870,0.00307,0.66838
CVE-2018-2871,0.00307,0.66838
CVE-2018-2872,0.00146,0.50454
CVE-2018-2873,0.00146,0.50454
CVE-2018-2874,0.00080,0.33436
CVE-2018-2875,0.00054,0.20290
CVE-2018-2876,0.00064,0.26493
CVE-2018-2877,0.00044,0.10534
CVE-2018-2878,0.00143,0.50158
CVE-2018-2879,0.01264,0.84229
CVE-2018-2880,0.00194,0.57348
CVE-2018-2881,0.00057,0.21452
CVE-2018-2882,0.00075,0.30975
CVE-2018-2883,0.00053,0.18590
CVE-2018-2887,0.00141,0.49789
CVE-2018-2888,0.00045,0.12178
CVE-2018-2889,0.00274,0.64784
CVE-2018-2891,0.00164,0.53041
CVE-2018-2892,0.00186,0.55997
CVE-2018-2893,0.97327,0.99869
CVE-2018-2894,0.97327,0.99869
CVE-2018-2895,0.00143,0.50158
CVE-2018-2896,0.00143,0.50158
CVE-2018-2897,0.00143,0.50158
CVE-2018-2898,0.00143,0.50158
CVE-2018-2899,0.00143,0.50158
CVE-2018-2900,0.00439,0.72190
CVE-2018-2901,0.00266,0.64269
CVE-2018-2902,0.00139,0.49409
CVE-2018-2903,0.00052,0.17656
CVE-2018-2904,0.00164,0.53093
CVE-2018-2905,0.00327,0.67892
CVE-2018-2906,0.00327,0.67892
CVE-2018-2907,0.00385,0.70402
CVE-2018-2908,0.00173,0.54523
CVE-2018-2909,0.00082,0.34191
CVE-2018-2911,0.00254,0.63432
CVE-2018-2912,0.10505,0.94510
CVE-2018-2913,0.27674,0.96405
CVE-2018-2914,0.10505,0.94510
CVE-2018-2915,0.00327,0.67892
CVE-2018-2916,0.00064,0.25791
CVE-2018-2917,0.00266,0.64269
CVE-2018-2918,0.00761,0.79243
CVE-2018-2919,0.00322,0.67656
CVE-2018-2920,0.00067,0.27672
CVE-2018-2921,0.00327,0.67892
CVE-2018-2922,0.00052,0.17656
CVE-2018-2923,0.00052,0.17656
CVE-2018-2924,0.00048,0.14338
CVE-2018-2925,0.00102,0.41529
CVE-2018-2926,0.00173,0.54523
CVE-2018-2927,0.00120,0.46106
CVE-2018-2928,0.00234,0.61514
CVE-2018-2929,0.00322,0.67656
CVE-2018-2930,0.01487,0.85497
CVE-2018-2932,0.01168,0.83489
CVE-2018-2933,0.00129,0.47680
CVE-2018-2934,0.00155,0.51843
CVE-2018-2935,0.00198,0.57718
CVE-2018-2936,0.00129,0.47611
CVE-2018-2937,0.00201,0.58122
CVE-2018-2938,0.00380,0.70241
CVE-2018-2939,0.00129,0.47727
CVE-2018-2940,0.00204,0.58355
CVE-2018-2941,0.00345,0.68758
CVE-2018-2942,0.00306,0.66771
CVE-2018-2943,0.00468,0.73002
CVE-2018-2944,0.00385,0.70402
CVE-2018-2945,0.00322,0.67656
CVE-2018-2946,0.00322,0.67656
CVE-2018-2947,0.00166,0.53275
CVE-2018-2948,0.00322,0.67656
CVE-2018-2949,0.00322,0.67656
CVE-2018-2950,0.00322,0.67656
CVE-2018-2951,0.00128,0.47414
CVE-2018-2952,0.00209,0.58929
CVE-2018-2953,0.00175,0.54710
CVE-2018-2954,0.00045,0.12218
CVE-2018-2955,0.00327,0.67892
CVE-2018-2956,0.00146,0.50554
CVE-2018-2957,0.00385,0.70402
CVE-2018-2958,0.00439,0.72190
CVE-2018-2959,0.00164,0.53041
CVE-2018-2960,0.00075,0.30950
CVE-2018-2961,0.00075,0.30950
CVE-2018-2962,0.00054,0.19451
CVE-2018-2963,0.00054,0.19451
CVE-2018-2964,0.00420,0.71605
CVE-2018-2965,0.00075,0.30950
CVE-2018-2966,0.00087,0.35939
CVE-2018-2967,0.00086,0.35812
CVE-2018-2968,0.00087,0.35939
CVE-2018-2969,0.00054,0.19451
CVE-2018-2970,0.00099,0.40631
CVE-2018-2971,0.00090,0.37731
CVE-2018-2972,0.00575,0.75667
CVE-2018-2973,0.00233,0.61470
CVE-2018-2974,0.00086,0.35732
CVE-2018-2975,0.00146,0.50454
CVE-2018-2976,0.00193,0.57261
CVE-2018-2977,0.00348,0.68885
CVE-2018-2978,0.00129,0.47735
CVE-2018-2979,0.00089,0.37215
CVE-2018-2980,0.00086,0.35732
CVE-2018-2981,0.00083,0.34590
CVE-2018-2982,0.00102,0.41529
CVE-2018-2984,0.00187,0.56214
CVE-2018-2985,0.00322,0.67656
CVE-2018-2986,0.00322,0.67656
CVE-2018-2987,0.00228,0.61103
CVE-2018-2988,0.00175,0.54710
CVE-2018-2989,0.00318,0.67468
CVE-2018-2990,0.00590,0.76030
CVE-2018-2991,0.00175,0.54710
CVE-2018-2992,0.00518,0.74343
CVE-2018-2993,0.00175,0.54710
CVE-2018-2994,0.00146,0.50454
CVE-2018-2995,0.00175,0.54710
CVE-2018-2996,0.00171,0.54254
CVE-2018-2997,0.00175,0.54710
CVE-2018-2998,0.00120,0.46087
CVE-2018-2999,0.00322,0.67656
CVE-2018-3000,0.00128,0.47414
CVE-2018-3001,0.00128,0.47414
CVE-2018-3002,0.00128,0.47414
CVE-2018-3003,0.00128,0.47414
CVE-2018-3004,0.00520,0.74411
CVE-2018-3005,0.00115,0.45017
CVE-2018-3006,0.00322,0.67656
CVE-2018-3007,0.00171,0.54254
CVE-2018-3008,0.00175,0.54710
CVE-2018-3009,0.00518,0.74343
CVE-2018-3010,0.00518,0.74343
CVE-2018-3011,0.00230,0.61234
CVE-2018-3012,0.00175,0.54710
CVE-2018-3013,0.00166,0.53275
CVE-2018-3014,0.00166,0.53275
CVE-2018-3015,0.00115,0.45218
CVE-2018-3016,0.00135,0.48781
CVE-2018-3017,0.00175,0.54710
CVE-2018-3018,0.00175,0.54710
CVE-2018-3019,0.00083,0.34590
CVE-2018-3020,0.00086,0.35732
CVE-2018-3021,0.00146,0.50454
CVE-2018-3022,0.00089,0.37215
CVE-2018-3023,0.00086,0.35732
CVE-2018-3024,0.00083,0.34590
CVE-2018-3025,0.00102,0.41529
CVE-2018-3026,0.00083,0.34590
CVE-2018-3027,0.00115,0.45218
CVE-2018-3028,0.00086,0.35732
CVE-2018-3029,0.00146,0.50454
CVE-2018-3030,0.00089,0.37215
CVE-2018-3031,0.00086,0.35732
CVE-2018-3032,0.00083,0.34590
CVE-2018-3033,0.00102,0.41529
CVE-2018-3034,0.00083,0.34590
CVE-2018-3035,0.00115,0.45218
CVE-2018-3036,0.00086,0.35732
CVE-2018-3037,0.00086,0.35732
CVE-2018-3038,0.00146,0.50454
CVE-2018-3039,0.00146,0.50454
CVE-2018-3040,0.00089,0.37215
CVE-2018-3041,0.00089,0.37215
CVE-2018-3042,0.00086,0.35732
CVE-2018-3043,0.00086,0.35732
CVE-2018-3044,0.00083,0.34590
CVE-2018-3045,0.00083,0.34590
CVE-2018-3046,0.00102,0.41529
CVE-2018-3047,0.00102,0.41529
CVE-2018-3048,0.00083,0.34590
CVE-2018-3049,0.00083,0.34590
CVE-2018-3050,0.00115,0.45218
CVE-2018-3051,0.00115,0.45218
CVE-2018-3052,0.00054,0.19233
CVE-2018-3053,0.00054,0.19233
CVE-2018-3054,0.00134,0.48511
CVE-2018-3055,0.00071,0.29135
CVE-2018-3056,0.00169,0.53848
CVE-2018-3057,0.00045,0.12218
CVE-2018-3058,0.00150,0.51171
CVE-2018-3059,0.00144,0.50280
CVE-2018-3060,0.00099,0.40713
CVE-2018-3061,0.00134,0.48511
CVE-2018-3062,0.00197,0.57592
CVE-2018-3063,0.00085,0.35274
CVE-2018-3064,0.00156,0.51996
CVE-2018-3065,0.00197,0.57592
CVE-2018-3066,0.00085,0.35397
CVE-2018-3067,0.00116,0.45310
CVE-2018-3068,0.00322,0.67656
CVE-2018-3069,0.00099,0.40631
CVE-2018-3070,0.00447,0.72410
CVE-2018-3071,0.00134,0.48511
CVE-2018-3072,0.00327,0.67892
CVE-2018-3073,0.00155,0.51808
CVE-2018-3074,0.00155,0.51808
CVE-2018-3075,0.00116,0.45310
CVE-2018-3076,0.00120,0.46106
CVE-2018-3077,0.00134,0.48511
CVE-2018-3078,0.00083,0.34403
CVE-2018-3079,0.00083,0.34403
CVE-2018-3080,0.00083,0.34403
CVE-2018-3081,0.00077,0.31973
CVE-2018-3082,0.00077,0.32045
CVE-2018-3084,0.00047,0.14010
CVE-2018-3085,0.00063,0.25787
CVE-2018-3086,0.00082,0.34191
CVE-2018-3087,0.00082,0.34191
CVE-2018-3088,0.00082,0.34191
CVE-2018-3089,0.00082,0.34191
CVE-2018-3090,0.00082,0.34191
CVE-2018-3091,0.00124,0.46723
CVE-2018-3092,0.00215,0.59569
CVE-2018-3093,0.00215,0.59569
CVE-2018-3094,0.00215,0.59569
CVE-2018-3095,0.00215,0.59569
CVE-2018-3096,0.00215,0.59569
CVE-2018-3097,0.00215,0.59569
CVE-2018-3098,0.00215,0.59569
CVE-2018-3099,0.00226,0.60951
CVE-2018-3100,0.00366,0.69668
CVE-2018-3101,0.00327,0.67892
CVE-2018-3102,0.00226,0.60951
CVE-2018-3103,0.00226,0.60951
CVE-2018-3104,0.00226,0.60951
CVE-2018-3105,0.00099,0.40709
CVE-2018-3108,0.00166,0.53275
CVE-2018-3109,0.00166,0.53275
CVE-2018-3110,0.00196,0.57574
CVE-2018-3111,0.00338,0.68469
CVE-2018-3115,0.00250,0.63070
CVE-2018-3120,0.00138,0.49334
CVE-2018-3122,0.00112,0.44288
CVE-2018-3123,0.00205,0.58492
CVE-2018-3125,0.00090,0.37819
CVE-2018-3126,0.00212,0.59258
CVE-2018-3127,0.00144,0.50280
CVE-2018-3128,0.00061,0.24121
CVE-2018-3129,0.00379,0.70176
CVE-2018-3130,0.00145,0.50375
CVE-2018-3131,0.00045,0.12178
CVE-2018-3132,0.00305,0.66690
CVE-2018-3133,0.00155,0.51779
CVE-2018-3134,0.00045,0.12178
CVE-2018-3135,0.00320,0.67584
CVE-2018-3136,0.00218,0.59845
CVE-2018-3137,0.00187,0.56291
CVE-2018-3138,0.00230,0.61234
CVE-2018-3139,0.00232,0.61388
CVE-2018-3140,0.00305,0.66690
CVE-2018-3141,0.00347,0.68833
CVE-2018-3142,0.00201,0.57999
CVE-2018-3143,0.00163,0.52964
CVE-2018-3144,0.00909,0.81094
CVE-2018-3145,0.00187,0.56291
CVE-2018-3146,0.00280,0.65205
CVE-2018-3147,0.31439,0.96595
CVE-2018-3148,0.00092,0.38794
CVE-2018-3149,0.00354,0.69167
CVE-2018-3150,0.01005,0.82089
CVE-2018-3151,0.00241,0.62165
CVE-2018-3152,0.00147,0.50669
CVE-2018-3153,0.00305,0.66690
CVE-2018-3154,0.00305,0.66690
CVE-2018-3155,0.00224,0.60758
CVE-2018-3156,0.00163,0.52964
CVE-2018-3157,0.00549,0.75126
CVE-2018-3158,0.00112,0.44288
CVE-2018-3159,0.00045,0.12178
CVE-2018-3160,0.00045,0.12178
CVE-2018-3161,0.00230,0.61293
CVE-2018-3162,0.00109,0.43761
CVE-2018-3163,0.00092,0.38804
CVE-2018-3164,0.00305,0.66690
CVE-2018-3165,0.00213,0.59406
CVE-2018-3166,0.00099,0.40631
CVE-2018-3167,0.00727,0.78716
CVE-2018-3168,0.00099,0.40631
CVE-2018-3169,0.00613,0.76499
CVE-2018-3170,0.00140,0.49711
CVE-2018-3171,0.00230,0.61293
CVE-2018-3172,0.00269,0.64458
CVE-2018-3173,0.00119,0.45869
CVE-2018-3174,0.00047,0.14187
CVE-2018-3175,0.00305,0.66690
CVE-2018-3176,0.00305,0.66690
CVE-2018-3177,0.00305,0.66690
CVE-2018-3178,0.00305,0.66690
CVE-2018-3179,0.00094,0.39318
CVE-2018-3180,0.00208,0.58756
CVE-2018-3181,0.00045,0.12178
CVE-2018-3182,0.00187,0.56291
CVE-2018-3183,0.00276,0.64925
CVE-2018-3184,0.00145,0.50375
CVE-2018-3185,0.00119,0.45869
CVE-2018-3186,0.00140,0.49711
CVE-2018-3187,0.00162,0.52896
CVE-2018-3188,0.00230,0.61234
CVE-2018-3189,0.00230,0.61234
CVE-2018-3190,0.00230,0.61234
CVE-2018-3191,0.60557,0.97502
CVE-2018-3192,0.00213,0.59406
CVE-2018-3193,0.00305,0.66690
CVE-2018-3194,0.00305,0.66690
CVE-2018-3195,0.00140,0.49711
CVE-2018-3196,0.00230,0.61234
CVE-2018-3197,0.02227,0.88419
CVE-2018-3198,0.00331,0.68158
CVE-2018-3200,0.00109,0.43761
CVE-2018-3201,0.02227,0.88419
CVE-2018-3202,0.00331,0.68158
CVE-2018-3203,0.00187,0.56291
CVE-2018-3204,0.00280,0.65205
CVE-2018-3205,0.00305,0.66690
CVE-2018-3206,0.00305,0.66690
CVE-2018-3207,0.00305,0.66690
CVE-2018-3208,0.00201,0.57999
CVE-2018-3209,0.00436,0.72106
CVE-2018-3210,0.00141,0.49789
CVE-2018-3211,0.00057,0.21547
CVE-2018-3212,0.00140,0.49711
CVE-2018-3213,0.07156,0.93386
CVE-2018-3214,0.00376,0.70039
CVE-2018-3215,0.00144,0.50280
CVE-2018-3217,0.00280,0.65205
CVE-2018-3218,0.00280,0.65205
CVE-2018-3219,0.00256,0.63544
CVE-2018-3220,0.00256,0.63544
CVE-2018-3221,0.00150,0.51217
CVE-2018-3222,0.00150,0.51217
CVE-2018-3223,0.00150,0.51217
CVE-2018-3224,0.00150,0.51217
CVE-2018-3225,0.00150,0.51217
CVE-2018-3226,0.00150,0.51217
CVE-2018-3227,0.00150,0.51217
CVE-2018-3228,0.00150,0.51217
CVE-2018-3229,0.00150,0.51217
CVE-2018-3230,0.00150,0.51217
CVE-2018-3231,0.00150,0.51217
CVE-2018-3232,0.00150,0.51217
CVE-2018-3233,0.00150,0.51217
CVE-2018-3234,0.00150,0.51217
CVE-2018-3235,0.00230,0.61234
CVE-2018-3236,0.00124,0.46771
CVE-2018-3237,0.00204,0.58462
CVE-2018-3238,0.00471,0.73082
CVE-2018-3239,0.00331,0.68158
CVE-2018-3241,0.00092,0.38794
CVE-2018-3242,0.00230,0.61234
CVE-2018-3243,0.00230,0.61234
CVE-2018-3244,0.00215,0.59547
CVE-2018-3245,0.44852,0.97074
CVE-2018-3246,0.00583,0.75869
CVE-2018-3247,0.00162,0.52896
CVE-2018-3248,0.00377,0.70088
CVE-2018-3249,0.00168,0.53536
CVE-2018-3250,0.00369,0.69807
CVE-2018-3251,0.00163,0.52964
CVE-2018-3252,0.49470,0.97233
CVE-2018-3253,0.00192,0.56849
CVE-2018-3254,0.00141,0.49789
CVE-2018-3255,0.00305,0.66690
CVE-2018-3256,0.00198,0.57740
CVE-2018-3257,0.00305,0.66690
CVE-2018-3258,0.00306,0.66764
CVE-2018-3259,0.01886,0.87240
CVE-2018-3261,0.00331,0.68158
CVE-2018-3262,0.00320,0.67584
CVE-2018-3263,0.00256,0.63518
CVE-2018-3264,0.00048,0.14338
CVE-2018-3265,0.00073,0.30113
CVE-2018-3266,0.00048,0.14338
CVE-2018-3267,0.00331,0.68158
CVE-2018-3268,0.00269,0.64458
CVE-2018-3269,0.00077,0.31766
CVE-2018-3270,0.00048,0.14338
CVE-2018-3271,0.00045,0.12218
CVE-2018-3272,0.00075,0.30855
CVE-2018-3273,0.00399,0.70941
CVE-2018-3274,0.00181,0.55380
CVE-2018-3275,0.00752,0.79076
CVE-2018-3276,0.00162,0.52896
CVE-2018-3277,0.00109,0.43761
CVE-2018-3278,0.00162,0.52896
CVE-2018-3279,0.00140,0.49711
CVE-2018-3280,0.00140,0.49711
CVE-2018-3281,0.00092,0.38794
CVE-2018-3282,0.00110,0.43947
CVE-2018-3283,0.00162,0.52896
CVE-2018-3284,0.00109,0.43761
CVE-2018-3285,0.00140,0.49711
CVE-2018-3286,0.00149,0.50949
CVE-2018-3287,0.00082,0.34191
CVE-2018-3288,0.00088,0.36691
CVE-2018-3289,0.00088,0.36691
CVE-2018-3290,0.00088,0.36691
CVE-2018-3291,0.00088,0.36691
CVE-2018-3292,0.00088,0.36691
CVE-2018-3293,0.00088,0.36691
CVE-2018-3294,0.00254,0.63439
CVE-2018-3295,0.00065,0.27127
CVE-2018-3296,0.00088,0.36691
CVE-2018-3297,0.00088,0.36691
CVE-2018-3298,0.00088,0.36691
CVE-2018-3299,0.00404,0.71082
CVE-2018-3300,0.00054,0.20290
CVE-2018-3301,0.00305,0.66690
CVE-2018-3302,0.00150,0.51217
CVE-2018-3303,0.00090,0.37819
CVE-2018-3304,0.00077,0.31894
CVE-2018-3305,0.00053,0.18474
CVE-2018-3309,0.00045,0.12218
CVE-2018-3311,0.00601,0.76217
CVE-2018-3312,0.00069,0.28564
CVE-2018-3314,0.00064,0.26454
CVE-2018-3315,0.00064,0.26454
CVE-2018-3316,0.00119,0.46019
CVE-2018-3560,0.00044,0.10161
CVE-2018-3561,0.00044,0.10161
CVE-2018-3562,0.00049,0.15848
CVE-2018-3563,0.00049,0.14838
CVE-2018-3564,0.00052,0.18252
CVE-2018-3565,0.00066,0.27605
CVE-2018-3566,0.00049,0.15854
CVE-2018-3567,0.00044,0.10161
CVE-2018-3568,0.00044,0.10161
CVE-2018-3569,0.00052,0.18252
CVE-2018-3570,0.00044,0.10161
CVE-2018-3571,0.00044,0.10161
CVE-2018-3572,0.00044,0.10161
CVE-2018-3573,0.00044,0.10161
CVE-2018-3574,0.00060,0.23636
CVE-2018-3576,0.00044,0.10161
CVE-2018-3577,0.00106,0.42776
CVE-2018-3578,0.00066,0.27605
CVE-2018-3579,0.00044,0.10161
CVE-2018-3580,0.00077,0.31906
CVE-2018-3581,0.00044,0.10161
CVE-2018-3582,0.00044,0.10161
CVE-2018-3583,0.00044,0.10161
CVE-2018-3584,0.00080,0.33409
CVE-2018-3586,0.00119,0.45929
CVE-2018-3587,0.00059,0.22933
CVE-2018-3588,0.00044,0.10161
CVE-2018-3589,0.00187,0.56164
CVE-2018-3590,0.00187,0.56164
CVE-2018-3591,0.00187,0.56164
CVE-2018-3592,0.00187,0.56164
CVE-2018-3593,0.00187,0.56164
CVE-2018-3594,0.00187,0.56164
CVE-2018-3595,0.00044,0.10161
CVE-2018-3596,0.00106,0.42770
CVE-2018-3597,0.00044,0.10161
CVE-2018-3598,0.00080,0.33409
CVE-2018-3599,0.00106,0.42770
CVE-2018-3600,0.00271,0.64585
CVE-2018-3601,0.01372,0.84926
CVE-2018-3602,0.00996,0.82020
CVE-2018-3603,0.00996,0.82020
CVE-2018-3604,0.83760,0.98217
CVE-2018-3605,0.03651,0.90833
CVE-2018-3606,0.03651,0.90833
CVE-2018-3607,0.02480,0.89026
CVE-2018-3608,0.00201,0.58092
CVE-2018-3609,0.03742,0.90949
CVE-2018-3610,0.00042,0.05722
CVE-2018-3611,0.00075,0.30965
CVE-2018-3612,0.00042,0.05722
CVE-2018-3613,0.00042,0.05722
CVE-2018-3615,0.00048,0.14699
CVE-2018-3616,0.00818,0.80035
CVE-2018-3619,0.00061,0.23892
CVE-2018-3620,0.00174,0.54634
CVE-2018-3621,0.00070,0.29068
CVE-2018-3624,0.01678,0.86397
CVE-2018-3626,0.00042,0.05722
CVE-2018-3627,0.00042,0.05722
CVE-2018-3628,0.00339,0.68486
CVE-2018-3629,0.00173,0.54493
CVE-2018-3632,0.00042,0.05722
CVE-2018-3634,0.00044,0.10161
CVE-2018-3635,0.00052,0.18252
CVE-2018-3638,0.00042,0.05722
CVE-2018-3639,0.00159,0.52411
CVE-2018-3640,0.00264,0.64078
CVE-2018-3641,0.00212,0.59254
CVE-2018-3643,0.00077,0.31811
CVE-2018-3645,0.00042,0.05722
CVE-2018-3646,0.00044,0.10865
CVE-2018-3649,0.00060,0.23366
CVE-2018-3650,0.00044,0.10161
CVE-2018-3652,0.00077,0.32045
CVE-2018-3655,0.00266,0.64302
CVE-2018-3657,0.00088,0.36960
CVE-2018-3658,0.00973,0.81779
CVE-2018-3659,0.00077,0.32045
CVE-2018-3661,0.00042,0.05722
CVE-2018-3662,0.00044,0.10161
CVE-2018-3663,0.00044,0.10161
CVE-2018-3665,0.00076,0.31154
CVE-2018-3666,0.00042,0.05722
CVE-2018-3667,0.00044,0.10161
CVE-2018-3668,0.00042,0.05722
CVE-2018-3669,0.00110,0.44110
CVE-2018-3670,0.00042,0.05722
CVE-2018-3671,0.00044,0.10161
CVE-2018-3672,0.00042,0.05722
CVE-2018-3679,0.00198,0.57732
CVE-2018-3682,0.00044,0.10161
CVE-2018-3683,0.00042,0.05722
CVE-2018-3684,0.00042,0.05722
CVE-2018-3686,0.00044,0.10161
CVE-2018-3687,0.00042,0.05722
CVE-2018-3688,0.00042,0.05722
CVE-2018-3689,0.00042,0.05722
CVE-2018-3691,0.00044,0.10161
CVE-2018-3693,0.00044,0.08116
CVE-2018-3696,0.00044,0.10161
CVE-2018-3697,0.00044,0.10161
CVE-2018-3698,0.00044,0.10161
CVE-2018-3699,0.00092,0.38794
CVE-2018-3700,0.00044,0.10161
CVE-2018-3701,0.00042,0.05722
CVE-2018-3702,0.00044,0.10161
CVE-2018-3703,0.00044,0.10161
CVE-2018-3704,0.00044,0.10161
CVE-2018-3705,0.00044,0.10161
CVE-2018-3710,0.02295,0.88605
CVE-2018-3711,0.00090,0.37715
CVE-2018-3712,0.00087,0.36039
CVE-2018-3713,0.00060,0.23404
CVE-2018-3714,0.00182,0.55546
CVE-2018-3715,0.00066,0.27264
CVE-2018-3716,0.00058,0.22585
CVE-2018-3717,0.00088,0.36939
CVE-2018-3718,0.00126,0.47113
CVE-2018-3719,0.00098,0.40334
CVE-2018-3720,0.00106,0.42937
CVE-2018-3721,0.00121,0.46332
CVE-2018-3722,0.00106,0.42937
CVE-2018-3723,0.00098,0.40334
CVE-2018-3724,0.00637,0.76983
CVE-2018-3725,0.00637,0.76983
CVE-2018-3726,0.00076,0.31249
CVE-2018-3727,0.00637,0.76983
CVE-2018-3728,0.01021,0.82224
CVE-2018-3729,0.00637,0.76983
CVE-2018-3730,0.00637,0.76983
CVE-2018-3731,0.00637,0.76983
CVE-2018-3732,0.00303,0.66580
CVE-2018-3733,0.00213,0.59369
CVE-2018-3734,0.00317,0.67396
CVE-2018-3735,0.00087,0.36434
CVE-2018-3737,0.00158,0.52248
CVE-2018-3738,0.00060,0.23550
CVE-2018-3739,0.00659,0.77474
CVE-2018-3740,0.00142,0.49914
CVE-2018-3741,0.00078,0.32606
CVE-2018-3743,0.00105,0.42625
CVE-2018-3744,0.00512,0.74208
CVE-2018-3745,0.00604,0.76304
CVE-2018-3746,0.00364,0.69562
CVE-2018-3747,0.00105,0.42625
CVE-2018-3748,0.00087,0.36434
CVE-2018-3749,0.00311,0.67061
CVE-2018-3750,0.00311,0.67061
CVE-2018-3751,0.00311,0.67061
CVE-2018-3752,0.00311,0.67061
CVE-2018-3753,0.00311,0.67061
CVE-2018-3754,0.00091,0.38618
CVE-2018-3755,0.00087,0.36434
CVE-2018-3756,0.00084,0.34791
CVE-2018-3757,0.00455,0.72656
CVE-2018-3758,0.00121,0.46233
CVE-2018-3759,0.00084,0.34791
CVE-2018-3760,0.02274,0.88551
CVE-2018-3761,0.00197,0.57684
CVE-2018-3762,0.00054,0.20290
CVE-2018-3763,0.00054,0.20290
CVE-2018-3764,0.00054,0.20290
CVE-2018-3766,0.00449,0.72491
CVE-2018-3767,0.00390,0.70637
CVE-2018-3769,0.00092,0.38755
CVE-2018-3770,0.00062,0.24548
CVE-2018-3771,0.00087,0.36434
CVE-2018-3772,0.00290,0.65866
CVE-2018-3773,0.00105,0.42625
CVE-2018-3774,0.00316,0.67382
CVE-2018-3775,0.00109,0.43852
CVE-2018-3776,0.00090,0.37972
CVE-2018-3777,0.00186,0.55912
CVE-2018-3778,0.00133,0.48355
CVE-2018-3779,0.00930,0.81327
CVE-2018-3780,0.00054,0.20290
CVE-2018-3781,0.00054,0.20290
CVE-2018-3783,0.00408,0.71234
CVE-2018-3784,0.00245,0.62618
CVE-2018-3785,0.00475,0.73184
CVE-2018-3786,0.00203,0.58319
CVE-2018-3787,0.00902,0.81029
CVE-2018-3809,0.00126,0.47113
CVE-2018-3810,0.79200,0.98023
CVE-2018-3811,0.00283,0.65382
CVE-2018-3813,0.00913,0.81144
CVE-2018-3814,0.00348,0.68892
CVE-2018-3815,0.00051,0.16916
CVE-2018-3817,0.00065,0.26756
CVE-2018-3818,0.00075,0.30950
CVE-2018-3819,0.00078,0.32606
CVE-2018-3820,0.00078,0.32606
CVE-2018-3821,0.00078,0.32606
CVE-2018-3822,0.00386,0.70442
CVE-2018-3823,0.00054,0.20290
CVE-2018-3824,0.00084,0.35108
CVE-2018-3825,0.00113,0.44617
CVE-2018-3826,0.00065,0.26756
CVE-2018-3827,0.00325,0.67835
CVE-2018-3828,0.00104,0.42231
CVE-2018-3829,0.00065,0.26756
CVE-2018-3830,0.00091,0.38644
CVE-2018-3831,0.00078,0.32769
CVE-2018-3832,0.00123,0.46536
CVE-2018-3833,0.00955,0.81608
CVE-2018-3834,0.00187,0.56229
CVE-2018-3835,0.00306,0.66766
CVE-2018-3836,0.00049,0.14993
CVE-2018-3837,0.00062,0.24584
CVE-2018-3838,0.00159,0.52430
CVE-2018-3839,0.00442,0.72285
CVE-2018-3840,0.00219,0.59917
CVE-2018-3841,0.00220,0.60183
CVE-2018-3842,0.00731,0.78786
CVE-2018-3843,0.09193,0.94115
CVE-2018-3844,0.00398,0.70910
CVE-2018-3845,0.00378,0.70159
CVE-2018-3846,0.00894,0.80924
CVE-2018-3847,0.00449,0.72474
CVE-2018-3848,0.00429,0.71876
CVE-2018-3849,0.00429,0.71876
CVE-2018-3850,0.23691,0.96176
CVE-2018-3851,0.00605,0.76336
CVE-2018-3852,0.00109,0.43878
CVE-2018-3853,0.00778,0.79501
CVE-2018-3854,0.00051,0.17393
CVE-2018-3855,0.00113,0.44628
CVE-2018-3856,0.00186,0.56043
CVE-2018-3857,0.00097,0.40168
CVE-2018-3858,0.00097,0.40168
CVE-2018-3859,0.00099,0.40751
CVE-2018-3860,0.00099,0.40751
CVE-2018-3861,0.00093,0.39126
CVE-2018-3862,0.00091,0.38161
CVE-2018-3863,0.00101,0.41103
CVE-2018-3864,0.00109,0.43575
CVE-2018-3865,0.00109,0.43575
CVE-2018-3866,0.00109,0.43575
CVE-2018-3867,0.00101,0.41103
CVE-2018-3868,0.00072,0.29986
CVE-2018-3870,0.00104,0.42293
CVE-2018-3871,0.00104,0.42293
CVE-2018-3872,0.00101,0.41103
CVE-2018-3873,0.00109,0.43575
CVE-2018-3874,0.00109,0.43575
CVE-2018-3875,0.00109,0.43575
CVE-2018-3876,0.00109,0.43575
CVE-2018-3877,0.00109,0.43575
CVE-2018-3878,0.00101,0.41103
CVE-2018-3879,0.00091,0.38618
CVE-2018-3880,0.00101,0.41103
CVE-2018-3881,0.00766,0.79319
CVE-2018-3882,0.00078,0.32249
CVE-2018-3883,0.00078,0.32249
CVE-2018-3884,0.00078,0.32249
CVE-2018-3885,0.00078,0.32249
CVE-2018-3886,0.00099,0.40751
CVE-2018-3887,0.00099,0.40751
CVE-2018-3888,0.00099,0.40751
CVE-2018-3889,0.00098,0.40325
CVE-2018-3890,0.00103,0.41765
CVE-2018-3891,0.00058,0.21949
CVE-2018-3892,0.00259,0.63777
CVE-2018-3893,0.00101,0.41103
CVE-2018-3894,0.00109,0.43575
CVE-2018-3895,0.00109,0.43575
CVE-2018-3896,0.00109,0.43575
CVE-2018-3897,0.00109,0.43575
CVE-2018-3898,0.00217,0.59734
CVE-2018-3899,0.00264,0.64088
CVE-2018-3900,0.00296,0.66218
CVE-2018-3902,0.00101,0.41103
CVE-2018-3903,0.00109,0.43575
CVE-2018-3904,0.00109,0.43575
CVE-2018-3905,0.00109,0.43575
CVE-2018-3906,0.00051,0.17393
CVE-2018-3907,0.00118,0.45780
CVE-2018-3908,0.00105,0.42560
CVE-2018-3909,0.00101,0.41180
CVE-2018-3910,0.00088,0.37160
CVE-2018-3911,0.00108,0.43442
CVE-2018-3912,0.00051,0.17393
CVE-2018-3913,0.00051,0.17393
CVE-2018-3914,0.00051,0.17393
CVE-2018-3915,0.00051,0.17393
CVE-2018-3916,0.00051,0.17393
CVE-2018-3917,0.00101,0.41103
CVE-2018-3918,0.00128,0.47487
CVE-2018-3919,0.00101,0.41103
CVE-2018-3920,0.00109,0.43566
CVE-2018-3921,0.00138,0.49295
CVE-2018-3922,0.00138,0.49295
CVE-2018-3923,0.00104,0.42293
CVE-2018-3924,0.18483,0.95765
CVE-2018-3925,0.00101,0.41103
CVE-2018-3926,0.00042,0.05722
CVE-2018-3927,0.00237,0.61872
CVE-2018-3928,0.00245,0.62631
CVE-2018-3929,0.00202,0.58194
CVE-2018-3930,0.00153,0.51626
CVE-2018-3931,0.00202,0.58194
CVE-2018-3932,0.00435,0.72089
CVE-2018-3933,0.00193,0.57216
CVE-2018-3934,0.00459,0.72778
CVE-2018-3935,0.00105,0.42625
CVE-2018-3936,0.00193,0.57216
CVE-2018-3937,0.00554,0.75235
CVE-2018-3938,0.01152,0.83350
CVE-2018-3939,0.03923,0.91146
CVE-2018-3940,0.00494,0.73725
CVE-2018-3941,0.00589,0.75997
CVE-2018-3942,0.00589,0.75997
CVE-2018-3943,0.00397,0.70891
CVE-2018-3944,0.00397,0.70891
CVE-2018-3945,0.00589,0.75997
CVE-2018-3946,0.00589,0.75997
CVE-2018-3947,0.00201,0.57988
CVE-2018-3948,0.00098,0.40438
CVE-2018-3949,0.04632,0.91783
CVE-2018-3950,0.00642,0.77084
CVE-2018-3951,0.00152,0.51365
CVE-2018-3952,0.00049,0.14993
CVE-2018-3953,0.00188,0.56357
CVE-2018-3954,0.00188,0.56357
CVE-2018-3955,0.00209,0.58886
CVE-2018-3956,0.06258,0.92930
CVE-2018-3957,0.00174,0.54618
CVE-2018-3958,0.00174,0.54618
CVE-2018-3959,0.00202,0.58179
CVE-2018-3960,0.00202,0.58179
CVE-2018-3961,0.00202,0.58179
CVE-2018-3962,0.00048,0.14461
CVE-2018-3963,0.00051,0.17393
CVE-2018-3964,0.01429,0.85211
CVE-2018-3965,0.01429,0.85211
CVE-2018-3966,0.01429,0.85211
CVE-2018-3967,0.01429,0.85211
CVE-2018-3968,0.00042,0.05722
CVE-2018-3969,0.00048,0.14708
CVE-2018-3970,0.00048,0.14788
CVE-2018-3971,0.00048,0.14788
CVE-2018-3972,0.00431,0.71922
CVE-2018-3973,0.00099,0.40728
CVE-2018-3974,0.00051,0.17393
CVE-2018-3975,0.00141,0.49798
CVE-2018-3976,0.00095,0.39585
CVE-2018-3977,0.01841,0.87058
CVE-2018-3978,0.00099,0.40778
CVE-2018-3979,0.00102,0.41498
CVE-2018-3980,0.00099,0.40751
CVE-2018-3981,0.00131,0.47951
CVE-2018-3982,0.00110,0.44030
CVE-2018-3983,0.00115,0.45027
CVE-2018-3984,0.00131,0.47950
CVE-2018-3985,0.00601,0.76231
CVE-2018-3986,0.00048,0.14788
CVE-2018-3987,0.00051,0.17393
CVE-2018-3988,0.00048,0.14788
CVE-2018-3989,0.00096,0.39794
CVE-2018-3990,0.00146,0.50459
CVE-2018-3991,0.28946,0.96473
CVE-2018-3992,0.00589,0.75997
CVE-2018-3993,0.00589,0.75997
CVE-2018-3994,0.00589,0.75997
CVE-2018-3995,0.00397,0.70891
CVE-2018-3996,0.00589,0.75997
CVE-2018-3997,0.00589,0.75997
CVE-2018-3998,0.00120,0.46175
CVE-2018-3999,0.00120,0.46175
CVE-2018-4000,0.00145,0.50340
CVE-2018-4001,0.00156,0.51920
CVE-2018-4002,0.00111,0.44161
CVE-2018-4003,0.00424,0.71736
CVE-2018-4004,0.00044,0.10445
CVE-2018-4005,0.00042,0.05722
CVE-2018-4006,0.00042,0.05722
CVE-2018-4007,0.00044,0.10445
CVE-2018-4008,0.00042,0.05722
CVE-2018-4009,0.00042,0.05722
CVE-2018-4010,0.00113,0.44735
CVE-2018-4011,0.00135,0.48815
CVE-2018-4012,0.00257,0.63565
CVE-2018-4013,0.00280,0.65183
CVE-2018-4014,0.00453,0.72606
CVE-2018-4015,0.00150,0.51166
CVE-2018-4016,0.00114,0.44800
CVE-2018-4017,0.00070,0.29068
CVE-2018-4018,0.00659,0.77474
CVE-2018-4019,0.19318,0.95858
CVE-2018-4020,0.19318,0.95858
CVE-2018-4021,0.19318,0.95858
CVE-2018-4022,0.00114,0.44971
CVE-2018-4023,0.00644,0.77125
CVE-2018-4024,0.00160,0.52678
CVE-2018-4025,0.00115,0.45086
CVE-2018-4026,0.00115,0.45086
CVE-2018-4027,0.00115,0.45086
CVE-2018-4028,0.00104,0.42250
CVE-2018-4029,0.00912,0.81121
CVE-2018-4030,0.00102,0.41475
CVE-2018-4031,0.00430,0.71897
CVE-2018-4032,0.00042,0.05722
CVE-2018-4033,0.00042,0.05722
CVE-2018-4034,0.00042,0.05722
CVE-2018-4035,0.00042,0.05722
CVE-2018-4036,0.00042,0.05722
CVE-2018-4037,0.00042,0.05722
CVE-2018-4038,0.00115,0.45222
CVE-2018-4039,0.00115,0.45222
CVE-2018-4040,0.00107,0.43052
CVE-2018-4041,0.00042,0.05722
CVE-2018-4042,0.00042,0.05722
CVE-2018-4043,0.00042,0.05722
CVE-2018-4044,0.00042,0.05722
CVE-2018-4045,0.00042,0.05722
CVE-2018-4046,0.00042,0.05722
CVE-2018-4047,0.00042,0.05722
CVE-2018-4048,0.00051,0.17393
CVE-2018-4049,0.00044,0.10161
CVE-2018-4050,0.00042,0.05722
CVE-2018-4051,0.00042,0.05722
CVE-2018-4052,0.00044,0.10161
CVE-2018-4053,0.00044,0.10161
CVE-2018-4054,0.00042,0.05722
CVE-2018-4055,0.00042,0.05722
CVE-2018-4056,0.00464,0.72889
CVE-2018-4058,0.00054,0.20290
CVE-2018-4059,0.00187,0.56177
CVE-2018-4061,0.00410,0.71269
CVE-2018-4062,0.10578,0.94528
CVE-2018-4063,0.00503,0.74000
CVE-2018-4064,0.00237,0.61844
CVE-2018-4065,0.00251,0.63150
CVE-2018-4066,0.42165,0.96996
CVE-2018-4067,0.00068,0.28335
CVE-2018-4068,0.00084,0.34791
CVE-2018-4069,0.00202,0.58161
CVE-2018-4070,0.09898,0.94332
CVE-2018-4071,0.09898,0.94332
CVE-2018-4072,0.05834,0.92682
CVE-2018-4073,0.05834,0.92682
CVE-2018-4082,0.00238,0.61966
CVE-2018-4083,0.00082,0.34075
CVE-2018-4084,0.00145,0.50351
CVE-2018-4085,0.00651,0.77271
CVE-2018-4086,0.00641,0.77078
CVE-2018-4087,0.00441,0.72265
CVE-2018-4088,0.00579,0.75762
CVE-2018-4089,0.05962,0.92754
CVE-2018-4090,0.00178,0.55135
CVE-2018-4091,0.00511,0.74193
CVE-2018-4092,0.00114,0.44798
CVE-2018-4093,0.00114,0.44798
CVE-2018-4094,0.00682,0.77962
CVE-2018-4095,0.00539,0.74884
CVE-2018-4096,0.00579,0.75762
CVE-2018-4097,0.00165,0.53217
CVE-2018-4098,0.00165,0.53217
CVE-2018-4100,0.01766,0.86718
CVE-2018-4101,0.00527,0.74599
CVE-2018-4102,0.00220,0.59994
CVE-2018-4104,0.00117,0.45619
CVE-2018-4105,0.00578,0.75738
CVE-2018-4106,0.00524,0.74514
CVE-2018-4107,0.00174,0.54583
CVE-2018-4108,0.00578,0.75738
CVE-2018-4109,0.00167,0.53464
CVE-2018-4110,0.01018,0.82198
CVE-2018-4111,0.00145,0.50335
CVE-2018-4112,0.00093,0.39150
CVE-2018-4113,0.00955,0.81600
CVE-2018-4114,0.00527,0.74599
CVE-2018-4115,0.00882,0.80779
CVE-2018-4116,0.00138,0.49340
CVE-2018-4117,0.00288,0.65710
CVE-2018-4118,0.00527,0.74599
CVE-2018-4119,0.00518,0.74354
CVE-2018-4120,0.00527,0.74599
CVE-2018-4121,0.06350,0.92982
CVE-2018-4122,0.00518,0.74354
CVE-2018-4123,0.00090,0.37988
CVE-2018-4124,0.01868,0.87153
CVE-2018-4125,0.00518,0.74354
CVE-2018-4126,0.00195,0.57470
CVE-2018-4127,0.00518,0.74354
CVE-2018-4128,0.00527,0.74599
CVE-2018-4129,0.00518,0.74354
CVE-2018-4130,0.00616,0.76581
CVE-2018-4131,0.00167,0.53475
CVE-2018-4132,0.00165,0.53217
CVE-2018-4133,0.00160,0.52573
CVE-2018-4134,0.00567,0.75496
CVE-2018-4135,0.00165,0.53217
CVE-2018-4136,0.00165,0.53217
CVE-2018-4137,0.00202,0.58173
CVE-2018-4138,0.00083,0.34355
CVE-2018-4139,0.00284,0.65486
CVE-2018-4140,0.00474,0.73170
CVE-2018-4141,0.00049,0.15115
CVE-2018-4142,0.01650,0.86295
CVE-2018-4143,0.00238,0.61966
CVE-2018-4144,0.00240,0.62104
CVE-2018-4145,0.01033,0.82315
CVE-2018-4146,0.00498,0.73815
CVE-2018-4147,0.00645,0.77146
CVE-2018-4148,0.14156,0.95220
CVE-2018-4149,0.00567,0.75496
CVE-2018-4150,0.00287,0.65664
CVE-2018-4151,0.00225,0.60820
CVE-2018-4152,0.00165,0.53217
CVE-2018-4153,0.00079,0.33048
CVE-2018-4154,0.00238,0.61966
CVE-2018-4155,0.00238,0.61966
CVE-2018-4156,0.00225,0.60820
CVE-2018-4157,0.00238,0.61966
CVE-2018-4158,0.00238,0.61966
CVE-2018-4159,0.00049,0.15115
CVE-2018-4160,0.00165,0.53217
CVE-2018-4161,0.00569,0.75540
CVE-2018-4162,0.00517,0.74331
CVE-2018-4163,0.00518,0.74354
CVE-2018-4164,0.01386,0.85002
CVE-2018-4165,0.00527,0.74599
CVE-2018-4166,0.00238,0.61966
CVE-2018-4167,0.00238,0.61966
CVE-2018-4168,0.00090,0.37988
CVE-2018-4169,0.00222,0.60556
CVE-2018-4170,0.00043,0.07614
CVE-2018-4171,0.00055,0.20666
CVE-2018-4172,0.00106,0.42981
CVE-2018-4173,0.00057,0.21309
CVE-2018-4174,0.00216,0.59664
CVE-2018-4175,0.00122,0.46497
CVE-2018-4176,0.00119,0.45890
CVE-2018-4178,0.00044,0.10161
CVE-2018-4179,0.00042,0.05722
CVE-2018-4180,0.00062,0.24773
CVE-2018-4181,0.00060,0.23544
CVE-2018-4182,0.00052,0.18252
CVE-2018-4183,0.00052,0.18252
CVE-2018-4184,0.00132,0.48271
CVE-2018-4185,0.00370,0.69849
CVE-2018-4186,0.00168,0.53801
CVE-2018-4187,0.00428,0.71843
CVE-2018-4188,0.00455,0.72670
CVE-2018-4189,0.00562,0.75364
CVE-2018-4190,0.01241,0.84067
CVE-2018-4191,0.00641,0.77068
CVE-2018-4192,0.11972,0.94867
CVE-2018-4193,0.00308,0.66901
CVE-2018-4194,0.00563,0.75419
CVE-2018-4195,0.00075,0.30975
CVE-2018-4196,0.00069,0.28549
CVE-2018-4197,0.56079,0.97397
CVE-2018-4198,0.00361,0.69448
CVE-2018-4199,0.00692,0.78121
CVE-2018-4200,0.95293,0.99207
CVE-2018-4201,0.00580,0.75781
CVE-2018-4202,0.00164,0.53028
CVE-2018-4203,0.00406,0.71165
CVE-2018-4204,0.00567,0.75487
CVE-2018-4205,0.00220,0.59994
CVE-2018-4206,0.00387,0.70496
CVE-2018-4207,0.00729,0.78760
CVE-2018-4208,0.00729,0.78760
CVE-2018-4209,0.00831,0.80196
CVE-2018-4210,0.00754,0.79108
CVE-2018-4211,0.00696,0.78197
CVE-2018-4212,0.00720,0.78617
CVE-2018-4213,0.00641,0.77082
CVE-2018-4214,0.00825,0.80121
CVE-2018-4215,0.00064,0.26282
CVE-2018-4216,0.00050,0.16815
CVE-2018-4217,0.00168,0.53801
CVE-2018-4218,0.25292,0.96272
CVE-2018-4219,0.00077,0.32051
CVE-2018-4220,0.00303,0.66584
CVE-2018-4221,0.00314,0.67195
CVE-2018-4222,0.95439,0.99241
CVE-2018-4223,0.00042,0.05722
CVE-2018-4224,0.00042,0.05722
CVE-2018-4225,0.00042,0.05722
CVE-2018-4226,0.00042,0.05722
CVE-2018-4227,0.00821,0.80074
CVE-2018-4228,0.00072,0.29502
CVE-2018-4229,0.00190,0.56633
CVE-2018-4230,0.00284,0.65486
CVE-2018-4232,0.00415,0.71463
CVE-2018-4233,0.01760,0.86700
CVE-2018-4234,0.00072,0.29502
CVE-2018-4235,0.00042,0.05722
CVE-2018-4236,0.00072,0.29502
CVE-2018-4237,0.00787,0.79610
CVE-2018-4238,0.00048,0.14771
CVE-2018-4239,0.00051,0.17099
CVE-2018-4240,0.03614,0.90789
CVE-2018-4241,0.00824,0.80113
CVE-2018-4242,0.00173,0.54472
CVE-2018-4243,0.00824,0.80113
CVE-2018-4244,0.00054,0.19421
CVE-2018-4246,0.00640,0.77042
CVE-2018-4247,0.00454,0.72642
CVE-2018-4248,0.00228,0.61067
CVE-2018-4249,0.00393,0.70727
CVE-2018-4250,0.00144,0.50231
CVE-2018-4251,0.00100,0.41009
CVE-2018-4252,0.00051,0.17099
CVE-2018-4253,0.00048,0.14799
CVE-2018-4254,0.00222,0.60556
CVE-2018-4255,0.00044,0.10161
CVE-2018-4256,0.00044,0.10161
CVE-2018-4257,0.00250,0.62982
CVE-2018-4258,0.00250,0.62982
CVE-2018-4259,0.00379,0.70200
CVE-2018-4260,0.00081,0.33754
CVE-2018-4261,0.00501,0.73896
CVE-2018-4262,0.00754,0.79114
CVE-2018-4263,0.00501,0.73896
CVE-2018-4264,0.00671,0.77723
CVE-2018-4265,0.00501,0.73896
CVE-2018-4266,0.00540,0.74925
CVE-2018-4267,0.00501,0.73896
CVE-2018-4268,0.00734,0.78833
CVE-2018-4269,0.00112,0.44462
CVE-2018-4270,0.00464,0.72886
CVE-2018-4271,0.00442,0.72295
CVE-2018-4272,0.00671,0.77723
CVE-2018-4273,0.00442,0.72295
CVE-2018-4274,0.00090,0.37972
CVE-2018-4275,0.00063,0.25378
CVE-2018-4276,0.00145,0.50311
CVE-2018-4277,0.00636,0.76960
CVE-2018-4278,0.00576,0.75706
CVE-2018-4279,0.00084,0.34791
CVE-2018-4280,0.00150,0.51169
CVE-2018-4281,0.00250,0.62982
CVE-2018-4282,0.00047,0.13943
CVE-2018-4283,0.00045,0.12491
CVE-2018-4284,0.00578,0.75735
CVE-2018-4285,0.00063,0.25378
CVE-2018-4286,0.00379,0.70200
CVE-2018-4287,0.00379,0.70200
CVE-2018-4288,0.00379,0.70200
CVE-2018-4289,0.00066,0.27209
CVE-2018-4290,0.00116,0.45451
CVE-2018-4291,0.00379,0.70200
CVE-2018-4293,0.00221,0.60284
CVE-2018-4295,0.00244,0.62506
CVE-2018-4296,0.00222,0.60556
CVE-2018-4298,0.00244,0.62506
CVE-2018-4299,0.00616,0.76583
CVE-2018-4300,0.00166,0.53316
CVE-2018-4302,0.00102,0.41570
CVE-2018-4303,0.00112,0.44462
CVE-2018-4304,0.00045,0.11966
CVE-2018-4305,0.00091,0.38466
CVE-2018-4306,0.56079,0.97397
CVE-2018-4307,0.00076,0.31163
CVE-2018-4308,0.00069,0.28647
CVE-2018-4309,0.00178,0.55089
CVE-2018-4310,0.00374,0.69985
CVE-2018-4311,0.00250,0.63013
CVE-2018-4312,0.56079,0.97397
CVE-2018-4313,0.00047,0.13943
CVE-2018-4314,0.56079,0.97397
CVE-2018-4315,0.56079,0.97397
CVE-2018-4316,0.00535,0.74790
CVE-2018-4317,0.56079,0.97397
CVE-2018-4318,0.56079,0.97397
CVE-2018-4319,0.00250,0.63013
CVE-2018-4321,0.00134,0.48487
CVE-2018-4322,0.00044,0.10161
CVE-2018-4323,0.87080,0.98389
CVE-2018-4324,0.00066,0.27209
CVE-2018-4325,0.00056,0.21013
CVE-2018-4326,0.00103,0.41764
CVE-2018-4327,0.00063,0.25378
CVE-2018-4328,0.87080,0.98389
CVE-2018-4329,0.00178,0.55045
CVE-2018-4330,0.00195,0.57463
CVE-2018-4331,0.01098,0.82930
CVE-2018-4332,0.00464,0.72888
CVE-2018-4333,0.00069,0.28647
CVE-2018-4334,0.00070,0.28841
CVE-2018-4335,0.00066,0.27209
CVE-2018-4336,0.00112,0.44462
CVE-2018-4337,0.00112,0.44462
CVE-2018-4338,0.00081,0.33523
CVE-2018-4339,0.00042,0.05722
CVE-2018-4340,0.00146,0.50472
CVE-2018-4341,0.00146,0.50472
CVE-2018-4342,0.00044,0.10161
CVE-2018-4343,0.00150,0.51169
CVE-2018-4344,0.00397,0.70869
CVE-2018-4345,0.00165,0.53225
CVE-2018-4346,0.00069,0.28647
CVE-2018-4347,0.00154,0.51724
CVE-2018-4348,0.00042,0.05722
CVE-2018-4350,0.00070,0.28841
CVE-2018-4351,0.00081,0.33523
CVE-2018-4352,0.00044,0.10161
CVE-2018-4353,0.00222,0.60556
CVE-2018-4354,0.00146,0.50472
CVE-2018-4355,0.00069,0.28647
CVE-2018-4356,0.00084,0.34791
CVE-2018-4357,0.00063,0.25378
CVE-2018-4358,0.00616,0.76583
CVE-2018-4359,0.00671,0.77723
CVE-2018-4360,0.00678,0.77879
CVE-2018-4361,0.00494,0.73730
CVE-2018-4362,0.00081,0.33754
CVE-2018-4363,0.00090,0.38036
CVE-2018-4365,0.00055,0.20370
CVE-2018-4366,0.01420,0.85163
CVE-2018-4367,0.02762,0.89582
CVE-2018-4368,0.00254,0.63307
CVE-2018-4369,0.00142,0.49918
CVE-2018-4371,0.00112,0.44462
CVE-2018-4372,0.00671,0.77723
CVE-2018-4373,0.00501,0.73896
CVE-2018-4374,0.00155,0.51841
CVE-2018-4375,0.00501,0.73896
CVE-2018-4376,0.00501,0.73896
CVE-2018-4377,0.00165,0.53225
CVE-2018-4378,0.00641,0.77068
CVE-2018-4379,0.00044,0.10161
CVE-2018-4380,0.00044,0.10161
CVE-2018-4381,0.00061,0.24231
CVE-2018-4382,0.79577,0.98032
CVE-2018-4383,0.00112,0.44462
CVE-2018-4384,0.00072,0.29606
CVE-2018-4385,0.00067,0.27873
CVE-2018-4386,0.92167,0.98770
CVE-2018-4387,0.00058,0.22795
CVE-2018-4388,0.00070,0.29068
CVE-2018-4389,0.00075,0.30975
CVE-2018-4390,0.00091,0.38539
CVE-2018-4391,0.00091,0.38539
CVE-2018-4392,0.00671,0.77723
CVE-2018-4393,0.00070,0.28841
CVE-2018-4394,0.00146,0.50472
CVE-2018-4395,0.00045,0.11966
CVE-2018-4396,0.00069,0.28647
CVE-2018-4397,0.00054,0.20290
CVE-2018-4398,0.00270,0.64523
CVE-2018-4399,0.00113,0.44612
CVE-2018-4400,0.00080,0.33313
CVE-2018-4401,0.00146,0.50472
CVE-2018-4402,0.00063,0.25378
CVE-2018-4403,0.00066,0.27209
CVE-2018-4404,0.00107,0.43012
CVE-2018-4406,0.00085,0.35257
CVE-2018-4407,0.11351,0.94727
CVE-2018-4408,0.00146,0.50472
CVE-2018-4409,0.00324,0.67759
CVE-2018-4410,0.00078,0.32095
CVE-2018-4411,0.00081,0.33690
CVE-2018-4412,0.00164,0.53127
CVE-2018-4413,0.00095,0.39560
CVE-2018-4414,0.00154,0.51724
CVE-2018-4415,0.00063,0.25378
CVE-2018-4416,0.91000,0.98649
CVE-2018-4417,0.00079,0.32789
CVE-2018-4418,0.00069,0.28647
CVE-2018-4419,0.00112,0.44462
CVE-2018-4420,0.00112,0.44462
CVE-2018-4421,0.00070,0.28841
CVE-2018-4422,0.00328,0.67999
CVE-2018-4423,0.00059,0.23012
CVE-2018-4424,0.00085,0.35338
CVE-2018-4425,0.00157,0.52162
CVE-2018-4426,0.00146,0.50472
CVE-2018-4427,0.00112,0.44462
CVE-2018-4428,0.00042,0.05722
CVE-2018-4429,0.00081,0.33754
CVE-2018-4430,0.00058,0.22795
CVE-2018-4431,0.00045,0.12069
CVE-2018-4433,0.00114,0.44791
CVE-2018-4434,0.00044,0.10161
CVE-2018-4435,0.00190,0.56627
CVE-2018-4436,0.00140,0.49698
CVE-2018-4437,0.00671,0.77723
CVE-2018-4438,0.61443,0.97539
CVE-2018-4439,0.00152,0.51357
CVE-2018-4440,0.00125,0.47020
CVE-2018-4441,0.93400,0.98917
CVE-2018-4442,0.88697,0.98480
CVE-2018-4443,0.93400,0.98917
CVE-2018-4444,0.00193,0.57242
CVE-2018-4445,0.00054,0.20290
CVE-2018-4446,0.00055,0.20370
CVE-2018-4447,0.00109,0.43859
CVE-2018-4448,0.00042,0.05722
CVE-2018-4449,0.00063,0.25378
CVE-2018-4450,0.00063,0.25378
CVE-2018-4451,0.00063,0.25378
CVE-2018-4452,0.00085,0.35384
CVE-2018-4456,0.00154,0.51724
CVE-2018-4460,0.00500,0.73863
CVE-2018-4461,0.00112,0.44462
CVE-2018-4462,0.00081,0.33523
CVE-2018-4463,0.00063,0.25378
CVE-2018-4464,0.00671,0.77723
CVE-2018-4465,0.00070,0.28841
CVE-2018-4467,0.00070,0.28841
CVE-2018-4468,0.00066,0.27209
CVE-2018-4470,0.00055,0.20370
CVE-2018-4474,0.00582,0.75841
CVE-2018-4478,0.00058,0.21956
CVE-2018-4832,0.00310,0.66987
CVE-2018-4833,0.00337,0.68419
CVE-2018-4834,0.00452,0.72586
CVE-2018-4835,0.00203,0.58260
CVE-2018-4836,0.00206,0.58597
CVE-2018-4837,0.00248,0.62849
CVE-2018-4838,0.00094,0.39335
CVE-2018-4839,0.00055,0.20449
CVE-2018-4840,0.00139,0.49378
CVE-2018-4841,0.00366,0.69688
CVE-2018-4842,0.00066,0.27429
CVE-2018-4843,0.00060,0.23537
CVE-2018-4844,0.00044,0.08189
CVE-2018-4845,0.00296,0.66234
CVE-2018-4846,0.00170,0.54119
CVE-2018-4847,0.00054,0.19421
CVE-2018-4848,0.00058,0.22797
CVE-2018-4849,0.00085,0.35353
CVE-2018-4850,0.00264,0.64087
CVE-2018-4851,0.00095,0.39605
CVE-2018-4852,0.00293,0.66069
CVE-2018-4853,0.00195,0.57472
CVE-2018-4854,0.00269,0.64481
CVE-2018-4855,0.00112,0.44601
CVE-2018-4856,0.00081,0.33715
CVE-2018-4858,0.00201,0.58119
CVE-2018-4859,0.00276,0.64915
CVE-2018-4860,0.00276,0.64915
CVE-2018-4861,0.00165,0.53168
CVE-2018-4862,0.00087,0.36023
CVE-2018-4863,0.00062,0.24874
CVE-2018-4868,0.00084,0.34624
CVE-2018-4871,0.00569,0.75535
CVE-2018-4872,0.00500,0.73872
CVE-2018-4873,0.00047,0.13973
CVE-2018-4875,0.00307,0.66850
CVE-2018-4876,0.00244,0.62514
CVE-2018-4877,0.01134,0.83223
CVE-2018-4878,0.97325,0.99868
CVE-2018-4879,0.05547,0.92524
CVE-2018-4880,0.02098,0.88016
CVE-2018-4881,0.02098,0.88016
CVE-2018-4882,0.02098,0.88016
CVE-2018-4883,0.02098,0.88016
CVE-2018-4884,0.01424,0.85187
CVE-2018-4885,0.01424,0.85187
CVE-2018-4886,0.02098,0.88016
CVE-2018-4887,0.02098,0.88016
CVE-2018-4888,0.01245,0.84096
CVE-2018-4889,0.02098,0.88016
CVE-2018-4890,0.04444,0.91618
CVE-2018-4891,0.02098,0.88016
CVE-2018-4892,0.01245,0.84096
CVE-2018-4893,0.00640,0.77047
CVE-2018-4894,0.02098,0.88016
CVE-2018-4895,0.01908,0.87350
CVE-2018-4896,0.00640,0.77047
CVE-2018-4897,0.02098,0.88016
CVE-2018-4898,0.02081,0.87953
CVE-2018-4899,0.00640,0.77047
CVE-2018-4900,0.00640,0.77047
CVE-2018-4901,0.14751,0.95302
CVE-2018-4902,0.01501,0.85596
CVE-2018-4903,0.01424,0.85187
CVE-2018-4904,0.08646,0.93928
CVE-2018-4905,0.01424,0.85187
CVE-2018-4906,0.00640,0.77047
CVE-2018-4907,0.00640,0.77047
CVE-2018-4908,0.00640,0.77047
CVE-2018-4909,0.02098,0.88016
CVE-2018-4910,0.68131,0.97692
CVE-2018-4911,0.02616,0.89286
CVE-2018-4912,0.02098,0.88016
CVE-2018-4913,0.01245,0.84096
CVE-2018-4914,0.01424,0.85187
CVE-2018-4915,0.02081,0.87953
CVE-2018-4916,0.02081,0.87953
CVE-2018-4917,0.02653,0.89364
CVE-2018-4918,0.01311,0.84541
CVE-2018-4919,0.01091,0.82870
CVE-2018-4920,0.01355,0.84815
CVE-2018-4921,0.00352,0.69059
CVE-2018-4923,0.00470,0.73061
CVE-2018-4924,0.02016,0.87732
CVE-2018-4925,0.00259,0.63748
CVE-2018-4926,0.00143,0.50117
CVE-2018-4927,0.00072,0.29474
CVE-2018-4928,0.00092,0.38868
CVE-2018-4929,0.00130,0.47850
CVE-2018-4930,0.00130,0.47850
CVE-2018-4931,0.00130,0.47850
CVE-2018-4932,0.01170,0.83524
CVE-2018-4933,0.00376,0.70029
CVE-2018-4934,0.03661,0.90846
CVE-2018-4935,0.93476,0.98927
CVE-2018-4936,0.95472,0.99250
CVE-2018-4937,0.93476,0.98927
CVE-2018-4938,0.00051,0.17460
CVE-2018-4939,0.97226,0.99808
CVE-2018-4940,0.00130,0.47850
CVE-2018-4941,0.00130,0.47850
CVE-2018-4942,0.00168,0.53552
CVE-2018-4943,0.00398,0.70907
CVE-2018-4944,0.11031,0.94644
CVE-2018-4945,0.02000,0.87678
CVE-2018-4946,0.01806,0.86883
CVE-2018-4947,0.02088,0.87974
CVE-2018-4948,0.02232,0.88435
CVE-2018-4949,0.05571,0.92544
CVE-2018-4950,0.01426,0.85196
CVE-2018-4951,0.01601,0.86084
CVE-2018-4952,0.01663,0.86346
CVE-2018-4953,0.03987,0.91194
CVE-2018-4954,0.01663,0.86346
CVE-2018-4955,0.05571,0.92544
CVE-2018-4956,0.05571,0.92544
CVE-2018-4957,0.05571,0.92544
CVE-2018-4958,0.01693,0.86449
CVE-2018-4959,0.01693,0.86449
CVE-2018-4960,0.01304,0.84497
CVE-2018-4961,0.01693,0.86449
CVE-2018-4962,0.05571,0.92544
CVE-2018-4963,0.05571,0.92544
CVE-2018-4964,0.05571,0.92544
CVE-2018-4965,0.00548,0.75111
CVE-2018-4966,0.02232,0.88435
CVE-2018-4967,0.05571,0.92544
CVE-2018-4968,0.02232,0.88435
CVE-2018-4969,0.05571,0.92544
CVE-2018-4970,0.05571,0.92544
CVE-2018-4971,0.01663,0.86346
CVE-2018-4972,0.00749,0.79031
CVE-2018-4973,0.05571,0.92544
CVE-2018-4974,0.01663,0.86346
CVE-2018-4975,0.05571,0.92544
CVE-2018-4976,0.05571,0.92544
CVE-2018-4977,0.01715,0.86535
CVE-2018-4978,0.02232,0.88435
CVE-2018-4979,0.76452,0.97938
CVE-2018-4980,0.01663,0.86346
CVE-2018-4981,0.05571,0.92544
CVE-2018-4982,0.06667,0.93162
CVE-2018-4983,0.01693,0.86449
CVE-2018-4984,0.02232,0.88435
CVE-2018-4985,0.08152,0.93754
CVE-2018-4986,0.01304,0.84497
CVE-2018-4987,0.03662,0.90848
CVE-2018-4988,0.01693,0.86449
CVE-2018-4989,0.01693,0.86449
CVE-2018-4990,0.03955,0.91168
CVE-2018-4991,0.00889,0.80882
CVE-2018-4992,0.00061,0.24181
CVE-2018-4993,0.96931,0.99666
CVE-2018-4994,0.00317,0.67395
CVE-2018-4995,0.03284,0.90370
CVE-2018-4996,0.00415,0.71461
CVE-2018-4997,0.00441,0.72252
CVE-2018-4998,0.00560,0.75329
CVE-2018-4999,0.00710,0.78435
CVE-2018-5000,0.00377,0.70086
CVE-2018-5001,0.00601,0.76233
CVE-2018-5002,0.02743,0.89543
CVE-2018-5003,0.00222,0.60594
CVE-2018-5004,0.00172,0.54447
CVE-2018-5005,0.00205,0.58534
CVE-2018-5006,0.00168,0.53552
CVE-2018-5007,0.02048,0.87844
CVE-2018-5008,0.00617,0.76609
CVE-2018-5009,0.01822,0.86954
CVE-2018-5010,0.01975,0.87582
CVE-2018-5011,0.01822,0.86954
CVE-2018-5012,0.03955,0.91168
CVE-2018-5014,0.03037,0.90005
CVE-2018-5015,0.12862,0.95013
CVE-2018-5016,0.03037,0.90005
CVE-2018-5017,0.03037,0.90005
CVE-2018-5018,0.03037,0.90005
CVE-2018-5019,0.03037,0.90005
CVE-2018-5020,0.01806,0.86883
CVE-2018-5021,0.01537,0.85781
CVE-2018-5022,0.01975,0.87582
CVE-2018-5023,0.01975,0.87582
CVE-2018-5024,0.01975,0.87582
CVE-2018-5025,0.01975,0.87582
CVE-2018-5026,0.01975,0.87582
CVE-2018-5027,0.03037,0.90005
CVE-2018-5028,0.12862,0.95013
CVE-2018-5029,0.03037,0.90005
CVE-2018-5030,0.03955,0.91168
CVE-2018-5031,0.03037,0.90005
CVE-2018-5032,0.12862,0.95013
CVE-2018-5033,0.03037,0.90005
CVE-2018-5034,0.04646,0.91802
CVE-2018-5035,0.03037,0.90005
CVE-2018-5036,0.12862,0.95013
CVE-2018-5037,0.04646,0.91802
CVE-2018-5038,0.12862,0.95013
CVE-2018-5039,0.03037,0.90005
CVE-2018-5040,0.12862,0.95013
CVE-2018-5041,0.12862,0.95013
CVE-2018-5042,0.01806,0.86883
CVE-2018-5043,0.04646,0.91802
CVE-2018-5044,0.03037,0.90005
CVE-2018-5045,0.12862,0.95013
CVE-2018-5046,0.03037,0.90005
CVE-2018-5047,0.03037,0.90005
CVE-2018-5048,0.03037,0.90005
CVE-2018-5049,0.03037,0.90005
CVE-2018-5050,0.03037,0.90005
CVE-2018-5051,0.03037,0.90005
CVE-2018-5052,0.12862,0.95013
CVE-2018-5053,0.03037,0.90005
CVE-2018-5054,0.03037,0.90005
CVE-2018-5055,0.03037,0.90005
CVE-2018-5056,0.03037,0.90005
CVE-2018-5057,0.04279,0.91481
CVE-2018-5058,0.12862,0.95013
CVE-2018-5059,0.01806,0.86883
CVE-2018-5060,0.03037,0.90005
CVE-2018-5061,0.01176,0.83571
CVE-2018-5062,0.01975,0.87582
CVE-2018-5063,0.01176,0.83575
CVE-2018-5064,0.02802,0.89644
CVE-2018-5065,0.01596,0.86057
CVE-2018-5066,0.01975,0.87582
CVE-2018-5067,0.12862,0.95013
CVE-2018-5068,0.00921,0.81246
CVE-2018-5069,0.02802,0.89644
CVE-2018-5070,0.02802,0.89644
CVE-2018-5071,0.00071,0.29360
CVE-2018-5072,0.00057,0.21504
CVE-2018-5073,0.00079,0.32944
CVE-2018-5074,0.00057,0.21504
CVE-2018-5075,0.00057,0.21504
CVE-2018-5076,0.00057,0.21504
CVE-2018-5077,0.00057,0.21504
CVE-2018-5078,0.00057,0.21504
CVE-2018-5079,0.00042,0.05722
CVE-2018-5080,0.00042,0.05722
CVE-2018-5081,0.00042,0.05722
CVE-2018-5082,0.00042,0.05722
CVE-2018-5083,0.00042,0.05722
CVE-2018-5084,0.00042,0.05722
CVE-2018-5085,0.00042,0.05722
CVE-2018-5086,0.00042,0.05722
CVE-2018-5087,0.00042,0.05722
CVE-2018-5088,0.00042,0.05722
CVE-2018-5089,0.00893,0.80920
CVE-2018-5090,0.00584,0.75876
CVE-2018-5091,0.00445,0.72349
CVE-2018-5092,0.00595,0.76102
CVE-2018-5093,0.03620,0.90795
CVE-2018-5094,0.03620,0.90795
CVE-2018-5095,0.00576,0.75709
CVE-2018-5096,0.00496,0.73787
CVE-2018-5097,0.00418,0.71547
CVE-2018-5098,0.00418,0.71547
CVE-2018-5099,0.00449,0.72482
CVE-2018-5100,0.00518,0.74366
CVE-2018-5101,0.00518,0.74366
CVE-2018-5102,0.00418,0.71547
CVE-2018-5103,0.00418,0.71547
CVE-2018-5104,0.00418,0.71547
CVE-2018-5105,0.00081,0.33782
CVE-2018-5106,0.00279,0.65102
CVE-2018-5107,0.00253,0.63260
CVE-2018-5108,0.00280,0.65147
CVE-2018-5109,0.00350,0.68989
CVE-2018-5110,0.00255,0.63467
CVE-2018-5111,0.00396,0.70851
CVE-2018-5112,0.00306,0.66768
CVE-2018-5113,0.00289,0.65741
CVE-2018-5114,0.00296,0.66202
CVE-2018-5115,0.00295,0.66167
CVE-2018-5116,0.00680,0.77927
CVE-2018-5117,0.00619,0.76637
CVE-2018-5118,0.00279,0.65102
CVE-2018-5119,0.00296,0.66202
CVE-2018-5121,0.00255,0.63467
CVE-2018-5122,0.00855,0.80484
CVE-2018-5123,0.00130,0.47856
CVE-2018-5124,0.00089,0.37212
CVE-2018-5125,0.00472,0.73115
CVE-2018-5126,0.00584,0.75876
CVE-2018-5127,0.00733,0.78824
CVE-2018-5128,0.00630,0.76865
CVE-2018-5129,0.00206,0.58576
CVE-2018-5130,0.00913,0.81135
CVE-2018-5131,0.00217,0.59761
CVE-2018-5132,0.00273,0.64712
CVE-2018-5133,0.00391,0.70656
CVE-2018-5134,0.00247,0.62770
CVE-2018-5135,0.00276,0.64915
CVE-2018-5136,0.00345,0.68750
CVE-2018-5137,0.00346,0.68797
CVE-2018-5138,0.00219,0.59917
CVE-2018-5140,0.00335,0.68335
CVE-2018-5141,0.01466,0.85413
CVE-2018-5142,0.00398,0.70908
CVE-2018-5143,0.00215,0.59602
CVE-2018-5144,0.00260,0.63823
CVE-2018-5145,0.00768,0.79340
CVE-2018-5146,0.37950,0.96857
CVE-2018-5147,0.00634,0.76931
CVE-2018-5148,0.00458,0.72729
CVE-2018-5150,0.00411,0.71326
CVE-2018-5151,0.00740,0.78909
CVE-2018-5152,0.00425,0.71749
CVE-2018-5153,0.00324,0.67787
CVE-2018-5154,0.00505,0.74028
CVE-2018-5155,0.00505,0.74028
CVE-2018-5156,0.00722,0.78643
CVE-2018-5157,0.00316,0.67330
CVE-2018-5158,0.01948,0.87488
CVE-2018-5159,0.12219,0.94912
CVE-2018-5160,0.00420,0.71609
CVE-2018-5161,0.00619,0.76638
CVE-2018-5162,0.00578,0.75755
CVE-2018-5163,0.00836,0.80269
CVE-2018-5164,0.00238,0.61918
CVE-2018-5165,0.00143,0.50181
CVE-2018-5166,0.00212,0.59257
CVE-2018-5167,0.00265,0.64204
CVE-2018-5168,0.00159,0.52440
CVE-2018-5169,0.00396,0.70851
CVE-2018-5170,0.00604,0.76317
CVE-2018-5172,0.00265,0.64202
CVE-2018-5173,0.00314,0.67221
CVE-2018-5174,0.00545,0.75039
CVE-2018-5175,0.00157,0.52193
CVE-2018-5176,0.00268,0.64431
CVE-2018-5177,0.01082,0.82801
CVE-2018-5178,0.00400,0.70977
CVE-2018-5179,0.00168,0.53801
CVE-2018-5180,0.00489,0.73615
CVE-2018-5181,0.00449,0.72469
CVE-2018-5182,0.00278,0.65046
CVE-2018-5183,0.00440,0.72228
CVE-2018-5184,0.00215,0.59534
CVE-2018-5185,0.00600,0.76198
CVE-2018-5186,0.01764,0.86715
CVE-2018-5187,0.00545,0.75047
CVE-2018-5188,0.00655,0.77342
CVE-2018-5189,0.00083,0.34354
CVE-2018-5190,0.00513,0.74242
CVE-2018-5195,0.00314,0.67227
CVE-2018-5196,0.00132,0.48250
CVE-2018-5197,0.00074,0.30454
CVE-2018-5198,0.00382,0.70284
CVE-2018-5199,0.00348,0.68888
CVE-2018-5200,0.00325,0.67818
CVE-2018-5201,0.00055,0.20370
CVE-2018-5202,0.00190,0.56649
CVE-2018-5203,0.00684,0.77981
CVE-2018-5204,0.00968,0.81729
CVE-2018-5205,0.00181,0.55369
CVE-2018-5206,0.00205,0.58520
CVE-2018-5207,0.00216,0.59682
CVE-2018-5208,0.00205,0.58520
CVE-2018-5210,0.00185,0.55852
CVE-2018-5211,0.00206,0.58654
CVE-2018-5212,0.00128,0.47385
CVE-2018-5213,0.00121,0.46207
CVE-2018-5214,0.00057,0.21504
CVE-2018-5215,0.00057,0.21504
CVE-2018-5216,0.00057,0.21504
CVE-2018-5217,0.00042,0.05722
CVE-2018-5218,0.00042,0.05722
CVE-2018-5219,0.00042,0.05722
CVE-2018-5220,0.00042,0.05722
CVE-2018-5221,0.04648,0.91805
CVE-2018-5223,0.00359,0.69368
CVE-2018-5224,0.00376,0.70038
CVE-2018-5225,0.00714,0.78498
CVE-2018-5226,0.00101,0.41238
CVE-2018-5227,0.00066,0.27429
CVE-2018-5228,0.00127,0.47284
CVE-2018-5229,0.00066,0.27429
CVE-2018-5230,0.00203,0.58308
CVE-2018-5231,0.00163,0.53007
CVE-2018-5232,0.00113,0.44648
CVE-2018-5233,0.00294,0.66078
CVE-2018-5234,0.00514,0.74252
CVE-2018-5235,0.00044,0.10161
CVE-2018-5236,0.00118,0.45707
CVE-2018-5237,0.00238,0.61956
CVE-2018-5238,0.00064,0.26307
CVE-2018-5239,0.00045,0.11828
CVE-2018-5240,0.00045,0.11828
CVE-2018-5241,0.00612,0.76486
CVE-2018-5242,0.00045,0.11828
CVE-2018-5243,0.00260,0.63801
CVE-2018-5244,0.00059,0.22933
CVE-2018-5246,0.00103,0.41778
CVE-2018-5247,0.00097,0.40278
CVE-2018-5248,0.01430,0.85223
CVE-2018-5249,0.00125,0.46950
CVE-2018-5251,0.00414,0.71423
CVE-2018-5252,0.00087,0.36262
CVE-2018-5253,0.00091,0.38161
CVE-2018-5254,0.00206,0.58643
CVE-2018-5255,0.00140,0.49521
CVE-2018-5256,0.00178,0.55045
CVE-2018-5258,0.00253,0.63233
CVE-2018-5259,0.00195,0.57494
CVE-2018-5261,0.00120,0.46163
CVE-2018-5262,0.02480,0.89027
CVE-2018-5263,0.00105,0.42413
CVE-2018-5264,0.00247,0.62766
CVE-2018-5265,0.00455,0.72676
CVE-2018-5266,0.00802,0.79863
CVE-2018-5267,0.01201,0.83762
CVE-2018-5268,0.00087,0.35969
CVE-2018-5269,0.00085,0.35394
CVE-2018-5270,0.00042,0.05722
CVE-2018-5271,0.00042,0.05722
CVE-2018-5272,0.00042,0.05722
CVE-2018-5273,0.00042,0.05722
CVE-2018-5274,0.00042,0.05722
CVE-2018-5275,0.00042,0.05722
CVE-2018-5276,0.00042,0.05722
CVE-2018-5277,0.00042,0.05722
CVE-2018-5278,0.00042,0.05722
CVE-2018-5279,0.00042,0.05722
CVE-2018-5280,0.00081,0.33918
CVE-2018-5281,0.00081,0.33918
CVE-2018-5282,0.00164,0.53048
CVE-2018-5283,0.00637,0.76983
CVE-2018-5284,0.00065,0.26827
CVE-2018-5285,0.00325,0.67819
CVE-2018-5286,0.00131,0.47986
CVE-2018-5287,0.00658,0.77405
CVE-2018-5288,0.00131,0.47986
CVE-2018-5289,0.00658,0.77405
CVE-2018-5290,0.00658,0.77405
CVE-2018-5291,0.00658,0.77405
CVE-2018-5292,0.00131,0.47986
CVE-2018-5293,0.00131,0.47986
CVE-2018-5294,0.00554,0.75230
CVE-2018-5295,0.00180,0.55245
CVE-2018-5296,0.00126,0.47197
CVE-2018-5298,0.00107,0.43043
CVE-2018-5299,0.00748,0.79020
CVE-2018-5301,0.00065,0.27140
CVE-2018-5303,0.00078,0.32088
CVE-2018-5304,0.00319,0.67502
CVE-2018-5306,0.00156,0.52069
CVE-2018-5307,0.00156,0.52069
CVE-2018-5308,0.00387,0.70503
CVE-2018-5309,0.00180,0.55245
CVE-2018-5310,0.00111,0.44176
CVE-2018-5311,0.00057,0.21504
CVE-2018-5312,0.00057,0.21504
CVE-2018-5313,0.00042,0.05722
CVE-2018-5314,0.00115,0.45212
CVE-2018-5315,0.00285,0.65529
CVE-2018-5316,0.00175,0.54730
CVE-2018-5319,0.06401,0.93010
CVE-2018-5326,0.00165,0.53166
CVE-2018-5327,0.00165,0.53166
CVE-2018-5328,0.00659,0.77474
CVE-2018-5329,0.00102,0.41356
CVE-2018-5330,0.00378,0.70152
CVE-2018-5331,0.00078,0.32088
CVE-2018-5332,0.00064,0.26441
CVE-2018-5333,0.00064,0.26441
CVE-2018-5334,0.00220,0.59948
CVE-2018-5335,0.00220,0.59948
CVE-2018-5336,0.00338,0.68451
CVE-2018-5337,0.02417,0.88886
CVE-2018-5338,0.02430,0.88925
CVE-2018-5339,0.02430,0.88925
CVE-2018-5340,0.00123,0.46618
CVE-2018-5341,0.01628,0.86211
CVE-2018-5342,0.00107,0.43155
CVE-2018-5344,0.00064,0.26441
CVE-2018-5345,0.00167,0.53433
CVE-2018-5347,0.85474,0.98301
CVE-2018-5349,0.00051,0.17393
CVE-2018-5353,0.03576,0.90743
CVE-2018-5354,0.00834,0.80236
CVE-2018-5357,0.00103,0.41778
CVE-2018-5358,0.00097,0.40278
CVE-2018-5359,0.01914,0.87370
CVE-2018-5360,0.00414,0.71396
CVE-2018-5361,0.00321,0.67641
CVE-2018-5362,0.00061,0.23937
CVE-2018-5363,0.00061,0.23937
CVE-2018-5364,0.00061,0.23937
CVE-2018-5365,0.00061,0.23937
CVE-2018-5366,0.00061,0.23937
CVE-2018-5367,0.00061,0.23937
CVE-2018-5368,0.00165,0.53228
CVE-2018-5369,0.00052,0.18039
CVE-2018-5370,0.00078,0.32098
CVE-2018-5371,0.01170,0.83522
CVE-2018-5372,0.00091,0.38618
CVE-2018-5373,0.00091,0.38618
CVE-2018-5374,0.00091,0.38618
CVE-2018-5375,0.00088,0.37136
CVE-2018-5376,0.00088,0.37136
CVE-2018-5377,0.00424,0.71727
CVE-2018-5378,0.57547,0.97433
CVE-2018-5379,0.05607,0.92560
CVE-2018-5380,0.00463,0.72862
CVE-2018-5381,0.12238,0.94913
CVE-2018-5382,0.00070,0.29082
CVE-2018-5383,0.00223,0.60649
CVE-2018-5384,0.00686,0.78016
CVE-2018-5385,0.00682,0.77954
CVE-2018-5386,0.01240,0.84058
CVE-2018-5387,0.00201,0.57983
CVE-2018-5388,0.00569,0.75538
CVE-2018-5389,0.00207,0.58690
CVE-2018-5390,0.85816,0.98316
CVE-2018-5391,0.01150,0.83343
CVE-2018-5392,0.00080,0.33470
CVE-2018-5393,0.00638,0.77007
CVE-2018-5399,0.00334,0.68320
CVE-2018-5400,0.00268,0.64402
CVE-2018-5401,0.00268,0.64402
CVE-2018-5402,0.00128,0.47448
CVE-2018-5403,0.63279,0.97576
CVE-2018-5404,0.00080,0.33247
CVE-2018-5405,0.00092,0.38931
CVE-2018-5406,0.00872,0.80657
CVE-2018-5407,0.00061,0.23903
CVE-2018-5408,0.00061,0.23899
CVE-2018-5409,0.00137,0.49184
CVE-2018-5410,0.00149,0.50972
CVE-2018-5411,0.00054,0.19189
CVE-2018-5412,0.00062,0.24874
CVE-2018-5413,0.00781,0.79533
CVE-2018-5428,0.00104,0.42350
CVE-2018-5429,0.00105,0.42575
CVE-2018-5430,0.17572,0.95681
CVE-2018-5431,0.00054,0.19618
CVE-2018-5432,0.00054,0.19451
CVE-2018-5433,0.00062,0.24248
CVE-2018-5434,0.00062,0.24248
CVE-2018-5435,0.01419,0.85159
CVE-2018-5436,0.00078,0.32769
CVE-2018-5437,0.00112,0.44328
CVE-2018-5438,0.00062,0.24254
CVE-2018-5439,0.00339,0.68486
CVE-2018-5440,0.00402,0.71024
CVE-2018-5441,0.00053,0.18604
CVE-2018-5442,0.00925,0.81285
CVE-2018-5443,0.04220,0.91423
CVE-2018-5445,0.03603,0.90777
CVE-2018-5446,0.00090,0.37882
CVE-2018-5447,0.00380,0.70240
CVE-2018-5448,0.00044,0.10566
CVE-2018-5449,0.00056,0.21068
CVE-2018-5451,0.00334,0.68321
CVE-2018-5452,0.00094,0.39383
CVE-2018-5453,0.00101,0.41106
CVE-2018-5454,0.00850,0.80418
CVE-2018-5455,0.00205,0.58511
CVE-2018-5457,0.00042,0.00438
CVE-2018-5458,0.00148,0.50850
CVE-2018-5459,0.00209,0.58931
CVE-2018-5461,0.00070,0.28882
CVE-2018-5462,0.00148,0.50850
CVE-2018-5463,0.00044,0.08189
CVE-2018-5464,0.00148,0.50850
CVE-2018-5465,0.00190,0.56632
CVE-2018-5466,0.00148,0.50850
CVE-2018-5467,0.00058,0.21928
CVE-2018-5468,0.00793,0.79746
CVE-2018-5469,0.00207,0.58671
CVE-2018-5470,0.00043,0.07333
CVE-2018-5471,0.00087,0.36470
CVE-2018-5472,0.00793,0.79746
CVE-2018-5473,0.01779,0.86762
CVE-2018-5474,0.04187,0.91400
CVE-2018-5475,0.01110,0.83028
CVE-2018-5476,0.00127,0.47285
CVE-2018-5477,0.00057,0.21246
CVE-2018-5478,0.00046,0.13740
CVE-2018-5479,0.00115,0.45119
CVE-2018-5481,0.00128,0.47518
CVE-2018-5482,0.00087,0.36033
CVE-2018-5485,0.00044,0.10161
CVE-2018-5486,0.00042,0.05722
CVE-2018-5487,0.00637,0.76978
CVE-2018-5488,0.01315,0.84566
CVE-2018-5489,0.00065,0.26756
CVE-2018-5490,0.00104,0.42231
CVE-2018-5492,0.00637,0.76978
CVE-2018-5493,0.00217,0.59779
CVE-2018-5495,0.00222,0.60556
CVE-2018-5496,0.00044,0.10161
CVE-2018-5497,0.00044,0.10161
CVE-2018-5498,0.00137,0.49068
CVE-2018-5499,0.00103,0.41969
CVE-2018-5500,0.00094,0.39479
CVE-2018-5501,0.00094,0.39479
CVE-2018-5502,0.00094,0.39479
CVE-2018-5503,0.00094,0.39479
CVE-2018-5504,0.00626,0.76793
CVE-2018-5505,0.00261,0.63928
CVE-2018-5506,0.00150,0.51166
CVE-2018-5507,0.00168,0.53801
CVE-2018-5508,0.00103,0.41969
CVE-2018-5509,0.00241,0.62155
CVE-2018-5510,0.00103,0.41969
CVE-2018-5511,0.02979,0.89908
CVE-2018-5512,0.00261,0.63928
CVE-2018-5513,0.00093,0.39160
CVE-2018-5514,0.00300,0.66450
CVE-2018-5515,0.00139,0.49414
CVE-2018-5516,0.00051,0.17134
CVE-2018-5517,0.00093,0.39160
CVE-2018-5518,0.00044,0.10161
CVE-2018-5519,0.00054,0.19451
CVE-2018-5520,0.00062,0.24248
CVE-2018-5521,0.00074,0.30531
CVE-2018-5522,0.00093,0.39160
CVE-2018-5523,0.00255,0.63462
CVE-2018-5524,0.00083,0.34394
CVE-2018-5525,0.00054,0.19451
CVE-2018-5526,0.00270,0.64533
CVE-2018-5527,0.00163,0.52987
CVE-2018-5528,0.00084,0.35132
CVE-2018-5529,0.00052,0.18252
CVE-2018-5530,0.00133,0.48375
CVE-2018-5531,0.00058,0.22795
CVE-2018-5532,0.00113,0.44734
CVE-2018-5533,0.00133,0.48375
CVE-2018-5534,0.00133,0.48375
CVE-2018-5535,0.00055,0.20414
CVE-2018-5536,0.00232,0.61414
CVE-2018-5537,0.00164,0.53067
CVE-2018-5538,0.00067,0.27874
CVE-2018-5539,0.00133,0.48375
CVE-2018-5540,0.00055,0.20591
CVE-2018-5541,0.00133,0.48375
CVE-2018-5542,0.00222,0.60601
CVE-2018-5543,0.00106,0.42975
CVE-2018-5544,0.00225,0.60842
CVE-2018-5545,0.00221,0.60322
CVE-2018-5546,0.00115,0.45218
CVE-2018-5547,0.00052,0.18252
CVE-2018-5548,0.00313,0.67164
CVE-2018-5549,0.00160,0.52625
CVE-2018-5550,0.11741,0.94823
CVE-2018-5551,0.00659,0.77474
CVE-2018-5552,0.00044,0.10445
CVE-2018-5553,0.00368,0.69791
CVE-2018-5559,0.00066,0.27172
CVE-2018-5560,0.00507,0.74088
CVE-2018-5650,0.00119,0.45955
CVE-2018-5651,0.00052,0.18039
CVE-2018-5652,0.00052,0.18039
CVE-2018-5653,0.00101,0.41173
CVE-2018-5654,0.00101,0.41173
CVE-2018-5655,0.00088,0.37136
CVE-2018-5656,0.00112,0.44586
CVE-2018-5657,0.00052,0.18039
CVE-2018-5658,0.00165,0.53228
CVE-2018-5659,0.00052,0.18039
CVE-2018-5660,0.00052,0.18039
CVE-2018-5661,0.00052,0.18039
CVE-2018-5662,0.00052,0.18039
CVE-2018-5663,0.00052,0.18039
CVE-2018-5664,0.00052,0.18039
CVE-2018-5665,0.00052,0.18039
CVE-2018-5666,0.00052,0.18039
CVE-2018-5667,0.00057,0.21504
CVE-2018-5668,0.00057,0.21504
CVE-2018-5669,0.00112,0.44586
CVE-2018-5670,0.00052,0.18039
CVE-2018-5671,0.00052,0.18039
CVE-2018-5672,0.00052,0.18039
CVE-2018-5673,0.00165,0.53228
CVE-2018-5674,0.02703,0.89466
CVE-2018-5675,0.01617,0.86167
CVE-2018-5676,0.02703,0.89466
CVE-2018-5677,0.02703,0.89466
CVE-2018-5678,0.02703,0.89466
CVE-2018-5679,0.02703,0.89466
CVE-2018-5680,0.02703,0.89466
CVE-2018-5681,0.00054,0.19226
CVE-2018-5682,0.00085,0.35272
CVE-2018-5683,0.00071,0.29313
CVE-2018-5684,0.00438,0.72180
CVE-2018-5685,0.00507,0.74081
CVE-2018-5686,0.00302,0.66508
CVE-2018-5687,0.00057,0.21504
CVE-2018-5688,0.00256,0.63540
CVE-2018-5689,0.00065,0.27007
CVE-2018-5690,0.00065,0.27007
CVE-2018-5691,0.00070,0.28976
CVE-2018-5692,0.00088,0.37136
CVE-2018-5693,0.00042,0.05722
CVE-2018-5694,0.00228,0.61117
CVE-2018-5695,0.00091,0.38618
CVE-2018-5696,0.00212,0.59184
CVE-2018-5697,0.00091,0.38618
CVE-2018-5698,0.00091,0.38161
CVE-2018-5700,0.00632,0.76884
CVE-2018-5701,0.03901,0.91126
CVE-2018-5702,0.01457,0.85377
CVE-2018-5703,0.00186,0.55912
CVE-2018-5704,0.00278,0.65011
CVE-2018-5705,0.00116,0.45318
CVE-2018-5706,0.00087,0.36023
CVE-2018-5708,0.00152,0.51408
CVE-2018-5709,0.00097,0.40291
CVE-2018-5710,0.00157,0.52159
CVE-2018-5711,0.00309,0.66946
CVE-2018-5712,0.74077,0.97874
CVE-2018-5713,0.00042,0.05722
CVE-2018-5714,0.00042,0.05722
CVE-2018-5715,0.00129,0.47568
CVE-2018-5716,0.00060,0.23404
CVE-2018-5717,0.00085,0.35273
CVE-2018-5718,0.00042,0.05722
CVE-2018-5720,0.00162,0.52897
CVE-2018-5721,0.00101,0.41065
CVE-2018-5723,0.02069,0.87914
CVE-2018-5724,0.01847,0.87076
CVE-2018-5725,0.01730,0.86592
CVE-2018-5726,0.20403,0.95950
CVE-2018-5727,0.00256,0.63547
CVE-2018-5728,0.00252,0.63193
CVE-2018-5729,0.00208,0.58808
CVE-2018-5730,0.00155,0.51823
CVE-2018-5731,0.00051,0.17393
CVE-2018-5732,0.00158,0.52295
CVE-2018-5733,0.16349,0.95523
CVE-2018-5734,0.03153,0.90167
CVE-2018-5735,0.00119,0.46019
CVE-2018-5736,0.00644,0.77132
CVE-2018-5737,0.03153,0.90167
CVE-2018-5738,0.01047,0.82462
CVE-2018-5739,0.00287,0.65647
CVE-2018-5740,0.96352,0.99460
CVE-2018-5741,0.00343,0.68675
CVE-2018-5742,0.00119,0.45883
CVE-2018-5743,0.00202,0.58195
CVE-2018-5744,0.02516,0.89096
CVE-2018-5745,0.00081,0.33731
CVE-2018-5747,0.00151,0.51328
CVE-2018-5748,0.02256,0.88505
CVE-2018-5749,0.00639,0.77031
CVE-2018-5750,0.00044,0.08000
CVE-2018-5751,0.00249,0.62946
CVE-2018-5752,0.00780,0.79526
CVE-2018-5753,0.00126,0.47120
CVE-2018-5754,0.00124,0.46716
CVE-2018-5755,0.00109,0.43831
CVE-2018-5756,0.00126,0.47120
CVE-2018-5757,0.00455,0.72676
CVE-2018-5758,0.00079,0.33197
CVE-2018-5759,0.00338,0.68467
CVE-2018-5761,0.00107,0.43271
CVE-2018-5762,0.00223,0.60626
CVE-2018-5763,0.00105,0.42447
CVE-2018-5764,0.00945,0.81484
CVE-2018-5766,0.00777,0.79491
CVE-2018-5767,0.16500,0.95538
CVE-2018-5768,0.00631,0.76880
CVE-2018-5770,0.01224,0.83931
CVE-2018-5772,0.00171,0.54196
CVE-2018-5773,0.00079,0.32992
CVE-2018-5776,0.00203,0.58302
CVE-2018-5777,0.00090,0.38041
CVE-2018-5778,0.00086,0.35621
CVE-2018-5779,0.00189,0.56487
CVE-2018-5780,0.00146,0.50572
CVE-2018-5781,0.00146,0.50572
CVE-2018-5782,0.03779,0.90992
CVE-2018-5783,0.00142,0.49937
CVE-2018-5784,0.00978,0.81827
CVE-2018-5785,0.00414,0.71423
CVE-2018-5786,0.00175,0.54741
CVE-2018-5787,0.00105,0.42447
CVE-2018-5788,0.00105,0.42447
CVE-2018-5789,0.00105,0.42447
CVE-2018-5790,0.00060,0.23537
CVE-2018-5791,0.00105,0.42447
CVE-2018-5792,0.00105,0.42447
CVE-2018-5793,0.00105,0.42447
CVE-2018-5794,0.00083,0.34454
CVE-2018-5795,0.00054,0.19226
CVE-2018-5796,0.00104,0.42231
CVE-2018-5797,0.00070,0.29068
CVE-2018-5798,0.00084,0.35108
CVE-2018-5799,0.00211,0.59086
CVE-2018-5800,0.01344,0.84723
CVE-2018-5801,0.00660,0.77488
CVE-2018-5802,0.00703,0.78290
CVE-2018-5803,0.00064,0.26441
CVE-2018-5804,0.00281,0.65225
CVE-2018-5805,0.00537,0.74836
CVE-2018-5806,0.00337,0.68402
CVE-2018-5807,0.00429,0.71866
CVE-2018-5808,0.00900,0.81000
CVE-2018-5809,0.01163,0.83444
CVE-2018-5810,0.00549,0.75136
CVE-2018-5811,0.00344,0.68722
CVE-2018-5812,0.00344,0.68722
CVE-2018-5813,0.00344,0.68722
CVE-2018-5814,0.00064,0.26441
CVE-2018-5815,0.00344,0.68722
CVE-2018-5816,0.00344,0.68722
CVE-2018-5817,0.00349,0.68924
CVE-2018-5818,0.00349,0.68924
CVE-2018-5819,0.00349,0.68924
CVE-2018-5820,0.00073,0.30255
CVE-2018-5821,0.00073,0.30255
CVE-2018-5822,0.00073,0.30255
CVE-2018-5823,0.00044,0.10161
CVE-2018-5824,0.00044,0.10161
CVE-2018-5825,0.00044,0.10161
CVE-2018-5826,0.00080,0.33409
CVE-2018-5827,0.00044,0.10161
CVE-2018-5828,0.00044,0.10161
CVE-2018-5829,0.00106,0.42776
CVE-2018-5830,0.00059,0.22933
CVE-2018-5831,0.00052,0.18252
CVE-2018-5832,0.00044,0.10161
CVE-2018-5834,0.00052,0.18252
CVE-2018-5835,0.00052,0.18252
CVE-2018-5836,0.00051,0.17134
CVE-2018-5837,0.00090,0.37972
CVE-2018-5838,0.00044,0.10161
CVE-2018-5839,0.00044,0.10161
CVE-2018-5840,0.00049,0.15854
CVE-2018-5841,0.00049,0.15854
CVE-2018-5842,0.00044,0.10161
CVE-2018-5843,0.00044,0.10161
CVE-2018-5844,0.00044,0.10161
CVE-2018-5845,0.00058,0.21977
CVE-2018-5846,0.00058,0.21977
CVE-2018-5847,0.00044,0.10161
CVE-2018-5848,0.00069,0.28603
CVE-2018-5849,0.00044,0.10161
CVE-2018-5850,0.00066,0.27605
CVE-2018-5851,0.00044,0.10161
CVE-2018-5853,0.00052,0.18252
CVE-2018-5854,0.00044,0.10161
CVE-2018-5855,0.00257,0.63581
CVE-2018-5856,0.00052,0.18252
CVE-2018-5857,0.00044,0.10161
CVE-2018-5858,0.00059,0.22933
CVE-2018-5859,0.00052,0.18252
CVE-2018-5860,0.00044,0.10161
CVE-2018-5861,0.00044,0.10161
CVE-2018-5862,0.00052,0.18252
CVE-2018-5863,0.00044,0.10161
CVE-2018-5864,0.00051,0.17134
CVE-2018-5865,0.00051,0.17134
CVE-2018-5866,0.00044,0.10161
CVE-2018-5867,0.00044,0.10161
CVE-2018-5868,0.00044,0.10161
CVE-2018-5869,0.00044,0.10161
CVE-2018-5870,0.00044,0.10161
CVE-2018-5871,0.00063,0.25202
CVE-2018-5872,0.00056,0.21003
CVE-2018-5873,0.00062,0.24773
CVE-2018-5874,0.00264,0.64156
CVE-2018-5875,0.00228,0.61050
CVE-2018-5876,0.00228,0.61050
CVE-2018-5877,0.00044,0.10161
CVE-2018-5878,0.00212,0.59232
CVE-2018-5879,0.00079,0.33022
CVE-2018-5880,0.00044,0.10161
CVE-2018-5881,0.00079,0.33022
CVE-2018-5882,0.00188,0.56423
CVE-2018-5883,0.00044,0.10161
CVE-2018-5884,0.00070,0.29068
CVE-2018-5885,0.00212,0.59232
CVE-2018-5886,0.00081,0.33678
CVE-2018-5887,0.00044,0.10161
CVE-2018-5888,0.00044,0.10161
CVE-2018-5889,0.00044,0.10161
CVE-2018-5890,0.00044,0.10161
CVE-2018-5891,0.00070,0.29068
CVE-2018-5892,0.00143,0.50048
CVE-2018-5893,0.00052,0.18252
CVE-2018-5894,0.00133,0.48466
CVE-2018-5895,0.00044,0.10161
CVE-2018-5896,0.00044,0.10161
CVE-2018-5897,0.00080,0.33409
CVE-2018-5898,0.00044,0.10161
CVE-2018-5899,0.00044,0.10161
CVE-2018-5903,0.00044,0.10161
CVE-2018-5904,0.00052,0.18252
CVE-2018-5905,0.00059,0.22933
CVE-2018-5906,0.00044,0.10161
CVE-2018-5907,0.00044,0.10161
CVE-2018-5908,0.00052,0.18252
CVE-2018-5909,0.00044,0.10161
CVE-2018-5910,0.00052,0.18252
CVE-2018-5911,0.00044,0.10161
CVE-2018-5912,0.00044,0.10161
CVE-2018-5913,0.00044,0.10161
CVE-2018-5914,0.00044,0.10161
CVE-2018-5915,0.00195,0.57498
CVE-2018-5916,0.00064,0.26327
CVE-2018-5917,0.00044,0.10161
CVE-2018-5918,0.00044,0.10161
CVE-2018-5919,0.00044,0.10161
CVE-2018-5921,0.00073,0.30112
CVE-2018-5923,0.00331,0.68185
CVE-2018-5924,0.07481,0.93495
CVE-2018-5925,0.01839,0.87053
CVE-2018-5926,0.00092,0.38706
CVE-2018-5927,0.00051,0.17393
CVE-2018-5950,0.00350,0.68999
CVE-2018-5951,0.00115,0.45086
CVE-2018-5953,0.00042,0.05722
CVE-2018-5954,0.02817,0.89671
CVE-2018-5955,0.96364,0.99465
CVE-2018-5956,0.00042,0.05722
CVE-2018-5957,0.00042,0.05722
CVE-2018-5958,0.00042,0.05722
CVE-2018-5960,0.00087,0.36089
CVE-2018-5961,0.00088,0.37136
CVE-2018-5962,0.00088,0.37136
CVE-2018-5963,0.00183,0.55683
CVE-2018-5964,0.15078,0.95348
CVE-2018-5965,0.00183,0.55683
CVE-2018-5967,0.00047,0.14168
CVE-2018-5968,0.09908,0.94335
CVE-2018-5969,0.00088,0.36836
CVE-2018-5970,0.00282,0.65295
CVE-2018-5971,0.00282,0.65295
CVE-2018-5972,0.00282,0.65295
CVE-2018-5973,0.00242,0.62282
CVE-2018-5974,0.00282,0.65295
CVE-2018-5975,0.00282,0.65295
CVE-2018-5976,0.00116,0.45302
CVE-2018-5977,0.00282,0.65295
CVE-2018-5978,0.00282,0.65295
CVE-2018-5979,0.00282,0.65295
CVE-2018-5980,0.00282,0.65295
CVE-2018-5981,0.00282,0.65295
CVE-2018-5982,0.00282,0.65295
CVE-2018-5983,0.00282,0.65295
CVE-2018-5984,0.00282,0.65295
CVE-2018-5985,0.00282,0.65295
CVE-2018-5986,0.00282,0.65295
CVE-2018-5987,0.00282,0.65295
CVE-2018-5988,0.00282,0.65295
CVE-2018-5989,0.00282,0.65295
CVE-2018-5990,0.00282,0.65295
CVE-2018-5991,0.00282,0.65295
CVE-2018-5992,0.00282,0.65295
CVE-2018-5993,0.00282,0.65295
CVE-2018-5994,0.00282,0.65295
CVE-2018-5995,0.00042,0.05722
CVE-2018-5996,0.01555,0.85865
CVE-2018-5997,0.06192,0.92893
CVE-2018-5999,0.32024,0.96616
CVE-2018-6000,0.08998,0.94048
CVE-2018-6001,0.00107,0.43032
CVE-2018-6002,0.00107,0.43032
CVE-2018-6003,0.01495,0.85548
CVE-2018-6004,0.00282,0.65295
CVE-2018-6005,0.00282,0.65295
CVE-2018-6006,0.00282,0.65295
CVE-2018-6007,0.00154,0.51724
CVE-2018-6008,0.37680,0.96847
CVE-2018-6009,0.00073,0.30112
CVE-2018-6010,0.00246,0.62666
CVE-2018-6011,0.00303,0.66592
CVE-2018-6012,0.00389,0.70598
CVE-2018-6013,0.00071,0.29360
CVE-2018-6014,0.00190,0.56628
CVE-2018-6015,0.69878,0.97747
CVE-2018-6016,0.00042,0.05722
CVE-2018-6017,0.00170,0.54038
CVE-2018-6018,0.00170,0.54038
CVE-2018-6019,0.00055,0.20640
CVE-2018-6020,0.00087,0.36041
CVE-2018-6021,0.00081,0.33699
CVE-2018-6022,0.00112,0.44595
CVE-2018-6023,0.00184,0.55736
CVE-2018-6024,0.00242,0.62282
CVE-2018-6029,0.00802,0.79863
CVE-2018-6031,0.01876,0.87198
CVE-2018-6032,0.00775,0.79448
CVE-2018-6033,0.01095,0.82893
CVE-2018-6034,0.01108,0.83011
CVE-2018-6035,0.01876,0.87198
CVE-2018-6036,0.00641,0.77075
CVE-2018-6037,0.01032,0.82307
CVE-2018-6038,0.01743,0.86644
CVE-2018-6039,0.00594,0.76094
CVE-2018-6040,0.01264,0.84234
CVE-2018-6041,0.00856,0.80500
CVE-2018-6042,0.00856,0.80500
CVE-2018-6043,0.02003,0.87692
CVE-2018-6045,0.01032,0.82307
CVE-2018-6046,0.00594,0.76094
CVE-2018-6047,0.00539,0.74875
CVE-2018-6048,0.00856,0.80500
CVE-2018-6049,0.01160,0.83420
CVE-2018-6050,0.00919,0.81214
CVE-2018-6051,0.00571,0.75574
CVE-2018-6052,0.00718,0.78596
CVE-2018-6053,0.00079,0.32907
CVE-2018-6054,0.01288,0.84405
CVE-2018-6055,0.00491,0.73670
CVE-2018-6056,0.02192,0.88318
CVE-2018-6057,0.01494,0.85542
CVE-2018-6060,0.01025,0.82249
CVE-2018-6061,0.01025,0.82249
CVE-2018-6062,0.01433,0.85244
CVE-2018-6063,0.01495,0.85549
CVE-2018-6064,0.58440,0.97453
CVE-2018-6065,0.88738,0.98485
CVE-2018-6066,0.00664,0.77591
CVE-2018-6067,0.00884,0.80797
CVE-2018-6068,0.00390,0.70627
CVE-2018-6069,0.00727,0.78715
CVE-2018-6070,0.00322,0.67702
CVE-2018-6071,0.00884,0.80797
CVE-2018-6072,0.01495,0.85549
CVE-2018-6073,0.01029,0.82275
CVE-2018-6074,0.00769,0.79356
CVE-2018-6075,0.01823,0.86959
CVE-2018-6076,0.00401,0.71000
CVE-2018-6077,0.00664,0.77591
CVE-2018-6078,0.00551,0.75165
CVE-2018-6079,0.00454,0.72632
CVE-2018-6080,0.00664,0.77591
CVE-2018-6081,0.00291,0.65874
CVE-2018-6082,0.00715,0.78523
CVE-2018-6083,0.01495,0.85549
CVE-2018-6084,0.00066,0.27186
CVE-2018-6085,0.09691,0.94273
CVE-2018-6086,0.09691,0.94273
CVE-2018-6087,0.06875,0.93263
CVE-2018-6088,0.05932,0.92744
CVE-2018-6089,0.00775,0.79448
CVE-2018-6090,0.09588,0.94248
CVE-2018-6091,0.01388,0.85010
CVE-2018-6092,0.19247,0.95848
CVE-2018-6093,0.01032,0.82307
CVE-2018-6094,0.02639,0.89342
CVE-2018-6095,0.00794,0.79761
CVE-2018-6096,0.00919,0.81214
CVE-2018-6097,0.01644,0.86276
CVE-2018-6098,0.00656,0.77363
CVE-2018-6099,0.00794,0.79761
CVE-2018-6100,0.01165,0.83469
CVE-2018-6101,0.14722,0.95298
CVE-2018-6102,0.00659,0.77414
CVE-2018-6103,0.00963,0.81676
CVE-2018-6104,0.00820,0.80060
CVE-2018-6105,0.00820,0.80060
CVE-2018-6106,0.03246,0.90317
CVE-2018-6107,0.00820,0.80060
CVE-2018-6108,0.00820,0.80060
CVE-2018-6109,0.01032,0.82307
CVE-2018-6110,0.00782,0.79551
CVE-2018-6111,0.00489,0.73603
CVE-2018-6112,0.01109,0.83012
CVE-2018-6113,0.00649,0.77227
CVE-2018-6114,0.00950,0.81536
CVE-2018-6115,0.00706,0.78361
CVE-2018-6116,0.01710,0.86511
CVE-2018-6117,0.01032,0.82307
CVE-2018-6118,0.00147,0.50678
CVE-2018-6119,0.00245,0.62590
CVE-2018-6120,0.03387,0.90515
CVE-2018-6121,0.00129,0.47640
CVE-2018-6122,0.00118,0.45770
CVE-2018-6123,0.02484,0.89034
CVE-2018-6124,0.02429,0.88919
CVE-2018-6125,0.00097,0.40241
CVE-2018-6126,0.29620,0.96509
CVE-2018-6127,0.02044,0.87830
CVE-2018-6128,0.00102,0.41521
CVE-2018-6129,0.00736,0.78860
CVE-2018-6130,0.00736,0.78860
CVE-2018-6131,0.00129,0.47640
CVE-2018-6132,0.00109,0.43911
CVE-2018-6133,0.01165,0.83469
CVE-2018-6134,0.00091,0.38639
CVE-2018-6135,0.00820,0.80060
CVE-2018-6136,0.00133,0.48460
CVE-2018-6137,0.01032,0.82307
CVE-2018-6138,0.00081,0.33892
CVE-2018-6139,0.01507,0.85632
CVE-2018-6140,0.01229,0.83958
CVE-2018-6141,0.02436,0.88936
CVE-2018-6142,0.00110,0.43979
CVE-2018-6143,0.01772,0.86734
CVE-2018-6144,0.01876,0.87198
CVE-2018-6145,0.00085,0.35285
CVE-2018-6147,0.00042,0.05722
CVE-2018-6148,0.00093,0.39164
CVE-2018-6149,0.00129,0.47640
CVE-2018-6150,0.00110,0.43979
CVE-2018-6151,0.00758,0.79193
CVE-2018-6152,0.01387,0.85005
CVE-2018-6153,0.02429,0.88919
CVE-2018-6154,0.00129,0.47640
CVE-2018-6155,0.00133,0.48460
CVE-2018-6156,0.00343,0.68641
CVE-2018-6157,0.00129,0.47640
CVE-2018-6158,0.02429,0.88919
CVE-2018-6159,0.00110,0.43979
CVE-2018-6160,0.00278,0.65049
CVE-2018-6161,0.00129,0.47640
CVE-2018-6162,0.02055,0.87867
CVE-2018-6163,0.00820,0.80060
CVE-2018-6164,0.01032,0.82307
CVE-2018-6165,0.01160,0.83420
CVE-2018-6166,0.00820,0.80060
CVE-2018-6167,0.00820,0.80060
CVE-2018-6168,0.00110,0.43979
CVE-2018-6169,0.00919,0.81214
CVE-2018-6170,0.01876,0.87198
CVE-2018-6171,0.00054,0.19406
CVE-2018-6172,0.00820,0.80060
CVE-2018-6173,0.00820,0.80060
CVE-2018-6174,0.09588,0.94248
CVE-2018-6175,0.00820,0.80060
CVE-2018-6176,0.00051,0.17397
CVE-2018-6177,0.00109,0.43911
CVE-2018-6178,0.00635,0.76936
CVE-2018-6179,0.00640,0.77060
CVE-2018-6180,0.14149,0.95218
CVE-2018-6182,0.00074,0.30684
CVE-2018-6183,0.00042,0.05722
CVE-2018-6184,0.00396,0.70848
CVE-2018-6185,0.00050,0.16041
CVE-2018-6186,0.00234,0.61600
CVE-2018-6187,0.00128,0.47473
CVE-2018-6188,0.00200,0.57956
CVE-2018-6189,0.00059,0.23061
CVE-2018-6190,0.00111,0.44222
CVE-2018-6191,0.00536,0.74813
CVE-2018-6192,0.00269,0.64481
CVE-2018-6193,0.00141,0.49839
CVE-2018-6194,0.00152,0.51481
CVE-2018-6195,0.01399,0.85068
CVE-2018-6196,0.00746,0.79001
CVE-2018-6197,0.00682,0.77957
CVE-2018-6198,0.00042,0.05722
CVE-2018-6200,0.00121,0.46248
CVE-2018-6201,0.00042,0.05722
CVE-2018-6202,0.00042,0.05722
CVE-2018-6203,0.00042,0.05722
CVE-2018-6204,0.00042,0.05722
CVE-2018-6205,0.00042,0.05722
CVE-2018-6206,0.00042,0.05722
CVE-2018-6207,0.00042,0.05722
CVE-2018-6208,0.00042,0.05722
CVE-2018-6209,0.00042,0.05722
CVE-2018-6210,0.00515,0.74282
CVE-2018-6211,0.01992,0.87643
CVE-2018-6212,0.00117,0.45628
CVE-2018-6213,0.00520,0.74403
CVE-2018-6217,0.00126,0.47197
CVE-2018-6218,0.00142,0.49872
CVE-2018-6219,0.00401,0.70988
CVE-2018-6220,0.01019,0.82204
CVE-2018-6221,0.00275,0.64813
CVE-2018-6222,0.00084,0.34808
CVE-2018-6223,0.00951,0.81539
CVE-2018-6224,0.00212,0.59260
CVE-2018-6225,0.00121,0.46222
CVE-2018-6226,0.00184,0.55751
CVE-2018-6227,0.00129,0.47618
CVE-2018-6228,0.00416,0.71485
CVE-2018-6229,0.00722,0.78645
CVE-2018-6230,0.00078,0.32128
CVE-2018-6231,0.00439,0.72225
CVE-2018-6232,0.00050,0.16489
CVE-2018-6233,0.00050,0.16489
CVE-2018-6234,0.00045,0.12491
CVE-2018-6235,0.00045,0.12491
CVE-2018-6236,0.00045,0.12491
CVE-2018-6237,0.01262,0.84219
CVE-2018-6239,0.00044,0.10161
CVE-2018-6240,0.00044,0.10161
CVE-2018-6241,0.00052,0.18252
CVE-2018-6242,0.00079,0.33022
CVE-2018-6243,0.00044,0.10161
CVE-2018-6246,0.00066,0.27588
CVE-2018-6247,0.00044,0.10161
CVE-2018-6248,0.00044,0.10161
CVE-2018-6249,0.00044,0.10161
CVE-2018-6250,0.00044,0.10161
CVE-2018-6251,0.00044,0.10161
CVE-2018-6252,0.00044,0.10161
CVE-2018-6253,0.00052,0.18252
CVE-2018-6254,0.00042,0.05722
CVE-2018-6257,0.00044,0.10161
CVE-2018-6258,0.00044,0.10161
CVE-2018-6259,0.00044,0.10161
CVE-2018-6260,0.00042,0.05722
CVE-2018-6261,0.00044,0.10161
CVE-2018-6262,0.00044,0.10161
CVE-2018-6263,0.00042,0.05722
CVE-2018-6265,0.00042,0.05722
CVE-2018-6266,0.00042,0.05722
CVE-2018-6267,0.00103,0.41616
CVE-2018-6268,0.00103,0.41616
CVE-2018-6269,0.00044,0.10161
CVE-2018-6271,0.00076,0.31175
CVE-2018-6288,0.00091,0.38066
CVE-2018-6289,0.00460,0.72789
CVE-2018-6290,0.00042,0.05722
CVE-2018-6291,0.00178,0.55057
CVE-2018-6292,0.01748,0.86658
CVE-2018-6293,0.00151,0.51237
CVE-2018-6294,0.00285,0.65517
CVE-2018-6295,0.00204,0.58450
CVE-2018-6296,0.00090,0.38018
CVE-2018-6297,0.00230,0.61252
CVE-2018-6298,0.00698,0.78225
CVE-2018-6299,0.00279,0.65103
CVE-2018-6300,0.00204,0.58450
CVE-2018-6301,0.00155,0.51840
CVE-2018-6302,0.00112,0.44376
CVE-2018-6303,0.00112,0.44376
CVE-2018-6304,0.00235,0.61655
CVE-2018-6305,0.00118,0.45703
CVE-2018-6306,0.00095,0.39589
CVE-2018-6307,0.90074,0.98577
CVE-2018-6308,0.00222,0.60606
CVE-2018-6311,0.00070,0.29068
CVE-2018-6312,0.00078,0.32769
CVE-2018-6313,0.00071,0.29360
CVE-2018-6315,0.00276,0.64911
CVE-2018-6316,0.00104,0.42231
CVE-2018-6317,0.17594,0.95685
CVE-2018-6318,0.00063,0.25378
CVE-2018-6319,0.00044,0.10161
CVE-2018-6320,0.00222,0.60556
CVE-2018-6321,0.00042,0.05722
CVE-2018-6322,0.00042,0.05722
CVE-2018-6323,0.01022,0.82230
CVE-2018-6324,0.00067,0.27818
CVE-2018-6328,0.02918,0.89821
CVE-2018-6329,0.02369,0.88774
CVE-2018-6330,0.00097,0.40070
CVE-2018-6331,0.00247,0.62708
CVE-2018-6332,0.00103,0.41969
CVE-2018-6333,0.00481,0.73395
CVE-2018-6334,0.00201,0.58117
CVE-2018-6335,0.00113,0.44613
CVE-2018-6336,0.00091,0.38161
CVE-2018-6337,0.00175,0.54714
CVE-2018-6339,0.00193,0.57188
CVE-2018-6340,0.00235,0.61731
CVE-2018-6341,0.00084,0.35108
CVE-2018-6342,0.00185,0.55847
CVE-2018-6343,0.00142,0.49967
CVE-2018-6344,0.00223,0.60652
CVE-2018-6345,0.00244,0.62506
CVE-2018-6346,0.00103,0.41969
CVE-2018-6347,0.00142,0.49967
CVE-2018-6349,0.00444,0.72337
CVE-2018-6350,0.00244,0.62506
CVE-2018-6352,0.00119,0.45967
CVE-2018-6353,0.00055,0.20599
CVE-2018-6354,0.00088,0.37136
CVE-2018-6355,0.00118,0.45692
CVE-2018-6356,0.28819,0.96463
CVE-2018-6357,0.00137,0.49206
CVE-2018-6358,0.00360,0.69438
CVE-2018-6359,0.00193,0.57280
CVE-2018-6360,0.02595,0.89243
CVE-2018-6361,0.00514,0.74260
CVE-2018-6362,0.00514,0.74260
CVE-2018-6363,0.00242,0.62282
CVE-2018-6364,0.00242,0.62282
CVE-2018-6365,0.00242,0.62282
CVE-2018-6367,0.00242,0.62282
CVE-2018-6368,0.00282,0.65295
CVE-2018-6370,0.00282,0.65295
CVE-2018-6372,0.00282,0.65295
CVE-2018-6373,0.00282,0.65295
CVE-2018-6374,0.00085,0.35518
CVE-2018-6376,0.17094,0.95614
CVE-2018-6377,0.03469,0.90622
CVE-2018-6378,0.03469,0.90622
CVE-2018-6379,0.03469,0.90622
CVE-2018-6380,0.03469,0.90622
CVE-2018-6381,0.00240,0.62109
CVE-2018-6382,0.00117,0.45606
CVE-2018-6383,0.02336,0.88689
CVE-2018-6384,0.00042,0.05722
CVE-2018-6387,0.00659,0.77474
CVE-2018-6388,0.03036,0.89989
CVE-2018-6389,0.43327,0.97030
CVE-2018-6390,0.00216,0.59615
CVE-2018-6391,0.01821,0.86946
CVE-2018-6392,0.00609,0.76387
CVE-2018-6393,0.00621,0.76684
CVE-2018-6394,0.00282,0.65295
CVE-2018-6395,0.00282,0.65295
CVE-2018-6396,0.00285,0.65529
CVE-2018-6397,0.03625,0.90799
CVE-2018-6398,0.00282,0.65295
CVE-2018-6400,0.00042,0.05722
CVE-2018-6401,0.00659,0.77474
CVE-2018-6402,0.00083,0.34513
CVE-2018-6405,0.00123,0.46610
CVE-2018-6406,0.00285,0.65516
CVE-2018-6407,0.00119,0.46006
CVE-2018-6408,0.00073,0.30112
CVE-2018-6409,0.00288,0.65695
CVE-2018-6410,0.00384,0.70354
CVE-2018-6411,0.00395,0.70796
CVE-2018-6412,0.00154,0.51730
CVE-2018-6413,0.00206,0.58643
CVE-2018-6414,0.00453,0.72606
CVE-2018-6433,0.00042,0.05722
CVE-2018-6434,0.00084,0.34791
CVE-2018-6435,0.00042,0.05722
CVE-2018-6436,0.00042,0.05722
CVE-2018-6437,0.00042,0.05722
CVE-2018-6438,0.00042,0.05722
CVE-2018-6439,0.00042,0.05722
CVE-2018-6440,0.00414,0.71426
CVE-2018-6441,0.00042,0.05722
CVE-2018-6442,0.00166,0.53294
CVE-2018-6443,0.09750,0.94289
CVE-2018-6444,0.00883,0.80791
CVE-2018-6445,0.00286,0.65601
CVE-2018-6446,0.00420,0.71588
CVE-2018-6447,0.00054,0.20290
CVE-2018-6448,0.00226,0.60947
CVE-2018-6449,0.00115,0.45113
CVE-2018-6458,0.05505,0.92497
CVE-2018-6459,0.00414,0.71401
CVE-2018-6460,0.02620,0.89297
CVE-2018-6461,0.00069,0.28683
CVE-2018-6462,0.00203,0.58342
CVE-2018-6464,0.00088,0.37136
CVE-2018-6465,0.00149,0.50907
CVE-2018-6466,0.00133,0.48383
CVE-2018-6467,0.00112,0.44586
CVE-2018-6468,0.00133,0.48383
CVE-2018-6469,0.00133,0.48383
CVE-2018-6470,0.00085,0.35272
CVE-2018-6471,0.00042,0.05722
CVE-2018-6472,0.00042,0.05722
CVE-2018-6473,0.00042,0.05722
CVE-2018-6474,0.00042,0.05722
CVE-2018-6475,0.00063,0.25378
CVE-2018-6476,0.00222,0.60556
CVE-2018-6479,0.00161,0.52794
CVE-2018-6480,0.00199,0.57916
CVE-2018-6481,0.07936,0.93676
CVE-2018-6484,0.00388,0.70525
CVE-2018-6485,0.00548,0.75108
CVE-2018-6486,0.00286,0.65542
CVE-2018-6487,0.00286,0.65593
CVE-2018-6488,0.00358,0.69328
CVE-2018-6489,0.00208,0.58788
CVE-2018-6490,0.00117,0.45632
CVE-2018-6491,0.00514,0.74272
CVE-2018-6492,0.00224,0.60765
CVE-2018-6493,0.00137,0.49106
CVE-2018-6494,0.00091,0.38516
CVE-2018-6495,0.00054,0.20290
CVE-2018-6496,0.00123,0.46624
CVE-2018-6497,0.00070,0.28955
CVE-2018-6498,0.06292,0.92946
CVE-2018-6499,0.08128,0.93745
CVE-2018-6500,0.00165,0.53146
CVE-2018-6501,0.00050,0.16027
CVE-2018-6502,0.00056,0.21074
CVE-2018-6503,0.00060,0.23261
CVE-2018-6504,0.00097,0.40179
CVE-2018-6505,0.00131,0.47928
CVE-2018-6506,0.00057,0.21504
CVE-2018-6508,0.00898,0.80969
CVE-2018-6510,0.00054,0.20290
CVE-2018-6511,0.00054,0.20290
CVE-2018-6512,0.00231,0.61329
CVE-2018-6513,0.00104,0.42231
CVE-2018-6514,0.00063,0.25378
CVE-2018-6515,0.00063,0.25378
CVE-2018-6516,0.00063,0.25378
CVE-2018-6517,0.00084,0.34791
CVE-2018-6518,0.00058,0.22585
CVE-2018-6519,0.00096,0.39797
CVE-2018-6520,0.00157,0.52128
CVE-2018-6521,0.01158,0.83408
CVE-2018-6522,0.00042,0.05722
CVE-2018-6523,0.00042,0.05722
CVE-2018-6524,0.00042,0.05722
CVE-2018-6525,0.00042,0.05722
CVE-2018-6526,0.00282,0.65297
CVE-2018-6527,0.00204,0.58463
CVE-2018-6528,0.00204,0.58463
CVE-2018-6529,0.00204,0.58463
CVE-2018-6530,0.93644,0.98944
CVE-2018-6532,0.00112,0.44376
CVE-2018-6533,0.00044,0.10161
CVE-2018-6534,0.00142,0.49946
CVE-2018-6535,0.00245,0.62547
CVE-2018-6536,0.00042,0.05722
CVE-2018-6537,0.03938,0.91156
CVE-2018-6540,0.00388,0.70525
CVE-2018-6541,0.00519,0.74387
CVE-2018-6542,0.00104,0.42295
CVE-2018-6543,0.00611,0.76468
CVE-2018-6544,0.00663,0.77557
CVE-2018-6545,0.00115,0.45150
CVE-2018-6546,0.47889,0.97176
CVE-2018-6547,0.00199,0.57777
CVE-2018-6548,0.00604,0.76304
CVE-2018-6550,0.00052,0.18039
CVE-2018-6551,0.00264,0.64163
CVE-2018-6552,0.00042,0.05722
CVE-2018-6553,0.00042,0.05722
CVE-2018-6554,0.00044,0.08000
CVE-2018-6555,0.00042,0.05722
CVE-2018-6556,0.00078,0.32277
CVE-2018-6557,0.00042,0.05722
CVE-2018-6558,0.00108,0.43498
CVE-2018-6559,0.00042,0.05722
CVE-2018-6560,0.00059,0.22933
CVE-2018-6561,0.00088,0.37136
CVE-2018-6562,0.00211,0.59038
CVE-2018-6563,0.01997,0.87662
CVE-2018-6569,0.00104,0.42231
CVE-2018-6574,0.01605,0.86117
CVE-2018-6575,0.00282,0.65295
CVE-2018-6576,0.00282,0.65295
CVE-2018-6577,0.00282,0.65295
CVE-2018-6578,0.00282,0.65295
CVE-2018-6579,0.00282,0.65295
CVE-2018-6580,0.03683,0.90881
CVE-2018-6581,0.00282,0.65295
CVE-2018-6582,0.00282,0.65295
CVE-2018-6583,0.00282,0.65295
CVE-2018-6584,0.00282,0.65295
CVE-2018-6585,0.00282,0.65295
CVE-2018-6586,0.00075,0.30950
CVE-2018-6587,0.00075,0.30950
CVE-2018-6588,0.00075,0.30950
CVE-2018-6589,0.00215,0.59596
CVE-2018-6590,0.00075,0.30950
CVE-2018-6591,0.00164,0.53053
CVE-2018-6592,0.00042,0.05722
CVE-2018-6593,0.00084,0.34973
CVE-2018-6594,0.00331,0.68161
CVE-2018-6596,0.00434,0.72023
CVE-2018-6597,0.00066,0.27237
CVE-2018-6598,0.00044,0.10161
CVE-2018-6599,0.00044,0.10161
CVE-2018-6603,0.00116,0.45370
CVE-2018-6604,0.00282,0.65295
CVE-2018-6605,0.00282,0.65295
CVE-2018-6606,0.00084,0.34973
CVE-2018-6608,0.00168,0.53604
CVE-2018-6609,0.00282,0.65295
CVE-2018-6610,0.30853,0.96567
CVE-2018-6611,0.00287,0.65663
CVE-2018-6612,0.00119,0.45957
CVE-2018-6616,0.00253,0.63232
CVE-2018-6617,0.00048,0.14788
CVE-2018-6618,0.00048,0.14788
CVE-2018-6619,0.00048,0.14788
CVE-2018-6621,0.00609,0.76387
CVE-2018-6622,0.00042,0.05722
CVE-2018-6623,0.00104,0.42231
CVE-2018-6624,0.00504,0.74018
CVE-2018-6625,0.00042,0.05722
CVE-2018-6626,0.00042,0.05722
CVE-2018-6627,0.00042,0.05722
CVE-2018-6628,0.00042,0.05722
CVE-2018-6629,0.00042,0.05722
CVE-2018-6630,0.00042,0.05722
CVE-2018-6631,0.00042,0.05722
CVE-2018-6632,0.00042,0.05722
CVE-2018-6633,0.00042,0.05722
CVE-2018-6634,0.00222,0.60556
CVE-2018-6635,0.00536,0.74814
CVE-2018-6638,0.01907,0.87347
CVE-2018-6639,0.01075,0.82739
CVE-2018-6640,0.01907,0.87347
CVE-2018-6641,0.01191,0.83675
CVE-2018-6643,0.00105,0.42625
CVE-2018-6644,0.00063,0.25553
CVE-2018-6651,0.00258,0.63647
CVE-2018-6653,0.00168,0.53562
CVE-2018-6654,0.00438,0.72180
CVE-2018-6655,0.00047,0.14168
CVE-2018-6656,0.00072,0.29678
CVE-2018-6659,0.00088,0.36671
CVE-2018-6660,0.00158,0.52287
CVE-2018-6661,0.00096,0.40032
CVE-2018-6662,0.00042,0.05844
CVE-2018-6664,0.00360,0.69423
CVE-2018-6667,0.03181,0.90213
CVE-2018-6668,0.00044,0.10161
CVE-2018-6669,0.00042,0.05722
CVE-2018-6670,0.00147,0.50614
CVE-2018-6671,0.01964,0.87535
CVE-2018-6672,0.00084,0.35137
CVE-2018-6674,0.00042,0.05722
CVE-2018-6677,0.00173,0.54558
CVE-2018-6678,0.00100,0.40800
CVE-2018-6681,0.00054,0.20290
CVE-2018-6682,0.00058,0.22017
CVE-2018-6683,0.00042,0.05722
CVE-2018-6686,0.00044,0.10161
CVE-2018-6687,0.00061,0.24231
CVE-2018-6689,0.00044,0.10161
CVE-2018-6690,0.00044,0.10161
CVE-2018-6692,0.25565,0.96286
CVE-2018-6693,0.00044,0.10161
CVE-2018-6695,0.00065,0.27048
CVE-2018-6700,0.00069,0.28732
CVE-2018-6703,0.01074,0.82732
CVE-2018-6704,0.00042,0.05722
CVE-2018-6705,0.00042,0.05722
CVE-2018-6706,0.00090,0.37972
CVE-2018-6707,0.00042,0.05722
CVE-2018-6755,0.00042,0.05722
CVE-2018-6756,0.00042,0.05722
CVE-2018-6757,0.00042,0.05722
CVE-2018-6758,0.00316,0.67382
CVE-2018-6759,0.00525,0.74518
CVE-2018-6764,0.00059,0.22933
CVE-2018-6765,0.00102,0.41314
CVE-2018-6766,0.00102,0.41314
CVE-2018-6767,0.00640,0.77062
CVE-2018-6768,0.00042,0.05722
CVE-2018-6769,0.00042,0.05722
CVE-2018-6770,0.00042,0.05722
CVE-2018-6771,0.00042,0.05722
CVE-2018-6772,0.00042,0.05722
CVE-2018-6773,0.00042,0.05722
CVE-2018-6774,0.00042,0.05722
CVE-2018-6775,0.00042,0.05722
CVE-2018-6776,0.00042,0.05722
CVE-2018-6777,0.00042,0.05722
CVE-2018-6778,0.00042,0.05722
CVE-2018-6779,0.00042,0.05722
CVE-2018-6780,0.00042,0.05722
CVE-2018-6781,0.00042,0.05722
CVE-2018-6782,0.00042,0.05722
CVE-2018-6783,0.00042,0.05722
CVE-2018-6784,0.00042,0.05722
CVE-2018-6785,0.00042,0.05722
CVE-2018-6786,0.00042,0.05722
CVE-2018-6787,0.00042,0.05722
CVE-2018-6788,0.00042,0.05722
CVE-2018-6789,0.96862,0.99642
CVE-2018-6790,0.00528,0.74614
CVE-2018-6791,0.00173,0.54545
CVE-2018-6792,0.00087,0.35903
CVE-2018-6794,0.59674,0.97483
CVE-2018-6795,0.00047,0.14168
CVE-2018-6796,0.00047,0.14168
CVE-2018-6797,0.00853,0.80471
CVE-2018-6798,0.00530,0.74658
CVE-2018-6799,0.01148,0.83328
CVE-2018-6806,0.00527,0.74593
CVE-2018-6808,0.00188,0.56322
CVE-2018-6809,0.00372,0.69906
CVE-2018-6810,0.00221,0.60346
CVE-2018-6811,0.00098,0.40456
CVE-2018-6822,0.00222,0.60556
CVE-2018-6823,0.00222,0.60556
CVE-2018-6824,0.00133,0.48383
CVE-2018-6825,0.00659,0.77474
CVE-2018-6826,0.00261,0.63923
CVE-2018-6827,0.00112,0.44591
CVE-2018-6829,0.00193,0.57224
CVE-2018-6830,0.00244,0.62395
CVE-2018-6831,0.00556,0.75271
CVE-2018-6832,0.00379,0.70188
CVE-2018-6834,0.00067,0.27787
CVE-2018-6835,0.00494,0.73717
CVE-2018-6836,0.00787,0.79615
CVE-2018-6842,0.00054,0.19226
CVE-2018-6843,0.00087,0.36089
CVE-2018-6844,0.00054,0.19185
CVE-2018-6845,0.00115,0.45119
CVE-2018-6846,0.00164,0.53053
CVE-2018-6849,0.94285,0.99031
CVE-2018-6851,0.00042,0.05722
CVE-2018-6852,0.00042,0.05722
CVE-2018-6853,0.00042,0.05722
CVE-2018-6854,0.00042,0.05722
CVE-2018-6855,0.00042,0.05722
CVE-2018-6856,0.00042,0.05722
CVE-2018-6857,0.00042,0.05722
CVE-2018-6858,0.00047,0.14168
CVE-2018-6859,0.00791,0.79727
CVE-2018-6860,0.01108,0.83010
CVE-2018-6861,0.00047,0.14168
CVE-2018-6862,0.00047,0.14168
CVE-2018-6863,0.00274,0.64754
CVE-2018-6864,0.00047,0.14168
CVE-2018-6866,0.00047,0.14168
CVE-2018-6867,0.00047,0.14168
CVE-2018-6868,0.00047,0.14168
CVE-2018-6869,0.00214,0.59418
CVE-2018-6870,0.00087,0.36434
CVE-2018-6871,0.60820,0.97513
CVE-2018-6872,0.00351,0.69041
CVE-2018-6873,0.00330,0.68151
CVE-2018-6874,0.00071,0.29260
CVE-2018-6875,0.00168,0.53801
CVE-2018-6876,0.00091,0.38094
CVE-2018-6878,0.00047,0.14168
CVE-2018-6879,0.00277,0.64962
CVE-2018-6880,0.00128,0.47404
CVE-2018-6881,0.00272,0.64662
CVE-2018-6882,0.00749,0.79045
CVE-2018-6883,0.00063,0.25751
CVE-2018-6885,0.00276,0.64935
CVE-2018-6888,0.00148,0.50826
CVE-2018-6889,0.00678,0.77880
CVE-2018-6890,0.00073,0.30244
CVE-2018-6891,0.00077,0.31727
CVE-2018-6892,0.97095,0.99735
CVE-2018-6893,0.00173,0.54528
CVE-2018-6900,0.00058,0.22585
CVE-2018-6902,0.00058,0.22585
CVE-2018-6903,0.00277,0.64962
CVE-2018-6904,0.00058,0.22585
CVE-2018-6905,0.00075,0.30877
CVE-2018-6906,0.00087,0.36434
CVE-2018-6907,0.00112,0.44586
CVE-2018-6908,0.00434,0.72045
CVE-2018-6909,0.00150,0.51054
CVE-2018-6910,0.02422,0.88903
CVE-2018-6911,0.04566,0.91722
CVE-2018-6912,0.00131,0.48025
CVE-2018-6913,0.01857,0.87110
CVE-2018-6914,0.00278,0.65009
CVE-2018-6916,0.00220,0.59991
CVE-2018-6917,0.00189,0.56465
CVE-2018-6918,0.01296,0.84454
CVE-2018-6919,0.00124,0.46760
CVE-2018-6920,0.00042,0.05722
CVE-2018-6921,0.00042,0.05722
CVE-2018-6922,0.00550,0.75149
CVE-2018-6923,0.00351,0.69031
CVE-2018-6924,0.00044,0.10161
CVE-2018-6925,0.00042,0.05722
CVE-2018-6926,0.00118,0.45802
CVE-2018-6927,0.00064,0.26441
CVE-2018-6928,0.00282,0.65295
CVE-2018-6930,0.00177,0.54892
CVE-2018-6934,0.00112,0.44586
CVE-2018-6935,0.00058,0.22585
CVE-2018-6936,0.00110,0.43922
CVE-2018-6940,0.07887,0.93651
CVE-2018-6941,0.20845,0.95984
CVE-2018-6942,0.00317,0.67443
CVE-2018-6943,0.00130,0.47820
CVE-2018-6944,0.00130,0.47820
CVE-2018-6947,0.00066,0.27312
CVE-2018-6948,0.00250,0.62982
CVE-2018-6951,0.01270,0.84259
CVE-2018-6952,0.03458,0.90607
CVE-2018-6953,0.00250,0.62982
CVE-2018-6954,0.00042,0.05722
CVE-2018-6957,0.00131,0.47910
CVE-2018-6958,0.00123,0.46569
CVE-2018-6959,0.00539,0.74889
CVE-2018-6960,0.00248,0.62794
CVE-2018-6961,0.29850,0.96520
CVE-2018-6962,0.00042,0.05722
CVE-2018-6963,0.00058,0.22640
CVE-2018-6964,0.00042,0.05722
CVE-2018-6965,0.00228,0.61098
CVE-2018-6966,0.00228,0.61098
CVE-2018-6967,0.00228,0.61098
CVE-2018-6968,0.05252,0.92301
CVE-2018-6969,0.00052,0.18252
CVE-2018-6970,0.00379,0.70185
CVE-2018-6971,0.00042,0.05722
CVE-2018-6972,0.00324,0.67790
CVE-2018-6973,0.00059,0.23164
CVE-2018-6974,0.00077,0.32022
CVE-2018-6975,0.00051,0.17134
CVE-2018-6976,0.00495,0.73752
CVE-2018-6977,0.00059,0.22933
CVE-2018-6978,0.00042,0.05722
CVE-2018-6979,0.00174,0.54654
CVE-2018-6980,0.00099,0.40660
CVE-2018-6981,0.00072,0.29619
CVE-2018-6982,0.00051,0.17134
CVE-2018-6983,0.00045,0.11968
CVE-2018-7032,0.00180,0.55324
CVE-2018-7033,0.00160,0.52665
CVE-2018-7034,0.00588,0.75977
CVE-2018-7035,0.00072,0.29718
CVE-2018-7039,0.00671,0.77728
CVE-2018-7046,0.00589,0.76008
CVE-2018-7047,0.01354,0.84796
CVE-2018-7048,0.00162,0.52812
CVE-2018-7049,0.00091,0.38545
CVE-2018-7050,0.00286,0.65584
CVE-2018-7051,0.00258,0.63648
CVE-2018-7052,0.00286,0.65584
CVE-2018-7053,0.00249,0.62877
CVE-2018-7054,0.00397,0.70890
CVE-2018-7055,0.00588,0.75977
CVE-2018-7056,0.00252,0.63193
CVE-2018-7057,0.00088,0.37136
CVE-2018-7058,0.00264,0.64080
CVE-2018-7059,0.00094,0.39456
CVE-2018-7060,0.00073,0.30112
CVE-2018-7063,0.00222,0.60556
CVE-2018-7064,0.00158,0.52350
CVE-2018-7065,0.00087,0.35903
CVE-2018-7066,0.00258,0.63655
CVE-2018-7067,0.00281,0.65249
CVE-2018-7068,0.00058,0.22638
CVE-2018-7069,0.00143,0.50017
CVE-2018-7070,0.00124,0.46817
CVE-2018-7071,0.00050,0.16027
CVE-2018-7072,0.00490,0.73624
CVE-2018-7073,0.00044,0.10445
CVE-2018-7074,0.73469,0.97852
CVE-2018-7075,0.00058,0.22638
CVE-2018-7076,0.00372,0.69902
CVE-2018-7077,0.00284,0.65432
CVE-2018-7078,0.01297,0.84460
CVE-2018-7079,0.00104,0.42231
CVE-2018-7080,0.00076,0.31441
CVE-2018-7081,0.01200,0.83747
CVE-2018-7082,0.00274,0.64770
CVE-2018-7083,0.00185,0.55875
CVE-2018-7084,0.00656,0.77364
CVE-2018-7090,0.00058,0.22638
CVE-2018-7091,0.00058,0.22638
CVE-2018-7092,0.02025,0.87762
CVE-2018-7093,0.00087,0.36453
CVE-2018-7094,0.00044,0.10161
CVE-2018-7095,0.00213,0.59278
CVE-2018-7096,0.00388,0.70532
CVE-2018-7097,0.00071,0.29353
CVE-2018-7098,0.00044,0.07794
CVE-2018-7099,0.00044,0.10161
CVE-2018-7100,0.00042,0.05722
CVE-2018-7101,0.00186,0.55930
CVE-2018-7102,0.00193,0.57261
CVE-2018-7103,0.00724,0.78672
CVE-2018-7104,0.00724,0.78672
CVE-2018-7105,0.00896,0.80949
CVE-2018-7107,0.00083,0.34510
CVE-2018-7108,0.00223,0.60703
CVE-2018-7109,0.00049,0.15902
CVE-2018-7110,0.00168,0.53801
CVE-2018-7111,0.00171,0.54208
CVE-2018-7112,0.00042,0.05722
CVE-2018-7113,0.00044,0.10161
CVE-2018-7114,0.27232,0.96370
CVE-2018-7115,0.06550,0.93088
CVE-2018-7116,0.01422,0.85180
CVE-2018-7117,0.00058,0.22638
CVE-2018-7118,0.00044,0.10161
CVE-2018-7119,0.00042,0.05722
CVE-2018-7120,0.00193,0.57223
CVE-2018-7121,0.00458,0.72747
CVE-2018-7122,0.00124,0.46817
CVE-2018-7123,0.02008,0.87716
CVE-2018-7124,0.03208,0.90255
CVE-2018-7125,0.00398,0.70903
CVE-2018-7158,0.00134,0.48494
CVE-2018-7159,0.00142,0.49940
CVE-2018-7160,0.03226,0.90283
CVE-2018-7161,0.00369,0.69812
CVE-2018-7162,0.00369,0.69812
CVE-2018-7164,0.00270,0.64560
CVE-2018-7166,0.00178,0.55045
CVE-2018-7167,0.00247,0.62729
CVE-2018-7169,0.00081,0.33509
CVE-2018-7170,0.00144,0.50298
CVE-2018-7171,0.02126,0.88087
CVE-2018-7172,0.00139,0.49439
CVE-2018-7173,0.00056,0.21058
CVE-2018-7174,0.00056,0.21058
CVE-2018-7175,0.00055,0.20370
CVE-2018-7176,0.00127,0.47237
CVE-2018-7177,0.00282,0.65295
CVE-2018-7178,0.00282,0.65295
CVE-2018-7179,0.00282,0.65295
CVE-2018-7180,0.00282,0.65295
CVE-2018-7182,0.09899,0.94333
CVE-2018-7183,0.84455,0.98247
CVE-2018-7184,0.03570,0.90731
CVE-2018-7185,0.02879,0.89772
CVE-2018-7186,0.00904,0.81042
CVE-2018-7187,0.37911,0.96856
CVE-2018-7188,0.00054,0.19226
CVE-2018-7191,0.00042,0.05722
CVE-2018-7192,0.00168,0.53538
CVE-2018-7193,0.00168,0.53538
CVE-2018-7194,0.00198,0.57731
CVE-2018-7195,0.00440,0.72233
CVE-2018-7196,0.00168,0.53538
CVE-2018-7197,0.00192,0.57003
CVE-2018-7198,0.00078,0.32098
CVE-2018-7201,0.00199,0.57916
CVE-2018-7202,0.00078,0.32606
CVE-2018-7203,0.00109,0.43874
CVE-2018-7204,0.00154,0.51691
CVE-2018-7205,0.00059,0.22868
CVE-2018-7206,0.00187,0.56218
CVE-2018-7208,0.00861,0.80543
CVE-2018-7209,0.00802,0.79863
CVE-2018-7210,0.00802,0.79863
CVE-2018-7211,0.00171,0.54199
CVE-2018-7212,0.00083,0.34313
CVE-2018-7213,0.00314,0.67202
CVE-2018-7216,0.01037,0.82374
CVE-2018-7217,0.00092,0.38848
CVE-2018-7218,0.01586,0.86017
CVE-2018-7219,0.00112,0.44586
CVE-2018-7225,0.01261,0.84211
CVE-2018-7226,0.00315,0.67315
CVE-2018-7227,0.00083,0.34454
CVE-2018-7228,0.00438,0.72173
CVE-2018-7229,0.00446,0.72389
CVE-2018-7230,0.00199,0.57916
CVE-2018-7231,0.00480,0.73357
CVE-2018-7232,0.00480,0.73357
CVE-2018-7233,0.00480,0.73357
CVE-2018-7234,0.00114,0.44834
CVE-2018-7235,0.00168,0.53801
CVE-2018-7236,0.00149,0.50914
CVE-2018-7237,0.00254,0.63433
CVE-2018-7238,0.00838,0.80288
CVE-2018-7239,0.00242,0.62325
CVE-2018-7240,0.00355,0.69183
CVE-2018-7241,0.00348,0.68890
CVE-2018-7242,0.00417,0.71522
CVE-2018-7243,0.00479,0.73321
CVE-2018-7244,0.00154,0.51643
CVE-2018-7245,0.00241,0.62168
CVE-2018-7246,0.00349,0.68947
CVE-2018-7247,0.00420,0.71628
CVE-2018-7248,0.00466,0.72943
CVE-2018-7249,0.00073,0.30383
CVE-2018-7250,0.00069,0.28556
CVE-2018-7251,0.06473,0.93051
CVE-2018-7253,0.00493,0.73706
CVE-2018-7254,0.01682,0.86406
CVE-2018-7259,0.00634,0.76934
CVE-2018-7260,0.00208,0.58777
CVE-2018-7261,0.00048,0.14712
CVE-2018-7262,0.00572,0.75612
CVE-2018-7263,0.00503,0.73984
CVE-2018-7264,0.21378,0.96020
CVE-2018-7265,0.00088,0.37136
CVE-2018-7268,0.00049,0.15009
CVE-2018-7269,0.00119,0.45992
CVE-2018-7271,0.00150,0.51045
CVE-2018-7272,0.00065,0.26756
CVE-2018-7273,0.00151,0.51298
CVE-2018-7274,0.00059,0.23061
CVE-2018-7276,0.00802,0.79863
CVE-2018-7277,0.00133,0.48383
CVE-2018-7278,0.00133,0.48383
CVE-2018-7279,0.01458,0.85384
CVE-2018-7280,0.00079,0.32992
CVE-2018-7281,0.00102,0.41368
CVE-2018-7282,0.14524,0.95268
CVE-2018-7284,0.80874,0.98076
CVE-2018-7285,0.01685,0.86419
CVE-2018-7286,0.19797,0.95900
CVE-2018-7287,0.16839,0.95584
CVE-2018-7289,0.00093,0.39007
CVE-2018-7290,0.00054,0.19226
CVE-2018-7295,0.00171,0.54199
CVE-2018-7296,0.00180,0.55303
CVE-2018-7297,0.69176,0.97721
CVE-2018-7298,0.00222,0.60556
CVE-2018-7299,0.00234,0.61531
CVE-2018-7300,0.02127,0.88108
CVE-2018-7301,0.00222,0.60556
CVE-2018-7302,0.00057,0.21504
CVE-2018-7303,0.00057,0.21504
CVE-2018-7304,0.00109,0.43614
CVE-2018-7305,0.00056,0.20790
CVE-2018-7307,0.00073,0.30112
CVE-2018-7308,0.00189,0.56501
CVE-2018-7311,0.00259,0.63700
CVE-2018-7312,0.00282,0.65295
CVE-2018-7313,0.00282,0.65295
CVE-2018-7314,0.00282,0.65295
CVE-2018-7315,0.00282,0.65295
CVE-2018-7316,0.03683,0.90881
CVE-2018-7317,0.30853,0.96567
CVE-2018-7318,0.00393,0.70752
CVE-2018-7319,0.00282,0.65295
CVE-2018-7320,0.00341,0.68591
CVE-2018-7321,0.00186,0.56061
CVE-2018-7322,0.00235,0.61607
CVE-2018-7323,0.00237,0.61823
CVE-2018-7324,0.00235,0.61607
CVE-2018-7325,0.00360,0.69418
CVE-2018-7326,0.00170,0.54090
CVE-2018-7327,0.00170,0.54090
CVE-2018-7328,0.00632,0.76895
CVE-2018-7329,0.00632,0.76895
CVE-2018-7330,0.00632,0.76895
CVE-2018-7331,0.00360,0.69418
CVE-2018-7332,0.00360,0.69418
CVE-2018-7333,0.00632,0.76895
CVE-2018-7334,0.00264,0.64161
CVE-2018-7335,0.00264,0.64161
CVE-2018-7336,0.00272,0.64637
CVE-2018-7337,0.00341,0.68591
CVE-2018-7339,0.00374,0.69974
CVE-2018-7340,0.00096,0.39919
CVE-2018-7355,0.00124,0.46716
CVE-2018-7356,0.00167,0.53492
CVE-2018-7357,0.18832,0.95806
CVE-2018-7358,0.76435,0.97938
CVE-2018-7359,0.00454,0.72636
CVE-2018-7360,0.00120,0.46173
CVE-2018-7361,0.00100,0.40928
CVE-2018-7362,0.00095,0.39670
CVE-2018-7363,0.00120,0.46173
CVE-2018-7364,0.01786,0.86799
CVE-2018-7365,0.00104,0.42231
CVE-2018-7366,0.00118,0.45685
CVE-2018-7405,0.00175,0.54750
CVE-2018-7406,0.03180,0.90212
CVE-2018-7407,0.03438,0.90588
CVE-2018-7408,0.00042,0.05722
CVE-2018-7409,0.00315,0.67315
CVE-2018-7417,0.00222,0.60611
CVE-2018-7418,0.00222,0.60611
CVE-2018-7419,0.00279,0.65091
CVE-2018-7420,0.00222,0.60611
CVE-2018-7421,0.00215,0.59602
CVE-2018-7422,0.94711,0.99104
CVE-2018-7427,0.00089,0.37444
CVE-2018-7429,0.00216,0.59631
CVE-2018-7431,0.00116,0.45325
CVE-2018-7432,0.00149,0.50999
CVE-2018-7433,0.00168,0.53801
CVE-2018-7434,0.00181,0.55456
CVE-2018-7435,0.00514,0.74269
CVE-2018-7436,0.00514,0.74269
CVE-2018-7437,0.00514,0.74269
CVE-2018-7438,0.00514,0.74269
CVE-2018-7439,0.00514,0.74269
CVE-2018-7440,0.01914,0.87370
CVE-2018-7441,0.00042,0.05722
CVE-2018-7442,0.00181,0.55523
CVE-2018-7443,0.00304,0.66659
CVE-2018-7445,0.89809,0.98565
CVE-2018-7447,0.00048,0.14712
CVE-2018-7448,0.05105,0.92201
CVE-2018-7449,0.14488,0.95264
CVE-2018-7452,0.00065,0.27117
CVE-2018-7453,0.00056,0.21058
CVE-2018-7454,0.00055,0.20370
CVE-2018-7455,0.00056,0.21058
CVE-2018-7456,0.00331,0.68158
CVE-2018-7463,0.00119,0.45992
CVE-2018-7465,0.00141,0.49739
CVE-2018-7466,0.75396,0.97907
CVE-2018-7467,0.00396,0.70848
CVE-2018-7469,0.00057,0.21504
CVE-2018-7470,0.00124,0.46793
CVE-2018-7471,0.00044,0.10161
CVE-2018-7472,0.00086,0.35694
CVE-2018-7473,0.00125,0.46916
CVE-2018-7474,0.02934,0.89843
CVE-2018-7475,0.00214,0.59499
CVE-2018-7476,0.00067,0.27787
CVE-2018-7477,0.00282,0.65295
CVE-2018-7479,0.00230,0.61274
CVE-2018-7480,0.00042,0.05722
CVE-2018-7482,0.00160,0.52631
CVE-2018-7484,0.00066,0.27304
CVE-2018-7485,0.00405,0.71139
CVE-2018-7486,0.00381,0.70273
CVE-2018-7487,0.00088,0.36846
CVE-2018-7489,0.95156,0.99179
CVE-2018-7490,0.95410,0.99234
CVE-2018-7491,0.00091,0.38552
CVE-2018-7492,0.00044,0.08000
CVE-2018-7493,0.00222,0.60556
CVE-2018-7494,0.00594,0.76090
CVE-2018-7495,0.00749,0.79027
CVE-2018-7496,0.00057,0.21246
CVE-2018-7497,0.00427,0.71808
CVE-2018-7498,0.00162,0.52810
CVE-2018-7499,0.09310,0.94159
CVE-2018-7500,0.00193,0.57175
CVE-2018-7501,0.01405,0.85101
CVE-2018-7502,0.00073,0.30186
CVE-2018-7503,0.03925,0.91147
CVE-2018-7504,0.00059,0.22970
CVE-2018-7505,0.00410,0.71283
CVE-2018-7506,0.00142,0.49989
CVE-2018-7507,0.00594,0.76090
CVE-2018-7508,0.00059,0.22970
CVE-2018-7509,0.00825,0.80119
CVE-2018-7510,0.00213,0.59361
CVE-2018-7511,0.00434,0.72017
CVE-2018-7512,0.11224,0.94698
CVE-2018-7513,0.00095,0.39579
CVE-2018-7514,0.25849,0.96301
CVE-2018-7515,0.00046,0.12651
CVE-2018-7516,0.06965,0.93309
CVE-2018-7517,0.00046,0.13808
CVE-2018-7518,0.00213,0.59361
CVE-2018-7519,0.00061,0.24014
CVE-2018-7520,0.15849,0.95468
CVE-2018-7521,0.00046,0.13803
CVE-2018-7522,0.00056,0.20997
CVE-2018-7523,0.00046,0.12651
CVE-2018-7524,0.08198,0.93769
CVE-2018-7525,0.00046,0.12651
CVE-2018-7526,0.00162,0.52844
CVE-2018-7527,0.00070,0.28943
CVE-2018-7528,0.10027,0.94398
CVE-2018-7529,0.00108,0.43347
CVE-2018-7530,0.00145,0.50302
CVE-2018-7531,0.00081,0.33780
CVE-2018-7532,0.78212,0.97990
CVE-2018-7533,0.00044,0.08189
CVE-2018-7534,0.00044,0.10161
CVE-2018-7535,0.00042,0.05722
CVE-2018-7536,0.00738,0.78886
CVE-2018-7537,0.00955,0.81609
CVE-2018-7538,0.00716,0.78533
CVE-2018-7539,0.04875,0.92017
CVE-2018-7540,0.00062,0.24773
CVE-2018-7541,0.00062,0.24773
CVE-2018-7542,0.00059,0.22933
CVE-2018-7543,0.00222,0.60573
CVE-2018-7544,0.00328,0.67968
CVE-2018-7546,0.00082,0.33935
CVE-2018-7547,0.00057,0.21504
CVE-2018-7548,0.00316,0.67352
CVE-2018-7549,0.00381,0.70277
CVE-2018-7550,0.00075,0.31091
CVE-2018-7551,0.00367,0.69699
CVE-2018-7552,0.00328,0.67983
CVE-2018-7553,0.00521,0.74421
CVE-2018-7554,0.00367,0.69699
CVE-2018-7556,0.00279,0.65071
CVE-2018-7557,0.00994,0.82008
CVE-2018-7559,0.00170,0.54113
CVE-2018-7560,0.00112,0.44376
CVE-2018-7561,0.00775,0.79461
CVE-2018-7562,0.00514,0.74262
CVE-2018-7563,0.00085,0.35433
CVE-2018-7564,0.00079,0.32992
CVE-2018-7565,0.00073,0.30112
CVE-2018-7566,0.00044,0.08043
CVE-2018-7567,0.00367,0.69728
CVE-2018-7568,0.00334,0.68307
CVE-2018-7569,0.00708,0.78375
CVE-2018-7570,0.00355,0.69186
CVE-2018-7572,0.00053,0.18557
CVE-2018-7573,0.88712,0.98481
CVE-2018-7575,0.00119,0.45929
CVE-2018-7576,0.00086,0.35735
CVE-2018-7577,0.00112,0.44604
CVE-2018-7579,0.00091,0.38618
CVE-2018-7580,0.01039,0.82399
CVE-2018-7581,0.00062,0.24874
CVE-2018-7582,0.37473,0.96836
CVE-2018-7583,0.53212,0.97331
CVE-2018-7584,0.79889,0.98048
CVE-2018-7586,0.00258,0.63629
CVE-2018-7587,0.00074,0.30667
CVE-2018-7588,0.00284,0.65481
CVE-2018-7589,0.00284,0.65481
CVE-2018-7590,0.00073,0.30112
CVE-2018-7600,0.97571,1.00000
CVE-2018-7602,0.97448,0.99945
CVE-2018-7603,0.00078,0.32606
CVE-2018-7631,0.00682,0.77953
CVE-2018-7632,0.00115,0.45086
CVE-2018-7633,0.00485,0.73502
CVE-2018-7634,0.00304,0.66614
CVE-2018-7635,0.00084,0.34791
CVE-2018-7636,0.00136,0.48937
CVE-2018-7637,0.00186,0.55894
CVE-2018-7638,0.00186,0.55894
CVE-2018-7639,0.00186,0.55894
CVE-2018-7640,0.00186,0.55894
CVE-2018-7641,0.00186,0.55894
CVE-2018-7642,0.00407,0.71202
CVE-2018-7643,0.00675,0.77787
CVE-2018-7644,0.00169,0.53927
CVE-2018-7648,0.00205,0.58474
CVE-2018-7649,0.00078,0.32606
CVE-2018-7650,0.00057,0.21504
CVE-2018-7651,0.00202,0.58148
CVE-2018-7652,0.00123,0.46651
CVE-2018-7653,0.00797,0.79795
CVE-2018-7654,0.00072,0.29456
CVE-2018-7658,0.61911,0.97552
CVE-2018-7659,0.00058,0.22585
CVE-2018-7660,0.00058,0.22585
CVE-2018-7661,0.00132,0.48091
CVE-2018-7662,0.00292,0.65946
CVE-2018-7663,0.00077,0.31727
CVE-2018-7664,0.11964,0.94864
CVE-2018-7665,0.96314,0.99444
CVE-2018-7666,0.00469,0.73029
CVE-2018-7667,0.00679,0.77909
CVE-2018-7668,0.00566,0.75480
CVE-2018-7669,0.85298,0.98293
CVE-2018-7673,0.00126,0.47139
CVE-2018-7674,0.00078,0.32606
CVE-2018-7675,0.00065,0.26756
CVE-2018-7676,0.00168,0.53801
CVE-2018-7677,0.00071,0.29353
CVE-2018-7678,0.00054,0.19226
CVE-2018-7679,0.01775,0.86754
CVE-2018-7680,0.00078,0.32606
CVE-2018-7681,0.00054,0.20290
CVE-2018-7682,0.00065,0.26756
CVE-2018-7683,0.00168,0.53801
CVE-2018-7685,0.00052,0.18252
CVE-2018-7686,0.00651,0.77287
CVE-2018-7687,0.00050,0.16489
CVE-2018-7688,0.00071,0.29389
CVE-2018-7689,0.00071,0.29389
CVE-2018-7690,0.00630,0.76869
CVE-2018-7691,0.00630,0.76869
CVE-2018-7692,0.00078,0.32606
CVE-2018-7698,0.00222,0.60556
CVE-2018-7700,0.73235,0.97844
CVE-2018-7701,0.00235,0.61689
CVE-2018-7702,0.00319,0.67504
CVE-2018-7703,0.00209,0.58896
CVE-2018-7704,0.00250,0.63074
CVE-2018-7705,0.00490,0.73640
CVE-2018-7706,0.00564,0.75437
CVE-2018-7707,0.00209,0.58896
CVE-2018-7711,0.00284,0.65444
CVE-2018-7712,0.00264,0.64156
CVE-2018-7713,0.00264,0.64156
CVE-2018-7714,0.00264,0.64156
CVE-2018-7715,0.00359,0.69357
CVE-2018-7716,0.00359,0.69357
CVE-2018-7717,0.00088,0.37136
CVE-2018-7718,0.00054,0.20290
CVE-2018-7719,0.09221,0.94127
CVE-2018-7720,0.00112,0.44586
CVE-2018-7721,0.00088,0.37136
CVE-2018-7722,0.00057,0.21504
CVE-2018-7723,0.00057,0.21504
CVE-2018-7724,0.00054,0.19382
CVE-2018-7725,0.00266,0.64274
CVE-2018-7726,0.00266,0.64274
CVE-2018-7727,0.00097,0.40090
CVE-2018-7728,0.00116,0.45313
CVE-2018-7729,0.00159,0.52450
CVE-2018-7730,0.00116,0.45313
CVE-2018-7731,0.00171,0.54161
CVE-2018-7732,0.00212,0.59184
CVE-2018-7733,0.00112,0.44586
CVE-2018-7734,0.00207,0.58678
CVE-2018-7735,0.00207,0.58678
CVE-2018-7736,0.00348,0.68897
CVE-2018-7737,0.00408,0.71219
CVE-2018-7738,0.00042,0.05722
CVE-2018-7739,0.30033,0.96530
CVE-2018-7740,0.00042,0.05722
CVE-2018-7741,0.00088,0.37136
CVE-2018-7745,0.03598,0.90772
CVE-2018-7746,0.00132,0.48287
CVE-2018-7747,0.00127,0.47233
CVE-2018-7748,0.00577,0.75726
CVE-2018-7749,0.00341,0.68559
CVE-2018-7750,0.06627,0.93141
CVE-2018-7751,0.00278,0.65021
CVE-2018-7752,0.00214,0.59518
CVE-2018-7753,0.00316,0.67352
CVE-2018-7754,0.00042,0.05722
CVE-2018-7755,0.00075,0.30855
CVE-2018-7756,0.84394,0.98245
CVE-2018-7757,0.00044,0.08000
CVE-2018-7758,0.00124,0.46703
CVE-2018-7759,0.00103,0.41969
CVE-2018-7760,0.00220,0.59971
CVE-2018-7761,0.00481,0.73395
CVE-2018-7762,0.00103,0.41969
CVE-2018-7763,0.00090,0.37812
CVE-2018-7764,0.00090,0.37812
CVE-2018-7765,0.00155,0.51873
CVE-2018-7766,0.00141,0.49783
CVE-2018-7767,0.00141,0.49783
CVE-2018-7768,0.00141,0.49783
CVE-2018-7769,0.00141,0.49783
CVE-2018-7770,0.00228,0.61094
CVE-2018-7771,0.00127,0.47237
CVE-2018-7772,0.00141,0.49783
CVE-2018-7773,0.00141,0.49783
CVE-2018-7774,0.00141,0.49783
CVE-2018-7776,0.00078,0.32606
CVE-2018-7777,0.01498,0.85563
CVE-2018-7778,0.00489,0.73612
CVE-2018-7779,0.00168,0.53801
CVE-2018-7780,0.00250,0.62982
CVE-2018-7781,0.00104,0.42231
CVE-2018-7782,0.00104,0.42231
CVE-2018-7783,0.00168,0.53801
CVE-2018-7784,0.00462,0.72838
CVE-2018-7785,0.00249,0.62878
CVE-2018-7786,0.00091,0.38092
CVE-2018-7787,0.00125,0.46974
CVE-2018-7788,0.00081,0.33872
CVE-2018-7789,0.00376,0.70043
CVE-2018-7790,0.00220,0.59991
CVE-2018-7791,0.00264,0.64080
CVE-2018-7792,0.00104,0.42345
CVE-2018-7793,0.00047,0.13886
CVE-2018-7794,0.00103,0.41969
CVE-2018-7795,0.00247,0.62728
CVE-2018-7796,0.00086,0.35742
CVE-2018-7797,0.00107,0.43224
CVE-2018-7798,0.00162,0.52890
CVE-2018-7799,0.00194,0.57294
CVE-2018-7800,0.00513,0.74229
CVE-2018-7801,0.02052,0.87859
CVE-2018-7802,0.00160,0.52550
CVE-2018-7803,0.00083,0.34295
CVE-2018-7804,0.00078,0.32606
CVE-2018-7806,0.00128,0.47453
CVE-2018-7807,0.00128,0.47453
CVE-2018-7809,0.00814,0.79983
CVE-2018-7810,0.00112,0.44327
CVE-2018-7811,0.00953,0.81578
CVE-2018-7812,0.00178,0.55045
CVE-2018-7813,0.00062,0.24596
CVE-2018-7814,0.00086,0.35855
CVE-2018-7815,0.00062,0.24596
CVE-2018-7816,0.00090,0.37751
CVE-2018-7817,0.00834,0.80243
CVE-2018-7820,0.00222,0.60556
CVE-2018-7821,0.00103,0.41969
CVE-2018-7822,0.00047,0.13886
CVE-2018-7823,0.00092,0.38838
CVE-2018-7824,0.00054,0.20290
CVE-2018-7825,0.00110,0.43989
CVE-2018-7826,0.00110,0.43989
CVE-2018-7827,0.00066,0.27429
CVE-2018-7828,0.00073,0.30112
CVE-2018-7829,0.00104,0.42231
CVE-2018-7830,0.00366,0.69658
CVE-2018-7831,0.00098,0.40498
CVE-2018-7832,0.00380,0.70220
CVE-2018-7833,0.00110,0.44110
CVE-2018-7834,0.00078,0.32606
CVE-2018-7835,0.02551,0.89154
CVE-2018-7836,0.00891,0.80897
CVE-2018-7837,0.00635,0.76950
CVE-2018-7838,0.00103,0.41969
CVE-2018-7839,0.00049,0.15071
CVE-2018-7840,0.00063,0.25378
CVE-2018-7841,0.01556,0.85870
CVE-2018-7842,0.00420,0.71627
CVE-2018-7843,0.00134,0.48563
CVE-2018-7844,0.00235,0.61606
CVE-2018-7845,0.00264,0.64100
CVE-2018-7846,0.00420,0.71627
CVE-2018-7847,0.01209,0.83818
CVE-2018-7848,0.00264,0.64100
CVE-2018-7849,0.00134,0.48563
CVE-2018-7850,0.00090,0.37972
CVE-2018-7851,0.00081,0.33872
CVE-2018-7852,0.00134,0.48563
CVE-2018-7853,0.00170,0.53982
CVE-2018-7854,0.00170,0.53982
CVE-2018-7855,0.00305,0.66702
CVE-2018-7856,0.00170,0.53982
CVE-2018-7857,0.00170,0.53982
CVE-2018-7858,0.00062,0.24773
CVE-2018-7859,0.00181,0.55375
CVE-2018-7866,0.00387,0.70490
CVE-2018-7867,0.00290,0.65859
CVE-2018-7868,0.00158,0.52282
CVE-2018-7869,0.00115,0.45183
CVE-2018-7870,0.00158,0.52282
CVE-2018-7871,0.00311,0.67069
CVE-2018-7872,0.00158,0.52282
CVE-2018-7873,0.00671,0.77724
CVE-2018-7874,0.00103,0.41694
CVE-2018-7875,0.00158,0.52282
CVE-2018-7876,0.00806,0.79907
CVE-2018-7877,0.00125,0.46951
CVE-2018-7884,0.00063,0.25378
CVE-2018-7886,0.00198,0.57719
CVE-2018-7889,0.00330,0.68124
CVE-2018-7890,0.97127,0.99753
CVE-2018-7891,0.05475,0.92480
CVE-2018-7893,0.00059,0.22826
CVE-2018-7894,0.00088,0.37136
CVE-2018-7899,0.00055,0.20370
CVE-2018-7900,0.00065,0.26756
CVE-2018-7901,0.00055,0.20370
CVE-2018-7902,0.00175,0.54683
CVE-2018-7903,0.00175,0.54683
CVE-2018-7904,0.00175,0.54683
CVE-2018-7906,0.00055,0.20370
CVE-2018-7907,0.00066,0.27209
CVE-2018-7910,0.00068,0.27920
CVE-2018-7911,0.00058,0.22795
CVE-2018-7920,0.00206,0.58643
CVE-2018-7921,0.00278,0.65015
CVE-2018-7922,0.00072,0.29986
CVE-2018-7923,0.00072,0.29986
CVE-2018-7924,0.00058,0.22795
CVE-2018-7925,0.00069,0.28525
CVE-2018-7926,0.00058,0.22795
CVE-2018-7928,0.00058,0.22795
CVE-2018-7929,0.00069,0.28525
CVE-2018-7930,0.00066,0.27209
CVE-2018-7931,0.00094,0.39440
CVE-2018-7932,0.00281,0.65211
CVE-2018-7933,0.00072,0.29502
CVE-2018-7934,0.00055,0.20370
CVE-2018-7935,0.00082,0.34021
CVE-2018-7936,0.00058,0.22795
CVE-2018-7937,0.00062,0.24464
CVE-2018-7938,0.00055,0.20370
CVE-2018-7939,0.00058,0.22795
CVE-2018-7940,0.00044,0.10161
CVE-2018-7941,0.00281,0.65249
CVE-2018-7942,0.00264,0.64158
CVE-2018-7943,0.00281,0.65249
CVE-2018-7944,0.00069,0.28525
CVE-2018-7946,0.00066,0.27209
CVE-2018-7947,0.00044,0.10161
CVE-2018-7949,0.00265,0.64250
CVE-2018-7950,0.00175,0.54683
CVE-2018-7951,0.00175,0.54683
CVE-2018-7956,0.00084,0.34791
CVE-2018-7957,0.00044,0.10161
CVE-2018-7958,0.00185,0.55857
CVE-2018-7959,0.00170,0.54083
CVE-2018-7960,0.00185,0.55857
CVE-2018-7961,0.00122,0.46455
CVE-2018-7976,0.00066,0.27429
CVE-2018-7977,0.00131,0.47928
CVE-2018-7987,0.00103,0.41969
CVE-2018-7988,0.00058,0.22795
CVE-2018-7989,0.00057,0.21534
CVE-2018-7990,0.00058,0.22795
CVE-2018-7991,0.00058,0.22795
CVE-2018-7992,0.00055,0.20370
CVE-2018-7993,0.00085,0.35342
CVE-2018-7994,0.00206,0.58643
CVE-2018-7995,0.00042,0.05722
CVE-2018-7996,0.00088,0.37136
CVE-2018-7997,0.00088,0.37136
CVE-2018-7998,0.00853,0.80449
CVE-2018-7999,0.00416,0.71494
CVE-2018-8000,0.03798,0.91012
CVE-2018-8001,0.00130,0.47885
CVE-2018-8002,0.05587,0.92552
CVE-2018-8003,0.00055,0.20407
CVE-2018-8004,0.00315,0.67266
CVE-2018-8005,0.00797,0.79792
CVE-2018-8006,0.34776,0.96734
CVE-2018-8007,0.01949,0.87490
CVE-2018-8008,0.00047,0.14202
CVE-2018-8009,0.15853,0.95469
CVE-2018-8010,0.00104,0.42237
CVE-2018-8011,0.96199,0.99411
CVE-2018-8012,0.00806,0.79902
CVE-2018-8013,0.00797,0.79795
CVE-2018-8014,0.08956,0.94039
CVE-2018-8015,0.00070,0.28941
CVE-2018-8016,0.00441,0.72261
CVE-2018-8017,0.00048,0.14790
CVE-2018-8018,0.02252,0.88486
CVE-2018-8019,0.00389,0.70597
CVE-2018-8020,0.01205,0.83789
CVE-2018-8021,0.95733,0.99305
CVE-2018-8022,0.00298,0.66339
CVE-2018-8023,0.00072,0.29647
CVE-2018-8024,0.00046,0.13871
CVE-2018-8025,0.00070,0.29075
CVE-2018-8026,0.01103,0.82960
CVE-2018-8027,0.00912,0.81123
CVE-2018-8028,0.00072,0.29719
CVE-2018-8029,0.00244,0.62437
CVE-2018-8030,0.00049,0.15825
CVE-2018-8031,0.00186,0.55926
CVE-2018-8032,0.00230,0.61274
CVE-2018-8033,0.00813,0.79972
CVE-2018-8034,0.01697,0.86461
CVE-2018-8035,0.00600,0.76199
CVE-2018-8036,0.00661,0.77534
CVE-2018-8037,0.00443,0.72308
CVE-2018-8038,0.03401,0.90537
CVE-2018-8039,0.00789,0.79676
CVE-2018-8040,0.07918,0.93661
CVE-2018-8041,0.04886,0.92026
CVE-2018-8042,0.00162,0.52853
CVE-2018-8043,0.00042,0.05722
CVE-2018-8044,0.00045,0.12326
CVE-2018-8045,0.04215,0.91416
CVE-2018-8046,0.00084,0.35108
CVE-2018-8047,0.00147,0.50716
CVE-2018-8048,0.00296,0.66212
CVE-2018-8049,0.00215,0.59596
CVE-2018-8050,0.00166,0.53266
CVE-2018-8056,0.00244,0.62393
CVE-2018-8057,0.55542,0.97387
CVE-2018-8058,0.00059,0.22826
CVE-2018-8059,0.00061,0.23892
CVE-2018-8060,0.00044,0.10445
CVE-2018-8061,0.00051,0.17393
CVE-2018-8062,0.00060,0.23368
CVE-2018-8065,0.70293,0.97758
CVE-2018-8069,0.00057,0.21504
CVE-2018-8070,0.00057,0.21504
CVE-2018-8071,0.00078,0.32606
CVE-2018-8072,0.00208,0.58818
CVE-2018-8073,0.00479,0.73321
CVE-2018-8074,0.00341,0.68591
CVE-2018-8076,0.00112,0.44376
CVE-2018-8078,0.00057,0.21504
CVE-2018-8087,0.00044,0.08000
CVE-2018-8088,0.02209,0.88369
CVE-2018-8090,0.00063,0.25378
CVE-2018-8092,0.00276,0.64924
CVE-2018-8096,0.67702,0.97676
CVE-2018-8097,0.02645,0.89349
CVE-2018-8098,0.00362,0.69522
CVE-2018-8099,0.00269,0.64489
CVE-2018-8100,0.00099,0.40588
CVE-2018-8101,0.00056,0.21058
CVE-2018-8102,0.00056,0.21058
CVE-2018-8103,0.00056,0.21058
CVE-2018-8104,0.00056,0.21058
CVE-2018-8105,0.00056,0.21058
CVE-2018-8106,0.00056,0.21058
CVE-2018-8107,0.00056,0.21058
CVE-2018-8108,0.00088,0.37136
CVE-2018-8110,0.06221,0.92912
CVE-2018-8111,0.06221,0.92912
CVE-2018-8112,0.00251,0.63115
CVE-2018-8113,0.00226,0.60945
CVE-2018-8114,0.06316,0.92958
CVE-2018-8115,0.02289,0.88586
CVE-2018-8116,0.00057,0.21373
CVE-2018-8117,0.00060,0.23627
CVE-2018-8118,0.03105,0.90103
CVE-2018-8119,0.00110,0.43963
CVE-2018-8120,0.97430,0.99934
CVE-2018-8121,0.00066,0.27616
CVE-2018-8122,0.06316,0.92958
CVE-2018-8123,0.00365,0.69607
CVE-2018-8124,0.00594,0.76096
CVE-2018-8125,0.05524,0.92516
CVE-2018-8126,0.00522,0.74450
CVE-2018-8127,0.00211,0.59066
CVE-2018-8128,0.06316,0.92958
CVE-2018-8129,0.00058,0.21564
CVE-2018-8130,0.06316,0.92958
CVE-2018-8132,0.00058,0.21564
CVE-2018-8133,0.96318,0.99447
CVE-2018-8134,0.00078,0.32281
CVE-2018-8136,0.10495,0.94507
CVE-2018-8137,0.06316,0.92958
CVE-2018-8139,0.96393,0.99472
CVE-2018-8140,0.00281,0.65229
CVE-2018-8141,0.00075,0.31106
CVE-2018-8142,0.00043,0.07687
CVE-2018-8145,0.95216,0.99191
CVE-2018-8147,0.10495,0.94507
CVE-2018-8148,0.10495,0.94507
CVE-2018-8149,0.00471,0.73102
CVE-2018-8150,0.00226,0.60945
CVE-2018-8151,0.01202,0.83765
CVE-2018-8152,0.00357,0.69281
CVE-2018-8153,0.00325,0.67799
CVE-2018-8154,0.09255,0.94136
CVE-2018-8155,0.00471,0.73102
CVE-2018-8156,0.00471,0.73102
CVE-2018-8157,0.25218,0.96268
CVE-2018-8158,0.10495,0.94507
CVE-2018-8159,0.00357,0.69281
CVE-2018-8160,0.05871,0.92706
CVE-2018-8161,0.10495,0.94507
CVE-2018-8162,0.25218,0.96268
CVE-2018-8163,0.00616,0.76584
CVE-2018-8164,0.00058,0.22649
CVE-2018-8165,0.00058,0.22649
CVE-2018-8166,0.00059,0.23220
CVE-2018-8167,0.00059,0.23220
CVE-2018-8168,0.00471,0.73102
CVE-2018-8169,0.00088,0.36954
CVE-2018-8170,0.00090,0.37890
CVE-2018-8171,0.00299,0.66375
CVE-2018-8172,0.05652,0.92588
CVE-2018-8173,0.10495,0.94507
CVE-2018-8174,0.97433,0.99936
CVE-2018-8175,0.00351,0.69012
CVE-2018-8176,0.32070,0.96618
CVE-2018-8177,0.01713,0.86526
CVE-2018-8178,0.05796,0.92659
CVE-2018-8179,0.17104,0.95620
CVE-2018-8200,0.00058,0.21564
CVE-2018-8201,0.00054,0.19246
CVE-2018-8202,0.00143,0.50113
CVE-2018-8204,0.00058,0.21564
CVE-2018-8205,0.00057,0.21373
CVE-2018-8206,0.00506,0.74064
CVE-2018-8207,0.00158,0.52354
CVE-2018-8208,0.00181,0.55520
CVE-2018-8209,0.00149,0.50959
CVE-2018-8210,0.06792,0.93227
CVE-2018-8211,0.00058,0.21564
CVE-2018-8212,0.00058,0.21564
CVE-2018-8213,0.06792,0.93227
CVE-2018-8214,0.00181,0.55520
CVE-2018-8215,0.00058,0.21564
CVE-2018-8216,0.00058,0.21564
CVE-2018-8217,0.00058,0.21564
CVE-2018-8218,0.00186,0.56059
CVE-2018-8219,0.00122,0.46518
CVE-2018-8221,0.00058,0.21564
CVE-2018-8222,0.00058,0.21564
CVE-2018-8224,0.00090,0.37890
CVE-2018-8225,0.29383,0.96498
CVE-2018-8226,0.00279,0.65073
CVE-2018-8227,0.06221,0.92912
CVE-2018-8229,0.96302,0.99441
CVE-2018-8231,0.30230,0.96539
CVE-2018-8232,0.00073,0.30188
CVE-2018-8233,0.00070,0.29082
CVE-2018-8234,0.01375,0.84945
CVE-2018-8235,0.00338,0.68468
CVE-2018-8236,0.12842,0.95006
CVE-2018-8238,0.00284,0.65477
CVE-2018-8239,0.00604,0.76300
CVE-2018-8242,0.15639,0.95436
CVE-2018-8243,0.01685,0.86418
CVE-2018-8244,0.00324,0.67789
CVE-2018-8245,0.10346,0.94468
CVE-2018-8246,0.00604,0.76300
CVE-2018-8247,0.00305,0.66730
CVE-2018-8248,0.10346,0.94468
CVE-2018-8249,0.06221,0.92912
CVE-2018-8251,0.00588,0.75978
CVE-2018-8252,0.00391,0.70670
CVE-2018-8253,0.00119,0.45875
CVE-2018-8254,0.00391,0.70670
CVE-2018-8256,0.15724,0.95444
CVE-2018-8260,0.16142,0.95499
CVE-2018-8262,0.05524,0.92516
CVE-2018-8265,0.07168,0.93390
CVE-2018-8266,0.05524,0.92516
CVE-2018-8267,0.12842,0.95006
CVE-2018-8269,0.02535,0.89131
CVE-2018-8271,0.00262,0.63966
CVE-2018-8273,0.07156,0.93385
CVE-2018-8274,0.15639,0.95436
CVE-2018-8275,0.15639,0.95436
CVE-2018-8276,0.00226,0.60945
CVE-2018-8278,0.00292,0.65975
CVE-2018-8279,0.96552,0.99532
CVE-2018-8280,0.05524,0.92516
CVE-2018-8281,0.09481,0.94215
CVE-2018-8282,0.00069,0.28467
CVE-2018-8283,0.01486,0.85492
CVE-2018-8284,0.16644,0.95556
CVE-2018-8286,0.05524,0.92516
CVE-2018-8287,0.12807,0.94998
CVE-2018-8288,0.96508,0.99510
CVE-2018-8289,0.01375,0.84945
CVE-2018-8290,0.05524,0.92516
CVE-2018-8291,0.96435,0.99483
CVE-2018-8292,0.02547,0.89149
CVE-2018-8294,0.05524,0.92516
CVE-2018-8296,0.05524,0.92516
CVE-2018-8297,0.01375,0.84945
CVE-2018-8298,0.54122,0.97352
CVE-2018-8299,0.00194,0.57336
CVE-2018-8300,0.07716,0.93562
CVE-2018-8301,0.05524,0.92516
CVE-2018-8302,0.13642,0.95138
CVE-2018-8304,0.00506,0.74064
CVE-2018-8305,0.02837,0.89705
CVE-2018-8306,0.00074,0.30585
CVE-2018-8307,0.00275,0.64868
CVE-2018-8308,0.00145,0.50357
CVE-2018-8309,0.00057,0.21373
CVE-2018-8310,0.00255,0.63494
CVE-2018-8311,0.15770,0.95454
CVE-2018-8312,0.09481,0.94215
CVE-2018-8313,0.00143,0.50113
CVE-2018-8314,0.00320,0.67603
CVE-2018-8315,0.00907,0.81075
CVE-2018-8316,0.35886,0.96775
CVE-2018-8319,0.00722,0.78652
CVE-2018-8320,0.00232,0.61418
CVE-2018-8323,0.00194,0.57336
CVE-2018-8324,0.01375,0.84945
CVE-2018-8325,0.01375,0.84945
CVE-2018-8326,0.00109,0.43791
CVE-2018-8327,0.24145,0.96205
CVE-2018-8329,0.00055,0.20559
CVE-2018-8330,0.01327,0.84626
CVE-2018-8331,0.09467,0.94210
CVE-2018-8332,0.26868,0.96353
CVE-2018-8333,0.01374,0.84935
CVE-2018-8335,0.00368,0.69769
CVE-2018-8336,0.00120,0.46186
CVE-2018-8337,0.00059,0.22845
CVE-2018-8339,0.00055,0.20314
CVE-2018-8340,0.00117,0.45466
CVE-2018-8341,0.00222,0.60588
CVE-2018-8342,0.00073,0.30188
CVE-2018-8343,0.00068,0.28341
CVE-2018-8344,0.25975,0.96307
CVE-2018-8345,0.37861,0.96855
CVE-2018-8346,0.22962,0.96126
CVE-2018-8347,0.00087,0.35990
CVE-2018-8348,0.00222,0.60588
CVE-2018-8349,0.18790,0.95805
CVE-2018-8350,0.20987,0.95996
CVE-2018-8351,0.02716,0.89495
CVE-2018-8353,0.85256,0.98290
CVE-2018-8354,0.07804,0.93615
CVE-2018-8355,0.96617,0.99552
CVE-2018-8356,0.00073,0.30307
CVE-2018-8357,0.00676,0.77817
CVE-2018-8358,0.00378,0.70133
CVE-2018-8359,0.05524,0.92516
CVE-2018-8360,0.02543,0.89143
CVE-2018-8366,0.02081,0.87950
CVE-2018-8367,0.18289,0.95743
CVE-2018-8370,0.00723,0.78664
CVE-2018-8371,0.14159,0.95222
CVE-2018-8372,0.05064,0.92172
CVE-2018-8373,0.96057,0.99376
CVE-2018-8374,0.00119,0.45857
CVE-2018-8375,0.09481,0.94215
CVE-2018-8376,0.20987,0.95996
CVE-2018-8377,0.01486,0.85492
CVE-2018-8378,0.00208,0.58771
CVE-2018-8379,0.09481,0.94215
CVE-2018-8380,0.05524,0.92516
CVE-2018-8381,0.05524,0.92516
CVE-2018-8382,0.01322,0.84599
CVE-2018-8383,0.00491,0.73657
CVE-2018-8384,0.96295,0.99438
CVE-2018-8385,0.05064,0.92172
CVE-2018-8387,0.01486,0.85492
CVE-2018-8388,0.00341,0.68583
CVE-2018-8389,0.05524,0.92516
CVE-2018-8390,0.05524,0.92516
CVE-2018-8391,0.01835,0.87024
CVE-2018-8392,0.33945,0.96695
CVE-2018-8393,0.33945,0.96695
CVE-2018-8394,0.01153,0.83371
CVE-2018-8396,0.00075,0.31106
CVE-2018-8397,0.20987,0.95996
CVE-2018-8398,0.02837,0.89705
CVE-2018-8399,0.00090,0.37890
CVE-2018-8400,0.00069,0.28477
CVE-2018-8401,0.00069,0.28477
CVE-2018-8403,0.05064,0.92172
CVE-2018-8404,0.01059,0.82569
CVE-2018-8405,0.00071,0.29163
CVE-2018-8406,0.00071,0.29163
CVE-2018-8407,0.00067,0.27771
CVE-2018-8408,0.00067,0.27771
CVE-2018-8409,0.00107,0.43049
CVE-2018-8410,0.00171,0.54206
CVE-2018-8411,0.00166,0.53270
CVE-2018-8412,0.00073,0.30188
CVE-2018-8413,0.30321,0.96543
CVE-2018-8414,0.94455,0.99062
CVE-2018-8415,0.00082,0.34016
CVE-2018-8416,0.00283,0.65370
CVE-2018-8417,0.00058,0.21982
CVE-2018-8419,0.00067,0.27659
CVE-2018-8420,0.15115,0.95352
CVE-2018-8421,0.59487,0.97479
CVE-2018-8422,0.01062,0.82627
CVE-2018-8423,0.81842,0.98128
CVE-2018-8424,0.83148,0.98194
CVE-2018-8425,0.00595,0.76106
CVE-2018-8426,0.00118,0.45779
CVE-2018-8427,0.00265,0.64246
CVE-2018-8428,0.00082,0.33987
CVE-2018-8429,0.00590,0.76020
CVE-2018-8430,0.09659,0.94266
CVE-2018-8431,0.00096,0.39895
CVE-2018-8432,0.08322,0.93803
CVE-2018-8433,0.00295,0.66179
CVE-2018-8434,0.00090,0.37765
CVE-2018-8435,0.00053,0.19033
CVE-2018-8436,0.00061,0.24044
CVE-2018-8437,0.00061,0.24044
CVE-2018-8438,0.00079,0.32839
CVE-2018-8439,0.00338,0.68465
CVE-2018-8440,0.97268,0.99828
CVE-2018-8441,0.00067,0.27868
CVE-2018-8442,0.00262,0.63966
CVE-2018-8443,0.00262,0.63966
CVE-2018-8444,0.00190,0.56636
CVE-2018-8445,0.00262,0.63966
CVE-2018-8446,0.00262,0.63966
CVE-2018-8447,0.18289,0.95743
CVE-2018-8448,0.00441,0.72250
CVE-2018-8449,0.00061,0.23949
CVE-2018-8450,0.08837,0.93993
CVE-2018-8452,0.01370,0.84913
CVE-2018-8453,0.94694,0.99102
CVE-2018-8454,0.00265,0.64246
CVE-2018-8455,0.00073,0.30306
CVE-2018-8456,0.07804,0.93615
CVE-2018-8457,0.07173,0.93392
CVE-2018-8459,0.07804,0.93615
CVE-2018-8460,0.16129,0.95499
CVE-2018-8461,0.18289,0.95743
CVE-2018-8462,0.00073,0.30306
CVE-2018-8463,0.00575,0.75682
CVE-2018-8464,0.30814,0.96565
CVE-2018-8465,0.07804,0.93615
CVE-2018-8466,0.96606,0.99548
CVE-2018-8467,0.96606,0.99548
CVE-2018-8468,0.00559,0.75313
CVE-2018-8469,0.00575,0.75682
CVE-2018-8470,0.00256,0.63526
CVE-2018-8471,0.00073,0.30415
CVE-2018-8472,0.00265,0.64246
CVE-2018-8473,0.08673,0.93944
CVE-2018-8474,0.08958,0.94040
CVE-2018-8475,0.61919,0.97553
CVE-2018-8476,0.42977,0.97020
CVE-2018-8477,0.00046,0.13748
CVE-2018-8479,0.00098,0.40342
CVE-2018-8480,0.00135,0.48674
CVE-2018-8481,0.01734,0.86607
CVE-2018-8482,0.01734,0.86607
CVE-2018-8484,0.00073,0.30415
CVE-2018-8485,0.00073,0.30415
CVE-2018-8486,0.00056,0.21085
CVE-2018-8488,0.00135,0.48674
CVE-2018-8489,0.00338,0.68465
CVE-2018-8490,0.00338,0.68465
CVE-2018-8491,0.16129,0.95499
CVE-2018-8492,0.00058,0.21982
CVE-2018-8493,0.03400,0.90535
CVE-2018-8494,0.25846,0.96300
CVE-2018-8495,0.95091,0.99161
CVE-2018-8497,0.00073,0.30415
CVE-2018-8498,0.00135,0.48674
CVE-2018-8500,0.03081,0.90064
CVE-2018-8501,0.18953,0.95817
CVE-2018-8502,0.29087,0.96481
CVE-2018-8503,0.08673,0.93944
CVE-2018-8504,0.18953,0.95817
CVE-2018-8505,0.08673,0.93944
CVE-2018-8506,0.00270,0.64526
CVE-2018-8509,0.08673,0.93944
CVE-2018-8510,0.08673,0.93944
CVE-2018-8511,0.08673,0.93944
CVE-2018-8512,0.00582,0.75841
CVE-2018-8513,0.08673,0.93944
CVE-2018-8514,0.00046,0.13748
CVE-2018-8517,0.00126,0.47199
CVE-2018-8518,0.00135,0.48674
CVE-2018-8522,0.06264,0.92933
CVE-2018-8524,0.06264,0.92933
CVE-2018-8527,0.00249,0.62872
CVE-2018-8529,0.03792,0.91009
CVE-2018-8530,0.00658,0.77405
CVE-2018-8531,0.03305,0.90404
CVE-2018-8532,0.00249,0.62872
CVE-2018-8533,0.00249,0.62872
CVE-2018-8539,0.07866,0.93643
CVE-2018-8540,0.00950,0.81532
CVE-2018-8541,0.07768,0.93590
CVE-2018-8542,0.07768,0.93590
CVE-2018-8543,0.07768,0.93590
CVE-2018-8544,0.94820,0.99122
CVE-2018-8545,0.06776,0.93217
CVE-2018-8546,0.00453,0.72626
CVE-2018-8547,0.00082,0.34008
CVE-2018-8549,0.00080,0.33201
CVE-2018-8550,0.00183,0.55659
CVE-2018-8551,0.07768,0.93590
CVE-2018-8552,0.81938,0.98134
CVE-2018-8553,0.32128,0.96620
CVE-2018-8554,0.00073,0.30415
CVE-2018-8555,0.07768,0.93590
CVE-2018-8556,0.07768,0.93590
CVE-2018-8557,0.07768,0.93590
CVE-2018-8558,0.00991,0.81968
CVE-2018-8561,0.00073,0.30415
CVE-2018-8562,0.00058,0.21569
CVE-2018-8563,0.00056,0.21085
CVE-2018-8564,0.00161,0.52699
CVE-2018-8565,0.01327,0.84626
CVE-2018-8566,0.00066,0.27156
CVE-2018-8567,0.00778,0.79509
CVE-2018-8568,0.00135,0.48674
CVE-2018-8569,0.02398,0.88841
CVE-2018-8570,0.07768,0.93590
CVE-2018-8572,0.00082,0.33987
CVE-2018-8573,0.32128,0.96620
CVE-2018-8574,0.07866,0.93643
CVE-2018-8575,0.07866,0.93643
CVE-2018-8576,0.06264,0.92933
CVE-2018-8577,0.07866,0.93643
CVE-2018-8578,0.00241,0.62189
CVE-2018-8579,0.01990,0.87634
CVE-2018-8580,0.00494,0.73717
CVE-2018-8581,0.04375,0.91563
CVE-2018-8582,0.18049,0.95726
CVE-2018-8583,0.00907,0.81067
CVE-2018-8584,0.00166,0.53270
CVE-2018-8587,0.02256,0.88504
CVE-2018-8588,0.12068,0.94887
CVE-2018-8589,0.00118,0.45821
CVE-2018-8592,0.00369,0.69820
CVE-2018-8595,0.10210,0.94440
CVE-2018-8596,0.10210,0.94440
CVE-2018-8597,0.01923,0.87405
CVE-2018-8598,0.00184,0.55746
CVE-2018-8599,0.00058,0.21568
CVE-2018-8600,0.00126,0.47173
CVE-2018-8602,0.00054,0.19250
CVE-2018-8604,0.00064,0.26182
CVE-2018-8605,0.00051,0.17465
CVE-2018-8606,0.00051,0.17465
CVE-2018-8607,0.00051,0.17465
CVE-2018-8608,0.00051,0.17465
CVE-2018-8609,0.01509,0.85643
CVE-2018-8611,0.00061,0.23946
CVE-2018-8612,0.00043,0.07628
CVE-2018-8617,0.96665,0.99567
CVE-2018-8618,0.07819,0.93621
CVE-2018-8619,0.25539,0.96285
CVE-2018-8621,0.00046,0.13748
CVE-2018-8622,0.00046,0.13748
CVE-2018-8624,0.00907,0.81067
CVE-2018-8625,0.96180,0.99405
CVE-2018-8626,0.02538,0.89135
CVE-2018-8627,0.00265,0.64243
CVE-2018-8628,0.01923,0.87405
CVE-2018-8629,0.00907,0.81067
CVE-2018-8631,0.96764,0.99607
CVE-2018-8634,0.03096,0.90089
CVE-2018-8635,0.00111,0.44243
CVE-2018-8636,0.02256,0.88504
CVE-2018-8637,0.00043,0.07628
CVE-2018-8638,0.00046,0.13748
CVE-2018-8639,0.00066,0.27233
CVE-2018-8641,0.00055,0.20559
CVE-2018-8643,0.07819,0.93621
CVE-2018-8649,0.00043,0.07628
CVE-2018-8650,0.00061,0.24108
CVE-2018-8651,0.00051,0.17465
CVE-2018-8652,0.00054,0.19250
CVE-2018-8653,0.09348,0.94172
CVE-2018-8654,0.00064,0.26271
CVE-2018-8710,0.04249,0.91451
CVE-2018-8711,0.00201,0.58138
CVE-2018-8712,0.00163,0.52978
CVE-2018-8714,0.00043,0.05916
CVE-2018-8715,0.00927,0.81304
CVE-2018-8716,0.15788,0.95456
CVE-2018-8717,0.00112,0.44586
CVE-2018-8718,0.00762,0.79258
CVE-2018-8719,0.03177,0.90205
CVE-2018-8720,0.00053,0.19109
CVE-2018-8721,0.00130,0.47851
CVE-2018-8722,0.00147,0.50618
CVE-2018-8724,0.00044,0.10161
CVE-2018-8725,0.00064,0.26503
CVE-2018-8726,0.00064,0.26503
CVE-2018-8727,0.01105,0.82983
CVE-2018-8728,0.00118,0.45730
CVE-2018-8729,0.00250,0.63067
CVE-2018-8732,0.00111,0.44122
CVE-2018-8733,0.42737,0.97012
CVE-2018-8734,0.38948,0.96907
CVE-2018-8735,0.92155,0.98768
CVE-2018-8736,0.54997,0.97376
CVE-2018-8737,0.00057,0.21504
CVE-2018-8738,0.00116,0.45318
CVE-2018-8739,0.00222,0.60556
CVE-2018-8740,0.02333,0.88681
CVE-2018-8741,0.00347,0.68815
CVE-2018-8753,0.00235,0.61639
CVE-2018-8754,0.00044,0.10161
CVE-2018-8755,0.00264,0.64173
CVE-2018-8756,0.00420,0.71628
CVE-2018-8761,0.00081,0.33755
CVE-2018-8763,0.00206,0.58591
CVE-2018-8764,0.00460,0.72806
CVE-2018-8765,0.00042,0.05722
CVE-2018-8766,0.05481,0.92484
CVE-2018-8767,0.00057,0.21504
CVE-2018-8768,0.00070,0.28841
CVE-2018-8769,0.00091,0.38161
CVE-2018-8770,0.00196,0.57521
CVE-2018-8772,0.00128,0.47432
CVE-2018-8777,0.00944,0.81472
CVE-2018-8778,0.00738,0.78885
CVE-2018-8779,0.00471,0.73085
CVE-2018-8780,0.00323,0.67726
CVE-2018-8781,0.00044,0.08000
CVE-2018-8784,0.15387,0.95408
CVE-2018-8785,0.15387,0.95408
CVE-2018-8786,0.03647,0.90825
CVE-2018-8787,0.06123,0.92855
CVE-2018-8788,0.06450,0.93033
CVE-2018-8789,0.00869,0.80626
CVE-2018-8790,0.00042,0.05722
CVE-2018-8791,0.02382,0.88807
CVE-2018-8792,0.03189,0.90226
CVE-2018-8793,0.02786,0.89617
CVE-2018-8794,0.02435,0.88934
CVE-2018-8795,0.03459,0.90608
CVE-2018-8796,0.03189,0.90226
CVE-2018-8797,0.02786,0.89617
CVE-2018-8798,0.02382,0.88807
CVE-2018-8799,0.03189,0.90226
CVE-2018-8800,0.02786,0.89617
CVE-2018-8801,0.00094,0.39319
CVE-2018-8802,0.00119,0.45992
CVE-2018-8804,0.00540,0.74913
CVE-2018-8805,0.00088,0.37136
CVE-2018-8806,0.00178,0.55085
CVE-2018-8807,0.00178,0.55085
CVE-2018-8808,0.00107,0.43132
CVE-2018-8809,0.00107,0.43132
CVE-2018-8810,0.00107,0.43132
CVE-2018-8811,0.00485,0.73494
CVE-2018-8813,0.01900,0.87313
CVE-2018-8814,0.00289,0.65725
CVE-2018-8815,0.00084,0.34802
CVE-2018-8817,0.00207,0.58682
CVE-2018-8819,0.00409,0.71259
CVE-2018-8820,0.00116,0.45269
CVE-2018-8821,0.00056,0.21058
CVE-2018-8822,0.00064,0.26441
CVE-2018-8823,0.24062,0.96199
CVE-2018-8824,0.00184,0.55767
CVE-2018-8825,0.00176,0.54804
CVE-2018-8826,0.14395,0.95251
CVE-2018-8827,0.00323,0.67709
CVE-2018-8828,0.13952,0.95187
CVE-2018-8831,0.91685,0.98713
CVE-2018-8832,0.00054,0.19226
CVE-2018-8833,0.00376,0.70033
CVE-2018-8834,0.23257,0.96144
CVE-2018-8835,0.00245,0.62617
CVE-2018-8836,0.00291,0.65899
CVE-2018-8837,0.00245,0.62617
CVE-2018-8838,0.00042,0.00438
CVE-2018-8839,0.00044,0.08102
CVE-2018-8840,0.11843,0.94845
CVE-2018-8841,0.00049,0.15019
CVE-2018-8842,0.00207,0.58687
CVE-2018-8843,0.00048,0.14709
CVE-2018-8844,0.00269,0.64465
CVE-2018-8845,0.07514,0.93505
CVE-2018-8846,0.00182,0.55531
CVE-2018-8847,0.03427,0.90572
CVE-2018-8848,0.00248,0.62789
CVE-2018-8849,0.00089,0.37316
CVE-2018-8850,0.01416,0.85150
CVE-2018-8851,0.00213,0.59361
CVE-2018-8852,0.00371,0.69870
CVE-2018-8853,0.00053,0.18604
CVE-2018-8854,0.00351,0.69032
CVE-2018-8855,0.00213,0.59361
CVE-2018-8856,0.00361,0.69481
CVE-2018-8857,0.00053,0.18604
CVE-2018-8858,0.00213,0.59361
CVE-2018-8859,0.00205,0.58511
CVE-2018-8860,0.00053,0.18491
CVE-2018-8861,0.00056,0.21137
CVE-2018-8862,0.00049,0.15826
CVE-2018-8863,0.00087,0.36261
CVE-2018-8864,0.00050,0.16694
CVE-2018-8865,0.01002,0.82068
CVE-2018-8866,0.00073,0.30191
CVE-2018-8867,0.00122,0.46502
CVE-2018-8868,0.00067,0.27833
CVE-2018-8869,0.00203,0.58266
CVE-2018-8870,0.00067,0.27833
CVE-2018-8871,0.01002,0.82068
CVE-2018-8872,0.00381,0.70269
CVE-2018-8873,0.00042,0.05722
CVE-2018-8874,0.00042,0.05722
CVE-2018-8875,0.00042,0.05722
CVE-2018-8876,0.00042,0.05722
CVE-2018-8877,0.00162,0.52826
CVE-2018-8878,0.00162,0.52826
CVE-2018-8879,0.02197,0.88334
CVE-2018-8880,0.04728,0.91877
CVE-2018-8881,0.00059,0.22933
CVE-2018-8882,0.00052,0.18252
CVE-2018-8883,0.00052,0.18252
CVE-2018-8885,0.00042,0.05722
CVE-2018-8888,0.00054,0.20290
CVE-2018-8889,0.00044,0.07794
CVE-2018-8890,0.00169,0.53852
CVE-2018-8891,0.00054,0.20290
CVE-2018-8892,0.00053,0.19032
CVE-2018-8893,0.00073,0.30112
CVE-2018-8894,0.00042,0.05722
CVE-2018-8895,0.00042,0.05722
CVE-2018-8896,0.00042,0.05722
CVE-2018-8897,0.00072,0.29631
CVE-2018-8898,0.65051,0.97617
CVE-2018-8899,0.00123,0.46651
CVE-2018-8900,0.00175,0.54761
CVE-2018-8901,0.00042,0.05722
CVE-2018-8902,0.00060,0.23722
CVE-2018-8903,0.00111,0.44222
CVE-2018-8904,0.00042,0.05722
CVE-2018-8905,0.00305,0.66701
CVE-2018-8906,0.00088,0.37136
CVE-2018-8908,0.00185,0.55886
CVE-2018-8909,0.00115,0.45164
CVE-2018-8910,0.00054,0.19461
CVE-2018-8911,0.00054,0.19461
CVE-2018-8912,0.00054,0.19461
CVE-2018-8913,0.00125,0.46851
CVE-2018-8914,0.00074,0.30739
CVE-2018-8915,0.00054,0.19461
CVE-2018-8916,0.00068,0.27986
CVE-2018-8917,0.00054,0.19461
CVE-2018-8918,0.00054,0.19461
CVE-2018-8919,0.00137,0.49108
CVE-2018-8920,0.00096,0.39981
CVE-2018-8921,0.00054,0.19461
CVE-2018-8922,0.00059,0.22814
CVE-2018-8923,0.00054,0.19461
CVE-2018-8924,0.00054,0.19461
CVE-2018-8925,0.00064,0.26394
CVE-2018-8926,0.00065,0.27095
CVE-2018-8927,0.00054,0.19357
CVE-2018-8928,0.00054,0.19461
CVE-2018-8929,0.00106,0.42996
CVE-2018-8930,0.00443,0.72317
CVE-2018-8931,0.00374,0.69973
CVE-2018-8932,0.00374,0.69973
CVE-2018-8933,0.00458,0.72737
CVE-2018-8934,0.00361,0.69477
CVE-2018-8935,0.00361,0.69477
CVE-2018-8936,0.00361,0.69477
CVE-2018-8937,0.00107,0.43032
CVE-2018-8938,0.00068,0.28178
CVE-2018-8939,0.00102,0.41253
CVE-2018-8940,0.00549,0.75122
CVE-2018-8941,0.00236,0.61784
CVE-2018-8942,0.00054,0.19226
CVE-2018-8943,0.00138,0.49278
CVE-2018-8944,0.00195,0.57387
CVE-2018-8945,0.00771,0.79385
CVE-2018-8947,0.06360,0.92987
CVE-2018-8948,0.00079,0.32992
CVE-2018-8949,0.00054,0.19226
CVE-2018-8953,0.00132,0.48296
CVE-2018-8954,0.01552,0.85848
CVE-2018-8955,0.09218,0.94126
CVE-2018-8956,0.01104,0.82971
CVE-2018-8957,0.00088,0.36939
CVE-2018-8960,0.00680,0.77918
CVE-2018-8961,0.00178,0.55085
CVE-2018-8962,0.00178,0.55085
CVE-2018-8963,0.00178,0.55085
CVE-2018-8964,0.00178,0.55085
CVE-2018-8965,0.00232,0.61408
CVE-2018-8966,0.00612,0.76489
CVE-2018-8967,0.00212,0.59184
CVE-2018-8968,0.00232,0.61408
CVE-2018-8969,0.00232,0.61408
CVE-2018-8970,0.00077,0.31906
CVE-2018-8971,0.00205,0.58520
CVE-2018-8972,0.00202,0.58186
CVE-2018-8973,0.00088,0.37136
CVE-2018-8974,0.01843,0.87065
CVE-2018-8975,0.00393,0.70729
CVE-2018-8976,0.00419,0.71562
CVE-2018-8977,0.00338,0.68439
CVE-2018-8978,0.00057,0.21504
CVE-2018-8979,0.00124,0.46775
CVE-2018-8988,0.00042,0.05722
CVE-2018-8989,0.00042,0.05722
CVE-2018-8990,0.00042,0.05722
CVE-2018-8991,0.00042,0.05722
CVE-2018-8992,0.00042,0.05722
CVE-2018-8993,0.00042,0.05722
CVE-2018-8994,0.00042,0.05722
CVE-2018-8995,0.00042,0.05722
CVE-2018-8996,0.00042,0.05722
CVE-2018-8997,0.00042,0.05722
CVE-2018-8998,0.00042,0.05722
CVE-2018-8999,0.00042,0.05722
CVE-2018-9000,0.00042,0.05722
CVE-2018-9001,0.00042,0.05722
CVE-2018-9002,0.00042,0.05722
CVE-2018-9003,0.00042,0.05722
CVE-2018-9004,0.00042,0.05722
CVE-2018-9005,0.00042,0.05722
CVE-2018-9006,0.00042,0.05722
CVE-2018-9007,0.00042,0.05722
CVE-2018-9009,0.00404,0.71088
CVE-2018-9010,0.00964,0.81691
CVE-2018-9014,0.00168,0.53801
CVE-2018-9015,0.00057,0.21504
CVE-2018-9016,0.00088,0.37136
CVE-2018-9017,0.00057,0.21504
CVE-2018-9018,0.00454,0.72650
CVE-2018-9019,0.00085,0.35282
CVE-2018-9020,0.00134,0.48474
CVE-2018-9021,0.00771,0.79386
CVE-2018-9022,0.17011,0.95602
CVE-2018-9023,0.00111,0.44187
CVE-2018-9024,0.00072,0.29720
CVE-2018-9025,0.00139,0.49488
CVE-2018-9026,0.00139,0.49488
CVE-2018-9027,0.00097,0.40155
CVE-2018-9028,0.00124,0.46760
CVE-2018-9029,0.00133,0.48427
CVE-2018-9031,0.00479,0.73341
CVE-2018-9032,0.93612,0.98939
CVE-2018-9034,0.00111,0.44122
CVE-2018-9035,0.01011,0.82132
CVE-2018-9036,0.00054,0.20290
CVE-2018-9037,0.00339,0.68489
CVE-2018-9038,0.00157,0.52169
CVE-2018-9039,0.00066,0.27172
CVE-2018-9040,0.00042,0.05722
CVE-2018-9041,0.00042,0.05722
CVE-2018-9042,0.00042,0.05722
CVE-2018-9043,0.00042,0.05722
CVE-2018-9044,0.00042,0.05722
CVE-2018-9045,0.00042,0.05722
CVE-2018-9046,0.00042,0.05722
CVE-2018-9047,0.00042,0.05722
CVE-2018-9048,0.00042,0.05722
CVE-2018-9049,0.00042,0.05722
CVE-2018-9050,0.00042,0.05722
CVE-2018-9051,0.00042,0.05722
CVE-2018-9052,0.00042,0.05722
CVE-2018-9053,0.00042,0.05722
CVE-2018-9054,0.00042,0.05722
CVE-2018-9055,0.00094,0.39270
CVE-2018-9056,0.00051,0.16912
CVE-2018-9057,0.00432,0.71945
CVE-2018-9058,0.00086,0.35850
CVE-2018-9059,0.68140,0.97693
CVE-2018-9062,0.00073,0.30232
CVE-2018-9063,0.00044,0.10161
CVE-2018-9064,0.00104,0.42231
CVE-2018-9065,0.00104,0.42231
CVE-2018-9066,0.00094,0.39467
CVE-2018-9067,0.00168,0.53801
CVE-2018-9068,0.00156,0.51901
CVE-2018-9069,0.00080,0.33363
CVE-2018-9070,0.00070,0.29068
CVE-2018-9071,0.00089,0.37649
CVE-2018-9072,0.00063,0.25750
CVE-2018-9073,0.00107,0.43043
CVE-2018-9074,0.00063,0.24943
CVE-2018-9075,0.00178,0.55129
CVE-2018-9076,0.00178,0.55129
CVE-2018-9077,0.00178,0.55129
CVE-2018-9078,0.00199,0.57916
CVE-2018-9079,0.00222,0.60556
CVE-2018-9080,0.00082,0.34065
CVE-2018-9081,0.00078,0.32606
CVE-2018-9082,0.00104,0.42231
CVE-2018-9083,0.00222,0.60556
CVE-2018-9084,0.00054,0.20290
CVE-2018-9085,0.00050,0.16818
CVE-2018-9086,0.00115,0.45210
CVE-2018-9090,0.00074,0.30673
CVE-2018-9091,0.00442,0.72302
CVE-2018-9092,0.00185,0.55886
CVE-2018-9101,0.00102,0.41437
CVE-2018-9102,0.00176,0.54794
CVE-2018-9103,0.00102,0.41437
CVE-2018-9104,0.00102,0.41437
CVE-2018-9105,0.00135,0.48790
CVE-2018-9106,0.01857,0.87112
CVE-2018-9107,0.03890,0.91112
CVE-2018-9108,0.00098,0.40370
CVE-2018-9109,0.00434,0.72010
CVE-2018-9110,0.00434,0.72010
CVE-2018-9111,0.00058,0.22585
CVE-2018-9112,0.00659,0.77474
CVE-2018-9113,0.01843,0.87065
CVE-2018-9115,0.02037,0.87802
CVE-2018-9116,0.00411,0.71327
CVE-2018-9117,0.00213,0.59363
CVE-2018-9118,0.07018,0.93328
CVE-2018-9119,0.00118,0.45721
CVE-2018-9120,0.00099,0.40688
CVE-2018-9121,0.00099,0.40688
CVE-2018-9122,0.00099,0.40688
CVE-2018-9123,0.00078,0.32088
CVE-2018-9126,0.96736,0.99595
CVE-2018-9127,0.00150,0.51166
CVE-2018-9128,0.00468,0.73016
CVE-2018-9129,0.00147,0.50658
CVE-2018-9130,0.00084,0.35108
CVE-2018-9132,0.00428,0.71827
CVE-2018-9133,0.00388,0.70525
CVE-2018-9134,0.00123,0.46615
CVE-2018-9135,0.00209,0.58880
CVE-2018-9136,0.00056,0.21204
CVE-2018-9137,0.00335,0.68346
CVE-2018-9138,0.00115,0.45235
CVE-2018-9139,0.00269,0.64498
CVE-2018-9140,0.00097,0.40273
CVE-2018-9141,0.00185,0.55844
CVE-2018-9142,0.00059,0.23012
CVE-2018-9143,0.00228,0.61074
CVE-2018-9144,0.00286,0.65534
CVE-2018-9145,0.00351,0.69016
CVE-2018-9147,0.00089,0.37682
CVE-2018-9148,0.01834,0.87020
CVE-2018-9149,0.00096,0.40045
CVE-2018-9151,0.00044,0.10161
CVE-2018-9153,0.00239,0.62049
CVE-2018-9154,0.00679,0.77900
CVE-2018-9155,0.00105,0.42486
CVE-2018-9156,0.00327,0.67896
CVE-2018-9157,0.00275,0.64877
CVE-2018-9158,0.00162,0.52885
CVE-2018-9159,0.00570,0.75553
CVE-2018-9160,0.53850,0.97343
CVE-2018-9161,0.26342,0.96327
CVE-2018-9162,0.67521,0.97672
CVE-2018-9163,0.87382,0.98404
CVE-2018-9165,0.00091,0.38088
CVE-2018-9169,0.00054,0.20290
CVE-2018-9172,0.00185,0.55842
CVE-2018-9173,0.00094,0.39471
CVE-2018-9174,0.00504,0.74018
CVE-2018-9175,0.00504,0.74018
CVE-2018-9177,0.00087,0.36434
CVE-2018-9182,0.00087,0.36434
CVE-2018-9183,0.00161,0.52685
CVE-2018-9185,0.00655,0.77349
CVE-2018-9186,0.00075,0.30950
CVE-2018-9190,0.00044,0.10161
CVE-2018-9191,0.00042,0.05722
CVE-2018-9192,0.00074,0.30492
CVE-2018-9193,0.00045,0.12206
CVE-2018-9194,0.00074,0.30492
CVE-2018-9195,0.00128,0.47518
CVE-2018-9205,0.02175,0.88273
CVE-2018-9206,0.97003,0.99691
CVE-2018-9207,0.00579,0.75776
CVE-2018-9208,0.00541,0.74943
CVE-2018-9209,0.00541,0.74943
CVE-2018-9230,0.00637,0.76986
CVE-2018-9232,0.00091,0.38161
CVE-2018-9233,0.00153,0.51575
CVE-2018-9234,0.00151,0.51237
CVE-2018-9235,0.00261,0.63897
CVE-2018-9236,0.00116,0.45360
CVE-2018-9237,0.00116,0.45360
CVE-2018-9238,0.00116,0.45318
CVE-2018-9240,0.00203,0.58318
CVE-2018-9242,0.00051,0.17134
CVE-2018-9243,0.00092,0.38799
CVE-2018-9244,0.00092,0.38799
CVE-2018-9245,0.00234,0.61500
CVE-2018-9246,0.00279,0.65128
CVE-2018-9247,0.01201,0.83762
CVE-2018-9248,0.06072,0.92806
CVE-2018-9249,0.00369,0.69797
CVE-2018-9250,0.22839,0.96116
CVE-2018-9251,0.00150,0.51031
CVE-2018-9252,0.00283,0.65391
CVE-2018-9256,0.00291,0.65879
CVE-2018-9257,0.00182,0.55604
CVE-2018-9258,0.00291,0.65879
CVE-2018-9259,0.00291,0.65879
CVE-2018-9260,0.00287,0.65638
CVE-2018-9261,0.00289,0.65790
CVE-2018-9262,0.00291,0.65879
CVE-2018-9263,0.00242,0.62327
CVE-2018-9264,0.00232,0.61417
CVE-2018-9265,0.00232,0.61417
CVE-2018-9266,0.00221,0.60308
CVE-2018-9267,0.00232,0.61417
CVE-2018-9268,0.00242,0.62327
CVE-2018-9269,0.00242,0.62327
CVE-2018-9270,0.00242,0.62327
CVE-2018-9271,0.00221,0.60308
CVE-2018-9272,0.00221,0.60308
CVE-2018-9273,0.00232,0.61417
CVE-2018-9274,0.00261,0.63900
CVE-2018-9275,0.00192,0.56974
CVE-2018-9276,0.65628,0.97631
CVE-2018-9279,0.00065,0.26756
CVE-2018-9280,0.00065,0.26756
CVE-2018-9281,0.00073,0.30112
CVE-2018-9282,0.00087,0.36434
CVE-2018-9283,0.00057,0.21542
CVE-2018-9284,0.01353,0.84789
CVE-2018-9285,0.00940,0.81428
CVE-2018-9302,0.21342,0.96017
CVE-2018-9303,0.00090,0.37888
CVE-2018-9304,0.00159,0.52372
CVE-2018-9305,0.00336,0.68398
CVE-2018-9307,0.00087,0.36434
CVE-2018-9309,0.00212,0.59184
CVE-2018-9310,0.00042,0.05722
CVE-2018-9311,0.01264,0.84232
CVE-2018-9312,0.00085,0.35344
CVE-2018-9313,0.00116,0.45384
CVE-2018-9314,0.00251,0.63137
CVE-2018-9318,0.01264,0.84232
CVE-2018-9320,0.00085,0.35344
CVE-2018-9322,0.00085,0.35344
CVE-2018-9325,0.00168,0.53801
CVE-2018-9326,0.00360,0.69396
CVE-2018-9327,0.00260,0.63808
CVE-2018-9328,0.00087,0.36434
CVE-2018-9330,0.00058,0.22585
CVE-2018-9331,0.00215,0.59573
CVE-2018-9332,0.00044,0.10161
CVE-2018-9333,0.00064,0.26503
CVE-2018-9334,0.00042,0.05722
CVE-2018-9335,0.00077,0.31738
CVE-2018-9336,0.00042,0.05722
CVE-2018-9337,0.00077,0.31738
CVE-2018-9347,0.00085,0.35241
CVE-2018-9355,0.00135,0.48820
CVE-2018-9356,0.00135,0.48820
CVE-2018-9357,0.00042,0.05722
CVE-2018-9358,0.00104,0.42342
CVE-2018-9359,0.00104,0.42342
CVE-2018-9360,0.00104,0.42342
CVE-2018-9361,0.00104,0.42342
CVE-2018-9362,0.00139,0.49377
CVE-2018-9363,0.00179,0.55239
CVE-2018-9385,0.00042,0.05722
CVE-2018-9415,0.00042,0.05722
CVE-2018-9422,0.00042,0.05722
CVE-2018-9425,0.00042,0.05722
CVE-2018-9427,0.00053,0.19090
CVE-2018-9436,0.00104,0.42324
CVE-2018-9437,0.00057,0.21463
CVE-2018-9438,0.00042,0.05722
CVE-2018-9444,0.00056,0.21137
CVE-2018-9445,0.00088,0.36835
CVE-2018-9446,0.00248,0.62820
CVE-2018-9448,0.00104,0.42324
CVE-2018-9450,0.00330,0.68111
CVE-2018-9451,0.00042,0.05722
CVE-2018-9452,0.00270,0.64545
CVE-2018-9453,0.00042,0.05722
CVE-2018-9454,0.00042,0.05722
CVE-2018-9455,0.00126,0.47130
CVE-2018-9457,0.00042,0.05722
CVE-2018-9458,0.00055,0.20326
CVE-2018-9459,0.00250,0.62991
CVE-2018-9465,0.00042,0.05722
CVE-2018-9473,0.00182,0.55565
CVE-2018-9476,0.00787,0.79602
CVE-2018-9488,0.00045,0.12509
CVE-2018-9489,0.00174,0.54640
CVE-2018-9490,0.00256,0.63526
CVE-2018-9491,0.00182,0.55565
CVE-2018-9492,0.00042,0.05722
CVE-2018-9493,0.00042,0.05722
CVE-2018-9496,0.00161,0.52684
CVE-2018-9497,0.00161,0.52684
CVE-2018-9498,0.00159,0.52361
CVE-2018-9499,0.00042,0.05722
CVE-2018-9501,0.00042,0.05722
CVE-2018-9502,0.00513,0.74230
CVE-2018-9503,0.00920,0.81233
CVE-2018-9504,0.00224,0.60793
CVE-2018-9505,0.00147,0.50722
CVE-2018-9506,0.00147,0.50722
CVE-2018-9507,0.00147,0.50722
CVE-2018-9508,0.00169,0.53895
CVE-2018-9509,0.00147,0.50722
CVE-2018-9510,0.00147,0.50722
CVE-2018-9511,0.00042,0.05722
CVE-2018-9513,0.00042,0.05722
CVE-2018-9514,0.00042,0.05722
CVE-2018-9515,0.00076,0.31215
CVE-2018-9516,0.00042,0.05722
CVE-2018-9517,0.00042,0.05722
CVE-2018-9518,0.00042,0.05722
CVE-2018-9519,0.00042,0.05722
CVE-2018-9521,0.00135,0.48698
CVE-2018-9522,0.00042,0.05722
CVE-2018-9523,0.00042,0.05722
CVE-2018-9524,0.00055,0.20326
CVE-2018-9525,0.00042,0.05722
CVE-2018-9526,0.00110,0.43925
CVE-2018-9527,0.00053,0.19090
CVE-2018-9528,0.00105,0.42527
CVE-2018-9529,0.00105,0.42527
CVE-2018-9530,0.00105,0.42527
CVE-2018-9531,0.00053,0.19090
CVE-2018-9532,0.00105,0.42527
CVE-2018-9533,0.00105,0.42527
CVE-2018-9534,0.00105,0.42527
CVE-2018-9535,0.00105,0.42527
CVE-2018-9536,0.00053,0.19090
CVE-2018-9537,0.00135,0.48698
CVE-2018-9538,0.00042,0.05722
CVE-2018-9539,0.00042,0.05722
CVE-2018-9540,0.00104,0.42342
CVE-2018-9541,0.00104,0.42342
CVE-2018-9542,0.00104,0.42342
CVE-2018-9543,0.00042,0.05722
CVE-2018-9544,0.00042,0.05722
CVE-2018-9545,0.00042,0.05722
CVE-2018-9547,0.00042,0.05722
CVE-2018-9548,0.00042,0.05722
CVE-2018-9549,0.00053,0.19090
CVE-2018-9550,0.00053,0.19090
CVE-2018-9551,0.00053,0.19090
CVE-2018-9552,0.00053,0.18876
CVE-2018-9553,0.00053,0.19090
CVE-2018-9554,0.00042,0.05722
CVE-2018-9555,0.00066,0.27455
CVE-2018-9556,0.00135,0.48820
CVE-2018-9557,0.00042,0.05722
CVE-2018-9558,0.00042,0.05722
CVE-2018-9559,0.00042,0.05722
CVE-2018-9560,0.00042,0.05722
CVE-2018-9561,0.00099,0.40612
CVE-2018-9562,0.00104,0.42342
CVE-2018-9563,0.00099,0.40612
CVE-2018-9564,0.00099,0.40612
CVE-2018-9565,0.00104,0.42342
CVE-2018-9566,0.00064,0.26325
CVE-2018-9567,0.00042,0.05722
CVE-2018-9568,0.00044,0.08000
CVE-2018-9569,0.00105,0.42527
CVE-2018-9570,0.00053,0.18265
CVE-2018-9571,0.00105,0.42527
CVE-2018-9572,0.00105,0.42527
CVE-2018-9573,0.00053,0.18265
CVE-2018-9574,0.00053,0.18265
CVE-2018-9575,0.00053,0.18265
CVE-2018-9576,0.00053,0.18265
CVE-2018-9577,0.00053,0.18265
CVE-2018-9578,0.00102,0.41560
CVE-2018-9580,0.00106,0.42770
CVE-2018-9581,0.00042,0.05722
CVE-2018-9582,0.00042,0.05722
CVE-2018-9583,0.00136,0.48884
CVE-2018-9584,0.00042,0.05722
CVE-2018-9585,0.00042,0.05722
CVE-2018-9586,0.00042,0.05722
CVE-2018-9587,0.00042,0.05722
CVE-2018-9588,0.00063,0.25203
CVE-2018-9589,0.00042,0.05722
CVE-2018-9590,0.00104,0.42385
CVE-2018-9591,0.00104,0.42385
CVE-2018-9592,0.00104,0.42385
CVE-2018-9593,0.00058,0.21994
CVE-2018-9594,0.00059,0.22855
CVE-2018-9838,0.01115,0.83056
CVE-2018-9839,0.00061,0.23763
CVE-2018-9840,0.00147,0.50716
CVE-2018-9841,0.00277,0.64944
CVE-2018-9842,0.14092,0.95204
CVE-2018-9843,0.85944,0.98323
CVE-2018-9844,0.00139,0.49380
CVE-2018-9845,0.01393,0.85041
CVE-2018-9846,0.40803,0.96953
CVE-2018-9847,0.01482,0.85477
CVE-2018-9848,0.01482,0.85477
CVE-2018-9849,0.00072,0.29610
CVE-2018-9850,0.00215,0.59573
CVE-2018-9851,0.02124,0.88081
CVE-2018-9852,0.01201,0.83762
CVE-2018-9853,0.00263,0.64030
CVE-2018-9856,0.00112,0.44586
CVE-2018-9857,0.00116,0.45318
CVE-2018-9859,0.00222,0.60556
CVE-2018-9860,0.00098,0.40310
CVE-2018-9861,0.00209,0.58913
CVE-2018-9862,0.00044,0.10161
CVE-2018-9864,0.00169,0.53940
CVE-2018-9866,0.50470,0.97250
CVE-2018-9867,0.00044,0.10161
CVE-2018-9918,0.00354,0.69150
CVE-2018-9919,0.00686,0.78024
CVE-2018-9920,0.00068,0.28159
CVE-2018-9921,0.00096,0.39991
CVE-2018-9922,0.00126,0.47113
CVE-2018-9923,0.00112,0.44586
CVE-2018-9924,0.00212,0.59184
CVE-2018-9925,0.00058,0.22585
CVE-2018-9926,0.00464,0.72870
CVE-2018-9927,0.00406,0.71145
CVE-2018-9928,0.00115,0.45113
CVE-2018-9934,0.02255,0.88502
CVE-2018-9935,0.01175,0.83569
CVE-2018-9936,0.00554,0.75229
CVE-2018-9937,0.00554,0.75229
CVE-2018-9938,0.00666,0.77644
CVE-2018-9939,0.00666,0.77644
CVE-2018-9940,0.00666,0.77644
CVE-2018-9941,0.00666,0.77644
CVE-2018-9942,0.00666,0.77644
CVE-2018-9943,0.00666,0.77644
CVE-2018-9944,0.01175,0.83569
CVE-2018-9945,0.01175,0.83569
CVE-2018-9946,0.00698,0.78229
CVE-2018-9947,0.00643,0.77108
CVE-2018-9948,0.76474,0.97939
CVE-2018-9949,0.00643,0.77108
CVE-2018-9950,0.00392,0.70703
CVE-2018-9951,0.01175,0.83569
CVE-2018-9952,0.01175,0.83569
CVE-2018-9953,0.01175,0.83569
CVE-2018-9954,0.01175,0.83569
CVE-2018-9955,0.01175,0.83569
CVE-2018-9956,0.01175,0.83569
CVE-2018-9957,0.00978,0.81831
CVE-2018-9958,0.87244,0.98397
CVE-2018-9959,0.00978,0.81831
CVE-2018-9960,0.00978,0.81831
CVE-2018-9961,0.00978,0.81831
CVE-2018-9962,0.00978,0.81831
CVE-2018-9963,0.00392,0.70703
CVE-2018-9964,0.00978,0.81831
CVE-2018-9965,0.01175,0.83569
CVE-2018-9966,0.01175,0.83569
CVE-2018-9967,0.01175,0.83569
CVE-2018-9968,0.01175,0.83569
CVE-2018-9969,0.01175,0.83569
CVE-2018-9970,0.01175,0.83569
CVE-2018-9971,0.01127,0.83163
CVE-2018-9972,0.00541,0.74957
CVE-2018-9973,0.00392,0.70703
CVE-2018-9974,0.00773,0.79425
CVE-2018-9975,0.01175,0.83569
CVE-2018-9976,0.00392,0.70703
CVE-2018-9977,0.00978,0.81831
CVE-2018-9978,0.00392,0.70703
CVE-2018-9979,0.00392,0.70703
CVE-2018-9980,0.00392,0.70703
CVE-2018-9981,0.00785,0.79587
CVE-2018-9982,0.00643,0.77108
CVE-2018-9983,0.00392,0.70703
CVE-2018-9984,0.00392,0.70703
CVE-2018-9985,0.00087,0.36434
CVE-2018-9986,0.00078,0.32606
CVE-2018-9987,0.00078,0.32606
CVE-2018-9988,0.00376,0.70033
CVE-2018-9989,0.00376,0.70033
CVE-2018-9990,0.00078,0.32606
CVE-2018-9991,0.00058,0.22585
CVE-2018-9992,0.00058,0.22585
CVE-2018-9993,0.00058,0.22585
CVE-2018-9995,0.90006,0.98575
CVE-2018-9996,0.00048,0.14647
CVE-2018-9997,0.00106,0.42972
CVE-2018-9998,0.00098,0.40490
CVE-2018-9999,0.00054,0.20290
CVE-2019-0001,0.03092,0.90085
CVE-2019-0002,0.01198,0.83732
CVE-2019-0003,0.00112,0.44478
CVE-2019-0004,0.00042,0.05722
CVE-2019-0005,0.00087,0.36033
CVE-2019-0006,0.02636,0.89336
CVE-2019-0007,0.00230,0.61260
CVE-2019-0008,0.04982,0.92089
CVE-2019-0009,0.00044,0.10161
CVE-2019-0010,0.00225,0.60862
CVE-2019-0011,0.00066,0.27274
CVE-2019-0012,0.00112,0.44478
CVE-2019-0013,0.00112,0.44478
CVE-2019-0014,0.00112,0.44478
CVE-2019-0015,0.00054,0.19451
CVE-2019-0016,0.00054,0.20290
CVE-2019-0017,0.00104,0.42231
CVE-2019-0018,0.00054,0.20290
CVE-2019-0019,0.00145,0.50409
CVE-2019-0020,0.00222,0.60556
CVE-2019-0021,0.00042,0.05722
CVE-2019-0022,0.00222,0.60556
CVE-2019-0023,0.00054,0.20290
CVE-2019-0024,0.00054,0.20290
CVE-2019-0025,0.00054,0.20290
CVE-2019-0026,0.00054,0.20290
CVE-2019-0027,0.00054,0.20290
CVE-2019-0028,0.00145,0.50409
CVE-2019-0029,0.00042,0.05722
CVE-2019-0030,0.00104,0.42231
CVE-2019-0031,0.00112,0.44478
CVE-2019-0032,0.00044,0.10161
CVE-2019-0033,0.00116,0.45451
CVE-2019-0035,0.00069,0.28525
CVE-2019-0036,0.00222,0.60556
CVE-2019-0037,0.00145,0.50409
CVE-2019-0038,0.00064,0.26175
CVE-2019-0039,0.00230,0.61260
CVE-2019-0040,0.00205,0.58466
CVE-2019-0041,0.00103,0.41969
CVE-2019-0042,0.00058,0.22795
CVE-2019-0043,0.00103,0.41969
CVE-2019-0044,0.00145,0.50409
CVE-2019-0046,0.00064,0.26175
CVE-2019-0047,0.00490,0.73633
CVE-2019-0048,0.00084,0.34791
CVE-2019-0049,0.00103,0.41969
CVE-2019-0050,0.00103,0.41969
CVE-2019-0051,0.00103,0.41969
CVE-2019-0052,0.00112,0.44478
CVE-2019-0053,0.00267,0.64323
CVE-2019-0054,0.00087,0.36006
CVE-2019-0055,0.00116,0.45451
CVE-2019-0056,0.00103,0.41969
CVE-2019-0057,0.00042,0.05722
CVE-2019-0058,0.00042,0.05722
CVE-2019-0059,0.00103,0.41969
CVE-2019-0060,0.00116,0.45451
CVE-2019-0061,0.00042,0.05722
CVE-2019-0062,0.00199,0.57916
CVE-2019-0063,0.00103,0.41969
CVE-2019-0064,0.00103,0.41969
CVE-2019-0065,0.00103,0.41969
CVE-2019-0066,0.00116,0.45451
CVE-2019-0067,0.00058,0.22795
CVE-2019-0068,0.00103,0.41969
CVE-2019-0069,0.00044,0.10161
CVE-2019-0070,0.00042,0.05722
CVE-2019-0071,0.00044,0.10161
CVE-2019-0072,0.00042,0.05722
CVE-2019-0073,0.00044,0.10161
CVE-2019-0074,0.00044,0.07794
CVE-2019-0075,0.00103,0.41969
CVE-2019-0086,0.00044,0.10161
CVE-2019-0088,0.00044,0.10161
CVE-2019-0089,0.00044,0.10161
CVE-2019-0090,0.00077,0.32045
CVE-2019-0091,0.00044,0.10161
CVE-2019-0092,0.00077,0.32045
CVE-2019-0093,0.00044,0.10161
CVE-2019-0094,0.00070,0.29079
CVE-2019-0096,0.00044,0.10161
CVE-2019-0097,0.00088,0.37078
CVE-2019-0098,0.00074,0.30645
CVE-2019-0099,0.00077,0.32045
CVE-2019-0101,0.00244,0.62506
CVE-2019-0102,0.00152,0.51484
CVE-2019-0103,0.00047,0.14025
CVE-2019-0104,0.00047,0.14025
CVE-2019-0105,0.00044,0.10713
CVE-2019-0106,0.00044,0.10713
CVE-2019-0107,0.00044,0.10713
CVE-2019-0108,0.00047,0.14025
CVE-2019-0109,0.00044,0.10713
CVE-2019-0110,0.00047,0.14025
CVE-2019-0111,0.00047,0.14025
CVE-2019-0112,0.00045,0.11971
CVE-2019-0113,0.00044,0.10161
CVE-2019-0114,0.00044,0.10161
CVE-2019-0115,0.00044,0.10161
CVE-2019-0116,0.00044,0.10161
CVE-2019-0117,0.00044,0.10161
CVE-2019-0119,0.00044,0.10161
CVE-2019-0120,0.00044,0.10161
CVE-2019-0121,0.00044,0.10161
CVE-2019-0122,0.00044,0.10161
CVE-2019-0123,0.00044,0.10161
CVE-2019-0124,0.00044,0.10161
CVE-2019-0126,0.00044,0.10161
CVE-2019-0127,0.00042,0.05722
CVE-2019-0128,0.00044,0.10161
CVE-2019-0129,0.00044,0.10161
CVE-2019-0130,0.00201,0.58095
CVE-2019-0131,0.00070,0.29068
CVE-2019-0132,0.00311,0.67054
CVE-2019-0134,0.00044,0.10161
CVE-2019-0135,0.00044,0.10161
CVE-2019-0136,0.00122,0.46517
CVE-2019-0138,0.00044,0.10161
CVE-2019-0139,0.00044,0.10161
CVE-2019-0140,0.00079,0.33022
CVE-2019-0142,0.00044,0.10161
CVE-2019-0143,0.00044,0.10161
CVE-2019-0144,0.00044,0.10161
CVE-2019-0145,0.00044,0.10161
CVE-2019-0146,0.00044,0.10161
CVE-2019-0147,0.00044,0.10161
CVE-2019-0148,0.00044,0.10161
CVE-2019-0149,0.00044,0.10161
CVE-2019-0150,0.00044,0.10161
CVE-2019-0151,0.00042,0.05722
CVE-2019-0152,0.00042,0.05722
CVE-2019-0153,0.00244,0.62506
CVE-2019-0154,0.00045,0.11966
CVE-2019-0155,0.00045,0.11966
CVE-2019-0157,0.00044,0.10374
CVE-2019-0158,0.00044,0.10161
CVE-2019-0159,0.00044,0.10161
CVE-2019-0160,0.00355,0.69196
CVE-2019-0161,0.00060,0.23520
CVE-2019-0162,0.00044,0.10161
CVE-2019-0163,0.00044,0.10161
CVE-2019-0164,0.00044,0.10161
CVE-2019-0165,0.00044,0.10161
CVE-2019-0166,0.00168,0.53801
CVE-2019-0168,0.00044,0.10161
CVE-2019-0169,0.00077,0.32045
CVE-2019-0170,0.00044,0.10161
CVE-2019-0171,0.00044,0.10161
CVE-2019-0172,0.00948,0.81516
CVE-2019-0173,0.00097,0.40175
CVE-2019-0174,0.00047,0.14180
CVE-2019-0175,0.00044,0.10161
CVE-2019-0177,0.00044,0.10161
CVE-2019-0178,0.00044,0.10161
CVE-2019-0179,0.00044,0.10161
CVE-2019-0180,0.00044,0.10161
CVE-2019-0181,0.00044,0.10161
CVE-2019-0182,0.00044,0.10161
CVE-2019-0183,0.00044,0.10161
CVE-2019-0184,0.00044,0.10161
CVE-2019-0185,0.00044,0.10161
CVE-2019-0186,0.08543,0.93879
CVE-2019-0187,0.00375,0.70015
CVE-2019-0188,0.00522,0.74459
CVE-2019-0189,0.01319,0.84583
CVE-2019-0190,0.01180,0.83609
CVE-2019-0191,0.00096,0.39941
CVE-2019-0192,0.95998,0.99361
CVE-2019-0193,0.94797,0.99115
CVE-2019-0194,0.30726,0.96561
CVE-2019-0195,0.01373,0.84928
CVE-2019-0196,0.00598,0.76157
CVE-2019-0197,0.00315,0.67243
CVE-2019-0199,0.71539,0.97803
CVE-2019-0200,0.00070,0.28978
CVE-2019-0201,0.00088,0.37151
CVE-2019-0202,0.00068,0.28324
CVE-2019-0203,0.00126,0.47126
CVE-2019-0204,0.00199,0.57872
CVE-2019-0205,0.00542,0.74969
CVE-2019-0207,0.00222,0.60608
CVE-2019-0210,0.00289,0.65755
CVE-2019-0211,0.97371,0.99893
CVE-2019-0212,0.00267,0.64317
CVE-2019-0213,0.00334,0.68295
CVE-2019-0214,0.00393,0.70755
CVE-2019-0215,0.00228,0.61079
CVE-2019-0216,0.00112,0.44466
CVE-2019-0217,0.00194,0.57321
CVE-2019-0218,0.00437,0.72157
CVE-2019-0219,0.00499,0.73845
CVE-2019-0220,0.00510,0.74175
CVE-2019-0221,0.00915,0.81161
CVE-2019-0222,0.00610,0.76432
CVE-2019-0223,0.00132,0.48238
CVE-2019-0224,0.00310,0.67011
CVE-2019-0225,0.79950,0.98049
CVE-2019-0226,0.00076,0.31400
CVE-2019-0227,0.89096,0.98512
CVE-2019-0228,0.00770,0.79371
CVE-2019-0229,0.00083,0.34464
CVE-2019-0230,0.94817,0.99119
CVE-2019-0231,0.00068,0.28364
CVE-2019-0232,0.97389,0.99908
CVE-2019-0233,0.13219,0.95071
CVE-2019-0234,0.00200,0.57974
CVE-2019-0235,0.01016,0.82177
CVE-2019-0238,0.00134,0.48507
CVE-2019-0240,0.00443,0.72322
CVE-2019-0241,0.00443,0.72322
CVE-2019-0243,0.00262,0.64000
CVE-2019-0244,0.00061,0.24124
CVE-2019-0245,0.00061,0.24124
CVE-2019-0246,0.01295,0.84442
CVE-2019-0247,0.00628,0.76809
CVE-2019-0248,0.00289,0.65724
CVE-2019-0249,0.00410,0.71264
CVE-2019-0251,0.00135,0.48677
CVE-2019-0254,0.00068,0.28093
CVE-2019-0255,0.00096,0.40031
CVE-2019-0256,0.00047,0.13943
CVE-2019-0257,0.00288,0.65704
CVE-2019-0258,0.00175,0.54687
CVE-2019-0259,0.00439,0.72192
CVE-2019-0261,0.01080,0.82779
CVE-2019-0262,0.00068,0.28093
CVE-2019-0265,0.01304,0.84502
CVE-2019-0266,0.00264,0.64136
CVE-2019-0267,0.00199,0.57828
CVE-2019-0268,0.00218,0.59836
CVE-2019-0269,0.00064,0.26157
CVE-2019-0270,0.00242,0.62323
CVE-2019-0271,0.00441,0.72269
CVE-2019-0274,0.00236,0.61737
CVE-2019-0275,0.00064,0.26157
CVE-2019-0276,0.00229,0.61174
CVE-2019-0277,0.00229,0.61174
CVE-2019-0278,0.00054,0.20290
CVE-2019-0279,0.00104,0.42231
CVE-2019-0280,0.00104,0.42231
CVE-2019-0281,0.00139,0.49418
CVE-2019-0282,0.00089,0.37201
CVE-2019-0283,0.00054,0.20290
CVE-2019-0284,0.00044,0.10456
CVE-2019-0285,0.07138,0.93376
CVE-2019-0287,0.00450,0.72509
CVE-2019-0289,0.00166,0.53294
CVE-2019-0291,0.00047,0.13943
CVE-2019-0293,0.00100,0.40978
CVE-2019-0298,0.00139,0.49418
CVE-2019-0301,0.00104,0.42231
CVE-2019-0303,0.00084,0.35108
CVE-2019-0304,0.00244,0.62506
CVE-2019-0305,0.00084,0.35108
CVE-2019-0306,0.00054,0.20290
CVE-2019-0307,0.00309,0.66980
CVE-2019-0308,0.00054,0.20290
CVE-2019-0311,0.00084,0.35108
CVE-2019-0312,0.00090,0.37972
CVE-2019-0314,0.00061,0.24231
CVE-2019-0315,0.00178,0.55045
CVE-2019-0316,0.00054,0.20290
CVE-2019-0318,0.00095,0.39639
CVE-2019-0319,0.17569,0.95681
CVE-2019-0321,0.00139,0.49418
CVE-2019-0322,0.00324,0.67772
CVE-2019-0325,0.00067,0.27770
CVE-2019-0326,0.00139,0.49418
CVE-2019-0327,0.00310,0.66996
CVE-2019-0328,0.00599,0.76191
CVE-2019-0329,0.00139,0.49418
CVE-2019-0330,0.00261,0.63889
CVE-2019-0331,0.00090,0.37972
CVE-2019-0332,0.00084,0.35108
CVE-2019-0333,0.00065,0.26756
CVE-2019-0334,0.00054,0.20290
CVE-2019-0335,0.00084,0.35108
CVE-2019-0337,0.00084,0.35108
CVE-2019-0338,0.00090,0.37972
CVE-2019-0340,0.00054,0.20290
CVE-2019-0341,0.00104,0.42231
CVE-2019-0343,0.00090,0.38030
CVE-2019-0344,0.00287,0.65632
CVE-2019-0345,0.00727,0.78714
CVE-2019-0346,0.00065,0.26756
CVE-2019-0348,0.00065,0.26756
CVE-2019-0349,0.00104,0.42231
CVE-2019-0350,0.00116,0.45451
CVE-2019-0351,0.00932,0.81353
CVE-2019-0352,0.00178,0.55045
CVE-2019-0353,0.00044,0.10161
CVE-2019-0355,0.00102,0.41370
CVE-2019-0356,0.00054,0.20290
CVE-2019-0357,0.00044,0.10161
CVE-2019-0361,0.00084,0.35108
CVE-2019-0363,0.00081,0.33872
CVE-2019-0364,0.00054,0.20290
CVE-2019-0365,0.00116,0.45451
CVE-2019-0367,0.00054,0.20290
CVE-2019-0368,0.00054,0.20290
CVE-2019-0369,0.00054,0.20290
CVE-2019-0370,0.00079,0.33048
CVE-2019-0374,0.00054,0.19275
CVE-2019-0375,0.00054,0.19275
CVE-2019-0376,0.00054,0.20290
CVE-2019-0377,0.00054,0.20290
CVE-2019-0378,0.00054,0.20290
CVE-2019-0379,0.00090,0.37972
CVE-2019-0380,0.00065,0.26756
CVE-2019-0381,0.00044,0.10161
CVE-2019-0382,0.00054,0.20290
CVE-2019-0383,0.00104,0.42231
CVE-2019-0384,0.00104,0.42231
CVE-2019-0385,0.00072,0.29893
CVE-2019-0386,0.00072,0.29893
CVE-2019-0388,0.00090,0.37972
CVE-2019-0389,0.00104,0.42231
CVE-2019-0390,0.00054,0.20290
CVE-2019-0391,0.00054,0.20290
CVE-2019-0393,0.00054,0.20290
CVE-2019-0395,0.00054,0.19275
CVE-2019-0396,0.00085,0.35257
CVE-2019-0398,0.00071,0.29353
CVE-2019-0399,0.00065,0.26756
CVE-2019-0402,0.00044,0.10161
CVE-2019-0403,0.00400,0.70973
CVE-2019-0404,0.00178,0.55045
CVE-2019-0405,0.00178,0.55045
CVE-2019-0536,0.00046,0.13748
CVE-2019-0537,0.00333,0.68253
CVE-2019-0538,0.01315,0.84572
CVE-2019-0539,0.96516,0.99513
CVE-2019-0540,0.27520,0.96392
CVE-2019-0541,0.97303,0.99852
CVE-2019-0542,0.02708,0.89478
CVE-2019-0543,0.00225,0.60801
CVE-2019-0545,0.01784,0.86782
CVE-2019-0546,0.01406,0.85102
CVE-2019-0547,0.95765,0.99313
CVE-2019-0548,0.00288,0.65717
CVE-2019-0549,0.00046,0.13748
CVE-2019-0550,0.00637,0.76986
CVE-2019-0551,0.00637,0.76986
CVE-2019-0552,0.00130,0.47859
CVE-2019-0553,0.00046,0.13748
CVE-2019-0554,0.00046,0.13748
CVE-2019-0555,0.00158,0.52305
CVE-2019-0556,0.00067,0.27849
CVE-2019-0557,0.00067,0.27849
CVE-2019-0558,0.00067,0.27849
CVE-2019-0559,0.01426,0.85195
CVE-2019-0560,0.06436,0.93026
CVE-2019-0561,0.06436,0.93026
CVE-2019-0562,0.00051,0.17465
CVE-2019-0564,0.00288,0.65717
CVE-2019-0565,0.00983,0.81878
CVE-2019-0566,0.11690,0.94804
CVE-2019-0567,0.94379,0.99051
CVE-2019-0568,0.96729,0.99592
CVE-2019-0569,0.00046,0.13748
CVE-2019-0570,0.00144,0.50246
CVE-2019-0571,0.00221,0.60289
CVE-2019-0572,0.00221,0.60289
CVE-2019-0573,0.00221,0.60289
CVE-2019-0574,0.00221,0.60289
CVE-2019-0575,0.01763,0.86709
CVE-2019-0576,0.01315,0.84572
CVE-2019-0577,0.01763,0.86709
CVE-2019-0578,0.01315,0.84572
CVE-2019-0579,0.01315,0.84572
CVE-2019-0580,0.01763,0.86709
CVE-2019-0581,0.01763,0.86709
CVE-2019-0582,0.01763,0.86709
CVE-2019-0583,0.01763,0.86709
CVE-2019-0584,0.01763,0.86709
CVE-2019-0585,0.18649,0.95795
CVE-2019-0586,0.19403,0.95869
CVE-2019-0588,0.00136,0.48942
CVE-2019-0590,0.00983,0.81878
CVE-2019-0591,0.00983,0.81878
CVE-2019-0592,0.02130,0.88143
CVE-2019-0593,0.05972,0.92763
CVE-2019-0594,0.06811,0.93234
CVE-2019-0595,0.07447,0.93484
CVE-2019-0596,0.02204,0.88351
CVE-2019-0597,0.02204,0.88351
CVE-2019-0598,0.02204,0.88351
CVE-2019-0599,0.02204,0.88351
CVE-2019-0600,0.00117,0.45630
CVE-2019-0601,0.00117,0.45630
CVE-2019-0602,0.18371,0.95752
CVE-2019-0603,0.27511,0.96392
CVE-2019-0604,0.97054,0.99716
CVE-2019-0605,0.00983,0.81878
CVE-2019-0606,0.00983,0.81878
CVE-2019-0607,0.00983,0.81878
CVE-2019-0608,0.00102,0.41501
CVE-2019-0609,0.01441,0.85283
CVE-2019-0610,0.00983,0.81878
CVE-2019-0611,0.02130,0.88143
CVE-2019-0612,0.00248,0.62844
CVE-2019-0613,0.02830,0.89694
CVE-2019-0614,0.20702,0.95972
CVE-2019-0615,0.18371,0.95752
CVE-2019-0616,0.18371,0.95752
CVE-2019-0617,0.01356,0.84838
CVE-2019-0618,0.29663,0.96512
CVE-2019-0619,0.18371,0.95752
CVE-2019-0620,0.00137,0.49116
CVE-2019-0621,0.00046,0.13748
CVE-2019-0622,0.00071,0.29431
CVE-2019-0623,0.00058,0.21568
CVE-2019-0624,0.00053,0.18650
CVE-2019-0625,0.02204,0.88351
CVE-2019-0626,0.94263,0.99025
CVE-2019-0627,0.00054,0.19331
CVE-2019-0628,0.00046,0.13748
CVE-2019-0630,0.81123,0.98085
CVE-2019-0631,0.00054,0.19331
CVE-2019-0632,0.00054,0.19331
CVE-2019-0633,0.81123,0.98085
CVE-2019-0634,0.00983,0.81878
CVE-2019-0635,0.00046,0.13748
CVE-2019-0636,0.00046,0.13748
CVE-2019-0637,0.00134,0.48530
CVE-2019-0639,0.01684,0.86412
CVE-2019-0640,0.00983,0.81878
CVE-2019-0641,0.00106,0.42866
CVE-2019-0642,0.00983,0.81878
CVE-2019-0643,0.00436,0.72127
CVE-2019-0644,0.00983,0.81878
CVE-2019-0645,0.00983,0.81878
CVE-2019-0646,0.00054,0.19349
CVE-2019-0647,0.00531,0.74677
CVE-2019-0648,0.00436,0.72127
CVE-2019-0649,0.00247,0.62783
CVE-2019-0650,0.00983,0.81878
CVE-2019-0651,0.00983,0.81878
CVE-2019-0652,0.00983,0.81878
CVE-2019-0654,0.00127,0.47288
CVE-2019-0655,0.00983,0.81878
CVE-2019-0656,0.00049,0.15817
CVE-2019-0657,0.00346,0.68798
CVE-2019-0658,0.01426,0.85195
CVE-2019-0659,0.00049,0.15817
CVE-2019-0660,0.01426,0.85195
CVE-2019-0661,0.00046,0.13748
CVE-2019-0662,0.08052,0.93721
CVE-2019-0663,0.00046,0.12655
CVE-2019-0664,0.01426,0.85195
CVE-2019-0665,0.04103,0.91329
CVE-2019-0666,0.01996,0.87659
CVE-2019-0667,0.22080,0.96062
CVE-2019-0668,0.00099,0.40664
CVE-2019-0669,0.01753,0.86681
CVE-2019-0670,0.00126,0.47173
CVE-2019-0671,0.02370,0.88780
CVE-2019-0672,0.02370,0.88780
CVE-2019-0673,0.02370,0.88780
CVE-2019-0674,0.02370,0.88780
CVE-2019-0675,0.03963,0.91173
CVE-2019-0676,0.01989,0.87633
CVE-2019-0678,0.00130,0.47762
CVE-2019-0680,0.02130,0.88143
CVE-2019-0682,0.00043,0.07315
CVE-2019-0683,0.00132,0.48231
CVE-2019-0685,0.00043,0.07315
CVE-2019-0686,0.00159,0.52374
CVE-2019-0688,0.00501,0.73882
CVE-2019-0689,0.00043,0.07315
CVE-2019-0690,0.00043,0.07315
CVE-2019-0692,0.00043,0.07315
CVE-2019-0693,0.00043,0.07315
CVE-2019-0694,0.00043,0.07315
CVE-2019-0695,0.00043,0.07315
CVE-2019-0696,0.00043,0.07315
CVE-2019-0697,0.90175,0.98584
CVE-2019-0698,0.90175,0.98584
CVE-2019-0701,0.00043,0.07315
CVE-2019-0702,0.00043,0.07315
CVE-2019-0703,0.00207,0.58713
CVE-2019-0704,0.01041,0.82422
CVE-2019-0707,0.00043,0.07315
CVE-2019-0708,0.97512,0.99983
CVE-2019-0709,0.00137,0.49116
CVE-2019-0710,0.00043,0.07315
CVE-2019-0711,0.00043,0.07315
CVE-2019-0712,0.00117,0.45481
CVE-2019-0713,0.00043,0.07315
CVE-2019-0714,0.00043,0.07315
CVE-2019-0715,0.00043,0.07315
CVE-2019-0716,0.00203,0.58268
CVE-2019-0717,0.00043,0.07315
CVE-2019-0718,0.00043,0.07315
CVE-2019-0719,0.00971,0.81764
CVE-2019-0720,0.00137,0.49116
CVE-2019-0721,0.00971,0.81764
CVE-2019-0722,0.00851,0.80442
CVE-2019-0723,0.00043,0.07315
CVE-2019-0724,0.06691,0.93171
CVE-2019-0725,0.06082,0.92812
CVE-2019-0726,0.95329,0.99216
CVE-2019-0727,0.00043,0.07315
CVE-2019-0728,0.02938,0.89850
CVE-2019-0729,0.00280,0.65151
CVE-2019-0730,0.00137,0.49050
CVE-2019-0731,0.00137,0.49050
CVE-2019-0732,0.00144,0.50189
CVE-2019-0733,0.00043,0.07315
CVE-2019-0734,0.00187,0.56171
CVE-2019-0735,0.00137,0.49050
CVE-2019-0736,0.90175,0.98584
CVE-2019-0739,0.00983,0.81878
CVE-2019-0741,0.00453,0.72598
CVE-2019-0742,0.00054,0.19250
CVE-2019-0743,0.00054,0.19250
CVE-2019-0746,0.20702,0.95972
CVE-2019-0748,0.01492,0.85532
CVE-2019-0752,0.95496,0.99254
CVE-2019-0753,0.02130,0.88143
CVE-2019-0754,0.00043,0.07315
CVE-2019-0755,0.00047,0.13913
CVE-2019-0756,0.04456,0.91630
CVE-2019-0757,0.00064,0.26271
CVE-2019-0758,0.20702,0.95972
CVE-2019-0759,0.00043,0.07315
CVE-2019-0761,0.00174,0.54580
CVE-2019-0762,0.00130,0.47821
CVE-2019-0763,0.02130,0.88143
CVE-2019-0764,0.00125,0.46901
CVE-2019-0765,0.03567,0.90727
CVE-2019-0766,0.00043,0.07315
CVE-2019-0767,0.00043,0.07315
CVE-2019-0768,0.97163,0.99769
CVE-2019-0769,0.02130,0.88143
CVE-2019-0770,0.02130,0.88143
CVE-2019-0771,0.02130,0.88143
CVE-2019-0772,0.03567,0.90727
CVE-2019-0773,0.02130,0.88143
CVE-2019-0774,0.20702,0.95972
CVE-2019-0775,0.00043,0.07315
CVE-2019-0776,0.00043,0.07315
CVE-2019-0777,0.00054,0.19349
CVE-2019-0778,0.00068,0.27963
CVE-2019-0779,0.02130,0.88143
CVE-2019-0780,0.01441,0.85283
CVE-2019-0782,0.00043,0.07315
CVE-2019-0783,0.02130,0.88143
CVE-2019-0784,0.04103,0.91329
CVE-2019-0785,0.06082,0.92812
CVE-2019-0786,0.00749,0.79044
CVE-2019-0787,0.04662,0.91823
CVE-2019-0788,0.04662,0.91823
CVE-2019-0790,0.03103,0.90098
CVE-2019-0791,0.03103,0.90098
CVE-2019-0792,0.03103,0.90098
CVE-2019-0793,0.03103,0.90098
CVE-2019-0794,0.04662,0.91823
CVE-2019-0795,0.03103,0.90098
CVE-2019-0796,0.00082,0.34098
CVE-2019-0797,0.00042,0.05772
CVE-2019-0798,0.00143,0.50085
CVE-2019-0801,0.02476,0.89017
CVE-2019-0802,0.11195,0.94689
CVE-2019-0803,0.00527,0.74600
CVE-2019-0804,0.00268,0.64399
CVE-2019-0805,0.00137,0.49050
CVE-2019-0806,0.02130,0.88143
CVE-2019-0808,0.00051,0.17452
CVE-2019-0809,0.01952,0.87501
CVE-2019-0810,0.04306,0.91506
CVE-2019-0811,0.00193,0.57187
CVE-2019-0812,0.02130,0.88143
CVE-2019-0813,0.00457,0.72715
CVE-2019-0814,0.00043,0.07315
CVE-2019-0815,0.00126,0.47199
CVE-2019-0816,0.00057,0.21295
CVE-2019-0817,0.00102,0.41501
CVE-2019-0819,0.00258,0.63657
CVE-2019-0820,0.00159,0.52430
CVE-2019-0821,0.01041,0.82422
CVE-2019-0822,0.01492,0.85532
CVE-2019-0823,0.01492,0.85532
CVE-2019-0824,0.01492,0.85532
CVE-2019-0825,0.01492,0.85532
CVE-2019-0826,0.01492,0.85532
CVE-2019-0827,0.01492,0.85532
CVE-2019-0828,0.01492,0.85532
CVE-2019-0829,0.02130,0.88143
CVE-2019-0830,0.00068,0.27963
CVE-2019-0831,0.00068,0.27963
CVE-2019-0833,0.01426,0.85195
CVE-2019-0835,0.11195,0.94689
CVE-2019-0836,0.00137,0.49050
CVE-2019-0837,0.00043,0.07315
CVE-2019-0838,0.00043,0.07315
CVE-2019-0839,0.00043,0.07315
CVE-2019-0840,0.00043,0.07315
CVE-2019-0841,0.86855,0.98380
CVE-2019-0842,0.04083,0.91307
CVE-2019-0844,0.00043,0.07315
CVE-2019-0845,0.03775,0.90990
CVE-2019-0846,0.01492,0.85532
CVE-2019-0847,0.01492,0.85532
CVE-2019-0848,0.00043,0.07315
CVE-2019-0849,0.11195,0.94689
CVE-2019-0851,0.01492,0.85532
CVE-2019-0853,0.14371,0.95248
CVE-2019-0856,0.02204,0.88353
CVE-2019-0857,0.00187,0.56165
CVE-2019-0858,0.00102,0.41501
CVE-2019-0859,0.00042,0.05772
CVE-2019-0860,0.00983,0.81878
CVE-2019-0861,0.00983,0.81878
CVE-2019-0862,0.00983,0.81878
CVE-2019-0863,0.00231,0.61309
CVE-2019-0864,0.00043,0.07315
CVE-2019-0865,0.00201,0.57992
CVE-2019-0866,0.00126,0.47173
CVE-2019-0867,0.00126,0.47173
CVE-2019-0868,0.00126,0.47173
CVE-2019-0869,0.00188,0.56327
CVE-2019-0870,0.00126,0.47173
CVE-2019-0871,0.00126,0.47173
CVE-2019-0872,0.00054,0.19349
CVE-2019-0874,0.00126,0.47173
CVE-2019-0875,0.00174,0.54595
CVE-2019-0876,0.00046,0.13748
CVE-2019-0877,0.00424,0.71735
CVE-2019-0879,0.01770,0.86728
CVE-2019-0880,0.00042,0.05772
CVE-2019-0881,0.00053,0.18894
CVE-2019-0882,0.20702,0.95972
CVE-2019-0884,0.01441,0.85283
CVE-2019-0885,0.02567,0.89185
CVE-2019-0886,0.00043,0.07315
CVE-2019-0887,0.03640,0.90817
CVE-2019-0888,0.04662,0.91823
CVE-2019-0889,0.01532,0.85758
CVE-2019-0890,0.01912,0.87364
CVE-2019-0891,0.01912,0.87364
CVE-2019-0892,0.00043,0.07315
CVE-2019-0893,0.01532,0.85758
CVE-2019-0894,0.01912,0.87364
CVE-2019-0895,0.01912,0.87364
CVE-2019-0896,0.01912,0.87364
CVE-2019-0897,0.01912,0.87364
CVE-2019-0898,0.01532,0.85758
CVE-2019-0899,0.01532,0.85758
CVE-2019-0900,0.01532,0.85758
CVE-2019-0901,0.01532,0.85758
CVE-2019-0902,0.06126,0.92858
CVE-2019-0903,0.04151,0.91369
CVE-2019-0904,0.04662,0.91823
CVE-2019-0905,0.04662,0.91823
CVE-2019-0906,0.05023,0.92139
CVE-2019-0907,0.04662,0.91823
CVE-2019-0908,0.06126,0.92858
CVE-2019-0909,0.04662,0.91823
CVE-2019-0911,0.01441,0.85283
CVE-2019-0912,0.02130,0.88143
CVE-2019-0913,0.02130,0.88143
CVE-2019-0914,0.02130,0.88143
CVE-2019-0915,0.02130,0.88143
CVE-2019-0916,0.02130,0.88143
CVE-2019-0917,0.02130,0.88143
CVE-2019-0918,0.01441,0.85283
CVE-2019-0920,0.03766,0.90980
CVE-2019-0921,0.00174,0.54580
CVE-2019-0922,0.02130,0.88143
CVE-2019-0923,0.02130,0.88143
CVE-2019-0924,0.02130,0.88143
CVE-2019-0925,0.02130,0.88143
CVE-2019-0926,0.02130,0.88143
CVE-2019-0927,0.02130,0.88143
CVE-2019-0928,0.00043,0.07315
CVE-2019-0929,0.02130,0.88143
CVE-2019-0930,0.11195,0.94689
CVE-2019-0931,0.00043,0.07315
CVE-2019-0932,0.00368,0.69783
CVE-2019-0933,0.02130,0.88143
CVE-2019-0936,0.00083,0.34369
CVE-2019-0937,0.04083,0.91308
CVE-2019-0938,0.00703,0.78299
CVE-2019-0940,0.14010,0.95197
CVE-2019-0941,0.00193,0.57187
CVE-2019-0942,0.00043,0.07315
CVE-2019-0943,0.00042,0.00438
CVE-2019-0945,0.02126,0.88087
CVE-2019-0946,0.02126,0.88087
CVE-2019-0947,0.02126,0.88087
CVE-2019-0948,0.00155,0.51861
CVE-2019-0949,0.00053,0.18650
CVE-2019-0950,0.00053,0.18650
CVE-2019-0951,0.00053,0.18650
CVE-2019-0952,0.01533,0.85762
CVE-2019-0953,0.01912,0.87364
CVE-2019-0956,0.00081,0.33545
CVE-2019-0957,0.00099,0.40664
CVE-2019-0958,0.00099,0.40664
CVE-2019-0959,0.00042,0.00438
CVE-2019-0960,0.00043,0.07315
CVE-2019-0961,0.20702,0.95972
CVE-2019-0962,0.00113,0.44690
CVE-2019-0963,0.00068,0.27963
CVE-2019-0965,0.00137,0.49116
CVE-2019-0966,0.00043,0.07315
CVE-2019-0968,0.20702,0.95972
CVE-2019-0971,0.00282,0.65357
CVE-2019-0972,0.00217,0.59793
CVE-2019-0973,0.00043,0.07315
CVE-2019-0974,0.04662,0.91823
CVE-2019-0975,0.00302,0.66534
CVE-2019-0976,0.00043,0.07628
CVE-2019-0977,0.27901,0.96418
CVE-2019-0979,0.00054,0.19349
CVE-2019-0980,0.00214,0.59459
CVE-2019-0981,0.00214,0.59459
CVE-2019-0982,0.00138,0.49309
CVE-2019-0983,0.00043,0.07315
CVE-2019-0984,0.00043,0.07315
CVE-2019-0985,0.01223,0.83924
CVE-2019-0986,0.00066,0.27441
CVE-2019-0988,0.04306,0.91506
CVE-2019-0989,0.02130,0.88143
CVE-2019-0990,0.02481,0.89030
CVE-2019-0991,0.02130,0.88143
CVE-2019-0992,0.02130,0.88143
CVE-2019-0993,0.02130,0.88143
CVE-2019-0995,0.00292,0.65998
CVE-2019-0996,0.00100,0.40790
CVE-2019-0998,0.00043,0.07315
CVE-2019-0999,0.00043,0.07315
CVE-2019-1000,0.00050,0.16810
CVE-2019-1000001,0.00217,0.59752
CVE-2019-1000002,0.00054,0.20290
CVE-2019-1000003,0.00150,0.51222
CVE-2019-1000004,0.00078,0.32606
CVE-2019-1000005,0.00452,0.72572
CVE-2019-1000006,0.00275,0.64824
CVE-2019-1000007,0.00115,0.45086
CVE-2019-1000008,0.00100,0.40811
CVE-2019-1000009,0.00061,0.23805
CVE-2019-1000010,0.00076,0.31249
CVE-2019-1000011,0.00050,0.16378
CVE-2019-1000012,0.00349,0.68922
CVE-2019-1000013,0.00349,0.68922
CVE-2019-1000014,0.00258,0.63651
CVE-2019-1000015,0.00078,0.32606
CVE-2019-1000016,0.00081,0.33511
CVE-2019-1000017,0.00065,0.26756
CVE-2019-1000018,0.00042,0.05722
CVE-2019-1000019,0.00334,0.68319
CVE-2019-1000020,0.01630,0.86219
CVE-2019-1000021,0.00215,0.59535
CVE-2019-1000022,0.00112,0.44586
CVE-2019-1000023,0.00348,0.68879
CVE-2019-1000024,0.00130,0.47838
CVE-2019-1000031,0.00229,0.61157
CVE-2019-10008,0.00715,0.78522
CVE-2019-10009,0.03683,0.90880
CVE-2019-1001,0.01441,0.85283
CVE-2019-10010,0.00107,0.43258
CVE-2019-10011,0.01218,0.83897
CVE-2019-10012,0.00286,0.65579
CVE-2019-10013,0.00672,0.77744
CVE-2019-10014,0.00095,0.39629
CVE-2019-10015,0.00704,0.78316
CVE-2019-10016,0.00087,0.36434
CVE-2019-10017,0.00058,0.22005
CVE-2019-10018,0.00091,0.38454
CVE-2019-10019,0.00074,0.30438
CVE-2019-1002,0.02130,0.88143
CVE-2019-10020,0.00065,0.27117
CVE-2019-10021,0.00074,0.30438
CVE-2019-1002100,0.00233,0.61470
CVE-2019-1002101,0.00072,0.29615
CVE-2019-10022,0.00065,0.27117
CVE-2019-10023,0.00074,0.30438
CVE-2019-10024,0.00065,0.27117
CVE-2019-10025,0.00065,0.27117
CVE-2019-10026,0.00065,0.27117
CVE-2019-10027,0.00074,0.30642
CVE-2019-10028,0.00103,0.41969
CVE-2019-1003,0.02130,0.88143
CVE-2019-1003000,0.83647,0.98214
CVE-2019-1003001,0.79651,0.98035
CVE-2019-1003002,0.79651,0.98035
CVE-2019-1003003,0.00262,0.64001
CVE-2019-1003004,0.00262,0.64001
CVE-2019-1003005,0.00474,0.73159
CVE-2019-1003006,0.00105,0.42575
CVE-2019-1003007,0.00098,0.40387
CVE-2019-1003008,0.00098,0.40387
CVE-2019-1003009,0.00114,0.44834
CVE-2019-1003010,0.00147,0.50591
CVE-2019-1003011,0.00267,0.64323
CVE-2019-1003012,0.00148,0.50766
CVE-2019-1003013,0.00060,0.23716
CVE-2019-1003014,0.00060,0.23716
CVE-2019-1003015,0.00222,0.60556
CVE-2019-1003016,0.00073,0.30112
CVE-2019-1003017,0.00053,0.19032
CVE-2019-1003018,0.00078,0.32606
CVE-2019-1003019,0.00084,0.34791
CVE-2019-1003020,0.00054,0.19618
CVE-2019-1003021,0.00078,0.32606
CVE-2019-1003022,0.00053,0.19032
CVE-2019-1003023,0.00078,0.32606
CVE-2019-1003024,0.00446,0.72400
CVE-2019-1003025,0.00099,0.40660
CVE-2019-1003026,0.00054,0.19415
CVE-2019-1003027,0.00060,0.23287
CVE-2019-1003028,0.00054,0.19415
CVE-2019-1003029,0.01140,0.83263
CVE-2019-1003030,0.00802,0.79853
CVE-2019-1003031,0.00446,0.72400
CVE-2019-1003032,0.00126,0.47183
CVE-2019-1003033,0.00126,0.47183
CVE-2019-1003034,0.00446,0.72400
CVE-2019-1003035,0.00054,0.19415
CVE-2019-1003036,0.00054,0.19415
CVE-2019-1003037,0.00062,0.24248
CVE-2019-1003038,0.00042,0.05722
CVE-2019-1003039,0.00099,0.40660
CVE-2019-1003040,0.01767,0.86722
CVE-2019-1003041,0.01767,0.86722
CVE-2019-1003042,0.00181,0.55509
CVE-2019-1003043,0.00282,0.65317
CVE-2019-1003044,0.00237,0.61844
CVE-2019-1003045,0.00135,0.48825
CVE-2019-1003046,0.00166,0.53371
CVE-2019-1003047,0.00086,0.35679
CVE-2019-1003048,0.00042,0.05722
CVE-2019-1003049,0.00351,0.69011
CVE-2019-1003050,0.00081,0.33883
CVE-2019-1003051,0.00218,0.59885
CVE-2019-1003052,0.00218,0.59885
CVE-2019-1003053,0.00218,0.59885
CVE-2019-1003054,0.00218,0.59885
CVE-2019-1003055,0.00218,0.59885
CVE-2019-1003056,0.00218,0.59885
CVE-2019-1003057,0.00218,0.59885
CVE-2019-1003058,0.00177,0.54936
CVE-2019-1003059,0.00091,0.38560
CVE-2019-1003060,0.00218,0.59885
CVE-2019-1003061,0.00218,0.59885
CVE-2019-1003062,0.00218,0.59885
CVE-2019-1003063,0.00218,0.59885
CVE-2019-1003064,0.00218,0.59885
CVE-2019-1003065,0.00218,0.59885
CVE-2019-1003066,0.00218,0.59885
CVE-2019-1003067,0.00218,0.59885
CVE-2019-1003068,0.00218,0.59885
CVE-2019-1003069,0.00218,0.59885
CVE-2019-1003070,0.00218,0.59885
CVE-2019-1003071,0.00218,0.59885
CVE-2019-1003072,0.00218,0.59885
CVE-2019-1003073,0.00218,0.59885
CVE-2019-1003074,0.00218,0.59885
CVE-2019-1003075,0.00218,0.59885
CVE-2019-1003076,0.00177,0.54936
CVE-2019-1003077,0.00091,0.38560
CVE-2019-1003078,0.00058,0.21572
CVE-2019-1003079,0.00091,0.38560
CVE-2019-1003080,0.00177,0.54936
CVE-2019-1003081,0.00091,0.38560
CVE-2019-1003082,0.00177,0.54936
CVE-2019-1003083,0.00091,0.38560
CVE-2019-1003084,0.00177,0.54936
CVE-2019-1003085,0.00091,0.38560
CVE-2019-1003086,0.00177,0.54936
CVE-2019-1003087,0.00091,0.38560
CVE-2019-1003088,0.00135,0.48825
CVE-2019-1003089,0.00135,0.48825
CVE-2019-1003090,0.00177,0.54936
CVE-2019-1003091,0.00091,0.38560
CVE-2019-1003092,0.00177,0.54936
CVE-2019-1003093,0.00091,0.38560
CVE-2019-1003094,0.00135,0.48825
CVE-2019-1003095,0.00135,0.48825
CVE-2019-1003096,0.00135,0.48825
CVE-2019-1003097,0.00135,0.48825
CVE-2019-1003098,0.00177,0.54936
CVE-2019-1003099,0.00091,0.38560
CVE-2019-10038,0.26306,0.96325
CVE-2019-10039,0.00502,0.73952
CVE-2019-1004,0.02130,0.88143
CVE-2019-10040,0.00502,0.73952
CVE-2019-10041,0.00502,0.73952
CVE-2019-10042,0.00098,0.40509
CVE-2019-10044,0.00522,0.74454
CVE-2019-10045,0.00126,0.47113
CVE-2019-10046,0.00133,0.48393
CVE-2019-10047,0.00058,0.22585
CVE-2019-10048,0.00107,0.43230
CVE-2019-10049,0.00079,0.33197
CVE-2019-1005,0.01441,0.85283
CVE-2019-10050,0.00116,0.45451
CVE-2019-10051,0.00170,0.54091
CVE-2019-10052,0.00176,0.54862
CVE-2019-10053,0.00244,0.62506
CVE-2019-10054,0.00112,0.44365
CVE-2019-10055,0.00112,0.44598
CVE-2019-10056,0.00128,0.47423
CVE-2019-10057,0.00053,0.19032
CVE-2019-10058,0.00168,0.53801
CVE-2019-10059,0.00084,0.34791
CVE-2019-1006,0.00167,0.53447
CVE-2019-10060,0.00327,0.67927
CVE-2019-10061,0.00449,0.72470
CVE-2019-10062,0.00154,0.51699
CVE-2019-10063,0.00247,0.62715
CVE-2019-10064,0.00725,0.78684
CVE-2019-10065,0.00054,0.20290
CVE-2019-10066,0.00054,0.19275
CVE-2019-10067,0.00093,0.39256
CVE-2019-10068,0.97319,0.99865
CVE-2019-10069,0.04271,0.91473
CVE-2019-1007,0.00043,0.07315
CVE-2019-10070,0.00194,0.57282
CVE-2019-10071,0.07771,0.93591
CVE-2019-10072,0.16050,0.95487
CVE-2019-10073,0.00429,0.71866
CVE-2019-10074,0.00162,0.52893
CVE-2019-10076,0.00381,0.70257
CVE-2019-10077,0.00381,0.70257
CVE-2019-10078,0.00536,0.74827
CVE-2019-10079,0.00360,0.69416
CVE-2019-1008,0.00137,0.49182
CVE-2019-10080,0.00114,0.44784
CVE-2019-10081,0.00727,0.78730
CVE-2019-10082,0.00814,0.79988
CVE-2019-10083,0.00058,0.21949
CVE-2019-10084,0.00055,0.20448
CVE-2019-10085,0.00212,0.59244
CVE-2019-10086,0.00331,0.68156
CVE-2019-10087,0.00186,0.55926
CVE-2019-10088,0.00380,0.70230
CVE-2019-10089,0.00186,0.55926
CVE-2019-1009,0.00381,0.70277
CVE-2019-10090,0.00186,0.55926
CVE-2019-10091,0.00045,0.12321
CVE-2019-10092,0.07116,0.93369
CVE-2019-10093,0.00388,0.70523
CVE-2019-10094,0.00162,0.52808
CVE-2019-10095,0.01662,0.86329
CVE-2019-10097,0.83054,0.98190
CVE-2019-10098,0.10593,0.94535
CVE-2019-10099,0.00123,0.46626
CVE-2019-1010,0.27901,0.96418
CVE-2019-10100,0.00770,0.79379
CVE-2019-1010003,0.00087,0.36434
CVE-2019-1010004,0.00063,0.25775
CVE-2019-1010005,0.00109,0.43869
CVE-2019-1010006,0.00196,0.57562
CVE-2019-1010008,0.00057,0.21542
CVE-2019-1010009,0.01260,0.84208
CVE-2019-1010016,0.00087,0.36434
CVE-2019-1010017,0.00138,0.49367
CVE-2019-1010018,0.00076,0.31160
CVE-2019-1010022,0.00335,0.68360
CVE-2019-1010023,0.01081,0.82781
CVE-2019-1010024,0.02151,0.88222
CVE-2019-1010025,0.00255,0.63453
CVE-2019-1010028,0.00087,0.36434
CVE-2019-1010034,0.00079,0.33197
CVE-2019-1010038,0.00359,0.69358
CVE-2019-1010039,0.00365,0.69641
CVE-2019-1010043,0.00365,0.69641
CVE-2019-1010044,0.00307,0.66838
CVE-2019-1010054,0.00112,0.44586
CVE-2019-1010057,0.00059,0.22811
CVE-2019-1010060,0.01061,0.82615
CVE-2019-1010062,0.00207,0.58662
CVE-2019-1010065,0.00477,0.73248
CVE-2019-1010066,0.00091,0.38064
CVE-2019-1010069,0.00074,0.30577
CVE-2019-1010083,0.00103,0.41969
CVE-2019-1010084,0.00065,0.26756
CVE-2019-1010091,0.00112,0.44398
CVE-2019-1010094,0.00112,0.44586
CVE-2019-1010095,0.00112,0.44586
CVE-2019-1010096,0.00112,0.44586
CVE-2019-10101,0.00227,0.60967
CVE-2019-1010100,0.00072,0.29986
CVE-2019-1010101,0.00360,0.69396
CVE-2019-1010104,0.00116,0.45246
CVE-2019-1010112,0.00112,0.44586
CVE-2019-1010113,0.00087,0.36434
CVE-2019-1010123,0.00105,0.42463
CVE-2019-1010124,0.00232,0.61385
CVE-2019-1010127,0.00105,0.42414
CVE-2019-1010136,0.02355,0.88739
CVE-2019-1010142,0.02070,0.87918
CVE-2019-1010147,0.00058,0.22585
CVE-2019-1010148,0.00279,0.65136
CVE-2019-1010149,0.00885,0.80819
CVE-2019-1010150,0.00885,0.80819
CVE-2019-1010151,0.00708,0.78385
CVE-2019-1010152,0.00885,0.80819
CVE-2019-1010153,0.00212,0.59184
CVE-2019-1010155,0.03397,0.90532
CVE-2019-1010161,0.00365,0.69638
CVE-2019-1010162,0.00065,0.27117
CVE-2019-1010163,0.00092,0.38756
CVE-2019-1010169,0.00119,0.46000
CVE-2019-1010170,0.00119,0.46000
CVE-2019-1010171,0.00119,0.46000
CVE-2019-1010172,0.00103,0.41969
CVE-2019-1010173,0.00119,0.46000
CVE-2019-1010174,0.00178,0.55130
CVE-2019-1010176,0.00366,0.69692
CVE-2019-1010177,0.00509,0.74129
CVE-2019-1010178,0.01451,0.85338
CVE-2019-1010179,0.00306,0.66785
CVE-2019-1010180,0.00093,0.39109
CVE-2019-1010182,0.00080,0.33202
CVE-2019-1010183,0.00102,0.41313
CVE-2019-1010189,0.00061,0.24231
CVE-2019-1010190,0.00061,0.24231
CVE-2019-1010191,0.00138,0.49278
CVE-2019-1010193,0.00087,0.36434
CVE-2019-1010199,0.00073,0.30345
CVE-2019-10102,0.00159,0.52424
CVE-2019-1010200,0.00112,0.44601
CVE-2019-1010201,0.00065,0.26756
CVE-2019-1010202,0.00079,0.33197
CVE-2019-1010204,0.00087,0.35977
CVE-2019-1010205,0.01082,0.82802
CVE-2019-1010206,0.00084,0.34791
CVE-2019-1010207,0.00159,0.52506
CVE-2019-1010208,0.00044,0.10161
CVE-2019-1010209,0.00145,0.50342
CVE-2019-1010218,0.00109,0.43862
CVE-2019-1010220,0.00081,0.33678
CVE-2019-1010221,0.00070,0.29068
CVE-2019-1010228,0.01025,0.82247
CVE-2019-1010232,0.00104,0.42347
CVE-2019-1010234,0.00438,0.72176
CVE-2019-1010235,0.00058,0.22585
CVE-2019-1010237,0.00158,0.52255
CVE-2019-1010238,0.02331,0.88675
CVE-2019-1010239,0.00222,0.60565
CVE-2019-1010241,0.00165,0.53194
CVE-2019-1010245,0.00284,0.65460
CVE-2019-1010246,0.00142,0.49912
CVE-2019-1010247,0.00135,0.48685
CVE-2019-1010248,0.00138,0.49278
CVE-2019-1010249,0.00070,0.28947
CVE-2019-1010250,0.00069,0.28747
CVE-2019-1010251,0.00156,0.52014
CVE-2019-1010252,0.00074,0.30467
CVE-2019-1010257,0.00434,0.72054
CVE-2019-1010258,0.00221,0.60309
CVE-2019-1010259,0.00241,0.62178
CVE-2019-1010260,0.00181,0.55366
CVE-2019-1010261,0.00078,0.32606
CVE-2019-1010263,0.00285,0.65515
CVE-2019-1010266,0.00317,0.67428
CVE-2019-1010268,0.09110,0.94082
CVE-2019-1010275,0.00246,0.62644
CVE-2019-1010279,0.00210,0.58981
CVE-2019-1010283,0.00261,0.63924
CVE-2019-1010287,0.00129,0.47601
CVE-2019-1010290,0.00215,0.59606
CVE-2019-1010292,0.00222,0.60556
CVE-2019-1010293,0.00222,0.60556
CVE-2019-1010294,0.00168,0.53801
CVE-2019-1010295,0.00234,0.61574
CVE-2019-1010296,0.00453,0.72606
CVE-2019-1010297,0.00453,0.72606
CVE-2019-1010298,0.00453,0.72606
CVE-2019-1010299,0.00091,0.38064
CVE-2019-10103,0.00159,0.52424
CVE-2019-1010300,0.00096,0.39929
CVE-2019-1010301,0.00137,0.49032
CVE-2019-1010302,0.00187,0.56254
CVE-2019-1010304,0.00112,0.44339
CVE-2019-1010305,0.00133,0.48423
CVE-2019-1010306,0.00770,0.79370
CVE-2019-1010307,0.00053,0.18833
CVE-2019-1010308,0.00235,0.61731
CVE-2019-1010310,0.00050,0.16378
CVE-2019-1010314,0.00078,0.32606
CVE-2019-1010315,0.00143,0.50088
CVE-2019-1010316,0.00044,0.10161
CVE-2019-1010317,0.00143,0.50088
CVE-2019-1010319,0.00143,0.50088
CVE-2019-10104,0.01356,0.84833
CVE-2019-10105,0.00058,0.22005
CVE-2019-10106,0.00058,0.22005
CVE-2019-10107,0.00058,0.22005
CVE-2019-10108,0.00075,0.30779
CVE-2019-10109,0.00187,0.56068
CVE-2019-1011,0.27901,0.96418
CVE-2019-10110,0.00065,0.27012
CVE-2019-10111,0.00063,0.24929
CVE-2019-10112,0.00217,0.59693
CVE-2019-10113,0.00213,0.59336
CVE-2019-10114,0.00217,0.59693
CVE-2019-10115,0.00083,0.34454
CVE-2019-10116,0.00063,0.25605
CVE-2019-10117,0.00135,0.48746
CVE-2019-10118,0.00078,0.32606
CVE-2019-10119,0.00244,0.62506
CVE-2019-1012,0.27901,0.96418
CVE-2019-10120,0.00104,0.42231
CVE-2019-10121,0.00499,0.73862
CVE-2019-10122,0.01919,0.87385
CVE-2019-10123,0.35813,0.96770
CVE-2019-10125,0.21212,0.96010
CVE-2019-10126,0.01708,0.86502
CVE-2019-10127,0.00045,0.12326
CVE-2019-10128,0.00042,0.05722
CVE-2019-10129,0.00104,0.41983
CVE-2019-1013,0.01471,0.85430
CVE-2019-10130,0.00168,0.53612
CVE-2019-10131,0.00042,0.05722
CVE-2019-10132,0.00361,0.69466
CVE-2019-10133,0.00084,0.35108
CVE-2019-10134,0.00090,0.37972
CVE-2019-10135,0.00098,0.40348
CVE-2019-10136,0.00054,0.20290
CVE-2019-10137,0.00925,0.81290
CVE-2019-10138,0.00123,0.46613
CVE-2019-10139,0.00042,0.05722
CVE-2019-1014,0.00043,0.07315
CVE-2019-10140,0.00042,0.05722
CVE-2019-10141,0.00483,0.73432
CVE-2019-10142,0.00044,0.10161
CVE-2019-10143,0.00056,0.21215
CVE-2019-10144,0.00048,0.14788
CVE-2019-10145,0.00048,0.14788
CVE-2019-10146,0.00078,0.32606
CVE-2019-10147,0.00048,0.14788
CVE-2019-10149,0.97373,0.99894
CVE-2019-1015,0.27901,0.96418
CVE-2019-10150,0.00467,0.72975
CVE-2019-10152,0.00047,0.14180
CVE-2019-10153,0.00110,0.44033
CVE-2019-10154,0.00178,0.55045
CVE-2019-10155,0.00117,0.45479
CVE-2019-10156,0.00314,0.67209
CVE-2019-10157,0.00042,0.05722
CVE-2019-10158,0.00376,0.70049
CVE-2019-10159,0.00050,0.16378
CVE-2019-1016,0.27901,0.96418
CVE-2019-10160,0.00291,0.65935
CVE-2019-10161,0.00045,0.11966
CVE-2019-10162,0.00312,0.67102
CVE-2019-10163,0.00101,0.41026
CVE-2019-10164,0.80854,0.98076
CVE-2019-10165,0.00047,0.13943
CVE-2019-10166,0.00042,0.05722
CVE-2019-10167,0.00043,0.05919
CVE-2019-10168,0.00043,0.05919
CVE-2019-10169,0.00088,0.37084
CVE-2019-1017,0.00043,0.07315
CVE-2019-10170,0.00088,0.37084
CVE-2019-10171,0.00087,0.35949
CVE-2019-10172,0.00217,0.59761
CVE-2019-10173,0.94192,0.99018
CVE-2019-10174,0.00336,0.68382
CVE-2019-10175,0.00065,0.26756
CVE-2019-10176,0.00074,0.30724
CVE-2019-10177,0.00072,0.29993
CVE-2019-10178,0.00083,0.34568
CVE-2019-10179,0.00078,0.32606
CVE-2019-1018,0.00043,0.07315
CVE-2019-10180,0.00054,0.20290
CVE-2019-10181,0.02723,0.89507
CVE-2019-10182,0.00233,0.61462
CVE-2019-10183,0.00047,0.13943
CVE-2019-10184,0.00327,0.67892
CVE-2019-10185,0.00522,0.74470
CVE-2019-10186,0.00405,0.71097
CVE-2019-10187,0.00088,0.37166
CVE-2019-10188,0.00088,0.37166
CVE-2019-10189,0.00088,0.37166
CVE-2019-1019,0.00679,0.77899
CVE-2019-10190,0.00278,0.65061
CVE-2019-10191,0.00304,0.66665
CVE-2019-10192,0.19768,0.95897
CVE-2019-10193,0.24078,0.96200
CVE-2019-10194,0.00047,0.13943
CVE-2019-10195,0.00130,0.47827
CVE-2019-10196,0.00235,0.61731
CVE-2019-10197,0.00573,0.75628
CVE-2019-10198,0.00106,0.42716
CVE-2019-10199,0.00073,0.30112
CVE-2019-10200,0.00104,0.42274
CVE-2019-1020001,0.00244,0.62525
CVE-2019-1020002,0.00168,0.53801
CVE-2019-1020003,0.00054,0.20290
CVE-2019-1020004,0.00084,0.34975
CVE-2019-1020005,0.00054,0.20290
CVE-2019-1020006,0.00105,0.42625
CVE-2019-1020007,0.00054,0.20290
CVE-2019-1020008,0.00078,0.32606
CVE-2019-1020009,0.00168,0.53801
CVE-2019-1020010,0.00105,0.42625
CVE-2019-1020011,0.00104,0.42231
CVE-2019-1020012,0.00103,0.41969
CVE-2019-1020013,0.00084,0.34791
CVE-2019-1020014,0.00047,0.14180
CVE-2019-1020015,0.00084,0.34791
CVE-2019-1020016,0.00078,0.32606
CVE-2019-1020017,0.00090,0.37972
CVE-2019-1020018,0.00103,0.41785
CVE-2019-1020019,0.00087,0.36434
CVE-2019-10201,0.00065,0.26756
CVE-2019-10202,0.01459,0.85388
CVE-2019-10203,0.00091,0.38447
CVE-2019-10205,0.00044,0.10161
CVE-2019-10206,0.00220,0.60005
CVE-2019-10207,0.00042,0.05722
CVE-2019-10208,0.00193,0.57265
CVE-2019-10209,0.00054,0.20290
CVE-2019-1021,0.00043,0.07315
CVE-2019-10210,0.00044,0.10161
CVE-2019-10211,0.00264,0.64172
CVE-2019-10212,0.00276,0.64881
CVE-2019-10213,0.00090,0.37848
CVE-2019-10214,0.00093,0.39040
CVE-2019-10215,0.00154,0.51740
CVE-2019-10216,0.00104,0.42326
CVE-2019-10217,0.00188,0.56366
CVE-2019-10218,0.00299,0.66374
CVE-2019-10219,0.00235,0.61640
CVE-2019-1022,0.00043,0.07315
CVE-2019-10220,0.00243,0.62375
CVE-2019-10221,0.00089,0.37212
CVE-2019-10222,0.00445,0.72379
CVE-2019-10223,0.00135,0.48659
CVE-2019-10224,0.00091,0.38507
CVE-2019-10225,0.00072,0.29893
CVE-2019-10226,0.00305,0.66734
CVE-2019-10227,0.00117,0.45542
CVE-2019-10229,0.00104,0.42231
CVE-2019-1023,0.02481,0.89030
CVE-2019-10231,0.00235,0.61731
CVE-2019-10232,0.12149,0.94901
CVE-2019-10233,0.00235,0.61731
CVE-2019-10237,0.00112,0.44586
CVE-2019-10238,0.00087,0.36434
CVE-2019-10239,0.00060,0.23520
CVE-2019-1024,0.02130,0.88143
CVE-2019-10240,0.00143,0.50032
CVE-2019-10241,0.00315,0.67238
CVE-2019-10242,0.00138,0.49344
CVE-2019-10243,0.00080,0.33356
CVE-2019-10244,0.00140,0.49701
CVE-2019-10245,0.02760,0.89580
CVE-2019-10246,0.00657,0.77384
CVE-2019-10247,0.00359,0.69369
CVE-2019-10248,0.00128,0.47419
CVE-2019-10249,0.00245,0.62596
CVE-2019-1025,0.00201,0.57992
CVE-2019-10250,0.00152,0.51472
CVE-2019-10251,0.00290,0.65813
CVE-2019-10253,0.00144,0.50206
CVE-2019-10254,0.00066,0.27550
CVE-2019-10255,0.00152,0.51480
CVE-2019-10256,0.00244,0.62506
CVE-2019-10257,0.00595,0.76111
CVE-2019-1026,0.00043,0.07315
CVE-2019-10260,0.00066,0.27550
CVE-2019-10261,0.00167,0.53508
CVE-2019-10262,0.00212,0.59184
CVE-2019-10263,0.00087,0.36434
CVE-2019-10264,0.00109,0.43614
CVE-2019-10265,0.00637,0.76983
CVE-2019-10266,0.02003,0.87689
CVE-2019-10267,0.55312,0.97385
CVE-2019-10269,0.00492,0.73677
CVE-2019-1027,0.00043,0.07315
CVE-2019-10270,0.00108,0.43458
CVE-2019-10271,0.00054,0.20290
CVE-2019-10272,0.00112,0.44327
CVE-2019-10273,0.00437,0.72144
CVE-2019-10276,0.00445,0.72374
CVE-2019-10277,0.00218,0.59885
CVE-2019-10278,0.00177,0.54936
CVE-2019-10279,0.00091,0.38560
CVE-2019-1028,0.00043,0.07315
CVE-2019-10280,0.00218,0.59885
CVE-2019-10281,0.00218,0.59885
CVE-2019-10282,0.00218,0.59885
CVE-2019-10283,0.00218,0.59885
CVE-2019-10284,0.00218,0.59885
CVE-2019-10285,0.00218,0.59885
CVE-2019-10286,0.00218,0.59885
CVE-2019-10287,0.00218,0.59885
CVE-2019-10288,0.00218,0.59885
CVE-2019-10289,0.00177,0.54936
CVE-2019-1029,0.00196,0.57546
CVE-2019-10290,0.00091,0.38560
CVE-2019-10291,0.00218,0.59885
CVE-2019-10292,0.00177,0.54936
CVE-2019-10293,0.00091,0.38560
CVE-2019-10294,0.00218,0.59885
CVE-2019-10295,0.00218,0.59885
CVE-2019-10296,0.00218,0.59885
CVE-2019-10297,0.00218,0.59885
CVE-2019-10298,0.00218,0.59885
CVE-2019-10299,0.00218,0.59885
CVE-2019-1030,0.02481,0.89030
CVE-2019-10300,0.00144,0.50208
CVE-2019-10301,0.00099,0.40660
CVE-2019-10302,0.00099,0.40660
CVE-2019-10303,0.00099,0.40660
CVE-2019-10304,0.00061,0.23928
CVE-2019-10305,0.00054,0.19415
CVE-2019-10306,0.00126,0.47183
CVE-2019-10307,0.00117,0.45574
CVE-2019-10308,0.00091,0.38560
CVE-2019-10309,0.00320,0.67600
CVE-2019-1031,0.00068,0.27963
CVE-2019-10310,0.00194,0.57324
CVE-2019-10311,0.00218,0.59885
CVE-2019-10312,0.00092,0.38752
CVE-2019-10313,0.00218,0.59885
CVE-2019-10314,0.00264,0.64136
CVE-2019-10315,0.00227,0.60990
CVE-2019-10316,0.00218,0.59885
CVE-2019-10317,0.00264,0.64136
CVE-2019-10318,0.00218,0.59885
CVE-2019-10319,0.00054,0.19618
CVE-2019-1032,0.00068,0.27963
CVE-2019-10320,0.00175,0.54687
CVE-2019-10321,0.00101,0.41191
CVE-2019-10322,0.00943,0.81457
CVE-2019-10323,0.00943,0.81457
CVE-2019-10324,0.00106,0.42832
CVE-2019-10325,0.00068,0.28093
CVE-2019-10326,0.00114,0.44908
CVE-2019-10327,0.00203,0.58335
CVE-2019-10328,0.00259,0.63674
CVE-2019-10329,0.00218,0.59885
CVE-2019-1033,0.00068,0.27963
CVE-2019-10330,0.00392,0.70719
CVE-2019-10331,0.00124,0.46695
CVE-2019-10332,0.00221,0.60324
CVE-2019-10333,0.00092,0.38752
CVE-2019-10334,0.00264,0.64136
CVE-2019-10335,0.00068,0.28093
CVE-2019-10336,0.00167,0.53432
CVE-2019-10337,0.00377,0.70073
CVE-2019-10338,0.00215,0.59530
CVE-2019-10339,0.00218,0.59885
CVE-2019-1034,0.01384,0.84985
CVE-2019-10340,0.00462,0.72830
CVE-2019-10341,0.00135,0.48825
CVE-2019-10342,0.00092,0.38752
CVE-2019-10343,0.00044,0.10161
CVE-2019-10344,0.00054,0.19618
CVE-2019-10345,0.00044,0.10161
CVE-2019-10346,0.00219,0.59921
CVE-2019-10347,0.00218,0.59885
CVE-2019-10348,0.01127,0.83161
CVE-2019-10349,0.00351,0.69034
CVE-2019-1035,0.01787,0.86801
CVE-2019-10350,0.01127,0.83161
CVE-2019-10351,0.01127,0.83161
CVE-2019-10352,0.57204,0.97422
CVE-2019-10353,0.00185,0.55874
CVE-2019-10354,0.00273,0.64737
CVE-2019-10355,0.00361,0.69463
CVE-2019-10356,0.00326,0.67860
CVE-2019-10357,0.00117,0.45478
CVE-2019-10358,0.00065,0.26756
CVE-2019-10359,0.00061,0.23885
CVE-2019-1036,0.00068,0.27963
CVE-2019-10360,0.00054,0.19618
CVE-2019-10361,0.00065,0.26793
CVE-2019-10362,0.00054,0.19618
CVE-2019-10363,0.00065,0.26756
CVE-2019-10364,0.00044,0.10161
CVE-2019-10365,0.00054,0.20290
CVE-2019-10366,0.00245,0.62548
CVE-2019-10367,0.00044,0.10161
CVE-2019-10368,0.00200,0.57939
CVE-2019-10369,0.00099,0.40770
CVE-2019-1037,0.00043,0.07315
CVE-2019-10370,0.00166,0.53294
CVE-2019-10371,0.00178,0.55045
CVE-2019-10372,0.00084,0.35108
CVE-2019-10373,0.00054,0.19618
CVE-2019-10374,0.00054,0.19618
CVE-2019-10375,0.00065,0.26756
CVE-2019-10376,0.00084,0.35108
CVE-2019-10377,0.00050,0.16046
CVE-2019-10378,0.00065,0.26793
CVE-2019-10379,0.00057,0.21513
CVE-2019-1038,0.01441,0.85283
CVE-2019-10380,0.00124,0.46813
CVE-2019-10381,0.00178,0.55045
CVE-2019-10382,0.00178,0.55045
CVE-2019-10383,0.00101,0.41127
CVE-2019-10384,0.00144,0.50258
CVE-2019-10385,0.00245,0.62548
CVE-2019-10386,0.00077,0.31702
CVE-2019-10387,0.00065,0.26756
CVE-2019-10388,0.00062,0.24792
CVE-2019-10389,0.00054,0.19618
CVE-2019-1039,0.00043,0.07315
CVE-2019-10390,0.00124,0.46813
CVE-2019-10391,0.00166,0.53294
CVE-2019-10392,0.94736,0.99106
CVE-2019-10393,0.00054,0.19256
CVE-2019-10394,0.00054,0.19256
CVE-2019-10395,0.00054,0.19618
CVE-2019-10396,0.00054,0.19618
CVE-2019-10397,0.00084,0.35108
CVE-2019-10398,0.00044,0.10161
CVE-2019-10399,0.00054,0.19256
CVE-2019-1040,0.05470,0.92477
CVE-2019-10400,0.00054,0.19256
CVE-2019-10401,0.00054,0.19618
CVE-2019-10402,0.00054,0.19618
CVE-2019-10403,0.00054,0.19618
CVE-2019-10404,0.00054,0.19618
CVE-2019-10405,0.00572,0.75588
CVE-2019-10406,0.00054,0.19618
CVE-2019-10407,0.00065,0.26756
CVE-2019-10408,0.00062,0.24792
CVE-2019-10409,0.00054,0.19618
CVE-2019-1041,0.00099,0.40591
CVE-2019-10410,0.00054,0.19618
CVE-2019-10411,0.00178,0.55045
CVE-2019-10412,0.00178,0.55045
CVE-2019-10413,0.00065,0.26756
CVE-2019-10414,0.00065,0.26756
CVE-2019-10415,0.00065,0.26756
CVE-2019-10416,0.00065,0.26756
CVE-2019-10417,0.00104,0.42231
CVE-2019-10418,0.00104,0.42231
CVE-2019-10419,0.00044,0.10161
CVE-2019-10420,0.00044,0.10161
CVE-2019-10421,0.00054,0.19618
CVE-2019-10422,0.00065,0.26756
CVE-2019-10423,0.00044,0.10161
CVE-2019-10424,0.00044,0.10161
CVE-2019-10425,0.00065,0.26756
CVE-2019-10426,0.00044,0.10161
CVE-2019-10427,0.00090,0.37972
CVE-2019-10428,0.00178,0.55045
CVE-2019-10429,0.00044,0.10161
CVE-2019-1043,0.02416,0.88882
CVE-2019-10430,0.00044,0.10161
CVE-2019-10431,0.00335,0.68373
CVE-2019-10432,0.00083,0.34247
CVE-2019-10433,0.00065,0.26793
CVE-2019-10434,0.00178,0.55045
CVE-2019-10435,0.00178,0.55045
CVE-2019-10436,0.00065,0.26756
CVE-2019-10437,0.00073,0.30112
CVE-2019-10438,0.00065,0.26756
CVE-2019-10439,0.00054,0.19618
CVE-2019-1044,0.00043,0.07315
CVE-2019-10440,0.00514,0.74250
CVE-2019-10441,0.00053,0.19032
CVE-2019-10442,0.00054,0.19618
CVE-2019-10443,0.00514,0.74270
CVE-2019-10444,0.00084,0.34791
CVE-2019-10445,0.00054,0.19618
CVE-2019-10446,0.00168,0.53801
CVE-2019-10447,0.00054,0.19618
CVE-2019-10448,0.00104,0.42231
CVE-2019-10449,0.00104,0.42231
CVE-2019-1045,0.00043,0.07315
CVE-2019-10450,0.00044,0.10161
CVE-2019-10451,0.00054,0.19618
CVE-2019-10452,0.00054,0.19618
CVE-2019-10453,0.00044,0.10161
CVE-2019-10454,0.00053,0.19032
CVE-2019-10455,0.00054,0.19618
CVE-2019-10456,0.00053,0.19032
CVE-2019-10457,0.00054,0.19618
CVE-2019-10458,0.00105,0.42575
CVE-2019-10459,0.00065,0.26756
CVE-2019-1046,0.00197,0.57690
CVE-2019-10460,0.00044,0.10161
CVE-2019-10461,0.00044,0.10161
CVE-2019-10462,0.00072,0.29651
CVE-2019-10463,0.00065,0.26756
CVE-2019-10464,0.00054,0.19252
CVE-2019-10465,0.00047,0.14201
CVE-2019-10466,0.00104,0.42231
CVE-2019-10467,0.00065,0.26756
CVE-2019-10468,0.00077,0.31702
CVE-2019-10469,0.00065,0.26756
CVE-2019-1047,0.27901,0.96418
CVE-2019-10470,0.00065,0.26756
CVE-2019-10471,0.00077,0.31702
CVE-2019-10472,0.00065,0.26756
CVE-2019-10473,0.00054,0.19618
CVE-2019-10474,0.00054,0.19618
CVE-2019-10475,0.97301,0.99851
CVE-2019-10476,0.00044,0.10161
CVE-2019-10477,0.00128,0.47471
CVE-2019-10478,0.00109,0.43614
CVE-2019-10479,0.02360,0.88748
CVE-2019-1048,0.27901,0.96418
CVE-2019-10480,0.00044,0.10161
CVE-2019-10481,0.00044,0.10161
CVE-2019-10482,0.00143,0.50048
CVE-2019-10483,0.00044,0.10161
CVE-2019-10484,0.00044,0.10161
CVE-2019-10485,0.00103,0.41969
CVE-2019-10486,0.00044,0.10161
CVE-2019-10487,0.00188,0.56423
CVE-2019-10488,0.00140,0.49582
CVE-2019-10489,0.00100,0.40894
CVE-2019-1049,0.27901,0.96418
CVE-2019-10490,0.00044,0.10161
CVE-2019-10491,0.00044,0.10161
CVE-2019-10492,0.00044,0.10161
CVE-2019-10493,0.00188,0.56423
CVE-2019-10494,0.00188,0.56423
CVE-2019-10495,0.00044,0.10161
CVE-2019-10496,0.00044,0.10161
CVE-2019-10497,0.00044,0.10161
CVE-2019-10498,0.00044,0.10161
CVE-2019-10499,0.00044,0.10161
CVE-2019-1050,0.27901,0.96418
CVE-2019-10500,0.00212,0.59232
CVE-2019-10501,0.00044,0.10161
CVE-2019-10502,0.00044,0.10161
CVE-2019-10503,0.00044,0.10161
CVE-2019-10504,0.00097,0.40100
CVE-2019-10505,0.00188,0.56423
CVE-2019-10506,0.00044,0.10161
CVE-2019-10507,0.00044,0.10161
CVE-2019-10508,0.00044,0.10161
CVE-2019-10509,0.00188,0.56423
CVE-2019-1051,0.02130,0.88143
CVE-2019-10510,0.00102,0.41309
CVE-2019-10511,0.00188,0.56423
CVE-2019-10512,0.00044,0.10161
CVE-2019-10513,0.00044,0.10161
CVE-2019-10515,0.00044,0.10161
CVE-2019-10516,0.00188,0.56423
CVE-2019-10517,0.00044,0.10161
CVE-2019-10518,0.00044,0.10161
CVE-2019-1052,0.02130,0.88143
CVE-2019-10520,0.00044,0.10161
CVE-2019-10522,0.00212,0.59232
CVE-2019-10523,0.00044,0.10161
CVE-2019-10524,0.00044,0.10161
CVE-2019-10525,0.00212,0.59232
CVE-2019-10526,0.00188,0.56423
CVE-2019-10527,0.00044,0.10161
CVE-2019-10528,0.00188,0.56423
CVE-2019-10529,0.02667,0.89390
CVE-2019-1053,0.00220,0.59997
CVE-2019-10530,0.00044,0.10161
CVE-2019-10531,0.00212,0.59232
CVE-2019-10532,0.00188,0.56423
CVE-2019-10533,0.00188,0.56423
CVE-2019-10534,0.00188,0.56423
CVE-2019-10535,0.00044,0.10161
CVE-2019-10536,0.00044,0.10161
CVE-2019-10537,0.00044,0.10161
CVE-2019-10538,0.00188,0.56423
CVE-2019-10539,0.00212,0.59232
CVE-2019-1054,0.00175,0.54744
CVE-2019-10540,0.00212,0.59232
CVE-2019-10541,0.00188,0.56423
CVE-2019-10542,0.00188,0.56423
CVE-2019-10544,0.00044,0.10161
CVE-2019-10545,0.00044,0.10161
CVE-2019-10546,0.00212,0.59232
CVE-2019-10547,0.00044,0.10161
CVE-2019-10548,0.00044,0.10161
CVE-2019-10549,0.00102,0.41309
CVE-2019-1055,0.01441,0.85283
CVE-2019-10550,0.00188,0.56423
CVE-2019-10551,0.00188,0.56423
CVE-2019-10552,0.00188,0.56423
CVE-2019-10553,0.00188,0.56423
CVE-2019-10554,0.00188,0.56423
CVE-2019-10555,0.00044,0.10161
CVE-2019-10556,0.00044,0.10161
CVE-2019-10557,0.00188,0.56423
CVE-2019-10558,0.00044,0.10161
CVE-2019-10559,0.00188,0.56423
CVE-2019-1056,0.02130,0.88143
CVE-2019-10561,0.00044,0.10161
CVE-2019-10562,0.00044,0.10161
CVE-2019-10563,0.00044,0.10161
CVE-2019-10564,0.00044,0.10161
CVE-2019-10565,0.00563,0.75426
CVE-2019-10566,0.00044,0.10161
CVE-2019-10567,0.00044,0.10161
CVE-2019-10569,0.00044,0.10161
CVE-2019-1057,0.04456,0.91630
CVE-2019-10571,0.00044,0.10161
CVE-2019-10572,0.00212,0.59232
CVE-2019-10574,0.00051,0.17393
CVE-2019-10575,0.00044,0.10161
CVE-2019-10577,0.00188,0.56423
CVE-2019-10578,0.00098,0.40524
CVE-2019-10579,0.00188,0.56423
CVE-2019-10580,0.00044,0.10161
CVE-2019-10581,0.00188,0.56423
CVE-2019-10582,0.00044,0.10161
CVE-2019-10583,0.00044,0.10161
CVE-2019-10584,0.00044,0.10161
CVE-2019-10585,0.00044,0.10161
CVE-2019-10586,0.00212,0.59232
CVE-2019-10587,0.00212,0.59232
CVE-2019-10588,0.00212,0.59232
CVE-2019-10589,0.00188,0.56423
CVE-2019-1059,0.02130,0.88143
CVE-2019-10590,0.00188,0.56423
CVE-2019-10591,0.00098,0.40524
CVE-2019-10592,0.00044,0.10161
CVE-2019-10593,0.00212,0.59232
CVE-2019-10594,0.00212,0.59232
CVE-2019-10595,0.00044,0.10161
CVE-2019-10596,0.00044,0.10161
CVE-2019-10597,0.00044,0.10161
CVE-2019-10598,0.00044,0.10161
CVE-2019-1060,0.03666,0.90853
CVE-2019-10600,0.00044,0.10161
CVE-2019-10601,0.00044,0.10161
CVE-2019-10602,0.00044,0.10161
CVE-2019-10603,0.00044,0.10161
CVE-2019-10604,0.00044,0.10161
CVE-2019-10605,0.00044,0.10161
CVE-2019-10606,0.00044,0.10161
CVE-2019-10607,0.00044,0.10161
CVE-2019-10608,0.00044,0.10161
CVE-2019-10609,0.00188,0.56423
CVE-2019-10610,0.00188,0.56423
CVE-2019-10611,0.00212,0.59232
CVE-2019-10612,0.00212,0.59232
CVE-2019-10614,0.00188,0.56423
CVE-2019-10615,0.00044,0.10161
CVE-2019-10616,0.00044,0.10161
CVE-2019-10617,0.00044,0.10161
CVE-2019-10618,0.00044,0.10161
CVE-2019-1062,0.02130,0.88143
CVE-2019-10620,0.00044,0.10161
CVE-2019-10621,0.00044,0.10161
CVE-2019-10622,0.00188,0.56423
CVE-2019-10623,0.00044,0.10161
CVE-2019-10624,0.00044,0.10161
CVE-2019-10625,0.00044,0.10161
CVE-2019-10626,0.00044,0.10161
CVE-2019-10627,0.00181,0.55358
CVE-2019-10628,0.00044,0.10161
CVE-2019-10629,0.00044,0.10161
CVE-2019-1063,0.02130,0.88143
CVE-2019-10630,0.00125,0.46961
CVE-2019-10631,0.00174,0.54599
CVE-2019-10632,0.00061,0.23805
CVE-2019-10633,0.00197,0.57584
CVE-2019-10634,0.00072,0.29718
CVE-2019-10636,0.00058,0.22795
CVE-2019-10637,0.00058,0.22795
CVE-2019-10638,0.00166,0.53272
CVE-2019-10639,0.00265,0.64235
CVE-2019-1064,0.87880,0.98431
CVE-2019-10640,0.00250,0.63005
CVE-2019-10641,0.00244,0.62506
CVE-2019-10642,0.00071,0.29353
CVE-2019-10643,0.00341,0.68559
CVE-2019-10644,0.00112,0.44586
CVE-2019-10646,0.00087,0.36434
CVE-2019-10647,0.01358,0.84849
CVE-2019-10648,0.00657,0.77382
CVE-2019-10649,0.00128,0.47455
CVE-2019-1065,0.00049,0.15817
CVE-2019-10650,0.00851,0.80435
CVE-2019-10651,0.01356,0.84833
CVE-2019-10652,0.00493,0.73703
CVE-2019-10653,0.00212,0.59184
CVE-2019-10654,0.00086,0.35850
CVE-2019-10655,0.92550,0.98820
CVE-2019-10656,0.00211,0.59082
CVE-2019-10657,0.00172,0.54290
CVE-2019-10658,0.00211,0.59082
CVE-2019-10659,0.00202,0.58146
CVE-2019-10660,0.00202,0.58146
CVE-2019-10661,0.00239,0.62031
CVE-2019-10662,0.00202,0.58146
CVE-2019-10663,0.00110,0.44091
CVE-2019-10664,0.01138,0.83253
CVE-2019-10665,0.00301,0.66457
CVE-2019-10666,0.00465,0.72921
CVE-2019-10667,0.00126,0.47113
CVE-2019-10668,0.00414,0.71442
CVE-2019-10669,0.87474,0.98411
CVE-2019-1067,0.00043,0.07315
CVE-2019-10670,0.00105,0.42625
CVE-2019-10671,0.00091,0.38618
CVE-2019-10672,0.00344,0.68728
CVE-2019-10673,0.00152,0.51502
CVE-2019-10676,0.00416,0.71494
CVE-2019-10677,0.01466,0.85411
CVE-2019-10678,0.15358,0.95397
CVE-2019-10679,0.00042,0.05722
CVE-2019-1068,0.02204,0.88353
CVE-2019-10682,0.00156,0.52030
CVE-2019-10684,0.04015,0.91220
CVE-2019-10685,0.00122,0.46518
CVE-2019-10686,0.00222,0.60556
CVE-2019-10687,0.01263,0.84225
CVE-2019-10688,0.00070,0.29068
CVE-2019-10689,0.00058,0.22588
CVE-2019-1069,0.00387,0.70504
CVE-2019-10691,0.00274,0.64790
CVE-2019-10692,0.97370,0.99892
CVE-2019-10694,0.00222,0.60556
CVE-2019-10695,0.00065,0.26756
CVE-2019-1070,0.00068,0.27963
CVE-2019-10705,0.00179,0.55233
CVE-2019-10706,0.00044,0.10161
CVE-2019-10707,0.00212,0.59184
CVE-2019-10708,0.00212,0.59184
CVE-2019-10709,0.26862,0.96352
CVE-2019-1071,0.00049,0.15132
CVE-2019-10710,0.00104,0.42231
CVE-2019-10711,0.00168,0.53801
CVE-2019-10712,0.03611,0.90784
CVE-2019-10714,0.00256,0.63514
CVE-2019-10715,0.00054,0.20290
CVE-2019-10716,0.02229,0.88427
CVE-2019-10717,0.00409,0.71245
CVE-2019-10718,0.01521,0.85706
CVE-2019-10719,0.03518,0.90672
CVE-2019-1072,0.03217,0.90264
CVE-2019-10720,0.03518,0.90672
CVE-2019-10721,0.00072,0.29993
CVE-2019-10723,0.00056,0.21204
CVE-2019-10724,0.00081,0.33872
CVE-2019-1073,0.00049,0.15132
CVE-2019-10732,0.00089,0.37255
CVE-2019-10734,0.00086,0.35628
CVE-2019-10735,0.00086,0.35628
CVE-2019-1074,0.00083,0.34369
CVE-2019-10740,0.00186,0.55918
CVE-2019-10741,0.00078,0.32606
CVE-2019-10742,0.00204,0.58373
CVE-2019-10743,0.00127,0.47259
CVE-2019-10744,0.01478,0.85456
CVE-2019-10745,0.00102,0.41475
CVE-2019-10746,0.00522,0.74451
CVE-2019-10747,0.00447,0.72431
CVE-2019-10748,0.00186,0.55991
CVE-2019-10749,0.00194,0.57293
CVE-2019-1075,0.00198,0.57704
CVE-2019-10750,0.00659,0.77474
CVE-2019-10751,0.00403,0.71036
CVE-2019-10752,0.00227,0.60992
CVE-2019-10753,0.00065,0.27048
CVE-2019-10754,0.00187,0.56166
CVE-2019-10755,0.00065,0.26756
CVE-2019-10756,0.00058,0.22585
CVE-2019-10757,0.00212,0.59184
CVE-2019-10758,0.97459,0.99955
CVE-2019-10759,0.00131,0.47909
CVE-2019-1076,0.00054,0.19349
CVE-2019-10760,0.00124,0.46813
CVE-2019-10761,0.00123,0.46621
CVE-2019-10762,0.00146,0.50553
CVE-2019-10763,0.00065,0.26756
CVE-2019-10764,0.00239,0.62011
CVE-2019-10765,0.00466,0.72936
CVE-2019-10766,0.00212,0.59184
CVE-2019-10767,0.00179,0.55236
CVE-2019-10768,0.00115,0.45133
CVE-2019-10769,0.01210,0.83828
CVE-2019-1077,0.00070,0.28944
CVE-2019-10770,0.00087,0.36434
CVE-2019-10771,0.00078,0.32606
CVE-2019-10772,0.00099,0.40672
CVE-2019-10773,0.00296,0.66206
CVE-2019-10774,0.00469,0.73036
CVE-2019-10775,0.00103,0.41969
CVE-2019-10776,0.00556,0.75268
CVE-2019-10777,0.00223,0.60665
CVE-2019-10778,0.00392,0.70715
CVE-2019-10779,0.00087,0.36434
CVE-2019-1078,0.00049,0.15132
CVE-2019-10780,0.00475,0.73184
CVE-2019-10781,0.00235,0.61731
CVE-2019-10782,0.00280,0.65148
CVE-2019-10783,0.01346,0.84744
CVE-2019-10784,0.00223,0.60632
CVE-2019-10785,0.00287,0.65617
CVE-2019-10786,0.00894,0.80930
CVE-2019-10787,0.00385,0.70428
CVE-2019-10788,0.00385,0.70428
CVE-2019-10789,0.26826,0.96350
CVE-2019-1079,0.01917,0.87379
CVE-2019-10790,0.00379,0.70203
CVE-2019-10791,0.00481,0.73372
CVE-2019-10792,0.00074,0.30525
CVE-2019-10793,0.00074,0.30525
CVE-2019-10794,0.00072,0.29893
CVE-2019-10795,0.00074,0.30525
CVE-2019-10796,0.01150,0.83343
CVE-2019-10797,0.00075,0.30975
CVE-2019-10798,0.00115,0.45133
CVE-2019-10799,0.00314,0.67234
CVE-2019-1080,0.01441,0.85283
CVE-2019-10800,0.00070,0.28854
CVE-2019-10801,0.00911,0.81113
CVE-2019-10802,0.00492,0.73677
CVE-2019-10803,0.00911,0.81113
CVE-2019-10804,0.00911,0.81113
CVE-2019-10805,0.00091,0.38064
CVE-2019-10806,0.00053,0.18833
CVE-2019-10807,0.00561,0.75344
CVE-2019-10808,0.00109,0.43614
CVE-2019-1081,0.00281,0.65212
CVE-2019-1082,0.00043,0.07315
CVE-2019-1083,0.00138,0.49309
CVE-2019-1084,0.00531,0.74677
CVE-2019-10842,0.81211,0.98088
CVE-2019-10844,0.00186,0.55912
CVE-2019-10845,0.00262,0.63936
CVE-2019-10846,0.00182,0.55541
CVE-2019-10847,0.00361,0.69456
CVE-2019-10848,0.01527,0.85735
CVE-2019-10849,0.04513,0.91682
CVE-2019-1085,0.00043,0.07315
CVE-2019-10850,0.00196,0.57573
CVE-2019-10851,0.00062,0.24397
CVE-2019-10852,0.00167,0.53414
CVE-2019-10853,0.00235,0.61731
CVE-2019-10854,0.00182,0.55616
CVE-2019-10855,0.00149,0.50995
CVE-2019-10856,0.00112,0.44327
CVE-2019-1086,0.00043,0.07315
CVE-2019-10863,0.08336,0.93807
CVE-2019-10864,0.00124,0.46744
CVE-2019-10866,0.00333,0.68275
CVE-2019-10867,0.87698,0.98420
CVE-2019-10868,0.00427,0.71824
CVE-2019-10869,0.10651,0.94556
CVE-2019-1087,0.00043,0.07315
CVE-2019-10871,0.00747,0.79002
CVE-2019-10872,0.01845,0.87070
CVE-2019-10873,0.00667,0.77664
CVE-2019-10874,0.04739,0.91889
CVE-2019-10875,0.01146,0.83312
CVE-2019-10876,0.00125,0.47024
CVE-2019-10877,0.00566,0.75477
CVE-2019-10878,0.02820,0.89674
CVE-2019-10879,0.04510,0.91682
CVE-2019-1088,0.00043,0.07315
CVE-2019-10880,0.00213,0.59320
CVE-2019-10881,0.00222,0.60556
CVE-2019-10882,0.00042,0.05722
CVE-2019-10883,0.86872,0.98383
CVE-2019-10884,0.00278,0.65045
CVE-2019-10885,0.00042,0.05722
CVE-2019-10886,0.00152,0.51385
CVE-2019-10887,0.00846,0.80380
CVE-2019-10888,0.00112,0.44586
CVE-2019-1089,0.00053,0.18634
CVE-2019-10891,0.00425,0.71754
CVE-2019-10892,0.00438,0.72168
CVE-2019-10893,0.00409,0.71246
CVE-2019-10894,0.00555,0.75242
CVE-2019-10895,0.00188,0.56439
CVE-2019-10896,0.00327,0.67886
CVE-2019-10897,0.00257,0.63566
CVE-2019-10898,0.00180,0.55353
CVE-2019-10899,0.00284,0.65450
CVE-2019-1090,0.00043,0.07315
CVE-2019-10900,0.00257,0.63566
CVE-2019-10901,0.00391,0.70666
CVE-2019-10902,0.00219,0.59899
CVE-2019-10903,0.00275,0.64814
CVE-2019-10904,0.00180,0.55329
CVE-2019-10905,0.00224,0.60748
CVE-2019-10906,0.00222,0.60557
CVE-2019-10907,0.00222,0.60556
CVE-2019-10908,0.00768,0.79348
CVE-2019-10909,0.00075,0.30929
CVE-2019-1091,0.00049,0.15132
CVE-2019-10910,0.01527,0.85736
CVE-2019-10911,0.00218,0.59813
CVE-2019-10912,0.00236,0.61740
CVE-2019-10913,0.00174,0.54650
CVE-2019-10914,0.00186,0.55980
CVE-2019-10915,0.00043,0.05916
CVE-2019-10916,0.00092,0.38813
CVE-2019-10917,0.00042,0.00438
CVE-2019-10918,0.00114,0.44803
CVE-2019-10919,0.00524,0.74515
CVE-2019-1092,0.02130,0.88143
CVE-2019-10920,0.00902,0.81018
CVE-2019-10921,0.00636,0.76958
CVE-2019-10922,0.00342,0.68613
CVE-2019-10923,0.00103,0.41969
CVE-2019-10924,0.00062,0.24519
CVE-2019-10925,0.00104,0.42307
CVE-2019-10926,0.00251,0.63115
CVE-2019-10927,0.00081,0.33872
CVE-2019-10928,0.00044,0.10161
CVE-2019-10929,0.00075,0.31060
CVE-2019-1093,0.00043,0.07524
CVE-2019-10930,0.00147,0.50621
CVE-2019-10931,0.00103,0.41969
CVE-2019-10933,0.00078,0.32606
CVE-2019-10934,0.00044,0.07794
CVE-2019-10935,0.00092,0.38813
CVE-2019-10936,0.00206,0.58643
CVE-2019-10937,0.00116,0.45451
CVE-2019-10938,0.00263,0.64049
CVE-2019-10939,0.00170,0.54119
CVE-2019-1094,0.30775,0.96564
CVE-2019-10940,0.00092,0.38813
CVE-2019-10941,0.00072,0.29847
CVE-2019-10942,0.00103,0.41969
CVE-2019-10943,0.00084,0.34791
CVE-2019-10945,0.94094,0.99002
CVE-2019-10946,0.00083,0.34278
CVE-2019-10947,0.05673,0.92597
CVE-2019-10948,0.00100,0.40789
CVE-2019-10949,0.00098,0.40443
CVE-2019-1095,0.30775,0.96564
CVE-2019-10950,0.00192,0.57137
CVE-2019-10951,0.00322,0.67666
CVE-2019-10952,0.01029,0.82276
CVE-2019-10953,0.00104,0.42310
CVE-2019-10954,0.01233,0.84005
CVE-2019-10955,0.00970,0.81746
CVE-2019-10956,0.00173,0.54515
CVE-2019-10957,0.00059,0.23052
CVE-2019-10958,0.00229,0.61204
CVE-2019-10959,0.00222,0.60587
CVE-2019-1096,0.00049,0.15132
CVE-2019-10960,0.00162,0.52844
CVE-2019-10961,0.00902,0.81018
CVE-2019-10962,0.00079,0.32906
CVE-2019-10963,0.00151,0.51343
CVE-2019-10964,0.00065,0.26889
CVE-2019-10965,0.00736,0.78853
CVE-2019-10966,0.00077,0.32059
CVE-2019-10967,0.00533,0.74719
CVE-2019-10968,0.00044,0.08189
CVE-2019-10969,0.00698,0.78217
CVE-2019-1097,0.00043,0.07524
CVE-2019-10970,0.00154,0.51656
CVE-2019-10971,0.00086,0.35837
CVE-2019-10972,0.00052,0.18051
CVE-2019-10973,0.00104,0.42353
CVE-2019-10974,0.00046,0.12654
CVE-2019-10975,0.00065,0.26793
CVE-2019-10976,0.00064,0.26492
CVE-2019-10977,0.00109,0.43531
CVE-2019-10978,0.00466,0.72937
CVE-2019-10979,0.00681,0.77949
CVE-2019-1098,0.30775,0.96564
CVE-2019-10980,0.00105,0.42538
CVE-2019-10981,0.00045,0.12183
CVE-2019-10982,0.00189,0.56444
CVE-2019-10983,0.00535,0.74796
CVE-2019-10984,0.00934,0.81374
CVE-2019-10985,0.00632,0.76892
CVE-2019-10987,0.07596,0.93530
CVE-2019-10988,0.00044,0.08189
CVE-2019-10989,0.06762,0.93208
CVE-2019-1099,0.30775,0.96564
CVE-2019-10990,0.00317,0.67393
CVE-2019-10991,0.10095,0.94413
CVE-2019-10992,0.00074,0.30693
CVE-2019-10993,0.09404,0.94186
CVE-2019-10994,0.00063,0.25675
CVE-2019-10995,0.00076,0.31397
CVE-2019-10996,0.01821,0.86949
CVE-2019-10997,0.00081,0.33540
CVE-2019-10998,0.00068,0.27920
CVE-2019-10999,0.00101,0.41120
CVE-2019-1100,0.30775,0.96564
CVE-2019-11000,0.00130,0.47898
CVE-2019-11001,0.00407,0.71200
CVE-2019-11002,0.00087,0.36434
CVE-2019-11003,0.00087,0.36434
CVE-2019-11004,0.00087,0.36434
CVE-2019-11005,0.02766,0.89586
CVE-2019-11006,0.00320,0.67565
CVE-2019-11007,0.00805,0.79900
CVE-2019-11008,0.00739,0.78894
CVE-2019-11009,0.00283,0.65378
CVE-2019-1101,0.30775,0.96564
CVE-2019-11010,0.00368,0.69782
CVE-2019-11011,0.01764,0.86714
CVE-2019-11013,0.01775,0.86751
CVE-2019-11014,0.00813,0.79973
CVE-2019-11015,0.00096,0.40045
CVE-2019-11016,0.00125,0.46899
CVE-2019-11017,0.00079,0.33155
CVE-2019-11018,0.00390,0.70637
CVE-2019-11019,0.00178,0.55045
CVE-2019-1102,0.06126,0.92858
CVE-2019-11020,0.00178,0.55045
CVE-2019-11021,0.00668,0.77677
CVE-2019-11023,0.03072,0.90054
CVE-2019-11024,0.00061,0.23866
CVE-2019-11025,0.00088,0.36825
CVE-2019-11026,0.00292,0.65980
CVE-2019-11027,0.00359,0.69366
CVE-2019-11028,0.00400,0.70969
CVE-2019-11029,0.00172,0.54296
CVE-2019-1103,0.02130,0.88143
CVE-2019-11030,0.00478,0.73293
CVE-2019-11031,0.00195,0.57387
CVE-2019-11032,0.00066,0.27550
CVE-2019-11033,0.00084,0.35108
CVE-2019-11034,0.00873,0.80663
CVE-2019-11035,0.00444,0.72334
CVE-2019-11036,0.00541,0.74953
CVE-2019-11037,0.05104,0.92200
CVE-2019-11038,0.00289,0.65779
CVE-2019-11039,0.00698,0.78226
CVE-2019-1104,0.01441,0.85283
CVE-2019-11040,0.00639,0.77038
CVE-2019-11041,0.00196,0.57547
CVE-2019-11042,0.00196,0.57547
CVE-2019-11043,0.97461,0.99957
CVE-2019-11044,0.00175,0.54706
CVE-2019-11045,0.00820,0.80049
CVE-2019-11046,0.00360,0.69399
CVE-2019-11047,0.00807,0.79921
CVE-2019-11048,0.00868,0.80624
CVE-2019-11049,0.00351,0.69023
CVE-2019-1105,0.00053,0.18650
CVE-2019-11050,0.00402,0.71018
CVE-2019-11057,0.00228,0.61053
CVE-2019-11059,0.00244,0.62506
CVE-2019-1106,0.02130,0.88143
CVE-2019-11060,0.00243,0.62333
CVE-2019-11061,0.00135,0.48792
CVE-2019-11062,0.01516,0.85669
CVE-2019-11063,0.00188,0.56319
CVE-2019-11064,0.00381,0.70251
CVE-2019-11065,0.00095,0.39705
CVE-2019-11066,0.00222,0.60556
CVE-2019-11068,0.00188,0.56373
CVE-2019-11069,0.00122,0.46405
CVE-2019-1107,0.02130,0.88143
CVE-2019-11070,0.01877,0.87200
CVE-2019-11071,0.00611,0.76443
CVE-2019-11072,0.90544,0.98607
CVE-2019-11073,0.02922,0.89824
CVE-2019-11074,0.00907,0.81074
CVE-2019-11076,0.00775,0.79444
CVE-2019-11077,0.00112,0.44586
CVE-2019-11078,0.00112,0.44586
CVE-2019-1108,0.00752,0.79081
CVE-2019-11080,0.04438,0.91616
CVE-2019-11081,0.00309,0.66976
CVE-2019-11082,0.00096,0.39991
CVE-2019-11084,0.00078,0.32606
CVE-2019-11085,0.00046,0.13778
CVE-2019-11086,0.00070,0.29068
CVE-2019-11087,0.00044,0.10161
CVE-2019-11088,0.00070,0.29068
CVE-2019-11089,0.00044,0.10161
CVE-2019-1109,0.00119,0.45886
CVE-2019-11090,0.00168,0.53801
CVE-2019-11091,0.00061,0.23876
CVE-2019-11092,0.00044,0.10161
CVE-2019-11093,0.00044,0.10161
CVE-2019-11094,0.00044,0.10161
CVE-2019-11095,0.00044,0.10161
CVE-2019-11096,0.00044,0.10161
CVE-2019-11097,0.00044,0.10161
CVE-2019-11098,0.00062,0.24373
CVE-2019-1110,0.06126,0.92858
CVE-2019-11100,0.00070,0.29068
CVE-2019-11101,0.00044,0.10161
CVE-2019-11102,0.00044,0.10161
CVE-2019-11103,0.00044,0.10161
CVE-2019-11104,0.00044,0.10161
CVE-2019-11105,0.00042,0.05722
CVE-2019-11106,0.00044,0.10161
CVE-2019-11107,0.00222,0.60556
CVE-2019-11108,0.00044,0.10161
CVE-2019-11109,0.00042,0.05722
CVE-2019-1111,0.06126,0.92858
CVE-2019-11110,0.00044,0.10161
CVE-2019-11111,0.00044,0.10161
CVE-2019-11112,0.00044,0.10161
CVE-2019-11113,0.00044,0.10161
CVE-2019-11114,0.00044,0.10161
CVE-2019-11117,0.00044,0.10161
CVE-2019-11119,0.00299,0.66391
CVE-2019-1112,0.00197,0.57690
CVE-2019-11120,0.00044,0.10161
CVE-2019-11121,0.00044,0.10161
CVE-2019-11123,0.00044,0.10161
CVE-2019-11124,0.00044,0.10161
CVE-2019-11125,0.00044,0.10161
CVE-2019-11126,0.00044,0.10161
CVE-2019-11127,0.00044,0.10161
CVE-2019-11128,0.00044,0.10161
CVE-2019-11129,0.00044,0.10161
CVE-2019-1113,0.04446,0.91620
CVE-2019-11131,0.00127,0.47277
CVE-2019-11132,0.00104,0.42231
CVE-2019-11133,0.00042,0.05722
CVE-2019-11135,0.00062,0.24571
CVE-2019-11136,0.00044,0.10161
CVE-2019-11137,0.00044,0.10161
CVE-2019-11139,0.00045,0.11966
CVE-2019-11140,0.00044,0.10161
CVE-2019-11143,0.00044,0.10161
CVE-2019-11145,0.00044,0.10161
CVE-2019-11146,0.00044,0.10161
CVE-2019-11147,0.00044,0.10161
CVE-2019-11148,0.00044,0.10161
CVE-2019-11151,0.00044,0.10161
CVE-2019-11152,0.00070,0.29068
CVE-2019-11153,0.00044,0.10161
CVE-2019-11154,0.00044,0.10161
CVE-2019-11155,0.00044,0.10161
CVE-2019-11156,0.00042,0.05722
CVE-2019-11157,0.00044,0.10161
CVE-2019-1116,0.30775,0.96564
CVE-2019-11162,0.00044,0.10161
CVE-2019-11163,0.00044,0.10161
CVE-2019-11165,0.00044,0.10161
CVE-2019-11166,0.00044,0.10161
CVE-2019-11167,0.00044,0.10161
CVE-2019-11168,0.00229,0.61162
CVE-2019-1117,0.07106,0.93368
CVE-2019-11170,0.00044,0.10161
CVE-2019-11171,0.00208,0.58788
CVE-2019-11172,0.00089,0.37649
CVE-2019-11173,0.00044,0.10161
CVE-2019-11174,0.00089,0.37649
CVE-2019-11175,0.00110,0.44110
CVE-2019-11177,0.00110,0.44110
CVE-2019-11178,0.00078,0.32769
CVE-2019-11179,0.00063,0.25750
CVE-2019-1118,0.07106,0.93368
CVE-2019-11180,0.00110,0.44110
CVE-2019-11181,0.00044,0.10161
CVE-2019-11182,0.00110,0.44110
CVE-2019-11184,0.00045,0.12315
CVE-2019-11185,0.01561,0.85897
CVE-2019-11187,0.00178,0.55107
CVE-2019-11189,0.00073,0.30345
CVE-2019-1119,0.07106,0.93368
CVE-2019-11190,0.00042,0.05722
CVE-2019-11191,0.00042,0.05722
CVE-2019-11193,0.00659,0.77424
CVE-2019-11196,0.00705,0.78336
CVE-2019-11198,0.00175,0.54761
CVE-2019-11199,0.00057,0.21542
CVE-2019-1120,0.07106,0.93368
CVE-2019-11200,0.00109,0.43753
CVE-2019-11201,0.00143,0.50179
CVE-2019-11202,0.00341,0.68559
CVE-2019-11203,0.00088,0.37073
CVE-2019-11204,0.00273,0.64730
CVE-2019-11205,0.00135,0.48677
CVE-2019-11206,0.00190,0.56615
CVE-2019-11207,0.00050,0.16437
CVE-2019-11208,0.00087,0.36023
CVE-2019-11209,0.00087,0.35903
CVE-2019-1121,0.07106,0.93368
CVE-2019-11210,0.00379,0.70191
CVE-2019-11211,0.00547,0.75095
CVE-2019-11212,0.00054,0.20290
CVE-2019-11213,0.00446,0.72388
CVE-2019-11215,0.00552,0.75190
CVE-2019-11216,0.01048,0.82467
CVE-2019-11217,0.00300,0.66447
CVE-2019-11218,0.00092,0.38742
CVE-2019-11219,0.00176,0.54820
CVE-2019-1122,0.07106,0.93368
CVE-2019-11220,0.00669,0.77681
CVE-2019-11221,0.00088,0.36846
CVE-2019-11222,0.00206,0.58612
CVE-2019-11223,0.05242,0.92293
CVE-2019-11224,0.00304,0.66641
CVE-2019-11226,0.00662,0.77541
CVE-2019-11228,0.00071,0.29313
CVE-2019-11229,0.04522,0.91687
CVE-2019-1123,0.07106,0.93368
CVE-2019-11230,0.00044,0.10445
CVE-2019-11231,0.51429,0.97278
CVE-2019-11232,0.00434,0.72045
CVE-2019-11233,0.00272,0.64690
CVE-2019-11234,0.00487,0.73555
CVE-2019-11235,0.00660,0.77492
CVE-2019-11236,0.00434,0.72023
CVE-2019-1124,0.07106,0.93368
CVE-2019-11242,0.00107,0.43271
CVE-2019-11243,0.00428,0.71851
CVE-2019-11244,0.00046,0.13851
CVE-2019-11245,0.00042,0.05722
CVE-2019-11246,0.00115,0.45206
CVE-2019-11247,0.00282,0.65259
CVE-2019-11248,0.69166,0.97720
CVE-2019-11249,0.00185,0.55829
CVE-2019-1125,0.00116,0.45332
CVE-2019-11250,0.00112,0.44402
CVE-2019-11251,0.00050,0.16378
CVE-2019-11252,0.00065,0.26756
CVE-2019-11253,0.01907,0.87347
CVE-2019-11254,0.00104,0.42334
CVE-2019-11255,0.00262,0.63977
CVE-2019-1126,0.00210,0.58946
CVE-2019-11268,0.00054,0.20290
CVE-2019-11269,0.00221,0.60324
CVE-2019-1127,0.07106,0.93368
CVE-2019-11270,0.00085,0.35226
CVE-2019-11271,0.00042,0.05722
CVE-2019-11272,0.00083,0.34298
CVE-2019-11273,0.00082,0.34183
CVE-2019-11274,0.00078,0.32606
CVE-2019-11275,0.00110,0.43953
CVE-2019-11276,0.00062,0.24843
CVE-2019-11277,0.00157,0.52108
CVE-2019-11278,0.00092,0.38813
CVE-2019-11279,0.00092,0.38813
CVE-2019-1128,0.07106,0.93368
CVE-2019-11280,0.00257,0.63577
CVE-2019-11281,0.00145,0.50373
CVE-2019-11282,0.00079,0.33111
CVE-2019-11283,0.00333,0.68244
CVE-2019-11284,0.00215,0.59533
CVE-2019-11286,0.00219,0.59903
CVE-2019-11287,0.52640,0.97313
CVE-2019-11288,0.00042,0.05722
CVE-2019-11289,0.00103,0.41969
CVE-2019-1129,0.88811,0.98490
CVE-2019-11290,0.00168,0.53801
CVE-2019-11291,0.00066,0.27429
CVE-2019-11292,0.00065,0.26756
CVE-2019-11293,0.00176,0.54859
CVE-2019-11294,0.00054,0.20290
CVE-2019-1130,0.88811,0.98490
CVE-2019-1131,0.02130,0.88143
CVE-2019-11318,0.00077,0.31706
CVE-2019-11319,0.00731,0.78798
CVE-2019-1132,0.00042,0.05772
CVE-2019-11320,0.00659,0.77474
CVE-2019-11321,0.00126,0.47113
CVE-2019-11322,0.00731,0.78798
CVE-2019-11323,0.00178,0.55045
CVE-2019-11324,0.00439,0.72217
CVE-2019-11325,0.00881,0.80766
CVE-2019-11326,0.00104,0.42231
CVE-2019-11327,0.00085,0.35454
CVE-2019-11328,0.00208,0.58774
CVE-2019-1133,0.02130,0.88143
CVE-2019-11331,0.00972,0.81765
CVE-2019-11332,0.01026,0.82259
CVE-2019-11334,0.00510,0.74180
CVE-2019-11336,0.00472,0.73121
CVE-2019-11338,0.01009,0.82121
CVE-2019-11339,0.00433,0.72002
CVE-2019-1134,0.00068,0.27963
CVE-2019-11340,0.00122,0.46405
CVE-2019-11341,0.00083,0.34427
CVE-2019-11343,0.00217,0.59738
CVE-2019-11344,0.01942,0.87469
CVE-2019-11345,0.00078,0.32606
CVE-2019-11350,0.00418,0.71539
CVE-2019-11351,0.01857,0.87111
CVE-2019-11353,0.00391,0.70676
CVE-2019-11354,0.45532,0.97103
CVE-2019-11355,0.00118,0.45802
CVE-2019-11356,0.03850,0.91067
CVE-2019-11358,0.02952,0.89868
CVE-2019-11359,0.00131,0.48045
CVE-2019-1136,0.00299,0.66395
CVE-2019-11360,0.00176,0.54774
CVE-2019-11361,0.00112,0.44416
CVE-2019-11362,0.00212,0.59184
CVE-2019-11363,0.00110,0.44091
CVE-2019-11364,0.00193,0.57219
CVE-2019-11365,0.32657,0.96640
CVE-2019-11366,0.01950,0.87495
CVE-2019-11367,0.30329,0.96543
CVE-2019-11368,0.00073,0.30144
CVE-2019-11369,0.08426,0.93838
CVE-2019-1137,0.00066,0.27602
CVE-2019-11370,0.18960,0.95818
CVE-2019-11371,0.00250,0.62982
CVE-2019-11372,0.00359,0.69378
CVE-2019-11373,0.00359,0.69378
CVE-2019-11374,0.00569,0.75539
CVE-2019-11375,0.00162,0.52919
CVE-2019-11376,0.00556,0.75266
CVE-2019-11377,0.00149,0.50950
CVE-2019-11378,0.00204,0.58411
CVE-2019-1138,0.02130,0.88143
CVE-2019-11380,0.00165,0.53166
CVE-2019-11383,0.00659,0.77474
CVE-2019-11384,0.00659,0.77474
CVE-2019-11387,0.00314,0.67233
CVE-2019-11388,0.00187,0.56082
CVE-2019-11389,0.00187,0.56082
CVE-2019-1139,0.02130,0.88143
CVE-2019-11390,0.00187,0.56082
CVE-2019-11391,0.00187,0.56082
CVE-2019-11392,0.00414,0.71442
CVE-2019-11393,0.10196,0.94438
CVE-2019-11395,0.16998,0.95600
CVE-2019-11396,0.00044,0.10161
CVE-2019-11397,0.00071,0.29142
CVE-2019-11398,0.00751,0.79063
CVE-2019-11399,0.00371,0.69893
CVE-2019-1140,0.02130,0.88143
CVE-2019-11400,0.00244,0.62506
CVE-2019-11401,0.00419,0.71586
CVE-2019-11402,0.00382,0.70316
CVE-2019-11403,0.00244,0.62506
CVE-2019-11404,0.00123,0.46600
CVE-2019-11405,0.00278,0.65057
CVE-2019-11406,0.00076,0.31249
CVE-2019-11407,0.00082,0.34090
CVE-2019-11408,0.01763,0.86711
CVE-2019-11409,0.87405,0.98405
CVE-2019-1141,0.02130,0.88143
CVE-2019-11410,0.00083,0.34596
CVE-2019-11411,0.02681,0.89430
CVE-2019-11412,0.00894,0.80930
CVE-2019-11413,0.01408,0.85111
CVE-2019-11414,0.00249,0.62941
CVE-2019-11415,0.06688,0.93169
CVE-2019-11416,0.00586,0.75907
CVE-2019-11417,0.00250,0.62982
CVE-2019-11418,0.00250,0.62982
CVE-2019-11419,0.00121,0.46327
CVE-2019-1142,0.00043,0.07315
CVE-2019-11426,0.00087,0.36434
CVE-2019-11427,0.00087,0.36434
CVE-2019-11428,0.00087,0.36434
CVE-2019-11429,0.00231,0.61331
CVE-2019-1143,0.00043,0.07524
CVE-2019-1144,0.14293,0.95236
CVE-2019-11444,0.05719,0.92625
CVE-2019-11445,0.04456,0.91631
CVE-2019-11446,0.00942,0.81443
CVE-2019-11447,0.02413,0.88877
CVE-2019-11448,0.01025,0.82247
CVE-2019-11449,0.00087,0.36434
CVE-2019-1145,0.14083,0.95204
CVE-2019-11450,0.00212,0.59184
CVE-2019-11451,0.00091,0.38618
CVE-2019-11452,0.00091,0.38618
CVE-2019-11454,0.00187,0.56238
CVE-2019-11455,0.00158,0.52350
CVE-2019-11456,0.00112,0.44586
CVE-2019-11457,0.00293,0.66054
CVE-2019-11458,0.00125,0.47073
CVE-2019-11459,0.00342,0.68617
CVE-2019-1146,0.01356,0.84838
CVE-2019-11460,0.00345,0.68743
CVE-2019-11461,0.00044,0.10161
CVE-2019-11463,0.00086,0.35831
CVE-2019-11464,0.00078,0.32606
CVE-2019-11465,0.00084,0.34791
CVE-2019-11466,0.00084,0.34791
CVE-2019-11467,0.00103,0.41969
CVE-2019-11469,0.01345,0.84731
CVE-2019-1147,0.01356,0.84838
CVE-2019-11470,0.01472,0.85433
CVE-2019-11471,0.00274,0.64756
CVE-2019-11472,0.01447,0.85318
CVE-2019-11473,0.00413,0.71367
CVE-2019-11474,0.00579,0.75771
CVE-2019-11476,0.00082,0.34034
CVE-2019-11477,0.97293,0.99846
CVE-2019-11478,0.96717,0.99588
CVE-2019-11479,0.97425,0.99932
CVE-2019-1148,0.00043,0.07319
CVE-2019-11480,0.00208,0.58746
CVE-2019-11481,0.00044,0.10161
CVE-2019-11482,0.00044,0.10161
CVE-2019-11483,0.00042,0.05722
CVE-2019-11484,0.00044,0.10161
CVE-2019-11485,0.00044,0.10161
CVE-2019-11486,0.00046,0.13778
CVE-2019-11487,0.00112,0.44428
CVE-2019-11488,0.00757,0.79181
CVE-2019-11489,0.00056,0.21069
CVE-2019-1149,0.12601,0.94972
CVE-2019-11490,0.00051,0.17393
CVE-2019-11492,0.00168,0.53801
CVE-2019-11493,0.00098,0.40325
CVE-2019-11494,0.02130,0.88144
CVE-2019-11495,0.00860,0.80539
CVE-2019-11496,0.00168,0.53801
CVE-2019-11497,0.00084,0.34791
CVE-2019-11498,0.00926,0.81299
CVE-2019-11499,0.00568,0.75502
CVE-2019-1150,0.16481,0.95535
CVE-2019-11500,0.61388,0.97537
CVE-2019-11502,0.00391,0.70672
CVE-2019-11503,0.00197,0.57646
CVE-2019-11504,0.00784,0.79565
CVE-2019-11505,0.00349,0.68932
CVE-2019-11506,0.00402,0.71033
CVE-2019-11507,0.01351,0.84773
CVE-2019-11508,0.06225,0.92914
CVE-2019-11509,0.00171,0.54235
CVE-2019-1151,0.12601,0.94972
CVE-2019-11510,0.97267,0.99827
CVE-2019-11511,0.00149,0.50928
CVE-2019-11512,0.00138,0.49278
CVE-2019-11513,0.00058,0.22005
CVE-2019-11514,0.00071,0.29313
CVE-2019-11515,0.00385,0.70430
CVE-2019-11516,0.00228,0.61106
CVE-2019-11517,0.00063,0.25629
CVE-2019-11518,0.00091,0.38618
CVE-2019-11519,0.00069,0.28474
CVE-2019-1152,0.12601,0.94972
CVE-2019-11521,0.00137,0.49069
CVE-2019-11522,0.00050,0.16830
CVE-2019-11523,0.00455,0.72653
CVE-2019-11526,0.01014,0.82160
CVE-2019-11527,0.00313,0.67175
CVE-2019-11528,0.00089,0.37431
CVE-2019-1153,0.00043,0.07319
CVE-2019-11533,0.00115,0.45007
CVE-2019-11535,0.00794,0.79766
CVE-2019-11536,0.00244,0.62506
CVE-2019-11537,0.00395,0.70810
CVE-2019-11538,0.00728,0.78746
CVE-2019-11539,0.97275,0.99834
CVE-2019-1154,0.00049,0.15132
CVE-2019-11540,0.03522,0.90677
CVE-2019-11541,0.00839,0.80296
CVE-2019-11542,0.23965,0.96192
CVE-2019-11543,0.00465,0.72922
CVE-2019-11544,0.00058,0.22585
CVE-2019-11545,0.00058,0.22585
CVE-2019-11546,0.00058,0.22585
CVE-2019-11547,0.00112,0.44327
CVE-2019-11548,0.00058,0.22585
CVE-2019-11549,0.00065,0.26857
CVE-2019-1155,0.01356,0.84838
CVE-2019-11550,0.00120,0.46159
CVE-2019-11551,0.00044,0.10161
CVE-2019-11552,0.00051,0.17393
CVE-2019-11553,0.00104,0.42231
CVE-2019-11554,0.00081,0.33540
CVE-2019-11555,0.00976,0.81804
CVE-2019-11556,0.00103,0.41726
CVE-2019-11557,0.00094,0.39473
CVE-2019-11559,0.00107,0.43171
CVE-2019-1156,0.01356,0.84838
CVE-2019-11560,0.00250,0.62982
CVE-2019-11561,0.00103,0.41969
CVE-2019-11564,0.00317,0.67416
CVE-2019-11565,0.00401,0.70983
CVE-2019-11567,0.00091,0.38618
CVE-2019-11568,0.00249,0.62941
CVE-2019-11569,0.00095,0.39668
CVE-2019-1157,0.01356,0.84838
CVE-2019-11574,0.00271,0.64617
CVE-2019-11576,0.00231,0.61336
CVE-2019-11577,0.00704,0.78305
CVE-2019-11578,0.00886,0.80833
CVE-2019-11579,0.00141,0.49716
CVE-2019-1158,0.00043,0.07524
CVE-2019-11580,0.97425,0.99931
CVE-2019-11581,0.97379,0.99898
CVE-2019-11582,0.00295,0.66159
CVE-2019-11583,0.00119,0.45862
CVE-2019-11584,0.00113,0.44648
CVE-2019-11585,0.00121,0.46312
CVE-2019-11586,0.00075,0.31087
CVE-2019-11587,0.00075,0.31087
CVE-2019-11588,0.00075,0.31087
CVE-2019-11589,0.00121,0.46312
CVE-2019-1159,0.00043,0.07315
CVE-2019-11590,0.00264,0.64145
CVE-2019-11591,0.00273,0.64692
CVE-2019-11592,0.00087,0.36434
CVE-2019-11593,0.00830,0.80194
CVE-2019-11594,0.00922,0.81252
CVE-2019-11595,0.00643,0.77114
CVE-2019-11596,0.19081,0.95830
CVE-2019-11597,0.04944,0.92065
CVE-2019-11598,0.02333,0.88682
CVE-2019-11599,0.00042,0.00438
CVE-2019-11600,0.96510,0.99511
CVE-2019-11601,0.00184,0.55717
CVE-2019-11602,0.00154,0.51643
CVE-2019-11603,0.00761,0.79236
CVE-2019-11604,0.00874,0.80675
CVE-2019-11605,0.00168,0.53801
CVE-2019-11606,0.01133,0.83207
CVE-2019-11607,0.01133,0.83207
CVE-2019-11608,0.01133,0.83207
CVE-2019-11609,0.01133,0.83207
CVE-2019-1161,0.00043,0.07315
CVE-2019-11610,0.01133,0.83207
CVE-2019-11611,0.01133,0.83207
CVE-2019-11612,0.00277,0.64964
CVE-2019-11613,0.00079,0.33197
CVE-2019-11614,0.00224,0.60793
CVE-2019-11615,0.00109,0.43614
CVE-2019-11616,0.00688,0.78061
CVE-2019-11617,0.00301,0.66483
CVE-2019-11618,0.03275,0.90360
CVE-2019-11619,0.00079,0.33197
CVE-2019-1162,0.00043,0.07315
CVE-2019-11620,0.00079,0.33197
CVE-2019-11621,0.00079,0.33197
CVE-2019-11622,0.00079,0.33197
CVE-2019-11623,0.00079,0.33197
CVE-2019-11624,0.00081,0.33880
CVE-2019-11625,0.00079,0.33197
CVE-2019-11626,0.00126,0.47113
CVE-2019-11627,0.00482,0.73425
CVE-2019-11628,0.00092,0.38731
CVE-2019-11629,0.00078,0.32606
CVE-2019-1163,0.00129,0.47665
CVE-2019-11632,0.00069,0.28474
CVE-2019-11633,0.00168,0.53801
CVE-2019-11634,0.02353,0.88733
CVE-2019-11636,0.00243,0.62341
CVE-2019-11637,0.00098,0.40385
CVE-2019-11638,0.00098,0.40385
CVE-2019-11639,0.00218,0.59819
CVE-2019-1164,0.00043,0.07315
CVE-2019-11640,0.00218,0.59819
CVE-2019-11641,0.00168,0.53801
CVE-2019-11642,0.00090,0.38030
CVE-2019-11643,0.00090,0.37826
CVE-2019-11644,0.00060,0.23740
CVE-2019-11646,0.00111,0.44123
CVE-2019-11647,0.00078,0.32606
CVE-2019-11648,0.00168,0.53801
CVE-2019-11649,0.00054,0.20290
CVE-2019-11650,0.00081,0.33540
CVE-2019-11651,0.00078,0.32606
CVE-2019-11652,0.00352,0.69087
CVE-2019-11653,0.00087,0.35996
CVE-2019-11654,0.00470,0.73046
CVE-2019-11655,0.00104,0.42231
CVE-2019-11656,0.00050,0.16027
CVE-2019-11657,0.00068,0.28216
CVE-2019-11658,0.00054,0.20290
CVE-2019-1166,0.02515,0.89095
CVE-2019-11660,0.00411,0.71320
CVE-2019-11661,0.00080,0.33357
CVE-2019-11662,0.00054,0.20290
CVE-2019-11663,0.00065,0.26756
CVE-2019-11664,0.00065,0.26756
CVE-2019-11665,0.00168,0.53801
CVE-2019-11666,0.00303,0.66579
CVE-2019-11667,0.00168,0.53801
CVE-2019-11668,0.00168,0.53801
CVE-2019-11669,0.00084,0.34791
CVE-2019-1167,0.00043,0.07315
CVE-2019-11674,0.00065,0.27048
CVE-2019-11675,0.00042,0.05722
CVE-2019-11676,0.00138,0.49324
CVE-2019-11677,0.00843,0.80350
CVE-2019-11678,0.02143,0.88178
CVE-2019-1168,0.00043,0.07315
CVE-2019-11680,0.01356,0.84833
CVE-2019-11682,0.00964,0.81685
CVE-2019-11683,0.02617,0.89290
CVE-2019-11684,0.00178,0.55088
CVE-2019-11686,0.00047,0.13943
CVE-2019-11687,0.00163,0.52938
CVE-2019-11688,0.00215,0.59606
CVE-2019-11689,0.03088,0.90072
CVE-2019-1169,0.00123,0.46681
CVE-2019-11690,0.00168,0.53801
CVE-2019-11691,0.00282,0.65335
CVE-2019-11692,0.00282,0.65335
CVE-2019-11693,0.00282,0.65335
CVE-2019-11694,0.00160,0.52670
CVE-2019-11695,0.00112,0.44327
CVE-2019-11696,0.00096,0.39946
CVE-2019-11697,0.00081,0.33754
CVE-2019-11698,0.00128,0.47484
CVE-2019-11699,0.00081,0.33754
CVE-2019-1170,0.00062,0.24781
CVE-2019-11700,0.00306,0.66758
CVE-2019-11701,0.00084,0.35108
CVE-2019-11702,0.00306,0.66758
CVE-2019-11703,0.05439,0.92450
CVE-2019-11704,0.05439,0.92450
CVE-2019-11705,0.07019,0.93328
CVE-2019-11706,0.02851,0.89730
CVE-2019-11707,0.77152,0.97958
CVE-2019-11708,0.00822,0.80077
CVE-2019-11709,0.01531,0.85754
CVE-2019-1171,0.00049,0.15132
CVE-2019-11710,0.01032,0.82311
CVE-2019-11711,0.00371,0.69880
CVE-2019-11712,0.00419,0.71583
CVE-2019-11713,0.01400,0.85070
CVE-2019-11714,0.00980,0.81846
CVE-2019-11715,0.00821,0.80070
CVE-2019-11716,0.00377,0.70061
CVE-2019-11717,0.00931,0.81334
CVE-2019-11718,0.00114,0.44783
CVE-2019-11719,0.00557,0.75280
CVE-2019-1172,0.00586,0.75907
CVE-2019-11720,0.00455,0.72673
CVE-2019-11721,0.00644,0.77120
CVE-2019-11723,0.00803,0.79872
CVE-2019-11724,0.00196,0.57535
CVE-2019-11725,0.00185,0.55817
CVE-2019-11727,0.00608,0.76378
CVE-2019-11728,0.00205,0.58536
CVE-2019-11729,0.01289,0.84411
CVE-2019-1173,0.00043,0.07315
CVE-2019-11730,0.72187,0.97815
CVE-2019-11733,0.00282,0.65335
CVE-2019-11734,0.00172,0.54277
CVE-2019-11735,0.00303,0.66570
CVE-2019-11736,0.00045,0.11966
CVE-2019-11737,0.00090,0.37972
CVE-2019-11738,0.00211,0.59044
CVE-2019-11739,0.00638,0.76991
CVE-2019-1174,0.00043,0.07315
CVE-2019-11740,0.00711,0.78456
CVE-2019-11741,0.00084,0.35108
CVE-2019-11742,0.00453,0.72609
CVE-2019-11743,0.00917,0.81186
CVE-2019-11744,0.00266,0.64303
CVE-2019-11745,0.00370,0.69850
CVE-2019-11746,0.00769,0.79360
CVE-2019-11747,0.00158,0.52293
CVE-2019-11748,0.00221,0.60324
CVE-2019-11749,0.00154,0.51704
CVE-2019-1175,0.00043,0.07315
CVE-2019-11750,0.00204,0.58459
CVE-2019-11751,0.00309,0.66945
CVE-2019-11752,0.00769,0.79360
CVE-2019-11753,0.00045,0.11966
CVE-2019-11754,0.00084,0.35108
CVE-2019-11755,0.00641,0.77075
CVE-2019-11756,0.00216,0.59618
CVE-2019-11757,0.00811,0.79954
CVE-2019-11758,0.00586,0.75905
CVE-2019-11759,0.01394,0.85044
CVE-2019-1176,0.00043,0.07315
CVE-2019-11760,0.00583,0.75849
CVE-2019-11761,0.00304,0.66627
CVE-2019-11762,0.00234,0.61517
CVE-2019-11763,0.00156,0.52058
CVE-2019-11764,0.01515,0.85668
CVE-2019-11765,0.00081,0.33754
CVE-2019-11766,0.00436,0.72128
CVE-2019-11767,0.00084,0.34791
CVE-2019-11768,0.00754,0.79123
CVE-2019-11769,0.00042,0.05722
CVE-2019-1177,0.00043,0.07315
CVE-2019-11770,0.00143,0.50032
CVE-2019-11771,0.00042,0.05722
CVE-2019-11772,0.00445,0.72372
CVE-2019-11773,0.00060,0.23740
CVE-2019-11774,0.00178,0.55131
CVE-2019-11775,0.00855,0.80488
CVE-2019-11776,0.00094,0.39276
CVE-2019-11777,0.00161,0.52757
CVE-2019-11778,0.00056,0.21148
CVE-2019-11779,0.27996,0.96424
CVE-2019-1178,0.00043,0.07315
CVE-2019-11780,0.00137,0.49184
CVE-2019-11781,0.00374,0.69974
CVE-2019-11782,0.00095,0.39486
CVE-2019-11783,0.00122,0.46407
CVE-2019-11784,0.00122,0.46407
CVE-2019-11785,0.00079,0.33104
CVE-2019-11786,0.00087,0.35996
CVE-2019-1179,0.00043,0.07315
CVE-2019-1180,0.00043,0.07315
CVE-2019-11806,0.00044,0.10374
CVE-2019-11807,0.00101,0.41116
CVE-2019-11808,0.00100,0.40897
CVE-2019-11809,0.00103,0.41747
CVE-2019-1181,0.13130,0.95057
CVE-2019-11810,0.01242,0.84074
CVE-2019-11811,0.00046,0.13778
CVE-2019-11812,0.00078,0.32606
CVE-2019-11813,0.00078,0.32606
CVE-2019-11814,0.00078,0.32606
CVE-2019-11815,0.00527,0.74592
CVE-2019-11816,0.00453,0.72619
CVE-2019-11818,0.00144,0.50222
CVE-2019-11819,0.00152,0.51456
CVE-2019-1182,0.13130,0.95057
CVE-2019-11820,0.00042,0.05722
CVE-2019-11821,0.00074,0.30739
CVE-2019-11822,0.00063,0.25051
CVE-2019-11823,0.00146,0.50497
CVE-2019-11825,0.00054,0.19461
CVE-2019-11826,0.00068,0.27986
CVE-2019-11827,0.00054,0.19461
CVE-2019-11828,0.00054,0.19461
CVE-2019-11829,0.00166,0.53380
CVE-2019-1183,0.04662,0.91823
CVE-2019-11830,0.01695,0.86453
CVE-2019-11831,0.02748,0.89557
CVE-2019-11832,0.00775,0.79443
CVE-2019-11833,0.00044,0.08000
CVE-2019-11834,0.00587,0.75916
CVE-2019-11835,0.00587,0.75916
CVE-2019-11836,0.00096,0.40045
CVE-2019-11837,0.00096,0.39929
CVE-2019-11838,0.00390,0.70637
CVE-2019-11839,0.00390,0.70637
CVE-2019-1184,0.00060,0.23365
CVE-2019-11840,0.00799,0.79816
CVE-2019-11841,0.00554,0.75221
CVE-2019-11842,0.00168,0.53801
CVE-2019-11843,0.00138,0.49285
CVE-2019-11844,0.00082,0.34223
CVE-2019-11845,0.00112,0.44442
CVE-2019-11846,0.00112,0.44442
CVE-2019-11847,0.00180,0.55315
CVE-2019-11848,0.00114,0.44973
CVE-2019-11849,0.00046,0.13783
CVE-2019-1185,0.00043,0.07315
CVE-2019-11850,0.00046,0.13783
CVE-2019-11851,0.00644,0.77121
CVE-2019-11852,0.00222,0.60556
CVE-2019-11853,0.00123,0.46682
CVE-2019-11855,0.00222,0.60556
CVE-2019-11856,0.00076,0.31208
CVE-2019-11857,0.00071,0.29205
CVE-2019-11858,0.00106,0.42796
CVE-2019-11859,0.00107,0.43231
CVE-2019-1186,0.00043,0.07315
CVE-2019-11862,0.00070,0.29068
CVE-2019-11867,0.00044,0.10161
CVE-2019-11868,0.00044,0.10161
CVE-2019-11869,0.00187,0.56076
CVE-2019-1187,0.00576,0.75705
CVE-2019-11870,0.00138,0.49310
CVE-2019-11871,0.00068,0.28093
CVE-2019-11872,0.00817,0.80018
CVE-2019-11873,0.11368,0.94732
CVE-2019-11875,0.00144,0.50229
CVE-2019-11876,0.00112,0.44327
CVE-2019-11877,0.00084,0.35108
CVE-2019-11878,0.00065,0.26916
CVE-2019-11879,0.00044,0.07794
CVE-2019-1188,0.01079,0.82771
CVE-2019-11880,0.00125,0.46891
CVE-2019-11881,0.00076,0.31249
CVE-2019-11884,0.00044,0.08000
CVE-2019-11885,0.00113,0.44691
CVE-2019-11886,0.00201,0.57982
CVE-2019-11887,0.16917,0.95591
CVE-2019-11888,0.00208,0.58788
CVE-2019-11889,0.01915,0.87374
CVE-2019-11890,0.05009,0.92126
CVE-2019-11891,0.00063,0.25378
CVE-2019-11892,0.00063,0.25378
CVE-2019-11893,0.00044,0.10161
CVE-2019-11894,0.00066,0.27209
CVE-2019-11895,0.00058,0.22795
CVE-2019-11896,0.00063,0.25378
CVE-2019-11897,0.00755,0.79139
CVE-2019-11898,0.00104,0.42231
CVE-2019-11899,0.00168,0.53801
CVE-2019-1190,0.00043,0.07315
CVE-2019-1192,0.00130,0.47821
CVE-2019-11921,0.00235,0.61731
CVE-2019-11922,0.02344,0.88710
CVE-2019-11923,0.00224,0.60751
CVE-2019-11924,0.00227,0.60980
CVE-2019-11925,0.00463,0.72864
CVE-2019-11926,0.00447,0.72416
CVE-2019-11927,0.00259,0.63770
CVE-2019-11928,0.00078,0.32606
CVE-2019-11929,0.05997,0.92774
CVE-2019-1193,0.01441,0.85283
CVE-2019-11930,0.05682,0.92604
CVE-2019-11931,0.00089,0.37203
CVE-2019-11932,0.03751,0.90962
CVE-2019-11933,0.01044,0.82440
CVE-2019-11934,0.00235,0.61731
CVE-2019-11935,0.00499,0.73862
CVE-2019-11936,0.00449,0.72480
CVE-2019-11937,0.00224,0.60751
CVE-2019-11938,0.00190,0.56527
CVE-2019-11939,0.00116,0.45451
CVE-2019-1194,0.02130,0.88143
CVE-2019-11940,0.00235,0.61731
CVE-2019-11941,0.01168,0.83514
CVE-2019-11942,0.00501,0.73922
CVE-2019-11943,0.00501,0.73922
CVE-2019-11944,0.05524,0.92517
CVE-2019-11945,0.05524,0.92517
CVE-2019-11946,0.00093,0.39087
CVE-2019-11947,0.00611,0.76446
CVE-2019-11948,0.00501,0.73922
CVE-2019-11949,0.01474,0.85442
CVE-2019-1195,0.02130,0.88143
CVE-2019-11950,0.00838,0.80285
CVE-2019-11951,0.00501,0.73922
CVE-2019-11952,0.00501,0.73922
CVE-2019-11953,0.00501,0.73922
CVE-2019-11954,0.00501,0.73922
CVE-2019-11955,0.00501,0.73922
CVE-2019-11956,0.00838,0.80285
CVE-2019-11957,0.00980,0.81849
CVE-2019-11958,0.00501,0.73922
CVE-2019-11959,0.00501,0.73922
CVE-2019-1196,0.02130,0.88143
CVE-2019-11960,0.00501,0.73922
CVE-2019-11961,0.00501,0.73922
CVE-2019-11962,0.00501,0.73922
CVE-2019-11963,0.00501,0.73922
CVE-2019-11964,0.00501,0.73922
CVE-2019-11965,0.00501,0.73922
CVE-2019-11966,0.00668,0.77679
CVE-2019-11967,0.00524,0.74511
CVE-2019-11968,0.00524,0.74511
CVE-2019-11969,0.00576,0.75707
CVE-2019-1197,0.02130,0.88143
CVE-2019-11970,0.00088,0.37157
CVE-2019-11971,0.00088,0.37157
CVE-2019-11972,0.00088,0.37157
CVE-2019-11973,0.00088,0.37157
CVE-2019-11974,0.00088,0.37157
CVE-2019-11975,0.00088,0.37157
CVE-2019-11976,0.00088,0.37157
CVE-2019-11977,0.00088,0.37157
CVE-2019-11978,0.00088,0.37157
CVE-2019-11979,0.00088,0.37157
CVE-2019-1198,0.00207,0.58692
CVE-2019-11980,0.00094,0.39456
CVE-2019-11982,0.00174,0.54574
CVE-2019-11983,0.00248,0.62816
CVE-2019-11984,0.00088,0.37157
CVE-2019-11985,0.00501,0.73922
CVE-2019-11986,0.00501,0.73922
CVE-2019-11987,0.00044,0.10161
CVE-2019-11988,0.01055,0.82534
CVE-2019-11989,0.00096,0.39866
CVE-2019-1199,0.01715,0.86538
CVE-2019-11990,0.00104,0.42231
CVE-2019-11991,0.01077,0.82757
CVE-2019-11992,0.00058,0.22638
CVE-2019-11993,0.00066,0.27589
CVE-2019-11994,0.00859,0.80522
CVE-2019-11995,0.00145,0.50373
CVE-2019-11996,0.00222,0.60556
CVE-2019-11997,0.00058,0.22638
CVE-2019-11998,0.00044,0.10161
CVE-2019-11999,0.00160,0.52616
CVE-2019-1200,0.01492,0.85532
CVE-2019-12000,0.00063,0.25710
CVE-2019-12001,0.00104,0.42231
CVE-2019-12002,0.00308,0.66926
CVE-2019-1201,0.01356,0.84838
CVE-2019-12017,0.01764,0.86714
CVE-2019-1202,0.00090,0.37844
CVE-2019-1203,0.00068,0.27963
CVE-2019-1204,0.00222,0.60568
CVE-2019-12041,0.00115,0.45086
CVE-2019-12042,0.00986,0.81909
CVE-2019-12043,0.00087,0.36434
CVE-2019-12044,0.00116,0.45451
CVE-2019-12046,0.01805,0.86873
CVE-2019-12047,0.00093,0.38957
CVE-2019-1205,0.01492,0.85532
CVE-2019-1206,0.01602,0.86093
CVE-2019-12067,0.00045,0.11966
CVE-2019-12068,0.00047,0.13971
CVE-2019-1208,0.04016,0.91223
CVE-2019-12083,0.00301,0.66462
CVE-2019-12086,0.00325,0.67827
CVE-2019-12087,0.00044,0.10445
CVE-2019-1209,0.03538,0.90700
CVE-2019-12091,0.00042,0.05844
CVE-2019-12094,0.00753,0.79104
CVE-2019-12095,0.04910,0.92045
CVE-2019-12097,0.00069,0.28732
CVE-2019-12098,0.00187,0.56080
CVE-2019-12099,0.07482,0.93496
CVE-2019-12101,0.00247,0.62766
CVE-2019-12102,0.00318,0.67451
CVE-2019-12103,0.00139,0.49400
CVE-2019-12104,0.00093,0.38962
CVE-2019-12105,0.00338,0.68458
CVE-2019-12106,0.00613,0.76510
CVE-2019-12107,0.00457,0.72710
CVE-2019-12108,0.00340,0.68519
CVE-2019-12109,0.00340,0.68519
CVE-2019-1211,0.00072,0.29504
CVE-2019-12110,0.00293,0.66051
CVE-2019-12111,0.00259,0.63668
CVE-2019-12112,0.00958,0.81633
CVE-2019-12113,0.00532,0.74694
CVE-2019-12114,0.00509,0.74152
CVE-2019-12115,0.00509,0.74152
CVE-2019-12116,0.00509,0.74152
CVE-2019-12117,0.00509,0.74152
CVE-2019-12118,0.00509,0.74152
CVE-2019-12119,0.00509,0.74152
CVE-2019-1212,0.01602,0.86093
CVE-2019-12120,0.00509,0.74152
CVE-2019-12121,0.00286,0.65540
CVE-2019-12122,0.00079,0.33197
CVE-2019-12123,0.00532,0.74694
CVE-2019-12124,0.00292,0.65993
CVE-2019-12125,0.00222,0.60556
CVE-2019-12126,0.00222,0.60556
CVE-2019-12127,0.00222,0.60556
CVE-2019-12128,0.00222,0.60556
CVE-2019-12129,0.00222,0.60556
CVE-2019-1213,0.06082,0.92812
CVE-2019-12130,0.00222,0.60556
CVE-2019-12131,0.00286,0.65613
CVE-2019-12132,0.00958,0.81633
CVE-2019-12133,0.00047,0.14049
CVE-2019-12134,0.00104,0.42231
CVE-2019-12135,0.03442,0.90591
CVE-2019-12136,0.00058,0.22585
CVE-2019-12137,0.00286,0.65611
CVE-2019-12138,0.00044,0.07794
CVE-2019-12139,0.00078,0.32606
CVE-2019-1214,0.00117,0.45478
CVE-2019-12143,0.00096,0.39991
CVE-2019-12144,0.00538,0.74865
CVE-2019-12145,0.00094,0.39441
CVE-2019-12146,0.00094,0.39441
CVE-2019-12147,0.11368,0.94731
CVE-2019-12148,0.01097,0.82921
CVE-2019-12149,0.00138,0.49278
CVE-2019-1215,0.00043,0.07317
CVE-2019-12150,0.00369,0.69819
CVE-2019-12153,0.00264,0.64136
CVE-2019-12154,0.00331,0.68154
CVE-2019-12155,0.01082,0.82801
CVE-2019-12156,0.00084,0.34791
CVE-2019-12157,0.00208,0.58788
CVE-2019-12158,0.00250,0.62982
CVE-2019-12159,0.00103,0.41969
CVE-2019-1216,0.00049,0.15132
CVE-2019-12160,0.00659,0.77474
CVE-2019-12161,0.00087,0.36023
CVE-2019-12162,0.00042,0.05722
CVE-2019-12163,0.00503,0.73988
CVE-2019-12164,0.04459,0.91634
CVE-2019-12165,0.00280,0.65154
CVE-2019-12167,0.00135,0.48777
CVE-2019-12168,0.00554,0.75236
CVE-2019-12169,0.64453,0.97604
CVE-2019-1217,0.02130,0.88143
CVE-2019-12170,0.01103,0.82961
CVE-2019-12171,0.00152,0.51456
CVE-2019-12172,0.00083,0.34401
CVE-2019-12173,0.00893,0.80915
CVE-2019-12174,0.00051,0.17393
CVE-2019-12175,0.00145,0.50311
CVE-2019-12176,0.00042,0.05722
CVE-2019-12177,0.00084,0.34947
CVE-2019-1218,0.00053,0.18650
CVE-2019-12180,0.00091,0.38161
CVE-2019-12181,0.07143,0.93378
CVE-2019-12182,0.16720,0.95563
CVE-2019-12183,0.00476,0.73228
CVE-2019-12184,0.00058,0.22585
CVE-2019-12185,0.07874,0.93647
CVE-2019-12186,0.00054,0.20290
CVE-2019-12189,0.00432,0.71939
CVE-2019-1219,0.00049,0.15132
CVE-2019-12190,0.00058,0.22585
CVE-2019-12193,0.00212,0.59184
CVE-2019-12195,0.00098,0.40320
CVE-2019-12196,0.19095,0.95832
CVE-2019-12198,0.00096,0.39929
CVE-2019-1220,0.00132,0.48295
CVE-2019-12203,0.00148,0.50832
CVE-2019-12204,0.00332,0.68242
CVE-2019-12205,0.00135,0.48677
CVE-2019-12206,0.00465,0.72921
CVE-2019-12207,0.00659,0.77474
CVE-2019-12208,0.00465,0.72921
CVE-2019-12209,0.01599,0.86068
CVE-2019-1221,0.02130,0.88143
CVE-2019-12210,0.00161,0.52782
CVE-2019-12211,0.00835,0.80259
CVE-2019-12212,0.00247,0.62766
CVE-2019-12213,0.00239,0.62008
CVE-2019-12214,0.00115,0.45086
CVE-2019-12215,0.00058,0.22585
CVE-2019-12216,0.00261,0.63910
CVE-2019-12217,0.00931,0.81342
CVE-2019-12218,0.00931,0.81342
CVE-2019-12219,0.01818,0.86934
CVE-2019-1222,0.13130,0.95057
CVE-2019-12220,0.00501,0.73923
CVE-2019-12221,0.00383,0.70324
CVE-2019-12222,0.00501,0.73923
CVE-2019-12223,0.00234,0.61534
CVE-2019-1223,0.00201,0.57992
CVE-2019-12239,0.00130,0.47873
CVE-2019-1224,0.00908,0.81087
CVE-2019-12240,0.00729,0.78764
CVE-2019-12241,0.00729,0.78764
CVE-2019-12243,0.00103,0.41793
CVE-2019-12245,0.00144,0.50298
CVE-2019-12246,0.00074,0.30724
CVE-2019-12247,0.00177,0.54937
CVE-2019-12248,0.00250,0.63015
CVE-2019-1225,0.00908,0.81087
CVE-2019-12250,0.00087,0.36434
CVE-2019-12251,0.00091,0.38618
CVE-2019-12252,0.00634,0.76920
CVE-2019-12253,0.00071,0.29411
CVE-2019-12254,0.00201,0.58090
CVE-2019-12255,0.94115,0.99006
CVE-2019-12256,0.05895,0.92716
CVE-2019-12257,0.92991,0.98868
CVE-2019-12258,0.06302,0.92949
CVE-2019-12259,0.01139,0.83260
CVE-2019-1226,0.13130,0.95057
CVE-2019-12260,0.28865,0.96467
CVE-2019-12261,0.06507,0.93070
CVE-2019-12262,0.00199,0.57785
CVE-2019-12263,0.01810,0.86900
CVE-2019-12264,0.00242,0.62230
CVE-2019-12265,0.00860,0.80532
CVE-2019-12266,0.00200,0.57957
CVE-2019-12269,0.01264,0.84230
CVE-2019-1227,0.00049,0.15132
CVE-2019-12270,0.00159,0.52362
CVE-2019-12271,0.02842,0.89715
CVE-2019-12272,0.00129,0.47573
CVE-2019-12273,0.00060,0.23712
CVE-2019-12274,0.00104,0.42231
CVE-2019-12276,0.96035,0.99371
CVE-2019-12277,0.00276,0.64935
CVE-2019-12278,0.00112,0.44327
CVE-2019-12279,0.01443,0.85298
CVE-2019-1228,0.00049,0.15132
CVE-2019-12280,0.00183,0.55697
CVE-2019-12288,0.00347,0.68837
CVE-2019-12289,0.00347,0.68837
CVE-2019-1229,0.00123,0.46550
CVE-2019-12290,0.00352,0.69063
CVE-2019-12291,0.00084,0.34791
CVE-2019-12292,0.00289,0.65790
CVE-2019-12293,0.01781,0.86772
CVE-2019-12295,0.00657,0.77382
CVE-2019-12297,0.00659,0.77474
CVE-2019-12298,0.00082,0.33935
CVE-2019-12299,0.00076,0.31249
CVE-2019-1230,0.00239,0.62057
CVE-2019-12300,0.00354,0.69148
CVE-2019-12301,0.00205,0.58474
CVE-2019-12303,0.00102,0.41368
CVE-2019-12305,0.00070,0.29068
CVE-2019-12308,0.00679,0.77904
CVE-2019-12309,0.00063,0.24943
CVE-2019-1231,0.00177,0.54946
CVE-2019-12310,0.02589,0.89230
CVE-2019-12311,0.00076,0.31249
CVE-2019-12312,0.00321,0.67610
CVE-2019-12313,0.00076,0.31160
CVE-2019-12314,0.18931,0.95814
CVE-2019-12315,0.00097,0.40273
CVE-2019-1232,0.00043,0.07315
CVE-2019-12323,0.03821,0.91039
CVE-2019-12324,0.00901,0.81008
CVE-2019-12325,0.00107,0.43137
CVE-2019-12326,0.01288,0.84405
CVE-2019-12327,0.00659,0.77474
CVE-2019-12328,0.00846,0.80377
CVE-2019-1233,0.00205,0.58463
CVE-2019-12331,0.00234,0.61510
CVE-2019-1234,0.00201,0.58013
CVE-2019-12345,0.00084,0.35108
CVE-2019-12346,0.00096,0.40015
CVE-2019-12347,0.17720,0.95697
CVE-2019-12348,0.00209,0.58935
CVE-2019-12349,0.00172,0.54442
CVE-2019-1235,0.00043,0.07315
CVE-2019-12350,0.00172,0.54442
CVE-2019-12351,0.00172,0.54442
CVE-2019-12352,0.00088,0.36822
CVE-2019-12353,0.00088,0.36822
CVE-2019-12354,0.00088,0.36822
CVE-2019-12355,0.00088,0.36822
CVE-2019-12356,0.00088,0.36822
CVE-2019-12357,0.00088,0.36822
CVE-2019-12358,0.00088,0.36822
CVE-2019-12359,0.00088,0.36822
CVE-2019-1236,0.01996,0.87659
CVE-2019-12360,0.00098,0.40503
CVE-2019-12361,0.00064,0.26452
CVE-2019-12362,0.00087,0.36434
CVE-2019-12363,0.00150,0.51222
CVE-2019-12365,0.00088,0.36898
CVE-2019-12366,0.00102,0.41292
CVE-2019-12367,0.00088,0.36898
CVE-2019-12368,0.00088,0.36898
CVE-2019-12369,0.00088,0.36898
CVE-2019-1237,0.02130,0.88143
CVE-2019-12370,0.00102,0.41292
CVE-2019-12372,0.00079,0.33088
CVE-2019-12373,0.00072,0.29723
CVE-2019-12374,0.00236,0.61791
CVE-2019-12375,0.00100,0.40879
CVE-2019-12376,0.00051,0.17393
CVE-2019-12377,0.02567,0.89183
CVE-2019-12378,0.00045,0.12114
CVE-2019-12379,0.00045,0.12114
CVE-2019-1238,0.01048,0.82466
CVE-2019-12380,0.00045,0.12114
CVE-2019-12381,0.00045,0.12114
CVE-2019-12382,0.00045,0.12114
CVE-2019-12383,0.00194,0.57331
CVE-2019-12384,0.36859,0.96812
CVE-2019-12385,0.00091,0.38618
CVE-2019-12386,0.00058,0.22585
CVE-2019-12387,0.00240,0.62104
CVE-2019-12388,0.00168,0.53801
CVE-2019-12389,0.00680,0.77925
CVE-2019-1239,0.01158,0.83407
CVE-2019-12390,0.00162,0.52826
CVE-2019-12391,0.00084,0.34791
CVE-2019-12392,0.01439,0.85274
CVE-2019-12393,0.00084,0.34791
CVE-2019-12394,0.01993,0.87645
CVE-2019-12395,0.00161,0.52785
CVE-2019-12397,0.00973,0.81783
CVE-2019-12398,0.00110,0.44062
CVE-2019-12399,0.00130,0.47842
CVE-2019-1240,0.01492,0.85532
CVE-2019-12400,0.00145,0.50313
CVE-2019-12401,0.00234,0.61512
CVE-2019-12402,0.00492,0.73687
CVE-2019-12404,0.00186,0.55926
CVE-2019-12405,0.00437,0.72135
CVE-2019-12406,0.01595,0.86054
CVE-2019-12407,0.00186,0.55926
CVE-2019-12408,0.00141,0.49841
CVE-2019-12409,0.05540,0.92523
CVE-2019-1241,0.01831,0.86994
CVE-2019-12410,0.00717,0.78545
CVE-2019-12412,0.00127,0.47355
CVE-2019-12413,0.00113,0.44615
CVE-2019-12414,0.00054,0.19133
CVE-2019-12415,0.00096,0.40016
CVE-2019-12416,0.00176,0.54853
CVE-2019-12417,0.00047,0.13958
CVE-2019-12418,0.00047,0.13987
CVE-2019-12419,0.01539,0.85791
CVE-2019-1242,0.01356,0.84838
CVE-2019-12420,0.00860,0.80538
CVE-2019-12421,0.00078,0.32245
CVE-2019-12422,0.00193,0.57162
CVE-2019-12423,0.00232,0.61420
CVE-2019-12425,0.00185,0.55830
CVE-2019-12426,0.00143,0.50181
CVE-2019-12427,0.00068,0.28067
CVE-2019-12428,0.00244,0.62506
CVE-2019-12429,0.00060,0.23276
CVE-2019-1243,0.01356,0.84838
CVE-2019-12430,0.00177,0.54947
CVE-2019-12431,0.00051,0.17244
CVE-2019-12432,0.00051,0.17244
CVE-2019-12433,0.00085,0.35201
CVE-2019-12434,0.00051,0.17244
CVE-2019-12435,0.00886,0.80846
CVE-2019-12436,0.02244,0.88467
CVE-2019-12437,0.00199,0.57828
CVE-2019-12439,0.00042,0.05722
CVE-2019-1244,0.05511,0.92502
CVE-2019-12440,0.00326,0.67841
CVE-2019-12441,0.00079,0.33096
CVE-2019-12442,0.00074,0.30673
CVE-2019-12443,0.00244,0.62506
CVE-2019-12444,0.00074,0.30673
CVE-2019-12445,0.00051,0.17244
CVE-2019-12446,0.00166,0.53380
CVE-2019-12447,0.00163,0.52982
CVE-2019-12448,0.02957,0.89875
CVE-2019-12449,0.00152,0.51478
CVE-2019-1245,0.05511,0.92502
CVE-2019-12450,0.01373,0.84931
CVE-2019-12452,0.01152,0.83353
CVE-2019-12453,0.00084,0.35108
CVE-2019-12454,0.00045,0.11966
CVE-2019-12455,0.00042,0.05722
CVE-2019-12456,0.00042,0.05722
CVE-2019-12457,0.00272,0.64662
CVE-2019-12458,0.00272,0.64662
CVE-2019-12459,0.00272,0.64662
CVE-2019-1246,0.01356,0.84838
CVE-2019-12460,0.00327,0.67893
CVE-2019-12461,0.00269,0.64490
CVE-2019-12463,0.00091,0.38637
CVE-2019-12464,0.00081,0.33728
CVE-2019-12465,0.00079,0.33197
CVE-2019-12466,0.00399,0.70947
CVE-2019-12467,0.00115,0.45210
CVE-2019-12468,0.00561,0.75337
CVE-2019-12469,0.00091,0.38572
CVE-2019-1247,0.01492,0.85532
CVE-2019-12470,0.00091,0.38572
CVE-2019-12471,0.00786,0.79593
CVE-2019-12472,0.00078,0.32110
CVE-2019-12473,0.00190,0.56661
CVE-2019-12474,0.00234,0.61506
CVE-2019-12475,0.00084,0.35108
CVE-2019-12476,0.00175,0.54694
CVE-2019-12477,0.93063,0.98876
CVE-2019-12479,0.00449,0.72491
CVE-2019-1248,0.01356,0.84838
CVE-2019-12480,0.06896,0.93275
CVE-2019-12481,0.00063,0.25775
CVE-2019-12482,0.00180,0.55347
CVE-2019-12483,0.00077,0.32050
CVE-2019-12489,0.33788,0.96687
CVE-2019-1249,0.01356,0.84838
CVE-2019-12490,0.00244,0.62508
CVE-2019-12491,0.00102,0.41368
CVE-2019-12492,0.00178,0.55045
CVE-2019-12493,0.00165,0.53136
CVE-2019-12494,0.00126,0.47166
CVE-2019-12495,0.00152,0.51452
CVE-2019-12496,0.00071,0.29313
CVE-2019-12497,0.00938,0.81408
CVE-2019-12498,0.00351,0.69029
CVE-2019-12499,0.00375,0.70025
CVE-2019-1250,0.01492,0.85532
CVE-2019-12500,0.00058,0.21949
CVE-2019-12502,0.00112,0.44586
CVE-2019-12503,0.00798,0.79812
CVE-2019-12504,0.00333,0.68244
CVE-2019-12505,0.00234,0.61573
CVE-2019-12506,0.00300,0.66424
CVE-2019-12507,0.00066,0.27550
CVE-2019-1251,0.00043,0.07524
CVE-2019-12510,0.00414,0.71442
CVE-2019-12511,0.00918,0.81201
CVE-2019-12512,0.00087,0.36434
CVE-2019-12513,0.00087,0.36434
CVE-2019-12515,0.00100,0.40839
CVE-2019-12516,0.00083,0.34387
CVE-2019-12517,0.00157,0.52215
CVE-2019-12518,0.64625,0.97609
CVE-2019-12519,0.00819,0.80040
CVE-2019-1252,0.35653,0.96759
CVE-2019-12520,0.00980,0.81850
CVE-2019-12521,0.01564,0.85917
CVE-2019-12522,0.00044,0.10161
CVE-2019-12523,0.01071,0.82707
CVE-2019-12524,0.01142,0.83279
CVE-2019-12525,0.16211,0.95511
CVE-2019-12526,0.03704,0.90903
CVE-2019-12527,0.03934,0.91154
CVE-2019-12528,0.00944,0.81470
CVE-2019-12529,0.00735,0.78844
CVE-2019-1253,0.00056,0.21152
CVE-2019-12530,0.00258,0.63643
CVE-2019-12532,0.00044,0.10161
CVE-2019-12537,0.00130,0.47832
CVE-2019-12538,0.00468,0.73005
CVE-2019-12539,0.00341,0.68567
CVE-2019-1254,0.00043,0.07315
CVE-2019-12540,0.00341,0.68567
CVE-2019-12541,0.00468,0.73005
CVE-2019-12542,0.00468,0.73005
CVE-2019-12543,0.00468,0.73005
CVE-2019-12548,0.00840,0.80323
CVE-2019-12549,0.00308,0.66928
CVE-2019-1255,0.00201,0.57992
CVE-2019-12550,0.00341,0.68561
CVE-2019-12551,0.00220,0.59976
CVE-2019-12552,0.00094,0.39392
CVE-2019-12553,0.00397,0.70884
CVE-2019-12554,0.00157,0.52205
CVE-2019-12555,0.00157,0.52205
CVE-2019-1256,0.00043,0.07315
CVE-2019-12562,0.00393,0.70735
CVE-2019-12564,0.03275,0.90360
CVE-2019-12566,0.00062,0.24442
CVE-2019-12567,0.01135,0.83234
CVE-2019-12568,0.01135,0.83234
CVE-2019-12569,0.19065,0.95828
CVE-2019-1257,0.01333,0.84663
CVE-2019-12570,0.00091,0.38618
CVE-2019-12571,0.00042,0.05722
CVE-2019-12572,0.00042,0.05722
CVE-2019-12573,0.00042,0.05722
CVE-2019-12574,0.00089,0.37312
CVE-2019-12575,0.00042,0.05722
CVE-2019-12576,0.00042,0.05722
CVE-2019-12577,0.00042,0.05722
CVE-2019-12578,0.00042,0.05722
CVE-2019-12579,0.00073,0.30421
CVE-2019-1258,0.00123,0.46550
CVE-2019-12581,0.00642,0.77098
CVE-2019-12583,0.00481,0.73390
CVE-2019-12584,0.00117,0.45631
CVE-2019-12585,0.00399,0.70925
CVE-2019-12586,0.00124,0.46765
CVE-2019-12587,0.00121,0.46310
CVE-2019-12588,0.00115,0.45137
CVE-2019-12589,0.00090,0.37695
CVE-2019-1259,0.00160,0.52645
CVE-2019-12591,0.00122,0.46396
CVE-2019-12592,0.00092,0.38694
CVE-2019-12593,0.09969,0.94362
CVE-2019-12594,0.01037,0.82366
CVE-2019-12595,0.00130,0.47832
CVE-2019-12596,0.00130,0.47832
CVE-2019-12597,0.00130,0.47832
CVE-2019-12598,0.00138,0.49278
CVE-2019-12599,0.00138,0.49278
CVE-2019-1260,0.00064,0.26271
CVE-2019-12600,0.00138,0.49278
CVE-2019-12601,0.00138,0.49278
CVE-2019-1261,0.00160,0.52645
CVE-2019-12611,0.00044,0.10161
CVE-2019-12612,0.00044,0.10161
CVE-2019-12614,0.00046,0.13812
CVE-2019-12615,0.01927,0.87421
CVE-2019-12616,0.01976,0.87583
CVE-2019-12617,0.00081,0.33508
CVE-2019-12618,0.00479,0.73331
CVE-2019-12619,0.00080,0.33236
CVE-2019-1262,0.00146,0.50552
CVE-2019-12620,0.00136,0.49013
CVE-2019-12621,0.00129,0.47559
CVE-2019-12622,0.00042,0.05722
CVE-2019-12623,0.00073,0.30288
CVE-2019-12624,0.00149,0.50968
CVE-2019-12625,0.00380,0.70227
CVE-2019-12626,0.00066,0.27429
CVE-2019-12627,0.00237,0.61850
CVE-2019-12629,0.00255,0.63449
CVE-2019-1263,0.00310,0.66992
CVE-2019-12630,0.92092,0.98760
CVE-2019-12631,0.00151,0.51276
CVE-2019-12632,0.00140,0.49661
CVE-2019-12633,0.00140,0.49661
CVE-2019-12634,0.00148,0.50889
CVE-2019-12635,0.00073,0.30288
CVE-2019-12636,0.00152,0.51458
CVE-2019-12637,0.00066,0.27429
CVE-2019-12638,0.00066,0.27429
CVE-2019-1264,0.00099,0.40687
CVE-2019-12643,0.02452,0.88967
CVE-2019-12644,0.00151,0.51276
CVE-2019-12645,0.00042,0.05722
CVE-2019-12646,0.00112,0.44479
CVE-2019-12647,0.00154,0.51741
CVE-2019-12648,0.00190,0.56635
CVE-2019-12649,0.00042,0.05722
CVE-2019-1265,0.00177,0.54948
CVE-2019-12650,0.77797,0.97980
CVE-2019-12651,0.87557,0.98414
CVE-2019-12652,0.00159,0.52484
CVE-2019-12653,0.00159,0.52484
CVE-2019-12654,0.00109,0.43618
CVE-2019-12655,0.00159,0.52484
CVE-2019-12656,0.00159,0.52484
CVE-2019-12657,0.00159,0.52484
CVE-2019-12658,0.00159,0.52484
CVE-2019-12659,0.00133,0.48336
CVE-2019-1266,0.00104,0.42333
CVE-2019-12660,0.00042,0.05722
CVE-2019-12661,0.00042,0.05844
CVE-2019-12662,0.00042,0.05722
CVE-2019-12663,0.00160,0.52602
CVE-2019-12664,0.00113,0.44714
CVE-2019-12665,0.00175,0.54766
CVE-2019-12666,0.00044,0.07794
CVE-2019-12667,0.00066,0.27429
CVE-2019-12668,0.00066,0.27429
CVE-2019-12669,0.00159,0.52484
CVE-2019-1267,0.00083,0.34369
CVE-2019-12670,0.00042,0.05722
CVE-2019-12671,0.00042,0.05722
CVE-2019-12672,0.00081,0.33737
CVE-2019-12673,0.00159,0.52484
CVE-2019-12674,0.00042,0.05722
CVE-2019-12675,0.00042,0.05722
CVE-2019-12676,0.00058,0.22795
CVE-2019-12677,0.00109,0.43829
CVE-2019-12678,0.00159,0.52484
CVE-2019-12679,0.00085,0.35511
CVE-2019-1268,0.00043,0.07315
CVE-2019-12680,0.00085,0.35511
CVE-2019-12681,0.00085,0.35511
CVE-2019-12682,0.00085,0.35511
CVE-2019-12683,0.00085,0.35511
CVE-2019-12684,0.00085,0.35511
CVE-2019-12685,0.00085,0.35511
CVE-2019-12686,0.00085,0.35511
CVE-2019-12687,0.00107,0.43210
CVE-2019-12688,0.00107,0.43210
CVE-2019-12689,0.00233,0.61456
CVE-2019-1269,0.00043,0.07315
CVE-2019-12690,0.00255,0.63449
CVE-2019-12691,0.00096,0.40049
CVE-2019-12693,0.00109,0.43829
CVE-2019-12694,0.00042,0.05722
CVE-2019-12695,0.00151,0.51276
CVE-2019-12696,0.00140,0.49661
CVE-2019-12697,0.00140,0.49661
CVE-2019-12698,0.00159,0.52484
CVE-2019-12699,0.00042,0.05844
CVE-2019-1270,0.00066,0.27441
CVE-2019-12700,0.00114,0.44799
CVE-2019-12701,0.00085,0.35281
CVE-2019-12702,0.00066,0.27429
CVE-2019-12703,0.00055,0.20370
CVE-2019-12704,0.00236,0.61784
CVE-2019-12705,0.00151,0.51276
CVE-2019-12706,0.00140,0.49661
CVE-2019-12707,0.00151,0.51276
CVE-2019-12708,0.00145,0.50354
CVE-2019-12709,0.00042,0.05844
CVE-2019-1271,0.00043,0.07315
CVE-2019-12710,0.00185,0.55815
CVE-2019-12711,0.00150,0.51188
CVE-2019-12712,0.00151,0.51276
CVE-2019-12713,0.00151,0.51276
CVE-2019-12714,0.00109,0.43829
CVE-2019-12715,0.00151,0.51276
CVE-2019-12716,0.00151,0.51276
CVE-2019-12717,0.00042,0.05844
CVE-2019-12718,0.00151,0.51276
CVE-2019-12719,0.25088,0.96259
CVE-2019-1272,0.00043,0.07315
CVE-2019-12720,0.03295,0.90393
CVE-2019-12723,0.00254,0.63280
CVE-2019-12724,0.00076,0.31160
CVE-2019-12725,0.96341,0.99456
CVE-2019-12727,0.00115,0.45086
CVE-2019-12728,0.00436,0.72119
CVE-2019-1273,0.00054,0.19349
CVE-2019-12730,0.03229,0.90289
CVE-2019-12731,0.00042,0.05722
CVE-2019-12732,0.00112,0.44327
CVE-2019-12733,0.03896,0.91119
CVE-2019-12734,0.00850,0.80424
CVE-2019-12735,0.00297,0.66248
CVE-2019-12736,0.00516,0.74303
CVE-2019-12737,0.00084,0.34791
CVE-2019-12739,0.01092,0.82875
CVE-2019-1274,0.00043,0.07315
CVE-2019-12741,0.00076,0.31160
CVE-2019-12742,0.00104,0.42274
CVE-2019-12743,0.00174,0.54669
CVE-2019-12744,0.00909,0.81090
CVE-2019-12745,0.00121,0.46272
CVE-2019-12746,0.00760,0.79227
CVE-2019-12747,0.00102,0.41389
CVE-2019-12748,0.00078,0.32606
CVE-2019-12749,0.00048,0.14357
CVE-2019-12750,0.00043,0.07360
CVE-2019-12751,0.00196,0.57520
CVE-2019-12752,0.00045,0.11828
CVE-2019-12753,0.00064,0.26159
CVE-2019-12754,0.00054,0.19361
CVE-2019-12755,0.00045,0.11828
CVE-2019-12756,0.00045,0.11828
CVE-2019-12757,0.00045,0.11828
CVE-2019-12758,0.00051,0.17393
CVE-2019-12759,0.00070,0.28877
CVE-2019-12760,0.00131,0.47909
CVE-2019-12761,0.00967,0.81719
CVE-2019-12762,0.00044,0.10710
CVE-2019-12763,0.00168,0.53801
CVE-2019-12764,0.00050,0.16691
CVE-2019-12765,0.01685,0.86416
CVE-2019-12766,0.00137,0.49122
CVE-2019-12767,0.00257,0.63562
CVE-2019-12768,0.00454,0.72638
CVE-2019-12769,0.00071,0.29353
CVE-2019-1277,0.00043,0.07315
CVE-2019-12771,0.01346,0.84744
CVE-2019-12773,0.00090,0.37845
CVE-2019-12774,0.00082,0.33989
CVE-2019-12775,0.00075,0.30870
CVE-2019-12776,0.00659,0.77474
CVE-2019-12777,0.00051,0.17393
CVE-2019-12779,0.00042,0.05722
CVE-2019-1278,0.00043,0.07315
CVE-2019-12780,0.90863,0.98634
CVE-2019-12781,0.00615,0.76549
CVE-2019-12782,0.00120,0.46194
CVE-2019-12783,0.00090,0.37845
CVE-2019-12784,0.00114,0.44872
CVE-2019-12786,0.00131,0.47983
CVE-2019-12787,0.00313,0.67175
CVE-2019-12788,0.00259,0.63762
CVE-2019-12789,0.00100,0.40887
CVE-2019-12790,0.00344,0.68703
CVE-2019-12791,0.00491,0.73653
CVE-2019-12792,0.00366,0.69668
CVE-2019-12794,0.00104,0.42231
CVE-2019-12795,0.00042,0.05722
CVE-2019-12797,0.00244,0.62506
CVE-2019-12798,0.00244,0.62506
CVE-2019-12799,0.00323,0.67725
CVE-2019-1280,0.01079,0.82771
CVE-2019-12801,0.00117,0.45542
CVE-2019-12802,0.00328,0.67994
CVE-2019-12803,0.00347,0.68837
CVE-2019-12804,0.00053,0.18293
CVE-2019-12805,0.01447,0.85317
CVE-2019-12806,0.00576,0.75707
CVE-2019-12807,0.00072,0.29681
CVE-2019-12808,0.00042,0.05722
CVE-2019-12809,0.01165,0.83468
CVE-2019-12810,0.00077,0.31944
CVE-2019-12811,0.00362,0.69508
CVE-2019-12812,0.00319,0.67541
CVE-2019-12813,0.00475,0.73203
CVE-2019-12814,0.00703,0.78290
CVE-2019-12815,0.94462,0.99065
CVE-2019-12816,0.01007,0.82103
CVE-2019-12817,0.00046,0.13778
CVE-2019-12818,0.01895,0.87286
CVE-2019-12819,0.00045,0.12114
CVE-2019-1282,0.00043,0.07315
CVE-2019-12820,0.00072,0.29613
CVE-2019-12821,0.00092,0.38838
CVE-2019-12822,0.17441,0.95665
CVE-2019-12823,0.00066,0.27550
CVE-2019-12825,0.00106,0.42869
CVE-2019-12826,0.00725,0.78695
CVE-2019-12827,0.04717,0.91869
CVE-2019-12828,0.44589,0.97064
CVE-2019-12829,0.00280,0.65194
CVE-2019-1283,0.00043,0.07524
CVE-2019-12830,0.00066,0.27172
CVE-2019-12831,0.00091,0.38577
CVE-2019-12834,0.00105,0.42625
CVE-2019-12835,0.00390,0.70637
CVE-2019-12836,0.00124,0.46764
CVE-2019-12837,0.00095,0.39629
CVE-2019-12838,0.01013,0.82153
CVE-2019-12839,0.00128,0.47493
CVE-2019-1284,0.00043,0.07315
CVE-2019-12840,0.12706,0.94985
CVE-2019-12841,0.00084,0.34791
CVE-2019-12842,0.00078,0.32606
CVE-2019-12843,0.00111,0.44181
CVE-2019-12844,0.00111,0.44181
CVE-2019-12845,0.00082,0.34065
CVE-2019-12846,0.00054,0.20290
CVE-2019-12847,0.00104,0.42231
CVE-2019-1285,0.00043,0.07315
CVE-2019-12850,0.00233,0.61449
CVE-2019-12851,0.00073,0.30112
CVE-2019-12852,0.00222,0.60556
CVE-2019-12854,0.00412,0.71339
CVE-2019-12855,0.00304,0.66635
CVE-2019-1286,0.03538,0.90700
CVE-2019-12863,0.00058,0.22585
CVE-2019-12864,0.00051,0.17393
CVE-2019-12865,0.00063,0.25775
CVE-2019-12866,0.00308,0.66926
CVE-2019-12867,0.00222,0.60556
CVE-2019-12868,0.00348,0.68889
CVE-2019-12869,0.00793,0.79739
CVE-2019-1287,0.00043,0.07315
CVE-2019-12870,0.01122,0.83126
CVE-2019-12871,0.02077,0.87944
CVE-2019-12872,0.00087,0.36089
CVE-2019-12874,0.06695,0.93172
CVE-2019-12875,0.00060,0.23686
CVE-2019-12876,0.00057,0.21458
CVE-2019-12880,0.00167,0.53432
CVE-2019-12881,0.00042,0.05722
CVE-2019-12887,0.00263,0.64030
CVE-2019-12889,0.00042,0.05722
CVE-2019-1289,0.00043,0.07315
CVE-2019-12890,0.18148,0.95732
CVE-2019-12893,0.00155,0.51879
CVE-2019-12894,0.00115,0.45086
CVE-2019-12895,0.00155,0.51879
CVE-2019-12896,0.00155,0.51879
CVE-2019-12897,0.00115,0.45086
CVE-2019-12898,0.00659,0.77474
CVE-2019-12899,0.00659,0.77474
CVE-2019-1290,0.04662,0.91823
CVE-2019-12900,0.02237,0.88454
CVE-2019-12901,0.00090,0.37856
CVE-2019-12902,0.00065,0.26756
CVE-2019-12903,0.00054,0.20290
CVE-2019-12904,0.00139,0.49419
CVE-2019-12905,0.00914,0.81151
CVE-2019-1291,0.04662,0.91823
CVE-2019-12911,0.00168,0.53801
CVE-2019-12912,0.00044,0.10161
CVE-2019-12913,0.00044,0.10161
CVE-2019-12914,0.00168,0.53801
CVE-2019-12917,0.00084,0.34931
CVE-2019-12918,0.00152,0.51379
CVE-2019-12919,0.00044,0.10161
CVE-2019-1292,0.00203,0.58268
CVE-2019-12920,0.00209,0.58884
CVE-2019-12921,0.02384,0.88812
CVE-2019-12922,0.91973,0.98751
CVE-2019-12923,0.00053,0.19032
CVE-2019-12924,0.00224,0.60774
CVE-2019-12925,0.00061,0.23772
CVE-2019-12926,0.00076,0.31190
CVE-2019-12927,0.00092,0.38872
CVE-2019-12928,0.00516,0.74311
CVE-2019-12929,0.00469,0.73036
CVE-2019-1293,0.00049,0.15132
CVE-2019-12930,0.00105,0.42425
CVE-2019-12932,0.00078,0.32606
CVE-2019-12934,0.00838,0.80283
CVE-2019-12935,0.00141,0.49753
CVE-2019-12936,0.00106,0.42934
CVE-2019-12937,0.00042,0.05722
CVE-2019-12938,0.00053,0.18570
CVE-2019-12939,0.00201,0.58109
CVE-2019-1294,0.00068,0.27994
CVE-2019-12940,0.00115,0.45086
CVE-2019-12941,0.00647,0.77169
CVE-2019-12942,0.00058,0.22795
CVE-2019-12943,0.00247,0.62712
CVE-2019-12944,0.00076,0.31187
CVE-2019-12946,0.00124,0.46843
CVE-2019-12948,0.00244,0.62436
CVE-2019-12949,0.00125,0.46952
CVE-2019-1295,0.01333,0.84663
CVE-2019-12950,0.00053,0.18833
CVE-2019-12951,0.18082,0.95729
CVE-2019-12953,0.00084,0.34791
CVE-2019-12954,0.00058,0.22585
CVE-2019-12957,0.00128,0.47551
CVE-2019-12958,0.00124,0.46752
CVE-2019-12959,0.00112,0.44416
CVE-2019-1296,0.01333,0.84663
CVE-2019-12960,0.00207,0.58705
CVE-2019-12961,0.00408,0.71233
CVE-2019-12962,0.20689,0.95968
CVE-2019-12963,0.00101,0.41135
CVE-2019-12964,0.00101,0.41135
CVE-2019-12966,0.00540,0.74928
CVE-2019-12967,0.00195,0.57450
CVE-2019-12968,0.00390,0.70641
CVE-2019-1297,0.04151,0.91369
CVE-2019-12970,0.01246,0.84103
CVE-2019-12971,0.00530,0.74670
CVE-2019-12972,0.00063,0.25009
CVE-2019-12973,0.00309,0.66949
CVE-2019-12974,0.00213,0.59407
CVE-2019-12975,0.00102,0.41496
CVE-2019-12976,0.00063,0.25038
CVE-2019-12977,0.00226,0.60896
CVE-2019-12978,0.00226,0.60896
CVE-2019-12979,0.00154,0.51663
CVE-2019-1298,0.02130,0.88143
CVE-2019-12980,0.00164,0.53032
CVE-2019-12981,0.00199,0.57916
CVE-2019-12982,0.00164,0.53032
CVE-2019-12984,0.00121,0.46232
CVE-2019-12985,0.97297,0.99850
CVE-2019-12986,0.97297,0.99850
CVE-2019-12987,0.97297,0.99850
CVE-2019-12988,0.97297,0.99850
CVE-2019-12989,0.05707,0.92618
CVE-2019-1299,0.02426,0.88911
CVE-2019-12990,0.92152,0.98768
CVE-2019-12991,0.12426,0.94943
CVE-2019-12992,0.90155,0.98581
CVE-2019-12994,0.00112,0.44416
CVE-2019-12995,0.00290,0.65864
CVE-2019-12996,0.00084,0.34791
CVE-2019-12997,0.00199,0.57779
CVE-2019-12998,0.00091,0.38064
CVE-2019-12999,0.00135,0.48880
CVE-2019-1300,0.02130,0.88143
CVE-2019-13000,0.00135,0.48880
CVE-2019-13001,0.00051,0.17244
CVE-2019-13002,0.00051,0.17244
CVE-2019-13003,0.00116,0.45451
CVE-2019-13004,0.00097,0.40213
CVE-2019-13005,0.00051,0.17244
CVE-2019-13006,0.00054,0.20290
CVE-2019-13007,0.00081,0.33872
CVE-2019-13009,0.00068,0.28007
CVE-2019-1301,0.00146,0.50570
CVE-2019-13010,0.00116,0.45451
CVE-2019-13011,0.00054,0.20290
CVE-2019-13012,0.00428,0.71849
CVE-2019-13013,0.00042,0.05722
CVE-2019-13014,0.00044,0.10161
CVE-2019-1302,0.00210,0.58981
CVE-2019-13020,0.00168,0.53801
CVE-2019-13021,0.00079,0.33197
CVE-2019-13022,0.00521,0.74438
CVE-2019-13023,0.00065,0.26756
CVE-2019-13024,0.92194,0.98771
CVE-2019-13025,0.01162,0.83437
CVE-2019-13026,0.00138,0.49278
CVE-2019-13027,0.00171,0.54185
CVE-2019-13028,0.03146,0.90157
CVE-2019-13029,0.00070,0.28988
CVE-2019-1303,0.00043,0.07315
CVE-2019-13030,0.00098,0.40466
CVE-2019-13031,0.00263,0.64042
CVE-2019-13032,0.00087,0.35977
CVE-2019-13033,0.00045,0.11839
CVE-2019-13035,0.00042,0.05722
CVE-2019-13038,0.00289,0.65776
CVE-2019-13045,0.01328,0.84634
CVE-2019-13046,0.00051,0.17393
CVE-2019-13047,0.00060,0.23520
CVE-2019-13048,0.00044,0.10445
CVE-2019-13049,0.00051,0.17393
CVE-2019-1305,0.00054,0.19349
CVE-2019-13050,0.01042,0.82425
CVE-2019-13051,0.00489,0.73618
CVE-2019-13052,0.00096,0.40045
CVE-2019-13053,0.00051,0.16935
CVE-2019-13054,0.00051,0.16935
CVE-2019-13055,0.00096,0.40045
CVE-2019-13056,0.00161,0.52706
CVE-2019-13057,0.00153,0.51569
CVE-2019-1306,0.02604,0.89266
CVE-2019-13063,0.18421,0.95758
CVE-2019-13066,0.00291,0.65925
CVE-2019-13067,0.00390,0.70637
CVE-2019-13068,0.00753,0.79102
CVE-2019-13069,0.00058,0.21920
CVE-2019-1307,0.01742,0.86641
CVE-2019-13070,0.00119,0.45981
CVE-2019-13071,0.00325,0.67831
CVE-2019-13072,0.00124,0.46693
CVE-2019-13074,0.00202,0.58171
CVE-2019-13075,0.00230,0.61213
CVE-2019-13076,0.00086,0.35597
CVE-2019-13077,0.00084,0.34931
CVE-2019-13078,0.00086,0.35597
CVE-2019-13079,0.00086,0.35597
CVE-2019-1308,0.01742,0.86641
CVE-2019-13080,0.00055,0.20508
CVE-2019-13081,0.00055,0.20508
CVE-2019-13082,0.00743,0.78946
CVE-2019-13083,0.00091,0.38161
CVE-2019-13084,0.00091,0.38161
CVE-2019-13085,0.00091,0.38161
CVE-2019-13086,0.00424,0.71743
CVE-2019-1309,0.00117,0.45481
CVE-2019-13096,0.01120,0.83107
CVE-2019-13097,0.00126,0.47113
CVE-2019-13098,0.00123,0.46607
CVE-2019-13099,0.00079,0.33197
CVE-2019-1310,0.00117,0.45481
CVE-2019-13100,0.00079,0.33197
CVE-2019-13101,0.03590,0.90757
CVE-2019-13103,0.00042,0.05722
CVE-2019-13104,0.00109,0.43560
CVE-2019-13105,0.00116,0.45256
CVE-2019-13106,0.00146,0.50537
CVE-2019-13107,0.00305,0.66725
CVE-2019-13108,0.00173,0.54504
CVE-2019-13109,0.00173,0.54504
CVE-2019-1311,0.01492,0.85532
CVE-2019-13110,0.00506,0.74065
CVE-2019-13111,0.00120,0.46199
CVE-2019-13112,0.00668,0.77668
CVE-2019-13113,0.00271,0.64588
CVE-2019-13114,0.00835,0.80251
CVE-2019-13115,0.00291,0.65911
CVE-2019-13116,0.03672,0.90867
CVE-2019-13117,0.00706,0.78351
CVE-2019-13118,0.00268,0.64400
CVE-2019-13120,0.00168,0.53801
CVE-2019-13121,0.00090,0.37972
CVE-2019-13122,0.00265,0.64182
CVE-2019-13123,0.00103,0.41969
CVE-2019-13124,0.00103,0.41969
CVE-2019-13125,0.00075,0.30835
CVE-2019-13126,0.00221,0.60393
CVE-2019-13127,0.00077,0.31625
CVE-2019-13128,0.00221,0.60217
CVE-2019-13129,0.00115,0.45086
CVE-2019-1313,0.00193,0.57243
CVE-2019-13131,0.07993,0.93696
CVE-2019-13132,0.70714,0.97770
CVE-2019-13133,0.00087,0.35977
CVE-2019-13134,0.00087,0.35977
CVE-2019-13135,0.00706,0.78344
CVE-2019-13136,0.00183,0.55629
CVE-2019-13137,0.00471,0.73089
CVE-2019-13139,0.00280,0.65142
CVE-2019-1314,0.00066,0.27612
CVE-2019-13140,0.05182,0.92251
CVE-2019-13142,0.00044,0.10161
CVE-2019-13143,0.00527,0.74582
CVE-2019-13144,0.00233,0.61449
CVE-2019-13146,0.00092,0.38741
CVE-2019-13147,0.00146,0.50555
CVE-2019-13148,0.00088,0.36880
CVE-2019-13149,0.00114,0.44954
CVE-2019-1315,0.90669,0.98615
CVE-2019-13150,0.00088,0.36880
CVE-2019-13151,0.00114,0.44954
CVE-2019-13152,0.00088,0.36880
CVE-2019-13153,0.00114,0.44954
CVE-2019-13154,0.00114,0.44954
CVE-2019-13155,0.00114,0.44954
CVE-2019-13156,0.00097,0.40253
CVE-2019-13157,0.00184,0.55717
CVE-2019-1316,0.00043,0.07315
CVE-2019-13161,0.00473,0.73133
CVE-2019-13163,0.00128,0.47518
CVE-2019-13164,0.00046,0.13778
CVE-2019-13165,0.00567,0.75483
CVE-2019-13166,0.00178,0.55045
CVE-2019-13167,0.00096,0.39767
CVE-2019-13168,0.00567,0.75483
CVE-2019-13169,0.00567,0.75483
CVE-2019-1317,0.00117,0.45474
CVE-2019-13170,0.00053,0.19032
CVE-2019-13171,0.00567,0.75483
CVE-2019-13172,0.00600,0.76197
CVE-2019-13173,0.00165,0.53204
CVE-2019-13175,0.00078,0.32606
CVE-2019-13176,0.00414,0.71442
CVE-2019-13177,0.00444,0.72343
CVE-2019-13178,0.01625,0.86205
CVE-2019-13179,0.00701,0.78253
CVE-2019-1318,0.00277,0.64958
CVE-2019-13181,0.00191,0.56680
CVE-2019-13182,0.01398,0.85060
CVE-2019-13183,0.00274,0.64755
CVE-2019-13186,0.00087,0.36434
CVE-2019-13187,0.00354,0.69153
CVE-2019-13188,0.00602,0.76257
CVE-2019-13189,0.00087,0.36434
CVE-2019-1319,0.00043,0.07315
CVE-2019-13190,0.00090,0.38037
CVE-2019-13191,0.00224,0.60793
CVE-2019-13192,0.01647,0.86286
CVE-2019-13193,0.00875,0.80694
CVE-2019-13194,0.00334,0.68317
CVE-2019-13195,0.00242,0.62286
CVE-2019-13196,0.00096,0.39898
CVE-2019-13197,0.00544,0.75014
CVE-2019-13198,0.00089,0.37212
CVE-2019-13199,0.00053,0.19032
CVE-2019-1320,0.00043,0.07315
CVE-2019-13200,0.00089,0.37212
CVE-2019-13201,0.00544,0.75014
CVE-2019-13202,0.00544,0.75014
CVE-2019-13203,0.00104,0.42246
CVE-2019-13204,0.00544,0.75014
CVE-2019-13205,0.00167,0.53405
CVE-2019-13206,0.00096,0.39898
CVE-2019-13207,0.00426,0.71782
CVE-2019-13208,0.00051,0.17393
CVE-2019-13209,0.00094,0.39310
CVE-2019-1321,0.00043,0.07315
CVE-2019-13217,0.00295,0.66168
CVE-2019-13218,0.00085,0.35347
CVE-2019-13219,0.00085,0.35347
CVE-2019-1322,0.00114,0.44882
CVE-2019-13220,0.00098,0.40503
CVE-2019-13221,0.00247,0.62741
CVE-2019-13222,0.00098,0.40503
CVE-2019-13223,0.00085,0.35347
CVE-2019-13224,0.01215,0.83863
CVE-2019-13225,0.00191,0.56786
CVE-2019-13226,0.00042,0.05722
CVE-2019-13227,0.00045,0.12069
CVE-2019-13228,0.00045,0.12069
CVE-2019-13229,0.00045,0.12069
CVE-2019-1323,0.00043,0.07315
CVE-2019-13232,0.00046,0.12736
CVE-2019-13233,0.00077,0.31721
CVE-2019-13234,0.00110,0.44053
CVE-2019-13235,0.00110,0.44053
CVE-2019-13236,0.00117,0.45485
CVE-2019-13237,0.00622,0.76694
CVE-2019-13238,0.00220,0.60183
CVE-2019-13239,0.00088,0.36898
CVE-2019-1324,0.00234,0.61520
CVE-2019-13240,0.00274,0.64766
CVE-2019-13241,0.00229,0.61178
CVE-2019-13242,0.00091,0.38161
CVE-2019-13243,0.00091,0.38161
CVE-2019-13244,0.00091,0.38161
CVE-2019-13245,0.00091,0.38161
CVE-2019-13246,0.00091,0.38161
CVE-2019-13247,0.00091,0.38161
CVE-2019-13248,0.00091,0.38161
CVE-2019-13249,0.00091,0.38161
CVE-2019-1325,0.00043,0.07315
CVE-2019-13250,0.00091,0.38161
CVE-2019-13251,0.00091,0.38161
CVE-2019-13252,0.00091,0.38161
CVE-2019-13253,0.00091,0.38161
CVE-2019-13254,0.00091,0.38161
CVE-2019-13255,0.00091,0.38161
CVE-2019-13256,0.00091,0.38161
CVE-2019-13257,0.00091,0.38161
CVE-2019-13258,0.00091,0.38161
CVE-2019-13259,0.00091,0.38161
CVE-2019-1326,0.00201,0.57992
CVE-2019-13260,0.00091,0.38161
CVE-2019-13261,0.00091,0.38161
CVE-2019-13262,0.00091,0.38161
CVE-2019-13263,0.00100,0.40969
CVE-2019-13264,0.00237,0.61826
CVE-2019-13265,0.00237,0.61826
CVE-2019-13266,0.00082,0.34093
CVE-2019-13267,0.00082,0.34093
CVE-2019-13268,0.00082,0.34093
CVE-2019-13269,0.00100,0.40887
CVE-2019-1327,0.04662,0.91823
CVE-2019-13270,0.00100,0.40887
CVE-2019-13271,0.00100,0.40887
CVE-2019-13272,0.00052,0.17555
CVE-2019-13273,0.00218,0.59835
CVE-2019-13274,0.00187,0.56215
CVE-2019-13275,0.00324,0.67767
CVE-2019-13276,0.00601,0.76231
CVE-2019-13277,0.00149,0.51010
CVE-2019-13278,0.02196,0.88330
CVE-2019-13279,0.00601,0.76231
CVE-2019-1328,0.00053,0.18650
CVE-2019-13280,0.00121,0.46232
CVE-2019-13281,0.00139,0.49434
CVE-2019-13282,0.00128,0.47551
CVE-2019-13283,0.00128,0.47551
CVE-2019-13285,0.00101,0.41116
CVE-2019-13286,0.00072,0.29618
CVE-2019-13287,0.00111,0.44170
CVE-2019-13288,0.00086,0.35850
CVE-2019-13289,0.00125,0.46992
CVE-2019-1329,0.00052,0.17554
CVE-2019-13290,0.01073,0.82724
CVE-2019-13291,0.00128,0.47448
CVE-2019-13292,0.00293,0.66052
CVE-2019-13294,0.00762,0.79256
CVE-2019-13295,0.00325,0.67821
CVE-2019-13296,0.00125,0.46958
CVE-2019-13297,0.00325,0.67821
CVE-2019-13298,0.00274,0.64756
CVE-2019-13299,0.00257,0.63589
CVE-2019-1330,0.00064,0.26271
CVE-2019-13300,0.00624,0.76746
CVE-2019-13301,0.00321,0.67625
CVE-2019-13302,0.00257,0.63589
CVE-2019-13303,0.00387,0.70497
CVE-2019-13304,0.00119,0.45970
CVE-2019-13305,0.00119,0.45970
CVE-2019-13306,0.00119,0.45970
CVE-2019-13307,0.00148,0.50740
CVE-2019-13308,0.00624,0.76746
CVE-2019-13309,0.00353,0.69102
CVE-2019-1331,0.04662,0.91823
CVE-2019-13310,0.00275,0.64838
CVE-2019-13311,0.00248,0.62863
CVE-2019-13312,0.00400,0.70957
CVE-2019-13313,0.00042,0.05722
CVE-2019-13314,0.00042,0.05722
CVE-2019-13315,0.00141,0.49765
CVE-2019-13316,0.00141,0.49765
CVE-2019-13317,0.00141,0.49765
CVE-2019-13318,0.00222,0.60587
CVE-2019-13319,0.00635,0.76948
CVE-2019-1332,0.00168,0.53625
CVE-2019-13320,0.00635,0.76948
CVE-2019-13321,0.00096,0.39885
CVE-2019-13322,0.01423,0.85182
CVE-2019-13323,0.00426,0.71787
CVE-2019-13324,0.00211,0.59077
CVE-2019-13325,0.00211,0.59077
CVE-2019-13326,0.00635,0.76948
CVE-2019-13327,0.00899,0.80989
CVE-2019-13328,0.00899,0.80989
CVE-2019-13329,0.00148,0.50822
CVE-2019-1333,0.04662,0.91823
CVE-2019-13330,0.00148,0.50822
CVE-2019-13331,0.00175,0.54765
CVE-2019-13332,0.00899,0.80989
CVE-2019-13333,0.00184,0.55713
CVE-2019-13334,0.00184,0.55713
CVE-2019-13335,0.00499,0.73862
CVE-2019-13336,0.01774,0.86742
CVE-2019-13337,0.00084,0.34791
CVE-2019-13338,0.00680,0.77925
CVE-2019-13339,0.00054,0.20290
CVE-2019-1334,0.00049,0.15132
CVE-2019-13340,0.00058,0.22585
CVE-2019-13341,0.00058,0.22585
CVE-2019-13343,0.00318,0.67487
CVE-2019-13344,0.95219,0.99192
CVE-2019-13345,0.94898,0.99134
CVE-2019-13346,0.00148,0.50841
CVE-2019-13347,0.00100,0.40842
CVE-2019-13348,0.00128,0.47405
CVE-2019-13349,0.00093,0.39137
CVE-2019-1335,0.01742,0.86641
CVE-2019-13351,0.00330,0.68107
CVE-2019-13352,0.00652,0.77310
CVE-2019-13354,0.00674,0.77767
CVE-2019-13355,0.00042,0.05722
CVE-2019-13356,0.00042,0.05722
CVE-2019-13357,0.00042,0.05722
CVE-2019-13358,0.05671,0.92596
CVE-2019-13359,0.01109,0.83017
CVE-2019-1336,0.00043,0.07315
CVE-2019-13360,0.04229,0.91434
CVE-2019-13361,0.00057,0.21534
CVE-2019-13362,0.00085,0.35231
CVE-2019-13363,0.00938,0.81409
CVE-2019-13364,0.00938,0.81409
CVE-2019-1337,0.00049,0.15132
CVE-2019-13370,0.00112,0.44586
CVE-2019-13372,0.97042,0.99712
CVE-2019-13373,0.55265,0.97384
CVE-2019-13374,0.00201,0.58110
CVE-2019-13375,0.00544,0.75006
CVE-2019-13376,0.00082,0.34218
CVE-2019-13377,0.00186,0.55935
CVE-2019-13379,0.01129,0.83177
CVE-2019-1338,0.07372,0.93460
CVE-2019-13380,0.00084,0.35108
CVE-2019-13382,0.00193,0.57193
CVE-2019-13383,0.03103,0.90098
CVE-2019-13385,0.00269,0.64475
CVE-2019-13386,0.01442,0.85295
CVE-2019-13387,0.00550,0.75146
CVE-2019-13389,0.00084,0.35108
CVE-2019-1339,0.00083,0.34369
CVE-2019-13390,0.00786,0.79595
CVE-2019-13391,0.00974,0.81785
CVE-2019-13392,0.00140,0.49707
CVE-2019-13393,0.00327,0.67923
CVE-2019-13394,0.00610,0.76428
CVE-2019-13395,0.00112,0.44586
CVE-2019-13396,0.02107,0.88036
CVE-2019-13397,0.00115,0.45113
CVE-2019-13398,0.00259,0.63749
CVE-2019-13399,0.00292,0.65953
CVE-2019-1340,0.00043,0.07315
CVE-2019-13400,0.00772,0.79405
CVE-2019-13401,0.00112,0.44586
CVE-2019-13402,0.00109,0.43614
CVE-2019-13403,0.00392,0.70716
CVE-2019-13404,0.00060,0.23740
CVE-2019-13405,0.00721,0.78625
CVE-2019-13406,0.00135,0.48880
CVE-2019-13407,0.00088,0.36898
CVE-2019-13408,0.00201,0.58000
CVE-2019-13409,0.00174,0.54650
CVE-2019-1341,0.00043,0.07315
CVE-2019-13410,0.00149,0.50995
CVE-2019-13411,0.00235,0.61731
CVE-2019-13412,0.00149,0.50995
CVE-2019-13413,0.00204,0.58366
CVE-2019-13414,0.00076,0.31160
CVE-2019-13415,0.00065,0.26756
CVE-2019-13416,0.00065,0.26756
CVE-2019-13417,0.00090,0.37972
CVE-2019-13418,0.00178,0.55045
CVE-2019-13419,0.00178,0.55045
CVE-2019-1342,0.00043,0.07315
CVE-2019-13420,0.00178,0.55045
CVE-2019-13421,0.00119,0.46020
CVE-2019-13422,0.00084,0.35108
CVE-2019-13423,0.00104,0.42231
CVE-2019-1343,0.00624,0.76742
CVE-2019-1344,0.00043,0.07319
CVE-2019-13445,0.01099,0.82939
CVE-2019-13447,0.00138,0.49278
CVE-2019-13448,0.00078,0.32606
CVE-2019-13449,0.00869,0.80631
CVE-2019-1345,0.00043,0.07319
CVE-2019-13450,0.87766,0.98427
CVE-2019-13451,0.00292,0.65942
CVE-2019-13452,0.00292,0.65942
CVE-2019-13453,0.00639,0.77033
CVE-2019-13454,0.00386,0.70473
CVE-2019-13455,0.00470,0.73058
CVE-2019-13456,0.00171,0.54196
CVE-2019-13457,0.00103,0.41598
CVE-2019-13458,0.00231,0.61307
CVE-2019-1346,0.05190,0.92262
CVE-2019-13461,0.00218,0.59807
CVE-2019-13462,0.47505,0.97167
CVE-2019-13463,0.00124,0.46744
CVE-2019-13464,0.00068,0.28156
CVE-2019-13465,0.00103,0.41969
CVE-2019-13466,0.00113,0.44617
CVE-2019-13467,0.00128,0.47518
CVE-2019-1347,0.05190,0.92262
CVE-2019-13470,0.00222,0.60556
CVE-2019-13472,0.00087,0.36434
CVE-2019-13473,0.33917,0.96693
CVE-2019-13474,0.00167,0.53433
CVE-2019-13475,0.00202,0.58254
CVE-2019-13476,0.00300,0.66433
CVE-2019-13477,0.00462,0.72831
CVE-2019-13478,0.00244,0.62506
CVE-2019-1348,0.00047,0.13915
CVE-2019-13481,0.00192,0.56866
CVE-2019-13482,0.00192,0.56866
CVE-2019-13483,0.00092,0.38838
CVE-2019-13484,0.00292,0.65942
CVE-2019-13485,0.00414,0.71422
CVE-2019-13486,0.00292,0.65942
CVE-2019-13488,0.00152,0.51451
CVE-2019-13489,0.00138,0.49278
CVE-2019-1349,0.06417,0.93021
CVE-2019-13493,0.00091,0.38085
CVE-2019-13494,0.00147,0.50595
CVE-2019-13495,0.00072,0.29718
CVE-2019-13496,0.00141,0.49786
CVE-2019-13497,0.00082,0.34218
CVE-2019-13498,0.00126,0.47114
CVE-2019-1350,0.06417,0.93021
CVE-2019-13503,0.00265,0.64183
CVE-2019-13504,0.00408,0.71224
CVE-2019-13505,0.00088,0.36898
CVE-2019-13506,0.00087,0.36262
CVE-2019-13507,0.00293,0.66052
CVE-2019-13508,0.00244,0.62506
CVE-2019-13509,0.04199,0.91407
CVE-2019-1351,0.00215,0.59601
CVE-2019-13510,0.00311,0.67035
CVE-2019-13511,0.00171,0.54144
CVE-2019-13512,0.00081,0.33687
CVE-2019-13513,0.00906,0.81061
CVE-2019-13514,0.00482,0.73419
CVE-2019-13515,0.00066,0.27217
CVE-2019-13516,0.00070,0.28948
CVE-2019-13517,0.00104,0.42231
CVE-2019-13518,0.00087,0.36030
CVE-2019-13519,0.00098,0.40468
CVE-2019-1352,0.06417,0.93021
CVE-2019-13520,0.00861,0.80547
CVE-2019-13521,0.00082,0.34184
CVE-2019-13522,0.00077,0.31784
CVE-2019-13523,0.00131,0.47930
CVE-2019-13524,0.00100,0.40789
CVE-2019-13525,0.00131,0.47930
CVE-2019-13526,0.00070,0.28953
CVE-2019-13527,0.00074,0.30598
CVE-2019-13528,0.00044,0.08189
CVE-2019-13529,0.00150,0.51089
CVE-2019-1353,0.00443,0.72311
CVE-2019-13530,0.00104,0.42231
CVE-2019-13531,0.00055,0.20548
CVE-2019-13532,0.01527,0.85735
CVE-2019-13533,0.00133,0.48397
CVE-2019-13534,0.00104,0.42231
CVE-2019-13535,0.00067,0.27833
CVE-2019-13536,0.00085,0.35393
CVE-2019-13537,0.00150,0.51058
CVE-2019-13538,0.00095,0.39675
CVE-2019-13539,0.00044,0.08189
CVE-2019-1354,0.05577,0.92547
CVE-2019-13540,0.00105,0.42561
CVE-2019-13541,0.00118,0.45755
CVE-2019-13542,0.00114,0.44792
CVE-2019-13543,0.00162,0.52844
CVE-2019-13544,0.00295,0.66124
CVE-2019-13545,0.00118,0.45755
CVE-2019-13546,0.00067,0.27833
CVE-2019-13547,0.00546,0.75053
CVE-2019-13548,0.00278,0.65061
CVE-2019-13549,0.00087,0.35970
CVE-2019-13550,0.00778,0.79503
CVE-2019-13551,0.00948,0.81520
CVE-2019-13552,0.01047,0.82464
CVE-2019-13553,0.00235,0.61633
CVE-2019-13554,0.00104,0.42231
CVE-2019-13555,0.00180,0.55283
CVE-2019-13556,0.01952,0.87504
CVE-2019-13557,0.00131,0.47930
CVE-2019-13558,0.01078,0.82764
CVE-2019-13559,0.00044,0.08189
CVE-2019-1356,0.03475,0.90629
CVE-2019-13560,0.01422,0.85181
CVE-2019-13561,0.00597,0.76154
CVE-2019-13562,0.00086,0.35780
CVE-2019-13563,0.00248,0.62832
CVE-2019-13564,0.00379,0.70183
CVE-2019-13565,0.00157,0.52190
CVE-2019-13566,0.01173,0.83536
CVE-2019-13567,0.02759,0.89578
CVE-2019-13568,0.00466,0.72955
CVE-2019-13569,0.00148,0.50752
CVE-2019-1357,0.00102,0.41501
CVE-2019-13570,0.00087,0.36089
CVE-2019-13571,0.07718,0.93565
CVE-2019-13572,0.00289,0.65783
CVE-2019-13573,0.00240,0.62088
CVE-2019-13574,0.00450,0.72525
CVE-2019-13575,0.00122,0.46508
CVE-2019-13577,0.16808,0.95573
CVE-2019-13578,0.00175,0.54743
CVE-2019-1358,0.01492,0.85532
CVE-2019-13581,0.02207,0.88366
CVE-2019-13582,0.00518,0.74362
CVE-2019-13584,0.03791,0.91006
CVE-2019-13585,0.05998,0.92776
CVE-2019-13588,0.00201,0.58110
CVE-2019-13589,0.01622,0.86192
CVE-2019-1359,0.01492,0.85532
CVE-2019-13590,0.00063,0.25775
CVE-2019-13594,0.00073,0.30112
CVE-2019-13597,0.16455,0.95534
CVE-2019-13598,0.03243,0.90311
CVE-2019-13599,0.12740,0.94989
CVE-2019-13602,0.00672,0.77750
CVE-2019-13603,0.00411,0.71325
CVE-2019-13604,0.00492,0.73695
CVE-2019-13605,0.01756,0.86690
CVE-2019-13607,0.00087,0.36434
CVE-2019-13608,0.00625,0.76767
CVE-2019-1361,0.00156,0.52065
CVE-2019-13611,0.00073,0.30112
CVE-2019-13612,0.00103,0.41969
CVE-2019-13613,0.01127,0.83167
CVE-2019-13614,0.01127,0.83167
CVE-2019-13615,0.00096,0.39911
CVE-2019-13616,0.00266,0.64300
CVE-2019-13617,0.00098,0.40385
CVE-2019-13618,0.00225,0.60818
CVE-2019-13619,0.00225,0.60887
CVE-2019-1362,0.00141,0.49803
CVE-2019-13623,0.00622,0.76696
CVE-2019-13624,0.00222,0.60556
CVE-2019-13625,0.00421,0.71636
CVE-2019-13626,0.00157,0.52163
CVE-2019-13627,0.00210,0.59004
CVE-2019-13628,0.00042,0.05722
CVE-2019-13629,0.00318,0.67471
CVE-2019-1363,0.00049,0.15132
CVE-2019-13631,0.00283,0.65404
CVE-2019-13633,0.00112,0.44327
CVE-2019-13635,0.00313,0.67141
CVE-2019-13636,0.01379,0.84963
CVE-2019-13637,0.00863,0.80558
CVE-2019-13638,0.00388,0.70530
CVE-2019-1364,0.00053,0.18894
CVE-2019-13640,0.03798,0.91013
CVE-2019-13643,0.00107,0.43258
CVE-2019-13644,0.00053,0.18833
CVE-2019-13645,0.00053,0.18833
CVE-2019-13646,0.00053,0.18833
CVE-2019-13647,0.00053,0.18833
CVE-2019-13648,0.00044,0.08000
CVE-2019-13649,0.00502,0.73949
CVE-2019-1365,0.00182,0.55543
CVE-2019-13650,0.00502,0.73949
CVE-2019-13651,0.00431,0.71908
CVE-2019-13652,0.00502,0.73949
CVE-2019-13653,0.00094,0.39459
CVE-2019-13655,0.00164,0.53032
CVE-2019-13656,0.01462,0.85397
CVE-2019-13657,0.00329,0.68051
CVE-2019-13658,0.00439,0.72222
CVE-2019-13659,0.00109,0.43911
CVE-2019-1366,0.01742,0.86641
CVE-2019-13660,0.00112,0.44502
CVE-2019-13661,0.00109,0.43911
CVE-2019-13662,0.00093,0.39164
CVE-2019-13663,0.00109,0.43911
CVE-2019-13664,0.00093,0.39164
CVE-2019-13665,0.00260,0.63867
CVE-2019-13666,0.00110,0.44076
CVE-2019-13667,0.00109,0.43911
CVE-2019-13668,0.00110,0.44076
CVE-2019-13669,0.00109,0.43911
CVE-2019-1367,0.90200,0.98587
CVE-2019-13670,0.00133,0.48460
CVE-2019-13671,0.00109,0.43911
CVE-2019-13672,0.00105,0.42681
CVE-2019-13673,0.00132,0.48102
CVE-2019-13674,0.00109,0.43911
CVE-2019-13675,0.00109,0.43911
CVE-2019-13676,0.00109,0.43911
CVE-2019-13677,0.00091,0.38639
CVE-2019-13678,0.00105,0.42681
CVE-2019-13679,0.00067,0.27872
CVE-2019-1368,0.00066,0.27612
CVE-2019-13680,0.00112,0.44502
CVE-2019-13681,0.00091,0.38473
CVE-2019-13682,0.00129,0.47640
CVE-2019-13683,0.00110,0.43979
CVE-2019-13684,0.00110,0.43979
CVE-2019-13685,0.00214,0.59527
CVE-2019-13686,0.00214,0.59527
CVE-2019-13687,0.00214,0.59527
CVE-2019-13688,0.00214,0.59527
CVE-2019-13689,0.00067,0.27703
CVE-2019-1369,0.00049,0.15132
CVE-2019-13690,0.00080,0.33266
CVE-2019-13691,0.00109,0.43911
CVE-2019-13692,0.00129,0.47640
CVE-2019-13693,0.00147,0.50678
CVE-2019-13694,0.00214,0.59527
CVE-2019-13695,0.00214,0.59527
CVE-2019-13696,0.00214,0.59527
CVE-2019-13697,0.00110,0.43979
CVE-2019-13698,0.00904,0.81044
CVE-2019-13699,0.00509,0.74132
CVE-2019-1370,0.00049,0.15132
CVE-2019-13700,0.00359,0.69384
CVE-2019-13701,0.00190,0.56625
CVE-2019-13702,0.00054,0.19473
CVE-2019-13703,0.00190,0.56625
CVE-2019-13704,0.00163,0.52973
CVE-2019-13705,0.00106,0.42937
CVE-2019-13706,0.00152,0.51417
CVE-2019-13707,0.00048,0.14805
CVE-2019-13708,0.00190,0.56625
CVE-2019-13709,0.00186,0.56055
CVE-2019-1371,0.01742,0.86641
CVE-2019-13710,0.00197,0.57661
CVE-2019-13711,0.00195,0.57447
CVE-2019-13713,0.00216,0.59634
CVE-2019-13714,0.00166,0.53362
CVE-2019-13715,0.00190,0.56625
CVE-2019-13716,0.00163,0.52973
CVE-2019-13717,0.00190,0.56625
CVE-2019-13718,0.00190,0.56625
CVE-2019-13719,0.00190,0.56625
CVE-2019-1372,0.11111,0.94669
CVE-2019-13720,0.97420,0.99927
CVE-2019-13721,0.00359,0.69361
CVE-2019-13722,0.00133,0.48460
CVE-2019-13723,0.00748,0.79014
CVE-2019-13724,0.01171,0.83528
CVE-2019-13725,0.02077,0.87943
CVE-2019-13726,0.02635,0.89333
CVE-2019-13727,0.00690,0.78093
CVE-2019-13728,0.00910,0.81098
CVE-2019-13729,0.02334,0.88684
CVE-2019-1373,0.03715,0.90915
CVE-2019-13730,0.00745,0.78983
CVE-2019-13732,0.00690,0.78093
CVE-2019-13734,0.00478,0.73290
CVE-2019-13735,0.02678,0.89423
CVE-2019-13736,0.00699,0.78241
CVE-2019-13737,0.00566,0.75472
CVE-2019-13738,0.00332,0.68199
CVE-2019-13739,0.00302,0.66531
CVE-2019-1374,0.00289,0.65777
CVE-2019-13740,0.00332,0.68203
CVE-2019-13741,0.00301,0.66473
CVE-2019-13742,0.00363,0.69556
CVE-2019-13743,0.00302,0.66531
CVE-2019-13744,0.00566,0.75472
CVE-2019-13745,0.00465,0.72922
CVE-2019-13746,0.00302,0.66531
CVE-2019-13747,0.00591,0.76054
CVE-2019-13748,0.00245,0.62577
CVE-2019-13749,0.00302,0.66531
CVE-2019-1375,0.00052,0.17554
CVE-2019-13750,0.00777,0.79484
CVE-2019-13751,0.01034,0.82344
CVE-2019-13752,0.00753,0.79106
CVE-2019-13753,0.00753,0.79106
CVE-2019-13754,0.00265,0.64180
CVE-2019-13755,0.00306,0.66770
CVE-2019-13756,0.00306,0.66770
CVE-2019-13757,0.00279,0.65123
CVE-2019-13758,0.00265,0.64180
CVE-2019-13759,0.00211,0.59084
CVE-2019-1376,0.00193,0.57243
CVE-2019-13761,0.00318,0.67469
CVE-2019-13762,0.00042,0.05722
CVE-2019-13763,0.00536,0.74811
CVE-2019-13764,0.00943,0.81460
CVE-2019-13765,0.00133,0.48422
CVE-2019-13766,0.00133,0.48422
CVE-2019-13767,0.25791,0.96298
CVE-2019-13768,0.00107,0.43266
CVE-2019-1378,0.00043,0.07315
CVE-2019-1379,0.00043,0.07315
CVE-2019-1380,0.00050,0.15977
CVE-2019-1381,0.00049,0.15132
CVE-2019-1382,0.00043,0.07315
CVE-2019-1383,0.00043,0.07315
CVE-2019-1384,0.00157,0.52141
CVE-2019-1385,0.00398,0.70902
CVE-2019-1387,0.03603,0.90778
CVE-2019-1388,0.12912,0.95018
CVE-2019-1389,0.00137,0.49116
CVE-2019-1390,0.01158,0.83407
CVE-2019-1391,0.00043,0.07315
CVE-2019-13915,0.00414,0.71442
CVE-2019-13916,0.00125,0.47030
CVE-2019-13917,0.05022,0.92137
CVE-2019-13918,0.00170,0.54119
CVE-2019-13919,0.00054,0.20290
CVE-2019-1392,0.00043,0.07315
CVE-2019-13920,0.00053,0.19032
CVE-2019-13921,0.00110,0.44110
CVE-2019-13922,0.00054,0.20290
CVE-2019-13923,0.00165,0.53143
CVE-2019-13924,0.00084,0.35108
CVE-2019-13925,0.00084,0.34944
CVE-2019-13926,0.00112,0.44414
CVE-2019-13927,0.00069,0.28606
CVE-2019-13929,0.00176,0.54859
CVE-2019-1393,0.00049,0.15817
CVE-2019-13930,0.00061,0.23762
CVE-2019-13931,0.00054,0.20290
CVE-2019-13932,0.00129,0.47673
CVE-2019-13933,0.00111,0.44127
CVE-2019-13934,0.00054,0.20290
CVE-2019-13935,0.00054,0.20290
CVE-2019-13936,0.00054,0.20290
CVE-2019-13939,0.00115,0.45166
CVE-2019-1394,0.00049,0.15817
CVE-2019-13940,0.00078,0.32112
CVE-2019-13941,0.00275,0.64833
CVE-2019-13942,0.00112,0.44414
CVE-2019-13943,0.00108,0.43469
CVE-2019-13944,0.00184,0.55731
CVE-2019-13945,0.00061,0.23892
CVE-2019-13946,0.00103,0.41969
CVE-2019-13947,0.00057,0.21513
CVE-2019-13948,0.00074,0.30642
CVE-2019-13949,0.00372,0.69917
CVE-2019-1395,0.00049,0.15817
CVE-2019-13950,0.00074,0.30642
CVE-2019-13951,0.00465,0.72921
CVE-2019-13952,0.00328,0.67968
CVE-2019-13953,0.00069,0.28525
CVE-2019-13954,0.00078,0.32657
CVE-2019-13955,0.00078,0.32657
CVE-2019-13956,0.04015,0.91220
CVE-2019-13957,0.00152,0.51379
CVE-2019-13959,0.00135,0.48648
CVE-2019-1396,0.00049,0.15817
CVE-2019-13960,0.00074,0.30438
CVE-2019-13961,0.00150,0.51222
CVE-2019-13962,0.00912,0.81130
CVE-2019-13965,0.00206,0.58584
CVE-2019-13966,0.00084,0.35108
CVE-2019-13967,0.00221,0.60393
CVE-2019-13969,0.00095,0.39610
CVE-2019-1397,0.00137,0.49116
CVE-2019-13970,0.00147,0.50600
CVE-2019-13971,0.00087,0.36434
CVE-2019-13972,0.00087,0.36434
CVE-2019-13973,0.00579,0.75776
CVE-2019-13974,0.00073,0.30112
CVE-2019-13975,0.00078,0.32606
CVE-2019-13976,0.00195,0.57387
CVE-2019-13977,0.00091,0.38430
CVE-2019-13978,0.00091,0.38618
CVE-2019-13979,0.00428,0.71830
CVE-2019-1398,0.00137,0.49116
CVE-2019-13980,0.00501,0.73924
CVE-2019-13981,0.00169,0.53862
CVE-2019-13982,0.00084,0.34791
CVE-2019-13983,0.00235,0.61731
CVE-2019-13984,0.00375,0.70024
CVE-2019-13988,0.00057,0.21257
CVE-2019-13989,0.00085,0.35231
CVE-2019-1399,0.00043,0.07315
CVE-2019-13990,0.00751,0.79071
CVE-2019-13991,0.00109,0.43518
CVE-2019-13992,0.00044,0.10161
CVE-2019-13994,0.00044,0.10161
CVE-2019-13995,0.00044,0.10161
CVE-2019-13998,0.00044,0.10161
CVE-2019-13999,0.00044,0.10161
CVE-2019-1400,0.00049,0.15132
CVE-2019-14000,0.00044,0.10161
CVE-2019-14001,0.00044,0.10161
CVE-2019-14002,0.00044,0.10161
CVE-2019-14003,0.00098,0.40524
CVE-2019-14004,0.00212,0.59232
CVE-2019-14005,0.00212,0.59232
CVE-2019-14006,0.00212,0.59232
CVE-2019-14007,0.00044,0.10161
CVE-2019-14008,0.00102,0.41309
CVE-2019-14009,0.00044,0.10161
CVE-2019-14010,0.00103,0.41969
CVE-2019-14011,0.00188,0.56423
CVE-2019-14012,0.00102,0.41309
CVE-2019-14013,0.00188,0.56423
CVE-2019-14014,0.00212,0.59232
CVE-2019-14015,0.00044,0.10161
CVE-2019-14016,0.00188,0.56423
CVE-2019-14017,0.00212,0.59232
CVE-2019-14018,0.00044,0.10161
CVE-2019-14019,0.00188,0.56423
CVE-2019-1402,0.00049,0.15132
CVE-2019-14020,0.00188,0.56423
CVE-2019-14021,0.00044,0.10161
CVE-2019-14022,0.00103,0.41969
CVE-2019-14023,0.00044,0.10161
CVE-2019-14024,0.00044,0.10161
CVE-2019-14025,0.00044,0.10161
CVE-2019-14026,0.00044,0.10161
CVE-2019-14027,0.00044,0.10161
CVE-2019-14028,0.00044,0.10161
CVE-2019-14029,0.00044,0.10161
CVE-2019-14030,0.00044,0.10161
CVE-2019-14031,0.00212,0.59232
CVE-2019-14032,0.00044,0.10161
CVE-2019-14033,0.00188,0.56423
CVE-2019-14034,0.00044,0.10161
CVE-2019-14036,0.00044,0.10161
CVE-2019-14037,0.00044,0.10161
CVE-2019-14038,0.00044,0.10161
CVE-2019-14039,0.00044,0.10161
CVE-2019-14040,0.00044,0.10161
CVE-2019-14041,0.00044,0.10161
CVE-2019-14042,0.00044,0.10161
CVE-2019-14043,0.00044,0.10161
CVE-2019-14044,0.00044,0.10161
CVE-2019-14045,0.00212,0.59232
CVE-2019-14046,0.00044,0.10161
CVE-2019-14047,0.00044,0.10161
CVE-2019-14048,0.00044,0.10161
CVE-2019-14049,0.00044,0.10161
CVE-2019-1405,0.00123,0.46543
CVE-2019-14050,0.00044,0.10161
CVE-2019-14051,0.00044,0.10161
CVE-2019-14052,0.00295,0.66158
CVE-2019-14053,0.00044,0.10161
CVE-2019-14054,0.00044,0.10161
CVE-2019-14055,0.00044,0.10161
CVE-2019-14056,0.00044,0.10161
CVE-2019-14057,0.00188,0.56423
CVE-2019-1406,0.01492,0.85532
CVE-2019-14060,0.00044,0.10161
CVE-2019-14061,0.00103,0.41969
CVE-2019-14062,0.00212,0.59232
CVE-2019-14063,0.00188,0.56423
CVE-2019-14065,0.00044,0.10161
CVE-2019-14066,0.00044,0.10161
CVE-2019-14067,0.00044,0.10161
CVE-2019-14068,0.00044,0.10161
CVE-2019-1407,0.00043,0.07315
CVE-2019-14070,0.00044,0.10161
CVE-2019-14071,0.00044,0.10161
CVE-2019-14072,0.00044,0.10161
CVE-2019-14073,0.00253,0.63279
CVE-2019-14074,0.00044,0.10161
CVE-2019-14075,0.00044,0.10161
CVE-2019-14076,0.00044,0.10161
CVE-2019-14077,0.00044,0.10161
CVE-2019-14078,0.00044,0.10161
CVE-2019-14079,0.00044,0.10161
CVE-2019-1408,0.00091,0.38170
CVE-2019-14080,0.00225,0.60856
CVE-2019-14081,0.00044,0.10161
CVE-2019-14082,0.00188,0.56423
CVE-2019-14083,0.00188,0.56423
CVE-2019-14085,0.00044,0.10161
CVE-2019-14086,0.00188,0.56423
CVE-2019-14087,0.00044,0.10161
CVE-2019-14088,0.00069,0.28546
CVE-2019-14089,0.00044,0.10161
CVE-2019-1409,0.00043,0.07315
CVE-2019-14091,0.00044,0.10161
CVE-2019-14092,0.00044,0.10161
CVE-2019-14093,0.00044,0.10161
CVE-2019-14094,0.00044,0.10161
CVE-2019-14095,0.00212,0.59232
CVE-2019-14097,0.00212,0.59232
CVE-2019-14098,0.00212,0.59232
CVE-2019-14099,0.00044,0.10161
CVE-2019-14100,0.00044,0.10161
CVE-2019-14101,0.00044,0.10161
CVE-2019-14104,0.00044,0.10161
CVE-2019-14105,0.00044,0.10161
CVE-2019-1411,0.13837,0.95165
CVE-2019-14110,0.00212,0.59232
CVE-2019-14111,0.00212,0.59232
CVE-2019-14112,0.00212,0.59232
CVE-2019-14113,0.00212,0.59232
CVE-2019-14114,0.00212,0.59232
CVE-2019-14115,0.00042,0.05722
CVE-2019-14116,0.00044,0.10161
CVE-2019-14117,0.00044,0.10161
CVE-2019-14119,0.00044,0.10161
CVE-2019-1412,0.00046,0.13834
CVE-2019-14122,0.00044,0.10161
CVE-2019-14123,0.00044,0.10161
CVE-2019-14124,0.00044,0.10161
CVE-2019-14127,0.00212,0.59232
CVE-2019-1413,0.00179,0.55175
CVE-2019-14130,0.00044,0.10161
CVE-2019-14131,0.00188,0.56423
CVE-2019-14132,0.00188,0.56423
CVE-2019-14134,0.00188,0.56423
CVE-2019-14135,0.00063,0.24986
CVE-2019-1414,0.00043,0.07315
CVE-2019-1415,0.00043,0.07315
CVE-2019-1416,0.00043,0.07315
CVE-2019-1417,0.00043,0.07315
CVE-2019-1418,0.00090,0.37844
CVE-2019-1419,0.08073,0.93732
CVE-2019-14192,0.00235,0.61731
CVE-2019-14193,0.00235,0.61731
CVE-2019-14194,0.00235,0.61731
CVE-2019-14195,0.00235,0.61731
CVE-2019-14196,0.00235,0.61731
CVE-2019-14197,0.00235,0.61731
CVE-2019-14198,0.00235,0.61731
CVE-2019-14199,0.00235,0.61731
CVE-2019-1420,0.00043,0.07315
CVE-2019-14200,0.00235,0.61731
CVE-2019-14201,0.00235,0.61731
CVE-2019-14202,0.00235,0.61731
CVE-2019-14203,0.00235,0.61731
CVE-2019-14204,0.00235,0.61731
CVE-2019-14205,0.06233,0.92916
CVE-2019-14206,0.00746,0.78995
CVE-2019-14207,0.00112,0.44478
CVE-2019-14208,0.00098,0.40524
CVE-2019-14209,0.00198,0.57728
CVE-2019-14210,0.00103,0.41969
CVE-2019-14211,0.00145,0.50409
CVE-2019-14212,0.00110,0.44065
CVE-2019-14213,0.00112,0.44478
CVE-2019-14214,0.00103,0.41969
CVE-2019-14215,0.00103,0.41969
CVE-2019-14216,0.00150,0.51222
CVE-2019-1422,0.00060,0.23748
CVE-2019-14220,0.00044,0.10161
CVE-2019-14221,0.00118,0.45669
CVE-2019-14222,0.01410,0.85117
CVE-2019-14223,0.00267,0.64329
CVE-2019-14224,0.00641,0.77063
CVE-2019-14225,0.00094,0.39392
CVE-2019-14226,0.00090,0.38042
CVE-2019-14227,0.00742,0.78939
CVE-2019-14228,0.00071,0.29374
CVE-2019-1423,0.00060,0.23748
CVE-2019-14230,0.00378,0.70168
CVE-2019-14231,0.00378,0.70168
CVE-2019-14232,0.02838,0.89706
CVE-2019-14233,0.02361,0.88760
CVE-2019-14234,0.00536,0.74811
CVE-2019-14235,0.02361,0.88760
CVE-2019-14236,0.01088,0.82843
CVE-2019-14237,0.01503,0.85614
CVE-2019-14238,0.00048,0.14788
CVE-2019-14239,0.00060,0.23520
CVE-2019-1424,0.00286,0.65541
CVE-2019-14240,0.00060,0.23579
CVE-2019-14241,0.77412,0.97967
CVE-2019-14242,0.00042,0.05722
CVE-2019-14243,0.02932,0.89841
CVE-2019-14245,0.00772,0.79395
CVE-2019-14246,0.02383,0.88808
CVE-2019-14247,0.00117,0.45562
CVE-2019-14248,0.00065,0.27117
CVE-2019-14249,0.00247,0.62729
CVE-2019-1425,0.00174,0.54580
CVE-2019-14250,0.00092,0.38765
CVE-2019-14251,0.01412,0.85127
CVE-2019-14252,0.00109,0.43614
CVE-2019-14253,0.00126,0.47113
CVE-2019-14254,0.00210,0.59016
CVE-2019-14255,0.02765,0.89584
CVE-2019-14257,0.00042,0.05722
CVE-2019-14258,0.00345,0.68776
CVE-2019-14259,0.00253,0.63255
CVE-2019-1426,0.01742,0.86641
CVE-2019-14260,0.00093,0.39064
CVE-2019-14261,0.00356,0.69278
CVE-2019-14262,0.00266,0.64272
CVE-2019-14266,0.00091,0.38618
CVE-2019-14267,0.00315,0.67238
CVE-2019-14268,0.00065,0.26756
CVE-2019-1427,0.01742,0.86641
CVE-2019-14270,0.00096,0.40045
CVE-2019-14271,0.01596,0.86060
CVE-2019-14272,0.00081,0.33508
CVE-2019-14273,0.00135,0.48819
CVE-2019-14274,0.00073,0.30380
CVE-2019-14275,0.00071,0.29261
CVE-2019-14276,0.00100,0.40819
CVE-2019-14277,0.09139,0.94096
CVE-2019-14278,0.00089,0.37649
CVE-2019-1428,0.01742,0.86641
CVE-2019-14280,0.01794,0.86833
CVE-2019-14281,0.00822,0.80083
CVE-2019-14282,0.00822,0.80083
CVE-2019-14283,0.00084,0.35111
CVE-2019-14284,0.00090,0.37689
CVE-2019-14286,0.00078,0.32606
CVE-2019-14287,0.34595,0.96724
CVE-2019-14288,0.00157,0.52203
CVE-2019-14289,0.00061,0.23866
CVE-2019-1429,0.97139,0.99758
CVE-2019-14290,0.00061,0.23866
CVE-2019-14291,0.00061,0.23866
CVE-2019-14292,0.00061,0.23866
CVE-2019-14293,0.00061,0.23866
CVE-2019-14294,0.00061,0.23866
CVE-2019-14295,0.00226,0.60916
CVE-2019-14296,0.00177,0.54962
CVE-2019-14297,0.00091,0.38085
CVE-2019-14298,0.00091,0.38085
CVE-2019-14299,0.00244,0.62506
CVE-2019-1430,0.04101,0.91323
CVE-2019-14300,0.00483,0.73430
CVE-2019-14301,0.00147,0.50603
CVE-2019-14302,0.00076,0.31441
CVE-2019-14303,0.00116,0.45451
CVE-2019-14304,0.00083,0.34306
CVE-2019-14305,0.00483,0.73430
CVE-2019-14306,0.00147,0.50603
CVE-2019-14307,0.00483,0.73430
CVE-2019-14308,0.00483,0.73430
CVE-2019-14309,0.00178,0.55045
CVE-2019-14310,0.00244,0.62506
CVE-2019-14312,0.01777,0.86759
CVE-2019-14313,0.00240,0.62088
CVE-2019-14314,0.00254,0.63280
CVE-2019-14315,0.00131,0.48045
CVE-2019-14317,0.00154,0.51643
CVE-2019-14318,0.04989,0.92095
CVE-2019-14319,0.00176,0.54849
CVE-2019-1432,0.13837,0.95165
CVE-2019-14322,0.62521,0.97565
CVE-2019-14323,0.00158,0.52291
CVE-2019-14326,0.00091,0.38636
CVE-2019-14327,0.00053,0.19032
CVE-2019-14328,0.00385,0.70410
CVE-2019-14329,0.00088,0.36898
CVE-2019-1433,0.00043,0.07315
CVE-2019-14330,0.00088,0.36898
CVE-2019-14331,0.00088,0.36898
CVE-2019-14332,0.00087,0.35950
CVE-2019-14333,0.00061,0.24039
CVE-2019-14334,0.00054,0.19492
CVE-2019-14335,0.00051,0.17454
CVE-2019-14336,0.00054,0.19492
CVE-2019-14337,0.00065,0.27055
CVE-2019-14338,0.00523,0.74495
CVE-2019-14339,0.00087,0.36570
CVE-2019-1434,0.00043,0.07315
CVE-2019-14343,0.00746,0.78996
CVE-2019-14344,0.00084,0.35108
CVE-2019-14345,0.02694,0.89453
CVE-2019-14346,0.00436,0.72107
CVE-2019-14347,0.06467,0.93047
CVE-2019-14348,0.11653,0.94797
CVE-2019-14349,0.00087,0.36434
CVE-2019-1435,0.00043,0.07315
CVE-2019-14350,0.00087,0.36434
CVE-2019-14351,0.00109,0.43614
CVE-2019-14352,0.00091,0.38161
CVE-2019-14353,0.00096,0.40045
CVE-2019-14354,0.00058,0.22795
CVE-2019-14355,0.00058,0.22795
CVE-2019-14356,0.00119,0.46037
CVE-2019-14357,0.00058,0.22795
CVE-2019-14358,0.00096,0.40045
CVE-2019-14359,0.00071,0.29270
CVE-2019-1436,0.00049,0.15132
CVE-2019-14360,0.00096,0.40045
CVE-2019-14362,0.00230,0.61224
CVE-2019-14363,0.00644,0.77125
CVE-2019-14364,0.00135,0.48777
CVE-2019-14365,0.00168,0.53801
CVE-2019-14366,0.00168,0.53801
CVE-2019-14367,0.00149,0.50995
CVE-2019-14368,0.00091,0.38161
CVE-2019-14369,0.00089,0.37255
CVE-2019-1437,0.00043,0.07315
CVE-2019-14370,0.00089,0.37255
CVE-2019-14371,0.00081,0.33520
CVE-2019-14372,0.00088,0.36835
CVE-2019-14373,0.00091,0.38161
CVE-2019-14378,0.01565,0.85918
CVE-2019-14379,0.00661,0.77500
CVE-2019-1438,0.00043,0.07315
CVE-2019-14380,0.00088,0.37146
CVE-2019-14381,0.00145,0.50311
CVE-2019-14382,0.00235,0.61649
CVE-2019-14383,0.00279,0.65101
CVE-2019-14386,0.00054,0.20290
CVE-2019-14387,0.00078,0.32606
CVE-2019-14388,0.00081,0.33686
CVE-2019-14389,0.00042,0.05722
CVE-2019-1439,0.04502,0.91676
CVE-2019-14390,0.00054,0.20290
CVE-2019-14391,0.00044,0.10161
CVE-2019-14392,0.00597,0.76144
CVE-2019-14393,0.00042,0.05722
CVE-2019-14394,0.00044,0.10161
CVE-2019-14395,0.00044,0.10161
CVE-2019-14396,0.00044,0.10161
CVE-2019-14397,0.00084,0.34791
CVE-2019-14398,0.00105,0.42575
CVE-2019-14399,0.00044,0.10161
CVE-2019-1440,0.00049,0.15132
CVE-2019-14400,0.00045,0.12206
CVE-2019-14401,0.00105,0.42575
CVE-2019-14402,0.00044,0.10161
CVE-2019-14403,0.00078,0.32606
CVE-2019-14404,0.00044,0.10161
CVE-2019-14405,0.00105,0.42575
CVE-2019-14406,0.00078,0.32606
CVE-2019-14407,0.00054,0.20290
CVE-2019-14408,0.00054,0.20290
CVE-2019-14409,0.00044,0.10161
CVE-2019-1441,0.04138,0.91354
CVE-2019-14410,0.00044,0.10161
CVE-2019-14411,0.00084,0.34791
CVE-2019-14412,0.00044,0.10161
CVE-2019-14413,0.00054,0.20290
CVE-2019-14414,0.00044,0.10161
CVE-2019-14415,0.00086,0.35734
CVE-2019-14416,0.00477,0.73244
CVE-2019-14417,0.00300,0.66442
CVE-2019-14418,0.01471,0.85430
CVE-2019-1442,0.00179,0.55188
CVE-2019-14422,0.00690,0.78085
CVE-2019-14423,0.01322,0.84604
CVE-2019-14424,0.00250,0.62985
CVE-2019-14427,0.00148,0.50841
CVE-2019-1443,0.94566,0.99082
CVE-2019-14430,0.00274,0.64807
CVE-2019-14431,0.01363,0.84868
CVE-2019-14432,0.01894,0.87282
CVE-2019-14433,0.00124,0.46751
CVE-2019-14437,0.00145,0.50376
CVE-2019-14438,0.00216,0.59652
CVE-2019-14439,0.00116,0.45392
CVE-2019-14441,0.00102,0.41248
CVE-2019-14442,0.00089,0.37255
CVE-2019-14443,0.00124,0.46706
CVE-2019-14444,0.00114,0.44906
CVE-2019-14449,0.00054,0.20290
CVE-2019-1445,0.00177,0.54895
CVE-2019-14450,0.00922,0.81254
CVE-2019-14451,0.01744,0.86647
CVE-2019-14452,0.00318,0.67476
CVE-2019-14453,0.00104,0.42382
CVE-2019-14454,0.00244,0.62506
CVE-2019-14456,0.00058,0.22585
CVE-2019-14457,0.00356,0.69278
CVE-2019-14458,0.00223,0.60674
CVE-2019-14459,0.01035,0.82352
CVE-2019-1446,0.00289,0.65777
CVE-2019-14462,0.00384,0.70397
CVE-2019-14463,0.00384,0.70397
CVE-2019-14464,0.00119,0.45853
CVE-2019-14465,0.00116,0.45337
CVE-2019-14466,0.00072,0.29856
CVE-2019-14467,0.00150,0.51203
CVE-2019-14468,0.00104,0.41993
CVE-2019-14469,0.00118,0.45659
CVE-2019-1447,0.00177,0.54895
CVE-2019-14470,0.79707,0.98036
CVE-2019-14471,0.00087,0.36434
CVE-2019-14472,0.00087,0.36434
CVE-2019-14473,0.00109,0.43614
CVE-2019-14474,0.00095,0.39675
CVE-2019-14475,0.00402,0.71030
CVE-2019-14476,0.00074,0.30761
CVE-2019-14477,0.00044,0.10161
CVE-2019-14478,0.00058,0.22585
CVE-2019-14479,0.00649,0.77201
CVE-2019-1448,0.14270,0.95234
CVE-2019-14480,0.00291,0.65876
CVE-2019-14481,0.00071,0.29374
CVE-2019-14482,0.00484,0.73464
CVE-2019-14483,0.00082,0.34098
CVE-2019-14486,0.00104,0.41993
CVE-2019-1449,0.00431,0.71903
CVE-2019-14491,0.00494,0.73730
CVE-2019-14492,0.00341,0.68568
CVE-2019-14493,0.00231,0.61342
CVE-2019-14494,0.01039,0.82402
CVE-2019-14495,0.00326,0.67876
CVE-2019-14496,0.00069,0.28651
CVE-2019-14497,0.00069,0.28651
CVE-2019-14498,0.00191,0.56753
CVE-2019-14510,0.00106,0.42917
CVE-2019-14511,0.01038,0.82381
CVE-2019-14512,0.00083,0.34610
CVE-2019-14513,0.00106,0.42795
CVE-2019-14514,0.00576,0.75693
CVE-2019-14516,0.00107,0.43169
CVE-2019-14517,0.00087,0.36434
CVE-2019-14518,0.00121,0.46344
CVE-2019-14521,0.00185,0.55852
CVE-2019-14523,0.00078,0.32770
CVE-2019-14524,0.00067,0.27636
CVE-2019-14525,0.00109,0.43563
CVE-2019-14526,0.00112,0.44586
CVE-2019-14527,0.01705,0.86494
CVE-2019-14528,0.00085,0.35231
CVE-2019-14529,0.00168,0.53808
CVE-2019-1453,0.00201,0.57992
CVE-2019-14530,0.81752,0.98123
CVE-2019-14531,0.00659,0.77474
CVE-2019-14532,0.09844,0.94320
CVE-2019-14533,0.00191,0.56753
CVE-2019-14534,0.00148,0.50893
CVE-2019-14535,0.00191,0.56753
CVE-2019-14537,0.00432,0.71966
CVE-2019-1454,0.00043,0.07315
CVE-2019-14540,0.00467,0.72979
CVE-2019-14541,0.00085,0.35231
CVE-2019-14544,0.00222,0.60400
CVE-2019-14546,0.00081,0.33551
CVE-2019-14547,0.00081,0.33551
CVE-2019-14548,0.00081,0.33551
CVE-2019-14549,0.00081,0.33551
CVE-2019-14550,0.00081,0.33551
CVE-2019-14551,0.00285,0.65524
CVE-2019-14553,0.00065,0.26756
CVE-2019-14556,0.00044,0.10161
CVE-2019-14557,0.00044,0.10161
CVE-2019-14558,0.00044,0.10161
CVE-2019-14559,0.00104,0.42324
CVE-2019-1456,0.04046,0.91257
CVE-2019-14562,0.00044,0.10161
CVE-2019-14563,0.00044,0.10161
CVE-2019-14565,0.00044,0.10161
CVE-2019-14566,0.00044,0.10161
CVE-2019-14568,0.00044,0.10161
CVE-2019-14569,0.00044,0.10161
CVE-2019-1457,0.00097,0.40210
CVE-2019-14570,0.00044,0.10161
CVE-2019-14574,0.00044,0.10161
CVE-2019-14575,0.00042,0.05722
CVE-2019-1458,0.97194,0.99789
CVE-2019-14584,0.00044,0.10161
CVE-2019-14586,0.00044,0.10161
CVE-2019-14587,0.00061,0.23972
CVE-2019-14590,0.00044,0.10161
CVE-2019-14591,0.00044,0.10161
CVE-2019-14596,0.00044,0.10161
CVE-2019-14598,0.00044,0.10161
CVE-2019-14599,0.00044,0.10161
CVE-2019-1460,0.00066,0.27161
CVE-2019-14600,0.00044,0.10161
CVE-2019-14601,0.00044,0.10161
CVE-2019-14602,0.00044,0.10161
CVE-2019-14603,0.00044,0.10161
CVE-2019-14604,0.00044,0.10161
CVE-2019-14605,0.00044,0.10161
CVE-2019-14607,0.00047,0.13943
CVE-2019-14608,0.00044,0.10161
CVE-2019-14609,0.00044,0.10161
CVE-2019-1461,0.00290,0.65833
CVE-2019-14610,0.00044,0.10161
CVE-2019-14611,0.00044,0.10161
CVE-2019-14612,0.00044,0.10161
CVE-2019-14613,0.00044,0.10161
CVE-2019-14615,0.00100,0.40880
CVE-2019-1462,0.00871,0.80646
CVE-2019-14620,0.00058,0.22795
CVE-2019-14625,0.00044,0.10161
CVE-2019-14626,0.00044,0.10161
CVE-2019-14629,0.00044,0.10161
CVE-2019-1463,0.00049,0.15132
CVE-2019-14630,0.00070,0.29068
CVE-2019-1464,0.00312,0.67107
CVE-2019-1465,0.08672,0.93940
CVE-2019-14652,0.00105,0.42678
CVE-2019-14653,0.00087,0.36434
CVE-2019-14654,0.00597,0.76144
CVE-2019-14656,0.00165,0.53134
CVE-2019-14657,0.00225,0.60836
CVE-2019-1466,0.08672,0.93940
CVE-2019-14662,0.00089,0.37196
CVE-2019-14663,0.00089,0.37196
CVE-2019-14664,0.00251,0.63126
CVE-2019-14665,0.00089,0.37196
CVE-2019-14666,0.00080,0.33480
CVE-2019-14667,0.00088,0.36898
CVE-2019-14668,0.00053,0.18833
CVE-2019-14669,0.00053,0.18833
CVE-2019-1467,0.03227,0.90286
CVE-2019-14670,0.00053,0.18833
CVE-2019-14671,0.00044,0.10445
CVE-2019-14672,0.00053,0.18833
CVE-2019-14678,0.00417,0.71507
CVE-2019-14679,0.00071,0.29411
CVE-2019-1468,0.02923,0.89827
CVE-2019-14680,0.00053,0.18833
CVE-2019-14681,0.00150,0.51222
CVE-2019-14682,0.00107,0.43056
CVE-2019-14683,0.00101,0.41163
CVE-2019-14684,0.00096,0.39946
CVE-2019-14685,0.00042,0.05722
CVE-2019-14686,0.00063,0.25378
CVE-2019-14687,0.00070,0.28841
CVE-2019-14688,0.00063,0.25378
CVE-2019-1469,0.00049,0.15132
CVE-2019-14690,0.00370,0.69847
CVE-2019-14691,0.00370,0.69847
CVE-2019-14692,0.00370,0.69847
CVE-2019-14693,0.00198,0.57772
CVE-2019-14694,0.00044,0.10445
CVE-2019-14695,0.00282,0.65333
CVE-2019-14696,0.00776,0.79472
CVE-2019-14697,0.00616,0.76584
CVE-2019-14698,0.04112,0.91333
CVE-2019-14699,0.03840,0.91059
CVE-2019-1470,0.00048,0.14804
CVE-2019-14700,0.00593,0.76073
CVE-2019-14701,0.00214,0.59515
CVE-2019-14702,0.00272,0.64625
CVE-2019-14703,0.00199,0.57828
CVE-2019-14704,0.00499,0.73862
CVE-2019-14705,0.00192,0.57153
CVE-2019-14706,0.00416,0.71481
CVE-2019-14707,0.00876,0.80718
CVE-2019-14708,0.03472,0.90626
CVE-2019-14709,0.00350,0.69009
CVE-2019-1471,0.00165,0.53190
CVE-2019-14711,0.00044,0.10161
CVE-2019-14712,0.00044,0.10161
CVE-2019-14713,0.00044,0.10161
CVE-2019-14715,0.00070,0.29068
CVE-2019-14716,0.00044,0.10161
CVE-2019-14717,0.00044,0.10161
CVE-2019-14718,0.00044,0.10161
CVE-2019-14719,0.00044,0.10161
CVE-2019-1472,0.00049,0.15132
CVE-2019-14721,0.00156,0.52048
CVE-2019-14722,0.00086,0.35853
CVE-2019-14723,0.00086,0.35853
CVE-2019-14724,0.00392,0.70719
CVE-2019-14725,0.00092,0.38752
CVE-2019-14726,0.00086,0.35853
CVE-2019-14727,0.00086,0.35853
CVE-2019-14728,0.00086,0.35853
CVE-2019-14729,0.00086,0.35853
CVE-2019-14730,0.00086,0.35853
CVE-2019-14731,0.00058,0.22585
CVE-2019-14732,0.00310,0.67013
CVE-2019-14733,0.00370,0.69847
CVE-2019-14734,0.00370,0.69847
CVE-2019-14737,0.00079,0.33088
CVE-2019-1474,0.00049,0.15132
CVE-2019-14743,0.00042,0.05722
CVE-2019-14744,0.00300,0.66430
CVE-2019-14745,0.00148,0.50792
CVE-2019-14746,0.00767,0.79321
CVE-2019-14747,0.00087,0.36434
CVE-2019-14748,0.00389,0.70609
CVE-2019-14749,0.05362,0.92391
CVE-2019-14750,0.04425,0.91605
CVE-2019-14751,0.00614,0.76533
CVE-2019-14752,0.00074,0.30673
CVE-2019-14753,0.00116,0.45451
CVE-2019-14754,0.00189,0.56522
CVE-2019-14755,0.00192,0.57153
CVE-2019-14756,0.00105,0.42625
CVE-2019-14757,0.00066,0.27550
CVE-2019-14758,0.00066,0.27550
CVE-2019-14759,0.00052,0.18020
CVE-2019-1476,0.00065,0.26868
CVE-2019-14760,0.00056,0.21174
CVE-2019-14761,0.00056,0.21174
CVE-2019-14763,0.00045,0.11966
CVE-2019-14765,0.00087,0.35903
CVE-2019-14766,0.00132,0.48186
CVE-2019-14767,0.00429,0.71853
CVE-2019-14768,0.00260,0.63801
CVE-2019-14769,0.00078,0.32606
CVE-2019-1477,0.00043,0.07315
CVE-2019-14770,0.00078,0.32606
CVE-2019-14771,0.00481,0.73395
CVE-2019-14772,0.00087,0.36434
CVE-2019-14773,0.00091,0.38064
CVE-2019-14774,0.00076,0.31249
CVE-2019-14776,0.00131,0.47951
CVE-2019-14777,0.00191,0.56753
CVE-2019-14778,0.00191,0.56753
CVE-2019-1478,0.00043,0.07315
CVE-2019-14782,0.00055,0.20557
CVE-2019-14783,0.00047,0.13994
CVE-2019-14784,0.00078,0.32606
CVE-2019-14785,0.00053,0.18833
CVE-2019-14786,0.00104,0.41976
CVE-2019-14787,0.00086,0.35801
CVE-2019-14788,0.00263,0.64063
CVE-2019-14789,0.00125,0.46893
CVE-2019-14790,0.00088,0.36898
CVE-2019-14791,0.00088,0.36898
CVE-2019-14792,0.00062,0.24442
CVE-2019-14793,0.00058,0.22585
CVE-2019-14794,0.00084,0.34791
CVE-2019-14795,0.00062,0.24442
CVE-2019-14796,0.00062,0.24442
CVE-2019-14797,0.00054,0.20290
CVE-2019-14798,0.00103,0.41680
CVE-2019-14799,0.00166,0.53370
CVE-2019-1480,0.01561,0.85899
CVE-2019-14800,0.00115,0.45133
CVE-2019-14801,0.00138,0.49278
CVE-2019-14802,0.00068,0.28132
CVE-2019-14804,0.00136,0.48948
CVE-2019-14805,0.00050,0.16378
CVE-2019-14806,0.00234,0.61536
CVE-2019-14807,0.00066,0.27550
CVE-2019-14808,0.00283,0.65401
CVE-2019-14809,0.03744,0.90951
CVE-2019-1481,0.01561,0.85899
CVE-2019-14810,0.00116,0.45451
CVE-2019-14811,0.00172,0.54290
CVE-2019-14812,0.00159,0.52380
CVE-2019-14813,0.00711,0.78450
CVE-2019-14814,0.00045,0.12321
CVE-2019-14815,0.00070,0.29121
CVE-2019-14816,0.00045,0.12321
CVE-2019-14817,0.00212,0.59233
CVE-2019-14818,0.00610,0.76435
CVE-2019-14819,0.00091,0.38531
CVE-2019-14820,0.00054,0.20290
CVE-2019-14821,0.00047,0.14013
CVE-2019-14822,0.00043,0.07608
CVE-2019-14823,0.00156,0.52068
CVE-2019-14824,0.00210,0.59006
CVE-2019-14825,0.00054,0.20290
CVE-2019-14826,0.00044,0.10161
CVE-2019-14827,0.00085,0.35188
CVE-2019-14828,0.00054,0.20290
CVE-2019-14829,0.00054,0.20290
CVE-2019-1483,0.00060,0.23543
CVE-2019-14830,0.00084,0.35108
CVE-2019-14831,0.00084,0.35108
CVE-2019-14832,0.00087,0.36023
CVE-2019-14833,0.00125,0.46938
CVE-2019-14834,0.00347,0.68817
CVE-2019-14835,0.00067,0.27670
CVE-2019-14836,0.00075,0.30890
CVE-2019-14837,0.00237,0.61864
CVE-2019-14838,0.00223,0.60655
CVE-2019-14839,0.00150,0.51158
CVE-2019-1484,0.01225,0.83944
CVE-2019-14840,0.00152,0.51450
CVE-2019-14841,0.00074,0.30692
CVE-2019-14842,0.00407,0.71187
CVE-2019-14843,0.00087,0.36023
CVE-2019-14844,0.00649,0.77227
CVE-2019-14845,0.00049,0.15056
CVE-2019-14846,0.00045,0.11966
CVE-2019-14847,0.00341,0.68588
CVE-2019-14849,0.00054,0.20290
CVE-2019-1485,0.01632,0.86225
CVE-2019-14850,0.00105,0.42404
CVE-2019-14851,0.00068,0.28144
CVE-2019-14852,0.00107,0.43043
CVE-2019-14853,0.00195,0.57502
CVE-2019-14854,0.00079,0.33197
CVE-2019-14855,0.00230,0.61225
CVE-2019-14856,0.00140,0.49546
CVE-2019-14857,0.00148,0.50787
CVE-2019-14858,0.00047,0.13971
CVE-2019-14859,0.00235,0.61678
CVE-2019-1486,0.00198,0.57704
CVE-2019-14860,0.00166,0.53294
CVE-2019-14861,0.00509,0.74130
CVE-2019-14862,0.00112,0.44338
CVE-2019-14863,0.00066,0.27550
CVE-2019-14864,0.00283,0.65365
CVE-2019-14865,0.00042,0.05722
CVE-2019-14866,0.00053,0.18687
CVE-2019-14867,0.01067,0.82667
CVE-2019-14868,0.00196,0.57509
CVE-2019-14869,0.00447,0.72423
CVE-2019-1487,0.00272,0.64630
CVE-2019-14870,0.00243,0.62340
CVE-2019-14871,0.00079,0.32837
CVE-2019-14872,0.00077,0.32056
CVE-2019-14873,0.00077,0.32056
CVE-2019-14874,0.00077,0.32056
CVE-2019-14875,0.00077,0.32056
CVE-2019-14876,0.00077,0.32056
CVE-2019-14877,0.00077,0.32056
CVE-2019-14878,0.00077,0.32056
CVE-2019-14879,0.00058,0.22585
CVE-2019-1488,0.00043,0.07315
CVE-2019-14880,0.00174,0.54667
CVE-2019-14881,0.00084,0.35108
CVE-2019-14882,0.00084,0.35108
CVE-2019-14883,0.00076,0.31187
CVE-2019-14884,0.00084,0.35108
CVE-2019-14885,0.00054,0.20290
CVE-2019-14886,0.00060,0.23722
CVE-2019-14887,0.00151,0.51317
CVE-2019-14888,0.00184,0.55718
CVE-2019-14889,0.00734,0.78840
CVE-2019-1489,0.01284,0.84373
CVE-2019-14890,0.00044,0.10161
CVE-2019-14891,0.00072,0.29893
CVE-2019-14892,0.00392,0.70685
CVE-2019-14893,0.02479,0.89023
CVE-2019-14894,0.00152,0.51462
CVE-2019-14895,0.01086,0.82833
CVE-2019-14896,0.01664,0.86350
CVE-2019-14897,0.01064,0.82648
CVE-2019-14898,0.00042,0.05722
CVE-2019-14899,0.00046,0.13778
CVE-2019-1490,0.00053,0.18650
CVE-2019-14900,0.00104,0.41983
CVE-2019-14901,0.02670,0.89396
CVE-2019-14902,0.00222,0.60583
CVE-2019-14904,0.00046,0.12665
CVE-2019-14905,0.00048,0.14349
CVE-2019-14906,0.00444,0.72328
CVE-2019-14907,0.00602,0.76243
CVE-2019-14909,0.00090,0.38037
CVE-2019-14910,0.00182,0.55611
CVE-2019-14911,0.00066,0.27550
CVE-2019-14912,0.00112,0.44327
CVE-2019-14913,0.00053,0.18833
CVE-2019-14914,0.00366,0.69675
CVE-2019-14915,0.00066,0.27550
CVE-2019-14916,0.00058,0.22585
CVE-2019-14918,0.00082,0.33945
CVE-2019-14919,0.00051,0.17393
CVE-2019-14920,0.00109,0.43753
CVE-2019-14923,0.03763,0.90977
CVE-2019-14924,0.00156,0.52030
CVE-2019-14925,0.00069,0.28474
CVE-2019-14926,0.00516,0.74313
CVE-2019-14927,0.02022,0.87753
CVE-2019-14928,0.00053,0.18833
CVE-2019-14929,0.00838,0.80282
CVE-2019-14930,0.00516,0.74313
CVE-2019-14931,0.01176,0.83574
CVE-2019-14932,0.01570,0.85933
CVE-2019-14933,0.00119,0.45961
CVE-2019-14934,0.00205,0.58464
CVE-2019-14935,0.00051,0.17393
CVE-2019-14936,0.00126,0.47113
CVE-2019-14937,0.00150,0.51206
CVE-2019-14939,0.00044,0.10161
CVE-2019-14940,0.00081,0.33872
CVE-2019-14941,0.00134,0.48563
CVE-2019-14942,0.00089,0.37264
CVE-2019-14943,0.00614,0.76518
CVE-2019-14944,0.00980,0.81846
CVE-2019-14945,0.00058,0.22585
CVE-2019-14946,0.00058,0.22585
CVE-2019-14947,0.00058,0.22585
CVE-2019-14948,0.00062,0.24442
CVE-2019-14949,0.00084,0.35108
CVE-2019-14950,0.00078,0.32606
CVE-2019-14951,0.00414,0.71442
CVE-2019-14952,0.00078,0.32606
CVE-2019-14953,0.00078,0.32606
CVE-2019-14954,0.00168,0.53801
CVE-2019-14955,0.00084,0.34791
CVE-2019-14956,0.00054,0.20290
CVE-2019-14957,0.00084,0.34791
CVE-2019-14958,0.00103,0.41969
CVE-2019-14959,0.00168,0.53801
CVE-2019-14960,0.00044,0.10161
CVE-2019-14961,0.00078,0.32606
CVE-2019-14965,0.00621,0.76676
CVE-2019-14966,0.00274,0.64800
CVE-2019-14967,0.00076,0.31160
CVE-2019-14968,0.00212,0.59184
CVE-2019-14969,0.00044,0.10161
CVE-2019-14970,0.00221,0.60292
CVE-2019-14973,0.01294,0.84441
CVE-2019-14974,0.00217,0.59791
CVE-2019-14975,0.00086,0.35793
CVE-2019-14976,0.00087,0.36434
CVE-2019-14978,0.00114,0.44918
CVE-2019-14979,0.00114,0.44918
CVE-2019-14980,0.00422,0.71688
CVE-2019-14981,0.01233,0.84008
CVE-2019-14982,0.00296,0.66201
CVE-2019-14984,0.00483,0.73427
CVE-2019-14985,0.00914,0.81155
CVE-2019-14986,0.00434,0.72045
CVE-2019-14987,0.00054,0.20290
CVE-2019-14993,0.00248,0.62845
CVE-2019-14994,0.00769,0.79359
CVE-2019-14995,0.00128,0.47483
CVE-2019-14996,0.00113,0.44648
CVE-2019-14997,0.00077,0.31680
CVE-2019-14998,0.00126,0.47082
CVE-2019-14999,0.00075,0.31087
CVE-2019-15000,0.00905,0.81050
CVE-2019-15001,0.02187,0.88311
CVE-2019-15003,0.00224,0.60759
CVE-2019-15004,0.00318,0.67477
CVE-2019-15005,0.00054,0.20290
CVE-2019-15006,0.00237,0.61831
CVE-2019-15007,0.00066,0.27429
CVE-2019-15008,0.00122,0.46392
CVE-2019-15009,0.00082,0.34183
CVE-2019-15010,0.00147,0.50629
CVE-2019-15011,0.00054,0.20290
CVE-2019-15012,0.00470,0.73056
CVE-2019-15013,0.00103,0.41689
CVE-2019-15014,0.00259,0.63737
CVE-2019-15015,0.00070,0.29068
CVE-2019-15016,0.00087,0.36089
CVE-2019-15017,0.00070,0.29068
CVE-2019-15018,0.00084,0.34791
CVE-2019-15019,0.00222,0.60556
CVE-2019-15020,0.00866,0.80599
CVE-2019-15021,0.00084,0.34791
CVE-2019-15022,0.00084,0.34791
CVE-2019-15023,0.00168,0.53801
CVE-2019-15024,0.00054,0.20290
CVE-2019-15025,0.00138,0.49278
CVE-2019-15026,0.01324,0.84615
CVE-2019-15027,0.00986,0.81910
CVE-2019-15028,0.00077,0.31988
CVE-2019-15029,0.90829,0.98631
CVE-2019-15030,0.00042,0.05722
CVE-2019-15031,0.00042,0.05722
CVE-2019-15032,0.00160,0.52677
CVE-2019-15033,0.00126,0.47085
CVE-2019-15034,0.00042,0.05722
CVE-2019-15035,0.00065,0.26756
CVE-2019-15036,0.00168,0.53628
CVE-2019-15037,0.00078,0.32606
CVE-2019-15038,0.00084,0.34791
CVE-2019-15039,0.16941,0.95595
CVE-2019-15040,0.00073,0.30112
CVE-2019-15041,0.00078,0.32606
CVE-2019-15042,0.00084,0.34791
CVE-2019-15043,0.19454,0.95875
CVE-2019-15045,0.03187,0.90220
CVE-2019-15046,0.00617,0.76604
CVE-2019-15047,0.00249,0.62941
CVE-2019-15048,0.00232,0.61413
CVE-2019-15049,0.00249,0.62941
CVE-2019-15050,0.00249,0.62941
CVE-2019-15051,0.00131,0.47983
CVE-2019-15052,0.00530,0.74669
CVE-2019-15053,0.00093,0.39131
CVE-2019-15054,0.00123,0.46665
CVE-2019-15055,0.00142,0.49852
CVE-2019-15058,0.00888,0.80861
CVE-2019-15059,0.00168,0.53801
CVE-2019-15060,0.00287,0.65666
CVE-2019-15062,0.00116,0.45242
CVE-2019-15064,0.00235,0.61731
CVE-2019-15065,0.00149,0.50995
CVE-2019-15066,0.00235,0.61731
CVE-2019-15067,0.00235,0.61731
CVE-2019-15068,0.00235,0.61731
CVE-2019-15069,0.00235,0.61731
CVE-2019-15071,0.00633,0.76899
CVE-2019-15072,0.00334,0.68297
CVE-2019-15073,0.00201,0.58133
CVE-2019-15074,0.00285,0.65522
CVE-2019-15075,0.00107,0.43043
CVE-2019-15078,0.00102,0.41475
CVE-2019-15079,0.00102,0.41475
CVE-2019-15080,0.00117,0.45503
CVE-2019-15081,0.00094,0.39380
CVE-2019-15082,0.00084,0.35108
CVE-2019-15083,0.02359,0.88746
CVE-2019-15084,0.00058,0.21920
CVE-2019-15085,0.00178,0.55045
CVE-2019-15086,0.00084,0.35108
CVE-2019-15087,0.00801,0.79843
CVE-2019-15088,0.00244,0.62506
CVE-2019-15089,0.00071,0.29353
CVE-2019-15090,0.00045,0.11966
CVE-2019-15091,0.00195,0.57387
CVE-2019-15092,0.00147,0.50719
CVE-2019-15095,0.00087,0.36434
CVE-2019-15098,0.00252,0.63211
CVE-2019-15099,0.01635,0.86239
CVE-2019-15102,0.02130,0.88144
CVE-2019-15104,0.00817,0.80022
CVE-2019-15105,0.00817,0.80022
CVE-2019-15106,0.19238,0.95847
CVE-2019-15107,0.97494,0.99973
CVE-2019-15108,0.00054,0.20290
CVE-2019-15109,0.00084,0.35108
CVE-2019-15110,0.00078,0.32606
CVE-2019-15111,0.00222,0.60556
CVE-2019-15112,0.00084,0.35108
CVE-2019-15113,0.00073,0.30112
CVE-2019-15114,0.00073,0.30112
CVE-2019-15115,0.00073,0.30112
CVE-2019-15116,0.00066,0.27550
CVE-2019-15117,0.00046,0.13778
CVE-2019-15118,0.00046,0.13812
CVE-2019-15119,0.00058,0.22643
CVE-2019-15120,0.00062,0.24442
CVE-2019-15123,0.00373,0.69955
CVE-2019-15124,0.00101,0.41135
CVE-2019-15126,0.00668,0.77678
CVE-2019-15127,0.00054,0.20290
CVE-2019-15128,0.00063,0.25629
CVE-2019-15129,0.00133,0.48393
CVE-2019-15130,0.00616,0.76582
CVE-2019-15131,0.00429,0.71867
CVE-2019-15132,0.00964,0.81690
CVE-2019-15133,0.00121,0.46362
CVE-2019-15134,0.00115,0.45086
CVE-2019-15135,0.00178,0.55045
CVE-2019-15136,0.00094,0.39308
CVE-2019-15137,0.00071,0.29313
CVE-2019-15138,0.00339,0.68485
CVE-2019-15139,0.00717,0.78552
CVE-2019-15140,0.02687,0.89440
CVE-2019-15141,0.00132,0.48233
CVE-2019-15142,0.00075,0.30777
CVE-2019-15143,0.00138,0.49223
CVE-2019-15144,0.00109,0.43747
CVE-2019-15145,0.00075,0.30777
CVE-2019-15146,0.00098,0.40385
CVE-2019-15147,0.00098,0.40385
CVE-2019-15148,0.00133,0.48299
CVE-2019-15149,0.00244,0.62506
CVE-2019-15150,0.01146,0.83311
CVE-2019-15151,0.00522,0.74455
CVE-2019-15160,0.00117,0.45503
CVE-2019-15161,0.01624,0.86200
CVE-2019-15162,0.01624,0.86200
CVE-2019-15163,0.02422,0.88902
CVE-2019-15164,0.01624,0.86200
CVE-2019-15165,0.00508,0.74110
CVE-2019-15166,0.00588,0.75985
CVE-2019-15167,0.00167,0.53451
CVE-2019-15211,0.00134,0.48565
CVE-2019-15212,0.00134,0.48565
CVE-2019-15213,0.00132,0.48086
CVE-2019-15214,0.00096,0.39796
CVE-2019-15215,0.00134,0.48565
CVE-2019-15216,0.00097,0.40254
CVE-2019-15217,0.00097,0.40254
CVE-2019-15218,0.00127,0.47266
CVE-2019-15219,0.00134,0.48565
CVE-2019-15220,0.00097,0.40254
CVE-2019-15221,0.00097,0.40254
CVE-2019-15222,0.00164,0.53093
CVE-2019-15223,0.00169,0.53951
CVE-2019-15224,0.00361,0.69469
CVE-2019-15225,0.00247,0.62766
CVE-2019-15226,0.00907,0.81066
CVE-2019-15227,0.00087,0.36434
CVE-2019-15228,0.00074,0.30642
CVE-2019-15229,0.00372,0.69917
CVE-2019-15230,0.00058,0.22585
CVE-2019-15232,0.00244,0.62506
CVE-2019-15233,0.00076,0.31249
CVE-2019-15234,0.00134,0.48563
CVE-2019-15235,0.00055,0.20557
CVE-2019-15237,0.00115,0.45221
CVE-2019-15238,0.00085,0.35311
CVE-2019-15239,0.00042,0.05722
CVE-2019-15240,0.00044,0.10161
CVE-2019-15241,0.00044,0.10161
CVE-2019-15242,0.00044,0.10161
CVE-2019-15243,0.00044,0.10161
CVE-2019-15244,0.00044,0.10161
CVE-2019-15245,0.00044,0.10161
CVE-2019-15246,0.00044,0.10161
CVE-2019-15247,0.00044,0.10161
CVE-2019-15248,0.00044,0.10161
CVE-2019-15249,0.00044,0.10161
CVE-2019-15250,0.00044,0.10161
CVE-2019-15251,0.00044,0.10161
CVE-2019-15252,0.00044,0.10161
CVE-2019-15253,0.00154,0.51643
CVE-2019-15255,0.00136,0.48910
CVE-2019-15256,0.00160,0.52602
CVE-2019-15257,0.00106,0.42770
CVE-2019-15258,0.00111,0.44145
CVE-2019-15259,0.00123,0.46665
CVE-2019-15260,0.00370,0.69838
CVE-2019-15261,0.00160,0.52602
CVE-2019-15262,0.00159,0.52484
CVE-2019-15264,0.00058,0.22795
CVE-2019-15265,0.00058,0.22795
CVE-2019-15266,0.00044,0.07794
CVE-2019-15268,0.00066,0.27429
CVE-2019-15269,0.00066,0.27429
CVE-2019-15270,0.00087,0.35936
CVE-2019-15271,0.00308,0.66940
CVE-2019-15272,0.00109,0.43568
CVE-2019-15273,0.00042,0.05722
CVE-2019-15274,0.00042,0.05844
CVE-2019-15275,0.00042,0.05844
CVE-2019-15276,0.03684,0.90882
CVE-2019-15277,0.00042,0.05844
CVE-2019-15278,0.00171,0.54191
CVE-2019-15280,0.00066,0.27429
CVE-2019-15281,0.00066,0.27429
CVE-2019-15282,0.00128,0.47422
CVE-2019-15283,0.00072,0.29986
CVE-2019-15284,0.00072,0.29986
CVE-2019-15285,0.00072,0.29986
CVE-2019-15286,0.00072,0.29986
CVE-2019-15287,0.00072,0.29986
CVE-2019-15288,0.00246,0.62655
CVE-2019-15289,0.00159,0.52484
CVE-2019-15291,0.00141,0.49759
CVE-2019-15292,0.00063,0.25680
CVE-2019-15293,0.00044,0.10161
CVE-2019-15294,0.00244,0.62506
CVE-2019-15295,0.00070,0.28841
CVE-2019-15296,0.00171,0.54171
CVE-2019-15297,0.00669,0.77695
CVE-2019-15298,0.04328,0.91526
CVE-2019-15299,0.00222,0.60579
CVE-2019-15300,0.00271,0.64612
CVE-2019-15301,0.00138,0.49278
CVE-2019-15302,0.00081,0.33757
CVE-2019-15304,0.03209,0.90256
CVE-2019-15310,0.06465,0.93046
CVE-2019-15311,0.03125,0.90130
CVE-2019-15312,0.00520,0.74396
CVE-2019-15313,0.00084,0.35108
CVE-2019-15314,0.00072,0.29718
CVE-2019-15315,0.00042,0.05722
CVE-2019-15316,0.00081,0.33506
CVE-2019-15317,0.00062,0.24442
CVE-2019-15318,0.03079,0.90063
CVE-2019-15319,0.00224,0.60718
CVE-2019-15320,0.00224,0.60718
CVE-2019-15321,0.00224,0.60718
CVE-2019-15322,0.00212,0.59254
CVE-2019-15323,0.00181,0.55523
CVE-2019-15324,0.00780,0.79524
CVE-2019-15325,0.00071,0.29313
CVE-2019-15326,0.00104,0.42252
CVE-2019-15327,0.00078,0.32606
CVE-2019-15328,0.00084,0.35108
CVE-2019-15329,0.00071,0.29353
CVE-2019-15330,0.00168,0.53801
CVE-2019-15331,0.00078,0.32606
CVE-2019-15332,0.00044,0.10161
CVE-2019-15333,0.00044,0.10161
CVE-2019-15334,0.00044,0.10161
CVE-2019-15335,0.00044,0.10161
CVE-2019-15336,0.00044,0.10161
CVE-2019-15337,0.00044,0.10161
CVE-2019-15338,0.00044,0.10161
CVE-2019-15339,0.00044,0.10161
CVE-2019-15340,0.00044,0.10161
CVE-2019-15341,0.00044,0.10161
CVE-2019-15342,0.00044,0.10504
CVE-2019-15343,0.00044,0.10504
CVE-2019-15344,0.00159,0.52424
CVE-2019-15345,0.00044,0.10161
CVE-2019-15346,0.00044,0.10161
CVE-2019-15347,0.00044,0.10504
CVE-2019-15348,0.00044,0.10504
CVE-2019-15349,0.00044,0.10161
CVE-2019-15350,0.00044,0.10161
CVE-2019-15351,0.00044,0.10504
CVE-2019-15352,0.00044,0.10161
CVE-2019-15353,0.00044,0.10161
CVE-2019-15354,0.00044,0.10161
CVE-2019-15355,0.00044,0.10161
CVE-2019-15356,0.00044,0.10161
CVE-2019-15357,0.00044,0.10161
CVE-2019-15358,0.00044,0.10161
CVE-2019-15359,0.00044,0.10161
CVE-2019-15360,0.00044,0.10161
CVE-2019-15361,0.00044,0.10161
CVE-2019-15362,0.00044,0.10161
CVE-2019-15363,0.00044,0.10161
CVE-2019-15364,0.00044,0.10161
CVE-2019-15365,0.00044,0.10161
CVE-2019-15366,0.00044,0.10161
CVE-2019-15367,0.00044,0.10161
CVE-2019-15368,0.00044,0.10161
CVE-2019-15369,0.00044,0.10161
CVE-2019-15370,0.00044,0.10161
CVE-2019-15371,0.00044,0.10161
CVE-2019-15372,0.00044,0.10161
CVE-2019-15373,0.00044,0.10161
CVE-2019-15374,0.00044,0.10161
CVE-2019-15375,0.00044,0.10161
CVE-2019-15376,0.00044,0.10161
CVE-2019-15377,0.00044,0.10161
CVE-2019-15378,0.00044,0.10161
CVE-2019-15379,0.00044,0.10161
CVE-2019-15380,0.00044,0.10161
CVE-2019-15381,0.00044,0.10161
CVE-2019-15382,0.00044,0.10161
CVE-2019-15383,0.00044,0.10161
CVE-2019-15384,0.00044,0.10161
CVE-2019-15385,0.00044,0.10161
CVE-2019-15386,0.00044,0.10161
CVE-2019-15387,0.00044,0.10161
CVE-2019-15388,0.00420,0.71610
CVE-2019-15389,0.00159,0.52424
CVE-2019-15390,0.00044,0.10161
CVE-2019-15391,0.00044,0.10161
CVE-2019-15392,0.00044,0.10161
CVE-2019-15393,0.00044,0.10161
CVE-2019-15394,0.00044,0.10161
CVE-2019-15395,0.00044,0.10161
CVE-2019-15396,0.00044,0.10161
CVE-2019-15397,0.00044,0.10161
CVE-2019-15398,0.00044,0.10161
CVE-2019-15399,0.00044,0.10161
CVE-2019-15400,0.00044,0.10161
CVE-2019-15401,0.00044,0.10161
CVE-2019-15402,0.00044,0.10161
CVE-2019-15403,0.00044,0.10161
CVE-2019-15404,0.00044,0.10161
CVE-2019-15405,0.00044,0.10161
CVE-2019-15406,0.00044,0.10161
CVE-2019-15407,0.00044,0.10161
CVE-2019-15408,0.00044,0.10161
CVE-2019-15409,0.00044,0.10161
CVE-2019-15410,0.00044,0.10161
CVE-2019-15411,0.00044,0.10161
CVE-2019-15412,0.00044,0.10161
CVE-2019-15413,0.00044,0.10161
CVE-2019-15414,0.00044,0.10161
CVE-2019-15415,0.00044,0.10161
CVE-2019-15416,0.00044,0.10161
CVE-2019-15417,0.00044,0.10161
CVE-2019-15418,0.00044,0.10161
CVE-2019-15419,0.00044,0.10161
CVE-2019-15420,0.00044,0.10161
CVE-2019-15421,0.00044,0.10161
CVE-2019-15422,0.00044,0.10161
CVE-2019-15423,0.00044,0.10161
CVE-2019-15424,0.00044,0.10161
CVE-2019-15425,0.00044,0.10161
CVE-2019-15426,0.00044,0.10161
CVE-2019-15427,0.00044,0.10161
CVE-2019-15428,0.00044,0.10161
CVE-2019-15429,0.00044,0.10161
CVE-2019-1543,0.01174,0.83542
CVE-2019-15430,0.00044,0.10161
CVE-2019-15431,0.00044,0.10161
CVE-2019-15432,0.00044,0.10161
CVE-2019-15433,0.00042,0.05722
CVE-2019-15434,0.00042,0.05722
CVE-2019-15435,0.00042,0.05722
CVE-2019-15436,0.00042,0.05722
CVE-2019-15437,0.00042,0.05722
CVE-2019-15438,0.00042,0.05722
CVE-2019-15439,0.00042,0.05722
CVE-2019-15440,0.00042,0.05722
CVE-2019-15441,0.00042,0.05722
CVE-2019-15442,0.00042,0.05722
CVE-2019-15443,0.00042,0.05722
CVE-2019-15444,0.00042,0.05722
CVE-2019-15445,0.00042,0.05722
CVE-2019-15446,0.00042,0.05722
CVE-2019-15447,0.00042,0.05722
CVE-2019-15448,0.00042,0.05722
CVE-2019-15449,0.00042,0.05722
CVE-2019-15450,0.00042,0.05722
CVE-2019-15451,0.00042,0.05722
CVE-2019-15452,0.00042,0.05722
CVE-2019-15453,0.00042,0.05722
CVE-2019-15454,0.00042,0.05722
CVE-2019-15455,0.00042,0.05722
CVE-2019-15456,0.00042,0.05722
CVE-2019-15457,0.00042,0.05722
CVE-2019-15458,0.00042,0.05722
CVE-2019-15459,0.00042,0.05722
CVE-2019-15460,0.00042,0.05722
CVE-2019-15461,0.00042,0.05722
CVE-2019-15462,0.00042,0.05722
CVE-2019-15463,0.00042,0.05722
CVE-2019-15464,0.00042,0.05722
CVE-2019-15465,0.00042,0.05722
CVE-2019-15466,0.00044,0.10161
CVE-2019-15467,0.00044,0.10161
CVE-2019-15468,0.00044,0.10161
CVE-2019-15469,0.00044,0.10161
CVE-2019-1547,0.00050,0.16500
CVE-2019-15470,0.00044,0.10161
CVE-2019-15471,0.00044,0.10161
CVE-2019-15472,0.00044,0.10161
CVE-2019-15473,0.00044,0.10161
CVE-2019-15474,0.00044,0.10161
CVE-2019-15475,0.00044,0.10161
CVE-2019-15476,0.00076,0.31249
CVE-2019-15477,0.00087,0.36434
CVE-2019-15478,0.00070,0.28977
CVE-2019-15479,0.00078,0.32606
CVE-2019-15480,0.00053,0.18833
CVE-2019-15481,0.00066,0.27550
CVE-2019-15482,0.00066,0.27550
CVE-2019-15483,0.00066,0.27550
CVE-2019-15484,0.00066,0.27550
CVE-2019-15485,0.00066,0.27550
CVE-2019-15486,0.00066,0.27550
CVE-2019-15487,0.00066,0.27550
CVE-2019-15488,0.00066,0.27550
CVE-2019-15489,0.00087,0.36434
CVE-2019-1549,0.01135,0.83231
CVE-2019-15490,0.00246,0.62637
CVE-2019-15491,0.00073,0.30112
CVE-2019-15492,0.00078,0.32606
CVE-2019-15493,0.00084,0.34791
CVE-2019-15494,0.00222,0.60556
CVE-2019-15496,0.00112,0.44586
CVE-2019-15497,0.01218,0.83897
CVE-2019-15498,0.00391,0.70675
CVE-2019-15499,0.00087,0.36434
CVE-2019-15501,0.00303,0.66598
CVE-2019-15502,0.00251,0.63099
CVE-2019-15503,0.00223,0.60665
CVE-2019-15504,0.02265,0.88531
CVE-2019-15505,0.00713,0.78486
CVE-2019-15506,0.00178,0.55045
CVE-2019-15507,0.00065,0.26756
CVE-2019-15508,0.00065,0.26756
CVE-2019-1551,0.00218,0.59823
CVE-2019-15510,0.00341,0.68567
CVE-2019-15511,0.00042,0.05722
CVE-2019-15513,0.00286,0.65596
CVE-2019-15514,0.00126,0.47113
CVE-2019-15515,0.00068,0.28216
CVE-2019-15516,0.00244,0.62525
CVE-2019-15517,0.00044,0.07794
CVE-2019-15518,0.00081,0.33723
CVE-2019-15519,0.00276,0.64935
CVE-2019-1552,0.00050,0.16500
CVE-2019-15520,0.00096,0.39991
CVE-2019-15521,0.00332,0.68223
CVE-2019-15522,0.00222,0.60556
CVE-2019-15523,0.00144,0.50223
CVE-2019-15524,0.04042,0.91244
CVE-2019-15525,0.00220,0.60019
CVE-2019-15526,0.00221,0.60217
CVE-2019-15527,0.00221,0.60217
CVE-2019-15528,0.00221,0.60217
CVE-2019-15529,0.00221,0.60217
CVE-2019-15530,0.00221,0.60217
CVE-2019-15531,0.00264,0.64177
CVE-2019-15532,0.00105,0.42410
CVE-2019-15533,0.00138,0.49278
CVE-2019-15534,0.00138,0.49278
CVE-2019-15535,0.00174,0.54650
CVE-2019-15536,0.00138,0.49278
CVE-2019-15537,0.00174,0.54650
CVE-2019-15538,0.01801,0.86856
CVE-2019-15539,0.00096,0.39767
CVE-2019-15540,0.00108,0.43488
CVE-2019-15541,0.00242,0.62310
CVE-2019-15542,0.00103,0.41969
CVE-2019-15543,0.00222,0.60556
CVE-2019-15544,0.00717,0.78551
CVE-2019-15545,0.00084,0.34791
CVE-2019-15546,0.00084,0.34791
CVE-2019-15547,0.00084,0.34791
CVE-2019-15548,0.00250,0.62982
CVE-2019-15549,0.00103,0.41969
CVE-2019-15550,0.00103,0.41969
CVE-2019-15551,0.00235,0.61731
CVE-2019-15552,0.00407,0.71187
CVE-2019-15553,0.00149,0.50995
CVE-2019-15554,0.00235,0.61731
CVE-2019-15555,0.00138,0.49278
CVE-2019-15556,0.00138,0.49278
CVE-2019-15557,0.00137,0.49074
CVE-2019-15558,0.00138,0.49278
CVE-2019-15559,0.00138,0.49278
CVE-2019-15560,0.00138,0.49278
CVE-2019-15561,0.00138,0.49278
CVE-2019-15562,0.00271,0.64592
CVE-2019-15563,0.00204,0.58366
CVE-2019-15564,0.00138,0.49278
CVE-2019-15565,0.00138,0.49278
CVE-2019-15566,0.00174,0.54650
CVE-2019-15567,0.00138,0.49278
CVE-2019-15568,0.00138,0.49278
CVE-2019-15569,0.00138,0.49278
CVE-2019-15570,0.00138,0.49278
CVE-2019-15571,0.00138,0.49278
CVE-2019-15572,0.00138,0.49278
CVE-2019-15573,0.00138,0.49278
CVE-2019-15574,0.00138,0.49278
CVE-2019-15575,0.00367,0.69734
CVE-2019-15576,0.00283,0.65426
CVE-2019-15577,0.00058,0.22585
CVE-2019-15578,0.00090,0.37972
CVE-2019-15579,0.00090,0.37972
CVE-2019-15580,0.00079,0.32776
CVE-2019-15581,0.00090,0.37972
CVE-2019-15582,0.00090,0.37972
CVE-2019-15583,0.00178,0.55045
CVE-2019-15584,0.00079,0.32837
CVE-2019-15585,0.00341,0.68559
CVE-2019-15586,0.00084,0.35108
CVE-2019-15587,0.00335,0.68328
CVE-2019-15588,0.00277,0.64997
CVE-2019-15589,0.00074,0.30696
CVE-2019-1559,0.00502,0.73977
CVE-2019-15590,0.00178,0.55045
CVE-2019-15591,0.00065,0.26857
CVE-2019-15592,0.00054,0.20290
CVE-2019-15593,0.00079,0.32837
CVE-2019-15594,0.00054,0.20290
CVE-2019-15595,0.00251,0.63154
CVE-2019-15596,0.00449,0.72491
CVE-2019-15597,0.00402,0.71015
CVE-2019-15598,0.00402,0.71015
CVE-2019-15599,0.00402,0.71015
CVE-2019-15600,0.00172,0.54296
CVE-2019-15602,0.00087,0.36434
CVE-2019-15603,0.00087,0.36434
CVE-2019-15604,0.00584,0.75880
CVE-2019-15605,0.00605,0.76328
CVE-2019-15606,0.01132,0.83202
CVE-2019-15607,0.00058,0.22585
CVE-2019-15608,0.00327,0.67927
CVE-2019-15609,0.00964,0.81681
CVE-2019-15610,0.00054,0.20290
CVE-2019-15611,0.00065,0.26756
CVE-2019-15612,0.00044,0.10161
CVE-2019-15613,0.00606,0.76348
CVE-2019-15614,0.00054,0.20290
CVE-2019-15615,0.00068,0.28342
CVE-2019-15616,0.00054,0.20290
CVE-2019-15617,0.00054,0.20290
CVE-2019-15618,0.00054,0.20290
CVE-2019-15619,0.00090,0.37881
CVE-2019-15620,0.00054,0.20290
CVE-2019-15621,0.00144,0.50255
CVE-2019-15622,0.00079,0.32865
CVE-2019-15623,0.00177,0.54939
CVE-2019-15624,0.00122,0.46439
CVE-2019-15625,0.00045,0.12069
CVE-2019-15626,0.00168,0.53801
CVE-2019-15627,0.00068,0.28093
CVE-2019-15628,0.00085,0.35384
CVE-2019-15629,0.00168,0.53801
CVE-2019-1563,0.01508,0.85635
CVE-2019-15630,0.00801,0.79839
CVE-2019-15631,0.01356,0.84833
CVE-2019-15635,0.00086,0.35673
CVE-2019-15637,0.03514,0.90670
CVE-2019-15638,0.00148,0.50832
CVE-2019-15639,0.00439,0.72188
CVE-2019-15640,0.00084,0.34791
CVE-2019-15641,0.00079,0.33198
CVE-2019-15642,0.34404,0.96714
CVE-2019-15643,0.00084,0.35108
CVE-2019-15644,0.00084,0.35108
CVE-2019-15645,0.00089,0.37674
CVE-2019-15646,0.00289,0.65783
CVE-2019-15647,0.01569,0.85929
CVE-2019-15648,0.00055,0.20406
CVE-2019-15649,0.00104,0.42231
CVE-2019-1565,0.00054,0.19451
CVE-2019-15650,0.00054,0.20290
CVE-2019-15651,0.00150,0.51166
CVE-2019-15652,0.00076,0.31249
CVE-2019-15653,0.00343,0.68675
CVE-2019-15654,0.00293,0.66039
CVE-2019-15655,0.00363,0.69554
CVE-2019-15656,0.00323,0.67721
CVE-2019-15657,0.00360,0.69396
CVE-2019-15658,0.00081,0.33674
CVE-2019-15659,0.00152,0.51379
CVE-2019-1566,0.00138,0.49331
CVE-2019-15660,0.00073,0.30112
CVE-2019-15661,0.00879,0.80747
CVE-2019-15662,0.00063,0.25033
CVE-2019-15663,0.00064,0.26201
CVE-2019-15664,0.00065,0.27139
CVE-2019-15665,0.00256,0.63525
CVE-2019-15666,0.00045,0.11966
CVE-2019-1567,0.00054,0.20290
CVE-2019-15678,0.01927,0.87420
CVE-2019-15679,0.01927,0.87420
CVE-2019-1568,0.00083,0.34568
CVE-2019-15680,0.00306,0.66776
CVE-2019-15681,0.00759,0.79212
CVE-2019-15682,0.00091,0.38169
CVE-2019-15683,0.01474,0.85440
CVE-2019-15684,0.00071,0.29153
CVE-2019-15685,0.00073,0.30345
CVE-2019-15686,0.00073,0.30345
CVE-2019-15687,0.00411,0.71304
CVE-2019-15688,0.00073,0.30345
CVE-2019-15689,0.00042,0.05722
CVE-2019-1569,0.00273,0.64721
CVE-2019-15691,0.00638,0.77008
CVE-2019-15692,0.00280,0.65150
CVE-2019-15693,0.00360,0.69414
CVE-2019-15694,0.00237,0.61863
CVE-2019-15695,0.00553,0.75203
CVE-2019-15698,0.00054,0.20290
CVE-2019-15699,0.00244,0.62506
CVE-2019-1570,0.00273,0.64721
CVE-2019-15700,0.00105,0.42625
CVE-2019-15701,0.01733,0.86603
CVE-2019-15702,0.00140,0.49601
CVE-2019-15703,0.00169,0.53937
CVE-2019-15704,0.00042,0.05722
CVE-2019-15705,0.00215,0.59596
CVE-2019-15707,0.00065,0.26756
CVE-2019-15708,0.00044,0.10504
CVE-2019-15709,0.00075,0.30965
CVE-2019-1571,0.00273,0.64721
CVE-2019-15710,0.00162,0.52917
CVE-2019-15711,0.00051,0.17393
CVE-2019-15712,0.00087,0.35903
CVE-2019-15713,0.00101,0.41233
CVE-2019-15714,0.00096,0.39991
CVE-2019-15715,0.01776,0.86756
CVE-2019-15716,0.00042,0.05722
CVE-2019-15717,0.00300,0.66423
CVE-2019-15718,0.00069,0.28439
CVE-2019-15719,0.00157,0.52213
CVE-2019-1572,0.00368,0.69777
CVE-2019-15720,0.00042,0.05722
CVE-2019-15721,0.00054,0.20290
CVE-2019-15722,0.00116,0.45451
CVE-2019-15723,0.00071,0.29273
CVE-2019-15724,0.00084,0.35108
CVE-2019-15725,0.00178,0.55045
CVE-2019-15726,0.00090,0.37972
CVE-2019-15727,0.00090,0.37972
CVE-2019-15728,0.00090,0.37972
CVE-2019-15729,0.00178,0.55045
CVE-2019-1573,0.00043,0.05916
CVE-2019-15730,0.00085,0.35226
CVE-2019-15731,0.00090,0.37972
CVE-2019-15732,0.00102,0.41536
CVE-2019-15733,0.00054,0.20290
CVE-2019-15734,0.00054,0.20290
CVE-2019-15736,0.00116,0.45451
CVE-2019-15737,0.00090,0.37972
CVE-2019-15738,0.00090,0.37972
CVE-2019-15739,0.00084,0.35108
CVE-2019-1574,0.00054,0.20290
CVE-2019-15740,0.00090,0.37972
CVE-2019-15741,0.00925,0.81282
CVE-2019-15742,0.00168,0.53570
CVE-2019-15743,0.00044,0.10161
CVE-2019-15744,0.00044,0.10161
CVE-2019-15745,0.00245,0.62599
CVE-2019-15746,0.01613,0.86149
CVE-2019-15747,0.00104,0.42231
CVE-2019-15748,0.00195,0.57387
CVE-2019-15749,0.00073,0.30345
CVE-2019-1575,0.00075,0.30830
CVE-2019-15750,0.00115,0.45113
CVE-2019-15751,0.00848,0.80397
CVE-2019-15752,0.00488,0.73559
CVE-2019-15753,0.00267,0.64318
CVE-2019-15757,0.00249,0.62956
CVE-2019-15758,0.00098,0.40385
CVE-2019-15759,0.00098,0.40385
CVE-2019-1576,0.00259,0.63737
CVE-2019-15766,0.00474,0.73157
CVE-2019-15767,0.00148,0.50802
CVE-2019-15769,0.00166,0.53323
CVE-2019-1577,0.00072,0.29893
CVE-2019-15770,0.00071,0.29353
CVE-2019-15771,0.00122,0.46456
CVE-2019-15772,0.00114,0.44789
CVE-2019-15773,0.00114,0.44789
CVE-2019-15774,0.00114,0.44789
CVE-2019-15775,0.00114,0.44789
CVE-2019-15776,0.00229,0.61204
CVE-2019-15777,0.00062,0.24442
CVE-2019-15778,0.00063,0.25033
CVE-2019-15779,0.00071,0.29353
CVE-2019-1578,0.00124,0.46744
CVE-2019-15780,0.00198,0.57730
CVE-2019-15781,0.00071,0.29353
CVE-2019-15782,0.00084,0.34868
CVE-2019-15783,0.00250,0.62982
CVE-2019-15784,0.00209,0.58866
CVE-2019-15785,0.00398,0.70910
CVE-2019-15786,0.00250,0.62982
CVE-2019-15787,0.00103,0.41969
CVE-2019-15788,0.00217,0.59738
CVE-2019-15789,0.00042,0.05722
CVE-2019-1579,0.74687,0.97892
CVE-2019-15790,0.00097,0.40128
CVE-2019-15791,0.00044,0.10161
CVE-2019-15792,0.00045,0.12326
CVE-2019-15793,0.00042,0.05722
CVE-2019-15794,0.00047,0.13971
CVE-2019-15795,0.00058,0.22647
CVE-2019-15796,0.00075,0.31111
CVE-2019-15799,0.01281,0.84335
CVE-2019-1580,0.00667,0.77660
CVE-2019-15800,0.00320,0.67594
CVE-2019-15801,0.00264,0.64100
CVE-2019-15802,0.00261,0.63924
CVE-2019-15803,0.01141,0.83270
CVE-2019-15804,0.00119,0.46037
CVE-2019-15805,0.00308,0.66926
CVE-2019-15806,0.00308,0.66926
CVE-2019-15807,0.00045,0.11966
CVE-2019-15809,0.00043,0.05916
CVE-2019-1581,0.00831,0.80207
CVE-2019-15810,0.00066,0.27550
CVE-2019-15811,0.00376,0.70028
CVE-2019-15813,0.00385,0.70419
CVE-2019-15814,0.00091,0.38085
CVE-2019-15815,0.00064,0.26177
CVE-2019-15816,0.00105,0.42424
CVE-2019-15817,0.00066,0.27550
CVE-2019-15818,0.00114,0.44789
CVE-2019-15819,0.00697,0.78207
CVE-2019-1582,0.00104,0.42231
CVE-2019-15820,0.00114,0.44789
CVE-2019-15821,0.00100,0.40897
CVE-2019-15822,0.00272,0.64642
CVE-2019-15823,0.00697,0.78207
CVE-2019-15824,0.00697,0.78207
CVE-2019-15825,0.00697,0.78207
CVE-2019-15826,0.00697,0.78207
CVE-2019-15827,0.00062,0.24442
CVE-2019-15828,0.00150,0.51222
CVE-2019-15829,0.00146,0.50528
CVE-2019-1583,0.00104,0.42231
CVE-2019-15830,0.00063,0.25033
CVE-2019-15831,0.00098,0.40438
CVE-2019-15832,0.00109,0.43900
CVE-2019-15833,0.00066,0.27550
CVE-2019-15834,0.00071,0.29353
CVE-2019-15835,0.00071,0.29353
CVE-2019-15836,0.00054,0.20290
CVE-2019-15837,0.00058,0.22585
CVE-2019-15838,0.00084,0.35108
CVE-2019-15839,0.00190,0.56594
CVE-2019-1584,0.01260,0.84208
CVE-2019-15840,0.00073,0.30112
CVE-2019-15841,0.00073,0.30112
CVE-2019-15842,0.00078,0.32606
CVE-2019-15843,0.00128,0.47518
CVE-2019-15845,0.00303,0.66593
CVE-2019-15846,0.19651,0.95886
CVE-2019-15847,0.00180,0.55316
CVE-2019-15848,0.00138,0.49300
CVE-2019-15849,0.00079,0.33197
CVE-2019-1585,0.00042,0.05722
CVE-2019-15850,0.00610,0.76425
CVE-2019-15854,0.00104,0.42231
CVE-2019-15855,0.00254,0.63283
CVE-2019-15858,0.03600,0.90775
CVE-2019-15859,0.12379,0.94936
CVE-2019-1586,0.00064,0.26137
CVE-2019-15860,0.00056,0.21204
CVE-2019-15862,0.00155,0.51759
CVE-2019-15863,0.00084,0.34791
CVE-2019-15864,0.00084,0.35108
CVE-2019-15865,0.00071,0.29353
CVE-2019-15866,0.00090,0.37773
CVE-2019-15867,0.00269,0.64485
CVE-2019-15868,0.00071,0.29353
CVE-2019-15869,0.00058,0.22585
CVE-2019-1587,0.00073,0.30288
CVE-2019-15870,0.00058,0.22585
CVE-2019-15871,0.00053,0.18833
CVE-2019-15872,0.00172,0.54298
CVE-2019-15873,0.00336,0.68384
CVE-2019-15874,0.00244,0.62506
CVE-2019-15875,0.00044,0.10161
CVE-2019-15876,0.00044,0.10161
CVE-2019-15877,0.00044,0.10161
CVE-2019-15878,0.00042,0.05722
CVE-2019-15879,0.00116,0.45451
CVE-2019-1588,0.00042,0.05722
CVE-2019-15880,0.00244,0.62506
CVE-2019-15889,0.03568,0.90728
CVE-2019-1589,0.00064,0.26137
CVE-2019-15890,0.00910,0.81096
CVE-2019-15891,0.00084,0.34791
CVE-2019-15892,0.03916,0.91141
CVE-2019-15893,0.00597,0.76144
CVE-2019-15894,0.00098,0.40545
CVE-2019-15895,0.00126,0.47131
CVE-2019-15896,0.00272,0.64682
CVE-2019-15897,0.00142,0.49990
CVE-2019-15898,0.00284,0.65452
CVE-2019-1590,0.00225,0.60821
CVE-2019-15900,0.00235,0.61731
CVE-2019-15901,0.00248,0.62845
CVE-2019-15902,0.00049,0.15000
CVE-2019-15903,0.00505,0.74030
CVE-2019-1591,0.00042,0.05844
CVE-2019-15910,0.00114,0.44899
CVE-2019-15911,0.00328,0.67968
CVE-2019-15912,0.00158,0.52303
CVE-2019-15913,0.00465,0.72921
CVE-2019-15914,0.00158,0.52303
CVE-2019-15915,0.00114,0.44899
CVE-2019-15916,0.01152,0.83369
CVE-2019-15917,0.00045,0.11966
CVE-2019-15918,0.00045,0.11966
CVE-2019-15919,0.00047,0.14180
CVE-2019-1592,0.00042,0.05722
CVE-2019-15920,0.00122,0.46390
CVE-2019-15921,0.00063,0.25680
CVE-2019-15922,0.00065,0.27068
CVE-2019-15923,0.00065,0.27068
CVE-2019-15924,0.00076,0.31166
CVE-2019-15925,0.00042,0.05722
CVE-2019-15926,0.01887,0.87255
CVE-2019-15927,0.00045,0.11966
CVE-2019-15929,0.00235,0.61731
CVE-2019-1593,0.00042,0.05722
CVE-2019-15930,0.00165,0.53226
CVE-2019-15931,0.00347,0.68844
CVE-2019-15932,0.00416,0.71501
CVE-2019-15933,0.00212,0.59209
CVE-2019-15934,0.00317,0.67446
CVE-2019-15935,0.00110,0.44063
CVE-2019-15936,0.00665,0.77602
CVE-2019-15937,0.01069,0.82684
CVE-2019-15938,0.01069,0.82684
CVE-2019-15939,0.00374,0.69971
CVE-2019-1594,0.00059,0.22836
CVE-2019-15940,0.00692,0.78114
CVE-2019-15941,0.00469,0.73033
CVE-2019-15942,0.00387,0.70497
CVE-2019-15943,0.05416,0.92434
CVE-2019-15944,0.00084,0.34791
CVE-2019-15945,0.00174,0.54652
CVE-2019-15946,0.00174,0.54652
CVE-2019-15947,0.00236,0.61779
CVE-2019-15948,0.00997,0.82029
CVE-2019-15949,0.45420,0.97100
CVE-2019-1595,0.00066,0.27296
CVE-2019-15950,0.00112,0.44327
CVE-2019-15952,0.01205,0.83794
CVE-2019-15953,0.00165,0.53134
CVE-2019-15954,0.42373,0.97002
CVE-2019-15955,0.00123,0.46607
CVE-2019-15956,0.00161,0.52773
CVE-2019-15957,0.00107,0.43210
CVE-2019-15958,0.00619,0.76647
CVE-2019-15959,0.00044,0.10161
CVE-2019-1596,0.00042,0.05722
CVE-2019-15960,0.00073,0.30288
CVE-2019-15961,0.01728,0.86589
CVE-2019-15962,0.00042,0.05722
CVE-2019-15963,0.00110,0.43966
CVE-2019-15966,0.00101,0.41231
CVE-2019-15967,0.00042,0.05722
CVE-2019-15968,0.00066,0.27429
CVE-2019-15969,0.00151,0.51276
CVE-2019-1597,0.00157,0.52153
CVE-2019-15971,0.00109,0.43615
CVE-2019-15972,0.00106,0.42868
CVE-2019-15973,0.00151,0.51276
CVE-2019-15974,0.00123,0.46665
CVE-2019-15975,0.48602,0.97209
CVE-2019-15976,0.96842,0.99633
CVE-2019-15977,0.96834,0.99631
CVE-2019-15978,0.13507,0.95120
CVE-2019-15979,0.10159,0.94429
CVE-2019-1598,0.00157,0.52153
CVE-2019-15980,0.24044,0.96198
CVE-2019-15981,0.24044,0.96198
CVE-2019-15982,0.24044,0.96198
CVE-2019-15983,0.00276,0.64926
CVE-2019-15984,0.38836,0.96905
CVE-2019-15985,0.00854,0.80477
CVE-2019-15986,0.00042,0.05844
CVE-2019-15987,0.00134,0.48527
CVE-2019-15988,0.00129,0.47591
CVE-2019-15989,0.00160,0.52602
CVE-2019-1599,0.00157,0.52189
CVE-2019-15990,0.00090,0.37762
CVE-2019-15992,0.00145,0.50420
CVE-2019-15993,0.00144,0.50297
CVE-2019-15994,0.00151,0.51276
CVE-2019-15995,0.00122,0.46402
CVE-2019-15996,0.00042,0.05844
CVE-2019-15997,0.00042,0.05844
CVE-2019-15998,0.00063,0.25177
CVE-2019-15999,0.00681,0.77938
CVE-2019-1600,0.00042,0.05722
CVE-2019-16000,0.00042,0.05722
CVE-2019-16001,0.00060,0.23401
CVE-2019-16002,0.00077,0.31679
CVE-2019-16003,0.00128,0.47422
CVE-2019-16004,0.00129,0.47591
CVE-2019-16005,0.00152,0.51466
CVE-2019-16007,0.00063,0.25043
CVE-2019-16008,0.00066,0.27429
CVE-2019-16009,0.00152,0.51458
CVE-2019-1601,0.00042,0.05722
CVE-2019-16010,0.00066,0.27429
CVE-2019-16011,0.00042,0.05722
CVE-2019-16012,0.00341,0.68586
CVE-2019-16015,0.00151,0.51276
CVE-2019-16017,0.00095,0.39495
CVE-2019-16018,0.00143,0.50164
CVE-2019-16019,0.00160,0.52602
CVE-2019-1602,0.00042,0.05722
CVE-2019-16020,0.00160,0.52602
CVE-2019-16021,0.00159,0.52484
CVE-2019-16022,0.00160,0.52602
CVE-2019-16023,0.00159,0.52484
CVE-2019-16024,0.00151,0.51276
CVE-2019-16025,0.00066,0.27429
CVE-2019-16026,0.00124,0.46783
CVE-2019-16027,0.00101,0.41157
CVE-2019-16028,0.00228,0.61078
CVE-2019-16029,0.00122,0.46502
CVE-2019-1603,0.00042,0.05722
CVE-2019-1604,0.00042,0.05722
CVE-2019-1605,0.00042,0.05722
CVE-2019-16056,0.00153,0.51536
CVE-2019-16057,0.97540,0.99996
CVE-2019-16058,0.00116,0.45451
CVE-2019-16059,0.00112,0.44586
CVE-2019-1606,0.00042,0.05722
CVE-2019-16060,0.00186,0.55912
CVE-2019-16061,0.00109,0.43614
CVE-2019-16062,0.00079,0.33197
CVE-2019-16063,0.00141,0.49807
CVE-2019-16064,0.00085,0.35454
CVE-2019-16065,0.00235,0.61628
CVE-2019-16066,0.00131,0.47909
CVE-2019-16067,0.00270,0.64550
CVE-2019-16068,0.00156,0.52037
CVE-2019-16069,0.00087,0.36434
CVE-2019-1607,0.00042,0.05722
CVE-2019-16070,0.00101,0.41135
CVE-2019-16071,0.00109,0.43614
CVE-2019-16072,0.60100,0.97493
CVE-2019-1608,0.00042,0.05722
CVE-2019-16088,0.00056,0.21204
CVE-2019-16089,0.00045,0.11966
CVE-2019-1609,0.00042,0.05722
CVE-2019-16091,0.00149,0.50995
CVE-2019-16092,0.00235,0.61731
CVE-2019-16093,0.00235,0.61731
CVE-2019-16094,0.00149,0.50995
CVE-2019-16095,0.00149,0.50995
CVE-2019-16096,0.00298,0.66354
CVE-2019-16097,0.96903,0.99655
CVE-2019-16098,0.00051,0.17393
CVE-2019-16099,0.00112,0.44586
CVE-2019-1610,0.00042,0.05722
CVE-2019-16100,0.00247,0.62766
CVE-2019-16101,0.00162,0.52826
CVE-2019-16102,0.00222,0.60556
CVE-2019-16103,0.00109,0.43614
CVE-2019-16104,0.00087,0.36434
CVE-2019-16105,0.00093,0.39033
CVE-2019-16106,0.00085,0.35190
CVE-2019-16107,0.00053,0.19032
CVE-2019-16108,0.00119,0.45898
CVE-2019-16109,0.00100,0.40897
CVE-2019-1611,0.00042,0.05722
CVE-2019-16110,0.00519,0.74388
CVE-2019-16112,0.01336,0.84682
CVE-2019-16113,0.94294,0.99032
CVE-2019-16114,0.01573,0.85947
CVE-2019-16115,0.00076,0.31202
CVE-2019-16116,0.00845,0.80368
CVE-2019-16117,0.00595,0.76119
CVE-2019-16118,0.00660,0.77493
CVE-2019-16119,0.95592,0.99276
CVE-2019-1612,0.00042,0.05844
CVE-2019-16120,0.04895,0.92033
CVE-2019-16123,0.72953,0.97840
CVE-2019-16124,0.76711,0.97944
CVE-2019-16125,0.00960,0.81646
CVE-2019-16126,0.00112,0.44398
CVE-2019-16127,0.00259,0.63673
CVE-2019-16128,0.00180,0.55322
CVE-2019-16129,0.00180,0.55322
CVE-2019-1613,0.00042,0.05722
CVE-2019-16130,0.00144,0.50222
CVE-2019-16131,0.00109,0.43614
CVE-2019-16132,0.00107,0.43146
CVE-2019-16133,0.00079,0.33197
CVE-2019-16137,0.00103,0.41969
CVE-2019-16138,0.00407,0.71187
CVE-2019-16139,0.00235,0.61731
CVE-2019-1614,0.00130,0.47825
CVE-2019-16140,0.00244,0.62506
CVE-2019-16141,0.00137,0.49066
CVE-2019-16142,0.00306,0.66741
CVE-2019-16143,0.00222,0.60556
CVE-2019-16144,0.00105,0.42589
CVE-2019-16145,0.00078,0.32606
CVE-2019-16146,0.00054,0.20290
CVE-2019-16147,0.00078,0.32606
CVE-2019-16148,0.00078,0.32606
CVE-2019-1615,0.00042,0.05722
CVE-2019-16150,0.00044,0.10161
CVE-2019-16152,0.00081,0.33924
CVE-2019-16153,0.00222,0.60556
CVE-2019-16154,0.00083,0.34568
CVE-2019-16155,0.00044,0.10445
CVE-2019-16156,0.00151,0.51276
CVE-2019-16157,0.00065,0.26756
CVE-2019-16159,0.00343,0.68654
CVE-2019-1616,0.00157,0.52083
CVE-2019-16160,0.00635,0.76949
CVE-2019-16161,0.00117,0.45503
CVE-2019-16162,0.00115,0.45086
CVE-2019-16163,0.00421,0.71661
CVE-2019-16164,0.00135,0.48648
CVE-2019-16165,0.00097,0.40100
CVE-2019-16166,0.00097,0.40100
CVE-2019-16167,0.00107,0.43280
CVE-2019-16168,0.00405,0.71093
CVE-2019-1617,0.00171,0.54140
CVE-2019-16170,0.00064,0.26201
CVE-2019-16171,0.00078,0.32606
CVE-2019-16172,0.00428,0.71845
CVE-2019-16173,0.00428,0.71845
CVE-2019-16174,0.00660,0.77490
CVE-2019-16175,0.00076,0.31183
CVE-2019-16176,0.00155,0.51854
CVE-2019-16177,0.00166,0.53380
CVE-2019-16178,0.00050,0.16378
CVE-2019-16179,0.00085,0.35201
CVE-2019-1618,0.00042,0.05722
CVE-2019-16180,0.00155,0.51854
CVE-2019-16181,0.00051,0.17244
CVE-2019-16182,0.00114,0.44785
CVE-2019-16183,0.00051,0.17244
CVE-2019-16184,0.00256,0.63542
CVE-2019-16185,0.00104,0.42231
CVE-2019-16186,0.00104,0.42231
CVE-2019-16187,0.00166,0.53380
CVE-2019-16188,0.00066,0.27209
CVE-2019-1619,0.33454,0.96675
CVE-2019-16190,0.00621,0.76675
CVE-2019-16192,0.01915,0.87374
CVE-2019-16193,0.00054,0.20290
CVE-2019-16194,0.00174,0.54650
CVE-2019-16195,0.00089,0.37440
CVE-2019-16197,0.00148,0.50841
CVE-2019-16198,0.00121,0.46343
CVE-2019-16199,0.01292,0.84429
CVE-2019-1620,0.64392,0.97602
CVE-2019-16200,0.00414,0.71442
CVE-2019-16201,0.00935,0.81382
CVE-2019-16202,0.00100,0.40819
CVE-2019-16203,0.00178,0.55045
CVE-2019-16204,0.00178,0.55045
CVE-2019-16205,0.00577,0.75725
CVE-2019-16206,0.00042,0.05722
CVE-2019-16207,0.00042,0.05722
CVE-2019-16208,0.00107,0.43043
CVE-2019-16209,0.00128,0.47518
CVE-2019-1621,0.01225,0.83939
CVE-2019-16210,0.00044,0.10161
CVE-2019-16211,0.00243,0.62367
CVE-2019-16212,0.00161,0.52695
CVE-2019-16213,0.00860,0.80540
CVE-2019-16214,0.00079,0.33115
CVE-2019-16215,0.00081,0.33872
CVE-2019-16216,0.00054,0.20290
CVE-2019-16217,0.01056,0.82539
CVE-2019-16218,0.01018,0.82199
CVE-2019-16219,0.05961,0.92753
CVE-2019-1622,0.76328,0.97934
CVE-2019-16220,0.00178,0.55093
CVE-2019-16221,0.01018,0.82199
CVE-2019-16222,0.00596,0.76128
CVE-2019-16223,0.00616,0.76589
CVE-2019-16224,0.00659,0.77474
CVE-2019-16225,0.00659,0.77474
CVE-2019-16226,0.00155,0.51879
CVE-2019-16227,0.00659,0.77474
CVE-2019-16228,0.00115,0.45086
CVE-2019-16229,0.00045,0.11966
CVE-2019-1623,0.00042,0.05844
CVE-2019-16230,0.00044,0.10161
CVE-2019-16231,0.00045,0.11966
CVE-2019-16232,0.00063,0.25680
CVE-2019-16233,0.00045,0.11966
CVE-2019-16234,0.00045,0.11966
CVE-2019-16235,0.00335,0.68329
CVE-2019-16236,0.00335,0.68329
CVE-2019-16237,0.00238,0.61994
CVE-2019-16238,0.00082,0.33957
CVE-2019-16239,0.00712,0.78460
CVE-2019-1624,0.00160,0.52660
CVE-2019-16240,0.00249,0.62905
CVE-2019-16241,0.00100,0.40887
CVE-2019-16242,0.00284,0.65443
CVE-2019-16243,0.00076,0.31249
CVE-2019-16244,0.00308,0.66926
CVE-2019-16245,0.00084,0.34791
CVE-2019-16246,0.00474,0.73162
CVE-2019-16247,0.00051,0.17393
CVE-2019-16248,0.00066,0.27608
CVE-2019-16249,0.00066,0.27297
CVE-2019-1625,0.00042,0.05722
CVE-2019-16250,0.00077,0.31730
CVE-2019-16251,0.00050,0.16378
CVE-2019-16252,0.00080,0.33323
CVE-2019-16253,0.00042,0.05722
CVE-2019-16254,0.01070,0.82704
CVE-2019-16255,0.00856,0.80492
CVE-2019-16256,0.04417,0.91601
CVE-2019-16257,0.02337,0.88692
CVE-2019-16258,0.00077,0.32045
CVE-2019-1626,0.00208,0.58809
CVE-2019-16261,0.00098,0.40547
CVE-2019-16263,0.00238,0.62006
CVE-2019-16264,0.00210,0.59016
CVE-2019-16265,0.00244,0.62506
CVE-2019-16268,0.00113,0.44651
CVE-2019-1627,0.00134,0.48539
CVE-2019-16271,0.00162,0.52826
CVE-2019-16272,0.00222,0.60556
CVE-2019-16273,0.00432,0.71954
CVE-2019-16274,0.00168,0.53801
CVE-2019-16275,0.00196,0.57520
CVE-2019-16276,0.00968,0.81732
CVE-2019-16277,0.00085,0.35231
CVE-2019-16278,0.97400,0.99915
CVE-2019-16279,0.60943,0.97516
CVE-2019-1628,0.00042,0.05722
CVE-2019-16281,0.00112,0.44345
CVE-2019-16282,0.00082,0.34122
CVE-2019-16283,0.00042,0.05722
CVE-2019-16284,0.00105,0.42575
CVE-2019-16285,0.00061,0.24235
CVE-2019-16286,0.00117,0.45612
CVE-2019-16287,0.00133,0.48312
CVE-2019-16288,0.00103,0.41969
CVE-2019-16289,0.00062,0.24442
CVE-2019-1629,0.00129,0.47561
CVE-2019-16293,0.00562,0.75372
CVE-2019-16294,0.00664,0.77586
CVE-2019-16295,0.00042,0.05722
CVE-2019-16297,0.00122,0.46386
CVE-2019-16298,0.00122,0.46386
CVE-2019-16299,0.00122,0.46386
CVE-2019-1630,0.00042,0.05722
CVE-2019-16300,0.00144,0.50247
CVE-2019-16301,0.00122,0.46386
CVE-2019-16302,0.00122,0.46386
CVE-2019-16303,0.01629,0.86214
CVE-2019-16305,0.00200,0.57971
CVE-2019-16307,0.00131,0.48045
CVE-2019-16309,0.00212,0.59184
CVE-2019-1631,0.00090,0.37762
CVE-2019-16310,0.00058,0.22585
CVE-2019-16311,0.00112,0.44586
CVE-2019-16312,0.00087,0.36434
CVE-2019-16313,0.03744,0.90950
CVE-2019-16314,0.02246,0.88470
CVE-2019-16317,0.00097,0.40286
CVE-2019-16318,0.00104,0.42231
CVE-2019-16319,0.00193,0.57170
CVE-2019-1632,0.00092,0.38679
CVE-2019-16320,0.00084,0.34791
CVE-2019-16321,0.00087,0.36434
CVE-2019-16326,0.00228,0.61106
CVE-2019-16327,0.00621,0.76675
CVE-2019-16328,0.62998,0.97572
CVE-2019-16330,0.00091,0.38085
CVE-2019-16332,0.00303,0.66574
CVE-2019-16333,0.00058,0.22585
CVE-2019-16334,0.00058,0.22585
CVE-2019-16335,0.00389,0.70606
CVE-2019-16336,0.00130,0.47779
CVE-2019-16337,0.00093,0.39097
CVE-2019-16338,0.00093,0.39097
CVE-2019-1634,0.00494,0.73720
CVE-2019-16340,0.01826,0.86968
CVE-2019-16344,0.00131,0.48045
CVE-2019-16346,0.00277,0.64983
CVE-2019-16347,0.00263,0.64048
CVE-2019-16348,0.00084,0.34615
CVE-2019-16349,0.00056,0.21204
CVE-2019-1635,0.00159,0.52484
CVE-2019-16350,0.00135,0.48648
CVE-2019-16351,0.00135,0.48648
CVE-2019-16352,0.00125,0.46853
CVE-2019-16353,0.00115,0.45086
CVE-2019-16354,0.00042,0.05722
CVE-2019-16355,0.00042,0.05722
CVE-2019-1636,0.14184,0.95226
CVE-2019-16366,0.00390,0.70637
CVE-2019-1637,0.00085,0.35384
CVE-2019-16370,0.00091,0.38064
CVE-2019-16371,0.00217,0.59687
CVE-2019-16374,0.00304,0.66615
CVE-2019-16375,0.00098,0.40460
CVE-2019-16377,0.00639,0.77040
CVE-2019-16378,0.00408,0.71226
CVE-2019-1638,0.00096,0.40057
CVE-2019-16382,0.00244,0.62506
CVE-2019-16383,0.00357,0.69279
CVE-2019-16384,0.00121,0.46343
CVE-2019-16385,0.00087,0.36434
CVE-2019-16386,0.00058,0.22585
CVE-2019-16387,0.00079,0.33197
CVE-2019-16388,0.00058,0.22585
CVE-2019-1639,0.00096,0.40057
CVE-2019-16391,0.00074,0.30595
CVE-2019-16392,0.00183,0.55664
CVE-2019-16393,0.00170,0.54124
CVE-2019-16394,0.00274,0.64749
CVE-2019-16395,0.00085,0.35231
CVE-2019-16396,0.00106,0.42979
CVE-2019-16398,0.00303,0.66585
CVE-2019-16399,0.13726,0.95151
CVE-2019-1640,0.00085,0.35384
CVE-2019-16400,0.00056,0.21013
CVE-2019-16401,0.00082,0.34057
CVE-2019-16403,0.00109,0.43614
CVE-2019-16404,0.00228,0.61083
CVE-2019-16405,0.01203,0.83776
CVE-2019-16406,0.00138,0.49329
CVE-2019-16407,0.00044,0.10161
CVE-2019-16409,0.00142,0.49968
CVE-2019-1641,0.00085,0.35384
CVE-2019-16410,0.00499,0.73862
CVE-2019-16411,0.00499,0.73862
CVE-2019-16412,0.00114,0.44899
CVE-2019-16413,0.00393,0.70735
CVE-2019-16414,0.00200,0.57925
CVE-2019-16416,0.00058,0.22585
CVE-2019-16417,0.00058,0.22585
CVE-2019-1642,0.00239,0.62048
CVE-2019-1643,0.00156,0.51899
CVE-2019-1644,0.00157,0.52083
CVE-2019-16444,0.00297,0.66249
CVE-2019-16445,0.00938,0.81404
CVE-2019-16446,0.01063,0.82638
CVE-2019-16448,0.00938,0.81404
CVE-2019-16449,0.00253,0.63254
CVE-2019-1645,0.00063,0.25202
CVE-2019-16450,0.00655,0.77353
CVE-2019-16451,0.04885,0.92026
CVE-2019-16452,0.00938,0.81404
CVE-2019-16453,0.00958,0.81627
CVE-2019-16454,0.00655,0.77353
CVE-2019-16455,0.01063,0.82638
CVE-2019-16456,0.00253,0.63254
CVE-2019-16457,0.00253,0.63254
CVE-2019-16458,0.00253,0.63254
CVE-2019-16459,0.00938,0.81404
CVE-2019-1646,0.00042,0.05722
CVE-2019-16460,0.01063,0.82638
CVE-2019-16461,0.00253,0.63254
CVE-2019-16462,0.01090,0.82854
CVE-2019-16463,0.01063,0.82638
CVE-2019-16464,0.00938,0.81404
CVE-2019-16465,0.00253,0.63254
CVE-2019-16466,0.00080,0.33272
CVE-2019-16467,0.00080,0.33272
CVE-2019-16468,0.00383,0.70323
CVE-2019-16469,0.19900,0.95913
CVE-2019-1647,0.00044,0.10161
CVE-2019-16470,0.02062,0.87886
CVE-2019-16471,0.00742,0.78937
CVE-2019-1648,0.00042,0.05722
CVE-2019-1649,0.00042,0.00438
CVE-2019-1650,0.00282,0.65358
CVE-2019-16508,0.00071,0.29245
CVE-2019-1651,0.00860,0.80533
CVE-2019-16510,0.00115,0.45086
CVE-2019-16511,0.00087,0.36025
CVE-2019-16512,0.00280,0.65158
CVE-2019-16513,0.00697,0.78198
CVE-2019-16514,0.08099,0.93738
CVE-2019-16515,0.00345,0.68756
CVE-2019-16516,0.09296,0.94155
CVE-2019-16517,0.00799,0.79813
CVE-2019-16518,0.00058,0.21949
CVE-2019-16519,0.00042,0.05722
CVE-2019-1652,0.97469,0.99961
CVE-2019-16520,0.00150,0.51193
CVE-2019-16521,0.00209,0.58908
CVE-2019-16522,0.00062,0.24442
CVE-2019-16523,0.00131,0.48003
CVE-2019-16524,0.00086,0.35801
CVE-2019-16525,0.00323,0.67733
CVE-2019-16528,0.00178,0.55099
CVE-2019-16529,0.00090,0.37972
CVE-2019-1653,0.97555,0.99997
CVE-2019-16530,0.00745,0.78981
CVE-2019-16531,0.00438,0.72170
CVE-2019-16532,0.00696,0.78193
CVE-2019-16533,0.00084,0.35108
CVE-2019-16534,0.00084,0.35108
CVE-2019-16535,0.00222,0.60556
CVE-2019-16538,0.00124,0.46813
CVE-2019-16539,0.00054,0.19618
CVE-2019-1654,0.00042,0.05722
CVE-2019-16540,0.00063,0.24927
CVE-2019-16541,0.00104,0.42231
CVE-2019-16542,0.00065,0.26756
CVE-2019-16543,0.00044,0.10161
CVE-2019-16544,0.00104,0.42231
CVE-2019-16545,0.00065,0.26756
CVE-2019-16546,0.00128,0.47518
CVE-2019-16547,0.00054,0.19618
CVE-2019-16548,0.00077,0.31702
CVE-2019-16549,0.00159,0.52424
CVE-2019-1655,0.00156,0.51899
CVE-2019-16550,0.00077,0.31702
CVE-2019-16551,0.00077,0.31702
CVE-2019-16552,0.00054,0.19618
CVE-2019-16553,0.00077,0.31702
CVE-2019-16554,0.00072,0.29852
CVE-2019-16555,0.00081,0.33768
CVE-2019-16556,0.00065,0.26756
CVE-2019-16557,0.00065,0.26756
CVE-2019-16558,0.00120,0.46159
CVE-2019-16559,0.00054,0.19618
CVE-2019-1656,0.00042,0.05722
CVE-2019-16560,0.00077,0.31702
CVE-2019-16561,0.00065,0.26756
CVE-2019-16562,0.00054,0.19618
CVE-2019-16563,0.00054,0.19618
CVE-2019-16564,0.00054,0.19618
CVE-2019-16565,0.00077,0.31702
CVE-2019-16566,0.00065,0.26756
CVE-2019-16567,0.00054,0.19618
CVE-2019-16568,0.00090,0.37972
CVE-2019-16569,0.00062,0.24792
CVE-2019-1657,0.00094,0.39381
CVE-2019-16570,0.00077,0.31702
CVE-2019-16571,0.00054,0.19618
CVE-2019-16572,0.00044,0.10161
CVE-2019-16573,0.00077,0.31702
CVE-2019-16574,0.00065,0.26756
CVE-2019-16575,0.00077,0.31702
CVE-2019-16576,0.00065,0.26756
CVE-2019-1658,0.00077,0.31775
CVE-2019-1659,0.00137,0.49118
CVE-2019-1660,0.00162,0.52912
CVE-2019-1661,0.00156,0.51899
CVE-2019-1662,0.00379,0.70210
CVE-2019-1663,0.97364,0.99890
CVE-2019-1664,0.00042,0.05722
CVE-2019-16642,0.00212,0.59184
CVE-2019-16643,0.00058,0.22585
CVE-2019-16644,0.00225,0.60813
CVE-2019-16645,0.00790,0.79700
CVE-2019-16647,0.00097,0.40070
CVE-2019-16649,0.00417,0.71519
CVE-2019-1665,0.00156,0.51899
CVE-2019-16650,0.00520,0.74409
CVE-2019-16651,0.00068,0.28323
CVE-2019-16652,0.00161,0.52769
CVE-2019-16653,0.00269,0.64462
CVE-2019-16655,0.00102,0.41475
CVE-2019-16656,0.02765,0.89584
CVE-2019-16657,0.00087,0.36434
CVE-2019-16658,0.00112,0.44586
CVE-2019-16659,0.00112,0.44586
CVE-2019-1666,0.00124,0.46789
CVE-2019-16660,0.00112,0.44586
CVE-2019-16661,0.00058,0.22585
CVE-2019-16662,0.97525,0.99990
CVE-2019-16663,0.96762,0.99606
CVE-2019-16664,0.00058,0.22585
CVE-2019-16665,0.00087,0.36434
CVE-2019-16667,0.00180,0.55318
CVE-2019-16669,0.00126,0.47113
CVE-2019-1667,0.00042,0.05722
CVE-2019-16670,0.00460,0.72808
CVE-2019-16671,0.00505,0.74045
CVE-2019-16672,0.00415,0.71464
CVE-2019-16673,0.00140,0.49546
CVE-2019-16674,0.00460,0.72808
CVE-2019-16675,0.00889,0.80880
CVE-2019-16676,0.00624,0.76760
CVE-2019-16677,0.00063,0.25629
CVE-2019-16678,0.00063,0.25629
CVE-2019-16679,0.00715,0.78522
CVE-2019-1668,0.00109,0.43888
CVE-2019-16680,0.00757,0.79178
CVE-2019-16681,0.00078,0.32606
CVE-2019-16682,0.00092,0.38912
CVE-2019-16683,0.00062,0.24442
CVE-2019-16684,0.00062,0.24442
CVE-2019-16685,0.00058,0.22585
CVE-2019-16686,0.00058,0.22585
CVE-2019-16687,0.00058,0.22585
CVE-2019-16688,0.00058,0.22585
CVE-2019-1669,0.00149,0.51009
CVE-2019-16692,0.00284,0.65471
CVE-2019-16693,0.00225,0.60813
CVE-2019-16694,0.00225,0.60813
CVE-2019-16695,0.00225,0.60813
CVE-2019-16696,0.00225,0.60813
CVE-2019-16698,0.00050,0.16378
CVE-2019-16699,0.01193,0.83696
CVE-2019-1670,0.00156,0.51899
CVE-2019-16700,0.01366,0.84895
CVE-2019-16701,0.28177,0.96435
CVE-2019-16702,0.15243,0.95369
CVE-2019-16703,0.00087,0.36434
CVE-2019-16704,0.00058,0.22585
CVE-2019-16705,0.00659,0.77474
CVE-2019-16706,0.00112,0.44586
CVE-2019-16707,0.00346,0.68799
CVE-2019-16708,0.00140,0.49575
CVE-2019-16709,0.00300,0.66425
CVE-2019-1671,0.00156,0.51899
CVE-2019-16710,0.00140,0.49575
CVE-2019-16711,0.00140,0.49575
CVE-2019-16712,0.00105,0.42450
CVE-2019-16713,0.00140,0.49575
CVE-2019-16714,0.01108,0.83005
CVE-2019-16716,0.01099,0.82939
CVE-2019-16717,0.00769,0.79362
CVE-2019-16718,0.00214,0.59491
CVE-2019-16719,0.00063,0.25629
CVE-2019-1672,0.00094,0.39473
CVE-2019-16720,0.00090,0.37714
CVE-2019-16721,0.00063,0.25629
CVE-2019-16722,0.00631,0.76881
CVE-2019-16723,0.00186,0.55918
CVE-2019-16724,0.81584,0.98107
CVE-2019-16725,0.00103,0.41747
CVE-2019-16728,0.00123,0.46627
CVE-2019-16729,0.00045,0.11966
CVE-2019-1673,0.00066,0.27429
CVE-2019-16730,0.06351,0.92983
CVE-2019-16731,0.00203,0.58263
CVE-2019-16732,0.00171,0.54199
CVE-2019-16733,0.06887,0.93269
CVE-2019-16734,0.04567,0.91724
CVE-2019-16735,0.01831,0.86993
CVE-2019-16736,0.01831,0.86993
CVE-2019-16737,0.06887,0.93269
CVE-2019-16738,0.00687,0.78043
CVE-2019-1674,0.01022,0.82230
CVE-2019-16743,0.00132,0.48102
CVE-2019-16744,0.00147,0.50596
CVE-2019-16745,0.00147,0.50596
CVE-2019-16746,0.00855,0.80483
CVE-2019-16747,0.00328,0.67969
CVE-2019-16748,0.00150,0.51166
CVE-2019-1675,0.00157,0.52083
CVE-2019-16751,0.00087,0.36469
CVE-2019-16752,0.00053,0.19032
CVE-2019-16753,0.00414,0.71442
CVE-2019-16754,0.00113,0.44658
CVE-2019-16755,0.01166,0.83482
CVE-2019-16758,0.30421,0.96548
CVE-2019-16759,0.97532,0.99992
CVE-2019-1676,0.00179,0.55201
CVE-2019-16760,0.00168,0.53815
CVE-2019-16761,0.00075,0.31055
CVE-2019-16762,0.00072,0.29987
CVE-2019-16763,0.00084,0.35108
CVE-2019-16764,0.00042,0.05722
CVE-2019-16765,0.00163,0.53021
CVE-2019-16766,0.00186,0.55916
CVE-2019-16767,0.00186,0.55916
CVE-2019-16768,0.00054,0.20290
CVE-2019-16769,0.00054,0.20290
CVE-2019-1677,0.00042,0.05722
CVE-2019-16770,0.00114,0.44871
CVE-2019-16771,0.00166,0.53264
CVE-2019-16772,0.00066,0.27550
CVE-2019-16774,0.00311,0.67062
CVE-2019-16775,0.00186,0.55895
CVE-2019-16776,0.00109,0.43767
CVE-2019-16777,0.00192,0.56898
CVE-2019-16778,0.00168,0.53635
CVE-2019-16779,0.00788,0.79625
CVE-2019-1678,0.00084,0.34821
CVE-2019-16780,0.00159,0.52514
CVE-2019-16781,0.00184,0.55761
CVE-2019-16782,0.00252,0.63195
CVE-2019-16784,0.00042,0.05722
CVE-2019-16785,0.02948,0.89860
CVE-2019-16786,0.00393,0.70730
CVE-2019-16789,0.00348,0.68887
CVE-2019-1679,0.00061,0.23900
CVE-2019-16790,0.00386,0.70444
CVE-2019-16791,0.00105,0.42589
CVE-2019-16792,0.00272,0.64673
CVE-2019-1680,0.00109,0.43764
CVE-2019-1681,0.00374,0.69975
CVE-2019-1682,0.00042,0.05722
CVE-2019-1683,0.00157,0.52089
CVE-2019-1684,0.00066,0.27296
CVE-2019-1685,0.00109,0.43888
CVE-2019-1686,0.00141,0.49846
CVE-2019-16860,0.00044,0.10161
CVE-2019-16861,0.00044,0.10161
CVE-2019-16862,0.00138,0.49319
CVE-2019-16863,0.00418,0.71540
CVE-2019-16864,0.00496,0.73782
CVE-2019-16865,0.01491,0.85518
CVE-2019-16866,0.16555,0.95542
CVE-2019-16867,0.00061,0.23805
CVE-2019-16868,0.00708,0.78385
CVE-2019-16869,0.01244,0.84089
CVE-2019-1687,0.00130,0.47778
CVE-2019-16871,0.02716,0.89495
CVE-2019-16872,0.00087,0.35903
CVE-2019-16873,0.00054,0.20290
CVE-2019-16874,0.00065,0.26756
CVE-2019-16876,0.00096,0.39991
CVE-2019-16877,0.00087,0.35903
CVE-2019-16878,0.00054,0.20290
CVE-2019-16879,0.00213,0.59361
CVE-2019-1688,0.00042,0.05722
CVE-2019-16880,0.00659,0.77474
CVE-2019-16881,0.00912,0.81121
CVE-2019-16882,0.00292,0.65953
CVE-2019-16884,0.00320,0.67597
CVE-2019-16885,0.22155,0.96070
CVE-2019-16887,0.00091,0.38161
CVE-2019-16889,0.00545,0.75040
CVE-2019-1689,0.00078,0.32137
CVE-2019-16890,0.00058,0.22585
CVE-2019-16891,0.01289,0.84408
CVE-2019-16892,0.00123,0.46683
CVE-2019-16893,0.01417,0.85152
CVE-2019-16894,0.00270,0.64559
CVE-2019-16896,0.00051,0.17393
CVE-2019-16897,0.00659,0.77474
CVE-2019-16899,0.00158,0.52356
CVE-2019-1690,0.00068,0.27938
CVE-2019-16900,0.00158,0.52356
CVE-2019-16901,0.00158,0.52356
CVE-2019-16902,0.00774,0.79434
CVE-2019-16903,0.00093,0.39255
CVE-2019-16904,0.00058,0.22585
CVE-2019-16905,0.00048,0.14284
CVE-2019-16906,0.00128,0.47439
CVE-2019-16907,0.00123,0.46616
CVE-2019-16908,0.00271,0.64578
CVE-2019-16909,0.00103,0.41634
CVE-2019-1691,0.00148,0.50863
CVE-2019-16910,0.00262,0.63971
CVE-2019-16913,0.00051,0.17393
CVE-2019-16914,0.00083,0.34243
CVE-2019-16915,0.00316,0.67356
CVE-2019-16917,0.00467,0.72966
CVE-2019-16919,0.00076,0.31204
CVE-2019-1692,0.00129,0.47561
CVE-2019-16920,0.96307,0.99442
CVE-2019-16921,0.00164,0.53090
CVE-2019-16922,0.00084,0.34791
CVE-2019-16923,0.00087,0.36434
CVE-2019-16924,0.00487,0.73554
CVE-2019-16925,0.00087,0.36434
CVE-2019-16926,0.00087,0.36434
CVE-2019-16927,0.00089,0.37196
CVE-2019-16928,0.91466,0.98693
CVE-2019-16929,0.00082,0.34065
CVE-2019-1693,0.00109,0.43829
CVE-2019-16930,0.00139,0.49406
CVE-2019-16931,0.00244,0.62516
CVE-2019-16932,0.53434,0.97337
CVE-2019-16935,0.00214,0.59502
CVE-2019-1694,0.00157,0.52189
CVE-2019-16941,0.01384,0.84984
CVE-2019-16942,0.00460,0.72803
CVE-2019-16943,0.00460,0.72803
CVE-2019-16948,0.00659,0.77474
CVE-2019-16949,0.00058,0.21939
CVE-2019-1695,0.00068,0.27938
CVE-2019-16950,0.00087,0.36434
CVE-2019-16951,0.00126,0.47113
CVE-2019-16954,0.00066,0.27601
CVE-2019-16955,0.00066,0.27601
CVE-2019-16956,0.00066,0.27601
CVE-2019-16957,0.00066,0.27601
CVE-2019-16958,0.00058,0.22585
CVE-2019-16959,0.00080,0.33244
CVE-2019-1696,0.00090,0.37718
CVE-2019-16960,0.00066,0.27601
CVE-2019-16961,0.00066,0.27601
CVE-2019-16962,0.00116,0.45457
CVE-2019-16964,0.00124,0.46850
CVE-2019-16965,0.00083,0.34374
CVE-2019-16966,0.00146,0.50569
CVE-2019-16967,0.00141,0.49849
CVE-2019-16968,0.00084,0.35108
CVE-2019-16969,0.00084,0.35108
CVE-2019-1697,0.00179,0.55201
CVE-2019-16970,0.00084,0.35108
CVE-2019-16971,0.00084,0.35108
CVE-2019-16972,0.00084,0.35108
CVE-2019-16973,0.00084,0.35108
CVE-2019-16974,0.00084,0.35108
CVE-2019-16975,0.00084,0.35108
CVE-2019-16976,0.00084,0.35108
CVE-2019-16977,0.00084,0.35108
CVE-2019-16978,0.00066,0.27550
CVE-2019-16979,0.00084,0.35108
CVE-2019-1698,0.00150,0.51050
CVE-2019-16980,0.00087,0.36089
CVE-2019-16981,0.00084,0.35108
CVE-2019-16982,0.00084,0.35108
CVE-2019-16983,0.00084,0.35108
CVE-2019-16984,0.00084,0.35108
CVE-2019-16985,0.00063,0.24943
CVE-2019-16986,0.00168,0.53812
CVE-2019-16987,0.00084,0.35108
CVE-2019-16988,0.00084,0.35108
CVE-2019-16989,0.00084,0.35108
CVE-2019-1699,0.00042,0.05844
CVE-2019-16990,0.00093,0.39033
CVE-2019-16991,0.00084,0.35108
CVE-2019-16992,0.00149,0.50995
CVE-2019-16993,0.00553,0.75204
CVE-2019-16994,0.00078,0.32099
CVE-2019-16995,0.00685,0.78007
CVE-2019-16996,0.28294,0.96444
CVE-2019-16997,0.28294,0.96444
CVE-2019-16999,0.00212,0.59184
CVE-2019-1700,0.00063,0.25207
CVE-2019-17000,0.00074,0.30684
CVE-2019-17001,0.00074,0.30684
CVE-2019-17002,0.00112,0.44327
CVE-2019-17003,0.00053,0.18524
CVE-2019-17005,0.01405,0.85102
CVE-2019-17006,0.00281,0.65248
CVE-2019-17007,0.00215,0.59599
CVE-2019-17008,0.01259,0.84201
CVE-2019-17009,0.00045,0.11966
CVE-2019-1701,0.00066,0.27429
CVE-2019-17010,0.01053,0.82511
CVE-2019-17011,0.01053,0.82511
CVE-2019-17012,0.00950,0.81531
CVE-2019-17013,0.00259,0.63772
CVE-2019-17014,0.00166,0.53294
CVE-2019-17015,0.01249,0.84117
CVE-2019-17016,0.00445,0.72373
CVE-2019-17017,0.00668,0.77673
CVE-2019-17018,0.00090,0.37972
CVE-2019-17019,0.00220,0.59957
CVE-2019-1702,0.00156,0.51899
CVE-2019-17020,0.00170,0.53958
CVE-2019-17021,0.00790,0.79698
CVE-2019-17022,0.00348,0.68918
CVE-2019-17023,0.00307,0.66816
CVE-2019-17024,0.00817,0.80024
CVE-2019-17025,0.00629,0.76845
CVE-2019-17026,0.51763,0.97286
CVE-2019-1703,0.00131,0.48000
CVE-2019-1704,0.00157,0.52083
CVE-2019-17040,0.00566,0.75477
CVE-2019-17041,0.00712,0.78473
CVE-2019-17042,0.00665,0.77599
CVE-2019-17043,0.00044,0.10161
CVE-2019-17044,0.00054,0.19411
CVE-2019-17045,0.00058,0.22585
CVE-2019-17046,0.00419,0.71586
CVE-2019-17049,0.00093,0.39130
CVE-2019-1705,0.00157,0.52083
CVE-2019-17050,0.00104,0.42231
CVE-2019-17051,0.00103,0.41779
CVE-2019-17052,0.00049,0.14838
CVE-2019-17053,0.00049,0.14843
CVE-2019-17054,0.00049,0.14843
CVE-2019-17055,0.00049,0.14838
CVE-2019-17056,0.00050,0.16500
CVE-2019-17057,0.00078,0.32606
CVE-2019-17058,0.00299,0.66392
CVE-2019-17059,0.00642,0.77095
CVE-2019-1706,0.00133,0.48440
CVE-2019-17060,0.00066,0.27274
CVE-2019-17061,0.00132,0.48244
CVE-2019-17062,0.00220,0.59957
CVE-2019-17063,0.00055,0.20370
CVE-2019-17064,0.00068,0.27924
CVE-2019-17066,0.00044,0.10161
CVE-2019-17067,0.00244,0.62506
CVE-2019-17068,0.00146,0.50442
CVE-2019-17069,0.00246,0.62681
CVE-2019-1707,0.00066,0.27429
CVE-2019-17070,0.00084,0.35108
CVE-2019-17071,0.00084,0.35108
CVE-2019-17072,0.00152,0.51379
CVE-2019-17073,0.00107,0.43146
CVE-2019-17074,0.00058,0.22585
CVE-2019-17075,0.04756,0.91906
CVE-2019-17076,0.00888,0.80873
CVE-2019-1708,0.00157,0.52189
CVE-2019-17080,0.00230,0.61277
CVE-2019-17085,0.00081,0.33872
CVE-2019-17087,0.00168,0.53801
CVE-2019-1709,0.00042,0.05844
CVE-2019-17091,0.00186,0.55997
CVE-2019-17092,0.22986,0.96127
CVE-2019-17093,0.00128,0.47424
CVE-2019-17094,0.00042,0.05722
CVE-2019-17095,0.03969,0.91179
CVE-2019-17096,0.00429,0.71857
CVE-2019-17098,0.00070,0.29068
CVE-2019-17099,0.00063,0.25378
CVE-2019-1710,0.00502,0.73974
CVE-2019-17100,0.00044,0.10161
CVE-2019-17101,0.00051,0.17393
CVE-2019-17102,0.00376,0.70041
CVE-2019-17103,0.00044,0.10161
CVE-2019-17104,0.00156,0.52030
CVE-2019-17105,0.00100,0.40897
CVE-2019-17106,0.00109,0.43563
CVE-2019-17107,0.00484,0.73479
CVE-2019-17108,0.00076,0.31214
CVE-2019-17109,0.01192,0.83683
CVE-2019-1711,0.00157,0.52083
CVE-2019-17112,0.00074,0.30586
CVE-2019-17113,0.01219,0.83904
CVE-2019-17114,0.03350,0.90465
CVE-2019-17115,0.03350,0.90465
CVE-2019-17116,0.03350,0.90465
CVE-2019-17117,0.00870,0.80636
CVE-2019-17118,0.00714,0.78501
CVE-2019-17119,0.00506,0.74058
CVE-2019-1712,0.00157,0.52083
CVE-2019-17120,0.03350,0.90465
CVE-2019-17121,0.00054,0.20290
CVE-2019-17123,0.00105,0.42463
CVE-2019-17124,0.25604,0.96288
CVE-2019-17125,0.00084,0.35108
CVE-2019-17127,0.00084,0.35108
CVE-2019-17128,0.00128,0.47418
CVE-2019-1713,0.00113,0.44710
CVE-2019-17130,0.00084,0.34791
CVE-2019-17131,0.00078,0.32606
CVE-2019-17132,0.12954,0.95025
CVE-2019-17133,0.01213,0.83846
CVE-2019-17134,0.00226,0.60951
CVE-2019-17135,0.00178,0.55117
CVE-2019-17136,0.00179,0.55213
CVE-2019-17137,0.00678,0.77883
CVE-2019-17138,0.00646,0.77153
CVE-2019-17139,0.02005,0.87706
CVE-2019-1714,0.00158,0.52249
CVE-2019-17140,0.13118,0.95054
CVE-2019-17141,0.13118,0.95054
CVE-2019-17142,0.04836,0.91990
CVE-2019-17143,0.00388,0.70516
CVE-2019-17144,0.01009,0.82117
CVE-2019-17145,0.01041,0.82415
CVE-2019-17146,0.08187,0.93766
CVE-2019-17147,0.02223,0.88411
CVE-2019-17148,0.00046,0.12635
CVE-2019-1715,0.00336,0.68395
CVE-2019-17151,0.00219,0.59896
CVE-2019-1716,0.00632,0.76887
CVE-2019-1717,0.00450,0.72511
CVE-2019-17175,0.00637,0.76983
CVE-2019-17176,0.00087,0.36434
CVE-2019-17177,0.01185,0.83641
CVE-2019-17178,0.00336,0.68379
CVE-2019-17179,0.00200,0.57957
CVE-2019-1718,0.00157,0.52083
CVE-2019-17180,0.00125,0.47025
CVE-2019-17181,0.00261,0.63898
CVE-2019-17183,0.00103,0.41969
CVE-2019-17184,0.00244,0.62506
CVE-2019-17185,0.00279,0.65114
CVE-2019-17186,0.00609,0.76393
CVE-2019-17187,0.00775,0.79453
CVE-2019-17188,0.00091,0.38531
CVE-2019-17189,0.00100,0.40833
CVE-2019-1719,0.00066,0.27429
CVE-2019-17190,0.00042,0.05722
CVE-2019-17191,0.00347,0.68826
CVE-2019-17192,0.01189,0.83664
CVE-2019-17195,0.01213,0.83850
CVE-2019-17197,0.00224,0.60796
CVE-2019-17199,0.00449,0.72491
CVE-2019-1720,0.00114,0.44813
CVE-2019-17201,0.00044,0.10161
CVE-2019-17202,0.00044,0.10161
CVE-2019-17203,0.00058,0.22585
CVE-2019-17204,0.00058,0.22585
CVE-2019-17205,0.00087,0.36434
CVE-2019-17206,0.00558,0.75303
CVE-2019-17207,0.00493,0.73711
CVE-2019-1721,0.00114,0.44813
CVE-2019-17210,0.00087,0.35949
CVE-2019-17211,0.04704,0.91863
CVE-2019-17212,0.03368,0.90492
CVE-2019-17213,0.00213,0.59319
CVE-2019-17214,0.00273,0.64705
CVE-2019-17215,0.00222,0.60556
CVE-2019-17216,0.00222,0.60556
CVE-2019-17217,0.00073,0.30112
CVE-2019-17218,0.00168,0.53801
CVE-2019-17219,0.00070,0.29068
CVE-2019-1722,0.00077,0.31679
CVE-2019-17220,0.00117,0.45532
CVE-2019-17221,0.00414,0.71442
CVE-2019-17222,0.00087,0.36434
CVE-2019-17223,0.00084,0.35108
CVE-2019-17224,0.00093,0.39255
CVE-2019-17225,0.00073,0.30144
CVE-2019-17226,0.00058,0.22005
CVE-2019-17228,0.00165,0.53205
CVE-2019-17229,0.00088,0.36898
CVE-2019-1723,0.00344,0.68728
CVE-2019-17230,0.00125,0.46862
CVE-2019-17231,0.00087,0.36434
CVE-2019-17232,0.00153,0.51586
CVE-2019-17233,0.00088,0.37082
CVE-2019-17234,0.00140,0.49657
CVE-2019-17235,0.00119,0.46037
CVE-2019-17236,0.00112,0.44327
CVE-2019-17237,0.00098,0.40498
CVE-2019-17239,0.00084,0.35108
CVE-2019-1724,0.00220,0.60002
CVE-2019-17240,0.11467,0.94749
CVE-2019-17241,0.00044,0.10161
CVE-2019-17242,0.00044,0.10161
CVE-2019-17243,0.00070,0.28841
CVE-2019-17244,0.00070,0.28841
CVE-2019-17245,0.00044,0.10161
CVE-2019-17246,0.00070,0.28841
CVE-2019-17247,0.00070,0.28841
CVE-2019-17248,0.00070,0.28841
CVE-2019-17249,0.00070,0.28841
CVE-2019-1725,0.00042,0.05844
CVE-2019-17250,0.00070,0.28841
CVE-2019-17251,0.00070,0.28841
CVE-2019-17252,0.00070,0.28841
CVE-2019-17253,0.00070,0.28841
CVE-2019-17254,0.00070,0.28841
CVE-2019-17255,0.00070,0.28841
CVE-2019-17256,0.00070,0.28841
CVE-2019-17257,0.00061,0.24231
CVE-2019-17258,0.00070,0.28841
CVE-2019-17259,0.00051,0.17393
CVE-2019-1726,0.00042,0.05844
CVE-2019-17260,0.00044,0.10161
CVE-2019-17261,0.00044,0.10161
CVE-2019-17262,0.00044,0.10161
CVE-2019-17263,0.00072,0.29466
CVE-2019-17264,0.00044,0.10445
CVE-2019-17266,0.00533,0.74724
CVE-2019-17267,0.01334,0.84671
CVE-2019-17268,0.00344,0.68700
CVE-2019-17269,0.00596,0.76123
CVE-2019-1727,0.00042,0.05844
CVE-2019-17270,0.94652,0.99094
CVE-2019-17271,0.00085,0.35259
CVE-2019-17272,0.00104,0.42231
CVE-2019-17273,0.00058,0.22795
CVE-2019-17274,0.00044,0.10161
CVE-2019-17275,0.01003,0.82074
CVE-2019-17276,0.00054,0.20290
CVE-2019-1728,0.00042,0.05722
CVE-2019-1729,0.00042,0.05722
CVE-2019-17292,0.00087,0.36089
CVE-2019-17293,0.00087,0.36089
CVE-2019-17294,0.00087,0.36089
CVE-2019-17295,0.00087,0.36089
CVE-2019-17296,0.00087,0.36089
CVE-2019-17297,0.00087,0.36089
CVE-2019-17298,0.00087,0.36089
CVE-2019-17299,0.00090,0.38030
CVE-2019-1730,0.00042,0.05722
CVE-2019-17300,0.00090,0.38030
CVE-2019-17301,0.00090,0.38030
CVE-2019-17302,0.00090,0.38030
CVE-2019-17303,0.00090,0.38030
CVE-2019-17304,0.00090,0.38030
CVE-2019-17305,0.00090,0.38030
CVE-2019-17306,0.00090,0.38030
CVE-2019-17307,0.00090,0.38030
CVE-2019-17308,0.00090,0.38030
CVE-2019-17309,0.00090,0.38030
CVE-2019-1731,0.00042,0.05722
CVE-2019-17310,0.00090,0.38030
CVE-2019-17311,0.00127,0.47237
CVE-2019-17312,0.00127,0.47237
CVE-2019-17313,0.00127,0.47237
CVE-2019-17314,0.00127,0.47237
CVE-2019-17315,0.00104,0.42231
CVE-2019-17316,0.00104,0.42231
CVE-2019-17317,0.00104,0.42231
CVE-2019-17318,0.00087,0.36089
CVE-2019-17319,0.00087,0.36089
CVE-2019-1732,0.00042,0.05844
CVE-2019-17320,0.00453,0.72606
CVE-2019-17321,0.00084,0.34791
CVE-2019-17322,0.00087,0.35920
CVE-2019-17323,0.00308,0.66914
CVE-2019-17324,0.00087,0.35920
CVE-2019-17325,0.00269,0.64449
CVE-2019-17326,0.00145,0.50353
CVE-2019-17327,0.00597,0.76140
CVE-2019-1733,0.00066,0.27429
CVE-2019-17330,0.00180,0.55246
CVE-2019-17331,0.00054,0.20290
CVE-2019-17332,0.00054,0.20290
CVE-2019-17333,0.00054,0.20290
CVE-2019-17334,0.00105,0.42575
CVE-2019-17335,0.00065,0.26756
CVE-2019-17336,0.00065,0.26756
CVE-2019-17337,0.00084,0.35108
CVE-2019-17338,0.00054,0.20290
CVE-2019-17339,0.00151,0.51336
CVE-2019-1734,0.00042,0.05722
CVE-2019-17340,0.00045,0.11966
CVE-2019-17341,0.00045,0.11966
CVE-2019-17342,0.00045,0.11966
CVE-2019-17343,0.00114,0.44885
CVE-2019-17344,0.00045,0.11966
CVE-2019-17345,0.00045,0.11966
CVE-2019-17346,0.00045,0.11966
CVE-2019-17347,0.00045,0.11966
CVE-2019-17348,0.00045,0.11966
CVE-2019-17349,0.00042,0.05722
CVE-2019-1735,0.00042,0.05722
CVE-2019-17350,0.00042,0.05722
CVE-2019-17351,0.00045,0.11966
CVE-2019-17352,0.00145,0.50412
CVE-2019-17353,0.00209,0.58851
CVE-2019-17354,0.00116,0.45451
CVE-2019-17355,0.00659,0.77474
CVE-2019-17356,0.00103,0.41655
CVE-2019-17357,0.10616,0.94548
CVE-2019-17358,0.00746,0.78994
CVE-2019-17359,0.00591,0.76061
CVE-2019-1736,0.00044,0.10161
CVE-2019-17360,0.00202,0.58171
CVE-2019-17361,0.00537,0.74852
CVE-2019-17362,0.01830,0.86984
CVE-2019-17364,0.06887,0.93269
CVE-2019-17365,0.00042,0.05722
CVE-2019-17366,0.00087,0.35903
CVE-2019-17367,0.00073,0.30112
CVE-2019-17368,0.00087,0.36434
CVE-2019-17369,0.00063,0.25629
CVE-2019-1737,0.00157,0.52189
CVE-2019-17370,0.00131,0.47909
CVE-2019-17371,0.00157,0.52167
CVE-2019-17372,0.00989,0.81942
CVE-2019-17373,0.00222,0.60556
CVE-2019-17375,0.00104,0.42231
CVE-2019-17376,0.00078,0.32606
CVE-2019-17377,0.00078,0.32606
CVE-2019-17378,0.00078,0.32606
CVE-2019-17379,0.00078,0.32606
CVE-2019-1738,0.00130,0.47778
CVE-2019-17380,0.00078,0.32606
CVE-2019-17382,0.31410,0.96594
CVE-2019-17383,0.00244,0.62506
CVE-2019-17384,0.00084,0.35108
CVE-2019-17385,0.00084,0.35108
CVE-2019-17386,0.00142,0.49980
CVE-2019-17387,0.00087,0.36582
CVE-2019-17388,0.00042,0.05722
CVE-2019-17389,0.00103,0.41969
CVE-2019-1739,0.00130,0.47778
CVE-2019-17390,0.00042,0.05722
CVE-2019-17391,0.00061,0.23892
CVE-2019-17392,0.00222,0.60556
CVE-2019-17393,0.00192,0.57135
CVE-2019-17394,0.00659,0.77474
CVE-2019-17395,0.00659,0.77474
CVE-2019-17396,0.00222,0.60556
CVE-2019-17397,0.00659,0.77474
CVE-2019-17398,0.00659,0.77474
CVE-2019-17399,0.00195,0.57397
CVE-2019-1740,0.00157,0.52189
CVE-2019-17400,0.00174,0.54586
CVE-2019-17401,0.00044,0.10445
CVE-2019-17402,0.00150,0.51167
CVE-2019-17403,0.00968,0.81735
CVE-2019-17404,0.00083,0.34514
CVE-2019-17405,0.00112,0.44327
CVE-2019-17406,0.00125,0.46864
CVE-2019-17408,0.01828,0.86979
CVE-2019-17409,0.00132,0.48249
CVE-2019-1741,0.00131,0.47932
CVE-2019-17414,0.00247,0.62766
CVE-2019-17415,0.02402,0.88850
CVE-2019-17417,0.00058,0.22585
CVE-2019-17418,0.49055,0.97222
CVE-2019-17419,0.00095,0.39610
CVE-2019-1742,0.00129,0.47561
CVE-2019-17420,0.00122,0.46382
CVE-2019-17421,0.00042,0.05722
CVE-2019-17424,0.02042,0.87828
CVE-2019-17426,0.00194,0.57356
CVE-2019-17427,0.00142,0.49940
CVE-2019-17428,0.00221,0.60330
CVE-2019-17429,0.00212,0.59184
CVE-2019-1743,0.00382,0.70319
CVE-2019-17430,0.00066,0.27550
CVE-2019-17431,0.00112,0.44586
CVE-2019-17432,0.00063,0.25629
CVE-2019-17433,0.00058,0.22585
CVE-2019-17434,0.00058,0.22585
CVE-2019-17435,0.00042,0.05722
CVE-2019-17436,0.00042,0.05722
CVE-2019-17437,0.00044,0.10161
CVE-2019-17440,0.00222,0.60556
CVE-2019-17444,0.06182,0.92891
CVE-2019-17445,0.00044,0.10161
CVE-2019-17446,0.00044,0.10161
CVE-2019-17449,0.00044,0.10161
CVE-2019-1745,0.00042,0.05844
CVE-2019-17450,0.00715,0.78512
CVE-2019-17451,0.00317,0.67393
CVE-2019-17452,0.00095,0.39497
CVE-2019-17453,0.00112,0.44348
CVE-2019-17454,0.00095,0.39497
CVE-2019-17455,0.00626,0.76789
CVE-2019-1746,0.00066,0.27296
CVE-2019-1747,0.00157,0.52189
CVE-2019-1748,0.00186,0.56064
CVE-2019-17488,0.00087,0.36434
CVE-2019-17489,0.00087,0.36434
CVE-2019-1749,0.00066,0.27296
CVE-2019-17490,0.00109,0.43614
CVE-2019-17491,0.00087,0.36434
CVE-2019-17493,0.00087,0.36434
CVE-2019-17494,0.00087,0.36434
CVE-2019-17495,0.01741,0.86633
CVE-2019-17496,0.00084,0.35108
CVE-2019-17497,0.00157,0.52178
CVE-2019-17498,0.00408,0.71212
CVE-2019-17499,0.02939,0.89851
CVE-2019-1750,0.00066,0.27296
CVE-2019-17501,0.00269,0.64461
CVE-2019-17502,0.00117,0.45503
CVE-2019-17503,0.00433,0.72008
CVE-2019-17504,0.00540,0.74921
CVE-2019-17505,0.00390,0.70626
CVE-2019-17506,0.90196,0.98587
CVE-2019-17507,0.00251,0.63138
CVE-2019-17508,0.01346,0.84744
CVE-2019-17509,0.04982,0.92090
CVE-2019-1751,0.00157,0.52083
CVE-2019-17510,0.04982,0.92090
CVE-2019-17511,0.00283,0.65376
CVE-2019-17512,0.00283,0.65376
CVE-2019-17513,0.00139,0.49439
CVE-2019-17514,0.00332,0.68235
CVE-2019-17515,0.00076,0.31160
CVE-2019-17517,0.00061,0.24231
CVE-2019-17518,0.00066,0.27274
CVE-2019-17519,0.00096,0.40045
CVE-2019-1752,0.00157,0.52083
CVE-2019-17520,0.00130,0.47779
CVE-2019-17521,0.00063,0.25629
CVE-2019-17522,0.00074,0.30642
CVE-2019-17523,0.00145,0.50359
CVE-2019-17524,0.00145,0.50359
CVE-2019-17525,0.12458,0.94948
CVE-2019-17526,0.02197,0.88333
CVE-2019-17527,0.00138,0.49278
CVE-2019-17528,0.00098,0.40466
CVE-2019-17529,0.00132,0.48084
CVE-2019-1753,0.00167,0.53440
CVE-2019-17530,0.00132,0.48084
CVE-2019-17531,0.00795,0.79776
CVE-2019-17532,0.00243,0.62369
CVE-2019-17533,0.00210,0.58961
CVE-2019-17534,0.00317,0.67394
CVE-2019-17535,0.00101,0.41201
CVE-2019-17536,0.00074,0.30642
CVE-2019-17537,0.00107,0.43004
CVE-2019-17538,0.00878,0.80736
CVE-2019-17539,0.02067,0.87903
CVE-2019-1754,0.00167,0.53440
CVE-2019-17540,0.00223,0.60686
CVE-2019-17541,0.00433,0.72004
CVE-2019-17542,0.01092,0.82873
CVE-2019-17543,0.00763,0.79261
CVE-2019-17544,0.00777,0.79486
CVE-2019-17545,0.01103,0.82964
CVE-2019-17546,0.00843,0.80352
CVE-2019-17547,0.00285,0.65503
CVE-2019-17549,0.00074,0.30686
CVE-2019-1755,0.00167,0.53440
CVE-2019-17550,0.00084,0.34865
CVE-2019-17551,0.00084,0.35108
CVE-2019-17552,0.00212,0.59184
CVE-2019-17553,0.00220,0.59976
CVE-2019-17554,0.00092,0.38728
CVE-2019-17555,0.00088,0.37161
CVE-2019-17556,0.00578,0.75754
CVE-2019-17557,0.00094,0.39265
CVE-2019-17558,0.97517,0.99986
CVE-2019-17559,0.00235,0.61617
CVE-2019-1756,0.00237,0.61870
CVE-2019-17560,0.00056,0.21213
CVE-2019-17561,0.00136,0.48881
CVE-2019-17562,0.00231,0.61302
CVE-2019-17563,0.00385,0.70421
CVE-2019-17564,0.02943,0.89855
CVE-2019-17565,0.00235,0.61617
CVE-2019-17566,0.00166,0.53295
CVE-2019-17567,0.00232,0.61410
CVE-2019-17569,0.00341,0.68600
CVE-2019-1757,0.00133,0.48452
CVE-2019-17570,0.01380,0.84969
CVE-2019-17571,0.79382,0.98027
CVE-2019-17572,0.00058,0.22644
CVE-2019-17573,0.00582,0.75814
CVE-2019-17574,0.12974,0.95029
CVE-2019-17575,0.00374,0.69990
CVE-2019-17576,0.00058,0.22585
CVE-2019-17577,0.00058,0.22585
CVE-2019-17578,0.00058,0.22585
CVE-2019-17579,0.00078,0.32606
CVE-2019-1758,0.00055,0.20559
CVE-2019-17580,0.00138,0.49278
CVE-2019-17581,0.00066,0.27550
CVE-2019-17582,0.00361,0.69457
CVE-2019-17583,0.00217,0.59779
CVE-2019-17584,0.00104,0.42231
CVE-2019-1759,0.00118,0.45817
CVE-2019-17590,0.00212,0.59237
CVE-2019-17592,0.00297,0.66289
CVE-2019-17593,0.00112,0.44586
CVE-2019-17594,0.00055,0.20419
CVE-2019-17595,0.00151,0.51321
CVE-2019-17596,0.00591,0.76044
CVE-2019-17598,0.00178,0.55045
CVE-2019-17599,0.00230,0.61280
CVE-2019-1760,0.00157,0.52083
CVE-2019-17600,0.01093,0.82878
CVE-2019-17601,0.00964,0.81685
CVE-2019-17602,0.22792,0.96112
CVE-2019-17603,0.00042,0.05722
CVE-2019-17604,0.00058,0.22585
CVE-2019-17605,0.00109,0.43614
CVE-2019-17606,0.00119,0.45868
CVE-2019-17607,0.00166,0.53370
CVE-2019-17608,0.00166,0.53370
CVE-2019-17609,0.00166,0.53370
CVE-2019-1761,0.00063,0.25214
CVE-2019-17610,0.00166,0.53370
CVE-2019-17611,0.00166,0.53370
CVE-2019-17612,0.00091,0.38618
CVE-2019-17613,0.02570,0.89188
CVE-2019-1762,0.00042,0.05722
CVE-2019-17621,0.97154,0.99765
CVE-2019-17624,0.00155,0.51839
CVE-2019-17625,0.00144,0.50182
CVE-2019-17626,0.05116,0.92207
CVE-2019-17627,0.00096,0.40045
CVE-2019-17629,0.00058,0.22005
CVE-2019-1763,0.00204,0.58459
CVE-2019-17630,0.00058,0.22005
CVE-2019-17631,0.00228,0.61082
CVE-2019-17632,0.00115,0.45157
CVE-2019-17633,0.00130,0.47856
CVE-2019-17634,0.00091,0.38444
CVE-2019-17635,0.00093,0.39125
CVE-2019-17636,0.00257,0.63572
CVE-2019-17637,0.00096,0.39946
CVE-2019-17638,0.00420,0.71628
CVE-2019-17639,0.00077,0.31628
CVE-2019-1764,0.00113,0.44710
CVE-2019-17640,0.00522,0.74464
CVE-2019-17642,0.00341,0.68582
CVE-2019-17643,0.00160,0.52670
CVE-2019-17644,0.00168,0.53801
CVE-2019-17645,0.00224,0.60782
CVE-2019-17646,0.00181,0.55367
CVE-2019-17647,0.00624,0.76757
CVE-2019-1765,0.00093,0.39036
CVE-2019-17650,0.00042,0.05844
CVE-2019-17651,0.00066,0.27429
CVE-2019-17652,0.00099,0.40584
CVE-2019-17653,0.00061,0.24107
CVE-2019-17654,0.00199,0.57916
CVE-2019-17655,0.00178,0.55045
CVE-2019-17656,0.00144,0.50192
CVE-2019-17657,0.00450,0.72504
CVE-2019-17658,0.00222,0.60556
CVE-2019-1766,0.00159,0.52484
CVE-2019-17660,0.00131,0.48045
CVE-2019-17661,0.00109,0.43614
CVE-2019-17662,0.68973,0.97714
CVE-2019-17663,0.00078,0.32606
CVE-2019-17664,0.00063,0.25378
CVE-2019-17665,0.00091,0.38161
CVE-2019-17666,0.00151,0.51284
CVE-2019-17667,0.00058,0.22585
CVE-2019-17668,0.00065,0.27078
CVE-2019-17669,0.01098,0.82930
CVE-2019-1767,0.00042,0.05844
CVE-2019-17670,0.00722,0.78646
CVE-2019-17671,0.01579,0.85990
CVE-2019-17672,0.02412,0.88875
CVE-2019-17673,0.00423,0.71703
CVE-2019-17674,0.00221,0.60294
CVE-2019-17675,0.00206,0.58612
CVE-2019-17676,0.00112,0.44586
CVE-2019-1768,0.00042,0.05844
CVE-2019-1769,0.00042,0.05844
CVE-2019-1770,0.00042,0.05844
CVE-2019-1771,0.00062,0.24519
CVE-2019-1772,0.00062,0.24519
CVE-2019-1773,0.00062,0.24519
CVE-2019-1774,0.00042,0.05844
CVE-2019-1775,0.00042,0.05844
CVE-2019-1776,0.00042,0.05844
CVE-2019-1777,0.00066,0.27429
CVE-2019-1778,0.00042,0.05844
CVE-2019-1779,0.00042,0.05722
CVE-2019-1780,0.00042,0.05722
CVE-2019-1781,0.00042,0.05722
CVE-2019-1782,0.00042,0.05722
CVE-2019-1783,0.00042,0.05722
CVE-2019-1784,0.00042,0.05722
CVE-2019-1785,0.00107,0.43236
CVE-2019-1786,0.00207,0.58660
CVE-2019-1787,0.00358,0.69351
CVE-2019-1788,0.16373,0.95524
CVE-2019-1789,0.00103,0.41969
CVE-2019-1790,0.00042,0.05722
CVE-2019-1791,0.00042,0.05722
CVE-2019-1792,0.00109,0.43888
CVE-2019-1794,0.00042,0.05722
CVE-2019-1795,0.00042,0.05722
CVE-2019-1796,0.00066,0.27296
CVE-2019-1797,0.00099,0.40686
CVE-2019-1798,0.00155,0.51829
CVE-2019-1799,0.00066,0.27296
CVE-2019-1800,0.00066,0.27296
CVE-2019-1802,0.00066,0.27429
CVE-2019-1803,0.00042,0.05722
CVE-2019-1804,0.00344,0.68696
CVE-2019-1805,0.00063,0.25214
CVE-2019-1806,0.00114,0.44920
CVE-2019-1807,0.00361,0.69459
CVE-2019-1808,0.00042,0.05722
CVE-2019-1809,0.00042,0.05722
CVE-2019-1810,0.00042,0.05722
CVE-2019-1811,0.00042,0.05722
CVE-2019-1812,0.00042,0.05722
CVE-2019-1813,0.00042,0.05722
CVE-2019-1814,0.00157,0.52189
CVE-2019-1816,0.00042,0.05722
CVE-2019-1817,0.00159,0.52484
CVE-2019-18177,0.00064,0.25824
CVE-2019-18178,0.00102,0.41475
CVE-2019-18179,0.00206,0.58590
CVE-2019-1818,0.00175,0.54749
CVE-2019-18180,0.01021,0.82223
CVE-2019-18181,0.00044,0.10161
CVE-2019-18182,0.01621,0.86189
CVE-2019-18183,0.01621,0.86189
CVE-2019-18184,0.02048,0.87846
CVE-2019-18187,0.11307,0.94717
CVE-2019-18188,0.00238,0.61990
CVE-2019-18189,0.00271,0.64576
CVE-2019-1819,0.00175,0.54749
CVE-2019-18190,0.00738,0.78876
CVE-2019-18191,0.00105,0.42575
CVE-2019-18192,0.00042,0.05722
CVE-2019-18193,0.00044,0.10161
CVE-2019-18194,0.00134,0.48555
CVE-2019-18195,0.00110,0.43937
CVE-2019-18196,0.00044,0.10161
CVE-2019-18197,0.00804,0.79886
CVE-2019-18198,0.00042,0.05722
CVE-2019-18199,0.00146,0.50513
CVE-2019-1820,0.00175,0.54749
CVE-2019-18200,0.02300,0.88613
CVE-2019-18201,0.00895,0.80941
CVE-2019-18202,0.00720,0.78610
CVE-2019-18203,0.00087,0.36434
CVE-2019-18204,0.00131,0.47909
CVE-2019-18205,0.00087,0.36434
CVE-2019-18206,0.00073,0.30112
CVE-2019-18207,0.00054,0.20290
CVE-2019-18209,0.00078,0.32606
CVE-2019-1821,0.96882,0.99651
CVE-2019-18210,0.00054,0.20290
CVE-2019-18211,0.00554,0.75236
CVE-2019-18212,0.00248,0.62815
CVE-2019-18213,0.00518,0.74350
CVE-2019-18214,0.00065,0.27053
CVE-2019-18215,0.00187,0.56068
CVE-2019-18216,0.00070,0.29068
CVE-2019-18217,0.94583,0.99084
CVE-2019-18218,0.00118,0.45824
CVE-2019-18219,0.00066,0.27550
CVE-2019-1822,0.00811,0.79953
CVE-2019-18220,0.00262,0.63961
CVE-2019-18221,0.00084,0.35108
CVE-2019-18222,0.00051,0.16912
CVE-2019-18223,0.00058,0.22585
CVE-2019-18224,0.02120,0.88070
CVE-2019-18225,0.00308,0.66926
CVE-2019-18226,0.00213,0.59361
CVE-2019-18227,0.00889,0.80883
CVE-2019-18228,0.00110,0.44099
CVE-2019-18229,0.03052,0.90023
CVE-2019-1823,0.00858,0.80516
CVE-2019-18230,0.00162,0.52844
CVE-2019-18231,0.00171,0.54182
CVE-2019-18232,0.00042,0.00438
CVE-2019-18233,0.00154,0.51660
CVE-2019-18234,0.00276,0.64898
CVE-2019-18235,0.00235,0.61633
CVE-2019-18236,0.00365,0.69625
CVE-2019-18238,0.00103,0.41585
CVE-2019-1824,0.00138,0.49342
CVE-2019-18240,0.12837,0.95005
CVE-2019-18241,0.00067,0.27833
CVE-2019-18242,0.00100,0.40789
CVE-2019-18243,0.00042,0.00438
CVE-2019-18244,0.00042,0.05722
CVE-2019-18245,0.00044,0.08189
CVE-2019-18246,0.00055,0.20548
CVE-2019-18247,0.00100,0.40843
CVE-2019-18248,0.00056,0.21068
CVE-2019-18249,0.00099,0.40588
CVE-2019-1825,0.00138,0.49342
CVE-2019-18250,0.00430,0.71881
CVE-2019-18251,0.00327,0.67931
CVE-2019-18252,0.00055,0.20548
CVE-2019-18253,0.00251,0.63103
CVE-2019-18254,0.00067,0.27833
CVE-2019-18255,0.00042,0.00438
CVE-2019-18256,0.00067,0.27833
CVE-2019-18257,0.12925,0.95022
CVE-2019-18259,0.00392,0.70710
CVE-2019-1826,0.00044,0.10161
CVE-2019-18261,0.00213,0.59361
CVE-2019-18263,0.00056,0.21068
CVE-2019-18265,0.00061,0.23927
CVE-2019-18267,0.00060,0.23284
CVE-2019-18269,0.00235,0.61692
CVE-2019-1827,0.00156,0.51899
CVE-2019-18271,0.00070,0.28948
CVE-2019-18273,0.00054,0.20290
CVE-2019-18275,0.00065,0.26756
CVE-2019-18276,0.00108,0.43319
CVE-2019-18277,0.00934,0.81377
CVE-2019-18278,0.00051,0.17393
CVE-2019-18279,0.00434,0.72054
CVE-2019-1828,0.00169,0.53942
CVE-2019-18280,0.00112,0.44586
CVE-2019-18281,0.01155,0.83376
CVE-2019-18282,0.00350,0.68986
CVE-2019-18283,0.04464,0.91639
CVE-2019-18284,0.00283,0.65425
CVE-2019-18285,0.00130,0.47841
CVE-2019-18286,0.00085,0.35473
CVE-2019-18287,0.00085,0.35473
CVE-2019-18288,0.00876,0.80722
CVE-2019-18289,0.09575,0.94243
CVE-2019-1829,0.00042,0.05844
CVE-2019-18290,0.00135,0.48733
CVE-2019-18291,0.00135,0.48733
CVE-2019-18292,0.00275,0.64867
CVE-2019-18293,0.09575,0.94243
CVE-2019-18294,0.00135,0.48733
CVE-2019-18295,0.09575,0.94243
CVE-2019-18296,0.09575,0.94243
CVE-2019-18297,0.00042,0.05722
CVE-2019-18298,0.00135,0.48733
CVE-2019-18299,0.00135,0.48733
CVE-2019-1830,0.00114,0.44813
CVE-2019-18300,0.00112,0.44478
CVE-2019-18301,0.00112,0.44478
CVE-2019-18302,0.00112,0.44478
CVE-2019-18303,0.00112,0.44478
CVE-2019-18304,0.00275,0.64867
CVE-2019-18305,0.00275,0.64867
CVE-2019-18306,0.00135,0.48733
CVE-2019-18307,0.00275,0.64867
CVE-2019-18308,0.00042,0.05722
CVE-2019-18309,0.00042,0.05722
CVE-2019-1831,0.00114,0.44821
CVE-2019-18310,0.00097,0.40253
CVE-2019-18311,0.00103,0.41969
CVE-2019-18312,0.00082,0.34065
CVE-2019-18313,0.00857,0.80512
CVE-2019-18314,0.01102,0.82955
CVE-2019-18315,0.01102,0.82955
CVE-2019-18316,0.00773,0.79429
CVE-2019-18317,0.00144,0.50293
CVE-2019-18318,0.00144,0.50293
CVE-2019-18319,0.00144,0.50293
CVE-2019-1832,0.00141,0.49846
CVE-2019-18320,0.00072,0.29675
CVE-2019-18321,0.00127,0.47272
CVE-2019-18322,0.00127,0.47272
CVE-2019-18323,0.01102,0.82955
CVE-2019-18324,0.01102,0.82955
CVE-2019-18325,0.01102,0.82955
CVE-2019-18326,0.01102,0.82955
CVE-2019-18327,0.01102,0.82955
CVE-2019-18328,0.01102,0.82955
CVE-2019-18329,0.01102,0.82955
CVE-2019-1833,0.00114,0.44821
CVE-2019-18330,0.01102,0.82955
CVE-2019-18331,0.00084,0.34791
CVE-2019-18332,0.00082,0.34065
CVE-2019-18333,0.00084,0.34791
CVE-2019-18334,0.00084,0.34791
CVE-2019-18335,0.00084,0.34791
CVE-2019-18336,0.00103,0.41969
CVE-2019-18337,0.01250,0.84124
CVE-2019-18338,0.00251,0.63118
CVE-2019-18339,0.01133,0.83211
CVE-2019-1834,0.00066,0.27296
CVE-2019-18340,0.00042,0.05722
CVE-2019-18341,0.00144,0.50228
CVE-2019-18342,0.00179,0.55189
CVE-2019-18344,0.00172,0.54286
CVE-2019-18345,0.00307,0.66820
CVE-2019-18346,0.01484,0.85487
CVE-2019-18347,0.00163,0.52930
CVE-2019-18348,0.00288,0.65674
CVE-2019-18349,0.00358,0.69353
CVE-2019-1835,0.00044,0.07794
CVE-2019-18350,0.00093,0.38957
CVE-2019-18352,0.00058,0.22795
CVE-2019-18355,0.00222,0.60556
CVE-2019-18356,0.00078,0.32606
CVE-2019-18357,0.00078,0.32606
CVE-2019-18359,0.00277,0.64990
CVE-2019-1836,0.00044,0.07794
CVE-2019-18360,0.00084,0.34791
CVE-2019-18361,0.00042,0.05722
CVE-2019-18362,0.00084,0.34791
CVE-2019-18363,0.00084,0.34791
CVE-2019-18364,0.01279,0.84312
CVE-2019-18365,0.00078,0.32606
CVE-2019-18366,0.00084,0.34791
CVE-2019-18367,0.00084,0.34791
CVE-2019-18368,0.00092,0.38838
CVE-2019-18369,0.00084,0.34791
CVE-2019-1837,0.00125,0.46922
CVE-2019-18370,0.00799,0.79814
CVE-2019-18371,0.02775,0.89599
CVE-2019-18372,0.00070,0.28877
CVE-2019-18373,0.00045,0.11828
CVE-2019-18374,0.00471,0.73085
CVE-2019-18375,0.00154,0.51643
CVE-2019-18376,0.00079,0.32778
CVE-2019-18377,0.00092,0.38678
CVE-2019-18378,0.00054,0.19361
CVE-2019-18379,0.00083,0.34390
CVE-2019-1838,0.00066,0.27429
CVE-2019-18380,0.00062,0.24382
CVE-2019-18381,0.00072,0.29893
CVE-2019-18382,0.00115,0.45086
CVE-2019-18383,0.00202,0.58227
CVE-2019-18384,0.00080,0.33330
CVE-2019-18385,0.00390,0.70613
CVE-2019-18386,0.00103,0.41969
CVE-2019-18387,0.00172,0.54286
CVE-2019-18388,0.00045,0.11966
CVE-2019-18389,0.00071,0.29173
CVE-2019-1839,0.00042,0.05844
CVE-2019-18390,0.00045,0.11966
CVE-2019-18391,0.00050,0.15960
CVE-2019-18393,0.00161,0.52700
CVE-2019-18394,0.63713,0.97588
CVE-2019-18396,0.04613,0.91764
CVE-2019-18397,0.00207,0.58686
CVE-2019-1840,0.00157,0.52083
CVE-2019-18408,0.01177,0.83579
CVE-2019-18409,0.00042,0.05722
CVE-2019-1841,0.00160,0.52654
CVE-2019-18411,0.00102,0.41441
CVE-2019-18412,0.00168,0.53801
CVE-2019-18413,0.00163,0.52970
CVE-2019-18414,0.00112,0.44586
CVE-2019-18415,0.00087,0.36434
CVE-2019-18416,0.00087,0.36434
CVE-2019-18417,0.00131,0.47909
CVE-2019-18418,0.10069,0.94406
CVE-2019-18419,0.00131,0.48045
CVE-2019-1842,0.00067,0.27671
CVE-2019-18420,0.00832,0.80220
CVE-2019-18421,0.00433,0.71998
CVE-2019-18422,0.00662,0.77542
CVE-2019-18423,0.00905,0.81053
CVE-2019-18424,0.00213,0.59404
CVE-2019-18425,0.01390,0.85018
CVE-2019-18426,0.00936,0.81387
CVE-2019-1843,0.00157,0.52083
CVE-2019-1844,0.00114,0.44821
CVE-2019-18446,0.00054,0.20290
CVE-2019-18447,0.00054,0.20290
CVE-2019-18448,0.00064,0.26201
CVE-2019-18449,0.00054,0.20290
CVE-2019-1845,0.00155,0.51759
CVE-2019-18450,0.00054,0.20290
CVE-2019-18451,0.00084,0.35108
CVE-2019-18452,0.00090,0.37972
CVE-2019-18453,0.00054,0.20290
CVE-2019-18454,0.00084,0.35108
CVE-2019-18455,0.00116,0.45451
CVE-2019-18456,0.00090,0.37972
CVE-2019-18457,0.00102,0.41546
CVE-2019-18458,0.00054,0.20290
CVE-2019-18459,0.00090,0.37972
CVE-2019-1846,0.00066,0.27296
CVE-2019-18460,0.00178,0.55045
CVE-2019-18461,0.00054,0.20290
CVE-2019-18462,0.00054,0.20290
CVE-2019-18463,0.00054,0.20290
CVE-2019-18464,0.00151,0.51348
CVE-2019-18465,0.00145,0.50317
CVE-2019-18466,0.00131,0.47988
CVE-2019-1848,0.00063,0.25685
CVE-2019-1849,0.00063,0.25207
CVE-2019-1850,0.00137,0.49043
CVE-2019-1851,0.00080,0.33313
CVE-2019-1852,0.00151,0.51276
CVE-2019-1853,0.00310,0.67017
CVE-2019-1854,0.00279,0.65093
CVE-2019-1855,0.00042,0.05722
CVE-2019-1856,0.00162,0.52928
CVE-2019-18567,0.00042,0.05722
CVE-2019-18568,0.00042,0.05722
CVE-2019-1857,0.00111,0.44148
CVE-2019-18571,0.00052,0.17898
CVE-2019-18572,0.00634,0.76925
CVE-2019-18573,0.00346,0.68782
CVE-2019-18574,0.00054,0.20290
CVE-2019-18575,0.00044,0.10161
CVE-2019-18576,0.00042,0.05722
CVE-2019-18577,0.00042,0.05722
CVE-2019-18578,0.00322,0.67661
CVE-2019-18579,0.00067,0.27804
CVE-2019-1858,0.00160,0.52681
CVE-2019-18580,0.00507,0.74089
CVE-2019-18581,0.00168,0.53570
CVE-2019-18582,0.00133,0.48372
CVE-2019-18588,0.00054,0.20290
CVE-2019-1859,0.00104,0.42231
CVE-2019-1860,0.00170,0.54106
CVE-2019-18601,0.00232,0.61399
CVE-2019-18602,0.00177,0.54953
CVE-2019-18603,0.00152,0.51476
CVE-2019-18604,0.00244,0.62506
CVE-2019-18608,0.00102,0.41475
CVE-2019-18609,0.00665,0.77600
CVE-2019-1861,0.02033,0.87791
CVE-2019-18610,0.77875,0.97983
CVE-2019-18611,0.00065,0.26756
CVE-2019-18612,0.00090,0.37972
CVE-2019-18614,0.00042,0.05722
CVE-2019-18615,0.00065,0.26756
CVE-2019-18618,0.00042,0.05722
CVE-2019-18619,0.00042,0.05722
CVE-2019-1862,0.00303,0.66582
CVE-2019-18622,0.00532,0.74716
CVE-2019-18623,0.00244,0.62506
CVE-2019-18624,0.00604,0.76304
CVE-2019-18625,0.00205,0.58467
CVE-2019-18626,0.00054,0.20290
CVE-2019-18628,0.00061,0.23875
CVE-2019-18629,0.00244,0.62506
CVE-2019-1863,0.00122,0.46402
CVE-2019-18630,0.00168,0.53801
CVE-2019-18631,0.00075,0.30925
CVE-2019-18632,0.00327,0.67945
CVE-2019-18633,0.00327,0.67945
CVE-2019-18634,0.00191,0.56826
CVE-2019-18635,0.00104,0.42236
CVE-2019-18636,0.00145,0.50359
CVE-2019-1864,0.00179,0.55227
CVE-2019-18641,0.00869,0.80631
CVE-2019-18642,0.00209,0.58884
CVE-2019-18643,0.01989,0.87632
CVE-2019-18644,0.00102,0.41475
CVE-2019-18645,0.00044,0.10445
CVE-2019-18646,0.00087,0.36089
CVE-2019-18647,0.00177,0.54965
CVE-2019-18648,0.00054,0.20290
CVE-2019-18649,0.00054,0.20290
CVE-2019-1865,0.00179,0.55227
CVE-2019-18650,0.00073,0.30112
CVE-2019-18651,0.00102,0.41440
CVE-2019-18652,0.00115,0.45113
CVE-2019-18653,0.00096,0.40015
CVE-2019-18654,0.00096,0.40015
CVE-2019-18655,0.00726,0.78706
CVE-2019-18656,0.00078,0.32606
CVE-2019-18657,0.00088,0.36881
CVE-2019-18658,0.00222,0.60556
CVE-2019-18659,0.00162,0.52826
CVE-2019-1866,0.00106,0.42970
CVE-2019-18660,0.00069,0.28486
CVE-2019-18661,0.00718,0.78595
CVE-2019-18662,0.00252,0.63178
CVE-2019-18663,0.00226,0.60916
CVE-2019-18664,0.00053,0.18833
CVE-2019-18665,0.08504,0.93872
CVE-2019-18666,0.01431,0.85227
CVE-2019-18667,0.00118,0.45825
CVE-2019-18668,0.00063,0.25033
CVE-2019-1867,0.02987,0.89917
CVE-2019-18670,0.00096,0.39946
CVE-2019-18671,0.00426,0.71784
CVE-2019-18672,0.00306,0.66744
CVE-2019-18673,0.00096,0.40045
CVE-2019-18674,0.00092,0.38880
CVE-2019-18675,0.00042,0.05722
CVE-2019-18676,0.02481,0.89031
CVE-2019-18677,0.00405,0.71110
CVE-2019-18678,0.01064,0.82645
CVE-2019-18679,0.18530,0.95771
CVE-2019-1868,0.00219,0.59889
CVE-2019-18680,0.00248,0.62790
CVE-2019-18683,0.00044,0.08002
CVE-2019-18684,0.00042,0.05722
CVE-2019-1869,0.00131,0.47932
CVE-2019-1870,0.00156,0.51899
CVE-2019-1871,0.00141,0.49755
CVE-2019-1872,0.00129,0.47561
CVE-2019-1873,0.00157,0.52189
CVE-2019-1874,0.00111,0.44148
CVE-2019-1875,0.00066,0.27429
CVE-2019-1876,0.00126,0.47211
CVE-2019-1877,0.00434,0.72010
CVE-2019-1878,0.00066,0.27279
CVE-2019-18780,0.00398,0.70917
CVE-2019-18781,0.00149,0.50928
CVE-2019-18782,0.00085,0.35201
CVE-2019-18784,0.00152,0.51379
CVE-2019-18785,0.00166,0.53380
CVE-2019-18786,0.00047,0.14180
CVE-2019-1879,0.00042,0.05844
CVE-2019-18790,0.00890,0.80884
CVE-2019-18791,0.00054,0.20290
CVE-2019-18792,0.01478,0.85455
CVE-2019-18793,0.00112,0.44442
CVE-2019-18794,0.00166,0.53294
CVE-2019-18795,0.00166,0.53294
CVE-2019-18796,0.00109,0.43545
CVE-2019-18797,0.00096,0.39969
CVE-2019-18798,0.00096,0.39969
CVE-2019-18799,0.00095,0.39497
CVE-2019-1880,0.00042,0.05722
CVE-2019-18800,0.01026,0.82259
CVE-2019-18801,0.00435,0.72089
CVE-2019-18802,0.00508,0.74124
CVE-2019-18804,0.00542,0.74975
CVE-2019-18805,0.00701,0.78257
CVE-2019-18806,0.00042,0.05722
CVE-2019-18807,0.00224,0.60751
CVE-2019-18808,0.00045,0.11966
CVE-2019-18809,0.00253,0.63225
CVE-2019-1881,0.00099,0.40686
CVE-2019-18810,0.00225,0.60801
CVE-2019-18811,0.00045,0.11966
CVE-2019-18812,0.00297,0.66289
CVE-2019-18813,0.00329,0.68018
CVE-2019-18814,0.00566,0.75477
CVE-2019-18815,0.00105,0.42625
CVE-2019-18816,0.00087,0.36434
CVE-2019-18817,0.00134,0.48563
CVE-2019-18818,0.89835,0.98566
CVE-2019-18819,0.00060,0.23520
CVE-2019-1882,0.00066,0.27429
CVE-2019-18820,0.00060,0.23520
CVE-2019-18821,0.00060,0.23520
CVE-2019-18822,0.00109,0.43614
CVE-2019-18823,0.00271,0.64595
CVE-2019-18824,0.00193,0.57193
CVE-2019-18825,0.00112,0.44406
CVE-2019-18826,0.00150,0.51166
CVE-2019-18827,0.01265,0.84238
CVE-2019-18828,0.00358,0.69318
CVE-2019-18829,0.00193,0.57193
CVE-2019-1883,0.00042,0.05844
CVE-2019-18830,0.02048,0.87847
CVE-2019-18831,0.00123,0.46573
CVE-2019-18832,0.00293,0.66056
CVE-2019-18833,0.00100,0.40983
CVE-2019-18834,0.00144,0.50284
CVE-2019-18835,0.00235,0.61731
CVE-2019-18836,0.00850,0.80417
CVE-2019-18837,0.00228,0.61067
CVE-2019-18838,0.00395,0.70787
CVE-2019-18839,0.00828,0.80164
CVE-2019-1884,0.00101,0.41157
CVE-2019-18840,0.00214,0.59410
CVE-2019-18841,0.00234,0.61537
CVE-2019-18842,0.00087,0.36434
CVE-2019-18844,0.00216,0.59631
CVE-2019-18845,0.00042,0.05722
CVE-2019-18846,0.00244,0.62507
CVE-2019-18847,0.01253,0.84137
CVE-2019-18848,0.00225,0.60844
CVE-2019-18849,0.00076,0.31146
CVE-2019-1885,0.00179,0.55227
CVE-2019-18850,0.00149,0.50995
CVE-2019-18852,0.00621,0.76675
CVE-2019-18853,0.00184,0.55748
CVE-2019-18854,0.00243,0.62374
CVE-2019-18855,0.00219,0.59888
CVE-2019-18856,0.00105,0.42589
CVE-2019-18857,0.00071,0.29313
CVE-2019-18858,0.00296,0.66230
CVE-2019-18859,0.00261,0.63886
CVE-2019-1886,0.00157,0.52189
CVE-2019-18860,0.00233,0.61498
CVE-2019-18862,0.00058,0.21920
CVE-2019-18863,0.00128,0.47518
CVE-2019-18864,0.00305,0.66728
CVE-2019-18865,0.00126,0.47115
CVE-2019-18866,0.00297,0.66294
CVE-2019-18867,0.00327,0.67923
CVE-2019-18868,0.00450,0.72492
CVE-2019-18869,0.00521,0.74438
CVE-2019-1887,0.00226,0.60932
CVE-2019-18870,0.00121,0.46343
CVE-2019-18871,0.00221,0.60395
CVE-2019-18872,0.00102,0.41475
CVE-2019-18873,0.01050,0.82489
CVE-2019-18874,0.00315,0.67298
CVE-2019-1888,0.02050,0.87852
CVE-2019-18881,0.00078,0.32606
CVE-2019-18882,0.00078,0.32606
CVE-2019-18883,0.00291,0.65925
CVE-2019-18884,0.00187,0.56276
CVE-2019-18885,0.00098,0.40434
CVE-2019-18886,0.00167,0.53526
CVE-2019-18887,0.00878,0.80736
CVE-2019-18888,0.00368,0.69780
CVE-2019-18889,0.00610,0.76432
CVE-2019-1889,0.00229,0.61175
CVE-2019-18890,0.00456,0.72679
CVE-2019-18893,0.00087,0.36434
CVE-2019-18894,0.00098,0.40482
CVE-2019-18895,0.00084,0.34867
CVE-2019-18897,0.00042,0.05722
CVE-2019-18898,0.00042,0.05722
CVE-2019-18899,0.00042,0.05722
CVE-2019-1890,0.00068,0.27938
CVE-2019-18900,0.00042,0.05722
CVE-2019-18901,0.00042,0.05722
CVE-2019-18902,0.00552,0.75193
CVE-2019-18903,0.00552,0.75193
CVE-2019-18904,0.00209,0.58861
CVE-2019-18905,0.00130,0.47885
CVE-2019-18906,0.00119,0.45867
CVE-2019-18909,0.00149,0.50930
CVE-2019-1891,0.00159,0.52484
CVE-2019-18910,0.00172,0.54443
CVE-2019-18912,0.00044,0.10161
CVE-2019-18913,0.00089,0.37686
CVE-2019-18914,0.00057,0.21516
CVE-2019-18915,0.00060,0.23714
CVE-2019-18916,0.00044,0.10161
CVE-2019-18917,0.00085,0.35280
CVE-2019-1892,0.00159,0.52484
CVE-2019-18922,0.26248,0.96322
CVE-2019-18923,0.00107,0.43258
CVE-2019-18924,0.00096,0.39991
CVE-2019-18925,0.00222,0.60556
CVE-2019-18926,0.00078,0.32606
CVE-2019-18928,0.00204,0.58391
CVE-2019-18929,0.00089,0.37661
CVE-2019-1893,0.00042,0.05844
CVE-2019-18930,0.00085,0.35511
CVE-2019-18931,0.00138,0.49216
CVE-2019-18932,0.00042,0.05722
CVE-2019-18933,0.00244,0.62506
CVE-2019-18934,0.00435,0.72073
CVE-2019-18935,0.94618,0.99090
CVE-2019-18936,0.00105,0.42589
CVE-2019-18937,0.01292,0.84429
CVE-2019-18938,0.01292,0.84429
CVE-2019-18939,0.01292,0.84429
CVE-2019-1894,0.00236,0.61779
CVE-2019-18942,0.00044,0.10161
CVE-2019-18943,0.00044,0.10456
CVE-2019-18944,0.00044,0.10161
CVE-2019-18945,0.00044,0.10161
CVE-2019-18946,0.00044,0.10161
CVE-2019-18947,0.00044,0.10161
CVE-2019-18948,0.00103,0.41969
CVE-2019-18949,0.00100,0.40833
CVE-2019-1895,0.00490,0.73632
CVE-2019-18951,0.30479,0.96551
CVE-2019-18952,0.02402,0.88852
CVE-2019-18954,0.00117,0.45503
CVE-2019-18955,0.00078,0.32606
CVE-2019-18956,0.02096,0.88006
CVE-2019-18957,0.00375,0.70007
CVE-2019-18958,0.00051,0.17246
CVE-2019-1896,0.00429,0.71873
CVE-2019-18960,0.00818,0.80029
CVE-2019-1897,0.01557,0.85879
CVE-2019-18976,0.06489,0.93064
CVE-2019-18978,0.00402,0.71016
CVE-2019-18979,0.00044,0.10161
CVE-2019-1898,0.07254,0.93419
CVE-2019-18980,0.00190,0.56628
CVE-2019-18981,0.00217,0.59738
CVE-2019-18982,0.00077,0.31640
CVE-2019-18985,0.00217,0.59738
CVE-2019-18986,0.00105,0.42589
CVE-2019-18987,0.00100,0.40897
CVE-2019-18988,0.00358,0.69314
CVE-2019-18989,0.00058,0.22795
CVE-2019-1899,0.01427,0.85199
CVE-2019-18990,0.00058,0.22795
CVE-2019-18991,0.00058,0.22795
CVE-2019-18992,0.00054,0.20290
CVE-2019-18993,0.00054,0.20290
CVE-2019-18994,0.00097,0.40100
CVE-2019-18995,0.00098,0.40513
CVE-2019-18996,0.00072,0.29986
CVE-2019-18997,0.00288,0.65706
CVE-2019-18998,0.00065,0.26756
CVE-2019-1900,0.00105,0.42451
CVE-2019-19000,0.00065,0.26897
CVE-2019-19001,0.00122,0.46455
CVE-2019-19002,0.00049,0.15156
CVE-2019-19003,0.00061,0.23827
CVE-2019-19004,0.00090,0.37806
CVE-2019-19005,0.00111,0.44138
CVE-2019-19006,0.73903,0.97868
CVE-2019-19007,0.00078,0.32769
CVE-2019-1901,0.00107,0.43052
CVE-2019-19010,0.00420,0.71602
CVE-2019-19011,0.00113,0.44658
CVE-2019-19012,0.00968,0.81727
CVE-2019-19013,0.00132,0.48100
CVE-2019-19014,0.00042,0.05722
CVE-2019-19015,0.00509,0.74145
CVE-2019-19016,0.00166,0.53280
CVE-2019-19017,0.00242,0.62306
CVE-2019-19018,0.00058,0.22585
CVE-2019-19019,0.00315,0.67237
CVE-2019-19020,0.00090,0.37809
CVE-2019-19021,0.00244,0.62534
CVE-2019-19022,0.02209,0.88370
CVE-2019-19023,0.00099,0.40777
CVE-2019-19025,0.00154,0.51708
CVE-2019-19026,0.00099,0.40709
CVE-2019-19029,0.00167,0.53404
CVE-2019-1903,0.00405,0.71096
CVE-2019-19030,0.00067,0.27728
CVE-2019-19031,0.01257,0.84169
CVE-2019-19032,0.01257,0.84169
CVE-2019-19033,0.06230,0.92916
CVE-2019-19034,0.07762,0.93584
CVE-2019-19035,0.00124,0.46752
CVE-2019-19036,0.00170,0.54135
CVE-2019-19037,0.00112,0.44491
CVE-2019-19039,0.00068,0.27936
CVE-2019-1904,0.00216,0.59660
CVE-2019-19040,0.00087,0.36434
CVE-2019-19041,0.00199,0.57779
CVE-2019-19043,0.00045,0.11966
CVE-2019-19044,0.00238,0.61971
CVE-2019-19045,0.00045,0.11966
CVE-2019-19046,0.00306,0.66742
CVE-2019-19047,0.00042,0.05722
CVE-2019-19048,0.00404,0.71075
CVE-2019-19049,0.00279,0.65113
CVE-2019-1905,0.00114,0.44821
CVE-2019-19050,0.01559,0.85891
CVE-2019-19051,0.00045,0.11966
CVE-2019-19052,0.01121,0.83116
CVE-2019-19053,0.00257,0.63554
CVE-2019-19054,0.00045,0.11966
CVE-2019-19055,0.00045,0.11966
CVE-2019-19056,0.00045,0.11966
CVE-2019-19057,0.00049,0.15010
CVE-2019-19058,0.00045,0.11966
CVE-2019-19059,0.00045,0.11967
CVE-2019-1906,0.00080,0.33236
CVE-2019-19060,0.00924,0.81273
CVE-2019-19061,0.00348,0.68899
CVE-2019-19062,0.00046,0.13812
CVE-2019-19063,0.00148,0.50871
CVE-2019-19064,0.00235,0.61650
CVE-2019-19065,0.00045,0.11966
CVE-2019-19066,0.00046,0.13778
CVE-2019-19067,0.00045,0.11966
CVE-2019-19068,0.00241,0.62198
CVE-2019-19069,0.00238,0.61971
CVE-2019-1907,0.00152,0.51459
CVE-2019-19070,0.00209,0.58925
CVE-2019-19071,0.01338,0.84696
CVE-2019-19072,0.00045,0.11966
CVE-2019-19073,0.00210,0.58993
CVE-2019-19074,0.01381,0.84973
CVE-2019-19075,0.00985,0.81900
CVE-2019-19076,0.00804,0.79885
CVE-2019-19077,0.00045,0.11966
CVE-2019-19078,0.01307,0.84520
CVE-2019-19079,0.00276,0.64899
CVE-2019-1908,0.00336,0.68395
CVE-2019-19080,0.00256,0.63511
CVE-2019-19081,0.00250,0.63022
CVE-2019-19082,0.00045,0.11966
CVE-2019-19083,0.00045,0.11966
CVE-2019-19084,0.00054,0.20290
CVE-2019-19085,0.00066,0.27429
CVE-2019-19086,0.00051,0.17244
CVE-2019-19087,0.00051,0.17244
CVE-2019-19088,0.00214,0.59510
CVE-2019-19089,0.00098,0.40376
CVE-2019-1909,0.00159,0.52484
CVE-2019-19090,0.00049,0.15156
CVE-2019-19091,0.00049,0.15156
CVE-2019-19092,0.00049,0.15143
CVE-2019-19093,0.00065,0.26897
CVE-2019-19094,0.00096,0.39918
CVE-2019-19095,0.00049,0.15156
CVE-2019-19096,0.00044,0.10161
CVE-2019-19097,0.00131,0.47928
CVE-2019-1910,0.00062,0.24843
CVE-2019-19100,0.00044,0.10161
CVE-2019-19101,0.00070,0.28861
CVE-2019-19102,0.00094,0.39272
CVE-2019-19104,0.00309,0.66976
CVE-2019-19105,0.00044,0.10161
CVE-2019-19106,0.00168,0.53801
CVE-2019-19107,0.00044,0.10161
CVE-2019-19108,0.00119,0.45887
CVE-2019-19109,0.00112,0.44586
CVE-2019-1911,0.00042,0.05722
CVE-2019-19110,0.00058,0.22585
CVE-2019-19111,0.00087,0.36434
CVE-2019-19112,0.00087,0.36434
CVE-2019-19113,0.00212,0.59184
CVE-2019-19115,0.00048,0.14460
CVE-2019-19117,0.02109,0.88040
CVE-2019-19118,0.00125,0.47073
CVE-2019-19119,0.00045,0.12069
CVE-2019-1912,0.00195,0.57442
CVE-2019-19126,0.00042,0.05722
CVE-2019-19127,0.00677,0.77877
CVE-2019-19129,0.00076,0.31163
CVE-2019-1913,0.00788,0.79620
CVE-2019-19133,0.01537,0.85780
CVE-2019-19134,0.00203,0.58321
CVE-2019-19135,0.00128,0.47518
CVE-2019-19138,0.00079,0.33063
CVE-2019-1914,0.00109,0.43510
CVE-2019-19141,0.01114,0.83050
CVE-2019-19142,0.01469,0.85420
CVE-2019-19143,0.00347,0.68851
CVE-2019-19148,0.00689,0.78071
CVE-2019-1915,0.00077,0.31679
CVE-2019-19150,0.00065,0.26756
CVE-2019-19151,0.00044,0.10161
CVE-2019-19160,0.00124,0.46813
CVE-2019-19161,0.00104,0.42274
CVE-2019-19162,0.00085,0.35342
CVE-2019-19163,0.00099,0.40759
CVE-2019-19164,0.00508,0.74121
CVE-2019-19165,0.00104,0.42231
CVE-2019-19166,0.00355,0.69218
CVE-2019-19167,0.03650,0.90833
CVE-2019-19168,0.03650,0.90833
CVE-2019-19169,0.03650,0.90833
CVE-2019-1917,0.00153,0.51566
CVE-2019-1918,0.00062,0.24843
CVE-2019-1919,0.00042,0.05722
CVE-2019-19191,0.00097,0.40150
CVE-2019-19192,0.00058,0.21949
CVE-2019-19193,0.00066,0.27274
CVE-2019-19194,0.00108,0.43507
CVE-2019-19195,0.00066,0.27274
CVE-2019-19196,0.00088,0.37043
CVE-2019-19197,0.00048,0.14788
CVE-2019-19198,0.00224,0.60794
CVE-2019-19199,0.00229,0.61166
CVE-2019-1920,0.00059,0.22836
CVE-2019-19200,0.14140,0.95216
CVE-2019-19202,0.00109,0.43614
CVE-2019-19203,0.00601,0.76224
CVE-2019-19204,0.00739,0.78891
CVE-2019-19206,0.00054,0.19275
CVE-2019-19207,0.00128,0.47461
CVE-2019-19208,0.33927,0.96693
CVE-2019-19209,0.00183,0.55673
CVE-2019-1921,0.00140,0.49661
CVE-2019-19210,0.00062,0.24442
CVE-2019-19211,0.00102,0.41292
CVE-2019-19212,0.00609,0.76388
CVE-2019-19215,0.00392,0.70719
CVE-2019-19216,0.00104,0.42231
CVE-2019-19217,0.00162,0.52917
CVE-2019-19218,0.00168,0.53801
CVE-2019-19219,0.00168,0.53801
CVE-2019-1922,0.00159,0.52484
CVE-2019-19220,0.00162,0.52917
CVE-2019-19221,0.00076,0.31146
CVE-2019-19222,0.00076,0.31288
CVE-2019-19223,0.00145,0.50324
CVE-2019-19224,0.00099,0.40697
CVE-2019-19225,0.00099,0.40697
CVE-2019-19226,0.00099,0.40697
CVE-2019-19227,0.00046,0.13778
CVE-2019-19228,0.20552,0.95959
CVE-2019-19229,0.01471,0.85428
CVE-2019-1923,0.00044,0.10161
CVE-2019-19230,0.01795,0.86835
CVE-2019-19231,0.00042,0.05722
CVE-2019-19232,0.00542,0.74974
CVE-2019-19234,0.00542,0.74974
CVE-2019-19235,0.00054,0.19411
CVE-2019-1924,0.00072,0.29986
CVE-2019-19240,0.00248,0.62837
CVE-2019-19241,0.00080,0.33246
CVE-2019-19242,0.00126,0.47092
CVE-2019-19244,0.00118,0.45722
CVE-2019-19245,0.01086,0.82831
CVE-2019-19246,0.00453,0.72600
CVE-2019-19247,0.00044,0.10161
CVE-2019-19248,0.00044,0.10161
CVE-2019-19249,0.00244,0.62506
CVE-2019-1925,0.00072,0.29986
CVE-2019-19250,0.00138,0.49278
CVE-2019-19251,0.00084,0.34791
CVE-2019-19252,0.00045,0.11966
CVE-2019-19254,0.00119,0.45884
CVE-2019-19255,0.00051,0.17244
CVE-2019-19256,0.00085,0.35201
CVE-2019-19257,0.00085,0.35201
CVE-2019-19258,0.00085,0.35201
CVE-2019-19259,0.00051,0.17244
CVE-2019-1926,0.00072,0.29986
CVE-2019-19260,0.00051,0.17244
CVE-2019-19261,0.00220,0.59957
CVE-2019-19262,0.00063,0.25575
CVE-2019-19263,0.00051,0.17244
CVE-2019-19264,0.04082,0.91306
CVE-2019-19265,0.00144,0.50222
CVE-2019-19266,0.00074,0.30642
CVE-2019-19269,0.00235,0.61617
CVE-2019-1927,0.00072,0.29986
CVE-2019-19270,0.00291,0.65925
CVE-2019-19271,0.00084,0.34791
CVE-2019-19272,0.00102,0.41309
CVE-2019-19273,0.00051,0.17393
CVE-2019-19274,0.00321,0.67606
CVE-2019-19275,0.00321,0.67606
CVE-2019-19276,0.00092,0.38838
CVE-2019-19277,0.00141,0.49722
CVE-2019-19278,0.00069,0.28551
CVE-2019-19279,0.00103,0.41969
CVE-2019-1928,0.00072,0.29986
CVE-2019-19281,0.00124,0.46824
CVE-2019-19282,0.00103,0.41969
CVE-2019-19283,0.00084,0.34791
CVE-2019-19284,0.00054,0.20290
CVE-2019-19285,0.00054,0.20290
CVE-2019-19286,0.00077,0.31948
CVE-2019-19287,0.00057,0.21513
CVE-2019-19288,0.00078,0.32606
CVE-2019-19289,0.00064,0.26498
CVE-2019-1929,0.00072,0.29986
CVE-2019-19290,0.00291,0.65920
CVE-2019-19291,0.00142,0.49899
CVE-2019-19292,0.00099,0.40746
CVE-2019-19293,0.00166,0.53325
CVE-2019-19294,0.00074,0.30745
CVE-2019-19295,0.00082,0.34183
CVE-2019-19296,0.00135,0.48683
CVE-2019-19297,0.00329,0.68008
CVE-2019-19298,0.00215,0.59596
CVE-2019-19299,0.00279,0.65084
CVE-2019-1930,0.00151,0.51276
CVE-2019-19300,0.00103,0.41969
CVE-2019-19301,0.00103,0.41969
CVE-2019-19306,0.00127,0.47255
CVE-2019-19307,0.43413,0.97032
CVE-2019-19308,0.00065,0.27141
CVE-2019-19309,0.00051,0.17244
CVE-2019-1931,0.00151,0.51276
CVE-2019-19310,0.00060,0.23276
CVE-2019-19311,0.00063,0.25575
CVE-2019-19312,0.00127,0.47255
CVE-2019-19313,0.00259,0.63683
CVE-2019-19314,0.00291,0.65914
CVE-2019-19315,0.00051,0.17393
CVE-2019-19316,0.00168,0.53801
CVE-2019-19317,0.00223,0.60668
CVE-2019-19318,0.00054,0.20307
CVE-2019-19319,0.00099,0.40740
CVE-2019-1932,0.00042,0.05722
CVE-2019-19324,0.00071,0.29313
CVE-2019-19325,0.00078,0.32606
CVE-2019-19326,0.00084,0.34791
CVE-2019-19327,0.00130,0.47870
CVE-2019-19328,0.00130,0.47870
CVE-2019-19329,0.00229,0.61125
CVE-2019-1933,0.00122,0.46381
CVE-2019-19330,0.01557,0.85879
CVE-2019-19331,0.00155,0.51758
CVE-2019-19332,0.00065,0.27014
CVE-2019-19333,0.00364,0.69564
CVE-2019-19334,0.00338,0.68458
CVE-2019-19335,0.00044,0.10161
CVE-2019-19336,0.00078,0.32606
CVE-2019-19337,0.00085,0.35242
CVE-2019-19338,0.00048,0.14643
CVE-2019-19339,0.00044,0.10161
CVE-2019-1934,0.00190,0.56655
CVE-2019-19340,0.00197,0.57687
CVE-2019-19341,0.00044,0.10161
CVE-2019-19342,0.00081,0.33686
CVE-2019-19343,0.00209,0.58926
CVE-2019-19344,0.00384,0.70392
CVE-2019-19345,0.00044,0.10161
CVE-2019-19346,0.00044,0.10161
CVE-2019-19348,0.00044,0.10161
CVE-2019-19349,0.00048,0.14460
CVE-2019-1935,0.95819,0.99321
CVE-2019-19350,0.00048,0.14460
CVE-2019-19351,0.00044,0.10161
CVE-2019-19352,0.00044,0.10161
CVE-2019-19353,0.00091,0.38126
CVE-2019-19354,0.00044,0.10161
CVE-2019-19355,0.00044,0.10161
CVE-2019-19356,0.95969,0.99354
CVE-2019-1936,0.02611,0.89278
CVE-2019-19362,0.00066,0.27172
CVE-2019-19363,0.00070,0.28989
CVE-2019-19364,0.00091,0.38161
CVE-2019-19366,0.00107,0.43258
CVE-2019-19367,0.00107,0.43258
CVE-2019-19368,0.00624,0.76744
CVE-2019-1937,0.44696,0.97070
CVE-2019-19370,0.00086,0.35733
CVE-2019-19371,0.00102,0.41437
CVE-2019-19372,0.00286,0.65580
CVE-2019-19373,0.00528,0.74610
CVE-2019-19374,0.01551,0.85845
CVE-2019-19375,0.00061,0.23932
CVE-2019-19376,0.00075,0.30965
CVE-2019-19377,0.00231,0.61344
CVE-2019-19378,0.00083,0.34396
CVE-2019-19379,0.00084,0.34791
CVE-2019-1938,0.00160,0.52680
CVE-2019-19381,0.00076,0.31249
CVE-2019-19382,0.00042,0.05722
CVE-2019-19383,0.00101,0.41103
CVE-2019-19384,0.00107,0.43258
CVE-2019-19385,0.00107,0.43258
CVE-2019-19386,0.00107,0.43258
CVE-2019-19387,0.00107,0.43258
CVE-2019-19388,0.00107,0.43258
CVE-2019-19389,0.00129,0.47626
CVE-2019-1939,0.00644,0.77128
CVE-2019-19390,0.00058,0.22585
CVE-2019-19391,0.00168,0.53801
CVE-2019-19392,0.00838,0.80282
CVE-2019-19393,0.00084,0.35108
CVE-2019-19394,0.00078,0.32606
CVE-2019-19396,0.00116,0.45451
CVE-2019-19397,0.00168,0.53801
CVE-2019-19398,0.00252,0.63183
CVE-2019-1940,0.00105,0.42479
CVE-2019-1941,0.00156,0.51899
CVE-2019-19411,0.00078,0.32743
CVE-2019-19412,0.00058,0.22795
CVE-2019-19413,0.00206,0.58643
CVE-2019-19414,0.00206,0.58643
CVE-2019-19415,0.00215,0.59596
CVE-2019-19416,0.00215,0.59596
CVE-2019-19417,0.00215,0.59596
CVE-2019-1942,0.00080,0.33236
CVE-2019-1943,0.03526,0.90683
CVE-2019-1944,0.00042,0.05722
CVE-2019-19441,0.00070,0.29068
CVE-2019-19447,0.00278,0.65026
CVE-2019-19448,0.00119,0.45956
CVE-2019-19449,0.00083,0.34396
CVE-2019-1945,0.00042,0.05722
CVE-2019-19450,0.00341,0.68598
CVE-2019-19451,0.00042,0.05722
CVE-2019-19452,0.00042,0.05722
CVE-2019-19453,0.00063,0.25033
CVE-2019-19454,0.00160,0.52651
CVE-2019-19455,0.00042,0.05722
CVE-2019-19456,0.00098,0.40398
CVE-2019-19457,0.00286,0.65551
CVE-2019-19458,0.01622,0.86191
CVE-2019-19459,0.03343,0.90452
CVE-2019-1946,0.00126,0.47213
CVE-2019-19460,0.00060,0.23520
CVE-2019-19461,0.00054,0.20290
CVE-2019-19462,0.00044,0.08000
CVE-2019-19463,0.00084,0.34791
CVE-2019-19464,0.00084,0.34791
CVE-2019-19466,0.00112,0.44327
CVE-2019-19468,0.00212,0.59261
CVE-2019-19469,0.00060,0.23271
CVE-2019-1947,0.00160,0.52602
CVE-2019-19470,0.00044,0.10366
CVE-2019-19475,0.00117,0.45532
CVE-2019-19479,0.00049,0.15164
CVE-2019-1948,0.00126,0.47159
CVE-2019-19480,0.00094,0.39339
CVE-2019-19481,0.00190,0.56654
CVE-2019-19484,0.00078,0.32606
CVE-2019-19486,0.00093,0.39033
CVE-2019-19487,0.00749,0.79040
CVE-2019-19489,0.00106,0.42996
CVE-2019-1949,0.00066,0.27429
CVE-2019-19490,0.00079,0.33088
CVE-2019-19491,0.00148,0.50841
CVE-2019-19492,0.14678,0.95292
CVE-2019-19493,0.00197,0.57591
CVE-2019-19494,0.15168,0.95358
CVE-2019-19495,0.03213,0.90259
CVE-2019-19496,0.00053,0.18833
CVE-2019-19497,0.00053,0.18833
CVE-2019-19499,0.00069,0.28474
CVE-2019-1950,0.00067,0.27804
CVE-2019-19500,0.00201,0.58116
CVE-2019-19501,0.00042,0.05722
CVE-2019-19502,0.00697,0.78209
CVE-2019-19505,0.00215,0.59554
CVE-2019-19506,0.00140,0.49601
CVE-2019-19507,0.00115,0.45133
CVE-2019-19509,0.96297,0.99438
CVE-2019-1951,0.00129,0.47591
CVE-2019-19513,0.00514,0.74250
CVE-2019-19514,0.00058,0.22585
CVE-2019-19515,0.00087,0.36434
CVE-2019-19516,0.00099,0.40585
CVE-2019-19517,0.00112,0.44586
CVE-2019-19518,0.00648,0.77195
CVE-2019-19519,0.00043,0.07658
CVE-2019-1952,0.00044,0.07794
CVE-2019-19520,0.00043,0.07658
CVE-2019-19521,0.01468,0.85419
CVE-2019-19522,0.00043,0.07658
CVE-2019-19523,0.00162,0.52900
CVE-2019-19524,0.00252,0.63211
CVE-2019-19525,0.00099,0.40578
CVE-2019-19526,0.00103,0.41624
CVE-2019-19527,0.00191,0.56786
CVE-2019-19528,0.00127,0.47368
CVE-2019-19529,0.00047,0.14023
CVE-2019-1953,0.00150,0.51195
CVE-2019-19530,0.00162,0.52900
CVE-2019-19531,0.00188,0.56316
CVE-2019-19532,0.00317,0.67419
CVE-2019-19533,0.00194,0.57332
CVE-2019-19534,0.00321,0.67640
CVE-2019-19535,0.00115,0.45157
CVE-2019-19536,0.00245,0.62620
CVE-2019-19537,0.00182,0.55565
CVE-2019-19538,0.00217,0.59734
CVE-2019-19539,0.00044,0.10161
CVE-2019-1954,0.00123,0.46665
CVE-2019-19540,0.00087,0.36434
CVE-2019-19541,0.00058,0.22585
CVE-2019-19542,0.00058,0.22585
CVE-2019-19543,0.00042,0.05722
CVE-2019-19544,0.00042,0.05722
CVE-2019-19545,0.00072,0.29893
CVE-2019-19546,0.00065,0.26756
CVE-2019-19547,0.00098,0.40363
CVE-2019-19548,0.00044,0.10161
CVE-2019-1955,0.00140,0.49661
CVE-2019-19550,0.01097,0.82924
CVE-2019-19551,0.00054,0.20290
CVE-2019-19552,0.00054,0.20290
CVE-2019-19553,0.00429,0.71869
CVE-2019-19555,0.00082,0.34070
CVE-2019-19556,0.00083,0.34304
CVE-2019-19557,0.00065,0.26916
CVE-2019-1956,0.00066,0.27429
CVE-2019-19560,0.00083,0.34304
CVE-2019-19561,0.00065,0.26916
CVE-2019-19562,0.00083,0.34304
CVE-2019-19563,0.00065,0.26916
CVE-2019-1957,0.00159,0.52484
CVE-2019-19576,0.38703,0.96884
CVE-2019-19577,0.00045,0.11966
CVE-2019-19578,0.00045,0.11966
CVE-2019-19579,0.00317,0.67419
CVE-2019-1958,0.00113,0.44710
CVE-2019-19580,0.00297,0.66274
CVE-2019-19581,0.00045,0.11966
CVE-2019-19582,0.00045,0.11966
CVE-2019-19583,0.00363,0.69555
CVE-2019-19585,0.00166,0.53296
CVE-2019-19587,0.00078,0.32606
CVE-2019-19588,0.00140,0.49601
CVE-2019-19589,0.00352,0.69049
CVE-2019-1959,0.00042,0.05844
CVE-2019-19590,0.02394,0.88830
CVE-2019-19592,0.00105,0.42625
CVE-2019-19594,0.01213,0.83847
CVE-2019-19595,0.01213,0.83847
CVE-2019-19596,0.00058,0.22585
CVE-2019-19597,0.00351,0.69045
CVE-2019-19598,0.00100,0.40969
CVE-2019-1960,0.00042,0.05844
CVE-2019-19601,0.00142,0.49979
CVE-2019-19602,0.00080,0.33351
CVE-2019-19603,0.00324,0.67767
CVE-2019-19604,0.00175,0.54684
CVE-2019-19605,0.00865,0.80585
CVE-2019-19606,0.00379,0.70192
CVE-2019-19607,0.00274,0.64765
CVE-2019-19608,0.00274,0.64765
CVE-2019-19609,0.09646,0.94264
CVE-2019-1961,0.00148,0.50755
CVE-2019-19610,0.00133,0.48340
CVE-2019-19611,0.00168,0.53801
CVE-2019-19612,0.00063,0.25033
CVE-2019-19613,0.00108,0.43446
CVE-2019-19614,0.00186,0.56037
CVE-2019-19615,0.00054,0.20290
CVE-2019-19616,0.00054,0.20290
CVE-2019-19617,0.00190,0.56662
CVE-2019-19619,0.00071,0.29281
CVE-2019-1962,0.00159,0.52484
CVE-2019-19620,0.00042,0.05722
CVE-2019-19624,0.00117,0.45503
CVE-2019-19625,0.00091,0.38064
CVE-2019-19627,0.00257,0.63603
CVE-2019-19628,0.02215,0.88387
CVE-2019-19629,0.00178,0.55045
CVE-2019-1963,0.00101,0.41157
CVE-2019-19630,0.00076,0.31201
CVE-2019-19631,0.00114,0.44989
CVE-2019-19632,0.00077,0.32058
CVE-2019-19634,0.00568,0.75511
CVE-2019-19635,0.00250,0.62982
CVE-2019-19636,0.00222,0.60556
CVE-2019-19637,0.00222,0.60556
CVE-2019-19638,0.00250,0.62982
CVE-2019-1964,0.00159,0.52484
CVE-2019-19642,0.00859,0.80526
CVE-2019-19643,0.00140,0.49601
CVE-2019-19645,0.00092,0.38803
CVE-2019-19646,0.01350,0.84764
CVE-2019-19647,0.00284,0.65440
CVE-2019-19648,0.00224,0.60766
CVE-2019-19649,0.05259,0.92308
CVE-2019-1965,0.00110,0.43929
CVE-2019-19650,0.00273,0.64698
CVE-2019-19659,0.00098,0.40438
CVE-2019-1966,0.00042,0.05722
CVE-2019-19660,0.00053,0.19056
CVE-2019-19661,0.00084,0.35108
CVE-2019-19662,0.00053,0.19056
CVE-2019-19663,0.00053,0.19056
CVE-2019-19664,0.00069,0.28561
CVE-2019-19665,0.00053,0.19056
CVE-2019-19666,0.00053,0.19056
CVE-2019-19667,0.00069,0.28561
CVE-2019-19668,0.00053,0.19056
CVE-2019-19669,0.00053,0.19056
CVE-2019-1967,0.00159,0.52484
CVE-2019-19670,0.00094,0.39334
CVE-2019-19675,0.00044,0.10161
CVE-2019-19676,0.00199,0.57916
CVE-2019-19677,0.00058,0.22585
CVE-2019-19678,0.00072,0.29718
CVE-2019-19679,0.00072,0.29718
CVE-2019-1968,0.00105,0.42451
CVE-2019-19680,0.00220,0.59957
CVE-2019-19681,0.00666,0.77617
CVE-2019-19682,0.00058,0.22585
CVE-2019-19683,0.00116,0.45288
CVE-2019-19684,0.00109,0.43614
CVE-2019-19685,0.00112,0.44586
CVE-2019-19687,0.01818,0.86935
CVE-2019-19688,0.00063,0.25378
CVE-2019-19689,0.00063,0.25378
CVE-2019-1969,0.00136,0.49013
CVE-2019-19690,0.00308,0.66926
CVE-2019-19691,0.00065,0.26756
CVE-2019-19692,0.00078,0.32606
CVE-2019-19693,0.00065,0.26793
CVE-2019-19694,0.00042,0.05722
CVE-2019-19695,0.00084,0.34791
CVE-2019-19696,0.00045,0.12069
CVE-2019-19697,0.00138,0.49365
CVE-2019-19698,0.00112,0.44348
CVE-2019-19699,0.01359,0.84849
CVE-2019-1970,0.00092,0.38867
CVE-2019-19702,0.00225,0.60869
CVE-2019-19703,0.00105,0.42625
CVE-2019-19704,0.00178,0.55045
CVE-2019-19705,0.00054,0.20300
CVE-2019-19707,0.00103,0.41969
CVE-2019-19708,0.00112,0.44327
CVE-2019-19709,0.00424,0.71728
CVE-2019-1971,0.00195,0.57464
CVE-2019-19712,0.00090,0.37972
CVE-2019-19714,0.00090,0.37972
CVE-2019-19719,0.00127,0.47321
CVE-2019-1972,0.00042,0.05722
CVE-2019-19720,0.00213,0.59286
CVE-2019-19721,0.00431,0.71902
CVE-2019-19722,0.00558,0.75292
CVE-2019-19724,0.00303,0.66567
CVE-2019-19725,0.00564,0.75444
CVE-2019-19726,0.00056,0.20753
CVE-2019-19727,0.00045,0.12069
CVE-2019-19728,0.00537,0.74849
CVE-2019-19729,0.00115,0.45133
CVE-2019-1973,0.00066,0.27429
CVE-2019-19731,0.04086,0.91311
CVE-2019-19732,0.00091,0.38618
CVE-2019-19733,0.00096,0.40015
CVE-2019-19734,0.00091,0.38618
CVE-2019-19735,0.00379,0.70203
CVE-2019-19736,0.00078,0.32606
CVE-2019-19737,0.00073,0.30112
CVE-2019-19738,0.00096,0.40015
CVE-2019-19739,0.00168,0.53801
CVE-2019-1974,0.00668,0.77668
CVE-2019-19740,0.10936,0.94624
CVE-2019-19741,0.00042,0.05722
CVE-2019-19742,0.00957,0.81619
CVE-2019-19743,0.00421,0.71650
CVE-2019-19745,0.00099,0.40756
CVE-2019-19746,0.00152,0.51452
CVE-2019-19747,0.00420,0.71627
CVE-2019-19748,0.00101,0.41135
CVE-2019-1975,0.00123,0.46665
CVE-2019-19750,0.00222,0.60556
CVE-2019-19756,0.00044,0.10161
CVE-2019-19757,0.00054,0.20290
CVE-2019-19758,0.00123,0.46665
CVE-2019-1976,0.00160,0.52680
CVE-2019-19766,0.00149,0.50995
CVE-2019-19767,0.00215,0.59547
CVE-2019-19768,0.00981,0.81855
CVE-2019-19769,0.00045,0.11966
CVE-2019-1977,0.00159,0.52484
CVE-2019-19770,0.00226,0.60901
CVE-2019-19771,0.00220,0.59957
CVE-2019-19772,0.00054,0.20290
CVE-2019-19773,0.00054,0.20290
CVE-2019-19774,0.03456,0.90605
CVE-2019-19775,0.00084,0.35108
CVE-2019-19777,0.00249,0.62941
CVE-2019-19778,0.00249,0.62941
CVE-2019-1978,0.00919,0.81218
CVE-2019-19781,0.97500,0.99977
CVE-2019-19782,0.00507,0.74088
CVE-2019-19783,0.00117,0.45554
CVE-2019-19785,0.00107,0.43244
CVE-2019-19786,0.00107,0.43244
CVE-2019-19787,0.00107,0.43244
CVE-2019-19788,0.00044,0.10161
CVE-2019-19789,0.00080,0.33275
CVE-2019-19790,0.00919,0.81215
CVE-2019-19791,0.00091,0.38380
CVE-2019-19792,0.00042,0.05722
CVE-2019-19793,0.00669,0.77687
CVE-2019-19794,0.00191,0.56759
CVE-2019-19795,0.00085,0.35231
CVE-2019-19796,0.00085,0.35231
CVE-2019-19797,0.00089,0.37261
CVE-2019-19799,0.00588,0.75987
CVE-2019-1980,0.00126,0.47213
CVE-2019-19800,0.00385,0.70402
CVE-2019-19801,0.00044,0.10161
CVE-2019-19802,0.00065,0.26756
CVE-2019-19805,0.00084,0.34791
CVE-2019-19806,0.00084,0.34791
CVE-2019-19807,0.00096,0.39796
CVE-2019-1981,0.00129,0.47591
CVE-2019-19810,0.00553,0.75202
CVE-2019-19813,0.00073,0.30268
CVE-2019-19814,0.00083,0.34396
CVE-2019-19815,0.00112,0.44491
CVE-2019-19816,0.00119,0.45956
CVE-2019-19817,0.00060,0.23749
CVE-2019-19818,0.00111,0.44151
CVE-2019-19819,0.00060,0.23749
CVE-2019-1982,0.00129,0.47591
CVE-2019-19820,0.00048,0.14788
CVE-2019-19821,0.00112,0.44333
CVE-2019-19822,0.01580,0.85994
CVE-2019-19823,0.00744,0.78969
CVE-2019-19824,0.96343,0.99457
CVE-2019-19825,0.00774,0.79431
CVE-2019-19826,0.00335,0.68347
CVE-2019-19829,0.00050,0.16830
CVE-2019-1983,0.00150,0.51188
CVE-2019-19830,0.00253,0.63226
CVE-2019-19832,0.00132,0.48100
CVE-2019-19833,0.96824,0.99628
CVE-2019-19834,0.00809,0.79940
CVE-2019-19835,0.00394,0.70765
CVE-2019-19836,0.04840,0.91994
CVE-2019-19837,0.00209,0.58881
CVE-2019-19838,0.01347,0.84752
CVE-2019-19839,0.01347,0.84752
CVE-2019-1984,0.00107,0.43162
CVE-2019-19840,0.04237,0.91444
CVE-2019-19841,0.01347,0.84752
CVE-2019-19842,0.01347,0.84752
CVE-2019-19843,0.00399,0.70937
CVE-2019-19844,0.19474,0.95876
CVE-2019-19845,0.00151,0.51324
CVE-2019-19846,0.00196,0.57515
CVE-2019-19847,0.00275,0.64824
CVE-2019-19848,0.00180,0.55309
CVE-2019-19849,0.00102,0.41389
CVE-2019-1985,0.00042,0.05722
CVE-2019-19850,0.00087,0.36089
CVE-2019-19851,0.00054,0.20290
CVE-2019-19852,0.00054,0.20290
CVE-2019-19854,0.00073,0.30112
CVE-2019-19855,0.00050,0.16378
CVE-2019-19856,0.00050,0.16378
CVE-2019-19857,0.00072,0.29675
CVE-2019-19858,0.00050,0.16378
CVE-2019-19859,0.00084,0.34791
CVE-2019-1986,0.00125,0.47080
CVE-2019-19865,0.00084,0.35108
CVE-2019-19866,0.00503,0.73980
CVE-2019-19869,0.00084,0.34791
CVE-2019-1987,0.00063,0.25046
CVE-2019-19872,0.00280,0.65138
CVE-2019-19873,0.00165,0.53166
CVE-2019-19874,0.00384,0.70380
CVE-2019-19875,0.00280,0.65138
CVE-2019-19876,0.00138,0.49278
CVE-2019-19877,0.00096,0.39991
CVE-2019-19878,0.00165,0.53166
CVE-2019-19879,0.00106,0.42944
CVE-2019-1988,0.00135,0.48698
CVE-2019-19880,0.01072,0.82717
CVE-2019-19882,0.00042,0.05722
CVE-2019-19885,0.00201,0.58005
CVE-2019-19886,0.00360,0.69420
CVE-2019-19887,0.00095,0.39497
CVE-2019-19888,0.00096,0.39969
CVE-2019-19889,0.00414,0.71442
CVE-2019-1989,0.00105,0.42527
CVE-2019-19890,0.00485,0.73517
CVE-2019-19891,0.00081,0.33897
CVE-2019-19893,0.00843,0.80346
CVE-2019-19894,0.00044,0.10445
CVE-2019-19895,0.00051,0.17393
CVE-2019-19896,0.00421,0.71663
CVE-2019-19897,0.01504,0.85617
CVE-2019-19898,0.00485,0.73517
CVE-2019-19899,0.00452,0.72564
CVE-2019-1990,0.00105,0.42527
CVE-2019-19900,0.00054,0.20290
CVE-2019-19901,0.00054,0.20290
CVE-2019-19902,0.00096,0.39789
CVE-2019-19903,0.00054,0.20290
CVE-2019-19905,0.00383,0.70338
CVE-2019-19906,0.00650,0.77260
CVE-2019-19907,0.00418,0.71539
CVE-2019-19908,0.00673,0.77764
CVE-2019-19909,0.00502,0.73947
CVE-2019-1991,0.00129,0.47679
CVE-2019-19910,0.00084,0.35108
CVE-2019-19911,0.00164,0.53077
CVE-2019-19912,0.00060,0.23368
CVE-2019-19913,0.00072,0.29610
CVE-2019-19915,0.00203,0.58346
CVE-2019-19916,0.00166,0.53370
CVE-2019-19917,0.00115,0.45014
CVE-2019-19918,0.00148,0.50740
CVE-2019-19919,0.00922,0.81254
CVE-2019-1992,0.00202,0.58144
CVE-2019-19920,0.00167,0.53407
CVE-2019-19921,0.00046,0.13778
CVE-2019-19922,0.00155,0.51815
CVE-2019-19923,0.01072,0.82717
CVE-2019-19924,0.00087,0.35913
CVE-2019-19925,0.01513,0.85657
CVE-2019-19926,0.01401,0.85073
CVE-2019-19927,0.00090,0.37695
CVE-2019-19929,0.00296,0.66215
CVE-2019-1993,0.00043,0.07409
CVE-2019-19930,0.00096,0.39969
CVE-2019-19931,0.00232,0.61413
CVE-2019-19935,0.00889,0.80880
CVE-2019-19937,0.00231,0.61300
CVE-2019-1994,0.00185,0.55863
CVE-2019-19940,0.00298,0.66336
CVE-2019-19941,0.00072,0.29718
CVE-2019-19942,0.00228,0.61094
CVE-2019-19943,0.02557,0.89163
CVE-2019-19944,0.00096,0.39969
CVE-2019-19945,0.00116,0.45451
CVE-2019-19946,0.00069,0.28474
CVE-2019-19947,0.00410,0.71279
CVE-2019-19948,0.00945,0.81486
CVE-2019-19949,0.00330,0.68125
CVE-2019-1995,0.00042,0.05722
CVE-2019-19950,0.00716,0.78523
CVE-2019-19951,0.01223,0.83924
CVE-2019-19952,0.00465,0.72921
CVE-2019-19953,0.00310,0.66997
CVE-2019-19954,0.00042,0.05722
CVE-2019-19956,0.00437,0.72147
CVE-2019-19957,0.00096,0.39969
CVE-2019-19958,0.00096,0.39969
CVE-2019-19959,0.00182,0.55597
CVE-2019-1996,0.00063,0.25203
CVE-2019-19960,0.00071,0.29313
CVE-2019-19962,0.00186,0.56037
CVE-2019-19963,0.00071,0.29313
CVE-2019-19964,0.00082,0.34183
CVE-2019-19965,0.00063,0.25680
CVE-2019-19966,0.00089,0.37682
CVE-2019-19967,0.00414,0.71442
CVE-2019-19968,0.00058,0.22585
CVE-2019-1997,0.00119,0.46038
CVE-2019-19977,0.00987,0.81918
CVE-2019-19979,0.00372,0.69917
CVE-2019-1998,0.00042,0.05722
CVE-2019-19980,0.00053,0.18833
CVE-2019-19981,0.00092,0.38758
CVE-2019-19982,0.00078,0.32099
CVE-2019-19983,0.00053,0.18833
CVE-2019-19984,0.00074,0.30525
CVE-2019-19985,0.16771,0.95569
CVE-2019-19986,0.00205,0.58502
CVE-2019-19987,0.00113,0.44728
CVE-2019-19988,0.00511,0.74189
CVE-2019-19989,0.00235,0.61671
CVE-2019-1999,0.00098,0.40507
CVE-2019-19990,0.00082,0.33983
CVE-2019-19991,0.00082,0.33983
CVE-2019-19992,0.00151,0.51333
CVE-2019-19993,0.00137,0.49078
CVE-2019-19994,0.01974,0.87576
CVE-2019-19995,0.00073,0.30112
CVE-2019-19996,0.00217,0.59779
CVE-2019-19998,0.00414,0.71442
CVE-2019-19999,0.00980,0.81847
CVE-2019-2000,0.00060,0.23714
CVE-2019-20000,0.00102,0.41475
CVE-2019-20001,0.00044,0.10161
CVE-2019-20002,0.00063,0.25378
CVE-2019-20003,0.00112,0.44327
CVE-2019-20004,0.00220,0.59957
CVE-2019-20005,0.00079,0.33078
CVE-2019-20006,0.00115,0.45086
CVE-2019-20007,0.00130,0.47837
CVE-2019-20008,0.00062,0.24442
CVE-2019-20009,0.00124,0.46807
CVE-2019-2001,0.00042,0.05722
CVE-2019-20010,0.00268,0.64412
CVE-2019-20011,0.00268,0.64412
CVE-2019-20012,0.00122,0.46448
CVE-2019-20013,0.00137,0.49095
CVE-2019-20014,0.00142,0.49935
CVE-2019-20015,0.00122,0.46448
CVE-2019-20016,0.00314,0.67206
CVE-2019-20017,0.00081,0.33520
CVE-2019-20018,0.00081,0.33520
CVE-2019-20019,0.00081,0.33520
CVE-2019-20020,0.00081,0.33520
CVE-2019-20021,0.00170,0.54125
CVE-2019-20022,0.00081,0.33520
CVE-2019-20023,0.00081,0.33520
CVE-2019-20024,0.00104,0.42347
CVE-2019-20025,0.00667,0.77660
CVE-2019-20026,0.00176,0.54820
CVE-2019-20027,0.00309,0.66976
CVE-2019-20028,0.00168,0.53801
CVE-2019-20029,0.00104,0.42231
CVE-2019-2003,0.00098,0.40402
CVE-2019-20030,0.00044,0.10161
CVE-2019-20031,0.00168,0.53801
CVE-2019-20032,0.00054,0.19618
CVE-2019-20033,0.00309,0.66976
CVE-2019-2004,0.00042,0.05722
CVE-2019-20041,0.00621,0.76673
CVE-2019-20042,0.00268,0.64423
CVE-2019-20043,0.00198,0.57770
CVE-2019-20044,0.00046,0.13778
CVE-2019-20045,0.00100,0.40789
CVE-2019-20046,0.00457,0.72722
CVE-2019-20047,0.21889,0.96051
CVE-2019-20048,0.22935,0.96125
CVE-2019-20049,0.10685,0.94562
CVE-2019-2005,0.00150,0.51025
CVE-2019-20050,0.00366,0.69672
CVE-2019-20051,0.00112,0.44491
CVE-2019-20052,0.00081,0.33520
CVE-2019-20053,0.00062,0.24608
CVE-2019-20054,0.00045,0.11966
CVE-2019-20055,0.00126,0.47113
CVE-2019-20056,0.00096,0.39969
CVE-2019-20057,0.00065,0.27048
CVE-2019-20058,0.00087,0.36434
CVE-2019-20059,0.00106,0.42871
CVE-2019-2006,0.00122,0.46504
CVE-2019-20060,0.00264,0.64136
CVE-2019-20061,0.00264,0.64136
CVE-2019-20062,0.00418,0.71539
CVE-2019-20063,0.00170,0.54097
CVE-2019-2007,0.00122,0.46504
CVE-2019-20070,0.00151,0.51283
CVE-2019-20071,0.00195,0.57477
CVE-2019-20072,0.00151,0.51283
CVE-2019-20073,0.00151,0.51283
CVE-2019-20074,0.00104,0.42274
CVE-2019-20075,0.00151,0.51283
CVE-2019-20076,0.00151,0.51283
CVE-2019-20077,0.00053,0.19032
CVE-2019-20079,0.00092,0.38745
CVE-2019-2008,0.00108,0.43342
CVE-2019-20082,0.00214,0.59505
CVE-2019-20085,0.69009,0.97715
CVE-2019-20086,0.00209,0.58880
CVE-2019-20087,0.00209,0.58880
CVE-2019-20088,0.00091,0.38161
CVE-2019-20089,0.00091,0.38161
CVE-2019-2009,0.00051,0.17409
CVE-2019-20090,0.00106,0.42979
CVE-2019-20091,0.00056,0.21204
CVE-2019-20092,0.00056,0.21204
CVE-2019-20093,0.00234,0.61579
CVE-2019-20094,0.00195,0.57447
CVE-2019-20095,0.00042,0.05722
CVE-2019-20096,0.00045,0.12114
CVE-2019-20097,0.00206,0.58609
CVE-2019-20098,0.00082,0.34218
CVE-2019-20099,0.00082,0.34218
CVE-2019-2010,0.00042,0.05722
CVE-2019-20100,0.00113,0.44728
CVE-2019-20101,0.00140,0.49512
CVE-2019-20102,0.00113,0.44648
CVE-2019-20104,0.00218,0.59832
CVE-2019-20105,0.00090,0.37751
CVE-2019-20106,0.00082,0.34183
CVE-2019-20107,0.00499,0.73841
CVE-2019-2011,0.00042,0.05722
CVE-2019-2012,0.00125,0.46999
CVE-2019-2013,0.00125,0.46999
CVE-2019-20138,0.00168,0.53801
CVE-2019-20139,0.07527,0.93511
CVE-2019-2014,0.00125,0.46999
CVE-2019-20140,0.00296,0.66201
CVE-2019-20141,0.00125,0.46938
CVE-2019-20142,0.00068,0.28007
CVE-2019-20143,0.00085,0.35201
CVE-2019-20144,0.00051,0.17244
CVE-2019-20145,0.00051,0.17244
CVE-2019-20146,0.00097,0.40213
CVE-2019-20147,0.00085,0.35201
CVE-2019-20148,0.00085,0.35201
CVE-2019-20149,0.00091,0.38064
CVE-2019-2015,0.00125,0.46999
CVE-2019-20150,0.00079,0.33197
CVE-2019-20151,0.00087,0.36434
CVE-2019-20152,0.00087,0.36434
CVE-2019-20153,0.00227,0.60973
CVE-2019-20154,0.00131,0.48045
CVE-2019-20155,0.00141,0.49764
CVE-2019-20159,0.00056,0.21204
CVE-2019-2016,0.00168,0.53612
CVE-2019-20160,0.00073,0.30238
CVE-2019-20161,0.00079,0.33135
CVE-2019-20162,0.00079,0.33135
CVE-2019-20163,0.00061,0.24189
CVE-2019-20164,0.00056,0.21204
CVE-2019-20165,0.00061,0.24189
CVE-2019-20166,0.00056,0.21204
CVE-2019-20167,0.00056,0.21204
CVE-2019-20168,0.00056,0.21204
CVE-2019-20169,0.00056,0.21204
CVE-2019-2017,0.00042,0.05722
CVE-2019-20170,0.00061,0.24189
CVE-2019-20171,0.00061,0.24189
CVE-2019-20172,0.00042,0.05722
CVE-2019-20173,0.00107,0.43276
CVE-2019-20174,0.00112,0.44327
CVE-2019-20175,0.00169,0.53925
CVE-2019-20176,0.00266,0.64272
CVE-2019-20178,0.00053,0.19032
CVE-2019-20179,0.00087,0.36089
CVE-2019-2018,0.00227,0.61040
CVE-2019-20180,0.00203,0.58318
CVE-2019-20181,0.00054,0.20290
CVE-2019-20182,0.00054,0.20290
CVE-2019-20183,0.02447,0.88958
CVE-2019-20184,0.00063,0.25378
CVE-2019-2019,0.00099,0.40612
CVE-2019-20191,0.00168,0.53801
CVE-2019-20197,0.00764,0.79275
CVE-2019-20198,0.00081,0.33520
CVE-2019-20199,0.00078,0.32219
CVE-2019-2020,0.00099,0.40612
CVE-2019-20200,0.00079,0.33078
CVE-2019-20201,0.00081,0.33520
CVE-2019-20202,0.00081,0.33520
CVE-2019-20203,0.00887,0.80848
CVE-2019-20204,0.00389,0.70539
CVE-2019-20205,0.00172,0.54457
CVE-2019-20208,0.00079,0.33135
CVE-2019-20209,0.00681,0.77931
CVE-2019-2021,0.00099,0.40612
CVE-2019-20210,0.00938,0.81401
CVE-2019-20211,0.00704,0.78302
CVE-2019-20212,0.00496,0.73790
CVE-2019-20213,0.00163,0.52982
CVE-2019-20215,0.94595,0.99086
CVE-2019-20216,0.01012,0.82145
CVE-2019-20217,0.01012,0.82145
CVE-2019-20218,0.01140,0.83265
CVE-2019-20219,0.00209,0.58880
CVE-2019-2022,0.00099,0.40612
CVE-2019-20220,0.00087,0.36434
CVE-2019-20221,0.00087,0.36434
CVE-2019-20222,0.00087,0.36434
CVE-2019-20223,0.00087,0.36434
CVE-2019-20224,0.15809,0.95460
CVE-2019-20225,0.00074,0.30673
CVE-2019-2023,0.00071,0.29423
CVE-2019-2024,0.00042,0.05722
CVE-2019-2025,0.00060,0.23714
CVE-2019-2026,0.00042,0.05722
CVE-2019-2027,0.00105,0.42527
CVE-2019-2028,0.00105,0.42527
CVE-2019-2029,0.00123,0.46615
CVE-2019-2030,0.00102,0.41560
CVE-2019-2031,0.00042,0.05722
CVE-2019-2032,0.00042,0.05722
CVE-2019-20326,0.00556,0.75265
CVE-2019-20327,0.00042,0.05722
CVE-2019-20329,0.00399,0.70945
CVE-2019-2033,0.00042,0.05722
CVE-2019-20330,0.00631,0.76877
CVE-2019-20334,0.00074,0.30438
CVE-2019-20336,0.00087,0.36434
CVE-2019-20337,0.00091,0.38618
CVE-2019-2034,0.00047,0.14008
CVE-2019-20343,0.01164,0.83453
CVE-2019-20348,0.00094,0.39401
CVE-2019-2035,0.00046,0.13864
CVE-2019-20352,0.00109,0.43810
CVE-2019-20354,0.03773,0.90989
CVE-2019-20357,0.00138,0.49365
CVE-2019-20358,0.01105,0.82987
CVE-2019-2036,0.00142,0.49875
CVE-2019-20360,0.00274,0.64751
CVE-2019-20361,0.27665,0.96405
CVE-2019-20362,0.00044,0.10161
CVE-2019-20363,0.00102,0.41292
CVE-2019-20364,0.00102,0.41292
CVE-2019-20365,0.00102,0.41292
CVE-2019-20366,0.00102,0.41292
CVE-2019-20367,0.00332,0.68240
CVE-2019-2037,0.00088,0.36921
CVE-2019-20372,0.00277,0.64951
CVE-2019-20373,0.00044,0.10161
CVE-2019-20374,0.00461,0.72819
CVE-2019-20375,0.00115,0.45113
CVE-2019-20376,0.00115,0.45113
CVE-2019-20377,0.00078,0.32606
CVE-2019-20378,0.00087,0.36434
CVE-2019-20379,0.00087,0.36434
CVE-2019-2038,0.00048,0.14707
CVE-2019-20381,0.00076,0.31160
CVE-2019-20382,0.00046,0.12736
CVE-2019-20383,0.00042,0.05722
CVE-2019-20384,0.00042,0.05722
CVE-2019-20385,0.00109,0.43614
CVE-2019-20386,0.00126,0.47201
CVE-2019-20387,0.00185,0.55843
CVE-2019-20388,0.00873,0.80673
CVE-2019-20389,0.00141,0.49776
CVE-2019-2039,0.00042,0.05722
CVE-2019-20390,0.00117,0.45625
CVE-2019-20391,0.00275,0.64838
CVE-2019-20392,0.00275,0.64838
CVE-2019-20393,0.00649,0.77229
CVE-2019-20394,0.00649,0.77229
CVE-2019-20395,0.00392,0.70706
CVE-2019-20396,0.00290,0.65847
CVE-2019-20397,0.00336,0.68381
CVE-2019-20398,0.00269,0.64469
CVE-2019-20399,0.00168,0.53801
CVE-2019-2040,0.00042,0.05722
CVE-2019-20400,0.00058,0.22614
CVE-2019-20401,0.00075,0.31087
CVE-2019-20402,0.00054,0.20290
CVE-2019-20403,0.00189,0.56459
CVE-2019-20404,0.00082,0.34183
CVE-2019-20405,0.00075,0.31087
CVE-2019-20406,0.00061,0.23884
CVE-2019-20407,0.00147,0.50592
CVE-2019-20408,0.00201,0.58095
CVE-2019-20409,0.00476,0.73227
CVE-2019-2041,0.00042,0.05722
CVE-2019-20410,0.00307,0.66850
CVE-2019-20411,0.00075,0.31087
CVE-2019-20412,0.00151,0.51287
CVE-2019-20413,0.00254,0.63282
CVE-2019-20414,0.00066,0.27429
CVE-2019-20415,0.00075,0.31087
CVE-2019-20416,0.00066,0.27429
CVE-2019-20418,0.00119,0.45862
CVE-2019-20419,0.00188,0.56348
CVE-2019-20421,0.00547,0.75071
CVE-2019-20422,0.00044,0.10161
CVE-2019-20423,0.00478,0.73286
CVE-2019-20424,0.00360,0.69402
CVE-2019-20425,0.00360,0.69402
CVE-2019-20426,0.00360,0.69402
CVE-2019-20427,0.01632,0.86223
CVE-2019-20428,0.00473,0.73129
CVE-2019-20429,0.00360,0.69402
CVE-2019-2043,0.00042,0.05722
CVE-2019-20430,0.00442,0.72298
CVE-2019-20431,0.00360,0.69402
CVE-2019-20432,0.00360,0.69402
CVE-2019-20433,0.00222,0.60556
CVE-2019-20434,0.00061,0.23867
CVE-2019-20435,0.00061,0.23867
CVE-2019-20436,0.00142,0.49928
CVE-2019-20437,0.00142,0.49928
CVE-2019-20438,0.00062,0.24442
CVE-2019-20439,0.00086,0.35801
CVE-2019-2044,0.00105,0.42527
CVE-2019-20440,0.00086,0.35801
CVE-2019-20441,0.00086,0.35801
CVE-2019-20442,0.00062,0.24442
CVE-2019-20443,0.00086,0.35801
CVE-2019-20444,0.00634,0.76932
CVE-2019-20445,0.00178,0.55052
CVE-2019-20446,0.00549,0.75137
CVE-2019-20447,0.00449,0.72482
CVE-2019-2045,0.00102,0.41560
CVE-2019-20451,0.00743,0.78949
CVE-2019-20452,0.00277,0.64997
CVE-2019-20453,0.00277,0.64997
CVE-2019-20454,0.00365,0.69604
CVE-2019-20455,0.00289,0.65779
CVE-2019-20456,0.00064,0.26280
CVE-2019-2046,0.00104,0.42248
CVE-2019-20463,0.00115,0.45086
CVE-2019-20464,0.00314,0.67197
CVE-2019-20465,0.00102,0.41475
CVE-2019-20466,0.00042,0.05722
CVE-2019-20467,0.00307,0.66824
CVE-2019-20468,0.00244,0.62506
CVE-2019-2047,0.00102,0.41560
CVE-2019-20470,0.00178,0.55045
CVE-2019-20471,0.00044,0.10161
CVE-2019-20473,0.00077,0.32045
CVE-2019-20474,0.00074,0.30586
CVE-2019-20477,0.17489,0.95670
CVE-2019-20478,0.02125,0.88085
CVE-2019-20479,0.00288,0.65689
CVE-2019-20480,0.00073,0.30112
CVE-2019-20481,0.00309,0.66976
CVE-2019-20483,0.00058,0.22585
CVE-2019-20484,0.00074,0.30761
CVE-2019-20485,0.00048,0.14583
CVE-2019-20486,0.00087,0.36434
CVE-2019-20487,0.00073,0.30112
CVE-2019-20488,0.00282,0.65346
CVE-2019-20489,0.00430,0.71881
CVE-2019-2049,0.00042,0.05722
CVE-2019-20490,0.00104,0.42231
CVE-2019-20491,0.00054,0.20290
CVE-2019-20492,0.00104,0.42231
CVE-2019-20493,0.00078,0.32606
CVE-2019-20494,0.00044,0.10161
CVE-2019-20495,0.00065,0.26756
CVE-2019-20496,0.00044,0.10161
CVE-2019-20497,0.00054,0.20290
CVE-2019-20498,0.00193,0.57226
CVE-2019-20499,0.96492,0.99502
CVE-2019-2050,0.00042,0.05722
CVE-2019-20500,0.01308,0.84522
CVE-2019-20501,0.00142,0.49939
CVE-2019-20502,0.00109,0.43862
CVE-2019-20503,0.00484,0.73477
CVE-2019-20504,0.03729,0.90937
CVE-2019-2051,0.00088,0.36921
CVE-2019-20511,0.00105,0.42625
CVE-2019-20512,0.00087,0.36434
CVE-2019-20513,0.00087,0.36434
CVE-2019-20514,0.00087,0.36434
CVE-2019-20515,0.00087,0.36434
CVE-2019-20516,0.00087,0.36434
CVE-2019-20517,0.00087,0.36434
CVE-2019-20518,0.00087,0.36434
CVE-2019-20519,0.00087,0.36434
CVE-2019-2052,0.00088,0.36921
CVE-2019-20520,0.00087,0.36434
CVE-2019-20521,0.00087,0.36434
CVE-2019-20522,0.00087,0.36434
CVE-2019-20523,0.00087,0.36434
CVE-2019-20524,0.00087,0.36434
CVE-2019-20525,0.00087,0.36434
CVE-2019-20526,0.00087,0.36434
CVE-2019-20527,0.00087,0.36434
CVE-2019-20528,0.00087,0.36434
CVE-2019-20529,0.00149,0.50995
CVE-2019-2053,0.00042,0.05722
CVE-2019-20530,0.00154,0.51636
CVE-2019-20531,0.00044,0.10161
CVE-2019-20532,0.00066,0.27588
CVE-2019-20533,0.00044,0.10161
CVE-2019-20534,0.00046,0.13831
CVE-2019-20535,0.00046,0.13831
CVE-2019-20536,0.00106,0.42779
CVE-2019-20537,0.00154,0.51636
CVE-2019-20538,0.00044,0.10161
CVE-2019-20539,0.00066,0.27588
CVE-2019-2054,0.00043,0.07614
CVE-2019-20540,0.00044,0.10161
CVE-2019-20541,0.00044,0.10161
CVE-2019-20542,0.00044,0.10161
CVE-2019-20543,0.00044,0.10161
CVE-2019-20544,0.00106,0.42770
CVE-2019-20545,0.00119,0.45929
CVE-2019-20546,0.00046,0.13831
CVE-2019-20547,0.00066,0.27588
CVE-2019-20548,0.00119,0.45929
CVE-2019-20549,0.00106,0.42770
CVE-2019-2055,0.00105,0.42527
CVE-2019-20550,0.00044,0.10161
CVE-2019-20551,0.00066,0.27588
CVE-2019-20552,0.00066,0.27588
CVE-2019-20553,0.00106,0.42770
CVE-2019-20554,0.00046,0.13831
CVE-2019-20555,0.00056,0.20805
CVE-2019-20556,0.00106,0.42770
CVE-2019-20557,0.00046,0.13831
CVE-2019-20558,0.00119,0.45929
CVE-2019-20559,0.00046,0.13831
CVE-2019-2056,0.00042,0.05722
CVE-2019-20560,0.00106,0.42770
CVE-2019-20561,0.00106,0.42770
CVE-2019-20562,0.00119,0.45929
CVE-2019-20563,0.00106,0.42770
CVE-2019-20564,0.00104,0.42344
CVE-2019-20565,0.00065,0.27048
CVE-2019-20566,0.00138,0.49304
CVE-2019-20567,0.00173,0.54509
CVE-2019-20568,0.00106,0.42770
CVE-2019-20569,0.00046,0.13831
CVE-2019-20570,0.00066,0.27588
CVE-2019-20571,0.00154,0.51636
CVE-2019-20572,0.00119,0.45929
CVE-2019-20573,0.00042,0.05722
CVE-2019-20574,0.00042,0.05722
CVE-2019-20575,0.00046,0.13831
CVE-2019-20576,0.00089,0.37265
CVE-2019-20577,0.00082,0.34051
CVE-2019-20578,0.00119,0.45929
CVE-2019-20579,0.00046,0.13831
CVE-2019-2058,0.00093,0.39234
CVE-2019-20580,0.00066,0.27588
CVE-2019-20581,0.00173,0.54509
CVE-2019-20582,0.00106,0.42770
CVE-2019-20583,0.00154,0.51636
CVE-2019-20584,0.00154,0.51636
CVE-2019-20585,0.00154,0.51636
CVE-2019-20586,0.00154,0.51636
CVE-2019-20587,0.00154,0.51636
CVE-2019-20588,0.00154,0.51636
CVE-2019-20589,0.00154,0.51636
CVE-2019-2059,0.00105,0.42527
CVE-2019-20590,0.00106,0.42770
CVE-2019-20591,0.00042,0.05722
CVE-2019-20592,0.00042,0.05722
CVE-2019-20593,0.00066,0.27588
CVE-2019-20594,0.00054,0.19462
CVE-2019-20595,0.00046,0.13831
CVE-2019-20596,0.00099,0.40726
CVE-2019-20597,0.00080,0.33409
CVE-2019-20598,0.00046,0.13831
CVE-2019-20599,0.00056,0.20805
CVE-2019-2060,0.00103,0.41713
CVE-2019-20600,0.00044,0.10161
CVE-2019-20601,0.00066,0.27588
CVE-2019-20602,0.00081,0.33580
CVE-2019-20603,0.00081,0.33580
CVE-2019-20604,0.00082,0.34051
CVE-2019-20605,0.00119,0.45929
CVE-2019-20606,0.00084,0.34959
CVE-2019-20607,0.00173,0.54509
CVE-2019-20608,0.00066,0.27588
CVE-2019-20609,0.00048,0.14692
CVE-2019-2061,0.00105,0.42527
CVE-2019-20610,0.00132,0.48220
CVE-2019-20611,0.00173,0.54509
CVE-2019-20612,0.00082,0.34051
CVE-2019-20613,0.00089,0.37265
CVE-2019-20614,0.00096,0.39785
CVE-2019-20615,0.00046,0.13831
CVE-2019-20616,0.00066,0.27588
CVE-2019-20617,0.00066,0.27588
CVE-2019-20618,0.00065,0.27048
CVE-2019-20619,0.00080,0.33409
CVE-2019-2062,0.00105,0.42527
CVE-2019-20620,0.00065,0.27048
CVE-2019-20621,0.00119,0.45929
CVE-2019-20622,0.00119,0.45929
CVE-2019-20623,0.00049,0.15848
CVE-2019-20624,0.00066,0.27588
CVE-2019-20625,0.00044,0.10161
CVE-2019-20626,0.00065,0.26916
CVE-2019-20627,0.00697,0.78207
CVE-2019-20628,0.00121,0.46314
CVE-2019-20629,0.00063,0.25775
CVE-2019-2063,0.00105,0.42527
CVE-2019-20630,0.00063,0.25775
CVE-2019-20631,0.00056,0.21204
CVE-2019-20632,0.00056,0.21204
CVE-2019-20633,0.00065,0.27117
CVE-2019-20634,0.00235,0.61694
CVE-2019-20635,0.00078,0.32606
CVE-2019-20636,0.00045,0.11966
CVE-2019-20637,0.00161,0.52746
CVE-2019-20638,0.00065,0.26756
CVE-2019-20639,0.00054,0.20290
CVE-2019-2064,0.00105,0.42527
CVE-2019-20640,0.00079,0.33022
CVE-2019-20641,0.00070,0.29068
CVE-2019-20642,0.00044,0.10161
CVE-2019-20643,0.00168,0.53801
CVE-2019-20644,0.00054,0.20290
CVE-2019-20645,0.00054,0.20290
CVE-2019-20646,0.00208,0.58788
CVE-2019-20647,0.00044,0.10161
CVE-2019-20648,0.00044,0.10161
CVE-2019-20649,0.00168,0.53801
CVE-2019-2065,0.00105,0.42527
CVE-2019-20650,0.00103,0.41969
CVE-2019-20651,0.00044,0.10161
CVE-2019-20652,0.00044,0.10161
CVE-2019-20653,0.00058,0.22795
CVE-2019-20654,0.00084,0.34791
CVE-2019-20655,0.00044,0.10161
CVE-2019-20656,0.00070,0.29068
CVE-2019-20657,0.00044,0.10161
CVE-2019-20658,0.00070,0.29068
CVE-2019-20659,0.00177,0.54965
CVE-2019-2066,0.00105,0.42527
CVE-2019-20660,0.00054,0.20290
CVE-2019-20661,0.00054,0.20290
CVE-2019-20662,0.00044,0.10161
CVE-2019-20663,0.00044,0.10161
CVE-2019-20664,0.00054,0.20290
CVE-2019-20665,0.00054,0.20290
CVE-2019-20666,0.00054,0.20290
CVE-2019-20667,0.00054,0.20290
CVE-2019-20668,0.00054,0.20290
CVE-2019-20669,0.00054,0.20290
CVE-2019-2067,0.00105,0.42527
CVE-2019-20670,0.00054,0.20290
CVE-2019-20671,0.00054,0.20290
CVE-2019-20672,0.00054,0.20290
CVE-2019-20673,0.00054,0.20290
CVE-2019-20674,0.00054,0.20290
CVE-2019-20675,0.00054,0.20290
CVE-2019-20676,0.00044,0.10161
CVE-2019-20677,0.00054,0.20290
CVE-2019-20678,0.00054,0.20290
CVE-2019-20679,0.00263,0.64030
CVE-2019-2068,0.00105,0.42527
CVE-2019-20680,0.00044,0.10161
CVE-2019-20681,0.00104,0.42231
CVE-2019-20682,0.00079,0.33022
CVE-2019-20683,0.00079,0.33022
CVE-2019-20684,0.00079,0.33022
CVE-2019-20685,0.00079,0.33022
CVE-2019-20686,0.00079,0.33022
CVE-2019-20687,0.00103,0.41969
CVE-2019-20688,0.00044,0.10161
CVE-2019-20689,0.00044,0.10161
CVE-2019-2069,0.00105,0.42527
CVE-2019-20690,0.00069,0.28525
CVE-2019-20691,0.00073,0.30112
CVE-2019-20692,0.00044,0.10161
CVE-2019-20693,0.00058,0.22795
CVE-2019-20694,0.00168,0.53801
CVE-2019-20695,0.00168,0.53801
CVE-2019-20696,0.00168,0.53801
CVE-2019-20697,0.00079,0.33022
CVE-2019-20698,0.00070,0.29068
CVE-2019-20699,0.00250,0.62982
CVE-2019-2070,0.00105,0.42527
CVE-2019-20700,0.00044,0.10161
CVE-2019-20701,0.00044,0.10161
CVE-2019-20702,0.00044,0.10161
CVE-2019-20703,0.00044,0.10161
CVE-2019-20704,0.00044,0.10161
CVE-2019-20705,0.00044,0.10161
CVE-2019-20706,0.00044,0.10161
CVE-2019-20707,0.00044,0.10161
CVE-2019-20708,0.00044,0.10161
CVE-2019-20709,0.00044,0.10161
CVE-2019-2071,0.00105,0.42527
CVE-2019-20710,0.00044,0.10161
CVE-2019-20711,0.00044,0.10161
CVE-2019-20712,0.00044,0.10161
CVE-2019-20713,0.00044,0.10161
CVE-2019-20714,0.00054,0.20290
CVE-2019-20715,0.00054,0.20290
CVE-2019-20716,0.00044,0.10161
CVE-2019-20717,0.00058,0.22795
CVE-2019-20718,0.00044,0.10161
CVE-2019-20719,0.00044,0.10161
CVE-2019-2072,0.00105,0.42527
CVE-2019-20720,0.00054,0.20290
CVE-2019-20721,0.00054,0.20290
CVE-2019-20722,0.00044,0.10161
CVE-2019-20723,0.00044,0.10161
CVE-2019-20724,0.00044,0.10161
CVE-2019-20725,0.00044,0.10161
CVE-2019-20726,0.00044,0.10161
CVE-2019-20727,0.00044,0.10161
CVE-2019-20728,0.00044,0.10161
CVE-2019-20729,0.00044,0.10161
CVE-2019-2073,0.00105,0.42527
CVE-2019-20730,0.00138,0.49278
CVE-2019-20731,0.00044,0.10161
CVE-2019-20732,0.00044,0.10161
CVE-2019-20733,0.00044,0.10161
CVE-2019-20734,0.00079,0.33022
CVE-2019-20735,0.00044,0.10161
CVE-2019-20736,0.00044,0.10161
CVE-2019-20737,0.00044,0.10161
CVE-2019-20738,0.00054,0.20290
CVE-2019-20739,0.00079,0.33022
CVE-2019-2074,0.00105,0.42527
CVE-2019-20740,0.00044,0.10161
CVE-2019-20741,0.00065,0.26756
CVE-2019-20742,0.00055,0.20370
CVE-2019-20743,0.00055,0.20370
CVE-2019-20744,0.00044,0.10161
CVE-2019-20745,0.00044,0.10161
CVE-2019-20746,0.00054,0.20290
CVE-2019-20747,0.00044,0.10161
CVE-2019-20748,0.00044,0.10161
CVE-2019-20749,0.00054,0.20290
CVE-2019-2075,0.00105,0.42527
CVE-2019-20750,0.00054,0.20290
CVE-2019-20751,0.00044,0.10161
CVE-2019-20752,0.00054,0.20290
CVE-2019-20753,0.00079,0.33022
CVE-2019-20754,0.00044,0.10161
CVE-2019-20755,0.00044,0.10161
CVE-2019-20756,0.00078,0.32606
CVE-2019-20757,0.00044,0.10161
CVE-2019-20758,0.00044,0.10161
CVE-2019-20759,0.00055,0.20370
CVE-2019-2076,0.00105,0.42527
CVE-2019-20760,0.00069,0.28525
CVE-2019-20761,0.00044,0.10161
CVE-2019-20762,0.00044,0.10161
CVE-2019-20763,0.00044,0.10161
CVE-2019-20764,0.00044,0.10161
CVE-2019-20765,0.00044,0.10161
CVE-2019-20766,0.00044,0.10161
CVE-2019-20767,0.00096,0.39884
CVE-2019-20768,0.00053,0.18833
CVE-2019-20769,0.00063,0.25378
CVE-2019-2077,0.00105,0.42527
CVE-2019-20770,0.00044,0.10161
CVE-2019-20771,0.00066,0.27588
CVE-2019-20772,0.00147,0.50675
CVE-2019-20773,0.00044,0.10161
CVE-2019-20774,0.00044,0.10161
CVE-2019-20775,0.00042,0.05722
CVE-2019-20776,0.00044,0.10161
CVE-2019-20777,0.00106,0.42770
CVE-2019-20778,0.00106,0.42770
CVE-2019-20779,0.00044,0.10161
CVE-2019-2078,0.00105,0.42527
CVE-2019-20780,0.00106,0.42770
CVE-2019-20781,0.00063,0.25378
CVE-2019-20782,0.00119,0.45929
CVE-2019-20783,0.00078,0.32771
CVE-2019-20784,0.00044,0.10161
CVE-2019-20785,0.00048,0.14692
CVE-2019-20786,0.01310,0.84532
CVE-2019-20787,0.00284,0.65451
CVE-2019-20788,0.00708,0.78388
CVE-2019-20789,0.00053,0.18833
CVE-2019-2079,0.00103,0.41713
CVE-2019-20790,0.00623,0.76733
CVE-2019-20791,0.00225,0.60838
CVE-2019-20792,0.00132,0.48233
CVE-2019-20794,0.00069,0.28586
CVE-2019-20795,0.00042,0.05722
CVE-2019-20797,0.01077,0.82758
CVE-2019-20798,0.00468,0.73010
CVE-2019-20799,0.07251,0.93418
CVE-2019-2080,0.00105,0.42527
CVE-2019-20800,0.02856,0.89739
CVE-2019-20801,0.00096,0.40048
CVE-2019-20802,0.00096,0.40015
CVE-2019-20803,0.00261,0.63894
CVE-2019-20804,0.00285,0.65490
CVE-2019-20805,0.00061,0.24231
CVE-2019-20806,0.00045,0.11966
CVE-2019-20807,0.00048,0.14480
CVE-2019-20808,0.00044,0.10161
CVE-2019-20809,0.00084,0.34791
CVE-2019-2081,0.00105,0.42527
CVE-2019-20810,0.00045,0.11966
CVE-2019-20811,0.00047,0.14042
CVE-2019-20812,0.00045,0.11966
CVE-2019-20813,0.00102,0.41309
CVE-2019-20814,0.00103,0.41969
CVE-2019-20815,0.00100,0.40894
CVE-2019-20816,0.00098,0.40524
CVE-2019-20817,0.00102,0.41309
CVE-2019-20818,0.00103,0.41969
CVE-2019-20819,0.00100,0.40894
CVE-2019-2082,0.00105,0.42527
CVE-2019-20820,0.00098,0.40524
CVE-2019-20821,0.00102,0.41309
CVE-2019-20822,0.00198,0.57728
CVE-2019-20823,0.00103,0.41969
CVE-2019-20824,0.00102,0.41309
CVE-2019-20825,0.00198,0.57728
CVE-2019-20826,0.00102,0.41309
CVE-2019-20827,0.00198,0.57728
CVE-2019-20828,0.00103,0.41969
CVE-2019-20829,0.00102,0.41309
CVE-2019-2083,0.00105,0.42527
CVE-2019-20830,0.00198,0.57728
CVE-2019-20831,0.00103,0.41969
CVE-2019-20832,0.00078,0.32606
CVE-2019-20833,0.00148,0.50734
CVE-2019-20834,0.00147,0.50665
CVE-2019-20835,0.00078,0.32606
CVE-2019-20836,0.00150,0.51188
CVE-2019-20837,0.00147,0.50665
CVE-2019-20838,0.00626,0.76784
CVE-2019-20839,0.01257,0.84163
CVE-2019-2084,0.00105,0.42527
CVE-2019-20840,0.00974,0.81783
CVE-2019-20841,0.00073,0.30112
CVE-2019-20842,0.00087,0.36089
CVE-2019-20843,0.00168,0.53801
CVE-2019-20844,0.00075,0.30975
CVE-2019-20845,0.00103,0.41969
CVE-2019-20846,0.00168,0.53801
CVE-2019-20847,0.00084,0.34791
CVE-2019-20848,0.00084,0.34791
CVE-2019-20849,0.00084,0.34791
CVE-2019-2085,0.00105,0.42527
CVE-2019-20850,0.00084,0.34791
CVE-2019-20851,0.00102,0.41523
CVE-2019-20852,0.00168,0.53801
CVE-2019-20853,0.00603,0.76287
CVE-2019-20854,0.00206,0.58643
CVE-2019-20855,0.00168,0.53801
CVE-2019-20856,0.00233,0.61449
CVE-2019-20857,0.00103,0.41969
CVE-2019-20858,0.00103,0.41969
CVE-2019-20859,0.00165,0.53166
CVE-2019-2086,0.00105,0.42527
CVE-2019-20860,0.00082,0.33935
CVE-2019-20861,0.00261,0.63888
CVE-2019-20862,0.00084,0.34791
CVE-2019-20863,0.00084,0.34791
CVE-2019-20864,0.00084,0.34791
CVE-2019-20865,0.00073,0.30112
CVE-2019-20866,0.00084,0.34791
CVE-2019-20867,0.00084,0.34791
CVE-2019-20868,0.00084,0.34791
CVE-2019-20869,0.00084,0.34791
CVE-2019-2087,0.00105,0.42527
CVE-2019-20870,0.00054,0.20290
CVE-2019-20871,0.00103,0.41969
CVE-2019-20872,0.00044,0.10161
CVE-2019-20873,0.00065,0.26756
CVE-2019-20874,0.00168,0.53801
CVE-2019-20875,0.00082,0.34065
CVE-2019-20876,0.00072,0.29893
CVE-2019-20877,0.00084,0.34791
CVE-2019-20878,0.00054,0.20290
CVE-2019-20879,0.00054,0.20290
CVE-2019-2088,0.00042,0.05722
CVE-2019-20880,0.00103,0.41969
CVE-2019-20881,0.00092,0.38838
CVE-2019-20882,0.00084,0.34791
CVE-2019-20883,0.00054,0.20290
CVE-2019-20884,0.00084,0.34791
CVE-2019-20885,0.00201,0.58005
CVE-2019-20886,0.00084,0.34791
CVE-2019-20887,0.00054,0.20290
CVE-2019-20888,0.00103,0.41969
CVE-2019-20889,0.00084,0.34791
CVE-2019-2089,0.00046,0.13864
CVE-2019-20890,0.00054,0.20290
CVE-2019-20891,0.00098,0.40438
CVE-2019-20892,0.00527,0.74592
CVE-2019-20893,0.00544,0.75014
CVE-2019-20894,0.00327,0.67923
CVE-2019-20896,0.00138,0.49278
CVE-2019-20897,0.00142,0.49886
CVE-2019-20898,0.01034,0.82330
CVE-2019-20899,0.00208,0.58755
CVE-2019-2090,0.00042,0.05722
CVE-2019-20900,0.00066,0.27429
CVE-2019-20901,0.00121,0.46312
CVE-2019-20902,0.00103,0.41636
CVE-2019-20903,0.00084,0.34984
CVE-2019-20907,0.01108,0.83006
CVE-2019-20908,0.00047,0.13896
CVE-2019-20909,0.00117,0.45503
CVE-2019-2091,0.00042,0.05722
CVE-2019-20910,0.00243,0.62337
CVE-2019-20911,0.00098,0.40385
CVE-2019-20912,0.00277,0.64983
CVE-2019-20913,0.00243,0.62337
CVE-2019-20914,0.00436,0.72119
CVE-2019-20915,0.00243,0.62337
CVE-2019-20916,0.00254,0.63423
CVE-2019-20917,0.00501,0.73880
CVE-2019-20918,0.00116,0.45299
CVE-2019-20919,0.00045,0.11966
CVE-2019-2092,0.00042,0.05722
CVE-2019-20920,0.00699,0.78239
CVE-2019-20921,0.00141,0.49754
CVE-2019-20922,0.00191,0.56690
CVE-2019-20923,0.00068,0.28144
CVE-2019-20924,0.00068,0.28144
CVE-2019-20925,0.00087,0.35949
CVE-2019-2093,0.00105,0.42527
CVE-2019-20933,0.04913,0.92046
CVE-2019-20934,0.00044,0.10161
CVE-2019-2094,0.00053,0.18265
CVE-2019-2095,0.00063,0.25056
CVE-2019-2096,0.00042,0.05722
CVE-2019-2097,0.00102,0.41560
CVE-2019-2098,0.00042,0.05722
CVE-2019-2099,0.00046,0.13864
CVE-2019-2101,0.00042,0.05722
CVE-2019-2102,0.00089,0.37190
CVE-2019-2103,0.00042,0.05722
CVE-2019-2104,0.00042,0.05722
CVE-2019-2105,0.00105,0.42527
CVE-2019-2106,0.00105,0.42527
CVE-2019-2107,0.00914,0.81151
CVE-2019-2108,0.00053,0.18265
CVE-2019-2109,0.00105,0.42527
CVE-2019-2110,0.00042,0.05722
CVE-2019-2111,0.00102,0.41560
CVE-2019-2112,0.00042,0.05722
CVE-2019-2113,0.00044,0.10161
CVE-2019-2114,0.00055,0.20341
CVE-2019-2115,0.00042,0.05722
CVE-2019-2116,0.00088,0.36921
CVE-2019-2117,0.00042,0.05722
CVE-2019-2118,0.00042,0.05722
CVE-2019-2119,0.00042,0.05722
CVE-2019-2120,0.00042,0.05722
CVE-2019-2121,0.00042,0.05722
CVE-2019-2122,0.00042,0.05722
CVE-2019-2123,0.00042,0.05722
CVE-2019-2124,0.00042,0.05722
CVE-2019-2125,0.00042,0.05722
CVE-2019-2126,0.00555,0.75253
CVE-2019-2127,0.00042,0.05722
CVE-2019-2128,0.00042,0.05722
CVE-2019-2129,0.00093,0.39234
CVE-2019-2130,0.00102,0.41560
CVE-2019-2131,0.00046,0.13864
CVE-2019-2132,0.00046,0.13864
CVE-2019-2133,0.00051,0.17251
CVE-2019-2134,0.00047,0.14008
CVE-2019-2135,0.00048,0.14707
CVE-2019-2136,0.00042,0.05722
CVE-2019-2137,0.00044,0.10161
CVE-2019-2138,0.00103,0.41713
CVE-2019-2139,0.00103,0.41713
CVE-2019-2140,0.00103,0.41713
CVE-2019-2141,0.00105,0.42527
CVE-2019-2142,0.00103,0.41713
CVE-2019-2143,0.00103,0.41713
CVE-2019-2144,0.00103,0.41713
CVE-2019-2145,0.00103,0.41713
CVE-2019-2146,0.00103,0.41713
CVE-2019-2147,0.00103,0.41713
CVE-2019-2148,0.00103,0.41713
CVE-2019-2149,0.00103,0.41713
CVE-2019-2150,0.00103,0.41713
CVE-2019-2151,0.00103,0.41713
CVE-2019-2152,0.00103,0.41713
CVE-2019-2153,0.00103,0.41713
CVE-2019-2154,0.00103,0.41713
CVE-2019-2155,0.00103,0.41713
CVE-2019-2156,0.00103,0.41713
CVE-2019-2157,0.00103,0.41713
CVE-2019-2158,0.00103,0.41713
CVE-2019-2159,0.00105,0.42527
CVE-2019-2160,0.00103,0.41713
CVE-2019-2161,0.00103,0.41713
CVE-2019-2162,0.00093,0.39234
CVE-2019-2163,0.00103,0.41713
CVE-2019-2164,0.00103,0.41713
CVE-2019-2165,0.00103,0.41713
CVE-2019-2166,0.00103,0.41713
CVE-2019-2167,0.00103,0.41713
CVE-2019-2168,0.00103,0.41713
CVE-2019-2169,0.00103,0.41713
CVE-2019-2170,0.00103,0.41713
CVE-2019-2171,0.00103,0.41713
CVE-2019-2172,0.00103,0.41713
CVE-2019-2173,0.00042,0.05722
CVE-2019-2174,0.00042,0.05722
CVE-2019-2175,0.00045,0.12503
CVE-2019-2176,0.00053,0.18265
CVE-2019-2177,0.00103,0.41627
CVE-2019-2178,0.00042,0.05722
CVE-2019-2179,0.00049,0.15138
CVE-2019-2180,0.00042,0.05722
CVE-2019-2181,0.00082,0.34099
CVE-2019-2182,0.00042,0.05722
CVE-2019-2183,0.00042,0.05722
CVE-2019-2184,0.00105,0.42527
CVE-2019-2185,0.00105,0.42527
CVE-2019-2186,0.00105,0.42527
CVE-2019-2187,0.00042,0.05722
CVE-2019-2188,0.00042,0.05722
CVE-2019-2189,0.00042,0.05722
CVE-2019-2190,0.00042,0.05722
CVE-2019-2191,0.00042,0.05722
CVE-2019-2192,0.00042,0.05722
CVE-2019-2193,0.00042,0.05722
CVE-2019-2194,0.00042,0.05722
CVE-2019-2195,0.00042,0.05722
CVE-2019-2196,0.00042,0.05722
CVE-2019-2197,0.00042,0.05722
CVE-2019-2198,0.00042,0.05722
CVE-2019-2199,0.00042,0.05722
CVE-2019-2200,0.00042,0.05722
CVE-2019-2201,0.00876,0.80719
CVE-2019-2202,0.00042,0.05722
CVE-2019-2203,0.00042,0.05722
CVE-2019-2204,0.00102,0.41560
CVE-2019-2205,0.00102,0.41560
CVE-2019-2206,0.00105,0.42527
CVE-2019-2207,0.00042,0.05722
CVE-2019-2208,0.00088,0.36921
CVE-2019-2209,0.00042,0.05722
CVE-2019-2210,0.00042,0.05722
CVE-2019-2211,0.00132,0.48224
CVE-2019-2212,0.00042,0.05722
CVE-2019-2213,0.00045,0.12332
CVE-2019-2214,0.00042,0.05722
CVE-2019-2215,0.00300,0.66453
CVE-2019-2216,0.00042,0.05722
CVE-2019-2217,0.00042,0.05722
CVE-2019-2218,0.00042,0.05722
CVE-2019-2219,0.00042,0.05722
CVE-2019-2220,0.00042,0.05722
CVE-2019-2221,0.00042,0.05722
CVE-2019-2222,0.00053,0.18265
CVE-2019-2223,0.00053,0.18265
CVE-2019-2225,0.00051,0.17409
CVE-2019-2226,0.00042,0.05722
CVE-2019-2227,0.00054,0.19497
CVE-2019-2228,0.00042,0.05722
CVE-2019-2229,0.00042,0.05722
CVE-2019-2230,0.00088,0.36921
CVE-2019-2231,0.00042,0.05722
CVE-2019-2232,0.00103,0.41610
CVE-2019-2233,0.00044,0.10536
CVE-2019-2235,0.00042,0.05722
CVE-2019-2236,0.00044,0.10161
CVE-2019-2237,0.00042,0.05722
CVE-2019-2238,0.00044,0.10161
CVE-2019-2239,0.00044,0.10161
CVE-2019-2240,0.00044,0.10161
CVE-2019-2241,0.00044,0.10161
CVE-2019-2242,0.00212,0.59232
CVE-2019-2243,0.00044,0.10161
CVE-2019-2244,0.00188,0.56423
CVE-2019-2245,0.00188,0.56423
CVE-2019-2246,0.00044,0.10161
CVE-2019-2247,0.00044,0.10161
CVE-2019-2248,0.00044,0.10161
CVE-2019-2249,0.00306,0.66737
CVE-2019-2250,0.00044,0.10161
CVE-2019-2251,0.00044,0.10161
CVE-2019-2252,0.00212,0.59232
CVE-2019-2253,0.00188,0.56423
CVE-2019-2254,0.00188,0.56423
CVE-2019-2255,0.00306,0.66737
CVE-2019-2256,0.00306,0.66737
CVE-2019-2257,0.00044,0.10161
CVE-2019-2258,0.00188,0.56423
CVE-2019-2259,0.00188,0.56423
CVE-2019-2260,0.00044,0.10161
CVE-2019-2261,0.00044,0.10161
CVE-2019-2263,0.00044,0.10161
CVE-2019-2264,0.00044,0.10161
CVE-2019-2266,0.00044,0.10161
CVE-2019-2267,0.00044,0.10161
CVE-2019-2268,0.00188,0.56423
CVE-2019-2269,0.00212,0.59232
CVE-2019-2271,0.00188,0.56423
CVE-2019-2272,0.00044,0.10161
CVE-2019-2273,0.00103,0.41969
CVE-2019-2274,0.00044,0.10161
CVE-2019-2275,0.00044,0.10161
CVE-2019-2276,0.00188,0.56423
CVE-2019-2277,0.00044,0.10161
CVE-2019-2278,0.00044,0.10161
CVE-2019-2279,0.00188,0.56423
CVE-2019-2281,0.00044,0.10161
CVE-2019-2283,0.00188,0.56423
CVE-2019-2284,0.00044,0.10161
CVE-2019-2285,0.00188,0.56423
CVE-2019-2287,0.00188,0.56423
CVE-2019-2288,0.00044,0.10161
CVE-2019-2289,0.00262,0.63967
CVE-2019-2290,0.00044,0.10161
CVE-2019-2292,0.00044,0.10161
CVE-2019-2293,0.00044,0.10161
CVE-2019-2294,0.00188,0.56423
CVE-2019-2295,0.00044,0.10161
CVE-2019-2297,0.00044,0.10161
CVE-2019-2298,0.00044,0.10161
CVE-2019-2299,0.00044,0.10161
CVE-2019-2300,0.00212,0.59232
CVE-2019-2301,0.00044,0.10161
CVE-2019-2302,0.00212,0.59232
CVE-2019-2303,0.00188,0.56423
CVE-2019-2304,0.00044,0.10161
CVE-2019-2305,0.00188,0.56423
CVE-2019-2306,0.00044,0.10161
CVE-2019-2307,0.00251,0.63096
CVE-2019-2308,0.00044,0.10161
CVE-2019-2309,0.00188,0.56423
CVE-2019-2310,0.00143,0.50048
CVE-2019-2311,0.00212,0.59232
CVE-2019-2312,0.00044,0.10161
CVE-2019-2314,0.00044,0.10161
CVE-2019-2315,0.00044,0.10161
CVE-2019-2316,0.00044,0.10161
CVE-2019-2317,0.00188,0.56423
CVE-2019-2318,0.00044,0.10161
CVE-2019-2319,0.00044,0.10161
CVE-2019-2320,0.00188,0.56423
CVE-2019-2321,0.00044,0.10161
CVE-2019-2322,0.00212,0.59232
CVE-2019-2323,0.00188,0.56423
CVE-2019-2324,0.00188,0.56423
CVE-2019-2325,0.00188,0.56423
CVE-2019-2326,0.00044,0.10161
CVE-2019-2327,0.00212,0.59232
CVE-2019-2328,0.00044,0.10161
CVE-2019-2329,0.00044,0.10161
CVE-2019-2330,0.00044,0.10161
CVE-2019-2331,0.00188,0.56423
CVE-2019-2332,0.00188,0.56423
CVE-2019-2333,0.00044,0.10161
CVE-2019-2334,0.00145,0.50311
CVE-2019-2335,0.00103,0.41969
CVE-2019-2336,0.00044,0.10161
CVE-2019-2337,0.00103,0.41969
CVE-2019-2338,0.00044,0.10161
CVE-2019-2339,0.00044,0.10161
CVE-2019-2341,0.00044,0.10161
CVE-2019-2343,0.00044,0.10161
CVE-2019-2345,0.00044,0.10161
CVE-2019-2346,0.00044,0.10161
CVE-2019-2386,0.00109,0.43614
CVE-2019-2388,0.00084,0.34791
CVE-2019-2389,0.00044,0.10161
CVE-2019-2390,0.00105,0.42470
CVE-2019-2391,0.00054,0.20290
CVE-2019-2392,0.00068,0.28144
CVE-2019-2393,0.00068,0.28144
CVE-2019-2395,0.00048,0.14700
CVE-2019-2396,0.00092,0.38794
CVE-2019-2397,0.00045,0.12178
CVE-2019-2398,0.00048,0.14707
CVE-2019-2399,0.00077,0.31894
CVE-2019-2400,0.00179,0.55182
CVE-2019-2401,0.00061,0.24121
CVE-2019-2402,0.00787,0.79605
CVE-2019-2403,0.00090,0.37819
CVE-2019-2404,0.00090,0.37819
CVE-2019-2405,0.00149,0.51007
CVE-2019-2406,0.00188,0.56349
CVE-2019-2407,0.00045,0.12178
CVE-2019-2408,0.00092,0.38794
CVE-2019-2409,0.00102,0.41524
CVE-2019-2410,0.00051,0.17433
CVE-2019-2411,0.00059,0.23079
CVE-2019-2412,0.00045,0.12178
CVE-2019-2413,0.00986,0.81909
CVE-2019-2414,0.00045,0.12178
CVE-2019-2415,0.00053,0.18474
CVE-2019-2416,0.00212,0.59258
CVE-2019-2417,0.00090,0.37819
CVE-2019-2418,0.00073,0.30274
CVE-2019-2419,0.00054,0.19451
CVE-2019-2420,0.00157,0.52213
CVE-2019-2421,0.00092,0.38794
CVE-2019-2422,0.00256,0.63504
CVE-2019-2423,0.00092,0.38794
CVE-2019-2424,0.00083,0.34278
CVE-2019-2425,0.00090,0.37819
CVE-2019-2426,0.00954,0.81594
CVE-2019-2427,0.00090,0.37819
CVE-2019-2429,0.00089,0.37218
CVE-2019-2430,0.00061,0.24121
CVE-2019-2431,0.00089,0.37204
CVE-2019-2432,0.00054,0.19451
CVE-2019-2433,0.00149,0.51007
CVE-2019-2434,0.00436,0.72112
CVE-2019-2435,0.00543,0.74981
CVE-2019-2436,0.00155,0.51827
CVE-2019-2437,0.00087,0.35954
CVE-2019-2438,0.00179,0.55182
CVE-2019-2439,0.00092,0.38794
CVE-2019-2440,0.00179,0.55182
CVE-2019-2441,0.00117,0.45573
CVE-2019-2442,0.00092,0.38794
CVE-2019-2443,0.00149,0.51007
CVE-2019-2444,0.00045,0.12178
CVE-2019-2445,0.00179,0.55182
CVE-2019-2446,0.00067,0.27825
CVE-2019-2447,0.00179,0.55182
CVE-2019-2448,0.00067,0.27825
CVE-2019-2449,0.91730,0.98725
CVE-2019-2450,0.00047,0.14161
CVE-2019-2451,0.00047,0.14161
CVE-2019-2452,0.00067,0.27849
CVE-2019-2453,0.00239,0.62041
CVE-2019-2455,0.00456,0.72688
CVE-2019-2456,0.00077,0.31894
CVE-2019-2457,0.00077,0.31894
CVE-2019-2458,0.00077,0.31894
CVE-2019-2459,0.00077,0.31894
CVE-2019-2460,0.00077,0.31894
CVE-2019-2461,0.00077,0.31894
CVE-2019-2462,0.00077,0.31894
CVE-2019-2463,0.00077,0.31894
CVE-2019-2464,0.00090,0.37819
CVE-2019-2465,0.00090,0.37819
CVE-2019-2466,0.00090,0.37819
CVE-2019-2467,0.00087,0.35954
CVE-2019-2468,0.00087,0.35954
CVE-2019-2469,0.00087,0.35954
CVE-2019-2470,0.00179,0.55182
CVE-2019-2471,0.00092,0.38794
CVE-2019-2472,0.00077,0.31894
CVE-2019-2473,0.00087,0.35954
CVE-2019-2474,0.00087,0.35954
CVE-2019-2475,0.00087,0.35954
CVE-2019-2476,0.00087,0.35954
CVE-2019-2477,0.00087,0.35954
CVE-2019-2478,0.00077,0.31894
CVE-2019-2479,0.00087,0.35954
CVE-2019-2480,0.00077,0.31894
CVE-2019-2481,0.00297,0.66292
CVE-2019-2482,0.00332,0.68224
CVE-2019-2484,0.00054,0.20290
CVE-2019-2485,0.00092,0.38794
CVE-2019-2486,0.00226,0.60961
CVE-2019-2487,0.00054,0.19451
CVE-2019-2488,0.00090,0.37819
CVE-2019-2489,0.00239,0.62041
CVE-2019-2490,0.00092,0.38794
CVE-2019-2491,0.00092,0.38794
CVE-2019-2492,0.00092,0.38794
CVE-2019-2493,0.00092,0.38794
CVE-2019-2494,0.00133,0.48473
CVE-2019-2495,0.00133,0.48473
CVE-2019-2496,0.00092,0.38794
CVE-2019-2497,0.00179,0.55182
CVE-2019-2498,0.00179,0.55182
CVE-2019-2499,0.00092,0.38794
CVE-2019-2500,0.00043,0.07608
CVE-2019-25001,0.00155,0.51879
CVE-2019-25002,0.00222,0.60556
CVE-2019-25003,0.00168,0.53801
CVE-2019-25004,0.00216,0.59686
CVE-2019-25005,0.00168,0.53801
CVE-2019-25006,0.00115,0.45086
CVE-2019-25007,0.00115,0.45086
CVE-2019-25009,0.00222,0.60556
CVE-2019-2501,0.00043,0.07608
CVE-2019-25010,0.00235,0.61731
CVE-2019-25011,0.00054,0.19309
CVE-2019-25012,0.00272,0.64621
CVE-2019-25013,0.01946,0.87479
CVE-2019-25014,0.00076,0.31394
CVE-2019-25015,0.00058,0.22585
CVE-2019-25016,0.00428,0.71848
CVE-2019-25017,0.00070,0.28773
CVE-2019-25018,0.00102,0.41475
CVE-2019-25019,0.00152,0.51379
CVE-2019-2502,0.00165,0.53167
CVE-2019-25020,0.00307,0.66811
CVE-2019-25021,0.00361,0.69490
CVE-2019-25022,0.00732,0.78806
CVE-2019-25023,0.00126,0.47113
CVE-2019-25024,0.48864,0.97218
CVE-2019-25025,0.00158,0.52286
CVE-2019-25026,0.00089,0.37475
CVE-2019-25027,0.00084,0.35108
CVE-2019-25028,0.00099,0.40738
CVE-2019-25029,0.00158,0.52225
CVE-2019-2503,0.00117,0.45559
CVE-2019-25030,0.00044,0.10161
CVE-2019-25031,0.00104,0.42300
CVE-2019-25032,0.00311,0.67059
CVE-2019-25033,0.00311,0.67059
CVE-2019-25034,0.00358,0.69313
CVE-2019-25035,0.00219,0.59924
CVE-2019-25036,0.00249,0.62945
CVE-2019-25037,0.00249,0.62945
CVE-2019-25038,0.00507,0.74095
CVE-2019-25039,0.00507,0.74095
CVE-2019-2504,0.00043,0.07608
CVE-2019-25040,0.00249,0.62945
CVE-2019-25041,0.00249,0.62945
CVE-2019-25042,0.00219,0.59924
CVE-2019-25043,0.00140,0.49704
CVE-2019-25044,0.00160,0.52629
CVE-2019-25045,0.00074,0.30704
CVE-2019-25046,0.00102,0.41385
CVE-2019-25047,0.00082,0.34215
CVE-2019-25048,0.00132,0.48081
CVE-2019-25049,0.00132,0.48081
CVE-2019-2505,0.00043,0.07608
CVE-2019-25050,0.00050,0.15960
CVE-2019-25051,0.00070,0.29121
CVE-2019-25052,0.00193,0.57272
CVE-2019-25053,0.00147,0.50697
CVE-2019-25054,0.00101,0.41058
CVE-2019-25055,0.00091,0.38427
CVE-2019-25056,0.00072,0.29847
CVE-2019-25057,0.00073,0.30380
CVE-2019-25058,0.00067,0.27669
CVE-2019-25059,0.00068,0.28059
CVE-2019-2506,0.00043,0.07608
CVE-2019-25060,0.00127,0.47290
CVE-2019-25061,0.00167,0.53522
CVE-2019-25062,0.00073,0.30270
CVE-2019-25063,0.00044,0.10161
CVE-2019-25064,0.00075,0.30903
CVE-2019-25065,0.00605,0.76331
CVE-2019-25066,0.01009,0.82114
CVE-2019-25067,0.00581,0.75805
CVE-2019-25068,0.00104,0.42231
CVE-2019-25069,0.00133,0.48351
CVE-2019-2507,0.00226,0.60961
CVE-2019-25070,0.00071,0.29242
CVE-2019-25071,0.00169,0.53895
CVE-2019-25072,0.00088,0.36931
CVE-2019-25073,0.00405,0.71124
CVE-2019-25075,0.00075,0.31049
CVE-2019-25076,0.00214,0.59467
CVE-2019-25078,0.00042,0.05722
CVE-2019-2508,0.10581,0.94532
CVE-2019-25084,0.00080,0.33283
CVE-2019-25085,0.00148,0.50887
CVE-2019-25086,0.00115,0.45087
CVE-2019-25087,0.00120,0.46202
CVE-2019-25088,0.00098,0.40467
CVE-2019-25089,0.00092,0.38933
CVE-2019-2509,0.10581,0.94532
CVE-2019-25090,0.00111,0.44130
CVE-2019-25091,0.00073,0.30010
CVE-2019-25092,0.00079,0.32804
CVE-2019-25093,0.00059,0.23151
CVE-2019-25094,0.00074,0.30651
CVE-2019-25095,0.00074,0.30651
CVE-2019-25096,0.00074,0.30688
CVE-2019-25097,0.00127,0.47343
CVE-2019-25098,0.00127,0.47343
CVE-2019-25099,0.00067,0.27820
CVE-2019-2510,0.00332,0.68204
CVE-2019-25100,0.00118,0.45809
CVE-2019-25101,0.00073,0.30165
CVE-2019-25102,0.00063,0.24876
CVE-2019-25103,0.00061,0.24205
CVE-2019-25104,0.00063,0.24936
CVE-2019-25105,0.00056,0.21168
CVE-2019-2511,0.01321,0.84591
CVE-2019-2512,0.00092,0.38794
CVE-2019-2513,0.00048,0.14327
CVE-2019-25136,0.00134,0.48641
CVE-2019-25137,0.02455,0.88973
CVE-2019-25138,0.00343,0.68661
CVE-2019-25139,0.00064,0.26246
CVE-2019-25140,0.00092,0.38722
CVE-2019-25141,0.00102,0.41379
CVE-2019-25142,0.00108,0.43481
CVE-2019-25143,0.00060,0.23235
CVE-2019-25144,0.00069,0.28451
CVE-2019-25145,0.00069,0.28451
CVE-2019-25146,0.00196,0.57519
CVE-2019-25147,0.00062,0.24836
CVE-2019-25148,0.00054,0.19381
CVE-2019-25149,0.00045,0.11801
CVE-2019-25150,0.00063,0.25553
CVE-2019-25151,0.00056,0.20822
CVE-2019-25152,0.00091,0.38099
CVE-2019-25155,0.00046,0.13740
CVE-2019-25156,0.00052,0.17989
CVE-2019-25157,0.00070,0.28909
CVE-2019-25158,0.00053,0.18294
CVE-2019-2516,0.00045,0.12178
CVE-2019-2517,0.00279,0.65090
CVE-2019-2518,0.00138,0.49334
CVE-2019-2519,0.00092,0.38794
CVE-2019-2520,0.00043,0.07608
CVE-2019-2521,0.00043,0.07608
CVE-2019-2522,0.00043,0.07608
CVE-2019-2523,0.00043,0.07608
CVE-2019-2524,0.00043,0.07608
CVE-2019-2525,0.00047,0.14161
CVE-2019-2526,0.00043,0.07608
CVE-2019-2527,0.10581,0.94532
CVE-2019-2528,0.00226,0.60961
CVE-2019-2529,0.00498,0.73819
CVE-2019-2530,0.00133,0.48473
CVE-2019-2531,0.00297,0.66292
CVE-2019-2532,0.00297,0.66292
CVE-2019-2533,0.00162,0.52858
CVE-2019-2534,0.00468,0.72992
CVE-2019-2535,0.00075,0.31045
CVE-2019-2536,0.00058,0.22592
CVE-2019-2537,0.00419,0.71558
CVE-2019-2538,0.00054,0.19451
CVE-2019-2539,0.00133,0.48473
CVE-2019-2540,0.00138,0.49331
CVE-2019-2541,0.00128,0.47430
CVE-2019-2543,0.00090,0.37819
CVE-2019-2544,0.00064,0.26170
CVE-2019-2545,0.00066,0.27249
CVE-2019-2546,0.00092,0.38794
CVE-2019-2547,0.00053,0.18474
CVE-2019-2548,0.00061,0.24104
CVE-2019-2549,0.00092,0.38794
CVE-2019-2550,0.00092,0.38794
CVE-2019-2551,0.00181,0.55499
CVE-2019-2552,0.00129,0.47667
CVE-2019-2553,0.00048,0.14327
CVE-2019-2554,0.00047,0.14161
CVE-2019-2555,0.00047,0.14161
CVE-2019-2556,0.00049,0.15057
CVE-2019-2557,0.00360,0.69435
CVE-2019-2558,0.00083,0.34278
CVE-2019-2561,0.00194,0.57348
CVE-2019-2564,0.00054,0.20290
CVE-2019-2565,0.00276,0.64894
CVE-2019-2566,0.00082,0.34198
CVE-2019-2567,0.00276,0.64894
CVE-2019-2568,0.00069,0.28558
CVE-2019-2569,0.00045,0.12178
CVE-2019-2570,0.00068,0.27964
CVE-2019-2571,0.00097,0.40218
CVE-2019-2572,0.00089,0.37649
CVE-2019-2573,0.00083,0.34568
CVE-2019-2574,0.00110,0.43962
CVE-2019-2575,0.00089,0.37649
CVE-2019-2576,0.00083,0.34278
CVE-2019-2577,0.00091,0.38407
CVE-2019-2578,0.00751,0.79070
CVE-2019-2579,0.00493,0.73713
CVE-2019-2580,0.00097,0.40285
CVE-2019-2581,0.00101,0.41069
CVE-2019-2582,0.00089,0.37649
CVE-2019-2583,0.00181,0.55499
CVE-2019-2584,0.00097,0.40285
CVE-2019-2585,0.00097,0.40285
CVE-2019-2586,0.00054,0.20290
CVE-2019-2587,0.00097,0.40285
CVE-2019-2588,0.09248,0.94135
CVE-2019-2589,0.00097,0.40285
CVE-2019-2590,0.00181,0.55499
CVE-2019-2591,0.00083,0.34568
CVE-2019-2592,0.00101,0.41069
CVE-2019-2593,0.00097,0.40285
CVE-2019-2594,0.00063,0.24890
CVE-2019-2595,0.00181,0.55499
CVE-2019-2596,0.00097,0.40285
CVE-2019-2597,0.00083,0.34568
CVE-2019-2598,0.00092,0.38695
CVE-2019-2599,0.00089,0.37370
CVE-2019-2600,0.00181,0.55499
CVE-2019-2601,0.00064,0.26124
CVE-2019-2602,0.00289,0.65785
CVE-2019-2603,0.00181,0.55499
CVE-2019-2604,0.00181,0.55499
CVE-2019-2605,0.00083,0.34568
CVE-2019-2606,0.00097,0.40285
CVE-2019-2607,0.00097,0.40285
CVE-2019-2608,0.00083,0.34278
CVE-2019-2609,0.00083,0.34278
CVE-2019-2610,0.00083,0.34278
CVE-2019-2611,0.00083,0.34278
CVE-2019-2612,0.00083,0.34278
CVE-2019-2613,0.00083,0.34278
CVE-2019-2614,0.00111,0.44164
CVE-2019-2615,0.24918,0.96251
CVE-2019-2616,0.92592,0.98828
CVE-2019-2617,0.00090,0.37998
CVE-2019-2618,0.24918,0.96251
CVE-2019-2619,0.00045,0.12178
CVE-2019-2620,0.00097,0.40285
CVE-2019-2621,0.00083,0.34568
CVE-2019-2622,0.00083,0.34568
CVE-2019-2623,0.00214,0.59491
CVE-2019-2624,0.00088,0.37183
CVE-2019-2625,0.00088,0.37183
CVE-2019-2626,0.00088,0.37183
CVE-2019-2627,0.00222,0.60610
CVE-2019-2628,0.00215,0.59600
CVE-2019-2629,0.00054,0.20290
CVE-2019-2630,0.00082,0.34024
CVE-2019-2631,0.00088,0.37183
CVE-2019-2632,0.00225,0.60870
CVE-2019-2633,0.01851,0.87090
CVE-2019-2634,0.00093,0.39131
CVE-2019-2635,0.00088,0.37183
CVE-2019-2636,0.00082,0.34024
CVE-2019-2637,0.00083,0.34568
CVE-2019-2638,0.01851,0.87090
CVE-2019-2639,0.00181,0.55499
CVE-2019-2640,0.00181,0.55499
CVE-2019-2641,0.00181,0.55499
CVE-2019-2642,0.00181,0.55499
CVE-2019-2643,0.00181,0.55499
CVE-2019-2644,0.00088,0.37183
CVE-2019-2645,0.03325,0.90432
CVE-2019-2646,0.03325,0.90432
CVE-2019-2647,0.01820,0.86945
CVE-2019-2648,0.00388,0.70530
CVE-2019-2649,0.01820,0.86945
CVE-2019-2650,0.01820,0.86945
CVE-2019-2651,0.00181,0.55499
CVE-2019-2652,0.00181,0.55499
CVE-2019-2653,0.00181,0.55499
CVE-2019-2654,0.00181,0.55499
CVE-2019-2655,0.00181,0.55499
CVE-2019-2656,0.00122,0.46380
CVE-2019-2657,0.00173,0.54488
CVE-2019-2658,0.03325,0.90432
CVE-2019-2659,0.00083,0.34568
CVE-2019-2660,0.00181,0.55499
CVE-2019-2661,0.00181,0.55499
CVE-2019-2662,0.00181,0.55499
CVE-2019-2663,0.00181,0.55499
CVE-2019-2664,0.00181,0.55499
CVE-2019-2665,0.00181,0.55499
CVE-2019-2666,0.00181,0.55499
CVE-2019-2668,0.00181,0.55499
CVE-2019-2669,0.00083,0.34568
CVE-2019-2670,0.00083,0.34568
CVE-2019-2671,0.00181,0.55499
CVE-2019-2672,0.00181,0.55499
CVE-2019-2673,0.00083,0.34568
CVE-2019-2674,0.00083,0.34568
CVE-2019-2675,0.00181,0.55499
CVE-2019-2676,0.00083,0.34568
CVE-2019-2677,0.00181,0.55499
CVE-2019-2678,0.00045,0.12178
CVE-2019-2679,0.00045,0.12178
CVE-2019-2680,0.00045,0.12178
CVE-2019-2681,0.00088,0.37183
CVE-2019-2682,0.00181,0.55499
CVE-2019-2683,0.00094,0.39291
CVE-2019-2684,0.00273,0.64724
CVE-2019-2685,0.00088,0.37183
CVE-2019-2686,0.00088,0.37183
CVE-2019-2687,0.00088,0.37183
CVE-2019-2688,0.00088,0.37183
CVE-2019-2689,0.00088,0.37183
CVE-2019-2690,0.00066,0.27189
CVE-2019-2691,0.00088,0.37183
CVE-2019-2692,0.00045,0.12178
CVE-2019-2693,0.00231,0.61322
CVE-2019-2694,0.00231,0.61322
CVE-2019-2695,0.00231,0.61322
CVE-2019-2696,0.00045,0.12178
CVE-2019-2697,0.02095,0.88004
CVE-2019-2698,0.00684,0.77977
CVE-2019-2699,0.00266,0.64274
CVE-2019-2700,0.00054,0.20290
CVE-2019-2701,0.00054,0.20290
CVE-2019-2702,0.00194,0.57348
CVE-2019-2703,0.00045,0.12178
CVE-2019-2704,0.00089,0.37649
CVE-2019-2705,0.00093,0.39046
CVE-2019-2706,0.00179,0.55182
CVE-2019-2707,0.00083,0.34568
CVE-2019-2708,0.00091,0.38407
CVE-2019-2709,0.00083,0.34568
CVE-2019-2712,0.00083,0.34568
CVE-2019-2713,0.00089,0.37649
CVE-2019-2719,0.00083,0.34568
CVE-2019-2720,0.00054,0.20290
CVE-2019-2721,0.00086,0.35630
CVE-2019-2722,0.00043,0.07608
CVE-2019-2723,0.00061,0.24104
CVE-2019-2725,0.97572,1.00000
CVE-2019-2726,0.00059,0.23219
CVE-2019-2727,0.00083,0.34278
CVE-2019-2728,0.00054,0.20290
CVE-2019-2729,0.97103,0.99738
CVE-2019-2730,0.00065,0.26917
CVE-2019-2731,0.00063,0.25163
CVE-2019-2732,0.00089,0.37649
CVE-2019-2733,0.00054,0.20290
CVE-2019-2734,0.00054,0.20290
CVE-2019-2735,0.00054,0.20290
CVE-2019-2736,0.00083,0.34568
CVE-2019-2737,0.00124,0.46706
CVE-2019-2738,0.00116,0.45259
CVE-2019-2739,0.00053,0.18308
CVE-2019-2740,0.00175,0.54732
CVE-2019-2741,0.00128,0.47454
CVE-2019-2742,0.00089,0.37649
CVE-2019-2743,0.00082,0.34105
CVE-2019-2744,0.00083,0.34568
CVE-2019-2745,0.00167,0.53465
CVE-2019-2746,0.00089,0.37282
CVE-2019-2747,0.00076,0.31207
CVE-2019-2748,0.00054,0.20290
CVE-2019-2749,0.00059,0.23219
CVE-2019-2750,0.00362,0.69514
CVE-2019-2751,0.00203,0.58336
CVE-2019-2752,0.00101,0.41069
CVE-2019-2753,0.00053,0.18590
CVE-2019-2754,0.00089,0.37370
CVE-2019-2755,0.00101,0.41069
CVE-2019-2756,0.00083,0.34278
CVE-2019-2757,0.00114,0.44991
CVE-2019-2758,0.00269,0.64468
CVE-2019-2759,0.00083,0.34278
CVE-2019-2760,0.00074,0.30432
CVE-2019-2761,0.00089,0.37649
CVE-2019-2762,0.00141,0.49755
CVE-2019-2763,0.00194,0.57348
CVE-2019-2764,0.00083,0.34278
CVE-2019-2765,0.00045,0.12178
CVE-2019-2766,0.00131,0.47946
CVE-2019-2767,0.14972,0.95333
CVE-2019-2768,0.00276,0.64894
CVE-2019-2769,0.00141,0.49755
CVE-2019-2770,0.00064,0.26124
CVE-2019-2771,0.00075,0.31056
CVE-2019-2772,0.00083,0.34568
CVE-2019-2773,0.00089,0.37649
CVE-2019-2774,0.00114,0.44991
CVE-2019-2775,0.00093,0.39046
CVE-2019-2776,0.00089,0.37370
CVE-2019-2777,0.00083,0.34568
CVE-2019-2778,0.00177,0.54885
CVE-2019-2779,0.00063,0.24890
CVE-2019-2780,0.00101,0.41069
CVE-2019-2781,0.00089,0.37370
CVE-2019-2782,0.00276,0.64894
CVE-2019-2783,0.00089,0.37649
CVE-2019-2784,0.00101,0.41069
CVE-2019-2785,0.00101,0.41069
CVE-2019-2786,0.00215,0.59607
CVE-2019-2787,0.00083,0.34568
CVE-2019-2788,0.00059,0.22987
CVE-2019-2789,0.00078,0.32111
CVE-2019-2790,0.00054,0.20290
CVE-2019-2791,0.00066,0.27606
CVE-2019-2792,0.00103,0.41682
CVE-2019-2793,0.00053,0.18590
CVE-2019-2794,0.00089,0.37649
CVE-2019-2795,0.00244,0.62527
CVE-2019-2796,0.00094,0.39291
CVE-2019-2797,0.00060,0.23619
CVE-2019-2798,0.00094,0.39291
CVE-2019-2799,0.00478,0.73288
CVE-2019-2800,0.00244,0.62527
CVE-2019-2801,0.00094,0.39291
CVE-2019-2802,0.00094,0.39291
CVE-2019-2803,0.00094,0.39291
CVE-2019-2804,0.00045,0.12178
CVE-2019-2805,0.00190,0.56621
CVE-2019-2807,0.00091,0.38407
CVE-2019-2808,0.00094,0.39291
CVE-2019-2809,0.00083,0.34278
CVE-2019-2810,0.00094,0.39291
CVE-2019-2811,0.00094,0.39291
CVE-2019-2812,0.00244,0.62527
CVE-2019-2813,0.00059,0.23219
CVE-2019-2814,0.00069,0.28571
CVE-2019-2815,0.00094,0.39291
CVE-2019-2816,0.00148,0.50799
CVE-2019-2817,0.00056,0.21136
CVE-2019-2818,0.00161,0.52707
CVE-2019-2819,0.00197,0.57634
CVE-2019-2820,0.00045,0.12178
CVE-2019-2821,0.00234,0.61526
CVE-2019-2822,0.00252,0.63185
CVE-2019-2823,0.00054,0.20290
CVE-2019-2824,0.24918,0.96251
CVE-2019-2825,0.00089,0.37370
CVE-2019-2826,0.00094,0.39291
CVE-2019-2827,0.00514,0.74269
CVE-2019-2828,0.00519,0.74380
CVE-2019-2829,0.00181,0.55499
CVE-2019-2830,0.00094,0.39291
CVE-2019-2831,0.00053,0.18590
CVE-2019-2832,0.00045,0.12178
CVE-2019-2833,0.00089,0.37370
CVE-2019-2834,0.00244,0.62527
CVE-2019-2835,0.00083,0.34278
CVE-2019-2836,0.00276,0.64894
CVE-2019-2837,0.00181,0.55499
CVE-2019-2838,0.00089,0.37649
CVE-2019-2839,0.00063,0.24890
CVE-2019-2840,0.00064,0.26124
CVE-2019-2841,0.00089,0.37370
CVE-2019-2842,0.00202,0.58193
CVE-2019-2843,0.00054,0.20290
CVE-2019-2844,0.00045,0.12178
CVE-2019-2845,0.00053,0.18590
CVE-2019-2846,0.00089,0.37649
CVE-2019-2847,0.00064,0.26124
CVE-2019-2848,0.00091,0.38407
CVE-2019-2850,0.00096,0.40054
CVE-2019-2852,0.00083,0.34278
CVE-2019-2853,0.00083,0.34278
CVE-2019-2854,0.00083,0.34278
CVE-2019-2855,0.00083,0.34278
CVE-2019-2856,0.03325,0.90432
CVE-2019-2857,0.00054,0.20290
CVE-2019-2858,0.00054,0.20290
CVE-2019-2859,0.00043,0.07608
CVE-2019-2860,0.00083,0.34278
CVE-2019-2861,0.00426,0.71777
CVE-2019-2862,0.00083,0.34595
CVE-2019-2863,0.00043,0.07608
CVE-2019-2864,0.00043,0.07608
CVE-2019-2865,0.00043,0.07608
CVE-2019-2866,0.00043,0.07608
CVE-2019-2867,0.00067,0.27773
CVE-2019-2868,0.00074,0.30432
CVE-2019-2869,0.00074,0.30432
CVE-2019-2870,0.00074,0.30432
CVE-2019-2871,0.00074,0.30432
CVE-2019-2872,0.00045,0.12178
CVE-2019-2873,0.00096,0.40054
CVE-2019-2874,0.00096,0.40054
CVE-2019-2875,0.00096,0.40054
CVE-2019-2876,0.00096,0.40054
CVE-2019-2877,0.00091,0.38407
CVE-2019-2878,0.00083,0.34568
CVE-2019-2879,0.00082,0.34198
CVE-2019-2880,0.00396,0.70830
CVE-2019-2883,0.00054,0.20290
CVE-2019-2884,0.00203,0.58336
CVE-2019-2886,0.00083,0.34568
CVE-2019-2887,0.00069,0.28558
CVE-2019-2888,0.00162,0.52874
CVE-2019-2889,0.00106,0.42994
CVE-2019-2890,0.24911,0.96250
CVE-2019-2891,0.00156,0.51914
CVE-2019-2894,0.00093,0.39203
CVE-2019-2895,0.00138,0.49334
CVE-2019-2896,0.00203,0.58336
CVE-2019-2897,0.00065,0.26887
CVE-2019-2898,0.00054,0.20290
CVE-2019-2899,0.00054,0.20290
CVE-2019-2900,0.00276,0.64894
CVE-2019-2901,0.00083,0.34278
CVE-2019-2902,0.00083,0.34278
CVE-2019-2903,0.00083,0.34278
CVE-2019-2904,0.07590,0.93528
CVE-2019-2905,0.00276,0.64894
CVE-2019-2906,0.00181,0.55499
CVE-2019-2907,0.00089,0.37649
CVE-2019-2909,0.00089,0.37649
CVE-2019-2910,0.00173,0.54552
CVE-2019-2911,0.00068,0.28386
CVE-2019-2913,0.00054,0.20290
CVE-2019-2914,0.00128,0.47398
CVE-2019-2915,0.00083,0.34568
CVE-2019-2920,0.00083,0.34278
CVE-2019-2922,0.00173,0.54552
CVE-2019-2923,0.00173,0.54552
CVE-2019-2924,0.00173,0.54552
CVE-2019-2925,0.00083,0.34568
CVE-2019-2926,0.00052,0.17603
CVE-2019-2927,0.00097,0.40218
CVE-2019-2929,0.00083,0.34568
CVE-2019-2930,0.00083,0.34568
CVE-2019-2931,0.00083,0.34568
CVE-2019-2932,0.00089,0.37370
CVE-2019-2933,0.00239,0.62060
CVE-2019-2934,0.00065,0.26880
CVE-2019-2935,0.00089,0.37649
CVE-2019-2936,0.00063,0.24890
CVE-2019-2937,0.00065,0.26880
CVE-2019-2938,0.00099,0.40748
CVE-2019-2939,0.00054,0.20290
CVE-2019-2940,0.00049,0.15042
CVE-2019-2941,0.00054,0.20290
CVE-2019-2942,0.00181,0.55499
CVE-2019-2943,0.00089,0.37370
CVE-2019-2944,0.00045,0.12178
CVE-2019-2945,0.00098,0.40483
CVE-2019-2946,0.00128,0.47398
CVE-2019-2947,0.00089,0.37370
CVE-2019-2948,0.00082,0.34198
CVE-2019-2949,0.00081,0.33712
CVE-2019-2950,0.00082,0.34198
CVE-2019-2951,0.00054,0.20290
CVE-2019-2952,0.00083,0.34568
CVE-2019-2953,0.00089,0.37370
CVE-2019-2954,0.00091,0.38407
CVE-2019-2955,0.00091,0.38407
CVE-2019-2956,0.00059,0.23219
CVE-2019-2957,0.00101,0.41162
CVE-2019-2958,0.00233,0.61491
CVE-2019-2959,0.00054,0.20290
CVE-2019-2960,0.00101,0.41162
CVE-2019-2961,0.00091,0.38407
CVE-2019-2962,0.00075,0.30923
CVE-2019-2963,0.00101,0.41162
CVE-2019-2964,0.00075,0.30923
CVE-2019-2965,0.00276,0.64894
CVE-2019-2966,0.00128,0.47398
CVE-2019-2967,0.00128,0.47398
CVE-2019-2968,0.00101,0.41162
CVE-2019-2969,0.00108,0.43498
CVE-2019-2970,0.00083,0.34278
CVE-2019-2971,0.00083,0.34278
CVE-2019-2972,0.00083,0.34278
CVE-2019-2973,0.00075,0.30923
CVE-2019-2974,0.00266,0.64289
CVE-2019-2975,0.00088,0.36841
CVE-2019-2976,0.00064,0.26124
CVE-2019-2977,0.00707,0.78372
CVE-2019-2978,0.00075,0.30923
CVE-2019-2979,0.00054,0.20290
CVE-2019-2980,0.00089,0.37370
CVE-2019-2981,0.00075,0.30923
CVE-2019-2982,0.00101,0.41162
CVE-2019-2983,0.00075,0.30923
CVE-2019-2984,0.00049,0.15042
CVE-2019-2985,0.00083,0.34568
CVE-2019-2986,0.00059,0.23219
CVE-2019-2987,0.00450,0.72506
CVE-2019-2988,0.00083,0.34419
CVE-2019-2989,0.00279,0.65107
CVE-2019-2990,0.00181,0.55499
CVE-2019-2991,0.00101,0.41162
CVE-2019-2992,0.00083,0.34419
CVE-2019-2993,0.00118,0.45810
CVE-2019-2994,0.00181,0.55499
CVE-2019-2995,0.00181,0.55499
CVE-2019-2996,0.00217,0.59765
CVE-2019-2997,0.00101,0.41162
CVE-2019-2998,0.00101,0.41162
CVE-2019-2999,0.00095,0.39673
CVE-2019-3000,0.00181,0.55499
CVE-2019-3001,0.00089,0.37649
CVE-2019-3002,0.00049,0.15042
CVE-2019-3003,0.00082,0.34198
CVE-2019-3004,0.00128,0.47398
CVE-2019-3005,0.00049,0.15042
CVE-2019-3008,0.00049,0.15042
CVE-2019-3009,0.00094,0.39310
CVE-2019-3010,0.00394,0.70764
CVE-2019-3011,0.00128,0.47398
CVE-2019-3012,0.00089,0.37649
CVE-2019-3014,0.00083,0.34568
CVE-2019-3015,0.00054,0.20290
CVE-2019-3016,0.00050,0.16500
CVE-2019-3017,0.00043,0.07608
CVE-2019-3018,0.00094,0.39310
CVE-2019-3019,0.00054,0.20290
CVE-2019-3020,0.00175,0.54684
CVE-2019-3021,0.00091,0.38407
CVE-2019-3022,0.00089,0.37649
CVE-2019-3023,0.00083,0.34568
CVE-2019-3024,0.00083,0.34568
CVE-2019-3025,0.04341,0.91537
CVE-2019-3026,0.00043,0.07608
CVE-2019-3027,0.00083,0.34278
CVE-2019-3028,0.00045,0.12178
CVE-2019-3031,0.00043,0.07608
CVE-2019-3394,0.18850,0.95809
CVE-2019-3395,0.07038,0.93337
CVE-2019-3396,0.97502,0.99977
CVE-2019-3397,0.00441,0.72253
CVE-2019-3398,0.97220,0.99806
CVE-2019-3399,0.16340,0.95522
CVE-2019-3400,0.00095,0.39586
CVE-2019-3401,0.00550,0.75150
CVE-2019-3402,0.00254,0.63283
CVE-2019-3403,0.00550,0.75150
CVE-2019-3404,0.00084,0.34791
CVE-2019-3405,0.00092,0.38838
CVE-2019-3409,0.00162,0.52917
CVE-2019-3410,0.00073,0.30112
CVE-2019-3411,0.00168,0.53801
CVE-2019-3412,0.00366,0.69691
CVE-2019-3413,0.00054,0.20290
CVE-2019-3414,0.00075,0.31116
CVE-2019-3415,0.00075,0.30782
CVE-2019-3416,0.00222,0.60556
CVE-2019-3417,0.00114,0.44954
CVE-2019-3418,0.00054,0.20290
CVE-2019-3419,0.00075,0.31116
CVE-2019-3420,0.00120,0.46173
CVE-2019-3421,0.00044,0.10161
CVE-2019-3422,0.01086,0.82829
CVE-2019-3423,0.00096,0.39991
CVE-2019-3424,0.00168,0.53801
CVE-2019-3425,0.00236,0.61804
CVE-2019-3426,0.00199,0.57916
CVE-2019-3427,0.00090,0.38030
CVE-2019-3428,0.00065,0.26756
CVE-2019-3429,0.00084,0.34791
CVE-2019-3430,0.00065,0.26756
CVE-2019-3431,0.00150,0.51166
CVE-2019-3459,0.00147,0.50705
CVE-2019-3460,0.00147,0.50705
CVE-2019-3461,0.00042,0.05722
CVE-2019-3462,0.02575,0.89196
CVE-2019-3463,0.01911,0.87359
CVE-2019-3464,0.01911,0.87359
CVE-2019-3465,0.00237,0.61841
CVE-2019-3466,0.00042,0.05722
CVE-2019-3467,0.00054,0.19126
CVE-2019-3474,0.00287,0.65635
CVE-2019-3475,0.00042,0.05722
CVE-2019-3476,0.01365,0.84891
CVE-2019-3477,0.00078,0.32606
CVE-2019-3479,0.01333,0.84665
CVE-2019-3480,0.00058,0.22638
CVE-2019-3481,0.00092,0.38890
CVE-2019-3482,0.00074,0.30719
CVE-2019-3483,0.00060,0.23261
CVE-2019-3484,0.00143,0.50172
CVE-2019-3485,0.00059,0.22827
CVE-2019-3486,0.00058,0.22638
CVE-2019-3489,0.00155,0.51759
CVE-2019-3490,0.00115,0.45113
CVE-2019-3493,0.00840,0.80322
CVE-2019-3494,0.00090,0.37714
CVE-2019-3495,0.01586,0.86016
CVE-2019-3496,0.01199,0.83739
CVE-2019-3497,0.01199,0.83739
CVE-2019-3498,0.00802,0.79864
CVE-2019-3500,0.00042,0.05722
CVE-2019-3501,0.00238,0.61963
CVE-2019-3552,0.00233,0.61488
CVE-2019-3553,0.00190,0.56527
CVE-2019-3554,0.00103,0.41969
CVE-2019-3556,0.00150,0.51026
CVE-2019-3557,0.00244,0.62506
CVE-2019-3558,0.00448,0.72468
CVE-2019-3559,0.00224,0.60751
CVE-2019-3560,0.00266,0.64272
CVE-2019-3561,0.00244,0.62506
CVE-2019-3562,0.00089,0.37212
CVE-2019-3563,0.00127,0.47277
CVE-2019-3564,0.00224,0.60751
CVE-2019-3565,0.01267,0.84250
CVE-2019-3566,0.00115,0.45199
CVE-2019-3567,0.00222,0.60556
CVE-2019-3568,0.02520,0.89104
CVE-2019-3569,0.00178,0.55121
CVE-2019-3570,0.00230,0.61229
CVE-2019-3571,0.00084,0.34791
CVE-2019-3572,0.00130,0.47877
CVE-2019-3573,0.00061,0.23866
CVE-2019-3574,0.00152,0.51456
CVE-2019-3575,0.00042,0.05722
CVE-2019-3576,0.00148,0.50875
CVE-2019-3577,0.00138,0.49278
CVE-2019-3578,0.00074,0.30673
CVE-2019-3579,0.00155,0.51854
CVE-2019-3580,0.00107,0.43004
CVE-2019-3581,0.00204,0.58386
CVE-2019-3582,0.00042,0.05722
CVE-2019-3584,0.00044,0.10161
CVE-2019-3585,0.00042,0.05722
CVE-2019-3586,0.00109,0.43545
CVE-2019-3587,0.00042,0.05722
CVE-2019-3588,0.00070,0.29068
CVE-2019-3591,0.00162,0.52928
CVE-2019-3592,0.00044,0.10161
CVE-2019-3593,0.00042,0.05722
CVE-2019-3595,0.00044,0.10504
CVE-2019-3597,0.00244,0.62506
CVE-2019-3598,0.00200,0.57975
CVE-2019-3599,0.00399,0.70931
CVE-2019-3602,0.00054,0.20290
CVE-2019-3604,0.00071,0.29353
CVE-2019-3606,0.00044,0.10161
CVE-2019-3610,0.00042,0.05722
CVE-2019-3612,0.00044,0.10161
CVE-2019-3613,0.00042,0.05722
CVE-2019-3615,0.00074,0.30645
CVE-2019-3617,0.00042,0.05722
CVE-2019-3619,0.00186,0.55932
CVE-2019-3621,0.00042,0.05722
CVE-2019-3622,0.00044,0.10161
CVE-2019-3628,0.00080,0.33322
CVE-2019-3629,0.00080,0.33438
CVE-2019-3630,0.00189,0.56494
CVE-2019-3631,0.00189,0.56494
CVE-2019-3632,0.00117,0.45606
CVE-2019-3633,0.00042,0.05722
CVE-2019-3634,0.00042,0.05722
CVE-2019-3635,0.00157,0.52178
CVE-2019-3636,0.00044,0.10161
CVE-2019-3637,0.00042,0.05722
CVE-2019-3638,0.00681,0.77937
CVE-2019-3639,0.00411,0.71304
CVE-2019-3640,0.00318,0.67476
CVE-2019-3641,0.00087,0.35914
CVE-2019-3643,0.00217,0.59779
CVE-2019-3644,0.00217,0.59779
CVE-2019-3646,0.00042,0.05722
CVE-2019-3648,0.00044,0.10161
CVE-2019-3649,0.00186,0.55932
CVE-2019-3650,0.00186,0.55932
CVE-2019-3651,0.00310,0.67013
CVE-2019-3652,0.00042,0.05722
CVE-2019-3653,0.00042,0.05722
CVE-2019-3654,0.00058,0.22614
CVE-2019-3660,0.00203,0.58276
CVE-2019-3661,0.00103,0.41573
CVE-2019-3662,0.00230,0.61219
CVE-2019-3663,0.00042,0.05722
CVE-2019-3665,0.00145,0.50353
CVE-2019-3666,0.00145,0.50353
CVE-2019-3667,0.00069,0.28732
CVE-2019-3670,0.00170,0.54123
CVE-2019-3681,0.01141,0.83269
CVE-2019-3682,0.00044,0.10161
CVE-2019-3683,0.00087,0.36023
CVE-2019-3684,0.00286,0.65540
CVE-2019-3685,0.00201,0.58022
CVE-2019-3686,0.00078,0.32606
CVE-2019-3687,0.00042,0.05722
CVE-2019-3688,0.00042,0.05722
CVE-2019-3689,0.01338,0.84695
CVE-2019-3690,0.00042,0.05722
CVE-2019-3691,0.00042,0.05722
CVE-2019-3692,0.00042,0.05722
CVE-2019-3693,0.00042,0.05722
CVE-2019-3694,0.00042,0.05722
CVE-2019-3695,0.00051,0.17393
CVE-2019-3696,0.00044,0.07794
CVE-2019-3697,0.00042,0.05722
CVE-2019-3698,0.00060,0.23520
CVE-2019-3699,0.00042,0.05722
CVE-2019-3700,0.00044,0.10161
CVE-2019-3701,0.00074,0.30435
CVE-2019-3702,0.02412,0.88873
CVE-2019-3704,0.00042,0.05844
CVE-2019-3705,0.00973,0.81776
CVE-2019-3706,0.01133,0.83211
CVE-2019-3707,0.01133,0.83211
CVE-2019-3708,0.00679,0.77908
CVE-2019-3709,0.00679,0.77908
CVE-2019-3710,0.00291,0.65910
CVE-2019-3711,0.00099,0.40695
CVE-2019-3712,0.00111,0.44231
CVE-2019-3715,0.00042,0.05722
CVE-2019-3716,0.00042,0.05722
CVE-2019-3717,0.00069,0.28525
CVE-2019-3718,0.00086,0.35780
CVE-2019-3719,0.00248,0.62866
CVE-2019-3720,0.00201,0.58113
CVE-2019-3721,0.00168,0.53602
CVE-2019-3722,0.00204,0.58417
CVE-2019-3723,0.00283,0.65367
CVE-2019-3724,0.00472,0.73111
CVE-2019-3725,0.00184,0.55732
CVE-2019-3726,0.00044,0.10161
CVE-2019-3727,0.00044,0.10504
CVE-2019-3728,0.00206,0.58643
CVE-2019-3729,0.00048,0.14815
CVE-2019-3730,0.00646,0.77156
CVE-2019-3731,0.00509,0.74148
CVE-2019-3732,0.00646,0.77156
CVE-2019-3733,0.00302,0.66508
CVE-2019-3734,0.00068,0.28217
CVE-2019-3735,0.00042,0.05722
CVE-2019-3736,0.00365,0.69634
CVE-2019-3737,0.00244,0.62525
CVE-2019-3738,0.00359,0.69375
CVE-2019-3739,0.00364,0.69566
CVE-2019-3740,0.00364,0.69566
CVE-2019-3741,0.00042,0.05722
CVE-2019-3742,0.00046,0.13785
CVE-2019-3744,0.00044,0.07794
CVE-2019-3745,0.00042,0.05722
CVE-2019-3746,0.00365,0.69634
CVE-2019-3747,0.00054,0.20290
CVE-2019-3749,0.00042,0.05722
CVE-2019-3750,0.00042,0.05722
CVE-2019-3751,0.00154,0.51735
CVE-2019-3752,0.00089,0.37607
CVE-2019-3753,0.00065,0.26756
CVE-2019-3754,0.00151,0.51276
CVE-2019-3756,0.00065,0.26756
CVE-2019-3758,0.00222,0.60556
CVE-2019-3759,0.00531,0.74689
CVE-2019-3760,0.00129,0.47641
CVE-2019-3761,0.00066,0.27429
CVE-2019-3762,0.00167,0.53492
CVE-2019-3763,0.00042,0.05722
CVE-2019-3764,0.00082,0.34183
CVE-2019-3765,0.00192,0.56986
CVE-2019-3766,0.00634,0.76925
CVE-2019-3767,0.00044,0.10161
CVE-2019-3768,0.00090,0.37977
CVE-2019-3769,0.00068,0.28354
CVE-2019-3770,0.00068,0.28354
CVE-2019-3772,0.00443,0.72310
CVE-2019-3773,0.00894,0.80924
CVE-2019-3774,0.01556,0.85874
CVE-2019-3775,0.00090,0.37751
CVE-2019-3776,0.00066,0.27429
CVE-2019-3777,0.00459,0.72750
CVE-2019-3778,0.00741,0.78916
CVE-2019-3779,0.00097,0.40125
CVE-2019-3780,0.00099,0.40660
CVE-2019-3781,0.00341,0.68578
CVE-2019-3782,0.00042,0.05722
CVE-2019-3783,0.00104,0.42231
CVE-2019-3784,0.00090,0.37751
CVE-2019-3785,0.00154,0.51711
CVE-2019-3786,0.00090,0.37751
CVE-2019-3787,0.00199,0.57916
CVE-2019-3788,0.00083,0.34568
CVE-2019-3789,0.00054,0.20290
CVE-2019-3790,0.00082,0.34183
CVE-2019-3792,0.00124,0.46843
CVE-2019-3793,0.00447,0.72418
CVE-2019-3794,0.00138,0.49358
CVE-2019-3795,0.00337,0.68403
CVE-2019-3797,0.00084,0.34791
CVE-2019-3798,0.00200,0.57926
CVE-2019-3799,0.02349,0.88724
CVE-2019-3800,0.00151,0.51278
CVE-2019-3801,0.00238,0.61974
CVE-2019-3802,0.00084,0.34791
CVE-2019-3803,0.00321,0.67638
CVE-2019-3804,0.00245,0.62612
CVE-2019-3805,0.00042,0.05722
CVE-2019-3806,0.00180,0.55348
CVE-2019-3807,0.00180,0.55348
CVE-2019-3808,0.00065,0.27139
CVE-2019-3809,0.00159,0.52511
CVE-2019-3810,0.01783,0.86781
CVE-2019-3811,0.00056,0.20981
CVE-2019-3812,0.00042,0.05722
CVE-2019-3813,0.00303,0.66571
CVE-2019-3814,0.00271,0.64577
CVE-2019-3815,0.00042,0.05722
CVE-2019-3816,0.00115,0.45178
CVE-2019-3817,0.00448,0.72443
CVE-2019-3818,0.00440,0.72234
CVE-2019-3819,0.00042,0.05722
CVE-2019-3820,0.00110,0.43992
CVE-2019-3821,0.00629,0.76853
CVE-2019-3822,0.17091,0.95612
CVE-2019-3823,0.00412,0.71360
CVE-2019-3824,0.00590,0.76025
CVE-2019-3825,0.00089,0.37315
CVE-2019-3826,0.00250,0.63065
CVE-2019-3827,0.00042,0.05722
CVE-2019-3828,0.00047,0.13971
CVE-2019-3829,0.00955,0.81600
CVE-2019-3830,0.00044,0.10161
CVE-2019-3831,0.00044,0.10161
CVE-2019-3832,0.00057,0.21274
CVE-2019-3833,0.00393,0.70740
CVE-2019-3834,0.00092,0.38838
CVE-2019-3835,0.00130,0.47838
CVE-2019-3836,0.00974,0.81790
CVE-2019-3837,0.00044,0.10161
CVE-2019-3838,0.00108,0.43448
CVE-2019-3839,0.00167,0.53510
CVE-2019-3840,0.00240,0.62153
CVE-2019-3841,0.00069,0.28474
CVE-2019-3842,0.00171,0.54162
CVE-2019-3843,0.00042,0.05722
CVE-2019-3844,0.00042,0.05722
CVE-2019-3845,0.00044,0.10161
CVE-2019-3846,0.00098,0.40393
CVE-2019-3847,0.00079,0.32843
CVE-2019-3848,0.00054,0.20290
CVE-2019-3849,0.00087,0.36023
CVE-2019-3850,0.00084,0.35108
CVE-2019-3851,0.00054,0.20290
CVE-2019-3852,0.00054,0.20290
CVE-2019-3855,0.00994,0.82005
CVE-2019-3856,0.00343,0.68671
CVE-2019-3857,0.00343,0.68671
CVE-2019-3858,0.00991,0.81966
CVE-2019-3859,0.01263,0.84221
CVE-2019-3860,0.04767,0.91927
CVE-2019-3861,0.02853,0.89734
CVE-2019-3862,0.00991,0.81966
CVE-2019-3863,0.00481,0.73374
CVE-2019-3864,0.00073,0.30112
CVE-2019-3865,0.00078,0.32606
CVE-2019-3866,0.00044,0.10161
CVE-2019-3867,0.00055,0.20370
CVE-2019-3868,0.00112,0.44597
CVE-2019-3869,0.00087,0.36023
CVE-2019-3870,0.00148,0.50852
CVE-2019-3871,0.00799,0.79813
CVE-2019-3872,0.00054,0.19451
CVE-2019-3873,0.00087,0.36023
CVE-2019-3874,0.00222,0.60580
CVE-2019-3875,0.00076,0.31323
CVE-2019-3876,0.00152,0.51453
CVE-2019-3877,0.00118,0.45680
CVE-2019-3878,0.01369,0.84907
CVE-2019-3879,0.00120,0.46080
CVE-2019-3880,0.00142,0.49867
CVE-2019-3881,0.00063,0.25378
CVE-2019-3882,0.00044,0.08000
CVE-2019-3883,0.09742,0.94286
CVE-2019-3884,0.00072,0.29893
CVE-2019-3885,0.00914,0.81155
CVE-2019-3886,0.00121,0.46230
CVE-2019-3887,0.00045,0.12114
CVE-2019-3888,0.02354,0.88736
CVE-2019-3889,0.00068,0.28067
CVE-2019-3890,0.00136,0.48885
CVE-2019-3891,0.00042,0.05722
CVE-2019-3893,0.00244,0.62529
CVE-2019-3894,0.00441,0.72277
CVE-2019-3895,0.00391,0.70664
CVE-2019-3896,0.00042,0.05722
CVE-2019-3897,0.00084,0.34791
CVE-2019-3899,0.00235,0.61731
CVE-2019-3900,0.00232,0.61375
CVE-2019-3901,0.00042,0.05722
CVE-2019-3902,0.00210,0.59005
CVE-2019-3905,0.01909,0.87351
CVE-2019-3906,0.00142,0.49890
CVE-2019-3907,0.00113,0.44649
CVE-2019-3908,0.00144,0.50249
CVE-2019-3909,0.00295,0.66158
CVE-2019-3910,0.00266,0.64315
CVE-2019-3911,0.00195,0.57461
CVE-2019-3912,0.00160,0.52549
CVE-2019-3913,0.00470,0.73058
CVE-2019-3914,0.00850,0.80427
CVE-2019-3915,0.00077,0.32045
CVE-2019-3916,0.00399,0.70931
CVE-2019-3917,0.01092,0.82876
CVE-2019-3918,0.00659,0.77474
CVE-2019-3919,0.00197,0.57682
CVE-2019-3920,0.00197,0.57682
CVE-2019-3921,0.00641,0.77080
CVE-2019-3922,0.00424,0.71738
CVE-2019-3923,0.00066,0.27429
CVE-2019-3924,0.10470,0.94501
CVE-2019-3925,0.00758,0.79195
CVE-2019-3926,0.00758,0.79195
CVE-2019-3927,0.01410,0.85117
CVE-2019-3928,0.00162,0.52826
CVE-2019-3929,0.97378,0.99897
CVE-2019-3930,0.01699,0.86466
CVE-2019-3931,0.00111,0.44243
CVE-2019-3932,0.00998,0.82032
CVE-2019-3933,0.00192,0.57136
CVE-2019-3934,0.00252,0.63216
CVE-2019-3935,0.00857,0.80506
CVE-2019-3936,0.00217,0.59779
CVE-2019-3937,0.00042,0.05722
CVE-2019-3938,0.00042,0.05722
CVE-2019-3939,0.00667,0.77660
CVE-2019-3940,0.00594,0.76097
CVE-2019-3941,0.01004,0.82077
CVE-2019-3942,0.00294,0.66079
CVE-2019-3943,0.00779,0.79513
CVE-2019-3944,0.00110,0.44110
CVE-2019-3945,0.00103,0.41969
CVE-2019-3946,0.00308,0.66897
CVE-2019-3947,0.00707,0.78367
CVE-2019-3948,0.09884,0.94327
CVE-2019-3949,0.00222,0.60556
CVE-2019-3950,0.00222,0.60556
CVE-2019-3951,0.02390,0.88824
CVE-2019-3953,0.02105,0.88030
CVE-2019-3954,0.02105,0.88030
CVE-2019-3955,0.00958,0.81627
CVE-2019-3956,0.00432,0.71937
CVE-2019-3957,0.00432,0.71937
CVE-2019-3958,0.00072,0.29718
CVE-2019-3959,0.00301,0.66483
CVE-2019-3960,0.00391,0.70655
CVE-2019-3961,0.00110,0.44097
CVE-2019-3962,0.00056,0.21174
CVE-2019-3963,0.01069,0.82686
CVE-2019-3964,0.01069,0.82686
CVE-2019-3965,0.01069,0.82686
CVE-2019-3966,0.01069,0.82686
CVE-2019-3967,0.10113,0.94418
CVE-2019-3968,0.76785,0.97947
CVE-2019-3969,0.00042,0.05722
CVE-2019-3970,0.00044,0.10445
CVE-2019-3971,0.00042,0.05722
CVE-2019-3972,0.00044,0.10445
CVE-2019-3973,0.00060,0.23520
CVE-2019-3974,0.00081,0.33872
CVE-2019-3975,0.02105,0.88030
CVE-2019-3976,0.00128,0.47453
CVE-2019-3977,0.00176,0.54820
CVE-2019-3978,0.00690,0.78088
CVE-2019-3979,0.00176,0.54820
CVE-2019-3980,0.01347,0.84748
CVE-2019-3981,0.00070,0.28773
CVE-2019-3982,0.00137,0.49068
CVE-2019-3983,0.00303,0.66585
CVE-2019-3984,0.00894,0.80930
CVE-2019-3985,0.00235,0.61635
CVE-2019-3986,0.00235,0.61635
CVE-2019-3987,0.00235,0.61635
CVE-2019-3988,0.00235,0.61635
CVE-2019-3989,0.01209,0.83821
CVE-2019-3990,0.00050,0.16378
CVE-2019-3992,0.00419,0.71570
CVE-2019-3993,0.07734,0.93573
CVE-2019-3994,0.00719,0.78603
CVE-2019-3995,0.04842,0.91996
CVE-2019-3996,0.01877,0.87202
CVE-2019-3997,0.00084,0.34620
CVE-2019-3998,0.00042,0.05722
CVE-2019-3999,0.00164,0.53112
CVE-2019-4000,0.00042,0.05722
CVE-2019-4001,0.00042,0.05722
CVE-2019-4008,0.00611,0.76437
CVE-2019-4011,0.00050,0.16691
CVE-2019-4012,0.00266,0.64295
CVE-2019-4013,0.00459,0.72776
CVE-2019-4014,0.00042,0.05722
CVE-2019-4015,0.00042,0.05722
CVE-2019-4016,0.00042,0.05722
CVE-2019-4027,0.00057,0.21292
CVE-2019-4028,0.00057,0.21292
CVE-2019-4029,0.00057,0.21292
CVE-2019-4030,0.00050,0.16691
CVE-2019-4031,0.00042,0.05722
CVE-2019-4032,0.00114,0.44970
CVE-2019-4033,0.00050,0.16691
CVE-2019-4034,0.00323,0.67731
CVE-2019-4035,0.00059,0.22868
CVE-2019-4036,0.00084,0.34936
CVE-2019-4038,0.00044,0.10161
CVE-2019-4039,0.00042,0.05722
CVE-2019-4040,0.00127,0.47222
CVE-2019-4043,0.00166,0.53301
CVE-2019-4045,0.00050,0.16691
CVE-2019-4046,0.00344,0.68697
CVE-2019-4047,0.00090,0.38038
CVE-2019-4048,0.00044,0.10161
CVE-2019-4049,0.00042,0.05722
CVE-2019-4051,0.00147,0.50635
CVE-2019-4052,0.00170,0.54131
CVE-2019-4054,0.00042,0.05722
CVE-2019-4055,0.00199,0.57777
CVE-2019-4056,0.00050,0.16691
CVE-2019-4057,0.00044,0.10161
CVE-2019-4058,0.00050,0.16691
CVE-2019-4059,0.00151,0.51303
CVE-2019-4061,0.01007,0.82103
CVE-2019-4062,0.00116,0.45281
CVE-2019-4063,0.00089,0.37311
CVE-2019-4066,0.00115,0.45185
CVE-2019-4067,0.00107,0.43309
CVE-2019-4068,0.00107,0.43309
CVE-2019-4069,0.00093,0.39184
CVE-2019-4070,0.00050,0.16691
CVE-2019-4071,0.00536,0.74812
CVE-2019-4072,0.00072,0.29678
CVE-2019-4073,0.00050,0.16691
CVE-2019-4074,0.00050,0.16691
CVE-2019-4075,0.00050,0.16691
CVE-2019-4076,0.00050,0.16691
CVE-2019-4077,0.00050,0.16691
CVE-2019-4078,0.00044,0.10161
CVE-2019-4080,0.00204,0.58410
CVE-2019-4083,0.00050,0.16691
CVE-2019-4084,0.00050,0.16691
CVE-2019-4086,0.00094,0.39362
CVE-2019-4087,0.01753,0.86679
CVE-2019-4088,0.00069,0.28530
CVE-2019-4090,0.00058,0.22585
CVE-2019-4091,0.00054,0.20290
CVE-2019-4092,0.00094,0.39362
CVE-2019-4093,0.00044,0.10161
CVE-2019-4094,0.00044,0.10161
CVE-2019-4095,0.00052,0.17570
CVE-2019-4098,0.00050,0.16691
CVE-2019-4101,0.00044,0.10374
CVE-2019-4102,0.00243,0.62360
CVE-2019-4103,0.00380,0.70221
CVE-2019-4106,0.00050,0.16691
CVE-2019-4109,0.00094,0.39362
CVE-2019-4112,0.00044,0.10161
CVE-2019-4115,0.00050,0.16691
CVE-2019-4116,0.00044,0.10161
CVE-2019-4117,0.00061,0.24135
CVE-2019-4118,0.00042,0.05722
CVE-2019-4119,0.00064,0.26231
CVE-2019-4120,0.00050,0.16691
CVE-2019-4129,0.00103,0.41597
CVE-2019-4130,0.01539,0.85788
CVE-2019-4131,0.00103,0.41597
CVE-2019-4132,0.00044,0.10161
CVE-2019-4133,0.00044,0.10161
CVE-2019-4134,0.00068,0.28038
CVE-2019-4135,0.00093,0.39184
CVE-2019-4136,0.00050,0.16691
CVE-2019-4137,0.00131,0.48062
CVE-2019-4138,0.00113,0.44639
CVE-2019-4139,0.00081,0.33688
CVE-2019-4140,0.00042,0.05722
CVE-2019-4141,0.00076,0.31433
CVE-2019-4142,0.00061,0.24135
CVE-2019-4143,0.00042,0.05722
CVE-2019-4145,0.00042,0.05722
CVE-2019-4146,0.00058,0.22696
CVE-2019-4147,0.00105,0.42692
CVE-2019-4148,0.00050,0.16691
CVE-2019-4149,0.00050,0.16691
CVE-2019-4150,0.00058,0.22025
CVE-2019-4151,0.00107,0.43309
CVE-2019-4152,0.00042,0.05722
CVE-2019-4153,0.00071,0.29421
CVE-2019-4154,0.00042,0.05722
CVE-2019-4155,0.00389,0.70540
CVE-2019-4156,0.00107,0.43309
CVE-2019-4157,0.00068,0.28038
CVE-2019-4158,0.00050,0.16691
CVE-2019-4160,0.00079,0.32888
CVE-2019-4161,0.00044,0.10161
CVE-2019-4162,0.00084,0.34938
CVE-2019-4163,0.00050,0.16691
CVE-2019-4165,0.00128,0.47391
CVE-2019-4166,0.00167,0.53435
CVE-2019-4167,0.00046,0.13868
CVE-2019-4169,0.00107,0.43309
CVE-2019-4171,0.00058,0.22025
CVE-2019-4173,0.00267,0.64340
CVE-2019-4174,0.00044,0.10161
CVE-2019-4175,0.00107,0.43309
CVE-2019-4176,0.00106,0.42866
CVE-2019-4177,0.00044,0.10161
CVE-2019-4178,0.00256,0.63529
CVE-2019-4183,0.00344,0.68697
CVE-2019-4184,0.00057,0.21292
CVE-2019-4185,0.00053,0.18844
CVE-2019-4186,0.00106,0.42974
CVE-2019-4193,0.00234,0.61504
CVE-2019-4194,0.00072,0.29678
CVE-2019-4201,0.00094,0.39362
CVE-2019-4202,0.00394,0.70779
CVE-2019-4203,0.00508,0.74122
CVE-2019-4204,0.00057,0.21292
CVE-2019-4207,0.00042,0.05722
CVE-2019-4208,0.00116,0.45281
CVE-2019-4209,0.00078,0.32606
CVE-2019-4210,0.00073,0.30157
CVE-2019-4211,0.00050,0.16691
CVE-2019-4212,0.00061,0.24135
CVE-2019-4214,0.00058,0.22025
CVE-2019-4215,0.00094,0.39362
CVE-2019-4216,0.00050,0.16691
CVE-2019-4217,0.00094,0.39362
CVE-2019-4218,0.00044,0.10161
CVE-2019-4219,0.00064,0.26231
CVE-2019-4220,0.00044,0.10161
CVE-2019-4222,0.00062,0.24586
CVE-2019-4224,0.00105,0.42692
CVE-2019-4225,0.00042,0.05722
CVE-2019-4226,0.00050,0.16691
CVE-2019-4227,0.00079,0.33084
CVE-2019-4231,0.00102,0.41253
CVE-2019-4234,0.00044,0.08096
CVE-2019-4235,0.00107,0.43309
CVE-2019-4236,0.00042,0.05722
CVE-2019-4237,0.00050,0.16691
CVE-2019-4238,0.00050,0.16691
CVE-2019-4239,0.00042,0.05722
CVE-2019-4241,0.00042,0.05722
CVE-2019-4243,0.00044,0.10161
CVE-2019-4244,0.00461,0.72828
CVE-2019-4246,0.00064,0.26231
CVE-2019-4249,0.00050,0.16691
CVE-2019-4250,0.00050,0.16691
CVE-2019-4252,0.00434,0.72016
CVE-2019-4253,0.00044,0.10161
CVE-2019-4256,0.00193,0.57263
CVE-2019-4257,0.00050,0.16691
CVE-2019-4258,0.00059,0.22868
CVE-2019-4259,0.00044,0.10161
CVE-2019-4260,0.00064,0.26231
CVE-2019-4261,0.00076,0.31433
CVE-2019-4262,0.00064,0.26231
CVE-2019-4263,0.00048,0.14582
CVE-2019-4264,0.00089,0.37311
CVE-2019-4265,0.00048,0.14797
CVE-2019-4266,0.00048,0.14797
CVE-2019-4267,0.00044,0.10161
CVE-2019-4268,0.00098,0.40368
CVE-2019-4269,0.00203,0.58297
CVE-2019-4270,0.00050,0.16691
CVE-2019-4271,0.00050,0.16691
CVE-2019-4275,0.00042,0.05722
CVE-2019-4279,0.15191,0.95363
CVE-2019-4280,0.00064,0.26231
CVE-2019-4284,0.00042,0.05722
CVE-2019-4285,0.00066,0.27156
CVE-2019-4286,0.00044,0.10161
CVE-2019-4288,0.00044,0.10161
CVE-2019-4291,0.00063,0.24969
CVE-2019-4292,0.01004,0.82082
CVE-2019-4293,0.00145,0.50321
CVE-2019-4294,0.00043,0.07685
CVE-2019-4295,0.00057,0.21364
CVE-2019-4296,0.00042,0.05722
CVE-2019-4297,0.00073,0.30322
CVE-2019-4298,0.00042,0.05722
CVE-2019-4299,0.00042,0.05722
CVE-2019-4301,0.00124,0.46813
CVE-2019-4303,0.00059,0.22868
CVE-2019-4304,0.00109,0.43898
CVE-2019-4305,0.00103,0.41597
CVE-2019-4306,0.00064,0.26231
CVE-2019-4307,0.00042,0.05722
CVE-2019-4308,0.00050,0.16691
CVE-2019-4309,0.00042,0.05722
CVE-2019-4310,0.00424,0.71735
CVE-2019-4311,0.00064,0.26231
CVE-2019-4314,0.00107,0.43309
CVE-2019-4321,0.00107,0.43309
CVE-2019-4322,0.00042,0.05722
CVE-2019-4323,0.00084,0.35108
CVE-2019-4324,0.00084,0.35108
CVE-2019-4325,0.00084,0.34791
CVE-2019-4326,0.00168,0.53801
CVE-2019-4327,0.00168,0.53801
CVE-2019-4329,0.00050,0.16691
CVE-2019-4330,0.00075,0.31125
CVE-2019-4334,0.00050,0.16691
CVE-2019-4335,0.00042,0.05722
CVE-2019-4336,0.00658,0.77409
CVE-2019-4337,0.00064,0.26231
CVE-2019-4338,0.00084,0.34936
CVE-2019-4339,0.00107,0.43309
CVE-2019-4340,0.00136,0.48883
CVE-2019-4342,0.00057,0.21292
CVE-2019-4343,0.00080,0.33330
CVE-2019-4349,0.00048,0.14797
CVE-2019-4351,0.00050,0.16485
CVE-2019-4352,0.00048,0.14240
CVE-2019-4357,0.00053,0.18449
CVE-2019-4364,0.00237,0.61853
CVE-2019-4366,0.00064,0.26231
CVE-2019-4377,0.00062,0.24586
CVE-2019-4378,0.00076,0.31433
CVE-2019-4381,0.00042,0.05722
CVE-2019-4382,0.00124,0.46715
CVE-2019-4383,0.00044,0.10161
CVE-2019-4384,0.00080,0.33253
CVE-2019-4385,0.00047,0.13943
CVE-2019-4386,0.00114,0.44890
CVE-2019-4387,0.00105,0.42692
CVE-2019-4388,0.00054,0.20290
CVE-2019-4391,0.00207,0.58716
CVE-2019-4392,0.00222,0.60556
CVE-2019-4393,0.00222,0.60556
CVE-2019-4394,0.00042,0.05722
CVE-2019-4395,0.00042,0.05722
CVE-2019-4396,0.00066,0.27156
CVE-2019-4397,0.00057,0.21449
CVE-2019-4398,0.00042,0.05722
CVE-2019-4399,0.00107,0.43309
CVE-2019-4400,0.00077,0.31765
CVE-2019-4402,0.00084,0.34936
CVE-2019-4403,0.00050,0.16691
CVE-2019-4406,0.00044,0.10161
CVE-2019-4409,0.00054,0.20290
CVE-2019-4410,0.00057,0.21292
CVE-2019-4411,0.00050,0.16691
CVE-2019-4412,0.00064,0.26231
CVE-2019-4415,0.00042,0.05722
CVE-2019-4419,0.00158,0.52242
CVE-2019-4420,0.00051,0.17141
CVE-2019-4422,0.00093,0.39184
CVE-2019-4423,0.00098,0.40368
CVE-2019-4424,0.00158,0.52242
CVE-2019-4425,0.00072,0.29463
CVE-2019-4426,0.00059,0.22852
CVE-2019-4427,0.00084,0.34938
CVE-2019-4428,0.00050,0.16691
CVE-2019-4429,0.00050,0.16691
CVE-2019-4430,0.00434,0.72016
CVE-2019-4431,0.00050,0.16691
CVE-2019-4433,0.00377,0.70071
CVE-2019-4437,0.00064,0.26231
CVE-2019-4439,0.00042,0.05722
CVE-2019-4441,0.00103,0.41597
CVE-2019-4442,0.00077,0.31765
CVE-2019-4444,0.00044,0.10161
CVE-2019-4446,0.00050,0.16691
CVE-2019-4447,0.00044,0.10161
CVE-2019-4448,0.00044,0.10161
CVE-2019-4450,0.00068,0.28038
CVE-2019-4451,0.00050,0.16691
CVE-2019-4454,0.00050,0.16691
CVE-2019-4456,0.00116,0.45281
CVE-2019-4457,0.00057,0.21364
CVE-2019-4459,0.00050,0.16691
CVE-2019-4460,0.00434,0.72016
CVE-2019-4461,0.00050,0.16691
CVE-2019-4465,0.00044,0.10161
CVE-2019-4467,0.00050,0.16691
CVE-2019-4468,0.00050,0.16691
CVE-2019-4470,0.00050,0.16691
CVE-2019-4471,0.00102,0.41285
CVE-2019-4473,0.00042,0.05722
CVE-2019-4477,0.00057,0.21449
CVE-2019-4478,0.00057,0.21364
CVE-2019-4481,0.00114,0.44970
CVE-2019-4482,0.00050,0.16691
CVE-2019-4483,0.00114,0.44970
CVE-2019-4484,0.00050,0.16691
CVE-2019-4485,0.00050,0.16691
CVE-2019-4486,0.00050,0.16691
CVE-2019-4494,0.00050,0.16691
CVE-2019-4495,0.00050,0.16691
CVE-2019-4497,0.00050,0.16691
CVE-2019-4505,0.00103,0.41597
CVE-2019-4508,0.00042,0.05722
CVE-2019-4509,0.00050,0.16691
CVE-2019-4512,0.00050,0.16691
CVE-2019-4513,0.00158,0.52242
CVE-2019-4514,0.00064,0.26231
CVE-2019-4515,0.00052,0.17570
CVE-2019-4520,0.00424,0.71735
CVE-2019-4521,0.00145,0.50319
CVE-2019-4523,0.00042,0.05722
CVE-2019-4530,0.00050,0.16691
CVE-2019-4533,0.00075,0.30918
CVE-2019-4536,0.00044,0.10161
CVE-2019-4537,0.00064,0.26231
CVE-2019-4538,0.00098,0.40552
CVE-2019-4539,0.00076,0.31433
CVE-2019-4540,0.00107,0.43309
CVE-2019-4541,0.00133,0.48329
CVE-2019-4542,0.00068,0.28038
CVE-2019-4545,0.00064,0.26231
CVE-2019-4546,0.00093,0.39184
CVE-2019-4547,0.00064,0.26231
CVE-2019-4548,0.00094,0.39362
CVE-2019-4549,0.00064,0.26231
CVE-2019-4550,0.00064,0.26231
CVE-2019-4551,0.00064,0.26231
CVE-2019-4552,0.00094,0.39362
CVE-2019-4553,0.00107,0.43309
CVE-2019-4555,0.00057,0.21292
CVE-2019-4556,0.00050,0.16691
CVE-2019-4557,0.00107,0.43309
CVE-2019-4558,0.00042,0.05722
CVE-2019-4559,0.00064,0.26231
CVE-2019-4560,0.00076,0.31433
CVE-2019-4561,0.01375,0.84948
CVE-2019-4562,0.00064,0.26231
CVE-2019-4563,0.00064,0.26231
CVE-2019-4564,0.00068,0.28038
CVE-2019-4565,0.00107,0.43309
CVE-2019-4566,0.00042,0.05722
CVE-2019-4568,0.00128,0.47391
CVE-2019-4569,0.00050,0.16691
CVE-2019-4570,0.00064,0.26231
CVE-2019-4571,0.00050,0.16691
CVE-2019-4572,0.00044,0.10161
CVE-2019-4575,0.00136,0.48910
CVE-2019-4576,0.00151,0.51303
CVE-2019-4579,0.00050,0.16691
CVE-2019-4581,0.00068,0.28038
CVE-2019-4582,0.00077,0.31765
CVE-2019-4583,0.00050,0.16691
CVE-2019-4588,0.00080,0.33276
CVE-2019-4589,0.00050,0.16691
CVE-2019-4591,0.00042,0.05722
CVE-2019-4592,0.00084,0.34936
CVE-2019-4593,0.00050,0.16691
CVE-2019-4594,0.00243,0.62331
CVE-2019-4595,0.00094,0.39362
CVE-2019-4596,0.00050,0.16691
CVE-2019-4597,0.00094,0.39282
CVE-2019-4598,0.00094,0.39282
CVE-2019-4600,0.00058,0.22025
CVE-2019-4601,0.00050,0.16691
CVE-2019-4602,0.00050,0.16691
CVE-2019-4603,0.00050,0.16691
CVE-2019-4606,0.00066,0.27438
CVE-2019-4608,0.00050,0.16691
CVE-2019-4609,0.00107,0.43309
CVE-2019-4611,0.00050,0.16691
CVE-2019-4612,0.00093,0.39184
CVE-2019-4613,0.00068,0.28329
CVE-2019-4614,0.00076,0.31433
CVE-2019-4616,0.00057,0.21517
CVE-2019-4617,0.00044,0.10161
CVE-2019-4619,0.00042,0.05722
CVE-2019-4620,0.00042,0.05722
CVE-2019-4621,0.00658,0.77409
CVE-2019-4623,0.00050,0.16691
CVE-2019-4631,0.00094,0.39362
CVE-2019-4632,0.00068,0.28038
CVE-2019-4633,0.00075,0.31125
CVE-2019-4635,0.00050,0.16691
CVE-2019-4636,0.00050,0.16691
CVE-2019-4637,0.00050,0.16691
CVE-2019-4638,0.00058,0.22025
CVE-2019-4639,0.00107,0.43309
CVE-2019-4640,0.00151,0.51303
CVE-2019-4644,0.00068,0.28038
CVE-2019-4645,0.00068,0.28038
CVE-2019-4650,0.00094,0.39282
CVE-2019-4651,0.00114,0.44970
CVE-2019-4652,0.00042,0.05722
CVE-2019-4653,0.00057,0.21292
CVE-2019-4654,0.00058,0.22025
CVE-2019-4655,0.00072,0.29678
CVE-2019-4656,0.00076,0.31433
CVE-2019-4663,0.00050,0.16691
CVE-2019-4665,0.00050,0.16691
CVE-2019-4666,0.00042,0.05722
CVE-2019-4667,0.00243,0.62331
CVE-2019-4668,0.00042,0.05722
CVE-2019-4669,0.00094,0.39282
CVE-2019-4670,0.00196,0.57580
CVE-2019-4671,0.00094,0.39282
CVE-2019-4672,0.00058,0.22025
CVE-2019-4674,0.00211,0.59033
CVE-2019-4675,0.00118,0.45738
CVE-2019-4676,0.00042,0.05722
CVE-2019-4679,0.00050,0.16691
CVE-2019-4680,0.00105,0.42692
CVE-2019-4681,0.00068,0.28038
CVE-2019-4686,0.00060,0.23283
CVE-2019-4687,0.00060,0.23283
CVE-2019-4688,0.00071,0.29179
CVE-2019-4689,0.00153,0.51535
CVE-2019-4691,0.00047,0.13993
CVE-2019-4692,0.00060,0.23283
CVE-2019-4693,0.00042,0.05722
CVE-2019-4694,0.00118,0.45738
CVE-2019-4695,0.00044,0.10161
CVE-2019-4697,0.00053,0.18905
CVE-2019-4698,0.00079,0.32888
CVE-2019-4699,0.00047,0.13993
CVE-2019-4701,0.00060,0.23283
CVE-2019-4702,0.00053,0.18905
CVE-2019-4703,0.00051,0.17141
CVE-2019-4704,0.00075,0.31125
CVE-2019-4705,0.00050,0.16691
CVE-2019-4706,0.00050,0.16691
CVE-2019-4707,0.00116,0.45281
CVE-2019-4713,0.00145,0.50416
CVE-2019-4715,0.00225,0.60815
CVE-2019-4716,0.08914,0.94023
CVE-2019-4718,0.00050,0.16691
CVE-2019-4719,0.00042,0.05722
CVE-2019-4720,0.00128,0.47391
CVE-2019-4722,0.00085,0.35283
CVE-2019-4723,0.00196,0.57528
CVE-2019-4724,0.00196,0.57528
CVE-2019-4725,0.00068,0.28038
CVE-2019-4726,0.00052,0.17570
CVE-2019-4728,0.01261,0.84212
CVE-2019-4729,0.00085,0.35283
CVE-2019-4730,0.00166,0.53301
CVE-2019-4731,0.00042,0.05722
CVE-2019-4732,0.00042,0.05722
CVE-2019-4735,0.00051,0.17141
CVE-2019-4736,0.00052,0.17570
CVE-2019-4737,0.00050,0.16691
CVE-2019-4738,0.00057,0.21364
CVE-2019-4740,0.00050,0.16691
CVE-2019-4741,0.00064,0.26231
CVE-2019-4742,0.00094,0.39362
CVE-2019-4743,0.00075,0.31125
CVE-2019-4744,0.00068,0.28038
CVE-2019-4745,0.00076,0.31371
CVE-2019-4746,0.00050,0.16691
CVE-2019-4747,0.00050,0.16691
CVE-2019-4748,0.00050,0.16691
CVE-2019-4749,0.00050,0.16691
CVE-2019-4750,0.00068,0.28329
CVE-2019-4751,0.00064,0.26231
CVE-2019-4752,0.00148,0.50827
CVE-2019-4762,0.00084,0.34936
CVE-2019-5005,0.00070,0.28942
CVE-2019-5006,0.00053,0.18438
CVE-2019-5007,0.00062,0.24606
CVE-2019-5008,0.01504,0.85616
CVE-2019-5009,0.06978,0.93314
CVE-2019-5010,0.02593,0.89237
CVE-2019-5011,0.00042,0.05722
CVE-2019-5012,0.00042,0.05722
CVE-2019-5013,0.00042,0.05722
CVE-2019-5014,0.00058,0.22795
CVE-2019-5015,0.00042,0.05722
CVE-2019-5016,0.00571,0.75569
CVE-2019-5017,0.00109,0.43515
CVE-2019-5018,0.11198,0.94691
CVE-2019-5019,0.00912,0.81121
CVE-2019-5020,0.00056,0.21204
CVE-2019-5021,0.01104,0.82970
CVE-2019-5023,0.00115,0.45086
CVE-2019-5024,0.00070,0.29068
CVE-2019-5029,0.93641,0.98944
CVE-2019-5030,0.00307,0.66825
CVE-2019-5031,0.00347,0.68855
CVE-2019-5032,0.01408,0.85113
CVE-2019-5033,0.01408,0.85113
CVE-2019-5034,0.00100,0.40836
CVE-2019-5035,0.00163,0.52932
CVE-2019-5036,0.00091,0.38495
CVE-2019-5037,0.00091,0.38495
CVE-2019-5038,0.00233,0.61491
CVE-2019-5039,0.00164,0.53069
CVE-2019-5040,0.00170,0.53982
CVE-2019-5041,0.01236,0.84026
CVE-2019-5042,0.00128,0.47405
CVE-2019-5043,0.00091,0.38495
CVE-2019-5045,0.00084,0.34826
CVE-2019-5046,0.00084,0.34826
CVE-2019-5047,0.00127,0.47369
CVE-2019-5048,0.00077,0.31761
CVE-2019-5049,0.00222,0.60556
CVE-2019-5050,0.00077,0.31761
CVE-2019-5051,0.00263,0.64069
CVE-2019-5052,0.00468,0.72995
CVE-2019-5053,0.00127,0.47369
CVE-2019-5054,0.00369,0.69823
CVE-2019-5055,0.00209,0.58870
CVE-2019-5057,0.00367,0.69740
CVE-2019-5058,0.00367,0.69740
CVE-2019-5059,0.00268,0.64404
CVE-2019-5060,0.00166,0.53252
CVE-2019-5061,0.00057,0.21534
CVE-2019-5062,0.00058,0.22795
CVE-2019-5063,0.13687,0.95144
CVE-2019-5064,0.03184,0.90217
CVE-2019-5065,0.00173,0.54476
CVE-2019-5066,0.00624,0.76750
CVE-2019-5067,0.01221,0.83913
CVE-2019-5068,0.00053,0.18876
CVE-2019-5069,0.00109,0.43753
CVE-2019-5070,0.00109,0.43853
CVE-2019-5071,0.00042,0.05844
CVE-2019-5072,0.00042,0.05844
CVE-2019-5073,0.00125,0.46862
CVE-2019-5074,0.00642,0.77086
CVE-2019-5075,0.01204,0.83783
CVE-2019-5076,0.00972,0.81771
CVE-2019-5077,0.00103,0.41969
CVE-2019-5078,0.00103,0.41969
CVE-2019-5079,0.01204,0.83783
CVE-2019-5080,0.00103,0.41969
CVE-2019-5081,0.01252,0.84131
CVE-2019-5082,0.01021,0.82224
CVE-2019-5083,0.00972,0.81771
CVE-2019-5084,0.00104,0.42293
CVE-2019-5085,0.00510,0.74177
CVE-2019-5086,0.00239,0.62023
CVE-2019-5087,0.00239,0.62023
CVE-2019-5088,0.00098,0.40325
CVE-2019-5089,0.00098,0.40325
CVE-2019-5090,0.00168,0.53801
CVE-2019-5091,0.00142,0.49967
CVE-2019-5092,0.00308,0.66914
CVE-2019-5093,0.00510,0.74177
CVE-2019-5094,0.00082,0.34184
CVE-2019-5095,0.00058,0.22585
CVE-2019-5096,0.48207,0.97182
CVE-2019-5097,0.27264,0.96371
CVE-2019-5098,0.00115,0.45086
CVE-2019-5099,0.00104,0.42293
CVE-2019-5100,0.00124,0.46693
CVE-2019-5101,0.00107,0.43169
CVE-2019-5102,0.00107,0.43169
CVE-2019-5105,0.00269,0.64482
CVE-2019-5106,0.00051,0.17393
CVE-2019-5107,0.00168,0.53801
CVE-2019-5108,0.00122,0.46443
CVE-2019-5109,0.00091,0.38618
CVE-2019-5110,0.00091,0.38618
CVE-2019-5111,0.00091,0.38618
CVE-2019-5112,0.00091,0.38618
CVE-2019-5114,0.00091,0.38618
CVE-2019-5116,0.00091,0.38618
CVE-2019-5117,0.00091,0.38618
CVE-2019-5119,0.00087,0.36089
CVE-2019-5120,0.00091,0.38618
CVE-2019-5121,0.00091,0.38618
CVE-2019-5122,0.00091,0.38618
CVE-2019-5123,0.00091,0.38618
CVE-2019-5124,0.00103,0.41969
CVE-2019-5125,0.00097,0.40168
CVE-2019-5126,0.00691,0.78102
CVE-2019-5127,0.97409,0.99922
CVE-2019-5128,0.92563,0.98824
CVE-2019-5129,0.92563,0.98824
CVE-2019-5130,0.00691,0.78102
CVE-2019-5131,0.00691,0.78102
CVE-2019-5132,0.00972,0.81771
CVE-2019-5133,0.00974,0.81790
CVE-2019-5134,0.00327,0.67923
CVE-2019-5135,0.00126,0.47113
CVE-2019-5136,0.00109,0.43614
CVE-2019-5137,0.00438,0.72172
CVE-2019-5138,0.00750,0.79047
CVE-2019-5139,0.00051,0.17393
CVE-2019-5140,0.00259,0.63737
CVE-2019-5141,0.02040,0.87814
CVE-2019-5142,0.00279,0.65082
CVE-2019-5143,0.00310,0.67003
CVE-2019-5144,0.01236,0.84026
CVE-2019-5145,0.00691,0.78102
CVE-2019-5146,0.00103,0.41969
CVE-2019-5147,0.00103,0.41969
CVE-2019-5148,0.00378,0.70160
CVE-2019-5149,0.00115,0.45086
CVE-2019-5150,0.00167,0.53474
CVE-2019-5151,0.00195,0.57389
CVE-2019-5152,0.00292,0.65953
CVE-2019-5153,0.00428,0.71841
CVE-2019-5154,0.00379,0.70174
CVE-2019-5155,0.00337,0.68437
CVE-2019-5156,0.00337,0.68437
CVE-2019-5157,0.00337,0.68437
CVE-2019-5158,0.00063,0.25378
CVE-2019-5159,0.00098,0.40325
CVE-2019-5160,0.00077,0.31898
CVE-2019-5161,0.00277,0.64948
CVE-2019-5162,0.00075,0.30870
CVE-2019-5163,0.00125,0.46945
CVE-2019-5164,0.00072,0.29671
CVE-2019-5165,0.00109,0.43614
CVE-2019-5166,0.00055,0.20318
CVE-2019-5167,0.00059,0.22804
CVE-2019-5168,0.00059,0.22804
CVE-2019-5169,0.00062,0.24825
CVE-2019-5170,0.00062,0.24825
CVE-2019-5171,0.00059,0.22804
CVE-2019-5172,0.00062,0.24825
CVE-2019-5173,0.00062,0.24825
CVE-2019-5174,0.00062,0.24825
CVE-2019-5175,0.00062,0.24825
CVE-2019-5176,0.00045,0.12206
CVE-2019-5177,0.00042,0.05722
CVE-2019-5178,0.00055,0.20318
CVE-2019-5179,0.00055,0.20318
CVE-2019-5180,0.00055,0.20318
CVE-2019-5181,0.00055,0.20318
CVE-2019-5182,0.00045,0.12206
CVE-2019-5183,0.00287,0.65661
CVE-2019-5184,0.00055,0.20318
CVE-2019-5185,0.00055,0.20318
CVE-2019-5186,0.00073,0.30170
CVE-2019-5187,0.00940,0.81435
CVE-2019-5188,0.00065,0.26830
CVE-2019-5210,0.00072,0.29986
CVE-2019-5211,0.00053,0.18293
CVE-2019-5212,0.00066,0.27209
CVE-2019-5213,0.00055,0.20512
CVE-2019-5214,0.00055,0.20370
CVE-2019-5215,0.00054,0.19143
CVE-2019-5216,0.00072,0.29986
CVE-2019-5217,0.00070,0.29068
CVE-2019-5218,0.00069,0.28577
CVE-2019-5219,0.00055,0.20370
CVE-2019-5220,0.00058,0.22795
CVE-2019-5221,0.00058,0.21962
CVE-2019-5222,0.00066,0.27209
CVE-2019-5223,0.00077,0.31705
CVE-2019-5224,0.00066,0.27209
CVE-2019-5225,0.00109,0.43790
CVE-2019-5226,0.00053,0.18293
CVE-2019-5227,0.00053,0.18293
CVE-2019-5228,0.00072,0.29986
CVE-2019-5229,0.00044,0.10161
CVE-2019-5230,0.00053,0.18293
CVE-2019-5231,0.00058,0.22795
CVE-2019-5232,0.00378,0.70167
CVE-2019-5233,0.00278,0.65045
CVE-2019-5235,0.00091,0.38066
CVE-2019-5236,0.00086,0.35742
CVE-2019-5237,0.00072,0.29986
CVE-2019-5238,0.00072,0.29986
CVE-2019-5239,0.00066,0.27209
CVE-2019-5241,0.00063,0.25378
CVE-2019-5242,0.00072,0.29986
CVE-2019-5243,0.00071,0.29165
CVE-2019-5244,0.00066,0.27209
CVE-2019-5245,0.00044,0.10161
CVE-2019-5246,0.00044,0.10161
CVE-2019-5247,0.00042,0.05722
CVE-2019-5248,0.00058,0.22795
CVE-2019-5250,0.00062,0.24464
CVE-2019-5251,0.00089,0.37650
CVE-2019-5252,0.00057,0.21534
CVE-2019-5253,0.00081,0.33540
CVE-2019-5254,0.00103,0.41969
CVE-2019-5255,0.00044,0.10161
CVE-2019-5256,0.00042,0.05722
CVE-2019-5257,0.00044,0.10161
CVE-2019-5258,0.00044,0.10161
CVE-2019-5259,0.00065,0.26756
CVE-2019-5260,0.00060,0.23607
CVE-2019-5263,0.00044,0.10161
CVE-2019-5264,0.00070,0.29068
CVE-2019-5265,0.00168,0.53801
CVE-2019-5266,0.00103,0.41969
CVE-2019-5267,0.00044,0.10161
CVE-2019-5268,0.00070,0.29068
CVE-2019-5269,0.00044,0.10161
CVE-2019-5271,0.00058,0.22795
CVE-2019-5272,0.00054,0.20290
CVE-2019-5273,0.00103,0.41969
CVE-2019-5274,0.00103,0.41969
CVE-2019-5275,0.00103,0.41969
CVE-2019-5276,0.00079,0.33022
CVE-2019-5277,0.00168,0.53801
CVE-2019-5278,0.00081,0.33872
CVE-2019-5279,0.00066,0.27209
CVE-2019-5280,0.00081,0.33540
CVE-2019-5281,0.00067,0.27804
CVE-2019-5282,0.00072,0.29986
CVE-2019-5283,0.00058,0.22795
CVE-2019-5284,0.00182,0.55531
CVE-2019-5285,0.00242,0.62312
CVE-2019-5286,0.00115,0.45113
CVE-2019-5287,0.00073,0.30402
CVE-2019-5288,0.00073,0.30402
CVE-2019-5289,0.00103,0.41969
CVE-2019-5290,0.00081,0.33872
CVE-2019-5291,0.00206,0.58643
CVE-2019-5292,0.00044,0.10161
CVE-2019-5293,0.00142,0.49886
CVE-2019-5294,0.00206,0.58643
CVE-2019-5295,0.00066,0.27284
CVE-2019-5296,0.00044,0.10161
CVE-2019-5297,0.00058,0.22795
CVE-2019-5298,0.00069,0.28577
CVE-2019-5299,0.00078,0.32241
CVE-2019-5300,0.00042,0.05722
CVE-2019-5301,0.00055,0.20370
CVE-2019-5302,0.00060,0.23607
CVE-2019-5303,0.00060,0.23607
CVE-2019-5304,0.00206,0.58643
CVE-2019-5305,0.00055,0.20370
CVE-2019-5306,0.00058,0.22795
CVE-2019-5307,0.00058,0.22795
CVE-2019-5308,0.00058,0.22795
CVE-2019-5309,0.00070,0.29068
CVE-2019-5310,0.00087,0.36434
CVE-2019-5311,0.00087,0.36434
CVE-2019-5312,0.00465,0.72921
CVE-2019-5314,0.00078,0.32606
CVE-2019-5315,0.00171,0.54179
CVE-2019-5317,0.00063,0.25099
CVE-2019-5318,0.00052,0.18167
CVE-2019-5319,0.00462,0.72842
CVE-2019-5320,0.00078,0.32606
CVE-2019-5321,0.00434,0.72040
CVE-2019-5322,0.00168,0.53801
CVE-2019-5323,0.00128,0.47467
CVE-2019-5326,0.00099,0.40629
CVE-2019-5338,0.01168,0.83514
CVE-2019-5339,0.01168,0.83514
CVE-2019-5340,0.01168,0.83514
CVE-2019-5341,0.01168,0.83514
CVE-2019-5342,0.00501,0.73922
CVE-2019-5343,0.00501,0.73922
CVE-2019-5344,0.00501,0.73922
CVE-2019-5345,0.00501,0.73922
CVE-2019-5346,0.00501,0.73922
CVE-2019-5347,0.01890,0.87263
CVE-2019-5348,0.00501,0.73922
CVE-2019-5349,0.00501,0.73922
CVE-2019-5350,0.00838,0.80285
CVE-2019-5351,0.00501,0.73922
CVE-2019-5352,0.01474,0.85442
CVE-2019-5353,0.00501,0.73922
CVE-2019-5354,0.00501,0.73922
CVE-2019-5355,0.01500,0.85568
CVE-2019-5356,0.01540,0.85796
CVE-2019-5357,0.00506,0.74066
CVE-2019-5358,0.01474,0.85442
CVE-2019-5359,0.00501,0.73922
CVE-2019-5360,0.00501,0.73922
CVE-2019-5361,0.00501,0.73922
CVE-2019-5362,0.00501,0.73922
CVE-2019-5363,0.00501,0.73922
CVE-2019-5364,0.00501,0.73922
CVE-2019-5365,0.00501,0.73922
CVE-2019-5366,0.00501,0.73922
CVE-2019-5367,0.01792,0.86822
CVE-2019-5368,0.01168,0.83514
CVE-2019-5369,0.01168,0.83514
CVE-2019-5370,0.00501,0.73922
CVE-2019-5371,0.00501,0.73922
CVE-2019-5372,0.00501,0.73922
CVE-2019-5373,0.00501,0.73922
CVE-2019-5374,0.01168,0.83514
CVE-2019-5375,0.01168,0.83514
CVE-2019-5376,0.01168,0.83514
CVE-2019-5377,0.00501,0.73922
CVE-2019-5378,0.00501,0.73922
CVE-2019-5379,0.00501,0.73922
CVE-2019-5380,0.00501,0.73922
CVE-2019-5381,0.00501,0.73922
CVE-2019-5382,0.00501,0.73922
CVE-2019-5383,0.00501,0.73922
CVE-2019-5384,0.00501,0.73922
CVE-2019-5385,0.00501,0.73922
CVE-2019-5386,0.00501,0.73922
CVE-2019-5387,0.01474,0.85442
CVE-2019-5388,0.00501,0.73922
CVE-2019-5389,0.00501,0.73922
CVE-2019-5390,0.00281,0.65219
CVE-2019-5391,0.00213,0.59278
CVE-2019-5392,0.00449,0.72481
CVE-2019-5393,0.00068,0.28097
CVE-2019-5394,0.00042,0.05722
CVE-2019-5395,0.00449,0.72470
CVE-2019-5396,0.00221,0.60225
CVE-2019-5397,0.00182,0.55610
CVE-2019-5398,0.00050,0.16027
CVE-2019-5399,0.00089,0.37282
CVE-2019-5400,0.00071,0.29417
CVE-2019-5401,0.00050,0.16027
CVE-2019-5402,0.00221,0.60225
CVE-2019-5403,0.00050,0.16027
CVE-2019-5404,0.00104,0.42231
CVE-2019-5405,0.00134,0.48476
CVE-2019-5406,0.00104,0.42231
CVE-2019-5407,0.00083,0.34297
CVE-2019-5408,0.00066,0.27589
CVE-2019-5413,0.00819,0.80039
CVE-2019-5414,0.00429,0.71852
CVE-2019-5415,0.00588,0.75977
CVE-2019-5416,0.00902,0.81029
CVE-2019-5417,0.00902,0.81029
CVE-2019-5418,0.97497,0.99974
CVE-2019-5419,0.00334,0.68295
CVE-2019-5420,0.96672,0.99571
CVE-2019-5421,0.00307,0.66848
CVE-2019-5422,0.00089,0.37212
CVE-2019-5423,0.01048,0.82469
CVE-2019-5424,0.00097,0.40082
CVE-2019-5425,0.00109,0.43564
CVE-2019-5426,0.00163,0.52939
CVE-2019-5427,0.01785,0.86794
CVE-2019-5429,0.00126,0.47203
CVE-2019-5430,0.00071,0.29353
CVE-2019-5431,0.00046,0.12692
CVE-2019-5432,0.00096,0.39929
CVE-2019-5433,0.00112,0.44327
CVE-2019-5434,0.34500,0.96720
CVE-2019-5435,0.01204,0.83785
CVE-2019-5436,0.06822,0.93240
CVE-2019-5437,0.00126,0.47113
CVE-2019-5438,0.00131,0.47967
CVE-2019-5439,0.03446,0.90595
CVE-2019-5440,0.00465,0.72921
CVE-2019-5442,0.00115,0.45086
CVE-2019-5443,0.00168,0.53603
CVE-2019-5444,0.00131,0.47967
CVE-2019-5445,0.00081,0.33872
CVE-2019-5446,0.00123,0.46544
CVE-2019-5447,0.00131,0.47967
CVE-2019-5448,0.00586,0.75904
CVE-2019-5449,0.00054,0.20290
CVE-2019-5450,0.00096,0.40045
CVE-2019-5451,0.00069,0.28525
CVE-2019-5452,0.00071,0.29270
CVE-2019-5453,0.00096,0.40045
CVE-2019-5454,0.00138,0.49278
CVE-2019-5455,0.00096,0.40045
CVE-2019-5456,0.00156,0.51908
CVE-2019-5457,0.00058,0.22585
CVE-2019-5458,0.00058,0.22585
CVE-2019-5459,0.00076,0.31275
CVE-2019-5460,0.00076,0.31173
CVE-2019-5461,0.00044,0.10445
CVE-2019-5462,0.00386,0.70453
CVE-2019-5463,0.00091,0.38064
CVE-2019-5464,0.00382,0.70309
CVE-2019-5465,0.00066,0.27597
CVE-2019-5466,0.00080,0.33243
CVE-2019-5467,0.00052,0.17785
CVE-2019-5468,0.00318,0.67472
CVE-2019-5469,0.00058,0.22585
CVE-2019-5470,0.00222,0.60559
CVE-2019-5471,0.00058,0.22585
CVE-2019-5472,0.00164,0.53088
CVE-2019-5473,0.00100,0.40916
CVE-2019-5474,0.00080,0.33243
CVE-2019-5475,0.00755,0.79144
CVE-2019-5476,0.00138,0.49278
CVE-2019-5477,0.01750,0.86669
CVE-2019-5478,0.00044,0.10161
CVE-2019-5479,0.00102,0.41475
CVE-2019-5480,0.00131,0.47967
CVE-2019-5481,0.01173,0.83541
CVE-2019-5482,0.09761,0.94290
CVE-2019-5483,0.00126,0.47113
CVE-2019-5484,0.00253,0.63226
CVE-2019-5485,0.22127,0.96066
CVE-2019-5486,0.00108,0.43322
CVE-2019-5487,0.00126,0.47113
CVE-2019-5488,0.00224,0.60793
CVE-2019-5489,0.00044,0.08000
CVE-2019-5490,0.00475,0.73202
CVE-2019-5491,0.00152,0.51366
CVE-2019-5492,0.00178,0.55045
CVE-2019-5493,0.00168,0.53801
CVE-2019-5494,0.00168,0.53801
CVE-2019-5495,0.00168,0.53801
CVE-2019-5496,0.00168,0.53801
CVE-2019-5497,0.00516,0.74322
CVE-2019-5498,0.00065,0.26756
CVE-2019-5500,0.00206,0.58643
CVE-2019-5501,0.00378,0.70167
CVE-2019-5502,0.00168,0.53801
CVE-2019-5503,0.00084,0.34791
CVE-2019-5504,0.00634,0.76925
CVE-2019-5505,0.00222,0.60556
CVE-2019-5506,0.00065,0.27048
CVE-2019-5507,0.00044,0.10161
CVE-2019-5508,0.00103,0.41969
CVE-2019-5509,0.00310,0.67010
CVE-2019-5511,0.00044,0.10161
CVE-2019-5512,0.00054,0.19231
CVE-2019-5513,0.00084,0.34791
CVE-2019-5514,0.07493,0.93498
CVE-2019-5515,0.00925,0.81284
CVE-2019-5516,0.00154,0.51746
CVE-2019-5517,0.00080,0.33438
CVE-2019-5518,0.01002,0.82065
CVE-2019-5519,0.00431,0.71935
CVE-2019-5520,0.02071,0.87920
CVE-2019-5521,0.00076,0.31330
CVE-2019-5522,0.00042,0.05722
CVE-2019-5523,0.04573,0.91730
CVE-2019-5524,0.00363,0.69561
CVE-2019-5525,0.00044,0.10161
CVE-2019-5526,0.00171,0.54221
CVE-2019-5527,0.00044,0.10161
CVE-2019-5528,0.00100,0.40872
CVE-2019-5530,0.00063,0.25378
CVE-2019-5531,0.00078,0.32606
CVE-2019-5532,0.00062,0.24248
CVE-2019-5533,0.00054,0.20290
CVE-2019-5534,0.00062,0.24248
CVE-2019-5535,0.00058,0.22795
CVE-2019-5536,0.00081,0.33872
CVE-2019-5537,0.00084,0.35115
CVE-2019-5538,0.00084,0.35115
CVE-2019-5539,0.00055,0.20374
CVE-2019-5540,0.00063,0.25048
CVE-2019-5541,0.00251,0.63102
CVE-2019-5542,0.00081,0.33872
CVE-2019-5543,0.00042,0.05722
CVE-2019-5544,0.04189,0.91401
CVE-2019-5585,0.00044,0.10161
CVE-2019-5586,0.00084,0.35108
CVE-2019-5587,0.00054,0.20290
CVE-2019-5588,0.00084,0.35108
CVE-2019-5589,0.00231,0.61297
CVE-2019-5590,0.00089,0.37377
CVE-2019-5591,0.00234,0.61529
CVE-2019-5592,0.00128,0.47518
CVE-2019-5593,0.00044,0.10161
CVE-2019-5594,0.00083,0.34568
CVE-2019-5595,0.00044,0.10161
CVE-2019-5596,0.00045,0.12509
CVE-2019-5597,0.11112,0.94669
CVE-2019-5598,0.02236,0.88451
CVE-2019-5599,0.03992,0.91197
CVE-2019-5600,0.05356,0.92388
CVE-2019-5601,0.00062,0.24248
CVE-2019-5602,0.00099,0.40660
CVE-2019-5603,0.00045,0.12227
CVE-2019-5604,0.00275,0.64873
CVE-2019-5605,0.00161,0.52775
CVE-2019-5606,0.00044,0.10161
CVE-2019-5607,0.00042,0.05722
CVE-2019-5608,0.01273,0.84271
CVE-2019-5609,0.00090,0.37972
CVE-2019-5610,0.00411,0.71328
CVE-2019-5611,0.00884,0.80798
CVE-2019-5612,0.00116,0.45451
CVE-2019-5613,0.00233,0.61449
CVE-2019-5614,0.00244,0.62506
CVE-2019-5615,0.00065,0.26756
CVE-2019-5616,0.00126,0.47113
CVE-2019-5617,0.00602,0.76257
CVE-2019-5618,0.00096,0.39998
CVE-2019-5619,0.00612,0.76472
CVE-2019-5620,0.10865,0.94612
CVE-2019-5621,0.00096,0.39998
CVE-2019-5622,0.00222,0.60556
CVE-2019-5623,0.00317,0.67444
CVE-2019-5624,0.00083,0.34246
CVE-2019-5625,0.00048,0.14788
CVE-2019-5626,0.00060,0.23520
CVE-2019-5627,0.00060,0.23520
CVE-2019-5629,0.00042,0.05722
CVE-2019-5630,0.00073,0.30112
CVE-2019-5631,0.00060,0.23740
CVE-2019-5632,0.00044,0.10161
CVE-2019-5633,0.00044,0.10161
CVE-2019-5634,0.00044,0.10161
CVE-2019-5635,0.00113,0.44617
CVE-2019-5636,0.00134,0.48563
CVE-2019-5637,0.00119,0.46000
CVE-2019-5638,0.00220,0.59957
CVE-2019-5640,0.00072,0.29847
CVE-2019-5641,0.00063,0.25287
CVE-2019-5642,0.00044,0.10161
CVE-2019-5643,0.00133,0.48393
CVE-2019-5644,0.00602,0.76257
CVE-2019-5645,0.96444,0.99486
CVE-2019-5647,0.00044,0.10161
CVE-2019-5648,0.00093,0.39137
CVE-2019-5665,0.00044,0.10161
CVE-2019-5666,0.00044,0.10161
CVE-2019-5667,0.00044,0.10161
CVE-2019-5668,0.00044,0.10161
CVE-2019-5669,0.00044,0.10161
CVE-2019-5670,0.00044,0.10161
CVE-2019-5671,0.00044,0.10161
CVE-2019-5672,0.00168,0.53801
CVE-2019-5673,0.00044,0.10161
CVE-2019-5674,0.00053,0.18449
CVE-2019-5675,0.00044,0.10161
CVE-2019-5676,0.00052,0.17661
CVE-2019-5677,0.00044,0.10161
CVE-2019-5678,0.00048,0.14331
CVE-2019-5679,0.00044,0.10161
CVE-2019-5680,0.00054,0.19411
CVE-2019-5681,0.00044,0.10161
CVE-2019-5682,0.00044,0.10161
CVE-2019-5683,0.00044,0.10161
CVE-2019-5684,0.01116,0.83070
CVE-2019-5685,0.02004,0.87695
CVE-2019-5686,0.00044,0.10161
CVE-2019-5687,0.00044,0.10161
CVE-2019-5688,0.00044,0.10161
CVE-2019-5689,0.00042,0.05722
CVE-2019-5690,0.00044,0.10161
CVE-2019-5691,0.00044,0.10161
CVE-2019-5692,0.00044,0.10161
CVE-2019-5693,0.00044,0.10161
CVE-2019-5694,0.00051,0.17393
CVE-2019-5695,0.00042,0.05722
CVE-2019-5696,0.00044,0.10161
CVE-2019-5697,0.00044,0.10161
CVE-2019-5698,0.00044,0.10161
CVE-2019-5699,0.00044,0.10161
CVE-2019-5700,0.00044,0.10161
CVE-2019-5701,0.00075,0.30876
CVE-2019-5702,0.00042,0.05722
CVE-2019-5715,0.00152,0.51379
CVE-2019-5716,0.00213,0.59283
CVE-2019-5717,0.00297,0.66268
CVE-2019-5718,0.00171,0.54223
CVE-2019-5719,0.00367,0.69733
CVE-2019-5720,0.00212,0.59184
CVE-2019-5721,0.00151,0.51350
CVE-2019-5722,0.01743,0.86645
CVE-2019-5723,0.01110,0.83019
CVE-2019-5725,0.01570,0.85933
CVE-2019-5727,0.00054,0.20290
CVE-2019-5729,0.00107,0.43271
CVE-2019-5736,0.00307,0.66851
CVE-2019-5737,0.01090,0.82856
CVE-2019-5739,0.00263,0.64037
CVE-2019-5747,0.00846,0.80378
CVE-2019-5748,0.00235,0.61731
CVE-2019-5754,0.00376,0.70057
CVE-2019-5755,0.00998,0.82034
CVE-2019-5756,0.07911,0.93659
CVE-2019-5757,0.01966,0.87541
CVE-2019-5758,0.01966,0.87541
CVE-2019-5759,0.01966,0.87541
CVE-2019-5760,0.02109,0.88039
CVE-2019-5761,0.01981,0.87606
CVE-2019-5762,0.09701,0.94277
CVE-2019-5763,0.01966,0.87541
CVE-2019-5764,0.02109,0.88039
CVE-2019-5765,0.00088,0.37079
CVE-2019-5766,0.00987,0.81915
CVE-2019-5767,0.00430,0.71895
CVE-2019-5768,0.00400,0.70973
CVE-2019-5769,0.02036,0.87795
CVE-2019-5770,0.02105,0.88031
CVE-2019-5771,0.07278,0.93428
CVE-2019-5772,0.01516,0.85672
CVE-2019-5773,0.00670,0.77706
CVE-2019-5774,0.01132,0.83203
CVE-2019-5775,0.00651,0.77279
CVE-2019-5776,0.00651,0.77279
CVE-2019-5777,0.00651,0.77279
CVE-2019-5778,0.00434,0.72018
CVE-2019-5779,0.00699,0.78239
CVE-2019-5780,0.00042,0.05722
CVE-2019-5781,0.00651,0.77279
CVE-2019-5782,0.02919,0.89821
CVE-2019-5783,0.00302,0.66511
CVE-2019-5784,0.00133,0.48460
CVE-2019-5785,0.00133,0.48460
CVE-2019-5786,0.97242,0.99816
CVE-2019-5787,0.00359,0.69384
CVE-2019-5788,0.01712,0.86525
CVE-2019-5789,0.01765,0.86716
CVE-2019-5790,0.00666,0.77621
CVE-2019-5791,0.00359,0.69384
CVE-2019-5792,0.00510,0.74161
CVE-2019-5793,0.00204,0.58377
CVE-2019-5794,0.00204,0.58377
CVE-2019-5795,0.00510,0.74161
CVE-2019-5796,0.29840,0.96519
CVE-2019-5797,0.00239,0.62007
CVE-2019-5798,0.01802,0.86858
CVE-2019-5799,0.00186,0.56055
CVE-2019-5800,0.00186,0.56055
CVE-2019-5801,0.00204,0.58377
CVE-2019-5802,0.00204,0.58377
CVE-2019-5803,0.00186,0.56055
CVE-2019-5804,0.00042,0.05722
CVE-2019-5805,0.01530,0.85747
CVE-2019-5806,0.03901,0.91125
CVE-2019-5807,0.02790,0.89625
CVE-2019-5808,0.02790,0.89625
CVE-2019-5809,0.02790,0.89625
CVE-2019-5810,0.00721,0.78622
CVE-2019-5811,0.01720,0.86557
CVE-2019-5812,0.00213,0.59290
CVE-2019-5813,0.02790,0.89625
CVE-2019-5814,0.00488,0.73563
CVE-2019-5815,0.00613,0.76497
CVE-2019-5816,0.00680,0.77919
CVE-2019-5817,0.00414,0.71400
CVE-2019-5818,0.00721,0.78622
CVE-2019-5819,0.00127,0.47280
CVE-2019-5820,0.03027,0.89979
CVE-2019-5821,0.03027,0.89979
CVE-2019-5822,0.01720,0.86557
CVE-2019-5823,0.00616,0.76591
CVE-2019-5824,0.02668,0.89392
CVE-2019-5825,0.63707,0.97587
CVE-2019-5826,0.00133,0.48422
CVE-2019-5827,0.00542,0.74965
CVE-2019-5828,0.02790,0.89625
CVE-2019-5829,0.03692,0.90892
CVE-2019-5830,0.00967,0.81724
CVE-2019-5831,0.01861,0.87127
CVE-2019-5832,0.01050,0.82492
CVE-2019-5833,0.00689,0.78067
CVE-2019-5834,0.00488,0.73561
CVE-2019-5835,0.00367,0.69728
CVE-2019-5836,0.01141,0.83274
CVE-2019-5837,0.01050,0.82492
CVE-2019-5838,0.00604,0.76305
CVE-2019-5839,0.00672,0.77754
CVE-2019-5840,0.00657,0.77387
CVE-2019-5841,0.00129,0.47640
CVE-2019-5842,0.00133,0.48422
CVE-2019-5843,0.00129,0.47640
CVE-2019-5844,0.01898,0.87309
CVE-2019-5845,0.01898,0.87309
CVE-2019-5846,0.01898,0.87309
CVE-2019-5847,0.00133,0.48460
CVE-2019-5848,0.00110,0.43979
CVE-2019-5849,0.00134,0.48524
CVE-2019-5850,0.00151,0.51354
CVE-2019-5851,0.00151,0.51300
CVE-2019-5852,0.00110,0.43979
CVE-2019-5853,0.00129,0.47640
CVE-2019-5854,0.00129,0.47640
CVE-2019-5855,0.00133,0.48460
CVE-2019-5856,0.00129,0.47640
CVE-2019-5857,0.00133,0.48460
CVE-2019-5858,0.00197,0.57683
CVE-2019-5859,0.00129,0.47640
CVE-2019-5860,0.00069,0.28755
CVE-2019-5861,0.00091,0.38473
CVE-2019-5862,0.00093,0.39164
CVE-2019-5864,0.00067,0.27771
CVE-2019-5865,0.00078,0.32660
CVE-2019-5866,0.00137,0.49214
CVE-2019-5867,0.00133,0.48460
CVE-2019-5868,0.00069,0.28755
CVE-2019-5869,0.00133,0.48422
CVE-2019-5870,0.00151,0.51354
CVE-2019-5871,0.00126,0.47144
CVE-2019-5872,0.00133,0.48422
CVE-2019-5873,0.00109,0.43911
CVE-2019-5874,0.00129,0.47640
CVE-2019-5875,0.00109,0.43911
CVE-2019-5876,0.00151,0.51300
CVE-2019-5877,0.00129,0.47640
CVE-2019-5878,0.00151,0.51300
CVE-2019-5879,0.00090,0.37877
CVE-2019-5880,0.00110,0.44076
CVE-2019-5881,0.00134,0.48524
CVE-2019-5882,0.00664,0.77574
CVE-2019-5883,0.00168,0.53801
CVE-2019-5884,0.00149,0.50995
CVE-2019-5885,0.00626,0.76788
CVE-2019-5886,0.00640,0.77060
CVE-2019-5887,0.00107,0.43004
CVE-2019-5888,0.00066,0.27550
CVE-2019-5889,0.00149,0.51000
CVE-2019-5890,0.00095,0.39576
CVE-2019-5891,0.00268,0.64399
CVE-2019-5892,0.00812,0.79959
CVE-2019-5893,0.00914,0.81147
CVE-2019-5909,0.01428,0.85208
CVE-2019-5910,0.00801,0.79839
CVE-2019-5911,0.00070,0.28841
CVE-2019-5912,0.00070,0.28841
CVE-2019-5913,0.00070,0.28841
CVE-2019-5914,0.00066,0.27274
CVE-2019-5915,0.00154,0.51663
CVE-2019-5916,0.01273,0.84271
CVE-2019-5917,0.00472,0.73120
CVE-2019-5918,0.00564,0.75442
CVE-2019-5919,0.00382,0.70316
CVE-2019-5920,0.00259,0.63666
CVE-2019-5921,0.00107,0.43238
CVE-2019-5922,0.00107,0.43238
CVE-2019-5923,0.00802,0.79865
CVE-2019-5924,0.00259,0.63666
CVE-2019-5925,0.00066,0.27429
CVE-2019-5926,0.00139,0.49389
CVE-2019-5927,0.00802,0.79865
CVE-2019-5928,0.00124,0.46744
CVE-2019-5929,0.00124,0.46744
CVE-2019-5930,0.00082,0.34183
CVE-2019-5931,0.00085,0.35257
CVE-2019-5932,0.00066,0.27429
CVE-2019-5933,0.00082,0.34183
CVE-2019-5934,0.00087,0.36089
CVE-2019-5935,0.00082,0.34183
CVE-2019-5936,0.00096,0.39886
CVE-2019-5937,0.00066,0.27429
CVE-2019-5938,0.00124,0.46744
CVE-2019-5939,0.00124,0.46744
CVE-2019-5940,0.00124,0.46744
CVE-2019-5941,0.00082,0.34183
CVE-2019-5942,0.00082,0.34183
CVE-2019-5943,0.00082,0.34183
CVE-2019-5944,0.00082,0.34183
CVE-2019-5945,0.01273,0.84271
CVE-2019-5946,0.00133,0.48389
CVE-2019-5947,0.00066,0.27429
CVE-2019-5953,0.05371,0.92398
CVE-2019-5954,0.00560,0.75324
CVE-2019-5955,0.00150,0.51174
CVE-2019-5956,0.00178,0.55054
CVE-2019-5957,0.00070,0.28841
CVE-2019-5958,0.00070,0.28841
CVE-2019-5960,0.00163,0.52978
CVE-2019-5961,0.00077,0.31860
CVE-2019-5962,0.00139,0.49389
CVE-2019-5963,0.00259,0.63666
CVE-2019-5964,0.00076,0.31287
CVE-2019-5965,0.00133,0.48389
CVE-2019-5966,0.00149,0.50967
CVE-2019-5967,0.00124,0.46744
CVE-2019-5968,0.00160,0.52552
CVE-2019-5969,0.00133,0.48389
CVE-2019-5970,0.00169,0.53898
CVE-2019-5971,0.00253,0.63238
CVE-2019-5972,0.00169,0.53898
CVE-2019-5973,0.00253,0.63238
CVE-2019-5974,0.00259,0.63666
CVE-2019-5975,0.00066,0.27429
CVE-2019-5976,0.00085,0.35257
CVE-2019-5977,0.00079,0.33111
CVE-2019-5978,0.00133,0.48389
CVE-2019-5979,0.00259,0.63666
CVE-2019-5980,0.00259,0.63666
CVE-2019-5981,0.00070,0.28841
CVE-2019-5982,0.00136,0.48888
CVE-2019-5983,0.00367,0.69732
CVE-2019-5984,0.00367,0.69732
CVE-2019-5985,0.00115,0.45007
CVE-2019-5986,0.00156,0.52008
CVE-2019-5987,0.01115,0.83057
CVE-2019-5988,0.00168,0.53617
CVE-2019-5989,0.00168,0.53617
CVE-2019-5990,0.00503,0.73980
CVE-2019-5991,0.00108,0.43322
CVE-2019-5992,0.00163,0.52978
CVE-2019-5993,0.00163,0.52978
CVE-2019-5994,0.00646,0.77161
CVE-2019-5995,0.00179,0.55155
CVE-2019-5996,0.00110,0.44091
CVE-2019-5997,0.00349,0.68943
CVE-2019-5998,0.00672,0.77740
CVE-2019-5999,0.00672,0.77740
CVE-2019-6000,0.00672,0.77740
CVE-2019-6001,0.00456,0.72703
CVE-2019-6002,0.00092,0.38694
CVE-2019-6003,0.00124,0.46744
CVE-2019-6004,0.00133,0.48389
CVE-2019-6005,0.01193,0.83692
CVE-2019-6007,0.00369,0.69808
CVE-2019-6008,0.00081,0.33915
CVE-2019-6009,0.00190,0.56669
CVE-2019-6010,0.00405,0.71121
CVE-2019-6011,0.00092,0.38694
CVE-2019-6012,0.00151,0.51323
CVE-2019-6013,0.00044,0.10504
CVE-2019-6014,0.00078,0.32274
CVE-2019-6015,0.00105,0.42589
CVE-2019-6016,0.00124,0.46744
CVE-2019-6017,0.00166,0.53264
CVE-2019-6018,0.00124,0.46744
CVE-2019-6019,0.00070,0.28841
CVE-2019-6020,0.00133,0.48389
CVE-2019-6021,0.00133,0.48389
CVE-2019-6022,0.00104,0.42390
CVE-2019-6023,0.00082,0.34183
CVE-2019-6024,0.00289,0.65775
CVE-2019-6025,0.00133,0.48389
CVE-2019-6026,0.00044,0.10161
CVE-2019-6027,0.00117,0.45637
CVE-2019-6029,0.00124,0.46744
CVE-2019-6030,0.00117,0.45637
CVE-2019-6031,0.00124,0.46744
CVE-2019-6032,0.00073,0.30218
CVE-2019-6033,0.00124,0.46744
CVE-2019-6034,0.00084,0.35108
CVE-2019-6035,0.00197,0.57649
CVE-2019-6036,0.00124,0.46744
CVE-2019-6109,0.00243,0.62379
CVE-2019-6110,0.00425,0.71749
CVE-2019-6111,0.00201,0.58121
CVE-2019-6112,0.00126,0.47113
CVE-2019-6113,0.00801,0.79839
CVE-2019-6114,0.00515,0.74288
CVE-2019-6116,0.00960,0.81646
CVE-2019-6117,0.00087,0.36434
CVE-2019-6120,0.00232,0.61364
CVE-2019-6121,0.00126,0.47206
CVE-2019-6122,0.00101,0.41201
CVE-2019-6126,0.00443,0.72325
CVE-2019-6127,0.00110,0.43915
CVE-2019-6128,0.01095,0.82897
CVE-2019-6129,0.00096,0.39969
CVE-2019-6130,0.00336,0.68388
CVE-2019-6131,0.00162,0.52888
CVE-2019-6132,0.00115,0.45086
CVE-2019-6133,0.00077,0.31715
CVE-2019-6135,0.00139,0.49499
CVE-2019-6136,0.00115,0.45086
CVE-2019-6137,0.00160,0.52678
CVE-2019-6138,0.00115,0.45086
CVE-2019-6139,0.16917,0.95591
CVE-2019-6140,0.00222,0.60556
CVE-2019-6142,0.00078,0.32606
CVE-2019-6143,0.00162,0.52821
CVE-2019-6144,0.00054,0.20290
CVE-2019-6145,0.00042,0.05722
CVE-2019-6146,0.00180,0.55273
CVE-2019-6147,0.00084,0.34791
CVE-2019-6149,0.00042,0.05722
CVE-2019-6154,0.00069,0.28732
CVE-2019-6155,0.00098,0.40344
CVE-2019-6156,0.00044,0.10161
CVE-2019-6157,0.00156,0.51901
CVE-2019-6158,0.00147,0.50603
CVE-2019-6159,0.00085,0.35448
CVE-2019-6160,0.00168,0.53801
CVE-2019-6161,0.00168,0.53801
CVE-2019-6163,0.00103,0.41969
CVE-2019-6165,0.00063,0.25378
CVE-2019-6166,0.00073,0.30112
CVE-2019-6167,0.01356,0.84833
CVE-2019-6168,0.01356,0.84833
CVE-2019-6169,0.00168,0.53801
CVE-2019-6170,0.00044,0.10161
CVE-2019-6171,0.00070,0.29068
CVE-2019-6172,0.00044,0.10161
CVE-2019-6173,0.00044,0.10161
CVE-2019-6175,0.00103,0.41969
CVE-2019-6176,0.00103,0.41969
CVE-2019-6177,0.00222,0.60556
CVE-2019-6178,0.00084,0.34791
CVE-2019-6179,0.00168,0.53801
CVE-2019-6180,0.00054,0.20290
CVE-2019-6181,0.00078,0.32606
CVE-2019-6182,0.00054,0.20290
CVE-2019-6183,0.00103,0.41969
CVE-2019-6184,0.00042,0.05722
CVE-2019-6186,0.00105,0.42575
CVE-2019-6187,0.00065,0.26756
CVE-2019-6188,0.00222,0.60556
CVE-2019-6189,0.00063,0.25378
CVE-2019-6190,0.00044,0.10161
CVE-2019-6191,0.00042,0.05722
CVE-2019-6192,0.00089,0.37427
CVE-2019-6193,0.00168,0.53801
CVE-2019-6194,0.00066,0.27209
CVE-2019-6195,0.00062,0.24461
CVE-2019-6196,0.00044,0.10161
CVE-2019-6200,0.00183,0.55621
CVE-2019-6201,0.00696,0.78185
CVE-2019-6202,0.00208,0.58758
CVE-2019-6203,0.00195,0.57455
CVE-2019-6204,0.00107,0.43282
CVE-2019-6205,0.00184,0.55787
CVE-2019-6206,0.00230,0.61260
CVE-2019-6207,0.00045,0.12069
CVE-2019-6208,0.00182,0.55579
CVE-2019-6209,0.00209,0.58857
CVE-2019-6210,0.00143,0.50027
CVE-2019-6211,0.00832,0.80223
CVE-2019-6212,0.01087,0.82833
CVE-2019-6213,0.00542,0.74959
CVE-2019-6214,0.00230,0.61282
CVE-2019-6215,0.69475,0.97731
CVE-2019-6216,0.03031,0.89984
CVE-2019-6217,0.03031,0.89984
CVE-2019-6218,0.00215,0.59578
CVE-2019-6219,0.02608,0.89274
CVE-2019-6220,0.00054,0.19406
CVE-2019-6221,0.00208,0.58758
CVE-2019-6222,0.00078,0.32606
CVE-2019-6223,0.00678,0.77884
CVE-2019-6224,0.04533,0.91695
CVE-2019-6225,0.00213,0.59341
CVE-2019-6226,0.01534,0.85766
CVE-2019-6227,0.01534,0.85766
CVE-2019-6228,0.00167,0.53432
CVE-2019-6229,0.00714,0.78502
CVE-2019-6230,0.00142,0.49889
CVE-2019-6231,0.00109,0.43859
CVE-2019-6232,0.00222,0.60621
CVE-2019-6233,0.02911,0.89812
CVE-2019-6234,0.02911,0.89812
CVE-2019-6235,0.02141,0.88174
CVE-2019-6236,0.00222,0.60621
CVE-2019-6237,0.01416,0.85150
CVE-2019-6238,0.00072,0.29986
CVE-2019-6239,0.00044,0.10161
CVE-2019-6240,0.00259,0.63682
CVE-2019-6241,0.00115,0.45086
CVE-2019-6242,0.00128,0.47405
CVE-2019-6243,0.00087,0.36434
CVE-2019-6244,0.00112,0.44586
CVE-2019-6245,0.00247,0.62739
CVE-2019-6246,0.00465,0.72921
CVE-2019-6247,0.00377,0.70069
CVE-2019-6248,0.00078,0.32606
CVE-2019-6249,0.00227,0.61007
CVE-2019-6250,0.63836,0.97591
CVE-2019-6251,0.00918,0.81194
CVE-2019-6256,0.00345,0.68763
CVE-2019-6257,0.00063,0.25077
CVE-2019-6258,0.00294,0.66075
CVE-2019-6259,0.00212,0.59184
CVE-2019-6260,0.00307,0.66814
CVE-2019-6261,0.00137,0.49122
CVE-2019-6262,0.00071,0.29422
CVE-2019-6263,0.00177,0.54892
CVE-2019-6264,0.00137,0.49122
CVE-2019-6265,0.00084,0.34944
CVE-2019-6266,0.00803,0.79869
CVE-2019-6267,0.00160,0.52663
CVE-2019-6272,0.01905,0.87334
CVE-2019-6273,0.00512,0.74223
CVE-2019-6274,0.01330,0.84640
CVE-2019-6275,0.01905,0.87334
CVE-2019-6278,0.00058,0.22585
CVE-2019-6279,0.10934,0.94623
CVE-2019-6282,0.00690,0.78089
CVE-2019-6283,0.00251,0.63109
CVE-2019-6284,0.00251,0.63109
CVE-2019-6285,0.00167,0.53458
CVE-2019-6286,0.00333,0.68286
CVE-2019-6287,0.00065,0.26756
CVE-2019-6288,0.00402,0.71017
CVE-2019-6289,0.00723,0.78668
CVE-2019-6290,0.00100,0.40922
CVE-2019-6291,0.00100,0.40922
CVE-2019-6292,0.00167,0.53458
CVE-2019-6293,0.00086,0.35850
CVE-2019-6294,0.00112,0.44586
CVE-2019-6295,0.00225,0.60813
CVE-2019-6296,0.00225,0.60813
CVE-2019-6318,0.00331,0.68185
CVE-2019-6319,0.00053,0.18678
CVE-2019-6320,0.00053,0.18678
CVE-2019-6321,0.00104,0.42231
CVE-2019-6322,0.00104,0.42231
CVE-2019-6323,0.00058,0.22638
CVE-2019-6324,0.00050,0.16027
CVE-2019-6325,0.00073,0.30112
CVE-2019-6326,0.00096,0.39884
CVE-2019-6327,0.00217,0.59768
CVE-2019-6328,0.00044,0.10161
CVE-2019-6329,0.00044,0.10161
CVE-2019-6330,0.00229,0.61136
CVE-2019-6331,0.00044,0.10161
CVE-2019-6332,0.00050,0.16027
CVE-2019-6333,0.00042,0.05722
CVE-2019-6334,0.00331,0.68185
CVE-2019-6335,0.00096,0.39866
CVE-2019-6337,0.00070,0.29068
CVE-2019-6338,0.00624,0.76745
CVE-2019-6339,0.92709,0.98838
CVE-2019-6340,0.97503,0.99978
CVE-2019-6341,0.74060,0.97872
CVE-2019-6342,0.00308,0.66926
CVE-2019-6438,0.00535,0.74792
CVE-2019-6439,0.00366,0.69694
CVE-2019-6440,0.00127,0.47277
CVE-2019-6441,0.29279,0.96492
CVE-2019-6442,0.01426,0.85197
CVE-2019-6443,0.82503,0.98168
CVE-2019-6444,0.82503,0.98168
CVE-2019-6445,0.53682,0.97341
CVE-2019-6446,0.06649,0.93153
CVE-2019-6447,0.51776,0.97287
CVE-2019-6451,0.00276,0.64926
CVE-2019-6452,0.00229,0.61205
CVE-2019-6453,0.68568,0.97704
CVE-2019-6454,0.00044,0.08000
CVE-2019-6455,0.00096,0.39969
CVE-2019-6456,0.00135,0.48648
CVE-2019-6457,0.00096,0.39969
CVE-2019-6458,0.00096,0.39969
CVE-2019-6459,0.00096,0.39969
CVE-2019-6460,0.00135,0.48648
CVE-2019-6461,0.00198,0.57729
CVE-2019-6462,0.00310,0.67005
CVE-2019-6465,0.00069,0.28456
CVE-2019-6467,0.00112,0.44593
CVE-2019-6468,0.00112,0.44593
CVE-2019-6469,0.00112,0.44593
CVE-2019-6470,0.00163,0.53003
CVE-2019-6471,0.00112,0.44593
CVE-2019-6472,0.00062,0.24847
CVE-2019-6473,0.00058,0.22795
CVE-2019-6474,0.00152,0.51483
CVE-2019-6475,0.00173,0.54490
CVE-2019-6476,0.00257,0.63570
CVE-2019-6477,0.01732,0.86599
CVE-2019-6481,0.00493,0.73707
CVE-2019-6485,0.00232,0.61394
CVE-2019-6486,0.06089,0.92816
CVE-2019-6487,0.00212,0.59249
CVE-2019-6488,0.00063,0.24934
CVE-2019-6489,0.00154,0.51643
CVE-2019-6491,0.00091,0.38618
CVE-2019-6492,0.00051,0.17393
CVE-2019-6493,0.00051,0.17393
CVE-2019-6494,0.00058,0.22585
CVE-2019-6496,0.01289,0.84406
CVE-2019-6497,0.00225,0.60813
CVE-2019-6498,0.02211,0.88375
CVE-2019-6499,0.00196,0.57573
CVE-2019-6500,0.01062,0.82622
CVE-2019-6501,0.00056,0.21156
CVE-2019-6502,0.00282,0.65340
CVE-2019-6503,0.00511,0.74186
CVE-2019-6504,0.00830,0.80186
CVE-2019-6506,0.00268,0.64392
CVE-2019-6507,0.00112,0.44586
CVE-2019-6508,0.00112,0.44586
CVE-2019-6509,0.00112,0.44586
CVE-2019-6510,0.00112,0.44586
CVE-2019-6512,0.00054,0.20290
CVE-2019-6513,0.00076,0.31394
CVE-2019-6514,0.00054,0.20290
CVE-2019-6515,0.00096,0.40021
CVE-2019-6516,0.00090,0.37972
CVE-2019-6517,0.00076,0.31397
CVE-2019-6518,0.00132,0.48295
CVE-2019-6519,0.00189,0.56478
CVE-2019-6520,0.00084,0.34943
CVE-2019-6521,0.00165,0.53223
CVE-2019-6522,0.00194,0.57375
CVE-2019-6523,0.00222,0.60587
CVE-2019-6524,0.00192,0.57137
CVE-2019-6525,0.00104,0.42231
CVE-2019-6526,0.00213,0.59361
CVE-2019-6527,0.00209,0.58931
CVE-2019-6528,0.00109,0.43550
CVE-2019-6529,0.00075,0.30965
CVE-2019-6530,0.00869,0.80630
CVE-2019-6531,0.00159,0.52424
CVE-2019-6532,0.00285,0.65514
CVE-2019-6533,0.00162,0.52844
CVE-2019-6534,0.00091,0.38453
CVE-2019-6535,0.00176,0.54793
CVE-2019-6536,0.00110,0.44020
CVE-2019-6537,0.08136,0.93747
CVE-2019-6538,0.00060,0.23589
CVE-2019-6539,0.00185,0.55849
CVE-2019-6540,0.00054,0.19354
CVE-2019-6541,0.00109,0.43819
CVE-2019-6542,0.00106,0.42954
CVE-2019-6543,0.01692,0.86442
CVE-2019-6544,0.00093,0.39056
CVE-2019-6545,0.00551,0.75170
CVE-2019-6546,0.00065,0.26760
CVE-2019-6547,0.00110,0.43923
CVE-2019-6548,0.00213,0.59361
CVE-2019-6549,0.00104,0.42231
CVE-2019-6550,0.07135,0.93373
CVE-2019-6551,0.00088,0.37168
CVE-2019-6552,0.00497,0.73808
CVE-2019-6553,0.07239,0.93415
CVE-2019-6554,0.01768,0.86725
CVE-2019-6555,0.00075,0.30785
CVE-2019-6556,0.01494,0.85541
CVE-2019-6557,0.00842,0.80335
CVE-2019-6558,0.00162,0.52844
CVE-2019-6559,0.00120,0.46156
CVE-2019-6560,0.00162,0.52844
CVE-2019-6561,0.00134,0.48514
CVE-2019-6562,0.00054,0.20290
CVE-2019-6563,0.00222,0.60587
CVE-2019-6564,0.00065,0.26760
CVE-2019-6565,0.00078,0.32749
CVE-2019-6566,0.00044,0.08189
CVE-2019-6567,0.00044,0.10161
CVE-2019-6568,0.00116,0.45451
CVE-2019-6569,0.00170,0.54119
CVE-2019-6570,0.00092,0.38813
CVE-2019-6571,0.00110,0.44110
CVE-2019-6572,0.00420,0.71608
CVE-2019-6574,0.00123,0.46654
CVE-2019-6575,0.00206,0.58643
CVE-2019-6576,0.00135,0.48778
CVE-2019-6577,0.00068,0.28093
CVE-2019-6578,0.00112,0.44414
CVE-2019-6579,0.00217,0.59754
CVE-2019-6580,0.00231,0.61302
CVE-2019-6581,0.00092,0.38813
CVE-2019-6582,0.00072,0.29893
CVE-2019-6584,0.00153,0.51583
CVE-2019-6585,0.00120,0.46046
CVE-2019-6588,0.00117,0.45542
CVE-2019-6589,0.00078,0.32606
CVE-2019-6590,0.00112,0.44478
CVE-2019-6591,0.00054,0.20290
CVE-2019-6592,0.00128,0.47468
CVE-2019-6593,0.00128,0.47518
CVE-2019-6594,0.00103,0.41969
CVE-2019-6595,0.00089,0.37377
CVE-2019-6596,0.00116,0.45451
CVE-2019-6597,0.00104,0.42231
CVE-2019-6598,0.00072,0.29893
CVE-2019-6599,0.00084,0.35108
CVE-2019-6600,0.00108,0.43327
CVE-2019-6601,0.00044,0.10161
CVE-2019-6602,0.00147,0.50603
CVE-2019-6603,0.00112,0.44478
CVE-2019-6604,0.00103,0.41969
CVE-2019-6605,0.00112,0.44478
CVE-2019-6606,0.00072,0.29678
CVE-2019-6607,0.00073,0.30220
CVE-2019-6608,0.00103,0.41969
CVE-2019-6609,0.00222,0.60556
CVE-2019-6610,0.00103,0.41969
CVE-2019-6611,0.00090,0.37730
CVE-2019-6612,0.00112,0.44478
CVE-2019-6613,0.00087,0.36033
CVE-2019-6614,0.00081,0.33715
CVE-2019-6615,0.00054,0.19451
CVE-2019-6616,0.00124,0.46832
CVE-2019-6617,0.00141,0.49837
CVE-2019-6618,0.00054,0.20290
CVE-2019-6619,0.00112,0.44478
CVE-2019-6620,0.00162,0.52917
CVE-2019-6621,0.00162,0.52917
CVE-2019-6622,0.00125,0.46899
CVE-2019-6623,0.00334,0.68326
CVE-2019-6624,0.00103,0.41969
CVE-2019-6625,0.00078,0.32606
CVE-2019-6626,0.00078,0.32606
CVE-2019-6627,0.00103,0.41969
CVE-2019-6628,0.00103,0.41969
CVE-2019-6629,0.00116,0.45451
CVE-2019-6630,0.00116,0.45451
CVE-2019-6631,0.00334,0.68326
CVE-2019-6632,0.00044,0.10161
CVE-2019-6633,0.00044,0.10161
CVE-2019-6634,0.00081,0.33715
CVE-2019-6635,0.00047,0.14186
CVE-2019-6636,0.00073,0.30220
CVE-2019-6637,0.00065,0.26828
CVE-2019-6638,0.00126,0.47083
CVE-2019-6639,0.00054,0.19451
CVE-2019-6640,0.00206,0.58654
CVE-2019-6641,0.00118,0.45742
CVE-2019-6642,0.00104,0.42231
CVE-2019-6643,0.00116,0.45451
CVE-2019-6644,0.00197,0.57687
CVE-2019-6645,0.00116,0.45451
CVE-2019-6646,0.00104,0.42231
CVE-2019-6647,0.00092,0.38838
CVE-2019-6648,0.00044,0.10161
CVE-2019-6649,0.00168,0.53801
CVE-2019-6650,0.00178,0.55045
CVE-2019-6651,0.00090,0.37972
CVE-2019-6652,0.00090,0.37972
CVE-2019-6653,0.00054,0.20290
CVE-2019-6654,0.00058,0.22795
CVE-2019-6655,0.00090,0.37972
CVE-2019-6656,0.00178,0.55045
CVE-2019-6657,0.00078,0.32606
CVE-2019-6658,0.00054,0.20290
CVE-2019-6659,0.00103,0.41969
CVE-2019-6660,0.00103,0.41969
CVE-2019-6661,0.00103,0.41969
CVE-2019-6662,0.00065,0.26756
CVE-2019-6663,0.00053,0.18293
CVE-2019-6664,0.00084,0.34791
CVE-2019-6665,0.00197,0.57687
CVE-2019-6666,0.00103,0.41969
CVE-2019-6667,0.00103,0.41969
CVE-2019-6668,0.00044,0.10161
CVE-2019-6669,0.00103,0.41969
CVE-2019-6670,0.00044,0.10161
CVE-2019-6671,0.00103,0.41969
CVE-2019-6672,0.00103,0.41969
CVE-2019-6673,0.00103,0.41969
CVE-2019-6674,0.00103,0.41969
CVE-2019-6675,0.00162,0.52906
CVE-2019-6676,0.00103,0.41969
CVE-2019-6677,0.00103,0.41969
CVE-2019-6678,0.00092,0.38838
CVE-2019-6679,0.00044,0.10161
CVE-2019-6680,0.00103,0.41969
CVE-2019-6681,0.00103,0.41969
CVE-2019-6682,0.00103,0.41969
CVE-2019-6683,0.00103,0.41969
CVE-2019-6684,0.00103,0.41969
CVE-2019-6685,0.00044,0.10161
CVE-2019-6686,0.00092,0.38838
CVE-2019-6687,0.00114,0.44834
CVE-2019-6688,0.00054,0.20290
CVE-2019-6689,0.00042,0.05722
CVE-2019-6690,0.01778,0.86761
CVE-2019-6691,0.00091,0.38618
CVE-2019-6692,0.00072,0.29986
CVE-2019-6693,0.00083,0.34279
CVE-2019-6695,0.00222,0.60556
CVE-2019-6696,0.00078,0.32606
CVE-2019-6698,0.00222,0.60556
CVE-2019-6699,0.00054,0.20290
CVE-2019-6700,0.00065,0.26756
CVE-2019-6702,0.00598,0.76167
CVE-2019-6703,0.00669,0.77684
CVE-2019-6706,0.04766,0.91925
CVE-2019-6707,0.00091,0.38649
CVE-2019-6708,0.00091,0.38649
CVE-2019-6710,0.00786,0.79599
CVE-2019-6713,0.01273,0.84271
CVE-2019-6714,0.02989,0.89919
CVE-2019-6715,0.23312,0.96152
CVE-2019-6716,0.05547,0.92524
CVE-2019-6719,0.00115,0.45086
CVE-2019-6724,0.00042,0.05722
CVE-2019-6725,0.00222,0.60556
CVE-2019-6726,0.02224,0.88412
CVE-2019-6727,0.04377,0.91565
CVE-2019-6728,0.00845,0.80367
CVE-2019-6729,0.01252,0.84129
CVE-2019-6730,0.04377,0.91565
CVE-2019-6731,0.01252,0.84129
CVE-2019-6732,0.00845,0.80367
CVE-2019-6733,0.00845,0.80367
CVE-2019-6734,0.01830,0.86989
CVE-2019-6735,0.00845,0.80367
CVE-2019-6736,0.01122,0.83126
CVE-2019-6737,0.04555,0.91711
CVE-2019-6738,0.01122,0.83126
CVE-2019-6739,0.07693,0.93556
CVE-2019-6740,0.00555,0.75243
CVE-2019-6741,0.00622,0.76703
CVE-2019-6742,0.04666,0.91826
CVE-2019-6743,0.01124,0.83142
CVE-2019-6744,0.00046,0.12562
CVE-2019-6746,0.00136,0.48902
CVE-2019-6747,0.00270,0.64522
CVE-2019-6748,0.00270,0.64522
CVE-2019-6749,0.00270,0.64522
CVE-2019-6750,0.00270,0.64522
CVE-2019-6751,0.00270,0.64522
CVE-2019-6752,0.00127,0.47319
CVE-2019-6753,0.00178,0.55094
CVE-2019-6754,0.00212,0.59240
CVE-2019-6755,0.00270,0.64522
CVE-2019-6756,0.00231,0.61296
CVE-2019-6757,0.00403,0.71046
CVE-2019-6758,0.00246,0.62662
CVE-2019-6759,0.00270,0.64522
CVE-2019-6760,0.00270,0.64522
CVE-2019-6761,0.00403,0.71046
CVE-2019-6762,0.00403,0.71046
CVE-2019-6763,0.00403,0.71046
CVE-2019-6764,0.00270,0.64522
CVE-2019-6765,0.00190,0.56636
CVE-2019-6766,0.00246,0.62662
CVE-2019-6767,0.00403,0.71046
CVE-2019-6768,0.00403,0.71046
CVE-2019-6769,0.00403,0.71046
CVE-2019-6770,0.00246,0.62662
CVE-2019-6771,0.00246,0.62662
CVE-2019-6772,0.00246,0.62662
CVE-2019-6773,0.00259,0.63745
CVE-2019-6774,0.00635,0.76948
CVE-2019-6775,0.00635,0.76948
CVE-2019-6776,0.00635,0.76948
CVE-2019-6777,0.00076,0.31249
CVE-2019-6778,0.00051,0.17434
CVE-2019-6779,0.00063,0.25629
CVE-2019-6780,0.00771,0.79392
CVE-2019-6781,0.00090,0.37972
CVE-2019-6782,0.00218,0.59807
CVE-2019-6783,0.00354,0.69135
CVE-2019-6784,0.00131,0.47947
CVE-2019-6785,0.00066,0.27316
CVE-2019-6786,0.00065,0.26857
CVE-2019-6787,0.00060,0.23276
CVE-2019-6788,0.00218,0.59807
CVE-2019-6789,0.00058,0.22585
CVE-2019-6790,0.00054,0.20290
CVE-2019-6791,0.00064,0.26201
CVE-2019-6792,0.00119,0.46037
CVE-2019-6793,0.00140,0.49657
CVE-2019-6794,0.00058,0.22585
CVE-2019-6795,0.00112,0.44327
CVE-2019-6796,0.00094,0.39322
CVE-2019-6797,0.00166,0.53380
CVE-2019-6798,0.00164,0.53126
CVE-2019-6799,0.18511,0.95768
CVE-2019-6800,0.00109,0.43614
CVE-2019-6802,0.00113,0.44705
CVE-2019-6803,0.00200,0.57961
CVE-2019-6804,0.01024,0.82244
CVE-2019-6805,0.00212,0.59184
CVE-2019-6806,0.00235,0.61606
CVE-2019-6807,0.00119,0.46000
CVE-2019-6808,0.02218,0.88397
CVE-2019-6809,0.00103,0.41969
CVE-2019-6810,0.00104,0.42034
CVE-2019-6811,0.00103,0.41969
CVE-2019-6812,0.00104,0.42231
CVE-2019-6813,0.00224,0.60751
CVE-2019-6814,0.29674,0.96512
CVE-2019-6815,0.00086,0.35807
CVE-2019-6816,0.00129,0.47649
CVE-2019-6819,0.00145,0.50409
CVE-2019-6820,0.00103,0.41969
CVE-2019-6821,0.00218,0.59848
CVE-2019-6822,0.01109,0.83017
CVE-2019-6823,0.00402,0.71015
CVE-2019-6824,0.00587,0.75912
CVE-2019-6825,0.00072,0.29986
CVE-2019-6826,0.00072,0.29986
CVE-2019-6827,0.00103,0.41719
CVE-2019-6828,0.00103,0.41969
CVE-2019-6829,0.00103,0.41969
CVE-2019-6830,0.00103,0.41969
CVE-2019-6831,0.00145,0.50409
CVE-2019-6832,0.00171,0.54155
CVE-2019-6833,0.00109,0.43545
CVE-2019-6834,0.00090,0.37865
CVE-2019-6835,0.00054,0.20290
CVE-2019-6836,0.00168,0.53801
CVE-2019-6837,0.00168,0.53801
CVE-2019-6838,0.00054,0.20290
CVE-2019-6839,0.00104,0.42231
CVE-2019-6840,0.00222,0.60556
CVE-2019-6841,0.00081,0.33872
CVE-2019-6842,0.00081,0.33872
CVE-2019-6843,0.00081,0.33872
CVE-2019-6844,0.00081,0.33872
CVE-2019-6845,0.00168,0.53801
CVE-2019-6846,0.00157,0.52178
CVE-2019-6847,0.00081,0.33872
CVE-2019-6848,0.00103,0.41969
CVE-2019-6849,0.00168,0.53801
CVE-2019-6850,0.00168,0.53801
CVE-2019-6851,0.00168,0.53801
CVE-2019-6852,0.00168,0.53801
CVE-2019-6853,0.00078,0.32606
CVE-2019-6854,0.00047,0.13886
CVE-2019-6855,0.00092,0.38838
CVE-2019-6856,0.00112,0.44414
CVE-2019-6857,0.00112,0.44414
CVE-2019-6858,0.00063,0.25378
CVE-2019-6859,0.00168,0.53801
CVE-2019-6956,0.00118,0.45725
CVE-2019-6957,0.00360,0.69396
CVE-2019-6958,0.00168,0.53801
CVE-2019-6960,0.00205,0.58493
CVE-2019-6961,0.00054,0.20290
CVE-2019-6962,0.00109,0.43564
CVE-2019-6963,0.00609,0.76417
CVE-2019-6964,0.00079,0.32780
CVE-2019-6965,0.00114,0.44908
CVE-2019-6966,0.00096,0.39969
CVE-2019-6967,0.00445,0.72381
CVE-2019-6968,0.00087,0.36049
CVE-2019-6969,0.00256,0.63543
CVE-2019-6970,0.00104,0.42231
CVE-2019-6971,0.08901,0.94018
CVE-2019-6972,0.00489,0.73620
CVE-2019-6973,0.02013,0.87726
CVE-2019-6974,0.04759,0.91918
CVE-2019-6975,0.01103,0.82962
CVE-2019-6976,0.00137,0.49101
CVE-2019-6977,0.84701,0.98265
CVE-2019-6978,0.02106,0.88035
CVE-2019-6979,0.00097,0.40126
CVE-2019-6980,0.00415,0.71474
CVE-2019-6981,0.00065,0.26756
CVE-2019-6982,0.00052,0.18042
CVE-2019-6983,0.00097,0.40100
CVE-2019-6984,0.00097,0.40100
CVE-2019-6985,0.00239,0.62056
CVE-2019-6986,0.00902,0.81020
CVE-2019-6988,0.00132,0.48183
CVE-2019-6989,0.05451,0.92457
CVE-2019-6990,0.00053,0.18833
CVE-2019-6991,0.00445,0.72380
CVE-2019-6992,0.00076,0.31249
CVE-2019-6995,0.00058,0.22585
CVE-2019-6996,0.00054,0.20290
CVE-2019-6997,0.00058,0.22585
CVE-2019-7000,0.00089,0.37212
CVE-2019-7001,0.00087,0.36089
CVE-2019-7003,0.00184,0.55707
CVE-2019-7004,0.00244,0.62436
CVE-2019-7005,0.00290,0.65845
CVE-2019-7006,0.00042,0.05722
CVE-2019-7007,0.00244,0.62525
CVE-2019-7018,0.00534,0.74768
CVE-2019-7019,0.00459,0.72771
CVE-2019-7020,0.00459,0.72771
CVE-2019-7021,0.00212,0.59127
CVE-2019-7022,0.00212,0.59127
CVE-2019-7023,0.00212,0.59127
CVE-2019-7024,0.00212,0.59127
CVE-2019-7025,0.00534,0.74768
CVE-2019-7026,0.00534,0.74768
CVE-2019-7027,0.00459,0.72771
CVE-2019-7028,0.00212,0.59127
CVE-2019-7029,0.00534,0.74768
CVE-2019-7030,0.00177,0.54942
CVE-2019-7031,0.00534,0.74768
CVE-2019-7032,0.00212,0.59127
CVE-2019-7033,0.00212,0.59127
CVE-2019-7034,0.00212,0.59127
CVE-2019-7035,0.00212,0.59127
CVE-2019-7036,0.00212,0.59127
CVE-2019-7037,0.00459,0.72771
CVE-2019-7038,0.00212,0.59127
CVE-2019-7039,0.00459,0.72771
CVE-2019-7040,0.00384,0.70398
CVE-2019-7041,0.00651,0.77281
CVE-2019-7042,0.01293,0.84433
CVE-2019-7043,0.01393,0.85041
CVE-2019-7044,0.01393,0.85041
CVE-2019-7045,0.54843,0.97371
CVE-2019-7046,0.00459,0.72771
CVE-2019-7047,0.00212,0.59127
CVE-2019-7048,0.01393,0.85041
CVE-2019-7049,0.54843,0.97371
CVE-2019-7050,0.00534,0.74768
CVE-2019-7051,0.00459,0.72771
CVE-2019-7052,0.00459,0.72771
CVE-2019-7053,0.00212,0.59127
CVE-2019-7054,0.00459,0.72771
CVE-2019-7055,0.00212,0.59127
CVE-2019-7056,0.00212,0.59127
CVE-2019-7057,0.00212,0.59127
CVE-2019-7058,0.00212,0.59127
CVE-2019-7059,0.00212,0.59127
CVE-2019-7060,0.00459,0.72771
CVE-2019-7061,0.00271,0.64612
CVE-2019-7062,0.00534,0.74768
CVE-2019-7063,0.00212,0.59127
CVE-2019-7064,0.00212,0.59127
CVE-2019-7065,0.00212,0.59127
CVE-2019-7066,0.00459,0.72771
CVE-2019-7067,0.00219,0.59918
CVE-2019-7068,0.00922,0.81247
CVE-2019-7069,0.00628,0.76826
CVE-2019-7070,0.00826,0.80135
CVE-2019-7071,0.54843,0.97371
CVE-2019-7072,0.00826,0.80135
CVE-2019-7073,0.54843,0.97371
CVE-2019-7074,0.54843,0.97371
CVE-2019-7075,0.01302,0.84482
CVE-2019-7076,0.00459,0.72771
CVE-2019-7077,0.01393,0.85041
CVE-2019-7078,0.01393,0.85041
CVE-2019-7079,0.01540,0.85794
CVE-2019-7080,0.00691,0.78106
CVE-2019-7081,0.00212,0.59127
CVE-2019-7082,0.00534,0.74768
CVE-2019-7083,0.00534,0.74768
CVE-2019-7084,0.00534,0.74768
CVE-2019-7085,0.00459,0.72771
CVE-2019-7086,0.00405,0.71120
CVE-2019-7087,0.00405,0.71120
CVE-2019-7088,0.00626,0.76785
CVE-2019-7089,0.00422,0.71695
CVE-2019-7090,0.03986,0.91193
CVE-2019-7091,0.12296,0.94922
CVE-2019-7092,0.00098,0.40496
CVE-2019-7093,0.00108,0.43494
CVE-2019-7094,0.01227,0.83951
CVE-2019-7095,0.02652,0.89363
CVE-2019-7096,0.01075,0.82735
CVE-2019-7097,0.00187,0.56289
CVE-2019-7098,0.00420,0.71620
CVE-2019-7099,0.00420,0.71620
CVE-2019-7100,0.00420,0.71620
CVE-2019-7101,0.00420,0.71620
CVE-2019-7102,0.00420,0.71620
CVE-2019-7103,0.00420,0.71620
CVE-2019-7104,0.00420,0.71620
CVE-2019-7105,0.00350,0.68972
CVE-2019-7106,0.00350,0.68972
CVE-2019-7107,0.02145,0.88186
CVE-2019-7108,0.00739,0.78897
CVE-2019-7109,0.54843,0.97371
CVE-2019-7110,0.54843,0.97371
CVE-2019-7111,0.01540,0.85794
CVE-2019-7112,0.00534,0.74768
CVE-2019-7113,0.01662,0.86328
CVE-2019-7114,0.00212,0.59127
CVE-2019-7115,0.00212,0.59127
CVE-2019-7116,0.00212,0.59127
CVE-2019-7117,0.00405,0.71120
CVE-2019-7118,0.00459,0.72771
CVE-2019-7119,0.00459,0.72771
CVE-2019-7120,0.00459,0.72771
CVE-2019-7121,0.00212,0.59127
CVE-2019-7122,0.00212,0.59127
CVE-2019-7123,0.00212,0.59127
CVE-2019-7124,0.00459,0.72771
CVE-2019-7125,0.07582,0.93526
CVE-2019-7127,0.54843,0.97371
CVE-2019-7128,0.00405,0.71120
CVE-2019-7129,0.00098,0.40496
CVE-2019-7130,0.03281,0.90366
CVE-2019-7131,0.00683,0.77970
CVE-2019-7132,0.01141,0.83271
CVE-2019-7133,0.54843,0.97371
CVE-2019-7134,0.02593,0.89239
CVE-2019-7135,0.02593,0.89239
CVE-2019-7136,0.01493,0.85536
CVE-2019-7137,0.02429,0.88920
CVE-2019-7138,0.02593,0.89239
CVE-2019-7139,0.00582,0.75826
CVE-2019-7140,0.05344,0.92377
CVE-2019-7141,0.05344,0.92377
CVE-2019-7142,0.00215,0.59565
CVE-2019-7143,0.07598,0.93532
CVE-2019-7144,0.05344,0.92377
CVE-2019-7145,0.05344,0.92377
CVE-2019-7146,0.00360,0.69436
CVE-2019-7147,0.00056,0.21204
CVE-2019-7148,0.00140,0.49601
CVE-2019-7149,0.00267,0.64348
CVE-2019-7150,0.00107,0.43252
CVE-2019-7151,0.00135,0.48648
CVE-2019-7152,0.00096,0.39969
CVE-2019-7153,0.00095,0.39497
CVE-2019-7154,0.00125,0.46853
CVE-2019-7155,0.00065,0.26857
CVE-2019-7156,0.00173,0.54538
CVE-2019-7158,0.00263,0.64030
CVE-2019-7159,0.00168,0.53801
CVE-2019-7160,0.00478,0.73313
CVE-2019-7161,0.01315,0.84564
CVE-2019-7162,0.00221,0.60297
CVE-2019-7163,0.00434,0.72045
CVE-2019-7164,0.01346,0.84737
CVE-2019-7165,0.03351,0.90468
CVE-2019-7167,0.00169,0.53908
CVE-2019-7168,0.00058,0.22585
CVE-2019-7169,0.00058,0.22585
CVE-2019-7170,0.00058,0.22585
CVE-2019-7171,0.00058,0.22585
CVE-2019-7172,0.00087,0.36434
CVE-2019-7173,0.00058,0.22585
CVE-2019-7174,0.00659,0.77474
CVE-2019-7175,0.00529,0.74638
CVE-2019-7176,0.00119,0.46037
CVE-2019-7177,0.00090,0.38030
CVE-2019-7178,0.00106,0.42934
CVE-2019-7181,0.24048,0.96199
CVE-2019-7183,0.01203,0.83770
CVE-2019-7184,0.00066,0.27429
CVE-2019-7185,0.00066,0.27429
CVE-2019-7192,0.96341,0.99457
CVE-2019-7193,0.12427,0.94943
CVE-2019-7194,0.97070,0.99724
CVE-2019-7195,0.97070,0.99724
CVE-2019-7197,0.00052,0.17898
CVE-2019-7198,0.00163,0.52931
CVE-2019-7201,0.00042,0.05722
CVE-2019-7211,0.00084,0.35108
CVE-2019-7212,0.00255,0.63481
CVE-2019-7213,0.00062,0.24559
CVE-2019-7214,0.79828,0.98043
CVE-2019-7215,0.00090,0.37972
CVE-2019-7216,0.00079,0.33105
CVE-2019-7217,0.00588,0.75977
CVE-2019-7218,0.00102,0.41475
CVE-2019-7219,0.00113,0.44626
CVE-2019-7220,0.00112,0.44327
CVE-2019-7221,0.00089,0.37450
CVE-2019-7222,0.00057,0.21338
CVE-2019-7223,0.00058,0.22585
CVE-2019-7225,0.00209,0.58870
CVE-2019-7226,0.00298,0.66305
CVE-2019-7227,0.00082,0.33993
CVE-2019-7228,0.02645,0.89349
CVE-2019-7229,0.00710,0.78449
CVE-2019-7230,0.11532,0.94767
CVE-2019-7231,0.00096,0.39810
CVE-2019-7232,0.02197,0.88334
CVE-2019-7233,0.00249,0.62941
CVE-2019-7234,0.00449,0.72491
CVE-2019-7235,0.00107,0.43004
CVE-2019-7236,0.00902,0.81029
CVE-2019-7237,0.00902,0.81029
CVE-2019-7238,0.97344,0.99879
CVE-2019-7240,0.00131,0.47909
CVE-2019-7244,0.00131,0.47909
CVE-2019-7245,0.00131,0.47909
CVE-2019-7246,0.00044,0.10161
CVE-2019-7247,0.00432,0.71954
CVE-2019-7249,0.14916,0.95327
CVE-2019-7250,0.00087,0.36434
CVE-2019-7251,0.00166,0.53324
CVE-2019-7252,0.00235,0.61731
CVE-2019-7253,0.00233,0.61458
CVE-2019-7254,0.86915,0.98385
CVE-2019-7255,0.01544,0.85815
CVE-2019-7256,0.97388,0.99907
CVE-2019-7257,0.29921,0.96525
CVE-2019-7258,0.03025,0.89979
CVE-2019-7259,0.10270,0.94451
CVE-2019-7260,0.00235,0.61731
CVE-2019-7261,0.40536,0.96943
CVE-2019-7262,0.00369,0.69815
CVE-2019-7263,0.00235,0.61731
CVE-2019-7264,0.00235,0.61731
CVE-2019-7265,0.18746,0.95802
CVE-2019-7266,0.03072,0.90054
CVE-2019-7267,0.01268,0.84251
CVE-2019-7268,0.01598,0.86065
CVE-2019-7269,0.04449,0.91624
CVE-2019-7270,0.00207,0.58697
CVE-2019-7271,0.00235,0.61731
CVE-2019-7272,0.02916,0.89820
CVE-2019-7273,0.00888,0.80871
CVE-2019-7274,0.04232,0.91436
CVE-2019-7275,0.00483,0.73429
CVE-2019-7276,0.88426,0.98463
CVE-2019-7277,0.00239,0.62040
CVE-2019-7278,0.00252,0.63182
CVE-2019-7279,0.00589,0.76007
CVE-2019-7280,0.00241,0.62215
CVE-2019-7281,0.00284,0.65435
CVE-2019-7282,0.00298,0.66335
CVE-2019-7283,0.00104,0.42334
CVE-2019-7284,0.00078,0.32606
CVE-2019-7285,0.00613,0.76508
CVE-2019-7286,0.00339,0.68507
CVE-2019-7287,0.00125,0.46918
CVE-2019-7288,0.00244,0.62506
CVE-2019-7289,0.00046,0.13849
CVE-2019-7290,0.00222,0.60556
CVE-2019-7291,0.00107,0.43158
CVE-2019-7292,0.00264,0.64146
CVE-2019-7293,0.00042,0.05722
CVE-2019-7295,0.00200,0.57961
CVE-2019-7296,0.00200,0.57961
CVE-2019-7297,0.71575,0.97804
CVE-2019-7298,0.74476,0.97885
CVE-2019-7299,0.00125,0.46873
CVE-2019-7300,0.00360,0.69405
CVE-2019-7301,0.00223,0.60657
CVE-2019-7303,0.01782,0.86776
CVE-2019-7304,0.30928,0.96576
CVE-2019-7305,0.00606,0.76343
CVE-2019-7306,0.00195,0.57446
CVE-2019-7307,0.00042,0.05722
CVE-2019-7308,0.00057,0.21318
CVE-2019-7309,0.00085,0.35305
CVE-2019-7310,0.00154,0.51656
CVE-2019-7311,0.00046,0.13815
CVE-2019-7312,0.00084,0.34791
CVE-2019-7313,0.00105,0.42625
CVE-2019-7314,0.02641,0.89343
CVE-2019-7315,0.01497,0.85559
CVE-2019-7316,0.05556,0.92527
CVE-2019-7317,0.00466,0.72952
CVE-2019-7319,0.00081,0.33872
CVE-2019-7321,0.00453,0.72606
CVE-2019-7323,0.00392,0.70706
CVE-2019-7324,0.00158,0.52247
CVE-2019-7325,0.00087,0.36434
CVE-2019-7326,0.00087,0.36434
CVE-2019-7327,0.00087,0.36434
CVE-2019-7328,0.00087,0.36434
CVE-2019-7329,0.00087,0.36434
CVE-2019-7330,0.00087,0.36434
CVE-2019-7331,0.00087,0.36434
CVE-2019-7332,0.00087,0.36434
CVE-2019-7333,0.00087,0.36434
CVE-2019-7334,0.00087,0.36434
CVE-2019-7335,0.00087,0.36434
CVE-2019-7336,0.00087,0.36434
CVE-2019-7337,0.00058,0.22585
CVE-2019-7338,0.00087,0.36434
CVE-2019-7339,0.00087,0.36434
CVE-2019-7340,0.00087,0.36434
CVE-2019-7341,0.00087,0.36434
CVE-2019-7342,0.00087,0.36434
CVE-2019-7343,0.00087,0.36434
CVE-2019-7344,0.00087,0.36434
CVE-2019-7345,0.00058,0.22585
CVE-2019-7346,0.00112,0.44586
CVE-2019-7347,0.00109,0.43614
CVE-2019-7348,0.00087,0.36434
CVE-2019-7349,0.00087,0.36434
CVE-2019-7350,0.00079,0.33197
CVE-2019-7351,0.00082,0.34200
CVE-2019-7352,0.00087,0.36434
CVE-2019-7353,0.00178,0.55045
CVE-2019-7356,0.00053,0.18833
CVE-2019-7357,0.00124,0.46833
CVE-2019-7358,0.00095,0.39638
CVE-2019-7359,0.00089,0.37452
CVE-2019-7360,0.00091,0.38069
CVE-2019-7361,0.00071,0.29235
CVE-2019-7362,0.00072,0.29986
CVE-2019-7363,0.00085,0.35342
CVE-2019-7364,0.00072,0.29986
CVE-2019-7365,0.00072,0.29986
CVE-2019-7366,0.00085,0.35338
CVE-2019-7383,0.00120,0.46071
CVE-2019-7384,0.00064,0.26168
CVE-2019-7385,0.00187,0.56225
CVE-2019-7386,0.00843,0.80351
CVE-2019-7387,0.00093,0.39033
CVE-2019-7388,0.00516,0.74307
CVE-2019-7389,0.00197,0.57652
CVE-2019-7390,0.00137,0.49185
CVE-2019-7391,0.00462,0.72842
CVE-2019-7392,0.00612,0.76487
CVE-2019-7393,0.00439,0.72216
CVE-2019-7394,0.00959,0.81640
CVE-2019-7395,0.00524,0.74512
CVE-2019-7396,0.00516,0.74301
CVE-2019-7397,0.00478,0.73305
CVE-2019-7398,0.01034,0.82336
CVE-2019-7399,0.00258,0.63631
CVE-2019-7400,0.00798,0.79804
CVE-2019-7401,0.01513,0.85655
CVE-2019-7402,0.00064,0.26452
CVE-2019-7403,0.00107,0.43146
CVE-2019-7404,0.00549,0.75124
CVE-2019-7409,0.00168,0.53528
CVE-2019-7410,0.00109,0.43852
CVE-2019-7411,0.00072,0.29718
CVE-2019-7412,0.00225,0.60866
CVE-2019-7413,0.00084,0.35108
CVE-2019-7416,0.00805,0.79898
CVE-2019-7417,0.00805,0.79898
CVE-2019-7418,0.00270,0.64538
CVE-2019-7419,0.00270,0.64538
CVE-2019-7420,0.00270,0.64538
CVE-2019-7421,0.00270,0.64538
CVE-2019-7422,0.00364,0.69577
CVE-2019-7423,0.00364,0.69577
CVE-2019-7424,0.00364,0.69577
CVE-2019-7425,0.00364,0.69577
CVE-2019-7426,0.00389,0.70603
CVE-2019-7427,0.00389,0.70603
CVE-2019-7429,0.00079,0.33197
CVE-2019-7430,0.00090,0.37714
CVE-2019-7431,0.00079,0.33197
CVE-2019-7432,0.00058,0.22585
CVE-2019-7433,0.00112,0.44586
CVE-2019-7434,0.00079,0.33197
CVE-2019-7435,0.00090,0.37714
CVE-2019-7436,0.00079,0.33197
CVE-2019-7437,0.00087,0.36434
CVE-2019-7438,0.00280,0.65159
CVE-2019-7439,0.00637,0.76988
CVE-2019-7440,0.00131,0.47910
CVE-2019-7441,0.00927,0.81301
CVE-2019-7442,0.05297,0.92343
CVE-2019-7443,0.00478,0.73296
CVE-2019-7474,0.00081,0.33872
CVE-2019-7475,0.00222,0.60556
CVE-2019-7476,0.00635,0.76944
CVE-2019-7477,0.00646,0.77156
CVE-2019-7478,0.00138,0.49278
CVE-2019-7479,0.00104,0.42231
CVE-2019-7481,0.87114,0.98391
CVE-2019-7482,0.00487,0.73544
CVE-2019-7483,0.00999,0.82036
CVE-2019-7484,0.00065,0.26756
CVE-2019-7485,0.00097,0.40267
CVE-2019-7486,0.00092,0.38718
CVE-2019-7487,0.00044,0.10161
CVE-2019-7488,0.00222,0.60556
CVE-2019-7489,0.00755,0.79129
CVE-2019-7524,0.00044,0.08043
CVE-2019-7535,0.00084,0.34791
CVE-2019-7537,0.00240,0.62099
CVE-2019-7539,0.00203,0.58262
CVE-2019-7541,0.00842,0.80336
CVE-2019-7543,0.00113,0.44705
CVE-2019-7544,0.00058,0.22585
CVE-2019-7545,0.00058,0.22585
CVE-2019-7546,0.00087,0.36434
CVE-2019-7547,0.00058,0.22585
CVE-2019-7548,0.00178,0.55119
CVE-2019-7549,0.00054,0.20290
CVE-2019-7550,0.00289,0.65808
CVE-2019-7551,0.00180,0.55286
CVE-2019-7552,0.00053,0.18833
CVE-2019-7553,0.00058,0.22585
CVE-2019-7554,0.00112,0.44327
CVE-2019-7559,0.00076,0.31435
CVE-2019-7560,0.00061,0.23866
CVE-2019-7564,0.00744,0.78964
CVE-2019-7566,0.00112,0.44586
CVE-2019-7567,0.00087,0.36434
CVE-2019-7568,0.00212,0.59184
CVE-2019-7569,0.00112,0.44586
CVE-2019-7570,0.00063,0.25629
CVE-2019-7572,0.00534,0.74743
CVE-2019-7573,0.00534,0.74743
CVE-2019-7574,0.00756,0.79149
CVE-2019-7575,0.00471,0.73081
CVE-2019-7576,0.00534,0.74743
CVE-2019-7577,0.00593,0.76070
CVE-2019-7578,0.00415,0.71461
CVE-2019-7579,0.00257,0.63597
CVE-2019-7580,0.00327,0.67887
CVE-2019-7581,0.01026,0.82259
CVE-2019-7582,0.01026,0.82259
CVE-2019-7585,0.00212,0.59184
CVE-2019-7587,0.00212,0.59184
CVE-2019-7588,0.00112,0.44339
CVE-2019-7589,0.00235,0.61633
CVE-2019-7590,0.00134,0.48557
CVE-2019-7593,0.00108,0.43467
CVE-2019-7594,0.00108,0.43467
CVE-2019-7608,0.00137,0.49206
CVE-2019-7609,0.96098,0.99386
CVE-2019-7610,0.01126,0.83159
CVE-2019-7611,0.00244,0.62506
CVE-2019-7612,0.00665,0.77596
CVE-2019-7613,0.00090,0.37972
CVE-2019-7614,0.00168,0.53801
CVE-2019-7615,0.00087,0.36006
CVE-2019-7616,0.00065,0.26756
CVE-2019-7617,0.00148,0.50752
CVE-2019-7618,0.00083,0.34512
CVE-2019-7619,0.00156,0.52013
CVE-2019-7620,0.00250,0.62984
CVE-2019-7621,0.00054,0.20290
CVE-2019-7628,0.00143,0.50112
CVE-2019-7629,0.06138,0.92863
CVE-2019-7630,0.00131,0.47909
CVE-2019-7632,0.00309,0.66961
CVE-2019-7634,0.00054,0.20290
CVE-2019-7635,0.00397,0.70882
CVE-2019-7636,0.00397,0.70882
CVE-2019-7637,0.00358,0.69314
CVE-2019-7638,0.00534,0.74743
CVE-2019-7639,0.00227,0.60977
CVE-2019-7642,0.00553,0.75212
CVE-2019-7644,0.00222,0.60556
CVE-2019-7646,0.00159,0.52501
CVE-2019-7648,0.00588,0.75977
CVE-2019-7649,0.00414,0.71442
CVE-2019-7651,0.00321,0.67634
CVE-2019-7652,0.00640,0.77043
CVE-2019-7653,0.00442,0.72298
CVE-2019-7654,0.00159,0.52375
CVE-2019-7655,0.00084,0.35109
CVE-2019-7656,0.00080,0.33260
CVE-2019-7659,0.00209,0.58927
CVE-2019-7660,0.00087,0.36434
CVE-2019-7661,0.00087,0.36434
CVE-2019-7662,0.00167,0.53458
CVE-2019-7663,0.00709,0.78428
CVE-2019-7664,0.00164,0.53078
CVE-2019-7665,0.00149,0.50958
CVE-2019-7666,0.02313,0.88647
CVE-2019-7667,0.01620,0.86179
CVE-2019-7668,0.00235,0.61731
CVE-2019-7669,0.01602,0.86095
CVE-2019-7670,0.01656,0.86314
CVE-2019-7671,0.00587,0.75915
CVE-2019-7672,0.00371,0.69884
CVE-2019-7673,0.00168,0.53801
CVE-2019-7674,0.00659,0.77474
CVE-2019-7675,0.00588,0.75977
CVE-2019-7676,0.00232,0.61394
CVE-2019-7677,0.00144,0.50222
CVE-2019-7678,0.00233,0.61458
CVE-2019-7684,0.00579,0.75776
CVE-2019-7687,0.00304,0.66631
CVE-2019-7690,0.00659,0.77474
CVE-2019-7692,0.04015,0.91220
CVE-2019-7693,0.00112,0.44327
CVE-2019-7697,0.00096,0.39969
CVE-2019-7698,0.00096,0.39969
CVE-2019-7699,0.00167,0.53458
CVE-2019-7700,0.00096,0.39969
CVE-2019-7701,0.00096,0.39969
CVE-2019-7702,0.00135,0.48648
CVE-2019-7703,0.00165,0.53137
CVE-2019-7704,0.00096,0.39969
CVE-2019-7711,0.00178,0.55045
CVE-2019-7712,0.00178,0.55045
CVE-2019-7713,0.00296,0.66230
CVE-2019-7714,0.00296,0.66230
CVE-2019-7715,0.00178,0.55045
CVE-2019-7718,0.00465,0.72921
CVE-2019-7719,0.06892,0.93274
CVE-2019-7720,0.00767,0.79321
CVE-2019-7721,0.00090,0.37714
CVE-2019-7722,0.00171,0.54199
CVE-2019-7725,0.00282,0.65342
CVE-2019-7726,0.00282,0.65342
CVE-2019-7727,0.02603,0.89264
CVE-2019-7728,0.00107,0.43271
CVE-2019-7729,0.00044,0.10161
CVE-2019-7730,0.00053,0.18634
CVE-2019-7731,0.02089,0.87980
CVE-2019-7732,0.00103,0.41969
CVE-2019-7733,0.00129,0.47660
CVE-2019-7736,0.00432,0.71966
CVE-2019-7737,0.00112,0.44586
CVE-2019-7738,0.00071,0.29411
CVE-2019-7739,0.00137,0.49122
CVE-2019-7740,0.00103,0.41747
CVE-2019-7741,0.00103,0.41747
CVE-2019-7742,0.00103,0.41747
CVE-2019-7743,0.00282,0.65296
CVE-2019-7744,0.00103,0.41747
CVE-2019-7745,0.01166,0.83475
CVE-2019-7746,0.00126,0.47202
CVE-2019-7747,0.00249,0.62941
CVE-2019-7748,0.00087,0.36434
CVE-2019-7751,0.12814,0.94999
CVE-2019-7753,0.00087,0.36434
CVE-2019-7755,0.00266,0.64285
CVE-2019-7758,0.05344,0.92377
CVE-2019-7759,0.06917,0.93284
CVE-2019-7760,0.06917,0.93284
CVE-2019-7761,0.01261,0.84213
CVE-2019-7762,0.00434,0.72039
CVE-2019-7763,0.00434,0.72039
CVE-2019-7764,0.00434,0.72039
CVE-2019-7765,0.00434,0.72039
CVE-2019-7766,0.00434,0.72039
CVE-2019-7767,0.00434,0.72039
CVE-2019-7768,0.00534,0.74768
CVE-2019-7769,0.00215,0.59565
CVE-2019-7770,0.00215,0.59565
CVE-2019-7771,0.00215,0.59565
CVE-2019-7772,0.00434,0.72039
CVE-2019-7773,0.00215,0.59565
CVE-2019-7774,0.00215,0.59565
CVE-2019-7775,0.00215,0.59565
CVE-2019-7776,0.00215,0.59565
CVE-2019-7777,0.00215,0.59565
CVE-2019-7778,0.00215,0.59565
CVE-2019-7779,0.00380,0.70245
CVE-2019-7780,0.00215,0.59565
CVE-2019-7781,0.00434,0.72039
CVE-2019-7782,0.00534,0.74768
CVE-2019-7783,0.00434,0.72039
CVE-2019-7784,0.00456,0.72683
CVE-2019-7785,0.02802,0.89645
CVE-2019-7786,0.06917,0.93284
CVE-2019-7787,0.05344,0.92377
CVE-2019-7788,0.00434,0.72039
CVE-2019-7789,0.00215,0.59565
CVE-2019-7790,0.00215,0.59565
CVE-2019-7791,0.00434,0.72039
CVE-2019-7792,0.00434,0.72039
CVE-2019-7793,0.00215,0.59565
CVE-2019-7794,0.05344,0.92377
CVE-2019-7795,0.00215,0.59565
CVE-2019-7796,0.06917,0.93284
CVE-2019-7797,0.02820,0.89675
CVE-2019-7798,0.07598,0.93532
CVE-2019-7799,0.05344,0.92377
CVE-2019-7800,0.04703,0.91862
CVE-2019-7801,0.05344,0.92377
CVE-2019-7802,0.05344,0.92377
CVE-2019-7803,0.05344,0.92377
CVE-2019-7804,0.03411,0.90550
CVE-2019-7805,0.00434,0.72039
CVE-2019-7806,0.00434,0.72039
CVE-2019-7807,0.00434,0.72039
CVE-2019-7808,0.00434,0.72039
CVE-2019-7809,0.02802,0.89645
CVE-2019-7810,0.05344,0.92377
CVE-2019-7811,0.00215,0.59565
CVE-2019-7812,0.00215,0.59565
CVE-2019-7813,0.00215,0.59565
CVE-2019-7814,0.06917,0.93284
CVE-2019-7815,0.00422,0.71695
CVE-2019-7816,0.73495,0.97853
CVE-2019-7817,0.06917,0.93284
CVE-2019-7818,0.04703,0.91862
CVE-2019-7819,0.00069,0.28750
CVE-2019-7820,0.12995,0.95031
CVE-2019-7821,0.02802,0.89645
CVE-2019-7822,0.04703,0.91862
CVE-2019-7823,0.02802,0.89645
CVE-2019-7824,0.45270,0.97097
CVE-2019-7825,0.04703,0.91862
CVE-2019-7826,0.07598,0.93532
CVE-2019-7827,0.38101,0.96863
CVE-2019-7828,0.38101,0.96863
CVE-2019-7829,0.04703,0.91862
CVE-2019-7830,0.06917,0.93284
CVE-2019-7831,0.02418,0.88888
CVE-2019-7832,0.02173,0.88269
CVE-2019-7833,0.00434,0.72039
CVE-2019-7834,0.00626,0.76785
CVE-2019-7835,0.00434,0.72039
CVE-2019-7836,0.00215,0.59565
CVE-2019-7837,0.06518,0.93075
CVE-2019-7838,0.73495,0.97853
CVE-2019-7839,0.69010,0.97716
CVE-2019-7840,0.12296,0.94922
CVE-2019-7841,0.00215,0.59565
CVE-2019-7842,0.10025,0.94379
CVE-2019-7843,0.00195,0.57460
CVE-2019-7844,0.11393,0.94737
CVE-2019-7845,0.01346,0.84737
CVE-2019-7846,0.00172,0.54465
CVE-2019-7847,0.00177,0.54867
CVE-2019-7848,0.00187,0.56289
CVE-2019-7849,0.00085,0.35387
CVE-2019-7850,0.01355,0.84821
CVE-2019-7851,0.00064,0.26193
CVE-2019-7852,0.00084,0.34863
CVE-2019-7853,0.00063,0.25571
CVE-2019-7854,0.00141,0.49807
CVE-2019-7855,0.00090,0.37697
CVE-2019-7857,0.00064,0.26193
CVE-2019-7858,0.00141,0.49807
CVE-2019-7859,0.00205,0.58529
CVE-2019-7860,0.00141,0.49807
CVE-2019-7861,0.00075,0.30787
CVE-2019-7862,0.00090,0.37786
CVE-2019-7863,0.00090,0.37786
CVE-2019-7864,0.00084,0.34863
CVE-2019-7865,0.00073,0.30112
CVE-2019-7866,0.00090,0.37786
CVE-2019-7867,0.00090,0.37786
CVE-2019-7868,0.00090,0.37786
CVE-2019-7869,0.00090,0.37786
CVE-2019-7870,0.00142,0.49895
CVE-2019-7871,0.00073,0.30166
CVE-2019-7872,0.00063,0.25016
CVE-2019-7873,0.00064,0.26193
CVE-2019-7874,0.00064,0.26193
CVE-2019-7875,0.00063,0.25571
CVE-2019-7876,0.00264,0.64106
CVE-2019-7877,0.00078,0.32653
CVE-2019-7880,0.00063,0.25571
CVE-2019-7881,0.00063,0.25571
CVE-2019-7882,0.00063,0.25571
CVE-2019-7885,0.00244,0.62526
CVE-2019-7886,0.00141,0.49807
CVE-2019-7887,0.00090,0.37786
CVE-2019-7888,0.00063,0.25016
CVE-2019-7889,0.00063,0.25571
CVE-2019-7890,0.00131,0.48012
CVE-2019-7892,0.00245,0.62576
CVE-2019-7895,0.00264,0.64106
CVE-2019-7896,0.00264,0.64106
CVE-2019-7897,0.00063,0.25571
CVE-2019-7898,0.00084,0.34863
CVE-2019-7899,0.00084,0.34863
CVE-2019-7903,0.00264,0.64106
CVE-2019-7904,0.00063,0.25571
CVE-2019-7908,0.00063,0.25571
CVE-2019-7909,0.00063,0.25571
CVE-2019-7911,0.00121,0.46223
CVE-2019-7912,0.00085,0.35324
CVE-2019-7913,0.00085,0.35324
CVE-2019-7915,0.00111,0.44144
CVE-2019-7921,0.00063,0.25571
CVE-2019-7923,0.00085,0.35324
CVE-2019-7925,0.00090,0.37786
CVE-2019-7926,0.00063,0.25571
CVE-2019-7927,0.00063,0.25571
CVE-2019-7928,0.00111,0.44144
CVE-2019-7929,0.00063,0.25016
CVE-2019-7930,0.00085,0.35324
CVE-2019-7931,0.00142,0.49895
CVE-2019-7932,0.00264,0.64106
CVE-2019-7934,0.00063,0.25571
CVE-2019-7935,0.00063,0.25571
CVE-2019-7936,0.00063,0.25571
CVE-2019-7937,0.00063,0.25571
CVE-2019-7938,0.00063,0.25571
CVE-2019-7939,0.00192,0.56900
CVE-2019-7940,0.00063,0.25571
CVE-2019-7941,0.00172,0.54465
CVE-2019-7942,0.00264,0.64106
CVE-2019-7944,0.00063,0.25571
CVE-2019-7945,0.00063,0.25571
CVE-2019-7947,0.00064,0.26193
CVE-2019-7950,0.00138,0.49350
CVE-2019-7951,0.00141,0.49807
CVE-2019-7953,0.00100,0.40800
CVE-2019-7954,0.00098,0.40496
CVE-2019-7955,0.00098,0.40496
CVE-2019-7956,0.00108,0.43494
CVE-2019-7957,0.00106,0.42706
CVE-2019-7958,0.00227,0.60981
CVE-2019-7959,0.00399,0.70934
CVE-2019-7960,0.00108,0.43494
CVE-2019-7961,0.00142,0.49895
CVE-2019-7962,0.00108,0.43494
CVE-2019-7963,0.12773,0.94992
CVE-2019-7964,0.01495,0.85547
CVE-2019-7965,0.00459,0.72771
CVE-2019-7968,0.01355,0.84821
CVE-2019-7969,0.00405,0.71120
CVE-2019-7970,0.00405,0.71120
CVE-2019-7971,0.00405,0.71120
CVE-2019-7972,0.00405,0.71120
CVE-2019-7973,0.00405,0.71120
CVE-2019-7974,0.00405,0.71120
CVE-2019-7975,0.00405,0.71120
CVE-2019-7976,0.01054,0.82525
CVE-2019-7977,0.00709,0.78401
CVE-2019-7978,0.13389,0.95099
CVE-2019-7979,0.01054,0.82525
CVE-2019-7980,0.00599,0.76175
CVE-2019-7981,0.00709,0.78401
CVE-2019-7982,0.01054,0.82525
CVE-2019-7983,0.01054,0.82525
CVE-2019-7984,0.01054,0.82525
CVE-2019-7985,0.13389,0.95099
CVE-2019-7986,0.01054,0.82525
CVE-2019-7987,0.00709,0.78401
CVE-2019-7988,0.01054,0.82525
CVE-2019-7989,0.15068,0.95348
CVE-2019-7990,0.02116,0.88060
CVE-2019-7991,0.00454,0.72638
CVE-2019-7992,0.00651,0.77277
CVE-2019-7993,0.02116,0.88060
CVE-2019-7994,0.01054,0.82525
CVE-2019-7995,0.01027,0.82262
CVE-2019-7996,0.01027,0.82262
CVE-2019-7997,0.00651,0.77277
CVE-2019-7998,0.00651,0.77277
CVE-2019-7999,0.00408,0.71223
CVE-2019-8000,0.00408,0.71223
CVE-2019-8001,0.00651,0.77277
CVE-2019-8002,0.00212,0.59127
CVE-2019-8003,0.00534,0.74768
CVE-2019-8004,0.00212,0.59127
CVE-2019-8005,0.00212,0.59127
CVE-2019-8006,0.00459,0.72771
CVE-2019-8007,0.00212,0.59127
CVE-2019-8008,0.01540,0.85794
CVE-2019-8009,0.00459,0.72771
CVE-2019-8010,0.00212,0.59127
CVE-2019-8011,0.00212,0.59127
CVE-2019-8012,0.00212,0.59127
CVE-2019-8013,0.01393,0.85041
CVE-2019-8014,0.18996,0.95823
CVE-2019-8015,0.01702,0.86477
CVE-2019-8016,0.03682,0.90880
CVE-2019-8017,0.01282,0.84363
CVE-2019-8018,0.00212,0.59127
CVE-2019-8019,0.01041,0.82418
CVE-2019-8020,0.00212,0.59127
CVE-2019-8021,0.00212,0.59127
CVE-2019-8022,0.00459,0.72771
CVE-2019-8023,0.00459,0.72771
CVE-2019-8024,0.02943,0.89854
CVE-2019-8025,0.00534,0.74768
CVE-2019-8026,0.00534,0.74768
CVE-2019-8027,0.00224,0.60720
CVE-2019-8028,0.00534,0.74768
CVE-2019-8029,0.00534,0.74768
CVE-2019-8030,0.00534,0.74768
CVE-2019-8031,0.00534,0.74768
CVE-2019-8032,0.00212,0.59127
CVE-2019-8033,0.01393,0.85041
CVE-2019-8034,0.01393,0.85041
CVE-2019-8035,0.00767,0.79332
CVE-2019-8036,0.00534,0.74768
CVE-2019-8037,0.00767,0.79332
CVE-2019-8038,0.01393,0.85041
CVE-2019-8039,0.01393,0.85041
CVE-2019-8040,0.59185,0.97472
CVE-2019-8041,0.35871,0.96774
CVE-2019-8042,0.35871,0.96774
CVE-2019-8043,0.01163,0.83447
CVE-2019-8044,0.87447,0.98409
CVE-2019-8045,0.01282,0.84363
CVE-2019-8046,0.35871,0.96774
CVE-2019-8047,0.00534,0.74768
CVE-2019-8048,0.01282,0.84363
CVE-2019-8049,0.35871,0.96774
CVE-2019-8050,0.35871,0.96774
CVE-2019-8051,0.00139,0.49481
CVE-2019-8052,0.00767,0.79332
CVE-2019-8053,0.00139,0.49481
CVE-2019-8054,0.00139,0.49481
CVE-2019-8055,0.00534,0.74768
CVE-2019-8056,0.00139,0.49481
CVE-2019-8057,0.01393,0.85041
CVE-2019-8058,0.00139,0.49481
CVE-2019-8059,0.00139,0.49481
CVE-2019-8060,0.00337,0.68415
CVE-2019-8061,0.00534,0.74768
CVE-2019-8062,0.00142,0.49895
CVE-2019-8063,0.00251,0.63138
CVE-2019-8064,0.00767,0.79332
CVE-2019-8066,0.00474,0.73173
CVE-2019-8069,0.01211,0.83840
CVE-2019-8070,0.01092,0.82874
CVE-2019-8071,0.00250,0.63073
CVE-2019-8072,0.00432,0.71944
CVE-2019-8073,0.01355,0.84821
CVE-2019-8074,0.00728,0.78743
CVE-2019-8075,0.00188,0.56341
CVE-2019-8076,0.00142,0.49895
CVE-2019-8077,0.00212,0.59127
CVE-2019-8078,0.00098,0.40496
CVE-2019-8079,0.00098,0.40496
CVE-2019-8080,0.00098,0.40496
CVE-2019-8081,0.00229,0.61137
CVE-2019-8082,0.00181,0.55396
CVE-2019-8083,0.00098,0.40496
CVE-2019-8084,0.00098,0.40496
CVE-2019-8085,0.00098,0.40496
CVE-2019-8086,0.09881,0.94326
CVE-2019-8087,0.00181,0.55396
CVE-2019-8088,0.01355,0.84821
CVE-2019-8089,0.00098,0.40496
CVE-2019-8090,0.00063,0.25571
CVE-2019-8091,0.00264,0.64106
CVE-2019-8092,0.00063,0.25571
CVE-2019-8093,0.00119,0.45895
CVE-2019-8094,0.00212,0.59127
CVE-2019-8095,0.00212,0.59127
CVE-2019-8096,0.00212,0.59127
CVE-2019-8097,0.00117,0.45505
CVE-2019-8098,0.00459,0.72771
CVE-2019-8099,0.00177,0.54942
CVE-2019-8100,0.00459,0.72771
CVE-2019-8101,0.00177,0.54942
CVE-2019-8102,0.00212,0.59127
CVE-2019-8103,0.00212,0.59127
CVE-2019-8104,0.00212,0.59127
CVE-2019-8105,0.00212,0.59127
CVE-2019-8106,0.00212,0.59127
CVE-2019-8107,0.00063,0.25571
CVE-2019-8108,0.00064,0.26326
CVE-2019-8109,0.00081,0.33880
CVE-2019-8110,0.00264,0.64106
CVE-2019-8111,0.00264,0.64106
CVE-2019-8112,0.00138,0.49350
CVE-2019-8113,0.00084,0.34863
CVE-2019-8114,0.00183,0.55659
CVE-2019-8115,0.00063,0.25571
CVE-2019-8116,0.00141,0.49807
CVE-2019-8117,0.00063,0.25571
CVE-2019-8118,0.00084,0.34863
CVE-2019-8119,0.00264,0.64106
CVE-2019-8120,0.00063,0.25571
CVE-2019-8121,0.00186,0.55997
CVE-2019-8122,0.00264,0.64106
CVE-2019-8123,0.00084,0.34863
CVE-2019-8124,0.00063,0.25571
CVE-2019-8125,0.00264,0.64106
CVE-2019-8126,0.00063,0.25175
CVE-2019-8127,0.00070,0.28993
CVE-2019-8128,0.00118,0.45697
CVE-2019-8129,0.00063,0.25571
CVE-2019-8130,0.00070,0.28993
CVE-2019-8131,0.00063,0.25571
CVE-2019-8132,0.00063,0.25571
CVE-2019-8133,0.00078,0.32612
CVE-2019-8134,0.00070,0.28993
CVE-2019-8135,0.00293,0.66029
CVE-2019-8136,0.00186,0.55997
CVE-2019-8137,0.00260,0.63840
CVE-2019-8138,0.00063,0.25571
CVE-2019-8139,0.00063,0.25571
CVE-2019-8140,0.00090,0.37786
CVE-2019-8141,0.00245,0.62576
CVE-2019-8142,0.00063,0.25571
CVE-2019-8143,0.00063,0.25016
CVE-2019-8144,0.00669,0.77692
CVE-2019-8145,0.00063,0.25571
CVE-2019-8146,0.00063,0.25571
CVE-2019-8147,0.00063,0.25571
CVE-2019-8148,0.00063,0.25571
CVE-2019-8149,0.00264,0.64173
CVE-2019-8150,0.00264,0.64106
CVE-2019-8151,0.00245,0.62576
CVE-2019-8152,0.00063,0.25571
CVE-2019-8153,0.00074,0.30440
CVE-2019-8154,0.00249,0.62873
CVE-2019-8155,0.00078,0.32117
CVE-2019-8156,0.00245,0.62576
CVE-2019-8157,0.00063,0.25571
CVE-2019-8158,0.00195,0.57496
CVE-2019-8159,0.00132,0.48091
CVE-2019-8160,0.00098,0.40496
CVE-2019-8161,0.00405,0.71120
CVE-2019-8162,0.00293,0.66064
CVE-2019-8163,0.00767,0.79332
CVE-2019-8164,0.00212,0.59127
CVE-2019-8165,0.01540,0.85794
CVE-2019-8166,0.01304,0.84503
CVE-2019-8167,0.00405,0.71120
CVE-2019-8168,0.00212,0.59127
CVE-2019-8169,0.00405,0.71120
CVE-2019-8170,0.23214,0.96141
CVE-2019-8171,0.01540,0.85794
CVE-2019-8172,0.00767,0.79332
CVE-2019-8173,0.00767,0.79332
CVE-2019-8174,0.01293,0.84433
CVE-2019-8175,0.01393,0.85041
CVE-2019-8176,0.01393,0.85041
CVE-2019-8177,0.01393,0.85041
CVE-2019-8178,0.01393,0.85041
CVE-2019-8179,0.01393,0.85041
CVE-2019-8180,0.01393,0.85041
CVE-2019-8181,0.01393,0.85041
CVE-2019-8182,0.00212,0.59127
CVE-2019-8183,0.09609,0.94255
CVE-2019-8184,0.00212,0.59127
CVE-2019-8185,0.00212,0.59127
CVE-2019-8186,0.00459,0.72771
CVE-2019-8187,0.00139,0.49481
CVE-2019-8188,0.00139,0.49481
CVE-2019-8189,0.00767,0.79332
CVE-2019-8190,0.00767,0.79332
CVE-2019-8191,0.01540,0.85794
CVE-2019-8192,0.01393,0.85041
CVE-2019-8193,0.00212,0.59127
CVE-2019-8194,0.00212,0.59127
CVE-2019-8195,0.00913,0.81134
CVE-2019-8196,0.00913,0.81134
CVE-2019-8197,0.35871,0.96774
CVE-2019-8198,0.00212,0.59127
CVE-2019-8199,0.00459,0.72771
CVE-2019-8200,0.00405,0.71120
CVE-2019-8201,0.00212,0.59127
CVE-2019-8202,0.00212,0.59127
CVE-2019-8203,0.01393,0.85041
CVE-2019-8204,0.23262,0.96145
CVE-2019-8205,0.00459,0.72771
CVE-2019-8206,0.00459,0.72771
CVE-2019-8207,0.00212,0.59127
CVE-2019-8208,0.01393,0.85041
CVE-2019-8209,0.01393,0.85041
CVE-2019-8210,0.01393,0.85041
CVE-2019-8211,0.00534,0.74768
CVE-2019-8212,0.00534,0.74768
CVE-2019-8213,0.00534,0.74768
CVE-2019-8214,0.00534,0.74768
CVE-2019-8215,0.00534,0.74768
CVE-2019-8216,0.00212,0.59127
CVE-2019-8217,0.01393,0.85041
CVE-2019-8218,0.00212,0.59127
CVE-2019-8219,0.01393,0.85041
CVE-2019-8220,0.00534,0.74768
CVE-2019-8221,0.00534,0.74768
CVE-2019-8222,0.00212,0.59127
CVE-2019-8223,0.01393,0.85041
CVE-2019-8224,0.01393,0.85041
CVE-2019-8225,0.01393,0.85041
CVE-2019-8226,0.00422,0.71695
CVE-2019-8227,0.00090,0.37786
CVE-2019-8228,0.00090,0.37786
CVE-2019-8229,0.00085,0.35324
CVE-2019-8230,0.00085,0.35324
CVE-2019-8231,0.00085,0.35324
CVE-2019-8232,0.00088,0.36833
CVE-2019-8233,0.00119,0.45895
CVE-2019-8234,0.00100,0.40800
CVE-2019-8235,0.00063,0.25016
CVE-2019-8236,0.00426,0.71796
CVE-2019-8237,0.00195,0.57460
CVE-2019-8238,0.00223,0.60673
CVE-2019-8239,0.00162,0.52882
CVE-2019-8240,0.00162,0.52882
CVE-2019-8241,0.00628,0.76837
CVE-2019-8242,0.00628,0.76837
CVE-2019-8243,0.00628,0.76837
CVE-2019-8244,0.00628,0.76837
CVE-2019-8246,0.00655,0.77353
CVE-2019-8247,0.00596,0.76131
CVE-2019-8248,0.00596,0.76131
CVE-2019-8249,0.00102,0.41277
CVE-2019-8250,0.00102,0.41277
CVE-2019-8251,0.00109,0.43763
CVE-2019-8252,0.00109,0.43763
CVE-2019-8253,0.00093,0.39194
CVE-2019-8254,0.00093,0.39194
CVE-2019-8255,0.01899,0.87312
CVE-2019-8256,0.00289,0.65794
CVE-2019-8257,0.00943,0.81469
CVE-2019-8258,0.02625,0.89313
CVE-2019-8259,0.00311,0.67072
CVE-2019-8260,0.00924,0.81271
CVE-2019-8261,0.00924,0.81271
CVE-2019-8262,0.01280,0.84323
CVE-2019-8263,0.00695,0.78169
CVE-2019-8264,0.00791,0.79721
CVE-2019-8265,0.00791,0.79721
CVE-2019-8266,0.00948,0.81520
CVE-2019-8267,0.00187,0.56238
CVE-2019-8268,0.00766,0.79295
CVE-2019-8269,0.01134,0.83224
CVE-2019-8270,0.00187,0.56238
CVE-2019-8271,0.02625,0.89313
CVE-2019-8272,0.00766,0.79295
CVE-2019-8273,0.02625,0.89313
CVE-2019-8274,0.02625,0.89313
CVE-2019-8275,0.05844,0.92689
CVE-2019-8276,0.01134,0.83224
CVE-2019-8277,0.00311,0.67072
CVE-2019-8278,0.00180,0.55270
CVE-2019-8279,0.00072,0.29718
CVE-2019-8280,0.00791,0.79721
CVE-2019-8282,0.00065,0.27048
CVE-2019-8283,0.00157,0.52178
CVE-2019-8285,0.00097,0.40267
CVE-2019-8286,0.00089,0.37377
CVE-2019-8287,0.01879,0.87210
CVE-2019-8288,0.00062,0.24442
CVE-2019-8289,0.00086,0.35801
CVE-2019-8290,0.00083,0.34452
CVE-2019-8291,0.00126,0.47117
CVE-2019-8292,0.00195,0.57471
CVE-2019-8293,0.00414,0.71424
CVE-2019-8308,0.00045,0.11966
CVE-2019-8312,0.00246,0.62675
CVE-2019-8313,0.00246,0.62675
CVE-2019-8314,0.00246,0.62675
CVE-2019-8315,0.00246,0.62675
CVE-2019-8316,0.00246,0.62675
CVE-2019-8317,0.00246,0.62675
CVE-2019-8318,0.00246,0.62675
CVE-2019-8319,0.00246,0.62675
CVE-2019-8320,0.00490,0.73636
CVE-2019-8321,0.00147,0.50680
CVE-2019-8322,0.00147,0.50680
CVE-2019-8323,0.00147,0.50680
CVE-2019-8324,0.00274,0.64793
CVE-2019-8325,0.00147,0.50680
CVE-2019-8331,0.00323,0.67732
CVE-2019-8334,0.00087,0.36434
CVE-2019-8335,0.00087,0.36434
CVE-2019-8336,0.00217,0.59752
CVE-2019-8337,0.00111,0.44173
CVE-2019-8338,0.01857,0.87110
CVE-2019-8339,0.00042,0.05722
CVE-2019-8341,0.05648,0.92587
CVE-2019-8342,0.00042,0.05755
CVE-2019-8343,0.00097,0.40262
CVE-2019-8345,0.00046,0.12657
CVE-2019-8346,0.00138,0.49324
CVE-2019-8347,0.00112,0.44586
CVE-2019-8349,0.00579,0.75767
CVE-2019-8350,0.00077,0.32045
CVE-2019-8351,0.00551,0.75162
CVE-2019-8352,0.00222,0.60600
CVE-2019-8354,0.00043,0.07501
CVE-2019-8355,0.00125,0.46944
CVE-2019-8356,0.00118,0.45804
CVE-2019-8357,0.00125,0.46944
CVE-2019-8358,0.00618,0.76611
CVE-2019-8359,0.00211,0.59025
CVE-2019-8360,0.00274,0.64777
CVE-2019-8361,0.00144,0.50222
CVE-2019-8362,0.00090,0.37714
CVE-2019-8363,0.00087,0.36434
CVE-2019-8368,0.00572,0.75579
CVE-2019-8371,0.00393,0.70727
CVE-2019-8372,0.00091,0.38646
CVE-2019-8375,0.04366,0.91554
CVE-2019-8376,0.00233,0.61486
CVE-2019-8377,0.00233,0.61486
CVE-2019-8378,0.00407,0.71181
CVE-2019-8379,0.00192,0.56918
CVE-2019-8380,0.00407,0.71181
CVE-2019-8381,0.00240,0.62117
CVE-2019-8382,0.00407,0.71181
CVE-2019-8383,0.00192,0.56918
CVE-2019-8385,0.15636,0.95434
CVE-2019-8387,0.31145,0.96581
CVE-2019-8389,0.00082,0.34054
CVE-2019-8390,0.01610,0.86137
CVE-2019-8391,0.00344,0.68711
CVE-2019-8392,0.00203,0.58263
CVE-2019-8393,0.00212,0.59184
CVE-2019-8394,0.96960,0.99677
CVE-2019-8395,0.01115,0.83061
CVE-2019-8396,0.00092,0.38759
CVE-2019-8397,0.00096,0.39969
CVE-2019-8398,0.00096,0.39969
CVE-2019-8400,0.00109,0.43809
CVE-2019-8404,0.02459,0.88984
CVE-2019-8407,0.00085,0.35454
CVE-2019-8408,0.00095,0.39629
CVE-2019-8410,0.00087,0.36434
CVE-2019-8411,0.00215,0.59573
CVE-2019-8412,0.01367,0.84898
CVE-2019-8413,0.00044,0.10445
CVE-2019-8418,0.00109,0.43614
CVE-2019-8419,0.00087,0.36434
CVE-2019-8421,0.00091,0.38649
CVE-2019-8422,0.00091,0.38618
CVE-2019-8423,0.00251,0.63095
CVE-2019-8424,0.00251,0.63095
CVE-2019-8425,0.00076,0.31249
CVE-2019-8426,0.00076,0.31249
CVE-2019-8427,0.00398,0.70913
CVE-2019-8428,0.00251,0.63095
CVE-2019-8429,0.00251,0.63095
CVE-2019-8432,0.00087,0.36434
CVE-2019-8433,0.00090,0.37714
CVE-2019-8434,0.00087,0.36434
CVE-2019-8435,0.00058,0.22585
CVE-2019-8436,0.00058,0.22585
CVE-2019-8437,0.00112,0.44586
CVE-2019-8438,0.00058,0.22585
CVE-2019-8439,0.00058,0.22585
CVE-2019-8440,0.00058,0.22585
CVE-2019-8442,0.97131,0.99754
CVE-2019-8443,0.01088,0.82848
CVE-2019-8444,0.00066,0.27429
CVE-2019-8445,0.00180,0.55279
CVE-2019-8446,0.15691,0.95442
CVE-2019-8447,0.00075,0.31087
CVE-2019-8448,0.00189,0.56459
CVE-2019-8449,0.24444,0.96221
CVE-2019-8450,0.00066,0.27429
CVE-2019-8451,0.97115,0.99747
CVE-2019-8452,0.00058,0.21920
CVE-2019-8453,0.00042,0.05722
CVE-2019-8454,0.00042,0.05722
CVE-2019-8455,0.00042,0.05722
CVE-2019-8456,0.00084,0.34791
CVE-2019-8457,0.00527,0.74587
CVE-2019-8458,0.00080,0.33456
CVE-2019-8459,0.00222,0.60556
CVE-2019-8460,0.00274,0.64758
CVE-2019-8461,0.00096,0.39946
CVE-2019-8462,0.00116,0.45451
CVE-2019-8463,0.00103,0.41969
CVE-2019-8502,0.00104,0.42033
CVE-2019-8503,0.00416,0.71484
CVE-2019-8504,0.00042,0.05722
CVE-2019-8505,0.00107,0.43282
CVE-2019-8506,0.07472,0.93492
CVE-2019-8507,0.00044,0.10163
CVE-2019-8508,0.00044,0.10161
CVE-2019-8509,0.00070,0.28841
CVE-2019-8510,0.00045,0.12069
CVE-2019-8511,0.00159,0.52363
CVE-2019-8512,0.00054,0.20290
CVE-2019-8513,0.00050,0.16433
CVE-2019-8514,0.00216,0.59622
CVE-2019-8515,0.00274,0.64759
CVE-2019-8516,0.00129,0.47568
CVE-2019-8517,0.00396,0.70848
CVE-2019-8518,0.83972,0.98230
CVE-2019-8519,0.00045,0.12491
CVE-2019-8520,0.00044,0.10161
CVE-2019-8521,0.00057,0.21309
CVE-2019-8522,0.00042,0.05722
CVE-2019-8523,0.00696,0.78185
CVE-2019-8524,0.00985,0.81893
CVE-2019-8525,0.00043,0.07702
CVE-2019-8526,0.00137,0.49207
CVE-2019-8527,0.00839,0.80303
CVE-2019-8528,0.00045,0.12326
CVE-2019-8529,0.00065,0.26793
CVE-2019-8530,0.00116,0.45371
CVE-2019-8531,0.00324,0.67755
CVE-2019-8532,0.00069,0.28647
CVE-2019-8533,0.00044,0.10161
CVE-2019-8534,0.00068,0.27993
CVE-2019-8535,0.00680,0.77918
CVE-2019-8536,0.01019,0.82208
CVE-2019-8537,0.00042,0.05722
CVE-2019-8538,0.00087,0.36047
CVE-2019-8539,0.00180,0.55274
CVE-2019-8540,0.00116,0.45300
CVE-2019-8541,0.00044,0.10161
CVE-2019-8542,0.00249,0.62897
CVE-2019-8544,0.01019,0.82208
CVE-2019-8545,0.00042,0.05722
CVE-2019-8546,0.00042,0.05722
CVE-2019-8547,0.00538,0.74865
CVE-2019-8548,0.00058,0.22795
CVE-2019-8549,0.00167,0.53446
CVE-2019-8550,0.00172,0.54287
CVE-2019-8551,0.00236,0.61737
CVE-2019-8552,0.00150,0.51169
CVE-2019-8553,0.00566,0.75479
CVE-2019-8554,0.00157,0.52178
CVE-2019-8555,0.00109,0.43790
CVE-2019-8556,0.00613,0.76508
CVE-2019-8558,0.83972,0.98230
CVE-2019-8559,0.01043,0.82435
CVE-2019-8560,0.00116,0.45300
CVE-2019-8561,0.00059,0.23012
CVE-2019-8562,0.00613,0.76506
CVE-2019-8563,0.01043,0.82435
CVE-2019-8564,0.00075,0.30915
CVE-2019-8565,0.00193,0.57229
CVE-2019-8566,0.00055,0.20370
CVE-2019-8567,0.00168,0.53801
CVE-2019-8568,0.00042,0.05722
CVE-2019-8569,0.00044,0.10161
CVE-2019-8570,0.00224,0.60721
CVE-2019-8571,0.01416,0.85150
CVE-2019-8572,0.00915,0.81164
CVE-2019-8573,0.00552,0.75187
CVE-2019-8574,0.00174,0.54583
CVE-2019-8575,0.00178,0.55045
CVE-2019-8576,0.00042,0.05722
CVE-2019-8577,0.00248,0.62790
CVE-2019-8578,0.00910,0.81110
CVE-2019-8579,0.00044,0.10161
CVE-2019-8580,0.00090,0.37972
CVE-2019-8581,0.00446,0.72391
CVE-2019-8582,0.00193,0.57262
CVE-2019-8583,0.01488,0.85500
CVE-2019-8584,0.01416,0.85150
CVE-2019-8585,0.00529,0.74647
CVE-2019-8586,0.01416,0.85146
CVE-2019-8587,0.01416,0.85150
CVE-2019-8588,0.00196,0.57522
CVE-2019-8589,0.00053,0.18293
CVE-2019-8590,0.00068,0.28064
CVE-2019-8591,0.00229,0.61196
CVE-2019-8592,0.00165,0.53168
CVE-2019-8593,0.00181,0.55502
CVE-2019-8594,0.01416,0.85146
CVE-2019-8595,0.01416,0.85150
CVE-2019-8596,0.01416,0.85146
CVE-2019-8597,0.01072,0.82717
CVE-2019-8598,0.00190,0.56654
CVE-2019-8599,0.00056,0.21013
CVE-2019-8600,0.01431,0.85228
CVE-2019-8601,0.01488,0.85500
CVE-2019-8602,0.00248,0.62790
CVE-2019-8603,0.00342,0.68618
CVE-2019-8604,0.00045,0.12491
CVE-2019-8605,0.00132,0.48269
CVE-2019-8606,0.00045,0.12491
CVE-2019-8607,0.00382,0.70303
CVE-2019-8608,0.00670,0.77702
CVE-2019-8609,0.01416,0.85146
CVE-2019-8610,0.01416,0.85150
CVE-2019-8611,0.92662,0.98834
CVE-2019-8612,0.00116,0.45371
CVE-2019-8613,0.06724,0.93188
CVE-2019-8615,0.00579,0.75766
CVE-2019-8616,0.00045,0.12491
CVE-2019-8617,0.00199,0.57916
CVE-2019-8618,0.00126,0.47156
CVE-2019-8619,0.01416,0.85146
CVE-2019-8620,0.00264,0.64136
CVE-2019-8622,0.08182,0.93763
CVE-2019-8623,0.08182,0.93763
CVE-2019-8624,0.02290,0.88590
CVE-2019-8625,0.00132,0.48279
CVE-2019-8626,0.00109,0.43545
CVE-2019-8628,0.01416,0.85146
CVE-2019-8629,0.00072,0.29986
CVE-2019-8630,0.00044,0.10161
CVE-2019-8631,0.00126,0.47156
CVE-2019-8632,0.00122,0.46413
CVE-2019-8633,0.00170,0.54134
CVE-2019-8634,0.00135,0.48679
CVE-2019-8635,0.00045,0.12491
CVE-2019-8637,0.00148,0.50832
CVE-2019-8638,0.00462,0.72834
CVE-2019-8639,0.00462,0.72834
CVE-2019-8640,0.00075,0.30915
CVE-2019-8641,0.05652,0.92589
CVE-2019-8642,0.00055,0.20370
CVE-2019-8643,0.00115,0.45157
CVE-2019-8644,0.01416,0.85150
CVE-2019-8645,0.00091,0.38103
CVE-2019-8646,0.07189,0.93398
CVE-2019-8647,0.06724,0.93188
CVE-2019-8648,0.01816,0.86924
CVE-2019-8649,0.01612,0.86146
CVE-2019-8654,0.00075,0.30975
CVE-2019-8656,0.00053,0.18293
CVE-2019-8657,0.00529,0.74647
CVE-2019-8658,0.00536,0.74806
CVE-2019-8659,0.00084,0.34791
CVE-2019-8660,0.05587,0.92553
CVE-2019-8661,0.04519,0.91686
CVE-2019-8662,0.12774,0.94993
CVE-2019-8663,0.01498,0.85560
CVE-2019-8664,0.00109,0.43545
CVE-2019-8665,0.00202,0.58171
CVE-2019-8666,0.01416,0.85146
CVE-2019-8667,0.00078,0.32743
CVE-2019-8668,0.00097,0.40166
CVE-2019-8669,0.02047,0.87842
CVE-2019-8670,0.00084,0.35108
CVE-2019-8671,0.92662,0.98834
CVE-2019-8672,0.96068,0.99379
CVE-2019-8673,0.01416,0.85146
CVE-2019-8674,0.00244,0.62512
CVE-2019-8675,0.00096,0.39973
CVE-2019-8676,0.29103,0.96482
CVE-2019-8677,0.01416,0.85146
CVE-2019-8678,0.01416,0.85146
CVE-2019-8679,0.01416,0.85146
CVE-2019-8680,0.01416,0.85146
CVE-2019-8681,0.01416,0.85150
CVE-2019-8682,0.00063,0.25202
CVE-2019-8683,0.01488,0.85500
CVE-2019-8684,0.29103,0.96482
CVE-2019-8685,0.01488,0.85500
CVE-2019-8686,0.01416,0.85150
CVE-2019-8687,0.01416,0.85146
CVE-2019-8688,0.29103,0.96482
CVE-2019-8689,0.96068,0.99379
CVE-2019-8690,0.01612,0.86146
CVE-2019-8691,0.00045,0.12491
CVE-2019-8692,0.00045,0.12491
CVE-2019-8693,0.00066,0.27209
CVE-2019-8694,0.00072,0.29986
CVE-2019-8695,0.00098,0.40358
CVE-2019-8696,0.00096,0.39973
CVE-2019-8697,0.00045,0.12491
CVE-2019-8698,0.00061,0.24231
CVE-2019-8699,0.00115,0.45199
CVE-2019-8701,0.00044,0.10161
CVE-2019-8702,0.00042,0.05722
CVE-2019-8703,0.00225,0.60863
CVE-2019-8704,0.00042,0.05722
CVE-2019-8705,0.00065,0.27009
CVE-2019-8706,0.00144,0.50286
CVE-2019-8707,0.01006,0.82096
CVE-2019-8708,0.00042,0.05722
CVE-2019-8709,0.00144,0.50286
CVE-2019-8710,0.00361,0.69484
CVE-2019-8711,0.00075,0.30915
CVE-2019-8712,0.00480,0.73357
CVE-2019-8715,0.00140,0.49671
CVE-2019-8716,0.00305,0.66673
CVE-2019-8717,0.00046,0.13760
CVE-2019-8718,0.00140,0.49671
CVE-2019-8719,0.00132,0.48279
CVE-2019-8720,0.00576,0.75708
CVE-2019-8721,0.00413,0.71366
CVE-2019-8722,0.00413,0.71366
CVE-2019-8723,0.00413,0.71366
CVE-2019-8724,0.00413,0.71366
CVE-2019-8725,0.00084,0.34791
CVE-2019-8726,0.00502,0.73945
CVE-2019-8727,0.00100,0.40837
CVE-2019-8728,0.00800,0.79824
CVE-2019-8730,0.00042,0.05722
CVE-2019-8731,0.00066,0.27209
CVE-2019-8732,0.00058,0.22795
CVE-2019-8733,0.00502,0.73945
CVE-2019-8734,0.00800,0.79824
CVE-2019-8735,0.01006,0.82096
CVE-2019-8736,0.00063,0.24931
CVE-2019-8737,0.00085,0.35257
CVE-2019-8738,0.00072,0.29986
CVE-2019-8739,0.00072,0.29986
CVE-2019-8740,0.00140,0.49671
CVE-2019-8741,0.00601,0.76233
CVE-2019-8742,0.00058,0.22795
CVE-2019-8743,0.00361,0.69484
CVE-2019-8744,0.00113,0.44612
CVE-2019-8745,0.00806,0.79914
CVE-2019-8746,0.01903,0.87325
CVE-2019-8747,0.00072,0.29986
CVE-2019-8748,0.00092,0.38764
CVE-2019-8749,0.01169,0.83517
CVE-2019-8750,0.00244,0.62506
CVE-2019-8751,0.00800,0.79824
CVE-2019-8752,0.00800,0.79824
CVE-2019-8753,0.00127,0.47343
CVE-2019-8754,0.00157,0.52178
CVE-2019-8755,0.00042,0.05722
CVE-2019-8756,0.01169,0.83517
CVE-2019-8757,0.00044,0.10161
CVE-2019-8758,0.00044,0.10161
CVE-2019-8759,0.00042,0.05722
CVE-2019-8760,0.00069,0.28577
CVE-2019-8761,0.00074,0.30487
CVE-2019-8762,0.00618,0.76626
CVE-2019-8763,0.00502,0.73945
CVE-2019-8764,0.00217,0.59762
CVE-2019-8765,0.42920,0.97017
CVE-2019-8766,0.00569,0.75536
CVE-2019-8767,0.00244,0.62506
CVE-2019-8768,0.00090,0.37972
CVE-2019-8769,0.00076,0.31163
CVE-2019-8770,0.00061,0.24235
CVE-2019-8771,0.00084,0.35108
CVE-2019-8772,0.00166,0.53380
CVE-2019-8773,0.00800,0.79824
CVE-2019-8774,0.00063,0.25682
CVE-2019-8775,0.00066,0.27274
CVE-2019-8776,0.00072,0.29986
CVE-2019-8777,0.00056,0.21013
CVE-2019-8779,0.00127,0.47277
CVE-2019-8780,0.00062,0.24779
CVE-2019-8781,0.00072,0.29986
CVE-2019-8782,0.00875,0.80714
CVE-2019-8783,0.01995,0.87656
CVE-2019-8784,0.00172,0.54260
CVE-2019-8785,0.00174,0.54583
CVE-2019-8786,0.00174,0.54583
CVE-2019-8787,0.00393,0.70726
CVE-2019-8788,0.00178,0.55045
CVE-2019-8789,0.00074,0.30487
CVE-2019-8790,0.00042,0.05722
CVE-2019-8791,0.00081,0.33903
CVE-2019-8792,0.00361,0.69484
CVE-2019-8793,0.00042,0.05722
CVE-2019-8794,0.00116,0.45300
CVE-2019-8795,0.00085,0.35384
CVE-2019-8796,0.00125,0.46972
CVE-2019-8797,0.00174,0.54583
CVE-2019-8798,0.00098,0.40518
CVE-2019-8799,0.00083,0.34384
CVE-2019-8800,0.00072,0.29986
CVE-2019-8801,0.00085,0.35384
CVE-2019-8802,0.00059,0.23012
CVE-2019-8803,0.00104,0.42308
CVE-2019-8804,0.00052,0.17536
CVE-2019-8805,0.00072,0.29986
CVE-2019-8806,0.00072,0.29986
CVE-2019-8807,0.00072,0.29986
CVE-2019-8808,0.00875,0.80714
CVE-2019-8809,0.00047,0.14180
CVE-2019-8811,0.01094,0.82890
CVE-2019-8812,0.00875,0.80714
CVE-2019-8813,0.00257,0.63590
CVE-2019-8814,0.00909,0.81091
CVE-2019-8815,0.00909,0.81091
CVE-2019-8816,0.00993,0.81992
CVE-2019-8817,0.00066,0.27209
CVE-2019-8819,0.01995,0.87656
CVE-2019-8820,0.79289,0.98024
CVE-2019-8821,0.01995,0.87656
CVE-2019-8822,0.01995,0.87656
CVE-2019-8823,0.01995,0.87656
CVE-2019-8824,0.00072,0.29986
CVE-2019-8825,0.00494,0.73719
CVE-2019-8826,0.00261,0.63899
CVE-2019-8827,0.00165,0.53147
CVE-2019-8828,0.00134,0.48572
CVE-2019-8829,0.00134,0.48572
CVE-2019-8830,0.00453,0.72607
CVE-2019-8831,0.00156,0.51899
CVE-2019-8832,0.00134,0.48572
CVE-2019-8833,0.00134,0.48572
CVE-2019-8834,0.00117,0.45564
CVE-2019-8835,0.00483,0.73426
CVE-2019-8836,0.00140,0.49671
CVE-2019-8837,0.00059,0.23012
CVE-2019-8838,0.00134,0.48572
CVE-2019-8839,0.00055,0.20370
CVE-2019-8840,0.00137,0.49079
CVE-2019-8841,0.00044,0.10161
CVE-2019-8842,0.00107,0.43141
CVE-2019-8844,0.00642,0.77092
CVE-2019-8846,0.00425,0.71767
CVE-2019-8847,0.00072,0.29986
CVE-2019-8848,0.00148,0.50756
CVE-2019-8849,0.00510,0.74177
CVE-2019-8850,0.00182,0.55528
CVE-2019-8851,0.00083,0.34295
CVE-2019-8852,0.00072,0.29986
CVE-2019-8853,0.00065,0.27009
CVE-2019-8854,0.00176,0.54803
CVE-2019-8855,0.00066,0.27209
CVE-2019-8856,0.00080,0.33261
CVE-2019-8857,0.00044,0.10161
CVE-2019-8858,0.00075,0.30915
CVE-2019-8898,0.00110,0.43957
CVE-2019-8901,0.00064,0.26201
CVE-2019-8902,0.00053,0.18634
CVE-2019-8903,0.01071,0.82709
CVE-2019-8904,0.00560,0.75322
CVE-2019-8905,0.00060,0.23614
CVE-2019-8906,0.00045,0.11802
CVE-2019-8907,0.00946,0.81495
CVE-2019-8908,0.03275,0.90360
CVE-2019-8909,0.00247,0.62766
CVE-2019-8910,0.00112,0.44586
CVE-2019-8911,0.00087,0.36434
CVE-2019-8912,0.00045,0.11966
CVE-2019-8917,0.36457,0.96795
CVE-2019-8919,0.00168,0.53801
CVE-2019-8920,0.00096,0.40015
CVE-2019-8921,0.00073,0.30189
CVE-2019-8922,0.00077,0.31670
CVE-2019-8923,0.06372,0.92994
CVE-2019-8924,0.00778,0.79497
CVE-2019-8925,0.00262,0.63974
CVE-2019-8926,0.00371,0.69877
CVE-2019-8927,0.00317,0.67392
CVE-2019-8928,0.00371,0.69877
CVE-2019-8929,0.00317,0.67392
CVE-2019-8931,0.00168,0.53801
CVE-2019-8932,0.00168,0.53801
CVE-2019-8933,0.00095,0.39615
CVE-2019-8934,0.00064,0.26142
CVE-2019-8935,0.00058,0.22585
CVE-2019-8936,0.00717,0.78547
CVE-2019-8937,0.00921,0.81243
CVE-2019-8938,0.00433,0.71978
CVE-2019-8939,0.00205,0.58528
CVE-2019-8942,0.96080,0.99381
CVE-2019-8943,0.96077,0.99380
CVE-2019-8944,0.00100,0.40978
CVE-2019-8945,0.00097,0.40173
CVE-2019-8946,0.00097,0.40173
CVE-2019-8947,0.00097,0.40173
CVE-2019-8948,0.00256,0.63542
CVE-2019-8950,0.01120,0.83107
CVE-2019-8951,0.00276,0.64895
CVE-2019-8952,0.00193,0.57215
CVE-2019-8953,0.15012,0.95340
CVE-2019-8954,0.00579,0.75779
CVE-2019-8955,0.02383,0.88809
CVE-2019-8956,0.00045,0.11966
CVE-2019-8960,0.00103,0.41969
CVE-2019-8961,0.00206,0.58643
CVE-2019-8963,0.00046,0.13740
CVE-2019-8978,0.01090,0.82860
CVE-2019-8979,0.00212,0.59184
CVE-2019-8980,0.03746,0.90952
CVE-2019-8981,0.00492,0.73677
CVE-2019-8982,0.02482,0.89032
CVE-2019-8983,0.00078,0.32606
CVE-2019-8984,0.00078,0.32606
CVE-2019-8985,0.00977,0.81812
CVE-2019-8986,0.00065,0.26756
CVE-2019-8987,0.00068,0.28093
CVE-2019-8988,0.00126,0.47164
CVE-2019-8989,0.00063,0.25291
CVE-2019-8990,0.00343,0.68667
CVE-2019-8991,0.00161,0.52686
CVE-2019-8992,0.00203,0.58335
CVE-2019-8993,0.00430,0.71882
CVE-2019-8994,0.00063,0.25291
CVE-2019-8995,0.00167,0.53432
CVE-2019-8996,0.00244,0.62506
CVE-2019-8997,0.00177,0.54886
CVE-2019-8998,0.00042,0.05722
CVE-2019-8999,0.00168,0.53801
CVE-2019-9002,0.01057,0.82560
CVE-2019-9003,0.00882,0.80778
CVE-2019-9004,0.00089,0.37270
CVE-2019-9005,0.00060,0.23404
CVE-2019-9008,0.00222,0.60569
CVE-2019-9009,0.00112,0.44414
CVE-2019-9010,0.00235,0.61633
CVE-2019-9011,0.00063,0.25287
CVE-2019-9012,0.00160,0.52551
CVE-2019-9013,0.00064,0.26341
CVE-2019-9015,0.00118,0.45832
CVE-2019-9016,0.00131,0.48045
CVE-2019-9017,0.01573,0.85971
CVE-2019-9019,0.00096,0.40045
CVE-2019-9020,0.00280,0.65173
CVE-2019-9021,0.01056,0.82537
CVE-2019-9022,0.60634,0.97506
CVE-2019-9023,0.00373,0.69955
CVE-2019-9024,0.00864,0.80572
CVE-2019-9025,0.00246,0.62676
CVE-2019-9026,0.00158,0.52291
CVE-2019-9027,0.00158,0.52291
CVE-2019-9028,0.00618,0.76632
CVE-2019-9029,0.00117,0.45503
CVE-2019-9030,0.00618,0.76632
CVE-2019-9031,0.00117,0.45503
CVE-2019-9032,0.00158,0.52291
CVE-2019-9033,0.00618,0.76632
CVE-2019-9034,0.00618,0.76632
CVE-2019-9035,0.00618,0.76632
CVE-2019-9036,0.00158,0.52291
CVE-2019-9037,0.00618,0.76632
CVE-2019-9038,0.00117,0.45503
CVE-2019-9039,0.00415,0.71462
CVE-2019-9040,0.00091,0.38575
CVE-2019-9041,0.02876,0.89767
CVE-2019-9042,0.00131,0.47909
CVE-2019-9047,0.00212,0.59184
CVE-2019-9048,0.00063,0.25629
CVE-2019-9049,0.00063,0.25629
CVE-2019-9050,0.00131,0.47909
CVE-2019-9051,0.00063,0.25629
CVE-2019-9052,0.00063,0.25629
CVE-2019-9053,0.01614,0.86151
CVE-2019-9055,0.01195,0.83708
CVE-2019-9056,0.00097,0.40261
CVE-2019-9057,0.00097,0.40261
CVE-2019-9058,0.00104,0.42231
CVE-2019-9059,0.00125,0.46899
CVE-2019-9060,0.00131,0.47938
CVE-2019-9061,0.00097,0.40261
CVE-2019-9062,0.00079,0.32944
CVE-2019-9063,0.00058,0.22585
CVE-2019-9064,0.00131,0.47967
CVE-2019-9065,0.00058,0.22585
CVE-2019-9066,0.00058,0.22585
CVE-2019-9070,0.00158,0.52343
CVE-2019-9071,0.00118,0.45777
CVE-2019-9072,0.00269,0.64478
CVE-2019-9073,0.00136,0.48939
CVE-2019-9074,0.00078,0.32608
CVE-2019-9075,0.00119,0.45970
CVE-2019-9076,0.00134,0.48482
CVE-2019-9077,0.00100,0.40982
CVE-2019-9078,0.00058,0.22585
CVE-2019-9080,0.00168,0.53801
CVE-2019-9082,0.97456,0.99951
CVE-2019-9083,0.00235,0.61683
CVE-2019-9084,0.00144,0.50196
CVE-2019-9085,0.00155,0.51855
CVE-2019-9086,0.00156,0.52043
CVE-2019-9087,0.00156,0.52043
CVE-2019-9093,0.00078,0.32606
CVE-2019-9094,0.00078,0.32606
CVE-2019-9095,0.00235,0.61633
CVE-2019-9096,0.00235,0.61633
CVE-2019-9097,0.00100,0.40838
CVE-2019-9098,0.00230,0.61281
CVE-2019-9099,0.01380,0.84970
CVE-2019-9101,0.00171,0.54182
CVE-2019-9102,0.00537,0.74846
CVE-2019-9103,0.00082,0.33947
CVE-2019-9104,0.00171,0.54182
CVE-2019-9105,0.00976,0.81800
CVE-2019-9106,0.01602,0.86096
CVE-2019-9107,0.00101,0.41201
CVE-2019-9108,0.00101,0.41201
CVE-2019-9109,0.00101,0.41201
CVE-2019-9110,0.00101,0.41201
CVE-2019-9111,0.00055,0.20370
CVE-2019-9112,0.00055,0.20370
CVE-2019-9113,0.00209,0.58880
CVE-2019-9114,0.00209,0.58880
CVE-2019-9115,0.03984,0.91191
CVE-2019-9116,0.00091,0.38161
CVE-2019-9117,0.00731,0.78798
CVE-2019-9118,0.00731,0.78798
CVE-2019-9119,0.00731,0.78798
CVE-2019-9120,0.00731,0.78798
CVE-2019-9121,0.00329,0.68019
CVE-2019-9122,0.00283,0.65372
CVE-2019-9123,0.00621,0.76675
CVE-2019-9124,0.00465,0.72921
CVE-2019-9125,0.00628,0.76809
CVE-2019-9126,0.00390,0.70626
CVE-2019-9132,0.01165,0.83468
CVE-2019-9133,0.00123,0.46680
CVE-2019-9134,0.01474,0.85440
CVE-2019-9135,0.00072,0.29986
CVE-2019-9136,0.00072,0.29986
CVE-2019-9137,0.00073,0.30402
CVE-2019-9138,0.00073,0.30402
CVE-2019-9139,0.00073,0.30402
CVE-2019-9140,0.00378,0.70131
CVE-2019-9141,0.01356,0.84833
CVE-2019-9142,0.00078,0.32606
CVE-2019-9143,0.00897,0.80958
CVE-2019-9144,0.00897,0.80958
CVE-2019-9145,0.00087,0.36434
CVE-2019-9146,0.00062,0.24614
CVE-2019-9147,0.00148,0.50868
CVE-2019-9148,0.00114,0.44789
CVE-2019-9149,0.00135,0.48880
CVE-2019-9150,0.00179,0.55163
CVE-2019-9151,0.00249,0.62941
CVE-2019-9152,0.00249,0.62941
CVE-2019-9153,0.02241,0.88461
CVE-2019-9154,0.02241,0.88461
CVE-2019-9155,0.02754,0.89567
CVE-2019-9156,0.00055,0.20599
CVE-2019-9157,0.00060,0.23520
CVE-2019-9158,0.00042,0.05722
CVE-2019-9160,0.01218,0.83897
CVE-2019-9161,0.01260,0.84208
CVE-2019-9162,0.00063,0.25099
CVE-2019-9163,0.00912,0.81128
CVE-2019-9164,0.18470,0.95763
CVE-2019-9165,0.02739,0.89538
CVE-2019-9166,0.00060,0.23520
CVE-2019-9167,0.29227,0.96489
CVE-2019-9168,0.00078,0.32606
CVE-2019-9169,0.00406,0.71164
CVE-2019-9170,0.00164,0.53088
CVE-2019-9171,0.00138,0.49299
CVE-2019-9172,0.00280,0.65175
CVE-2019-9174,0.00463,0.72864
CVE-2019-9175,0.00179,0.55163
CVE-2019-9176,0.00106,0.42832
CVE-2019-9178,0.00164,0.53088
CVE-2019-9179,0.00164,0.53088
CVE-2019-9181,0.00131,0.47909
CVE-2019-9182,0.00112,0.44586
CVE-2019-9183,0.00147,0.50696
CVE-2019-9184,0.00815,0.79992
CVE-2019-9185,0.00468,0.73016
CVE-2019-9186,0.01260,0.84208
CVE-2019-9187,0.00264,0.64136
CVE-2019-9189,0.00327,0.67945
CVE-2019-9191,0.00176,0.54822
CVE-2019-9192,0.00108,0.43436
CVE-2019-9193,0.97361,0.99888
CVE-2019-9194,0.97004,0.99692
CVE-2019-9195,0.00422,0.71669
CVE-2019-9196,0.00191,0.56695
CVE-2019-9197,0.03415,0.90556
CVE-2019-9199,0.00974,0.81787
CVE-2019-9200,0.03693,0.90894
CVE-2019-9201,0.01453,0.85349
CVE-2019-9202,0.00164,0.53094
CVE-2019-9203,0.00944,0.81476
CVE-2019-9204,0.00517,0.74336
CVE-2019-9206,0.00205,0.58528
CVE-2019-9207,0.00120,0.46167
CVE-2019-9208,0.00595,0.76109
CVE-2019-9209,0.00156,0.51997
CVE-2019-9210,0.00078,0.32751
CVE-2019-9211,0.00237,0.61867
CVE-2019-9212,0.00634,0.76930
CVE-2019-9213,0.00086,0.35746
CVE-2019-9214,0.00571,0.75565
CVE-2019-9215,0.02722,0.89507
CVE-2019-9217,0.00244,0.62506
CVE-2019-9218,0.00263,0.64030
CVE-2019-9219,0.00164,0.53088
CVE-2019-9220,0.00213,0.59336
CVE-2019-9221,0.00044,0.10161
CVE-2019-9222,0.00155,0.51854
CVE-2019-9223,0.00280,0.65175
CVE-2019-9224,0.00138,0.49299
CVE-2019-9225,0.00164,0.53088
CVE-2019-9226,0.00131,0.48045
CVE-2019-9227,0.02570,0.89188
CVE-2019-9228,0.00217,0.59779
CVE-2019-9229,0.00070,0.29068
CVE-2019-9230,0.00115,0.45113
CVE-2019-9231,0.00163,0.52978
CVE-2019-9232,0.01193,0.83696
CVE-2019-9233,0.00088,0.36921
CVE-2019-9234,0.00088,0.36921
CVE-2019-9235,0.00042,0.05722
CVE-2019-9236,0.00042,0.05722
CVE-2019-9237,0.00093,0.39234
CVE-2019-9238,0.00042,0.05722
CVE-2019-9239,0.00042,0.05722
CVE-2019-9240,0.00042,0.05722
CVE-2019-9241,0.00088,0.36921
CVE-2019-9242,0.00042,0.05722
CVE-2019-9243,0.00042,0.05722
CVE-2019-9244,0.00042,0.05722
CVE-2019-9245,0.00042,0.05722
CVE-2019-9246,0.00042,0.05722
CVE-2019-9247,0.00093,0.39234
CVE-2019-9248,0.00042,0.05722
CVE-2019-9249,0.00042,0.05722
CVE-2019-9250,0.00088,0.36921
CVE-2019-9251,0.00042,0.05722
CVE-2019-9252,0.00093,0.39234
CVE-2019-9253,0.00042,0.05722
CVE-2019-9254,0.00042,0.05722
CVE-2019-9256,0.00105,0.42527
CVE-2019-9257,0.00043,0.07409
CVE-2019-9258,0.00042,0.05722
CVE-2019-9259,0.00042,0.05722
CVE-2019-9260,0.00088,0.36921
CVE-2019-9261,0.00103,0.41713
CVE-2019-9262,0.00105,0.42527
CVE-2019-9263,0.00042,0.05722
CVE-2019-9264,0.00103,0.41713
CVE-2019-9265,0.00088,0.36921
CVE-2019-9266,0.00042,0.05722
CVE-2019-9268,0.00042,0.05722
CVE-2019-9269,0.00042,0.05722
CVE-2019-9270,0.00042,0.05722
CVE-2019-9271,0.00044,0.10161
CVE-2019-9272,0.00042,0.05722
CVE-2019-9273,0.00042,0.05722
CVE-2019-9274,0.00042,0.05722
CVE-2019-9275,0.00044,0.10161
CVE-2019-9276,0.00042,0.05722
CVE-2019-9277,0.00042,0.05722
CVE-2019-9278,0.00963,0.81674
CVE-2019-9279,0.00100,0.40821
CVE-2019-9280,0.00042,0.05722
CVE-2019-9281,0.00073,0.30303
CVE-2019-9282,0.00093,0.39234
CVE-2019-9283,0.00109,0.43847
CVE-2019-9284,0.00101,0.41240
CVE-2019-9285,0.00103,0.41610
CVE-2019-9286,0.00088,0.36921
CVE-2019-9287,0.00042,0.05722
CVE-2019-9288,0.00045,0.12332
CVE-2019-9289,0.00042,0.05722
CVE-2019-9290,0.00042,0.05722
CVE-2019-9291,0.00105,0.42527
CVE-2019-9292,0.00042,0.05722
CVE-2019-9293,0.00093,0.39234
CVE-2019-9294,0.00093,0.39234
CVE-2019-9295,0.00042,0.05722
CVE-2019-9296,0.00042,0.05722
CVE-2019-9297,0.00105,0.42527
CVE-2019-9298,0.00105,0.42527
CVE-2019-9299,0.00105,0.42527
CVE-2019-9300,0.00105,0.42527
CVE-2019-9301,0.00102,0.41560
CVE-2019-9302,0.00105,0.42527
CVE-2019-9303,0.00105,0.42527
CVE-2019-9304,0.00105,0.42527
CVE-2019-9305,0.00105,0.42527
CVE-2019-9306,0.00105,0.42527
CVE-2019-9307,0.00105,0.42527
CVE-2019-9308,0.00105,0.42527
CVE-2019-9309,0.00042,0.05722
CVE-2019-9310,0.00105,0.42527
CVE-2019-9311,0.00103,0.41610
CVE-2019-9312,0.00042,0.05722
CVE-2019-9313,0.00093,0.39234
CVE-2019-9314,0.00093,0.39234
CVE-2019-9315,0.00093,0.39234
CVE-2019-9316,0.00093,0.39234
CVE-2019-9317,0.00093,0.39234
CVE-2019-9318,0.00093,0.39234
CVE-2019-9319,0.00093,0.39234
CVE-2019-9320,0.00093,0.39234
CVE-2019-9321,0.00093,0.39234
CVE-2019-9322,0.00093,0.39234
CVE-2019-9323,0.00054,0.19385
CVE-2019-9325,0.00787,0.79610
CVE-2019-9326,0.00088,0.36921
CVE-2019-9327,0.00088,0.36921
CVE-2019-9328,0.00101,0.41240
CVE-2019-9329,0.00101,0.41240
CVE-2019-9330,0.00088,0.36921
CVE-2019-9331,0.00088,0.36921
CVE-2019-9332,0.00088,0.36921
CVE-2019-9333,0.00093,0.39234
CVE-2019-9334,0.00093,0.39234
CVE-2019-9335,0.00093,0.39234
CVE-2019-9336,0.00093,0.39234
CVE-2019-9337,0.00093,0.39234
CVE-2019-9338,0.00093,0.39234
CVE-2019-9341,0.00088,0.36921
CVE-2019-9342,0.00088,0.36921
CVE-2019-9343,0.00088,0.36921
CVE-2019-9344,0.00042,0.05722
CVE-2019-9345,0.00042,0.05722
CVE-2019-9346,0.00115,0.45215
CVE-2019-9347,0.00042,0.05722
CVE-2019-9348,0.00109,0.43847
CVE-2019-9349,0.00109,0.43847
CVE-2019-9350,0.00042,0.05722
CVE-2019-9351,0.00044,0.10161
CVE-2019-9352,0.00109,0.43847
CVE-2019-9353,0.00177,0.54913
CVE-2019-9354,0.00103,0.41713
CVE-2019-9355,0.00088,0.36921
CVE-2019-9356,0.00042,0.05722
CVE-2019-9357,0.00105,0.42527
CVE-2019-9358,0.00042,0.05722
CVE-2019-9359,0.00093,0.39234
CVE-2019-9360,0.00042,0.05722
CVE-2019-9361,0.00093,0.39234
CVE-2019-9362,0.00093,0.39234
CVE-2019-9363,0.00105,0.42527
CVE-2019-9364,0.00042,0.05722
CVE-2019-9365,0.00203,0.58270
CVE-2019-9366,0.00093,0.39234
CVE-2019-9367,0.00088,0.36921
CVE-2019-9368,0.00042,0.05722
CVE-2019-9369,0.00042,0.05722
CVE-2019-9370,0.00093,0.39234
CVE-2019-9371,0.00916,0.81174
CVE-2019-9372,0.00109,0.43847
CVE-2019-9373,0.00042,0.05722
CVE-2019-9375,0.00042,0.05722
CVE-2019-9376,0.00042,0.05722
CVE-2019-9377,0.00042,0.05722
CVE-2019-9378,0.00042,0.05722
CVE-2019-9379,0.00109,0.43847
CVE-2019-9380,0.00055,0.20670
CVE-2019-9381,0.00088,0.36921
CVE-2019-9382,0.00105,0.42527
CVE-2019-9383,0.00042,0.05722
CVE-2019-9384,0.00042,0.05722
CVE-2019-9385,0.00093,0.39234
CVE-2019-9386,0.00042,0.05722
CVE-2019-9387,0.00088,0.36921
CVE-2019-9388,0.00088,0.36921
CVE-2019-9389,0.00103,0.41610
CVE-2019-9390,0.00103,0.41610
CVE-2019-9391,0.00103,0.41713
CVE-2019-9393,0.00103,0.41610
CVE-2019-9394,0.00103,0.41610
CVE-2019-9395,0.00103,0.41610
CVE-2019-9396,0.00103,0.41610
CVE-2019-9397,0.00103,0.41610
CVE-2019-9398,0.00103,0.41610
CVE-2019-9399,0.00086,0.35724
CVE-2019-9400,0.00100,0.40821
CVE-2019-9401,0.00103,0.41610
CVE-2019-9402,0.00103,0.41610
CVE-2019-9403,0.00093,0.39234
CVE-2019-9404,0.00103,0.41610
CVE-2019-9405,0.00105,0.42527
CVE-2019-9406,0.00093,0.39234
CVE-2019-9407,0.00042,0.05722
CVE-2019-9408,0.00093,0.39234
CVE-2019-9409,0.00093,0.39234
CVE-2019-9410,0.00093,0.39234
CVE-2019-9411,0.00093,0.39234
CVE-2019-9412,0.00093,0.39234
CVE-2019-9413,0.00088,0.36921
CVE-2019-9414,0.00086,0.35724
CVE-2019-9415,0.00093,0.39234
CVE-2019-9416,0.00093,0.39234
CVE-2019-9417,0.00042,0.05722
CVE-2019-9418,0.00109,0.43847
CVE-2019-9419,0.00088,0.36921
CVE-2019-9420,0.00109,0.43847
CVE-2019-9421,0.00043,0.07409
CVE-2019-9422,0.00088,0.36921
CVE-2019-9423,0.00042,0.05722
CVE-2019-9424,0.00080,0.33409
CVE-2019-9425,0.00103,0.41610
CVE-2019-9426,0.00042,0.05722
CVE-2019-9427,0.00042,0.05722
CVE-2019-9428,0.00093,0.39055
CVE-2019-9429,0.00042,0.05722
CVE-2019-9430,0.00100,0.40821
CVE-2019-9431,0.00069,0.28593
CVE-2019-9432,0.00088,0.36921
CVE-2019-9433,0.00805,0.79902
CVE-2019-9434,0.00069,0.28593
CVE-2019-9435,0.00042,0.05722
CVE-2019-9436,0.00042,0.05722
CVE-2019-9438,0.00042,0.05722
CVE-2019-9440,0.00042,0.05722
CVE-2019-9441,0.00044,0.10161
CVE-2019-9442,0.00042,0.05722
CVE-2019-9443,0.00042,0.05722
CVE-2019-9444,0.00042,0.05722
CVE-2019-9445,0.00042,0.05722
CVE-2019-9446,0.00042,0.05722
CVE-2019-9447,0.00042,0.05722
CVE-2019-9448,0.00042,0.05722
CVE-2019-9449,0.00042,0.05722
CVE-2019-9450,0.00042,0.05722
CVE-2019-9451,0.00042,0.05722
CVE-2019-9452,0.00042,0.05722
CVE-2019-9453,0.00042,0.05722
CVE-2019-9454,0.00042,0.05722
CVE-2019-9455,0.00042,0.05722
CVE-2019-9456,0.00042,0.05722
CVE-2019-9458,0.00042,0.05722
CVE-2019-9459,0.00115,0.45215
CVE-2019-9461,0.00235,0.61657
CVE-2019-9462,0.00103,0.41610
CVE-2019-9463,0.00042,0.05722
CVE-2019-9464,0.00047,0.13914
CVE-2019-9465,0.00042,0.05722
CVE-2019-9467,0.00044,0.10161
CVE-2019-9468,0.00042,0.05722
CVE-2019-9469,0.00042,0.05722
CVE-2019-9470,0.00042,0.05722
CVE-2019-9471,0.00042,0.05722
CVE-2019-9472,0.00042,0.05722
CVE-2019-9473,0.00088,0.36921
CVE-2019-9474,0.00088,0.36921
CVE-2019-9475,0.00042,0.05722
CVE-2019-9482,0.00065,0.26756
CVE-2019-9483,0.00101,0.41146
CVE-2019-9484,0.00680,0.77925
CVE-2019-9485,0.00244,0.62506
CVE-2019-9486,0.00131,0.47909
CVE-2019-9488,0.00065,0.26756
CVE-2019-9489,0.00104,0.42252
CVE-2019-9490,0.00104,0.42231
CVE-2019-9491,0.04631,0.91781
CVE-2019-9492,0.00047,0.13905
CVE-2019-9493,0.01284,0.84375
CVE-2019-9494,0.00820,0.80054
CVE-2019-9495,0.00597,0.76145
CVE-2019-9496,0.00744,0.78971
CVE-2019-9497,0.01208,0.83812
CVE-2019-9498,0.00576,0.75704
CVE-2019-9499,0.00576,0.75704
CVE-2019-9500,0.00683,0.77969
CVE-2019-9501,0.00143,0.50158
CVE-2019-9502,0.00127,0.47271
CVE-2019-9503,0.00177,0.54930
CVE-2019-9505,0.00252,0.63212
CVE-2019-9506,0.00105,0.42455
CVE-2019-9507,0.00110,0.43989
CVE-2019-9508,0.00074,0.30570
CVE-2019-9509,0.00078,0.32114
CVE-2019-9510,0.00053,0.18634
CVE-2019-9511,0.09532,0.94229
CVE-2019-9512,0.15362,0.95402
CVE-2019-9513,0.05283,0.92322
CVE-2019-9514,0.81864,0.98130
CVE-2019-9515,0.04832,0.91988
CVE-2019-9516,0.00650,0.77268
CVE-2019-9517,0.03496,0.90649
CVE-2019-9518,0.01355,0.84818
CVE-2019-9529,0.00042,0.00438
CVE-2019-9530,0.00042,0.00438
CVE-2019-9531,0.00550,0.75156
CVE-2019-9532,0.00042,0.00438
CVE-2019-9533,0.00213,0.59361
CVE-2019-9534,0.00042,0.00438
CVE-2019-9535,0.00532,0.74718
CVE-2019-9536,0.00100,0.40887
CVE-2019-9537,0.00133,0.48311
CVE-2019-9538,0.00133,0.48311
CVE-2019-9539,0.00133,0.48311
CVE-2019-9540,0.00133,0.48311
CVE-2019-9541,0.00133,0.48311
CVE-2019-9542,0.00133,0.48311
CVE-2019-9543,0.00579,0.75770
CVE-2019-9544,0.00407,0.71181
CVE-2019-9545,0.00299,0.66368
CVE-2019-9546,0.00499,0.73862
CVE-2019-9547,0.00105,0.42589
CVE-2019-9548,0.00289,0.65790
CVE-2019-9549,0.00112,0.44586
CVE-2019-9550,0.00058,0.22585
CVE-2019-9551,0.00058,0.22585
CVE-2019-9552,0.03275,0.90360
CVE-2019-9553,0.00207,0.58721
CVE-2019-9554,0.00207,0.58721
CVE-2019-9555,0.00084,0.34791
CVE-2019-9556,0.00118,0.45669
CVE-2019-9557,0.00112,0.44442
CVE-2019-9558,0.00112,0.44442
CVE-2019-9563,0.00126,0.47131
CVE-2019-9564,0.00115,0.45157
CVE-2019-9565,0.01378,0.84960
CVE-2019-9566,0.00212,0.59184
CVE-2019-9567,0.00130,0.47826
CVE-2019-9568,0.00158,0.52353
CVE-2019-9569,0.02899,0.89798
CVE-2019-9570,0.00058,0.22585
CVE-2019-9572,0.00131,0.47909
CVE-2019-9573,0.00179,0.55163
CVE-2019-9574,0.00369,0.69807
CVE-2019-9575,0.00230,0.61280
CVE-2019-9576,0.00166,0.53370
CVE-2019-9578,0.02291,0.88592
CVE-2019-9579,0.00062,0.24293
CVE-2019-9580,0.00100,0.40970
CVE-2019-9581,0.02061,0.87883
CVE-2019-9582,0.00098,0.40466
CVE-2019-9583,0.00098,0.40466
CVE-2019-9584,0.00578,0.75757
CVE-2019-9585,0.00819,0.80042
CVE-2019-9587,0.00112,0.44299
CVE-2019-9588,0.00100,0.40822
CVE-2019-9589,0.00112,0.44299
CVE-2019-9590,0.00247,0.62766
CVE-2019-9591,0.00286,0.65601
CVE-2019-9592,0.00286,0.65601
CVE-2019-9593,0.00327,0.67884
CVE-2019-9594,0.00212,0.59184
CVE-2019-9595,0.00087,0.36434
CVE-2019-9596,0.00159,0.52498
CVE-2019-9597,0.00159,0.52498
CVE-2019-9598,0.00063,0.25629
CVE-2019-9599,0.02008,0.87715
CVE-2019-9600,0.02008,0.87715
CVE-2019-9601,0.02008,0.87715
CVE-2019-9603,0.00063,0.25629
CVE-2019-9604,0.00112,0.44586
CVE-2019-9605,0.00058,0.22585
CVE-2019-9606,0.00058,0.22585
CVE-2019-9607,0.00131,0.47967
CVE-2019-9608,0.00419,0.71586
CVE-2019-9609,0.00419,0.71586
CVE-2019-9610,0.00061,0.23805
CVE-2019-9611,0.00061,0.23805
CVE-2019-9612,0.00419,0.71586
CVE-2019-9613,0.00419,0.71586
CVE-2019-9614,0.00134,0.48575
CVE-2019-9615,0.00091,0.38618
CVE-2019-9616,0.00641,0.77063
CVE-2019-9617,0.00419,0.71586
CVE-2019-9618,0.05313,0.92347
CVE-2019-9621,0.96025,0.99368
CVE-2019-9622,0.00918,0.81196
CVE-2019-9623,0.07200,0.93402
CVE-2019-9624,0.79110,0.98017
CVE-2019-9625,0.00219,0.59928
CVE-2019-9626,0.00225,0.60813
CVE-2019-9627,0.00044,0.10161
CVE-2019-9628,0.01716,0.86539
CVE-2019-9629,0.00309,0.66976
CVE-2019-9630,0.00168,0.53801
CVE-2019-9631,0.00938,0.81397
CVE-2019-9632,0.00588,0.75977
CVE-2019-9633,0.00334,0.68327
CVE-2019-9634,0.00089,0.37468
CVE-2019-9635,0.00086,0.35735
CVE-2019-9636,0.00573,0.75618
CVE-2019-9637,0.00251,0.63148
CVE-2019-9638,0.00203,0.58273
CVE-2019-9639,0.00340,0.68543
CVE-2019-9640,0.00203,0.58273
CVE-2019-9641,0.02165,0.88249
CVE-2019-9642,0.00256,0.63550
CVE-2019-9644,0.00095,0.39635
CVE-2019-9646,0.00166,0.53370
CVE-2019-9647,0.00171,0.54163
CVE-2019-9648,0.02585,0.89223
CVE-2019-9649,0.05823,0.92675
CVE-2019-9650,0.00478,0.73315
CVE-2019-9651,0.06177,0.92886
CVE-2019-9652,0.00112,0.44586
CVE-2019-9653,0.01895,0.87286
CVE-2019-9656,0.00478,0.73316
CVE-2019-9657,0.00042,0.05759
CVE-2019-9658,0.00470,0.73051
CVE-2019-9659,0.00103,0.41969
CVE-2019-9660,0.00058,0.22585
CVE-2019-9661,0.00058,0.22585
CVE-2019-9662,0.00107,0.43004
CVE-2019-9668,0.00304,0.66646
CVE-2019-9669,0.00087,0.36434
CVE-2019-9670,0.97216,0.99803
CVE-2019-9673,0.01160,0.83431
CVE-2019-9674,0.01303,0.84489
CVE-2019-9675,0.00970,0.81751
CVE-2019-9676,0.00044,0.10161
CVE-2019-9677,0.00250,0.62982
CVE-2019-9678,0.00103,0.41969
CVE-2019-9679,0.00104,0.42231
CVE-2019-9680,0.00084,0.34791
CVE-2019-9681,0.00084,0.34791
CVE-2019-9682,0.00222,0.60556
CVE-2019-9686,0.00219,0.59916
CVE-2019-9687,0.00418,0.71539
CVE-2019-9688,0.00112,0.44586
CVE-2019-9689,0.03059,0.90034
CVE-2019-9692,0.42701,0.97010
CVE-2019-9693,0.00087,0.36089
CVE-2019-9694,0.00045,0.11828
CVE-2019-9695,0.00073,0.30289
CVE-2019-9696,0.00086,0.35668
CVE-2019-9697,0.00064,0.26159
CVE-2019-9698,0.00045,0.11828
CVE-2019-9699,0.00045,0.11828
CVE-2019-9700,0.00044,0.10161
CVE-2019-9701,0.96169,0.99402
CVE-2019-9702,0.00045,0.11828
CVE-2019-9703,0.00045,0.11828
CVE-2019-9704,0.00042,0.05722
CVE-2019-9705,0.00042,0.05722
CVE-2019-9706,0.00042,0.05722
CVE-2019-9708,0.00066,0.27316
CVE-2019-9709,0.00054,0.20290
CVE-2019-9710,0.00224,0.60748
CVE-2019-9711,0.00137,0.49122
CVE-2019-9712,0.00137,0.49122
CVE-2019-9713,0.00270,0.64500
CVE-2019-9714,0.00137,0.49122
CVE-2019-9717,0.00098,0.40385
CVE-2019-9718,0.00509,0.74127
CVE-2019-9719,0.00555,0.75245
CVE-2019-9720,0.00127,0.47226
CVE-2019-9721,0.00175,0.54754
CVE-2019-9723,0.00050,0.16790
CVE-2019-9724,0.00168,0.53801
CVE-2019-9725,0.00078,0.32606
CVE-2019-9726,0.03616,0.90790
CVE-2019-9727,0.01011,0.82136
CVE-2019-9729,0.00051,0.17393
CVE-2019-9730,0.00042,0.05722
CVE-2019-9732,0.00289,0.65790
CVE-2019-9733,0.89040,0.98507
CVE-2019-9734,0.00137,0.49213
CVE-2019-9735,0.00318,0.67501
CVE-2019-9736,0.00087,0.36434
CVE-2019-9737,0.00087,0.36434
CVE-2019-9738,0.00087,0.36434
CVE-2019-9740,0.00433,0.72003
CVE-2019-9741,0.00516,0.74320
CVE-2019-9742,0.00126,0.47206
CVE-2019-9743,0.00132,0.48102
CVE-2019-9744,0.00299,0.66387
CVE-2019-9745,0.00051,0.17393
CVE-2019-9746,0.00094,0.39458
CVE-2019-9747,0.00138,0.49348
CVE-2019-9748,0.00465,0.72921
CVE-2019-9749,0.00115,0.45086
CVE-2019-9750,0.00096,0.39929
CVE-2019-9751,0.00054,0.19275
CVE-2019-9752,0.00094,0.39268
CVE-2019-9753,0.00054,0.20290
CVE-2019-9754,0.00076,0.31435
CVE-2019-9755,0.00042,0.05722
CVE-2019-9756,0.00646,0.77155
CVE-2019-9757,0.00451,0.72544
CVE-2019-9758,0.00074,0.30642
CVE-2019-9759,0.00212,0.59184
CVE-2019-9760,0.11137,0.94674
CVE-2019-9761,0.00588,0.75977
CVE-2019-9762,0.00210,0.59016
CVE-2019-9763,0.00110,0.44053
CVE-2019-9764,0.00292,0.65953
CVE-2019-9765,0.00087,0.36434
CVE-2019-9766,0.00413,0.71369
CVE-2019-9767,0.03373,0.90499
CVE-2019-9768,0.19188,0.95843
CVE-2019-9769,0.00113,0.44715
CVE-2019-9770,0.00325,0.67820
CVE-2019-9771,0.00545,0.75043
CVE-2019-9772,0.20212,0.95934
CVE-2019-9773,0.09546,0.94234
CVE-2019-9774,0.00658,0.77411
CVE-2019-9775,0.00658,0.77411
CVE-2019-9776,0.00457,0.72711
CVE-2019-9777,0.00467,0.72971
CVE-2019-9778,0.00467,0.72971
CVE-2019-9779,0.00457,0.72711
CVE-2019-9785,0.00292,0.65974
CVE-2019-9787,0.86480,0.98355
CVE-2019-9788,0.00881,0.80765
CVE-2019-9789,0.00245,0.62562
CVE-2019-9790,0.00699,0.78237
CVE-2019-9791,0.16966,0.95597
CVE-2019-9792,0.19247,0.95848
CVE-2019-9793,0.00556,0.75265
CVE-2019-9794,0.00282,0.65335
CVE-2019-9795,0.00824,0.80109
CVE-2019-9796,0.00803,0.79874
CVE-2019-9797,0.00321,0.67622
CVE-2019-9798,0.00128,0.47518
CVE-2019-9799,0.00178,0.55045
CVE-2019-9800,0.00611,0.76451
CVE-2019-9801,0.00128,0.47484
CVE-2019-9802,0.00167,0.53403
CVE-2019-9803,0.00107,0.43227
CVE-2019-9804,0.00356,0.69248
CVE-2019-9805,0.00205,0.58474
CVE-2019-9806,0.00098,0.40310
CVE-2019-9807,0.00111,0.44158
CVE-2019-9808,0.00090,0.37972
CVE-2019-9809,0.00193,0.57160
CVE-2019-9810,0.96463,0.99492
CVE-2019-9811,0.00935,0.81381
CVE-2019-9812,0.00526,0.74563
CVE-2019-9813,0.56262,0.97403
CVE-2019-9814,0.00244,0.62506
CVE-2019-9815,0.00466,0.72941
CVE-2019-9816,0.66998,0.97661
CVE-2019-9817,0.00182,0.55602
CVE-2019-9818,0.00262,0.63997
CVE-2019-9819,0.00477,0.73258
CVE-2019-9820,0.00477,0.73258
CVE-2019-9821,0.00244,0.62506
CVE-2019-9823,0.00222,0.60556
CVE-2019-9824,0.00046,0.13791
CVE-2019-9825,0.00577,0.75729
CVE-2019-9826,0.00216,0.59617
CVE-2019-9827,0.03275,0.90360
CVE-2019-9829,0.00686,0.78015
CVE-2019-9831,0.01881,0.87224
CVE-2019-9832,0.01881,0.87224
CVE-2019-9833,0.07296,0.93433
CVE-2019-9834,0.01324,0.84612
CVE-2019-9835,0.00095,0.39683
CVE-2019-9836,0.00557,0.75274
CVE-2019-9837,0.00093,0.39204
CVE-2019-9838,0.02089,0.87979
CVE-2019-9839,0.00374,0.69984
CVE-2019-9841,0.00102,0.41292
CVE-2019-9842,0.00244,0.62429
CVE-2019-9843,0.00163,0.52971
CVE-2019-9844,0.00184,0.55708
CVE-2019-9845,0.00724,0.78678
CVE-2019-9846,0.00094,0.39338
CVE-2019-9847,0.00063,0.25378
CVE-2019-9848,0.21744,0.96041
CVE-2019-9849,0.00243,0.62346
CVE-2019-9850,0.01096,0.82916
CVE-2019-9851,0.97027,0.99702
CVE-2019-9852,0.00208,0.58741
CVE-2019-9853,0.00479,0.73343
CVE-2019-9854,0.00211,0.59085
CVE-2019-9855,0.00432,0.71957
CVE-2019-9857,0.00045,0.12114
CVE-2019-9858,0.94491,0.99069
CVE-2019-9859,0.00210,0.58989
CVE-2019-9860,0.00103,0.41969
CVE-2019-9861,0.00107,0.43016
CVE-2019-9862,0.00096,0.40045
CVE-2019-9863,0.00659,0.77474
CVE-2019-9864,0.00058,0.22585
CVE-2019-9865,0.01087,0.82838
CVE-2019-9866,0.00064,0.26201
CVE-2019-9867,0.00087,0.36023
CVE-2019-9868,0.00104,0.42231
CVE-2019-9870,0.00235,0.61731
CVE-2019-9871,0.01568,0.85926
CVE-2019-9872,0.00222,0.60556
CVE-2019-9873,0.00222,0.60556
CVE-2019-9874,0.01277,0.84304
CVE-2019-9875,0.01521,0.85707
CVE-2019-9877,0.00079,0.33105
CVE-2019-9878,0.00069,0.28578
CVE-2019-9879,0.72231,0.97817
CVE-2019-9880,0.13397,0.95101
CVE-2019-9881,0.03470,0.90623
CVE-2019-9882,0.00372,0.69917
CVE-2019-9883,0.00372,0.69917
CVE-2019-9884,0.00697,0.78207
CVE-2019-9885,0.00492,0.73677
CVE-2019-9886,0.00201,0.58000
CVE-2019-9889,0.00147,0.50645
CVE-2019-9890,0.00166,0.53380
CVE-2019-9891,0.02304,0.88622
CVE-2019-9892,0.00266,0.64304
CVE-2019-9893,0.01338,0.84699
CVE-2019-9894,0.02768,0.89590
CVE-2019-9895,0.01224,0.83932
CVE-2019-9896,0.00042,0.05722
CVE-2019-9897,0.00643,0.77111
CVE-2019-9898,0.02328,0.88670
CVE-2019-9900,0.00504,0.74019
CVE-2019-9901,0.00432,0.71962
CVE-2019-9903,0.01204,0.83786
CVE-2019-9904,0.00163,0.53002
CVE-2019-9908,0.00110,0.44063
CVE-2019-9909,0.00209,0.58908
CVE-2019-9910,0.00166,0.53370
CVE-2019-9911,0.00115,0.45018
CVE-2019-9912,0.00115,0.45018
CVE-2019-9913,0.00166,0.53370
CVE-2019-9914,0.00151,0.51283
CVE-2019-9915,0.00123,0.46554
CVE-2019-9917,0.00804,0.79886
CVE-2019-9918,0.00110,0.44071
CVE-2019-9919,0.00050,0.16378
CVE-2019-9920,0.00104,0.42274
CVE-2019-9921,0.00063,0.25077
CVE-2019-9922,0.00972,0.81767
CVE-2019-9923,0.00767,0.79337
CVE-2019-9924,0.00045,0.11966
CVE-2019-9925,0.00087,0.36434
CVE-2019-9926,0.00469,0.73026
CVE-2019-9927,0.01356,0.84833
CVE-2019-9928,0.02156,0.88226
CVE-2019-9929,0.00090,0.37773
CVE-2019-9930,0.00222,0.60556
CVE-2019-9931,0.00103,0.41969
CVE-2019-9932,0.00250,0.62982
CVE-2019-9933,0.00250,0.62982
CVE-2019-9934,0.00084,0.34791
CVE-2019-9935,0.00084,0.34791
CVE-2019-9936,0.03398,0.90533
CVE-2019-9937,0.03402,0.90537
CVE-2019-9938,0.00199,0.57897
CVE-2019-9939,0.00343,0.68688
CVE-2019-9942,0.00202,0.58218
CVE-2019-9943,0.00084,0.34791
CVE-2019-9944,0.00168,0.53801
CVE-2019-9945,0.00557,0.75283
CVE-2019-9946,0.00142,0.49976
CVE-2019-9947,0.00252,0.63160
CVE-2019-9948,0.00324,0.67785
CVE-2019-9949,0.01702,0.86476
CVE-2019-9950,0.00677,0.77821
CVE-2019-9951,0.00276,0.64901
CVE-2019-9955,0.07980,0.93693
CVE-2019-9956,0.00993,0.81996
CVE-2019-9957,0.00072,0.29718
CVE-2019-9958,0.00301,0.66483
CVE-2019-9959,0.00369,0.69814
CVE-2019-9960,0.00276,0.64935
CVE-2019-9961,0.00092,0.38694
CVE-2019-9962,0.00103,0.41734
CVE-2019-9963,0.00183,0.55701
CVE-2019-9964,0.00183,0.55701
CVE-2019-9965,0.00103,0.41734
CVE-2019-9966,0.00183,0.55701
CVE-2019-9967,0.00183,0.55701
CVE-2019-9968,0.00183,0.55701
CVE-2019-9969,0.00183,0.55701
CVE-2019-9970,0.00081,0.33702
CVE-2019-9971,0.00299,0.66376
CVE-2019-9972,0.00096,0.39812
CVE-2019-9974,0.02959,0.89880
CVE-2019-9975,0.00675,0.77785
CVE-2019-9976,0.00104,0.42231
CVE-2019-9977,0.01306,0.84512
CVE-2019-9978,0.97265,0.99826
CVE-2020-0001,0.00042,0.05722
CVE-2020-0002,0.00123,0.46615
CVE-2020-0003,0.00042,0.05722
CVE-2020-0004,0.00042,0.05722
CVE-2020-0005,0.00042,0.05722
CVE-2020-0006,0.00093,0.39234
CVE-2020-0007,0.00042,0.05722
CVE-2020-0008,0.00042,0.05722
CVE-2020-0009,0.00045,0.12509
CVE-2020-0010,0.00042,0.05722
CVE-2020-0011,0.00042,0.05722
CVE-2020-0012,0.00042,0.05722
CVE-2020-0014,0.00048,0.14707
CVE-2020-0015,0.00046,0.13864
CVE-2020-0016,0.00042,0.05722
CVE-2020-0017,0.00046,0.13852
CVE-2020-0018,0.00042,0.05722
CVE-2020-0019,0.00042,0.05722
CVE-2020-0020,0.00042,0.05722
CVE-2020-0021,0.00090,0.38006
CVE-2020-0022,0.01361,0.84862
CVE-2020-0023,0.00042,0.05722
CVE-2020-0024,0.00045,0.12521
CVE-2020-0025,0.00042,0.05722
CVE-2020-0026,0.00042,0.05722
CVE-2020-0027,0.00042,0.05722
CVE-2020-0028,0.00615,0.76576
CVE-2020-0029,0.00042,0.05722
CVE-2020-0030,0.00042,0.05722
CVE-2020-0031,0.00042,0.05722
CVE-2020-0032,0.00115,0.45215
CVE-2020-0033,0.00042,0.05722
CVE-2020-0034,0.00279,0.65118
CVE-2020-0035,0.00042,0.05722
CVE-2020-0036,0.00042,0.05722
CVE-2020-0037,0.00088,0.36921
CVE-2020-0038,0.00088,0.36921
CVE-2020-0039,0.00088,0.36921
CVE-2020-0041,0.00081,0.33717
CVE-2020-0042,0.00042,0.05722
CVE-2020-0043,0.00042,0.05722
CVE-2020-0044,0.00042,0.05722
CVE-2020-0045,0.00042,0.05722
CVE-2020-0046,0.00042,0.05722
CVE-2020-0047,0.00044,0.10161
CVE-2020-0048,0.00042,0.05722
CVE-2020-0049,0.00093,0.39234
CVE-2020-0050,0.00042,0.05722
CVE-2020-0051,0.00046,0.13864
CVE-2020-0052,0.00045,0.11986
CVE-2020-0053,0.00042,0.05722
CVE-2020-0054,0.00042,0.05722
CVE-2020-0055,0.00042,0.05722
CVE-2020-0056,0.00042,0.05722
CVE-2020-0057,0.00042,0.05722
CVE-2020-0058,0.00042,0.05722
CVE-2020-0059,0.00042,0.05722
CVE-2020-0060,0.00042,0.05722
CVE-2020-0061,0.00042,0.05722
CVE-2020-0062,0.00088,0.36921
CVE-2020-0063,0.00042,0.05722
CVE-2020-0064,0.00044,0.10161
CVE-2020-0065,0.00044,0.10161
CVE-2020-0066,0.00042,0.05722
CVE-2020-0067,0.00042,0.05722
CVE-2020-0068,0.00043,0.07409
CVE-2020-0069,0.00145,0.50417
CVE-2020-0070,0.00102,0.41560
CVE-2020-0071,0.00102,0.41560
CVE-2020-0072,0.00102,0.41560
CVE-2020-0073,0.00102,0.41560
CVE-2020-0074,0.00042,0.05722
CVE-2020-0075,0.00042,0.05722
CVE-2020-0076,0.00042,0.05722
CVE-2020-0077,0.00042,0.05722
CVE-2020-0078,0.00042,0.05722
CVE-2020-0079,0.00042,0.05722
CVE-2020-0080,0.00046,0.13864
CVE-2020-0081,0.00042,0.05722
CVE-2020-0082,0.00042,0.05722
CVE-2020-0083,0.00085,0.35362
CVE-2020-0084,0.00042,0.05722
CVE-2020-0085,0.00042,0.05722
CVE-2020-0086,0.00154,0.51636
CVE-2020-0087,0.00048,0.14707
CVE-2020-0088,0.00066,0.27255
CVE-2020-0089,0.00042,0.05722
CVE-2020-0090,0.00044,0.10161
CVE-2020-0091,0.00044,0.10161
CVE-2020-0092,0.00042,0.05722
CVE-2020-0093,0.00042,0.05722
CVE-2020-0094,0.00042,0.05722
CVE-2020-0096,0.00042,0.05722
CVE-2020-0097,0.00042,0.05722
CVE-2020-0098,0.00042,0.05722
CVE-2020-0099,0.00046,0.13864
CVE-2020-0100,0.00042,0.05722
CVE-2020-0101,0.00042,0.05722
CVE-2020-0102,0.00042,0.05722
CVE-2020-0103,0.00102,0.41560
CVE-2020-0104,0.00042,0.05722
CVE-2020-0105,0.00042,0.05722
CVE-2020-0106,0.00042,0.05722
CVE-2020-0107,0.00042,0.05722
CVE-2020-0108,0.00042,0.05722
CVE-2020-0109,0.00042,0.05722
CVE-2020-0110,0.00042,0.05722
CVE-2020-0113,0.00042,0.05722
CVE-2020-0114,0.00042,0.05722
CVE-2020-0115,0.00042,0.05722
CVE-2020-0116,0.00042,0.05722
CVE-2020-0117,0.00102,0.41560
CVE-2020-0118,0.00046,0.13864
CVE-2020-0119,0.00086,0.35724
CVE-2020-0120,0.00042,0.05722
CVE-2020-0121,0.00042,0.05722
CVE-2020-0122,0.00042,0.05722
CVE-2020-0123,0.00106,0.42770
CVE-2020-0124,0.00042,0.05722
CVE-2020-0125,0.00042,0.05722
CVE-2020-0126,0.00042,0.05722
CVE-2020-0127,0.00093,0.39234
CVE-2020-0128,0.00088,0.36921
CVE-2020-0129,0.00042,0.05722
CVE-2020-0130,0.00042,0.05722
CVE-2020-0131,0.00105,0.42527
CVE-2020-0132,0.00042,0.05722
CVE-2020-0133,0.00042,0.05722
CVE-2020-0134,0.00042,0.05722
CVE-2020-0135,0.00042,0.05722
CVE-2020-0136,0.00043,0.07409
CVE-2020-0137,0.00042,0.05722
CVE-2020-0138,0.00102,0.41560
CVE-2020-0139,0.00043,0.07409
CVE-2020-0140,0.00088,0.36921
CVE-2020-0141,0.00069,0.28593
CVE-2020-0142,0.00088,0.36921
CVE-2020-0143,0.00042,0.05722
CVE-2020-0144,0.00042,0.05722
CVE-2020-0145,0.00042,0.05722
CVE-2020-0146,0.00042,0.05722
CVE-2020-0147,0.00042,0.05722
CVE-2020-0148,0.00042,0.05722
CVE-2020-0149,0.00042,0.05722
CVE-2020-0150,0.00042,0.05722
CVE-2020-0151,0.00042,0.05722
CVE-2020-0152,0.00042,0.05722
CVE-2020-0153,0.00042,0.05722
CVE-2020-0154,0.00042,0.05722
CVE-2020-0155,0.00042,0.05722
CVE-2020-0156,0.00042,0.05722
CVE-2020-0157,0.00069,0.28593
CVE-2020-0158,0.00042,0.05722
CVE-2020-0159,0.00048,0.14707
CVE-2020-0160,0.00105,0.42527
CVE-2020-0161,0.00109,0.43847
CVE-2020-0162,0.00109,0.43847
CVE-2020-0163,0.00109,0.43847
CVE-2020-0164,0.00042,0.05722
CVE-2020-0165,0.00042,0.05722
CVE-2020-0166,0.00042,0.05722
CVE-2020-0167,0.00049,0.15138
CVE-2020-0168,0.00105,0.42527
CVE-2020-0169,0.00109,0.43847
CVE-2020-0170,0.00109,0.43847
CVE-2020-0171,0.00109,0.43847
CVE-2020-0172,0.00109,0.43847
CVE-2020-0173,0.00109,0.43847
CVE-2020-0174,0.00109,0.43847
CVE-2020-0175,0.00109,0.43847
CVE-2020-0176,0.00088,0.36921
CVE-2020-0177,0.00042,0.05722
CVE-2020-0178,0.00042,0.05722
CVE-2020-0179,0.00048,0.14478
CVE-2020-0180,0.00093,0.39234
CVE-2020-0181,0.00952,0.81564
CVE-2020-0182,0.00125,0.46951
CVE-2020-0183,0.00046,0.13864
CVE-2020-0184,0.00109,0.43847
CVE-2020-0185,0.00042,0.05722
CVE-2020-0186,0.00042,0.05722
CVE-2020-0187,0.00042,0.05722
CVE-2020-0188,0.00042,0.05722
CVE-2020-0189,0.00109,0.43847
CVE-2020-0190,0.00147,0.50644
CVE-2020-0191,0.00086,0.35641
CVE-2020-0192,0.00093,0.39234
CVE-2020-0193,0.00105,0.42557
CVE-2020-0194,0.00105,0.42527
CVE-2020-0195,0.00093,0.39234
CVE-2020-0196,0.00051,0.16937
CVE-2020-0197,0.00042,0.05722
CVE-2020-0198,0.05664,0.92592
CVE-2020-0199,0.00042,0.05722
CVE-2020-0200,0.00093,0.39234
CVE-2020-0201,0.00102,0.41317
CVE-2020-0202,0.00045,0.12503
CVE-2020-0203,0.00042,0.05722
CVE-2020-0204,0.00045,0.12503
CVE-2020-0205,0.00093,0.39234
CVE-2020-0206,0.00042,0.05722
CVE-2020-0207,0.00093,0.39234
CVE-2020-0208,0.00042,0.05722
CVE-2020-0209,0.00042,0.05722
CVE-2020-0210,0.00042,0.05722
CVE-2020-0211,0.00093,0.39234
CVE-2020-0212,0.00093,0.39234
CVE-2020-0213,0.00105,0.42557
CVE-2020-0214,0.00088,0.36921
CVE-2020-0215,0.00045,0.12521
CVE-2020-0216,0.00047,0.14008
CVE-2020-0217,0.00102,0.41560
CVE-2020-0218,0.00042,0.05722
CVE-2020-0219,0.00044,0.10161
CVE-2020-0220,0.00042,0.05722
CVE-2020-0221,0.00106,0.42770
CVE-2020-0223,0.00106,0.42770
CVE-2020-0224,0.00102,0.41560
CVE-2020-0225,0.00102,0.41560
CVE-2020-0226,0.00042,0.05722
CVE-2020-0227,0.00042,0.05722
CVE-2020-0228,0.00080,0.33409
CVE-2020-0229,0.00106,0.42770
CVE-2020-0230,0.00106,0.42770
CVE-2020-0231,0.00106,0.42770
CVE-2020-0232,0.00106,0.42770
CVE-2020-0233,0.00042,0.05722
CVE-2020-0234,0.00042,0.05722
CVE-2020-0235,0.00106,0.42770
CVE-2020-0236,0.00088,0.36921
CVE-2020-0238,0.00042,0.05722
CVE-2020-0239,0.00042,0.05722
CVE-2020-0240,0.00105,0.42527
CVE-2020-0241,0.00042,0.05722
CVE-2020-0242,0.00042,0.05722
CVE-2020-0243,0.00042,0.05722
CVE-2020-0244,0.00048,0.14707
CVE-2020-0245,0.00147,0.50644
CVE-2020-0246,0.00042,0.05722
CVE-2020-0247,0.00042,0.05722
CVE-2020-0248,0.00042,0.05722
CVE-2020-0249,0.00042,0.05722
CVE-2020-0250,0.00042,0.05722
CVE-2020-0251,0.00080,0.33409
CVE-2020-0252,0.00106,0.42770
CVE-2020-0253,0.00106,0.42770
CVE-2020-0254,0.00080,0.33409
CVE-2020-0256,0.00053,0.18885
CVE-2020-0257,0.00042,0.05722
CVE-2020-0258,0.00042,0.05722
CVE-2020-0259,0.00042,0.05722
CVE-2020-0260,0.00106,0.42770
CVE-2020-0261,0.00042,0.05722
CVE-2020-0262,0.00042,0.05722
CVE-2020-0263,0.00042,0.05722
CVE-2020-0264,0.00105,0.42527
CVE-2020-0265,0.00042,0.05722
CVE-2020-0266,0.00042,0.05722
CVE-2020-0267,0.00046,0.13864
CVE-2020-0268,0.00042,0.05722
CVE-2020-0269,0.00042,0.05722
CVE-2020-0270,0.00093,0.39234
CVE-2020-0271,0.00042,0.05722
CVE-2020-0272,0.00042,0.05722
CVE-2020-0273,0.00042,0.05722
CVE-2020-0274,0.00042,0.05722
CVE-2020-0275,0.00042,0.05722
CVE-2020-0276,0.00042,0.05722
CVE-2020-0277,0.00042,0.05722
CVE-2020-0278,0.00106,0.42770
CVE-2020-0279,0.00093,0.39234
CVE-2020-0280,0.00048,0.14707
CVE-2020-0281,0.00069,0.28593
CVE-2020-0282,0.00069,0.28593
CVE-2020-0283,0.00082,0.34051
CVE-2020-0284,0.00042,0.05722
CVE-2020-0285,0.00042,0.05722
CVE-2020-0286,0.00088,0.36921
CVE-2020-0287,0.00109,0.43847
CVE-2020-0288,0.00042,0.05722
CVE-2020-0289,0.00042,0.05722
CVE-2020-0290,0.00042,0.05722
CVE-2020-0291,0.00042,0.05722
CVE-2020-0292,0.00042,0.05722
CVE-2020-0293,0.00042,0.05722
CVE-2020-0294,0.00042,0.05722
CVE-2020-0295,0.00042,0.05722
CVE-2020-0296,0.00042,0.05722
CVE-2020-0297,0.00042,0.05722
CVE-2020-0298,0.00042,0.05722
CVE-2020-0299,0.00042,0.05722
CVE-2020-0300,0.00088,0.36921
CVE-2020-0301,0.00109,0.43847
CVE-2020-0302,0.00042,0.05722
CVE-2020-0303,0.00123,0.46615
CVE-2020-0304,0.00042,0.05722
CVE-2020-0305,0.00042,0.05722
CVE-2020-0306,0.00042,0.05722
CVE-2020-0307,0.00042,0.05722
CVE-2020-0308,0.00042,0.05722
CVE-2020-0309,0.00042,0.05722
CVE-2020-0310,0.00042,0.05722
CVE-2020-0311,0.00042,0.05722
CVE-2020-0312,0.00042,0.05722
CVE-2020-0313,0.00042,0.05722
CVE-2020-0314,0.00042,0.05722
CVE-2020-0315,0.00042,0.05722
CVE-2020-0316,0.00042,0.05722
CVE-2020-0317,0.00042,0.05722
CVE-2020-0318,0.00044,0.10161
CVE-2020-0319,0.00046,0.13864
CVE-2020-0320,0.00109,0.43847
CVE-2020-0321,0.00105,0.42527
CVE-2020-0322,0.00042,0.05722
CVE-2020-0323,0.00042,0.05722
CVE-2020-0324,0.00093,0.39234
CVE-2020-0325,0.00042,0.05722
CVE-2020-0326,0.00042,0.05722
CVE-2020-0327,0.00042,0.05722
CVE-2020-0328,0.00043,0.07409
CVE-2020-0329,0.00042,0.05722
CVE-2020-0330,0.00042,0.05722
CVE-2020-0331,0.00042,0.05722
CVE-2020-0332,0.00109,0.43847
CVE-2020-0333,0.00102,0.41560
CVE-2020-0334,0.00042,0.05722
CVE-2020-0335,0.00042,0.05722
CVE-2020-0336,0.00042,0.05722
CVE-2020-0337,0.00042,0.05722
CVE-2020-0338,0.00042,0.05722
CVE-2020-0339,0.00106,0.42770
CVE-2020-0340,0.00093,0.39234
CVE-2020-0341,0.00042,0.05722
CVE-2020-0342,0.00106,0.42770
CVE-2020-0343,0.00042,0.05722
CVE-2020-0344,0.00042,0.05722
CVE-2020-0345,0.00045,0.12503
CVE-2020-0346,0.00043,0.07409
CVE-2020-0347,0.00042,0.05722
CVE-2020-0348,0.00069,0.28593
CVE-2020-0349,0.00042,0.05722
CVE-2020-0350,0.00042,0.05722
CVE-2020-0351,0.00109,0.43847
CVE-2020-0352,0.00042,0.05722
CVE-2020-0353,0.00109,0.43847
CVE-2020-0354,0.00102,0.41560
CVE-2020-0355,0.00093,0.39234
CVE-2020-0356,0.00042,0.05722
CVE-2020-0357,0.00042,0.05722
CVE-2020-0358,0.00042,0.05722
CVE-2020-0359,0.00042,0.05722
CVE-2020-0360,0.00045,0.12503
CVE-2020-0361,0.00093,0.39234
CVE-2020-0362,0.00109,0.43847
CVE-2020-0363,0.00109,0.43847
CVE-2020-0364,0.00093,0.39234
CVE-2020-0365,0.00042,0.05768
CVE-2020-0366,0.00045,0.12503
CVE-2020-0367,0.00082,0.34051
CVE-2020-0368,0.00042,0.05722
CVE-2020-0369,0.00043,0.07409
CVE-2020-0370,0.00093,0.39234
CVE-2020-0371,0.00106,0.42770
CVE-2020-0372,0.00042,0.05722
CVE-2020-0373,0.00042,0.05722
CVE-2020-0374,0.00042,0.05722
CVE-2020-0375,0.00042,0.05722
CVE-2020-0376,0.00106,0.42770
CVE-2020-0377,0.00088,0.36921
CVE-2020-0378,0.00042,0.05722
CVE-2020-0379,0.00056,0.21138
CVE-2020-0380,0.00102,0.41560
CVE-2020-0381,0.00088,0.36921
CVE-2020-0382,0.00042,0.05722
CVE-2020-0383,0.00058,0.21966
CVE-2020-0384,0.00058,0.21966
CVE-2020-0385,0.00058,0.21966
CVE-2020-0386,0.00045,0.11986
CVE-2020-0387,0.00046,0.13864
CVE-2020-0388,0.00042,0.05722
CVE-2020-0389,0.00042,0.05722
CVE-2020-0390,0.00042,0.05722
CVE-2020-0391,0.00042,0.05722
CVE-2020-0392,0.00042,0.05722
CVE-2020-0393,0.00042,0.05722
CVE-2020-0394,0.00042,0.05722
CVE-2020-0395,0.00042,0.05722
CVE-2020-0396,0.00042,0.05722
CVE-2020-0397,0.00042,0.05722
CVE-2020-0398,0.00042,0.05722
CVE-2020-0399,0.00042,0.05722
CVE-2020-0400,0.00042,0.05722
CVE-2020-0401,0.00042,0.05722
CVE-2020-0403,0.00042,0.05722
CVE-2020-0404,0.00044,0.08110
CVE-2020-0405,0.00042,0.05722
CVE-2020-0406,0.00046,0.13864
CVE-2020-0407,0.00042,0.05722
CVE-2020-0408,0.00043,0.07409
CVE-2020-0409,0.00043,0.07409
CVE-2020-0410,0.00042,0.05722
CVE-2020-0411,0.00093,0.39234
CVE-2020-0412,0.00042,0.05722
CVE-2020-0413,0.00088,0.36921
CVE-2020-0414,0.00081,0.33738
CVE-2020-0415,0.00042,0.05722
CVE-2020-0416,0.00106,0.42903
CVE-2020-0417,0.00042,0.05722
CVE-2020-0418,0.00042,0.05722
CVE-2020-0419,0.00042,0.05722
CVE-2020-0420,0.00042,0.05722
CVE-2020-0421,0.00042,0.05722
CVE-2020-0422,0.00042,0.05722
CVE-2020-0423,0.00042,0.05722
CVE-2020-0424,0.00042,0.05722
CVE-2020-0425,0.00042,0.05722
CVE-2020-0426,0.00042,0.05722
CVE-2020-0427,0.00042,0.05722
CVE-2020-0428,0.00042,0.05722
CVE-2020-0429,0.00042,0.05722
CVE-2020-0430,0.00042,0.05722
CVE-2020-0431,0.00042,0.05722
CVE-2020-0432,0.00042,0.05722
CVE-2020-0433,0.00042,0.05722
CVE-2020-0434,0.00042,0.05722
CVE-2020-0437,0.00042,0.05722
CVE-2020-0438,0.00042,0.05722
CVE-2020-0439,0.00042,0.05722
CVE-2020-0440,0.00042,0.05722
CVE-2020-0441,0.00103,0.41610
CVE-2020-0442,0.00103,0.41610
CVE-2020-0443,0.00042,0.05722
CVE-2020-0444,0.00042,0.05722
CVE-2020-0445,0.00106,0.42770
CVE-2020-0446,0.00106,0.42770
CVE-2020-0447,0.00106,0.42770
CVE-2020-0448,0.00042,0.05722
CVE-2020-0449,0.00123,0.46615
CVE-2020-0450,0.00093,0.39234
CVE-2020-0451,0.00147,0.50644
CVE-2020-0452,0.00657,0.77372
CVE-2020-0453,0.00042,0.05722
CVE-2020-0454,0.00042,0.05722
CVE-2020-0455,0.00106,0.42770
CVE-2020-0456,0.00106,0.42770
CVE-2020-0457,0.00106,0.42770
CVE-2020-0458,0.00053,0.18891
CVE-2020-0459,0.00042,0.05722
CVE-2020-0460,0.00081,0.33497
CVE-2020-0463,0.00088,0.36921
CVE-2020-0464,0.00042,0.05722
CVE-2020-0465,0.00045,0.12332
CVE-2020-0466,0.00042,0.05722
CVE-2020-0467,0.00042,0.05722
CVE-2020-0468,0.00042,0.05722
CVE-2020-0469,0.00042,0.05722
CVE-2020-0470,0.00065,0.27034
CVE-2020-0471,0.00102,0.41560
CVE-2020-0473,0.00044,0.08011
CVE-2020-0474,0.00042,0.05722
CVE-2020-0475,0.00046,0.13864
CVE-2020-0476,0.00042,0.05722
CVE-2020-0477,0.00042,0.05722
CVE-2020-0478,0.00046,0.13864
CVE-2020-0479,0.00045,0.12503
CVE-2020-0480,0.00045,0.12503
CVE-2020-0481,0.00042,0.05722
CVE-2020-0482,0.00042,0.05722
CVE-2020-0483,0.00042,0.05722
CVE-2020-0484,0.00042,0.05722
CVE-2020-0485,0.00042,0.05722
CVE-2020-0486,0.00042,0.05722
CVE-2020-0488,0.00093,0.39234
CVE-2020-0489,0.00105,0.42527
CVE-2020-0490,0.00093,0.39234
CVE-2020-0491,0.00109,0.43847
CVE-2020-0492,0.00105,0.42557
CVE-2020-0493,0.00042,0.05722
CVE-2020-0494,0.00105,0.42557
CVE-2020-0495,0.00043,0.07409
CVE-2020-0496,0.00042,0.05722
CVE-2020-0497,0.00042,0.05722
CVE-2020-0498,0.00065,0.27034
CVE-2020-0499,0.00780,0.79526
CVE-2020-0500,0.00042,0.05722
CVE-2020-0501,0.00044,0.10161
CVE-2020-0502,0.00044,0.10161
CVE-2020-0503,0.00044,0.10161
CVE-2020-0504,0.00044,0.10161
CVE-2020-0505,0.00044,0.10161
CVE-2020-0506,0.00044,0.10161
CVE-2020-0507,0.00044,0.10161
CVE-2020-0508,0.00044,0.10161
CVE-2020-0510,0.00044,0.10161
CVE-2020-0511,0.00044,0.10161
CVE-2020-0512,0.00044,0.10161
CVE-2020-0513,0.00044,0.10161
CVE-2020-0514,0.00044,0.10161
CVE-2020-0515,0.00044,0.10161
CVE-2020-0516,0.00044,0.10161
CVE-2020-0517,0.00044,0.10161
CVE-2020-0518,0.00044,0.10161
CVE-2020-0519,0.00044,0.10161
CVE-2020-0520,0.00062,0.24548
CVE-2020-0521,0.00044,0.10161
CVE-2020-0522,0.00044,0.10161
CVE-2020-0523,0.00044,0.10161
CVE-2020-0524,0.00044,0.10161
CVE-2020-0525,0.00044,0.10161
CVE-2020-0526,0.00044,0.10161
CVE-2020-0527,0.00044,0.10161
CVE-2020-0528,0.00044,0.10161
CVE-2020-0529,0.00044,0.10161
CVE-2020-0530,0.00044,0.10161
CVE-2020-0531,0.00102,0.41297
CVE-2020-0532,0.00098,0.40349
CVE-2020-0533,0.00042,0.05722
CVE-2020-0534,0.00244,0.62515
CVE-2020-0535,0.00131,0.47931
CVE-2020-0536,0.00153,0.51563
CVE-2020-0537,0.00201,0.58093
CVE-2020-0538,0.00244,0.62515
CVE-2020-0539,0.00042,0.05722
CVE-2020-0540,0.00153,0.51563
CVE-2020-0541,0.00042,0.05722
CVE-2020-0542,0.00042,0.05722
CVE-2020-0543,0.00050,0.16455
CVE-2020-0544,0.00044,0.10161
CVE-2020-0545,0.00045,0.11966
CVE-2020-0546,0.00044,0.10161
CVE-2020-0547,0.00044,0.10161
CVE-2020-0548,0.00049,0.14843
CVE-2020-0549,0.00049,0.14843
CVE-2020-0550,0.00044,0.10161
CVE-2020-0551,0.00044,0.10161
CVE-2020-0553,0.00044,0.10161
CVE-2020-0554,0.00063,0.25378
CVE-2020-0555,0.00044,0.10161
CVE-2020-0556,0.00103,0.41762
CVE-2020-0557,0.00045,0.12491
CVE-2020-0558,0.00163,0.53003
CVE-2020-0559,0.00044,0.10161
CVE-2020-0560,0.00044,0.10161
CVE-2020-0561,0.00044,0.10161
CVE-2020-0562,0.00044,0.10161
CVE-2020-0563,0.00044,0.10161
CVE-2020-0564,0.00044,0.10161
CVE-2020-0565,0.00044,0.10161
CVE-2020-0566,0.00126,0.47161
CVE-2020-0567,0.00044,0.10161
CVE-2020-0568,0.00044,0.10161
CVE-2020-0569,0.00044,0.10161
CVE-2020-0570,0.00097,0.40150
CVE-2020-0571,0.00044,0.10161
CVE-2020-0572,0.00044,0.10161
CVE-2020-0573,0.00044,0.10161
CVE-2020-0574,0.00044,0.10161
CVE-2020-0575,0.00044,0.10161
CVE-2020-0576,0.00062,0.24843
CVE-2020-0577,0.00070,0.29068
CVE-2020-0578,0.00070,0.29068
CVE-2020-0583,0.00044,0.10161
CVE-2020-0584,0.00062,0.24843
CVE-2020-0586,0.00045,0.11966
CVE-2020-0587,0.00044,0.10161
CVE-2020-0588,0.00044,0.10161
CVE-2020-0590,0.00044,0.10161
CVE-2020-0591,0.00044,0.10161
CVE-2020-0592,0.00044,0.10161
CVE-2020-0593,0.00044,0.10161
CVE-2020-0594,0.00488,0.73560
CVE-2020-0595,0.00590,0.76016
CVE-2020-0596,0.00158,0.52243
CVE-2020-0597,0.01099,0.82932
CVE-2020-0598,0.00063,0.25378
CVE-2020-0599,0.00044,0.10161
CVE-2020-0600,0.00044,0.10161
CVE-2020-0601,0.96685,0.99576
CVE-2020-0602,0.00257,0.63603
CVE-2020-0603,0.02460,0.88985
CVE-2020-0604,0.00222,0.60620
CVE-2020-0605,0.02949,0.89864
CVE-2020-0606,0.02949,0.89864
CVE-2020-0607,0.00758,0.79200
CVE-2020-0608,0.00043,0.07315
CVE-2020-0609,0.37288,0.96831
CVE-2020-0610,0.37288,0.96831
CVE-2020-0611,0.01158,0.83407
CVE-2020-0612,0.00201,0.57992
CVE-2020-0613,0.00043,0.07315
CVE-2020-0614,0.00043,0.07315
CVE-2020-0615,0.00046,0.13748
CVE-2020-0616,0.00055,0.20669
CVE-2020-0617,0.00043,0.07315
CVE-2020-0618,0.97402,0.99916
CVE-2020-0620,0.00043,0.07315
CVE-2020-0621,0.00043,0.07315
CVE-2020-0622,0.00043,0.07315
CVE-2020-0623,0.00043,0.07315
CVE-2020-0624,0.00043,0.07315
CVE-2020-0625,0.00043,0.07315
CVE-2020-0626,0.00043,0.07315
CVE-2020-0627,0.00043,0.07315
CVE-2020-0628,0.00043,0.07315
CVE-2020-0629,0.00043,0.07315
CVE-2020-0630,0.00043,0.07315
CVE-2020-0631,0.00043,0.07315
CVE-2020-0632,0.00043,0.07315
CVE-2020-0633,0.00043,0.07315
CVE-2020-0634,0.00209,0.58837
CVE-2020-0635,0.00050,0.15977
CVE-2020-0636,0.00043,0.07315
CVE-2020-0637,0.00106,0.42976
CVE-2020-0638,0.00069,0.28540
CVE-2020-0639,0.00061,0.24006
CVE-2020-0640,0.01742,0.86641
CVE-2020-0641,0.00043,0.07315
CVE-2020-0642,0.00088,0.37040
CVE-2020-0643,0.00043,0.07315
CVE-2020-0644,0.00043,0.07315
CVE-2020-0645,0.00174,0.54595
CVE-2020-0646,0.97521,0.99987
CVE-2020-0647,0.00177,0.54895
CVE-2020-0648,0.00043,0.07315
CVE-2020-0650,0.01111,0.83039
CVE-2020-0651,0.01111,0.83039
CVE-2020-0652,0.01132,0.83204
CVE-2020-0653,0.01111,0.83039
CVE-2020-0654,0.00271,0.64616
CVE-2020-0655,0.01812,0.86904
CVE-2020-0656,0.00052,0.17554
CVE-2020-0657,0.00043,0.07315
CVE-2020-0658,0.00043,0.07315
CVE-2020-0659,0.00043,0.07315
CVE-2020-0660,0.00201,0.57992
CVE-2020-0661,0.00043,0.07315
CVE-2020-0662,0.01771,0.86730
CVE-2020-0663,0.00145,0.50421
CVE-2020-0664,0.01100,0.82945
CVE-2020-0665,0.00299,0.66395
CVE-2020-0666,0.00043,0.07315
CVE-2020-0667,0.00043,0.07315
CVE-2020-0668,0.00575,0.75670
CVE-2020-0669,0.00043,0.07315
CVE-2020-0670,0.00043,0.07315
CVE-2020-0671,0.00043,0.07315
CVE-2020-0672,0.00043,0.07315
CVE-2020-0673,0.02046,0.87839
CVE-2020-0674,0.97423,0.99929
CVE-2020-0675,0.00043,0.07315
CVE-2020-0676,0.00043,0.07315
CVE-2020-0677,0.00043,0.07315
CVE-2020-0678,0.00043,0.07315
CVE-2020-0679,0.00043,0.07315
CVE-2020-0680,0.00043,0.07315
CVE-2020-0681,0.01362,0.84864
CVE-2020-0682,0.00043,0.07315
CVE-2020-0683,0.00043,0.07317
CVE-2020-0684,0.03190,0.90228
CVE-2020-0685,0.00043,0.07315
CVE-2020-0686,0.00043,0.07315
CVE-2020-0687,0.03769,0.90987
CVE-2020-0688,0.97189,0.99784
CVE-2020-0689,0.00043,0.07315
CVE-2020-0690,0.00457,0.72715
CVE-2020-0691,0.00043,0.07315
CVE-2020-0692,0.00299,0.66395
CVE-2020-0693,0.00068,0.27963
CVE-2020-0694,0.00068,0.27963
CVE-2020-0695,0.00177,0.54895
CVE-2020-0696,0.00138,0.49370
CVE-2020-0697,0.00050,0.16695
CVE-2020-0698,0.00043,0.07315
CVE-2020-0699,0.00043,0.07315
CVE-2020-0700,0.00054,0.19349
CVE-2020-0701,0.00043,0.07315
CVE-2020-0702,0.00066,0.27612
CVE-2020-0703,0.00043,0.07315
CVE-2020-0704,0.00043,0.07315
CVE-2020-0705,0.00043,0.07315
CVE-2020-0706,0.00520,0.74393
CVE-2020-0707,0.00043,0.07315
CVE-2020-0708,0.01499,0.85566
CVE-2020-0709,0.00043,0.07315
CVE-2020-0710,0.02046,0.87839
CVE-2020-0711,0.02046,0.87839
CVE-2020-0712,0.02046,0.87839
CVE-2020-0713,0.02046,0.87839
CVE-2020-0714,0.00043,0.07315
CVE-2020-0715,0.00043,0.07315
CVE-2020-0716,0.00043,0.07315
CVE-2020-0717,0.00043,0.07315
CVE-2020-0718,0.01180,0.83604
CVE-2020-0719,0.00043,0.07315
CVE-2020-0720,0.00043,0.07315
CVE-2020-0721,0.00043,0.07315
CVE-2020-0722,0.00043,0.07315
CVE-2020-0723,0.00043,0.07315
CVE-2020-0724,0.00043,0.07315
CVE-2020-0725,0.00043,0.07315
CVE-2020-0726,0.00043,0.07315
CVE-2020-0727,0.00043,0.07315
CVE-2020-0728,0.00072,0.29852
CVE-2020-0729,0.05121,0.92210
CVE-2020-0730,0.00066,0.27441
CVE-2020-0731,0.00043,0.07315
CVE-2020-0732,0.00043,0.07315
CVE-2020-0733,0.00043,0.07315
CVE-2020-0734,0.03769,0.90987
CVE-2020-0735,0.00043,0.07315
CVE-2020-0736,0.00043,0.07315
CVE-2020-0737,0.00043,0.07315
CVE-2020-0738,0.54036,0.97349
CVE-2020-0739,0.00043,0.07315
CVE-2020-0740,0.00043,0.07315
CVE-2020-0741,0.00043,0.07315
CVE-2020-0742,0.00043,0.07315
CVE-2020-0743,0.00043,0.07315
CVE-2020-0744,0.00100,0.40823
CVE-2020-0745,0.00043,0.07315
CVE-2020-0746,0.00043,0.07315
CVE-2020-0747,0.00043,0.07315
CVE-2020-0748,0.00043,0.07315
CVE-2020-0749,0.00043,0.07315
CVE-2020-0750,0.00043,0.07315
CVE-2020-0751,0.00043,0.07315
CVE-2020-0752,0.00043,0.07315
CVE-2020-0753,0.00043,0.07315
CVE-2020-0754,0.00043,0.07315
CVE-2020-0755,0.00043,0.07315
CVE-2020-0756,0.00043,0.07315
CVE-2020-0757,0.00043,0.07315
CVE-2020-0758,0.00123,0.46550
CVE-2020-0759,0.03769,0.90987
CVE-2020-0760,0.03769,0.90987
CVE-2020-0761,0.01180,0.83604
CVE-2020-0762,0.00043,0.07315
CVE-2020-0763,0.00043,0.07315
CVE-2020-0764,0.00043,0.07315
CVE-2020-0765,0.00758,0.79200
CVE-2020-0766,0.00043,0.07315
CVE-2020-0767,0.02046,0.87839
CVE-2020-0768,0.02277,0.88559
CVE-2020-0769,0.00043,0.07315
CVE-2020-0770,0.00043,0.07315
CVE-2020-0771,0.00043,0.07315
CVE-2020-0772,0.00043,0.07315
CVE-2020-0773,0.00043,0.07315
CVE-2020-0774,0.19383,0.95865
CVE-2020-0775,0.00043,0.07315
CVE-2020-0776,0.00043,0.07494
CVE-2020-0777,0.00043,0.07315
CVE-2020-0778,0.00043,0.07315
CVE-2020-0779,0.00066,0.27441
CVE-2020-0780,0.00043,0.07315
CVE-2020-0781,0.00043,0.07315
CVE-2020-0782,0.00043,0.07315
CVE-2020-0783,0.00043,0.07315
CVE-2020-0784,0.00043,0.07315
CVE-2020-0785,0.00043,0.07315
CVE-2020-0786,0.00043,0.07315
CVE-2020-0787,0.01443,0.85297
CVE-2020-0788,0.00043,0.07494
CVE-2020-0789,0.00066,0.27441
CVE-2020-0790,0.00230,0.61277
CVE-2020-0791,0.00043,0.07315
CVE-2020-0792,0.00085,0.35236
CVE-2020-0793,0.00043,0.07315
CVE-2020-0794,0.00043,0.07315
CVE-2020-0795,0.00054,0.19349
CVE-2020-0796,0.97484,0.99967
CVE-2020-0797,0.00043,0.07315
CVE-2020-0798,0.00043,0.07315
CVE-2020-0799,0.00043,0.07315
CVE-2020-0800,0.00043,0.07315
CVE-2020-0801,0.54036,0.97349
CVE-2020-0802,0.00043,0.07315
CVE-2020-0803,0.00043,0.07315
CVE-2020-0804,0.00043,0.07315
CVE-2020-0805,0.00043,0.07315
CVE-2020-0806,0.00043,0.07315
CVE-2020-0807,0.04428,0.91607
CVE-2020-0808,0.00043,0.07315
CVE-2020-0809,0.54036,0.97349
CVE-2020-0810,0.00043,0.07315
CVE-2020-0811,0.02746,0.89554
CVE-2020-0812,0.02746,0.89554
CVE-2020-0813,0.03290,0.90379
CVE-2020-0814,0.00043,0.07315
CVE-2020-0815,0.00123,0.46550
CVE-2020-0816,0.03412,0.90552
CVE-2020-0819,0.00043,0.07315
CVE-2020-0820,0.00043,0.07315
CVE-2020-0821,0.00061,0.24006
CVE-2020-0822,0.00043,0.07315
CVE-2020-0823,0.02746,0.89554
CVE-2020-0824,0.02746,0.89554
CVE-2020-0825,0.02746,0.89554
CVE-2020-0826,0.02746,0.89554
CVE-2020-0827,0.02746,0.89554
CVE-2020-0828,0.02746,0.89554
CVE-2020-0829,0.02746,0.89554
CVE-2020-0830,0.02277,0.88559
CVE-2020-0831,0.02746,0.89554
CVE-2020-0832,0.02746,0.89554
CVE-2020-0833,0.02746,0.89554
CVE-2020-0834,0.00043,0.07315
CVE-2020-0835,0.00043,0.07315
CVE-2020-0836,0.00193,0.57187
CVE-2020-0837,0.00082,0.33986
CVE-2020-0838,0.00043,0.07315
CVE-2020-0839,0.00043,0.07315
CVE-2020-0840,0.00043,0.07494
CVE-2020-0841,0.00043,0.07494
CVE-2020-0842,0.00043,0.07315
CVE-2020-0843,0.00043,0.07315
CVE-2020-0844,0.00043,0.07315
CVE-2020-0845,0.00043,0.07315
CVE-2020-0847,0.01835,0.87022
CVE-2020-0848,0.02746,0.89554
CVE-2020-0849,0.00043,0.07315
CVE-2020-0850,0.03769,0.90987
CVE-2020-0851,0.00958,0.81625
CVE-2020-0852,0.01111,0.83039
CVE-2020-0853,0.19383,0.95865
CVE-2020-0854,0.00043,0.07315
CVE-2020-0855,0.01111,0.83039
CVE-2020-0856,0.01100,0.82945
CVE-2020-0857,0.00043,0.07315
CVE-2020-0858,0.00043,0.07315
CVE-2020-0859,0.00043,0.07315
CVE-2020-0860,0.00043,0.07315
CVE-2020-0861,0.00043,0.07315
CVE-2020-0863,0.00111,0.44116
CVE-2020-0864,0.00043,0.07315
CVE-2020-0865,0.00043,0.07315
CVE-2020-0866,0.00043,0.07315
CVE-2020-0867,0.00043,0.07315
CVE-2020-0868,0.00043,0.07315
CVE-2020-0869,0.54036,0.97349
CVE-2020-0870,0.00043,0.07315
CVE-2020-0871,0.00043,0.07315
CVE-2020-0872,0.02456,0.88977
CVE-2020-0874,0.00043,0.07315
CVE-2020-0875,0.00848,0.80401
CVE-2020-0876,0.03290,0.90379
CVE-2020-0877,0.00043,0.07315
CVE-2020-0878,0.01815,0.86919
CVE-2020-0879,0.00043,0.07315
CVE-2020-0880,0.19383,0.95865
CVE-2020-0881,0.03769,0.90987
CVE-2020-0882,0.19383,0.95865
CVE-2020-0883,0.03769,0.90987
CVE-2020-0884,0.00166,0.53268
CVE-2020-0885,0.01567,0.85924
CVE-2020-0886,0.00043,0.07315
CVE-2020-0887,0.00043,0.07494
CVE-2020-0888,0.00043,0.07315
CVE-2020-0889,0.01107,0.83000
CVE-2020-0890,0.00043,0.07315
CVE-2020-0891,0.00054,0.19349
CVE-2020-0892,0.01111,0.83039
CVE-2020-0893,0.00068,0.27963
CVE-2020-0894,0.00068,0.27963
CVE-2020-0895,0.01835,0.87022
CVE-2020-0896,0.00043,0.07315
CVE-2020-0897,0.00043,0.07315
CVE-2020-0898,0.00043,0.07315
CVE-2020-0899,0.00043,0.07315
CVE-2020-0900,0.00043,0.07315
CVE-2020-0901,0.03504,0.90660
CVE-2020-0902,0.00457,0.72715
CVE-2020-0903,0.00066,0.27602
CVE-2020-0904,0.00043,0.07315
CVE-2020-0905,0.01942,0.87469
CVE-2020-0906,0.06126,0.92858
CVE-2020-0907,0.01107,0.83000
CVE-2020-0908,0.02667,0.89389
CVE-2020-0909,0.00201,0.57992
CVE-2020-0910,0.00109,0.43869
CVE-2020-0911,0.00111,0.44242
CVE-2020-0912,0.00043,0.07315
CVE-2020-0913,0.00043,0.07315
CVE-2020-0914,0.00076,0.31383
CVE-2020-0915,0.00043,0.07494
CVE-2020-0916,0.00043,0.07494
CVE-2020-0917,0.00043,0.07315
CVE-2020-0918,0.00043,0.07315
CVE-2020-0919,0.00043,0.07315
CVE-2020-0920,0.01401,0.85075
CVE-2020-0921,0.00043,0.07315
CVE-2020-0922,0.04101,0.91326
CVE-2020-0923,0.00068,0.27963
CVE-2020-0924,0.00068,0.27963
CVE-2020-0925,0.00068,0.27963
CVE-2020-0926,0.00068,0.27963
CVE-2020-0927,0.00068,0.27963
CVE-2020-0928,0.00043,0.07315
CVE-2020-0929,0.01401,0.85075
CVE-2020-0930,0.00068,0.27963
CVE-2020-0931,0.01724,0.86570
CVE-2020-0932,0.01724,0.86570
CVE-2020-0933,0.00068,0.27963
CVE-2020-0934,0.00043,0.07315
CVE-2020-0935,0.00043,0.07315
CVE-2020-0936,0.00043,0.07315
CVE-2020-0937,0.01352,0.84781
CVE-2020-0938,0.94445,0.99060
CVE-2020-0939,0.01352,0.84781
CVE-2020-0940,0.00043,0.07315
CVE-2020-0941,0.00043,0.07315
CVE-2020-0942,0.00043,0.07315
CVE-2020-0943,0.00066,0.27612
CVE-2020-0944,0.00043,0.07315
CVE-2020-0945,0.01352,0.84781
CVE-2020-0946,0.01352,0.84781
CVE-2020-0947,0.01352,0.84781
CVE-2020-0948,0.54036,0.97349
CVE-2020-0949,0.54036,0.97349
CVE-2020-0950,0.54036,0.97349
CVE-2020-0951,0.00043,0.07315
CVE-2020-0952,0.19383,0.95865
CVE-2020-0953,0.00897,0.80965
CVE-2020-0954,0.00068,0.27963
CVE-2020-0955,0.00043,0.07315
CVE-2020-0956,0.00043,0.07494
CVE-2020-0957,0.00043,0.07315
CVE-2020-0958,0.00043,0.07315
CVE-2020-0959,0.00897,0.80965
CVE-2020-0960,0.00897,0.80965
CVE-2020-0961,0.01107,0.83000
CVE-2020-0962,0.00043,0.07315
CVE-2020-0963,0.31411,0.96595
CVE-2020-0964,0.03769,0.90987
CVE-2020-0965,0.00313,0.67184
CVE-2020-0966,0.03769,0.90987
CVE-2020-0967,0.03201,0.90243
CVE-2020-0968,0.09457,0.94208
CVE-2020-0969,0.02746,0.89554
CVE-2020-0970,0.02746,0.89554
CVE-2020-0971,0.08914,0.94024
CVE-2020-0972,0.00053,0.18650
CVE-2020-0973,0.00068,0.27963
CVE-2020-0974,0.01401,0.85075
CVE-2020-0975,0.00053,0.18650
CVE-2020-0976,0.00053,0.18650
CVE-2020-0977,0.00053,0.18650
CVE-2020-0978,0.00068,0.27963
CVE-2020-0979,0.03769,0.90987
CVE-2020-0980,0.01107,0.83000
CVE-2020-0981,0.00046,0.12643
CVE-2020-0982,0.00043,0.07315
CVE-2020-0983,0.00043,0.07315
CVE-2020-0984,0.00043,0.07315
CVE-2020-0985,0.00043,0.07315
CVE-2020-0986,0.00072,0.29491
CVE-2020-0987,0.00072,0.29863
CVE-2020-0988,0.00897,0.80965
CVE-2020-0989,0.00043,0.07315
CVE-2020-0991,0.01107,0.83000
CVE-2020-0992,0.00897,0.80965
CVE-2020-0993,0.00210,0.59011
CVE-2020-0994,0.00897,0.80965
CVE-2020-0995,0.01107,0.83000
CVE-2020-0996,0.00043,0.07315
CVE-2020-0997,0.01954,0.87509
CVE-2020-0998,0.00043,0.07315
CVE-2020-0999,0.01107,0.83000
CVE-2020-1000,0.00043,0.07315
CVE-2020-10001,0.00091,0.38538
CVE-2020-10002,0.00042,0.05722
CVE-2020-10003,0.00042,0.05722
CVE-2020-10004,0.00105,0.42406
CVE-2020-10005,0.00099,0.40584
CVE-2020-10006,0.00069,0.28647
CVE-2020-10007,0.00061,0.23855
CVE-2020-10008,0.00061,0.24235
CVE-2020-10009,0.00068,0.28039
CVE-2020-1001,0.00043,0.07315
CVE-2020-10010,0.00042,0.05722
CVE-2020-10011,0.00114,0.44905
CVE-2020-10012,0.00147,0.50641
CVE-2020-10013,0.00088,0.36933
CVE-2020-10014,0.00070,0.28770
CVE-2020-10015,0.00107,0.43149
CVE-2020-10016,0.00172,0.54271
CVE-2020-10017,0.00157,0.52157
CVE-2020-10018,0.01243,0.84082
CVE-2020-10019,0.00050,0.15960
CVE-2020-1002,0.00043,0.07315
CVE-2020-10021,0.00045,0.11966
CVE-2020-10022,0.00567,0.75492
CVE-2020-10023,0.00196,0.57541
CVE-2020-10024,0.00076,0.31253
CVE-2020-10027,0.00076,0.31253
CVE-2020-10028,0.00045,0.11966
CVE-2020-10029,0.00063,0.25101
CVE-2020-1003,0.00043,0.07315
CVE-2020-10030,0.00826,0.80131
CVE-2020-10037,0.00129,0.47673
CVE-2020-10038,0.00170,0.54119
CVE-2020-10039,0.00122,0.46448
CVE-2020-1004,0.00043,0.07315
CVE-2020-10040,0.00042,0.05722
CVE-2020-10041,0.00078,0.32606
CVE-2020-10042,0.00418,0.71548
CVE-2020-10043,0.00078,0.32606
CVE-2020-10044,0.00084,0.34791
CVE-2020-10045,0.00153,0.51583
CVE-2020-10048,0.00044,0.10161
CVE-2020-10049,0.00042,0.05722
CVE-2020-1005,0.00043,0.07315
CVE-2020-10050,0.00042,0.05722
CVE-2020-10051,0.00042,0.05722
CVE-2020-10052,0.00042,0.05722
CVE-2020-10053,0.00042,0.05722
CVE-2020-10054,0.00042,0.05722
CVE-2020-10055,0.00682,0.77963
CVE-2020-10056,0.00042,0.00438
CVE-2020-10057,0.00132,0.48174
CVE-2020-10058,0.00042,0.05722
CVE-2020-10059,0.00100,0.40789
CVE-2020-1006,0.00043,0.07315
CVE-2020-10060,0.00303,0.66568
CVE-2020-10061,0.00135,0.48658
CVE-2020-10062,0.05959,0.92752
CVE-2020-10063,0.00423,0.71708
CVE-2020-10064,0.00555,0.75244
CVE-2020-10065,0.00062,0.24332
CVE-2020-10066,0.00044,0.10161
CVE-2020-10067,0.00053,0.19034
CVE-2020-10068,0.00120,0.46187
CVE-2020-10069,0.00051,0.17414
CVE-2020-1007,0.00043,0.07315
CVE-2020-10070,0.04500,0.91674
CVE-2020-10071,0.04589,0.91746
CVE-2020-10072,0.00044,0.10161
CVE-2020-10073,0.00116,0.45451
CVE-2020-10074,0.00289,0.65790
CVE-2020-10075,0.00074,0.30673
CVE-2020-10076,0.00074,0.30673
CVE-2020-10077,0.00244,0.62506
CVE-2020-10078,0.00074,0.30673
CVE-2020-10079,0.00085,0.35201
CVE-2020-1008,0.01107,0.83000
CVE-2020-10080,0.00085,0.35201
CVE-2020-10081,0.00060,0.23276
CVE-2020-10082,0.00097,0.40213
CVE-2020-10083,0.00166,0.53380
CVE-2020-10084,0.00085,0.35201
CVE-2020-10085,0.00085,0.35201
CVE-2020-10086,0.00096,0.40029
CVE-2020-10087,0.00166,0.53380
CVE-2020-10088,0.00060,0.23276
CVE-2020-10089,0.00116,0.45451
CVE-2020-1009,0.00043,0.07315
CVE-2020-10090,0.00085,0.35201
CVE-2020-10091,0.00074,0.30673
CVE-2020-10092,0.00074,0.30673
CVE-2020-10093,0.00054,0.20290
CVE-2020-10094,0.00054,0.20290
CVE-2020-10096,0.00169,0.53886
CVE-2020-10097,0.00084,0.34791
CVE-2020-10098,0.00054,0.20290
CVE-2020-10099,0.00054,0.20290
CVE-2020-1010,0.00043,0.07315
CVE-2020-10100,0.00065,0.26756
CVE-2020-10101,0.00100,0.40894
CVE-2020-10102,0.00065,0.26756
CVE-2020-10103,0.00054,0.20290
CVE-2020-10104,0.00054,0.20290
CVE-2020-10105,0.00084,0.34791
CVE-2020-10106,0.00212,0.59184
CVE-2020-10107,0.00058,0.22585
CVE-2020-10108,0.00830,0.80187
CVE-2020-10109,0.00865,0.80580
CVE-2020-1011,0.00043,0.07315
CVE-2020-10110,0.01235,0.84021
CVE-2020-10111,0.00137,0.49085
CVE-2020-10112,0.00128,0.47421
CVE-2020-10113,0.00078,0.32606
CVE-2020-10114,0.00078,0.32606
CVE-2020-10115,0.00105,0.42575
CVE-2020-10116,0.00070,0.28998
CVE-2020-10117,0.00168,0.53801
CVE-2020-10118,0.00168,0.53801
CVE-2020-10119,0.01003,0.82074
CVE-2020-1012,0.00695,0.78172
CVE-2020-10120,0.00440,0.72239
CVE-2020-10121,0.00432,0.71954
CVE-2020-10122,0.00092,0.38838
CVE-2020-10123,0.00116,0.45295
CVE-2020-10124,0.00118,0.45683
CVE-2020-10125,0.00100,0.40976
CVE-2020-10126,0.00118,0.45683
CVE-2020-10128,0.00045,0.11801
CVE-2020-10129,0.00050,0.16285
CVE-2020-1013,0.00080,0.33423
CVE-2020-10130,0.00046,0.13768
CVE-2020-10131,0.00091,0.38380
CVE-2020-10132,0.00046,0.13740
CVE-2020-10134,0.00053,0.19082
CVE-2020-10135,0.00105,0.42454
CVE-2020-10136,0.01054,0.82519
CVE-2020-10137,0.00210,0.58980
CVE-2020-10138,0.00044,0.08189
CVE-2020-10139,0.00044,0.08189
CVE-2020-1014,0.00043,0.07315
CVE-2020-10140,0.00044,0.08189
CVE-2020-10143,0.00044,0.08189
CVE-2020-10145,0.00057,0.21406
CVE-2020-10146,0.00062,0.24773
CVE-2020-10148,0.97324,0.99867
CVE-2020-1015,0.00043,0.07315
CVE-2020-1016,0.00043,0.07315
CVE-2020-1017,0.00043,0.07315
CVE-2020-10173,0.43961,0.97050
CVE-2020-10174,0.00045,0.11966
CVE-2020-10176,0.01054,0.82529
CVE-2020-10177,0.00089,0.37654
CVE-2020-1018,0.01284,0.84373
CVE-2020-10180,0.00308,0.66926
CVE-2020-10181,0.30277,0.96540
CVE-2020-10184,0.00164,0.53077
CVE-2020-10185,0.00689,0.78064
CVE-2020-10187,0.00128,0.47442
CVE-2020-10188,0.81898,0.98133
CVE-2020-10189,0.97206,0.99795
CVE-2020-1019,0.00043,0.07315
CVE-2020-10190,0.00114,0.44989
CVE-2020-10191,0.00053,0.18833
CVE-2020-10192,0.00072,0.29993
CVE-2020-10193,0.00084,0.34791
CVE-2020-10194,0.00060,0.23686
CVE-2020-10195,0.00065,0.26870
CVE-2020-10196,0.00106,0.42956
CVE-2020-10199,0.97318,0.99863
CVE-2020-1020,0.93466,0.98925
CVE-2020-10203,0.00156,0.52051
CVE-2020-10204,0.01192,0.83682
CVE-2020-10206,0.00042,0.05722
CVE-2020-10207,0.02066,0.87897
CVE-2020-10208,0.00201,0.58111
CVE-2020-10209,0.00305,0.66722
CVE-2020-1021,0.00054,0.19123
CVE-2020-10210,0.00576,0.75691
CVE-2020-10211,0.00844,0.80357
CVE-2020-10212,0.00308,0.66895
CVE-2020-10213,0.00327,0.67937
CVE-2020-10214,0.00121,0.46232
CVE-2020-10215,0.00327,0.67937
CVE-2020-10216,0.00327,0.67937
CVE-2020-10218,0.00092,0.38727
CVE-2020-1022,0.01942,0.87469
CVE-2020-10220,0.02204,0.88352
CVE-2020-10221,0.96709,0.99582
CVE-2020-10222,0.00444,0.72347
CVE-2020-10223,0.00313,0.67173
CVE-2020-10224,0.00695,0.78174
CVE-2020-10225,0.00391,0.70671
CVE-2020-10227,0.00544,0.75014
CVE-2020-10228,0.01475,0.85447
CVE-2020-10229,0.00769,0.79370
CVE-2020-1023,0.01000,0.82046
CVE-2020-10230,0.00504,0.74007
CVE-2020-10231,0.00343,0.68674
CVE-2020-10232,0.00552,0.75186
CVE-2020-10233,0.00398,0.70906
CVE-2020-10234,0.00128,0.47408
CVE-2020-10235,0.00528,0.74617
CVE-2020-10236,0.00042,0.05722
CVE-2020-10237,0.00042,0.05722
CVE-2020-10238,0.00221,0.60326
CVE-2020-10239,0.00087,0.35903
CVE-2020-1024,0.01000,0.82046
CVE-2020-10240,0.00077,0.31988
CVE-2020-10241,0.00073,0.30112
CVE-2020-10242,0.00103,0.41747
CVE-2020-10243,0.00196,0.57515
CVE-2020-10244,0.00168,0.53801
CVE-2020-10245,0.00329,0.68034
CVE-2020-10246,0.00066,0.27550
CVE-2020-10247,0.00066,0.27550
CVE-2020-10248,0.01300,0.84473
CVE-2020-10249,0.00126,0.47113
CVE-2020-1025,0.00474,0.73168
CVE-2020-10250,0.04159,0.91375
CVE-2020-10251,0.00056,0.21204
CVE-2020-10252,0.00246,0.62638
CVE-2020-10254,0.00233,0.61470
CVE-2020-10255,0.00158,0.52300
CVE-2020-10256,0.00236,0.61780
CVE-2020-10257,0.08201,0.93771
CVE-2020-1026,0.00694,0.78150
CVE-2020-10262,0.00218,0.59822
CVE-2020-10263,0.00218,0.59822
CVE-2020-10264,0.00070,0.29068
CVE-2020-10265,0.00103,0.41969
CVE-2020-10266,0.00222,0.60556
CVE-2020-10267,0.00239,0.62059
CVE-2020-10268,0.00058,0.22795
CVE-2020-10269,0.00222,0.60556
CVE-2020-1027,0.00087,0.36447
CVE-2020-10270,0.00521,0.74438
CVE-2020-10271,0.00340,0.68524
CVE-2020-10272,0.00521,0.74438
CVE-2020-10273,0.00168,0.53801
CVE-2020-10274,0.00065,0.26756
CVE-2020-10275,0.00222,0.60556
CVE-2020-10276,0.00222,0.60556
CVE-2020-10277,0.00070,0.29068
CVE-2020-10278,0.00057,0.21534
CVE-2020-10279,0.00222,0.60556
CVE-2020-1028,0.00172,0.54463
CVE-2020-10280,0.00103,0.41969
CVE-2020-10281,0.00256,0.63534
CVE-2020-10282,0.00222,0.60556
CVE-2020-10283,0.00308,0.66895
CVE-2020-10284,0.00103,0.41969
CVE-2020-10285,0.00186,0.55912
CVE-2020-10286,0.00061,0.23892
CVE-2020-10287,0.00222,0.60556
CVE-2020-10288,0.00309,0.66976
CVE-2020-10289,0.00102,0.41253
CVE-2020-1029,0.00043,0.07315
CVE-2020-10290,0.00070,0.29068
CVE-2020-10291,0.00168,0.53801
CVE-2020-10292,0.00120,0.46146
CVE-2020-1030,0.00043,0.07315
CVE-2020-1031,0.03286,0.90372
CVE-2020-1032,0.00156,0.52055
CVE-2020-1033,0.00100,0.41003
CVE-2020-1034,0.00087,0.36585
CVE-2020-1035,0.01043,0.82434
CVE-2020-1036,0.00156,0.52055
CVE-2020-10364,0.00819,0.80040
CVE-2020-10365,0.00060,0.23268
CVE-2020-10366,0.00093,0.39255
CVE-2020-1037,0.01113,0.83048
CVE-2020-10372,0.00058,0.22585
CVE-2020-10374,0.01122,0.83131
CVE-2020-10375,0.00048,0.14460
CVE-2020-10376,0.00900,0.81007
CVE-2020-10377,0.00165,0.53209
CVE-2020-10378,0.00076,0.31398
CVE-2020-10379,0.00133,0.48350
CVE-2020-1038,0.00043,0.07315
CVE-2020-10380,0.00138,0.49278
CVE-2020-10381,0.00073,0.30345
CVE-2020-10382,0.00289,0.65746
CVE-2020-10383,0.00660,0.77493
CVE-2020-10384,0.00042,0.05722
CVE-2020-10385,0.00566,0.75478
CVE-2020-10386,0.12546,0.94961
CVE-2020-10387,0.07369,0.93458
CVE-2020-10388,0.00074,0.30642
CVE-2020-10389,0.16908,0.95589
CVE-2020-1039,0.01670,0.86365
CVE-2020-10390,0.00523,0.74489
CVE-2020-10391,0.00074,0.30642
CVE-2020-10392,0.00074,0.30642
CVE-2020-10393,0.00074,0.30642
CVE-2020-10394,0.00074,0.30642
CVE-2020-10395,0.00074,0.30642
CVE-2020-10396,0.00074,0.30642
CVE-2020-10397,0.00074,0.30642
CVE-2020-10398,0.00074,0.30642
CVE-2020-10399,0.00074,0.30642
CVE-2020-1040,0.00282,0.65350
CVE-2020-10400,0.00074,0.30642
CVE-2020-10401,0.00074,0.30642
CVE-2020-10402,0.00074,0.30642
CVE-2020-10403,0.00074,0.30642
CVE-2020-10404,0.00074,0.30642
CVE-2020-10405,0.00074,0.30642
CVE-2020-10406,0.00074,0.30642
CVE-2020-10407,0.00074,0.30642
CVE-2020-10408,0.00074,0.30642
CVE-2020-10409,0.00074,0.30642
CVE-2020-1041,0.00156,0.52055
CVE-2020-10410,0.00074,0.30642
CVE-2020-10411,0.00074,0.30642
CVE-2020-10412,0.00074,0.30642
CVE-2020-10413,0.00074,0.30642
CVE-2020-10414,0.00074,0.30642
CVE-2020-10415,0.00074,0.30642
CVE-2020-10416,0.00074,0.30642
CVE-2020-10417,0.00074,0.30642
CVE-2020-10418,0.00074,0.30642
CVE-2020-10419,0.00074,0.30642
CVE-2020-1042,0.00156,0.52055
CVE-2020-10420,0.00074,0.30642
CVE-2020-10421,0.00074,0.30642
CVE-2020-10422,0.00074,0.30642
CVE-2020-10423,0.00074,0.30642
CVE-2020-10424,0.00074,0.30642
CVE-2020-10425,0.00074,0.30642
CVE-2020-10426,0.00074,0.30642
CVE-2020-10427,0.00074,0.30642
CVE-2020-10428,0.00074,0.30642
CVE-2020-10429,0.00074,0.30642
CVE-2020-1043,0.00156,0.52055
CVE-2020-10430,0.00074,0.30642
CVE-2020-10431,0.00074,0.30642
CVE-2020-10432,0.00074,0.30642
CVE-2020-10433,0.00074,0.30642
CVE-2020-10434,0.00074,0.30642
CVE-2020-10435,0.00074,0.30642
CVE-2020-10436,0.00074,0.30642
CVE-2020-10437,0.00074,0.30642
CVE-2020-10438,0.00074,0.30642
CVE-2020-10439,0.00074,0.30642
CVE-2020-1044,0.00064,0.26271
CVE-2020-10440,0.00074,0.30642
CVE-2020-10441,0.00074,0.30642
CVE-2020-10442,0.00074,0.30642
CVE-2020-10443,0.00074,0.30642
CVE-2020-10444,0.00074,0.30642
CVE-2020-10445,0.00074,0.30642
CVE-2020-10446,0.00074,0.30642
CVE-2020-10447,0.00074,0.30642
CVE-2020-10448,0.00074,0.30642
CVE-2020-10449,0.00074,0.30642
CVE-2020-1045,0.00243,0.62362
CVE-2020-10450,0.00074,0.30642
CVE-2020-10451,0.00074,0.30642
CVE-2020-10452,0.00074,0.30642
CVE-2020-10453,0.00074,0.30642
CVE-2020-10454,0.00074,0.30642
CVE-2020-10455,0.00074,0.30642
CVE-2020-10456,0.00074,0.30642
CVE-2020-10457,0.00077,0.31626
CVE-2020-10458,0.00074,0.30473
CVE-2020-10459,0.00077,0.31626
CVE-2020-1046,0.01506,0.85624
CVE-2020-10460,0.00074,0.30642
CVE-2020-10461,0.00144,0.50222
CVE-2020-10462,0.00074,0.30642
CVE-2020-10463,0.00074,0.30642
CVE-2020-10464,0.00074,0.30642
CVE-2020-10465,0.00074,0.30642
CVE-2020-10466,0.00074,0.30642
CVE-2020-10467,0.00074,0.30642
CVE-2020-10468,0.00074,0.30642
CVE-2020-10469,0.00074,0.30642
CVE-2020-1047,0.00375,0.70019
CVE-2020-10470,0.00074,0.30642
CVE-2020-10471,0.00074,0.30642
CVE-2020-10472,0.00074,0.30642
CVE-2020-10473,0.00074,0.30642
CVE-2020-10474,0.00074,0.30642
CVE-2020-10475,0.00074,0.30642
CVE-2020-10476,0.00074,0.30642
CVE-2020-10477,0.00074,0.30642
CVE-2020-10478,0.00280,0.65146
CVE-2020-10479,0.00135,0.48805
CVE-2020-1048,0.00403,0.71048
CVE-2020-10480,0.00135,0.48805
CVE-2020-10481,0.00135,0.48805
CVE-2020-10482,0.00135,0.48805
CVE-2020-10483,0.00135,0.48805
CVE-2020-10484,0.00135,0.48805
CVE-2020-10485,0.00135,0.48805
CVE-2020-10486,0.00135,0.48805
CVE-2020-10487,0.00135,0.48805
CVE-2020-10488,0.00135,0.48805
CVE-2020-10489,0.00135,0.48805
CVE-2020-1049,0.00052,0.17554
CVE-2020-10490,0.00135,0.48805
CVE-2020-10491,0.00135,0.48805
CVE-2020-10492,0.00135,0.48805
CVE-2020-10493,0.00135,0.48805
CVE-2020-10494,0.00135,0.48805
CVE-2020-10495,0.00135,0.48805
CVE-2020-10496,0.00135,0.48805
CVE-2020-10497,0.00135,0.48805
CVE-2020-10498,0.00135,0.48805
CVE-2020-10499,0.00135,0.48805
CVE-2020-1050,0.00102,0.41501
CVE-2020-10500,0.00135,0.48805
CVE-2020-10501,0.00135,0.48805
CVE-2020-10502,0.00135,0.48805
CVE-2020-10503,0.00135,0.48805
CVE-2020-10504,0.00135,0.48805
CVE-2020-10505,0.00152,0.51379
CVE-2020-10506,0.00258,0.63629
CVE-2020-10507,0.00214,0.59502
CVE-2020-10508,0.00131,0.47974
CVE-2020-10509,0.00066,0.27550
CVE-2020-1051,0.00885,0.80814
CVE-2020-10510,0.00063,0.25077
CVE-2020-10511,0.00363,0.69540
CVE-2020-10512,0.00174,0.54617
CVE-2020-10513,0.00050,0.16378
CVE-2020-10514,0.00104,0.42274
CVE-2020-10515,0.01037,0.82365
CVE-2020-10516,0.00236,0.61802
CVE-2020-10517,0.00063,0.25575
CVE-2020-10518,0.00288,0.65705
CVE-2020-10519,0.00708,0.78386
CVE-2020-1052,0.00043,0.07315
CVE-2020-1053,0.00043,0.07315
CVE-2020-10531,0.00419,0.71559
CVE-2020-10532,0.01191,0.83677
CVE-2020-10534,0.00244,0.62506
CVE-2020-10535,0.00145,0.50332
CVE-2020-10537,0.00048,0.14460
CVE-2020-10538,0.00048,0.14460
CVE-2020-10539,0.00488,0.73598
CVE-2020-1054,0.00222,0.60600
CVE-2020-10540,0.00073,0.30112
CVE-2020-10541,0.00855,0.80485
CVE-2020-10543,0.00299,0.66403
CVE-2020-10544,0.00078,0.32606
CVE-2020-10546,0.44652,0.97068
CVE-2020-10547,0.44652,0.97068
CVE-2020-10548,0.44652,0.97068
CVE-2020-10549,0.44652,0.97068
CVE-2020-1055,0.00143,0.50085
CVE-2020-10551,0.00077,0.31657
CVE-2020-10552,0.00065,0.26756
CVE-2020-10553,0.00042,0.05722
CVE-2020-10554,0.00168,0.53801
CVE-2020-10557,0.00113,0.44719
CVE-2020-10558,0.00098,0.40330
CVE-2020-1056,0.00176,0.54785
CVE-2020-10560,0.00339,0.68485
CVE-2020-10561,0.00189,0.56456
CVE-2020-10562,0.00241,0.62195
CVE-2020-10563,0.00502,0.73965
CVE-2020-10564,0.05290,0.92339
CVE-2020-10565,0.00044,0.10161
CVE-2020-10566,0.00044,0.10161
CVE-2020-10567,0.00474,0.73170
CVE-2020-10568,0.00427,0.71814
CVE-2020-10569,0.00821,0.80063
CVE-2020-1057,0.00397,0.70871
CVE-2020-10570,0.00069,0.28525
CVE-2020-10571,0.00235,0.61731
CVE-2020-10573,0.00103,0.41969
CVE-2020-10574,0.00222,0.60556
CVE-2020-10575,0.00078,0.32606
CVE-2020-10576,0.00103,0.41969
CVE-2020-10577,0.00084,0.34791
CVE-2020-10578,0.00320,0.67578
CVE-2020-10579,0.00433,0.72006
CVE-2020-1058,0.01043,0.82434
CVE-2020-10580,0.00154,0.51668
CVE-2020-10581,0.00359,0.69381
CVE-2020-10582,0.00173,0.54480
CVE-2020-10583,0.02498,0.89054
CVE-2020-10584,0.00433,0.72006
CVE-2020-10587,0.00042,0.05722
CVE-2020-10588,0.00042,0.05722
CVE-2020-10589,0.00042,0.05722
CVE-2020-1059,0.00244,0.62507
CVE-2020-10590,0.00136,0.48980
CVE-2020-10591,0.00201,0.58123
CVE-2020-10592,0.00468,0.73004
CVE-2020-10593,0.00468,0.73004
CVE-2020-10594,0.00156,0.52030
CVE-2020-10595,0.03786,0.91001
CVE-2020-10596,0.00132,0.48235
CVE-2020-10597,0.00063,0.25097
CVE-2020-10598,0.00067,0.27833
CVE-2020-10599,0.00412,0.71352
CVE-2020-1060,0.01043,0.82434
CVE-2020-10600,0.00128,0.47482
CVE-2020-10601,0.00042,0.00438
CVE-2020-10602,0.00128,0.47482
CVE-2020-10603,0.00304,0.66625
CVE-2020-10604,0.00180,0.55283
CVE-2020-10605,0.00162,0.52844
CVE-2020-10606,0.00042,0.00438
CVE-2020-10607,0.00475,0.73210
CVE-2020-10608,0.00042,0.00438
CVE-2020-10609,0.00162,0.52844
CVE-2020-1061,0.02632,0.89327
CVE-2020-10610,0.00043,0.07333
CVE-2020-10611,0.00488,0.73573
CVE-2020-10612,0.00084,0.34617
CVE-2020-10613,0.00715,0.78519
CVE-2020-10614,0.00061,0.23871
CVE-2020-10615,0.00314,0.67202
CVE-2020-10616,0.00278,0.65014
CVE-2020-10617,0.00403,0.71054
CVE-2020-10618,0.00079,0.32803
CVE-2020-10619,0.01681,0.86404
CVE-2020-1062,0.06477,0.93054
CVE-2020-10620,0.00254,0.63434
CVE-2020-10621,0.00644,0.77131
CVE-2020-10622,0.00081,0.33542
CVE-2020-10623,0.00266,0.64290
CVE-2020-10624,0.00162,0.52844
CVE-2020-10625,0.00931,0.81343
CVE-2020-10626,0.00104,0.42287
CVE-2020-10627,0.00062,0.24829
CVE-2020-10628,0.00162,0.52844
CVE-2020-10629,0.00568,0.75506
CVE-2020-1063,0.00052,0.17554
CVE-2020-10630,0.00100,0.41016
CVE-2020-10631,0.01507,0.85630
CVE-2020-10632,0.00069,0.28747
CVE-2020-10633,0.00100,0.41016
CVE-2020-10634,0.00235,0.61647
CVE-2020-10635,0.00069,0.28747
CVE-2020-10636,0.00091,0.38641
CVE-2020-10637,0.00154,0.51668
CVE-2020-10638,0.08302,0.93801
CVE-2020-10639,0.00980,0.81850
CVE-2020-1064,0.01237,0.84032
CVE-2020-10640,0.00274,0.64808
CVE-2020-10641,0.00100,0.40789
CVE-2020-10642,0.00042,0.00438
CVE-2020-10643,0.00061,0.23871
CVE-2020-10644,0.89335,0.98530
CVE-2020-10646,0.00164,0.53131
CVE-2020-10648,0.00103,0.41601
CVE-2020-10649,0.00146,0.50579
CVE-2020-1065,0.01113,0.83048
CVE-2020-10650,0.00362,0.69497
CVE-2020-10654,0.03043,0.90013
CVE-2020-10655,0.00743,0.78959
CVE-2020-10656,0.00743,0.78959
CVE-2020-10657,0.00377,0.70079
CVE-2020-10658,0.00743,0.78959
CVE-2020-10659,0.00054,0.20290
CVE-2020-1066,0.00043,0.07315
CVE-2020-10660,0.00090,0.37972
CVE-2020-10661,0.00178,0.55045
CVE-2020-10663,0.00420,0.71608
CVE-2020-10664,0.00102,0.41309
CVE-2020-10665,0.00042,0.05722
CVE-2020-10666,0.00669,0.77695
CVE-2020-10667,0.00543,0.75001
CVE-2020-10668,0.00543,0.75001
CVE-2020-10669,0.17440,0.95664
CVE-2020-1067,0.01266,0.84243
CVE-2020-10670,0.00215,0.59601
CVE-2020-10671,0.00432,0.71971
CVE-2020-10672,0.00721,0.78629
CVE-2020-10673,0.00721,0.78629
CVE-2020-10674,0.00206,0.58593
CVE-2020-10675,0.00184,0.55791
CVE-2020-10676,0.00057,0.21374
CVE-2020-10678,0.00104,0.42231
CVE-2020-1068,0.00043,0.07315
CVE-2020-10681,0.00058,0.22005
CVE-2020-10682,0.00195,0.57473
CVE-2020-10683,0.00645,0.77141
CVE-2020-10684,0.00045,0.11966
CVE-2020-10685,0.00045,0.11839
CVE-2020-10686,0.00072,0.29893
CVE-2020-10687,0.00105,0.42465
CVE-2020-10688,0.00114,0.44849
CVE-2020-10689,0.00048,0.14788
CVE-2020-1069,0.00547,0.75073
CVE-2020-10690,0.00045,0.11966
CVE-2020-10691,0.00044,0.07794
CVE-2020-10693,0.00120,0.46060
CVE-2020-10695,0.00044,0.10161
CVE-2020-10696,0.00445,0.72361
CVE-2020-10697,0.00044,0.10161
CVE-2020-10698,0.00044,0.10161
CVE-2020-10699,0.00042,0.05722
CVE-2020-1070,0.00043,0.07315
CVE-2020-10700,0.00312,0.67101
CVE-2020-10701,0.00068,0.28144
CVE-2020-10702,0.00042,0.05722
CVE-2020-10703,0.00257,0.63572
CVE-2020-10704,0.01509,0.85643
CVE-2020-10705,0.00098,0.40310
CVE-2020-10706,0.00044,0.10161
CVE-2020-10709,0.00044,0.10161
CVE-2020-1071,0.00064,0.26252
CVE-2020-10710,0.00043,0.06775
CVE-2020-10711,0.00602,0.76254
CVE-2020-10712,0.00084,0.34791
CVE-2020-10713,0.00068,0.28385
CVE-2020-10714,0.00184,0.55746
CVE-2020-10715,0.00084,0.35108
CVE-2020-10716,0.00065,0.26756
CVE-2020-10717,0.00045,0.11966
CVE-2020-10718,0.00165,0.53166
CVE-2020-10719,0.00090,0.37972
CVE-2020-1072,0.00043,0.07315
CVE-2020-10720,0.00042,0.05722
CVE-2020-10721,0.00044,0.10161
CVE-2020-10722,0.00045,0.12520
CVE-2020-10723,0.00045,0.12520
CVE-2020-10724,0.00049,0.14843
CVE-2020-10725,0.00135,0.48666
CVE-2020-10726,0.00067,0.27689
CVE-2020-10727,0.00042,0.05722
CVE-2020-10728,0.00043,0.06775
CVE-2020-10729,0.00061,0.23944
CVE-2020-1073,0.01184,0.83633
CVE-2020-10730,0.00405,0.71110
CVE-2020-10731,0.00087,0.36023
CVE-2020-10732,0.00050,0.16500
CVE-2020-10733,0.00054,0.19411
CVE-2020-10734,0.00044,0.10161
CVE-2020-10735,0.00331,0.68179
CVE-2020-10736,0.00044,0.10161
CVE-2020-10737,0.00044,0.10161
CVE-2020-10738,0.00364,0.69588
CVE-2020-10739,0.00301,0.66458
CVE-2020-1074,0.01670,0.86365
CVE-2020-10740,0.00333,0.68255
CVE-2020-10742,0.00044,0.10161
CVE-2020-10743,0.00073,0.30345
CVE-2020-10744,0.00044,0.10161
CVE-2020-10745,0.02415,0.88881
CVE-2020-10746,0.00044,0.10161
CVE-2020-10748,0.00078,0.32606
CVE-2020-10749,0.00094,0.39456
CVE-2020-1075,0.00043,0.07315
CVE-2020-10750,0.00044,0.10161
CVE-2020-10751,0.00050,0.16500
CVE-2020-10752,0.00104,0.42274
CVE-2020-10753,0.00226,0.60894
CVE-2020-10754,0.00054,0.20290
CVE-2020-10755,0.00106,0.42929
CVE-2020-10756,0.00048,0.14713
CVE-2020-10757,0.00054,0.20302
CVE-2020-10758,0.00098,0.40310
CVE-2020-10759,0.00048,0.14788
CVE-2020-1076,0.00043,0.07315
CVE-2020-10760,0.00350,0.68977
CVE-2020-10761,0.00109,0.43749
CVE-2020-10762,0.00042,0.05722
CVE-2020-10763,0.00042,0.05722
CVE-2020-10766,0.00042,0.05722
CVE-2020-10767,0.00042,0.05722
CVE-2020-10768,0.00044,0.10161
CVE-2020-10769,0.00042,0.05722
CVE-2020-1077,0.00043,0.07315
CVE-2020-10770,0.33890,0.96692
CVE-2020-10771,0.00069,0.28561
CVE-2020-10772,0.00087,0.35949
CVE-2020-10773,0.00042,0.05722
CVE-2020-10774,0.00042,0.05722
CVE-2020-10775,0.00160,0.52628
CVE-2020-10776,0.00054,0.20290
CVE-2020-10777,0.00054,0.20290
CVE-2020-10778,0.00063,0.25710
CVE-2020-10779,0.00065,0.26756
CVE-2020-1078,0.00043,0.07315
CVE-2020-10780,0.00065,0.26756
CVE-2020-10781,0.00042,0.05722
CVE-2020-10782,0.00044,0.10161
CVE-2020-10783,0.00092,0.38890
CVE-2020-10786,0.00190,0.56608
CVE-2020-10787,0.00104,0.42231
CVE-2020-10788,0.00147,0.50605
CVE-2020-10789,0.00246,0.62647
CVE-2020-1079,0.00043,0.07315
CVE-2020-10790,0.00065,0.27139
CVE-2020-10791,0.00090,0.37751
CVE-2020-10792,0.00201,0.58123
CVE-2020-10793,0.00493,0.73714
CVE-2020-10794,0.00740,0.78916
CVE-2020-10795,0.00322,0.67686
CVE-2020-10797,0.00085,0.35385
CVE-2020-10799,0.00275,0.64824
CVE-2020-1080,0.00375,0.70011
CVE-2020-10800,0.00186,0.55920
CVE-2020-10802,0.00238,0.61959
CVE-2020-10803,0.00111,0.44152
CVE-2020-10804,0.00151,0.51308
CVE-2020-10806,0.00932,0.81347
CVE-2020-10807,0.00204,0.58429
CVE-2020-10808,0.96936,0.99669
CVE-2020-10809,0.00157,0.52127
CVE-2020-1081,0.00043,0.07315
CVE-2020-10810,0.00116,0.45286
CVE-2020-10811,0.00116,0.45286
CVE-2020-10812,0.00116,0.45286
CVE-2020-10813,0.00128,0.47429
CVE-2020-10814,0.00174,0.54678
CVE-2020-10816,0.00297,0.66271
CVE-2020-10817,0.00097,0.40070
CVE-2020-10818,0.00324,0.67773
CVE-2020-10819,0.07062,0.93347
CVE-2020-1082,0.00076,0.31326
CVE-2020-10820,0.07062,0.93347
CVE-2020-10821,0.07062,0.93347
CVE-2020-10823,0.02130,0.88147
CVE-2020-10824,0.02130,0.88147
CVE-2020-10825,0.02130,0.88147
CVE-2020-10826,0.00441,0.72256
CVE-2020-10827,0.02130,0.88147
CVE-2020-10828,0.02130,0.88147
CVE-2020-10829,0.00044,0.10161
CVE-2020-1083,0.00043,0.07315
CVE-2020-10830,0.00046,0.13831
CVE-2020-10831,0.00066,0.27588
CVE-2020-10832,0.00044,0.10161
CVE-2020-10833,0.00080,0.33409
CVE-2020-10834,0.00066,0.27588
CVE-2020-10835,0.00194,0.57351
CVE-2020-10836,0.00106,0.42770
CVE-2020-10837,0.00232,0.61378
CVE-2020-10838,0.00044,0.10161
CVE-2020-10839,0.00047,0.14019
CVE-2020-1084,0.00043,0.07315
CVE-2020-10840,0.00044,0.10161
CVE-2020-10841,0.00044,0.10161
CVE-2020-10842,0.00044,0.10161
CVE-2020-10843,0.00044,0.10161
CVE-2020-10844,0.00073,0.30255
CVE-2020-10845,0.00048,0.14692
CVE-2020-10846,0.00044,0.10161
CVE-2020-10847,0.00047,0.14057
CVE-2020-10848,0.00106,0.42770
CVE-2020-10849,0.00106,0.42770
CVE-2020-1085,0.00043,0.07315
CVE-2020-10850,0.00173,0.54509
CVE-2020-10851,0.00044,0.10161
CVE-2020-10852,0.00044,0.10161
CVE-2020-10853,0.00066,0.27588
CVE-2020-10854,0.00080,0.33409
CVE-2020-10855,0.00046,0.13831
CVE-2020-10857,0.00650,0.77251
CVE-2020-10858,0.00070,0.28998
CVE-2020-10859,0.03573,0.90738
CVE-2020-1086,0.00043,0.07315
CVE-2020-10860,0.00311,0.67052
CVE-2020-10861,0.00154,0.51662
CVE-2020-10862,0.00042,0.05722
CVE-2020-10863,0.00230,0.61229
CVE-2020-10864,0.00175,0.54753
CVE-2020-10865,0.00154,0.51662
CVE-2020-10866,0.00217,0.59693
CVE-2020-10867,0.00415,0.71462
CVE-2020-10868,0.00154,0.51662
CVE-2020-1087,0.00043,0.07315
CVE-2020-10870,0.00044,0.10161
CVE-2020-10871,0.00582,0.75815
CVE-2020-10874,0.01300,0.84473
CVE-2020-10875,0.02428,0.88914
CVE-2020-10876,0.00091,0.38064
CVE-2020-10878,0.00274,0.64763
CVE-2020-10879,0.96012,0.99365
CVE-2020-1088,0.00043,0.07315
CVE-2020-10881,0.01406,0.85104
CVE-2020-10882,0.00195,0.57499
CVE-2020-10883,0.00047,0.14014
CVE-2020-10884,0.00099,0.40592
CVE-2020-10885,0.01867,0.87152
CVE-2020-10886,0.01259,0.84200
CVE-2020-10887,0.00533,0.74741
CVE-2020-10888,0.02655,0.89370
CVE-2020-10889,0.00150,0.51066
CVE-2020-10890,0.00210,0.58952
CVE-2020-10891,0.00150,0.51066
CVE-2020-10892,0.00210,0.58952
CVE-2020-10893,0.00304,0.66613
CVE-2020-10894,0.00119,0.45839
CVE-2020-10895,0.00214,0.59466
CVE-2020-10896,0.00304,0.66613
CVE-2020-10897,0.00304,0.66613
CVE-2020-10898,0.00214,0.59466
CVE-2020-10899,0.00549,0.75133
CVE-2020-1090,0.00043,0.07315
CVE-2020-10900,0.00549,0.75133
CVE-2020-10901,0.00119,0.45839
CVE-2020-10902,0.00214,0.59466
CVE-2020-10903,0.00119,0.45839
CVE-2020-10904,0.00304,0.66613
CVE-2020-10905,0.00119,0.45839
CVE-2020-10906,0.00549,0.75133
CVE-2020-10907,0.00549,0.75133
CVE-2020-10908,0.00150,0.51066
CVE-2020-10909,0.00150,0.51066
CVE-2020-1091,0.01400,0.85072
CVE-2020-10910,0.00150,0.51066
CVE-2020-10911,0.00150,0.51066
CVE-2020-10912,0.00150,0.51066
CVE-2020-10913,0.00150,0.51066
CVE-2020-10914,0.69326,0.97726
CVE-2020-10915,0.69326,0.97726
CVE-2020-10916,0.00048,0.14757
CVE-2020-10917,0.00937,0.81397
CVE-2020-10918,0.00823,0.80103
CVE-2020-10919,0.01377,0.84955
CVE-2020-1092,0.01113,0.83048
CVE-2020-10920,0.01451,0.85341
CVE-2020-10921,0.02224,0.88413
CVE-2020-10922,0.01626,0.86206
CVE-2020-10923,0.00065,0.27142
CVE-2020-10924,0.00211,0.59083
CVE-2020-10925,0.00068,0.28068
CVE-2020-10926,0.00068,0.28068
CVE-2020-10927,0.00068,0.28068
CVE-2020-10928,0.00065,0.26859
CVE-2020-10929,0.00069,0.28620
CVE-2020-1093,0.01043,0.82434
CVE-2020-10930,0.00053,0.18316
CVE-2020-10931,0.05518,0.92506
CVE-2020-10932,0.00057,0.21397
CVE-2020-10933,0.00650,0.77252
CVE-2020-10934,0.00099,0.40660
CVE-2020-10935,0.00058,0.22585
CVE-2020-10936,0.00085,0.35313
CVE-2020-10937,0.00116,0.45451
CVE-2020-10938,0.00216,0.59630
CVE-2020-10939,0.00042,0.05722
CVE-2020-1094,0.00043,0.07315
CVE-2020-10940,0.00042,0.05722
CVE-2020-10941,0.00177,0.54950
CVE-2020-10942,0.00062,0.24777
CVE-2020-10944,0.00054,0.20290
CVE-2020-10945,0.00058,0.22795
CVE-2020-10946,0.00129,0.47670
CVE-2020-10947,0.00104,0.42231
CVE-2020-10948,0.00325,0.67795
CVE-2020-10951,0.00136,0.48946
CVE-2020-10952,0.00085,0.35201
CVE-2020-10953,0.00168,0.53814
CVE-2020-10954,0.00116,0.45451
CVE-2020-10955,0.00111,0.44216
CVE-2020-10956,0.00244,0.62506
CVE-2020-10957,0.00672,0.77752
CVE-2020-10958,0.00573,0.75618
CVE-2020-10959,0.00180,0.55323
CVE-2020-1096,0.03301,0.90400
CVE-2020-10960,0.00119,0.46037
CVE-2020-10962,0.00043,0.06775
CVE-2020-10963,0.01900,0.87316
CVE-2020-10964,0.02215,0.88387
CVE-2020-10965,0.00344,0.68709
CVE-2020-10966,0.00151,0.51284
CVE-2020-10967,0.02458,0.88984
CVE-2020-10968,0.00578,0.75742
CVE-2020-10969,0.00578,0.75742
CVE-2020-1097,0.01400,0.85072
CVE-2020-10971,0.00518,0.74363
CVE-2020-10972,0.00179,0.55151
CVE-2020-10973,0.02757,0.89573
CVE-2020-10974,0.00179,0.55151
CVE-2020-10975,0.00054,0.20290
CVE-2020-10976,0.00178,0.55045
CVE-2020-10977,0.00077,0.31688
CVE-2020-10978,0.00090,0.37972
CVE-2020-10979,0.00054,0.20290
CVE-2020-1098,0.00043,0.07315
CVE-2020-10980,0.00244,0.62506
CVE-2020-10981,0.00050,0.16378
CVE-2020-10982,0.00069,0.28474
CVE-2020-10983,0.00069,0.28474
CVE-2020-10984,0.00150,0.51222
CVE-2020-10985,0.00053,0.18833
CVE-2020-10986,0.00122,0.46440
CVE-2020-10987,0.95966,0.99353
CVE-2020-10988,0.01008,0.82109
CVE-2020-10989,0.00106,0.42732
CVE-2020-1099,0.00068,0.27963
CVE-2020-10990,0.00244,0.62506
CVE-2020-10991,0.00521,0.74438
CVE-2020-10992,0.00521,0.74438
CVE-2020-10993,0.00521,0.74438
CVE-2020-10994,0.00085,0.35320
CVE-2020-10995,0.00876,0.80718
CVE-2020-10996,0.00238,0.61995
CVE-2020-10997,0.00065,0.26756
CVE-2020-1100,0.00068,0.27963
CVE-2020-11000,0.00139,0.49494
CVE-2020-11001,0.00091,0.38446
CVE-2020-11002,0.04159,0.91374
CVE-2020-11003,0.00068,0.28216
CVE-2020-11004,0.00118,0.45756
CVE-2020-11005,0.00044,0.10161
CVE-2020-11006,0.00050,0.16378
CVE-2020-11007,0.00050,0.16378
CVE-2020-11008,0.00619,0.76651
CVE-2020-11009,0.00065,0.27070
CVE-2020-1101,0.00068,0.27963
CVE-2020-11010,0.00104,0.42274
CVE-2020-11011,0.00114,0.44800
CVE-2020-11012,0.00100,0.40973
CVE-2020-11013,0.00053,0.18833
CVE-2020-11014,0.00107,0.43218
CVE-2020-11015,0.00135,0.48687
CVE-2020-11016,0.00361,0.69478
CVE-2020-11017,0.00066,0.27276
CVE-2020-11018,0.00066,0.27276
CVE-2020-11019,0.00066,0.27276
CVE-2020-1102,0.01147,0.83325
CVE-2020-11020,0.00388,0.70522
CVE-2020-11021,0.00135,0.48665
CVE-2020-11022,0.03173,0.90196
CVE-2020-11023,0.00956,0.81611
CVE-2020-11024,0.00099,0.40757
CVE-2020-11025,0.00151,0.51336
CVE-2020-11026,0.00315,0.67303
CVE-2020-11027,0.00741,0.78931
CVE-2020-11028,0.00227,0.61012
CVE-2020-11029,0.00903,0.81039
CVE-2020-1103,0.00144,0.50184
CVE-2020-11030,0.00077,0.31739
CVE-2020-11031,0.00101,0.41146
CVE-2020-11032,0.00087,0.36089
CVE-2020-11033,0.00203,0.58335
CVE-2020-11034,0.00381,0.70275
CVE-2020-11035,0.00160,0.52651
CVE-2020-11036,0.00067,0.27713
CVE-2020-11037,0.00044,0.10161
CVE-2020-11038,0.00308,0.66927
CVE-2020-11039,0.00176,0.54827
CVE-2020-1104,0.00053,0.18650
CVE-2020-11040,0.00107,0.43231
CVE-2020-11041,0.00149,0.50906
CVE-2020-11042,0.00847,0.80391
CVE-2020-11043,0.00103,0.41747
CVE-2020-11044,0.00285,0.65505
CVE-2020-11045,0.00276,0.64927
CVE-2020-11046,0.00154,0.51686
CVE-2020-11047,0.00799,0.79820
CVE-2020-11048,0.00305,0.66669
CVE-2020-11049,0.00305,0.66669
CVE-2020-1105,0.00053,0.18650
CVE-2020-11050,0.00150,0.51166
CVE-2020-11051,0.00050,0.16378
CVE-2020-11052,0.00234,0.61521
CVE-2020-11053,0.00073,0.30345
CVE-2020-11054,0.00092,0.38732
CVE-2020-11055,0.00079,0.33107
CVE-2020-11056,0.00072,0.29455
CVE-2020-11057,0.00645,0.77142
CVE-2020-11058,0.00199,0.57805
CVE-2020-11059,0.00168,0.53801
CVE-2020-1106,0.00168,0.53625
CVE-2020-11060,0.00216,0.59652
CVE-2020-11061,0.00212,0.59241
CVE-2020-11062,0.00050,0.16378
CVE-2020-11063,0.00084,0.34791
CVE-2020-11064,0.00053,0.18675
CVE-2020-11065,0.00053,0.18675
CVE-2020-11066,0.00108,0.43492
CVE-2020-11067,0.00424,0.71744
CVE-2020-11068,0.00148,0.50791
CVE-2020-11069,0.00070,0.28874
CVE-2020-1107,0.00053,0.18650
CVE-2020-11070,0.00053,0.18675
CVE-2020-11071,0.00090,0.37972
CVE-2020-11072,0.00071,0.29313
CVE-2020-11073,0.00115,0.45001
CVE-2020-11074,0.00050,0.16378
CVE-2020-11075,0.00244,0.62406
CVE-2020-11076,0.00426,0.71784
CVE-2020-11077,0.00387,0.70509
CVE-2020-11078,0.00358,0.69331
CVE-2020-11079,0.00959,0.81639
CVE-2020-1108,0.00144,0.50189
CVE-2020-11080,0.01057,0.82558
CVE-2020-11081,0.00042,0.05722
CVE-2020-11082,0.00767,0.79320
CVE-2020-11083,0.00301,0.66485
CVE-2020-11084,0.00054,0.19417
CVE-2020-11085,0.00155,0.51849
CVE-2020-11086,0.00280,0.65182
CVE-2020-11087,0.00280,0.65182
CVE-2020-11088,0.00467,0.72956
CVE-2020-11089,0.00265,0.64257
CVE-2020-1109,0.00043,0.07315
CVE-2020-11090,0.00147,0.50696
CVE-2020-11091,0.00050,0.16378
CVE-2020-11093,0.00178,0.55087
CVE-2020-11094,0.00342,0.68638
CVE-2020-11095,0.00155,0.51869
CVE-2020-11096,0.00322,0.67670
CVE-2020-11097,0.00155,0.51869
CVE-2020-11098,0.00322,0.67670
CVE-2020-11099,0.00322,0.67670
CVE-2020-1110,0.00043,0.07315
CVE-2020-11100,0.02800,0.89638
CVE-2020-11101,0.00193,0.57161
CVE-2020-11102,0.00158,0.52294
CVE-2020-11103,0.01150,0.83338
CVE-2020-11104,0.00126,0.47113
CVE-2020-11105,0.00521,0.74438
CVE-2020-11106,0.00087,0.36434
CVE-2020-11107,0.00561,0.75347
CVE-2020-11108,0.96514,0.99512
CVE-2020-1111,0.00043,0.07315
CVE-2020-11110,0.00512,0.74205
CVE-2020-11111,0.00578,0.75742
CVE-2020-11112,0.00578,0.75742
CVE-2020-11113,0.00578,0.75742
CVE-2020-11114,0.00069,0.28726
CVE-2020-11115,0.00158,0.52243
CVE-2020-11116,0.00295,0.66158
CVE-2020-11117,0.00963,0.81680
CVE-2020-11118,0.00143,0.50048
CVE-2020-11119,0.00091,0.38169
CVE-2020-1112,0.00239,0.62060
CVE-2020-11120,0.00044,0.10161
CVE-2020-11121,0.00044,0.10161
CVE-2020-11122,0.00055,0.20370
CVE-2020-11123,0.00044,0.10161
CVE-2020-11124,0.00044,0.10161
CVE-2020-11125,0.00044,0.10161
CVE-2020-11126,0.00171,0.54142
CVE-2020-11127,0.00044,0.10161
CVE-2020-11128,0.00044,0.10161
CVE-2020-11129,0.00044,0.10161
CVE-2020-1113,0.00157,0.52141
CVE-2020-11130,0.00044,0.10161
CVE-2020-11131,0.00044,0.10161
CVE-2020-11132,0.00044,0.10161
CVE-2020-11133,0.00044,0.10161
CVE-2020-11134,0.00171,0.54142
CVE-2020-11135,0.00103,0.41969
CVE-2020-11136,0.00208,0.58754
CVE-2020-11137,0.00295,0.66158
CVE-2020-11138,0.00295,0.66158
CVE-2020-11139,0.00098,0.40529
CVE-2020-1114,0.00043,0.07315
CVE-2020-11140,0.00225,0.60856
CVE-2020-11141,0.00062,0.24332
CVE-2020-11143,0.00225,0.60856
CVE-2020-11144,0.00208,0.58754
CVE-2020-11145,0.00129,0.47649
CVE-2020-11146,0.00044,0.10161
CVE-2020-11147,0.00044,0.10161
CVE-2020-11148,0.00044,0.10161
CVE-2020-11149,0.00044,0.10161
CVE-2020-1115,0.00043,0.07315
CVE-2020-11150,0.00044,0.10161
CVE-2020-11151,0.00044,0.10161
CVE-2020-11152,0.00044,0.10161
CVE-2020-11153,0.00680,0.77910
CVE-2020-11154,0.00099,0.40588
CVE-2020-11155,0.00099,0.40588
CVE-2020-11156,0.00062,0.24332
CVE-2020-11157,0.00129,0.47649
CVE-2020-11158,0.00127,0.47272
CVE-2020-11159,0.00171,0.54142
CVE-2020-1116,0.00043,0.07315
CVE-2020-11160,0.00044,0.10161
CVE-2020-11161,0.00044,0.10161
CVE-2020-11162,0.00044,0.10161
CVE-2020-11163,0.00212,0.59232
CVE-2020-11164,0.00044,0.10161
CVE-2020-11165,0.00044,0.10161
CVE-2020-11166,0.00188,0.56423
CVE-2020-11167,0.00110,0.43933
CVE-2020-11168,0.00188,0.56423
CVE-2020-11169,0.00208,0.58754
CVE-2020-1117,0.03799,0.91018
CVE-2020-11170,0.00188,0.56423
CVE-2020-11171,0.00188,0.56423
CVE-2020-11172,0.00332,0.68222
CVE-2020-11173,0.00044,0.10161
CVE-2020-11174,0.00044,0.10161
CVE-2020-11175,0.00044,0.10161
CVE-2020-11176,0.00153,0.51570
CVE-2020-11177,0.00044,0.10161
CVE-2020-11178,0.00044,0.10161
CVE-2020-11179,0.00044,0.10161
CVE-2020-1118,0.00274,0.64762
CVE-2020-11180,0.00044,0.10161
CVE-2020-11181,0.00044,0.10161
CVE-2020-11182,0.00192,0.56988
CVE-2020-11183,0.00044,0.10161
CVE-2020-11184,0.00212,0.59232
CVE-2020-11185,0.00044,0.10161
CVE-2020-11186,0.00047,0.13986
CVE-2020-11187,0.00044,0.10161
CVE-2020-11188,0.00188,0.56423
CVE-2020-11189,0.00188,0.56423
CVE-2020-1119,0.00043,0.07315
CVE-2020-11190,0.00188,0.56423
CVE-2020-11191,0.00188,0.56423
CVE-2020-11192,0.00188,0.56423
CVE-2020-11193,0.00188,0.56423
CVE-2020-11194,0.00044,0.10161
CVE-2020-11195,0.00044,0.10161
CVE-2020-11196,0.00212,0.59232
CVE-2020-11197,0.00295,0.66158
CVE-2020-11198,0.00044,0.10161
CVE-2020-11199,0.00044,0.10161
CVE-2020-1120,0.00043,0.07315
CVE-2020-11200,0.00088,0.36850
CVE-2020-11201,0.00091,0.38126
CVE-2020-11202,0.00091,0.38126
CVE-2020-11203,0.00044,0.10161
CVE-2020-11204,0.00044,0.10161
CVE-2020-11205,0.00044,0.10161
CVE-2020-11206,0.00091,0.38126
CVE-2020-11207,0.00091,0.38126
CVE-2020-11208,0.00091,0.38126
CVE-2020-11209,0.00056,0.21207
CVE-2020-1121,0.00043,0.07315
CVE-2020-11210,0.00044,0.10161
CVE-2020-11212,0.00208,0.58754
CVE-2020-11213,0.00208,0.58754
CVE-2020-11214,0.00091,0.38169
CVE-2020-11215,0.00208,0.58754
CVE-2020-11216,0.00208,0.58754
CVE-2020-11217,0.00044,0.10161
CVE-2020-11218,0.00103,0.41969
CVE-2020-1122,0.00043,0.07315
CVE-2020-11220,0.00044,0.10161
CVE-2020-11221,0.00044,0.10161
CVE-2020-11222,0.00188,0.56423
CVE-2020-11223,0.00044,0.10161
CVE-2020-11225,0.00225,0.60856
CVE-2020-11226,0.00143,0.50048
CVE-2020-11227,0.00188,0.56423
CVE-2020-11228,0.00044,0.10161
CVE-2020-1123,0.00043,0.07315
CVE-2020-11230,0.00044,0.10161
CVE-2020-11231,0.00044,0.10161
CVE-2020-11233,0.00044,0.10161
CVE-2020-11234,0.00044,0.10161
CVE-2020-11235,0.00047,0.13986
CVE-2020-11236,0.00044,0.10161
CVE-2020-11237,0.00044,0.10161
CVE-2020-11238,0.00088,0.36850
CVE-2020-11239,0.00044,0.10161
CVE-2020-1124,0.00043,0.07315
CVE-2020-11240,0.00044,0.10161
CVE-2020-11241,0.00091,0.38169
CVE-2020-11242,0.00044,0.10161
CVE-2020-11243,0.00103,0.41969
CVE-2020-11245,0.00044,0.10161
CVE-2020-11246,0.00044,0.10161
CVE-2020-11247,0.00188,0.56423
CVE-2020-1125,0.00108,0.43382
CVE-2020-11250,0.00044,0.10161
CVE-2020-11251,0.00188,0.56423
CVE-2020-11252,0.00044,0.10161
CVE-2020-11253,0.00044,0.10161
CVE-2020-11254,0.00044,0.10161
CVE-2020-11255,0.00103,0.41969
CVE-2020-11256,0.00044,0.10161
CVE-2020-11257,0.00044,0.10161
CVE-2020-11258,0.00044,0.10161
CVE-2020-11259,0.00044,0.10161
CVE-2020-1126,0.04428,0.91607
CVE-2020-11260,0.00062,0.24332
CVE-2020-11261,0.00167,0.53512
CVE-2020-11262,0.00044,0.10161
CVE-2020-11263,0.00044,0.10161
CVE-2020-11264,0.00171,0.54152
CVE-2020-11265,0.00044,0.10161
CVE-2020-11266,0.00044,0.10161
CVE-2020-11267,0.00044,0.10161
CVE-2020-11268,0.00103,0.41969
CVE-2020-11269,0.00070,0.29068
CVE-2020-11270,0.00103,0.41969
CVE-2020-11271,0.00044,0.10161
CVE-2020-11272,0.00188,0.56423
CVE-2020-11273,0.00102,0.41309
CVE-2020-11274,0.00103,0.41969
CVE-2020-11275,0.00188,0.56423
CVE-2020-11276,0.00188,0.56423
CVE-2020-11277,0.00070,0.29068
CVE-2020-11278,0.00103,0.41969
CVE-2020-11279,0.00188,0.56423
CVE-2020-11280,0.00103,0.41969
CVE-2020-11281,0.00143,0.50048
CVE-2020-11282,0.00044,0.10161
CVE-2020-11283,0.00212,0.59232
CVE-2020-11284,0.00044,0.10161
CVE-2020-11285,0.00188,0.56423
CVE-2020-11286,0.00070,0.29068
CVE-2020-11287,0.00143,0.50048
CVE-2020-11288,0.00044,0.10161
CVE-2020-11289,0.00044,0.10161
CVE-2020-1129,0.46563,0.97140
CVE-2020-11290,0.00044,0.10161
CVE-2020-11291,0.00192,0.56988
CVE-2020-11292,0.00044,0.10161
CVE-2020-11293,0.00044,0.10161
CVE-2020-11294,0.00044,0.10161
CVE-2020-11295,0.00044,0.10161
CVE-2020-11296,0.00103,0.41969
CVE-2020-11297,0.00083,0.34295
CVE-2020-11298,0.00044,0.10161
CVE-2020-11299,0.00212,0.59232
CVE-2020-1130,0.00043,0.07315
CVE-2020-11301,0.00130,0.47803
CVE-2020-11303,0.00127,0.47347
CVE-2020-11304,0.00044,0.10161
CVE-2020-11305,0.00070,0.29068
CVE-2020-11306,0.00044,0.10161
CVE-2020-11307,0.00192,0.56994
CVE-2020-11308,0.00079,0.33022
CVE-2020-11309,0.00044,0.10161
CVE-2020-1131,0.00043,0.07315
CVE-2020-1132,0.00043,0.07315
CVE-2020-1133,0.00043,0.07315
CVE-2020-1134,0.00043,0.07315
CVE-2020-1135,0.00043,0.07494
CVE-2020-1136,0.01467,0.85415
CVE-2020-1137,0.00043,0.07315
CVE-2020-1138,0.00043,0.07315
CVE-2020-1139,0.00108,0.43382
CVE-2020-1140,0.00043,0.07315
CVE-2020-1141,0.00043,0.07315
CVE-2020-11414,0.00096,0.39991
CVE-2020-11415,0.00065,0.26756
CVE-2020-11416,0.00054,0.20290
CVE-2020-1142,0.00043,0.07315
CVE-2020-11420,0.00090,0.37979
CVE-2020-1143,0.00043,0.07315
CVE-2020-11431,0.00280,0.65176
CVE-2020-11436,0.00254,0.63279
CVE-2020-11437,0.00062,0.24442
CVE-2020-11438,0.00307,0.66839
CVE-2020-11439,0.00240,0.62135
CVE-2020-1144,0.00043,0.07315
CVE-2020-11440,0.00178,0.55045
CVE-2020-11441,0.00105,0.42625
CVE-2020-11443,0.00127,0.47288
CVE-2020-11444,0.00087,0.35903
CVE-2020-11445,0.00143,0.50096
CVE-2020-11446,0.00044,0.10161
CVE-2020-11447,0.00064,0.26170
CVE-2020-11448,0.00046,0.13740
CVE-2020-11449,0.00383,0.70336
CVE-2020-1145,0.00043,0.07315
CVE-2020-11450,0.59818,0.97487
CVE-2020-11451,0.10237,0.94445
CVE-2020-11452,0.02430,0.88925
CVE-2020-11453,0.32060,0.96617
CVE-2020-11454,0.00888,0.80869
CVE-2020-11455,0.85197,0.98288
CVE-2020-11456,0.00166,0.53283
CVE-2020-11457,0.00289,0.65741
CVE-2020-11458,0.00069,0.28474
CVE-2020-1146,0.00043,0.07315
CVE-2020-11462,0.00103,0.41969
CVE-2020-11463,0.00258,0.63656
CVE-2020-11464,0.00075,0.31054
CVE-2020-11465,0.00402,0.71015
CVE-2020-11466,0.00075,0.31054
CVE-2020-11467,0.01304,0.84494
CVE-2020-11469,0.00051,0.17393
CVE-2020-1147,0.91655,0.98710
CVE-2020-11470,0.00072,0.29725
CVE-2020-11474,0.00048,0.14788
CVE-2020-11476,0.00310,0.66986
CVE-2020-1148,0.00053,0.18650
CVE-2020-11483,0.00208,0.58788
CVE-2020-11484,0.00065,0.26756
CVE-2020-11485,0.00072,0.29451
CVE-2020-11486,0.00854,0.80478
CVE-2020-11487,0.00168,0.53801
CVE-2020-11488,0.00044,0.10161
CVE-2020-11489,0.00168,0.53801
CVE-2020-1149,0.00108,0.43382
CVE-2020-11490,0.01185,0.83639
CVE-2020-11491,0.00405,0.71112
CVE-2020-11492,0.00042,0.05722
CVE-2020-11493,0.00173,0.54567
CVE-2020-11494,0.00049,0.15039
CVE-2020-11496,0.00042,0.05722
CVE-2020-11497,0.00233,0.61459
CVE-2020-11498,0.00207,0.58710
CVE-2020-11499,0.00101,0.41201
CVE-2020-1150,0.00172,0.54463
CVE-2020-11500,0.00168,0.53568
CVE-2020-11501,0.00465,0.72907
CVE-2020-11503,0.00250,0.62982
CVE-2020-11505,0.00167,0.53403
CVE-2020-11506,0.00167,0.53403
CVE-2020-11507,0.00072,0.29986
CVE-2020-11508,0.00058,0.22585
CVE-2020-11509,0.00131,0.48045
CVE-2020-1151,0.00108,0.43382
CVE-2020-11511,0.04647,0.91804
CVE-2020-11512,0.00058,0.22585
CVE-2020-11514,0.01079,0.82773
CVE-2020-11515,0.00510,0.74159
CVE-2020-11516,0.00058,0.22585
CVE-2020-11518,0.00562,0.75370
CVE-2020-11519,0.00042,0.05722
CVE-2020-1152,0.00043,0.07315
CVE-2020-11520,0.00042,0.05722
CVE-2020-11521,0.00369,0.69801
CVE-2020-11522,0.00488,0.73559
CVE-2020-11523,0.01484,0.85486
CVE-2020-11524,0.00428,0.71844
CVE-2020-11525,0.00336,0.68386
CVE-2020-11526,0.00130,0.47785
CVE-2020-11527,0.00330,0.68107
CVE-2020-11528,0.00153,0.51618
CVE-2020-11529,0.00417,0.71525
CVE-2020-1153,0.01117,0.83072
CVE-2020-11530,0.84645,0.98261
CVE-2020-11531,0.05745,0.92632
CVE-2020-11532,0.37930,0.96857
CVE-2020-11533,0.00042,0.05722
CVE-2020-11534,0.00847,0.80390
CVE-2020-11535,0.00580,0.75781
CVE-2020-11536,0.00847,0.80390
CVE-2020-11537,0.00174,0.54650
CVE-2020-11538,0.01120,0.83101
CVE-2020-11539,0.00088,0.37102
CVE-2020-1154,0.00043,0.07315
CVE-2020-11541,0.00042,0.05780
CVE-2020-11542,0.00340,0.68524
CVE-2020-11543,0.00477,0.73249
CVE-2020-11544,0.00109,0.43614
CVE-2020-11545,0.00210,0.59016
CVE-2020-11546,0.96524,0.99518
CVE-2020-11547,0.00110,0.43949
CVE-2020-11548,0.04254,0.91457
CVE-2020-11549,0.01731,0.86598
CVE-2020-1155,0.00108,0.43382
CVE-2020-11550,0.00179,0.55202
CVE-2020-11551,0.00206,0.58585
CVE-2020-11552,0.08567,0.93908
CVE-2020-11553,0.00112,0.44586
CVE-2020-11554,0.01300,0.84473
CVE-2020-11555,0.01519,0.85699
CVE-2020-11556,0.00058,0.22585
CVE-2020-11557,0.00383,0.70336
CVE-2020-11558,0.00436,0.72119
CVE-2020-1156,0.00108,0.43382
CVE-2020-11560,0.00058,0.21920
CVE-2020-11561,0.01018,0.82200
CVE-2020-11565,0.00048,0.14584
CVE-2020-1157,0.00108,0.43382
CVE-2020-11576,0.00103,0.41695
CVE-2020-11579,0.00848,0.80409
CVE-2020-1158,0.00108,0.43382
CVE-2020-11580,0.00184,0.55730
CVE-2020-11581,0.00347,0.68817
CVE-2020-11582,0.00125,0.47030
CVE-2020-11583,0.00151,0.51276
CVE-2020-11584,0.00151,0.51276
CVE-2020-11585,0.00058,0.22585
CVE-2020-11586,0.00690,0.78075
CVE-2020-11587,0.00305,0.66728
CVE-2020-11588,0.00133,0.48393
CVE-2020-11589,0.00433,0.72002
CVE-2020-1159,0.00043,0.07315
CVE-2020-11590,0.00133,0.48393
CVE-2020-11591,0.00133,0.48393
CVE-2020-11592,0.00305,0.66728
CVE-2020-11593,0.00189,0.56495
CVE-2020-11594,0.00433,0.72002
CVE-2020-11595,0.00305,0.66728
CVE-2020-11596,0.00666,0.77620
CVE-2020-11597,0.00486,0.73534
CVE-2020-11598,0.01228,0.83953
CVE-2020-11599,0.00327,0.67923
CVE-2020-1160,0.00043,0.07315
CVE-2020-11600,0.00154,0.51636
CVE-2020-11601,0.00044,0.10161
CVE-2020-11602,0.00046,0.13831
CVE-2020-11603,0.00180,0.55325
CVE-2020-11604,0.00106,0.42770
CVE-2020-11605,0.00080,0.33409
CVE-2020-11606,0.00046,0.13831
CVE-2020-11607,0.00066,0.27588
CVE-2020-11608,0.00046,0.13778
CVE-2020-11609,0.00046,0.13778
CVE-2020-1161,0.00144,0.50189
CVE-2020-11610,0.00228,0.61089
CVE-2020-11611,0.00076,0.31249
CVE-2020-11612,0.00960,0.81645
CVE-2020-11613,0.00093,0.39104
CVE-2020-11614,0.00181,0.55499
CVE-2020-11615,0.00168,0.53801
CVE-2020-11616,0.00168,0.53801
CVE-2020-11617,0.00070,0.28773
CVE-2020-11618,0.00051,0.17393
CVE-2020-11619,0.03858,0.91072
CVE-2020-1162,0.00043,0.07315
CVE-2020-11620,0.03374,0.90501
CVE-2020-11622,0.00116,0.45451
CVE-2020-11623,0.00096,0.40045
CVE-2020-11624,0.00465,0.72921
CVE-2020-11625,0.00126,0.47113
CVE-2020-11626,0.00078,0.32606
CVE-2020-11627,0.00073,0.30112
CVE-2020-11628,0.00084,0.34791
CVE-2020-11629,0.00104,0.42231
CVE-2020-1163,0.00043,0.07315
CVE-2020-11630,0.00456,0.72698
CVE-2020-11631,0.00087,0.36044
CVE-2020-11632,0.00044,0.10161
CVE-2020-11633,0.00293,0.66067
CVE-2020-11634,0.00065,0.26849
CVE-2020-11635,0.00044,0.10161
CVE-2020-11637,0.00110,0.44110
CVE-2020-1164,0.00108,0.43382
CVE-2020-11641,0.00062,0.24461
CVE-2020-11642,0.00078,0.32152
CVE-2020-11643,0.00092,0.38731
CVE-2020-11644,0.00054,0.20290
CVE-2020-11645,0.00081,0.33872
CVE-2020-11646,0.00054,0.20290
CVE-2020-11647,0.00269,0.64476
CVE-2020-11649,0.00064,0.26201
CVE-2020-1165,0.00043,0.07315
CVE-2020-11650,0.00116,0.45451
CVE-2020-11651,0.97493,0.99972
CVE-2020-11652,0.97353,0.99884
CVE-2020-11653,0.00265,0.64260
CVE-2020-11655,0.01249,0.84113
CVE-2020-11656,0.00785,0.79592
CVE-2020-11658,0.00271,0.64576
CVE-2020-11659,0.00063,0.25033
CVE-2020-1166,0.00043,0.07315
CVE-2020-11660,0.00104,0.41983
CVE-2020-11661,0.00157,0.52085
CVE-2020-11662,0.00813,0.79974
CVE-2020-11663,0.00219,0.59920
CVE-2020-11664,0.00219,0.59920
CVE-2020-11665,0.00219,0.59920
CVE-2020-11666,0.00331,0.68154
CVE-2020-11668,0.00045,0.11966
CVE-2020-11669,0.00045,0.11966
CVE-2020-1167,0.02421,0.88898
CVE-2020-11671,0.00079,0.33197
CVE-2020-11673,0.00662,0.77556
CVE-2020-11674,0.00096,0.40045
CVE-2020-11675,0.00080,0.33200
CVE-2020-11676,0.00080,0.33200
CVE-2020-11677,0.00080,0.33200
CVE-2020-11679,0.00445,0.72373
CVE-2020-11680,0.00063,0.25677
CVE-2020-11681,0.00104,0.41983
CVE-2020-11682,0.00065,0.26875
CVE-2020-11683,0.00100,0.40887
CVE-2020-11684,0.00168,0.53568
CVE-2020-11685,0.00168,0.53801
CVE-2020-11686,0.00054,0.20290
CVE-2020-11687,0.00168,0.53801
CVE-2020-11688,0.00103,0.41969
CVE-2020-11689,0.00054,0.20290
CVE-2020-1169,0.00108,0.43382
CVE-2020-11690,0.00222,0.60556
CVE-2020-11691,0.00084,0.34791
CVE-2020-11692,0.00054,0.20290
CVE-2020-11693,0.00103,0.41969
CVE-2020-11694,0.00328,0.67987
CVE-2020-11696,0.00084,0.35108
CVE-2020-11697,0.00084,0.35108
CVE-2020-11698,0.78412,0.97997
CVE-2020-11699,0.18068,0.95728
CVE-2020-1170,0.00083,0.34332
CVE-2020-11700,0.00194,0.57326
CVE-2020-11701,0.00119,0.45961
CVE-2020-11702,0.00112,0.44327
CVE-2020-11703,0.00119,0.46037
CVE-2020-11704,0.00112,0.44327
CVE-2020-11705,0.00398,0.70903
CVE-2020-11706,0.00119,0.45961
CVE-2020-11707,0.00109,0.43614
CVE-2020-11708,0.00244,0.62506
CVE-2020-11709,0.00111,0.44153
CVE-2020-1171,0.03799,0.91018
CVE-2020-11710,0.03470,0.90623
CVE-2020-11711,0.00051,0.17507
CVE-2020-11712,0.00088,0.36898
CVE-2020-11713,0.00239,0.62011
CVE-2020-11714,0.00058,0.22585
CVE-2020-11715,0.00263,0.64030
CVE-2020-11716,0.00222,0.60556
CVE-2020-11717,0.00334,0.68308
CVE-2020-11718,0.00236,0.61755
CVE-2020-11719,0.00095,0.39494
CVE-2020-1172,0.00397,0.70871
CVE-2020-11720,0.00169,0.53915
CVE-2020-11721,0.00096,0.39969
CVE-2020-11722,0.03563,0.90724
CVE-2020-11723,0.00051,0.17393
CVE-2020-11724,0.00598,0.76156
CVE-2020-11725,0.00086,0.35595
CVE-2020-11727,0.00231,0.61343
CVE-2020-11728,0.00253,0.63235
CVE-2020-11729,0.00384,0.70379
CVE-2020-1173,0.00053,0.18650
CVE-2020-11731,0.00115,0.45113
CVE-2020-11732,0.00161,0.52757
CVE-2020-11733,0.00044,0.10504
CVE-2020-11734,0.00102,0.41292
CVE-2020-11735,0.00071,0.29313
CVE-2020-11736,0.00047,0.14042
CVE-2020-11737,0.00141,0.49832
CVE-2020-11738,0.97377,0.99896
CVE-2020-11739,0.00045,0.11966
CVE-2020-1174,0.00885,0.80814
CVE-2020-11740,0.00049,0.14843
CVE-2020-11741,0.00045,0.11966
CVE-2020-11742,0.00045,0.11966
CVE-2020-11743,0.00076,0.31166
CVE-2020-11749,0.04369,0.91557
CVE-2020-1175,0.00885,0.80814
CVE-2020-11753,0.00104,0.42231
CVE-2020-11758,0.00081,0.33686
CVE-2020-11759,0.00118,0.45757
CVE-2020-1176,0.00885,0.80814
CVE-2020-11760,0.00081,0.33686
CVE-2020-11761,0.00081,0.33686
CVE-2020-11762,0.00081,0.33686
CVE-2020-11763,0.00081,0.33686
CVE-2020-11764,0.00086,0.35618
CVE-2020-11765,0.00081,0.33686
CVE-2020-11766,0.00259,0.63737
CVE-2020-11767,0.00143,0.50042
CVE-2020-11768,0.00054,0.20290
CVE-2020-11769,0.00054,0.20290
CVE-2020-1177,0.00068,0.27963
CVE-2020-11770,0.00177,0.54965
CVE-2020-11771,0.00054,0.20290
CVE-2020-11772,0.00054,0.20290
CVE-2020-11773,0.00054,0.20290
CVE-2020-11774,0.00054,0.20290
CVE-2020-11775,0.00054,0.20290
CVE-2020-11776,0.00054,0.20290
CVE-2020-11777,0.00054,0.20290
CVE-2020-11778,0.00054,0.20290
CVE-2020-11779,0.00054,0.20290
CVE-2020-1178,0.00121,0.46245
CVE-2020-11780,0.00054,0.20290
CVE-2020-11781,0.00054,0.20290
CVE-2020-11782,0.00054,0.20290
CVE-2020-11783,0.00054,0.20290
CVE-2020-11784,0.00054,0.20290
CVE-2020-11785,0.00054,0.20290
CVE-2020-11786,0.00054,0.20290
CVE-2020-11787,0.00054,0.20290
CVE-2020-11788,0.00069,0.28525
CVE-2020-11789,0.00530,0.74651
CVE-2020-1179,0.31411,0.96595
CVE-2020-11790,0.00660,0.77493
CVE-2020-11791,0.00078,0.32606
CVE-2020-11792,0.00114,0.44834
CVE-2020-11793,0.01336,0.84682
CVE-2020-11795,0.00084,0.34791
CVE-2020-11796,0.00309,0.66976
CVE-2020-11797,0.00202,0.58141
CVE-2020-11798,0.82302,0.98154
CVE-2020-11799,0.00521,0.74438
CVE-2020-1180,0.00397,0.70871
CVE-2020-11800,0.02255,0.88502
CVE-2020-11803,0.02072,0.87927
CVE-2020-11804,0.03356,0.90473
CVE-2020-11805,0.00263,0.64030
CVE-2020-11806,0.00114,0.44834
CVE-2020-11807,0.00048,0.14788
CVE-2020-1181,0.25835,0.96300
CVE-2020-11810,0.00461,0.72822
CVE-2020-11811,0.00458,0.72729
CVE-2020-11812,0.00174,0.54650
CVE-2020-11813,0.00054,0.20290
CVE-2020-11814,0.00105,0.42625
CVE-2020-11815,0.00458,0.72729
CVE-2020-11816,0.00212,0.59184
CVE-2020-11817,0.00458,0.72729
CVE-2020-11818,0.00112,0.44586
CVE-2020-11819,0.03839,0.91057
CVE-2020-1182,0.01632,0.86226
CVE-2020-11820,0.00212,0.59184
CVE-2020-11821,0.00131,0.47923
CVE-2020-11822,0.00087,0.36434
CVE-2020-11823,0.00058,0.22585
CVE-2020-11825,0.00112,0.44586
CVE-2020-11826,0.00107,0.43043
CVE-2020-11827,0.00044,0.10161
CVE-2020-11828,0.00165,0.53166
CVE-2020-11829,0.00222,0.60556
CVE-2020-1183,0.00068,0.27963
CVE-2020-11830,0.00222,0.60556
CVE-2020-11831,0.00222,0.60556
CVE-2020-11832,0.00060,0.23520
CVE-2020-11833,0.00060,0.23520
CVE-2020-11834,0.00060,0.23520
CVE-2020-11835,0.00060,0.23520
CVE-2020-11836,0.00044,0.10161
CVE-2020-11838,0.00054,0.20290
CVE-2020-11839,0.00078,0.32606
CVE-2020-1184,0.00043,0.07315
CVE-2020-11840,0.00054,0.20290
CVE-2020-11841,0.00054,0.20290
CVE-2020-11842,0.00168,0.53801
CVE-2020-11844,0.00846,0.80383
CVE-2020-11845,0.00115,0.45113
CVE-2020-11848,0.00103,0.41969
CVE-2020-11849,0.00229,0.61162
CVE-2020-1185,0.00043,0.07315
CVE-2020-11851,0.13286,0.95084
CVE-2020-11852,0.54652,0.97363
CVE-2020-11853,0.82121,0.98138
CVE-2020-11854,0.25480,0.96282
CVE-2020-11855,0.00045,0.12491
CVE-2020-11856,0.03501,0.90654
CVE-2020-11857,0.03330,0.90437
CVE-2020-11858,0.00352,0.69056
CVE-2020-1186,0.00043,0.07315
CVE-2020-11860,0.00078,0.32606
CVE-2020-11861,0.00044,0.10161
CVE-2020-11863,0.00070,0.28987
CVE-2020-11864,0.00070,0.28987
CVE-2020-11865,0.00094,0.39323
CVE-2020-11866,0.00094,0.39323
CVE-2020-11867,0.00045,0.12069
CVE-2020-11868,0.02127,0.88105
CVE-2020-11869,0.00047,0.13943
CVE-2020-1187,0.00043,0.07315
CVE-2020-11872,0.00084,0.34791
CVE-2020-11873,0.00119,0.45929
CVE-2020-11874,0.00066,0.27588
CVE-2020-11875,0.00044,0.10161
CVE-2020-11876,0.00327,0.67923
CVE-2020-11877,0.00192,0.57150
CVE-2020-11878,0.00196,0.57573
CVE-2020-11879,0.00126,0.47133
CVE-2020-1188,0.00043,0.07315
CVE-2020-11880,0.00090,0.37972
CVE-2020-11881,0.00385,0.70411
CVE-2020-11882,0.00159,0.52502
CVE-2020-11883,0.00091,0.38064
CVE-2020-11884,0.00045,0.11966
CVE-2020-11885,0.00104,0.42231
CVE-2020-11886,0.00065,0.26756
CVE-2020-11887,0.00087,0.36434
CVE-2020-11888,0.00315,0.67287
CVE-2020-11889,0.00077,0.31988
CVE-2020-1189,0.00043,0.07315
CVE-2020-11890,0.00077,0.31988
CVE-2020-11891,0.00077,0.31988
CVE-2020-11894,0.00521,0.74438
CVE-2020-11895,0.00521,0.74438
CVE-2020-11896,0.04756,0.91905
CVE-2020-11897,0.01066,0.82657
CVE-2020-11898,0.01677,0.86392
CVE-2020-11899,0.00314,0.67228
CVE-2020-1190,0.00043,0.07315
CVE-2020-11900,0.00620,0.76653
CVE-2020-11901,0.02826,0.89686
CVE-2020-11902,0.00305,0.66691
CVE-2020-11903,0.00197,0.57677
CVE-2020-11904,0.00368,0.69759
CVE-2020-11905,0.00178,0.55047
CVE-2020-11906,0.00163,0.53020
CVE-2020-11907,0.00163,0.53020
CVE-2020-11908,0.00172,0.54283
CVE-2020-11909,0.00403,0.71055
CVE-2020-1191,0.00043,0.07315
CVE-2020-11910,0.00334,0.68323
CVE-2020-11911,0.00195,0.57474
CVE-2020-11912,0.00310,0.66989
CVE-2020-11913,0.00334,0.68323
CVE-2020-11914,0.00192,0.56851
CVE-2020-11915,0.00090,0.38011
CVE-2020-1192,0.01117,0.83072
CVE-2020-11920,0.02076,0.87938
CVE-2020-11922,0.00065,0.26916
CVE-2020-11923,0.00048,0.14460
CVE-2020-11924,0.00048,0.14460
CVE-2020-11925,0.00090,0.38011
CVE-2020-11928,0.00885,0.80808
CVE-2020-1193,0.03293,0.90388
CVE-2020-11930,0.00396,0.70856
CVE-2020-11931,0.00044,0.10161
CVE-2020-11932,0.00044,0.10161
CVE-2020-11933,0.00067,0.27701
CVE-2020-11934,0.00044,0.10161
CVE-2020-11935,0.00042,0.05722
CVE-2020-11937,0.00042,0.05722
CVE-2020-11938,0.00065,0.26756
CVE-2020-11939,0.01077,0.82760
CVE-2020-1194,0.00043,0.07315
CVE-2020-11940,0.00117,0.45503
CVE-2020-11941,0.04002,0.91206
CVE-2020-11942,0.00210,0.59017
CVE-2020-11943,0.00122,0.46404
CVE-2020-11944,0.00078,0.32234
CVE-2020-11945,0.12659,0.94980
CVE-2020-11946,0.37497,0.96837
CVE-2020-11947,0.00047,0.13943
CVE-2020-11949,0.00065,0.26756
CVE-2020-1195,0.00132,0.48231
CVE-2020-11950,0.00116,0.45322
CVE-2020-11951,0.00521,0.74438
CVE-2020-11952,0.00096,0.40045
CVE-2020-11953,0.00243,0.62382
CVE-2020-11955,0.00109,0.43614
CVE-2020-11956,0.00521,0.74438
CVE-2020-11957,0.00054,0.19143
CVE-2020-11958,0.00154,0.51637
CVE-2020-11959,0.00168,0.53801
CVE-2020-1196,0.00043,0.07315
CVE-2020-11960,0.00222,0.60556
CVE-2020-11961,0.00168,0.53801
CVE-2020-11963,0.05710,0.92621
CVE-2020-11964,0.00360,0.69406
CVE-2020-11965,0.00332,0.68216
CVE-2020-11966,0.00923,0.81262
CVE-2020-11967,0.00787,0.79606
CVE-2020-11968,0.00379,0.70200
CVE-2020-11969,0.01916,0.87376
CVE-2020-1197,0.00043,0.07315
CVE-2020-11971,0.00107,0.43015
CVE-2020-11972,0.00802,0.79850
CVE-2020-11973,0.00972,0.81765
CVE-2020-11974,0.03294,0.90391
CVE-2020-11975,0.00441,0.72276
CVE-2020-11976,0.00596,0.76126
CVE-2020-11977,0.00057,0.21524
CVE-2020-11978,0.97156,0.99766
CVE-2020-11979,0.00183,0.55685
CVE-2020-1198,0.00148,0.50736
CVE-2020-11980,0.00071,0.29285
CVE-2020-11981,0.93860,0.98972
CVE-2020-11982,0.00669,0.77680
CVE-2020-11983,0.00055,0.20388
CVE-2020-11984,0.01526,0.85729
CVE-2020-11985,0.00263,0.64049
CVE-2020-11986,0.00255,0.63495
CVE-2020-11987,0.00882,0.80783
CVE-2020-11988,0.00210,0.59022
CVE-2020-11989,0.00734,0.78835
CVE-2020-1199,0.00043,0.07315
CVE-2020-11990,0.00042,0.05722
CVE-2020-11991,0.81855,0.98129
CVE-2020-11993,0.00482,0.73419
CVE-2020-11994,0.00445,0.72371
CVE-2020-11995,0.00947,0.81512
CVE-2020-11996,0.00201,0.58098
CVE-2020-11997,0.00066,0.27263
CVE-2020-11998,0.00579,0.75763
CVE-2020-11999,0.00115,0.45238
CVE-2020-1200,0.00670,0.77705
CVE-2020-12000,0.04811,0.91973
CVE-2020-12001,0.00516,0.74300
CVE-2020-12002,0.05982,0.92766
CVE-2020-12003,0.01634,0.86238
CVE-2020-12004,0.88201,0.98449
CVE-2020-12005,0.00641,0.77081
CVE-2020-12006,0.01047,0.82463
CVE-2020-12007,0.01299,0.84470
CVE-2020-12008,0.00162,0.52844
CVE-2020-12009,0.00133,0.48314
CVE-2020-1201,0.00043,0.07315
CVE-2020-12010,0.00126,0.47149
CVE-2020-12011,0.01440,0.85277
CVE-2020-12012,0.00067,0.27833
CVE-2020-12013,0.00425,0.71766
CVE-2020-12014,0.00293,0.66030
CVE-2020-12015,0.00133,0.48314
CVE-2020-12016,0.00213,0.59361
CVE-2020-12017,0.00240,0.62151
CVE-2020-12018,0.00243,0.62362
CVE-2020-12019,0.01877,0.87201
CVE-2020-1202,0.00043,0.07315
CVE-2020-12020,0.00044,0.08189
CVE-2020-12021,0.00104,0.42246
CVE-2020-12022,0.00444,0.72331
CVE-2020-12023,0.00044,0.08189
CVE-2020-12024,0.00067,0.27833
CVE-2020-12025,0.00098,0.40340
CVE-2020-12026,0.00559,0.75316
CVE-2020-12027,0.05491,0.92489
CVE-2020-12028,0.04140,0.91357
CVE-2020-12029,0.04499,0.91673
CVE-2020-1203,0.00043,0.07315
CVE-2020-12030,0.00258,0.63648
CVE-2020-12031,0.00045,0.12333
CVE-2020-12032,0.00162,0.52844
CVE-2020-12033,0.00104,0.42245
CVE-2020-12034,0.00048,0.14692
CVE-2020-12035,0.00044,0.10161
CVE-2020-12036,0.00090,0.37696
CVE-2020-12037,0.00090,0.37696
CVE-2020-12038,0.00050,0.16808
CVE-2020-12039,0.00056,0.21068
CVE-2020-1204,0.00043,0.07315
CVE-2020-12040,0.00159,0.52424
CVE-2020-12041,0.00213,0.59361
CVE-2020-12042,0.00054,0.20290
CVE-2020-12043,0.00213,0.59361
CVE-2020-12045,0.00213,0.59361
CVE-2020-12046,0.00054,0.20290
CVE-2020-12047,0.00213,0.59361
CVE-2020-12048,0.00103,0.41585
CVE-2020-12049,0.00042,0.05722
CVE-2020-1205,0.00053,0.18650
CVE-2020-12050,0.00045,0.11966
CVE-2020-12051,0.00503,0.73980
CVE-2020-12052,0.00084,0.35108
CVE-2020-12053,0.00150,0.51166
CVE-2020-12054,0.00129,0.47601
CVE-2020-12058,0.00078,0.32234
CVE-2020-12059,0.00245,0.62595
CVE-2020-1206,0.86055,0.98331
CVE-2020-12061,0.00463,0.72863
CVE-2020-12062,0.00105,0.42472
CVE-2020-12063,0.00091,0.38064
CVE-2020-12066,0.01286,0.84394
CVE-2020-12067,0.00064,0.26338
CVE-2020-12068,0.00090,0.37972
CVE-2020-12069,0.00194,0.57329
CVE-2020-1207,0.00209,0.58837
CVE-2020-12070,0.00160,0.52651
CVE-2020-12071,0.00058,0.22585
CVE-2020-12073,0.00107,0.43010
CVE-2020-12074,0.00109,0.43614
CVE-2020-12075,0.00109,0.43614
CVE-2020-12076,0.00073,0.30112
CVE-2020-12077,0.00271,0.64599
CVE-2020-12078,0.42743,0.97012
CVE-2020-12079,0.00489,0.73602
CVE-2020-1208,0.01117,0.83072
CVE-2020-12080,0.00208,0.58829
CVE-2020-12081,0.00168,0.53801
CVE-2020-12082,0.00054,0.20290
CVE-2020-12083,0.00104,0.42231
CVE-2020-1209,0.00108,0.43382
CVE-2020-1210,0.01307,0.84517
CVE-2020-12100,0.03749,0.90957
CVE-2020-12101,0.00199,0.57816
CVE-2020-12102,0.00088,0.36938
CVE-2020-12103,0.00147,0.50637
CVE-2020-12104,0.00087,0.35915
CVE-2020-12105,0.00093,0.39040
CVE-2020-12106,0.00279,0.65095
CVE-2020-12107,0.00371,0.69893
CVE-2020-12108,0.00351,0.69044
CVE-2020-12109,0.97318,0.99863
CVE-2020-1211,0.00108,0.43382
CVE-2020-12110,0.00220,0.60172
CVE-2020-12111,0.09453,0.94207
CVE-2020-12112,0.00189,0.56449
CVE-2020-12113,0.00078,0.32234
CVE-2020-12114,0.00044,0.08000
CVE-2020-12116,0.97317,0.99862
CVE-2020-12117,0.00090,0.37972
CVE-2020-12118,0.00150,0.51061
CVE-2020-12119,0.00093,0.39105
CVE-2020-1212,0.00150,0.51047
CVE-2020-12120,0.00988,0.81936
CVE-2020-12122,0.00042,0.05722
CVE-2020-12123,0.00053,0.19032
CVE-2020-12124,0.96010,0.99365
CVE-2020-12125,0.00621,0.76670
CVE-2020-12126,0.00240,0.62092
CVE-2020-12127,0.05177,0.92247
CVE-2020-12128,0.00503,0.74004
CVE-2020-12129,0.00087,0.36434
CVE-2020-1213,0.00981,0.81855
CVE-2020-12130,0.00087,0.36434
CVE-2020-12131,0.00087,0.36434
CVE-2020-12132,0.00084,0.35108
CVE-2020-12133,0.21074,0.96001
CVE-2020-12134,0.00499,0.73846
CVE-2020-12135,0.00134,0.48482
CVE-2020-12137,0.02044,0.87832
CVE-2020-12138,0.00097,0.40070
CVE-2020-1214,0.01164,0.83459
CVE-2020-12140,0.00074,0.30473
CVE-2020-12141,0.00179,0.55161
CVE-2020-12142,0.00065,0.26756
CVE-2020-12143,0.00054,0.20290
CVE-2020-12144,0.00054,0.20290
CVE-2020-12145,0.00364,0.69567
CVE-2020-12146,0.00128,0.47453
CVE-2020-12147,0.00129,0.47675
CVE-2020-12148,0.00125,0.46921
CVE-2020-12149,0.00168,0.53628
CVE-2020-1215,0.01164,0.83459
CVE-2020-1216,0.01164,0.83459
CVE-2020-1217,0.01139,0.83259
CVE-2020-1218,0.01549,0.85840
CVE-2020-1219,0.01662,0.86334
CVE-2020-1220,0.00198,0.57704
CVE-2020-1222,0.00043,0.07315
CVE-2020-1223,0.03799,0.91018
CVE-2020-1224,0.01362,0.84863
CVE-2020-12242,0.00059,0.23005
CVE-2020-12243,0.08434,0.93842
CVE-2020-12244,0.00449,0.72487
CVE-2020-12245,0.00304,0.66642
CVE-2020-12246,0.63462,0.97583
CVE-2020-12247,0.00062,0.24828
CVE-2020-12248,0.00273,0.64729
CVE-2020-1225,0.03201,0.90244
CVE-2020-12251,0.00103,0.41751
CVE-2020-12252,0.00219,0.59893
CVE-2020-12254,0.00044,0.10161
CVE-2020-12255,0.90500,0.98603
CVE-2020-12256,0.17512,0.95676
CVE-2020-12257,0.00310,0.66990
CVE-2020-12258,0.00461,0.72824
CVE-2020-12259,0.16256,0.95515
CVE-2020-1226,0.03201,0.90244
CVE-2020-12261,0.00328,0.67961
CVE-2020-12262,0.00060,0.23743
CVE-2020-12265,0.00619,0.76642
CVE-2020-12266,0.00139,0.49495
CVE-2020-12267,0.00492,0.73677
CVE-2020-12268,0.00286,0.65539
CVE-2020-1227,0.00096,0.40032
CVE-2020-12270,0.00480,0.73360
CVE-2020-12271,0.01655,0.86307
CVE-2020-12272,0.00234,0.61525
CVE-2020-12273,0.00306,0.66785
CVE-2020-12274,0.00244,0.62506
CVE-2020-12275,0.00084,0.34791
CVE-2020-12276,0.00054,0.20290
CVE-2020-12277,0.00084,0.34791
CVE-2020-12278,0.04196,0.91405
CVE-2020-12279,0.02519,0.89103
CVE-2020-1228,0.00193,0.57187
CVE-2020-12280,0.00133,0.48395
CVE-2020-12281,0.00133,0.48395
CVE-2020-12282,0.00119,0.45961
CVE-2020-12283,0.00124,0.46761
CVE-2020-12284,0.03273,0.90355
CVE-2020-12286,0.00062,0.24784
CVE-2020-12287,0.00044,0.10161
CVE-2020-12288,0.00044,0.10161
CVE-2020-12289,0.00044,0.10161
CVE-2020-1229,0.00319,0.67511
CVE-2020-12290,0.00044,0.10161
CVE-2020-12291,0.00044,0.10161
CVE-2020-12292,0.00044,0.10161
CVE-2020-12293,0.00044,0.10161
CVE-2020-12294,0.00044,0.10161
CVE-2020-12295,0.00044,0.10161
CVE-2020-12296,0.00044,0.10161
CVE-2020-12297,0.00044,0.10161
CVE-2020-12299,0.00044,0.10161
CVE-2020-1230,0.01164,0.83459
CVE-2020-12300,0.00044,0.10161
CVE-2020-12301,0.00044,0.10161
CVE-2020-12302,0.00044,0.10161
CVE-2020-12303,0.00044,0.10161
CVE-2020-12304,0.00044,0.10161
CVE-2020-12306,0.00044,0.10161
CVE-2020-12307,0.00044,0.10161
CVE-2020-12308,0.00065,0.26756
CVE-2020-12309,0.00070,0.29068
CVE-2020-1231,0.00108,0.43382
CVE-2020-12310,0.00070,0.29068
CVE-2020-12311,0.00070,0.29068
CVE-2020-12312,0.00070,0.29068
CVE-2020-12313,0.00070,0.29068
CVE-2020-12314,0.00062,0.24843
CVE-2020-12315,0.00276,0.64935
CVE-2020-12316,0.00044,0.10161
CVE-2020-12317,0.00062,0.24843
CVE-2020-12318,0.00044,0.10161
CVE-2020-12319,0.00062,0.24843
CVE-2020-1232,0.06417,0.93019
CVE-2020-12320,0.00044,0.10161
CVE-2020-12321,0.00070,0.29068
CVE-2020-12322,0.00062,0.24843
CVE-2020-12323,0.00044,0.10161
CVE-2020-12324,0.00044,0.10161
CVE-2020-12325,0.00044,0.10161
CVE-2020-12326,0.00044,0.10161
CVE-2020-12327,0.00044,0.10161
CVE-2020-12328,0.00044,0.10161
CVE-2020-12329,0.00044,0.10161
CVE-2020-1233,0.00108,0.43382
CVE-2020-12330,0.00044,0.10161
CVE-2020-12331,0.00044,0.10161
CVE-2020-12332,0.00044,0.10161
CVE-2020-12333,0.00044,0.10161
CVE-2020-12334,0.00044,0.10161
CVE-2020-12335,0.00044,0.10161
CVE-2020-12336,0.00044,0.10161
CVE-2020-12337,0.00044,0.10161
CVE-2020-12338,0.00222,0.60556
CVE-2020-12339,0.00104,0.42231
CVE-2020-1234,0.00150,0.51047
CVE-2020-12345,0.00044,0.10161
CVE-2020-12346,0.00044,0.10161
CVE-2020-12347,0.00095,0.39710
CVE-2020-12349,0.00063,0.25750
CVE-2020-1235,0.00108,0.43382
CVE-2020-12350,0.00044,0.10161
CVE-2020-12351,0.00163,0.52933
CVE-2020-12352,0.00219,0.59894
CVE-2020-12353,0.00081,0.33872
CVE-2020-12354,0.00044,0.10161
CVE-2020-12355,0.00077,0.32045
CVE-2020-12356,0.00044,0.10161
CVE-2020-12357,0.00044,0.10161
CVE-2020-12358,0.00044,0.10161
CVE-2020-12359,0.00068,0.28046
CVE-2020-1236,0.01117,0.83072
CVE-2020-12360,0.00044,0.10161
CVE-2020-12361,0.00044,0.10161
CVE-2020-12362,0.00044,0.10161
CVE-2020-12363,0.00044,0.10161
CVE-2020-12364,0.00044,0.10161
CVE-2020-12365,0.00044,0.10161
CVE-2020-12366,0.00044,0.10161
CVE-2020-12367,0.00044,0.10161
CVE-2020-12368,0.00044,0.10161
CVE-2020-12369,0.00044,0.10161
CVE-2020-1237,0.00108,0.43382
CVE-2020-12370,0.00044,0.10161
CVE-2020-12371,0.00044,0.10161
CVE-2020-12372,0.00044,0.10161
CVE-2020-12373,0.00044,0.10161
CVE-2020-12374,0.00044,0.10161
CVE-2020-12375,0.00044,0.10161
CVE-2020-12376,0.00044,0.10161
CVE-2020-12377,0.00044,0.10161
CVE-2020-1238,0.00961,0.81658
CVE-2020-12380,0.00044,0.10161
CVE-2020-12384,0.00044,0.10161
CVE-2020-12385,0.00044,0.10161
CVE-2020-12386,0.00044,0.10161
CVE-2020-12387,0.00801,0.79847
CVE-2020-12388,0.00566,0.75472
CVE-2020-12389,0.00348,0.68887
CVE-2020-1239,0.01480,0.85465
CVE-2020-12390,0.00379,0.70175
CVE-2020-12391,0.00107,0.43281
CVE-2020-12392,0.00046,0.12733
CVE-2020-12393,0.00051,0.17435
CVE-2020-12394,0.00049,0.15074
CVE-2020-12395,0.00601,0.76218
CVE-2020-12396,0.00304,0.66648
CVE-2020-12397,0.00089,0.37323
CVE-2020-12398,0.00160,0.52651
CVE-2020-12399,0.00063,0.25782
CVE-2020-1240,0.03799,0.91018
CVE-2020-12400,0.00045,0.12069
CVE-2020-12401,0.00046,0.13753
CVE-2020-12402,0.00066,0.27225
CVE-2020-12403,0.00216,0.59616
CVE-2020-12404,0.00084,0.35108
CVE-2020-12405,0.00245,0.62597
CVE-2020-12406,0.00266,0.64297
CVE-2020-12407,0.00166,0.53294
CVE-2020-12408,0.00081,0.33754
CVE-2020-12409,0.00184,0.55746
CVE-2020-1241,0.00108,0.43382
CVE-2020-12410,0.00253,0.63248
CVE-2020-12411,0.00184,0.55746
CVE-2020-12412,0.00084,0.35108
CVE-2020-12413,0.00087,0.35977
CVE-2020-12414,0.00081,0.33754
CVE-2020-12415,0.00124,0.46745
CVE-2020-12416,0.00386,0.70450
CVE-2020-12417,0.00732,0.78801
CVE-2020-12418,0.01102,0.82956
CVE-2020-12419,0.00884,0.80795
CVE-2020-1242,0.01044,0.82445
CVE-2020-12420,0.00732,0.78801
CVE-2020-12421,0.00406,0.71163
CVE-2020-12422,0.00261,0.63913
CVE-2020-12423,0.00137,0.49190
CVE-2020-12424,0.00097,0.40213
CVE-2020-12425,0.00177,0.54936
CVE-2020-12426,0.00445,0.72362
CVE-2020-12427,0.00071,0.29353
CVE-2020-12429,0.19660,0.95886
CVE-2020-1243,0.00043,0.07315
CVE-2020-12430,0.00133,0.48302
CVE-2020-12431,0.00042,0.05722
CVE-2020-12432,0.00071,0.29370
CVE-2020-12438,0.00053,0.18833
CVE-2020-12439,0.00128,0.47403
CVE-2020-1244,0.00123,0.46537
CVE-2020-12441,0.00244,0.62506
CVE-2020-12442,0.00138,0.49278
CVE-2020-12443,0.00682,0.77958
CVE-2020-12446,0.00044,0.10161
CVE-2020-12447,0.01711,0.86519
CVE-2020-12448,0.00096,0.40029
CVE-2020-1245,0.00043,0.07315
CVE-2020-12456,0.01049,0.82481
CVE-2020-12457,0.00101,0.41117
CVE-2020-12458,0.00062,0.24593
CVE-2020-12459,0.00048,0.14349
CVE-2020-1246,0.00043,0.07315
CVE-2020-12460,0.00999,0.82037
CVE-2020-12461,0.00408,0.71217
CVE-2020-12462,0.00053,0.19032
CVE-2020-12463,0.00042,0.05722
CVE-2020-12464,0.00110,0.43942
CVE-2020-12465,0.00042,0.05722
CVE-2020-12467,0.00126,0.47113
CVE-2020-12468,0.00112,0.44466
CVE-2020-12469,0.00058,0.22585
CVE-2020-1247,0.00043,0.07315
CVE-2020-12470,0.00131,0.47909
CVE-2020-12471,0.00909,0.81093
CVE-2020-12472,0.00058,0.22585
CVE-2020-12473,0.00109,0.43614
CVE-2020-12474,0.00157,0.52178
CVE-2020-12475,0.00062,0.24548
CVE-2020-12477,0.00327,0.67923
CVE-2020-12478,0.01186,0.83641
CVE-2020-12479,0.00081,0.33717
CVE-2020-1248,0.03799,0.91018
CVE-2020-12480,0.00053,0.19032
CVE-2020-12483,0.00078,0.32606
CVE-2020-12485,0.00044,0.10161
CVE-2020-12488,0.00044,0.10161
CVE-2020-1249,0.00043,0.07315
CVE-2020-12493,0.00263,0.64030
CVE-2020-12494,0.00084,0.34791
CVE-2020-12495,0.00104,0.42231
CVE-2020-12496,0.00065,0.26756
CVE-2020-12497,0.06334,0.92970
CVE-2020-12498,0.00312,0.67118
CVE-2020-12499,0.00044,0.07794
CVE-2020-1250,0.00043,0.07315
CVE-2020-12500,0.22542,0.96096
CVE-2020-12501,0.00859,0.80529
CVE-2020-12502,0.00847,0.80393
CVE-2020-12503,0.08880,0.94011
CVE-2020-12504,0.12885,0.95015
CVE-2020-12505,0.00103,0.41969
CVE-2020-12506,0.00103,0.41969
CVE-2020-12507,0.00074,0.30736
CVE-2020-12508,0.00148,0.50864
CVE-2020-12509,0.00148,0.50864
CVE-2020-1251,0.00043,0.07315
CVE-2020-12510,0.00042,0.05722
CVE-2020-12511,0.00073,0.30112
CVE-2020-12512,0.00054,0.20290
CVE-2020-12513,0.00259,0.63737
CVE-2020-12514,0.00080,0.33275
CVE-2020-12516,0.00095,0.39695
CVE-2020-12517,0.00099,0.40756
CVE-2020-12518,0.00044,0.10161
CVE-2020-12519,0.00222,0.60556
CVE-2020-1252,0.01182,0.83617
CVE-2020-12521,0.00058,0.22795
CVE-2020-12522,0.00307,0.66802
CVE-2020-12523,0.00222,0.60556
CVE-2020-12524,0.00103,0.41969
CVE-2020-12525,0.00089,0.37193
CVE-2020-12526,0.00104,0.42024
CVE-2020-12527,0.00076,0.31394
CVE-2020-12528,0.00081,0.33872
CVE-2020-12529,0.00084,0.34791
CVE-2020-1253,0.00043,0.07315
CVE-2020-12530,0.00078,0.32606
CVE-2020-1254,0.00043,0.07315
CVE-2020-1255,0.00121,0.46245
CVE-2020-1256,0.00440,0.72245
CVE-2020-1257,0.00043,0.07315
CVE-2020-1258,0.00043,0.07315
CVE-2020-1259,0.00064,0.26323
CVE-2020-12593,0.00129,0.47742
CVE-2020-12594,0.00114,0.44823
CVE-2020-12595,0.00065,0.26756
CVE-2020-1260,0.00981,0.81855
CVE-2020-12603,0.00145,0.50409
CVE-2020-12604,0.00105,0.42589
CVE-2020-12605,0.00145,0.50409
CVE-2020-12606,0.00302,0.66507
CVE-2020-12607,0.00241,0.62180
CVE-2020-12608,0.00302,0.66515
CVE-2020-1261,0.00043,0.07315
CVE-2020-12612,0.00043,0.06775
CVE-2020-12613,0.00050,0.16285
CVE-2020-12614,0.00043,0.06775
CVE-2020-12615,0.00043,0.06775
CVE-2020-12618,0.00065,0.27048
CVE-2020-12619,0.00065,0.27048
CVE-2020-1262,0.00043,0.07315
CVE-2020-12620,0.00106,0.42705
CVE-2020-12621,0.00074,0.30666
CVE-2020-12624,0.00420,0.71600
CVE-2020-12625,0.00442,0.72284
CVE-2020-12626,0.01995,0.87656
CVE-2020-12627,0.00217,0.59752
CVE-2020-12629,0.00140,0.49675
CVE-2020-1263,0.00043,0.07315
CVE-2020-12635,0.00076,0.31249
CVE-2020-12637,0.00150,0.51166
CVE-2020-12638,0.00083,0.34374
CVE-2020-12639,0.00077,0.31954
CVE-2020-1264,0.00043,0.07315
CVE-2020-12640,0.01163,0.83445
CVE-2020-12641,0.07661,0.93548
CVE-2020-12642,0.00169,0.53886
CVE-2020-12643,0.00054,0.20290
CVE-2020-12644,0.00050,0.16378
CVE-2020-12645,0.00244,0.62506
CVE-2020-12646,0.00054,0.20290
CVE-2020-12647,0.00044,0.10161
CVE-2020-12648,0.00115,0.45113
CVE-2020-12649,0.00244,0.62525
CVE-2020-1265,0.00043,0.07315
CVE-2020-12651,0.01896,0.87296
CVE-2020-12652,0.00042,0.05722
CVE-2020-12653,0.00042,0.05722
CVE-2020-12654,0.00135,0.48872
CVE-2020-12655,0.00046,0.13778
CVE-2020-12656,0.00045,0.11966
CVE-2020-12657,0.00045,0.11966
CVE-2020-12658,0.00835,0.80261
CVE-2020-12659,0.00072,0.29899
CVE-2020-1266,0.00043,0.07315
CVE-2020-12662,0.01453,0.85351
CVE-2020-12663,0.01847,0.87078
CVE-2020-12666,0.00105,0.42634
CVE-2020-12667,0.00207,0.58689
CVE-2020-12668,0.00097,0.40144
CVE-2020-12669,0.00201,0.58127
CVE-2020-1267,0.00147,0.50726
CVE-2020-12670,0.00078,0.32606
CVE-2020-12672,0.00259,0.63684
CVE-2020-12673,0.00687,0.78048
CVE-2020-12674,0.00312,0.67105
CVE-2020-12675,0.00451,0.72550
CVE-2020-12676,0.00440,0.72228
CVE-2020-12677,0.00435,0.72092
CVE-2020-12679,0.00115,0.45113
CVE-2020-1268,0.00043,0.07315
CVE-2020-12680,0.00042,0.05722
CVE-2020-12681,0.00071,0.29289
CVE-2020-12683,0.00050,0.16378
CVE-2020-12684,0.00256,0.63542
CVE-2020-12685,0.00124,0.46744
CVE-2020-12687,0.00063,0.25077
CVE-2020-12689,0.00786,0.79598
CVE-2020-1269,0.00068,0.28347
CVE-2020-12690,0.00373,0.69932
CVE-2020-12691,0.00562,0.75368
CVE-2020-12692,0.00088,0.37044
CVE-2020-12693,0.00592,0.76064
CVE-2020-12695,0.00543,0.74991
CVE-2020-12696,0.00084,0.35108
CVE-2020-12697,0.00104,0.42024
CVE-2020-12698,0.00054,0.20290
CVE-2020-12699,0.00084,0.35108
CVE-2020-1270,0.00043,0.07315
CVE-2020-12700,0.00054,0.20290
CVE-2020-12702,0.00082,0.34093
CVE-2020-12703,0.00078,0.32606
CVE-2020-12704,0.00114,0.44908
CVE-2020-12705,0.00078,0.32606
CVE-2020-12706,0.00385,0.70406
CVE-2020-12707,0.00096,0.39972
CVE-2020-12708,0.00159,0.52370
CVE-2020-1271,0.00043,0.07315
CVE-2020-12712,0.03685,0.90885
CVE-2020-12713,0.01576,0.85979
CVE-2020-12714,0.00458,0.72732
CVE-2020-12715,0.00075,0.30870
CVE-2020-12717,0.00108,0.43493
CVE-2020-12718,0.00058,0.22585
CVE-2020-12719,0.00104,0.42231
CVE-2020-1272,0.00043,0.07315
CVE-2020-12720,0.90609,0.98613
CVE-2020-12723,0.00319,0.67538
CVE-2020-12725,0.00639,0.77029
CVE-2020-12729,0.00061,0.23842
CVE-2020-1273,0.00043,0.07315
CVE-2020-12730,0.00055,0.20608
CVE-2020-12731,0.00150,0.51158
CVE-2020-12732,0.00073,0.30031
CVE-2020-12733,0.00236,0.61805
CVE-2020-12734,0.00130,0.47794
CVE-2020-12735,0.00521,0.74438
CVE-2020-12736,0.00302,0.66532
CVE-2020-12737,0.00086,0.35629
CVE-2020-12739,0.00932,0.81354
CVE-2020-1274,0.00043,0.07315
CVE-2020-12740,0.00308,0.66930
CVE-2020-12742,0.00084,0.35108
CVE-2020-12743,0.00222,0.60556
CVE-2020-12744,0.00042,0.05722
CVE-2020-12745,0.00066,0.27296
CVE-2020-12746,0.00174,0.54641
CVE-2020-12747,0.00119,0.45929
CVE-2020-12748,0.00066,0.27588
CVE-2020-12749,0.00044,0.10161
CVE-2020-1275,0.00043,0.07315
CVE-2020-12750,0.00066,0.27588
CVE-2020-12751,0.00049,0.14838
CVE-2020-12752,0.00080,0.33409
CVE-2020-12753,0.01109,0.83013
CVE-2020-12754,0.00049,0.15854
CVE-2020-12755,0.00044,0.10161
CVE-2020-12757,0.00244,0.62506
CVE-2020-12758,0.00147,0.50696
CVE-2020-12759,0.00078,0.32606
CVE-2020-1276,0.00054,0.19123
CVE-2020-12760,0.00346,0.68785
CVE-2020-12761,0.00222,0.60556
CVE-2020-12762,0.00114,0.44956
CVE-2020-12763,0.00950,0.81536
CVE-2020-12764,0.00131,0.47967
CVE-2020-12765,0.00096,0.39991
CVE-2020-12766,0.00138,0.49278
CVE-2020-12767,0.00045,0.11966
CVE-2020-12768,0.00045,0.11966
CVE-2020-12769,0.00042,0.05778
CVE-2020-1277,0.00043,0.07315
CVE-2020-12770,0.00047,0.13896
CVE-2020-12771,0.00110,0.43958
CVE-2020-12772,0.00249,0.62941
CVE-2020-12773,0.00102,0.41368
CVE-2020-12774,0.00044,0.10504
CVE-2020-12775,0.00227,0.61007
CVE-2020-12776,0.00087,0.35903
CVE-2020-12777,0.00149,0.50995
CVE-2020-12778,0.00066,0.27550
CVE-2020-12779,0.00050,0.16378
CVE-2020-1278,0.00043,0.07315
CVE-2020-12780,0.00149,0.50995
CVE-2020-12781,0.00098,0.40438
CVE-2020-12782,0.00866,0.80599
CVE-2020-12783,0.00267,0.64348
CVE-2020-12784,0.00169,0.53912
CVE-2020-12785,0.00065,0.26756
CVE-2020-12787,0.00084,0.34791
CVE-2020-12788,0.00168,0.53801
CVE-2020-12789,0.00168,0.53801
CVE-2020-1279,0.00043,0.07315
CVE-2020-12790,0.00410,0.71268
CVE-2020-12797,0.00086,0.35785
CVE-2020-12798,0.00126,0.47136
CVE-2020-1280,0.00108,0.43382
CVE-2020-12800,0.97433,0.99937
CVE-2020-12801,0.00108,0.43474
CVE-2020-12802,0.00111,0.44284
CVE-2020-12803,0.00161,0.52689
CVE-2020-1281,0.32113,0.96619
CVE-2020-12811,0.00078,0.32606
CVE-2020-12812,0.00555,0.75255
CVE-2020-12814,0.00054,0.20290
CVE-2020-12815,0.00066,0.27429
CVE-2020-12816,0.00115,0.45113
CVE-2020-12817,0.00260,0.63848
CVE-2020-12818,0.00089,0.37649
CVE-2020-1282,0.00108,0.43382
CVE-2020-12821,0.00654,0.77340
CVE-2020-12823,0.01286,0.84388
CVE-2020-12824,0.00116,0.45451
CVE-2020-12825,0.00177,0.54969
CVE-2020-12826,0.00052,0.17732
CVE-2020-12827,0.00260,0.63844
CVE-2020-12828,0.00195,0.57387
CVE-2020-12829,0.00042,0.05722
CVE-2020-1283,0.00290,0.65833
CVE-2020-12830,0.01218,0.83898
CVE-2020-12831,0.00104,0.42316
CVE-2020-12832,0.00258,0.63651
CVE-2020-12834,0.00943,0.81460
CVE-2020-12835,0.02168,0.88255
CVE-2020-12837,0.00105,0.42463
CVE-2020-12838,0.00414,0.71392
CVE-2020-12839,0.00414,0.71392
CVE-2020-1284,0.00290,0.65833
CVE-2020-12840,0.00133,0.48395
CVE-2020-12841,0.00133,0.48395
CVE-2020-12842,0.00414,0.71392
CVE-2020-12843,0.00410,0.71276
CVE-2020-12845,0.03506,0.90661
CVE-2020-12846,0.00466,0.72937
CVE-2020-12847,0.00431,0.71933
CVE-2020-12848,0.00112,0.44451
CVE-2020-12849,0.00062,0.24442
CVE-2020-1285,0.01578,0.85989
CVE-2020-12850,0.00068,0.28342
CVE-2020-12851,0.00250,0.63007
CVE-2020-12852,0.02476,0.89018
CVE-2020-12853,0.00076,0.31249
CVE-2020-12854,0.01618,0.86171
CVE-2020-12855,0.00130,0.47824
CVE-2020-12856,0.00848,0.80402
CVE-2020-12857,0.00272,0.64674
CVE-2020-12858,0.00503,0.73980
CVE-2020-12859,0.00166,0.53264
CVE-2020-1286,0.02973,0.89901
CVE-2020-12860,0.00166,0.53264
CVE-2020-12861,0.00613,0.76498
CVE-2020-12862,0.00095,0.39713
CVE-2020-12863,0.00095,0.39713
CVE-2020-12864,0.00075,0.30834
CVE-2020-12865,0.00046,0.13807
CVE-2020-12866,0.00054,0.19431
CVE-2020-12867,0.00071,0.29364
CVE-2020-12869,0.00058,0.22585
CVE-2020-1287,0.00108,0.43382
CVE-2020-12870,0.00156,0.52043
CVE-2020-12872,0.00082,0.34236
CVE-2020-12873,0.00084,0.34617
CVE-2020-12874,0.00430,0.71881
CVE-2020-12875,0.00067,0.27699
CVE-2020-12876,0.00669,0.77683
CVE-2020-12877,0.00168,0.53801
CVE-2020-12878,0.00080,0.33260
CVE-2020-12880,0.00044,0.10161
CVE-2020-12882,0.00083,0.34291
CVE-2020-12883,0.00295,0.66161
CVE-2020-12884,0.00235,0.61731
CVE-2020-12885,0.00145,0.50314
CVE-2020-12886,0.00235,0.61731
CVE-2020-12887,0.00300,0.66435
CVE-2020-12888,0.00047,0.13896
CVE-2020-12889,0.00222,0.60556
CVE-2020-1289,0.00053,0.18650
CVE-2020-12890,0.00044,0.10161
CVE-2020-12891,0.00062,0.24373
CVE-2020-12892,0.00065,0.26849
CVE-2020-12893,0.00044,0.10161
CVE-2020-12894,0.00044,0.10161
CVE-2020-12895,0.00044,0.10161
CVE-2020-12897,0.00044,0.10161
CVE-2020-12898,0.00044,0.10161
CVE-2020-12899,0.00044,0.10161
CVE-2020-1290,0.00043,0.07315
CVE-2020-12900,0.00044,0.10161
CVE-2020-12901,0.00044,0.10161
CVE-2020-12902,0.00044,0.10161
CVE-2020-12903,0.00044,0.10161
CVE-2020-12904,0.00044,0.10161
CVE-2020-12905,0.00044,0.10161
CVE-2020-1291,0.00108,0.43382
CVE-2020-12911,0.00044,0.10161
CVE-2020-12912,0.00044,0.10161
CVE-2020-1292,0.00108,0.43382
CVE-2020-12920,0.00044,0.10161
CVE-2020-12926,0.00070,0.29068
CVE-2020-12927,0.00044,0.10161
CVE-2020-12928,0.00044,0.10161
CVE-2020-12929,0.00042,0.05722
CVE-2020-1293,0.00043,0.07315
CVE-2020-12930,0.00043,0.06775
CVE-2020-12931,0.00043,0.06775
CVE-2020-12933,0.00044,0.10161
CVE-2020-1294,0.00108,0.43382
CVE-2020-12944,0.00044,0.10161
CVE-2020-12946,0.00044,0.10161
CVE-2020-1295,0.00121,0.46245
CVE-2020-12951,0.00044,0.10161
CVE-2020-12954,0.00044,0.10161
CVE-2020-1296,0.00043,0.07315
CVE-2020-12960,0.00044,0.10161
CVE-2020-12961,0.00044,0.10161
CVE-2020-12962,0.00044,0.10161
CVE-2020-12963,0.00044,0.10161
CVE-2020-12964,0.00044,0.10161
CVE-2020-12965,0.00158,0.52341
CVE-2020-12966,0.00042,0.05722
CVE-2020-12967,0.00093,0.39259
CVE-2020-1297,0.00068,0.27963
CVE-2020-1298,0.00068,0.27963
CVE-2020-12980,0.00044,0.10161
CVE-2020-12981,0.00044,0.10161
CVE-2020-12982,0.00044,0.10161
CVE-2020-12983,0.00044,0.10161
CVE-2020-12985,0.00044,0.10161
CVE-2020-12986,0.00044,0.10161
CVE-2020-12987,0.00044,0.10161
CVE-2020-12988,0.00091,0.38169
CVE-2020-1299,0.03216,0.90263
CVE-2020-1300,0.03799,0.91018
CVE-2020-1301,0.01266,0.84243
CVE-2020-1302,0.00043,0.07315
CVE-2020-1303,0.00091,0.38450
CVE-2020-1304,0.00108,0.43382
CVE-2020-1305,0.00108,0.43382
CVE-2020-1306,0.00043,0.07315
CVE-2020-1307,0.00108,0.43382
CVE-2020-1308,0.00043,0.07315
CVE-2020-1309,0.00150,0.51047
CVE-2020-13091,0.00996,0.82018
CVE-2020-13092,0.00996,0.82018
CVE-2020-13093,0.00096,0.39991
CVE-2020-13094,0.00062,0.24442
CVE-2020-13095,0.00104,0.42231
CVE-2020-1310,0.00043,0.07315
CVE-2020-13100,0.00249,0.62908
CVE-2020-13101,0.00108,0.43474
CVE-2020-13109,0.01166,0.83474
CVE-2020-1311,0.00108,0.43382
CVE-2020-13110,0.00440,0.72231
CVE-2020-13111,0.00282,0.65312
CVE-2020-13112,0.00190,0.56665
CVE-2020-13113,0.00234,0.61534
CVE-2020-13114,0.00157,0.52203
CVE-2020-13116,0.00054,0.20290
CVE-2020-13117,0.07866,0.93642
CVE-2020-13118,0.02427,0.88912
CVE-2020-13119,0.00121,0.46229
CVE-2020-1312,0.00043,0.07315
CVE-2020-13121,0.00235,0.61734
CVE-2020-13122,0.00917,0.81193
CVE-2020-13124,0.00260,0.63812
CVE-2020-13125,0.00081,0.33687
CVE-2020-13126,0.00240,0.62148
CVE-2020-13127,0.00096,0.39888
CVE-2020-13128,0.00111,0.44153
CVE-2020-13129,0.00090,0.37894
CVE-2020-1313,0.01710,0.86510
CVE-2020-13131,0.00100,0.40869
CVE-2020-13132,0.00079,0.32865
CVE-2020-13133,0.00090,0.37826
CVE-2020-13134,0.00054,0.20290
CVE-2020-13135,0.00070,0.29097
CVE-2020-13136,0.00445,0.72363
CVE-2020-1314,0.00108,0.43382
CVE-2020-13143,0.00697,0.78199
CVE-2020-13144,0.03157,0.90174
CVE-2020-13145,0.00058,0.22585
CVE-2020-13146,0.00249,0.62941
CVE-2020-13149,0.00042,0.05722
CVE-2020-1315,0.01044,0.82445
CVE-2020-13150,0.00044,0.10161
CVE-2020-13151,0.67624,0.97674
CVE-2020-13152,0.00134,0.48580
CVE-2020-13153,0.00066,0.27550
CVE-2020-13154,0.00108,0.43448
CVE-2020-13155,0.00217,0.59733
CVE-2020-13156,0.00107,0.43131
CVE-2020-13157,0.00107,0.43131
CVE-2020-13158,0.01736,0.86622
CVE-2020-13159,0.02801,0.89640
CVE-2020-1316,0.00043,0.07315
CVE-2020-13160,0.87477,0.98412
CVE-2020-13162,0.00113,0.44665
CVE-2020-13163,0.00171,0.54144
CVE-2020-13164,0.00275,0.64872
CVE-2020-13166,0.61202,0.97532
CVE-2020-13167,0.97405,0.99920
CVE-2020-13168,0.00112,0.44327
CVE-2020-13169,0.00079,0.32816
CVE-2020-1317,0.00121,0.46245
CVE-2020-13170,0.00086,0.35785
CVE-2020-13173,0.00044,0.10161
CVE-2020-13174,0.00078,0.32606
CVE-2020-13175,0.00631,0.76875
CVE-2020-13176,0.00151,0.51276
CVE-2020-13177,0.00072,0.29986
CVE-2020-13178,0.00044,0.10161
CVE-2020-13179,0.00044,0.10161
CVE-2020-1318,0.00068,0.27963
CVE-2020-13183,0.00078,0.32606
CVE-2020-13185,0.00154,0.51729
CVE-2020-13186,0.00053,0.19032
CVE-2020-1319,0.09040,0.94060
CVE-2020-1320,0.00068,0.27963
CVE-2020-1321,0.03799,0.91018
CVE-2020-1322,0.02283,0.88576
CVE-2020-13223,0.00178,0.55045
CVE-2020-13224,0.00107,0.43216
CVE-2020-13225,0.00054,0.19309
CVE-2020-13226,0.00397,0.70886
CVE-2020-13227,0.00139,0.49395
CVE-2020-13228,0.00174,0.54581
CVE-2020-13229,0.00234,0.61510
CVE-2020-1323,0.00198,0.57704
CVE-2020-13230,0.00323,0.67728
CVE-2020-13231,0.00119,0.45859
CVE-2020-13238,0.00260,0.63851
CVE-2020-13239,0.00058,0.22585
CVE-2020-1324,0.00043,0.07315
CVE-2020-13240,0.00058,0.22585
CVE-2020-13241,0.00051,0.17393
CVE-2020-13245,0.00099,0.40563
CVE-2020-13246,0.00211,0.59033
CVE-2020-13247,0.00051,0.17393
CVE-2020-13248,0.00082,0.34232
CVE-2020-13249,0.00267,0.64361
CVE-2020-1325,0.00066,0.27161
CVE-2020-13250,0.00147,0.50696
CVE-2020-13252,0.17199,0.95635
CVE-2020-13253,0.00045,0.11966
CVE-2020-13254,0.00436,0.72104
CVE-2020-13258,0.00464,0.72876
CVE-2020-13259,0.00203,0.58271
CVE-2020-1326,0.00054,0.19349
CVE-2020-13260,0.00269,0.64497
CVE-2020-13261,0.00067,0.27897
CVE-2020-13262,0.00144,0.50211
CVE-2020-13263,0.00230,0.61207
CVE-2020-13264,0.00095,0.39646
CVE-2020-13265,0.00090,0.37811
CVE-2020-13266,0.00054,0.20290
CVE-2020-13267,0.00207,0.58712
CVE-2020-13268,0.00108,0.43474
CVE-2020-13269,0.00207,0.58712
CVE-2020-1327,0.00123,0.46622
CVE-2020-13270,0.00230,0.61207
CVE-2020-13271,0.00207,0.58712
CVE-2020-13272,0.00230,0.61207
CVE-2020-13273,0.00145,0.50409
CVE-2020-13274,0.00145,0.50409
CVE-2020-13275,0.00114,0.44880
CVE-2020-13276,0.00067,0.27897
CVE-2020-13277,0.00066,0.27435
CVE-2020-13278,0.00139,0.49442
CVE-2020-13279,0.00085,0.35384
CVE-2020-13280,0.00079,0.32837
CVE-2020-13281,0.00096,0.39816
CVE-2020-13282,0.00064,0.26264
CVE-2020-13283,0.00064,0.26264
CVE-2020-13284,0.00064,0.26201
CVE-2020-13285,0.00063,0.25013
CVE-2020-13286,0.00062,0.24784
CVE-2020-13287,0.00067,0.27897
CVE-2020-13288,0.00068,0.28080
CVE-2020-13289,0.00054,0.20290
CVE-2020-1329,0.00174,0.54580
CVE-2020-13290,0.00152,0.51474
CVE-2020-13291,0.00064,0.26201
CVE-2020-13292,0.00089,0.37441
CVE-2020-13293,0.00096,0.39756
CVE-2020-13294,0.00062,0.24784
CVE-2020-13295,0.00165,0.53170
CVE-2020-13296,0.00192,0.56838
CVE-2020-13297,0.00068,0.28151
CVE-2020-13298,0.00095,0.39646
CVE-2020-13299,0.00091,0.38098
CVE-2020-1330,0.00043,0.07315
CVE-2020-13300,0.00160,0.52651
CVE-2020-13301,0.00067,0.27897
CVE-2020-13302,0.00207,0.58689
CVE-2020-13303,0.00091,0.38098
CVE-2020-13304,0.00207,0.58689
CVE-2020-13305,0.00067,0.27897
CVE-2020-13306,0.00201,0.58107
CVE-2020-13307,0.00086,0.35804
CVE-2020-13308,0.00090,0.37729
CVE-2020-13309,0.00207,0.58689
CVE-2020-1331,0.00053,0.18650
CVE-2020-13310,0.00101,0.41158
CVE-2020-13311,0.00090,0.37729
CVE-2020-13312,0.00244,0.62506
CVE-2020-13313,0.00067,0.27897
CVE-2020-13314,0.00108,0.43474
CVE-2020-13315,0.00181,0.55362
CVE-2020-13316,0.00067,0.27897
CVE-2020-13317,0.00065,0.26898
CVE-2020-13318,0.00064,0.26201
CVE-2020-13319,0.00080,0.33243
CVE-2020-1332,0.01593,0.86052
CVE-2020-13320,0.00079,0.32776
CVE-2020-13321,0.00096,0.39800
CVE-2020-13322,0.00108,0.43322
CVE-2020-13323,0.00080,0.33412
CVE-2020-13324,0.00079,0.32776
CVE-2020-13325,0.00081,0.33872
CVE-2020-13326,0.00054,0.20290
CVE-2020-13327,0.00108,0.43409
CVE-2020-13328,0.00058,0.22585
CVE-2020-13329,0.00070,0.28971
CVE-2020-1333,0.00080,0.33211
CVE-2020-13330,0.00058,0.22585
CVE-2020-13331,0.00058,0.22585
CVE-2020-13333,0.00102,0.41545
CVE-2020-13334,0.00108,0.43474
CVE-2020-13335,0.00067,0.27897
CVE-2020-13336,0.00058,0.22585
CVE-2020-13337,0.00054,0.20290
CVE-2020-13338,0.00053,0.18833
CVE-2020-13339,0.00090,0.38002
CVE-2020-1334,0.00043,0.07315
CVE-2020-13340,0.00089,0.37384
CVE-2020-13341,0.00067,0.27897
CVE-2020-13342,0.00072,0.29893
CVE-2020-13343,0.00450,0.72508
CVE-2020-13344,0.00044,0.10161
CVE-2020-13345,0.00067,0.27702
CVE-2020-13346,0.00091,0.38098
CVE-2020-13347,0.00699,0.78233
CVE-2020-13348,0.00054,0.20290
CVE-2020-13349,0.00072,0.29893
CVE-2020-1335,0.01593,0.86052
CVE-2020-13350,0.00064,0.26312
CVE-2020-13351,0.00114,0.44880
CVE-2020-13352,0.00095,0.39646
CVE-2020-13353,0.00044,0.10161
CVE-2020-13354,0.00090,0.37729
CVE-2020-13355,0.00112,0.44399
CVE-2020-13356,0.00202,0.58235
CVE-2020-13357,0.00067,0.27897
CVE-2020-13358,0.00044,0.10161
CVE-2020-13359,0.00054,0.20290
CVE-2020-1336,0.00043,0.07315
CVE-2020-13361,0.00047,0.13971
CVE-2020-13362,0.00047,0.13971
CVE-2020-13364,0.00102,0.41280
CVE-2020-13365,0.00102,0.41280
CVE-2020-1337,0.00264,0.64110
CVE-2020-13376,0.00677,0.77873
CVE-2020-13377,0.00089,0.37266
CVE-2020-13378,0.00101,0.41178
CVE-2020-13379,0.72189,0.97815
CVE-2020-1338,0.04326,0.91524
CVE-2020-13380,0.00251,0.63132
CVE-2020-13381,0.07410,0.93470
CVE-2020-13382,0.33686,0.96683
CVE-2020-13383,0.26245,0.96322
CVE-2020-13384,0.01029,0.82276
CVE-2020-13386,0.00051,0.17393
CVE-2020-13387,0.00116,0.45451
CVE-2020-13388,0.03630,0.90806
CVE-2020-13389,0.00491,0.73659
CVE-2020-1339,0.00209,0.58862
CVE-2020-13390,0.00666,0.77608
CVE-2020-13391,0.00666,0.77608
CVE-2020-13392,0.00666,0.77608
CVE-2020-13393,0.00666,0.77608
CVE-2020-13394,0.00666,0.77608
CVE-2020-13396,0.00130,0.47896
CVE-2020-13397,0.00047,0.13971
CVE-2020-13398,0.00130,0.47896
CVE-2020-1340,0.00053,0.18650
CVE-2020-13401,0.00230,0.61263
CVE-2020-13404,0.02137,0.88164
CVE-2020-13405,0.01002,0.82067
CVE-2020-13407,0.00044,0.10161
CVE-2020-13408,0.00044,0.10161
CVE-2020-13409,0.00044,0.10161
CVE-2020-13410,0.00125,0.46868
CVE-2020-13412,0.00073,0.30112
CVE-2020-13413,0.00119,0.46037
CVE-2020-13414,0.00293,0.66039
CVE-2020-13415,0.00106,0.42944
CVE-2020-13416,0.00053,0.19032
CVE-2020-13417,0.00467,0.72973
CVE-2020-13418,0.00078,0.32606
CVE-2020-13419,0.00096,0.39991
CVE-2020-1342,0.00323,0.67712
CVE-2020-13420,0.00615,0.76551
CVE-2020-13421,0.00289,0.65790
CVE-2020-13422,0.00065,0.26756
CVE-2020-13423,0.00062,0.24442
CVE-2020-13424,0.00065,0.26756
CVE-2020-13425,0.00058,0.21949
CVE-2020-13426,0.01435,0.85255
CVE-2020-13427,0.00124,0.46795
CVE-2020-13428,0.00656,0.77364
CVE-2020-13429,0.00050,0.16378
CVE-2020-1343,0.00257,0.63565
CVE-2020-13430,0.00078,0.32234
CVE-2020-13431,0.00042,0.05722
CVE-2020-13432,0.02329,0.88673
CVE-2020-13433,0.00127,0.47326
CVE-2020-13434,0.00127,0.47344
CVE-2020-13435,0.00106,0.42778
CVE-2020-13438,0.00081,0.33520
CVE-2020-13439,0.00081,0.33520
CVE-2020-1344,0.00043,0.07315
CVE-2020-13440,0.00109,0.43801
CVE-2020-13442,0.01126,0.83153
CVE-2020-13443,0.00425,0.71772
CVE-2020-13444,0.00135,0.48751
CVE-2020-13445,0.02116,0.88059
CVE-2020-13448,0.01175,0.83549
CVE-2020-13449,0.00840,0.80323
CVE-2020-1345,0.00148,0.50736
CVE-2020-13450,0.01504,0.85615
CVE-2020-13451,0.01429,0.85216
CVE-2020-13452,0.00404,0.71076
CVE-2020-13458,0.00073,0.30112
CVE-2020-13459,0.00054,0.20290
CVE-2020-1346,0.00043,0.07315
CVE-2020-13460,0.00073,0.30112
CVE-2020-13461,0.00058,0.22795
CVE-2020-13462,0.00044,0.10161
CVE-2020-13463,0.00070,0.29068
CVE-2020-13464,0.00058,0.22795
CVE-2020-13465,0.00109,0.43566
CVE-2020-13466,0.00085,0.35240
CVE-2020-13467,0.00058,0.22795
CVE-2020-13468,0.00120,0.46175
CVE-2020-13469,0.00055,0.20512
CVE-2020-1347,0.00043,0.07315
CVE-2020-13470,0.00055,0.20512
CVE-2020-13471,0.00109,0.43566
CVE-2020-13472,0.00055,0.20512
CVE-2020-13473,0.00042,0.05722
CVE-2020-13474,0.00054,0.19309
CVE-2020-13476,0.00058,0.22585
CVE-2020-1348,0.31411,0.96595
CVE-2020-13480,0.00060,0.23743
CVE-2020-13482,0.00112,0.44502
CVE-2020-13483,0.00113,0.44705
CVE-2020-13484,0.00521,0.74438
CVE-2020-13485,0.00195,0.57446
CVE-2020-13486,0.00078,0.32606
CVE-2020-13487,0.00267,0.64354
CVE-2020-1349,0.02931,0.89840
CVE-2020-13493,0.00079,0.33095
CVE-2020-13494,0.00087,0.35912
CVE-2020-13495,0.00079,0.33127
CVE-2020-13496,0.00185,0.55828
CVE-2020-13497,0.00082,0.34014
CVE-2020-13498,0.00113,0.44637
CVE-2020-13499,0.00168,0.53530
CVE-2020-1350,0.93986,0.98990
CVE-2020-13500,0.00168,0.53530
CVE-2020-13501,0.00168,0.53530
CVE-2020-13504,0.00182,0.55570
CVE-2020-13505,0.00182,0.55570
CVE-2020-13509,0.00048,0.14460
CVE-2020-1351,0.00043,0.07315
CVE-2020-13510,0.00048,0.14460
CVE-2020-13511,0.00048,0.14460
CVE-2020-13512,0.00048,0.14460
CVE-2020-13513,0.00048,0.14460
CVE-2020-13514,0.00048,0.14460
CVE-2020-13515,0.00048,0.14460
CVE-2020-13516,0.00048,0.14460
CVE-2020-13517,0.00048,0.14460
CVE-2020-13518,0.00048,0.14460
CVE-2020-13519,0.00048,0.14460
CVE-2020-1352,0.00043,0.07315
CVE-2020-13520,0.00146,0.50587
CVE-2020-13522,0.00044,0.10445
CVE-2020-13523,0.00044,0.10445
CVE-2020-13524,0.00059,0.23078
CVE-2020-13525,0.00066,0.27246
CVE-2020-13526,0.00066,0.27246
CVE-2020-13527,0.00056,0.21136
CVE-2020-13528,0.00387,0.70492
CVE-2020-13529,0.00138,0.49356
CVE-2020-1353,0.00043,0.07315
CVE-2020-13530,0.00187,0.56228
CVE-2020-13531,0.00281,0.65209
CVE-2020-13532,0.00048,0.14460
CVE-2020-13533,0.00085,0.35355
CVE-2020-13534,0.00081,0.33796
CVE-2020-13535,0.00048,0.14460
CVE-2020-13536,0.00048,0.14460
CVE-2020-13537,0.00048,0.14460
CVE-2020-13539,0.00048,0.14460
CVE-2020-1354,0.00043,0.07315
CVE-2020-13540,0.00048,0.14460
CVE-2020-13541,0.00042,0.05722
CVE-2020-13542,0.00048,0.14460
CVE-2020-13543,0.01375,0.84939
CVE-2020-13544,0.00154,0.51701
CVE-2020-13545,0.00155,0.51846
CVE-2020-13546,0.00093,0.39134
CVE-2020-13547,0.00209,0.58855
CVE-2020-13548,0.00853,0.80452
CVE-2020-13549,0.00042,0.05722
CVE-2020-1355,0.00503,0.73986
CVE-2020-13550,0.00170,0.54094
CVE-2020-13551,0.00048,0.14460
CVE-2020-13552,0.00048,0.14460
CVE-2020-13553,0.00048,0.14460
CVE-2020-13554,0.00048,0.14460
CVE-2020-13555,0.00048,0.14460
CVE-2020-13556,0.00604,0.76301
CVE-2020-13557,0.00691,0.78102
CVE-2020-13558,0.00240,0.62093
CVE-2020-13559,0.00115,0.45086
CVE-2020-1356,0.00043,0.07315
CVE-2020-13560,0.00691,0.78102
CVE-2020-13561,0.00261,0.63918
CVE-2020-13562,0.24551,0.96228
CVE-2020-13563,0.04132,0.91350
CVE-2020-13564,0.04132,0.91350
CVE-2020-13565,0.01363,0.84872
CVE-2020-13566,0.00155,0.51815
CVE-2020-13567,0.00248,0.62838
CVE-2020-13568,0.00155,0.51815
CVE-2020-13569,0.00323,0.67714
CVE-2020-1357,0.00043,0.07315
CVE-2020-13570,0.00691,0.78102
CVE-2020-13571,0.00261,0.63918
CVE-2020-13572,0.00244,0.62392
CVE-2020-13573,0.01854,0.87103
CVE-2020-13574,0.00136,0.49023
CVE-2020-13575,0.00187,0.56228
CVE-2020-13576,0.02022,0.87753
CVE-2020-13577,0.00136,0.49023
CVE-2020-13578,0.00136,0.49023
CVE-2020-13579,0.00502,0.73973
CVE-2020-1358,0.00043,0.07315
CVE-2020-13580,0.00402,0.71027
CVE-2020-13581,0.00093,0.39134
CVE-2020-13582,0.00259,0.63697
CVE-2020-13583,0.00259,0.63697
CVE-2020-13584,0.01319,0.84583
CVE-2020-13585,0.00261,0.63918
CVE-2020-13586,0.00113,0.44637
CVE-2020-13587,0.00282,0.65347
CVE-2020-13588,0.00195,0.57396
CVE-2020-13589,0.00195,0.57396
CVE-2020-1359,0.00043,0.07315
CVE-2020-13590,0.00067,0.27796
CVE-2020-13591,0.00282,0.65347
CVE-2020-13592,0.00282,0.65347
CVE-2020-13593,0.00077,0.31690
CVE-2020-13594,0.00080,0.33328
CVE-2020-13595,0.00080,0.33328
CVE-2020-13596,0.02341,0.88698
CVE-2020-13597,0.00068,0.28093
CVE-2020-13598,0.00060,0.23520
CVE-2020-13599,0.00044,0.10161
CVE-2020-1360,0.00043,0.07315
CVE-2020-13600,0.00069,0.28726
CVE-2020-13601,0.00201,0.58020
CVE-2020-13602,0.00074,0.30751
CVE-2020-13603,0.00044,0.10161
CVE-2020-1361,0.00043,0.07315
CVE-2020-13614,0.00262,0.63958
CVE-2020-13615,0.00101,0.41146
CVE-2020-13616,0.00149,0.50995
CVE-2020-13617,0.00178,0.55045
CVE-2020-13619,0.00675,0.77778
CVE-2020-1362,0.00043,0.07315
CVE-2020-13620,0.00184,0.55799
CVE-2020-13622,0.00105,0.42589
CVE-2020-13623,0.00115,0.45086
CVE-2020-13625,0.00820,0.80049
CVE-2020-13626,0.00059,0.22998
CVE-2020-13627,0.00129,0.47670
CVE-2020-13628,0.00129,0.47670
CVE-2020-1363,0.00043,0.07315
CVE-2020-13630,0.00056,0.20994
CVE-2020-13631,0.00105,0.42531
CVE-2020-13632,0.00092,0.38803
CVE-2020-13633,0.00078,0.32606
CVE-2020-13634,0.00042,0.05722
CVE-2020-13637,0.00101,0.41146
CVE-2020-13638,0.40812,0.96954
CVE-2020-13639,0.00147,0.50619
CVE-2020-1364,0.00043,0.07315
CVE-2020-13640,0.00183,0.55702
CVE-2020-13641,0.00109,0.43900
CVE-2020-13642,0.00109,0.43900
CVE-2020-13643,0.00109,0.43900
CVE-2020-13644,0.00053,0.18833
CVE-2020-13645,0.00490,0.73646
CVE-2020-13646,0.00042,0.05722
CVE-2020-13649,0.00147,0.50696
CVE-2020-1365,0.00043,0.07315
CVE-2020-13650,0.00168,0.53801
CVE-2020-13651,0.00063,0.25378
CVE-2020-13652,0.00061,0.23827
CVE-2020-13653,0.00100,0.40881
CVE-2020-13654,0.00200,0.57935
CVE-2020-13655,0.00092,0.38715
CVE-2020-13656,0.00783,0.79559
CVE-2020-13657,0.00042,0.05722
CVE-2020-13658,0.00111,0.44216
CVE-2020-13659,0.00047,0.13971
CVE-2020-1366,0.00043,0.07315
CVE-2020-13660,0.00058,0.22005
CVE-2020-13661,0.00192,0.56898
CVE-2020-13662,0.00078,0.32606
CVE-2020-13663,0.00075,0.30890
CVE-2020-13664,0.00490,0.73631
CVE-2020-13665,0.00308,0.66926
CVE-2020-13666,0.00078,0.32606
CVE-2020-13667,0.00084,0.34791
CVE-2020-13668,0.00072,0.29847
CVE-2020-13669,0.00072,0.29847
CVE-2020-1367,0.00043,0.07315
CVE-2020-13670,0.00153,0.51542
CVE-2020-13671,0.01243,0.84077
CVE-2020-13672,0.00056,0.21021
CVE-2020-13673,0.00052,0.18167
CVE-2020-13674,0.00053,0.19044
CVE-2020-13675,0.00197,0.57609
CVE-2020-13676,0.00092,0.38731
CVE-2020-13677,0.00116,0.45303
CVE-2020-1368,0.00043,0.07315
CVE-2020-13688,0.00073,0.30345
CVE-2020-1369,0.00043,0.07315
CVE-2020-13692,0.01304,0.84496
CVE-2020-13693,0.84659,0.98263
CVE-2020-13694,0.00400,0.70972
CVE-2020-13695,0.00088,0.36942
CVE-2020-13696,0.00042,0.05722
CVE-2020-13697,0.00066,0.27550
CVE-2020-13699,0.19586,0.95882
CVE-2020-1370,0.00043,0.07315
CVE-2020-13700,0.01831,0.86994
CVE-2020-13702,0.00273,0.64709
CVE-2020-1371,0.00043,0.07315
CVE-2020-1372,0.00043,0.07315
CVE-2020-1373,0.00043,0.07315
CVE-2020-1374,0.01164,0.83459
CVE-2020-1375,0.00043,0.07315
CVE-2020-13753,0.00340,0.68536
CVE-2020-13754,0.00045,0.11966
CVE-2020-13756,0.01535,0.85769
CVE-2020-13757,0.00246,0.62697
CVE-2020-13758,0.00087,0.36434
CVE-2020-13759,0.00147,0.50696
CVE-2020-1376,0.00043,0.07315
CVE-2020-13760,0.00073,0.30112
CVE-2020-13761,0.00103,0.41747
CVE-2020-13762,0.00103,0.41747
CVE-2020-13763,0.00077,0.31988
CVE-2020-13764,0.00178,0.55045
CVE-2020-13765,0.00353,0.69098
CVE-2020-13767,0.00178,0.55045
CVE-2020-13768,0.00611,0.76441
CVE-2020-13769,0.00086,0.35633
CVE-2020-1377,0.00053,0.18888
CVE-2020-13770,0.00044,0.10161
CVE-2020-13771,0.00072,0.29986
CVE-2020-13772,0.00119,0.46037
CVE-2020-13773,0.00082,0.34232
CVE-2020-13774,0.00365,0.69649
CVE-2020-13775,0.00193,0.57276
CVE-2020-13776,0.00044,0.10161
CVE-2020-13777,0.00273,0.64739
CVE-2020-13778,0.09770,0.94295
CVE-2020-1378,0.05835,0.92683
CVE-2020-13782,0.00444,0.72347
CVE-2020-13783,0.00276,0.64888
CVE-2020-13784,0.00587,0.75913
CVE-2020-13785,0.00162,0.52875
CVE-2020-13786,0.00121,0.46362
CVE-2020-13787,0.00276,0.64888
CVE-2020-13788,0.00081,0.33777
CVE-2020-1379,0.00061,0.23815
CVE-2020-13790,0.00798,0.79805
CVE-2020-13791,0.00042,0.05722
CVE-2020-13792,0.00081,0.33903
CVE-2020-13793,0.00165,0.53209
CVE-2020-13794,0.00081,0.33777
CVE-2020-13795,0.00104,0.42252
CVE-2020-13796,0.00078,0.32606
CVE-2020-13797,0.00078,0.32606
CVE-2020-13798,0.00078,0.32606
CVE-2020-13799,0.00087,0.35990
CVE-2020-1380,0.23053,0.96132
CVE-2020-13800,0.00045,0.11966
CVE-2020-13802,0.41373,0.96974
CVE-2020-13803,0.00147,0.50665
CVE-2020-13804,0.00186,0.55913
CVE-2020-13805,0.00198,0.57728
CVE-2020-13806,0.00123,0.46654
CVE-2020-13807,0.00103,0.41969
CVE-2020-13808,0.00103,0.41969
CVE-2020-13809,0.00103,0.41969
CVE-2020-1381,0.86415,0.98353
CVE-2020-13810,0.00147,0.50665
CVE-2020-13811,0.00060,0.23546
CVE-2020-13812,0.00058,0.21566
CVE-2020-13813,0.00058,0.21566
CVE-2020-13814,0.00198,0.57728
CVE-2020-13815,0.00103,0.41969
CVE-2020-13817,0.03288,0.90373
CVE-2020-13818,0.15760,0.95449
CVE-2020-13819,0.00095,0.39582
CVE-2020-1382,0.86415,0.98353
CVE-2020-13820,0.00289,0.65746
CVE-2020-13821,0.00054,0.20290
CVE-2020-13822,0.00353,0.69128
CVE-2020-13825,0.00131,0.48045
CVE-2020-13826,0.00160,0.52628
CVE-2020-13827,0.00096,0.40015
CVE-2020-13828,0.00066,0.27429
CVE-2020-13829,0.00066,0.27588
CVE-2020-1383,0.00043,0.07315
CVE-2020-13830,0.00080,0.33409
CVE-2020-13831,0.00106,0.42770
CVE-2020-13832,0.00193,0.57262
CVE-2020-13833,0.00082,0.34051
CVE-2020-13834,0.00066,0.27588
CVE-2020-13835,0.00106,0.42770
CVE-2020-13836,0.00131,0.48022
CVE-2020-13837,0.00046,0.13831
CVE-2020-13838,0.00046,0.13831
CVE-2020-13839,0.00173,0.54509
CVE-2020-1384,0.00043,0.07315
CVE-2020-13840,0.00173,0.54509
CVE-2020-13841,0.00147,0.50675
CVE-2020-13842,0.00044,0.10161
CVE-2020-13843,0.00042,0.05722
CVE-2020-13844,0.00051,0.16912
CVE-2020-13845,0.00110,0.44007
CVE-2020-13846,0.00104,0.42351
CVE-2020-13847,0.00110,0.44007
CVE-2020-13848,0.02311,0.88643
CVE-2020-13849,0.00205,0.58512
CVE-2020-1385,0.00043,0.07315
CVE-2020-13850,0.00277,0.64940
CVE-2020-13851,0.96952,0.99674
CVE-2020-13852,0.90178,0.98584
CVE-2020-13853,0.00053,0.18833
CVE-2020-13854,0.00489,0.73599
CVE-2020-13855,0.90178,0.98584
CVE-2020-13856,0.00164,0.53040
CVE-2020-13857,0.00115,0.45114
CVE-2020-13858,0.00225,0.60846
CVE-2020-13859,0.00140,0.49683
CVE-2020-1386,0.00043,0.07315
CVE-2020-13860,0.00164,0.53040
CVE-2020-13863,0.00104,0.42231
CVE-2020-13864,0.00058,0.22585
CVE-2020-13865,0.00058,0.22585
CVE-2020-13866,0.00058,0.21920
CVE-2020-13867,0.00047,0.14180
CVE-2020-13868,0.00053,0.19032
CVE-2020-13869,0.00054,0.20290
CVE-2020-1387,0.00043,0.07315
CVE-2020-13870,0.00054,0.20290
CVE-2020-13871,0.00975,0.81792
CVE-2020-13872,0.00735,0.78850
CVE-2020-13873,0.03961,0.91173
CVE-2020-13877,0.00237,0.61843
CVE-2020-13878,0.00091,0.38380
CVE-2020-13879,0.00091,0.38380
CVE-2020-1388,0.00043,0.07315
CVE-2020-13880,0.00091,0.38380
CVE-2020-13881,0.00227,0.61038
CVE-2020-13882,0.00045,0.12312
CVE-2020-13883,0.00081,0.33872
CVE-2020-13884,0.00042,0.05722
CVE-2020-13885,0.00042,0.05722
CVE-2020-13886,0.00189,0.56446
CVE-2020-13887,0.00232,0.61415
CVE-2020-13888,0.00054,0.20290
CVE-2020-13889,0.00058,0.22585
CVE-2020-1389,0.00043,0.07315
CVE-2020-13890,0.00058,0.22585
CVE-2020-13891,0.00168,0.53801
CVE-2020-13892,0.00054,0.20290
CVE-2020-13893,0.00054,0.20290
CVE-2020-13894,0.00327,0.67923
CVE-2020-13895,0.00212,0.59196
CVE-2020-13896,0.00249,0.62886
CVE-2020-13897,0.00078,0.32606
CVE-2020-13898,0.00320,0.67570
CVE-2020-13899,0.00276,0.64886
CVE-2020-1390,0.00043,0.07315
CVE-2020-13900,0.00320,0.67570
CVE-2020-13901,0.00527,0.74596
CVE-2020-13902,0.00066,0.27209
CVE-2020-13904,0.00141,0.49721
CVE-2020-13905,0.00220,0.59957
CVE-2020-13906,0.00070,0.28841
CVE-2020-13909,0.00235,0.61731
CVE-2020-1391,0.00043,0.07315
CVE-2020-13910,0.00222,0.60556
CVE-2020-13911,0.00058,0.22585
CVE-2020-13912,0.00042,0.05722
CVE-2020-13913,0.00232,0.61410
CVE-2020-13914,0.00431,0.71913
CVE-2020-13915,0.00402,0.71026
CVE-2020-13916,0.00156,0.51909
CVE-2020-13917,0.00274,0.64792
CVE-2020-13918,0.00491,0.73661
CVE-2020-13919,0.00527,0.74594
CVE-2020-1392,0.00043,0.07315
CVE-2020-13920,0.00321,0.67644
CVE-2020-13921,0.01213,0.83850
CVE-2020-13922,0.00088,0.37168
CVE-2020-13923,0.00377,0.70099
CVE-2020-13924,0.00145,0.50303
CVE-2020-13925,0.00450,0.72515
CVE-2020-13926,0.00170,0.54107
CVE-2020-13927,0.96924,0.99664
CVE-2020-13928,0.00186,0.55926
CVE-2020-13929,0.00273,0.64703
CVE-2020-1393,0.00043,0.07315
CVE-2020-13931,0.00180,0.55275
CVE-2020-13932,0.00392,0.70718
CVE-2020-13933,0.00182,0.55601
CVE-2020-13934,0.89008,0.98506
CVE-2020-13935,0.17650,0.95692
CVE-2020-13936,0.00224,0.60779
CVE-2020-13937,0.97404,0.99918
CVE-2020-13938,0.00042,0.05722
CVE-2020-1394,0.00043,0.07315
CVE-2020-13940,0.00044,0.10372
CVE-2020-13941,0.00642,0.77095
CVE-2020-13942,0.97256,0.99822
CVE-2020-13943,0.00102,0.41392
CVE-2020-13944,0.00425,0.71751
CVE-2020-13945,0.00499,0.73859
CVE-2020-13946,0.00064,0.26320
CVE-2020-13947,0.04502,0.91676
CVE-2020-13948,0.00129,0.47747
CVE-2020-13949,0.06646,0.93149
CVE-2020-1395,0.00043,0.07315
CVE-2020-13950,0.00514,0.74253
CVE-2020-13951,0.08913,0.94023
CVE-2020-13952,0.00067,0.27748
CVE-2020-13953,0.00182,0.55550
CVE-2020-13954,0.16529,0.95539
CVE-2020-13955,0.00058,0.21565
CVE-2020-13956,0.00162,0.52889
CVE-2020-13957,0.67436,0.97671
CVE-2020-13958,0.00064,0.26280
CVE-2020-13959,0.00524,0.74515
CVE-2020-1396,0.00043,0.07315
CVE-2020-13960,0.00203,0.58263
CVE-2020-13961,0.00110,0.44017
CVE-2020-13962,0.00508,0.74109
CVE-2020-13963,0.00295,0.66128
CVE-2020-13964,0.04150,0.91365
CVE-2020-13965,0.00343,0.68664
CVE-2020-13968,0.00308,0.66935
CVE-2020-13969,0.00083,0.34473
CVE-2020-1397,0.43490,0.97036
CVE-2020-13970,0.00104,0.42231
CVE-2020-13971,0.00054,0.20290
CVE-2020-13972,0.00087,0.36434
CVE-2020-13973,0.00083,0.34473
CVE-2020-13974,0.00077,0.31957
CVE-2020-13976,0.00714,0.78502
CVE-2020-13977,0.00160,0.52667
CVE-2020-13978,0.00282,0.65339
CVE-2020-1398,0.00059,0.22820
CVE-2020-13980,0.00072,0.29718
CVE-2020-13984,0.00095,0.39695
CVE-2020-13985,0.00135,0.48831
CVE-2020-13986,0.00095,0.39695
CVE-2020-13987,0.00167,0.53443
CVE-2020-13988,0.00131,0.47954
CVE-2020-1399,0.00043,0.07315
CVE-2020-13991,0.00366,0.69660
CVE-2020-13992,0.00270,0.64511
CVE-2020-13993,0.00322,0.67660
CVE-2020-13994,0.00128,0.47399
CVE-2020-13995,0.00611,0.76441
CVE-2020-13996,0.00087,0.36089
CVE-2020-13997,0.00178,0.55045
CVE-2020-13998,0.00162,0.52826
CVE-2020-13999,0.00100,0.40840
CVE-2020-1400,0.00575,0.75669
CVE-2020-14000,0.02091,0.87993
CVE-2020-14001,0.01214,0.83853
CVE-2020-14002,0.00262,0.64004
CVE-2020-14004,0.00052,0.17667
CVE-2020-14005,0.03857,0.91071
CVE-2020-14006,0.00058,0.22585
CVE-2020-14007,0.00058,0.22585
CVE-2020-14008,0.12204,0.94910
CVE-2020-14009,0.00091,0.38445
CVE-2020-1401,0.01263,0.84227
CVE-2020-14010,0.00087,0.36434
CVE-2020-14011,0.02254,0.88496
CVE-2020-14012,0.00058,0.22585
CVE-2020-14014,0.00053,0.18833
CVE-2020-14015,0.00102,0.41475
CVE-2020-14016,0.00126,0.47113
CVE-2020-14017,0.00433,0.72002
CVE-2020-14018,0.00087,0.36434
CVE-2020-14019,0.00044,0.10161
CVE-2020-1402,0.00043,0.07315
CVE-2020-14021,0.00119,0.46020
CVE-2020-14022,0.00402,0.71015
CVE-2020-14023,0.00079,0.32837
CVE-2020-14024,0.00092,0.38799
CVE-2020-14025,0.00119,0.45961
CVE-2020-14026,0.00577,0.75720
CVE-2020-14027,0.00079,0.33197
CVE-2020-14028,0.00082,0.33965
CVE-2020-14029,0.00293,0.66039
CVE-2020-1403,0.01164,0.83459
CVE-2020-14030,0.00119,0.45974
CVE-2020-14031,0.00109,0.43614
CVE-2020-14032,0.00307,0.66824
CVE-2020-14033,0.00261,0.63920
CVE-2020-14034,0.00261,0.63920
CVE-2020-14039,0.00234,0.61597
CVE-2020-1404,0.00043,0.07315
CVE-2020-14040,0.00116,0.45451
CVE-2020-14042,0.00085,0.35389
CVE-2020-14043,0.03151,0.90164
CVE-2020-14044,0.03662,0.90848
CVE-2020-14048,0.00384,0.70349
CVE-2020-14049,0.00261,0.63869
CVE-2020-1405,0.00043,0.07315
CVE-2020-14054,0.00165,0.53191
CVE-2020-14055,0.00084,0.35108
CVE-2020-14056,0.00244,0.62506
CVE-2020-14057,0.01444,0.85302
CVE-2020-14058,0.00480,0.73346
CVE-2020-14059,0.00278,0.65064
CVE-2020-1406,0.00043,0.07315
CVE-2020-14060,0.07887,0.93651
CVE-2020-14061,0.02602,0.89259
CVE-2020-14062,0.04083,0.91307
CVE-2020-14063,0.00120,0.46180
CVE-2020-14064,0.00054,0.20290
CVE-2020-14065,0.00142,0.49886
CVE-2020-14066,0.00362,0.69496
CVE-2020-14067,0.00195,0.57387
CVE-2020-14068,0.00151,0.51253
CVE-2020-14069,0.00068,0.28046
CVE-2020-1407,0.01263,0.84227
CVE-2020-14070,0.00341,0.68559
CVE-2020-14071,0.00084,0.35108
CVE-2020-14072,0.00289,0.65770
CVE-2020-14073,0.00686,0.78020
CVE-2020-14074,0.00136,0.49017
CVE-2020-14075,0.00176,0.54797
CVE-2020-14076,0.08461,0.93854
CVE-2020-14077,0.00136,0.49017
CVE-2020-14078,0.00136,0.49017
CVE-2020-14079,0.06478,0.93054
CVE-2020-1408,0.02980,0.89911
CVE-2020-14080,0.00647,0.77170
CVE-2020-14081,0.00184,0.55808
CVE-2020-1409,0.01263,0.84227
CVE-2020-14092,0.66877,0.97658
CVE-2020-14093,0.00318,0.67452
CVE-2020-14094,0.00659,0.77426
CVE-2020-14095,0.00446,0.72392
CVE-2020-14096,0.00222,0.60556
CVE-2020-14097,0.00084,0.34791
CVE-2020-14098,0.00073,0.30345
CVE-2020-14099,0.00107,0.43043
CVE-2020-1410,0.01263,0.84227
CVE-2020-14100,0.00944,0.81470
CVE-2020-14101,0.00190,0.56638
CVE-2020-14102,0.00110,0.44111
CVE-2020-14103,0.00066,0.27209
CVE-2020-14104,0.00222,0.60556
CVE-2020-14105,0.00044,0.10161
CVE-2020-14106,0.00066,0.27209
CVE-2020-14107,0.00089,0.37607
CVE-2020-14109,0.00090,0.37891
CVE-2020-1411,0.00043,0.07315
CVE-2020-14110,0.00044,0.10161
CVE-2020-14111,0.00044,0.10161
CVE-2020-14112,0.00072,0.29847
CVE-2020-14114,0.00145,0.50349
CVE-2020-14115,0.00152,0.51471
CVE-2020-14116,0.00073,0.30380
CVE-2020-14117,0.00072,0.29847
CVE-2020-14118,0.00072,0.29847
CVE-2020-14119,0.00133,0.48425
CVE-2020-1412,0.02070,0.87915
CVE-2020-14120,0.00201,0.58090
CVE-2020-14121,0.00042,0.05722
CVE-2020-14122,0.00044,0.10161
CVE-2020-14123,0.00089,0.37607
CVE-2020-14124,0.00293,0.66067
CVE-2020-14125,0.00089,0.37607
CVE-2020-14126,0.00145,0.50349
CVE-2020-14127,0.00164,0.53109
CVE-2020-14129,0.00108,0.43435
CVE-2020-1413,0.00043,0.07315
CVE-2020-14130,0.00072,0.29847
CVE-2020-14131,0.00170,0.54075
CVE-2020-1414,0.00043,0.07315
CVE-2020-14140,0.00059,0.22982
CVE-2020-14144,0.97230,0.99811
CVE-2020-14145,0.00209,0.58858
CVE-2020-14146,0.00053,0.18833
CVE-2020-14147,0.00306,0.66756
CVE-2020-14148,0.00532,0.74693
CVE-2020-14149,0.00356,0.69238
CVE-2020-1415,0.00043,0.07315
CVE-2020-14150,0.00044,0.10161
CVE-2020-14152,0.00084,0.34626
CVE-2020-14153,0.00164,0.53115
CVE-2020-14154,0.00148,0.50754
CVE-2020-14155,0.00462,0.72839
CVE-2020-14156,0.00166,0.53380
CVE-2020-14157,0.00095,0.39651
CVE-2020-14158,0.00127,0.47345
CVE-2020-14159,0.00105,0.42466
CVE-2020-1416,0.00616,0.76579
CVE-2020-14160,0.00201,0.58120
CVE-2020-14161,0.00071,0.29203
CVE-2020-14162,0.00059,0.22804
CVE-2020-14163,0.00178,0.55045
CVE-2020-14164,0.00113,0.44648
CVE-2020-14165,0.00189,0.56459
CVE-2020-14166,0.00177,0.54890
CVE-2020-14167,0.00254,0.63282
CVE-2020-14168,0.00349,0.68940
CVE-2020-14169,0.00113,0.44648
CVE-2020-1417,0.00043,0.07315
CVE-2020-14170,0.00082,0.34183
CVE-2020-14171,0.00349,0.68940
CVE-2020-14172,0.00280,0.65190
CVE-2020-14173,0.00066,0.27429
CVE-2020-14174,0.00082,0.34183
CVE-2020-14175,0.00066,0.27429
CVE-2020-14177,0.00142,0.49886
CVE-2020-14178,0.01307,0.84518
CVE-2020-14179,0.00927,0.81303
CVE-2020-1418,0.00043,0.07315
CVE-2020-14180,0.00082,0.34183
CVE-2020-14181,0.96363,0.99464
CVE-2020-14183,0.00082,0.34183
CVE-2020-14184,0.00066,0.27429
CVE-2020-14185,0.00225,0.60844
CVE-2020-14188,0.00541,0.74938
CVE-2020-14189,0.00541,0.74938
CVE-2020-1419,0.00043,0.07315
CVE-2020-14190,0.00236,0.61760
CVE-2020-14191,0.00208,0.58747
CVE-2020-14192,0.00082,0.34183
CVE-2020-14193,0.00079,0.33111
CVE-2020-14194,0.00078,0.32606
CVE-2020-14195,0.02609,0.89276
CVE-2020-14196,0.00251,0.63156
CVE-2020-14198,0.00514,0.74271
CVE-2020-14199,0.00075,0.30975
CVE-2020-1420,0.00043,0.07315
CVE-2020-14201,0.00082,0.33945
CVE-2020-14202,0.00087,0.36434
CVE-2020-14203,0.00112,0.44586
CVE-2020-14204,0.00548,0.75107
CVE-2020-14205,0.00100,0.40987
CVE-2020-14206,0.00092,0.38799
CVE-2020-14207,0.00085,0.35190
CVE-2020-14208,0.00066,0.27429
CVE-2020-14209,0.00776,0.79477
CVE-2020-1421,0.08964,0.94042
CVE-2020-14210,0.00084,0.35108
CVE-2020-14212,0.00238,0.61956
CVE-2020-14213,0.00054,0.20290
CVE-2020-14214,0.00090,0.37972
CVE-2020-14215,0.00084,0.34791
CVE-2020-1422,0.00043,0.07315
CVE-2020-14221,0.00065,0.26756
CVE-2020-14222,0.00078,0.32606
CVE-2020-14223,0.00078,0.32606
CVE-2020-14224,0.00491,0.73652
CVE-2020-14225,0.00222,0.60398
CVE-2020-1423,0.00043,0.07315
CVE-2020-14230,0.00215,0.59596
CVE-2020-14231,0.00094,0.39456
CVE-2020-14232,0.00096,0.39884
CVE-2020-14234,0.00103,0.41969
CVE-2020-1424,0.00043,0.07315
CVE-2020-14240,0.00078,0.32606
CVE-2020-14244,0.00491,0.73652
CVE-2020-14245,0.00222,0.60556
CVE-2020-14246,0.00168,0.53801
CVE-2020-14247,0.00084,0.34791
CVE-2020-14248,0.00154,0.51643
CVE-2020-1425,0.01749,0.86664
CVE-2020-14254,0.00168,0.53801
CVE-2020-14255,0.00168,0.53801
CVE-2020-14258,0.00215,0.59596
CVE-2020-1426,0.00043,0.07315
CVE-2020-14260,0.00250,0.62982
CVE-2020-14263,0.00044,0.10161
CVE-2020-14264,0.00044,0.10161
CVE-2020-14268,0.00491,0.73652
CVE-2020-1427,0.00043,0.07315
CVE-2020-14270,0.00089,0.37649
CVE-2020-14271,0.00151,0.51276
CVE-2020-14273,0.00211,0.59062
CVE-2020-14274,0.00349,0.68953
CVE-2020-14275,0.00208,0.58788
CVE-2020-1428,0.00043,0.07315
CVE-2020-1429,0.00043,0.07315
CVE-2020-14292,0.00164,0.53120
CVE-2020-14293,0.02971,0.89898
CVE-2020-14294,0.00224,0.60758
CVE-2020-14295,0.32448,0.96632
CVE-2020-14296,0.00065,0.26756
CVE-2020-14297,0.00068,0.28144
CVE-2020-14298,0.00042,0.05722
CVE-2020-14299,0.00068,0.28144
CVE-2020-1430,0.00043,0.07315
CVE-2020-14300,0.00052,0.17661
CVE-2020-14301,0.00092,0.38731
CVE-2020-14302,0.00054,0.20290
CVE-2020-14303,0.01518,0.85690
CVE-2020-14304,0.00042,0.05722
CVE-2020-14305,0.03251,0.90323
CVE-2020-14306,0.00104,0.42274
CVE-2020-14307,0.00068,0.28144
CVE-2020-14308,0.00045,0.11966
CVE-2020-14309,0.00050,0.15960
CVE-2020-1431,0.00043,0.07315
CVE-2020-14310,0.00050,0.15960
CVE-2020-14311,0.00050,0.15960
CVE-2020-14312,0.00087,0.35949
CVE-2020-14313,0.00054,0.20290
CVE-2020-14314,0.00042,0.05722
CVE-2020-14315,0.00327,0.67926
CVE-2020-14316,0.00087,0.36023
CVE-2020-14317,0.00044,0.10161
CVE-2020-14318,0.00061,0.23929
CVE-2020-14319,0.00053,0.19032
CVE-2020-1432,0.01839,0.87047
CVE-2020-14320,0.00070,0.28928
CVE-2020-14321,0.10480,0.94502
CVE-2020-14322,0.00086,0.35826
CVE-2020-14323,0.00059,0.23116
CVE-2020-14324,0.00140,0.49713
CVE-2020-14325,0.00178,0.55045
CVE-2020-14326,0.00086,0.35600
CVE-2020-14327,0.00044,0.10161
CVE-2020-14328,0.00044,0.10161
CVE-2020-14329,0.00044,0.10161
CVE-2020-1433,0.43490,0.97036
CVE-2020-14330,0.00061,0.24182
CVE-2020-14331,0.00042,0.05722
CVE-2020-14332,0.00047,0.13894
CVE-2020-14333,0.00078,0.32606
CVE-2020-14334,0.00044,0.10161
CVE-2020-14335,0.00044,0.10161
CVE-2020-14336,0.00068,0.28144
CVE-2020-14337,0.00137,0.49097
CVE-2020-14338,0.00090,0.37972
CVE-2020-14339,0.00044,0.10161
CVE-2020-1434,0.00043,0.07315
CVE-2020-14340,0.00107,0.43166
CVE-2020-14341,0.00054,0.20290
CVE-2020-14342,0.00157,0.52191
CVE-2020-14343,0.00270,0.64535
CVE-2020-14344,0.00051,0.17434
CVE-2020-14345,0.00048,0.14641
CVE-2020-14346,0.00048,0.14641
CVE-2020-14347,0.00048,0.14641
CVE-2020-14348,0.00072,0.29893
CVE-2020-14349,0.00230,0.61262
CVE-2020-1435,0.03799,0.91018
CVE-2020-14350,0.00045,0.11966
CVE-2020-14351,0.00092,0.38764
CVE-2020-14352,0.00180,0.55272
CVE-2020-14354,0.00053,0.18558
CVE-2020-14355,0.00322,0.67674
CVE-2020-14356,0.00042,0.05722
CVE-2020-14359,0.00104,0.42024
CVE-2020-1436,0.06362,0.92989
CVE-2020-14360,0.00045,0.12491
CVE-2020-14361,0.00053,0.19047
CVE-2020-14362,0.00053,0.19047
CVE-2020-14363,0.00042,0.05722
CVE-2020-14364,0.00047,0.14004
CVE-2020-14365,0.00044,0.10161
CVE-2020-14366,0.00172,0.54296
CVE-2020-14367,0.00042,0.05722
CVE-2020-14368,0.00057,0.21324
CVE-2020-14369,0.00053,0.19032
CVE-2020-1437,0.00043,0.07315
CVE-2020-14370,0.00141,0.49771
CVE-2020-14371,0.00065,0.26756
CVE-2020-14372,0.00045,0.11966
CVE-2020-14373,0.00042,0.05722
CVE-2020-14374,0.00050,0.15960
CVE-2020-14375,0.00045,0.11966
CVE-2020-14376,0.00050,0.15960
CVE-2020-14377,0.00045,0.11966
CVE-2020-14378,0.00047,0.13971
CVE-2020-14379,0.00043,0.06775
CVE-2020-1438,0.00043,0.07315
CVE-2020-14380,0.00083,0.34464
CVE-2020-14381,0.00042,0.05722
CVE-2020-14382,0.00091,0.38448
CVE-2020-14383,0.00138,0.49346
CVE-2020-14384,0.00087,0.35949
CVE-2020-14385,0.00045,0.11966
CVE-2020-14386,0.00045,0.11966
CVE-2020-14387,0.00167,0.53450
CVE-2020-14388,0.00072,0.29893
CVE-2020-14389,0.00065,0.26756
CVE-2020-1439,0.00858,0.80518
CVE-2020-14390,0.00045,0.11966
CVE-2020-14391,0.00042,0.05722
CVE-2020-14392,0.00042,0.05722
CVE-2020-14393,0.00042,0.05722
CVE-2020-14394,0.00045,0.12069
CVE-2020-14396,0.00136,0.49024
CVE-2020-14397,0.01539,0.85790
CVE-2020-14398,0.00605,0.76325
CVE-2020-14399,0.01810,0.86899
CVE-2020-1440,0.00174,0.54664
CVE-2020-14400,0.01810,0.86899
CVE-2020-14401,0.01004,0.82084
CVE-2020-14402,0.00109,0.43529
CVE-2020-14403,0.00092,0.38854
CVE-2020-14404,0.00092,0.38736
CVE-2020-14405,0.00133,0.48298
CVE-2020-14408,0.00113,0.44705
CVE-2020-14409,0.00144,0.50238
CVE-2020-14410,0.00263,0.64034
CVE-2020-14412,0.00182,0.55543
CVE-2020-14413,0.00095,0.39714
CVE-2020-14414,0.00182,0.55543
CVE-2020-14415,0.00044,0.10161
CVE-2020-14416,0.00046,0.12543
CVE-2020-14418,0.00042,0.05722
CVE-2020-1442,0.00085,0.35306
CVE-2020-14421,0.02134,0.88156
CVE-2020-14422,0.00947,0.81504
CVE-2020-14423,0.00108,0.43474
CVE-2020-14424,0.00083,0.34302
CVE-2020-14425,0.01638,0.86247
CVE-2020-14426,0.00070,0.29068
CVE-2020-14427,0.00070,0.29068
CVE-2020-14428,0.00070,0.29068
CVE-2020-14429,0.00070,0.29068
CVE-2020-1443,0.00053,0.18650
CVE-2020-14430,0.00070,0.29068
CVE-2020-14431,0.00070,0.29068
CVE-2020-14432,0.00073,0.30112
CVE-2020-14433,0.00044,0.10161
CVE-2020-14434,0.00044,0.10161
CVE-2020-14435,0.00078,0.32271
CVE-2020-14436,0.00078,0.32271
CVE-2020-14437,0.00078,0.32271
CVE-2020-14438,0.00078,0.32271
CVE-2020-14439,0.00078,0.32271
CVE-2020-1444,0.00720,0.78611
CVE-2020-14440,0.00078,0.32271
CVE-2020-14441,0.00078,0.32271
CVE-2020-14442,0.00078,0.32271
CVE-2020-14443,0.00110,0.44091
CVE-2020-14444,0.00058,0.22585
CVE-2020-14445,0.00058,0.22585
CVE-2020-14446,0.00112,0.44327
CVE-2020-14447,0.00103,0.41969
CVE-2020-14448,0.00103,0.41969
CVE-2020-14449,0.00168,0.53801
CVE-2020-1445,0.01587,0.86022
CVE-2020-14450,0.00103,0.41969
CVE-2020-14451,0.00168,0.53801
CVE-2020-14452,0.00096,0.39991
CVE-2020-14453,0.00103,0.41969
CVE-2020-14454,0.00078,0.32606
CVE-2020-14455,0.00154,0.51729
CVE-2020-14456,0.00092,0.38838
CVE-2020-14457,0.00084,0.34791
CVE-2020-14458,0.00168,0.53801
CVE-2020-14459,0.00084,0.34791
CVE-2020-1446,0.03799,0.91018
CVE-2020-14460,0.00054,0.20290
CVE-2020-14461,0.09746,0.94287
CVE-2020-14462,0.00058,0.22585
CVE-2020-1447,0.03799,0.91018
CVE-2020-14470,0.00065,0.26756
CVE-2020-14472,0.00613,0.76509
CVE-2020-14473,0.00336,0.68391
CVE-2020-14474,0.01286,0.84390
CVE-2020-14475,0.00115,0.45113
CVE-2020-14477,0.00044,0.08189
CVE-2020-14478,0.00042,0.05766
CVE-2020-14479,0.00069,0.28747
CVE-2020-1448,0.03799,0.91018
CVE-2020-14480,0.00042,0.00438
CVE-2020-14481,0.00042,0.00438
CVE-2020-14482,0.00159,0.52371
CVE-2020-14483,0.00056,0.21068
CVE-2020-14484,0.00296,0.66240
CVE-2020-14485,0.00580,0.75796
CVE-2020-14486,0.00124,0.46813
CVE-2020-14487,0.00276,0.64913
CVE-2020-14488,0.00104,0.42231
CVE-2020-14489,0.00162,0.52844
CVE-2020-1449,0.00922,0.81248
CVE-2020-14490,0.00159,0.52427
CVE-2020-14491,0.00065,0.26756
CVE-2020-14492,0.00089,0.37212
CVE-2020-14493,0.00124,0.46813
CVE-2020-14494,0.00209,0.58931
CVE-2020-14496,0.00193,0.57259
CVE-2020-14497,0.00841,0.80327
CVE-2020-14498,0.00510,0.74161
CVE-2020-14499,0.00969,0.81738
CVE-2020-1450,0.00068,0.27963
CVE-2020-14500,0.00213,0.59361
CVE-2020-14501,0.00415,0.71470
CVE-2020-14502,0.00048,0.14244
CVE-2020-14503,0.00763,0.79272
CVE-2020-14504,0.00054,0.19191
CVE-2020-14505,0.00402,0.71034
CVE-2020-14506,0.00051,0.17435
CVE-2020-14507,0.00431,0.71919
CVE-2020-14508,0.00310,0.66989
CVE-2020-14509,0.00213,0.59361
CVE-2020-1451,0.00068,0.27963
CVE-2020-14510,0.00392,0.70710
CVE-2020-14511,0.00589,0.75998
CVE-2020-14512,0.00162,0.52844
CVE-2020-14513,0.00100,0.40789
CVE-2020-14514,0.00056,0.21068
CVE-2020-14515,0.00080,0.33470
CVE-2020-14516,0.00395,0.70813
CVE-2020-14517,0.00144,0.50269
CVE-2020-14518,0.00080,0.33470
CVE-2020-14519,0.00080,0.33470
CVE-2020-1452,0.00670,0.77705
CVE-2020-14520,0.00258,0.63641
CVE-2020-14521,0.00291,0.65904
CVE-2020-14522,0.00100,0.40789
CVE-2020-14523,0.00700,0.78248
CVE-2020-14524,0.00544,0.75014
CVE-2020-14525,0.00044,0.08189
CVE-2020-14527,0.00181,0.55499
CVE-2020-14528,0.00083,0.34568
CVE-2020-14529,0.00054,0.20290
CVE-2020-1453,0.00670,0.77705
CVE-2020-14530,0.00194,0.57348
CVE-2020-14531,0.00181,0.55499
CVE-2020-14532,0.00083,0.34568
CVE-2020-14533,0.00054,0.20290
CVE-2020-14534,0.00192,0.56973
CVE-2020-14535,0.00194,0.57348
CVE-2020-14536,0.00194,0.57348
CVE-2020-14537,0.00046,0.12654
CVE-2020-14539,0.00185,0.55865
CVE-2020-1454,0.00054,0.19349
CVE-2020-14540,0.00102,0.41353
CVE-2020-14541,0.00054,0.20290
CVE-2020-14542,0.00045,0.12178
CVE-2020-14543,0.00045,0.12178
CVE-2020-14544,0.00054,0.20290
CVE-2020-14545,0.00046,0.12654
CVE-2020-14546,0.00054,0.20290
CVE-2020-14547,0.00102,0.41353
CVE-2020-14548,0.00083,0.34568
CVE-2020-14549,0.00181,0.55499
CVE-2020-1455,0.00144,0.50194
CVE-2020-14550,0.00185,0.55865
CVE-2020-14551,0.00054,0.20290
CVE-2020-14552,0.00064,0.26124
CVE-2020-14553,0.00089,0.37309
CVE-2020-14554,0.00083,0.34568
CVE-2020-14555,0.00083,0.34568
CVE-2020-14556,0.00093,0.39156
CVE-2020-14557,0.00103,0.41643
CVE-2020-14558,0.00089,0.37649
CVE-2020-14559,0.00089,0.37309
CVE-2020-1456,0.00098,0.40326
CVE-2020-14560,0.00063,0.24890
CVE-2020-14561,0.00045,0.12178
CVE-2020-14562,0.00315,0.67304
CVE-2020-14563,0.00083,0.34568
CVE-2020-14564,0.00054,0.20290
CVE-2020-14565,0.00085,0.35227
CVE-2020-14566,0.00083,0.34568
CVE-2020-14567,0.00082,0.34198
CVE-2020-14568,0.00102,0.41252
CVE-2020-14569,0.00089,0.37370
CVE-2020-1457,0.01008,0.82107
CVE-2020-14570,0.00181,0.55499
CVE-2020-14571,0.00089,0.37649
CVE-2020-14572,0.00106,0.42994
CVE-2020-14573,0.00170,0.54115
CVE-2020-14574,0.00045,0.12178
CVE-2020-14575,0.00125,0.46996
CVE-2020-14576,0.00135,0.48680
CVE-2020-14577,0.00093,0.39156
CVE-2020-14578,0.00315,0.67304
CVE-2020-14579,0.00315,0.67304
CVE-2020-1458,0.00909,0.81096
CVE-2020-14580,0.00128,0.47498
CVE-2020-14581,0.00093,0.39156
CVE-2020-14582,0.00181,0.55499
CVE-2020-14583,0.00144,0.50206
CVE-2020-14584,0.00181,0.55499
CVE-2020-14585,0.00181,0.55499
CVE-2020-14586,0.00102,0.41252
CVE-2020-14587,0.00054,0.20290
CVE-2020-14588,0.00162,0.52874
CVE-2020-14589,0.00150,0.51082
CVE-2020-1459,0.00378,0.70165
CVE-2020-14590,0.00054,0.20290
CVE-2020-14591,0.00163,0.52934
CVE-2020-14592,0.00083,0.34568
CVE-2020-14593,0.00094,0.39399
CVE-2020-14594,0.00045,0.12178
CVE-2020-14595,0.00179,0.55243
CVE-2020-14596,0.00181,0.55499
CVE-2020-14597,0.00125,0.46996
CVE-2020-14598,0.00194,0.57348
CVE-2020-14599,0.00194,0.57348
CVE-2020-1460,0.00599,0.76190
CVE-2020-14600,0.00083,0.34568
CVE-2020-14601,0.00083,0.34568
CVE-2020-14602,0.00054,0.20290
CVE-2020-14603,0.00089,0.37649
CVE-2020-14604,0.00089,0.37649
CVE-2020-14605,0.00054,0.20290
CVE-2020-14606,0.00576,0.75717
CVE-2020-14607,0.00083,0.34568
CVE-2020-14608,0.00089,0.37649
CVE-2020-14609,0.00362,0.69514
CVE-2020-1461,0.00043,0.07315
CVE-2020-14610,0.00064,0.26124
CVE-2020-14611,0.00083,0.34278
CVE-2020-14612,0.00054,0.20290
CVE-2020-14613,0.00083,0.34568
CVE-2020-14614,0.00105,0.42630
CVE-2020-14615,0.00083,0.34568
CVE-2020-14616,0.00054,0.20290
CVE-2020-14617,0.00064,0.26124
CVE-2020-14618,0.00181,0.55499
CVE-2020-14619,0.00135,0.48680
CVE-2020-1462,0.01839,0.87047
CVE-2020-14620,0.00091,0.38072
CVE-2020-14621,0.00083,0.34255
CVE-2020-14622,0.10854,0.94610
CVE-2020-14623,0.00084,0.35136
CVE-2020-14624,0.00084,0.35136
CVE-2020-14625,0.69340,0.97726
CVE-2020-14626,0.00280,0.65194
CVE-2020-14627,0.00083,0.34568
CVE-2020-14628,0.00045,0.12520
CVE-2020-14629,0.00045,0.12520
CVE-2020-1463,0.00043,0.07315
CVE-2020-14630,0.00059,0.23219
CVE-2020-14631,0.00104,0.42312
CVE-2020-14632,0.00084,0.35136
CVE-2020-14633,0.00061,0.23895
CVE-2020-14634,0.00065,0.27049
CVE-2020-14635,0.00089,0.37649
CVE-2020-14636,0.00106,0.42994
CVE-2020-14637,0.00106,0.42994
CVE-2020-14638,0.00106,0.42994
CVE-2020-14639,0.02559,0.89167
CVE-2020-1464,0.09262,0.94139
CVE-2020-14640,0.00106,0.42994
CVE-2020-14641,0.00070,0.28779
CVE-2020-14642,0.00093,0.39046
CVE-2020-14643,0.00100,0.40888
CVE-2020-14644,0.04636,0.91795
CVE-2020-14645,0.04085,0.91309
CVE-2020-14646,0.00045,0.12520
CVE-2020-14647,0.00045,0.12520
CVE-2020-14648,0.00045,0.12520
CVE-2020-14649,0.00045,0.12520
CVE-2020-1465,0.00043,0.07315
CVE-2020-14650,0.00045,0.12520
CVE-2020-14651,0.00100,0.40888
CVE-2020-14652,0.00162,0.52874
CVE-2020-14653,0.00054,0.20290
CVE-2020-14654,0.00104,0.42312
CVE-2020-14655,0.00194,0.57348
CVE-2020-14656,0.00104,0.42312
CVE-2020-14657,0.00067,0.27814
CVE-2020-14658,0.00194,0.57348
CVE-2020-14659,0.00083,0.34568
CVE-2020-1466,0.00043,0.07315
CVE-2020-14660,0.00192,0.56973
CVE-2020-14661,0.00083,0.34568
CVE-2020-14662,0.00053,0.18590
CVE-2020-14663,0.00137,0.49104
CVE-2020-14664,0.00748,0.79016
CVE-2020-14665,0.00194,0.57348
CVE-2020-14666,0.00192,0.56973
CVE-2020-14667,0.00067,0.27814
CVE-2020-14668,0.00192,0.56973
CVE-2020-14669,0.00192,0.56973
CVE-2020-1467,0.00456,0.72701
CVE-2020-14670,0.00192,0.56973
CVE-2020-14671,0.00192,0.56973
CVE-2020-14672,0.00105,0.42630
CVE-2020-14673,0.00045,0.12520
CVE-2020-14674,0.00043,0.07608
CVE-2020-14675,0.00045,0.12520
CVE-2020-14676,0.00045,0.12520
CVE-2020-14677,0.00045,0.12520
CVE-2020-14678,0.00137,0.49104
CVE-2020-14679,0.00093,0.39046
CVE-2020-1468,0.43490,0.97036
CVE-2020-14680,0.00187,0.56232
CVE-2020-14681,0.00192,0.56973
CVE-2020-14682,0.00192,0.56973
CVE-2020-14684,0.00083,0.34568
CVE-2020-14685,0.00054,0.20290
CVE-2020-14686,0.00192,0.56973
CVE-2020-14687,0.04636,0.91795
CVE-2020-14688,0.00192,0.56973
CVE-2020-1469,0.00176,0.54798
CVE-2020-14690,0.00192,0.56973
CVE-2020-14691,0.00054,0.20290
CVE-2020-14692,0.00054,0.20290
CVE-2020-14693,0.00054,0.20290
CVE-2020-14694,0.00045,0.12520
CVE-2020-14695,0.00045,0.12520
CVE-2020-14696,0.00089,0.37649
CVE-2020-14697,0.00137,0.49104
CVE-2020-14698,0.00045,0.12520
CVE-2020-14699,0.00045,0.12520
CVE-2020-1470,0.00150,0.51047
CVE-2020-14700,0.00045,0.12520
CVE-2020-14701,0.00406,0.71175
CVE-2020-14702,0.00104,0.42312
CVE-2020-14703,0.00045,0.12520
CVE-2020-14704,0.00045,0.12520
CVE-2020-14705,0.00112,0.44386
CVE-2020-14706,0.00181,0.55499
CVE-2020-14707,0.00044,0.08110
CVE-2020-14708,0.00054,0.20290
CVE-2020-14709,0.00054,0.20290
CVE-2020-1471,0.00043,0.07315
CVE-2020-14710,0.00054,0.20290
CVE-2020-14711,0.00043,0.07608
CVE-2020-14712,0.00047,0.13888
CVE-2020-14713,0.00043,0.07608
CVE-2020-14714,0.00044,0.08110
CVE-2020-14715,0.00044,0.08110
CVE-2020-14716,0.00083,0.34568
CVE-2020-14717,0.00083,0.34568
CVE-2020-14718,0.00279,0.65090
CVE-2020-14719,0.00054,0.20290
CVE-2020-1472,0.31052,0.96579
CVE-2020-14720,0.00094,0.39404
CVE-2020-14721,0.00053,0.18590
CVE-2020-14722,0.00077,0.31897
CVE-2020-14723,0.00334,0.68319
CVE-2020-14724,0.00045,0.12178
CVE-2020-14725,0.00082,0.34198
CVE-2020-14728,0.00054,0.20290
CVE-2020-14729,0.00054,0.20290
CVE-2020-1473,0.00147,0.50681
CVE-2020-14731,0.00054,0.20290
CVE-2020-14732,0.00054,0.20290
CVE-2020-14734,0.00406,0.71175
CVE-2020-14735,0.00045,0.12178
CVE-2020-14736,0.00054,0.20290
CVE-2020-1474,0.01139,0.83259
CVE-2020-14740,0.00045,0.12178
CVE-2020-14741,0.00059,0.23219
CVE-2020-14742,0.00054,0.20290
CVE-2020-14743,0.00054,0.20290
CVE-2020-14744,0.00089,0.37370
CVE-2020-14745,0.00054,0.20290
CVE-2020-14746,0.00083,0.34568
CVE-2020-1475,0.00150,0.51047
CVE-2020-14750,0.97538,0.99995
CVE-2020-14752,0.00054,0.20290
CVE-2020-14753,0.00045,0.12178
CVE-2020-14754,0.00046,0.12654
CVE-2020-14756,0.01043,0.82437
CVE-2020-14757,0.00103,0.41643
CVE-2020-14758,0.00045,0.12178
CVE-2020-14759,0.00046,0.12654
CVE-2020-1476,0.00043,0.07315
CVE-2020-14760,0.00082,0.34198
CVE-2020-14761,0.00089,0.37649
CVE-2020-14762,0.00054,0.20290
CVE-2020-14763,0.00054,0.20290
CVE-2020-14764,0.00054,0.20290
CVE-2020-14765,0.00504,0.74024
CVE-2020-14766,0.00089,0.37370
CVE-2020-14767,0.00063,0.24890
CVE-2020-14768,0.00045,0.12350
CVE-2020-14769,0.00189,0.56490
CVE-2020-1477,0.00061,0.23815
CVE-2020-14770,0.00054,0.20290
CVE-2020-14771,0.00077,0.31773
CVE-2020-14772,0.00054,0.20290
CVE-2020-14773,0.00105,0.42630
CVE-2020-14774,0.00093,0.39046
CVE-2020-14775,0.00189,0.56490
CVE-2020-14776,0.00115,0.45239
CVE-2020-14777,0.00105,0.42630
CVE-2020-14778,0.00053,0.18590
CVE-2020-14779,0.00238,0.61921
CVE-2020-1478,0.00061,0.23815
CVE-2020-14780,0.00181,0.55499
CVE-2020-14781,0.00125,0.46961
CVE-2020-14782,0.00125,0.46961
CVE-2020-14783,0.00089,0.37649
CVE-2020-14784,0.00181,0.55499
CVE-2020-14785,0.00105,0.42630
CVE-2020-14786,0.00105,0.42630
CVE-2020-14787,0.00054,0.20290
CVE-2020-14788,0.00083,0.34568
CVE-2020-14789,0.00115,0.45239
CVE-2020-1479,0.00043,0.07315
CVE-2020-14790,0.00105,0.42630
CVE-2020-14791,0.00095,0.39489
CVE-2020-14792,0.00117,0.45529
CVE-2020-14793,0.00105,0.42630
CVE-2020-14794,0.00105,0.42630
CVE-2020-14795,0.00258,0.63606
CVE-2020-14796,0.00117,0.45529
CVE-2020-14797,0.00125,0.46961
CVE-2020-14798,0.00117,0.45529
CVE-2020-14799,0.00082,0.34198
CVE-2020-1480,0.00043,0.07315
CVE-2020-14800,0.00097,0.40080
CVE-2020-14801,0.00083,0.34568
CVE-2020-14802,0.00083,0.34568
CVE-2020-14803,0.00291,0.65911
CVE-2020-14804,0.00082,0.34198
CVE-2020-14805,0.00194,0.57348
CVE-2020-14806,0.00089,0.37649
CVE-2020-14807,0.00181,0.55499
CVE-2020-14808,0.00192,0.56973
CVE-2020-14809,0.00083,0.34609
CVE-2020-1481,0.03799,0.91018
CVE-2020-14810,0.00083,0.34568
CVE-2020-14811,0.00089,0.37649
CVE-2020-14812,0.00185,0.55848
CVE-2020-14813,0.00083,0.34568
CVE-2020-14814,0.00083,0.34609
CVE-2020-14815,0.00192,0.56973
CVE-2020-14816,0.00192,0.56973
CVE-2020-14817,0.00192,0.56973
CVE-2020-14818,0.00054,0.20290
CVE-2020-14819,0.00192,0.56973
CVE-2020-1482,0.00101,0.41136
CVE-2020-14820,0.02559,0.89167
CVE-2020-14821,0.00083,0.34609
CVE-2020-14822,0.00083,0.34568
CVE-2020-14823,0.00089,0.37370
CVE-2020-14824,0.00093,0.39046
CVE-2020-14825,0.96044,0.99374
CVE-2020-14826,0.00089,0.37649
CVE-2020-14827,0.00082,0.33931
CVE-2020-14828,0.00162,0.52906
CVE-2020-14829,0.00083,0.34609
CVE-2020-1483,0.00312,0.67080
CVE-2020-14830,0.00098,0.40368
CVE-2020-14831,0.00192,0.56973
CVE-2020-14832,0.00083,0.34568
CVE-2020-14833,0.00192,0.56973
CVE-2020-14834,0.00192,0.56973
CVE-2020-14835,0.00192,0.56973
CVE-2020-14836,0.00098,0.40368
CVE-2020-14837,0.00082,0.34198
CVE-2020-14838,0.00059,0.22934
CVE-2020-14839,0.00082,0.34198
CVE-2020-1484,0.00043,0.07315
CVE-2020-14840,0.00083,0.34568
CVE-2020-14841,0.77862,0.97982
CVE-2020-14842,0.00181,0.55499
CVE-2020-14843,0.00077,0.31897
CVE-2020-14844,0.00082,0.34198
CVE-2020-14845,0.00082,0.34198
CVE-2020-14846,0.00097,0.40080
CVE-2020-14847,0.00054,0.20290
CVE-2020-14848,0.00083,0.34609
CVE-2020-14849,0.00192,0.56973
CVE-2020-1485,0.00043,0.07315
CVE-2020-14850,0.00192,0.56973
CVE-2020-14851,0.00192,0.56973
CVE-2020-14852,0.00083,0.34609
CVE-2020-14853,0.00077,0.31773
CVE-2020-14854,0.00064,0.26124
CVE-2020-14855,0.00406,0.71175
CVE-2020-14856,0.00192,0.56973
CVE-2020-14857,0.00192,0.56973
CVE-2020-14858,0.00199,0.57921
CVE-2020-14859,0.04168,0.91381
CVE-2020-1486,0.00043,0.07315
CVE-2020-14860,0.00060,0.23234
CVE-2020-14861,0.00083,0.34609
CVE-2020-14862,0.00396,0.70830
CVE-2020-14863,0.00192,0.56973
CVE-2020-14864,0.25157,0.96267
CVE-2020-14865,0.00089,0.37370
CVE-2020-14866,0.00082,0.34198
CVE-2020-14867,0.00077,0.32027
CVE-2020-14868,0.00083,0.34609
CVE-2020-14869,0.00083,0.34609
CVE-2020-1487,0.00144,0.50278
CVE-2020-14870,0.00083,0.34609
CVE-2020-14871,0.15317,0.95376
CVE-2020-14872,0.00045,0.12178
CVE-2020-14873,0.00077,0.32027
CVE-2020-14874,0.00053,0.18590
CVE-2020-14875,0.00194,0.57348
CVE-2020-14876,0.02598,0.89249
CVE-2020-14877,0.00089,0.37370
CVE-2020-14878,0.00073,0.30383
CVE-2020-14879,0.00094,0.39404
CVE-2020-1488,0.00043,0.07315
CVE-2020-14880,0.00094,0.39404
CVE-2020-14881,0.00043,0.07608
CVE-2020-14882,0.97423,0.99929
CVE-2020-14883,0.97098,0.99737
CVE-2020-14884,0.00043,0.07608
CVE-2020-14885,0.00043,0.07608
CVE-2020-14886,0.00043,0.07608
CVE-2020-14887,0.00089,0.37370
CVE-2020-14888,0.00083,0.34609
CVE-2020-14889,0.00045,0.12178
CVE-2020-1489,0.00043,0.07315
CVE-2020-14890,0.00181,0.55499
CVE-2020-14891,0.00083,0.34609
CVE-2020-14892,0.00046,0.12654
CVE-2020-14893,0.00083,0.34609
CVE-2020-14894,0.00089,0.37370
CVE-2020-14895,0.00054,0.20290
CVE-2020-14896,0.00089,0.37370
CVE-2020-14897,0.00181,0.55499
CVE-2020-14898,0.00054,0.20290
CVE-2020-14899,0.00054,0.20290
CVE-2020-1490,0.00043,0.07315
CVE-2020-14900,0.00054,0.20290
CVE-2020-14901,0.00089,0.37370
CVE-2020-1491,0.00043,0.07315
CVE-2020-1492,0.00175,0.54733
CVE-2020-14926,0.00058,0.22005
CVE-2020-14927,0.00058,0.22585
CVE-2020-14928,0.00393,0.70758
CVE-2020-14929,0.00576,0.75703
CVE-2020-1493,0.00295,0.66142
CVE-2020-14930,0.14953,0.95330
CVE-2020-14931,0.00611,0.76441
CVE-2020-14932,0.00456,0.72698
CVE-2020-14933,0.00097,0.40261
CVE-2020-14934,0.00334,0.68306
CVE-2020-14935,0.00556,0.75266
CVE-2020-14936,0.00196,0.57580
CVE-2020-14937,0.00474,0.73166
CVE-2020-14938,0.00328,0.67973
CVE-2020-14939,0.00123,0.46607
CVE-2020-1494,0.04101,0.91326
CVE-2020-14940,0.00348,0.68879
CVE-2020-14942,0.00478,0.73293
CVE-2020-14943,0.00197,0.57648
CVE-2020-14944,0.70793,0.97778
CVE-2020-14945,0.25390,0.96276
CVE-2020-14946,0.00576,0.75694
CVE-2020-14947,0.43297,0.97030
CVE-2020-1495,0.04101,0.91326
CVE-2020-14950,0.00860,0.80540
CVE-2020-14954,0.00239,0.62039
CVE-2020-14955,0.00042,0.05722
CVE-2020-14956,0.00042,0.05722
CVE-2020-14957,0.00042,0.05722
CVE-2020-14958,0.00054,0.19385
CVE-2020-14959,0.00072,0.29718
CVE-2020-1496,0.04101,0.91326
CVE-2020-14960,0.04701,0.91860
CVE-2020-14961,0.00071,0.29313
CVE-2020-14962,0.00072,0.29718
CVE-2020-14965,0.00051,0.17403
CVE-2020-14966,0.00677,0.77870
CVE-2020-14967,0.01222,0.83922
CVE-2020-14968,0.01222,0.83922
CVE-2020-14969,0.00201,0.58005
CVE-2020-1497,0.01587,0.86022
CVE-2020-14971,0.00043,0.07329
CVE-2020-14972,0.00706,0.78347
CVE-2020-14973,0.00158,0.52350
CVE-2020-14974,0.00044,0.10445
CVE-2020-14975,0.00051,0.17393
CVE-2020-14976,0.00042,0.05722
CVE-2020-14977,0.01818,0.86936
CVE-2020-14978,0.01818,0.86936
CVE-2020-14979,0.00042,0.05722
CVE-2020-1498,0.04101,0.91326
CVE-2020-14980,0.00138,0.49294
CVE-2020-14981,0.00138,0.49294
CVE-2020-14982,0.00069,0.28474
CVE-2020-14983,0.00177,0.54897
CVE-2020-14987,0.00286,0.65550
CVE-2020-14988,0.00058,0.22585
CVE-2020-14989,0.00063,0.25629
CVE-2020-1499,0.00053,0.18650
CVE-2020-14990,0.00042,0.05722
CVE-2020-14993,0.10501,0.94508
CVE-2020-14999,0.00103,0.41626
CVE-2020-1500,0.00053,0.18650
CVE-2020-15000,0.00084,0.34791
CVE-2020-15001,0.00112,0.44286
CVE-2020-15002,0.00058,0.22585
CVE-2020-15003,0.00058,0.22585
CVE-2020-15004,0.00068,0.28352
CVE-2020-15005,0.00127,0.47250
CVE-2020-15006,0.00058,0.22585
CVE-2020-15007,0.00461,0.72825
CVE-2020-15008,0.00087,0.36089
CVE-2020-15009,0.00205,0.58512
CVE-2020-1501,0.00053,0.18650
CVE-2020-15011,0.00626,0.76793
CVE-2020-15012,0.00244,0.62525
CVE-2020-15014,0.00112,0.44586
CVE-2020-15015,0.00087,0.36434
CVE-2020-15016,0.00078,0.32606
CVE-2020-15017,0.00078,0.32606
CVE-2020-15018,0.00126,0.47113
CVE-2020-1502,0.01587,0.86022
CVE-2020-15020,0.00045,0.12303
CVE-2020-15023,0.00262,0.64006
CVE-2020-15024,0.00044,0.10161
CVE-2020-15025,0.00367,0.69741
CVE-2020-15026,0.00137,0.49101
CVE-2020-15027,0.00430,0.71881
CVE-2020-15028,0.00054,0.20290
CVE-2020-15029,0.00054,0.20290
CVE-2020-1503,0.01587,0.86022
CVE-2020-15030,0.00054,0.20290
CVE-2020-15031,0.00054,0.20290
CVE-2020-15032,0.00054,0.20290
CVE-2020-15033,0.00054,0.20290
CVE-2020-15034,0.00054,0.20290
CVE-2020-15035,0.00054,0.20290
CVE-2020-15036,0.00058,0.22585
CVE-2020-15037,0.00058,0.22585
CVE-2020-15038,0.00315,0.67317
CVE-2020-1504,0.01293,0.84430
CVE-2020-15041,0.00058,0.22585
CVE-2020-15043,0.00071,0.29411
CVE-2020-15046,0.00335,0.68369
CVE-2020-15047,0.00073,0.30218
CVE-2020-15049,0.01025,0.82246
CVE-2020-1505,0.01587,0.86022
CVE-2020-15050,0.54602,0.97362
CVE-2020-15051,0.00112,0.44327
CVE-2020-15052,0.00224,0.60793
CVE-2020-15053,0.00087,0.36434
CVE-2020-15054,0.00072,0.29666
CVE-2020-15055,0.00072,0.29642
CVE-2020-15056,0.00044,0.10161
CVE-2020-15057,0.00073,0.30193
CVE-2020-15058,0.00088,0.36824
CVE-2020-15059,0.00084,0.35110
CVE-2020-1506,0.00043,0.07315
CVE-2020-15060,0.00044,0.10161
CVE-2020-15061,0.00073,0.30193
CVE-2020-15062,0.00088,0.36824
CVE-2020-15063,0.00084,0.35110
CVE-2020-15064,0.00044,0.10161
CVE-2020-15065,0.00073,0.30193
CVE-2020-15069,0.00661,0.77509
CVE-2020-1507,0.00123,0.46690
CVE-2020-15070,0.00090,0.38030
CVE-2020-15071,0.00087,0.36434
CVE-2020-15072,0.00126,0.47132
CVE-2020-15073,0.00063,0.25098
CVE-2020-15074,0.00084,0.34791
CVE-2020-15075,0.00044,0.10161
CVE-2020-15076,0.00044,0.10161
CVE-2020-15077,0.00133,0.48437
CVE-2020-15078,0.02058,0.87875
CVE-2020-15079,0.00050,0.16378
CVE-2020-1508,0.01887,0.87255
CVE-2020-15080,0.00071,0.29313
CVE-2020-15081,0.00071,0.29313
CVE-2020-15082,0.00104,0.42274
CVE-2020-15083,0.00066,0.27550
CVE-2020-15084,0.00197,0.57613
CVE-2020-15085,0.00047,0.13943
CVE-2020-15086,0.11514,0.94760
CVE-2020-15087,0.00104,0.42231
CVE-2020-1509,0.00251,0.63137
CVE-2020-15091,0.00149,0.50967
CVE-2020-15092,0.00054,0.20290
CVE-2020-15093,0.00107,0.43218
CVE-2020-15094,0.00712,0.78476
CVE-2020-15095,0.00047,0.13971
CVE-2020-15096,0.00054,0.20290
CVE-2020-15097,0.00170,0.54111
CVE-2020-15098,0.00318,0.67484
CVE-2020-15099,0.00694,0.78140
CVE-2020-1510,0.00739,0.78890
CVE-2020-15100,0.00044,0.10161
CVE-2020-15101,0.00044,0.10161
CVE-2020-15102,0.00050,0.16378
CVE-2020-15103,0.00111,0.44163
CVE-2020-15104,0.00054,0.20290
CVE-2020-15105,0.00100,0.40819
CVE-2020-15106,0.00085,0.35257
CVE-2020-15107,0.00044,0.10161
CVE-2020-15108,0.00100,0.40819
CVE-2020-15109,0.00090,0.37829
CVE-2020-1511,0.00043,0.07315
CVE-2020-15110,0.00069,0.28474
CVE-2020-15111,0.00066,0.27550
CVE-2020-15112,0.00085,0.35257
CVE-2020-15113,0.00044,0.10161
CVE-2020-15114,0.00081,0.33872
CVE-2020-15115,0.00178,0.55045
CVE-2020-15117,0.00331,0.68155
CVE-2020-15118,0.00108,0.43409
CVE-2020-15119,0.00054,0.20290
CVE-2020-1512,0.00043,0.07315
CVE-2020-15120,0.00050,0.16378
CVE-2020-15121,0.00966,0.81713
CVE-2020-15123,0.01600,0.86080
CVE-2020-15124,0.00116,0.45259
CVE-2020-15125,0.00092,0.38870
CVE-2020-15126,0.00105,0.42427
CVE-2020-15127,0.00105,0.42589
CVE-2020-15128,0.00060,0.23686
CVE-2020-15129,0.00701,0.78261
CVE-2020-1513,0.00043,0.07315
CVE-2020-15130,0.00071,0.29313
CVE-2020-15131,0.00071,0.29313
CVE-2020-15132,0.00126,0.47113
CVE-2020-15133,0.00139,0.49492
CVE-2020-15134,0.00139,0.49492
CVE-2020-15135,0.00413,0.71384
CVE-2020-15136,0.00177,0.54894
CVE-2020-15137,0.00047,0.13986
CVE-2020-15138,0.00370,0.69854
CVE-2020-15139,0.00078,0.32234
CVE-2020-1514,0.00096,0.40032
CVE-2020-15140,0.00063,0.25077
CVE-2020-15141,0.00073,0.30267
CVE-2020-15142,0.00169,0.53847
CVE-2020-15143,0.00230,0.61230
CVE-2020-15145,0.00042,0.05722
CVE-2020-15146,0.00230,0.61230
CVE-2020-15147,0.01130,0.83183
CVE-2020-15148,0.02081,0.87949
CVE-2020-15149,0.00264,0.64174
CVE-2020-1515,0.00043,0.07315
CVE-2020-15150,0.06140,0.92866
CVE-2020-15151,0.00082,0.34131
CVE-2020-15152,0.00276,0.64902
CVE-2020-15153,0.00189,0.56519
CVE-2020-15154,0.00092,0.38842
CVE-2020-15155,0.00167,0.53415
CVE-2020-15156,0.00085,0.35306
CVE-2020-15157,0.00314,0.67198
CVE-2020-15158,0.01365,0.84893
CVE-2020-15159,0.00902,0.81031
CVE-2020-1516,0.00043,0.07315
CVE-2020-15160,0.08373,0.93824
CVE-2020-15161,0.00080,0.33494
CVE-2020-15162,0.00062,0.24442
CVE-2020-15163,0.00111,0.44158
CVE-2020-15164,0.00147,0.50611
CVE-2020-15165,0.00267,0.64375
CVE-2020-15166,0.01149,0.83333
CVE-2020-15167,0.00154,0.51674
CVE-2020-15168,0.00104,0.41983
CVE-2020-15169,0.02257,0.88510
CVE-2020-1517,0.00043,0.07315
CVE-2020-15170,0.00137,0.49066
CVE-2020-15171,0.00108,0.43463
CVE-2020-15172,0.00301,0.66489
CVE-2020-15173,0.00362,0.69509
CVE-2020-15174,0.00096,0.39941
CVE-2020-15175,0.00149,0.50995
CVE-2020-15176,0.00110,0.44071
CVE-2020-15177,0.00066,0.27550
CVE-2020-15178,0.00135,0.48756
CVE-2020-15179,0.00104,0.42274
CVE-2020-1518,0.00043,0.07315
CVE-2020-15180,0.00778,0.79502
CVE-2020-15181,0.00215,0.59582
CVE-2020-15182,0.01883,0.87230
CVE-2020-15183,0.00145,0.50342
CVE-2020-15184,0.00050,0.16378
CVE-2020-15185,0.00050,0.16378
CVE-2020-15186,0.00050,0.16378
CVE-2020-15187,0.00073,0.30423
CVE-2020-15188,0.06819,0.93237
CVE-2020-15189,0.03147,0.90159
CVE-2020-1519,0.00043,0.07315
CVE-2020-15190,0.00115,0.45213
CVE-2020-15191,0.00115,0.45213
CVE-2020-15192,0.00098,0.40504
CVE-2020-15193,0.00151,0.51322
CVE-2020-15194,0.00138,0.49278
CVE-2020-15195,0.00534,0.74774
CVE-2020-15196,0.00246,0.62655
CVE-2020-15197,0.00128,0.47475
CVE-2020-15198,0.00096,0.39898
CVE-2020-15199,0.00153,0.51604
CVE-2020-1520,0.00247,0.62733
CVE-2020-15200,0.00208,0.58743
CVE-2020-15201,0.00127,0.47285
CVE-2020-15202,0.00267,0.64330
CVE-2020-15203,0.00128,0.47469
CVE-2020-15204,0.00145,0.50322
CVE-2020-15205,0.00209,0.58857
CVE-2020-15206,0.00191,0.56744
CVE-2020-15207,0.00214,0.59435
CVE-2020-15208,0.00166,0.53382
CVE-2020-15209,0.00157,0.52204
CVE-2020-1521,0.00043,0.07315
CVE-2020-15210,0.00140,0.49672
CVE-2020-15211,0.00177,0.54912
CVE-2020-15212,0.00260,0.63859
CVE-2020-15213,0.00124,0.46748
CVE-2020-15214,0.00260,0.63859
CVE-2020-15215,0.00092,0.38838
CVE-2020-15216,0.00147,0.50713
CVE-2020-15217,0.00071,0.29313
CVE-2020-15218,0.00065,0.26756
CVE-2020-15219,0.00054,0.20290
CVE-2020-1522,0.00043,0.07315
CVE-2020-15220,0.00078,0.32606
CVE-2020-15221,0.00054,0.20290
CVE-2020-15222,0.00234,0.61508
CVE-2020-15223,0.00135,0.48756
CVE-2020-15224,0.00047,0.13943
CVE-2020-15225,0.00234,0.61518
CVE-2020-15226,0.00058,0.22585
CVE-2020-15227,0.97307,0.99854
CVE-2020-15228,0.00095,0.39681
CVE-2020-15229,0.00245,0.62549
CVE-2020-1523,0.00117,0.45526
CVE-2020-15230,0.00110,0.43980
CVE-2020-15231,0.00066,0.27550
CVE-2020-15232,0.00235,0.61731
CVE-2020-15233,0.00050,0.16378
CVE-2020-15234,0.00050,0.16378
CVE-2020-15235,0.00178,0.55045
CVE-2020-15236,0.00170,0.54111
CVE-2020-15237,0.00149,0.50995
CVE-2020-15238,0.00058,0.21920
CVE-2020-15239,0.00073,0.30267
CVE-2020-1524,0.00043,0.07315
CVE-2020-15240,0.00179,0.55186
CVE-2020-15241,0.00085,0.35389
CVE-2020-15242,0.00066,0.27550
CVE-2020-15243,0.00309,0.66976
CVE-2020-15244,0.00097,0.40261
CVE-2020-15245,0.00048,0.14250
CVE-2020-15246,0.00170,0.54111
CVE-2020-15247,0.00044,0.10161
CVE-2020-15248,0.00044,0.10161
CVE-2020-15249,0.00050,0.16378
CVE-2020-1525,0.00061,0.23815
CVE-2020-15250,0.00066,0.27467
CVE-2020-15251,0.00103,0.41655
CVE-2020-15252,0.01110,0.83026
CVE-2020-15253,0.00645,0.77143
CVE-2020-15254,0.00494,0.73722
CVE-2020-15255,0.00152,0.51411
CVE-2020-15256,0.00215,0.59582
CVE-2020-15257,0.00045,0.12071
CVE-2020-15258,0.00646,0.77163
CVE-2020-15259,0.00236,0.61762
CVE-2020-1526,0.00043,0.07315
CVE-2020-15260,0.00074,0.30499
CVE-2020-15261,0.00136,0.48898
CVE-2020-15262,0.00086,0.35785
CVE-2020-15263,0.00066,0.27550
CVE-2020-15264,0.00054,0.19411
CVE-2020-15265,0.00192,0.57142
CVE-2020-15266,0.00172,0.54285
CVE-2020-15269,0.00147,0.50611
CVE-2020-1527,0.00043,0.07315
CVE-2020-15270,0.00060,0.23686
CVE-2020-15271,0.00354,0.69153
CVE-2020-15272,0.00094,0.39392
CVE-2020-15273,0.00100,0.40819
CVE-2020-15274,0.00060,0.23686
CVE-2020-15275,0.00081,0.33551
CVE-2020-15276,0.00100,0.40819
CVE-2020-15277,0.01471,0.85432
CVE-2020-15278,0.00240,0.62075
CVE-2020-15279,0.00044,0.10161
CVE-2020-1528,0.00043,0.07315
CVE-2020-1529,0.00043,0.07315
CVE-2020-15292,0.00044,0.10161
CVE-2020-15293,0.00044,0.10161
CVE-2020-15294,0.00044,0.10161
CVE-2020-15297,0.00196,0.57583
CVE-2020-15299,0.00131,0.48045
CVE-2020-1530,0.00043,0.07315
CVE-2020-15300,0.00105,0.42625
CVE-2020-15301,0.00063,0.25378
CVE-2020-15302,0.00265,0.64258
CVE-2020-15303,0.00081,0.33872
CVE-2020-15304,0.00045,0.11966
CVE-2020-15305,0.00045,0.11966
CVE-2020-15306,0.00050,0.15960
CVE-2020-15307,0.00087,0.36434
CVE-2020-15308,0.00091,0.38398
CVE-2020-15309,0.00042,0.05722
CVE-2020-1531,0.00043,0.07315
CVE-2020-15312,0.00199,0.57813
CVE-2020-15313,0.00199,0.57813
CVE-2020-15314,0.00199,0.57813
CVE-2020-15315,0.00199,0.57813
CVE-2020-15316,0.00199,0.57813
CVE-2020-15317,0.00199,0.57813
CVE-2020-15318,0.00199,0.57813
CVE-2020-15319,0.00199,0.57813
CVE-2020-1532,0.00043,0.07315
CVE-2020-15320,0.00355,0.69215
CVE-2020-15321,0.00355,0.69215
CVE-2020-15322,0.00355,0.69215
CVE-2020-15323,0.00355,0.69215
CVE-2020-15324,0.00355,0.69215
CVE-2020-15325,0.00119,0.46037
CVE-2020-15326,0.00119,0.45873
CVE-2020-15327,0.00119,0.45873
CVE-2020-15328,0.00104,0.42316
CVE-2020-15329,0.00104,0.42316
CVE-2020-1533,0.00043,0.07315
CVE-2020-15330,0.00119,0.46037
CVE-2020-15331,0.00467,0.72973
CVE-2020-15332,0.00467,0.72973
CVE-2020-15333,0.00119,0.46037
CVE-2020-15334,0.00105,0.42463
CVE-2020-15335,0.00090,0.37972
CVE-2020-15336,0.00090,0.37972
CVE-2020-15337,0.00100,0.40987
CVE-2020-15338,0.00100,0.40987
CVE-2020-15339,0.00112,0.44327
CVE-2020-1534,0.00043,0.07315
CVE-2020-15340,0.00293,0.66039
CVE-2020-15341,0.00402,0.71029
CVE-2020-15342,0.00140,0.49657
CVE-2020-15343,0.00140,0.49657
CVE-2020-15344,0.00140,0.49657
CVE-2020-15345,0.00140,0.49657
CVE-2020-15346,0.00119,0.46037
CVE-2020-15347,0.00547,0.75075
CVE-2020-15348,0.05907,0.92726
CVE-2020-15349,0.00042,0.05722
CVE-2020-1535,0.00043,0.07315
CVE-2020-15350,0.00194,0.57372
CVE-2020-15351,0.00044,0.10161
CVE-2020-15352,0.00241,0.62202
CVE-2020-15357,0.02264,0.88526
CVE-2020-15358,0.00080,0.33223
CVE-2020-1536,0.00043,0.07315
CVE-2020-15360,0.00042,0.05722
CVE-2020-15362,0.01017,0.82186
CVE-2020-15363,0.03712,0.90911
CVE-2020-15364,0.00288,0.65688
CVE-2020-15365,0.00133,0.48299
CVE-2020-15366,0.00303,0.66591
CVE-2020-15367,0.00547,0.75076
CVE-2020-15368,0.00044,0.10161
CVE-2020-15369,0.00114,0.44823
CVE-2020-1537,0.00043,0.07315
CVE-2020-15370,0.00135,0.48751
CVE-2020-15371,0.00920,0.81222
CVE-2020-15372,0.00042,0.05722
CVE-2020-15373,0.00452,0.72586
CVE-2020-15374,0.00243,0.62367
CVE-2020-15375,0.00042,0.05722
CVE-2020-15376,0.00054,0.20290
CVE-2020-15377,0.00220,0.60172
CVE-2020-15378,0.00073,0.30345
CVE-2020-15379,0.00207,0.58728
CVE-2020-1538,0.00043,0.07315
CVE-2020-15380,0.00152,0.51501
CVE-2020-15381,0.00152,0.51501
CVE-2020-15382,0.00114,0.44823
CVE-2020-15383,0.00112,0.44449
CVE-2020-15384,0.00073,0.30345
CVE-2020-15385,0.00054,0.20290
CVE-2020-15386,0.00091,0.38445
CVE-2020-15387,0.00133,0.48307
CVE-2020-15388,0.00054,0.20290
CVE-2020-15389,0.01288,0.84401
CVE-2020-1539,0.00043,0.07315
CVE-2020-15390,0.00259,0.63686
CVE-2020-15391,0.01023,0.82236
CVE-2020-15392,0.00119,0.46037
CVE-2020-15393,0.00045,0.11966
CVE-2020-15394,0.00647,0.77179
CVE-2020-15395,0.00170,0.53955
CVE-2020-15396,0.00042,0.05722
CVE-2020-15397,0.00113,0.44729
CVE-2020-1540,0.00043,0.07315
CVE-2020-15400,0.00053,0.19032
CVE-2020-15401,0.00042,0.05722
CVE-2020-15408,0.00054,0.20290
CVE-2020-1541,0.00043,0.07315
CVE-2020-15411,0.00222,0.60556
CVE-2020-15412,0.00054,0.20290
CVE-2020-15415,0.02191,0.88317
CVE-2020-15416,0.00169,0.53890
CVE-2020-15417,0.00074,0.30529
CVE-2020-15418,0.02379,0.88800
CVE-2020-15419,0.02379,0.88800
CVE-2020-1542,0.00043,0.07315
CVE-2020-15420,0.01069,0.82696
CVE-2020-15421,0.01069,0.82696
CVE-2020-15422,0.01069,0.82696
CVE-2020-15423,0.01069,0.82696
CVE-2020-15424,0.01069,0.82696
CVE-2020-15425,0.00946,0.81500
CVE-2020-15426,0.01069,0.82696
CVE-2020-15427,0.01069,0.82696
CVE-2020-15428,0.01069,0.82696
CVE-2020-15429,0.01069,0.82696
CVE-2020-1543,0.00043,0.07315
CVE-2020-15430,0.01069,0.82696
CVE-2020-15431,0.01069,0.82696
CVE-2020-15432,0.01069,0.82696
CVE-2020-15433,0.01069,0.82696
CVE-2020-15434,0.01069,0.82696
CVE-2020-15435,0.01069,0.82696
CVE-2020-15436,0.00042,0.05722
CVE-2020-15437,0.00042,0.05722
CVE-2020-1544,0.00043,0.07315
CVE-2020-1545,0.00043,0.07315
CVE-2020-1546,0.00043,0.07315
CVE-2020-15466,0.00171,0.54138
CVE-2020-15467,0.00272,0.64676
CVE-2020-15468,0.00271,0.64581
CVE-2020-15469,0.00045,0.11839
CVE-2020-1547,0.00043,0.07315
CVE-2020-15470,0.00055,0.20370
CVE-2020-15471,0.00222,0.60556
CVE-2020-15472,0.00218,0.59835
CVE-2020-15473,0.00222,0.60556
CVE-2020-15474,0.00250,0.62982
CVE-2020-15475,0.00222,0.60556
CVE-2020-15476,0.00374,0.69971
CVE-2020-15477,0.01312,0.84545
CVE-2020-15478,0.01735,0.86609
CVE-2020-15479,0.00165,0.53177
CVE-2020-1548,0.00043,0.07315
CVE-2020-15480,0.00138,0.49365
CVE-2020-15481,0.00048,0.14460
CVE-2020-15482,0.00044,0.10161
CVE-2020-15483,0.00088,0.37102
CVE-2020-15484,0.00178,0.55045
CVE-2020-15485,0.00044,0.10161
CVE-2020-15486,0.00054,0.19143
CVE-2020-15487,0.00101,0.41164
CVE-2020-15488,0.00105,0.42463
CVE-2020-15489,0.00392,0.70715
CVE-2020-1549,0.00043,0.07315
CVE-2020-15490,0.00659,0.77426
CVE-2020-15492,0.13584,0.95129
CVE-2020-15495,0.00042,0.05722
CVE-2020-15496,0.00042,0.05722
CVE-2020-15497,0.00128,0.47422
CVE-2020-15498,0.00084,0.34791
CVE-2020-15499,0.00078,0.32606
CVE-2020-1550,0.00043,0.07315
CVE-2020-15500,0.00210,0.58959
CVE-2020-15501,0.00082,0.34200
CVE-2020-15502,0.00105,0.42541
CVE-2020-15503,0.00769,0.79355
CVE-2020-15504,0.00138,0.49278
CVE-2020-15505,0.97516,0.99984
CVE-2020-15506,0.00665,0.77595
CVE-2020-15507,0.00368,0.69793
CVE-2020-15509,0.00079,0.32772
CVE-2020-1551,0.00043,0.07315
CVE-2020-15511,0.00102,0.41536
CVE-2020-15513,0.00071,0.29313
CVE-2020-15514,0.00050,0.16378
CVE-2020-15515,0.00425,0.71759
CVE-2020-15516,0.00053,0.19056
CVE-2020-15517,0.00050,0.16378
CVE-2020-15518,0.00109,0.43614
CVE-2020-1552,0.00043,0.07315
CVE-2020-15521,0.00149,0.50928
CVE-2020-15522,0.00128,0.47442
CVE-2020-15523,0.00090,0.37758
CVE-2020-15525,0.00092,0.38756
CVE-2020-15526,0.00087,0.36006
CVE-2020-15528,0.00060,0.23740
CVE-2020-15529,0.00060,0.23740
CVE-2020-1553,0.00043,0.07315
CVE-2020-15530,0.00042,0.05722
CVE-2020-15531,0.01874,0.87191
CVE-2020-15532,0.00118,0.45741
CVE-2020-15533,0.00732,0.78810
CVE-2020-15535,0.00208,0.58820
CVE-2020-15536,0.00208,0.58820
CVE-2020-15537,0.00297,0.66250
CVE-2020-15538,0.00297,0.66250
CVE-2020-15539,0.01061,0.82621
CVE-2020-1554,0.01199,0.83741
CVE-2020-15540,0.01061,0.82621
CVE-2020-15541,0.00834,0.80241
CVE-2020-15542,0.00222,0.60556
CVE-2020-15543,0.00222,0.60556
CVE-2020-1555,0.08999,0.94049
CVE-2020-1556,0.00043,0.07494
CVE-2020-15562,0.00667,0.77655
CVE-2020-15563,0.00045,0.11966
CVE-2020-15564,0.00045,0.11966
CVE-2020-15565,0.00045,0.11966
CVE-2020-15566,0.00045,0.11966
CVE-2020-15567,0.00045,0.11966
CVE-2020-15568,0.96535,0.99524
CVE-2020-15569,0.00059,0.23163
CVE-2020-1557,0.00247,0.62784
CVE-2020-15570,0.00169,0.53907
CVE-2020-15572,0.00193,0.57221
CVE-2020-15573,0.00078,0.32606
CVE-2020-15574,0.00168,0.53801
CVE-2020-15575,0.00078,0.32606
CVE-2020-15576,0.00168,0.53801
CVE-2020-15577,0.00044,0.10161
CVE-2020-15578,0.00044,0.10161
CVE-2020-15579,0.00066,0.27588
CVE-2020-1558,0.01506,0.85624
CVE-2020-15580,0.00044,0.10161
CVE-2020-15581,0.00066,0.27588
CVE-2020-15582,0.00049,0.15848
CVE-2020-15583,0.00044,0.07794
CVE-2020-15584,0.00049,0.15848
CVE-2020-15586,0.01002,0.82069
CVE-2020-15588,0.00555,0.75247
CVE-2020-15589,0.00276,0.64898
CVE-2020-1559,0.00043,0.07315
CVE-2020-15590,0.00564,0.75433
CVE-2020-15591,0.02576,0.89199
CVE-2020-15592,0.00081,0.33723
CVE-2020-15593,0.00044,0.10161
CVE-2020-15594,0.00072,0.29641
CVE-2020-15595,0.00077,0.31707
CVE-2020-15596,0.00044,0.10161
CVE-2020-15597,0.00058,0.22585
CVE-2020-15598,0.01993,0.87646
CVE-2020-15599,0.00148,0.50841
CVE-2020-1560,0.22001,0.96058
CVE-2020-15600,0.00084,0.34981
CVE-2020-15601,0.00295,0.66124
CVE-2020-15602,0.00155,0.51872
CVE-2020-15603,0.00103,0.41969
CVE-2020-15604,0.00161,0.52762
CVE-2020-15605,0.00295,0.66124
CVE-2020-15606,0.00946,0.81500
CVE-2020-15607,0.01069,0.82696
CVE-2020-15608,0.01069,0.82696
CVE-2020-15609,0.01069,0.82696
CVE-2020-1561,0.07626,0.93542
CVE-2020-15610,0.01069,0.82696
CVE-2020-15611,0.01069,0.82696
CVE-2020-15612,0.01069,0.82696
CVE-2020-15613,0.01069,0.82696
CVE-2020-15614,0.01069,0.82696
CVE-2020-15615,0.00946,0.81500
CVE-2020-15616,0.00687,0.78054
CVE-2020-15617,0.00687,0.78054
CVE-2020-15618,0.00687,0.78054
CVE-2020-15619,0.00687,0.78054
CVE-2020-1562,0.01506,0.85624
CVE-2020-15620,0.00687,0.78054
CVE-2020-15621,0.00687,0.78054
CVE-2020-15622,0.00687,0.78054
CVE-2020-15623,0.01062,0.82630
CVE-2020-15624,0.00687,0.78054
CVE-2020-15625,0.00687,0.78054
CVE-2020-15626,0.00687,0.78054
CVE-2020-15627,0.00687,0.78054
CVE-2020-15628,0.00687,0.78054
CVE-2020-15629,0.00304,0.66613
CVE-2020-1563,0.01506,0.85624
CVE-2020-15630,0.00214,0.59466
CVE-2020-15631,0.00052,0.17519
CVE-2020-15632,0.00313,0.67138
CVE-2020-15633,0.00098,0.40390
CVE-2020-15634,0.00137,0.49203
CVE-2020-15635,0.00145,0.50314
CVE-2020-15636,0.02387,0.88817
CVE-2020-15637,0.00162,0.52880
CVE-2020-15638,0.00150,0.51066
CVE-2020-15639,0.03130,0.90136
CVE-2020-1564,0.01506,0.85624
CVE-2020-15640,0.02391,0.88825
CVE-2020-15641,0.02391,0.88825
CVE-2020-15642,0.00905,0.81052
CVE-2020-15643,0.17549,0.95679
CVE-2020-15644,0.03067,0.90048
CVE-2020-15645,0.12612,0.94974
CVE-2020-15646,0.00178,0.55045
CVE-2020-15647,0.00166,0.53294
CVE-2020-15648,0.00109,0.43526
CVE-2020-15649,0.00069,0.28647
CVE-2020-1565,0.00531,0.74675
CVE-2020-15650,0.00057,0.21309
CVE-2020-15651,0.00084,0.35108
CVE-2020-15652,0.00291,0.65879
CVE-2020-15653,0.00179,0.55237
CVE-2020-15654,0.00325,0.67832
CVE-2020-15655,0.00182,0.55577
CVE-2020-15656,0.00451,0.72537
CVE-2020-15657,0.00099,0.40735
CVE-2020-15658,0.00315,0.67300
CVE-2020-15659,0.00541,0.74936
CVE-2020-1566,0.00116,0.45289
CVE-2020-15660,0.00181,0.55398
CVE-2020-15661,0.00166,0.53294
CVE-2020-15662,0.00081,0.33754
CVE-2020-15663,0.00790,0.79696
CVE-2020-15664,0.00256,0.63508
CVE-2020-15665,0.00112,0.44327
CVE-2020-15666,0.00158,0.52354
CVE-2020-15667,0.00280,0.65183
CVE-2020-15668,0.00089,0.37438
CVE-2020-15669,0.00255,0.63491
CVE-2020-1567,0.01001,0.82055
CVE-2020-15670,0.00372,0.69898
CVE-2020-15671,0.00084,0.35108
CVE-2020-15673,0.00513,0.74236
CVE-2020-15674,0.00231,0.61344
CVE-2020-15675,0.00216,0.59618
CVE-2020-15676,0.00652,0.77301
CVE-2020-15677,0.00346,0.68794
CVE-2020-15678,0.00362,0.69498
CVE-2020-15679,0.00102,0.41368
CVE-2020-1568,0.44753,0.97071
CVE-2020-15680,0.00090,0.37972
CVE-2020-15681,0.00098,0.40310
CVE-2020-15682,0.00081,0.33754
CVE-2020-15683,0.01185,0.83638
CVE-2020-15684,0.00321,0.67607
CVE-2020-15685,0.00129,0.47623
CVE-2020-15687,0.00142,0.49942
CVE-2020-15688,0.02359,0.88746
CVE-2020-15689,0.01484,0.85484
CVE-2020-1569,0.00349,0.68956
CVE-2020-15690,0.00508,0.74118
CVE-2020-15692,0.00566,0.75472
CVE-2020-15693,0.00361,0.69467
CVE-2020-15694,0.00187,0.56223
CVE-2020-15695,0.00053,0.19032
CVE-2020-15696,0.00103,0.41747
CVE-2020-15697,0.00050,0.16818
CVE-2020-15698,0.00110,0.43970
CVE-2020-15699,0.00077,0.31988
CVE-2020-1570,0.01048,0.82472
CVE-2020-15700,0.00053,0.19032
CVE-2020-15701,0.00042,0.05722
CVE-2020-15702,0.00045,0.12491
CVE-2020-15703,0.00046,0.12635
CVE-2020-15704,0.00045,0.12491
CVE-2020-15705,0.00057,0.21367
CVE-2020-15706,0.00188,0.56439
CVE-2020-15707,0.00103,0.41749
CVE-2020-15708,0.00045,0.12491
CVE-2020-15709,0.00044,0.10161
CVE-2020-1571,0.00078,0.32075
CVE-2020-15710,0.00042,0.05722
CVE-2020-15711,0.00098,0.40438
CVE-2020-15712,0.00411,0.71330
CVE-2020-15713,0.00143,0.50159
CVE-2020-15714,0.00143,0.50159
CVE-2020-15715,0.03456,0.90606
CVE-2020-15716,0.00150,0.51057
CVE-2020-15717,0.00150,0.51057
CVE-2020-15718,0.00150,0.51057
CVE-2020-15719,0.00155,0.51859
CVE-2020-15720,0.00117,0.45512
CVE-2020-15721,0.00078,0.32234
CVE-2020-15722,0.00069,0.28732
CVE-2020-15723,0.00081,0.33704
CVE-2020-15724,0.00081,0.33704
CVE-2020-1573,0.00043,0.07315
CVE-2020-15731,0.00055,0.20370
CVE-2020-15732,0.00088,0.36693
CVE-2020-15733,0.00187,0.56311
CVE-2020-15734,0.00044,0.10161
CVE-2020-1574,0.04718,0.91870
CVE-2020-15744,0.00565,0.75460
CVE-2020-1575,0.00068,0.27963
CVE-2020-1576,0.00804,0.79877
CVE-2020-15767,0.00128,0.47518
CVE-2020-15768,0.00368,0.69793
CVE-2020-15769,0.00084,0.35108
CVE-2020-1577,0.00044,0.07795
CVE-2020-15770,0.00042,0.05722
CVE-2020-15771,0.00314,0.67204
CVE-2020-15772,0.00135,0.48751
CVE-2020-15773,0.00065,0.26756
CVE-2020-15774,0.00077,0.32045
CVE-2020-15775,0.00178,0.55045
CVE-2020-15776,0.00645,0.77141
CVE-2020-15777,0.00092,0.38932
CVE-2020-15778,0.00289,0.65811
CVE-2020-15779,0.00192,0.56866
CVE-2020-1578,0.00043,0.07315
CVE-2020-15780,0.00047,0.13896
CVE-2020-15781,0.00149,0.51004
CVE-2020-15782,0.00477,0.73246
CVE-2020-15783,0.00103,0.41969
CVE-2020-15784,0.00084,0.34791
CVE-2020-15785,0.00082,0.33947
CVE-2020-15786,0.00628,0.76825
CVE-2020-15787,0.00874,0.80675
CVE-2020-15788,0.00078,0.32606
CVE-2020-15789,0.00061,0.23762
CVE-2020-1579,0.00043,0.07315
CVE-2020-15790,0.00084,0.34791
CVE-2020-15791,0.00061,0.23892
CVE-2020-15792,0.00054,0.20290
CVE-2020-15793,0.00090,0.37826
CVE-2020-15794,0.00054,0.20290
CVE-2020-15795,0.00610,0.76431
CVE-2020-15796,0.00105,0.42451
CVE-2020-15797,0.00061,0.23892
CVE-2020-15798,0.01114,0.83049
CVE-2020-15799,0.00103,0.41723
CVE-2020-1580,0.00068,0.27963
CVE-2020-15800,0.00192,0.56864
CVE-2020-15801,0.00254,0.63438
CVE-2020-15802,0.00074,0.30483
CVE-2020-15803,0.08078,0.93733
CVE-2020-15806,0.00452,0.72562
CVE-2020-15807,0.00162,0.52918
CVE-2020-15809,0.00061,0.23772
CVE-2020-1581,0.00144,0.50259
CVE-2020-15810,0.00191,0.56822
CVE-2020-15811,0.00151,0.51326
CVE-2020-15813,0.00209,0.58845
CVE-2020-15816,0.00105,0.42575
CVE-2020-15817,0.00102,0.41368
CVE-2020-15818,0.00090,0.37972
CVE-2020-15819,0.00090,0.37972
CVE-2020-1582,0.00232,0.61409
CVE-2020-15820,0.00090,0.37972
CVE-2020-15821,0.00054,0.20290
CVE-2020-15822,0.00104,0.42024
CVE-2020-15823,0.00178,0.55045
CVE-2020-15824,0.00291,0.65880
CVE-2020-15825,0.00104,0.42231
CVE-2020-15826,0.00054,0.20290
CVE-2020-15827,0.00090,0.37972
CVE-2020-15828,0.00065,0.26756
CVE-2020-15829,0.00090,0.37972
CVE-2020-1583,0.26619,0.96337
CVE-2020-15830,0.00084,0.35108
CVE-2020-15831,0.00084,0.35108
CVE-2020-15832,0.00115,0.45114
CVE-2020-15833,0.00225,0.60846
CVE-2020-15834,0.00164,0.53040
CVE-2020-15835,0.00221,0.60317
CVE-2020-15836,0.00203,0.58267
CVE-2020-15838,0.00104,0.42274
CVE-2020-15839,0.00226,0.60933
CVE-2020-1584,0.00043,0.07315
CVE-2020-15840,0.00124,0.46774
CVE-2020-15841,0.00404,0.71092
CVE-2020-15842,0.00132,0.48269
CVE-2020-15843,0.00042,0.05722
CVE-2020-15849,0.00105,0.42480
CVE-2020-1585,0.46563,0.97140
CVE-2020-15850,0.00042,0.05722
CVE-2020-15851,0.01217,0.83886
CVE-2020-15852,0.00045,0.11966
CVE-2020-15853,0.00069,0.28764
CVE-2020-15855,0.00063,0.25287
CVE-2020-15858,0.00112,0.44328
CVE-2020-15859,0.00053,0.18876
CVE-2020-15860,0.01832,0.86996
CVE-2020-15861,0.00045,0.11966
CVE-2020-15862,0.00045,0.11966
CVE-2020-15863,0.00052,0.18008
CVE-2020-15864,0.00112,0.44327
CVE-2020-15865,0.00984,0.81887
CVE-2020-15866,0.00405,0.71098
CVE-2020-15867,0.96643,0.99559
CVE-2020-15868,0.00168,0.53801
CVE-2020-15869,0.00084,0.35108
CVE-2020-1587,0.00043,0.07315
CVE-2020-15870,0.00084,0.35108
CVE-2020-15871,0.01465,0.85407
CVE-2020-15873,0.00100,0.41004
CVE-2020-15877,0.00355,0.69176
CVE-2020-15879,0.00168,0.53801
CVE-2020-15881,0.00237,0.61876
CVE-2020-15882,0.00096,0.40031
CVE-2020-15883,0.00237,0.61876
CVE-2020-15884,0.00174,0.54617
CVE-2020-15885,0.00083,0.34400
CVE-2020-15886,0.00125,0.46894
CVE-2020-15887,0.00125,0.46894
CVE-2020-15888,0.00279,0.65122
CVE-2020-15889,0.00361,0.69467
CVE-2020-1589,0.00043,0.07315
CVE-2020-15890,0.00231,0.61342
CVE-2020-15892,0.00228,0.61073
CVE-2020-15893,0.00399,0.70935
CVE-2020-15894,0.00167,0.53466
CVE-2020-15895,0.00187,0.56073
CVE-2020-15896,0.00216,0.59666
CVE-2020-15897,0.00249,0.62908
CVE-2020-15898,0.00106,0.42944
CVE-2020-15899,0.00117,0.45503
CVE-2020-1590,0.00043,0.07315
CVE-2020-15900,0.00513,0.74228
CVE-2020-15901,0.07560,0.93521
CVE-2020-15902,0.00698,0.78217
CVE-2020-15903,0.00222,0.60556
CVE-2020-15904,0.00086,0.35857
CVE-2020-15906,0.00786,0.79598
CVE-2020-15907,0.00084,0.35108
CVE-2020-15908,0.00170,0.54111
CVE-2020-15909,0.00248,0.62797
CVE-2020-1591,0.00052,0.17554
CVE-2020-15910,0.00084,0.35108
CVE-2020-15912,0.00148,0.50845
CVE-2020-15914,0.00066,0.27429
CVE-2020-15916,0.21948,0.96054
CVE-2020-15917,0.02115,0.88055
CVE-2020-15918,0.00058,0.22585
CVE-2020-15919,0.00087,0.36434
CVE-2020-1592,0.00058,0.21938
CVE-2020-15920,0.97220,0.99805
CVE-2020-15921,0.01759,0.86696
CVE-2020-15922,0.01141,0.83275
CVE-2020-15923,0.00666,0.77620
CVE-2020-15924,0.00224,0.60793
CVE-2020-15925,0.00110,0.44091
CVE-2020-15926,0.00375,0.70019
CVE-2020-15927,0.00613,0.76494
CVE-2020-15928,0.01638,0.86247
CVE-2020-15929,0.04387,0.91574
CVE-2020-1593,0.01887,0.87255
CVE-2020-15930,0.00197,0.57591
CVE-2020-15931,0.00368,0.69793
CVE-2020-15932,0.00104,0.42231
CVE-2020-15933,0.00072,0.29847
CVE-2020-15935,0.00082,0.34183
CVE-2020-15936,0.00044,0.10161
CVE-2020-15937,0.00086,0.35773
CVE-2020-15938,0.00084,0.34791
CVE-2020-15939,0.00054,0.20290
CVE-2020-1594,0.03293,0.90388
CVE-2020-15940,0.00066,0.27429
CVE-2020-15941,0.00072,0.29851
CVE-2020-15942,0.00135,0.48751
CVE-2020-15943,0.01946,0.87479
CVE-2020-15944,0.00323,0.67713
CVE-2020-15945,0.00044,0.10445
CVE-2020-15947,0.00110,0.44091
CVE-2020-15948,0.00096,0.39893
CVE-2020-15949,0.00126,0.47117
CVE-2020-1595,0.01307,0.84517
CVE-2020-15950,0.00282,0.65324
CVE-2020-15951,0.00088,0.36898
CVE-2020-15952,0.00327,0.67942
CVE-2020-15953,0.01217,0.83883
CVE-2020-15954,0.00128,0.47470
CVE-2020-15955,0.00109,0.43522
CVE-2020-15956,0.02597,0.89247
CVE-2020-15957,0.00086,0.35785
CVE-2020-15958,0.03522,0.90676
CVE-2020-15959,0.00613,0.76509
CVE-2020-1596,0.00147,0.50682
CVE-2020-15960,0.00404,0.71079
CVE-2020-15961,0.00273,0.64746
CVE-2020-15962,0.00321,0.67609
CVE-2020-15963,0.00326,0.67864
CVE-2020-15964,0.00298,0.66343
CVE-2020-15965,0.00794,0.79764
CVE-2020-15966,0.00167,0.53507
CVE-2020-15967,0.00851,0.80438
CVE-2020-15968,0.00891,0.80898
CVE-2020-15969,0.00833,0.80229
CVE-2020-1597,0.01160,0.83416
CVE-2020-15970,0.00851,0.80438
CVE-2020-15971,0.00851,0.80438
CVE-2020-15972,0.00891,0.80898
CVE-2020-15973,0.00237,0.61899
CVE-2020-15974,0.00716,0.78538
CVE-2020-15975,0.00684,0.77984
CVE-2020-15976,0.01352,0.84784
CVE-2020-15977,0.00469,0.73017
CVE-2020-15978,0.00658,0.77394
CVE-2020-15979,0.00703,0.78284
CVE-2020-1598,0.00080,0.33211
CVE-2020-15980,0.00042,0.05722
CVE-2020-15981,0.00554,0.75241
CVE-2020-15982,0.00636,0.76958
CVE-2020-15983,0.00099,0.40752
CVE-2020-15984,0.00542,0.74961
CVE-2020-15985,0.00602,0.76247
CVE-2020-15986,0.00681,0.77949
CVE-2020-15987,0.00523,0.74475
CVE-2020-15988,0.00649,0.77231
CVE-2020-15989,0.00487,0.73538
CVE-2020-1599,0.00304,0.66603
CVE-2020-15990,0.00851,0.80438
CVE-2020-15991,0.00851,0.80438
CVE-2020-15992,0.00641,0.77071
CVE-2020-15993,0.00193,0.57270
CVE-2020-15994,0.03895,0.91118
CVE-2020-15995,0.01029,0.82277
CVE-2020-15996,0.03895,0.91118
CVE-2020-15997,0.03895,0.91118
CVE-2020-15998,0.00214,0.59527
CVE-2020-15999,0.02809,0.89657
CVE-2020-1600,0.00081,0.33872
CVE-2020-16000,0.02427,0.88913
CVE-2020-16001,0.03334,0.90440
CVE-2020-16002,0.00962,0.81670
CVE-2020-16003,0.01251,0.84125
CVE-2020-16004,0.00641,0.77076
CVE-2020-16005,0.00515,0.74287
CVE-2020-16006,0.00515,0.74287
CVE-2020-16007,0.00042,0.05722
CVE-2020-16008,0.00412,0.71344
CVE-2020-16009,0.82301,0.98153
CVE-2020-1601,0.00116,0.45451
CVE-2020-16010,0.00270,0.64546
CVE-2020-16011,0.00619,0.76634
CVE-2020-16012,0.00144,0.50250
CVE-2020-16013,0.00374,0.69987
CVE-2020-16014,0.00161,0.52752
CVE-2020-16015,0.00129,0.47640
CVE-2020-16016,0.00129,0.47759
CVE-2020-16017,0.00229,0.61205
CVE-2020-16018,0.00161,0.52752
CVE-2020-16019,0.00129,0.47640
CVE-2020-1602,0.00100,0.40884
CVE-2020-16020,0.00108,0.43337
CVE-2020-16021,0.00129,0.47640
CVE-2020-16022,0.00118,0.45722
CVE-2020-16023,0.00155,0.51857
CVE-2020-16024,0.00241,0.62175
CVE-2020-16025,0.00241,0.62175
CVE-2020-16026,0.00155,0.51857
CVE-2020-16027,0.00108,0.43317
CVE-2020-16028,0.00126,0.47144
CVE-2020-16029,0.00108,0.43465
CVE-2020-1603,0.00116,0.45451
CVE-2020-16030,0.00102,0.41521
CVE-2020-16031,0.00134,0.48574
CVE-2020-16032,0.00109,0.43911
CVE-2020-16033,0.00109,0.43911
CVE-2020-16034,0.00078,0.32144
CVE-2020-16035,0.00129,0.47640
CVE-2020-16036,0.00113,0.44666
CVE-2020-16037,0.00159,0.52491
CVE-2020-16038,0.00159,0.52491
CVE-2020-16039,0.00159,0.52491
CVE-2020-1604,0.00084,0.34791
CVE-2020-16040,0.24380,0.96217
CVE-2020-16041,0.00119,0.46005
CVE-2020-16042,0.00110,0.43979
CVE-2020-16043,0.00514,0.74249
CVE-2020-16044,0.00155,0.51857
CVE-2020-16045,0.00161,0.52752
CVE-2020-16046,0.00120,0.46089
CVE-2020-16048,0.00184,0.55740
CVE-2020-1605,0.00066,0.27188
CVE-2020-1606,0.00093,0.39033
CVE-2020-1607,0.00115,0.45113
CVE-2020-1608,0.00103,0.41969
CVE-2020-16087,0.00190,0.56670
CVE-2020-16088,0.00517,0.74327
CVE-2020-1609,0.00066,0.27188
CVE-2020-16092,0.00047,0.13971
CVE-2020-16093,0.00089,0.37287
CVE-2020-16094,0.00240,0.62097
CVE-2020-16095,0.00084,0.35108
CVE-2020-16096,0.00065,0.26756
CVE-2020-16097,0.00070,0.29068
CVE-2020-16098,0.00309,0.66976
CVE-2020-16099,0.00067,0.27699
CVE-2020-16100,0.00103,0.41969
CVE-2020-16101,0.00103,0.41969
CVE-2020-16102,0.00203,0.58275
CVE-2020-16103,0.00264,0.64076
CVE-2020-16104,0.00110,0.44091
CVE-2020-1611,0.00062,0.24461
CVE-2020-16116,0.00128,0.47486
CVE-2020-16117,0.00262,0.63984
CVE-2020-16118,0.00093,0.39009
CVE-2020-16119,0.00042,0.05722
CVE-2020-16120,0.00047,0.13971
CVE-2020-16121,0.00044,0.10445
CVE-2020-16122,0.00044,0.10161
CVE-2020-16123,0.00048,0.14460
CVE-2020-16124,0.00222,0.60556
CVE-2020-16125,0.00084,0.34866
CVE-2020-16126,0.00044,0.10445
CVE-2020-16127,0.00044,0.10445
CVE-2020-16128,0.00044,0.10161
CVE-2020-1613,0.00103,0.41969
CVE-2020-16131,0.00084,0.35108
CVE-2020-16134,0.00044,0.10161
CVE-2020-16135,0.00547,0.75076
CVE-2020-16136,0.00071,0.29249
CVE-2020-16137,0.10005,0.94372
CVE-2020-16138,0.04138,0.91353
CVE-2020-16139,0.04591,0.91750
CVE-2020-1614,0.00244,0.62506
CVE-2020-16140,0.00087,0.36434
CVE-2020-16142,0.00055,0.20370
CVE-2020-16143,0.00091,0.38161
CVE-2020-16144,0.00054,0.20290
CVE-2020-16145,0.00124,0.46770
CVE-2020-16146,0.00163,0.52972
CVE-2020-16147,0.05215,0.92279
CVE-2020-16148,0.00944,0.81479
CVE-2020-1615,0.00222,0.60556
CVE-2020-16150,0.00057,0.21397
CVE-2020-16152,0.85747,0.98313
CVE-2020-16154,0.00093,0.38974
CVE-2020-16155,0.00053,0.18833
CVE-2020-16156,0.00128,0.47386
CVE-2020-16157,0.00265,0.64255
CVE-2020-16158,0.00258,0.63632
CVE-2020-16159,0.00356,0.69237
CVE-2020-1616,0.00154,0.51643
CVE-2020-16160,0.00139,0.49493
CVE-2020-16161,0.00421,0.71629
CVE-2020-16162,0.00125,0.46856
CVE-2020-16163,0.00254,0.63283
CVE-2020-16164,0.00664,0.77578
CVE-2020-16165,0.00236,0.61791
CVE-2020-16166,0.00209,0.58898
CVE-2020-16167,0.00831,0.80214
CVE-2020-16168,0.00132,0.48273
CVE-2020-16169,0.01197,0.83728
CVE-2020-1617,0.00231,0.61301
CVE-2020-16170,0.01778,0.86760
CVE-2020-16171,0.00972,0.81774
CVE-2020-1618,0.00068,0.27920
CVE-2020-1619,0.00042,0.05722
CVE-2020-16192,0.00078,0.32606
CVE-2020-16193,0.00050,0.16378
CVE-2020-16194,0.00189,0.56495
CVE-2020-16197,0.00063,0.25033
CVE-2020-16198,0.00056,0.21068
CVE-2020-16199,0.00195,0.57457
CVE-2020-1620,0.00042,0.05722
CVE-2020-16200,0.00056,0.21068
CVE-2020-16201,0.00095,0.39713
CVE-2020-16202,0.00044,0.08189
CVE-2020-16203,0.00099,0.40722
CVE-2020-16204,0.01072,0.82717
CVE-2020-16205,0.15600,0.95430
CVE-2020-16206,0.00290,0.65837
CVE-2020-16207,0.00807,0.79926
CVE-2020-16208,0.00173,0.54474
CVE-2020-16209,0.00169,0.53852
CVE-2020-1621,0.00042,0.05722
CVE-2020-16210,0.00236,0.61754
CVE-2020-16211,0.00085,0.35327
CVE-2020-16212,0.00074,0.30689
CVE-2020-16213,0.00181,0.55355
CVE-2020-16214,0.00076,0.31151
CVE-2020-16215,0.00869,0.80632
CVE-2020-16216,0.00063,0.25292
CVE-2020-16217,0.00181,0.55355
CVE-2020-16218,0.00044,0.08189
CVE-2020-16219,0.00168,0.53528
CVE-2020-1622,0.00042,0.05722
CVE-2020-16220,0.00063,0.25292
CVE-2020-16221,0.00100,0.40890
CVE-2020-16222,0.00073,0.30190
CVE-2020-16223,0.00081,0.33691
CVE-2020-16224,0.00063,0.25292
CVE-2020-16225,0.00087,0.35911
CVE-2020-16226,0.00645,0.77148
CVE-2020-16227,0.00099,0.40722
CVE-2020-16228,0.00044,0.08189
CVE-2020-16229,0.00151,0.51280
CVE-2020-1623,0.00042,0.05722
CVE-2020-16230,0.00042,0.00438
CVE-2020-16231,0.00202,0.58218
CVE-2020-16232,0.00213,0.59312
CVE-2020-16233,0.00162,0.52844
CVE-2020-16234,0.00403,0.71036
CVE-2020-16235,0.00044,0.08189
CVE-2020-16236,0.00122,0.46383
CVE-2020-16237,0.00044,0.08189
CVE-2020-16238,0.00044,0.08189
CVE-2020-16239,0.00065,0.26756
CVE-2020-1624,0.00042,0.05722
CVE-2020-16240,0.00080,0.33470
CVE-2020-16241,0.00044,0.08189
CVE-2020-16242,0.00100,0.41016
CVE-2020-16243,0.00719,0.78598
CVE-2020-16244,0.00104,0.42231
CVE-2020-16245,0.11155,0.94680
CVE-2020-16246,0.00100,0.41016
CVE-2020-16247,0.00044,0.08189
CVE-2020-16248,0.00141,0.49717
CVE-2020-1625,0.00082,0.34053
CVE-2020-16250,0.00179,0.55174
CVE-2020-16251,0.00216,0.59677
CVE-2020-16252,0.00053,0.19056
CVE-2020-16253,0.00069,0.28561
CVE-2020-16254,0.00076,0.31249
CVE-2020-16255,0.00084,0.35108
CVE-2020-16256,0.00096,0.40028
CVE-2020-16257,0.01828,0.86977
CVE-2020-16258,0.00057,0.21265
CVE-2020-16259,0.00447,0.72422
CVE-2020-1626,0.00116,0.45451
CVE-2020-16260,0.00096,0.40048
CVE-2020-16261,0.00083,0.34304
CVE-2020-16262,0.00048,0.14460
CVE-2020-16263,0.00281,0.65213
CVE-2020-16266,0.00079,0.32839
CVE-2020-16267,0.00613,0.76494
CVE-2020-16268,0.00221,0.60395
CVE-2020-16269,0.00078,0.32240
CVE-2020-1627,0.00103,0.41969
CVE-2020-16270,0.00123,0.46682
CVE-2020-16271,0.00587,0.75915
CVE-2020-16272,0.00482,0.73405
CVE-2020-16273,0.00053,0.18477
CVE-2020-16275,0.00078,0.32606
CVE-2020-16276,0.00131,0.48018
CVE-2020-16277,0.00131,0.48018
CVE-2020-16278,0.00078,0.32606
CVE-2020-16279,0.00603,0.76287
CVE-2020-1628,0.00084,0.34791
CVE-2020-16280,0.00042,0.05722
CVE-2020-16281,0.00042,0.05722
CVE-2020-16282,0.00042,0.05844
CVE-2020-16287,0.00332,0.68235
CVE-2020-16288,0.00287,0.65662
CVE-2020-16289,0.00332,0.68235
CVE-2020-1629,0.00103,0.41969
CVE-2020-16290,0.00332,0.68235
CVE-2020-16291,0.00332,0.68235
CVE-2020-16292,0.00332,0.68235
CVE-2020-16293,0.00340,0.68518
CVE-2020-16294,0.00287,0.65662
CVE-2020-16295,0.00340,0.68518
CVE-2020-16296,0.00332,0.68235
CVE-2020-16297,0.00332,0.68235
CVE-2020-16298,0.00287,0.65662
CVE-2020-16299,0.00393,0.70748
CVE-2020-1630,0.00042,0.05722
CVE-2020-16300,0.00332,0.68235
CVE-2020-16301,0.00287,0.65662
CVE-2020-16302,0.00275,0.64875
CVE-2020-16303,0.00528,0.74607
CVE-2020-16304,0.00319,0.67502
CVE-2020-16305,0.00332,0.68235
CVE-2020-16306,0.00340,0.68518
CVE-2020-16307,0.00340,0.68518
CVE-2020-16308,0.00332,0.68235
CVE-2020-16309,0.00332,0.68235
CVE-2020-1631,0.00373,0.69948
CVE-2020-16310,0.00402,0.71023
CVE-2020-1632,0.00103,0.41969
CVE-2020-1633,0.00058,0.22795
CVE-2020-1634,0.00103,0.41969
CVE-2020-1637,0.00082,0.34065
CVE-2020-1638,0.00103,0.41969
CVE-2020-1639,0.00103,0.41969
CVE-2020-1640,0.00103,0.41969
CVE-2020-1641,0.00058,0.22795
CVE-2020-1643,0.00045,0.11981
CVE-2020-1644,0.00103,0.41969
CVE-2020-1645,0.00092,0.38838
CVE-2020-1646,0.00103,0.41969
CVE-2020-1647,0.00603,0.76287
CVE-2020-1648,0.00103,0.41969
CVE-2020-1649,0.00116,0.45451
CVE-2020-1650,0.00103,0.41969
CVE-2020-1651,0.00058,0.22795
CVE-2020-1652,0.00222,0.60556
CVE-2020-1653,0.00103,0.41969
CVE-2020-1654,0.00603,0.76287
CVE-2020-1655,0.00104,0.42024
CVE-2020-1656,0.01462,0.85394
CVE-2020-1657,0.00103,0.41969
CVE-2020-16587,0.00071,0.29261
CVE-2020-16588,0.00087,0.35973
CVE-2020-16589,0.00112,0.44483
CVE-2020-16590,0.00112,0.44491
CVE-2020-16591,0.00069,0.28685
CVE-2020-16592,0.00170,0.54135
CVE-2020-16593,0.00112,0.44491
CVE-2020-16599,0.00112,0.44491
CVE-2020-1660,0.00103,0.41969
CVE-2020-16600,0.00082,0.33944
CVE-2020-16602,0.43164,0.97025
CVE-2020-16608,0.00365,0.69608
CVE-2020-1661,0.00092,0.38838
CVE-2020-16610,0.00068,0.28156
CVE-2020-1662,0.00103,0.41969
CVE-2020-16629,0.00198,0.57763
CVE-2020-16630,0.00059,0.23157
CVE-2020-16632,0.00058,0.22585
CVE-2020-1664,0.00042,0.05722
CVE-2020-1665,0.00104,0.42024
CVE-2020-1666,0.00063,0.25378
CVE-2020-1667,0.00092,0.38838
CVE-2020-1668,0.00058,0.22795
CVE-2020-1669,0.00044,0.10161
CVE-2020-1670,0.00058,0.22795
CVE-2020-1671,0.00103,0.41969
CVE-2020-1672,0.00103,0.41969
CVE-2020-1673,0.00195,0.57387
CVE-2020-1675,0.00092,0.38838
CVE-2020-1676,0.00131,0.47975
CVE-2020-1677,0.00132,0.48223
CVE-2020-1678,0.00058,0.22795
CVE-2020-1679,0.00103,0.41969
CVE-2020-1680,0.00098,0.40521
CVE-2020-1681,0.00060,0.23607
CVE-2020-1682,0.00044,0.10161
CVE-2020-1683,0.00103,0.41969
CVE-2020-16839,0.00091,0.38109
CVE-2020-1684,0.00103,0.41969
CVE-2020-16843,0.00114,0.44907
CVE-2020-16844,0.00074,0.30761
CVE-2020-16845,0.05443,0.92453
CVE-2020-16846,0.97467,0.99959
CVE-2020-16847,0.00084,0.35108
CVE-2020-16849,0.00178,0.55045
CVE-2020-1685,0.00084,0.34791
CVE-2020-16850,0.00077,0.32059
CVE-2020-16851,0.00066,0.27441
CVE-2020-16852,0.00043,0.07315
CVE-2020-16853,0.00066,0.27441
CVE-2020-16854,0.00043,0.07315
CVE-2020-16855,0.01577,0.85982
CVE-2020-16856,0.01670,0.86365
CVE-2020-16857,0.00624,0.76746
CVE-2020-16858,0.00052,0.17554
CVE-2020-16859,0.00052,0.17554
CVE-2020-1686,0.00103,0.41969
CVE-2020-16860,0.01144,0.83294
CVE-2020-16861,0.00052,0.17554
CVE-2020-16862,0.01048,0.82470
CVE-2020-16863,0.00193,0.57187
CVE-2020-16864,0.00052,0.17554
CVE-2020-1687,0.00058,0.22795
CVE-2020-16871,0.00052,0.17554
CVE-2020-16872,0.00056,0.21014
CVE-2020-16873,0.00106,0.42986
CVE-2020-16874,0.01670,0.86365
CVE-2020-16875,0.39822,0.96924
CVE-2020-16876,0.00043,0.07315
CVE-2020-16877,0.00043,0.07315
CVE-2020-16878,0.00052,0.17554
CVE-2020-16879,0.00043,0.07315
CVE-2020-1688,0.00042,0.05722
CVE-2020-16881,0.01182,0.83617
CVE-2020-16884,0.00397,0.70871
CVE-2020-16885,0.00043,0.07315
CVE-2020-16886,0.00043,0.07315
CVE-2020-16887,0.00043,0.07315
CVE-2020-16889,0.00043,0.07315
CVE-2020-1689,0.00058,0.22795
CVE-2020-16890,0.00043,0.07315
CVE-2020-16891,0.00211,0.59040
CVE-2020-16892,0.00043,0.07315
CVE-2020-16894,0.00148,0.50825
CVE-2020-16895,0.00043,0.07315
CVE-2020-16896,0.05139,0.92223
CVE-2020-16897,0.00043,0.07315
CVE-2020-16898,0.00849,0.80416
CVE-2020-16899,0.00373,0.69942
CVE-2020-1690,0.00044,0.10161
CVE-2020-16900,0.00043,0.07315
CVE-2020-16901,0.00136,0.48897
CVE-2020-16902,0.00043,0.07315
CVE-2020-16904,0.00189,0.56485
CVE-2020-16905,0.00136,0.48897
CVE-2020-16907,0.00043,0.07315
CVE-2020-16908,0.00043,0.07315
CVE-2020-16909,0.00043,0.07315
CVE-2020-1691,0.00053,0.18436
CVE-2020-16910,0.00073,0.30023
CVE-2020-16911,0.04067,0.91286
CVE-2020-16912,0.00043,0.07315
CVE-2020-16913,0.00043,0.07315
CVE-2020-16914,0.00043,0.07315
CVE-2020-16915,0.00343,0.68646
CVE-2020-16916,0.00043,0.07315
CVE-2020-16918,0.01331,0.84644
CVE-2020-16919,0.00043,0.07315
CVE-2020-1692,0.00054,0.19478
CVE-2020-16920,0.00043,0.07315
CVE-2020-16921,0.00257,0.63578
CVE-2020-16922,0.00131,0.48015
CVE-2020-16923,0.01793,0.86827
CVE-2020-16924,0.01793,0.86827
CVE-2020-16927,0.00193,0.57187
CVE-2020-16928,0.00144,0.50295
CVE-2020-16929,0.01900,0.87315
CVE-2020-1693,0.03502,0.90655
CVE-2020-16930,0.02595,0.89243
CVE-2020-16931,0.02065,0.87893
CVE-2020-16932,0.02065,0.87893
CVE-2020-16933,0.00141,0.49787
CVE-2020-16934,0.00144,0.50270
CVE-2020-16935,0.00043,0.07315
CVE-2020-16936,0.00043,0.07315
CVE-2020-16937,0.00043,0.07315
CVE-2020-16938,0.00043,0.07315
CVE-2020-16939,0.00047,0.14048
CVE-2020-1694,0.00065,0.26756
CVE-2020-16940,0.00047,0.14048
CVE-2020-16941,0.00043,0.07315
CVE-2020-16942,0.00043,0.07315
CVE-2020-16943,0.00065,0.27141
CVE-2020-16944,0.00067,0.27777
CVE-2020-16945,0.00080,0.33255
CVE-2020-16946,0.00080,0.33255
CVE-2020-16947,0.10762,0.94589
CVE-2020-16948,0.01105,0.82984
CVE-2020-16949,0.00340,0.68539
CVE-2020-1695,0.00095,0.39646
CVE-2020-16950,0.00136,0.48897
CVE-2020-16951,0.00750,0.79062
CVE-2020-16952,0.91729,0.98724
CVE-2020-16953,0.01105,0.82984
CVE-2020-16954,0.01793,0.86827
CVE-2020-16955,0.00144,0.50295
CVE-2020-16956,0.00052,0.17554
CVE-2020-16957,0.01793,0.86827
CVE-2020-16958,0.00043,0.07315
CVE-2020-16959,0.00043,0.07315
CVE-2020-1696,0.00054,0.20290
CVE-2020-16960,0.00043,0.07315
CVE-2020-16961,0.00043,0.07315
CVE-2020-16962,0.00043,0.07315
CVE-2020-16963,0.00043,0.07315
CVE-2020-16964,0.00043,0.07315
CVE-2020-16967,0.05054,0.92163
CVE-2020-16968,0.03171,0.90193
CVE-2020-16969,0.00107,0.43226
CVE-2020-1697,0.00054,0.20290
CVE-2020-16970,0.00178,0.55093
CVE-2020-16971,0.00194,0.57320
CVE-2020-16972,0.00043,0.07315
CVE-2020-16973,0.00043,0.07315
CVE-2020-16974,0.00043,0.07315
CVE-2020-16975,0.00043,0.07315
CVE-2020-16976,0.00043,0.07315
CVE-2020-16977,0.00773,0.79417
CVE-2020-16978,0.00052,0.17554
CVE-2020-16979,0.00588,0.75963
CVE-2020-1698,0.00044,0.10161
CVE-2020-16980,0.00043,0.07315
CVE-2020-16981,0.00043,0.07315
CVE-2020-16982,0.00164,0.53109
CVE-2020-16983,0.00043,0.07315
CVE-2020-16984,0.00120,0.46126
CVE-2020-16985,0.00213,0.59292
CVE-2020-16986,0.00149,0.50919
CVE-2020-16987,0.00401,0.71007
CVE-2020-16988,0.00043,0.07315
CVE-2020-16989,0.00043,0.07315
CVE-2020-1699,0.00237,0.61828
CVE-2020-16990,0.00097,0.40082
CVE-2020-16991,0.00118,0.45742
CVE-2020-16992,0.00060,0.23747
CVE-2020-16993,0.00070,0.28884
CVE-2020-16994,0.00118,0.45742
CVE-2020-16995,0.00043,0.07315
CVE-2020-16996,0.00064,0.26271
CVE-2020-16997,0.00603,0.76265
CVE-2020-16998,0.00043,0.07315
CVE-2020-16999,0.00043,0.07315
CVE-2020-1700,0.00374,0.69981
CVE-2020-17000,0.00043,0.07315
CVE-2020-17001,0.00043,0.07315
CVE-2020-17002,0.00194,0.57320
CVE-2020-17003,0.02451,0.88966
CVE-2020-17004,0.00043,0.07315
CVE-2020-17005,0.00052,0.17554
CVE-2020-17006,0.00052,0.17554
CVE-2020-17007,0.00043,0.07315
CVE-2020-1701,0.00065,0.26756
CVE-2020-17010,0.00043,0.07623
CVE-2020-17011,0.00043,0.07315
CVE-2020-17012,0.00043,0.07494
CVE-2020-17013,0.00043,0.07315
CVE-2020-17014,0.00043,0.07494
CVE-2020-17015,0.00147,0.50595
CVE-2020-17016,0.00176,0.54810
CVE-2020-17017,0.00588,0.75963
CVE-2020-17018,0.00052,0.17554
CVE-2020-17019,0.01491,0.85518
CVE-2020-1702,0.00051,0.17414
CVE-2020-17020,0.00155,0.51879
CVE-2020-17021,0.00052,0.17554
CVE-2020-17022,0.25572,0.96287
CVE-2020-17023,0.01331,0.84644
CVE-2020-17024,0.00043,0.07315
CVE-2020-17025,0.00043,0.07315
CVE-2020-17026,0.00043,0.07315
CVE-2020-17027,0.00043,0.07315
CVE-2020-17028,0.00043,0.07315
CVE-2020-17029,0.00043,0.07315
CVE-2020-17030,0.00043,0.07315
CVE-2020-17031,0.00043,0.07315
CVE-2020-17032,0.00043,0.07315
CVE-2020-17033,0.00043,0.07315
CVE-2020-17034,0.00043,0.07315
CVE-2020-17035,0.00043,0.07315
CVE-2020-17036,0.00043,0.07315
CVE-2020-17037,0.00043,0.07315
CVE-2020-17038,0.00043,0.07315
CVE-2020-1704,0.00044,0.10161
CVE-2020-17040,0.00199,0.57806
CVE-2020-17041,0.00043,0.07315
CVE-2020-17042,0.04885,0.92025
CVE-2020-17043,0.00043,0.07315
CVE-2020-17044,0.00043,0.07315
CVE-2020-17045,0.00043,0.07315
CVE-2020-17046,0.00043,0.07315
CVE-2020-17047,0.00193,0.57187
CVE-2020-17048,0.00153,0.51621
CVE-2020-17049,0.02743,0.89544
CVE-2020-1705,0.00044,0.10161
CVE-2020-17051,0.04064,0.91283
CVE-2020-17052,0.43170,0.97026
CVE-2020-17053,0.01068,0.82669
CVE-2020-17054,0.05697,0.92614
CVE-2020-17055,0.00043,0.07315
CVE-2020-17056,0.00043,0.07315
CVE-2020-17057,0.00043,0.07494
CVE-2020-17058,0.14597,0.95279
CVE-2020-1706,0.00044,0.10161
CVE-2020-17060,0.00053,0.18650
CVE-2020-17061,0.01656,0.86312
CVE-2020-17062,0.07927,0.93673
CVE-2020-17063,0.00252,0.63162
CVE-2020-17064,0.07927,0.93673
CVE-2020-17065,0.07927,0.93673
CVE-2020-17066,0.07927,0.93673
CVE-2020-17067,0.00096,0.39842
CVE-2020-17068,0.00882,0.80774
CVE-2020-17069,0.00043,0.07315
CVE-2020-1707,0.00044,0.10161
CVE-2020-17070,0.00043,0.07315
CVE-2020-17071,0.00043,0.07315
CVE-2020-17073,0.00043,0.07315
CVE-2020-17074,0.00043,0.07315
CVE-2020-17075,0.00043,0.07315
CVE-2020-17076,0.00043,0.07315
CVE-2020-17077,0.00043,0.07315
CVE-2020-17078,0.07927,0.93673
CVE-2020-17079,0.07927,0.93673
CVE-2020-1708,0.00042,0.05722
CVE-2020-17081,0.01668,0.86360
CVE-2020-17082,0.07927,0.93673
CVE-2020-17083,0.01441,0.85284
CVE-2020-17084,0.00883,0.80789
CVE-2020-17085,0.00142,0.49961
CVE-2020-17086,0.07927,0.93673
CVE-2020-17087,0.00110,0.44027
CVE-2020-17088,0.00043,0.07315
CVE-2020-17089,0.00172,0.54275
CVE-2020-1709,0.00044,0.10161
CVE-2020-17090,0.00370,0.69831
CVE-2020-17091,0.07798,0.93612
CVE-2020-17092,0.00043,0.07315
CVE-2020-17094,0.00043,0.07315
CVE-2020-17095,0.00889,0.80882
CVE-2020-17096,0.00680,0.77910
CVE-2020-17097,0.00043,0.07315
CVE-2020-17098,0.00043,0.07315
CVE-2020-17099,0.00076,0.31378
CVE-2020-1710,0.00084,0.34791
CVE-2020-17100,0.00043,0.07315
CVE-2020-17101,0.07927,0.93673
CVE-2020-17102,0.00472,0.73121
CVE-2020-17103,0.00043,0.07315
CVE-2020-17104,0.07927,0.93673
CVE-2020-17105,0.07927,0.93673
CVE-2020-17106,0.07927,0.93673
CVE-2020-17107,0.07927,0.93673
CVE-2020-17108,0.07927,0.93673
CVE-2020-17109,0.07927,0.93673
CVE-2020-1711,0.00485,0.73520
CVE-2020-17110,0.07927,0.93673
CVE-2020-17113,0.00043,0.07422
CVE-2020-17115,0.00176,0.54810
CVE-2020-17117,0.00680,0.77910
CVE-2020-17118,0.03736,0.90941
CVE-2020-17119,0.78882,0.98013
CVE-2020-1712,0.00054,0.19375
CVE-2020-17120,0.00588,0.75963
CVE-2020-17121,0.02139,0.88170
CVE-2020-17122,0.10070,0.94410
CVE-2020-17123,0.10070,0.94410
CVE-2020-17124,0.05011,0.92129
CVE-2020-17125,0.05011,0.92129
CVE-2020-17126,0.00043,0.07315
CVE-2020-17127,0.10070,0.94410
CVE-2020-17128,0.05011,0.92129
CVE-2020-17129,0.10070,0.94410
CVE-2020-17130,0.00067,0.27765
CVE-2020-17131,0.00152,0.51389
CVE-2020-17132,0.03412,0.90554
CVE-2020-17133,0.01916,0.87378
CVE-2020-17134,0.00043,0.07315
CVE-2020-17135,0.00053,0.18650
CVE-2020-17136,0.00178,0.55133
CVE-2020-17137,0.00043,0.07315
CVE-2020-17138,0.00043,0.07315
CVE-2020-17139,0.00043,0.07315
CVE-2020-1714,0.00528,0.74629
CVE-2020-17140,0.00864,0.80570
CVE-2020-17141,0.03085,0.90066
CVE-2020-17142,0.03412,0.90554
CVE-2020-17143,0.00433,0.71982
CVE-2020-17144,0.26557,0.96333
CVE-2020-17145,0.00053,0.18650
CVE-2020-17147,0.00067,0.27777
CVE-2020-17148,0.10070,0.94410
CVE-2020-17150,0.10070,0.94410
CVE-2020-17152,0.01258,0.84196
CVE-2020-17153,0.00184,0.55736
CVE-2020-17156,0.10070,0.94410
CVE-2020-17158,0.01258,0.84196
CVE-2020-17159,0.10070,0.94410
CVE-2020-1716,0.00103,0.41718
CVE-2020-17162,0.00121,0.46245
CVE-2020-17163,0.00113,0.44762
CVE-2020-1717,0.00054,0.20290
CVE-2020-1718,0.00080,0.33447
CVE-2020-1719,0.00054,0.20290
CVE-2020-1720,0.00065,0.27139
CVE-2020-1721,0.00078,0.32606
CVE-2020-1722,0.00081,0.33698
CVE-2020-1723,0.00084,0.35108
CVE-2020-1724,0.00054,0.20290
CVE-2020-1725,0.00054,0.20290
CVE-2020-1726,0.00205,0.58529
CVE-2020-1727,0.00054,0.20290
CVE-2020-1728,0.00078,0.32606
CVE-2020-1729,0.00044,0.10161
CVE-2020-1730,0.00394,0.70758
CVE-2020-1731,0.00186,0.55912
CVE-2020-1732,0.00054,0.20290
CVE-2020-1733,0.00090,0.38013
CVE-2020-1734,0.00044,0.10504
CVE-2020-1735,0.00068,0.28331
CVE-2020-17352,0.00260,0.63807
CVE-2020-17353,0.00296,0.66242
CVE-2020-17354,0.00071,0.29188
CVE-2020-17355,0.00206,0.58643
CVE-2020-1736,0.00074,0.30483
CVE-2020-17360,0.00094,0.39313
CVE-2020-17361,0.00079,0.32940
CVE-2020-17362,0.00101,0.41233
CVE-2020-17363,0.00299,0.66384
CVE-2020-17364,0.00084,0.35108
CVE-2020-17365,0.00042,0.05722
CVE-2020-17366,0.00253,0.63257
CVE-2020-17367,0.00045,0.11966
CVE-2020-17368,0.01395,0.85050
CVE-2020-1737,0.00045,0.11966
CVE-2020-17372,0.00170,0.54097
CVE-2020-17373,0.00208,0.58759
CVE-2020-17376,0.00170,0.54126
CVE-2020-1738,0.00047,0.13943
CVE-2020-17380,0.00052,0.18055
CVE-2020-17381,0.00048,0.14460
CVE-2020-17382,0.00220,0.60180
CVE-2020-17383,0.00724,0.78679
CVE-2020-17384,0.00168,0.53628
CVE-2020-17385,0.00244,0.62525
CVE-2020-17386,0.00065,0.26756
CVE-2020-17387,0.01493,0.85535
CVE-2020-17388,0.01549,0.85839
CVE-2020-17389,0.01493,0.85535
CVE-2020-1739,0.00046,0.12736
CVE-2020-17390,0.00045,0.12491
CVE-2020-17391,0.00045,0.12491
CVE-2020-17392,0.00045,0.12491
CVE-2020-17393,0.00045,0.12491
CVE-2020-17394,0.00045,0.12491
CVE-2020-17395,0.00045,0.12491
CVE-2020-17396,0.00046,0.13752
CVE-2020-17397,0.00045,0.12491
CVE-2020-17398,0.00045,0.12491
CVE-2020-17399,0.00045,0.12491
CVE-2020-1740,0.00049,0.14843
CVE-2020-17400,0.00045,0.12491
CVE-2020-17401,0.00045,0.12491
CVE-2020-17402,0.00045,0.12491
CVE-2020-17403,0.00214,0.59466
CVE-2020-17404,0.00214,0.59466
CVE-2020-17405,0.00153,0.51620
CVE-2020-17406,0.00879,0.80750
CVE-2020-17407,0.01060,0.82613
CVE-2020-17408,0.04122,0.91339
CVE-2020-17409,0.00207,0.58731
CVE-2020-1741,0.00128,0.47518
CVE-2020-17410,0.00453,0.72613
CVE-2020-17411,0.00119,0.45839
CVE-2020-17412,0.00304,0.66613
CVE-2020-17413,0.00313,0.67188
CVE-2020-17414,0.00065,0.27013
CVE-2020-17415,0.00065,0.27013
CVE-2020-17416,0.00252,0.63194
CVE-2020-17417,0.00546,0.75049
CVE-2020-17418,0.00294,0.66107
CVE-2020-17419,0.00294,0.66107
CVE-2020-1742,0.00048,0.14460
CVE-2020-17420,0.00112,0.44434
CVE-2020-17421,0.00294,0.66107
CVE-2020-17422,0.00112,0.44434
CVE-2020-17423,0.00294,0.66107
CVE-2020-17424,0.00244,0.62445
CVE-2020-17425,0.00244,0.62445
CVE-2020-17426,0.00294,0.66107
CVE-2020-17427,0.00207,0.58708
CVE-2020-17428,0.00112,0.44434
CVE-2020-17429,0.00207,0.58708
CVE-2020-17430,0.00244,0.62445
CVE-2020-17431,0.00244,0.62445
CVE-2020-17432,0.00172,0.54282
CVE-2020-17433,0.00172,0.54282
CVE-2020-17434,0.00172,0.54282
CVE-2020-17435,0.00172,0.54282
CVE-2020-17436,0.00172,0.54282
CVE-2020-17437,0.00167,0.53443
CVE-2020-17438,0.00341,0.68600
CVE-2020-17439,0.00087,0.36043
CVE-2020-1744,0.00104,0.42024
CVE-2020-17440,0.00095,0.39695
CVE-2020-17441,0.00284,0.65459
CVE-2020-17442,0.00131,0.47954
CVE-2020-17443,0.00135,0.48831
CVE-2020-17444,0.00087,0.36043
CVE-2020-17445,0.00095,0.39695
CVE-2020-17446,0.00319,0.67523
CVE-2020-17448,0.00196,0.57576
CVE-2020-17449,0.00058,0.22585
CVE-2020-1745,0.00412,0.71360
CVE-2020-17450,0.00087,0.36434
CVE-2020-17451,0.00054,0.19309
CVE-2020-17452,0.00135,0.48735
CVE-2020-17453,0.00845,0.80367
CVE-2020-17454,0.00078,0.32606
CVE-2020-17456,0.97022,0.99700
CVE-2020-17457,0.00054,0.20290
CVE-2020-17458,0.00054,0.20290
CVE-2020-1746,0.00047,0.13894
CVE-2020-17462,0.00075,0.30775
CVE-2020-17463,0.93981,0.98988
CVE-2020-17465,0.00066,0.27550
CVE-2020-17466,0.00467,0.72973
CVE-2020-17467,0.00295,0.66166
CVE-2020-17468,0.00133,0.48424
CVE-2020-17469,0.00186,0.55892
CVE-2020-1747,0.00497,0.73803
CVE-2020-17470,0.00078,0.32240
CVE-2020-17473,0.00084,0.34791
CVE-2020-17474,0.00521,0.74438
CVE-2020-17475,0.00084,0.34791
CVE-2020-17476,0.00084,0.35108
CVE-2020-17477,0.00049,0.14986
CVE-2020-17478,0.00168,0.53801
CVE-2020-17479,0.00757,0.79183
CVE-2020-1748,0.00202,0.58141
CVE-2020-17480,0.00099,0.40568
CVE-2020-17482,0.00067,0.27737
CVE-2020-17483,0.00087,0.36261
CVE-2020-17484,0.00046,0.13740
CVE-2020-17485,0.00263,0.64021
CVE-2020-17487,0.00246,0.62671
CVE-2020-17489,0.00112,0.44501
CVE-2020-1749,0.00178,0.55102
CVE-2020-17490,0.00048,0.14287
CVE-2020-17494,0.00105,0.42472
CVE-2020-17495,0.00168,0.53801
CVE-2020-17496,0.97458,0.99953
CVE-2020-17497,0.00070,0.29068
CVE-2020-17498,0.00229,0.61149
CVE-2020-1750,0.00068,0.28144
CVE-2020-17500,0.02806,0.89653
CVE-2020-17502,0.00581,0.75802
CVE-2020-17503,0.00581,0.75802
CVE-2020-17504,0.00581,0.75802
CVE-2020-17505,0.96502,0.99507
CVE-2020-17506,0.96009,0.99364
CVE-2020-17507,0.00287,0.65634
CVE-2020-17508,0.00097,0.40195
CVE-2020-17509,0.00254,0.63295
CVE-2020-1751,0.00045,0.11966
CVE-2020-17510,0.02288,0.88586
CVE-2020-17511,0.00067,0.27748
CVE-2020-17513,0.00126,0.47208
CVE-2020-17514,0.00049,0.15856
CVE-2020-17515,0.00170,0.54078
CVE-2020-17516,0.00157,0.52164
CVE-2020-17517,0.00139,0.49441
CVE-2020-17518,0.86267,0.98348
CVE-2020-17519,0.97103,0.99738
CVE-2020-1752,0.00099,0.40597
CVE-2020-17520,0.00067,0.27748
CVE-2020-17521,0.00067,0.27686
CVE-2020-17522,0.00300,0.66407
CVE-2020-17523,0.36015,0.96781
CVE-2020-17525,0.00696,0.78186
CVE-2020-17526,0.08372,0.93823
CVE-2020-17527,0.00292,0.65991
CVE-2020-17528,0.00284,0.65466
CVE-2020-17529,0.00403,0.71064
CVE-2020-1753,0.00047,0.14191
CVE-2020-17530,0.97035,0.99706
CVE-2020-17531,0.01069,0.82683
CVE-2020-17532,0.00061,0.23942
CVE-2020-17533,0.00125,0.47001
CVE-2020-17534,0.00042,0.05722
CVE-2020-17538,0.00332,0.68235
CVE-2020-1754,0.00053,0.18436
CVE-2020-17541,0.00323,0.67708
CVE-2020-17542,0.00066,0.27462
CVE-2020-1755,0.00070,0.28928
CVE-2020-17551,0.00088,0.37003
CVE-2020-1756,0.00091,0.38519
CVE-2020-17563,0.00817,0.80015
CVE-2020-17564,0.00817,0.80015
CVE-2020-1757,0.00063,0.25750
CVE-2020-1758,0.00128,0.47518
CVE-2020-1759,0.00192,0.56992
CVE-2020-1760,0.00504,0.74015
CVE-2020-1761,0.00073,0.30345
CVE-2020-1762,0.00269,0.64459
CVE-2020-1763,0.00514,0.74249
CVE-2020-1764,0.00209,0.58861
CVE-2020-1765,0.00482,0.73421
CVE-2020-1766,0.01758,0.86694
CVE-2020-1767,0.00088,0.37175
CVE-2020-1768,0.00072,0.29893
CVE-2020-1769,0.00123,0.46585
CVE-2020-1770,0.00197,0.57653
CVE-2020-1771,0.00095,0.39725
CVE-2020-1772,0.00448,0.72460
CVE-2020-1773,0.00129,0.47679
CVE-2020-1774,0.00139,0.49421
CVE-2020-1775,0.00078,0.32606
CVE-2020-17752,0.00386,0.70446
CVE-2020-17753,0.00267,0.64321
CVE-2020-17759,0.00209,0.58935
CVE-2020-1776,0.00054,0.20290
CVE-2020-1777,0.00084,0.34791
CVE-2020-1778,0.00054,0.20290
CVE-2020-1779,0.00081,0.33776
CVE-2020-1785,0.00055,0.20370
CVE-2020-1786,0.00057,0.21534
CVE-2020-1787,0.00042,0.05722
CVE-2020-1788,0.00064,0.26488
CVE-2020-1789,0.00069,0.28577
CVE-2020-17891,0.00112,0.44431
CVE-2020-1790,0.00125,0.46899
CVE-2020-17901,0.00063,0.25629
CVE-2020-1791,0.00056,0.21013
CVE-2020-1792,0.00055,0.20370
CVE-2020-1793,0.00069,0.28577
CVE-2020-1794,0.00069,0.28577
CVE-2020-1795,0.00056,0.21013
CVE-2020-17952,0.00548,0.75099
CVE-2020-1796,0.00044,0.10161
CVE-2020-1797,0.00058,0.22795
CVE-2020-1798,0.00055,0.20512
CVE-2020-1799,0.00085,0.35240
CVE-2020-17999,0.00142,0.49948
CVE-2020-1800,0.00063,0.25378
CVE-2020-1801,0.00064,0.26488
CVE-2020-18013,0.00283,0.65421
CVE-2020-18019,0.00189,0.56518
CVE-2020-1802,0.00058,0.22795
CVE-2020-18020,0.00137,0.49070
CVE-2020-18022,0.00120,0.46058
CVE-2020-1803,0.00073,0.30159
CVE-2020-18032,0.00531,0.74688
CVE-2020-18035,0.00120,0.46129
CVE-2020-1804,0.00066,0.27209
CVE-2020-18048,0.00212,0.59087
CVE-2020-1805,0.00066,0.27209
CVE-2020-1806,0.00066,0.27209
CVE-2020-18065,0.00058,0.22585
CVE-2020-18066,0.00099,0.40672
CVE-2020-1807,0.00058,0.22795
CVE-2020-18070,0.00240,0.62123
CVE-2020-18077,0.00082,0.34141
CVE-2020-18078,0.00283,0.65421
CVE-2020-1808,0.00066,0.27209
CVE-2020-18081,0.00205,0.58568
CVE-2020-18084,0.00120,0.46058
CVE-2020-1809,0.00070,0.29068
CVE-2020-1810,0.00084,0.34791
CVE-2020-18102,0.00169,0.53887
CVE-2020-18106,0.00172,0.54442
CVE-2020-1811,0.00118,0.45780
CVE-2020-18114,0.00246,0.62643
CVE-2020-18116,0.00088,0.36822
CVE-2020-1812,0.00061,0.23884
CVE-2020-18121,0.00076,0.31374
CVE-2020-18123,0.00062,0.24284
CVE-2020-18124,0.00053,0.18634
CVE-2020-18125,0.00078,0.32739
CVE-2020-18126,0.00058,0.22585
CVE-2020-18127,0.00063,0.24902
CVE-2020-18129,0.00105,0.42649
CVE-2020-1813,0.00070,0.29068
CVE-2020-18131,0.00058,0.21913
CVE-2020-18132,0.00049,0.15110
CVE-2020-1814,0.00081,0.33872
CVE-2020-18144,0.00172,0.54442
CVE-2020-18145,0.00078,0.32739
CVE-2020-1815,0.00103,0.41969
CVE-2020-18151,0.00062,0.24284
CVE-2020-18155,0.00172,0.54442
CVE-2020-18157,0.00106,0.42853
CVE-2020-18158,0.00058,0.22585
CVE-2020-1816,0.00206,0.58643
CVE-2020-18164,0.00172,0.54442
CVE-2020-18165,0.00066,0.27462
CVE-2020-18166,0.01189,0.83658
CVE-2020-18167,0.00066,0.27462
CVE-2020-18169,0.00074,0.30513
CVE-2020-1817,0.00042,0.05722
CVE-2020-18170,0.00283,0.65421
CVE-2020-18171,0.00048,0.14460
CVE-2020-18172,0.02814,0.89666
CVE-2020-18173,0.00085,0.35300
CVE-2020-18174,0.00283,0.65421
CVE-2020-18175,0.00172,0.54442
CVE-2020-18178,0.01160,0.83423
CVE-2020-18184,0.00493,0.73708
CVE-2020-18185,0.03078,0.90062
CVE-2020-18190,0.00247,0.62770
CVE-2020-18191,0.00295,0.66152
CVE-2020-18194,0.00120,0.46058
CVE-2020-18195,0.00181,0.55369
CVE-2020-18198,0.00181,0.55369
CVE-2020-18215,0.00134,0.48512
CVE-2020-18220,0.00184,0.55810
CVE-2020-18221,0.00112,0.44496
CVE-2020-18229,0.00066,0.27462
CVE-2020-18230,0.00066,0.27462
CVE-2020-18232,0.00124,0.46787
CVE-2020-1825,0.00075,0.30965
CVE-2020-18259,0.00078,0.32739
CVE-2020-1826,0.00044,0.10161
CVE-2020-18261,0.00260,0.63825
CVE-2020-18262,0.00172,0.54442
CVE-2020-18263,0.00180,0.55264
CVE-2020-18264,0.00202,0.58222
CVE-2020-18265,0.00202,0.58222
CVE-2020-18268,0.00138,0.49361
CVE-2020-1827,0.00103,0.41969
CVE-2020-1828,0.00103,0.41969
CVE-2020-18280,0.00045,0.12234
CVE-2020-18282,0.00064,0.26167
CVE-2020-1829,0.00103,0.41969
CVE-2020-1830,0.00092,0.38838
CVE-2020-1831,0.00058,0.22795
CVE-2020-1832,0.00107,0.43052
CVE-2020-18324,0.00099,0.40721
CVE-2020-18325,0.00099,0.40721
CVE-2020-18326,0.00150,0.51052
CVE-2020-18327,0.00068,0.28323
CVE-2020-18329,0.00132,0.48268
CVE-2020-1833,0.00055,0.20512
CVE-2020-18330,0.00127,0.47321
CVE-2020-18331,0.00127,0.47321
CVE-2020-18336,0.00095,0.39495
CVE-2020-1834,0.00058,0.22795
CVE-2020-1835,0.00066,0.27284
CVE-2020-1836,0.00070,0.29068
CVE-2020-1837,0.00058,0.22795
CVE-2020-18378,0.00046,0.13740
CVE-2020-1838,0.00052,0.17536
CVE-2020-18382,0.00046,0.13740
CVE-2020-1839,0.00044,0.10161
CVE-2020-18392,0.00090,0.37753
CVE-2020-18395,0.00105,0.42431
CVE-2020-1840,0.00042,0.05722
CVE-2020-18404,0.00045,0.11801
CVE-2020-18406,0.00059,0.22950
CVE-2020-18409,0.00050,0.15988
CVE-2020-1841,0.00279,0.65084
CVE-2020-18410,0.00045,0.11801
CVE-2020-18413,0.00049,0.15110
CVE-2020-18414,0.00049,0.15110
CVE-2020-18416,0.00053,0.18837
CVE-2020-18418,0.00075,0.31126
CVE-2020-1842,0.00069,0.28577
CVE-2020-18428,0.00074,0.30544
CVE-2020-1843,0.00070,0.29068
CVE-2020-18430,0.00074,0.30544
CVE-2020-18432,0.00136,0.49015
CVE-2020-18438,0.00238,0.61955
CVE-2020-18439,0.00209,0.58874
CVE-2020-1844,0.00042,0.05722
CVE-2020-18440,0.00232,0.61406
CVE-2020-18442,0.00105,0.42416
CVE-2020-18445,0.00068,0.28323
CVE-2020-18446,0.00058,0.22585
CVE-2020-18449,0.00058,0.22585
CVE-2020-1845,0.00042,0.05722
CVE-2020-18451,0.00058,0.22585
CVE-2020-18454,0.00074,0.30590
CVE-2020-18455,0.00058,0.22585
CVE-2020-18456,0.00058,0.22585
CVE-2020-18457,0.00074,0.30590
CVE-2020-18458,0.00074,0.30590
CVE-2020-18460,0.00106,0.42853
CVE-2020-18462,0.00087,0.36582
CVE-2020-18463,0.00053,0.18634
CVE-2020-18464,0.00053,0.18634
CVE-2020-18467,0.00058,0.22585
CVE-2020-18468,0.00058,0.22585
CVE-2020-18469,0.00068,0.27992
CVE-2020-1847,0.00103,0.41969
CVE-2020-18470,0.00068,0.27992
CVE-2020-18475,0.00058,0.22585
CVE-2020-18476,0.00088,0.36822
CVE-2020-18477,0.00088,0.36822
CVE-2020-1848,0.00042,0.05722
CVE-2020-18494,0.00124,0.46787
CVE-2020-1853,0.00093,0.39033
CVE-2020-18544,0.00149,0.50919
CVE-2020-1855,0.00058,0.22795
CVE-2020-1856,0.00168,0.53801
CVE-2020-18568,0.00173,0.54555
CVE-2020-1857,0.00042,0.05722
CVE-2020-1858,0.00116,0.45451
CVE-2020-1860,0.00084,0.34791
CVE-2020-1861,0.00044,0.10161
CVE-2020-1862,0.00042,0.05722
CVE-2020-1863,0.00172,0.54445
CVE-2020-1864,0.00883,0.80790
CVE-2020-18646,0.00711,0.78455
CVE-2020-18647,0.00711,0.78455
CVE-2020-18648,0.00247,0.62702
CVE-2020-1865,0.00075,0.30836
CVE-2020-18651,0.00108,0.43310
CVE-2020-18652,0.00088,0.37006
CVE-2020-18654,0.00112,0.44496
CVE-2020-18657,0.00082,0.34215
CVE-2020-18658,0.00082,0.34215
CVE-2020-18659,0.00082,0.34215
CVE-2020-1866,0.00060,0.23607
CVE-2020-18660,0.00107,0.43056
CVE-2020-18661,0.00082,0.34215
CVE-2020-18662,0.00160,0.52627
CVE-2020-18663,0.00094,0.39460
CVE-2020-18664,0.00053,0.18833
CVE-2020-18665,0.00082,0.34022
CVE-2020-18667,0.00206,0.58619
CVE-2020-18668,0.00053,0.18833
CVE-2020-18670,0.00115,0.45221
CVE-2020-18671,0.00115,0.45221
CVE-2020-18683,0.00224,0.60737
CVE-2020-18684,0.00288,0.65697
CVE-2020-18685,0.00224,0.60737
CVE-2020-18693,0.00066,0.27462
CVE-2020-18694,0.00153,0.51538
CVE-2020-18698,0.00473,0.73131
CVE-2020-18699,0.00108,0.43313
CVE-2020-1870,0.00103,0.41969
CVE-2020-18701,0.00493,0.73697
CVE-2020-18702,0.00108,0.43313
CVE-2020-18703,0.00501,0.73940
CVE-2020-18704,0.00539,0.74887
CVE-2020-18705,0.00501,0.73940
CVE-2020-1871,0.00168,0.53801
CVE-2020-18713,0.00173,0.54480
CVE-2020-18714,0.00173,0.54480
CVE-2020-18716,0.00173,0.54480
CVE-2020-18717,0.00166,0.53265
CVE-2020-1872,0.00058,0.22795
CVE-2020-18723,0.00360,0.69439
CVE-2020-18724,0.00173,0.54556
CVE-2020-1873,0.00110,0.44110
CVE-2020-18730,0.00088,0.37038
CVE-2020-18731,0.00088,0.37038
CVE-2020-18734,0.00180,0.55331
CVE-2020-18735,0.00180,0.55331
CVE-2020-18737,0.00126,0.47198
CVE-2020-1874,0.00044,0.10161
CVE-2020-18741,0.00149,0.50957
CVE-2020-18746,0.00119,0.45932
CVE-2020-18748,0.00070,0.28943
CVE-2020-1875,0.00044,0.10161
CVE-2020-18750,0.00049,0.15009
CVE-2020-18753,0.00390,0.70647
CVE-2020-18754,0.00205,0.58568
CVE-2020-18756,0.00285,0.65525
CVE-2020-18757,0.00073,0.30019
CVE-2020-18758,0.00298,0.66324
CVE-2020-18759,0.00205,0.58568
CVE-2020-1876,0.00110,0.44110
CVE-2020-18766,0.00189,0.56457
CVE-2020-18768,0.00044,0.10345
CVE-2020-1877,0.00044,0.10161
CVE-2020-18770,0.00044,0.10345
CVE-2020-18771,0.00295,0.66174
CVE-2020-18773,0.00132,0.48172
CVE-2020-18774,0.00097,0.40250
CVE-2020-18775,0.00109,0.43813
CVE-2020-18776,0.00072,0.29919
CVE-2020-18778,0.00109,0.43813
CVE-2020-1878,0.00044,0.10161
CVE-2020-18780,0.00044,0.10345
CVE-2020-18781,0.00044,0.10345
CVE-2020-1879,0.00044,0.10161
CVE-2020-1880,0.00055,0.20370
CVE-2020-1881,0.00116,0.45451
CVE-2020-1882,0.00058,0.22795
CVE-2020-1883,0.00081,0.33872
CVE-2020-18831,0.00094,0.39340
CVE-2020-18839,0.00046,0.13740
CVE-2020-1885,0.00042,0.05722
CVE-2020-1886,0.00219,0.59914
CVE-2020-1887,0.00108,0.43408
CVE-2020-18875,0.00439,0.72191
CVE-2020-18877,0.00158,0.52296
CVE-2020-18878,0.00199,0.57890
CVE-2020-18879,0.00526,0.74551
CVE-2020-1888,0.00116,0.45451
CVE-2020-18885,0.00179,0.55138
CVE-2020-18886,0.00774,0.79432
CVE-2020-18888,0.00086,0.35646
CVE-2020-18889,0.00063,0.25629
CVE-2020-1889,0.00860,0.80537
CVE-2020-18890,0.00354,0.69160
CVE-2020-18897,0.00092,0.38874
CVE-2020-18898,0.00119,0.45846
CVE-2020-18899,0.00100,0.41022
CVE-2020-1890,0.00084,0.34791
CVE-2020-18900,0.00069,0.28512
CVE-2020-1891,0.00222,0.60556
CVE-2020-18912,0.00361,0.69492
CVE-2020-18913,0.00180,0.55264
CVE-2020-18917,0.00141,0.49814
CVE-2020-1892,0.00228,0.61078
CVE-2020-1893,0.00116,0.45451
CVE-2020-1894,0.00261,0.63888
CVE-2020-1895,0.00085,0.35449
CVE-2020-1896,0.00360,0.69397
CVE-2020-18964,0.00105,0.42649
CVE-2020-1897,0.00222,0.60556
CVE-2020-18971,0.00069,0.28512
CVE-2020-18972,0.00079,0.33127
CVE-2020-18974,0.00048,0.14768
CVE-2020-18976,0.00048,0.14768
CVE-2020-18979,0.00078,0.32739
CVE-2020-1898,0.00312,0.67079
CVE-2020-18980,0.00283,0.65421
CVE-2020-18982,0.00058,0.22585
CVE-2020-18984,0.00077,0.31886
CVE-2020-18985,0.00072,0.29847
CVE-2020-1899,0.00178,0.55045
CVE-2020-18998,0.00108,0.43313
CVE-2020-18999,0.00108,0.43313
CVE-2020-1900,0.00244,0.62506
CVE-2020-19000,0.00108,0.43313
CVE-2020-19001,0.00270,0.64543
CVE-2020-19002,0.00108,0.43313
CVE-2020-19003,0.00116,0.45332
CVE-2020-19005,0.00063,0.25077
CVE-2020-19007,0.00058,0.22585
CVE-2020-1901,0.00092,0.38838
CVE-2020-1902,0.00168,0.53801
CVE-2020-19028,0.00145,0.50374
CVE-2020-1903,0.00055,0.20370
CVE-2020-19037,0.00095,0.39559
CVE-2020-19038,0.00089,0.37664
CVE-2020-1904,0.00052,0.17719
CVE-2020-19042,0.00078,0.32739
CVE-2020-19046,0.00066,0.27462
CVE-2020-19047,0.00120,0.46054
CVE-2020-19048,0.00073,0.30180
CVE-2020-19049,0.00073,0.30180
CVE-2020-1905,0.00055,0.20370
CVE-2020-1906,0.00044,0.10161
CVE-2020-1907,0.00384,0.70352
CVE-2020-1908,0.00058,0.22795
CVE-2020-1909,0.00305,0.66673
CVE-2020-1910,0.00063,0.25378
CVE-2020-19107,0.00215,0.59551
CVE-2020-19108,0.00215,0.59551
CVE-2020-19109,0.00215,0.59551
CVE-2020-1911,0.00317,0.67416
CVE-2020-19110,0.00156,0.51906
CVE-2020-19111,0.00285,0.65531
CVE-2020-19112,0.00215,0.59551
CVE-2020-19113,0.03799,0.91019
CVE-2020-19114,0.00215,0.59551
CVE-2020-19118,0.00058,0.22585
CVE-2020-1912,0.00590,0.76026
CVE-2020-1913,0.00244,0.62506
CVE-2020-19131,0.00154,0.51699
CVE-2020-19137,0.00718,0.78556
CVE-2020-19138,0.00361,0.69471
CVE-2020-1914,0.00213,0.59296
CVE-2020-19142,0.00433,0.71999
CVE-2020-19143,0.00280,0.65142
CVE-2020-19144,0.00226,0.60914
CVE-2020-19146,0.00289,0.65735
CVE-2020-19147,0.00564,0.75434
CVE-2020-19148,0.00066,0.27462
CVE-2020-1915,0.00116,0.45451
CVE-2020-19150,0.00316,0.67365
CVE-2020-19151,0.00188,0.56437
CVE-2020-19154,0.00289,0.65735
CVE-2020-19155,0.00195,0.57491
CVE-2020-19156,0.00066,0.27462
CVE-2020-19157,0.00130,0.47814
CVE-2020-19158,0.00065,0.26956
CVE-2020-19159,0.00196,0.57530
CVE-2020-1916,0.00244,0.62506
CVE-2020-19165,0.00198,0.57763
CVE-2020-1917,0.00244,0.62506
CVE-2020-1918,0.00178,0.55045
CVE-2020-19185,0.00364,0.69586
CVE-2020-19186,0.00364,0.69586
CVE-2020-19187,0.00364,0.69586
CVE-2020-19188,0.00364,0.69586
CVE-2020-19189,0.00296,0.66236
CVE-2020-1919,0.00178,0.55045
CVE-2020-19190,0.00364,0.69586
CVE-2020-19199,0.00106,0.42995
CVE-2020-1920,0.00092,0.38912
CVE-2020-19201,0.00093,0.39033
CVE-2020-19202,0.00058,0.22585
CVE-2020-19203,0.00099,0.40778
CVE-2020-19204,0.00070,0.28941
CVE-2020-1921,0.00110,0.43917
CVE-2020-19212,0.00076,0.31357
CVE-2020-19213,0.00172,0.54442
CVE-2020-19215,0.00088,0.36822
CVE-2020-19216,0.00088,0.36822
CVE-2020-19217,0.00088,0.36822
CVE-2020-19228,0.00087,0.36582
CVE-2020-19229,0.00177,0.54952
CVE-2020-1925,0.00098,0.40330
CVE-2020-1926,0.00066,0.27495
CVE-2020-19263,0.00106,0.42853
CVE-2020-19264,0.00062,0.24284
CVE-2020-19265,0.00078,0.32739
CVE-2020-19266,0.00078,0.32739
CVE-2020-19267,0.00250,0.63021
CVE-2020-19268,0.00053,0.18634
CVE-2020-1927,0.00189,0.56493
CVE-2020-19274,0.00088,0.36840
CVE-2020-19275,0.00091,0.38064
CVE-2020-19277,0.00052,0.17688
CVE-2020-19278,0.00176,0.54795
CVE-2020-19279,0.00091,0.38629
CVE-2020-1928,0.00222,0.60595
CVE-2020-19280,0.00156,0.52016
CVE-2020-19281,0.00054,0.19309
CVE-2020-19282,0.00135,0.48671
CVE-2020-19283,0.00135,0.48671
CVE-2020-19284,0.00054,0.19309
CVE-2020-19285,0.00054,0.19309
CVE-2020-19286,0.00054,0.19309
CVE-2020-19287,0.00054,0.19309
CVE-2020-19288,0.00054,0.19309
CVE-2020-19289,0.00054,0.19309
CVE-2020-1929,0.00089,0.37476
CVE-2020-19290,0.00054,0.19309
CVE-2020-19291,0.00054,0.19309
CVE-2020-19292,0.00054,0.19309
CVE-2020-19293,0.00054,0.19309
CVE-2020-19294,0.00054,0.19309
CVE-2020-19295,0.00116,0.45276
CVE-2020-1930,0.00849,0.80414
CVE-2020-19301,0.00326,0.67844
CVE-2020-19302,0.00283,0.65421
CVE-2020-19303,0.00075,0.31083
CVE-2020-19304,0.00238,0.61955
CVE-2020-19305,0.00213,0.59326
CVE-2020-1931,0.00863,0.80561
CVE-2020-19316,0.00218,0.59799
CVE-2020-19318,0.00055,0.20491
CVE-2020-19319,0.00082,0.34087
CVE-2020-1932,0.00047,0.14017
CVE-2020-19320,0.00082,0.34087
CVE-2020-19323,0.00087,0.35988
CVE-2020-1933,0.00161,0.52714
CVE-2020-1934,0.00132,0.48094
CVE-2020-1935,0.00240,0.62105
CVE-2020-1936,0.00207,0.58699
CVE-2020-19360,0.05104,0.92201
CVE-2020-19361,0.00085,0.35389
CVE-2020-19362,0.00075,0.31108
CVE-2020-19363,0.00180,0.55301
CVE-2020-19364,0.01285,0.84377
CVE-2020-1937,0.00261,0.63921
CVE-2020-1938,0.97499,0.99974
CVE-2020-1939,0.00209,0.58869
CVE-2020-1940,0.00641,0.77066
CVE-2020-1941,0.00239,0.62048
CVE-2020-19417,0.00075,0.30780
CVE-2020-19419,0.01599,0.86072
CVE-2020-1942,0.00138,0.49309
CVE-2020-1943,0.43119,0.97025
CVE-2020-1944,0.00235,0.61617
CVE-2020-19447,0.00124,0.46843
CVE-2020-1945,0.00076,0.31377
CVE-2020-19450,0.00124,0.46843
CVE-2020-19451,0.00124,0.46843
CVE-2020-19455,0.00124,0.46843
CVE-2020-1946,0.01644,0.86280
CVE-2020-19463,0.00057,0.21445
CVE-2020-19464,0.00057,0.21445
CVE-2020-19465,0.00051,0.17017
CVE-2020-19466,0.00051,0.17017
CVE-2020-19467,0.00051,0.17017
CVE-2020-19468,0.00051,0.17017
CVE-2020-19469,0.00069,0.28512
CVE-2020-1947,0.00578,0.75754
CVE-2020-19470,0.00051,0.17017
CVE-2020-19471,0.00051,0.17017
CVE-2020-19472,0.00051,0.17017
CVE-2020-19473,0.00051,0.17017
CVE-2020-19474,0.00051,0.17017
CVE-2020-19475,0.00069,0.28512
CVE-2020-1948,0.00408,0.71213
CVE-2020-19481,0.00123,0.46573
CVE-2020-19488,0.00057,0.21445
CVE-2020-1949,0.00186,0.55926
CVE-2020-19490,0.00057,0.21445
CVE-2020-19491,0.00074,0.30513
CVE-2020-19492,0.00074,0.30513
CVE-2020-19497,0.00237,0.61851
CVE-2020-19498,0.00203,0.58327
CVE-2020-19499,0.00189,0.56518
CVE-2020-1950,0.00057,0.21315
CVE-2020-1951,0.00057,0.21315
CVE-2020-19510,0.00344,0.68727
CVE-2020-19511,0.00105,0.42463
CVE-2020-19513,0.00083,0.34611
CVE-2020-19515,0.00102,0.41275
CVE-2020-1952,0.00261,0.63883
CVE-2020-19527,0.00433,0.71999
CVE-2020-1953,0.00635,0.76951
CVE-2020-1954,0.00056,0.20767
CVE-2020-19547,0.00087,0.36460
CVE-2020-1955,0.00148,0.50772
CVE-2020-19551,0.00302,0.66505
CVE-2020-19553,0.00058,0.22585
CVE-2020-19554,0.00072,0.29847
CVE-2020-19559,0.00183,0.55661
CVE-2020-1956,0.97414,0.99924
CVE-2020-1957,0.00423,0.71714
CVE-2020-1958,0.00249,0.62869
CVE-2020-19586,0.00115,0.45002
CVE-2020-19587,0.00059,0.22834
CVE-2020-1959,0.00212,0.59234
CVE-2020-19595,0.00109,0.43862
CVE-2020-19596,0.00352,0.69069
CVE-2020-1960,0.00042,0.05722
CVE-2020-19609,0.00083,0.34382
CVE-2020-1961,0.00105,0.42539
CVE-2020-19611,0.00065,0.27095
CVE-2020-19613,0.00314,0.67197
CVE-2020-19616,0.00058,0.22585
CVE-2020-19617,0.00058,0.22585
CVE-2020-19618,0.00058,0.22585
CVE-2020-19619,0.00058,0.22585
CVE-2020-19625,0.78777,0.98008
CVE-2020-19626,0.00062,0.24514
CVE-2020-1963,0.02343,0.88705
CVE-2020-19639,0.00073,0.30112
CVE-2020-1964,0.02769,0.89592
CVE-2020-19640,0.00149,0.51010
CVE-2020-19641,0.00104,0.42382
CVE-2020-19642,0.00042,0.05722
CVE-2020-19643,0.00087,0.36434
CVE-2020-19660,0.00050,0.16906
CVE-2020-19664,0.04096,0.91320
CVE-2020-19667,0.00090,0.38012
CVE-2020-19668,0.00081,0.33520
CVE-2020-19669,0.00106,0.42853
CVE-2020-1967,0.09953,0.94355
CVE-2020-19670,0.00058,0.22585
CVE-2020-19672,0.00458,0.72729
CVE-2020-19676,0.00126,0.47113
CVE-2020-19678,0.00100,0.40991
CVE-2020-1968,0.00374,0.69990
CVE-2020-19682,0.00106,0.42853
CVE-2020-19683,0.00058,0.22585
CVE-2020-19692,0.00287,0.65668
CVE-2020-19693,0.00087,0.36569
CVE-2020-19695,0.00203,0.58275
CVE-2020-19697,0.00064,0.26154
CVE-2020-19698,0.00064,0.26154
CVE-2020-19699,0.00075,0.30791
CVE-2020-19703,0.00078,0.32739
CVE-2020-19704,0.00058,0.22585
CVE-2020-19705,0.00172,0.54442
CVE-2020-19709,0.00095,0.39559
CVE-2020-1971,0.00425,0.71754
CVE-2020-19716,0.00069,0.28611
CVE-2020-19717,0.00085,0.35361
CVE-2020-19718,0.00085,0.35361
CVE-2020-19719,0.00082,0.34141
CVE-2020-19720,0.00081,0.33726
CVE-2020-19721,0.00119,0.45966
CVE-2020-19722,0.00081,0.33726
CVE-2020-19724,0.00044,0.10345
CVE-2020-19725,0.00066,0.27488
CVE-2020-19726,0.00115,0.45000
CVE-2020-1975,0.00104,0.42231
CVE-2020-19750,0.00077,0.31713
CVE-2020-19751,0.00161,0.52777
CVE-2020-19752,0.00154,0.51731
CVE-2020-1976,0.00042,0.05722
CVE-2020-19762,0.00120,0.46161
CVE-2020-19765,0.00078,0.32649
CVE-2020-19766,0.00078,0.32649
CVE-2020-19767,0.00205,0.58568
CVE-2020-19768,0.00205,0.58568
CVE-2020-19769,0.00205,0.58568
CVE-2020-1977,0.00083,0.34255
CVE-2020-19770,0.00058,0.22585
CVE-2020-19778,0.00733,0.78826
CVE-2020-1978,0.00044,0.10161
CVE-2020-19786,0.00050,0.16785
CVE-2020-1979,0.00044,0.08189
CVE-2020-1980,0.00042,0.05844
CVE-2020-19802,0.00210,0.59017
CVE-2020-19803,0.00148,0.50737
CVE-2020-1981,0.00042,0.05722
CVE-2020-1982,0.00065,0.26897
CVE-2020-19821,0.00088,0.36822
CVE-2020-19822,0.00383,0.70324
CVE-2020-19824,0.00055,0.20747
CVE-2020-19825,0.00105,0.42673
CVE-2020-1983,0.00056,0.21156
CVE-2020-1984,0.00042,0.05722
CVE-2020-1985,0.00042,0.05722
CVE-2020-19850,0.00073,0.30295
CVE-2020-19853,0.00172,0.54442
CVE-2020-19855,0.00078,0.32739
CVE-2020-19858,0.00152,0.51368
CVE-2020-1986,0.00042,0.05722
CVE-2020-19860,0.00145,0.50301
CVE-2020-19861,0.00145,0.50320
CVE-2020-1987,0.00042,0.05722
CVE-2020-19877,0.00436,0.72110
CVE-2020-19878,0.01017,0.82189
CVE-2020-19879,0.00087,0.36434
CVE-2020-1988,0.00042,0.05722
CVE-2020-19880,0.00270,0.64511
CVE-2020-19881,0.00072,0.29718
CVE-2020-19882,0.00072,0.29718
CVE-2020-19883,0.00072,0.29718
CVE-2020-19884,0.00058,0.22585
CVE-2020-19885,0.00072,0.29718
CVE-2020-19886,0.00063,0.25629
CVE-2020-19887,0.00072,0.29718
CVE-2020-19888,0.00102,0.41475
CVE-2020-19889,0.00112,0.44586
CVE-2020-1989,0.00042,0.05722
CVE-2020-19890,0.00079,0.33197
CVE-2020-19891,0.00287,0.65623
CVE-2020-19896,0.00407,0.71203
CVE-2020-19897,0.00115,0.45204
CVE-2020-1990,0.00085,0.35400
CVE-2020-19902,0.00265,0.64259
CVE-2020-19907,0.00458,0.72733
CVE-2020-19909,0.00043,0.06775
CVE-2020-1991,0.00042,0.05722
CVE-2020-19914,0.00100,0.40985
CVE-2020-19915,0.00069,0.28663
CVE-2020-1992,0.00932,0.81351
CVE-2020-19924,0.00058,0.22585
CVE-2020-1993,0.00054,0.20290
CVE-2020-1994,0.00042,0.05722
CVE-2020-19947,0.00201,0.57987
CVE-2020-19949,0.00058,0.22585
CVE-2020-1995,0.00080,0.33275
CVE-2020-19950,0.00058,0.22585
CVE-2020-19951,0.00106,0.42853
CVE-2020-19952,0.00077,0.31777
CVE-2020-19954,0.00205,0.58568
CVE-2020-19957,0.00180,0.55264
CVE-2020-19959,0.00180,0.55264
CVE-2020-1996,0.00161,0.52763
CVE-2020-19960,0.00180,0.55264
CVE-2020-19961,0.00132,0.48237
CVE-2020-19962,0.00058,0.22585
CVE-2020-19964,0.00096,0.39979
CVE-2020-1997,0.00078,0.32606
CVE-2020-1998,0.00104,0.42231
CVE-2020-1999,0.00084,0.34791
CVE-2020-2000,0.00216,0.59660
CVE-2020-2001,0.00127,0.47277
CVE-2020-20012,0.00151,0.51350
CVE-2020-2002,0.00159,0.52424
CVE-2020-20021,0.00057,0.21258
CVE-2020-2003,0.00081,0.33872
CVE-2020-2004,0.00044,0.10161
CVE-2020-2005,0.00078,0.32606
CVE-2020-2006,0.00085,0.35400
CVE-2020-20067,0.00081,0.33887
CVE-2020-2007,0.00238,0.61993
CVE-2020-20070,0.00064,0.26154
CVE-2020-2008,0.00261,0.63923
CVE-2020-2009,0.00148,0.50733
CVE-2020-20092,0.00334,0.68291
CVE-2020-20093,0.00173,0.54494
CVE-2020-20094,0.00246,0.62667
CVE-2020-20095,0.00173,0.54531
CVE-2020-20096,0.00173,0.54531
CVE-2020-2010,0.00238,0.61993
CVE-2020-2011,0.00215,0.59596
CVE-2020-20118,0.00042,0.05722
CVE-2020-2012,0.00279,0.65084
CVE-2020-20120,0.00172,0.54442
CVE-2020-20122,0.00172,0.54442
CVE-2020-20124,0.00495,0.73764
CVE-2020-20125,0.00078,0.32739
CVE-2020-20128,0.00205,0.58568
CVE-2020-20129,0.00058,0.22585
CVE-2020-2013,0.00199,0.57916
CVE-2020-20131,0.00058,0.22585
CVE-2020-20136,0.00747,0.79004
CVE-2020-20138,0.00108,0.43365
CVE-2020-20139,0.00148,0.50841
CVE-2020-2014,0.00238,0.61993
CVE-2020-20140,0.00148,0.50841
CVE-2020-20141,0.00148,0.50841
CVE-2020-20142,0.00148,0.50841
CVE-2020-2015,0.00097,0.40267
CVE-2020-2016,0.00044,0.10161
CVE-2020-2017,0.00115,0.45113
CVE-2020-20178,0.00091,0.38169
CVE-2020-2018,0.00291,0.65909
CVE-2020-20183,0.00168,0.53801
CVE-2020-20184,0.00779,0.79518
CVE-2020-20189,0.00198,0.57763
CVE-2020-2020,0.00042,0.05722
CVE-2020-2021,0.00462,0.72834
CVE-2020-20210,0.00107,0.43009
CVE-2020-20211,0.00144,0.50196
CVE-2020-20212,0.00144,0.50196
CVE-2020-20213,0.00282,0.65308
CVE-2020-20214,0.00290,0.65837
CVE-2020-20215,0.00142,0.49886
CVE-2020-20216,0.00142,0.49886
CVE-2020-20217,0.00200,0.57946
CVE-2020-20218,0.00163,0.53025
CVE-2020-20219,0.00201,0.57996
CVE-2020-2022,0.00199,0.57916
CVE-2020-20220,0.00147,0.50663
CVE-2020-20221,0.00145,0.50323
CVE-2020-20222,0.00298,0.66325
CVE-2020-20225,0.00142,0.49886
CVE-2020-20227,0.00147,0.50663
CVE-2020-2023,0.00056,0.20807
CVE-2020-20230,0.00139,0.49440
CVE-2020-20231,0.00195,0.57388
CVE-2020-20236,0.00290,0.65837
CVE-2020-20237,0.00290,0.65837
CVE-2020-2024,0.00044,0.10161
CVE-2020-20245,0.00147,0.50663
CVE-2020-20246,0.00147,0.50663
CVE-2020-20247,0.00149,0.50974
CVE-2020-20248,0.00119,0.46039
CVE-2020-20249,0.00201,0.57996
CVE-2020-2025,0.00044,0.10161
CVE-2020-20250,0.00195,0.57388
CVE-2020-20252,0.00201,0.57996
CVE-2020-20253,0.00119,0.46039
CVE-2020-20254,0.00268,0.64395
CVE-2020-2026,0.00054,0.19375
CVE-2020-20262,0.00127,0.47356
CVE-2020-20264,0.00119,0.46039
CVE-2020-20265,0.00140,0.49663
CVE-2020-20266,0.00162,0.52830
CVE-2020-20267,0.00201,0.57996
CVE-2020-20269,0.01079,0.82773
CVE-2020-2027,0.00085,0.35400
CVE-2020-20276,0.01074,0.82731
CVE-2020-20277,0.06992,0.93318
CVE-2020-2028,0.00238,0.61993
CVE-2020-20285,0.00090,0.37822
CVE-2020-20287,0.05646,0.92585
CVE-2020-20289,0.00178,0.54980
CVE-2020-2029,0.00171,0.54179
CVE-2020-20290,0.00107,0.43004
CVE-2020-20294,0.00373,0.69943
CVE-2020-20295,0.00344,0.68718
CVE-2020-20296,0.00344,0.68718
CVE-2020-20298,0.00195,0.57458
CVE-2020-20299,0.00307,0.66811
CVE-2020-2030,0.00238,0.61993
CVE-2020-20300,0.16123,0.95497
CVE-2020-2031,0.00081,0.33872
CVE-2020-2032,0.00044,0.10161
CVE-2020-2033,0.00054,0.19143
CVE-2020-20335,0.00087,0.35988
CVE-2020-2034,0.66700,0.97652
CVE-2020-20340,0.00180,0.55264
CVE-2020-20341,0.00205,0.58568
CVE-2020-20343,0.00062,0.24284
CVE-2020-20344,0.00058,0.22585
CVE-2020-20345,0.00062,0.24442
CVE-2020-20347,0.00058,0.22585
CVE-2020-20348,0.00058,0.22585
CVE-2020-20349,0.00058,0.22585
CVE-2020-2035,0.00054,0.20290
CVE-2020-2036,0.03232,0.90296
CVE-2020-20363,0.00067,0.27713
CVE-2020-2037,0.00238,0.61993
CVE-2020-2038,0.86521,0.98357
CVE-2020-20389,0.00058,0.22585
CVE-2020-2039,0.00169,0.53912
CVE-2020-20391,0.00058,0.22585
CVE-2020-20392,0.00209,0.58935
CVE-2020-2040,0.00576,0.75688
CVE-2020-20402,0.00096,0.40025
CVE-2020-20406,0.00054,0.20290
CVE-2020-2041,0.00206,0.58643
CVE-2020-20412,0.00096,0.39969
CVE-2020-20413,0.00091,0.38180
CVE-2020-2042,0.00084,0.34932
CVE-2020-20425,0.00080,0.33385
CVE-2020-20426,0.00080,0.33385
CVE-2020-2043,0.00044,0.10161
CVE-2020-2044,0.00044,0.10161
CVE-2020-20444,0.00087,0.36582
CVE-2020-20445,0.01059,0.82571
CVE-2020-20446,0.01194,0.83698
CVE-2020-20448,0.00068,0.28144
CVE-2020-20450,0.00068,0.28344
CVE-2020-20451,0.00095,0.39631
CVE-2020-20453,0.01059,0.82571
CVE-2020-20466,0.02687,0.89440
CVE-2020-20467,0.00157,0.52199
CVE-2020-20468,0.00063,0.25629
CVE-2020-20469,0.00196,0.57507
CVE-2020-20470,0.00078,0.32273
CVE-2020-20471,0.01079,0.82773
CVE-2020-20472,0.00213,0.59369
CVE-2020-20473,0.00196,0.57507
CVE-2020-20474,0.00196,0.57507
CVE-2020-2048,0.00044,0.10161
CVE-2020-20486,0.00117,0.45605
CVE-2020-2049,0.00042,0.05722
CVE-2020-20490,0.00098,0.40477
CVE-2020-20491,0.00060,0.23735
CVE-2020-20495,0.00088,0.37003
CVE-2020-2050,0.00238,0.62007
CVE-2020-20502,0.00083,0.34382
CVE-2020-20508,0.00078,0.32739
CVE-2020-20514,0.00088,0.36681
CVE-2020-20521,0.00064,0.26154
CVE-2020-20522,0.00064,0.26154
CVE-2020-20523,0.00064,0.26154
CVE-2020-20545,0.00054,0.19309
CVE-2020-20582,0.00205,0.58568
CVE-2020-20583,0.00180,0.55264
CVE-2020-20584,0.00099,0.40700
CVE-2020-20585,0.00211,0.59037
CVE-2020-20586,0.00073,0.30302
CVE-2020-20588,0.00165,0.53161
CVE-2020-20589,0.00100,0.40985
CVE-2020-20593,0.00093,0.39121
CVE-2020-20595,0.00062,0.24284
CVE-2020-20597,0.00078,0.32739
CVE-2020-20598,0.00078,0.32739
CVE-2020-20600,0.00058,0.22585
CVE-2020-20601,0.00520,0.74398
CVE-2020-20605,0.00078,0.32739
CVE-2020-20625,0.00297,0.66294
CVE-2020-20626,0.00058,0.22585
CVE-2020-20627,0.00084,0.34791
CVE-2020-20628,0.00116,0.45382
CVE-2020-20633,0.00058,0.22585
CVE-2020-20634,0.00055,0.20626
CVE-2020-20636,0.00056,0.21079
CVE-2020-20640,0.00082,0.34002
CVE-2020-20642,0.00106,0.42853
CVE-2020-20645,0.00058,0.22585
CVE-2020-20657,0.00075,0.30828
CVE-2020-20658,0.00075,0.30828
CVE-2020-20662,0.00098,0.40477
CVE-2020-20663,0.00098,0.40477
CVE-2020-20664,0.00072,0.29919
CVE-2020-20665,0.00109,0.43813
CVE-2020-20670,0.00241,0.62192
CVE-2020-20671,0.00106,0.42853
CVE-2020-20672,0.00081,0.33577
CVE-2020-20675,0.00172,0.54442
CVE-2020-20691,0.00095,0.39559
CVE-2020-20692,0.00223,0.60634
CVE-2020-20693,0.00122,0.46510
CVE-2020-20695,0.00058,0.22585
CVE-2020-20696,0.00058,0.22585
CVE-2020-20697,0.00052,0.17688
CVE-2020-20698,0.00286,0.65550
CVE-2020-20699,0.00058,0.22585
CVE-2020-20700,0.00058,0.22585
CVE-2020-20701,0.00058,0.22585
CVE-2020-20703,0.00202,0.58249
CVE-2020-20718,0.02199,0.88339
CVE-2020-20725,0.00064,0.26154
CVE-2020-20726,0.00136,0.48968
CVE-2020-20735,0.00170,0.54051
CVE-2020-20739,0.00953,0.81585
CVE-2020-20740,0.00141,0.49833
CVE-2020-20741,0.00755,0.79135
CVE-2020-20746,0.00342,0.68605
CVE-2020-2075,0.00206,0.58643
CVE-2020-2076,0.00308,0.66926
CVE-2020-2077,0.00168,0.53801
CVE-2020-2078,0.00065,0.26756
CVE-2020-20781,0.00058,0.22585
CVE-2020-20796,0.00172,0.54442
CVE-2020-20797,0.00172,0.54442
CVE-2020-20799,0.00058,0.22585
CVE-2020-20800,0.00220,0.59976
CVE-2020-20808,0.00064,0.26154
CVE-2020-20813,0.00081,0.33588
CVE-2020-20891,0.00176,0.54776
CVE-2020-20892,0.00176,0.54776
CVE-2020-20896,0.00176,0.54776
CVE-2020-20898,0.00155,0.51755
CVE-2020-2090,0.00073,0.30112
CVE-2020-20902,0.00224,0.60729
CVE-2020-20907,0.00185,0.55850
CVE-2020-20908,0.00048,0.14582
CVE-2020-2091,0.00065,0.26756
CVE-2020-20913,0.00091,0.38180
CVE-2020-20914,0.00091,0.38180
CVE-2020-20915,0.00091,0.38180
CVE-2020-20918,0.00116,0.45294
CVE-2020-20919,0.00081,0.33887
CVE-2020-2092,0.00104,0.42231
CVE-2020-2093,0.00073,0.30112
CVE-2020-2094,0.00054,0.19618
CVE-2020-20943,0.00061,0.23796
CVE-2020-20944,0.00156,0.52035
CVE-2020-20945,0.00097,0.40147
CVE-2020-20946,0.00058,0.22585
CVE-2020-20948,0.00205,0.58568
CVE-2020-20949,0.00153,0.51586
CVE-2020-2095,0.00054,0.19618
CVE-2020-20950,0.00345,0.68755
CVE-2020-20951,0.01512,0.85651
CVE-2020-2096,0.96965,0.99679
CVE-2020-20969,0.00937,0.81396
CVE-2020-2097,0.00104,0.42231
CVE-2020-20971,0.00106,0.42853
CVE-2020-20975,0.00172,0.54442
CVE-2020-20977,0.00058,0.22585
CVE-2020-20979,0.00250,0.63021
CVE-2020-2098,0.00073,0.30112
CVE-2020-20981,0.00180,0.55264
CVE-2020-20982,0.01894,0.87282
CVE-2020-20988,0.00090,0.37822
CVE-2020-20989,0.00061,0.23796
CVE-2020-2099,0.00324,0.67774
CVE-2020-20990,0.00058,0.22585
CVE-2020-2100,0.00454,0.72640
CVE-2020-21003,0.00058,0.22585
CVE-2020-21005,0.00058,0.22585
CVE-2020-2101,0.00142,0.49947
CVE-2020-21012,0.06292,0.92946
CVE-2020-21013,0.00088,0.36822
CVE-2020-21014,0.00066,0.27316
CVE-2020-21016,0.00630,0.76865
CVE-2020-2102,0.00142,0.49947
CVE-2020-2103,0.01531,0.85755
CVE-2020-21038,0.00046,0.13740
CVE-2020-2104,0.00127,0.47291
CVE-2020-21041,0.00142,0.49936
CVE-2020-21046,0.00042,0.05722
CVE-2020-21047,0.00044,0.08085
CVE-2020-21048,0.00288,0.65701
CVE-2020-21049,0.00288,0.65690
CVE-2020-2105,0.00508,0.74111
CVE-2020-21050,0.00218,0.59837
CVE-2020-21052,0.00064,0.26154
CVE-2020-21053,0.00066,0.27550
CVE-2020-21054,0.00066,0.27550
CVE-2020-21055,0.00057,0.21317
CVE-2020-21056,0.00057,0.21317
CVE-2020-21057,0.00075,0.31114
CVE-2020-21058,0.00064,0.26154
CVE-2020-2106,0.00054,0.19618
CVE-2020-21060,0.00060,0.23589
CVE-2020-21066,0.00098,0.40477
CVE-2020-2107,0.00054,0.19618
CVE-2020-2108,0.00092,0.38890
CVE-2020-21081,0.00062,0.24284
CVE-2020-21082,0.00078,0.32739
CVE-2020-21087,0.00120,0.46058
CVE-2020-21088,0.00068,0.27992
CVE-2020-2109,0.00106,0.42934
CVE-2020-2110,0.00106,0.42934
CVE-2020-21101,0.00054,0.19275
CVE-2020-2111,0.00054,0.19618
CVE-2020-21119,0.00116,0.45263
CVE-2020-2112,0.00054,0.19618
CVE-2020-21120,0.00098,0.40354
CVE-2020-21121,0.00172,0.54442
CVE-2020-21122,0.00095,0.39559
CVE-2020-21124,0.00308,0.66894
CVE-2020-21125,0.00281,0.65237
CVE-2020-21126,0.00106,0.42853
CVE-2020-21127,0.00172,0.54442
CVE-2020-2113,0.00054,0.19618
CVE-2020-21130,0.00082,0.34002
CVE-2020-21131,0.00088,0.36822
CVE-2020-21132,0.00158,0.52225
CVE-2020-21133,0.00158,0.52225
CVE-2020-21139,0.00062,0.24284
CVE-2020-2114,0.00178,0.55045
CVE-2020-21141,0.00106,0.42853
CVE-2020-21142,0.00082,0.34002
CVE-2020-21146,0.00087,0.36434
CVE-2020-21147,0.00068,0.27992
CVE-2020-2115,0.00104,0.42231
CVE-2020-21152,0.00177,0.54871
CVE-2020-2116,0.00077,0.31702
CVE-2020-21161,0.00080,0.33385
CVE-2020-2117,0.00054,0.19618
CVE-2020-21174,0.02199,0.88339
CVE-2020-21176,0.00165,0.53148
CVE-2020-21179,0.00173,0.54480
CVE-2020-2118,0.00054,0.19618
CVE-2020-21180,0.00173,0.54480
CVE-2020-2119,0.00090,0.37972
CVE-2020-2120,0.00104,0.42231
CVE-2020-2121,0.00785,0.79585
CVE-2020-21219,0.00085,0.35243
CVE-2020-2122,0.00054,0.19618
CVE-2020-21224,0.04142,0.91363
CVE-2020-21228,0.00080,0.33350
CVE-2020-2123,0.00585,0.75891
CVE-2020-21236,0.00106,0.42853
CVE-2020-21237,0.00283,0.65421
CVE-2020-21238,0.00237,0.61897
CVE-2020-2124,0.00054,0.19618
CVE-2020-21244,0.00061,0.23805
CVE-2020-21246,0.00052,0.17688
CVE-2020-2125,0.00054,0.19618
CVE-2020-21250,0.00216,0.59663
CVE-2020-21252,0.00136,0.48968
CVE-2020-2126,0.00054,0.19618
CVE-2020-21266,0.00078,0.32606
CVE-2020-21268,0.00064,0.26154
CVE-2020-2127,0.00054,0.19618
CVE-2020-2128,0.00054,0.19618
CVE-2020-2129,0.00065,0.26756
CVE-2020-2130,0.00065,0.26756
CVE-2020-2131,0.00065,0.26756
CVE-2020-21316,0.00099,0.40567
CVE-2020-2132,0.00065,0.26756
CVE-2020-21321,0.00061,0.23796
CVE-2020-21322,0.00250,0.63021
CVE-2020-21325,0.00107,0.43009
CVE-2020-2133,0.00065,0.26756
CVE-2020-21333,0.00058,0.22585
CVE-2020-2134,0.00104,0.42231
CVE-2020-21342,0.00102,0.41475
CVE-2020-21345,0.00088,0.36840
CVE-2020-2135,0.00104,0.42231
CVE-2020-21353,0.00058,0.22585
CVE-2020-21356,0.00095,0.39559
CVE-2020-21357,0.00078,0.32739
CVE-2020-21358,0.00062,0.24284
CVE-2020-21359,0.00215,0.59578
CVE-2020-2136,0.00054,0.19618
CVE-2020-21362,0.00058,0.22585
CVE-2020-21363,0.00070,0.29079
CVE-2020-21365,0.00484,0.73485
CVE-2020-21366,0.00050,0.15988
CVE-2020-2137,0.00054,0.19618
CVE-2020-21377,0.00198,0.57763
CVE-2020-21378,0.00198,0.57763
CVE-2020-2138,0.00065,0.26756
CVE-2020-21386,0.00106,0.42853
CVE-2020-21387,0.00078,0.32739
CVE-2020-2139,0.00063,0.24927
CVE-2020-21394,0.00088,0.36822
CVE-2020-2140,0.00181,0.55462
CVE-2020-21400,0.00060,0.23735
CVE-2020-21405,0.00083,0.34451
CVE-2020-21406,0.00083,0.34451
CVE-2020-2141,0.00058,0.21572
CVE-2020-2142,0.00054,0.19618
CVE-2020-21426,0.00080,0.33441
CVE-2020-21427,0.00115,0.45194
CVE-2020-21428,0.00115,0.45194
CVE-2020-2143,0.00090,0.37972
CVE-2020-21431,0.00076,0.31357
CVE-2020-21434,0.00058,0.22585
CVE-2020-2144,0.00065,0.26756
CVE-2020-2145,0.00044,0.10161
CVE-2020-21452,0.00136,0.48992
CVE-2020-2146,0.00128,0.47518
CVE-2020-21468,0.00084,0.34982
CVE-2020-21469,0.00053,0.18664
CVE-2020-2147,0.00058,0.21572
CVE-2020-21474,0.00214,0.59435
CVE-2020-2148,0.00054,0.19618
CVE-2020-21480,0.00125,0.46970
CVE-2020-21481,0.00125,0.46970
CVE-2020-21482,0.00058,0.22585
CVE-2020-21483,0.00125,0.46970
CVE-2020-21485,0.00064,0.26167
CVE-2020-21486,0.00063,0.25041
CVE-2020-21487,0.00096,0.40048
CVE-2020-21489,0.02199,0.88339
CVE-2020-2149,0.00090,0.37972
CVE-2020-21490,0.00044,0.08085
CVE-2020-21493,0.00068,0.28323
CVE-2020-21494,0.00068,0.28323
CVE-2020-21495,0.00068,0.28323
CVE-2020-21496,0.00068,0.28323
CVE-2020-2150,0.00090,0.37972
CVE-2020-21503,0.00073,0.30307
CVE-2020-21504,0.00078,0.32739
CVE-2020-21505,0.00078,0.32739
CVE-2020-21506,0.00078,0.32739
CVE-2020-2151,0.00090,0.37972
CVE-2020-21514,0.00055,0.20491
CVE-2020-21516,0.00209,0.58867
CVE-2020-21517,0.00082,0.34215
CVE-2020-2152,0.00084,0.35108
CVE-2020-21522,0.00233,0.61465
CVE-2020-21523,0.00608,0.76375
CVE-2020-21524,0.00308,0.66895
CVE-2020-21525,0.00329,0.68052
CVE-2020-21526,0.00233,0.61465
CVE-2020-21527,0.00063,0.24943
CVE-2020-21528,0.00068,0.27930
CVE-2020-21529,0.00080,0.33333
CVE-2020-2153,0.00054,0.19618
CVE-2020-21530,0.00055,0.20552
CVE-2020-21531,0.00058,0.21573
CVE-2020-21532,0.00058,0.21573
CVE-2020-21533,0.00075,0.30806
CVE-2020-21534,0.00053,0.18266
CVE-2020-21535,0.00078,0.32217
CVE-2020-2154,0.00044,0.10161
CVE-2020-21547,0.00192,0.56914
CVE-2020-21548,0.00192,0.56914
CVE-2020-2155,0.00090,0.37972
CVE-2020-21554,0.00234,0.61574
CVE-2020-2156,0.00054,0.19618
CVE-2020-21564,0.00180,0.55292
CVE-2020-2157,0.00054,0.19618
CVE-2020-21572,0.00141,0.49745
CVE-2020-21573,0.00048,0.14768
CVE-2020-21574,0.00069,0.28582
CVE-2020-2158,0.00698,0.78222
CVE-2020-21583,0.00043,0.06775
CVE-2020-21585,0.00396,0.70845
CVE-2020-21588,0.00042,0.05722
CVE-2020-2159,0.00884,0.80794
CVE-2020-21590,0.00056,0.20768
CVE-2020-21594,0.00132,0.48172
CVE-2020-21595,0.00110,0.44074
CVE-2020-21596,0.00227,0.61003
CVE-2020-21597,0.00236,0.61754
CVE-2020-21598,0.00376,0.70040
CVE-2020-21599,0.00125,0.47031
CVE-2020-2160,0.00077,0.31702
CVE-2020-21600,0.00100,0.41022
CVE-2020-21601,0.00110,0.44074
CVE-2020-21602,0.00100,0.41022
CVE-2020-21603,0.00110,0.44074
CVE-2020-21604,0.00110,0.44074
CVE-2020-21605,0.00081,0.33923
CVE-2020-21606,0.00110,0.44074
CVE-2020-2161,0.00054,0.19618
CVE-2020-2162,0.00054,0.19618
CVE-2020-21627,0.00089,0.37607
CVE-2020-2163,0.00054,0.19618
CVE-2020-21639,0.00072,0.29847
CVE-2020-2164,0.00065,0.26756
CVE-2020-21641,0.00855,0.80491
CVE-2020-21642,0.00812,0.79958
CVE-2020-21643,0.00046,0.13740
CVE-2020-21648,0.00074,0.30469
CVE-2020-21649,0.00076,0.31357
CVE-2020-2165,0.00178,0.55045
CVE-2020-21650,0.00495,0.73764
CVE-2020-21651,0.00970,0.81748
CVE-2020-21652,0.00815,0.79991
CVE-2020-21653,0.00209,0.58874
CVE-2020-21654,0.00087,0.36582
CVE-2020-21656,0.00058,0.22585
CVE-2020-21658,0.00062,0.24284
CVE-2020-2166,0.00599,0.76179
CVE-2020-21662,0.00059,0.22864
CVE-2020-21665,0.00087,0.36089
CVE-2020-21667,0.00086,0.35633
CVE-2020-2167,0.00599,0.76179
CVE-2020-21674,0.00129,0.47677
CVE-2020-21675,0.00063,0.25205
CVE-2020-21676,0.00053,0.18467
CVE-2020-21677,0.00098,0.40477
CVE-2020-21678,0.00048,0.14768
CVE-2020-21679,0.00134,0.48585
CVE-2020-2168,0.00599,0.76179
CVE-2020-21680,0.00069,0.28512
CVE-2020-21681,0.00048,0.14768
CVE-2020-21682,0.00048,0.14768
CVE-2020-21683,0.00048,0.14768
CVE-2020-21684,0.00048,0.14768
CVE-2020-21685,0.00068,0.27930
CVE-2020-21686,0.00068,0.27930
CVE-2020-21687,0.00068,0.27930
CVE-2020-21688,0.00208,0.58759
CVE-2020-2169,0.00084,0.35108
CVE-2020-21697,0.00079,0.32894
CVE-2020-21699,0.00087,0.36261
CVE-2020-2170,0.00054,0.19618
CVE-2020-2171,0.00104,0.42231
CVE-2020-21710,0.00097,0.40066
CVE-2020-2172,0.00065,0.26756
CVE-2020-21722,0.00232,0.61372
CVE-2020-21723,0.00057,0.21398
CVE-2020-21724,0.00053,0.19001
CVE-2020-21725,0.00172,0.54442
CVE-2020-21726,0.00172,0.54442
CVE-2020-21729,0.00058,0.22585
CVE-2020-2173,0.00054,0.19618
CVE-2020-21731,0.00098,0.40398
CVE-2020-21732,0.00098,0.40398
CVE-2020-21733,0.00154,0.51696
CVE-2020-2174,0.00084,0.35108
CVE-2020-2175,0.00054,0.19618
CVE-2020-2176,0.00054,0.19618
CVE-2020-2177,0.00054,0.19618
CVE-2020-2178,0.00065,0.26756
CVE-2020-21783,0.00082,0.34002
CVE-2020-21784,0.00284,0.65457
CVE-2020-21785,0.00072,0.29867
CVE-2020-21786,0.00289,0.65747
CVE-2020-21787,0.00344,0.68727
CVE-2020-21788,0.00058,0.22585
CVE-2020-2179,0.00515,0.74298
CVE-2020-2180,0.00515,0.74298
CVE-2020-21806,0.00172,0.54442
CVE-2020-21808,0.00155,0.51778
CVE-2020-21809,0.00174,0.54578
CVE-2020-2181,0.00065,0.26756
CVE-2020-21813,0.00201,0.58123
CVE-2020-21814,0.00179,0.55142
CVE-2020-21815,0.00075,0.30833
CVE-2020-21816,0.00179,0.55142
CVE-2020-21817,0.00075,0.30833
CVE-2020-21818,0.00140,0.49669
CVE-2020-21819,0.00179,0.55142
CVE-2020-2182,0.00054,0.19618
CVE-2020-21827,0.00083,0.34317
CVE-2020-2183,0.00065,0.26756
CVE-2020-21830,0.00179,0.55142
CVE-2020-21831,0.00258,0.63614
CVE-2020-21832,0.00179,0.55142
CVE-2020-21833,0.00473,0.73139
CVE-2020-21834,0.00075,0.30833
CVE-2020-21835,0.00075,0.30833
CVE-2020-21836,0.00179,0.55142
CVE-2020-21838,0.00473,0.73139
CVE-2020-21839,0.00107,0.43131
CVE-2020-2184,0.00062,0.24792
CVE-2020-21840,0.00473,0.73139
CVE-2020-21841,0.00473,0.73139
CVE-2020-21842,0.00213,0.59282
CVE-2020-21843,0.00179,0.55142
CVE-2020-21844,0.00197,0.57635
CVE-2020-21845,0.00112,0.44327
CVE-2020-2185,0.00072,0.29613
CVE-2020-21854,0.00095,0.39559
CVE-2020-2186,0.00062,0.24792
CVE-2020-21861,0.00050,0.16285
CVE-2020-21862,0.00046,0.12703
CVE-2020-21865,0.00537,0.74839
CVE-2020-2187,0.00072,0.29613
CVE-2020-2188,0.00054,0.19618
CVE-2020-21881,0.00066,0.27464
CVE-2020-21883,0.05964,0.92756
CVE-2020-21884,0.11859,0.94847
CVE-2020-2189,0.00515,0.74298
CVE-2020-21890,0.00078,0.32621
CVE-2020-21896,0.00067,0.27626
CVE-2020-2190,0.00054,0.19618
CVE-2020-2191,0.00055,0.20629
CVE-2020-21913,0.00084,0.34859
CVE-2020-2192,0.00059,0.22988
CVE-2020-21929,0.00058,0.22585
CVE-2020-2193,0.00054,0.19618
CVE-2020-21930,0.00058,0.22585
CVE-2020-21932,0.00071,0.29145
CVE-2020-21933,0.00216,0.59647
CVE-2020-21934,0.00216,0.59647
CVE-2020-21935,0.00374,0.69965
CVE-2020-21936,0.00069,0.28663
CVE-2020-21937,0.02367,0.88773
CVE-2020-2194,0.00054,0.19618
CVE-2020-2195,0.00054,0.19618
CVE-2020-2196,0.00152,0.51448
CVE-2020-21967,0.00104,0.42299
CVE-2020-2197,0.00054,0.19618
CVE-2020-21976,0.00107,0.43264
CVE-2020-2198,0.00065,0.26756
CVE-2020-21987,0.00122,0.46399
CVE-2020-21989,0.00173,0.54542
CVE-2020-2199,0.00137,0.49134
CVE-2020-21990,0.01490,0.85513
CVE-2020-21991,0.01644,0.86280
CVE-2020-21992,0.00373,0.69943
CVE-2020-21993,0.00074,0.30459
CVE-2020-21994,0.04534,0.91697
CVE-2020-21995,0.01068,0.82668
CVE-2020-21996,0.00915,0.81164
CVE-2020-21997,0.04536,0.91699
CVE-2020-21998,0.00074,0.30459
CVE-2020-21999,0.03695,0.90895
CVE-2020-2200,0.05077,0.92181
CVE-2020-22000,0.00212,0.59207
CVE-2020-22001,0.04870,0.92013
CVE-2020-22002,0.00295,0.66135
CVE-2020-22007,0.00062,0.24442
CVE-2020-2201,0.00054,0.19618
CVE-2020-22015,0.01754,0.86686
CVE-2020-22016,0.00296,0.66241
CVE-2020-22017,0.00174,0.54620
CVE-2020-22019,0.00091,0.38428
CVE-2020-2202,0.00054,0.19618
CVE-2020-22020,0.00199,0.57884
CVE-2020-22021,0.00123,0.46680
CVE-2020-22022,0.00296,0.66241
CVE-2020-22023,0.00160,0.52671
CVE-2020-22024,0.00084,0.34621
CVE-2020-22025,0.00129,0.47642
CVE-2020-22026,0.00123,0.46680
CVE-2020-22027,0.00332,0.68211
CVE-2020-22028,0.00233,0.61485
CVE-2020-22029,0.00332,0.68211
CVE-2020-2203,0.00062,0.24792
CVE-2020-22030,0.00209,0.58897
CVE-2020-22031,0.00257,0.63588
CVE-2020-22032,0.00129,0.47642
CVE-2020-22033,0.00182,0.55577
CVE-2020-22034,0.00296,0.66241
CVE-2020-22035,0.00209,0.58897
CVE-2020-22036,0.00296,0.66241
CVE-2020-22037,0.00353,0.69102
CVE-2020-22038,0.00088,0.36844
CVE-2020-22039,0.00088,0.36844
CVE-2020-2204,0.00054,0.19618
CVE-2020-22040,0.00088,0.36844
CVE-2020-22041,0.00095,0.39741
CVE-2020-22042,0.00095,0.39741
CVE-2020-22043,0.00088,0.36844
CVE-2020-22044,0.00095,0.39631
CVE-2020-22046,0.00095,0.39741
CVE-2020-22048,0.00095,0.39741
CVE-2020-22049,0.00230,0.61283
CVE-2020-2205,0.00054,0.19618
CVE-2020-22051,0.00099,0.40584
CVE-2020-22054,0.00230,0.61283
CVE-2020-22056,0.00088,0.36844
CVE-2020-22057,0.00198,0.57713
CVE-2020-2206,0.00084,0.35108
CVE-2020-22061,0.00048,0.14460
CVE-2020-2207,0.00084,0.35108
CVE-2020-22079,0.01507,0.85633
CVE-2020-2208,0.00054,0.19618
CVE-2020-22083,0.05086,0.92189
CVE-2020-2209,0.00054,0.19618
CVE-2020-2210,0.00084,0.35108
CVE-2020-2211,0.00451,0.72550
CVE-2020-2212,0.00055,0.20629
CVE-2020-22120,0.00363,0.69530
CVE-2020-22122,0.00180,0.55264
CVE-2020-22124,0.00205,0.58568
CVE-2020-2213,0.00054,0.19618
CVE-2020-2214,0.00054,0.19618
CVE-2020-22148,0.00078,0.32739
CVE-2020-2215,0.00058,0.21572
CVE-2020-22150,0.00078,0.32739
CVE-2020-22151,0.00270,0.64555
CVE-2020-22152,0.00052,0.17688
CVE-2020-22153,0.00214,0.59435
CVE-2020-22158,0.00078,0.32606
CVE-2020-22159,0.00050,0.16285
CVE-2020-2216,0.00054,0.19618
CVE-2020-22164,0.03221,0.90271
CVE-2020-22165,0.03221,0.90271
CVE-2020-22166,0.03221,0.90271
CVE-2020-22167,0.00058,0.22585
CVE-2020-22168,0.00964,0.81681
CVE-2020-22169,0.03221,0.90271
CVE-2020-2217,0.00084,0.35108
CVE-2020-22170,0.03221,0.90271
CVE-2020-22171,0.03221,0.90271
CVE-2020-22172,0.03221,0.90271
CVE-2020-22173,0.03221,0.90271
CVE-2020-22174,0.03221,0.90271
CVE-2020-22175,0.03221,0.90271
CVE-2020-22176,0.00543,0.75001
CVE-2020-2218,0.00044,0.10161
CVE-2020-22181,0.00046,0.12540
CVE-2020-2219,0.00054,0.19618
CVE-2020-22198,0.00311,0.67067
CVE-2020-22199,0.00176,0.54799
CVE-2020-2220,0.00054,0.19618
CVE-2020-22200,0.00093,0.39203
CVE-2020-22201,0.00113,0.44668
CVE-2020-22203,0.00176,0.54799
CVE-2020-22204,0.00209,0.58935
CVE-2020-22205,0.00209,0.58935
CVE-2020-22206,0.00209,0.58935
CVE-2020-22208,0.20254,0.95939
CVE-2020-22209,0.20254,0.95939
CVE-2020-2221,0.00054,0.19618
CVE-2020-22210,0.20254,0.95939
CVE-2020-22211,0.20254,0.95939
CVE-2020-22212,0.00209,0.58935
CVE-2020-22217,0.00044,0.10871
CVE-2020-22218,0.00049,0.15801
CVE-2020-22219,0.00091,0.38069
CVE-2020-2222,0.00054,0.19618
CVE-2020-22222,0.00078,0.32739
CVE-2020-22223,0.00172,0.54442
CVE-2020-22224,0.00078,0.32739
CVE-2020-22225,0.00172,0.54442
CVE-2020-22226,0.00172,0.54442
CVE-2020-2223,0.00054,0.19618
CVE-2020-2224,0.00054,0.19618
CVE-2020-22249,0.00539,0.74887
CVE-2020-2225,0.00054,0.19618
CVE-2020-22251,0.00058,0.22585
CVE-2020-22253,0.00201,0.58090
CVE-2020-2226,0.00054,0.19618
CVE-2020-2227,0.00054,0.19618
CVE-2020-22273,0.00053,0.19032
CVE-2020-22274,0.00614,0.76529
CVE-2020-22275,0.00346,0.68797
CVE-2020-22276,0.01506,0.85629
CVE-2020-22277,0.00613,0.76510
CVE-2020-22278,0.00193,0.57246
CVE-2020-2228,0.00104,0.42231
CVE-2020-22283,0.00158,0.52341
CVE-2020-22284,0.00169,0.53887
CVE-2020-2229,0.00228,0.61099
CVE-2020-2230,0.00228,0.61099
CVE-2020-2231,0.00361,0.69492
CVE-2020-22312,0.00078,0.32739
CVE-2020-2232,0.00178,0.55045
CVE-2020-22327,0.00067,0.27728
CVE-2020-2233,0.00065,0.26756
CVE-2020-22330,0.00078,0.32739
CVE-2020-22334,0.00048,0.14563
CVE-2020-22336,0.00118,0.45753
CVE-2020-2234,0.00065,0.26756
CVE-2020-22345,0.01072,0.82720
CVE-2020-2235,0.00076,0.31257
CVE-2020-22352,0.00051,0.17017
CVE-2020-2236,0.00054,0.19618
CVE-2020-2237,0.00062,0.24792
CVE-2020-2238,0.00054,0.19618
CVE-2020-2239,0.00054,0.19618
CVE-2020-22390,0.00270,0.64525
CVE-2020-22392,0.00058,0.22585
CVE-2020-22394,0.00087,0.36434
CVE-2020-2240,0.00077,0.31702
CVE-2020-22402,0.00046,0.13740
CVE-2020-22403,0.00075,0.30903
CVE-2020-2241,0.00077,0.31702
CVE-2020-2242,0.00054,0.19618
CVE-2020-22421,0.00078,0.32739
CVE-2020-22425,0.00224,0.60756
CVE-2020-22427,0.00274,0.64760
CVE-2020-22428,0.00146,0.50466
CVE-2020-22429,0.00043,0.06775
CVE-2020-2243,0.00054,0.19618
CVE-2020-2244,0.00054,0.19618
CVE-2020-2245,0.00065,0.26756
CVE-2020-22452,0.00118,0.45688
CVE-2020-22453,0.00084,0.35108
CVE-2020-2246,0.00054,0.19618
CVE-2020-2247,0.00054,0.19618
CVE-2020-22474,0.00066,0.27172
CVE-2020-22475,0.00561,0.75354
CVE-2020-2248,0.00084,0.35108
CVE-2020-22481,0.00087,0.36434
CVE-2020-2249,0.00044,0.10161
CVE-2020-2250,0.00065,0.26756
CVE-2020-2251,0.00054,0.19618
CVE-2020-2252,0.00090,0.37972
CVE-2020-22524,0.00055,0.20401
CVE-2020-2253,0.00090,0.37972
CVE-2020-22533,0.00064,0.26154
CVE-2020-22535,0.00095,0.39729
CVE-2020-2254,0.00132,0.48186
CVE-2020-2255,0.00054,0.19618
CVE-2020-22550,0.00201,0.58099
CVE-2020-22552,0.00242,0.62310
CVE-2020-2256,0.00054,0.19618
CVE-2020-2257,0.00054,0.19618
CVE-2020-22570,0.00086,0.35714
CVE-2020-2258,0.00054,0.19618
CVE-2020-2259,0.00054,0.19618
CVE-2020-22597,0.00240,0.62100
CVE-2020-2260,0.00054,0.19618
CVE-2020-22607,0.00073,0.30345
CVE-2020-22608,0.00073,0.30345
CVE-2020-22609,0.00073,0.30345
CVE-2020-2261,0.00237,0.61887
CVE-2020-22612,0.00091,0.38380
CVE-2020-22617,0.00221,0.60385
CVE-2020-2262,0.00054,0.19618
CVE-2020-22623,0.00109,0.43801
CVE-2020-22628,0.00046,0.13740
CVE-2020-2263,0.00054,0.19618
CVE-2020-2264,0.00054,0.19618
CVE-2020-22643,0.00774,0.79432
CVE-2020-22647,0.00082,0.34103
CVE-2020-2265,0.00054,0.19618
CVE-2020-22650,0.00089,0.37607
CVE-2020-22653,0.00166,0.53343
CVE-2020-22654,0.00166,0.53343
CVE-2020-22655,0.00064,0.26338
CVE-2020-22656,0.00064,0.26338
CVE-2020-22657,0.00134,0.48588
CVE-2020-22658,0.00166,0.53343
CVE-2020-22659,0.00064,0.26338
CVE-2020-2266,0.00054,0.19618
CVE-2020-22660,0.00064,0.26338
CVE-2020-22661,0.00069,0.28764
CVE-2020-22662,0.00120,0.46067
CVE-2020-22669,0.00225,0.60819
CVE-2020-2267,0.00054,0.19618
CVE-2020-22673,0.00051,0.17017
CVE-2020-22674,0.00051,0.17017
CVE-2020-22675,0.00069,0.28512
CVE-2020-22677,0.00069,0.28512
CVE-2020-22678,0.00069,0.28512
CVE-2020-22679,0.00051,0.17017
CVE-2020-2268,0.00077,0.31702
CVE-2020-2269,0.00054,0.19618
CVE-2020-2270,0.00054,0.19618
CVE-2020-2271,0.00054,0.19618
CVE-2020-22719,0.00054,0.20290
CVE-2020-2272,0.00054,0.19618
CVE-2020-22721,0.00042,0.05722
CVE-2020-22722,0.00042,0.05722
CVE-2020-22723,0.00092,0.38694
CVE-2020-22724,0.07526,0.93510
CVE-2020-2273,0.00062,0.24792
CVE-2020-22732,0.00054,0.19621
CVE-2020-2274,0.00044,0.10161
CVE-2020-22741,0.00205,0.58568
CVE-2020-2275,0.00132,0.48186
CVE-2020-22755,0.00055,0.20491
CVE-2020-2276,0.00237,0.61887
CVE-2020-22761,0.00125,0.46935
CVE-2020-22765,0.00072,0.29847
CVE-2020-2277,0.00093,0.39033
CVE-2020-2278,0.00063,0.24927
CVE-2020-22781,0.00096,0.39929
CVE-2020-22782,0.00096,0.39929
CVE-2020-22783,0.00070,0.28854
CVE-2020-22784,0.00084,0.34791
CVE-2020-22785,0.00096,0.39929
CVE-2020-22789,0.00161,0.52745
CVE-2020-2279,0.00124,0.46813
CVE-2020-22790,0.00123,0.46609
CVE-2020-2280,0.00087,0.36573
CVE-2020-22807,0.00330,0.68147
CVE-2020-22808,0.00076,0.31249
CVE-2020-22809,0.00063,0.24905
CVE-2020-2281,0.00062,0.24792
CVE-2020-22818,0.00139,0.49473
CVE-2020-22819,0.00139,0.49473
CVE-2020-2282,0.00054,0.19618
CVE-2020-22820,0.00139,0.49473
CVE-2020-2283,0.00054,0.19618
CVE-2020-22839,0.00241,0.62192
CVE-2020-2284,0.00065,0.26756
CVE-2020-22840,0.01043,0.82439
CVE-2020-22841,0.00204,0.58391
CVE-2020-22842,0.00058,0.22005
CVE-2020-22844,0.00107,0.43241
CVE-2020-22845,0.00107,0.43241
CVE-2020-22848,0.00532,0.74714
CVE-2020-2285,0.00054,0.19618
CVE-2020-2286,0.00304,0.66649
CVE-2020-22864,0.00069,0.28663
CVE-2020-2287,0.00085,0.35226
CVE-2020-22873,0.00505,0.74037
CVE-2020-22874,0.00635,0.76953
CVE-2020-22875,0.00635,0.76953
CVE-2020-22876,0.00252,0.63208
CVE-2020-2288,0.00085,0.35226
CVE-2020-22882,0.00086,0.35887
CVE-2020-22884,0.00436,0.72101
CVE-2020-22885,0.00252,0.63208
CVE-2020-22886,0.00252,0.63208
CVE-2020-2289,0.00054,0.19618
CVE-2020-2290,0.00054,0.19618
CVE-2020-22907,0.00252,0.63208
CVE-2020-2291,0.00044,0.10161
CVE-2020-22916,0.00053,0.18900
CVE-2020-2292,0.00054,0.19618
CVE-2020-2293,0.00065,0.26756
CVE-2020-22937,0.01075,0.82739
CVE-2020-2294,0.00054,0.20290
CVE-2020-2295,0.00053,0.19032
CVE-2020-2296,0.00062,0.24792
CVE-2020-2297,0.00044,0.10161
CVE-2020-2298,0.00065,0.26756
CVE-2020-22983,0.00222,0.60582
CVE-2020-22984,0.00302,0.66536
CVE-2020-22985,0.00302,0.66536
CVE-2020-22986,0.00294,0.66085
CVE-2020-22987,0.00302,0.66536
CVE-2020-2299,0.00244,0.62506
CVE-2020-2300,0.00244,0.62506
CVE-2020-2301,0.00222,0.60556
CVE-2020-23014,0.00053,0.18833
CVE-2020-23015,0.00179,0.55177
CVE-2020-2302,0.00054,0.19618
CVE-2020-23026,0.00088,0.36953
CVE-2020-2303,0.00062,0.24792
CVE-2020-23036,0.00136,0.48992
CVE-2020-23037,0.10054,0.94403
CVE-2020-23038,0.00248,0.62866
CVE-2020-23039,0.00058,0.22585
CVE-2020-2304,0.00065,0.26756
CVE-2020-23040,0.00238,0.61955
CVE-2020-23041,0.00078,0.32739
CVE-2020-23042,0.00078,0.32739
CVE-2020-23043,0.00125,0.46970
CVE-2020-23044,0.00058,0.22585
CVE-2020-23045,0.00088,0.36822
CVE-2020-23046,0.00078,0.32739
CVE-2020-23047,0.00078,0.32739
CVE-2020-23048,0.00078,0.32739
CVE-2020-23049,0.00058,0.22585
CVE-2020-2305,0.00065,0.26756
CVE-2020-23050,0.00102,0.41403
CVE-2020-23051,0.00078,0.32739
CVE-2020-23052,0.00058,0.22585
CVE-2020-23054,0.00078,0.32739
CVE-2020-23055,0.00058,0.22585
CVE-2020-23058,0.00073,0.30031
CVE-2020-2306,0.00054,0.19618
CVE-2020-23060,0.00060,0.23520
CVE-2020-23061,0.00238,0.61955
CVE-2020-23064,0.00140,0.49649
CVE-2020-23065,0.00052,0.17688
CVE-2020-23066,0.00050,0.16906
CVE-2020-23069,0.00278,0.65012
CVE-2020-2307,0.00054,0.19618
CVE-2020-23079,0.00205,0.58568
CVE-2020-2308,0.00054,0.19618
CVE-2020-23083,0.16875,0.95586
CVE-2020-2309,0.00054,0.19618
CVE-2020-2310,0.00054,0.19618
CVE-2020-23109,0.00225,0.60859
CVE-2020-2311,0.00054,0.19618
CVE-2020-2312,0.00065,0.26756
CVE-2020-23126,0.00072,0.29847
CVE-2020-23127,0.00112,0.44337
CVE-2020-23128,0.00058,0.22585
CVE-2020-2313,0.00054,0.19618
CVE-2020-23136,0.00044,0.10161
CVE-2020-23138,0.00189,0.56474
CVE-2020-23139,0.00044,0.10161
CVE-2020-2314,0.00044,0.10161
CVE-2020-23140,0.00151,0.51336
CVE-2020-23148,0.00586,0.75910
CVE-2020-23149,0.00501,0.73893
CVE-2020-2315,0.00065,0.26756
CVE-2020-23150,0.00501,0.73893
CVE-2020-23151,0.01895,0.87285
CVE-2020-2316,0.00054,0.19618
CVE-2020-23160,0.04498,0.91672
CVE-2020-23161,0.00134,0.48493
CVE-2020-23162,0.00529,0.74642
CVE-2020-2317,0.00054,0.19618
CVE-2020-23171,0.00078,0.32740
CVE-2020-23172,0.00053,0.18890
CVE-2020-23178,0.00058,0.22585
CVE-2020-23179,0.00058,0.22585
CVE-2020-2318,0.00065,0.26756
CVE-2020-23181,0.00058,0.22585
CVE-2020-23182,0.00058,0.22585
CVE-2020-23184,0.00058,0.22585
CVE-2020-23185,0.00058,0.22585
CVE-2020-2319,0.00065,0.26756
CVE-2020-23190,0.00058,0.22585
CVE-2020-23192,0.00058,0.22585
CVE-2020-23194,0.00058,0.22585
CVE-2020-2320,0.00244,0.62506
CVE-2020-23205,0.00058,0.22585
CVE-2020-23207,0.00058,0.22585
CVE-2020-23208,0.00058,0.22585
CVE-2020-23209,0.00058,0.22585
CVE-2020-2321,0.00059,0.22988
CVE-2020-23214,0.00058,0.22585
CVE-2020-23217,0.00053,0.18833
CVE-2020-23219,0.00111,0.44135
CVE-2020-2322,0.00212,0.59206
CVE-2020-23226,0.00124,0.46779
CVE-2020-2323,0.00076,0.31187
CVE-2020-23234,0.00058,0.22585
CVE-2020-23238,0.00058,0.22585
CVE-2020-23239,0.00058,0.22585
CVE-2020-2324,0.00149,0.50995
CVE-2020-23240,0.00053,0.18570
CVE-2020-23241,0.00058,0.22005
CVE-2020-23242,0.00058,0.22585
CVE-2020-23243,0.00058,0.22585
CVE-2020-23249,0.00072,0.29893
CVE-2020-23250,0.00044,0.10161
CVE-2020-23256,0.00191,0.56720
CVE-2020-23257,0.00046,0.13740
CVE-2020-23258,0.00073,0.30302
CVE-2020-23259,0.00046,0.13740
CVE-2020-23260,0.00046,0.13740
CVE-2020-23262,0.00198,0.57763
CVE-2020-23263,0.00112,0.44449
CVE-2020-23264,0.00088,0.36864
CVE-2020-23266,0.00069,0.28512
CVE-2020-23267,0.00079,0.33127
CVE-2020-23269,0.00069,0.28512
CVE-2020-23273,0.00069,0.28512
CVE-2020-23282,0.00129,0.47746
CVE-2020-23283,0.00148,0.50831
CVE-2020-23284,0.00150,0.51158
CVE-2020-23302,0.00239,0.62028
CVE-2020-23303,0.00239,0.62028
CVE-2020-23306,0.00239,0.62028
CVE-2020-23308,0.00084,0.35130
CVE-2020-23309,0.00084,0.35130
CVE-2020-23310,0.00084,0.35130
CVE-2020-23311,0.00084,0.35130
CVE-2020-23312,0.00084,0.35130
CVE-2020-23313,0.00084,0.35130
CVE-2020-23314,0.00084,0.35130
CVE-2020-23315,0.00102,0.41391
CVE-2020-23319,0.00084,0.35130
CVE-2020-23320,0.00084,0.35130
CVE-2020-23321,0.00239,0.62028
CVE-2020-23322,0.00084,0.35130
CVE-2020-23323,0.00239,0.62028
CVE-2020-23327,0.00045,0.12234
CVE-2020-23330,0.00085,0.35361
CVE-2020-23331,0.00085,0.35361
CVE-2020-23332,0.00119,0.45966
CVE-2020-23333,0.00117,0.45605
CVE-2020-23334,0.00117,0.45605
CVE-2020-23341,0.00078,0.32739
CVE-2020-23342,0.00440,0.72229
CVE-2020-23349,0.00078,0.32649
CVE-2020-23352,0.00084,0.34791
CVE-2020-23355,0.00084,0.34791
CVE-2020-23356,0.00084,0.34791
CVE-2020-23359,0.00289,0.65738
CVE-2020-23360,0.00289,0.65738
CVE-2020-23361,0.00289,0.65738
CVE-2020-23362,0.00071,0.29273
CVE-2020-23363,0.00074,0.30699
CVE-2020-23369,0.00087,0.36434
CVE-2020-23370,0.00072,0.29718
CVE-2020-23371,0.00128,0.47480
CVE-2020-23373,0.00072,0.29718
CVE-2020-23374,0.00072,0.29718
CVE-2020-23376,0.00071,0.29411
CVE-2020-23426,0.00182,0.55557
CVE-2020-23446,0.00130,0.47780
CVE-2020-23447,0.00087,0.36434
CVE-2020-23448,0.00398,0.70913
CVE-2020-23449,0.00102,0.41475
CVE-2020-23450,0.00062,0.24442
CVE-2020-23451,0.00103,0.41646
CVE-2020-23452,0.00046,0.13740
CVE-2020-23466,0.00069,0.28570
CVE-2020-23469,0.00088,0.37038
CVE-2020-23478,0.00088,0.37038
CVE-2020-23481,0.00058,0.22005
CVE-2020-23489,0.00104,0.42274
CVE-2020-23490,0.00243,0.62354
CVE-2020-23512,0.00510,0.74160
CVE-2020-23517,0.00132,0.48095
CVE-2020-23518,0.00093,0.39058
CVE-2020-23520,0.00284,0.65462
CVE-2020-23522,0.00138,0.49337
CVE-2020-23533,0.00161,0.52695
CVE-2020-23534,0.00289,0.65738
CVE-2020-23539,0.00247,0.62766
CVE-2020-23545,0.00067,0.27801
CVE-2020-23546,0.00067,0.27801
CVE-2020-23549,0.00068,0.28059
CVE-2020-23550,0.00043,0.06775
CVE-2020-23551,0.00043,0.06775
CVE-2020-23552,0.00043,0.06775
CVE-2020-23553,0.00043,0.06775
CVE-2020-23554,0.00043,0.06775
CVE-2020-23555,0.00043,0.06775
CVE-2020-23556,0.00043,0.06775
CVE-2020-23557,0.00043,0.06775
CVE-2020-23558,0.00043,0.06775
CVE-2020-23559,0.00043,0.06775
CVE-2020-23560,0.00043,0.06775
CVE-2020-23561,0.00055,0.20495
CVE-2020-23562,0.00055,0.20495
CVE-2020-23563,0.00055,0.20495
CVE-2020-23564,0.00102,0.41533
CVE-2020-23565,0.00065,0.26849
CVE-2020-23566,0.00044,0.10161
CVE-2020-23567,0.00051,0.17017
CVE-2020-23572,0.00202,0.58207
CVE-2020-23574,0.00073,0.30160
CVE-2020-23575,0.01489,0.85508
CVE-2020-23576,0.00058,0.22585
CVE-2020-23580,0.00553,0.75218
CVE-2020-23582,0.00070,0.29113
CVE-2020-23583,0.00274,0.64767
CVE-2020-23584,0.00255,0.63464
CVE-2020-23585,0.00079,0.32905
CVE-2020-23586,0.00069,0.28667
CVE-2020-23587,0.00069,0.28667
CVE-2020-23588,0.00069,0.28667
CVE-2020-23589,0.00068,0.28013
CVE-2020-23590,0.00070,0.29113
CVE-2020-23591,0.00170,0.54075
CVE-2020-23592,0.00081,0.33774
CVE-2020-23593,0.00070,0.29113
CVE-2020-23595,0.00081,0.33582
CVE-2020-23617,0.00078,0.32206
CVE-2020-23618,0.00078,0.32206
CVE-2020-23620,0.00667,0.77646
CVE-2020-23621,0.00667,0.77646
CVE-2020-23622,0.00066,0.27262
CVE-2020-23630,0.00173,0.54480
CVE-2020-23631,0.00114,0.44921
CVE-2020-23639,0.00369,0.69809
CVE-2020-23643,0.00087,0.36434
CVE-2020-23644,0.00087,0.36434
CVE-2020-23647,0.00064,0.26167
CVE-2020-23648,0.00071,0.29217
CVE-2020-23653,0.01088,0.82839
CVE-2020-23654,0.00058,0.22585
CVE-2020-23655,0.00058,0.22585
CVE-2020-23656,0.00058,0.22585
CVE-2020-23657,0.00058,0.22585
CVE-2020-23658,0.00058,0.22585
CVE-2020-23659,0.00058,0.22585
CVE-2020-23660,0.00058,0.22585
CVE-2020-23679,0.00277,0.64978
CVE-2020-23680,0.00068,0.28059
CVE-2020-23685,0.00204,0.58382
CVE-2020-23686,0.00106,0.42853
CVE-2020-23689,0.00058,0.22585
CVE-2020-23691,0.00895,0.80937
CVE-2020-23697,0.00090,0.37822
CVE-2020-23700,0.00058,0.22585
CVE-2020-23702,0.00054,0.19309
CVE-2020-23705,0.00069,0.28582
CVE-2020-23706,0.00098,0.40477
CVE-2020-23707,0.00109,0.43813
CVE-2020-23710,0.00054,0.20290
CVE-2020-23711,0.00209,0.58935
CVE-2020-23715,0.00417,0.71528
CVE-2020-23718,0.00188,0.56359
CVE-2020-23719,0.00188,0.56359
CVE-2020-23721,0.00058,0.22585
CVE-2020-23722,0.00085,0.35518
CVE-2020-23726,0.00042,0.05722
CVE-2020-23727,0.00042,0.05722
CVE-2020-23735,0.00042,0.05722
CVE-2020-23736,0.00042,0.05722
CVE-2020-23738,0.00042,0.05722
CVE-2020-23740,0.00042,0.05722
CVE-2020-23741,0.00042,0.05722
CVE-2020-23754,0.00431,0.71929
CVE-2020-23761,0.00142,0.49910
CVE-2020-23762,0.00072,0.29718
CVE-2020-23763,0.00157,0.52149
CVE-2020-23765,0.00087,0.36582
CVE-2020-23766,0.00138,0.49360
CVE-2020-23768,0.00254,0.63311
CVE-2020-23774,0.00087,0.36434
CVE-2020-23776,0.00102,0.41475
CVE-2020-23790,0.00305,0.66731
CVE-2020-23793,0.00046,0.13740
CVE-2020-23804,0.00084,0.34956
CVE-2020-23811,0.00168,0.53801
CVE-2020-23814,0.00107,0.43258
CVE-2020-23824,0.00204,0.58367
CVE-2020-23826,0.00518,0.74344
CVE-2020-23828,0.03572,0.90733
CVE-2020-23829,0.00564,0.75448
CVE-2020-23830,0.00146,0.50554
CVE-2020-23831,0.00110,0.43930
CVE-2020-23832,0.00406,0.71158
CVE-2020-23833,0.06829,0.93242
CVE-2020-23834,0.00058,0.21920
CVE-2020-23835,0.00203,0.58299
CVE-2020-23836,0.00238,0.61999
CVE-2020-23837,0.00210,0.59005
CVE-2020-23839,0.00550,0.75154
CVE-2020-23849,0.00087,0.36434
CVE-2020-23851,0.00073,0.30238
CVE-2020-23852,0.00073,0.30238
CVE-2020-23856,0.00072,0.29635
CVE-2020-23861,0.00073,0.30238
CVE-2020-23864,0.00075,0.30835
CVE-2020-23868,0.00058,0.22585
CVE-2020-23872,0.00074,0.30544
CVE-2020-23873,0.00245,0.62590
CVE-2020-23874,0.00245,0.62590
CVE-2020-23876,0.00076,0.31414
CVE-2020-23877,0.00203,0.58330
CVE-2020-23878,0.00203,0.58330
CVE-2020-23879,0.00076,0.31414
CVE-2020-23884,0.00070,0.28798
CVE-2020-23886,0.00065,0.27065
CVE-2020-23887,0.00077,0.31982
CVE-2020-23888,0.00077,0.31982
CVE-2020-23889,0.00077,0.31982
CVE-2020-23890,0.00054,0.19503
CVE-2020-23891,0.00077,0.31982
CVE-2020-23893,0.00077,0.31982
CVE-2020-23894,0.00057,0.21336
CVE-2020-23895,0.00077,0.31982
CVE-2020-23896,0.00077,0.31982
CVE-2020-23897,0.00057,0.21336
CVE-2020-23898,0.00057,0.21336
CVE-2020-23899,0.00057,0.21336
CVE-2020-23900,0.00054,0.19503
CVE-2020-23901,0.00077,0.31982
CVE-2020-23902,0.00057,0.21336
CVE-2020-23903,0.00101,0.41147
CVE-2020-23904,0.00069,0.28512
CVE-2020-23906,0.00051,0.17017
CVE-2020-23907,0.00289,0.65776
CVE-2020-23909,0.00052,0.18120
CVE-2020-23910,0.00044,0.10345
CVE-2020-23911,0.00044,0.10345
CVE-2020-23912,0.00056,0.21204
CVE-2020-23914,0.00063,0.25775
CVE-2020-23915,0.00069,0.28685
CVE-2020-23921,0.00077,0.31909
CVE-2020-23922,0.00068,0.28220
CVE-2020-23928,0.00085,0.35258
CVE-2020-23930,0.00061,0.24231
CVE-2020-23931,0.00085,0.35258
CVE-2020-23932,0.00063,0.25775
CVE-2020-23934,0.03540,0.90700
CVE-2020-23935,0.02946,0.89857
CVE-2020-23936,0.00308,0.66926
CVE-2020-23945,0.00210,0.59012
CVE-2020-23957,0.00087,0.36434
CVE-2020-23960,0.00086,0.35717
CVE-2020-23962,0.00082,0.34002
CVE-2020-23966,0.00076,0.31600
CVE-2020-23967,0.00043,0.07658
CVE-2020-23968,0.00181,0.55371
CVE-2020-23971,0.00273,0.64705
CVE-2020-23972,0.54508,0.97359
CVE-2020-23973,0.00274,0.64777
CVE-2020-23974,0.00120,0.46078
CVE-2020-23975,0.00154,0.51688
CVE-2020-23976,0.00750,0.79056
CVE-2020-23977,0.00112,0.44442
CVE-2020-23978,0.00750,0.79056
CVE-2020-23979,0.00274,0.64777
CVE-2020-23980,0.01061,0.82621
CVE-2020-23981,0.00112,0.44442
CVE-2020-23982,0.00206,0.58645
CVE-2020-23983,0.00051,0.17339
CVE-2020-23984,0.00050,0.16830
CVE-2020-23986,0.00072,0.29847
CVE-2020-23989,0.00058,0.22585
CVE-2020-23992,0.00087,0.36571
CVE-2020-23995,0.00134,0.48477
CVE-2020-23996,0.00211,0.59034
CVE-2020-24000,0.00204,0.58382
CVE-2020-24003,0.00045,0.11803
CVE-2020-24007,0.00547,0.75076
CVE-2020-24008,0.00119,0.46037
CVE-2020-24020,0.00082,0.33952
CVE-2020-24025,0.00084,0.34791
CVE-2020-24026,0.00088,0.36898
CVE-2020-24027,0.00308,0.66935
CVE-2020-24028,0.00117,0.45565
CVE-2020-24029,0.00199,0.57918
CVE-2020-24030,0.00143,0.50043
CVE-2020-24032,0.05954,0.92750
CVE-2020-24033,0.00239,0.62040
CVE-2020-24034,0.01060,0.82578
CVE-2020-24036,0.00572,0.75611
CVE-2020-24038,0.00076,0.31357
CVE-2020-24045,0.01019,0.82203
CVE-2020-24046,0.00596,0.76129
CVE-2020-24051,0.00489,0.73599
CVE-2020-24052,0.01023,0.82231
CVE-2020-24053,0.00263,0.64009
CVE-2020-24054,0.00780,0.79528
CVE-2020-24055,0.00344,0.68719
CVE-2020-24056,0.00263,0.64009
CVE-2020-24057,0.35745,0.96768
CVE-2020-24063,0.00143,0.50041
CVE-2020-24074,0.00320,0.67571
CVE-2020-24075,0.00064,0.26154
CVE-2020-24085,0.00078,0.32606
CVE-2020-24088,0.00042,0.05722
CVE-2020-24089,0.00042,0.05722
CVE-2020-24104,0.00087,0.36434
CVE-2020-24113,0.00090,0.37805
CVE-2020-24115,0.00477,0.73249
CVE-2020-24119,0.00078,0.32073
CVE-2020-24130,0.00062,0.24284
CVE-2020-24133,0.00562,0.75357
CVE-2020-24135,0.00105,0.42474
CVE-2020-24136,0.00206,0.58574
CVE-2020-24137,0.00081,0.33723
CVE-2020-24138,0.00105,0.42474
CVE-2020-24139,0.00187,0.56252
CVE-2020-24140,0.00117,0.45503
CVE-2020-24141,0.00072,0.29847
CVE-2020-24142,0.00201,0.58090
CVE-2020-24143,0.00218,0.59812
CVE-2020-24144,0.00326,0.67867
CVE-2020-24145,0.00112,0.44364
CVE-2020-24146,0.00080,0.33454
CVE-2020-24147,0.00218,0.59811
CVE-2020-24148,0.19954,0.95917
CVE-2020-24149,0.00088,0.37038
CVE-2020-24158,0.00063,0.25378
CVE-2020-24159,0.00063,0.25378
CVE-2020-24160,0.00063,0.25378
CVE-2020-24161,0.00063,0.25378
CVE-2020-24162,0.00063,0.25378
CVE-2020-24164,0.00065,0.26860
CVE-2020-24165,0.00042,0.05722
CVE-2020-24175,0.00234,0.61530
CVE-2020-24186,0.97397,0.99912
CVE-2020-24187,0.00044,0.08085
CVE-2020-24188,0.00089,0.37444
CVE-2020-24193,0.00223,0.60685
CVE-2020-24194,0.00113,0.44703
CVE-2020-24195,0.00292,0.65969
CVE-2020-24196,0.00197,0.57678
CVE-2020-24197,0.00169,0.53820
CVE-2020-24198,0.00145,0.50371
CVE-2020-24199,0.03145,0.90155
CVE-2020-24202,0.02885,0.89780
CVE-2020-24203,0.00770,0.79373
CVE-2020-24208,0.00376,0.70058
CVE-2020-24213,0.00270,0.64524
CVE-2020-24214,0.01956,0.87516
CVE-2020-24215,0.02573,0.89192
CVE-2020-24216,0.00144,0.50190
CVE-2020-24217,0.03441,0.90590
CVE-2020-24218,0.00320,0.67587
CVE-2020-24219,0.04450,0.91626
CVE-2020-24220,0.00107,0.43044
CVE-2020-24221,0.00044,0.08085
CVE-2020-24222,0.00042,0.05722
CVE-2020-24223,0.00690,0.78085
CVE-2020-24227,0.00307,0.66811
CVE-2020-24231,0.00305,0.66673
CVE-2020-24240,0.00075,0.30818
CVE-2020-24241,0.00065,0.27117
CVE-2020-24242,0.00065,0.27117
CVE-2020-24246,0.00283,0.65424
CVE-2020-24263,0.00311,0.67053
CVE-2020-24264,0.01246,0.84099
CVE-2020-24265,0.00360,0.69405
CVE-2020-24266,0.00360,0.69405
CVE-2020-24271,0.00105,0.42649
CVE-2020-24275,0.00065,0.27123
CVE-2020-24285,0.00281,0.65226
CVE-2020-24292,0.00117,0.45642
CVE-2020-24293,0.00117,0.45642
CVE-2020-24294,0.00070,0.28952
CVE-2020-24295,0.00117,0.45642
CVE-2020-24297,0.00780,0.79530
CVE-2020-24301,0.00087,0.36434
CVE-2020-24303,0.00078,0.32234
CVE-2020-24307,0.00042,0.05722
CVE-2020-24312,0.01622,0.86190
CVE-2020-24313,0.00076,0.31249
CVE-2020-24314,0.00076,0.31249
CVE-2020-24315,0.00195,0.57446
CVE-2020-24316,0.00076,0.31249
CVE-2020-24327,0.00069,0.28663
CVE-2020-24330,0.00053,0.18461
CVE-2020-24331,0.00053,0.18461
CVE-2020-24332,0.00058,0.21933
CVE-2020-24333,0.00058,0.22585
CVE-2020-24334,0.00095,0.39695
CVE-2020-24335,0.00325,0.67834
CVE-2020-24336,0.04229,0.91434
CVE-2020-24337,0.00095,0.39695
CVE-2020-24338,0.85897,0.98319
CVE-2020-24339,0.00095,0.39695
CVE-2020-24340,0.00095,0.39695
CVE-2020-24341,0.00213,0.59326
CVE-2020-24342,0.00142,0.49938
CVE-2020-24343,0.00106,0.42979
CVE-2020-24344,0.00109,0.43810
CVE-2020-24345,0.00091,0.38161
CVE-2020-24346,0.00110,0.44058
CVE-2020-24347,0.00044,0.10445
CVE-2020-24348,0.00044,0.10445
CVE-2020-24349,0.00061,0.23966
CVE-2020-24352,0.00044,0.10161
CVE-2020-24353,0.00084,0.35108
CVE-2020-24354,0.00282,0.65339
CVE-2020-24355,0.00678,0.77885
CVE-2020-24356,0.00042,0.05722
CVE-2020-24359,0.00071,0.29313
CVE-2020-24360,0.00082,0.34053
CVE-2020-24361,0.00252,0.63156
CVE-2020-24363,0.00469,0.73026
CVE-2020-24364,0.00251,0.63087
CVE-2020-24365,0.02499,0.89057
CVE-2020-24366,0.00044,0.10161
CVE-2020-24367,0.00042,0.05722
CVE-2020-24368,0.00297,0.66278
CVE-2020-24369,0.00132,0.48233
CVE-2020-24370,0.00500,0.73872
CVE-2020-24371,0.00119,0.46037
CVE-2020-24372,0.00115,0.45086
CVE-2020-24373,0.00119,0.45961
CVE-2020-24374,0.00262,0.64008
CVE-2020-24375,0.00201,0.58136
CVE-2020-24376,0.00220,0.59957
CVE-2020-24377,0.00262,0.64008
CVE-2020-24379,0.02948,0.89861
CVE-2020-24381,0.00504,0.74020
CVE-2020-24383,0.00213,0.59326
CVE-2020-24384,0.00651,0.77282
CVE-2020-24385,0.00044,0.10161
CVE-2020-24386,0.00383,0.70337
CVE-2020-24387,0.00428,0.71850
CVE-2020-24388,0.00464,0.72874
CVE-2020-24390,0.00078,0.32234
CVE-2020-24391,0.48716,0.97212
CVE-2020-24392,0.00070,0.28773
CVE-2020-24393,0.00070,0.28773
CVE-2020-24394,0.00049,0.15903
CVE-2020-24395,0.00094,0.39382
CVE-2020-24396,0.00372,0.69921
CVE-2020-24397,0.00500,0.73875
CVE-2020-24400,0.00063,0.25016
CVE-2020-24401,0.00089,0.37477
CVE-2020-24402,0.00090,0.37786
CVE-2020-24403,0.00090,0.37786
CVE-2020-24404,0.00090,0.37786
CVE-2020-24405,0.00090,0.37786
CVE-2020-24406,0.00133,0.48352
CVE-2020-24407,0.00085,0.35334
CVE-2020-24408,0.00084,0.34633
CVE-2020-24409,0.00106,0.42950
CVE-2020-24410,0.00106,0.42950
CVE-2020-24411,0.00093,0.39035
CVE-2020-24412,0.00087,0.36443
CVE-2020-24413,0.00087,0.36443
CVE-2020-24414,0.00087,0.36443
CVE-2020-24415,0.00087,0.36443
CVE-2020-24416,0.00080,0.33272
CVE-2020-24418,0.00095,0.39482
CVE-2020-24419,0.00097,0.40179
CVE-2020-24420,0.00097,0.40179
CVE-2020-24421,0.00132,0.48258
CVE-2020-24422,0.00110,0.44082
CVE-2020-24423,0.00110,0.44082
CVE-2020-24424,0.00110,0.44082
CVE-2020-24425,0.00049,0.15828
CVE-2020-24426,0.00116,0.45260
CVE-2020-24427,0.00063,0.25592
CVE-2020-24428,0.00073,0.30311
CVE-2020-24429,0.00072,0.29451
CVE-2020-24430,0.00463,0.72862
CVE-2020-24431,0.00081,0.33766
CVE-2020-24432,0.00541,0.74952
CVE-2020-24433,0.00095,0.39754
CVE-2020-24434,0.00116,0.45260
CVE-2020-24435,0.29702,0.96513
CVE-2020-24436,0.00100,0.41000
CVE-2020-24437,0.02678,0.89424
CVE-2020-24438,0.00075,0.31061
CVE-2020-24439,0.00057,0.21406
CVE-2020-24440,0.00097,0.40179
CVE-2020-24441,0.00356,0.69239
CVE-2020-24442,0.00080,0.33272
CVE-2020-24443,0.00080,0.33272
CVE-2020-24444,0.00097,0.40242
CVE-2020-24445,0.00126,0.47125
CVE-2020-24447,0.00097,0.40179
CVE-2020-24448,0.00044,0.10161
CVE-2020-24450,0.00044,0.10161
CVE-2020-24451,0.00044,0.10161
CVE-2020-24452,0.00044,0.10161
CVE-2020-24453,0.00044,0.10161
CVE-2020-24454,0.00169,0.53886
CVE-2020-24455,0.00045,0.11966
CVE-2020-24456,0.00044,0.10161
CVE-2020-24457,0.00066,0.27284
CVE-2020-24458,0.00044,0.10161
CVE-2020-24460,0.00044,0.10161
CVE-2020-24462,0.00044,0.10161
CVE-2020-24473,0.00044,0.10161
CVE-2020-24474,0.00044,0.10161
CVE-2020-24475,0.00044,0.10161
CVE-2020-24480,0.00044,0.10161
CVE-2020-24481,0.00044,0.10161
CVE-2020-24482,0.00110,0.44110
CVE-2020-24485,0.00063,0.25378
CVE-2020-24486,0.00044,0.10161
CVE-2020-24489,0.00044,0.10161
CVE-2020-24490,0.00062,0.24843
CVE-2020-24491,0.00044,0.10161
CVE-2020-24492,0.00044,0.10161
CVE-2020-24493,0.00044,0.10161
CVE-2020-24494,0.00044,0.10161
CVE-2020-24495,0.00044,0.10161
CVE-2020-24496,0.00044,0.10161
CVE-2020-24497,0.00044,0.10161
CVE-2020-24498,0.00044,0.10161
CVE-2020-24500,0.00044,0.10161
CVE-2020-24501,0.00062,0.24843
CVE-2020-24502,0.00044,0.10161
CVE-2020-24503,0.00044,0.10161
CVE-2020-24504,0.00044,0.10161
CVE-2020-24505,0.00044,0.10161
CVE-2020-24506,0.00047,0.13943
CVE-2020-24507,0.00047,0.13943
CVE-2020-24509,0.00044,0.10161
CVE-2020-24511,0.00047,0.14042
CVE-2020-24512,0.00047,0.14042
CVE-2020-24513,0.00074,0.30476
CVE-2020-24514,0.00061,0.23762
CVE-2020-24515,0.00062,0.24332
CVE-2020-24516,0.00068,0.28046
CVE-2020-24525,0.00044,0.10161
CVE-2020-24548,0.00328,0.67968
CVE-2020-24549,0.01327,0.84627
CVE-2020-24550,0.00144,0.50187
CVE-2020-24551,0.00078,0.32606
CVE-2020-24552,0.00114,0.44954
CVE-2020-24553,0.00417,0.71503
CVE-2020-24554,0.00202,0.58171
CVE-2020-24556,0.00054,0.19498
CVE-2020-24557,0.00062,0.24338
CVE-2020-24558,0.00045,0.12491
CVE-2020-24559,0.00054,0.19498
CVE-2020-24560,0.00161,0.52762
CVE-2020-24561,0.00130,0.47887
CVE-2020-24562,0.00045,0.12491
CVE-2020-24563,0.00045,0.12491
CVE-2020-24564,0.00045,0.12491
CVE-2020-24565,0.00045,0.12491
CVE-2020-24566,0.00291,0.65919
CVE-2020-24567,0.00096,0.39946
CVE-2020-24568,0.00065,0.26756
CVE-2020-24569,0.00054,0.20290
CVE-2020-24570,0.00068,0.28216
CVE-2020-24571,0.06640,0.93148
CVE-2020-24572,0.00715,0.78511
CVE-2020-24573,0.00115,0.45086
CVE-2020-24574,0.00113,0.44652
CVE-2020-24576,0.00104,0.42231
CVE-2020-24577,0.00202,0.58228
CVE-2020-24578,0.00083,0.34344
CVE-2020-24579,0.04563,0.91716
CVE-2020-24580,0.00083,0.34344
CVE-2020-24581,0.00183,0.55660
CVE-2020-24582,0.00078,0.32606
CVE-2020-24583,0.00177,0.54937
CVE-2020-24584,0.00177,0.54937
CVE-2020-24585,0.00071,0.29313
CVE-2020-24586,0.00122,0.46504
CVE-2020-24587,0.00099,0.40677
CVE-2020-24588,0.00214,0.59503
CVE-2020-24589,0.65062,0.97618
CVE-2020-24590,0.00222,0.60556
CVE-2020-24591,0.00104,0.42231
CVE-2020-24592,0.00090,0.37972
CVE-2020-24593,0.00113,0.44693
CVE-2020-24594,0.00299,0.66362
CVE-2020-24595,0.00090,0.37972
CVE-2020-24598,0.00103,0.41618
CVE-2020-24599,0.00103,0.41747
CVE-2020-24600,0.00139,0.49473
CVE-2020-24601,0.00112,0.44327
CVE-2020-24602,0.00112,0.44327
CVE-2020-24604,0.00168,0.53617
CVE-2020-24606,0.01189,0.83664
CVE-2020-24609,0.00125,0.46905
CVE-2020-24612,0.00044,0.10161
CVE-2020-24613,0.00079,0.33197
CVE-2020-24614,0.01115,0.83059
CVE-2020-24615,0.00104,0.42024
CVE-2020-24616,0.00889,0.80876
CVE-2020-24617,0.00096,0.39810
CVE-2020-24618,0.00093,0.39242
CVE-2020-24619,0.00065,0.27048
CVE-2020-24620,0.00044,0.10161
CVE-2020-24621,0.01755,0.86687
CVE-2020-24622,0.00065,0.26756
CVE-2020-24623,0.00166,0.53356
CVE-2020-24624,0.00789,0.79690
CVE-2020-24625,0.00789,0.79690
CVE-2020-24626,0.01184,0.83634
CVE-2020-24627,0.00054,0.20290
CVE-2020-24628,0.00183,0.55628
CVE-2020-24629,0.00435,0.72077
CVE-2020-24630,0.00279,0.65119
CVE-2020-24631,0.00335,0.68351
CVE-2020-24632,0.00335,0.68351
CVE-2020-24633,0.00614,0.76536
CVE-2020-24634,0.00280,0.65138
CVE-2020-24635,0.00379,0.70197
CVE-2020-24636,0.00969,0.81735
CVE-2020-24637,0.00104,0.42231
CVE-2020-24638,0.00167,0.53410
CVE-2020-24639,0.00613,0.76499
CVE-2020-24640,0.00237,0.61854
CVE-2020-24641,0.00162,0.52821
CVE-2020-24646,0.01144,0.83296
CVE-2020-24647,0.00375,0.70027
CVE-2020-24648,0.04123,0.91339
CVE-2020-24649,0.00375,0.70027
CVE-2020-24650,0.00623,0.76720
CVE-2020-24651,0.00623,0.76720
CVE-2020-24652,0.00623,0.76720
CVE-2020-24653,0.00222,0.60556
CVE-2020-24654,0.00248,0.62799
CVE-2020-24655,0.00069,0.28525
CVE-2020-24656,0.00201,0.58136
CVE-2020-24658,0.00053,0.18477
CVE-2020-24659,0.00385,0.70425
CVE-2020-24660,0.01873,0.87185
CVE-2020-24661,0.00190,0.56674
CVE-2020-24662,0.00054,0.20290
CVE-2020-24663,0.00050,0.16378
CVE-2020-24664,0.00060,0.23663
CVE-2020-24665,0.00086,0.35752
CVE-2020-24666,0.00060,0.23663
CVE-2020-24667,0.00095,0.39615
CVE-2020-24668,0.00050,0.16378
CVE-2020-24669,0.00060,0.23663
CVE-2020-24670,0.00060,0.23663
CVE-2020-24671,0.00095,0.39615
CVE-2020-24672,0.00169,0.53922
CVE-2020-24673,0.00152,0.51379
CVE-2020-24674,0.00549,0.75127
CVE-2020-24675,0.00341,0.68559
CVE-2020-24676,0.00044,0.10161
CVE-2020-24677,0.00108,0.43462
CVE-2020-24678,0.00562,0.75368
CVE-2020-24679,0.00402,0.71018
CVE-2020-24680,0.00044,0.10161
CVE-2020-24683,0.00217,0.59757
CVE-2020-24685,0.00103,0.41969
CVE-2020-24686,0.00123,0.46654
CVE-2020-24692,0.00044,0.10161
CVE-2020-24693,0.00042,0.05722
CVE-2020-24696,0.00294,0.66073
CVE-2020-24697,0.00213,0.59327
CVE-2020-24698,0.00431,0.71911
CVE-2020-24699,0.00076,0.31249
CVE-2020-24700,0.01933,0.87439
CVE-2020-24701,0.00818,0.80030
CVE-2020-24703,0.00199,0.57916
CVE-2020-24704,0.00078,0.32606
CVE-2020-24705,0.00199,0.57916
CVE-2020-24706,0.00084,0.35108
CVE-2020-24707,0.00157,0.52206
CVE-2020-24708,0.00053,0.18833
CVE-2020-24709,0.00058,0.22585
CVE-2020-24710,0.00135,0.48880
CVE-2020-24711,0.00203,0.58327
CVE-2020-24712,0.00062,0.24442
CVE-2020-24713,0.00307,0.66811
CVE-2020-24714,0.00327,0.67945
CVE-2020-24715,0.00327,0.67945
CVE-2020-24716,0.00081,0.33506
CVE-2020-24717,0.00081,0.33506
CVE-2020-24718,0.00091,0.38646
CVE-2020-24719,0.00545,0.75041
CVE-2020-24721,0.00045,0.12069
CVE-2020-24722,0.02420,0.88897
CVE-2020-24723,0.00063,0.24955
CVE-2020-24736,0.00042,0.05722
CVE-2020-24739,0.00063,0.25629
CVE-2020-24740,0.00063,0.25629
CVE-2020-24742,0.00065,0.26849
CVE-2020-24743,0.00272,0.64626
CVE-2020-24750,0.00535,0.74791
CVE-2020-24753,0.00523,0.74478
CVE-2020-24755,0.00087,0.35912
CVE-2020-24765,0.01353,0.84789
CVE-2020-24769,0.00132,0.48080
CVE-2020-24770,0.00132,0.48080
CVE-2020-24771,0.00116,0.45361
CVE-2020-24772,0.00229,0.61139
CVE-2020-24786,0.01402,0.85081
CVE-2020-24791,0.26778,0.96347
CVE-2020-24794,0.00078,0.32606
CVE-2020-24804,0.00049,0.14986
CVE-2020-24807,0.00926,0.81293
CVE-2020-24815,0.00143,0.50022
CVE-2020-24821,0.00057,0.21445
CVE-2020-24822,0.00057,0.21445
CVE-2020-24823,0.00057,0.21445
CVE-2020-24824,0.00054,0.19503
CVE-2020-24825,0.00057,0.21445
CVE-2020-24826,0.00057,0.21445
CVE-2020-24827,0.00057,0.21445
CVE-2020-24829,0.00069,0.28512
CVE-2020-24837,0.00100,0.40833
CVE-2020-24838,0.00168,0.53801
CVE-2020-24841,0.00367,0.69727
CVE-2020-24842,0.00100,0.41016
CVE-2020-24847,0.00092,0.38736
CVE-2020-24848,0.00042,0.05722
CVE-2020-24849,0.03739,0.90944
CVE-2020-24855,0.00090,0.37735
CVE-2020-24857,0.00046,0.13740
CVE-2020-24860,0.00127,0.47337
CVE-2020-24861,0.00174,0.54660
CVE-2020-24862,0.00801,0.79841
CVE-2020-24863,0.00072,0.29635
CVE-2020-24870,0.00222,0.60567
CVE-2020-24872,0.00064,0.26154
CVE-2020-24876,0.00900,0.81005
CVE-2020-24877,0.00203,0.58302
CVE-2020-24881,0.34760,0.96733
CVE-2020-24889,0.00115,0.45224
CVE-2020-24890,0.00164,0.53059
CVE-2020-24897,0.00176,0.54791
CVE-2020-24898,0.00065,0.26756
CVE-2020-24899,0.00305,0.66708
CVE-2020-2490,0.00136,0.48930
CVE-2020-24900,0.00107,0.43136
CVE-2020-24901,0.00107,0.43136
CVE-2020-24902,0.00195,0.57486
CVE-2020-24903,0.00269,0.64454
CVE-2020-24904,0.00106,0.42910
CVE-2020-24908,0.00042,0.05722
CVE-2020-2491,0.00115,0.45113
CVE-2020-24912,0.00180,0.55282
CVE-2020-24913,0.00492,0.73675
CVE-2020-24914,0.01258,0.84198
CVE-2020-24916,0.65953,0.97637
CVE-2020-24917,0.00078,0.32234
CVE-2020-24918,0.01397,0.85055
CVE-2020-2492,0.00136,0.48930
CVE-2020-24922,0.00136,0.48968
CVE-2020-24924,0.00063,0.24955
CVE-2020-24925,0.00299,0.66396
CVE-2020-24928,0.00070,0.28998
CVE-2020-2493,0.00115,0.45113
CVE-2020-24930,0.00074,0.30525
CVE-2020-24932,0.00255,0.63478
CVE-2020-24939,0.00198,0.57764
CVE-2020-2494,0.00115,0.45113
CVE-2020-24940,0.00084,0.34791
CVE-2020-24941,0.00084,0.34791
CVE-2020-24944,0.00140,0.49601
CVE-2020-24948,0.85092,0.98285
CVE-2020-24949,0.96298,0.99439
CVE-2020-2495,0.00115,0.45113
CVE-2020-24950,0.00060,0.23735
CVE-2020-24955,0.00042,0.05722
CVE-2020-2496,0.00115,0.45113
CVE-2020-24963,0.00083,0.34291
CVE-2020-2497,0.00115,0.45113
CVE-2020-24972,0.00821,0.80073
CVE-2020-24977,0.00297,0.66247
CVE-2020-24978,0.00301,0.66483
CVE-2020-2498,0.00115,0.45113
CVE-2020-24981,0.00126,0.47113
CVE-2020-24982,0.00086,0.35740
CVE-2020-24983,0.00116,0.45390
CVE-2020-24984,0.00116,0.45390
CVE-2020-24985,0.00076,0.31357
CVE-2020-24986,0.00112,0.44435
CVE-2020-24987,0.04645,0.91801
CVE-2020-2499,0.00093,0.39138
CVE-2020-24990,0.00461,0.72824
CVE-2020-24992,0.00058,0.22585
CVE-2020-24993,0.00058,0.22585
CVE-2020-24994,0.01033,0.82326
CVE-2020-24995,0.00167,0.53514
CVE-2020-24996,0.00148,0.50797
CVE-2020-24999,0.00147,0.50633
CVE-2020-2500,0.00080,0.33215
CVE-2020-25004,0.00237,0.61857
CVE-2020-25005,0.00237,0.61857
CVE-2020-25006,0.00286,0.65597
CVE-2020-2501,0.00345,0.68744
CVE-2020-25010,0.00959,0.81637
CVE-2020-25011,0.00411,0.71324
CVE-2020-25013,0.00116,0.45451
CVE-2020-25014,0.00224,0.60716
CVE-2020-25015,0.00109,0.43814
CVE-2020-25016,0.00262,0.63960
CVE-2020-25017,0.00115,0.45133
CVE-2020-25018,0.00116,0.45451
CVE-2020-25019,0.00135,0.48880
CVE-2020-2502,0.00112,0.44449
CVE-2020-25020,0.00211,0.59045
CVE-2020-25021,0.00332,0.68216
CVE-2020-25022,0.00332,0.68216
CVE-2020-25023,0.00332,0.68216
CVE-2020-25025,0.00054,0.20290
CVE-2020-25026,0.00054,0.20290
CVE-2020-2503,0.00066,0.27429
CVE-2020-25031,0.00051,0.17393
CVE-2020-25032,0.01015,0.82166
CVE-2020-25033,0.00066,0.27550
CVE-2020-25034,0.00095,0.39607
CVE-2020-25035,0.00048,0.14460
CVE-2020-25036,0.00556,0.75272
CVE-2020-25037,0.00048,0.14460
CVE-2020-25039,0.00229,0.61201
CVE-2020-2504,0.00244,0.62525
CVE-2020-25040,0.00476,0.73222
CVE-2020-25042,0.52122,0.97304
CVE-2020-25043,0.00044,0.10161
CVE-2020-25044,0.00044,0.10161
CVE-2020-25045,0.00063,0.25378
CVE-2020-25046,0.00044,0.10161
CVE-2020-25047,0.00044,0.10161
CVE-2020-25048,0.00048,0.14692
CVE-2020-25049,0.00125,0.47000
CVE-2020-2505,0.00042,0.05722
CVE-2020-25050,0.00080,0.33409
CVE-2020-25051,0.00066,0.27588
CVE-2020-25052,0.00154,0.51636
CVE-2020-25053,0.00154,0.51636
CVE-2020-25054,0.00194,0.57351
CVE-2020-25055,0.00147,0.50675
CVE-2020-25056,0.00066,0.27588
CVE-2020-25057,0.00106,0.42770
CVE-2020-25058,0.00106,0.42770
CVE-2020-25059,0.00082,0.34051
CVE-2020-2506,0.00732,0.78803
CVE-2020-25060,0.00042,0.05722
CVE-2020-25061,0.00106,0.42770
CVE-2020-25062,0.00147,0.50675
CVE-2020-25063,0.00082,0.34051
CVE-2020-25064,0.00066,0.27588
CVE-2020-25065,0.00080,0.33409
CVE-2020-25066,0.00994,0.81999
CVE-2020-25067,0.00078,0.32271
CVE-2020-25068,0.00302,0.66499
CVE-2020-25069,0.00432,0.71954
CVE-2020-2507,0.00315,0.67262
CVE-2020-25070,0.00073,0.30112
CVE-2020-25071,0.00054,0.20290
CVE-2020-25073,0.00249,0.62886
CVE-2020-25074,0.01374,0.84933
CVE-2020-25078,0.80702,0.98068
CVE-2020-25079,0.00135,0.48808
CVE-2020-2508,0.00120,0.46103
CVE-2020-25082,0.00044,0.10161
CVE-2020-25084,0.00047,0.14042
CVE-2020-25085,0.00059,0.23172
CVE-2020-25086,0.00078,0.32606
CVE-2020-25087,0.00078,0.32606
CVE-2020-25088,0.00078,0.32606
CVE-2020-25089,0.00078,0.32606
CVE-2020-2509,0.00210,0.59007
CVE-2020-25090,0.00078,0.32606
CVE-2020-25091,0.00078,0.32606
CVE-2020-25092,0.00078,0.32606
CVE-2020-25093,0.00078,0.32606
CVE-2020-25094,0.02914,0.89817
CVE-2020-25095,0.00097,0.40196
CVE-2020-25096,0.00087,0.35903
CVE-2020-25097,0.00300,0.66427
CVE-2020-2510,0.00198,0.57706
CVE-2020-25102,0.00076,0.31249
CVE-2020-25104,0.00058,0.22585
CVE-2020-25105,0.00244,0.62506
CVE-2020-25106,0.00159,0.52445
CVE-2020-25107,0.68087,0.97690
CVE-2020-25108,0.58933,0.97459
CVE-2020-25109,0.68087,0.97690
CVE-2020-2511,0.00059,0.23219
CVE-2020-25110,0.68087,0.97690
CVE-2020-25111,0.58933,0.97459
CVE-2020-25112,0.58933,0.97459
CVE-2020-25115,0.00058,0.22585
CVE-2020-25116,0.00058,0.22585
CVE-2020-25117,0.00058,0.22585
CVE-2020-25118,0.00058,0.22585
CVE-2020-25119,0.00058,0.22585
CVE-2020-2512,0.00093,0.39046
CVE-2020-25120,0.00058,0.22585
CVE-2020-25121,0.00058,0.22585
CVE-2020-25122,0.00058,0.22585
CVE-2020-25123,0.00058,0.22585
CVE-2020-25124,0.00058,0.22585
CVE-2020-25125,0.00251,0.63147
CVE-2020-2513,0.00054,0.20290
CVE-2020-25130,0.00079,0.33197
CVE-2020-25131,0.00087,0.36434
CVE-2020-25132,0.00210,0.59016
CVE-2020-25133,0.00238,0.62003
CVE-2020-25134,0.00238,0.62003
CVE-2020-25135,0.00087,0.36434
CVE-2020-25136,0.00230,0.61221
CVE-2020-25137,0.00087,0.36434
CVE-2020-25138,0.00087,0.36434
CVE-2020-25139,0.00087,0.36434
CVE-2020-2514,0.00053,0.18590
CVE-2020-25140,0.00078,0.32606
CVE-2020-25141,0.00087,0.36434
CVE-2020-25142,0.00053,0.19032
CVE-2020-25143,0.00087,0.36089
CVE-2020-25144,0.00238,0.62003
CVE-2020-25145,0.00238,0.62003
CVE-2020-25146,0.00101,0.41135
CVE-2020-25147,0.00138,0.49278
CVE-2020-25148,0.00087,0.36434
CVE-2020-25149,0.00238,0.62003
CVE-2020-2515,0.00053,0.18590
CVE-2020-25150,0.00090,0.37856
CVE-2020-25151,0.00100,0.40789
CVE-2020-25152,0.00151,0.51280
CVE-2020-25153,0.00162,0.52844
CVE-2020-25154,0.00100,0.40925
CVE-2020-25155,0.00162,0.52844
CVE-2020-25156,0.00130,0.47892
CVE-2020-25157,0.00232,0.61402
CVE-2020-25158,0.00112,0.44332
CVE-2020-25159,0.00345,0.68744
CVE-2020-2516,0.00054,0.20290
CVE-2020-25160,0.00044,0.08189
CVE-2020-25161,0.00194,0.57367
CVE-2020-25162,0.00138,0.49219
CVE-2020-25163,0.00094,0.39315
CVE-2020-25164,0.00191,0.56837
CVE-2020-25165,0.00098,0.40354
CVE-2020-25166,0.00072,0.29893
CVE-2020-25167,0.00065,0.26756
CVE-2020-25168,0.00044,0.08189
CVE-2020-25169,0.00162,0.52844
CVE-2020-2517,0.00053,0.18590
CVE-2020-25170,0.00065,0.26760
CVE-2020-25171,0.00122,0.46383
CVE-2020-25172,0.00213,0.59361
CVE-2020-25173,0.00042,0.00438
CVE-2020-25174,0.00074,0.30484
CVE-2020-25175,0.00213,0.59361
CVE-2020-25176,0.00795,0.79772
CVE-2020-25177,0.00718,0.78594
CVE-2020-25178,0.00137,0.49035
CVE-2020-25179,0.00213,0.59361
CVE-2020-2518,0.00138,0.49334
CVE-2020-25180,0.00070,0.28959
CVE-2020-25181,0.00870,0.80638
CVE-2020-25182,0.00045,0.12183
CVE-2020-25183,0.00065,0.26865
CVE-2020-25184,0.00045,0.12183
CVE-2020-25185,0.00122,0.46429
CVE-2020-25186,0.01350,0.84771
CVE-2020-25187,0.00384,0.70352
CVE-2020-25188,0.00083,0.34401
CVE-2020-25189,0.00345,0.68744
CVE-2020-2519,0.00098,0.40550
CVE-2020-25190,0.00213,0.59361
CVE-2020-25191,0.00100,0.40789
CVE-2020-25192,0.00080,0.33470
CVE-2020-25193,0.00074,0.30738
CVE-2020-25194,0.00104,0.42231
CVE-2020-25195,0.00100,0.40789
CVE-2020-25196,0.00296,0.66240
CVE-2020-25197,0.00262,0.63971
CVE-2020-25198,0.00204,0.58453
CVE-2020-25199,0.00092,0.38721
CVE-2020-25200,0.00164,0.53088
CVE-2020-25201,0.00173,0.54551
CVE-2020-25203,0.00093,0.39093
CVE-2020-25204,0.00042,0.05722
CVE-2020-25205,0.00073,0.30169
CVE-2020-25206,0.01114,0.83048
CVE-2020-25207,0.02356,0.88741
CVE-2020-25208,0.00090,0.37972
CVE-2020-25209,0.00178,0.55045
CVE-2020-25210,0.00090,0.37972
CVE-2020-25211,0.00042,0.05722
CVE-2020-25212,0.00042,0.05722
CVE-2020-25213,0.97381,0.99900
CVE-2020-25214,0.00618,0.76628
CVE-2020-25215,0.00244,0.62506
CVE-2020-25216,0.00506,0.74077
CVE-2020-25217,0.00141,0.49747
CVE-2020-25218,0.00235,0.61731
CVE-2020-25219,0.00394,0.70764
CVE-2020-2522,0.00083,0.34568
CVE-2020-25220,0.00045,0.11966
CVE-2020-25221,0.00045,0.11966
CVE-2020-25223,0.97508,0.99981
CVE-2020-25226,0.00192,0.56864
CVE-2020-25228,0.00170,0.54119
CVE-2020-25229,0.00078,0.32218
CVE-2020-25230,0.00095,0.39572
CVE-2020-25231,0.00044,0.10161
CVE-2020-25232,0.00129,0.47673
CVE-2020-25233,0.00044,0.10161
CVE-2020-25234,0.00061,0.23892
CVE-2020-25235,0.00129,0.47673
CVE-2020-25236,0.00057,0.21337
CVE-2020-25237,0.00296,0.66207
CVE-2020-25238,0.00042,0.00438
CVE-2020-25239,0.00092,0.38813
CVE-2020-2524,0.00093,0.39046
CVE-2020-25240,0.00092,0.38813
CVE-2020-25241,0.00103,0.41969
CVE-2020-25242,0.00179,0.55208
CVE-2020-25243,0.00058,0.21962
CVE-2020-25244,0.00058,0.22616
CVE-2020-25245,0.00044,0.08189
CVE-2020-25247,0.00081,0.33723
CVE-2020-25248,0.00146,0.50520
CVE-2020-25249,0.00084,0.34791
CVE-2020-25250,0.00084,0.34791
CVE-2020-25251,0.00165,0.53213
CVE-2020-25252,0.00073,0.30112
CVE-2020-25253,0.00138,0.49278
CVE-2020-25254,0.00158,0.52304
CVE-2020-25255,0.00217,0.59779
CVE-2020-25256,0.00114,0.44834
CVE-2020-25257,0.00222,0.60556
CVE-2020-25258,0.00233,0.61459
CVE-2020-25259,0.00246,0.62698
CVE-2020-25260,0.00609,0.76392
CVE-2020-25262,0.00099,0.40679
CVE-2020-25263,0.00128,0.47384
CVE-2020-25265,0.00075,0.30975
CVE-2020-25266,0.00053,0.18293
CVE-2020-25267,0.00058,0.22585
CVE-2020-25268,0.00286,0.65550
CVE-2020-25269,0.00501,0.73880
CVE-2020-2527,0.00054,0.20290
CVE-2020-25270,0.00100,0.40921
CVE-2020-25271,0.00058,0.22585
CVE-2020-25272,0.00076,0.31249
CVE-2020-25273,0.00195,0.57493
CVE-2020-25275,0.01095,0.82891
CVE-2020-25276,0.00092,0.38838
CVE-2020-25278,0.00154,0.51636
CVE-2020-25279,0.00173,0.54509
CVE-2020-25280,0.00048,0.14692
CVE-2020-25281,0.00066,0.27588
CVE-2020-25282,0.00123,0.46690
CVE-2020-25283,0.00123,0.46690
CVE-2020-25284,0.00042,0.05722
CVE-2020-25285,0.00042,0.05722
CVE-2020-25286,0.00090,0.37972
CVE-2020-25287,0.00186,0.56045
CVE-2020-25288,0.00057,0.21542
CVE-2020-25289,0.00042,0.05722
CVE-2020-25291,0.00091,0.38161
CVE-2020-2530,0.00083,0.34568
CVE-2020-2531,0.00083,0.34568
CVE-2020-2533,0.00083,0.34568
CVE-2020-2534,0.00083,0.34568
CVE-2020-25340,0.00042,0.05722
CVE-2020-25343,0.00132,0.48235
CVE-2020-2535,0.00083,0.34568
CVE-2020-25351,0.00600,0.76215
CVE-2020-25352,0.00786,0.79594
CVE-2020-25353,0.00600,0.76215
CVE-2020-25359,0.06313,0.92953
CVE-2020-2536,0.00083,0.34568
CVE-2020-25362,0.00801,0.79841
CVE-2020-25366,0.00172,0.54457
CVE-2020-25367,0.00971,0.81762
CVE-2020-25368,0.01320,0.84586
CVE-2020-2537,0.00077,0.31897
CVE-2020-25374,0.00054,0.20290
CVE-2020-25375,0.00058,0.22585
CVE-2020-25378,0.00087,0.36434
CVE-2020-25379,0.00109,0.43614
CVE-2020-2538,0.00077,0.31897
CVE-2020-25380,0.00058,0.22585
CVE-2020-25385,0.00328,0.67979
CVE-2020-2539,0.00083,0.34568
CVE-2020-25391,0.00058,0.22585
CVE-2020-25392,0.00058,0.22585
CVE-2020-25394,0.00058,0.22585
CVE-2020-25398,0.00234,0.61508
CVE-2020-25399,0.00069,0.28486
CVE-2020-2540,0.00083,0.34278
CVE-2020-25400,0.00368,0.69771
CVE-2020-25406,0.00110,0.44018
CVE-2020-25408,0.00066,0.27173
CVE-2020-25409,0.00180,0.55292
CVE-2020-2541,0.00083,0.34278
CVE-2020-25411,0.00066,0.27173
CVE-2020-25412,0.00865,0.80585
CVE-2020-25414,0.00973,0.81779
CVE-2020-2542,0.00083,0.34278
CVE-2020-25422,0.00058,0.22585
CVE-2020-25427,0.00057,0.21336
CVE-2020-2543,0.00083,0.34278
CVE-2020-2544,0.00106,0.42994
CVE-2020-25444,0.00054,0.20290
CVE-2020-25445,0.00062,0.24373
CVE-2020-25449,0.00986,0.81913
CVE-2020-2545,0.00083,0.34278
CVE-2020-25453,0.00613,0.76493
CVE-2020-25454,0.00048,0.14582
CVE-2020-25459,0.00150,0.51158
CVE-2020-2546,0.03325,0.90432
CVE-2020-25461,0.00117,0.45503
CVE-2020-25462,0.00251,0.63105
CVE-2020-25463,0.00117,0.45503
CVE-2020-25464,0.00155,0.51879
CVE-2020-25465,0.00117,0.45503
CVE-2020-25466,0.00990,0.81963
CVE-2020-25467,0.00078,0.32217
CVE-2020-2547,0.00068,0.27981
CVE-2020-25470,0.00129,0.47731
CVE-2020-25472,0.00062,0.24395
CVE-2020-25473,0.00077,0.31727
CVE-2020-25474,0.00079,0.33064
CVE-2020-25475,0.00127,0.47326
CVE-2020-25476,0.00078,0.32234
CVE-2020-2548,0.00068,0.27981
CVE-2020-25483,0.00583,0.75868
CVE-2020-25487,0.00048,0.14788
CVE-2020-25489,0.00999,0.82040
CVE-2020-2549,0.24911,0.96250
CVE-2020-25490,0.00245,0.62612
CVE-2020-25491,0.00068,0.28174
CVE-2020-25493,0.00268,0.64403
CVE-2020-25494,0.08765,0.93975
CVE-2020-25495,0.00176,0.54800
CVE-2020-25498,0.00111,0.44233
CVE-2020-25499,0.00638,0.76993
CVE-2020-2550,0.00061,0.24104
CVE-2020-25502,0.00042,0.05722
CVE-2020-25506,0.97388,0.99906
CVE-2020-25507,0.00159,0.52497
CVE-2020-2551,0.97441,0.99943
CVE-2020-25514,0.00086,0.35839
CVE-2020-25515,0.00044,0.10161
CVE-2020-25516,0.00058,0.22585
CVE-2020-2552,0.00068,0.27981
CVE-2020-2553,0.00089,0.37649
CVE-2020-25533,0.00048,0.14460
CVE-2020-25537,0.00570,0.75548
CVE-2020-25538,0.00200,0.57934
CVE-2020-25540,0.96736,0.99596
CVE-2020-2555,0.96271,0.99428
CVE-2020-25557,0.00200,0.57934
CVE-2020-25559,0.00098,0.40325
CVE-2020-2556,0.00045,0.12178
CVE-2020-25560,0.00273,0.64706
CVE-2020-25561,0.00057,0.21265
CVE-2020-25562,0.00069,0.28703
CVE-2020-25563,0.00234,0.61593
CVE-2020-25564,0.00098,0.40432
CVE-2020-25565,0.00343,0.68668
CVE-2020-25566,0.00293,0.66016
CVE-2020-2557,0.00083,0.34568
CVE-2020-25573,0.00467,0.72973
CVE-2020-25574,0.00157,0.52205
CVE-2020-25575,0.00729,0.78750
CVE-2020-25576,0.00222,0.60556
CVE-2020-25577,0.00244,0.62506
CVE-2020-25578,0.00090,0.37972
CVE-2020-25579,0.00090,0.37972
CVE-2020-2558,0.00083,0.34278
CVE-2020-25580,0.00090,0.37972
CVE-2020-25581,0.00104,0.42231
CVE-2020-25582,0.00065,0.26756
CVE-2020-25583,0.00244,0.62506
CVE-2020-25584,0.00044,0.10161
CVE-2020-2559,0.00089,0.37649
CVE-2020-25592,0.45068,0.97086
CVE-2020-25593,0.00042,0.05722
CVE-2020-25594,0.00090,0.37972
CVE-2020-25595,0.00045,0.11966
CVE-2020-25596,0.00045,0.11966
CVE-2020-25597,0.00045,0.11966
CVE-2020-25598,0.00045,0.11966
CVE-2020-25599,0.00045,0.11966
CVE-2020-2560,0.00083,0.34568
CVE-2020-25600,0.00045,0.11966
CVE-2020-25601,0.00045,0.11966
CVE-2020-25602,0.00045,0.11966
CVE-2020-25603,0.00045,0.11966
CVE-2020-25604,0.00045,0.11966
CVE-2020-25605,0.00443,0.72306
CVE-2020-25606,0.00078,0.32606
CVE-2020-25608,0.00080,0.33308
CVE-2020-25609,0.00054,0.19275
CVE-2020-2561,0.00054,0.20290
CVE-2020-25610,0.00084,0.34791
CVE-2020-25611,0.00078,0.32606
CVE-2020-25612,0.00065,0.26756
CVE-2020-25613,0.00295,0.66182
CVE-2020-25614,0.00320,0.67571
CVE-2020-25617,0.00712,0.78475
CVE-2020-25618,0.00735,0.78845
CVE-2020-25619,0.00047,0.13943
CVE-2020-2562,0.00083,0.34568
CVE-2020-25620,0.00042,0.05722
CVE-2020-25621,0.00089,0.37685
CVE-2020-25622,0.00166,0.53318
CVE-2020-25623,0.00307,0.66819
CVE-2020-25624,0.00047,0.14006
CVE-2020-25625,0.00045,0.11966
CVE-2020-25626,0.00359,0.69362
CVE-2020-25627,0.00078,0.32606
CVE-2020-25628,0.00084,0.35108
CVE-2020-25629,0.00104,0.42231
CVE-2020-2563,0.00054,0.20290
CVE-2020-25630,0.00103,0.41969
CVE-2020-25631,0.00078,0.32606
CVE-2020-25632,0.00042,0.05722
CVE-2020-25633,0.00084,0.34791
CVE-2020-25634,0.00054,0.20290
CVE-2020-25635,0.00044,0.10161
CVE-2020-25636,0.00044,0.10161
CVE-2020-25637,0.00042,0.05722
CVE-2020-25638,0.00352,0.69084
CVE-2020-25639,0.00042,0.05722
CVE-2020-2564,0.00089,0.37649
CVE-2020-25640,0.00104,0.41983
CVE-2020-25641,0.00042,0.05722
CVE-2020-25643,0.00084,0.34827
CVE-2020-25644,0.00211,0.59060
CVE-2020-25645,0.01046,0.82455
CVE-2020-25646,0.00168,0.53801
CVE-2020-25647,0.00194,0.57284
CVE-2020-25648,0.00710,0.78432
CVE-2020-25649,0.00405,0.71096
CVE-2020-2565,0.00045,0.12178
CVE-2020-25650,0.00056,0.21156
CVE-2020-25651,0.00042,0.05722
CVE-2020-25652,0.00056,0.21156
CVE-2020-25653,0.00051,0.17461
CVE-2020-25654,0.00195,0.57475
CVE-2020-25655,0.00065,0.26756
CVE-2020-25656,0.00042,0.05722
CVE-2020-25657,0.00168,0.53801
CVE-2020-25658,0.00229,0.61119
CVE-2020-25659,0.00112,0.44385
CVE-2020-2566,0.00083,0.34568
CVE-2020-25660,0.00107,0.43014
CVE-2020-25661,0.00250,0.63066
CVE-2020-25662,0.00264,0.64132
CVE-2020-25663,0.00121,0.46314
CVE-2020-25664,0.00063,0.25775
CVE-2020-25665,0.00080,0.33464
CVE-2020-25666,0.00078,0.32224
CVE-2020-25667,0.00056,0.21204
CVE-2020-25668,0.00054,0.19126
CVE-2020-25669,0.00054,0.19126
CVE-2020-2567,0.00054,0.20290
CVE-2020-25670,0.00053,0.18461
CVE-2020-25671,0.00051,0.17461
CVE-2020-25672,0.00264,0.64160
CVE-2020-25673,0.00056,0.21156
CVE-2020-25674,0.00080,0.33464
CVE-2020-25675,0.00078,0.32224
CVE-2020-25676,0.00080,0.33464
CVE-2020-25677,0.00044,0.10161
CVE-2020-25678,0.00047,0.14180
CVE-2020-2568,0.00091,0.38407
CVE-2020-25680,0.00054,0.20290
CVE-2020-25681,0.15937,0.95477
CVE-2020-25682,0.10872,0.94613
CVE-2020-25683,0.08665,0.93934
CVE-2020-25684,0.00831,0.80206
CVE-2020-25685,0.00394,0.70769
CVE-2020-25686,0.00378,0.70157
CVE-2020-25687,0.08665,0.93934
CVE-2020-25688,0.00044,0.10161
CVE-2020-25689,0.00066,0.27316
CVE-2020-2569,0.00091,0.38407
CVE-2020-25690,0.00219,0.59896
CVE-2020-25691,0.00157,0.52192
CVE-2020-25692,0.00133,0.48434
CVE-2020-25693,0.00295,0.66136
CVE-2020-25694,0.00382,0.70298
CVE-2020-25695,0.02575,0.89195
CVE-2020-25696,0.00379,0.70187
CVE-2020-25697,0.00045,0.11966
CVE-2020-25698,0.00124,0.46837
CVE-2020-25699,0.00177,0.54911
CVE-2020-2570,0.00266,0.64262
CVE-2020-25700,0.00127,0.47221
CVE-2020-25701,0.00157,0.52179
CVE-2020-25702,0.00103,0.41737
CVE-2020-25703,0.00157,0.52179
CVE-2020-25704,0.00042,0.05722
CVE-2020-25705,0.00303,0.66581
CVE-2020-25706,0.00578,0.75744
CVE-2020-25708,0.00209,0.58884
CVE-2020-25709,0.00651,0.77271
CVE-2020-2571,0.00061,0.24184
CVE-2020-25710,0.01231,0.83999
CVE-2020-25711,0.00076,0.31394
CVE-2020-25712,0.00062,0.24514
CVE-2020-25713,0.00341,0.68601
CVE-2020-25715,0.00082,0.34002
CVE-2020-25716,0.00065,0.26756
CVE-2020-25717,0.00099,0.40689
CVE-2020-25718,0.00187,0.56218
CVE-2020-25719,0.00123,0.46684
CVE-2020-2572,0.00065,0.27049
CVE-2020-25721,0.00460,0.72807
CVE-2020-25722,0.00175,0.54768
CVE-2020-25723,0.00045,0.11839
CVE-2020-25724,0.00054,0.20290
CVE-2020-25725,0.00087,0.36024
CVE-2020-25727,0.00093,0.39130
CVE-2020-25728,0.00109,0.43614
CVE-2020-25729,0.00078,0.32234
CVE-2020-2573,0.00270,0.64512
CVE-2020-25733,0.00076,0.31169
CVE-2020-25734,0.00095,0.39681
CVE-2020-25735,0.00078,0.32234
CVE-2020-25736,0.00053,0.18459
CVE-2020-25737,0.00042,0.05722
CVE-2020-25738,0.00088,0.37005
CVE-2020-25739,0.00629,0.76842
CVE-2020-2574,0.00610,0.76420
CVE-2020-25741,0.00045,0.12069
CVE-2020-25742,0.00045,0.12069
CVE-2020-25743,0.00045,0.12069
CVE-2020-25744,0.00079,0.32837
CVE-2020-25746,0.00071,0.29272
CVE-2020-25747,0.00567,0.75500
CVE-2020-25748,0.00222,0.60556
CVE-2020-25749,0.00861,0.80551
CVE-2020-2575,0.00043,0.07608
CVE-2020-25750,0.00292,0.65953
CVE-2020-25751,0.00155,0.51857
CVE-2020-25752,0.00157,0.52167
CVE-2020-25753,0.00660,0.77485
CVE-2020-25754,0.00274,0.64809
CVE-2020-25755,0.02231,0.88432
CVE-2020-25756,0.00572,0.75613
CVE-2020-25757,0.00102,0.41252
CVE-2020-25758,0.00384,0.70389
CVE-2020-25759,0.00284,0.65470
CVE-2020-2576,0.00083,0.34278
CVE-2020-25760,0.01731,0.86597
CVE-2020-25761,0.00253,0.63229
CVE-2020-25762,0.02662,0.89380
CVE-2020-25763,0.12408,0.94940
CVE-2020-25765,0.02291,0.88591
CVE-2020-25766,0.00071,0.29313
CVE-2020-25767,0.00079,0.33158
CVE-2020-25768,0.00090,0.37972
CVE-2020-2577,0.00091,0.38072
CVE-2020-25770,0.00045,0.12491
CVE-2020-25771,0.00045,0.12491
CVE-2020-25772,0.00045,0.12491
CVE-2020-25773,0.00084,0.35186
CVE-2020-25774,0.00529,0.74647
CVE-2020-25775,0.00045,0.12491
CVE-2020-25776,0.00045,0.12491
CVE-2020-25777,0.00538,0.74862
CVE-2020-25778,0.00045,0.12491
CVE-2020-25779,0.00044,0.10161
CVE-2020-2578,0.00083,0.34278
CVE-2020-25780,0.04133,0.91350
CVE-2020-25781,0.00074,0.30659
CVE-2020-25782,0.00296,0.66232
CVE-2020-25783,0.00296,0.66232
CVE-2020-25784,0.00296,0.66232
CVE-2020-25785,0.00250,0.62982
CVE-2020-25786,0.00111,0.44254
CVE-2020-25787,0.12427,0.94943
CVE-2020-25788,0.00244,0.62506
CVE-2020-25789,0.00084,0.35108
CVE-2020-2579,0.00114,0.44976
CVE-2020-25790,0.06705,0.93179
CVE-2020-25791,0.00138,0.49355
CVE-2020-25792,0.00266,0.64296
CVE-2020-25793,0.00138,0.49355
CVE-2020-25794,0.00117,0.45503
CVE-2020-25795,0.00117,0.45503
CVE-2020-25796,0.00138,0.49355
CVE-2020-25797,0.00058,0.22585
CVE-2020-25798,0.00058,0.22585
CVE-2020-25799,0.00058,0.22585
CVE-2020-2580,0.00082,0.34198
CVE-2020-25802,0.00104,0.42231
CVE-2020-25803,0.00104,0.42231
CVE-2020-2581,0.00066,0.27249
CVE-2020-25812,0.00100,0.40830
CVE-2020-25813,0.00111,0.44114
CVE-2020-25814,0.00097,0.40111
CVE-2020-25815,0.00103,0.41737
CVE-2020-25816,0.00065,0.26756
CVE-2020-25817,0.00100,0.40916
CVE-2020-2582,0.00181,0.55499
CVE-2020-25820,0.05571,0.92545
CVE-2020-25821,0.00113,0.44658
CVE-2020-25824,0.00067,0.27804
CVE-2020-25825,0.00116,0.45359
CVE-2020-25826,0.00042,0.05722
CVE-2020-25827,0.00170,0.54125
CVE-2020-25828,0.00103,0.41737
CVE-2020-25829,0.00364,0.69574
CVE-2020-2583,0.00284,0.65479
CVE-2020-25830,0.00057,0.21542
CVE-2020-25832,0.00054,0.20290
CVE-2020-25833,0.00054,0.20290
CVE-2020-25834,0.00054,0.20290
CVE-2020-25835,0.00045,0.11801
CVE-2020-25837,0.00168,0.53801
CVE-2020-25838,0.00065,0.26756
CVE-2020-25839,0.00259,0.63775
CVE-2020-2584,0.00070,0.28779
CVE-2020-25840,0.00078,0.32606
CVE-2020-25842,0.00270,0.64518
CVE-2020-25843,0.00659,0.77426
CVE-2020-25844,0.00659,0.77426
CVE-2020-25845,0.00157,0.52178
CVE-2020-25846,0.00157,0.52178
CVE-2020-25847,0.00120,0.46103
CVE-2020-25848,0.00309,0.66976
CVE-2020-25849,0.00162,0.52917
CVE-2020-2585,0.00184,0.55720
CVE-2020-25850,0.00368,0.69771
CVE-2020-25853,0.00115,0.45086
CVE-2020-25854,0.00719,0.78605
CVE-2020-25855,0.00719,0.78605
CVE-2020-25856,0.00719,0.78605
CVE-2020-25857,0.00155,0.51879
CVE-2020-25858,0.00115,0.45086
CVE-2020-25859,0.00048,0.14708
CVE-2020-2586,0.01851,0.87090
CVE-2020-25860,0.00112,0.44342
CVE-2020-25862,0.00550,0.75156
CVE-2020-25863,0.00412,0.71349
CVE-2020-25864,0.00324,0.67774
CVE-2020-25866,0.00267,0.64325
CVE-2020-25867,0.00126,0.47113
CVE-2020-25868,0.00174,0.54640
CVE-2020-25869,0.00138,0.49345
CVE-2020-2587,0.01851,0.87090
CVE-2020-25872,0.00087,0.36460
CVE-2020-25873,0.00061,0.23805
CVE-2020-25875,0.00058,0.22585
CVE-2020-25876,0.00058,0.22585
CVE-2020-25877,0.00058,0.22585
CVE-2020-25878,0.00058,0.22585
CVE-2020-25879,0.00058,0.22585
CVE-2020-2588,0.00091,0.38072
CVE-2020-25881,0.00074,0.30556
CVE-2020-25887,0.00085,0.35334
CVE-2020-25889,0.00718,0.78591
CVE-2020-2589,0.00091,0.38072
CVE-2020-25890,0.00093,0.38957
CVE-2020-2590,0.00066,0.27235
CVE-2020-25901,0.00515,0.74278
CVE-2020-25902,0.00084,0.35108
CVE-2020-25905,0.00300,0.66449
CVE-2020-2591,0.00181,0.55499
CVE-2020-25911,0.00191,0.56679
CVE-2020-25912,0.00214,0.59438
CVE-2020-25915,0.00049,0.15110
CVE-2020-25917,0.00089,0.37189
CVE-2020-2592,0.00089,0.37649
CVE-2020-25925,0.00115,0.45204
CVE-2020-25926,0.00075,0.31098
CVE-2020-25927,0.00150,0.51174
CVE-2020-25928,0.00524,0.74511
CVE-2020-2593,0.00066,0.27235
CVE-2020-2594,0.00053,0.18590
CVE-2020-2595,0.00089,0.37649
CVE-2020-25950,0.00085,0.35474
CVE-2020-25952,0.03596,0.90770
CVE-2020-25955,0.00243,0.62352
CVE-2020-2596,0.00083,0.34568
CVE-2020-25966,0.00281,0.65213
CVE-2020-25967,0.00102,0.41403
CVE-2020-25969,0.00087,0.36569
CVE-2020-2597,0.00083,0.34568
CVE-2020-2598,0.00083,0.34568
CVE-2020-25985,0.00273,0.64725
CVE-2020-25986,0.00107,0.43131
CVE-2020-25987,0.00466,0.72940
CVE-2020-25988,0.03868,0.91081
CVE-2020-25989,0.00048,0.14460
CVE-2020-2599,0.00082,0.33974
CVE-2020-25990,0.00367,0.69727
CVE-2020-2600,0.00083,0.34568
CVE-2020-26006,0.00062,0.24801
CVE-2020-26007,0.00075,0.31083
CVE-2020-26008,0.00075,0.31083
CVE-2020-2601,0.00081,0.33712
CVE-2020-2602,0.00083,0.34568
CVE-2020-26028,0.00065,0.26756
CVE-2020-26029,0.00065,0.26756
CVE-2020-2603,0.00083,0.34568
CVE-2020-26030,0.00430,0.71881
CVE-2020-26031,0.00054,0.20290
CVE-2020-26032,0.00168,0.53801
CVE-2020-26033,0.00053,0.19032
CVE-2020-26034,0.00054,0.20290
CVE-2020-26035,0.00054,0.20290
CVE-2020-26037,0.00229,0.61150
CVE-2020-2604,0.00258,0.63656
CVE-2020-26041,0.00857,0.80507
CVE-2020-26042,0.00212,0.59184
CVE-2020-26043,0.00087,0.36434
CVE-2020-26045,0.00165,0.53207
CVE-2020-26046,0.00058,0.22585
CVE-2020-26048,0.00290,0.65820
CVE-2020-26049,0.00156,0.52036
CVE-2020-2605,0.00091,0.38407
CVE-2020-26050,0.00042,0.05722
CVE-2020-26051,0.00271,0.64581
CVE-2020-26052,0.00054,0.19451
CVE-2020-2606,0.00083,0.34568
CVE-2020-26061,0.00274,0.64759
CVE-2020-26064,0.00060,0.23599
CVE-2020-26065,0.00058,0.21926
CVE-2020-26068,0.00170,0.54101
CVE-2020-2607,0.00083,0.34568
CVE-2020-26070,0.00160,0.52602
CVE-2020-26072,0.00224,0.60775
CVE-2020-26075,0.00281,0.65235
CVE-2020-26076,0.00350,0.68979
CVE-2020-26077,0.00073,0.30288
CVE-2020-26078,0.00122,0.46402
CVE-2020-26079,0.00156,0.52040
CVE-2020-2608,0.00080,0.33307
CVE-2020-26080,0.00073,0.30421
CVE-2020-26081,0.00123,0.46665
CVE-2020-26082,0.00063,0.24922
CVE-2020-26083,0.00066,0.27429
CVE-2020-26084,0.00080,0.33236
CVE-2020-26085,0.00227,0.61014
CVE-2020-26086,0.00073,0.30288
CVE-2020-26088,0.00042,0.05722
CVE-2020-2609,0.00053,0.18590
CVE-2020-26097,0.00576,0.75691
CVE-2020-26098,0.00650,0.77251
CVE-2020-26099,0.00084,0.34791
CVE-2020-2610,0.00080,0.33307
CVE-2020-26100,0.00222,0.60556
CVE-2020-26101,0.00309,0.66976
CVE-2020-26102,0.00168,0.53801
CVE-2020-26103,0.00168,0.53801
CVE-2020-26104,0.00168,0.53801
CVE-2020-26105,0.00309,0.66976
CVE-2020-26106,0.00168,0.53801
CVE-2020-26107,0.00168,0.53801
CVE-2020-26108,0.00432,0.71954
CVE-2020-26109,0.00084,0.34791
CVE-2020-2611,0.00080,0.33307
CVE-2020-26110,0.00078,0.32606
CVE-2020-26111,0.00078,0.32606
CVE-2020-26112,0.00084,0.34791
CVE-2020-26113,0.00078,0.32606
CVE-2020-26114,0.00078,0.32606
CVE-2020-26115,0.00078,0.32606
CVE-2020-26116,0.00306,0.66779
CVE-2020-26117,0.00368,0.69781
CVE-2020-26118,0.00179,0.55240
CVE-2020-2612,0.00080,0.33307
CVE-2020-26120,0.00128,0.47418
CVE-2020-26121,0.00124,0.46837
CVE-2020-26122,0.00421,0.71654
CVE-2020-26124,0.60673,0.97508
CVE-2020-26129,0.00090,0.37972
CVE-2020-2613,0.00080,0.33307
CVE-2020-26130,0.00085,0.35318
CVE-2020-26131,0.00085,0.35318
CVE-2020-26132,0.00044,0.10161
CVE-2020-26133,0.00044,0.10161
CVE-2020-26134,0.00078,0.32234
CVE-2020-26135,0.00122,0.46508
CVE-2020-26136,0.00089,0.37262
CVE-2020-26137,0.00432,0.71961
CVE-2020-26138,0.00134,0.48552
CVE-2020-26139,0.00245,0.62620
CVE-2020-2614,0.00080,0.33307
CVE-2020-26140,0.00159,0.52448
CVE-2020-26141,0.00159,0.52448
CVE-2020-26142,0.00117,0.45544
CVE-2020-26143,0.00159,0.52448
CVE-2020-26144,0.00083,0.34569
CVE-2020-26145,0.00057,0.21306
CVE-2020-26146,0.00083,0.34569
CVE-2020-26147,0.00118,0.45653
CVE-2020-26148,0.00115,0.45086
CVE-2020-26149,0.00135,0.48665
CVE-2020-2615,0.00080,0.33307
CVE-2020-26150,0.00368,0.69771
CVE-2020-26153,0.00127,0.47253
CVE-2020-26154,0.02145,0.88186
CVE-2020-26155,0.00106,0.42773
CVE-2020-26157,0.00419,0.71578
CVE-2020-26158,0.00419,0.71578
CVE-2020-2616,0.00080,0.33307
CVE-2020-26160,0.00193,0.57263
CVE-2020-26161,0.00080,0.33494
CVE-2020-26162,0.00084,0.35108
CVE-2020-26163,0.00515,0.74279
CVE-2020-26164,0.00046,0.13778
CVE-2020-26165,0.03647,0.90826
CVE-2020-26166,0.00070,0.28776
CVE-2020-26167,0.00305,0.66698
CVE-2020-26168,0.00275,0.64876
CVE-2020-2617,0.00080,0.33307
CVE-2020-26171,0.00058,0.22585
CVE-2020-26172,0.00115,0.45133
CVE-2020-26173,0.00058,0.22585
CVE-2020-26174,0.00102,0.41403
CVE-2020-26175,0.00058,0.22585
CVE-2020-26176,0.00058,0.22585
CVE-2020-26177,0.00058,0.22585
CVE-2020-26178,0.00140,0.49657
CVE-2020-2618,0.00080,0.33307
CVE-2020-26180,0.00104,0.42231
CVE-2020-26181,0.00044,0.10161
CVE-2020-26182,0.00090,0.37751
CVE-2020-26183,0.00090,0.37751
CVE-2020-26184,0.00141,0.49760
CVE-2020-26185,0.00075,0.30884
CVE-2020-26186,0.00081,0.33737
CVE-2020-2619,0.00080,0.33307
CVE-2020-26191,0.00044,0.10161
CVE-2020-26192,0.00044,0.10161
CVE-2020-26193,0.00044,0.10504
CVE-2020-26194,0.00044,0.10161
CVE-2020-26195,0.00165,0.53197
CVE-2020-26196,0.00044,0.10161
CVE-2020-26197,0.00168,0.53801
CVE-2020-26198,0.00115,0.45113
CVE-2020-26199,0.00042,0.05722
CVE-2020-2620,0.00080,0.33307
CVE-2020-26200,0.00073,0.30168
CVE-2020-26201,0.00736,0.78854
CVE-2020-26205,0.00050,0.16378
CVE-2020-26207,0.00227,0.60982
CVE-2020-26208,0.00093,0.38963
CVE-2020-2621,0.00080,0.33307
CVE-2020-26210,0.00138,0.49301
CVE-2020-26211,0.00092,0.38870
CVE-2020-26212,0.00124,0.46714
CVE-2020-26213,0.00105,0.42589
CVE-2020-26214,0.01546,0.85821
CVE-2020-26215,0.00320,0.67593
CVE-2020-26216,0.00103,0.41733
CVE-2020-26217,0.97384,0.99901
CVE-2020-26218,0.00153,0.51545
CVE-2020-26219,0.00078,0.32606
CVE-2020-2622,0.00080,0.33307
CVE-2020-26220,0.00050,0.16378
CVE-2020-26221,0.00078,0.32606
CVE-2020-26222,0.01357,0.84839
CVE-2020-26223,0.00178,0.55056
CVE-2020-26224,0.00221,0.60332
CVE-2020-26225,0.00066,0.27550
CVE-2020-26226,0.00134,0.48566
CVE-2020-26227,0.00112,0.44327
CVE-2020-26228,0.00131,0.48047
CVE-2020-26229,0.00072,0.29893
CVE-2020-2623,0.00080,0.33307
CVE-2020-26230,0.00383,0.70331
CVE-2020-26231,0.00044,0.10161
CVE-2020-26232,0.00060,0.23686
CVE-2020-26233,0.00111,0.44246
CVE-2020-26234,0.00050,0.16378
CVE-2020-26235,0.00107,0.43259
CVE-2020-26236,0.00208,0.58789
CVE-2020-26237,0.00336,0.68375
CVE-2020-26238,0.17182,0.95633
CVE-2020-26239,0.00073,0.30267
CVE-2020-2624,0.00080,0.33307
CVE-2020-26240,0.00107,0.43218
CVE-2020-26241,0.00072,0.29893
CVE-2020-26242,0.00116,0.45451
CVE-2020-26243,0.00239,0.62055
CVE-2020-26244,0.00155,0.51780
CVE-2020-26245,0.00175,0.54760
CVE-2020-26246,0.00050,0.16378
CVE-2020-26247,0.00162,0.52868
CVE-2020-26248,0.01617,0.86168
CVE-2020-26249,0.00095,0.39754
CVE-2020-2625,0.00080,0.33307
CVE-2020-26250,0.00174,0.54594
CVE-2020-26251,0.00080,0.33494
CVE-2020-26252,0.00296,0.66235
CVE-2020-26253,0.00108,0.43435
CVE-2020-26254,0.00131,0.48053
CVE-2020-26255,0.00229,0.61128
CVE-2020-26256,0.00809,0.79941
CVE-2020-26257,0.00160,0.52574
CVE-2020-26258,0.90088,0.98579
CVE-2020-26259,0.49982,0.97241
CVE-2020-2626,0.00080,0.33307
CVE-2020-26260,0.00063,0.25033
CVE-2020-26261,0.00045,0.12069
CVE-2020-26262,0.00191,0.56759
CVE-2020-26263,0.00297,0.66275
CVE-2020-26264,0.00164,0.53055
CVE-2020-26265,0.00050,0.16378
CVE-2020-26266,0.00090,0.37708
CVE-2020-26267,0.00048,0.14460
CVE-2020-26268,0.00044,0.10445
CVE-2020-26269,0.00093,0.38960
CVE-2020-2627,0.00114,0.44976
CVE-2020-26270,0.00044,0.10161
CVE-2020-26271,0.00044,0.10445
CVE-2020-26272,0.00102,0.41486
CVE-2020-26273,0.00067,0.27776
CVE-2020-26274,0.00178,0.54978
CVE-2020-26275,0.00135,0.48833
CVE-2020-26276,0.00359,0.69369
CVE-2020-26277,0.00064,0.26260
CVE-2020-26278,0.00042,0.05722
CVE-2020-26279,0.00093,0.39002
CVE-2020-2628,0.00080,0.33307
CVE-2020-26280,0.00135,0.48779
CVE-2020-26281,0.00071,0.29313
CVE-2020-26282,0.05320,0.92357
CVE-2020-26283,0.00183,0.55652
CVE-2020-26284,0.00267,0.64332
CVE-2020-26285,0.01042,0.82428
CVE-2020-26286,0.00130,0.47762
CVE-2020-26287,0.00457,0.72707
CVE-2020-26288,0.00092,0.38870
CVE-2020-26289,0.00202,0.58233
CVE-2020-2629,0.00080,0.33307
CVE-2020-26290,0.00401,0.70981
CVE-2020-26291,0.00071,0.29226
CVE-2020-26292,0.00222,0.60556
CVE-2020-26293,0.00119,0.45900
CVE-2020-26294,0.00166,0.53276
CVE-2020-26295,0.00178,0.55092
CVE-2020-26296,0.00099,0.40727
CVE-2020-26297,0.00107,0.43142
CVE-2020-26298,0.00077,0.32022
CVE-2020-26299,0.00337,0.68404
CVE-2020-2630,0.00080,0.33307
CVE-2020-26300,0.00536,0.74803
CVE-2020-26301,0.03638,0.90815
CVE-2020-26302,0.00076,0.31619
CVE-2020-2631,0.00080,0.33307
CVE-2020-2632,0.00080,0.33307
CVE-2020-2633,0.00080,0.33307
CVE-2020-2634,0.00080,0.33307
CVE-2020-2635,0.00080,0.33307
CVE-2020-2636,0.00080,0.33307
CVE-2020-2637,0.00080,0.33307
CVE-2020-2638,0.00080,0.33307
CVE-2020-2639,0.00080,0.33307
CVE-2020-2640,0.00080,0.33307
CVE-2020-26405,0.00080,0.33490
CVE-2020-26406,0.00095,0.39646
CVE-2020-26407,0.00062,0.24784
CVE-2020-26408,0.00091,0.38447
CVE-2020-26409,0.00118,0.45679
CVE-2020-2641,0.00080,0.33307
CVE-2020-26411,0.00076,0.31394
CVE-2020-26412,0.00054,0.20290
CVE-2020-26413,0.74714,0.97892
CVE-2020-26414,0.00080,0.33456
CVE-2020-26415,0.00054,0.20290
CVE-2020-26416,0.00044,0.10161
CVE-2020-26417,0.00090,0.37972
CVE-2020-26418,0.00339,0.68513
CVE-2020-26419,0.00235,0.61694
CVE-2020-2642,0.00080,0.33307
CVE-2020-26420,0.00235,0.61694
CVE-2020-26421,0.00282,0.65297
CVE-2020-26422,0.00154,0.51660
CVE-2020-2643,0.00080,0.33307
CVE-2020-2644,0.00080,0.33307
CVE-2020-2645,0.00080,0.33307
CVE-2020-2646,0.00054,0.20290
CVE-2020-2647,0.00091,0.38407
CVE-2020-2648,0.00045,0.12178
CVE-2020-2649,0.00045,0.12178
CVE-2020-2650,0.00089,0.37649
CVE-2020-26505,0.00112,0.44327
CVE-2020-26506,0.00058,0.22585
CVE-2020-26507,0.00090,0.37886
CVE-2020-26508,0.00222,0.60556
CVE-2020-26509,0.00119,0.45854
CVE-2020-2651,0.00181,0.55499
CVE-2020-26510,0.00603,0.76287
CVE-2020-26511,0.00139,0.49497
CVE-2020-26513,0.00094,0.39285
CVE-2020-26515,0.00150,0.51029
CVE-2020-26516,0.00115,0.45192
CVE-2020-26517,0.00058,0.22585
CVE-2020-26518,0.00263,0.64043
CVE-2020-26519,0.00137,0.49172
CVE-2020-2652,0.00181,0.55499
CVE-2020-26521,0.00132,0.48220
CVE-2020-26522,0.00808,0.79936
CVE-2020-26523,0.00078,0.32606
CVE-2020-26524,0.00089,0.37438
CVE-2020-26525,0.00141,0.49716
CVE-2020-26526,0.00108,0.43474
CVE-2020-26527,0.00667,0.77663
CVE-2020-2653,0.00181,0.55499
CVE-2020-26534,0.00260,0.63802
CVE-2020-26535,0.00198,0.57728
CVE-2020-26536,0.00054,0.20291
CVE-2020-26537,0.00198,0.57728
CVE-2020-26538,0.00069,0.28496
CVE-2020-26539,0.00698,0.78223
CVE-2020-2654,0.00065,0.27054
CVE-2020-26540,0.00158,0.52243
CVE-2020-26541,0.00048,0.14460
CVE-2020-26542,0.00238,0.61970
CVE-2020-26546,0.00124,0.46843
CVE-2020-26547,0.00691,0.78103
CVE-2020-26548,0.00102,0.41403
CVE-2020-26549,0.00307,0.66811
CVE-2020-2655,0.00241,0.62194
CVE-2020-26550,0.00307,0.66811
CVE-2020-26551,0.00307,0.66811
CVE-2020-26552,0.00102,0.41475
CVE-2020-26553,0.00429,0.71858
CVE-2020-26554,0.00147,0.50610
CVE-2020-26555,0.00052,0.18141
CVE-2020-26556,0.00059,0.22961
CVE-2020-26557,0.00064,0.26282
CVE-2020-26558,0.00067,0.27644
CVE-2020-26559,0.00065,0.27030
CVE-2020-2656,0.00076,0.31372
CVE-2020-26560,0.00062,0.24827
CVE-2020-26561,0.00113,0.44712
CVE-2020-26563,0.00194,0.57335
CVE-2020-26564,0.00056,0.21209
CVE-2020-26565,0.00285,0.65496
CVE-2020-26566,0.00904,0.81046
CVE-2020-26567,0.10158,0.94429
CVE-2020-26569,0.00119,0.46000
CVE-2020-2657,0.00083,0.34568
CVE-2020-26570,0.00050,0.15960
CVE-2020-26571,0.00042,0.05722
CVE-2020-26572,0.00050,0.15960
CVE-2020-26574,0.00175,0.54769
CVE-2020-26575,0.00462,0.72831
CVE-2020-2658,0.00181,0.55499
CVE-2020-26582,0.00607,0.76356
CVE-2020-26583,0.00097,0.40181
CVE-2020-26584,0.00078,0.32234
CVE-2020-2659,0.00099,0.40701
CVE-2020-26596,0.00340,0.68536
CVE-2020-26597,0.00082,0.34051
CVE-2020-26598,0.00056,0.20805
CVE-2020-26599,0.00066,0.27588
CVE-2020-2660,0.00091,0.38072
CVE-2020-26600,0.00080,0.33409
CVE-2020-26601,0.00066,0.27588
CVE-2020-26602,0.00080,0.33409
CVE-2020-26603,0.00076,0.31408
CVE-2020-26604,0.00080,0.33409
CVE-2020-26605,0.00080,0.33409
CVE-2020-26606,0.00080,0.33409
CVE-2020-26607,0.00106,0.42770
CVE-2020-26609,0.00063,0.24955
CVE-2020-2661,0.00181,0.55499
CVE-2020-2662,0.00181,0.55499
CVE-2020-26623,0.00111,0.44160
CVE-2020-26624,0.00111,0.44160
CVE-2020-26625,0.00111,0.44160
CVE-2020-26627,0.00049,0.15916
CVE-2020-26628,0.00054,0.19245
CVE-2020-26629,0.00382,0.70299
CVE-2020-2663,0.00083,0.34568
CVE-2020-26630,0.00049,0.15916
CVE-2020-2664,0.00045,0.12178
CVE-2020-26641,0.00109,0.43554
CVE-2020-26642,0.00082,0.34002
CVE-2020-26649,0.00066,0.27316
CVE-2020-2665,0.00181,0.55499
CVE-2020-26650,0.00131,0.47967
CVE-2020-26652,0.00046,0.13740
CVE-2020-2666,0.00089,0.37649
CVE-2020-26664,0.00218,0.59820
CVE-2020-26668,0.00073,0.30157
CVE-2020-26669,0.00048,0.14582
CVE-2020-2667,0.00083,0.34568
CVE-2020-26670,0.00432,0.71972
CVE-2020-26672,0.00058,0.22585
CVE-2020-26677,0.00198,0.57720
CVE-2020-26678,0.00739,0.78894
CVE-2020-26679,0.00160,0.52608
CVE-2020-2668,0.00083,0.34568
CVE-2020-26680,0.00054,0.20290
CVE-2020-26682,0.00332,0.68240
CVE-2020-26683,0.00052,0.18120
CVE-2020-2669,0.00181,0.55499
CVE-2020-26693,0.00080,0.33258
CVE-2020-2670,0.00181,0.55499
CVE-2020-26701,0.00060,0.23368
CVE-2020-26705,0.00198,0.57713
CVE-2020-26707,0.00314,0.67201
CVE-2020-26708,0.00125,0.46953
CVE-2020-26709,0.00050,0.16906
CVE-2020-2671,0.00181,0.55499
CVE-2020-26710,0.00050,0.16906
CVE-2020-26712,0.00162,0.52860
CVE-2020-26713,0.00128,0.47418
CVE-2020-2672,0.00181,0.55499
CVE-2020-26728,0.02293,0.88602
CVE-2020-2673,0.00276,0.64894
CVE-2020-26732,0.00368,0.69771
CVE-2020-26733,0.00058,0.22585
CVE-2020-2674,0.00045,0.12178
CVE-2020-2675,0.00089,0.37370
CVE-2020-26759,0.00461,0.72829
CVE-2020-2676,0.00083,0.34568
CVE-2020-26762,0.00305,0.66673
CVE-2020-26763,0.00073,0.30380
CVE-2020-26766,0.00106,0.42833
CVE-2020-26768,0.00132,0.48294
CVE-2020-2677,0.00064,0.26124
CVE-2020-26772,0.00533,0.74724
CVE-2020-26773,0.00105,0.42692
CVE-2020-2678,0.00048,0.14327
CVE-2020-2679,0.00091,0.38072
CVE-2020-26797,0.00175,0.54712
CVE-2020-2680,0.00049,0.15042
CVE-2020-26800,0.00127,0.47370
CVE-2020-26801,0.00067,0.27713
CVE-2020-26802,0.00106,0.42833
CVE-2020-26803,0.00102,0.41403
CVE-2020-26804,0.00102,0.41403
CVE-2020-26805,0.00102,0.41403
CVE-2020-26806,0.00366,0.69686
CVE-2020-26807,0.00044,0.10161
CVE-2020-26808,0.06517,0.93074
CVE-2020-26809,0.00115,0.45122
CVE-2020-2681,0.00043,0.07608
CVE-2020-26810,0.00124,0.46824
CVE-2020-26811,0.00240,0.62091
CVE-2020-26814,0.00065,0.26756
CVE-2020-26815,0.00178,0.55045
CVE-2020-26816,0.00044,0.10161
CVE-2020-26817,0.00081,0.33538
CVE-2020-26818,0.00078,0.32769
CVE-2020-26819,0.00087,0.35903
CVE-2020-2682,0.00043,0.07608
CVE-2020-26820,0.00523,0.74491
CVE-2020-26821,0.00124,0.46824
CVE-2020-26822,0.00124,0.46824
CVE-2020-26823,0.00124,0.46824
CVE-2020-26824,0.00124,0.46824
CVE-2020-26825,0.00084,0.35108
CVE-2020-26826,0.00081,0.33872
CVE-2020-26828,0.00054,0.19275
CVE-2020-26829,0.00492,0.73685
CVE-2020-2683,0.00054,0.20290
CVE-2020-26830,0.00116,0.45377
CVE-2020-26831,0.00078,0.32769
CVE-2020-26832,0.00853,0.80450
CVE-2020-26834,0.00054,0.20290
CVE-2020-26835,0.00084,0.35108
CVE-2020-26836,0.00094,0.39334
CVE-2020-26837,0.00165,0.53192
CVE-2020-26838,0.00116,0.45335
CVE-2020-2684,0.00089,0.37370
CVE-2020-2685,0.00083,0.34568
CVE-2020-2686,0.00114,0.44976
CVE-2020-26867,0.01480,0.85466
CVE-2020-26868,0.00304,0.66648
CVE-2020-26869,0.00168,0.53569
CVE-2020-2687,0.00083,0.34568
CVE-2020-26870,0.00707,0.78372
CVE-2020-26876,0.02791,0.89628
CVE-2020-26877,0.00071,0.29242
CVE-2020-26878,0.91749,0.98727
CVE-2020-26879,0.38411,0.96876
CVE-2020-2688,0.00089,0.37370
CVE-2020-26880,0.00045,0.12206
CVE-2020-26882,0.00116,0.45451
CVE-2020-26883,0.00113,0.44613
CVE-2020-26884,0.00123,0.46665
CVE-2020-26885,0.00145,0.50317
CVE-2020-26886,0.00083,0.34246
CVE-2020-26887,0.00120,0.46071
CVE-2020-2689,0.00043,0.07608
CVE-2020-26890,0.00664,0.77579
CVE-2020-26891,0.00225,0.60841
CVE-2020-26892,0.00167,0.53417
CVE-2020-26893,0.00044,0.10161
CVE-2020-26894,0.00042,0.05722
CVE-2020-26895,0.00059,0.23159
CVE-2020-26896,0.00086,0.35785
CVE-2020-26897,0.00070,0.29068
CVE-2020-26898,0.00070,0.29068
CVE-2020-26899,0.00070,0.29068
CVE-2020-2690,0.00043,0.07608
CVE-2020-26900,0.00070,0.29068
CVE-2020-26901,0.00070,0.29068
CVE-2020-26902,0.00078,0.32271
CVE-2020-26903,0.00070,0.29068
CVE-2020-26904,0.00070,0.29068
CVE-2020-26905,0.00070,0.29068
CVE-2020-26906,0.00070,0.29068
CVE-2020-26907,0.00078,0.32271
CVE-2020-26908,0.00308,0.66926
CVE-2020-26909,0.00078,0.32271
CVE-2020-2691,0.00043,0.07608
CVE-2020-26910,0.00044,0.10161
CVE-2020-26911,0.00070,0.29068
CVE-2020-26912,0.00073,0.30112
CVE-2020-26913,0.00044,0.10161
CVE-2020-26914,0.00044,0.10161
CVE-2020-26915,0.00054,0.20290
CVE-2020-26916,0.00058,0.22795
CVE-2020-26917,0.00054,0.20290
CVE-2020-26918,0.00054,0.20290
CVE-2020-26919,0.97346,0.99880
CVE-2020-2692,0.00043,0.07608
CVE-2020-26920,0.00078,0.32271
CVE-2020-26921,0.00068,0.27920
CVE-2020-26922,0.00044,0.10161
CVE-2020-26923,0.00054,0.20290
CVE-2020-26924,0.00070,0.29068
CVE-2020-26925,0.00044,0.10161
CVE-2020-26926,0.00069,0.28525
CVE-2020-26927,0.00308,0.66926
CVE-2020-26928,0.00069,0.28525
CVE-2020-26929,0.00044,0.10161
CVE-2020-2693,0.00043,0.07608
CVE-2020-26930,0.00054,0.20290
CVE-2020-26931,0.00070,0.29068
CVE-2020-26932,0.00088,0.37161
CVE-2020-26933,0.00044,0.10161
CVE-2020-26934,0.00838,0.80288
CVE-2020-26935,0.00745,0.78981
CVE-2020-26936,0.00071,0.29353
CVE-2020-26938,0.00127,0.47286
CVE-2020-26939,0.00085,0.35201
CVE-2020-2694,0.00074,0.30695
CVE-2020-26941,0.00044,0.10161
CVE-2020-26943,0.00233,0.61496
CVE-2020-26944,0.00178,0.54980
CVE-2020-26945,0.00408,0.71224
CVE-2020-26947,0.00042,0.05722
CVE-2020-26948,0.16155,0.95501
CVE-2020-2695,0.00089,0.37649
CVE-2020-26950,0.91794,0.98732
CVE-2020-26951,0.00086,0.35626
CVE-2020-26952,0.00184,0.55746
CVE-2020-26953,0.00103,0.41737
CVE-2020-26954,0.00084,0.35108
CVE-2020-26955,0.00081,0.33754
CVE-2020-26956,0.00100,0.40830
CVE-2020-26957,0.00081,0.33754
CVE-2020-26958,0.00133,0.48469
CVE-2020-26959,0.00313,0.67137
CVE-2020-2696,0.00122,0.46527
CVE-2020-26960,0.00244,0.62426
CVE-2020-26961,0.00125,0.46903
CVE-2020-26962,0.00084,0.35108
CVE-2020-26963,0.00097,0.40143
CVE-2020-26964,0.00160,0.52575
CVE-2020-26965,0.00129,0.47661
CVE-2020-26966,0.00129,0.47661
CVE-2020-26967,0.00081,0.33754
CVE-2020-26968,0.00469,0.73018
CVE-2020-26969,0.00276,0.64909
CVE-2020-2697,0.00045,0.12178
CVE-2020-26970,0.00184,0.55746
CVE-2020-26971,0.00255,0.63446
CVE-2020-26972,0.00244,0.62506
CVE-2020-26973,0.00261,0.63925
CVE-2020-26974,0.00373,0.69947
CVE-2020-26975,0.00081,0.33754
CVE-2020-26976,0.00420,0.71620
CVE-2020-26977,0.00081,0.33754
CVE-2020-26978,0.00103,0.41737
CVE-2020-26979,0.00112,0.44327
CVE-2020-2698,0.00043,0.07608
CVE-2020-26980,0.00285,0.65508
CVE-2020-26981,0.01217,0.83887
CVE-2020-26982,0.00279,0.65116
CVE-2020-26983,0.00279,0.65116
CVE-2020-26984,0.00279,0.65116
CVE-2020-26985,0.02603,0.89261
CVE-2020-26986,0.00454,0.72644
CVE-2020-26987,0.02603,0.89261
CVE-2020-26988,0.00279,0.65116
CVE-2020-26989,0.00295,0.66137
CVE-2020-2699,0.00089,0.37370
CVE-2020-26990,0.00916,0.81178
CVE-2020-26991,0.01125,0.83147
CVE-2020-26992,0.00079,0.32816
CVE-2020-26993,0.00079,0.32816
CVE-2020-26994,0.00246,0.62698
CVE-2020-26995,0.02351,0.88727
CVE-2020-26996,0.00282,0.65321
CVE-2020-26997,0.00121,0.46293
CVE-2020-26998,0.00045,0.12491
CVE-2020-26999,0.00045,0.12491
CVE-2020-2700,0.00054,0.20290
CVE-2020-27000,0.00045,0.12491
CVE-2020-27001,0.00054,0.19498
CVE-2020-27002,0.00045,0.12491
CVE-2020-27003,0.00045,0.12491
CVE-2020-27004,0.00085,0.35385
CVE-2020-27005,0.00045,0.12491
CVE-2020-27006,0.00045,0.12491
CVE-2020-27007,0.00100,0.40870
CVE-2020-27008,0.00045,0.12491
CVE-2020-27009,0.22078,0.96062
CVE-2020-2701,0.00085,0.35353
CVE-2020-27010,0.00054,0.20290
CVE-2020-27013,0.00061,0.23994
CVE-2020-27014,0.00045,0.12491
CVE-2020-27015,0.00045,0.12491
CVE-2020-27016,0.00110,0.43920
CVE-2020-27017,0.00074,0.30761
CVE-2020-27018,0.00048,0.14460
CVE-2020-27019,0.00278,0.65059
CVE-2020-2702,0.00043,0.07608
CVE-2020-27020,0.00186,0.55900
CVE-2020-27021,0.00042,0.05722
CVE-2020-27023,0.00042,0.05722
CVE-2020-27024,0.00088,0.36921
CVE-2020-27025,0.00042,0.05722
CVE-2020-27026,0.00048,0.14707
CVE-2020-27027,0.00042,0.05722
CVE-2020-27028,0.00042,0.05722
CVE-2020-27029,0.00109,0.43847
CVE-2020-2703,0.00091,0.38407
CVE-2020-27030,0.00042,0.05722
CVE-2020-27031,0.00042,0.05722
CVE-2020-27032,0.00042,0.05722
CVE-2020-27033,0.00042,0.05722
CVE-2020-27034,0.00042,0.05722
CVE-2020-27035,0.00042,0.05722
CVE-2020-27036,0.00042,0.05722
CVE-2020-27037,0.00042,0.05722
CVE-2020-27038,0.00109,0.43847
CVE-2020-27039,0.00042,0.05722
CVE-2020-2704,0.00043,0.07608
CVE-2020-27040,0.00042,0.05722
CVE-2020-27041,0.00042,0.05722
CVE-2020-27043,0.00042,0.05722
CVE-2020-27044,0.00042,0.05722
CVE-2020-27045,0.00065,0.27011
CVE-2020-27046,0.00042,0.05722
CVE-2020-27047,0.00048,0.14707
CVE-2020-27048,0.00046,0.13864
CVE-2020-27049,0.00046,0.13864
CVE-2020-2705,0.00043,0.07608
CVE-2020-27050,0.00065,0.27011
CVE-2020-27051,0.00047,0.14008
CVE-2020-27052,0.00042,0.05722
CVE-2020-27053,0.00042,0.05722
CVE-2020-27054,0.00042,0.05722
CVE-2020-27055,0.00088,0.36921
CVE-2020-27056,0.00042,0.05722
CVE-2020-27057,0.00042,0.05722
CVE-2020-27059,0.00097,0.40287
CVE-2020-2706,0.00054,0.20290
CVE-2020-27066,0.00042,0.05722
CVE-2020-27067,0.00042,0.05722
CVE-2020-27068,0.00097,0.40223
CVE-2020-2707,0.00054,0.20290
CVE-2020-2709,0.00083,0.34568
CVE-2020-27097,0.00042,0.05722
CVE-2020-27098,0.00042,0.05722
CVE-2020-2710,0.00054,0.20290
CVE-2020-2711,0.00089,0.37370
CVE-2020-2712,0.00083,0.34568
CVE-2020-27121,0.00109,0.43829
CVE-2020-27122,0.00042,0.05722
CVE-2020-27123,0.00042,0.05722
CVE-2020-27125,0.00509,0.74149
CVE-2020-27126,0.00150,0.51177
CVE-2020-27127,0.00104,0.42231
CVE-2020-27128,0.00094,0.39462
CVE-2020-27129,0.00042,0.05722
CVE-2020-2713,0.00089,0.37370
CVE-2020-27130,0.00540,0.74915
CVE-2020-27131,0.93244,0.98900
CVE-2020-27132,0.00104,0.42231
CVE-2020-27133,0.00104,0.42231
CVE-2020-27134,0.00104,0.42231
CVE-2020-2714,0.00054,0.20290
CVE-2020-27146,0.00071,0.29353
CVE-2020-27147,0.00096,0.40021
CVE-2020-27148,0.00145,0.50313
CVE-2020-27149,0.00054,0.20290
CVE-2020-2715,0.00054,0.20290
CVE-2020-27150,0.00178,0.55045
CVE-2020-27151,0.00473,0.73142
CVE-2020-27152,0.00060,0.23611
CVE-2020-27153,0.04969,0.92084
CVE-2020-27154,0.00095,0.39710
CVE-2020-27155,0.00107,0.43218
CVE-2020-27156,0.00518,0.74348
CVE-2020-27157,0.00308,0.66926
CVE-2020-27158,0.03767,0.90982
CVE-2020-27159,0.02563,0.89173
CVE-2020-2716,0.00089,0.37370
CVE-2020-27160,0.03572,0.90736
CVE-2020-27163,0.00078,0.32606
CVE-2020-2717,0.00083,0.34568
CVE-2020-27170,0.00047,0.13915
CVE-2020-27171,0.00046,0.12665
CVE-2020-27172,0.00222,0.60556
CVE-2020-27173,0.00105,0.42589
CVE-2020-27174,0.00170,0.54123
CVE-2020-27176,0.00324,0.67748
CVE-2020-27178,0.00084,0.34791
CVE-2020-27179,0.00211,0.59058
CVE-2020-2718,0.00089,0.37370
CVE-2020-27180,0.00149,0.50995
CVE-2020-27181,0.00069,0.28681
CVE-2020-27182,0.00091,0.38533
CVE-2020-27183,0.00211,0.59058
CVE-2020-27184,0.00081,0.33897
CVE-2020-27185,0.00178,0.55045
CVE-2020-27187,0.00042,0.05722
CVE-2020-2719,0.00054,0.20290
CVE-2020-27191,0.00787,0.79609
CVE-2020-27192,0.00042,0.05722
CVE-2020-27193,0.00305,0.66668
CVE-2020-27194,0.00044,0.10161
CVE-2020-27195,0.00178,0.55045
CVE-2020-27196,0.00113,0.44613
CVE-2020-27197,0.00879,0.80743
CVE-2020-27199,0.00307,0.66811
CVE-2020-2720,0.00054,0.20290
CVE-2020-27207,0.00173,0.54486
CVE-2020-27208,0.00096,0.39910
CVE-2020-27209,0.00120,0.46094
CVE-2020-2721,0.00089,0.37370
CVE-2020-27211,0.00078,0.32104
CVE-2020-27212,0.00044,0.10161
CVE-2020-27213,0.00054,0.19251
CVE-2020-27216,0.00072,0.29464
CVE-2020-27217,0.00067,0.27702
CVE-2020-27218,0.01157,0.83400
CVE-2020-27219,0.00075,0.30819
CVE-2020-2722,0.00083,0.34568
CVE-2020-27220,0.00083,0.34591
CVE-2020-27221,0.00430,0.71883
CVE-2020-27222,0.00080,0.33425
CVE-2020-27223,0.03039,0.90007
CVE-2020-27224,0.00258,0.63632
CVE-2020-27225,0.00042,0.05722
CVE-2020-27226,0.00067,0.27796
CVE-2020-27227,0.01231,0.83996
CVE-2020-27228,0.00081,0.33796
CVE-2020-27229,0.00088,0.36822
CVE-2020-2723,0.00089,0.37370
CVE-2020-27230,0.00088,0.36822
CVE-2020-27231,0.00088,0.36822
CVE-2020-27232,0.00067,0.27796
CVE-2020-27233,0.00174,0.54677
CVE-2020-27234,0.00174,0.54677
CVE-2020-27235,0.00174,0.54677
CVE-2020-27236,0.00174,0.54677
CVE-2020-27237,0.00269,0.64467
CVE-2020-27238,0.00174,0.54677
CVE-2020-27239,0.00269,0.64467
CVE-2020-2724,0.00054,0.20290
CVE-2020-27240,0.00269,0.64467
CVE-2020-27241,0.00269,0.64467
CVE-2020-27242,0.00088,0.36822
CVE-2020-27243,0.00088,0.36822
CVE-2020-27244,0.00088,0.36822
CVE-2020-27245,0.00088,0.36822
CVE-2020-27246,0.00088,0.36822
CVE-2020-27247,0.00082,0.33948
CVE-2020-27248,0.00082,0.33948
CVE-2020-27249,0.00082,0.33948
CVE-2020-2725,0.00091,0.38407
CVE-2020-27250,0.00093,0.39134
CVE-2020-27251,0.00739,0.78896
CVE-2020-27252,0.00220,0.60003
CVE-2020-27253,0.00089,0.37449
CVE-2020-27254,0.00159,0.52437
CVE-2020-27255,0.00626,0.76794
CVE-2020-27256,0.00067,0.27833
CVE-2020-27257,0.00290,0.65872
CVE-2020-27258,0.00090,0.37882
CVE-2020-27259,0.00471,0.73083
CVE-2020-2726,0.00043,0.07608
CVE-2020-27260,0.00066,0.27278
CVE-2020-27261,0.01840,0.87056
CVE-2020-27262,0.00054,0.20290
CVE-2020-27263,0.01554,0.85862
CVE-2020-27264,0.00067,0.27833
CVE-2020-27265,0.00539,0.74871
CVE-2020-27266,0.00065,0.26865
CVE-2020-27267,0.01554,0.85862
CVE-2020-27268,0.00066,0.27430
CVE-2020-27269,0.00063,0.25097
CVE-2020-2727,0.00043,0.07608
CVE-2020-27270,0.00054,0.19624
CVE-2020-27272,0.00063,0.25097
CVE-2020-27274,0.00137,0.49069
CVE-2020-27275,0.00191,0.56718
CVE-2020-27276,0.00063,0.25097
CVE-2020-27277,0.00105,0.42682
CVE-2020-27278,0.00067,0.27833
CVE-2020-27279,0.00098,0.40386
CVE-2020-2728,0.00276,0.64894
CVE-2020-27280,0.00196,0.57510
CVE-2020-27281,0.00100,0.40890
CVE-2020-27282,0.00063,0.25579
CVE-2020-27283,0.00080,0.33470
CVE-2020-27284,0.00127,0.47226
CVE-2020-27285,0.00162,0.52844
CVE-2020-27287,0.00147,0.50669
CVE-2020-27288,0.00127,0.47226
CVE-2020-27289,0.00105,0.42682
CVE-2020-2729,0.00054,0.20290
CVE-2020-27290,0.00044,0.08189
CVE-2020-27291,0.00087,0.35911
CVE-2020-27293,0.00120,0.46157
CVE-2020-27295,0.00100,0.40789
CVE-2020-27297,0.00384,0.70352
CVE-2020-27298,0.00056,0.21208
CVE-2020-27299,0.00213,0.59361
CVE-2020-2730,0.00054,0.20290
CVE-2020-27301,0.00080,0.33434
CVE-2020-27302,0.00080,0.33434
CVE-2020-27304,0.00236,0.61736
CVE-2020-2731,0.00091,0.38407
CVE-2020-2732,0.00048,0.14815
CVE-2020-2733,0.29301,0.96493
CVE-2020-27336,0.00166,0.53264
CVE-2020-27337,0.00190,0.56656
CVE-2020-27338,0.00102,0.41344
CVE-2020-27339,0.00044,0.10161
CVE-2020-2734,0.00054,0.20290
CVE-2020-27340,0.00086,0.35742
CVE-2020-27344,0.00076,0.31249
CVE-2020-27347,0.00060,0.23269
CVE-2020-27348,0.00090,0.37688
CVE-2020-27349,0.00044,0.10161
CVE-2020-2735,0.00097,0.40218
CVE-2020-27350,0.00048,0.14232
CVE-2020-27351,0.00047,0.13894
CVE-2020-27356,0.00062,0.24442
CVE-2020-27358,0.00075,0.31053
CVE-2020-27359,0.00063,0.25033
CVE-2020-27361,0.03140,0.90150
CVE-2020-27362,0.00104,0.42382
CVE-2020-27366,0.00045,0.12234
CVE-2020-27368,0.00048,0.14460
CVE-2020-2737,0.00097,0.40218
CVE-2020-27372,0.00234,0.61568
CVE-2020-27373,0.00279,0.65108
CVE-2020-27374,0.00104,0.41986
CVE-2020-27375,0.00085,0.35312
CVE-2020-27376,0.00104,0.41986
CVE-2020-27377,0.00058,0.22005
CVE-2020-27379,0.00053,0.19044
CVE-2020-2738,0.00054,0.20290
CVE-2020-27383,0.00048,0.14460
CVE-2020-27384,0.00048,0.14460
CVE-2020-27385,0.00149,0.50924
CVE-2020-27386,0.29537,0.96506
CVE-2020-27387,0.07869,0.93645
CVE-2020-27388,0.00063,0.25033
CVE-2020-2739,0.00192,0.56973
CVE-2020-27397,0.00154,0.51735
CVE-2020-2740,0.00054,0.20290
CVE-2020-27402,0.00086,0.35641
CVE-2020-27403,0.00175,0.54725
CVE-2020-27406,0.00084,0.34626
CVE-2020-27408,0.00157,0.52179
CVE-2020-27409,0.00078,0.32234
CVE-2020-2741,0.00043,0.07608
CVE-2020-27413,0.00042,0.05722
CVE-2020-27414,0.00148,0.50785
CVE-2020-27416,0.00356,0.69240
CVE-2020-27418,0.00043,0.06775
CVE-2020-2742,0.00043,0.07608
CVE-2020-27422,0.01540,0.85796
CVE-2020-27423,0.00559,0.75314
CVE-2020-27428,0.00072,0.29847
CVE-2020-2743,0.00043,0.07608
CVE-2020-2744,0.00054,0.20290
CVE-2020-27449,0.00097,0.40291
CVE-2020-2745,0.00077,0.31897
CVE-2020-27459,0.00078,0.32606
CVE-2020-2746,0.00089,0.37370
CVE-2020-27461,0.02912,0.89815
CVE-2020-27464,0.07714,0.93561
CVE-2020-27466,0.05280,0.92320
CVE-2020-27467,0.01491,0.85516
CVE-2020-2747,0.00054,0.20290
CVE-2020-2748,0.00043,0.07608
CVE-2020-27481,0.20308,0.95944
CVE-2020-27483,0.00255,0.63456
CVE-2020-27484,0.00153,0.51583
CVE-2020-27485,0.00122,0.46514
CVE-2020-27486,0.00113,0.44712
CVE-2020-27488,0.00382,0.70301
CVE-2020-2749,0.00091,0.38407
CVE-2020-2750,0.00194,0.57348
CVE-2020-27507,0.00063,0.25553
CVE-2020-27508,0.00137,0.49213
CVE-2020-27509,0.00054,0.20290
CVE-2020-2751,0.00083,0.34568
CVE-2020-27511,0.00155,0.51826
CVE-2020-27514,0.00179,0.55238
CVE-2020-27515,0.00317,0.67399
CVE-2020-27518,0.00042,0.05722
CVE-2020-27519,0.00042,0.05722
CVE-2020-2752,0.00166,0.53316
CVE-2020-27523,0.00408,0.71217
CVE-2020-27524,0.00176,0.54809
CVE-2020-2753,0.00089,0.37649
CVE-2020-27533,0.00078,0.32665
CVE-2020-27534,0.00138,0.49225
CVE-2020-27539,0.00344,0.68718
CVE-2020-2754,0.00326,0.67857
CVE-2020-27540,0.00608,0.76383
CVE-2020-27541,0.00214,0.59410
CVE-2020-27542,0.00114,0.44882
CVE-2020-27543,0.01711,0.86520
CVE-2020-27544,0.00235,0.61663
CVE-2020-27545,0.00052,0.17532
CVE-2020-2755,0.00125,0.46860
CVE-2020-27553,0.00355,0.69187
CVE-2020-27554,0.00307,0.66811
CVE-2020-27555,0.01341,0.84710
CVE-2020-27556,0.00411,0.71310
CVE-2020-27557,0.00042,0.05722
CVE-2020-27558,0.00266,0.64301
CVE-2020-2756,0.00283,0.65375
CVE-2020-27560,0.00067,0.27679
CVE-2020-27568,0.00070,0.28998
CVE-2020-27569,0.00070,0.28998
CVE-2020-2757,0.00283,0.65375
CVE-2020-27574,0.00092,0.38813
CVE-2020-27575,0.00214,0.59475
CVE-2020-27576,0.00054,0.20290
CVE-2020-2758,0.00043,0.07608
CVE-2020-27583,0.00749,0.79029
CVE-2020-27585,0.00042,0.05722
CVE-2020-27586,0.00274,0.64752
CVE-2020-27587,0.00042,0.05722
CVE-2020-27589,0.00203,0.58321
CVE-2020-2759,0.00102,0.41353
CVE-2020-2760,0.00143,0.50024
CVE-2020-27600,0.02098,0.88017
CVE-2020-27601,0.00050,0.16378
CVE-2020-27602,0.00294,0.66070
CVE-2020-27603,0.00307,0.66811
CVE-2020-27604,0.00221,0.60299
CVE-2020-27605,0.00488,0.73598
CVE-2020-27606,0.00249,0.62886
CVE-2020-27607,0.00126,0.47113
CVE-2020-27608,0.00110,0.44053
CVE-2020-27609,0.00096,0.40048
CVE-2020-2761,0.00206,0.58583
CVE-2020-27610,0.00307,0.66811
CVE-2020-27611,0.00087,0.36040
CVE-2020-27612,0.00054,0.20290
CVE-2020-27613,0.00069,0.28612
CVE-2020-27614,0.00042,0.05722
CVE-2020-27615,0.00737,0.78874
CVE-2020-27616,0.00087,0.35968
CVE-2020-27617,0.00197,0.57657
CVE-2020-27618,0.00053,0.18437
CVE-2020-27619,0.00523,0.74494
CVE-2020-2762,0.00102,0.41353
CVE-2020-27620,0.00100,0.40830
CVE-2020-27621,0.00058,0.22585
CVE-2020-27622,0.00090,0.37972
CVE-2020-27623,0.00178,0.55045
CVE-2020-27624,0.00090,0.37972
CVE-2020-27625,0.00084,0.34791
CVE-2020-27626,0.00090,0.37972
CVE-2020-27627,0.00084,0.35108
CVE-2020-27628,0.00054,0.20290
CVE-2020-27629,0.00090,0.37972
CVE-2020-2763,0.00102,0.41353
CVE-2020-27630,0.00063,0.25553
CVE-2020-27631,0.00063,0.25553
CVE-2020-27632,0.00105,0.42405
CVE-2020-27633,0.00067,0.27762
CVE-2020-27634,0.00067,0.27762
CVE-2020-27635,0.00067,0.27762
CVE-2020-27636,0.00067,0.27762
CVE-2020-27637,0.00740,0.78915
CVE-2020-27638,0.00965,0.81698
CVE-2020-27639,0.00070,0.29068
CVE-2020-2764,0.00156,0.52013
CVE-2020-27640,0.00070,0.29068
CVE-2020-27642,0.00078,0.32606
CVE-2020-27643,0.00075,0.31055
CVE-2020-27644,0.00221,0.60395
CVE-2020-27645,0.00221,0.60395
CVE-2020-27646,0.00157,0.52178
CVE-2020-27648,0.00083,0.34514
CVE-2020-27649,0.00083,0.34514
CVE-2020-2765,0.00102,0.41353
CVE-2020-27650,0.00133,0.48304
CVE-2020-27651,0.00220,0.59982
CVE-2020-27652,0.00109,0.43523
CVE-2020-27653,0.00109,0.43523
CVE-2020-27654,0.01818,0.86935
CVE-2020-27655,0.00153,0.51579
CVE-2020-27656,0.00070,0.28773
CVE-2020-27657,0.00116,0.45312
CVE-2020-27658,0.00258,0.63632
CVE-2020-27659,0.00077,0.31716
CVE-2020-2766,0.00162,0.52874
CVE-2020-27660,0.00190,0.56635
CVE-2020-27661,0.00045,0.11966
CVE-2020-27662,0.00054,0.20290
CVE-2020-27663,0.00054,0.20290
CVE-2020-27664,0.00235,0.61731
CVE-2020-27665,0.00071,0.29313
CVE-2020-27666,0.00050,0.16378
CVE-2020-2767,0.00111,0.44245
CVE-2020-27670,0.00045,0.11966
CVE-2020-27671,0.00045,0.11966
CVE-2020-27672,0.00045,0.11966
CVE-2020-27673,0.00045,0.11966
CVE-2020-27674,0.00048,0.14287
CVE-2020-27675,0.00045,0.11966
CVE-2020-27678,0.00250,0.62982
CVE-2020-2768,0.00098,0.40368
CVE-2020-27687,0.00158,0.52357
CVE-2020-27688,0.00113,0.44617
CVE-2020-27689,0.00902,0.81032
CVE-2020-2769,0.00054,0.20290
CVE-2020-27690,0.00042,0.05722
CVE-2020-27691,0.00076,0.31249
CVE-2020-27692,0.00124,0.46833
CVE-2020-27693,0.00048,0.14460
CVE-2020-27694,0.00113,0.44729
CVE-2020-27695,0.00063,0.25378
CVE-2020-27696,0.00063,0.25378
CVE-2020-27697,0.00063,0.25378
CVE-2020-2770,0.00206,0.58583
CVE-2020-27708,0.00048,0.14460
CVE-2020-2771,0.00062,0.24608
CVE-2020-27713,0.00103,0.41969
CVE-2020-27714,0.00103,0.41969
CVE-2020-27715,0.00103,0.41969
CVE-2020-27716,0.00103,0.41969
CVE-2020-27717,0.00103,0.41969
CVE-2020-27718,0.00103,0.41969
CVE-2020-27719,0.00078,0.32606
CVE-2020-2772,0.00054,0.20290
CVE-2020-27720,0.00103,0.41969
CVE-2020-27721,0.00103,0.41969
CVE-2020-27722,0.00081,0.33872
CVE-2020-27723,0.00103,0.41969
CVE-2020-27724,0.00081,0.33872
CVE-2020-27725,0.00072,0.29893
CVE-2020-27726,0.00078,0.32606
CVE-2020-27727,0.00063,0.25750
CVE-2020-27728,0.00103,0.41969
CVE-2020-27729,0.00078,0.32606
CVE-2020-2773,0.00125,0.46860
CVE-2020-27730,0.00432,0.71962
CVE-2020-27733,0.00411,0.71307
CVE-2020-27735,0.00228,0.61111
CVE-2020-27736,0.00167,0.53438
CVE-2020-27737,0.00167,0.53438
CVE-2020-27738,0.00409,0.71246
CVE-2020-27739,0.00762,0.79250
CVE-2020-2774,0.00206,0.58583
CVE-2020-27740,0.00315,0.67325
CVE-2020-27741,0.00168,0.53617
CVE-2020-27742,0.00151,0.51279
CVE-2020-27743,0.00217,0.59754
CVE-2020-27744,0.01513,0.85660
CVE-2020-27745,0.00351,0.69039
CVE-2020-27746,0.00075,0.30807
CVE-2020-27747,0.00230,0.61278
CVE-2020-27748,0.00222,0.60587
CVE-2020-27749,0.00042,0.05755
CVE-2020-2775,0.00089,0.37649
CVE-2020-27750,0.00080,0.33464
CVE-2020-27751,0.00078,0.32224
CVE-2020-27752,0.00077,0.31774
CVE-2020-27753,0.00056,0.21204
CVE-2020-27754,0.00078,0.32224
CVE-2020-27755,0.00056,0.21204
CVE-2020-27756,0.00063,0.25775
CVE-2020-27757,0.00078,0.32224
CVE-2020-27758,0.00078,0.32224
CVE-2020-27759,0.00066,0.27308
CVE-2020-2776,0.00093,0.39046
CVE-2020-27760,0.00072,0.29862
CVE-2020-27761,0.00066,0.27308
CVE-2020-27762,0.00072,0.29862
CVE-2020-27763,0.00066,0.27308
CVE-2020-27764,0.00067,0.27679
CVE-2020-27765,0.00078,0.32224
CVE-2020-27766,0.00108,0.43435
CVE-2020-27767,0.00078,0.32224
CVE-2020-27768,0.00066,0.27308
CVE-2020-27769,0.00061,0.24231
CVE-2020-2777,0.00054,0.20290
CVE-2020-27770,0.00080,0.33464
CVE-2020-27771,0.00078,0.32224
CVE-2020-27772,0.00078,0.32224
CVE-2020-27773,0.00078,0.32224
CVE-2020-27774,0.00078,0.32224
CVE-2020-27775,0.00078,0.32224
CVE-2020-27776,0.00063,0.25775
CVE-2020-27777,0.00042,0.05722
CVE-2020-27778,0.00308,0.66890
CVE-2020-27779,0.00042,0.05722
CVE-2020-2778,0.00111,0.44245
CVE-2020-27780,0.00182,0.55611
CVE-2020-27781,0.00045,0.12069
CVE-2020-27782,0.00087,0.35949
CVE-2020-27783,0.00380,0.70221
CVE-2020-27784,0.00043,0.06775
CVE-2020-27786,0.00043,0.07702
CVE-2020-27787,0.00049,0.15148
CVE-2020-27788,0.00055,0.20462
CVE-2020-2779,0.00206,0.58583
CVE-2020-27790,0.00055,0.20462
CVE-2020-27792,0.00064,0.26395
CVE-2020-27793,0.00085,0.35219
CVE-2020-27794,0.00086,0.35740
CVE-2020-27795,0.00093,0.39240
CVE-2020-27796,0.00066,0.27184
CVE-2020-27797,0.00044,0.10345
CVE-2020-27798,0.00044,0.10345
CVE-2020-27799,0.00066,0.27184
CVE-2020-2780,0.00211,0.59034
CVE-2020-27800,0.00066,0.27184
CVE-2020-27801,0.00066,0.27184
CVE-2020-27802,0.00044,0.10345
CVE-2020-2781,0.00125,0.46860
CVE-2020-27813,0.00420,0.71615
CVE-2020-27814,0.00244,0.62537
CVE-2020-27815,0.00042,0.05722
CVE-2020-27816,0.00078,0.32606
CVE-2020-27818,0.00173,0.54516
CVE-2020-27819,0.00069,0.28550
CVE-2020-2782,0.00077,0.31897
CVE-2020-27820,0.00045,0.12520
CVE-2020-27821,0.00042,0.05722
CVE-2020-27822,0.00087,0.35949
CVE-2020-27823,0.00107,0.43205
CVE-2020-27824,0.00078,0.32137
CVE-2020-27825,0.00042,0.05722
CVE-2020-27826,0.00054,0.20290
CVE-2020-27827,0.00589,0.76006
CVE-2020-27828,0.00140,0.49665
CVE-2020-27829,0.00061,0.24231
CVE-2020-2783,0.00089,0.37649
CVE-2020-27830,0.00045,0.11966
CVE-2020-27831,0.00054,0.20290
CVE-2020-27832,0.00087,0.36023
CVE-2020-27833,0.00090,0.37992
CVE-2020-27835,0.00042,0.05722
CVE-2020-27836,0.00155,0.51838
CVE-2020-27837,0.00069,0.28525
CVE-2020-27838,0.08135,0.93746
CVE-2020-27839,0.00054,0.20290
CVE-2020-2784,0.00083,0.34278
CVE-2020-27840,0.00648,0.77191
CVE-2020-27841,0.00155,0.51883
CVE-2020-27842,0.00102,0.41532
CVE-2020-27843,0.00122,0.46410
CVE-2020-27844,0.00110,0.44027
CVE-2020-27845,0.00122,0.46410
CVE-2020-27846,0.01251,0.84127
CVE-2020-27847,0.00265,0.64250
CVE-2020-27848,0.00113,0.44769
CVE-2020-2785,0.00083,0.34278
CVE-2020-27850,0.00066,0.27429
CVE-2020-27851,0.00066,0.27429
CVE-2020-27852,0.00066,0.27429
CVE-2020-27853,0.00664,0.77583
CVE-2020-27855,0.00172,0.54282
CVE-2020-27856,0.00172,0.54282
CVE-2020-27857,0.00244,0.62445
CVE-2020-27858,0.03289,0.90375
CVE-2020-27859,0.01811,0.86903
CVE-2020-2786,0.00083,0.34278
CVE-2020-27860,0.00355,0.69194
CVE-2020-27861,0.00161,0.52767
CVE-2020-27862,0.00326,0.67850
CVE-2020-27863,0.00224,0.60748
CVE-2020-27864,0.00326,0.67850
CVE-2020-27865,0.00158,0.52255
CVE-2020-27866,0.00363,0.69534
CVE-2020-27867,0.00048,0.14650
CVE-2020-27868,0.19352,0.95861
CVE-2020-27869,0.00604,0.76305
CVE-2020-2787,0.00083,0.34278
CVE-2020-27870,0.01619,0.86173
CVE-2020-27871,0.37177,0.96828
CVE-2020-27872,0.00187,0.56232
CVE-2020-27873,0.00173,0.54521
CVE-2020-27874,0.01454,0.85358
CVE-2020-27885,0.00112,0.44327
CVE-2020-27886,0.00168,0.53609
CVE-2020-27887,0.00189,0.56456
CVE-2020-27888,0.00168,0.53801
CVE-2020-2789,0.00083,0.34568
CVE-2020-27890,0.00116,0.45451
CVE-2020-27891,0.00116,0.45451
CVE-2020-27892,0.00116,0.45451
CVE-2020-27893,0.00091,0.38103
CVE-2020-27894,0.00057,0.21309
CVE-2020-27895,0.00052,0.18020
CVE-2020-27896,0.00118,0.45655
CVE-2020-27897,0.00045,0.12491
CVE-2020-27898,0.00064,0.26248
CVE-2020-27899,0.00042,0.05722
CVE-2020-2790,0.00098,0.40368
CVE-2020-27900,0.00066,0.27491
CVE-2020-27901,0.00054,0.19472
CVE-2020-27902,0.00070,0.29068
CVE-2020-27903,0.00082,0.33961
CVE-2020-27904,0.00088,0.36933
CVE-2020-27905,0.00121,0.46224
CVE-2020-27906,0.00455,0.72664
CVE-2020-27907,0.00107,0.43149
CVE-2020-27908,0.00123,0.46598
CVE-2020-27909,0.00111,0.44247
CVE-2020-2791,0.00406,0.71175
CVE-2020-27910,0.00114,0.44905
CVE-2020-27911,0.00453,0.72601
CVE-2020-27912,0.00161,0.52722
CVE-2020-27914,0.00081,0.33502
CVE-2020-27915,0.00081,0.33502
CVE-2020-27916,0.00146,0.50467
CVE-2020-27917,0.00190,0.56615
CVE-2020-27918,0.00153,0.51537
CVE-2020-27919,0.00081,0.33502
CVE-2020-27920,0.00426,0.71777
CVE-2020-27921,0.00081,0.33502
CVE-2020-27922,0.00087,0.35969
CVE-2020-27923,0.00114,0.44916
CVE-2020-27924,0.00114,0.44905
CVE-2020-27925,0.00053,0.18293
CVE-2020-27926,0.00121,0.46224
CVE-2020-27927,0.00114,0.44916
CVE-2020-27929,0.00050,0.16815
CVE-2020-2793,0.00054,0.20290
CVE-2020-27930,0.00192,0.56889
CVE-2020-27931,0.00123,0.46607
CVE-2020-27932,0.00192,0.56889
CVE-2020-27933,0.00114,0.44916
CVE-2020-27935,0.00065,0.27029
CVE-2020-27936,0.00042,0.05722
CVE-2020-27937,0.00066,0.27491
CVE-2020-27938,0.00067,0.27651
CVE-2020-27939,0.00069,0.28465
CVE-2020-2794,0.00192,0.56973
CVE-2020-27940,0.00054,0.20290
CVE-2020-27941,0.00064,0.26397
CVE-2020-27942,0.00073,0.30148
CVE-2020-27943,0.00109,0.43874
CVE-2020-27944,0.00109,0.43874
CVE-2020-27945,0.00082,0.33951
CVE-2020-27946,0.00070,0.29000
CVE-2020-27947,0.00108,0.43459
CVE-2020-27948,0.00109,0.43874
CVE-2020-27949,0.00053,0.18293
CVE-2020-2795,0.00045,0.12178
CVE-2020-27950,0.00271,0.64565
CVE-2020-27951,0.00104,0.42305
CVE-2020-27952,0.00107,0.43149
CVE-2020-27955,0.93766,0.98961
CVE-2020-27956,0.04862,0.92010
CVE-2020-27957,0.00058,0.22585
CVE-2020-27958,0.00086,0.35744
CVE-2020-2796,0.00192,0.56973
CVE-2020-27969,0.00138,0.49286
CVE-2020-2797,0.00083,0.34568
CVE-2020-27970,0.00129,0.47756
CVE-2020-27974,0.00087,0.36434
CVE-2020-27975,0.00105,0.42649
CVE-2020-27976,0.02930,0.89838
CVE-2020-27977,0.00044,0.10161
CVE-2020-27978,0.00206,0.58643
CVE-2020-2798,0.19064,0.95828
CVE-2020-27980,0.00116,0.45356
CVE-2020-27982,0.00178,0.55049
CVE-2020-27985,0.00081,0.33506
CVE-2020-27986,0.19760,0.95896
CVE-2020-27988,0.03555,0.90713
CVE-2020-27989,0.03555,0.90713
CVE-2020-2799,0.00054,0.20290
CVE-2020-27990,0.03555,0.90713
CVE-2020-27991,0.03555,0.90713
CVE-2020-27992,0.00042,0.05722
CVE-2020-27993,0.05905,0.92725
CVE-2020-27994,0.00341,0.68566
CVE-2020-27995,0.17080,0.95608
CVE-2020-27996,0.00353,0.69097
CVE-2020-27997,0.00109,0.43900
CVE-2020-27998,0.00511,0.74190
CVE-2020-2800,0.00093,0.39156
CVE-2020-28001,0.00164,0.53081
CVE-2020-28002,0.00102,0.41475
CVE-2020-28005,0.00127,0.47228
CVE-2020-28007,0.00044,0.10161
CVE-2020-28008,0.00044,0.10161
CVE-2020-28009,0.00045,0.11968
CVE-2020-2801,0.04636,0.91795
CVE-2020-28010,0.00044,0.10161
CVE-2020-28011,0.00044,0.10161
CVE-2020-28012,0.00044,0.10161
CVE-2020-28013,0.00044,0.10161
CVE-2020-28014,0.00044,0.10161
CVE-2020-28015,0.00042,0.05722
CVE-2020-28016,0.00044,0.10161
CVE-2020-28017,0.00250,0.62982
CVE-2020-28018,0.03345,0.90457
CVE-2020-28019,0.06183,0.92892
CVE-2020-2802,0.00059,0.23219
CVE-2020-28020,0.02185,0.88303
CVE-2020-28021,0.00245,0.62631
CVE-2020-28022,0.00222,0.60556
CVE-2020-28023,0.00168,0.53801
CVE-2020-28024,0.00512,0.74209
CVE-2020-28025,0.00168,0.53801
CVE-2020-28026,0.00928,0.81314
CVE-2020-2803,0.00139,0.49429
CVE-2020-28030,0.00820,0.80051
CVE-2020-28031,0.00054,0.20290
CVE-2020-28032,0.00712,0.78470
CVE-2020-28033,0.00293,0.66006
CVE-2020-28034,0.02580,0.89208
CVE-2020-28035,0.00288,0.65672
CVE-2020-28036,0.00731,0.78793
CVE-2020-28037,0.02421,0.88899
CVE-2020-28038,0.02498,0.89054
CVE-2020-28039,0.00326,0.67863
CVE-2020-2804,0.00455,0.72660
CVE-2020-28040,0.00470,0.73056
CVE-2020-28041,0.06770,0.93214
CVE-2020-28042,0.00223,0.60640
CVE-2020-28043,0.00168,0.53801
CVE-2020-28044,0.00070,0.29068
CVE-2020-28045,0.00048,0.14460
CVE-2020-28046,0.00042,0.05722
CVE-2020-28047,0.00072,0.29718
CVE-2020-28049,0.00042,0.05722
CVE-2020-2805,0.00139,0.49429
CVE-2020-28050,0.00486,0.73534
CVE-2020-28052,0.00553,0.75209
CVE-2020-28053,0.00104,0.41983
CVE-2020-28054,0.00223,0.60688
CVE-2020-28055,0.00125,0.47025
CVE-2020-2806,0.00091,0.38104
CVE-2020-28062,0.00092,0.38874
CVE-2020-28063,0.00334,0.68291
CVE-2020-2807,0.00192,0.56973
CVE-2020-28070,0.00434,0.72041
CVE-2020-28071,0.00048,0.14582
CVE-2020-28072,0.00968,0.81734
CVE-2020-28073,0.00444,0.72340
CVE-2020-28074,0.00216,0.59609
CVE-2020-2808,0.00192,0.56973
CVE-2020-28086,0.00084,0.34791
CVE-2020-28087,0.00180,0.55264
CVE-2020-28088,0.00250,0.63021
CVE-2020-2809,0.00192,0.56973
CVE-2020-28091,0.00706,0.78350
CVE-2020-28092,0.00122,0.46399
CVE-2020-28093,0.00102,0.41403
CVE-2020-28094,0.00307,0.66811
CVE-2020-28095,0.00140,0.49601
CVE-2020-28096,0.00090,0.38011
CVE-2020-28097,0.00090,0.37760
CVE-2020-2810,0.00083,0.34568
CVE-2020-28102,0.00172,0.54442
CVE-2020-28103,0.00172,0.54442
CVE-2020-2811,0.00106,0.42994
CVE-2020-28115,0.00087,0.36089
CVE-2020-28119,0.00095,0.39559
CVE-2020-2812,0.00175,0.54760
CVE-2020-28124,0.00058,0.22585
CVE-2020-28129,0.00148,0.50841
CVE-2020-2813,0.00192,0.56973
CVE-2020-28130,0.06691,0.93171
CVE-2020-28133,0.00220,0.60005
CVE-2020-28136,0.00800,0.79822
CVE-2020-28137,0.00082,0.33947
CVE-2020-28138,0.00367,0.69727
CVE-2020-28139,0.00220,0.60007
CVE-2020-2814,0.00214,0.59467
CVE-2020-28140,0.04719,0.91871
CVE-2020-28141,0.00091,0.38085
CVE-2020-28144,0.00603,0.76287
CVE-2020-28145,0.00148,0.50831
CVE-2020-28146,0.00678,0.77881
CVE-2020-28149,0.00200,0.57943
CVE-2020-2815,0.00192,0.56973
CVE-2020-28150,0.00105,0.42625
CVE-2020-2816,0.00158,0.52310
CVE-2020-28163,0.00052,0.17532
CVE-2020-28165,0.00201,0.58090
CVE-2020-28168,0.00227,0.60964
CVE-2020-28169,0.00239,0.62037
CVE-2020-2817,0.00192,0.56973
CVE-2020-28172,0.00401,0.70983
CVE-2020-28173,0.02174,0.88272
CVE-2020-28175,0.00042,0.05722
CVE-2020-2818,0.00192,0.56973
CVE-2020-28183,0.07420,0.93474
CVE-2020-28184,0.00117,0.45573
CVE-2020-28185,0.00465,0.72901
CVE-2020-28186,0.00297,0.66245
CVE-2020-28187,0.01018,0.82193
CVE-2020-28188,0.97279,0.99837
CVE-2020-2819,0.00192,0.56973
CVE-2020-28190,0.00099,0.40736
CVE-2020-28191,0.00096,0.39846
CVE-2020-28194,0.00345,0.68734
CVE-2020-28196,0.00520,0.74410
CVE-2020-28198,0.00042,0.05722
CVE-2020-28199,0.00221,0.60332
CVE-2020-2820,0.00192,0.56973
CVE-2020-28200,0.00227,0.60984
CVE-2020-28203,0.00055,0.20389
CVE-2020-28206,0.00266,0.64301
CVE-2020-28208,0.01197,0.83729
CVE-2020-28209,0.00047,0.13886
CVE-2020-2821,0.00192,0.56973
CVE-2020-28210,0.00078,0.32606
CVE-2020-28211,0.00047,0.13886
CVE-2020-28212,0.00360,0.69437
CVE-2020-28213,0.00104,0.41989
CVE-2020-28214,0.00046,0.13838
CVE-2020-28215,0.00356,0.69238
CVE-2020-28216,0.00113,0.44617
CVE-2020-28217,0.00108,0.43467
CVE-2020-28218,0.00083,0.34414
CVE-2020-28219,0.00047,0.13886
CVE-2020-2822,0.00192,0.56973
CVE-2020-28220,0.00047,0.13886
CVE-2020-28221,0.00408,0.71216
CVE-2020-2823,0.00192,0.56973
CVE-2020-2824,0.00192,0.56973
CVE-2020-28241,0.00394,0.70782
CVE-2020-28242,0.00218,0.59839
CVE-2020-28243,0.00042,0.05722
CVE-2020-28246,0.00525,0.74528
CVE-2020-28247,0.00076,0.31169
CVE-2020-28248,0.00451,0.72555
CVE-2020-28249,0.00084,0.34817
CVE-2020-2825,0.00192,0.56973
CVE-2020-28250,0.00949,0.81527
CVE-2020-28251,0.00244,0.62506
CVE-2020-2826,0.00192,0.56973
CVE-2020-28267,0.00569,0.75529
CVE-2020-28268,0.00431,0.71925
CVE-2020-28269,0.00957,0.81624
CVE-2020-2827,0.00192,0.56973
CVE-2020-28270,0.00957,0.81624
CVE-2020-28271,0.00957,0.81624
CVE-2020-28272,0.01440,0.85277
CVE-2020-28273,0.06666,0.93161
CVE-2020-28274,0.00650,0.77251
CVE-2020-28276,0.00934,0.81378
CVE-2020-28277,0.00934,0.81378
CVE-2020-28278,0.00754,0.79128
CVE-2020-28279,0.00723,0.78653
CVE-2020-2828,0.02559,0.89167
CVE-2020-28280,0.00754,0.79128
CVE-2020-28281,0.00754,0.79128
CVE-2020-28282,0.00664,0.77583
CVE-2020-28283,0.00603,0.76287
CVE-2020-2829,0.10854,0.94610
CVE-2020-2830,0.00322,0.67676
CVE-2020-2831,0.00192,0.56973
CVE-2020-2832,0.00192,0.56973
CVE-2020-28327,0.00114,0.44902
CVE-2020-28328,0.08972,0.94044
CVE-2020-28329,0.00761,0.79246
CVE-2020-2833,0.00192,0.56973
CVE-2020-28330,0.00074,0.30761
CVE-2020-28331,0.00082,0.33973
CVE-2020-28332,0.01542,0.85804
CVE-2020-28333,0.00422,0.71682
CVE-2020-28334,0.02912,0.89816
CVE-2020-28337,0.03587,0.90755
CVE-2020-28339,0.00096,0.39810
CVE-2020-2834,0.00192,0.56973
CVE-2020-28340,0.00147,0.50675
CVE-2020-28341,0.00044,0.10161
CVE-2020-28342,0.00048,0.14791
CVE-2020-28343,0.00044,0.10161
CVE-2020-28344,0.00082,0.34051
CVE-2020-28345,0.00082,0.34051
CVE-2020-28346,0.00105,0.42589
CVE-2020-28347,0.04047,0.91258
CVE-2020-28348,0.00071,0.29249
CVE-2020-28349,0.00128,0.47475
CVE-2020-2835,0.00192,0.56973
CVE-2020-28350,0.00122,0.46413
CVE-2020-28351,0.00360,0.69398
CVE-2020-2836,0.00192,0.56973
CVE-2020-28360,0.00959,0.81639
CVE-2020-28361,0.00062,0.24307
CVE-2020-28362,0.00442,0.72292
CVE-2020-28364,0.00078,0.32606
CVE-2020-28365,0.00066,0.27550
CVE-2020-28366,0.00857,0.80507
CVE-2020-28367,0.01557,0.85876
CVE-2020-28368,0.00049,0.14843
CVE-2020-28369,0.00043,0.06775
CVE-2020-2837,0.00192,0.56973
CVE-2020-28371,0.00217,0.59738
CVE-2020-28373,0.00097,0.40112
CVE-2020-28374,0.00323,0.67724
CVE-2020-2838,0.00205,0.58570
CVE-2020-28381,0.00108,0.43415
CVE-2020-28382,0.00107,0.43237
CVE-2020-28383,0.00239,0.62064
CVE-2020-28384,0.00410,0.71271
CVE-2020-28385,0.00111,0.44254
CVE-2020-28386,0.00107,0.43237
CVE-2020-28387,0.00385,0.70412
CVE-2020-28388,0.00152,0.51387
CVE-2020-2839,0.00192,0.56973
CVE-2020-28390,0.00042,0.05722
CVE-2020-28391,0.00099,0.40572
CVE-2020-28392,0.00044,0.10161
CVE-2020-28393,0.00230,0.61281
CVE-2020-28394,0.00045,0.12491
CVE-2020-28395,0.00072,0.29607
CVE-2020-28396,0.00057,0.21513
CVE-2020-28397,0.00072,0.29847
CVE-2020-2840,0.00192,0.56973
CVE-2020-28400,0.00103,0.41748
CVE-2020-28401,0.00065,0.26756
CVE-2020-28402,0.00104,0.42231
CVE-2020-28403,0.00071,0.29353
CVE-2020-28404,0.00065,0.26756
CVE-2020-28405,0.00104,0.42231
CVE-2020-28406,0.00065,0.26756
CVE-2020-28407,0.00042,0.05722
CVE-2020-28408,0.00058,0.22585
CVE-2020-28409,0.00058,0.22585
CVE-2020-2841,0.00192,0.56973
CVE-2020-28413,0.00098,0.40386
CVE-2020-28414,0.00162,0.52928
CVE-2020-28415,0.00162,0.52928
CVE-2020-28416,0.00042,0.05722
CVE-2020-28419,0.00227,0.60994
CVE-2020-2842,0.00192,0.56973
CVE-2020-28421,0.00042,0.05722
CVE-2020-28422,0.00043,0.06775
CVE-2020-28423,0.00224,0.60715
CVE-2020-28424,0.00294,0.66110
CVE-2020-28425,0.00224,0.60715
CVE-2020-28426,0.00136,0.48915
CVE-2020-28429,0.02088,0.87973
CVE-2020-2843,0.00192,0.56973
CVE-2020-28433,0.00224,0.60715
CVE-2020-28434,0.00224,0.60715
CVE-2020-28435,0.00224,0.60715
CVE-2020-28436,0.00205,0.58465
CVE-2020-28437,0.00224,0.60715
CVE-2020-28438,0.00224,0.60715
CVE-2020-28439,0.00246,0.62637
CVE-2020-2844,0.00192,0.56973
CVE-2020-28440,0.00360,0.69407
CVE-2020-28441,0.00172,0.54307
CVE-2020-28442,0.00394,0.70771
CVE-2020-28443,0.00224,0.60715
CVE-2020-28445,0.00208,0.58811
CVE-2020-28446,0.00149,0.50909
CVE-2020-28447,0.00224,0.60715
CVE-2020-28448,0.00505,0.74027
CVE-2020-28449,0.00197,0.57660
CVE-2020-2845,0.00192,0.56973
CVE-2020-28450,0.00197,0.57660
CVE-2020-28451,0.00172,0.54307
CVE-2020-28452,0.00129,0.47673
CVE-2020-28453,0.00224,0.60715
CVE-2020-28455,0.00091,0.38465
CVE-2020-28456,0.00120,0.46195
CVE-2020-28457,0.00085,0.35233
CVE-2020-28458,0.00230,0.61252
CVE-2020-28459,0.00091,0.38465
CVE-2020-2846,0.00192,0.56973
CVE-2020-28460,0.00361,0.69462
CVE-2020-28461,0.00172,0.54307
CVE-2020-28462,0.00252,0.63173
CVE-2020-28463,0.00159,0.52441
CVE-2020-28464,0.00365,0.69614
CVE-2020-28466,0.01324,0.84616
CVE-2020-28468,0.02673,0.89412
CVE-2020-28469,0.01244,0.84091
CVE-2020-2847,0.00192,0.56973
CVE-2020-28470,0.00084,0.35108
CVE-2020-28471,0.00154,0.51732
CVE-2020-28472,0.01390,0.85013
CVE-2020-28473,0.00438,0.72164
CVE-2020-28477,0.00171,0.54240
CVE-2020-28478,0.00113,0.44717
CVE-2020-28479,0.00188,0.56433
CVE-2020-2848,0.00192,0.56973
CVE-2020-28480,0.00291,0.65884
CVE-2020-28481,0.00162,0.52925
CVE-2020-28482,0.00212,0.59196
CVE-2020-28483,0.00209,0.58832
CVE-2020-28487,0.00159,0.52369
CVE-2020-2849,0.00192,0.56973
CVE-2020-28490,0.00241,0.62165
CVE-2020-28491,0.00110,0.43955
CVE-2020-28493,0.00196,0.57571
CVE-2020-28494,0.00382,0.70290
CVE-2020-28495,0.00438,0.72186
CVE-2020-28496,0.00316,0.67363
CVE-2020-28498,0.00116,0.45359
CVE-2020-28499,0.00357,0.69302
CVE-2020-2850,0.00192,0.56973
CVE-2020-28500,0.00231,0.61304
CVE-2020-28501,0.00117,0.45503
CVE-2020-28502,0.03027,0.89980
CVE-2020-28503,0.00437,0.72150
CVE-2020-2851,0.00091,0.38631
CVE-2020-2852,0.00192,0.56973
CVE-2020-2853,0.00206,0.58583
CVE-2020-2854,0.00192,0.56973
CVE-2020-2855,0.00192,0.56973
CVE-2020-2856,0.00192,0.56973
CVE-2020-2857,0.00192,0.56973
CVE-2020-28572,0.00044,0.10161
CVE-2020-28573,0.00427,0.71806
CVE-2020-28574,0.00335,0.68343
CVE-2020-28575,0.00050,0.16489
CVE-2020-28576,0.00427,0.71806
CVE-2020-28577,0.00427,0.71806
CVE-2020-28578,0.02658,0.89377
CVE-2020-28579,0.01157,0.83403
CVE-2020-2858,0.00192,0.56973
CVE-2020-28580,0.11531,0.94767
CVE-2020-28581,0.11531,0.94767
CVE-2020-28582,0.00427,0.71806
CVE-2020-28583,0.00427,0.71806
CVE-2020-28587,0.00093,0.39134
CVE-2020-28588,0.00048,0.14460
CVE-2020-28589,0.00271,0.64589
CVE-2020-2859,0.00093,0.39046
CVE-2020-28590,0.00215,0.59535
CVE-2020-28591,0.00130,0.47889
CVE-2020-28592,0.00615,0.76541
CVE-2020-28593,0.00564,0.75450
CVE-2020-28594,0.00085,0.35300
CVE-2020-28595,0.00091,0.38576
CVE-2020-28596,0.00085,0.35396
CVE-2020-28597,0.00079,0.33159
CVE-2020-28598,0.00085,0.35300
CVE-2020-28599,0.00208,0.58762
CVE-2020-2860,0.00192,0.56973
CVE-2020-28600,0.00083,0.34304
CVE-2020-28601,0.00350,0.69003
CVE-2020-28602,0.00298,0.66324
CVE-2020-28603,0.00298,0.66324
CVE-2020-28604,0.00298,0.66324
CVE-2020-28605,0.00298,0.66324
CVE-2020-28606,0.00298,0.66324
CVE-2020-28607,0.00298,0.66324
CVE-2020-28608,0.00298,0.66324
CVE-2020-28609,0.00264,0.64083
CVE-2020-2861,0.00192,0.56973
CVE-2020-28610,0.00298,0.66324
CVE-2020-28611,0.00298,0.66324
CVE-2020-28612,0.00298,0.66324
CVE-2020-28613,0.00298,0.66324
CVE-2020-28614,0.00298,0.66324
CVE-2020-28615,0.00298,0.66324
CVE-2020-28616,0.00298,0.66324
CVE-2020-28617,0.00298,0.66324
CVE-2020-28618,0.00298,0.66324
CVE-2020-28619,0.00298,0.66324
CVE-2020-2862,0.00083,0.34568
CVE-2020-28620,0.00298,0.66324
CVE-2020-28621,0.00298,0.66324
CVE-2020-28622,0.00298,0.66324
CVE-2020-28623,0.00298,0.66324
CVE-2020-28624,0.00298,0.66324
CVE-2020-28625,0.00298,0.66324
CVE-2020-28626,0.00298,0.66324
CVE-2020-28627,0.00298,0.66324
CVE-2020-28628,0.00298,0.66324
CVE-2020-28629,0.00298,0.66324
CVE-2020-2863,0.00094,0.39404
CVE-2020-28630,0.00298,0.66324
CVE-2020-28631,0.00298,0.66324
CVE-2020-28632,0.00298,0.66324
CVE-2020-28633,0.00298,0.66324
CVE-2020-28634,0.00298,0.66324
CVE-2020-28635,0.00298,0.66324
CVE-2020-28636,0.00350,0.69003
CVE-2020-28638,0.00181,0.55397
CVE-2020-2864,0.00089,0.37649
CVE-2020-28641,0.00044,0.10161
CVE-2020-28642,0.00661,0.77534
CVE-2020-28644,0.00053,0.19032
CVE-2020-28645,0.00103,0.41969
CVE-2020-28646,0.00070,0.28841
CVE-2020-28647,0.00100,0.41001
CVE-2020-28648,0.10568,0.94526
CVE-2020-28649,0.00124,0.46833
CVE-2020-2865,0.00089,0.37649
CVE-2020-28650,0.00058,0.22585
CVE-2020-28653,0.12719,0.94985
CVE-2020-28656,0.00102,0.41380
CVE-2020-28657,0.00137,0.49074
CVE-2020-2866,0.00089,0.37649
CVE-2020-2867,0.00162,0.52874
CVE-2020-28672,0.00321,0.67643
CVE-2020-28679,0.00078,0.32655
CVE-2020-2868,0.00083,0.34568
CVE-2020-28687,0.01454,0.85355
CVE-2020-28688,0.01454,0.85355
CVE-2020-2869,0.00106,0.42994
CVE-2020-28692,0.00210,0.58990
CVE-2020-28693,0.00260,0.63868
CVE-2020-28695,0.00180,0.55319
CVE-2020-2870,0.00192,0.56973
CVE-2020-28702,0.00180,0.55264
CVE-2020-28705,0.00071,0.29411
CVE-2020-28707,0.00102,0.41292
CVE-2020-2871,0.00192,0.56973
CVE-2020-28713,0.00205,0.58532
CVE-2020-28715,0.00134,0.48641
CVE-2020-28717,0.00050,0.16906
CVE-2020-2872,0.00192,0.56973
CVE-2020-28722,0.00058,0.22585
CVE-2020-28723,0.00117,0.45503
CVE-2020-28724,0.00114,0.44789
CVE-2020-28726,0.00078,0.32606
CVE-2020-28727,0.00078,0.32234
CVE-2020-2873,0.00192,0.56973
CVE-2020-28734,0.00279,0.65105
CVE-2020-28735,0.00279,0.65105
CVE-2020-28736,0.00279,0.65105
CVE-2020-2874,0.00192,0.56973
CVE-2020-2875,0.00234,0.61526
CVE-2020-28759,0.00051,0.17451
CVE-2020-2876,0.00192,0.56973
CVE-2020-2877,0.00192,0.56973
CVE-2020-2878,0.00192,0.56973
CVE-2020-2879,0.00192,0.56973
CVE-2020-2880,0.00192,0.56973
CVE-2020-2881,0.00192,0.56973
CVE-2020-2882,0.07342,0.93449
CVE-2020-2883,0.97516,0.99985
CVE-2020-28838,0.00067,0.27698
CVE-2020-2884,0.04636,0.91795
CVE-2020-28840,0.00044,0.08115
CVE-2020-28841,0.00063,0.25775
CVE-2020-28845,0.00134,0.48484
CVE-2020-28846,0.00062,0.24284
CVE-2020-28847,0.00054,0.20290
CVE-2020-28848,0.00170,0.54081
CVE-2020-28849,0.00049,0.15110
CVE-2020-2885,0.00192,0.56973
CVE-2020-28851,0.00136,0.48941
CVE-2020-28852,0.00138,0.49355
CVE-2020-28856,0.00217,0.59735
CVE-2020-28857,0.00540,0.74924
CVE-2020-28858,0.00270,0.64541
CVE-2020-28859,0.00084,0.35108
CVE-2020-2886,0.00083,0.34568
CVE-2020-28860,0.01377,0.84957
CVE-2020-28861,0.03294,0.90391
CVE-2020-28864,0.00205,0.58474
CVE-2020-28865,0.00073,0.30380
CVE-2020-2887,0.00089,0.37649
CVE-2020-28870,0.00987,0.81919
CVE-2020-28871,0.96996,0.99688
CVE-2020-28872,0.05155,0.92233
CVE-2020-28873,0.00116,0.45451
CVE-2020-28874,0.00409,0.71260
CVE-2020-28877,0.00221,0.60229
CVE-2020-2888,0.00089,0.37649
CVE-2020-28884,0.00114,0.44954
CVE-2020-28885,0.00114,0.44954
CVE-2020-2889,0.00089,0.37649
CVE-2020-28895,0.00093,0.39082
CVE-2020-28896,0.00312,0.67104
CVE-2020-28898,0.00104,0.42285
CVE-2020-28899,0.00308,0.66915
CVE-2020-2890,0.00192,0.56973
CVE-2020-28900,0.06317,0.92959
CVE-2020-28901,0.06699,0.93176
CVE-2020-28902,0.06020,0.92789
CVE-2020-28903,0.00585,0.75900
CVE-2020-28904,0.06317,0.92959
CVE-2020-28905,0.06358,0.92985
CVE-2020-28906,0.00290,0.65868
CVE-2020-28907,0.01143,0.83287
CVE-2020-28908,0.06020,0.92789
CVE-2020-28909,0.02043,0.87830
CVE-2020-2891,0.00054,0.20290
CVE-2020-28910,0.10673,0.94560
CVE-2020-28911,0.02460,0.88987
CVE-2020-28912,0.00044,0.10161
CVE-2020-28914,0.00045,0.11966
CVE-2020-28915,0.00042,0.05722
CVE-2020-28916,0.00054,0.19151
CVE-2020-28917,0.00065,0.26756
CVE-2020-28918,0.00090,0.37972
CVE-2020-28919,0.00086,0.35637
CVE-2020-2892,0.00102,0.41353
CVE-2020-28921,0.00083,0.34246
CVE-2020-28922,0.00083,0.34246
CVE-2020-28923,0.00054,0.20290
CVE-2020-28924,0.00143,0.50035
CVE-2020-28925,0.00071,0.29313
CVE-2020-28926,0.07092,0.93358
CVE-2020-28927,0.00096,0.40015
CVE-2020-28928,0.00055,0.20313
CVE-2020-28929,0.00647,0.77168
CVE-2020-2893,0.00102,0.41353
CVE-2020-28930,0.00082,0.34108
CVE-2020-28931,0.00165,0.53225
CVE-2020-28935,0.00045,0.11966
CVE-2020-28937,0.00286,0.65598
CVE-2020-28938,0.00058,0.22585
CVE-2020-28939,0.00102,0.41489
CVE-2020-2894,0.00043,0.07608
CVE-2020-28940,0.00484,0.73449
CVE-2020-28941,0.00042,0.05722
CVE-2020-28942,0.00054,0.20290
CVE-2020-28943,0.00081,0.33764
CVE-2020-28944,0.00112,0.44478
CVE-2020-28945,0.00176,0.54794
CVE-2020-28946,0.00322,0.67665
CVE-2020-28947,0.00078,0.32606
CVE-2020-28948,0.06778,0.93217
CVE-2020-28949,0.96621,0.99552
CVE-2020-2895,0.00102,0.41353
CVE-2020-28950,0.00063,0.25378
CVE-2020-28951,0.00254,0.63294
CVE-2020-28952,0.00136,0.48885
CVE-2020-28953,0.00050,0.16378
CVE-2020-28954,0.00113,0.44716
CVE-2020-28955,0.00058,0.22585
CVE-2020-28956,0.00058,0.22585
CVE-2020-28957,0.00058,0.22585
CVE-2020-2896,0.00102,0.41353
CVE-2020-28960,0.00171,0.54202
CVE-2020-28961,0.00058,0.22585
CVE-2020-28963,0.00048,0.14460
CVE-2020-28964,0.00048,0.14460
CVE-2020-28967,0.00097,0.40074
CVE-2020-28968,0.00058,0.22585
CVE-2020-28969,0.00140,0.49693
CVE-2020-2897,0.00102,0.41353
CVE-2020-28970,0.00484,0.73449
CVE-2020-28971,0.00484,0.73449
CVE-2020-28972,0.00963,0.81675
CVE-2020-28973,0.00165,0.53213
CVE-2020-28974,0.00042,0.05722
CVE-2020-28975,0.00210,0.59018
CVE-2020-28976,0.00616,0.76587
CVE-2020-28977,0.00635,0.76935
CVE-2020-28978,0.00635,0.76935
CVE-2020-2898,0.00102,0.41353
CVE-2020-28984,0.00163,0.52962
CVE-2020-2899,0.00054,0.20290
CVE-2020-28991,0.00235,0.61731
CVE-2020-28993,0.02404,0.88857
CVE-2020-28994,0.00263,0.64043
CVE-2020-28998,0.00948,0.81516
CVE-2020-28999,0.00497,0.73798
CVE-2020-2900,0.00054,0.20290
CVE-2020-29000,0.00381,0.70261
CVE-2020-29001,0.00478,0.73309
CVE-2020-29002,0.00058,0.22585
CVE-2020-29003,0.00058,0.22585
CVE-2020-29004,0.00121,0.46217
CVE-2020-29005,0.00164,0.53090
CVE-2020-29006,0.00235,0.61731
CVE-2020-29007,0.02303,0.88617
CVE-2020-2901,0.00102,0.41353
CVE-2020-29011,0.00087,0.36089
CVE-2020-29012,0.00072,0.29847
CVE-2020-29013,0.00068,0.27939
CVE-2020-29014,0.00080,0.33456
CVE-2020-29015,0.00131,0.48053
CVE-2020-29016,0.00614,0.76536
CVE-2020-29017,0.00240,0.62122
CVE-2020-29018,0.00280,0.65141
CVE-2020-29019,0.00240,0.62134
CVE-2020-2902,0.00043,0.07608
CVE-2020-29020,0.00559,0.75311
CVE-2020-29021,0.00054,0.20290
CVE-2020-29022,0.00084,0.34791
CVE-2020-29023,0.00054,0.20290
CVE-2020-29024,0.00084,0.34791
CVE-2020-29025,0.00078,0.32606
CVE-2020-29026,0.00093,0.39033
CVE-2020-29027,0.00054,0.20290
CVE-2020-29028,0.00078,0.32606
CVE-2020-29029,0.00078,0.32606
CVE-2020-2903,0.00102,0.41353
CVE-2020-29030,0.00073,0.30112
CVE-2020-29031,0.00065,0.26756
CVE-2020-29032,0.00104,0.42231
CVE-2020-2904,0.00102,0.41353
CVE-2020-29040,0.00044,0.10161
CVE-2020-29041,0.00120,0.46077
CVE-2020-29042,0.00135,0.48880
CVE-2020-29043,0.00135,0.48880
CVE-2020-29045,0.00898,0.80977
CVE-2020-29047,0.00720,0.78618
CVE-2020-2905,0.00045,0.12178
CVE-2020-29050,0.00175,0.54749
CVE-2020-29053,0.00096,0.40015
CVE-2020-29054,0.00488,0.73598
CVE-2020-29055,0.00143,0.50028
CVE-2020-29056,0.00732,0.78806
CVE-2020-29057,0.00247,0.62766
CVE-2020-29058,0.00488,0.73598
CVE-2020-29059,0.00576,0.75691
CVE-2020-2906,0.00089,0.37370
CVE-2020-29060,0.00576,0.75691
CVE-2020-29061,0.00576,0.75691
CVE-2020-29062,0.00576,0.75691
CVE-2020-29063,0.00180,0.55333
CVE-2020-29069,0.00044,0.10445
CVE-2020-2907,0.00045,0.12520
CVE-2020-29070,0.00062,0.24442
CVE-2020-29071,0.00090,0.37773
CVE-2020-29072,0.00112,0.44327
CVE-2020-29074,0.01289,0.84410
CVE-2020-29075,0.01419,0.85158
CVE-2020-2908,0.00043,0.07608
CVE-2020-2909,0.00096,0.40054
CVE-2020-2910,0.00096,0.40054
CVE-2020-2911,0.00043,0.07608
CVE-2020-2912,0.00054,0.20290
CVE-2020-29127,0.33943,0.96694
CVE-2020-29128,0.00686,0.78023
CVE-2020-29129,0.00346,0.68798
CVE-2020-2913,0.00045,0.12178
CVE-2020-29130,0.00370,0.69840
CVE-2020-29133,0.00078,0.32606
CVE-2020-29134,0.06403,0.93011
CVE-2020-29135,0.00054,0.20290
CVE-2020-29136,0.00107,0.43206
CVE-2020-29137,0.00078,0.32606
CVE-2020-29138,0.00162,0.52826
CVE-2020-29139,0.00154,0.51742
CVE-2020-2914,0.00045,0.12178
CVE-2020-29140,0.00210,0.58995
CVE-2020-29142,0.00210,0.58995
CVE-2020-29143,0.00154,0.51742
CVE-2020-29144,0.00058,0.22585
CVE-2020-29145,0.00058,0.22585
CVE-2020-29146,0.00078,0.32739
CVE-2020-29147,0.00180,0.55264
CVE-2020-2915,0.00406,0.71175
CVE-2020-29156,0.00169,0.53862
CVE-2020-29157,0.00074,0.30513
CVE-2020-29158,0.00054,0.20290
CVE-2020-29159,0.00065,0.26756
CVE-2020-29160,0.00076,0.31187
CVE-2020-29163,0.00086,0.35633
CVE-2020-29164,0.00205,0.58517
CVE-2020-29165,0.00647,0.77185
CVE-2020-29166,0.01106,0.82989
CVE-2020-29168,0.00074,0.30467
CVE-2020-29171,0.00078,0.32234
CVE-2020-29172,0.00084,0.35108
CVE-2020-29176,0.00058,0.21555
CVE-2020-29177,0.00091,0.38389
CVE-2020-29189,0.00259,0.63776
CVE-2020-29193,0.00077,0.32045
CVE-2020-29194,0.00134,0.48563
CVE-2020-2920,0.00083,0.34568
CVE-2020-29203,0.00344,0.68718
CVE-2020-29204,0.00082,0.34002
CVE-2020-29205,0.00473,0.73144
CVE-2020-2921,0.00107,0.43151
CVE-2020-29214,0.00285,0.65512
CVE-2020-29215,0.00089,0.37384
CVE-2020-2922,0.00198,0.57749
CVE-2020-29227,0.01122,0.83127
CVE-2020-29228,0.00105,0.42463
CVE-2020-2923,0.00102,0.41353
CVE-2020-29230,0.00112,0.44327
CVE-2020-29231,0.00058,0.22585
CVE-2020-29233,0.00091,0.38085
CVE-2020-29238,0.04943,0.92064
CVE-2020-29239,0.00104,0.42303
CVE-2020-2924,0.00102,0.41353
CVE-2020-29240,0.00116,0.45356
CVE-2020-29241,0.00066,0.27429
CVE-2020-29242,0.00096,0.39969
CVE-2020-29243,0.00096,0.39969
CVE-2020-29244,0.00096,0.39969
CVE-2020-29245,0.00096,0.39969
CVE-2020-29247,0.00169,0.53915
CVE-2020-29249,0.00087,0.36434
CVE-2020-2925,0.00102,0.41353
CVE-2020-29250,0.00087,0.36434
CVE-2020-29254,0.00299,0.66404
CVE-2020-29257,0.00087,0.36434
CVE-2020-29258,0.00087,0.36434
CVE-2020-29259,0.00058,0.22585
CVE-2020-2926,0.00147,0.50638
CVE-2020-29260,0.00060,0.23717
CVE-2020-2927,0.00045,0.12178
CVE-2020-29279,0.01827,0.86975
CVE-2020-2928,0.00147,0.50638
CVE-2020-29280,0.01993,0.87644
CVE-2020-29282,0.01091,0.82871
CVE-2020-29283,0.00195,0.57493
CVE-2020-29284,0.09207,0.94120
CVE-2020-29285,0.00195,0.57493
CVE-2020-29287,0.04009,0.91213
CVE-2020-29288,0.04009,0.91213
CVE-2020-2929,0.00043,0.07608
CVE-2020-29292,0.00053,0.19044
CVE-2020-29297,0.00125,0.46950
CVE-2020-29299,0.00122,0.46503
CVE-2020-2930,0.00102,0.41353
CVE-2020-29303,0.00787,0.79609
CVE-2020-29304,0.00248,0.62837
CVE-2020-2931,0.00406,0.71175
CVE-2020-29311,0.01689,0.86432
CVE-2020-29312,0.00401,0.71008
CVE-2020-29315,0.00072,0.29718
CVE-2020-2932,0.00093,0.39046
CVE-2020-29321,0.00373,0.69961
CVE-2020-29322,0.00373,0.69961
CVE-2020-29323,0.00373,0.69961
CVE-2020-29324,0.00317,0.67409
CVE-2020-2933,0.00176,0.54807
CVE-2020-2934,0.00517,0.74328
CVE-2020-2935,0.00054,0.20290
CVE-2020-2936,0.00054,0.20290
CVE-2020-29361,0.00562,0.75369
CVE-2020-29362,0.00111,0.44125
CVE-2020-29363,0.00240,0.62102
CVE-2020-29364,0.00058,0.22585
CVE-2020-29367,0.00086,0.35857
CVE-2020-29368,0.00080,0.33260
CVE-2020-29369,0.00074,0.30704
CVE-2020-2937,0.00054,0.20290
CVE-2020-29370,0.00080,0.33260
CVE-2020-29371,0.00062,0.24615
CVE-2020-29372,0.00067,0.27821
CVE-2020-29373,0.00054,0.19253
CVE-2020-29374,0.00056,0.20980
CVE-2020-29375,0.00104,0.42231
CVE-2020-29376,0.00479,0.73323
CVE-2020-29377,0.02403,0.88855
CVE-2020-29378,0.00104,0.42231
CVE-2020-29379,0.00044,0.10445
CVE-2020-2938,0.00054,0.20290
CVE-2020-29380,0.00128,0.47518
CVE-2020-29381,0.00248,0.62826
CVE-2020-29382,0.00057,0.21265
CVE-2020-29383,0.00044,0.10161
CVE-2020-29384,0.00121,0.46314
CVE-2020-29385,0.00184,0.55712
CVE-2020-29389,0.00222,0.60556
CVE-2020-2939,0.00054,0.20290
CVE-2020-29390,0.95742,0.99308
CVE-2020-29392,0.00090,0.38011
CVE-2020-29394,0.00178,0.55120
CVE-2020-29395,0.05489,0.92489
CVE-2020-29396,0.00475,0.73188
CVE-2020-2940,0.00054,0.20290
CVE-2020-2941,0.00054,0.20290
CVE-2020-2942,0.00054,0.20290
CVE-2020-2943,0.00054,0.20290
CVE-2020-29436,0.00065,0.26756
CVE-2020-29437,0.00190,0.56647
CVE-2020-29438,0.00090,0.38011
CVE-2020-29439,0.00090,0.38011
CVE-2020-2944,0.00101,0.41069
CVE-2020-29440,0.00058,0.21949
CVE-2020-29441,0.00086,0.35806
CVE-2020-29443,0.00047,0.14042
CVE-2020-29444,0.00054,0.20290
CVE-2020-29445,0.00054,0.20290
CVE-2020-29446,0.00231,0.61330
CVE-2020-29447,0.00109,0.43898
CVE-2020-29448,0.00184,0.55798
CVE-2020-2945,0.00054,0.20290
CVE-2020-29450,0.00119,0.45862
CVE-2020-29451,0.00082,0.34183
CVE-2020-29453,0.01696,0.86456
CVE-2020-29454,0.00054,0.20290
CVE-2020-29455,0.00125,0.46873
CVE-2020-29456,0.00105,0.42457
CVE-2020-29457,0.00047,0.13943
CVE-2020-29458,0.00106,0.42833
CVE-2020-2946,0.00080,0.33307
CVE-2020-29469,0.00091,0.38085
CVE-2020-2947,0.00054,0.20290
CVE-2020-29470,0.00091,0.38085
CVE-2020-29471,0.00091,0.38085
CVE-2020-29472,0.04674,0.91835
CVE-2020-29474,0.04674,0.91835
CVE-2020-29475,0.00091,0.38085
CVE-2020-29477,0.00091,0.38085
CVE-2020-29478,0.00226,0.60947
CVE-2020-29479,0.00045,0.11966
CVE-2020-29480,0.00043,0.07731
CVE-2020-29481,0.00045,0.11966
CVE-2020-29482,0.00042,0.05722
CVE-2020-29483,0.00042,0.05722
CVE-2020-29484,0.00042,0.05722
CVE-2020-29485,0.00042,0.05722
CVE-2020-29486,0.00045,0.11966
CVE-2020-29487,0.00093,0.39100
CVE-2020-29489,0.00042,0.05722
CVE-2020-2949,0.00089,0.37649
CVE-2020-29490,0.00142,0.49886
CVE-2020-29491,0.00339,0.68503
CVE-2020-29492,0.00369,0.69818
CVE-2020-29493,0.00131,0.48062
CVE-2020-29494,0.00141,0.49740
CVE-2020-29495,0.00350,0.68981
CVE-2020-29496,0.00066,0.27429
CVE-2020-29497,0.00066,0.27429
CVE-2020-29498,0.00123,0.46665
CVE-2020-29499,0.00044,0.10504
CVE-2020-2950,0.86121,0.98339
CVE-2020-29500,0.00044,0.10161
CVE-2020-29501,0.00044,0.10161
CVE-2020-29502,0.00044,0.10161
CVE-2020-29503,0.00044,0.10161
CVE-2020-29505,0.00178,0.55104
CVE-2020-29506,0.00170,0.54104
CVE-2020-29507,0.00170,0.54104
CVE-2020-29508,0.00170,0.54104
CVE-2020-29509,0.00105,0.42589
CVE-2020-2951,0.00091,0.38407
CVE-2020-29510,0.00105,0.42589
CVE-2020-29511,0.00105,0.42589
CVE-2020-2952,0.00089,0.37649
CVE-2020-29529,0.00188,0.56430
CVE-2020-2953,0.00576,0.75717
CVE-2020-29534,0.00091,0.38126
CVE-2020-29535,0.00066,0.27429
CVE-2020-29536,0.00082,0.34183
CVE-2020-29537,0.00071,0.29210
CVE-2020-29538,0.00135,0.48751
CVE-2020-29539,0.00072,0.29718
CVE-2020-2954,0.00083,0.34568
CVE-2020-29540,0.00129,0.47660
CVE-2020-29547,0.00088,0.36848
CVE-2020-29548,0.00196,0.57581
CVE-2020-2955,0.00053,0.18590
CVE-2020-29550,0.03094,0.90087
CVE-2020-29551,0.04933,0.92061
CVE-2020-29552,0.30025,0.96529
CVE-2020-29553,0.00105,0.42649
CVE-2020-29555,0.00081,0.33880
CVE-2020-29556,0.00062,0.24548
CVE-2020-29557,0.05436,0.92446
CVE-2020-2956,0.06905,0.93278
CVE-2020-29561,0.00055,0.20370
CVE-2020-29562,0.00249,0.62892
CVE-2020-29563,0.00317,0.67400
CVE-2020-29564,0.00661,0.77534
CVE-2020-29565,0.00636,0.76967
CVE-2020-29566,0.00050,0.15960
CVE-2020-29567,0.00080,0.33328
CVE-2020-29568,0.00045,0.11966
CVE-2020-29569,0.00045,0.11966
CVE-2020-29570,0.00135,0.48787
CVE-2020-29571,0.00094,0.39342
CVE-2020-29572,0.00078,0.32606
CVE-2020-29573,0.00166,0.53275
CVE-2020-29574,0.00152,0.51379
CVE-2020-29575,0.00661,0.77534
CVE-2020-29576,0.00661,0.77534
CVE-2020-29577,0.00661,0.77534
CVE-2020-29578,0.00661,0.77534
CVE-2020-29579,0.00661,0.77534
CVE-2020-2958,0.00045,0.12178
CVE-2020-29580,0.00661,0.77534
CVE-2020-29581,0.00661,0.77534
CVE-2020-29582,0.00129,0.47613
CVE-2020-29583,0.96219,0.99414
CVE-2020-29587,0.00058,0.22585
CVE-2020-2959,0.00202,0.58144
CVE-2020-29591,0.00750,0.79045
CVE-2020-29592,0.00375,0.70013
CVE-2020-29593,0.00053,0.18833
CVE-2020-29594,0.00235,0.61731
CVE-2020-29595,0.00488,0.73598
CVE-2020-29596,0.10249,0.94448
CVE-2020-29597,0.83237,0.98198
CVE-2020-29599,0.00141,0.49833
CVE-2020-29600,0.00229,0.61132
CVE-2020-29601,0.00661,0.77534
CVE-2020-29602,0.00661,0.77534
CVE-2020-29603,0.00058,0.22585
CVE-2020-29604,0.00074,0.30761
CVE-2020-29605,0.00058,0.22585
CVE-2020-29607,0.03782,0.90994
CVE-2020-29608,0.00110,0.43919
CVE-2020-2961,0.00576,0.75717
CVE-2020-29610,0.00077,0.31692
CVE-2020-29611,0.00114,0.44916
CVE-2020-29612,0.00108,0.43459
CVE-2020-29613,0.00050,0.16815
CVE-2020-29614,0.00091,0.38448
CVE-2020-29615,0.00076,0.31199
CVE-2020-29616,0.00108,0.43459
CVE-2020-29617,0.00099,0.40730
CVE-2020-29618,0.00114,0.44905
CVE-2020-29619,0.00099,0.40730
CVE-2020-29620,0.00063,0.25378
CVE-2020-29621,0.00044,0.10161
CVE-2020-29622,0.00188,0.56368
CVE-2020-29623,0.00048,0.14349
CVE-2020-29624,0.00109,0.43874
CVE-2020-29625,0.00069,0.28465
CVE-2020-29629,0.00061,0.23842
CVE-2020-2963,0.24911,0.96250
CVE-2020-29633,0.00191,0.56837
CVE-2020-29639,0.00066,0.27209
CVE-2020-2964,0.00054,0.20290
CVE-2020-29651,0.00314,0.67205
CVE-2020-29652,0.00542,0.74962
CVE-2020-29653,0.00076,0.31221
CVE-2020-29654,0.00063,0.25378
CVE-2020-29655,0.00073,0.30345
CVE-2020-29656,0.00168,0.53801
CVE-2020-29657,0.00222,0.60556
CVE-2020-29658,0.00523,0.74502
CVE-2020-29659,0.02328,0.88670
CVE-2020-2966,0.00106,0.42994
CVE-2020-29660,0.00064,0.26201
CVE-2020-29661,0.00046,0.12578
CVE-2020-29662,0.00084,0.34791
CVE-2020-29663,0.00101,0.41146
CVE-2020-29664,0.00125,0.47079
CVE-2020-29666,0.00166,0.53264
CVE-2020-29667,0.00691,0.78103
CVE-2020-29668,0.00266,0.64310
CVE-2020-29669,0.05124,0.92214
CVE-2020-2967,0.01820,0.86945
CVE-2020-2968,0.00138,0.49334
CVE-2020-2969,0.00097,0.40218
CVE-2020-2971,0.00054,0.20290
CVE-2020-2972,0.00054,0.20290
CVE-2020-2973,0.00054,0.20290
CVE-2020-2974,0.00054,0.20290
CVE-2020-2975,0.00054,0.20290
CVE-2020-2976,0.00054,0.20290
CVE-2020-2977,0.00054,0.20290
CVE-2020-2978,0.00090,0.37860
CVE-2020-2981,0.00074,0.30432
CVE-2020-2982,0.00089,0.37370
CVE-2020-2983,0.00089,0.37370
CVE-2020-2984,0.00065,0.26880
CVE-2020-3110,0.00636,0.76966
CVE-2020-3111,0.00074,0.30579
CVE-2020-3112,0.00258,0.63650
CVE-2020-3113,0.00066,0.27429
CVE-2020-3114,0.00080,0.33217
CVE-2020-3115,0.00042,0.05722
CVE-2020-3116,0.00055,0.20370
CVE-2020-3117,0.00087,0.36029
CVE-2020-3118,0.00219,0.59914
CVE-2020-3119,0.00121,0.46315
CVE-2020-3120,0.00066,0.27296
CVE-2020-3121,0.00151,0.51276
CVE-2020-3123,0.01090,0.82854
CVE-2020-3124,0.00077,0.31679
CVE-2020-3125,0.01372,0.84926
CVE-2020-3126,0.00071,0.29150
CVE-2020-3127,0.00096,0.40057
CVE-2020-3128,0.00072,0.29986
CVE-2020-3129,0.00066,0.27429
CVE-2020-3130,0.00113,0.44610
CVE-2020-3131,0.00109,0.43829
CVE-2020-3132,0.00159,0.52484
CVE-2020-3133,0.00140,0.49661
CVE-2020-3134,0.00150,0.51188
CVE-2020-3135,0.00083,0.34338
CVE-2020-3136,0.00151,0.51276
CVE-2020-3137,0.00151,0.51276
CVE-2020-3138,0.00042,0.05722
CVE-2020-3139,0.00121,0.46220
CVE-2020-3140,0.00443,0.72318
CVE-2020-3141,0.00266,0.64289
CVE-2020-3142,0.00168,0.53801
CVE-2020-3143,0.00321,0.67623
CVE-2020-3144,0.01781,0.86772
CVE-2020-3145,0.00165,0.53189
CVE-2020-3146,0.00165,0.53189
CVE-2020-3147,0.00159,0.52484
CVE-2020-3148,0.00077,0.31679
CVE-2020-3149,0.00066,0.27429
CVE-2020-3150,0.00293,0.66018
CVE-2020-3151,0.00042,0.05722
CVE-2020-3152,0.00042,0.05722
CVE-2020-3153,0.00083,0.34466
CVE-2020-3154,0.00080,0.33236
CVE-2020-3155,0.00137,0.49118
CVE-2020-3156,0.00151,0.51276
CVE-2020-3157,0.00066,0.27429
CVE-2020-3158,0.00258,0.63624
CVE-2020-3159,0.00151,0.51276
CVE-2020-3160,0.00150,0.51188
CVE-2020-3161,0.01721,0.86558
CVE-2020-3162,0.00159,0.52484
CVE-2020-3163,0.00159,0.52484
CVE-2020-3164,0.00150,0.51188
CVE-2020-3165,0.00140,0.49661
CVE-2020-3166,0.00042,0.05722
CVE-2020-3167,0.00042,0.05844
CVE-2020-3168,0.00159,0.52484
CVE-2020-3169,0.00042,0.05844
CVE-2020-3170,0.00099,0.40643
CVE-2020-3171,0.00042,0.05844
CVE-2020-3172,0.00270,0.64512
CVE-2020-3173,0.00042,0.05844
CVE-2020-3174,0.00058,0.22795
CVE-2020-3175,0.00160,0.52602
CVE-2020-3176,0.00042,0.05844
CVE-2020-3177,0.00503,0.74004
CVE-2020-3178,0.00123,0.46665
CVE-2020-3179,0.00159,0.52484
CVE-2020-3180,0.00042,0.05722
CVE-2020-3181,0.00150,0.51188
CVE-2020-3182,0.00058,0.22795
CVE-2020-3184,0.00106,0.42868
CVE-2020-3185,0.00066,0.27429
CVE-2020-3186,0.00129,0.47591
CVE-2020-3187,0.97259,0.99823
CVE-2020-3188,0.00150,0.51188
CVE-2020-3189,0.00160,0.52602
CVE-2020-3190,0.00151,0.51279
CVE-2020-3191,0.00160,0.52602
CVE-2020-3192,0.00151,0.51276
CVE-2020-3193,0.00136,0.49013
CVE-2020-3194,0.00072,0.29986
CVE-2020-3195,0.00159,0.52484
CVE-2020-3196,0.00160,0.52602
CVE-2020-3197,0.00134,0.48527
CVE-2020-3198,0.00336,0.68385
CVE-2020-3199,0.00085,0.35240
CVE-2020-3200,0.00110,0.43929
CVE-2020-3201,0.00042,0.05722
CVE-2020-3203,0.00160,0.52602
CVE-2020-3204,0.00042,0.05722
CVE-2020-3205,0.00057,0.21248
CVE-2020-3206,0.00058,0.22795
CVE-2020-3207,0.00042,0.05844
CVE-2020-3208,0.00042,0.05722
CVE-2020-3209,0.00070,0.29068
CVE-2020-3210,0.00042,0.05844
CVE-2020-3211,0.00126,0.47174
CVE-2020-3212,0.00126,0.47174
CVE-2020-3213,0.00042,0.05722
CVE-2020-3214,0.00042,0.05722
CVE-2020-3215,0.00042,0.05722
CVE-2020-3216,0.00068,0.27920
CVE-2020-3217,0.00107,0.43052
CVE-2020-3218,0.00144,0.50257
CVE-2020-3219,0.00152,0.51466
CVE-2020-3220,0.00125,0.46865
CVE-2020-3221,0.00160,0.52602
CVE-2020-3222,0.00058,0.22795
CVE-2020-3223,0.00110,0.43966
CVE-2020-3224,0.00180,0.55268
CVE-2020-3225,0.00160,0.52602
CVE-2020-3226,0.00160,0.52602
CVE-2020-3227,0.00457,0.72716
CVE-2020-3228,0.00160,0.52602
CVE-2020-3229,0.00092,0.38850
CVE-2020-3230,0.00159,0.52484
CVE-2020-3231,0.00058,0.22795
CVE-2020-3232,0.00144,0.50251
CVE-2020-3233,0.00066,0.27429
CVE-2020-3234,0.00042,0.05722
CVE-2020-3235,0.00084,0.34631
CVE-2020-3236,0.00044,0.07794
CVE-2020-3237,0.00042,0.05722
CVE-2020-3238,0.00113,0.44610
CVE-2020-3239,0.92219,0.98777
CVE-2020-3240,0.10924,0.94623
CVE-2020-3241,0.00122,0.46402
CVE-2020-3242,0.00106,0.42903
CVE-2020-3243,0.96820,0.99626
CVE-2020-3244,0.00129,0.47591
CVE-2020-3245,0.00094,0.39429
CVE-2020-3246,0.00123,0.46591
CVE-2020-3247,0.30717,0.96560
CVE-2020-3248,0.30717,0.96560
CVE-2020-3249,0.19431,0.95870
CVE-2020-3250,0.96820,0.99626
CVE-2020-3251,0.10289,0.94454
CVE-2020-3252,0.00444,0.72343
CVE-2020-3253,0.00042,0.05722
CVE-2020-3254,0.00159,0.52484
CVE-2020-3255,0.00133,0.48336
CVE-2020-3256,0.00150,0.51195
CVE-2020-3257,0.00070,0.29117
CVE-2020-3258,0.00336,0.68385
CVE-2020-3259,0.00237,0.61850
CVE-2020-3260,0.00058,0.22795
CVE-2020-3261,0.00077,0.31679
CVE-2020-3262,0.00159,0.52484
CVE-2020-3263,0.00244,0.62509
CVE-2020-3264,0.00042,0.05722
CVE-2020-3265,0.00042,0.05722
CVE-2020-3266,0.00042,0.05844
CVE-2020-3267,0.00109,0.43829
CVE-2020-3268,0.00675,0.77784
CVE-2020-3269,0.00675,0.77784
CVE-2020-3272,0.00159,0.52484
CVE-2020-3273,0.00159,0.52484
CVE-2020-3274,0.00179,0.55227
CVE-2020-3275,0.00179,0.55227
CVE-2020-3276,0.00179,0.55227
CVE-2020-3277,0.00179,0.55227
CVE-2020-3278,0.00179,0.55227
CVE-2020-3279,0.00179,0.55227
CVE-2020-3280,0.01593,0.86047
CVE-2020-3281,0.00281,0.65235
CVE-2020-3282,0.00151,0.51276
CVE-2020-3283,0.00227,0.60997
CVE-2020-3284,0.00611,0.76445
CVE-2020-3285,0.00121,0.46220
CVE-2020-3286,0.00143,0.50169
CVE-2020-3287,0.00143,0.50169
CVE-2020-3288,0.00143,0.50169
CVE-2020-3289,0.00143,0.50169
CVE-2020-3290,0.00143,0.50169
CVE-2020-3291,0.00143,0.50169
CVE-2020-3292,0.00143,0.50169
CVE-2020-3293,0.00143,0.50169
CVE-2020-3294,0.00143,0.50169
CVE-2020-3295,0.00143,0.50169
CVE-2020-3296,0.00143,0.50169
CVE-2020-3297,0.00641,0.77080
CVE-2020-3298,0.00159,0.52484
CVE-2020-3299,0.00084,0.35137
CVE-2020-3301,0.00044,0.10161
CVE-2020-3302,0.00113,0.44610
CVE-2020-3303,0.00159,0.52484
CVE-2020-3304,0.00105,0.42554
CVE-2020-3305,0.00159,0.52484
CVE-2020-3306,0.00159,0.52484
CVE-2020-3307,0.00090,0.37762
CVE-2020-3308,0.00080,0.33236
CVE-2020-3309,0.00246,0.62655
CVE-2020-3310,0.00109,0.43829
CVE-2020-3311,0.00123,0.46665
CVE-2020-3312,0.00237,0.61850
CVE-2020-3313,0.00151,0.51276
CVE-2020-3314,0.00055,0.20370
CVE-2020-3315,0.00098,0.40478
CVE-2020-3317,0.00159,0.52484
CVE-2020-3318,0.00222,0.60556
CVE-2020-3319,0.00055,0.20370
CVE-2020-3320,0.00066,0.27429
CVE-2020-3321,0.00055,0.20370
CVE-2020-3322,0.00055,0.20370
CVE-2020-3323,0.00171,0.54255
CVE-2020-3327,0.00551,0.75163
CVE-2020-3329,0.00073,0.30288
CVE-2020-3330,0.00694,0.78148
CVE-2020-3331,0.00400,0.70962
CVE-2020-3332,0.00255,0.63449
CVE-2020-3333,0.00136,0.49013
CVE-2020-3334,0.00058,0.22795
CVE-2020-3335,0.00042,0.05722
CVE-2020-3336,0.00301,0.66464
CVE-2020-3337,0.00087,0.36029
CVE-2020-3338,0.00159,0.52484
CVE-2020-3339,0.00070,0.29118
CVE-2020-3340,0.00066,0.27429
CVE-2020-3341,0.00524,0.74512
CVE-2020-3342,0.00343,0.68657
CVE-2020-3343,0.00042,0.05722
CVE-2020-3344,0.00042,0.05722
CVE-2020-3345,0.00123,0.46591
CVE-2020-3346,0.00151,0.51276
CVE-2020-3347,0.00042,0.05722
CVE-2020-3348,0.00066,0.27429
CVE-2020-3349,0.00066,0.27429
CVE-2020-3350,0.00042,0.05722
CVE-2020-3351,0.00160,0.52602
CVE-2020-3352,0.00042,0.05722
CVE-2020-3353,0.00159,0.52484
CVE-2020-3354,0.00066,0.27429
CVE-2020-3355,0.00066,0.27429
CVE-2020-3356,0.00151,0.51276
CVE-2020-3357,0.00244,0.62394
CVE-2020-3358,0.00105,0.42554
CVE-2020-3359,0.00160,0.52602
CVE-2020-3360,0.00183,0.55669
CVE-2020-3361,0.00641,0.77080
CVE-2020-3362,0.00042,0.05722
CVE-2020-3363,0.00160,0.52602
CVE-2020-3364,0.00177,0.54971
CVE-2020-3365,0.00085,0.35392
CVE-2020-3367,0.00042,0.05844
CVE-2020-3368,0.00129,0.47591
CVE-2020-3369,0.00159,0.52484
CVE-2020-3370,0.00129,0.47591
CVE-2020-3371,0.00161,0.52772
CVE-2020-3372,0.00109,0.43829
CVE-2020-3373,0.00160,0.52602
CVE-2020-3374,0.00212,0.59193
CVE-2020-3375,0.00727,0.78728
CVE-2020-3376,0.01404,0.85091
CVE-2020-3377,0.00427,0.71809
CVE-2020-3378,0.00073,0.30288
CVE-2020-3379,0.00042,0.05722
CVE-2020-3380,0.00042,0.05722
CVE-2020-3381,0.00359,0.69368
CVE-2020-3382,0.01508,0.85635
CVE-2020-3383,0.00329,0.68049
CVE-2020-3384,0.00159,0.52441
CVE-2020-3385,0.00058,0.22795
CVE-2020-3386,0.00544,0.75023
CVE-2020-3387,0.00233,0.61488
CVE-2020-3388,0.00042,0.05722
CVE-2020-3389,0.00042,0.05722
CVE-2020-3390,0.00058,0.22795
CVE-2020-3391,0.00110,0.43966
CVE-2020-3392,0.00350,0.68979
CVE-2020-3393,0.00042,0.05722
CVE-2020-3394,0.00042,0.05722
CVE-2020-3396,0.00044,0.10161
CVE-2020-3397,0.00160,0.52602
CVE-2020-3398,0.00160,0.52602
CVE-2020-3399,0.00160,0.52602
CVE-2020-3400,0.00326,0.67857
CVE-2020-3401,0.00162,0.52888
CVE-2020-3402,0.00350,0.68979
CVE-2020-3403,0.00042,0.05844
CVE-2020-3404,0.00042,0.05722
CVE-2020-3405,0.00098,0.40389
CVE-2020-3406,0.00066,0.27429
CVE-2020-3407,0.00096,0.39786
CVE-2020-3408,0.00121,0.46229
CVE-2020-3409,0.00056,0.21013
CVE-2020-3410,0.00794,0.79754
CVE-2020-3411,0.00114,0.44975
CVE-2020-3412,0.00073,0.30288
CVE-2020-3413,0.00073,0.30288
CVE-2020-3414,0.00160,0.52602
CVE-2020-3415,0.00085,0.35240
CVE-2020-3416,0.00042,0.05722
CVE-2020-3417,0.00042,0.05844
CVE-2020-3418,0.00058,0.22795
CVE-2020-3419,0.00381,0.70253
CVE-2020-3421,0.00159,0.52484
CVE-2020-3422,0.00159,0.52484
CVE-2020-3423,0.00042,0.05722
CVE-2020-3425,0.00256,0.63503
CVE-2020-3426,0.00408,0.71215
CVE-2020-3427,0.00042,0.05722
CVE-2020-3428,0.00047,0.13986
CVE-2020-3429,0.00058,0.22795
CVE-2020-3430,0.00669,0.77690
CVE-2020-3433,0.00077,0.31743
CVE-2020-3434,0.00042,0.05722
CVE-2020-3435,0.00042,0.05722
CVE-2020-3436,0.00140,0.49673
CVE-2020-3437,0.00146,0.50497
CVE-2020-3439,0.00066,0.27429
CVE-2020-3440,0.00141,0.49848
CVE-2020-3441,0.00136,0.49013
CVE-2020-3442,0.00057,0.21311
CVE-2020-3443,0.00266,0.64263
CVE-2020-3444,0.00140,0.49661
CVE-2020-3446,0.00694,0.78148
CVE-2020-3447,0.00156,0.52040
CVE-2020-3448,0.00129,0.47591
CVE-2020-3449,0.00135,0.48812
CVE-2020-3450,0.00077,0.31722
CVE-2020-3451,0.00699,0.78231
CVE-2020-3452,0.97508,0.99981
CVE-2020-3453,0.00294,0.66083
CVE-2020-3454,0.00148,0.50868
CVE-2020-3455,0.00042,0.05722
CVE-2020-3456,0.00083,0.34338
CVE-2020-3457,0.00042,0.05844
CVE-2020-3458,0.00042,0.05722
CVE-2020-3459,0.00042,0.05844
CVE-2020-3460,0.00151,0.51276
CVE-2020-3461,0.00136,0.49013
CVE-2020-3462,0.00094,0.39282
CVE-2020-3463,0.00151,0.51276
CVE-2020-3464,0.00066,0.27429
CVE-2020-3465,0.00058,0.22795
CVE-2020-3466,0.00151,0.51276
CVE-2020-3467,0.00091,0.38642
CVE-2020-3468,0.00070,0.29118
CVE-2020-3470,0.00149,0.50931
CVE-2020-3471,0.00188,0.56369
CVE-2020-3472,0.00073,0.30421
CVE-2020-3473,0.00044,0.10161
CVE-2020-3474,0.00221,0.60235
CVE-2020-3475,0.00230,0.61209
CVE-2020-3476,0.00042,0.05722
CVE-2020-3477,0.00042,0.05722
CVE-2020-3478,0.00113,0.44610
CVE-2020-3479,0.00159,0.52484
CVE-2020-3480,0.00160,0.52602
CVE-2020-3481,0.01820,0.86942
CVE-2020-3482,0.00129,0.47591
CVE-2020-3483,0.00044,0.10161
CVE-2020-3484,0.00090,0.37762
CVE-2020-3485,0.00091,0.38114
CVE-2020-3486,0.00058,0.22795
CVE-2020-3487,0.00058,0.22795
CVE-2020-3488,0.00058,0.22795
CVE-2020-3489,0.00058,0.22795
CVE-2020-3490,0.00310,0.67007
CVE-2020-3491,0.00066,0.27429
CVE-2020-3492,0.00160,0.52602
CVE-2020-3493,0.00058,0.22795
CVE-2020-3494,0.00058,0.22795
CVE-2020-3495,0.00216,0.59653
CVE-2020-3496,0.00150,0.51188
CVE-2020-3497,0.00058,0.22795
CVE-2020-3498,0.00154,0.51646
CVE-2020-3499,0.00160,0.52602
CVE-2020-3500,0.00160,0.52602
CVE-2020-3501,0.00071,0.29150
CVE-2020-35012,0.00098,0.40432
CVE-2020-3502,0.00071,0.29150
CVE-2020-3503,0.00042,0.05722
CVE-2020-35037,0.00068,0.28323
CVE-2020-3504,0.00042,0.05722
CVE-2020-3505,0.00058,0.22795
CVE-2020-3506,0.00085,0.35240
CVE-2020-3507,0.00085,0.35240
CVE-2020-3508,0.00058,0.22795
CVE-2020-3509,0.00160,0.52602
CVE-2020-3510,0.00160,0.52602
CVE-2020-3511,0.00058,0.22795
CVE-2020-35111,0.00103,0.41737
CVE-2020-35112,0.00261,0.63925
CVE-2020-35113,0.00373,0.69947
CVE-2020-35114,0.00207,0.58732
CVE-2020-3512,0.00058,0.22795
CVE-2020-35121,0.00199,0.57916
CVE-2020-35122,0.00084,0.34791
CVE-2020-35123,0.00096,0.39943
CVE-2020-35124,0.00371,0.69882
CVE-2020-35125,0.00155,0.51870
CVE-2020-35126,0.00082,0.34122
CVE-2020-35127,0.00058,0.22585
CVE-2020-35128,0.00268,0.64415
CVE-2020-35129,0.00104,0.42231
CVE-2020-3513,0.00042,0.05722
CVE-2020-35131,0.73366,0.97851
CVE-2020-35132,0.00093,0.39122
CVE-2020-35133,0.00141,0.49747
CVE-2020-35135,0.00173,0.54565
CVE-2020-35136,0.03953,0.91165
CVE-2020-35137,0.00222,0.60605
CVE-2020-35138,0.00321,0.67621
CVE-2020-35139,0.00087,0.35988
CVE-2020-3514,0.00042,0.05722
CVE-2020-35141,0.00087,0.35988
CVE-2020-35145,0.00067,0.27651
CVE-2020-35149,0.00084,0.34791
CVE-2020-3515,0.00151,0.51276
CVE-2020-35151,0.00155,0.51857
CVE-2020-35152,0.00044,0.10161
CVE-2020-3516,0.00090,0.37813
CVE-2020-35163,0.00170,0.54104
CVE-2020-35164,0.00170,0.54104
CVE-2020-35166,0.00170,0.54104
CVE-2020-35167,0.00170,0.54104
CVE-2020-35168,0.00288,0.65716
CVE-2020-35169,0.00288,0.65716
CVE-2020-3517,0.00079,0.33104
CVE-2020-35170,0.00054,0.20290
CVE-2020-35173,0.00220,0.59999
CVE-2020-35175,0.00071,0.29313
CVE-2020-35176,0.00499,0.73843
CVE-2020-35177,0.00090,0.37972
CVE-2020-3518,0.00066,0.27429
CVE-2020-35184,0.00661,0.77534
CVE-2020-35185,0.00661,0.77534
CVE-2020-35186,0.00661,0.77534
CVE-2020-35187,0.00661,0.77534
CVE-2020-35189,0.00661,0.77534
CVE-2020-3519,0.00113,0.44610
CVE-2020-35190,0.00661,0.77534
CVE-2020-35191,0.00661,0.77534
CVE-2020-35192,0.00661,0.77534
CVE-2020-35193,0.00661,0.77534
CVE-2020-35195,0.00661,0.77534
CVE-2020-35196,0.00661,0.77534
CVE-2020-35197,0.00661,0.77534
CVE-2020-35198,0.00213,0.59313
CVE-2020-35199,0.00090,0.37753
CVE-2020-3520,0.00042,0.05722
CVE-2020-35200,0.00101,0.41135
CVE-2020-35201,0.00090,0.37753
CVE-2020-35202,0.00090,0.37753
CVE-2020-35203,0.00072,0.29923
CVE-2020-35204,0.00072,0.29923
CVE-2020-35205,0.00625,0.76776
CVE-2020-35206,0.00072,0.29923
CVE-2020-35207,0.00098,0.40528
CVE-2020-35208,0.00098,0.40528
CVE-2020-35209,0.00073,0.30380
CVE-2020-3521,0.00153,0.51565
CVE-2020-35210,0.00081,0.33872
CVE-2020-35211,0.00078,0.32649
CVE-2020-35213,0.00079,0.32837
CVE-2020-35214,0.00081,0.33872
CVE-2020-35215,0.00065,0.26756
CVE-2020-35216,0.00089,0.37607
CVE-2020-35217,0.00070,0.28842
CVE-2020-35219,0.00239,0.62031
CVE-2020-3522,0.00097,0.40237
CVE-2020-35221,0.00070,0.29068
CVE-2020-35223,0.00101,0.41177
CVE-2020-35224,0.00103,0.41651
CVE-2020-35225,0.00044,0.10161
CVE-2020-35226,0.00062,0.24843
CVE-2020-35227,0.00080,0.33322
CVE-2020-35228,0.00066,0.27429
CVE-2020-35229,0.00070,0.29068
CVE-2020-3523,0.00066,0.27429
CVE-2020-35230,0.00044,0.10163
CVE-2020-35231,0.00068,0.27920
CVE-2020-35233,0.00058,0.22795
CVE-2020-35234,0.34055,0.96706
CVE-2020-35235,0.00503,0.73991
CVE-2020-35236,0.00088,0.37146
CVE-2020-35239,0.00101,0.41177
CVE-2020-3524,0.00070,0.29068
CVE-2020-35240,0.00178,0.55136
CVE-2020-35241,0.00117,0.45474
CVE-2020-35242,0.00198,0.57763
CVE-2020-35243,0.00198,0.57763
CVE-2020-35244,0.00198,0.57763
CVE-2020-35245,0.00198,0.57763
CVE-2020-35249,0.00114,0.44873
CVE-2020-35252,0.00148,0.50841
CVE-2020-3526,0.00160,0.52602
CVE-2020-35261,0.00266,0.64266
CVE-2020-35262,0.00103,0.41733
CVE-2020-35263,0.00268,0.64429
CVE-2020-35269,0.00073,0.30112
CVE-2020-3527,0.00160,0.52602
CVE-2020-35270,0.00358,0.69318
CVE-2020-35271,0.00058,0.22585
CVE-2020-35272,0.00091,0.38085
CVE-2020-35273,0.00070,0.29071
CVE-2020-35274,0.00091,0.38085
CVE-2020-35275,0.00306,0.66776
CVE-2020-35276,0.00146,0.50573
CVE-2020-3528,0.00159,0.52484
CVE-2020-35284,0.00503,0.74004
CVE-2020-3529,0.00159,0.52484
CVE-2020-35296,0.00217,0.59772
CVE-2020-3530,0.00042,0.05722
CVE-2020-35305,0.00115,0.45220
CVE-2020-35308,0.00288,0.65720
CVE-2020-35309,0.00093,0.39058
CVE-2020-3531,0.00509,0.74149
CVE-2020-35313,0.12296,0.94921
CVE-2020-35314,0.20815,0.95981
CVE-2020-35326,0.00189,0.56502
CVE-2020-35327,0.00092,0.38727
CVE-2020-35328,0.00091,0.38085
CVE-2020-35329,0.00092,0.38727
CVE-2020-3533,0.00159,0.52484
CVE-2020-35337,0.00165,0.53148
CVE-2020-35338,0.32315,0.96628
CVE-2020-35339,0.01195,0.83716
CVE-2020-35340,0.00181,0.55377
CVE-2020-35342,0.00084,0.34921
CVE-2020-35346,0.00072,0.29718
CVE-2020-35347,0.00063,0.25629
CVE-2020-35349,0.00091,0.38085
CVE-2020-3535,0.00081,0.33737
CVE-2020-35357,0.00072,0.29898
CVE-2020-35358,0.00352,0.69069
CVE-2020-35359,0.02147,0.88194
CVE-2020-3536,0.00066,0.27429
CVE-2020-35362,0.00503,0.74004
CVE-2020-35364,0.00505,0.74027
CVE-2020-3537,0.00090,0.37808
CVE-2020-35370,0.01832,0.86997
CVE-2020-35373,0.00109,0.43853
CVE-2020-35376,0.00311,0.67052
CVE-2020-35378,0.00220,0.60005
CVE-2020-35380,0.00115,0.45086
CVE-2020-35381,0.00206,0.58609
CVE-2020-35382,0.00086,0.35633
CVE-2020-35388,0.00897,0.80959
CVE-2020-35391,0.00249,0.62942
CVE-2020-35395,0.00122,0.46399
CVE-2020-35396,0.00497,0.73798
CVE-2020-35398,0.00068,0.28323
CVE-2020-3541,0.00042,0.05722
CVE-2020-35416,0.00205,0.58475
CVE-2020-35418,0.00058,0.22585
CVE-2020-35419,0.00087,0.36434
CVE-2020-3542,0.00096,0.39977
CVE-2020-35427,0.00473,0.73126
CVE-2020-3543,0.00058,0.22795
CVE-2020-35430,0.00203,0.58302
CVE-2020-35437,0.00122,0.46399
CVE-2020-35438,0.00062,0.24801
CVE-2020-3544,0.00085,0.35240
CVE-2020-35441,0.00209,0.58935
CVE-2020-35442,0.00929,0.81319
CVE-2020-35448,0.00096,0.39971
CVE-2020-3545,0.00042,0.05722
CVE-2020-35450,0.00113,0.44658
CVE-2020-35451,0.00043,0.07737
CVE-2020-35452,0.00202,0.58201
CVE-2020-35453,0.00090,0.37972
CVE-2020-35454,0.00077,0.32045
CVE-2020-35455,0.00044,0.10161
CVE-2020-35456,0.00069,0.28647
CVE-2020-35457,0.00080,0.33260
CVE-2020-35458,0.01060,0.82579
CVE-2020-35459,0.00049,0.15836
CVE-2020-3546,0.00136,0.49013
CVE-2020-35460,0.00093,0.39242
CVE-2020-35462,0.00661,0.77534
CVE-2020-35463,0.00661,0.77534
CVE-2020-35464,0.00661,0.77534
CVE-2020-35465,0.00661,0.77534
CVE-2020-35466,0.00661,0.77534
CVE-2020-35467,0.00661,0.77534
CVE-2020-35468,0.00661,0.77534
CVE-2020-35469,0.00661,0.77534
CVE-2020-3547,0.00156,0.52040
CVE-2020-35470,0.00080,0.33456
CVE-2020-35471,0.00242,0.62310
CVE-2020-35473,0.00048,0.14239
CVE-2020-35474,0.00128,0.47418
CVE-2020-35475,0.00196,0.57540
CVE-2020-35476,0.95412,0.99235
CVE-2020-35477,0.00223,0.60672
CVE-2020-35478,0.00128,0.47418
CVE-2020-35479,0.00211,0.59046
CVE-2020-35480,0.00216,0.59681
CVE-2020-35481,0.00233,0.61449
CVE-2020-35482,0.00054,0.20290
CVE-2020-35483,0.00060,0.23740
CVE-2020-35488,0.01178,0.83583
CVE-2020-35489,0.88428,0.98463
CVE-2020-3549,0.00228,0.61083
CVE-2020-35490,0.00262,0.63946
CVE-2020-35491,0.00262,0.63946
CVE-2020-35492,0.00120,0.46134
CVE-2020-35493,0.00128,0.47387
CVE-2020-35494,0.00134,0.48482
CVE-2020-35495,0.00134,0.48482
CVE-2020-35496,0.00134,0.48482
CVE-2020-35497,0.00065,0.26756
CVE-2020-35498,0.00505,0.74039
CVE-2020-35499,0.00042,0.05722
CVE-2020-3550,0.00216,0.59645
CVE-2020-35501,0.00044,0.10161
CVE-2020-35502,0.00176,0.54830
CVE-2020-35503,0.00044,0.10161
CVE-2020-35504,0.00045,0.11966
CVE-2020-35505,0.00045,0.11966
CVE-2020-35506,0.00045,0.11966
CVE-2020-35507,0.00121,0.46314
CVE-2020-35508,0.00042,0.05722
CVE-2020-35509,0.00053,0.18436
CVE-2020-3551,0.00151,0.51276
CVE-2020-35510,0.00076,0.31290
CVE-2020-35511,0.00062,0.24468
CVE-2020-35512,0.00042,0.05722
CVE-2020-35513,0.00068,0.28144
CVE-2020-35514,0.00044,0.10161
CVE-2020-35517,0.00054,0.19126
CVE-2020-35518,0.00113,0.44606
CVE-2020-35519,0.00042,0.05722
CVE-2020-3552,0.00058,0.22795
CVE-2020-35521,0.00076,0.31199
CVE-2020-35522,0.00157,0.52088
CVE-2020-35523,0.00374,0.69986
CVE-2020-35524,0.00291,0.65894
CVE-2020-35525,0.00072,0.29899
CVE-2020-35527,0.00187,0.56249
CVE-2020-3553,0.00151,0.51276
CVE-2020-35530,0.00047,0.14200
CVE-2020-35531,0.00047,0.14206
CVE-2020-35532,0.00047,0.14200
CVE-2020-35533,0.00047,0.14206
CVE-2020-35534,0.00050,0.16034
CVE-2020-35535,0.00050,0.16005
CVE-2020-35538,0.00050,0.16034
CVE-2020-3554,0.00159,0.52484
CVE-2020-35542,0.00054,0.20290
CVE-2020-35545,0.00138,0.49278
CVE-2020-35547,0.00178,0.55045
CVE-2020-35548,0.00044,0.10161
CVE-2020-35549,0.00044,0.10161
CVE-2020-3555,0.00159,0.52484
CVE-2020-35550,0.00147,0.50675
CVE-2020-35551,0.00106,0.42770
CVE-2020-35552,0.00066,0.27588
CVE-2020-35553,0.00082,0.34051
CVE-2020-35554,0.00044,0.10161
CVE-2020-35555,0.00044,0.10161
CVE-2020-35556,0.00178,0.55045
CVE-2020-35557,0.00104,0.41983
CVE-2020-35558,0.00135,0.48665
CVE-2020-35559,0.00072,0.29893
CVE-2020-3556,0.00042,0.05722
CVE-2020-35560,0.00084,0.35108
CVE-2020-35561,0.00148,0.50746
CVE-2020-35563,0.00054,0.20290
CVE-2020-35564,0.00090,0.37972
CVE-2020-35565,0.00244,0.62506
CVE-2020-35566,0.00070,0.28980
CVE-2020-35567,0.00044,0.10161
CVE-2020-35568,0.00063,0.25033
CVE-2020-35569,0.00084,0.35108
CVE-2020-3557,0.00150,0.51188
CVE-2020-35570,0.00148,0.50746
CVE-2020-35571,0.00078,0.32606
CVE-2020-35572,0.00076,0.31249
CVE-2020-35573,0.00683,0.77968
CVE-2020-35575,0.09315,0.94161
CVE-2020-35576,0.00833,0.80227
CVE-2020-35577,0.00065,0.26756
CVE-2020-35578,0.95616,0.99281
CVE-2020-35579,0.00115,0.45086
CVE-2020-3558,0.00123,0.46665
CVE-2020-35580,0.01888,0.87256
CVE-2020-35581,0.00143,0.50018
CVE-2020-35582,0.00143,0.50018
CVE-2020-35584,0.00231,0.61326
CVE-2020-35585,0.00231,0.61326
CVE-2020-35586,0.00231,0.61326
CVE-2020-35587,0.00128,0.47442
CVE-2020-35589,0.00053,0.18833
CVE-2020-3559,0.00160,0.52602
CVE-2020-35590,0.00235,0.61731
CVE-2020-35591,0.00112,0.44327
CVE-2020-35592,0.00072,0.29718
CVE-2020-35593,0.00042,0.05722
CVE-2020-35594,0.00138,0.49324
CVE-2020-35597,0.00653,0.77323
CVE-2020-35598,0.11153,0.94679
CVE-2020-3560,0.00160,0.52602
CVE-2020-35604,0.00488,0.73598
CVE-2020-35605,0.04100,0.91323
CVE-2020-35606,0.01544,0.85816
CVE-2020-35608,0.00087,0.35955
CVE-2020-35609,0.00045,0.12185
CVE-2020-3561,0.00123,0.46665
CVE-2020-35610,0.00221,0.60326
CVE-2020-35611,0.00221,0.60326
CVE-2020-35612,0.00278,0.65064
CVE-2020-35613,0.00196,0.57515
CVE-2020-35614,0.00110,0.43970
CVE-2020-35615,0.00053,0.19032
CVE-2020-35616,0.00077,0.31988
CVE-2020-3562,0.00160,0.52602
CVE-2020-35622,0.00066,0.27550
CVE-2020-35623,0.00090,0.37829
CVE-2020-35624,0.00071,0.29313
CVE-2020-35625,0.00104,0.42274
CVE-2020-35626,0.00098,0.40438
CVE-2020-35627,0.00213,0.59403
CVE-2020-35628,0.00350,0.69003
CVE-2020-35629,0.00298,0.66324
CVE-2020-3563,0.00160,0.52602
CVE-2020-35630,0.00298,0.66324
CVE-2020-35631,0.00298,0.66324
CVE-2020-35632,0.00298,0.66324
CVE-2020-35633,0.00483,0.73447
CVE-2020-35634,0.00483,0.73447
CVE-2020-35635,0.00483,0.73447
CVE-2020-35636,0.00866,0.80592
CVE-2020-3564,0.00129,0.47591
CVE-2020-3565,0.00126,0.47213
CVE-2020-35650,0.00124,0.46744
CVE-2020-35652,0.00546,0.75050
CVE-2020-35653,0.00157,0.52108
CVE-2020-35654,0.00221,0.60389
CVE-2020-35655,0.00113,0.44664
CVE-2020-35656,0.00378,0.70156
CVE-2020-35657,0.00379,0.70208
CVE-2020-35658,0.00119,0.46037
CVE-2020-35659,0.00078,0.32234
CVE-2020-3566,0.00326,0.67849
CVE-2020-35660,0.00062,0.24442
CVE-2020-35662,0.00628,0.76832
CVE-2020-35664,0.00084,0.35108
CVE-2020-35665,0.90733,0.98623
CVE-2020-35666,0.00086,0.35633
CVE-2020-35667,0.00178,0.55045
CVE-2020-35668,0.00117,0.45503
CVE-2020-35669,0.00076,0.31249
CVE-2020-3567,0.00101,0.41157
CVE-2020-35674,0.00173,0.54528
CVE-2020-35675,0.00089,0.37674
CVE-2020-35676,0.00076,0.31249
CVE-2020-35677,0.00046,0.12692
CVE-2020-35678,0.00141,0.49772
CVE-2020-35679,0.00352,0.69087
CVE-2020-3568,0.00129,0.47591
CVE-2020-35680,0.00756,0.79146
CVE-2020-35681,0.00504,0.74021
CVE-2020-35682,0.00112,0.44416
CVE-2020-35683,0.00173,0.54489
CVE-2020-35684,0.00173,0.54489
CVE-2020-35685,0.00150,0.51169
CVE-2020-35686,0.00063,0.25378
CVE-2020-35687,0.00089,0.37216
CVE-2020-3569,0.00326,0.67849
CVE-2020-35693,0.00062,0.24559
CVE-2020-35698,0.00050,0.16906
CVE-2020-35700,0.00312,0.67122
CVE-2020-35701,0.01185,0.83638
CVE-2020-35702,0.00085,0.35226
CVE-2020-35704,0.00053,0.18833
CVE-2020-35705,0.00053,0.18833
CVE-2020-35706,0.00053,0.18833
CVE-2020-35707,0.00053,0.18833
CVE-2020-35708,0.00096,0.39810
CVE-2020-35709,0.00061,0.23805
CVE-2020-3571,0.00160,0.52602
CVE-2020-35710,0.00177,0.54925
CVE-2020-35711,0.00117,0.45503
CVE-2020-35712,0.00244,0.62506
CVE-2020-35713,0.97032,0.99705
CVE-2020-35714,0.00942,0.81452
CVE-2020-35715,0.00942,0.81452
CVE-2020-35716,0.00515,0.74290
CVE-2020-35717,0.01270,0.84261
CVE-2020-35719,0.00122,0.46388
CVE-2020-3572,0.00160,0.52602
CVE-2020-35720,0.00068,0.27992
CVE-2020-35721,0.00068,0.27992
CVE-2020-35722,0.00114,0.44814
CVE-2020-35723,0.00068,0.27992
CVE-2020-35724,0.00068,0.27992
CVE-2020-35725,0.00122,0.46388
CVE-2020-35726,0.00122,0.46388
CVE-2020-35727,0.00068,0.27992
CVE-2020-35728,0.00674,0.77774
CVE-2020-35729,0.95566,0.99271
CVE-2020-3573,0.00095,0.39698
CVE-2020-35730,0.00462,0.72832
CVE-2020-35733,0.00135,0.48679
CVE-2020-35734,0.05795,0.92657
CVE-2020-35735,0.00112,0.44327
CVE-2020-35736,0.01204,0.83787
CVE-2020-35737,0.00469,0.73018
CVE-2020-35738,0.00115,0.45177
CVE-2020-3574,0.00159,0.52484
CVE-2020-35740,0.00078,0.32606
CVE-2020-35741,0.00078,0.32606
CVE-2020-35742,0.00092,0.38890
CVE-2020-35743,0.00092,0.38890
CVE-2020-35745,0.00466,0.72952
CVE-2020-35748,0.00062,0.24514
CVE-2020-35749,0.02144,0.88183
CVE-2020-35752,0.00127,0.47274
CVE-2020-35753,0.00074,0.30459
CVE-2020-35754,0.10090,0.94413
CVE-2020-35755,0.00280,0.65192
CVE-2020-35756,0.00262,0.63960
CVE-2020-35757,0.00355,0.69185
CVE-2020-35758,0.00250,0.63010
CVE-2020-35759,0.00063,0.25629
CVE-2020-35760,0.00344,0.68727
CVE-2020-35761,0.00072,0.29718
CVE-2020-35762,0.00061,0.23805
CVE-2020-35765,0.00305,0.66711
CVE-2020-35766,0.00075,0.30835
CVE-2020-35769,0.00217,0.59738
CVE-2020-3577,0.00058,0.22795
CVE-2020-35773,0.00373,0.69953
CVE-2020-35774,0.97202,0.99790
CVE-2020-35775,0.03527,0.90684
CVE-2020-35776,0.00831,0.80209
CVE-2020-35777,0.00044,0.10161
CVE-2020-35778,0.00073,0.30112
CVE-2020-35779,0.00103,0.41969
CVE-2020-3578,0.00183,0.55669
CVE-2020-35780,0.00081,0.33872
CVE-2020-35781,0.00081,0.33872
CVE-2020-35782,0.00128,0.47485
CVE-2020-35783,0.00120,0.46081
CVE-2020-35784,0.00087,0.35903
CVE-2020-35785,0.00069,0.28577
CVE-2020-35786,0.00044,0.10161
CVE-2020-35787,0.00044,0.10161
CVE-2020-35788,0.00044,0.10161
CVE-2020-35789,0.00259,0.63737
CVE-2020-3579,0.00151,0.51276
CVE-2020-35790,0.00044,0.10161
CVE-2020-35791,0.00044,0.10161
CVE-2020-35792,0.00044,0.10161
CVE-2020-35793,0.00044,0.10161
CVE-2020-35794,0.00044,0.10161
CVE-2020-35795,0.00250,0.62982
CVE-2020-35796,0.00250,0.62982
CVE-2020-35797,0.00516,0.74303
CVE-2020-35798,0.00044,0.10161
CVE-2020-35799,0.00250,0.62982
CVE-2020-3580,0.97048,0.99713
CVE-2020-35800,0.00197,0.57687
CVE-2020-35801,0.00064,0.26274
CVE-2020-35802,0.00168,0.53801
CVE-2020-35803,0.00044,0.10161
CVE-2020-35804,0.00070,0.29068
CVE-2020-35805,0.00054,0.20290
CVE-2020-35806,0.00054,0.20290
CVE-2020-35807,0.00054,0.20290
CVE-2020-35808,0.00054,0.20290
CVE-2020-35809,0.00054,0.20290
CVE-2020-3581,0.00151,0.51276
CVE-2020-35810,0.00054,0.20290
CVE-2020-35811,0.00054,0.20290
CVE-2020-35812,0.00054,0.20290
CVE-2020-35813,0.00054,0.20290
CVE-2020-35814,0.00054,0.20290
CVE-2020-35815,0.00054,0.20290
CVE-2020-35816,0.00054,0.20290
CVE-2020-35817,0.00054,0.20290
CVE-2020-35818,0.00054,0.20290
CVE-2020-35819,0.00054,0.20290
CVE-2020-3582,0.00151,0.51276
CVE-2020-35820,0.00054,0.20290
CVE-2020-35821,0.00054,0.20290
CVE-2020-35822,0.00054,0.20290
CVE-2020-35823,0.00054,0.20290
CVE-2020-35824,0.00054,0.20290
CVE-2020-35825,0.00054,0.20290
CVE-2020-35826,0.00054,0.20290
CVE-2020-35827,0.00054,0.20290
CVE-2020-35828,0.00054,0.20290
CVE-2020-35829,0.00054,0.20290
CVE-2020-3583,0.00151,0.51276
CVE-2020-35830,0.00054,0.20290
CVE-2020-35831,0.00065,0.26756
CVE-2020-35832,0.00054,0.20290
CVE-2020-35833,0.00054,0.20290
CVE-2020-35834,0.00054,0.20290
CVE-2020-35835,0.00054,0.20290
CVE-2020-35836,0.00054,0.20290
CVE-2020-35837,0.00054,0.20290
CVE-2020-35838,0.00054,0.20290
CVE-2020-35839,0.00065,0.26756
CVE-2020-35840,0.00054,0.20290
CVE-2020-35841,0.00054,0.20290
CVE-2020-35842,0.00054,0.20290
CVE-2020-35843,0.00086,0.35743
CVE-2020-35844,0.00078,0.32142
CVE-2020-35845,0.00078,0.32142
CVE-2020-35846,0.85589,0.98306
CVE-2020-35847,0.78248,0.97992
CVE-2020-35848,0.76291,0.97933
CVE-2020-35849,0.00300,0.66429
CVE-2020-3585,0.00136,0.49013
CVE-2020-35850,0.00071,0.29418
CVE-2020-35851,0.00273,0.64707
CVE-2020-35852,0.00113,0.44726
CVE-2020-35853,0.00091,0.38085
CVE-2020-35854,0.00067,0.27713
CVE-2020-35856,0.00054,0.20290
CVE-2020-35857,0.00129,0.47660
CVE-2020-35858,0.00667,0.77653
CVE-2020-35859,0.00209,0.58862
CVE-2020-3586,0.00236,0.61803
CVE-2020-35860,0.00488,0.73598
CVE-2020-35861,0.00274,0.64752
CVE-2020-35862,0.00488,0.73598
CVE-2020-35863,0.00603,0.76287
CVE-2020-35864,0.00091,0.38495
CVE-2020-35865,0.00103,0.41969
CVE-2020-35866,0.00235,0.61731
CVE-2020-35867,0.00235,0.61731
CVE-2020-35868,0.00235,0.61731
CVE-2020-35869,0.00235,0.61731
CVE-2020-3587,0.00068,0.28354
CVE-2020-35870,0.00235,0.61731
CVE-2020-35871,0.00235,0.61731
CVE-2020-35872,0.00235,0.61731
CVE-2020-35873,0.00235,0.61731
CVE-2020-35874,0.00436,0.72116
CVE-2020-35875,0.00103,0.41969
CVE-2020-35876,0.00208,0.58788
CVE-2020-35877,0.00222,0.60556
CVE-2020-35878,0.00222,0.60556
CVE-2020-35879,0.00468,0.72996
CVE-2020-3588,0.00044,0.07794
CVE-2020-35880,0.00222,0.60556
CVE-2020-35881,0.00436,0.72116
CVE-2020-35882,0.00436,0.72116
CVE-2020-35883,0.00102,0.41523
CVE-2020-35884,0.00108,0.43474
CVE-2020-35885,0.00222,0.60556
CVE-2020-35886,0.00044,0.10161
CVE-2020-35887,0.00250,0.62982
CVE-2020-35888,0.00222,0.60556
CVE-2020-35889,0.00222,0.60556
CVE-2020-3589,0.00066,0.27429
CVE-2020-35890,0.00115,0.45086
CVE-2020-35891,0.00115,0.45086
CVE-2020-35892,0.00222,0.60556
CVE-2020-35893,0.00103,0.41969
CVE-2020-35894,0.00084,0.34791
CVE-2020-35895,0.00222,0.60556
CVE-2020-35896,0.00103,0.41969
CVE-2020-35897,0.00044,0.10161
CVE-2020-35898,0.00115,0.45086
CVE-2020-35899,0.00044,0.10445
CVE-2020-3590,0.00068,0.28354
CVE-2020-35900,0.00048,0.14460
CVE-2020-35901,0.00115,0.45086
CVE-2020-35902,0.00488,0.73598
CVE-2020-35903,0.00044,0.10445
CVE-2020-35904,0.00044,0.10445
CVE-2020-35905,0.00044,0.10445
CVE-2020-35906,0.00048,0.14460
CVE-2020-35907,0.00044,0.10445
CVE-2020-35908,0.00044,0.10161
CVE-2020-35909,0.00142,0.49967
CVE-2020-3591,0.00068,0.28175
CVE-2020-35910,0.00044,0.10161
CVE-2020-35911,0.00044,0.10161
CVE-2020-35912,0.00044,0.10161
CVE-2020-35913,0.00044,0.10161
CVE-2020-35914,0.00044,0.10161
CVE-2020-35915,0.00044,0.10445
CVE-2020-35916,0.00044,0.10445
CVE-2020-35917,0.00044,0.10445
CVE-2020-35918,0.00085,0.35218
CVE-2020-35919,0.00044,0.10445
CVE-2020-3592,0.00080,0.33236
CVE-2020-35920,0.00044,0.10445
CVE-2020-35921,0.00044,0.10445
CVE-2020-35922,0.00044,0.10445
CVE-2020-35923,0.00044,0.10445
CVE-2020-35924,0.00060,0.23520
CVE-2020-35925,0.00044,0.10445
CVE-2020-35926,0.00222,0.60556
CVE-2020-35927,0.00044,0.10161
CVE-2020-35928,0.00044,0.10445
CVE-2020-35929,0.00222,0.60556
CVE-2020-3593,0.00042,0.05722
CVE-2020-35930,0.00058,0.22585
CVE-2020-35931,0.00060,0.23369
CVE-2020-35932,0.00581,0.75800
CVE-2020-35933,0.00074,0.30689
CVE-2020-35934,0.00058,0.22585
CVE-2020-35935,0.00102,0.41403
CVE-2020-35936,0.00243,0.62358
CVE-2020-35937,0.00243,0.62358
CVE-2020-35938,0.00172,0.54461
CVE-2020-35939,0.00172,0.54461
CVE-2020-3594,0.00042,0.05722
CVE-2020-35942,0.00089,0.37651
CVE-2020-35943,0.00063,0.25629
CVE-2020-35944,0.00148,0.50896
CVE-2020-35945,0.00112,0.44342
CVE-2020-35946,0.00054,0.19309
CVE-2020-35947,0.00071,0.29418
CVE-2020-35948,0.14239,0.95231
CVE-2020-35949,0.01008,0.82111
CVE-2020-3595,0.00042,0.05722
CVE-2020-35950,0.00148,0.50896
CVE-2020-35951,0.00174,0.54653
CVE-2020-35952,0.00074,0.30761
CVE-2020-3596,0.00159,0.52484
CVE-2020-35962,0.00091,0.38064
CVE-2020-35963,0.00159,0.52445
CVE-2020-35964,0.00275,0.64855
CVE-2020-35965,0.00870,0.80634
CVE-2020-3597,0.00129,0.47616
CVE-2020-35970,0.00254,0.63311
CVE-2020-35971,0.00058,0.22585
CVE-2020-35972,0.00063,0.25629
CVE-2020-35973,0.00058,0.22585
CVE-2020-35979,0.00092,0.38918
CVE-2020-3598,0.00136,0.49013
CVE-2020-35980,0.00146,0.50519
CVE-2020-35981,0.00078,0.32142
CVE-2020-35982,0.00078,0.32142
CVE-2020-35984,0.00127,0.47270
CVE-2020-35985,0.00127,0.47270
CVE-2020-35986,0.00127,0.47270
CVE-2020-35987,0.00127,0.47270
CVE-2020-3599,0.00151,0.51276
CVE-2020-35990,0.00044,0.08085
CVE-2020-35992,0.00062,0.24822
CVE-2020-3600,0.00042,0.05722
CVE-2020-36002,0.00155,0.51776
CVE-2020-36003,0.00155,0.51776
CVE-2020-36004,0.00076,0.31357
CVE-2020-36005,0.00079,0.32837
CVE-2020-36006,0.00079,0.32837
CVE-2020-36007,0.00099,0.40672
CVE-2020-36008,0.00079,0.32837
CVE-2020-36009,0.00254,0.63311
CVE-2020-3601,0.00042,0.05844
CVE-2020-36011,0.00093,0.39058
CVE-2020-36012,0.00067,0.27713
CVE-2020-3602,0.00042,0.05844
CVE-2020-36023,0.00070,0.28952
CVE-2020-36024,0.00068,0.27930
CVE-2020-3603,0.00078,0.32610
CVE-2020-36033,0.00172,0.54442
CVE-2020-36034,0.00165,0.53178
CVE-2020-36037,0.00116,0.45294
CVE-2020-3604,0.00078,0.32610
CVE-2020-36048,0.00242,0.62310
CVE-2020-36049,0.00242,0.62310
CVE-2020-36051,0.01793,0.86827
CVE-2020-36052,0.01280,0.84330
CVE-2020-36056,0.00050,0.16378
CVE-2020-36062,0.00403,0.71049
CVE-2020-36064,0.00420,0.71590
CVE-2020-36065,0.00058,0.21913
CVE-2020-36066,0.00115,0.45086
CVE-2020-36067,0.00103,0.41969
CVE-2020-36070,0.00237,0.61839
CVE-2020-36071,0.00060,0.23735
CVE-2020-36072,0.00060,0.23735
CVE-2020-36073,0.00060,0.23735
CVE-2020-36074,0.00060,0.23735
CVE-2020-36077,0.00071,0.29285
CVE-2020-36079,0.03225,0.90273
CVE-2020-36082,0.00214,0.59435
CVE-2020-3610,0.00044,0.10161
CVE-2020-36109,0.00384,0.70352
CVE-2020-3611,0.00044,0.10161
CVE-2020-36112,0.40407,0.96941
CVE-2020-36115,0.00091,0.38085
CVE-2020-36120,0.00109,0.43862
CVE-2020-36123,0.00192,0.56914
CVE-2020-36124,0.00146,0.50517
CVE-2020-36125,0.00180,0.55306
CVE-2020-36126,0.00222,0.60557
CVE-2020-36127,0.00116,0.45273
CVE-2020-36128,0.00158,0.52262
CVE-2020-36129,0.00229,0.61147
CVE-2020-3613,0.00044,0.10161
CVE-2020-36130,0.00154,0.51646
CVE-2020-36131,0.00260,0.63803
CVE-2020-36133,0.00260,0.63803
CVE-2020-36134,0.00086,0.35887
CVE-2020-36135,0.00154,0.51646
CVE-2020-36136,0.00073,0.30355
CVE-2020-36138,0.00096,0.39853
CVE-2020-36139,0.00058,0.22585
CVE-2020-3614,0.00332,0.68222
CVE-2020-36140,0.00063,0.25629
CVE-2020-36141,0.00102,0.41403
CVE-2020-36142,0.00124,0.46782
CVE-2020-36144,0.00062,0.24801
CVE-2020-36148,0.00106,0.42984
CVE-2020-36149,0.00106,0.42984
CVE-2020-3615,0.00188,0.56423
CVE-2020-36150,0.00103,0.41786
CVE-2020-36151,0.00140,0.49652
CVE-2020-36152,0.00240,0.62124
CVE-2020-36154,0.00058,0.21920
CVE-2020-36155,0.00319,0.67557
CVE-2020-36156,0.00432,0.71941
CVE-2020-36157,0.00453,0.72624
CVE-2020-36158,0.00389,0.70610
CVE-2020-36159,0.00084,0.34791
CVE-2020-3616,0.00044,0.10161
CVE-2020-36160,0.00044,0.10161
CVE-2020-36161,0.00044,0.10161
CVE-2020-36162,0.00044,0.10161
CVE-2020-36163,0.00044,0.10161
CVE-2020-36164,0.00044,0.10161
CVE-2020-36165,0.00044,0.10161
CVE-2020-36166,0.00044,0.10161
CVE-2020-36167,0.00062,0.24875
CVE-2020-36168,0.00044,0.10161
CVE-2020-36169,0.00044,0.10161
CVE-2020-3617,0.00044,0.10161
CVE-2020-36170,0.00084,0.34791
CVE-2020-36171,0.00061,0.23827
CVE-2020-36172,0.00078,0.32606
CVE-2020-36173,0.00084,0.34791
CVE-2020-36174,0.00053,0.19032
CVE-2020-36175,0.00084,0.34791
CVE-2020-36176,0.00082,0.34065
CVE-2020-36177,0.00386,0.70484
CVE-2020-36178,0.05871,0.92706
CVE-2020-36179,0.00357,0.69303
CVE-2020-3618,0.00044,0.10161
CVE-2020-36180,0.00262,0.63946
CVE-2020-36181,0.00262,0.63946
CVE-2020-36182,0.00262,0.63946
CVE-2020-36183,0.00262,0.63946
CVE-2020-36184,0.00262,0.63946
CVE-2020-36185,0.00262,0.63946
CVE-2020-36186,0.00262,0.63946
CVE-2020-36187,0.00262,0.63946
CVE-2020-36188,0.00262,0.63946
CVE-2020-36189,0.00262,0.63946
CVE-2020-3619,0.00044,0.10161
CVE-2020-36190,0.00088,0.36898
CVE-2020-36191,0.00053,0.18833
CVE-2020-36192,0.00126,0.47113
CVE-2020-36193,0.91263,0.98676
CVE-2020-36194,0.00069,0.28604
CVE-2020-36195,0.00119,0.45992
CVE-2020-36196,0.00069,0.28604
CVE-2020-36197,0.00215,0.59538
CVE-2020-36198,0.00437,0.72138
CVE-2020-36199,0.00178,0.55129
CVE-2020-3620,0.00044,0.10161
CVE-2020-36200,0.00054,0.20290
CVE-2020-36201,0.00168,0.53801
CVE-2020-36202,0.00078,0.32606
CVE-2020-36203,0.00060,0.23520
CVE-2020-36204,0.00044,0.10445
CVE-2020-36205,0.00044,0.10445
CVE-2020-36206,0.00044,0.10161
CVE-2020-36207,0.00044,0.10161
CVE-2020-36208,0.00048,0.14460
CVE-2020-36209,0.00048,0.14460
CVE-2020-3621,0.00044,0.10161
CVE-2020-36210,0.00048,0.14460
CVE-2020-36211,0.00048,0.14460
CVE-2020-36212,0.00119,0.46000
CVE-2020-36213,0.00103,0.41969
CVE-2020-36214,0.00119,0.46000
CVE-2020-36215,0.00162,0.52805
CVE-2020-36216,0.00162,0.52805
CVE-2020-36217,0.00162,0.52805
CVE-2020-36218,0.00119,0.46000
CVE-2020-36219,0.00119,0.46000
CVE-2020-3622,0.00044,0.10161
CVE-2020-36220,0.00162,0.52805
CVE-2020-36221,0.07362,0.93456
CVE-2020-36222,0.05824,0.92676
CVE-2020-36223,0.00873,0.80664
CVE-2020-36224,0.01279,0.84313
CVE-2020-36225,0.01279,0.84313
CVE-2020-36226,0.00388,0.70534
CVE-2020-36227,0.05931,0.92743
CVE-2020-36228,0.08252,0.93787
CVE-2020-36229,0.03525,0.90680
CVE-2020-3623,0.00044,0.10161
CVE-2020-36230,0.00748,0.79019
CVE-2020-36231,0.00082,0.34183
CVE-2020-36232,0.00054,0.20290
CVE-2020-36233,0.00042,0.00438
CVE-2020-36234,0.00066,0.27429
CVE-2020-36235,0.00184,0.55798
CVE-2020-36236,0.00110,0.44007
CVE-2020-36237,0.00184,0.55798
CVE-2020-36238,0.00098,0.40459
CVE-2020-36239,0.01125,0.83148
CVE-2020-3624,0.00047,0.13986
CVE-2020-36240,0.00184,0.55798
CVE-2020-36241,0.00054,0.19253
CVE-2020-36242,0.00849,0.80416
CVE-2020-36243,0.28047,0.96426
CVE-2020-36244,0.00917,0.81191
CVE-2020-36245,0.00195,0.57457
CVE-2020-36246,0.00044,0.10504
CVE-2020-36247,0.00073,0.30112
CVE-2020-36248,0.00069,0.28525
CVE-2020-36249,0.00084,0.34791
CVE-2020-3625,0.00044,0.10161
CVE-2020-36250,0.00069,0.28525
CVE-2020-36251,0.00054,0.20290
CVE-2020-36252,0.00044,0.10161
CVE-2020-36254,0.00222,0.60556
CVE-2020-36255,0.00076,0.31169
CVE-2020-3626,0.00044,0.10161
CVE-2020-36277,0.00628,0.76827
CVE-2020-36278,0.00233,0.61472
CVE-2020-36279,0.00233,0.61472
CVE-2020-3628,0.00188,0.56423
CVE-2020-36280,0.00524,0.74517
CVE-2020-36281,0.00233,0.61472
CVE-2020-36282,0.00347,0.68834
CVE-2020-36283,0.00085,0.35456
CVE-2020-36284,0.00086,0.35785
CVE-2020-36285,0.00086,0.35785
CVE-2020-36286,0.00103,0.41636
CVE-2020-36287,0.00098,0.40459
CVE-2020-36288,0.00110,0.44007
CVE-2020-36289,0.91164,0.98666
CVE-2020-3629,0.00044,0.10161
CVE-2020-36290,0.00061,0.23927
CVE-2020-3630,0.00044,0.10161
CVE-2020-36306,0.00118,0.45831
CVE-2020-36307,0.00118,0.45831
CVE-2020-36308,0.00089,0.37475
CVE-2020-36309,0.00095,0.39684
CVE-2020-36310,0.00044,0.10161
CVE-2020-36311,0.00042,0.05722
CVE-2020-36312,0.00044,0.10161
CVE-2020-36313,0.00044,0.10161
CVE-2020-36314,0.00056,0.21207
CVE-2020-36315,0.00161,0.52785
CVE-2020-36316,0.00110,0.44033
CVE-2020-36317,0.00158,0.52291
CVE-2020-36318,0.00260,0.63829
CVE-2020-36319,0.00100,0.40819
CVE-2020-3632,0.00044,0.10161
CVE-2020-36320,0.00173,0.54541
CVE-2020-36321,0.00366,0.69675
CVE-2020-36322,0.00045,0.11966
CVE-2020-36323,0.00535,0.74790
CVE-2020-36324,0.00066,0.27550
CVE-2020-36325,0.00158,0.52248
CVE-2020-36326,0.00528,0.74609
CVE-2020-36327,0.01129,0.83176
CVE-2020-36328,0.00544,0.75008
CVE-2020-36329,0.00396,0.70828
CVE-2020-3633,0.00188,0.56423
CVE-2020-36330,0.00299,0.66374
CVE-2020-36331,0.00298,0.66299
CVE-2020-36332,0.00194,0.57364
CVE-2020-36333,0.00101,0.41230
CVE-2020-36334,0.00148,0.50896
CVE-2020-3634,0.00188,0.56423
CVE-2020-3635,0.00044,0.10161
CVE-2020-3636,0.00044,0.10161
CVE-2020-36363,0.00221,0.60385
CVE-2020-36364,0.00120,0.46205
CVE-2020-36365,0.00259,0.63777
CVE-2020-36366,0.00103,0.41759
CVE-2020-36367,0.00103,0.41759
CVE-2020-36368,0.00103,0.41759
CVE-2020-36369,0.00103,0.41759
CVE-2020-36370,0.00103,0.41759
CVE-2020-36371,0.00103,0.41759
CVE-2020-36372,0.00103,0.41759
CVE-2020-36373,0.00103,0.41759
CVE-2020-36374,0.00103,0.41759
CVE-2020-36375,0.00103,0.41759
CVE-2020-36376,0.00314,0.67201
CVE-2020-36377,0.00314,0.67201
CVE-2020-36378,0.00314,0.67201
CVE-2020-36379,0.00314,0.67201
CVE-2020-3638,0.00044,0.10161
CVE-2020-36380,0.00374,0.69985
CVE-2020-36381,0.00314,0.67201
CVE-2020-36382,0.00177,0.54923
CVE-2020-36383,0.00082,0.34002
CVE-2020-36384,0.00082,0.34002
CVE-2020-36385,0.00111,0.44151
CVE-2020-36386,0.00079,0.32940
CVE-2020-36387,0.00045,0.11966
CVE-2020-36388,0.00104,0.42382
CVE-2020-36389,0.00082,0.34218
CVE-2020-3639,0.00188,0.56423
CVE-2020-36394,0.00042,0.05722
CVE-2020-36395,0.00058,0.22585
CVE-2020-36396,0.00058,0.22585
CVE-2020-36397,0.00058,0.22585
CVE-2020-36398,0.00058,0.22585
CVE-2020-36399,0.00058,0.22585
CVE-2020-3640,0.00044,0.10161
CVE-2020-36400,0.00196,0.57577
CVE-2020-36401,0.00134,0.48525
CVE-2020-36402,0.00134,0.48525
CVE-2020-36403,0.00412,0.71355
CVE-2020-36404,0.00118,0.45705
CVE-2020-36405,0.00074,0.30673
CVE-2020-36406,0.00325,0.67832
CVE-2020-36407,0.00303,0.66599
CVE-2020-36408,0.00058,0.22005
CVE-2020-36409,0.00058,0.22005
CVE-2020-3641,0.00188,0.56423
CVE-2020-36410,0.00058,0.22005
CVE-2020-36411,0.00058,0.22005
CVE-2020-36412,0.00058,0.22005
CVE-2020-36413,0.00058,0.22005
CVE-2020-36414,0.00058,0.22005
CVE-2020-36415,0.00058,0.22005
CVE-2020-36416,0.00058,0.22005
CVE-2020-3642,0.00044,0.10161
CVE-2020-36420,0.00097,0.40166
CVE-2020-36421,0.00151,0.51330
CVE-2020-36422,0.00117,0.45648
CVE-2020-36423,0.00242,0.62328
CVE-2020-36424,0.00057,0.21397
CVE-2020-36425,0.00237,0.61831
CVE-2020-36426,0.00202,0.58251
CVE-2020-36427,0.00057,0.21336
CVE-2020-36428,0.00213,0.59400
CVE-2020-36429,0.00042,0.05722
CVE-2020-3643,0.00044,0.10161
CVE-2020-36430,0.00084,0.34620
CVE-2020-36431,0.00044,0.10161
CVE-2020-36432,0.00213,0.59400
CVE-2020-36433,0.00062,0.24806
CVE-2020-36434,0.00213,0.59400
CVE-2020-36435,0.00213,0.59400
CVE-2020-36436,0.00213,0.59400
CVE-2020-36437,0.00213,0.59400
CVE-2020-36438,0.00213,0.59400
CVE-2020-36439,0.00213,0.59400
CVE-2020-3644,0.00042,0.05722
CVE-2020-36440,0.00213,0.59400
CVE-2020-36441,0.00213,0.59400
CVE-2020-36442,0.00213,0.59400
CVE-2020-36443,0.00213,0.59400
CVE-2020-36444,0.00213,0.59400
CVE-2020-36445,0.00213,0.59400
CVE-2020-36446,0.00213,0.59400
CVE-2020-36447,0.00234,0.61593
CVE-2020-36448,0.00194,0.57318
CVE-2020-36449,0.00194,0.57318
CVE-2020-3645,0.00103,0.41969
CVE-2020-36450,0.00194,0.57318
CVE-2020-36451,0.00194,0.57318
CVE-2020-36452,0.00221,0.60385
CVE-2020-36453,0.00208,0.58762
CVE-2020-36454,0.00194,0.57318
CVE-2020-36455,0.00234,0.61593
CVE-2020-36456,0.00194,0.57318
CVE-2020-36457,0.00194,0.57318
CVE-2020-36458,0.00194,0.57318
CVE-2020-36459,0.00194,0.57318
CVE-2020-3646,0.00044,0.10161
CVE-2020-36460,0.00194,0.57318
CVE-2020-36461,0.00194,0.57318
CVE-2020-36462,0.00194,0.57318
CVE-2020-36463,0.00194,0.57318
CVE-2020-36464,0.00088,0.37038
CVE-2020-36465,0.00088,0.37038
CVE-2020-36466,0.00088,0.37038
CVE-2020-36467,0.00088,0.37038
CVE-2020-36468,0.00088,0.37038
CVE-2020-36469,0.00088,0.37038
CVE-2020-3647,0.00044,0.10161
CVE-2020-36470,0.00088,0.37038
CVE-2020-36471,0.00088,0.37038
CVE-2020-36472,0.00088,0.37038
CVE-2020-36473,0.00065,0.27077
CVE-2020-36474,0.00213,0.59400
CVE-2020-36475,0.00329,0.68056
CVE-2020-36476,0.00163,0.53017
CVE-2020-36477,0.00072,0.29685
CVE-2020-36478,0.00187,0.56273
CVE-2020-3648,0.00044,0.10161
CVE-2020-36485,0.00048,0.14460
CVE-2020-36486,0.00078,0.32739
CVE-2020-36488,0.00087,0.36460
CVE-2020-36489,0.00058,0.22585
CVE-2020-36490,0.00058,0.22585
CVE-2020-36491,0.00058,0.22585
CVE-2020-36492,0.00058,0.22585
CVE-2020-36493,0.00058,0.22585
CVE-2020-36494,0.00078,0.32739
CVE-2020-36495,0.00078,0.32739
CVE-2020-36496,0.00078,0.32739
CVE-2020-36497,0.00078,0.32739
CVE-2020-36498,0.00058,0.22585
CVE-2020-36499,0.00058,0.22585
CVE-2020-36501,0.00058,0.22585
CVE-2020-36502,0.00078,0.32739
CVE-2020-36503,0.00112,0.44342
CVE-2020-36504,0.00069,0.28650
CVE-2020-36505,0.00074,0.30568
CVE-2020-3651,0.00103,0.41969
CVE-2020-36510,0.00106,0.42926
CVE-2020-36511,0.00133,0.48411
CVE-2020-36512,0.00213,0.59400
CVE-2020-36513,0.00213,0.59400
CVE-2020-36514,0.00213,0.59400
CVE-2020-36516,0.00075,0.30976
CVE-2020-36517,0.00230,0.61235
CVE-2020-36518,0.00218,0.59862
CVE-2020-36519,0.00058,0.22585
CVE-2020-3652,0.00188,0.56423
CVE-2020-36521,0.00101,0.41125
CVE-2020-36523,0.00053,0.18833
CVE-2020-36524,0.00053,0.18833
CVE-2020-36525,0.00053,0.18833
CVE-2020-36526,0.00053,0.18833
CVE-2020-36527,0.00053,0.18833
CVE-2020-36528,0.00064,0.26140
CVE-2020-36529,0.00074,0.30591
CVE-2020-3653,0.00188,0.56423
CVE-2020-36530,0.00078,0.32106
CVE-2020-36531,0.00099,0.40695
CVE-2020-36532,0.00129,0.47723
CVE-2020-36533,0.00833,0.80226
CVE-2020-36534,0.00102,0.41524
CVE-2020-36535,0.00083,0.34387
CVE-2020-36536,0.00083,0.34387
CVE-2020-36537,0.00083,0.34387
CVE-2020-36538,0.00087,0.36089
CVE-2020-36539,0.00142,0.49961
CVE-2020-3654,0.00332,0.68222
CVE-2020-36540,0.00142,0.49961
CVE-2020-36541,0.00163,0.52968
CVE-2020-36542,0.00240,0.62115
CVE-2020-36543,0.00104,0.42382
CVE-2020-36544,0.00058,0.22585
CVE-2020-36547,0.00044,0.10161
CVE-2020-36548,0.00044,0.10161
CVE-2020-36549,0.00044,0.10161
CVE-2020-36550,0.00266,0.64266
CVE-2020-36551,0.00266,0.64266
CVE-2020-36552,0.00266,0.64266
CVE-2020-36553,0.00266,0.64266
CVE-2020-36557,0.00055,0.20495
CVE-2020-36558,0.00055,0.20462
CVE-2020-36559,0.00092,0.38933
CVE-2020-3656,0.00044,0.10161
CVE-2020-36560,0.00140,0.49589
CVE-2020-36561,0.00140,0.49589
CVE-2020-36562,0.00071,0.29215
CVE-2020-36563,0.00068,0.28132
CVE-2020-36564,0.00063,0.25010
CVE-2020-36565,0.00070,0.28878
CVE-2020-36566,0.00089,0.37660
CVE-2020-36567,0.00153,0.51607
CVE-2020-36568,0.00491,0.73661
CVE-2020-36569,0.00141,0.49848
CVE-2020-3657,0.00888,0.80872
CVE-2020-3658,0.00208,0.58754
CVE-2020-36599,0.00214,0.59471
CVE-2020-3660,0.00295,0.66158
CVE-2020-36600,0.00078,0.32333
CVE-2020-36601,0.00078,0.32333
CVE-2020-36602,0.00056,0.21064
CVE-2020-36603,0.00051,0.17030
CVE-2020-36604,0.00187,0.56249
CVE-2020-36605,0.00042,0.05722
CVE-2020-36607,0.00100,0.40985
CVE-2020-36608,0.00054,0.19178
CVE-2020-36609,0.00051,0.17233
CVE-2020-3661,0.00332,0.68222
CVE-2020-36610,0.00080,0.33382
CVE-2020-36611,0.00042,0.05722
CVE-2020-36615,0.00055,0.20747
CVE-2020-36617,0.00180,0.55345
CVE-2020-36618,0.00134,0.48520
CVE-2020-36619,0.00668,0.77673
CVE-2020-3662,0.00332,0.68222
CVE-2020-36620,0.00176,0.54855
CVE-2020-36621,0.00080,0.33462
CVE-2020-36622,0.00083,0.34594
CVE-2020-36623,0.00083,0.34594
CVE-2020-36624,0.00080,0.33283
CVE-2020-36625,0.00096,0.39846
CVE-2020-36626,0.00070,0.28860
CVE-2020-36627,0.00063,0.25093
CVE-2020-36628,0.00148,0.50887
CVE-2020-36629,0.00108,0.43479
CVE-2020-3663,0.00225,0.60856
CVE-2020-36630,0.00460,0.72795
CVE-2020-36631,0.00144,0.50223
CVE-2020-36632,0.00455,0.72663
CVE-2020-36633,0.00067,0.27691
CVE-2020-36634,0.00075,0.30886
CVE-2020-36635,0.00075,0.30886
CVE-2020-36636,0.00080,0.33283
CVE-2020-36637,0.00073,0.30141
CVE-2020-36638,0.00073,0.30141
CVE-2020-36639,0.00130,0.47840
CVE-2020-3664,0.00044,0.10161
CVE-2020-36640,0.00127,0.47343
CVE-2020-36641,0.00127,0.47343
CVE-2020-36642,0.00102,0.41481
CVE-2020-36644,0.00240,0.62107
CVE-2020-36645,0.00118,0.45809
CVE-2020-36646,0.00452,0.72579
CVE-2020-36647,0.00067,0.27822
CVE-2020-36648,0.00132,0.48219
CVE-2020-36649,0.00147,0.50640
CVE-2020-3665,0.00044,0.10161
CVE-2020-36650,0.00042,0.05722
CVE-2020-36651,0.00080,0.33283
CVE-2020-36652,0.00042,0.05722
CVE-2020-36653,0.00251,0.63122
CVE-2020-36654,0.00251,0.63122
CVE-2020-36655,0.00592,0.76069
CVE-2020-36656,0.00051,0.17337
CVE-2020-36657,0.00042,0.05722
CVE-2020-36658,0.00100,0.41005
CVE-2020-36659,0.00100,0.41005
CVE-2020-3666,0.00044,0.10161
CVE-2020-36660,0.00060,0.23610
CVE-2020-36661,0.00061,0.24205
CVE-2020-36663,0.00094,0.39463
CVE-2020-36664,0.00094,0.39463
CVE-2020-36665,0.00063,0.25043
CVE-2020-36666,0.00050,0.16785
CVE-2020-36667,0.00045,0.11801
CVE-2020-36668,0.00045,0.11801
CVE-2020-36669,0.00102,0.41513
CVE-2020-3667,0.00332,0.68222
CVE-2020-36670,0.00044,0.10862
CVE-2020-3668,0.00332,0.68222
CVE-2020-3669,0.00332,0.68222
CVE-2020-36691,0.00043,0.06775
CVE-2020-36692,0.00049,0.15110
CVE-2020-36694,0.00042,0.05722
CVE-2020-36695,0.00043,0.06775
CVE-2020-36696,0.00103,0.41728
CVE-2020-36697,0.00090,0.37702
CVE-2020-36698,0.00060,0.23237
CVE-2020-36699,0.00058,0.22006
CVE-2020-3670,0.00208,0.58754
CVE-2020-36700,0.00055,0.20370
CVE-2020-36701,0.00059,0.23154
CVE-2020-36702,0.00045,0.11801
CVE-2020-36703,0.00045,0.11801
CVE-2020-36704,0.00045,0.11801
CVE-2020-36705,0.00644,0.77126
CVE-2020-36706,0.00466,0.72938
CVE-2020-36707,0.00063,0.25580
CVE-2020-36708,0.00578,0.75734
CVE-2020-36709,0.00050,0.15935
CVE-2020-3671,0.00295,0.66158
CVE-2020-36710,0.00089,0.37464
CVE-2020-36711,0.00051,0.17093
CVE-2020-36712,0.00069,0.28451
CVE-2020-36713,0.00110,0.43916
CVE-2020-36714,0.00050,0.16404
CVE-2020-36715,0.00050,0.16467
CVE-2020-36716,0.00063,0.25104
CVE-2020-36717,0.00086,0.35704
CVE-2020-36718,0.00202,0.58227
CVE-2020-36719,0.00152,0.51399
CVE-2020-36720,0.00062,0.24475
CVE-2020-36721,0.00091,0.38128
CVE-2020-36722,0.00058,0.21555
CVE-2020-36723,0.00063,0.25056
CVE-2020-36724,0.00110,0.43916
CVE-2020-36725,0.00061,0.23773
CVE-2020-36726,0.00066,0.27290
CVE-2020-36727,0.00108,0.43483
CVE-2020-36728,0.00141,0.49842
CVE-2020-36729,0.00049,0.15855
CVE-2020-3673,0.00332,0.68222
CVE-2020-36730,0.00117,0.45557
CVE-2020-36731,0.00072,0.29894
CVE-2020-36732,0.00060,0.23724
CVE-2020-36735,0.00078,0.32619
CVE-2020-36736,0.00078,0.32619
CVE-2020-36737,0.00078,0.32619
CVE-2020-36738,0.00095,0.39571
CVE-2020-36739,0.00095,0.39571
CVE-2020-3674,0.00044,0.10161
CVE-2020-36740,0.00112,0.44334
CVE-2020-36741,0.00085,0.35220
CVE-2020-36742,0.00109,0.43868
CVE-2020-36743,0.00109,0.43868
CVE-2020-36744,0.00109,0.43868
CVE-2020-36745,0.00129,0.47650
CVE-2020-36746,0.00095,0.39571
CVE-2020-36747,0.00095,0.39571
CVE-2020-36748,0.00095,0.39571
CVE-2020-36749,0.00095,0.39571
CVE-2020-3675,0.00295,0.66158
CVE-2020-36750,0.00081,0.33875
CVE-2020-36751,0.00078,0.32619
CVE-2020-36752,0.00078,0.32619
CVE-2020-36753,0.00078,0.32619
CVE-2020-36754,0.00078,0.32619
CVE-2020-36755,0.00078,0.32619
CVE-2020-36756,0.00080,0.33321
CVE-2020-36757,0.00081,0.33875
CVE-2020-36758,0.00078,0.32619
CVE-2020-36759,0.00078,0.32619
CVE-2020-3676,0.00044,0.10161
CVE-2020-36760,0.00071,0.29440
CVE-2020-36761,0.00071,0.29440
CVE-2020-36762,0.00595,0.76117
CVE-2020-36763,0.00052,0.17702
CVE-2020-36766,0.00043,0.06775
CVE-2020-36767,0.00048,0.14563
CVE-2020-36768,0.00058,0.22658
CVE-2020-36769,0.00045,0.11801
CVE-2020-36770,0.00094,0.39326
CVE-2020-36771,0.00045,0.11981
CVE-2020-36772,0.00042,0.05722
CVE-2020-3678,0.00044,0.10161
CVE-2020-3679,0.00044,0.10161
CVE-2020-3680,0.00044,0.10161
CVE-2020-3681,0.00188,0.56423
CVE-2020-3684,0.00044,0.10161
CVE-2020-3685,0.00129,0.47649
CVE-2020-3686,0.00295,0.66158
CVE-2020-3687,0.00042,0.05722
CVE-2020-3688,0.00332,0.68222
CVE-2020-3690,0.00044,0.10161
CVE-2020-3691,0.00295,0.66158
CVE-2020-3692,0.00332,0.68222
CVE-2020-3693,0.00044,0.10161
CVE-2020-3694,0.00044,0.10161
CVE-2020-3696,0.00044,0.10161
CVE-2020-3698,0.00225,0.60856
CVE-2020-3699,0.00295,0.66158
CVE-2020-3700,0.00153,0.51607
CVE-2020-3701,0.00044,0.10161
CVE-2020-3702,0.00070,0.29088
CVE-2020-3703,0.00208,0.58754
CVE-2020-3704,0.00129,0.47649
CVE-2020-3710,0.00093,0.39194
CVE-2020-3711,0.00093,0.39194
CVE-2020-3712,0.00093,0.39194
CVE-2020-3713,0.00093,0.39194
CVE-2020-3714,0.00093,0.39194
CVE-2020-3715,0.00079,0.33110
CVE-2020-3716,0.00497,0.73805
CVE-2020-3717,0.00133,0.48352
CVE-2020-3718,0.00169,0.53831
CVE-2020-3719,0.00105,0.42464
CVE-2020-3720,0.01603,0.86106
CVE-2020-3721,0.01603,0.86106
CVE-2020-3722,0.01603,0.86106
CVE-2020-3723,0.01603,0.86106
CVE-2020-3724,0.01603,0.86106
CVE-2020-3725,0.01603,0.86106
CVE-2020-3726,0.01603,0.86106
CVE-2020-3727,0.01603,0.86106
CVE-2020-3728,0.01603,0.86106
CVE-2020-3729,0.01603,0.86106
CVE-2020-3730,0.01603,0.86106
CVE-2020-3731,0.07893,0.93655
CVE-2020-3732,0.01603,0.86106
CVE-2020-3733,0.01603,0.86106
CVE-2020-3734,0.01061,0.82619
CVE-2020-3735,0.07893,0.93655
CVE-2020-3736,0.01603,0.86106
CVE-2020-3737,0.01603,0.86106
CVE-2020-3738,0.01603,0.86106
CVE-2020-3739,0.01058,0.82564
CVE-2020-3740,0.02069,0.87914
CVE-2020-3741,0.00122,0.46428
CVE-2020-3742,0.01451,0.85335
CVE-2020-3743,0.00452,0.72585
CVE-2020-3744,0.00245,0.62560
CVE-2020-3745,0.00452,0.72585
CVE-2020-3746,0.00452,0.72585
CVE-2020-3747,0.00245,0.62560
CVE-2020-3748,0.00259,0.63763
CVE-2020-3749,0.00452,0.72585
CVE-2020-3750,0.00452,0.72585
CVE-2020-3751,0.00452,0.72585
CVE-2020-3752,0.00449,0.72484
CVE-2020-3753,0.00122,0.46428
CVE-2020-3754,0.00449,0.72484
CVE-2020-3755,0.00245,0.62560
CVE-2020-3756,0.00122,0.46428
CVE-2020-3757,0.00849,0.80412
CVE-2020-3758,0.00079,0.33110
CVE-2020-3759,0.00488,0.73570
CVE-2020-3760,0.00475,0.73206
CVE-2020-3761,0.00209,0.58918
CVE-2020-3762,0.00412,0.71331
CVE-2020-3763,0.00412,0.71331
CVE-2020-3764,0.00230,0.61260
CVE-2020-3765,0.01821,0.86951
CVE-2020-3766,0.00086,0.35887
CVE-2020-3767,0.00131,0.48061
CVE-2020-3768,0.00088,0.37096
CVE-2020-3769,0.00199,0.57901
CVE-2020-3770,0.00729,0.78749
CVE-2020-3771,0.00162,0.52903
CVE-2020-3772,0.00729,0.78749
CVE-2020-3773,0.00644,0.77129
CVE-2020-3774,0.00546,0.75059
CVE-2020-3775,0.00902,0.81017
CVE-2020-3776,0.00546,0.75059
CVE-2020-3777,0.00253,0.63254
CVE-2020-3778,0.00162,0.52903
CVE-2020-3779,0.00644,0.77129
CVE-2020-3780,0.00729,0.78749
CVE-2020-3781,0.00162,0.52903
CVE-2020-3782,0.00162,0.52903
CVE-2020-3783,0.00902,0.81017
CVE-2020-3784,0.00583,0.75865
CVE-2020-3785,0.00583,0.75865
CVE-2020-3786,0.00583,0.75865
CVE-2020-3787,0.00583,0.75865
CVE-2020-3788,0.00583,0.75865
CVE-2020-3789,0.00583,0.75865
CVE-2020-3790,0.00513,0.74232
CVE-2020-3791,0.00162,0.52903
CVE-2020-3792,0.00795,0.79776
CVE-2020-3793,0.00795,0.79776
CVE-2020-3794,0.00824,0.80110
CVE-2020-3795,0.00577,0.75726
CVE-2020-3796,0.00248,0.62847
CVE-2020-3797,0.00583,0.75865
CVE-2020-3798,0.00248,0.62847
CVE-2020-3799,0.02264,0.88525
CVE-2020-3800,0.00242,0.62285
CVE-2020-3801,0.00795,0.79776
CVE-2020-3802,0.00931,0.81333
CVE-2020-3803,0.00088,0.37096
CVE-2020-3804,0.00253,0.63254
CVE-2020-3805,0.00795,0.79776
CVE-2020-3806,0.00253,0.63254
CVE-2020-3807,0.01906,0.87337
CVE-2020-3808,0.00091,0.38489
CVE-2020-3809,0.00422,0.71675
CVE-2020-3810,0.00125,0.46962
CVE-2020-3811,0.00219,0.59912
CVE-2020-3812,0.00042,0.05722
CVE-2020-3825,0.00306,0.66762
CVE-2020-3826,0.00085,0.35384
CVE-2020-3827,0.00072,0.29986
CVE-2020-3828,0.00058,0.22795
CVE-2020-3829,0.00150,0.51169
CVE-2020-3830,0.00044,0.10161
CVE-2020-3831,0.00072,0.29986
CVE-2020-3833,0.00078,0.32606
CVE-2020-3834,0.00072,0.29986
CVE-2020-3835,0.00044,0.10161
CVE-2020-3836,0.00045,0.12069
CVE-2020-3837,0.00134,0.48480
CVE-2020-3838,0.00148,0.50772
CVE-2020-3839,0.00045,0.12491
CVE-2020-3840,0.00241,0.62181
CVE-2020-3841,0.00140,0.49588
CVE-2020-3842,0.00167,0.53446
CVE-2020-3843,0.00720,0.78620
CVE-2020-3844,0.00044,0.10161
CVE-2020-3845,0.00072,0.29986
CVE-2020-3846,0.00547,0.75078
CVE-2020-3847,0.00753,0.79107
CVE-2020-3848,0.01149,0.83331
CVE-2020-3849,0.01149,0.83331
CVE-2020-3850,0.01149,0.83331
CVE-2020-3851,0.00082,0.33944
CVE-2020-3852,0.00107,0.43059
CVE-2020-3853,0.00167,0.53446
CVE-2020-3854,0.00072,0.29986
CVE-2020-3855,0.00053,0.18293
CVE-2020-3856,0.00150,0.51169
CVE-2020-3857,0.00043,0.07702
CVE-2020-3858,0.00072,0.29986
CVE-2020-3859,0.00058,0.22795
CVE-2020-3860,0.00044,0.10161
CVE-2020-3861,0.00042,0.05722
CVE-2020-3862,0.00195,0.57481
CVE-2020-3863,0.00072,0.29986
CVE-2020-3864,0.00045,0.11966
CVE-2020-3865,0.00488,0.73568
CVE-2020-3866,0.00053,0.18293
CVE-2020-3867,0.00220,0.59996
CVE-2020-3868,0.00368,0.69767
CVE-2020-3869,0.00075,0.30915
CVE-2020-3870,0.00167,0.53446
CVE-2020-3871,0.00072,0.29986
CVE-2020-3872,0.00109,0.43576
CVE-2020-3873,0.00044,0.10161
CVE-2020-3874,0.00084,0.34791
CVE-2020-3875,0.00109,0.43576
CVE-2020-3877,0.00630,0.76862
CVE-2020-3878,0.00165,0.53182
CVE-2020-3880,0.00116,0.45252
CVE-2020-3881,0.00042,0.05722
CVE-2020-3882,0.00157,0.52178
CVE-2020-3883,0.00306,0.66755
CVE-2020-3884,0.00139,0.49493
CVE-2020-3885,0.00188,0.56346
CVE-2020-3886,0.00065,0.26849
CVE-2020-3887,0.00188,0.56346
CVE-2020-3888,0.00100,0.40837
CVE-2020-3889,0.00042,0.05722
CVE-2020-3890,0.00084,0.34791
CVE-2020-3891,0.00060,0.23667
CVE-2020-3892,0.00072,0.29986
CVE-2020-3893,0.00072,0.29986
CVE-2020-3894,0.01494,0.85538
CVE-2020-3895,0.00821,0.80075
CVE-2020-3896,0.00051,0.17428
CVE-2020-3897,0.01204,0.83779
CVE-2020-3898,0.00044,0.10161
CVE-2020-3899,0.00896,0.80950
CVE-2020-3900,0.00821,0.80075
CVE-2020-3901,0.00812,0.79960
CVE-2020-3902,0.00596,0.76137
CVE-2020-3903,0.00072,0.29986
CVE-2020-3904,0.00072,0.29986
CVE-2020-3905,0.00072,0.29986
CVE-2020-3906,0.00059,0.23012
CVE-2020-3907,0.00042,0.05722
CVE-2020-3908,0.00042,0.05722
CVE-2020-3909,0.00702,0.78273
CVE-2020-3910,0.00966,0.81706
CVE-2020-3911,0.00966,0.81710
CVE-2020-3912,0.00042,0.05722
CVE-2020-3913,0.00111,0.44126
CVE-2020-3914,0.00084,0.34923
CVE-2020-3915,0.00045,0.12491
CVE-2020-3916,0.00090,0.37972
CVE-2020-3917,0.00047,0.13943
CVE-2020-3918,0.00042,0.05722
CVE-2020-3919,0.00121,0.46302
CVE-2020-3920,0.00065,0.26756
CVE-2020-3921,0.00168,0.53801
CVE-2020-3922,0.00204,0.58366
CVE-2020-3923,0.00328,0.68002
CVE-2020-3924,0.00235,0.61731
CVE-2020-3925,0.00777,0.79487
CVE-2020-3926,0.00149,0.50995
CVE-2020-3927,0.00071,0.29313
CVE-2020-3928,0.00263,0.64030
CVE-2020-3929,0.00128,0.47518
CVE-2020-3930,0.00044,0.10161
CVE-2020-3931,0.00379,0.70174
CVE-2020-3932,0.00168,0.53801
CVE-2020-3933,0.00081,0.33552
CVE-2020-3934,0.00164,0.53121
CVE-2020-3935,0.00126,0.47166
CVE-2020-3936,0.00222,0.60556
CVE-2020-3937,0.00110,0.44071
CVE-2020-3938,0.00149,0.50995
CVE-2020-3939,0.00066,0.27550
CVE-2020-3940,0.00138,0.49318
CVE-2020-3941,0.00044,0.10161
CVE-2020-3943,0.00660,0.77493
CVE-2020-3944,0.00296,0.66200
CVE-2020-3945,0.00272,0.64677
CVE-2020-3946,0.00103,0.41969
CVE-2020-3947,0.00135,0.48687
CVE-2020-3948,0.00045,0.12491
CVE-2020-3950,0.00456,0.72684
CVE-2020-3951,0.00044,0.10161
CVE-2020-3952,0.73724,0.97863
CVE-2020-3953,0.00054,0.20290
CVE-2020-3954,0.00078,0.32606
CVE-2020-3955,0.00124,0.46779
CVE-2020-3956,0.88813,0.98490
CVE-2020-3957,0.00042,0.05722
CVE-2020-3958,0.00044,0.10161
CVE-2020-3959,0.00044,0.10161
CVE-2020-3960,0.00044,0.10161
CVE-2020-3961,0.00042,0.05722
CVE-2020-3962,0.00267,0.64332
CVE-2020-3963,0.00060,0.23687
CVE-2020-3964,0.00060,0.23687
CVE-2020-3965,0.00060,0.23687
CVE-2020-3966,0.00045,0.12491
CVE-2020-3967,0.00045,0.12491
CVE-2020-3968,0.00045,0.12491
CVE-2020-3969,0.00045,0.12491
CVE-2020-3970,0.00045,0.12491
CVE-2020-3971,0.00044,0.10161
CVE-2020-3972,0.00044,0.10161
CVE-2020-3973,0.00101,0.41077
CVE-2020-3974,0.00044,0.10161
CVE-2020-3975,0.00054,0.20290
CVE-2020-3976,0.00092,0.38838
CVE-2020-3977,0.00054,0.20290
CVE-2020-3979,0.00072,0.29986
CVE-2020-3980,0.00044,0.10161
CVE-2020-3981,0.00161,0.52758
CVE-2020-3982,0.00110,0.44029
CVE-2020-3984,0.00063,0.24912
CVE-2020-3985,0.00101,0.41077
CVE-2020-3986,0.00045,0.12491
CVE-2020-3987,0.00045,0.12491
CVE-2020-3988,0.00045,0.12491
CVE-2020-3989,0.00045,0.12491
CVE-2020-3990,0.00045,0.12491
CVE-2020-3991,0.00044,0.10161
CVE-2020-3992,0.29476,0.96501
CVE-2020-3993,0.00065,0.27048
CVE-2020-3994,0.00110,0.44092
CVE-2020-3995,0.00081,0.33872
CVE-2020-3996,0.00044,0.10161
CVE-2020-3997,0.00054,0.20290
CVE-2020-3998,0.00060,0.23591
CVE-2020-3999,0.00045,0.12491
CVE-2020-4000,0.00127,0.47344
CVE-2020-4001,0.00182,0.55549
CVE-2020-4002,0.00105,0.42562
CVE-2020-4003,0.00063,0.24912
CVE-2020-4004,0.00044,0.10161
CVE-2020-4005,0.00044,0.10161
CVE-2020-4006,0.47822,0.97175
CVE-2020-4008,0.00044,0.10161
CVE-2020-4013,0.00066,0.27429
CVE-2020-4014,0.00082,0.34183
CVE-2020-4015,0.00075,0.30774
CVE-2020-4016,0.00204,0.58357
CVE-2020-4017,0.00204,0.58357
CVE-2020-4018,0.00115,0.45168
CVE-2020-4019,0.00058,0.22614
CVE-2020-4020,0.00482,0.73400
CVE-2020-4021,0.00066,0.27429
CVE-2020-4022,0.00113,0.44648
CVE-2020-4023,0.00136,0.49006
CVE-2020-4024,0.00066,0.27429
CVE-2020-4025,0.00066,0.27429
CVE-2020-4026,0.00082,0.34183
CVE-2020-4027,0.00105,0.42653
CVE-2020-4028,0.00125,0.46895
CVE-2020-4029,0.00082,0.34183
CVE-2020-4030,0.00257,0.63602
CVE-2020-4031,0.00647,0.77184
CVE-2020-4032,0.00144,0.50200
CVE-2020-4033,0.00257,0.63604
CVE-2020-4035,0.00076,0.31394
CVE-2020-4037,0.00066,0.27550
CVE-2020-4038,0.00161,0.52702
CVE-2020-4039,0.00244,0.62525
CVE-2020-4040,0.00252,0.63165
CVE-2020-4041,0.00482,0.73421
CVE-2020-4042,0.00090,0.37972
CVE-2020-4043,0.00286,0.65537
CVE-2020-4044,0.00061,0.24111
CVE-2020-4045,0.00150,0.51061
CVE-2020-4046,0.00405,0.71096
CVE-2020-4047,0.00106,0.42834
CVE-2020-4048,0.00101,0.41215
CVE-2020-4049,0.00123,0.46654
CVE-2020-4050,0.00105,0.42538
CVE-2020-4051,0.00359,0.69365
CVE-2020-4052,0.00066,0.27550
CVE-2020-4053,0.00178,0.55092
CVE-2020-4054,0.00145,0.50402
CVE-2020-4059,0.00222,0.60617
CVE-2020-4060,0.00072,0.29893
CVE-2020-4061,0.00062,0.24442
CVE-2020-4062,0.00044,0.10161
CVE-2020-4066,0.00162,0.52917
CVE-2020-4067,0.00603,0.76283
CVE-2020-4068,0.00345,0.68752
CVE-2020-4070,0.00054,0.20290
CVE-2020-4071,0.00063,0.25202
CVE-2020-4072,0.00135,0.48828
CVE-2020-4074,0.00231,0.61336
CVE-2020-4075,0.00178,0.55045
CVE-2020-4076,0.00070,0.28775
CVE-2020-4077,0.00104,0.42231
CVE-2020-4079,0.00065,0.26756
CVE-2020-4080,0.00151,0.51276
CVE-2020-4081,0.00078,0.32606
CVE-2020-4082,0.00072,0.29718
CVE-2020-4083,0.00042,0.05722
CVE-2020-4084,0.00054,0.20290
CVE-2020-4085,0.00062,0.24461
CVE-2020-4089,0.00157,0.52178
CVE-2020-4092,0.00078,0.32743
CVE-2020-4095,0.00044,0.10161
CVE-2020-4097,0.00079,0.33022
CVE-2020-4099,0.00064,0.26338
CVE-2020-4100,0.00044,0.10161
CVE-2020-4101,0.00222,0.60556
CVE-2020-4102,0.00044,0.10161
CVE-2020-4104,0.00054,0.20290
CVE-2020-4107,0.00042,0.05722
CVE-2020-4125,0.00060,0.23261
CVE-2020-4126,0.00247,0.62738
CVE-2020-4127,0.00068,0.28216
CVE-2020-4128,0.00089,0.37649
CVE-2020-4129,0.00089,0.37649
CVE-2020-4135,0.00160,0.52642
CVE-2020-4138,0.00044,0.10161
CVE-2020-4140,0.00050,0.16691
CVE-2020-4146,0.00099,0.40577
CVE-2020-4150,0.00116,0.45323
CVE-2020-4151,0.00050,0.16691
CVE-2020-4152,0.00098,0.40463
CVE-2020-4153,0.00050,0.16691
CVE-2020-4157,0.00077,0.32071
CVE-2020-4159,0.00106,0.42794
CVE-2020-4160,0.00174,0.54581
CVE-2020-4161,0.00076,0.31433
CVE-2020-4162,0.00050,0.16691
CVE-2020-4163,0.00093,0.39184
CVE-2020-4164,0.00050,0.16691
CVE-2020-4165,0.00066,0.27156
CVE-2020-4166,0.00103,0.41597
CVE-2020-4167,0.00063,0.24923
CVE-2020-4169,0.00107,0.43309
CVE-2020-4170,0.00052,0.17570
CVE-2020-4171,0.00050,0.16691
CVE-2020-4172,0.00064,0.26231
CVE-2020-4173,0.00075,0.31125
CVE-2020-4174,0.00107,0.43309
CVE-2020-4175,0.00186,0.56058
CVE-2020-4177,0.00118,0.45738
CVE-2020-4180,0.00169,0.53912
CVE-2020-4182,0.00068,0.28038
CVE-2020-4183,0.00068,0.28038
CVE-2020-4184,0.00079,0.33084
CVE-2020-4185,0.00107,0.43309
CVE-2020-4186,0.00064,0.26231
CVE-2020-4187,0.00064,0.26231
CVE-2020-4188,0.00064,0.26231
CVE-2020-4189,0.00050,0.16691
CVE-2020-4190,0.00044,0.10161
CVE-2020-4191,0.00044,0.10161
CVE-2020-4193,0.00356,0.69250
CVE-2020-4195,0.00066,0.27156
CVE-2020-4196,0.00050,0.16691
CVE-2020-4197,0.00048,0.14797
CVE-2020-4198,0.00050,0.16691
CVE-2020-4199,0.00052,0.17570
CVE-2020-4200,0.00076,0.31433
CVE-2020-4202,0.00093,0.39184
CVE-2020-4203,0.00072,0.29463
CVE-2020-4204,0.00042,0.05722
CVE-2020-4205,0.00072,0.29678
CVE-2020-4206,0.28644,0.96459
CVE-2020-4207,0.00550,0.75142
CVE-2020-4208,0.00429,0.71854
CVE-2020-4209,0.00230,0.61209
CVE-2020-4210,0.32517,0.96635
CVE-2020-4211,0.32517,0.96635
CVE-2020-4212,0.02263,0.88525
CVE-2020-4213,0.32517,0.96635
CVE-2020-4214,0.00563,0.75420
CVE-2020-4216,0.00515,0.74274
CVE-2020-4217,0.00084,0.34936
CVE-2020-4222,0.32517,0.96635
CVE-2020-4223,0.00050,0.16691
CVE-2020-4224,0.00042,0.05722
CVE-2020-4226,0.00108,0.43399
CVE-2020-4229,0.00079,0.33084
CVE-2020-4230,0.00042,0.05722
CVE-2020-4231,0.00050,0.16691
CVE-2020-4232,0.00107,0.43309
CVE-2020-4233,0.00103,0.41597
CVE-2020-4235,0.00050,0.16691
CVE-2020-4236,0.00076,0.31433
CVE-2020-4237,0.00068,0.28329
CVE-2020-4238,0.00068,0.28329
CVE-2020-4239,0.00103,0.41597
CVE-2020-4240,0.00304,0.66662
CVE-2020-4241,0.10895,0.94616
CVE-2020-4242,0.10895,0.94616
CVE-2020-4243,0.00093,0.39257
CVE-2020-4244,0.00064,0.26231
CVE-2020-4245,0.00107,0.43309
CVE-2020-4246,0.00116,0.45281
CVE-2020-4248,0.00076,0.31371
CVE-2020-4249,0.00057,0.21364
CVE-2020-4251,0.00050,0.16691
CVE-2020-4252,0.00050,0.16691
CVE-2020-4253,0.00093,0.39184
CVE-2020-4254,0.00107,0.43309
CVE-2020-4257,0.00077,0.31972
CVE-2020-4258,0.00077,0.31972
CVE-2020-4259,0.00050,0.16691
CVE-2020-4260,0.00050,0.16691
CVE-2020-4261,0.00077,0.31972
CVE-2020-4262,0.00077,0.31972
CVE-2020-4263,0.00077,0.31972
CVE-2020-4264,0.00077,0.31972
CVE-2020-4265,0.00042,0.05722
CVE-2020-4266,0.00077,0.31972
CVE-2020-4267,0.00076,0.31433
CVE-2020-4268,0.00050,0.16691
CVE-2020-4269,0.00279,0.65120
CVE-2020-4270,0.00042,0.05722
CVE-2020-4271,0.01780,0.86765
CVE-2020-4272,0.03196,0.90233
CVE-2020-4273,0.00044,0.10161
CVE-2020-4274,0.01585,0.86014
CVE-2020-4276,0.00093,0.39184
CVE-2020-4277,0.00107,0.43309
CVE-2020-4278,0.00042,0.05722
CVE-2020-4280,0.39813,0.96923
CVE-2020-4281,0.00050,0.16691
CVE-2020-4282,0.00050,0.16691
CVE-2020-4283,0.00079,0.32888
CVE-2020-4284,0.00064,0.26231
CVE-2020-4285,0.08437,0.93845
CVE-2020-4286,0.00052,0.17570
CVE-2020-4287,0.08437,0.93845
CVE-2020-4288,0.08437,0.93845
CVE-2020-4289,0.00103,0.41597
CVE-2020-4290,0.00050,0.16691
CVE-2020-4291,0.00075,0.31125
CVE-2020-4292,0.00064,0.26231
CVE-2020-4294,0.01893,0.87276
CVE-2020-4295,0.00050,0.16691
CVE-2020-4297,0.00050,0.16691
CVE-2020-4298,0.00050,0.16691
CVE-2020-4299,0.00050,0.16691
CVE-2020-4300,0.00227,0.60980
CVE-2020-4301,0.00074,0.30707
CVE-2020-4302,0.00152,0.51416
CVE-2020-4303,0.00068,0.28038
CVE-2020-4304,0.00068,0.28038
CVE-2020-4305,0.00659,0.77415
CVE-2020-4306,0.00050,0.16691
CVE-2020-4307,0.00050,0.16887
CVE-2020-4309,0.00064,0.26231
CVE-2020-4310,0.00071,0.29329
CVE-2020-4311,0.00042,0.05722
CVE-2020-4312,0.00050,0.16691
CVE-2020-4315,0.00075,0.31125
CVE-2020-4316,0.00068,0.28038
CVE-2020-4317,0.00050,0.16691
CVE-2020-4318,0.00050,0.16691
CVE-2020-4319,0.00044,0.08096
CVE-2020-4320,0.00076,0.31433
CVE-2020-4322,0.00117,0.45614
CVE-2020-4323,0.00068,0.28038
CVE-2020-4324,0.00076,0.31371
CVE-2020-4325,0.00076,0.31433
CVE-2020-4327,0.00103,0.41597
CVE-2020-4328,0.00094,0.39282
CVE-2020-4329,0.00076,0.31371
CVE-2020-4336,0.00064,0.26231
CVE-2020-4337,0.00073,0.30144
CVE-2020-4338,0.00042,0.05722
CVE-2020-4340,0.00067,0.27621
CVE-2020-4341,0.00103,0.41597
CVE-2020-4342,0.00064,0.26231
CVE-2020-4343,0.00257,0.63588
CVE-2020-4344,0.00044,0.10161
CVE-2020-4345,0.00042,0.05722
CVE-2020-4346,0.00064,0.26231
CVE-2020-4347,0.00079,0.33084
CVE-2020-4348,0.00050,0.16691
CVE-2020-4349,0.00107,0.43309
CVE-2020-4350,0.00107,0.43309
CVE-2020-4352,0.00044,0.10161
CVE-2020-4353,0.00050,0.16887
CVE-2020-4354,0.00057,0.21292
CVE-2020-4355,0.00128,0.47381
CVE-2020-4357,0.00076,0.31371
CVE-2020-4358,0.00050,0.16691
CVE-2020-4360,0.00050,0.16691
CVE-2020-4361,0.00076,0.31371
CVE-2020-4362,0.00093,0.39184
CVE-2020-4363,0.00042,0.05722
CVE-2020-4364,0.00050,0.16691
CVE-2020-4365,0.00076,0.31371
CVE-2020-4366,0.00068,0.28038
CVE-2020-4367,0.00107,0.43309
CVE-2020-4369,0.00044,0.10161
CVE-2020-4371,0.00042,0.05722
CVE-2020-4372,0.00042,0.05722
CVE-2020-4375,0.00084,0.34936
CVE-2020-4376,0.00065,0.26828
CVE-2020-4377,0.00158,0.52258
CVE-2020-4378,0.00050,0.16691
CVE-2020-4379,0.00107,0.43309
CVE-2020-4380,0.00050,0.16691
CVE-2020-4381,0.00076,0.31433
CVE-2020-4382,0.00044,0.10161
CVE-2020-4383,0.00076,0.31433
CVE-2020-4384,0.00050,0.16691
CVE-2020-4385,0.00118,0.45738
CVE-2020-4386,0.00042,0.05722
CVE-2020-4387,0.00042,0.05722
CVE-2020-4388,0.00084,0.34936
CVE-2020-4395,0.00050,0.16691
CVE-2020-4396,0.00050,0.16691
CVE-2020-4397,0.00098,0.40401
CVE-2020-4399,0.00076,0.31433
CVE-2020-4400,0.00229,0.61134
CVE-2020-4405,0.00050,0.16691
CVE-2020-4406,0.00066,0.27156
CVE-2020-4408,0.00051,0.17141
CVE-2020-4409,0.00193,0.57275
CVE-2020-4410,0.00050,0.16691
CVE-2020-4411,0.00048,0.14790
CVE-2020-4412,0.00079,0.33084
CVE-2020-4413,0.00186,0.56058
CVE-2020-4414,0.00042,0.05722
CVE-2020-4415,0.01314,0.84558
CVE-2020-4419,0.00050,0.16691
CVE-2020-4420,0.00108,0.43403
CVE-2020-4421,0.00050,0.16691
CVE-2020-4422,0.00257,0.63588
CVE-2020-4427,0.01410,0.85119
CVE-2020-4428,0.00401,0.70997
CVE-2020-4429,0.02364,0.88764
CVE-2020-4430,0.96062,0.99377
CVE-2020-4431,0.00050,0.16691
CVE-2020-4432,0.00081,0.33905
CVE-2020-4433,0.00417,0.71521
CVE-2020-4434,0.00113,0.44665
CVE-2020-4435,0.00115,0.45185
CVE-2020-4436,0.00113,0.44665
CVE-2020-4445,0.00050,0.16691
CVE-2020-4446,0.00076,0.31371
CVE-2020-4447,0.00050,0.16691
CVE-2020-4448,0.01991,0.87640
CVE-2020-4449,0.01123,0.83134
CVE-2020-4450,0.01991,0.87640
CVE-2020-4452,0.00107,0.43309
CVE-2020-4459,0.00118,0.45738
CVE-2020-4461,0.00050,0.16691
CVE-2020-4462,0.00204,0.58453
CVE-2020-4463,0.76538,0.97941
CVE-2020-4464,0.01268,0.84250
CVE-2020-4465,0.00107,0.43263
CVE-2020-4466,0.00116,0.45343
CVE-2020-4467,0.08437,0.93845
CVE-2020-4468,0.08437,0.93845
CVE-2020-4469,0.43096,0.97023
CVE-2020-4470,0.00430,0.71899
CVE-2020-4471,0.00100,0.40877
CVE-2020-4475,0.00144,0.50203
CVE-2020-4476,0.00229,0.61134
CVE-2020-4477,0.00057,0.21364
CVE-2020-4481,0.00158,0.52242
CVE-2020-4482,0.00050,0.16691
CVE-2020-4483,0.00076,0.31371
CVE-2020-4484,0.00050,0.16691
CVE-2020-4485,0.00076,0.31433
CVE-2020-4486,0.00076,0.31433
CVE-2020-4487,0.00076,0.31371
CVE-2020-4490,0.00085,0.35404
CVE-2020-4491,0.00042,0.05722
CVE-2020-4492,0.00042,0.05722
CVE-2020-4493,0.00112,0.44391
CVE-2020-4494,0.00107,0.43141
CVE-2020-4495,0.00235,0.61732
CVE-2020-4496,0.00077,0.31673
CVE-2020-4497,0.00111,0.44249
CVE-2020-4498,0.00042,0.05722
CVE-2020-4499,0.00151,0.51303
CVE-2020-4503,0.00068,0.28038
CVE-2020-4509,0.00103,0.41716
CVE-2020-4510,0.00116,0.45281
CVE-2020-4511,0.00076,0.31433
CVE-2020-4512,0.00178,0.54980
CVE-2020-4513,0.00068,0.28038
CVE-2020-4516,0.00050,0.16691
CVE-2020-4520,0.00422,0.71676
CVE-2020-4521,0.00920,0.81223
CVE-2020-4522,0.00050,0.16691
CVE-2020-4524,0.00050,0.16691
CVE-2020-4525,0.00050,0.16691
CVE-2020-4526,0.00052,0.17570
CVE-2020-4527,0.00195,0.57458
CVE-2020-4528,0.00042,0.05722
CVE-2020-4529,0.00072,0.29678
CVE-2020-4530,0.00050,0.16691
CVE-2020-4531,0.00103,0.41597
CVE-2020-4532,0.00103,0.41597
CVE-2020-4533,0.00068,0.28038
CVE-2020-4534,0.00042,0.05722
CVE-2020-4535,0.00050,0.16691
CVE-2020-4536,0.00076,0.31371
CVE-2020-4539,0.00068,0.28038
CVE-2020-4541,0.00068,0.28038
CVE-2020-4542,0.00050,0.16691
CVE-2020-4544,0.00076,0.31371
CVE-2020-4545,0.00299,0.66364
CVE-2020-4546,0.00050,0.16691
CVE-2020-4547,0.00066,0.27156
CVE-2020-4548,0.00050,0.16691
CVE-2020-4549,0.00077,0.31972
CVE-2020-4550,0.00077,0.31972
CVE-2020-4551,0.00077,0.31972
CVE-2020-4552,0.00077,0.31972
CVE-2020-4553,0.00077,0.31972
CVE-2020-4554,0.00077,0.31972
CVE-2020-4555,0.00087,0.36029
CVE-2020-4556,0.00043,0.06775
CVE-2020-4557,0.00050,0.16691
CVE-2020-4559,0.00084,0.34936
CVE-2020-4560,0.00068,0.28038
CVE-2020-4561,0.00649,0.77234
CVE-2020-4562,0.00100,0.40972
CVE-2020-4564,0.00057,0.21254
CVE-2020-4565,0.00107,0.43309
CVE-2020-4566,0.00057,0.21364
CVE-2020-4567,0.00356,0.69250
CVE-2020-4568,0.00042,0.05722
CVE-2020-4569,0.00070,0.28885
CVE-2020-4572,0.00103,0.41597
CVE-2020-4573,0.00064,0.26231
CVE-2020-4574,0.00107,0.43309
CVE-2020-4575,0.00068,0.28038
CVE-2020-4576,0.00229,0.61134
CVE-2020-4578,0.00050,0.16691
CVE-2020-4579,0.00099,0.40676
CVE-2020-4580,0.00128,0.47391
CVE-2020-4581,0.00128,0.47391
CVE-2020-4584,0.00229,0.61134
CVE-2020-4587,0.00042,0.05722
CVE-2020-4588,0.00069,0.28559
CVE-2020-4589,0.00421,0.71637
CVE-2020-4590,0.00076,0.31433
CVE-2020-4591,0.00044,0.10161
CVE-2020-4592,0.00050,0.16691
CVE-2020-4593,0.00042,0.05722
CVE-2020-4594,0.00107,0.43309
CVE-2020-4595,0.00107,0.43309
CVE-2020-4596,0.00107,0.43309
CVE-2020-4597,0.00075,0.31125
CVE-2020-4598,0.00094,0.39362
CVE-2020-4599,0.00103,0.41597
CVE-2020-4600,0.00103,0.41597
CVE-2020-4602,0.00042,0.05722
CVE-2020-4603,0.00093,0.39184
CVE-2020-4604,0.00042,0.05722
CVE-2020-4606,0.00042,0.05780
CVE-2020-4607,0.00042,0.05722
CVE-2020-4609,0.00042,0.05722
CVE-2020-4610,0.00042,0.05722
CVE-2020-4611,0.00093,0.39184
CVE-2020-4612,0.00057,0.21449
CVE-2020-4613,0.00107,0.43309
CVE-2020-4614,0.00107,0.43309
CVE-2020-4615,0.00050,0.16691
CVE-2020-4616,0.00058,0.22025
CVE-2020-4617,0.00064,0.26298
CVE-2020-4618,0.00080,0.33223
CVE-2020-4619,0.00057,0.21364
CVE-2020-4620,0.00969,0.81740
CVE-2020-4621,0.00093,0.39184
CVE-2020-4622,0.00079,0.32888
CVE-2020-4623,0.00042,0.05722
CVE-2020-4624,0.00064,0.26231
CVE-2020-4625,0.00103,0.41597
CVE-2020-4626,0.00050,0.16691
CVE-2020-4627,0.00115,0.45179
CVE-2020-4628,0.00103,0.41597
CVE-2020-4629,0.00042,0.05722
CVE-2020-4631,0.00042,0.05722
CVE-2020-4632,0.00083,0.34383
CVE-2020-4633,0.00375,0.70012
CVE-2020-4635,0.00064,0.26231
CVE-2020-4636,0.00083,0.34347
CVE-2020-4638,0.00093,0.39184
CVE-2020-4640,0.00044,0.10161
CVE-2020-4642,0.00042,0.05722
CVE-2020-4643,0.00127,0.47273
CVE-2020-4644,0.00117,0.45614
CVE-2020-4645,0.00050,0.16691
CVE-2020-4646,0.00050,0.16691
CVE-2020-4647,0.00105,0.42692
CVE-2020-4648,0.00050,0.16691
CVE-2020-4649,0.00050,0.16691
CVE-2020-4650,0.00044,0.10161
CVE-2020-4651,0.00050,0.16459
CVE-2020-4653,0.00094,0.39362
CVE-2020-4654,0.00081,0.33695
CVE-2020-4655,0.00105,0.42692
CVE-2020-4657,0.00068,0.28038
CVE-2020-4658,0.00068,0.28038
CVE-2020-4660,0.00051,0.17141
CVE-2020-4661,0.00051,0.17141
CVE-2020-4662,0.00101,0.41080
CVE-2020-4663,0.00050,0.16691
CVE-2020-4664,0.00050,0.16691
CVE-2020-4665,0.00075,0.31125
CVE-2020-4666,0.00050,0.16691
CVE-2020-4667,0.00050,0.16691
CVE-2020-4668,0.00067,0.27737
CVE-2020-4669,0.00508,0.74118
CVE-2020-4670,0.00312,0.67105
CVE-2020-4671,0.00057,0.21364
CVE-2020-4672,0.00050,0.16691
CVE-2020-4673,0.00050,0.16691
CVE-2020-4674,0.00050,0.16691
CVE-2020-4675,0.00051,0.17096
CVE-2020-4678,0.00057,0.21364
CVE-2020-4679,0.00050,0.16691
CVE-2020-4680,0.00050,0.16691
CVE-2020-4681,0.00050,0.16691
CVE-2020-4682,0.00959,0.81635
CVE-2020-4685,0.00093,0.39184
CVE-2020-4686,0.00130,0.47808
CVE-2020-4687,0.00050,0.16691
CVE-2020-4688,0.00042,0.05722
CVE-2020-4689,0.00113,0.44627
CVE-2020-4690,0.00116,0.45323
CVE-2020-4691,0.00050,0.16691
CVE-2020-4692,0.00057,0.21364
CVE-2020-4693,0.00307,0.66846
CVE-2020-4695,0.00107,0.43309
CVE-2020-4696,0.00050,0.16691
CVE-2020-4697,0.00050,0.16691
CVE-2020-4698,0.00050,0.16691
CVE-2020-4699,0.00051,0.17141
CVE-2020-4700,0.00093,0.39184
CVE-2020-4701,0.00042,0.05722
CVE-2020-4702,0.00050,0.16691
CVE-2020-4703,0.00114,0.44864
CVE-2020-4704,0.00050,0.16691
CVE-2020-4705,0.00050,0.16691
CVE-2020-4706,0.00061,0.23854
CVE-2020-4707,0.00050,0.16691
CVE-2020-4708,0.00064,0.26231
CVE-2020-4711,0.00154,0.51707
CVE-2020-4717,0.00044,0.10161
CVE-2020-4718,0.00050,0.16691
CVE-2020-4719,0.00050,0.16691
CVE-2020-4721,0.00066,0.27438
CVE-2020-4722,0.00066,0.27438
CVE-2020-4723,0.00066,0.27438
CVE-2020-4724,0.00066,0.27438
CVE-2020-4725,0.00050,0.16691
CVE-2020-4726,0.00044,0.10161
CVE-2020-4727,0.00094,0.39362
CVE-2020-4729,0.00044,0.10465
CVE-2020-4731,0.00068,0.28038
CVE-2020-4732,0.00081,0.33695
CVE-2020-4733,0.00050,0.16691
CVE-2020-4739,0.00066,0.27438
CVE-2020-4740,0.00063,0.24909
CVE-2020-4741,0.00050,0.16691
CVE-2020-4747,0.00384,0.70376
CVE-2020-4748,0.00068,0.28038
CVE-2020-4749,0.00075,0.31125
CVE-2020-4755,0.00050,0.16691
CVE-2020-4756,0.00042,0.05722
CVE-2020-4757,0.00343,0.68663
CVE-2020-4759,0.00061,0.24211
CVE-2020-4760,0.00050,0.16691
CVE-2020-4761,0.00103,0.41597
CVE-2020-4762,0.00082,0.34220
CVE-2020-4763,0.00075,0.31125
CVE-2020-4764,0.00052,0.17570
CVE-2020-4765,0.00044,0.10161
CVE-2020-4766,0.00128,0.47391
CVE-2020-4767,0.00128,0.47391
CVE-2020-4768,0.00050,0.16691
CVE-2020-4771,0.00101,0.41114
CVE-2020-4772,0.00123,0.46553
CVE-2020-4773,0.00052,0.17570
CVE-2020-4774,0.00098,0.40402
CVE-2020-4775,0.00050,0.16691
CVE-2020-4776,0.00234,0.61532
CVE-2020-4778,0.00107,0.43309
CVE-2020-4779,0.00061,0.24177
CVE-2020-4780,0.00064,0.26231
CVE-2020-4781,0.00080,0.33223
CVE-2020-4782,0.00154,0.51707
CVE-2020-4783,0.00186,0.56058
CVE-2020-4785,0.00066,0.27156
CVE-2020-4786,0.00050,0.16691
CVE-2020-4787,0.00044,0.10161
CVE-2020-4788,0.00043,0.07608
CVE-2020-4789,0.00154,0.51707
CVE-2020-4790,0.00050,0.16887
CVE-2020-4791,0.00051,0.17141
CVE-2020-4792,0.00050,0.16691
CVE-2020-4794,0.00058,0.22594
CVE-2020-4795,0.00058,0.22025
CVE-2020-4799,0.00295,0.66125
CVE-2020-4803,0.00044,0.10161
CVE-2020-4805,0.00044,0.10161
CVE-2020-4809,0.00044,0.10161
CVE-2020-4811,0.00050,0.16691
CVE-2020-4815,0.00103,0.41597
CVE-2020-4816,0.00186,0.56058
CVE-2020-4820,0.00068,0.28038
CVE-2020-4821,0.00249,0.62891
CVE-2020-4825,0.00050,0.16691
CVE-2020-4826,0.00052,0.17570
CVE-2020-4827,0.00052,0.17570
CVE-2020-4828,0.00064,0.26231
CVE-2020-4829,0.00042,0.05722
CVE-2020-4831,0.00107,0.43309
CVE-2020-4832,0.00042,0.05722
CVE-2020-4838,0.00050,0.16691
CVE-2020-4839,0.00107,0.43263
CVE-2020-4840,0.00094,0.39362
CVE-2020-4841,0.00186,0.56058
CVE-2020-4842,0.00144,0.50203
CVE-2020-4843,0.00050,0.16691
CVE-2020-4845,0.00050,0.16691
CVE-2020-4846,0.00076,0.31371
CVE-2020-4848,0.00050,0.16691
CVE-2020-4849,0.00085,0.35404
CVE-2020-4850,0.00223,0.60699
CVE-2020-4851,0.00042,0.05722
CVE-2020-4854,0.00373,0.69933
CVE-2020-4855,0.00050,0.16691
CVE-2020-4856,0.00050,0.16691
CVE-2020-4857,0.00050,0.16691
CVE-2020-4863,0.00050,0.16691
CVE-2020-4864,0.00048,0.14797
CVE-2020-4865,0.00050,0.16691
CVE-2020-4866,0.00050,0.16691
CVE-2020-4868,0.00058,0.22604
CVE-2020-4869,0.00107,0.43263
CVE-2020-4870,0.00147,0.50717
CVE-2020-4871,0.00044,0.10161
CVE-2020-4873,0.00064,0.26231
CVE-2020-4875,0.00151,0.51353
CVE-2020-4876,0.00151,0.51353
CVE-2020-4877,0.00148,0.50862
CVE-2020-4879,0.00246,0.62679
CVE-2020-4881,0.00229,0.61134
CVE-2020-4882,0.00068,0.28038
CVE-2020-4883,0.00057,0.21364
CVE-2020-4884,0.00042,0.05722
CVE-2020-4885,0.00042,0.05722
CVE-2020-4886,0.00044,0.10161
CVE-2020-4887,0.00042,0.05722
CVE-2020-4888,0.11971,0.94866
CVE-2020-4889,0.00042,0.05722
CVE-2020-4890,0.00042,0.05722
CVE-2020-4891,0.00042,0.05722
CVE-2020-4892,0.00050,0.16691
CVE-2020-4893,0.00098,0.40401
CVE-2020-4895,0.00050,0.16691
CVE-2020-4896,0.00064,0.26231
CVE-2020-4897,0.00139,0.49403
CVE-2020-4898,0.00107,0.43309
CVE-2020-4899,0.00107,0.43309
CVE-2020-4900,0.00042,0.05722
CVE-2020-4901,0.00079,0.33084
CVE-2020-4902,0.00105,0.42692
CVE-2020-4903,0.00064,0.26231
CVE-2020-4904,0.00052,0.17570
CVE-2020-4905,0.00178,0.54976
CVE-2020-4906,0.00044,0.10161
CVE-2020-4907,0.00103,0.41597
CVE-2020-4908,0.00064,0.26231
CVE-2020-4909,0.00050,0.16691
CVE-2020-4910,0.00050,0.16691
CVE-2020-4912,0.00093,0.39184
CVE-2020-4913,0.00042,0.05722
CVE-2020-4914,0.00042,0.05722
CVE-2020-4916,0.00050,0.16691
CVE-2020-4917,0.00068,0.28329
CVE-2020-4918,0.00042,0.05722
CVE-2020-4919,0.00050,0.16691
CVE-2020-4920,0.00050,0.16691
CVE-2020-4921,0.00105,0.42692
CVE-2020-4925,0.00044,0.10161
CVE-2020-4926,0.00114,0.44982
CVE-2020-4927,0.00074,0.30453
CVE-2020-4928,0.00042,0.05722
CVE-2020-4929,0.00050,0.16691
CVE-2020-4931,0.00076,0.31433
CVE-2020-4932,0.00044,0.10161
CVE-2020-4933,0.00050,0.16691
CVE-2020-4934,0.00077,0.31765
CVE-2020-4935,0.00050,0.16691
CVE-2020-4937,0.00107,0.43309
CVE-2020-4938,0.00067,0.27737
CVE-2020-4941,0.00050,0.16691
CVE-2020-4942,0.00068,0.28329
CVE-2020-4944,0.00042,0.05722
CVE-2020-4945,0.00114,0.44890
CVE-2020-4949,0.00158,0.52242
CVE-2020-4951,0.00042,0.05722
CVE-2020-4952,0.00082,0.34220
CVE-2020-4953,0.00076,0.31371
CVE-2020-4954,0.00116,0.45353
CVE-2020-4955,0.00136,0.48995
CVE-2020-4956,0.00085,0.35335
CVE-2020-4957,0.00063,0.24969
CVE-2020-4958,0.00151,0.51303
CVE-2020-4964,0.00050,0.16691
CVE-2020-4965,0.00107,0.43309
CVE-2020-4966,0.00075,0.31125
CVE-2020-4967,0.00050,0.16691
CVE-2020-4968,0.00051,0.17141
CVE-2020-4969,0.00178,0.54976
CVE-2020-4970,0.00120,0.46061
CVE-2020-4974,0.00072,0.29678
CVE-2020-4975,0.00050,0.16691
CVE-2020-4976,0.00042,0.05722
CVE-2020-4977,0.00050,0.16691
CVE-2020-4979,0.00148,0.50862
CVE-2020-4980,0.00050,0.16485
CVE-2020-4981,0.00042,0.05722
CVE-2020-4983,0.00044,0.10161
CVE-2020-4985,0.00107,0.43309
CVE-2020-4987,0.00050,0.16691
CVE-2020-4988,0.00198,0.57764
CVE-2020-4989,0.00050,0.16691
CVE-2020-4990,0.00105,0.42692
CVE-2020-4992,0.00051,0.17096
CVE-2020-4993,0.00050,0.16491
CVE-2020-4994,0.00126,0.47092
CVE-2020-4995,0.00064,0.26231
CVE-2020-4996,0.00042,0.05722
CVE-2020-4997,0.00050,0.16691
CVE-2020-5000,0.00050,0.16818
CVE-2020-5001,0.00082,0.34126
CVE-2020-5002,0.00085,0.35349
CVE-2020-5003,0.00158,0.52258
CVE-2020-5004,0.00050,0.16691
CVE-2020-5008,0.00064,0.26231
CVE-2020-5013,0.00123,0.46553
CVE-2020-5014,0.00042,0.05722
CVE-2020-5015,0.00315,0.67263
CVE-2020-5016,0.00154,0.51707
CVE-2020-5017,0.00042,0.05722
CVE-2020-5018,0.00107,0.43309
CVE-2020-5019,0.00080,0.33275
CVE-2020-5020,0.00094,0.39362
CVE-2020-5021,0.00042,0.05722
CVE-2020-5022,0.00053,0.19112
CVE-2020-5023,0.00128,0.47391
CVE-2020-5024,0.00134,0.48503
CVE-2020-5025,0.00042,0.05722
CVE-2020-5026,0.00079,0.33131
CVE-2020-5030,0.00050,0.16691
CVE-2020-5031,0.00050,0.16691
CVE-2020-5032,0.00050,0.16887
CVE-2020-5129,0.00206,0.58643
CVE-2020-5130,0.00169,0.53912
CVE-2020-5131,0.00044,0.10161
CVE-2020-5132,0.00084,0.34791
CVE-2020-5133,0.00206,0.58643
CVE-2020-5134,0.00081,0.33872
CVE-2020-5135,0.01776,0.86755
CVE-2020-5136,0.00075,0.30965
CVE-2020-5137,0.00206,0.58643
CVE-2020-5138,0.00416,0.71489
CVE-2020-5139,0.00206,0.58643
CVE-2020-5140,0.00206,0.58643
CVE-2020-5141,0.00154,0.51643
CVE-2020-5142,0.00151,0.51276
CVE-2020-5143,0.00154,0.51643
CVE-2020-5144,0.00063,0.25378
CVE-2020-5145,0.00117,0.45477
CVE-2020-5146,0.00284,0.65451
CVE-2020-5147,0.00058,0.21920
CVE-2020-5148,0.00082,0.34065
CVE-2020-5179,0.01786,0.86797
CVE-2020-5180,0.00042,0.05722
CVE-2020-5182,0.00157,0.52178
CVE-2020-5183,0.02873,0.89761
CVE-2020-5186,0.00146,0.50528
CVE-2020-5187,0.01028,0.82272
CVE-2020-5188,0.00156,0.52048
CVE-2020-5191,0.00345,0.68750
CVE-2020-5192,0.38401,0.96874
CVE-2020-5193,0.00112,0.44442
CVE-2020-5194,0.00058,0.22585
CVE-2020-5195,0.00201,0.57985
CVE-2020-5196,0.00180,0.55306
CVE-2020-5197,0.00051,0.17244
CVE-2020-5202,0.00042,0.05722
CVE-2020-5203,0.00446,0.72392
CVE-2020-5204,0.21769,0.96044
CVE-2020-5205,0.00060,0.23686
CVE-2020-5206,0.00174,0.54667
CVE-2020-5207,0.00071,0.29313
CVE-2020-5208,0.00842,0.80336
CVE-2020-5209,0.00165,0.53179
CVE-2020-5210,0.00165,0.53179
CVE-2020-5211,0.00885,0.80808
CVE-2020-5212,0.00885,0.80808
CVE-2020-5213,0.00885,0.80808
CVE-2020-5214,0.00885,0.80808
CVE-2020-5215,0.00255,0.63450
CVE-2020-5216,0.00090,0.37714
CVE-2020-5217,0.00146,0.50553
CVE-2020-5218,0.00050,0.16378
CVE-2020-5219,0.03320,0.90421
CVE-2020-5220,0.00071,0.29313
CVE-2020-5221,0.00111,0.44141
CVE-2020-5222,0.00104,0.42231
CVE-2020-5223,0.00081,0.33551
CVE-2020-5224,0.00104,0.42231
CVE-2020-5225,0.00054,0.20290
CVE-2020-5226,0.00054,0.20290
CVE-2020-5227,0.00280,0.65160
CVE-2020-5228,0.00150,0.51024
CVE-2020-5229,0.00065,0.26756
CVE-2020-5230,0.00090,0.37972
CVE-2020-5231,0.00058,0.22585
CVE-2020-5232,0.00063,0.25077
CVE-2020-5233,0.00114,0.44789
CVE-2020-5234,0.01031,0.82296
CVE-2020-5235,0.00258,0.63639
CVE-2020-5236,0.00076,0.31394
CVE-2020-5237,0.04199,0.91406
CVE-2020-5238,0.00931,0.81340
CVE-2020-5239,0.00123,0.46613
CVE-2020-5240,0.00050,0.16378
CVE-2020-5241,0.00058,0.22585
CVE-2020-5242,0.00264,0.64139
CVE-2020-5243,0.00318,0.67480
CVE-2020-5244,0.00222,0.60579
CVE-2020-5245,0.00432,0.71942
CVE-2020-5246,0.00048,0.14250
CVE-2020-5247,0.01191,0.83678
CVE-2020-5248,0.00069,0.28681
CVE-2020-5249,0.00153,0.51593
CVE-2020-5250,0.00063,0.25077
CVE-2020-5251,0.00071,0.29313
CVE-2020-5252,0.00080,0.33256
CVE-2020-5253,0.00235,0.61731
CVE-2020-5254,0.00222,0.60556
CVE-2020-5255,0.00176,0.54826
CVE-2020-5256,0.00243,0.62376
CVE-2020-5257,0.00063,0.25077
CVE-2020-5258,0.00236,0.61792
CVE-2020-5259,0.00196,0.57514
CVE-2020-5260,0.00253,0.63225
CVE-2020-5261,0.00100,0.40819
CVE-2020-5262,0.00051,0.17437
CVE-2020-5263,0.00063,0.25077
CVE-2020-5264,0.00066,0.27550
CVE-2020-5265,0.00066,0.27550
CVE-2020-5266,0.00050,0.16378
CVE-2020-5267,0.00114,0.44891
CVE-2020-5268,0.00131,0.47915
CVE-2020-5269,0.00066,0.27550
CVE-2020-5270,0.00066,0.27550
CVE-2020-5271,0.00066,0.27550
CVE-2020-5272,0.00066,0.27550
CVE-2020-5273,0.00050,0.16378
CVE-2020-5274,0.00058,0.21979
CVE-2020-5275,0.00096,0.39758
CVE-2020-5276,0.00066,0.27550
CVE-2020-5277,0.00050,0.16378
CVE-2020-5278,0.00066,0.27550
CVE-2020-5279,0.00071,0.29313
CVE-2020-5280,0.04917,0.92049
CVE-2020-5281,0.00156,0.52030
CVE-2020-5282,0.00347,0.68810
CVE-2020-5283,0.00127,0.47229
CVE-2020-5284,0.00152,0.51467
CVE-2020-5285,0.00066,0.27550
CVE-2020-5286,0.00066,0.27550
CVE-2020-5287,0.00071,0.29313
CVE-2020-5288,0.00071,0.29313
CVE-2020-5289,0.00100,0.40819
CVE-2020-5290,0.00135,0.48805
CVE-2020-5291,0.00044,0.10161
CVE-2020-5292,0.00167,0.53515
CVE-2020-5293,0.00071,0.29313
CVE-2020-5294,0.00050,0.16378
CVE-2020-5295,0.12293,0.94920
CVE-2020-5296,0.00152,0.51394
CVE-2020-5297,0.00152,0.51394
CVE-2020-5298,0.00261,0.63884
CVE-2020-5299,0.00138,0.49359
CVE-2020-5300,0.00099,0.40757
CVE-2020-5301,0.00050,0.16378
CVE-2020-5302,0.00090,0.37972
CVE-2020-5303,0.00153,0.51531
CVE-2020-5304,0.00079,0.33048
CVE-2020-5305,0.00058,0.22585
CVE-2020-5306,0.00349,0.68957
CVE-2020-5307,0.01863,0.87134
CVE-2020-5308,0.01607,0.86123
CVE-2020-5310,0.00275,0.64812
CVE-2020-5311,0.00825,0.80121
CVE-2020-5312,0.00981,0.81854
CVE-2020-5313,0.00194,0.57295
CVE-2020-5315,0.00042,0.05722
CVE-2020-5316,0.00044,0.10161
CVE-2020-5317,0.00066,0.27429
CVE-2020-5318,0.00168,0.53801
CVE-2020-5319,0.00206,0.58643
CVE-2020-5320,0.00110,0.44091
CVE-2020-5321,0.00123,0.46622
CVE-2020-5322,0.00133,0.48471
CVE-2020-5323,0.00157,0.52108
CVE-2020-5324,0.00044,0.10161
CVE-2020-5326,0.00058,0.22795
CVE-2020-5327,0.00433,0.71973
CVE-2020-5328,0.00222,0.60556
CVE-2020-5329,0.00111,0.44241
CVE-2020-5330,0.00780,0.79525
CVE-2020-5331,0.00042,0.05722
CVE-2020-5332,0.00238,0.61993
CVE-2020-5333,0.00082,0.34183
CVE-2020-5334,0.00117,0.45553
CVE-2020-5335,0.00120,0.46128
CVE-2020-5336,0.00083,0.34568
CVE-2020-5337,0.00123,0.46665
CVE-2020-5339,0.00054,0.20290
CVE-2020-5340,0.00054,0.20290
CVE-2020-5341,0.00430,0.71900
CVE-2020-5342,0.00044,0.10161
CVE-2020-5343,0.00042,0.05722
CVE-2020-5344,0.00718,0.78592
CVE-2020-5345,0.00072,0.29893
CVE-2020-5346,0.00054,0.20290
CVE-2020-5347,0.00103,0.41969
CVE-2020-5348,0.00042,0.05722
CVE-2020-5349,0.00201,0.58090
CVE-2020-5350,0.00179,0.55145
CVE-2020-5351,0.00150,0.51158
CVE-2020-5352,0.00133,0.48471
CVE-2020-5353,0.00104,0.42231
CVE-2020-5355,0.00053,0.18436
CVE-2020-5356,0.00135,0.48751
CVE-2020-5357,0.00044,0.10161
CVE-2020-5358,0.00044,0.10161
CVE-2020-5359,0.00148,0.50752
CVE-2020-5360,0.00151,0.51238
CVE-2020-5361,0.00069,0.28525
CVE-2020-5362,0.00044,0.10161
CVE-2020-5363,0.00044,0.10161
CVE-2020-5364,0.00168,0.53801
CVE-2020-5365,0.00168,0.53801
CVE-2020-5366,0.00167,0.53437
CVE-2020-5367,0.00205,0.58485
CVE-2020-5368,0.00304,0.66643
CVE-2020-5369,0.00096,0.39884
CVE-2020-5370,0.00213,0.59318
CVE-2020-5371,0.00096,0.39884
CVE-2020-5372,0.00206,0.58643
CVE-2020-5373,0.00290,0.65845
CVE-2020-5374,0.00378,0.70167
CVE-2020-5376,0.00081,0.33737
CVE-2020-5377,0.13637,0.95137
CVE-2020-5378,0.00081,0.33737
CVE-2020-5379,0.00081,0.33737
CVE-2020-5383,0.00092,0.38838
CVE-2020-5384,0.00065,0.26798
CVE-2020-5385,0.00044,0.10161
CVE-2020-5386,0.00290,0.65845
CVE-2020-5387,0.00042,0.05722
CVE-2020-5388,0.00042,0.05722
CVE-2020-5389,0.00068,0.27940
CVE-2020-5390,0.00425,0.71750
CVE-2020-5391,0.00166,0.53296
CVE-2020-5392,0.00078,0.32234
CVE-2020-5393,0.00112,0.44327
CVE-2020-5395,0.00347,0.68827
CVE-2020-5396,0.00264,0.64076
CVE-2020-5397,0.00141,0.49758
CVE-2020-5398,0.67123,0.97662
CVE-2020-5399,0.00168,0.53801
CVE-2020-5400,0.00065,0.26756
CVE-2020-5401,0.00092,0.38838
CVE-2020-5402,0.00073,0.30112
CVE-2020-5403,0.00098,0.40553
CVE-2020-5404,0.00082,0.34133
CVE-2020-5405,0.00258,0.63637
CVE-2020-5406,0.00063,0.24912
CVE-2020-5407,0.00863,0.80564
CVE-2020-5408,0.00191,0.56785
CVE-2020-5409,0.00123,0.46665
CVE-2020-5410,0.96876,0.99648
CVE-2020-5411,0.00244,0.62512
CVE-2020-5412,0.36725,0.96806
CVE-2020-5413,0.00290,0.65859
CVE-2020-5414,0.00081,0.33872
CVE-2020-5415,0.00127,0.47256
CVE-2020-5416,0.00111,0.44117
CVE-2020-5417,0.00104,0.42231
CVE-2020-5418,0.00054,0.20290
CVE-2020-5419,0.00044,0.10161
CVE-2020-5420,0.00111,0.44117
CVE-2020-5421,0.15300,0.95373
CVE-2020-5422,0.00065,0.26756
CVE-2020-5423,0.00103,0.41969
CVE-2020-5425,0.00081,0.33872
CVE-2020-5426,0.00182,0.55549
CVE-2020-5427,0.00088,0.37151
CVE-2020-5428,0.00090,0.37702
CVE-2020-5496,0.00495,0.73750
CVE-2020-5497,0.00352,0.69072
CVE-2020-5499,0.00513,0.74248
CVE-2020-5501,0.00053,0.19032
CVE-2020-5502,0.00053,0.19032
CVE-2020-5504,0.00327,0.67886
CVE-2020-5505,0.02405,0.88859
CVE-2020-5509,0.00811,0.79958
CVE-2020-5510,0.00315,0.67287
CVE-2020-5511,0.00092,0.38696
CVE-2020-5512,0.00751,0.79066
CVE-2020-5513,0.00982,0.81863
CVE-2020-5514,0.00312,0.67124
CVE-2020-5515,0.01183,0.83625
CVE-2020-5517,0.00138,0.49328
CVE-2020-5519,0.00244,0.62506
CVE-2020-5520,0.00073,0.30218
CVE-2020-5521,0.00073,0.30218
CVE-2020-5522,0.00073,0.30218
CVE-2020-5523,0.00147,0.50590
CVE-2020-5524,0.00068,0.28384
CVE-2020-5525,0.00044,0.10504
CVE-2020-5526,0.00077,0.31860
CVE-2020-5527,0.00116,0.45451
CVE-2020-5528,0.00092,0.38694
CVE-2020-5529,0.00395,0.70805
CVE-2020-5530,0.00259,0.63666
CVE-2020-5531,0.00941,0.81439
CVE-2020-5532,0.00069,0.28468
CVE-2020-5533,0.00092,0.38694
CVE-2020-5534,0.00044,0.10504
CVE-2020-5535,0.00068,0.28384
CVE-2020-5536,0.00076,0.31287
CVE-2020-5537,0.06475,0.93052
CVE-2020-5538,0.00044,0.10161
CVE-2020-5539,0.00166,0.53264
CVE-2020-5540,0.00181,0.55403
CVE-2020-5541,0.00127,0.47360
CVE-2020-5542,0.00941,0.81439
CVE-2020-5543,0.00941,0.81439
CVE-2020-5544,0.00913,0.81146
CVE-2020-5545,0.00941,0.81439
CVE-2020-5546,0.00081,0.33796
CVE-2020-5547,0.00941,0.81439
CVE-2020-5548,0.00232,0.61399
CVE-2020-5549,0.00264,0.64127
CVE-2020-5550,0.00520,0.74409
CVE-2020-5551,0.00125,0.47030
CVE-2020-5552,0.00115,0.45113
CVE-2020-5553,0.00882,0.80774
CVE-2020-5554,0.00643,0.77114
CVE-2020-5555,0.00546,0.75056
CVE-2020-5556,0.00824,0.80109
CVE-2020-5557,0.00115,0.45113
CVE-2020-5558,0.00283,0.65402
CVE-2020-5559,0.00115,0.45113
CVE-2020-5560,0.00824,0.80109
CVE-2020-5561,0.00824,0.80109
CVE-2020-5562,0.00090,0.37751
CVE-2020-5563,0.00163,0.52939
CVE-2020-5564,0.00124,0.46744
CVE-2020-5565,0.00082,0.34183
CVE-2020-5566,0.00082,0.34183
CVE-2020-5567,0.00494,0.73721
CVE-2020-5568,0.00124,0.46744
CVE-2020-5569,0.00077,0.32045
CVE-2020-5570,0.00072,0.29605
CVE-2020-5571,0.00149,0.50995
CVE-2020-5572,0.00074,0.30666
CVE-2020-5573,0.00074,0.30666
CVE-2020-5574,0.00135,0.48675
CVE-2020-5575,0.00115,0.45007
CVE-2020-5576,0.00115,0.45039
CVE-2020-5577,0.00251,0.63118
CVE-2020-5579,0.00087,0.36089
CVE-2020-5580,0.00141,0.49831
CVE-2020-5581,0.00167,0.53437
CVE-2020-5582,0.00082,0.34183
CVE-2020-5583,0.00226,0.60933
CVE-2020-5584,0.00368,0.69793
CVE-2020-5585,0.00054,0.20290
CVE-2020-5586,0.00054,0.20290
CVE-2020-5587,0.00135,0.48751
CVE-2020-5588,0.00132,0.48186
CVE-2020-5589,0.00077,0.32045
CVE-2020-5590,0.00242,0.62298
CVE-2020-5591,0.00196,0.57561
CVE-2020-5592,0.00124,0.46744
CVE-2020-5593,0.00090,0.38030
CVE-2020-5594,0.00304,0.66605
CVE-2020-5595,0.00621,0.76670
CVE-2020-5596,0.00180,0.55329
CVE-2020-5597,0.00225,0.60870
CVE-2020-5598,0.00193,0.57226
CVE-2020-5599,0.00334,0.68292
CVE-2020-5600,0.00232,0.61399
CVE-2020-5601,0.00373,0.69934
CVE-2020-5602,0.00178,0.55045
CVE-2020-5603,0.00116,0.45451
CVE-2020-5604,0.00242,0.62223
CVE-2020-5605,0.00089,0.37467
CVE-2020-5606,0.00124,0.46744
CVE-2020-5607,0.00165,0.53173
CVE-2020-5608,0.00716,0.78540
CVE-2020-5609,0.00520,0.74410
CVE-2020-5610,0.00072,0.29986
CVE-2020-5611,0.00132,0.48245
CVE-2020-5612,0.00124,0.46744
CVE-2020-5613,0.00124,0.46744
CVE-2020-5614,0.00182,0.55561
CVE-2020-5615,0.00246,0.62695
CVE-2020-5616,0.05819,0.92673
CVE-2020-5617,0.00044,0.10161
CVE-2020-5619,0.00066,0.27429
CVE-2020-5620,0.00066,0.27429
CVE-2020-5621,0.00169,0.53897
CVE-2020-5622,0.00232,0.61399
CVE-2020-5623,0.00123,0.46665
CVE-2020-5624,0.00170,0.54099
CVE-2020-5625,0.00179,0.55153
CVE-2020-5626,0.00356,0.69244
CVE-2020-5627,0.00088,0.37102
CVE-2020-5628,0.00145,0.50353
CVE-2020-5629,0.00145,0.50353
CVE-2020-5631,0.00179,0.55153
CVE-2020-5632,0.00044,0.10161
CVE-2020-5633,0.00619,0.76643
CVE-2020-5634,0.00077,0.32045
CVE-2020-5635,0.00144,0.50247
CVE-2020-5636,0.00054,0.20308
CVE-2020-5637,0.00044,0.10161
CVE-2020-5638,0.00124,0.46744
CVE-2020-5639,0.00715,0.78515
CVE-2020-5640,0.01806,0.86880
CVE-2020-5641,0.00075,0.30881
CVE-2020-5642,0.00246,0.62695
CVE-2020-5643,0.00090,0.37751
CVE-2020-5644,0.00498,0.73838
CVE-2020-5645,0.00451,0.72536
CVE-2020-5646,0.00428,0.71830
CVE-2020-5647,0.00884,0.80795
CVE-2020-5648,0.00805,0.79899
CVE-2020-5649,0.00451,0.72536
CVE-2020-5650,0.00092,0.38694
CVE-2020-5651,0.00150,0.51188
CVE-2020-5652,0.00333,0.68274
CVE-2020-5653,0.00433,0.71997
CVE-2020-5654,0.00333,0.68274
CVE-2020-5655,0.00323,0.67730
CVE-2020-5656,0.00496,0.73788
CVE-2020-5657,0.00073,0.30156
CVE-2020-5658,0.00333,0.68274
CVE-2020-5659,0.00110,0.44091
CVE-2020-5662,0.00066,0.27429
CVE-2020-5663,0.00077,0.31681
CVE-2020-5664,0.02091,0.87993
CVE-2020-5665,0.00176,0.54817
CVE-2020-5666,0.00851,0.80443
CVE-2020-5667,0.00044,0.10161
CVE-2020-5668,0.01640,0.86255
CVE-2020-5669,0.00066,0.27429
CVE-2020-5674,0.00090,0.37758
CVE-2020-5675,0.00379,0.70212
CVE-2020-5676,0.00528,0.74617
CVE-2020-5677,0.00132,0.48255
CVE-2020-5678,0.00132,0.48255
CVE-2020-5679,0.00084,0.35108
CVE-2020-5680,0.00242,0.62312
CVE-2020-5681,0.00099,0.40723
CVE-2020-5682,0.00558,0.75302
CVE-2020-5683,0.00336,0.68378
CVE-2020-5684,0.00065,0.27048
CVE-2020-5685,0.00246,0.62647
CVE-2020-5686,0.00174,0.54667
CVE-2020-5720,0.00072,0.29990
CVE-2020-5721,0.00060,0.23520
CVE-2020-5722,0.97497,0.99974
CVE-2020-5723,0.00521,0.74438
CVE-2020-5724,0.00322,0.67660
CVE-2020-5725,0.00255,0.63448
CVE-2020-5726,0.00295,0.66160
CVE-2020-5727,0.00084,0.34620
CVE-2020-5728,0.00105,0.42417
CVE-2020-5729,0.00087,0.36434
CVE-2020-5730,0.00105,0.42625
CVE-2020-5731,0.00105,0.42625
CVE-2020-5732,0.00177,0.54873
CVE-2020-5733,0.00177,0.54873
CVE-2020-5734,0.01353,0.84793
CVE-2020-5735,0.02271,0.88543
CVE-2020-5736,0.00149,0.50974
CVE-2020-5737,0.00066,0.27429
CVE-2020-5738,0.00244,0.62439
CVE-2020-5739,0.00189,0.56490
CVE-2020-5740,0.00042,0.05722
CVE-2020-5741,0.17429,0.95661
CVE-2020-5742,0.00346,0.68793
CVE-2020-5743,0.00095,0.39629
CVE-2020-5744,0.00450,0.72527
CVE-2020-5745,0.00102,0.41571
CVE-2020-5746,0.00072,0.29718
CVE-2020-5747,0.00072,0.29718
CVE-2020-5748,0.00270,0.64511
CVE-2020-5749,0.00072,0.29718
CVE-2020-5750,0.00270,0.64511
CVE-2020-5751,0.00072,0.29718
CVE-2020-5752,0.00101,0.41222
CVE-2020-5753,0.00084,0.34791
CVE-2020-5754,0.00945,0.81485
CVE-2020-5755,0.00091,0.38161
CVE-2020-5756,0.01037,0.82369
CVE-2020-5757,0.00152,0.51477
CVE-2020-5758,0.00104,0.42384
CVE-2020-5759,0.00257,0.63599
CVE-2020-5760,0.00112,0.44455
CVE-2020-5761,0.00729,0.78759
CVE-2020-5762,0.00575,0.75664
CVE-2020-5763,0.00524,0.74509
CVE-2020-5764,0.00169,0.53842
CVE-2020-5765,0.00065,0.26956
CVE-2020-5766,0.00322,0.67660
CVE-2020-5767,0.00102,0.41440
CVE-2020-5768,0.00101,0.41205
CVE-2020-5769,0.00072,0.29718
CVE-2020-5770,0.00162,0.52907
CVE-2020-5771,0.00185,0.55867
CVE-2020-5772,0.00233,0.61457
CVE-2020-5773,0.00075,0.30870
CVE-2020-5774,0.00042,0.05722
CVE-2020-5775,0.00194,0.57289
CVE-2020-5776,0.53796,0.97342
CVE-2020-5777,0.04038,0.91239
CVE-2020-5778,0.00227,0.60985
CVE-2020-5779,0.00103,0.41969
CVE-2020-5780,0.00289,0.65808
CVE-2020-5781,0.00070,0.28971
CVE-2020-5782,0.00079,0.32837
CVE-2020-5783,0.00078,0.32141
CVE-2020-5784,0.00058,0.22585
CVE-2020-5785,0.00177,0.54873
CVE-2020-5786,0.00152,0.51454
CVE-2020-5787,0.00169,0.53901
CVE-2020-5788,0.00169,0.53901
CVE-2020-5789,0.00468,0.73014
CVE-2020-5790,0.00100,0.40870
CVE-2020-5791,0.79051,0.98016
CVE-2020-5792,0.40632,0.96948
CVE-2020-5793,0.00042,0.05722
CVE-2020-5794,0.00042,0.05722
CVE-2020-5795,0.00048,0.14460
CVE-2020-5796,0.00060,0.23520
CVE-2020-5797,0.00122,0.46466
CVE-2020-5798,0.00048,0.14460
CVE-2020-5799,0.00488,0.73598
CVE-2020-5800,0.00318,0.67500
CVE-2020-5801,0.00194,0.57333
CVE-2020-5802,0.00194,0.57333
CVE-2020-5803,0.00169,0.53901
CVE-2020-5804,0.00169,0.53901
CVE-2020-5805,0.00102,0.41403
CVE-2020-5806,0.00044,0.10161
CVE-2020-5807,0.00159,0.52443
CVE-2020-5808,0.00168,0.53801
CVE-2020-5809,0.00058,0.22585
CVE-2020-5810,0.00058,0.22585
CVE-2020-5811,0.00308,0.66935
CVE-2020-5812,0.00065,0.27048
CVE-2020-5820,0.00049,0.15072
CVE-2020-5821,0.00045,0.11828
CVE-2020-5822,0.00049,0.15072
CVE-2020-5823,0.00049,0.15072
CVE-2020-5824,0.00067,0.27848
CVE-2020-5825,0.00108,0.43427
CVE-2020-5826,0.00045,0.12491
CVE-2020-5827,0.00045,0.12491
CVE-2020-5828,0.00045,0.12491
CVE-2020-5829,0.00045,0.12491
CVE-2020-5830,0.00045,0.12491
CVE-2020-5831,0.00045,0.12491
CVE-2020-5832,0.00045,0.11828
CVE-2020-5833,0.00045,0.11828
CVE-2020-5834,0.00074,0.30586
CVE-2020-5835,0.00045,0.11828
CVE-2020-5836,0.00045,0.11828
CVE-2020-5837,0.00045,0.11828
CVE-2020-5838,0.00054,0.19195
CVE-2020-5839,0.00129,0.47742
CVE-2020-5840,0.00170,0.54111
CVE-2020-5841,0.00137,0.49074
CVE-2020-5842,0.00148,0.50841
CVE-2020-5843,0.00058,0.22585
CVE-2020-5844,0.76415,0.97936
CVE-2020-5846,0.00109,0.43753
CVE-2020-5847,0.97053,0.99715
CVE-2020-5849,0.97109,0.99743
CVE-2020-5851,0.00058,0.22795
CVE-2020-5852,0.00103,0.41969
CVE-2020-5853,0.00054,0.20290
CVE-2020-5854,0.00103,0.41969
CVE-2020-5855,0.00058,0.22795
CVE-2020-5856,0.00103,0.41969
CVE-2020-5857,0.00103,0.41969
CVE-2020-5858,0.00044,0.10161
CVE-2020-5859,0.00103,0.41969
CVE-2020-5860,0.00309,0.66976
CVE-2020-5861,0.00103,0.41969
CVE-2020-5862,0.00103,0.41969
CVE-2020-5863,0.00124,0.46824
CVE-2020-5864,0.00178,0.55045
CVE-2020-5865,0.00065,0.27048
CVE-2020-5866,0.00044,0.10161
CVE-2020-5867,0.00244,0.62506
CVE-2020-5868,0.00855,0.80489
CVE-2020-5869,0.00168,0.53801
CVE-2020-5870,0.00070,0.29068
CVE-2020-5871,0.00103,0.41969
CVE-2020-5872,0.00103,0.41969
CVE-2020-5873,0.00102,0.41368
CVE-2020-5874,0.00103,0.41969
CVE-2020-5875,0.00103,0.41969
CVE-2020-5876,0.00222,0.60556
CVE-2020-5877,0.00103,0.41969
CVE-2020-5878,0.00103,0.41969
CVE-2020-5879,0.00168,0.53801
CVE-2020-5880,0.00081,0.33872
CVE-2020-5881,0.00103,0.41969
CVE-2020-5882,0.00103,0.41969
CVE-2020-5883,0.00103,0.41969
CVE-2020-5884,0.00168,0.53801
CVE-2020-5885,0.00168,0.53801
CVE-2020-5886,0.00168,0.53801
CVE-2020-5887,0.00479,0.73330
CVE-2020-5888,0.00069,0.28525
CVE-2020-5889,0.00067,0.27662
CVE-2020-5890,0.00100,0.40797
CVE-2020-5891,0.00103,0.41969
CVE-2020-5892,0.00044,0.10161
CVE-2020-5893,0.00084,0.34791
CVE-2020-5894,0.00151,0.51336
CVE-2020-5895,0.00044,0.10161
CVE-2020-5896,0.00044,0.10161
CVE-2020-5897,0.00234,0.61509
CVE-2020-5898,0.00042,0.05722
CVE-2020-5899,0.00044,0.10161
CVE-2020-5900,0.00073,0.30112
CVE-2020-5901,0.00195,0.57387
CVE-2020-5902,0.97555,0.99998
CVE-2020-5903,0.00108,0.43469
CVE-2020-5904,0.00071,0.29353
CVE-2020-5905,0.00072,0.29893
CVE-2020-5906,0.00065,0.26756
CVE-2020-5907,0.00104,0.42231
CVE-2020-5908,0.00044,0.10161
CVE-2020-5909,0.00078,0.32606
CVE-2020-5910,0.00168,0.53801
CVE-2020-5911,0.00092,0.38838
CVE-2020-5912,0.00044,0.10161
CVE-2020-5913,0.00087,0.36006
CVE-2020-5914,0.00103,0.41969
CVE-2020-5915,0.00078,0.32606
CVE-2020-5916,0.00065,0.26756
CVE-2020-5917,0.00168,0.53801
CVE-2020-5918,0.00103,0.41969
CVE-2020-5919,0.00103,0.41969
CVE-2020-5920,0.00054,0.20290
CVE-2020-5921,0.00103,0.41969
CVE-2020-5922,0.00073,0.30112
CVE-2020-5923,0.00058,0.22795
CVE-2020-5924,0.00092,0.38838
CVE-2020-5925,0.00103,0.41969
CVE-2020-5926,0.00100,0.40894
CVE-2020-5927,0.00078,0.32606
CVE-2020-5928,0.00044,0.10161
CVE-2020-5929,0.00168,0.53801
CVE-2020-5930,0.00110,0.44110
CVE-2020-5931,0.00103,0.41969
CVE-2020-5932,0.00054,0.20290
CVE-2020-5933,0.00103,0.41969
CVE-2020-5934,0.00058,0.22795
CVE-2020-5935,0.00103,0.41969
CVE-2020-5936,0.00103,0.41969
CVE-2020-5937,0.00103,0.41969
CVE-2020-5938,0.00065,0.26756
CVE-2020-5939,0.00103,0.41969
CVE-2020-5940,0.00054,0.20290
CVE-2020-5941,0.00103,0.41969
CVE-2020-5942,0.00103,0.41969
CVE-2020-5943,0.00065,0.26756
CVE-2020-5944,0.00072,0.29893
CVE-2020-5945,0.00104,0.42231
CVE-2020-5946,0.00103,0.41969
CVE-2020-5947,0.00054,0.20290
CVE-2020-5948,0.00195,0.57387
CVE-2020-5949,0.00103,0.41969
CVE-2020-5950,0.00077,0.31953
CVE-2020-5953,0.00052,0.17661
CVE-2020-5955,0.00201,0.58128
CVE-2020-5956,0.00079,0.33063
CVE-2020-5957,0.00042,0.05722
CVE-2020-5958,0.00064,0.26250
CVE-2020-5959,0.00044,0.10161
CVE-2020-5960,0.00044,0.10161
CVE-2020-5961,0.00044,0.10161
CVE-2020-5962,0.00042,0.05722
CVE-2020-5963,0.00045,0.12326
CVE-2020-5964,0.00044,0.10161
CVE-2020-5965,0.00044,0.10161
CVE-2020-5966,0.00044,0.10161
CVE-2020-5967,0.00044,0.10161
CVE-2020-5968,0.00044,0.10161
CVE-2020-5969,0.00044,0.10161
CVE-2020-5970,0.00044,0.10161
CVE-2020-5971,0.00044,0.10161
CVE-2020-5972,0.00044,0.10161
CVE-2020-5973,0.00044,0.10161
CVE-2020-5974,0.00044,0.10161
CVE-2020-5975,0.00168,0.53801
CVE-2020-5976,0.00168,0.53801
CVE-2020-5977,0.00067,0.27663
CVE-2020-5978,0.00044,0.10161
CVE-2020-5979,0.00044,0.10161
CVE-2020-5980,0.00044,0.10161
CVE-2020-5981,0.00044,0.10161
CVE-2020-5982,0.00044,0.10161
CVE-2020-5983,0.00044,0.10161
CVE-2020-5984,0.00044,0.10161
CVE-2020-5985,0.00044,0.10161
CVE-2020-5986,0.00044,0.10161
CVE-2020-5987,0.00044,0.10161
CVE-2020-5988,0.00044,0.10161
CVE-2020-5989,0.00044,0.10161
CVE-2020-5990,0.00042,0.05722
CVE-2020-5991,0.00044,0.10161
CVE-2020-5992,0.00069,0.28732
CVE-2020-6007,0.00154,0.51694
CVE-2020-6008,0.00932,0.81347
CVE-2020-6009,0.00138,0.49278
CVE-2020-6010,0.11023,0.94642
CVE-2020-6012,0.00089,0.37685
CVE-2020-6013,0.00119,0.45903
CVE-2020-6014,0.00044,0.10161
CVE-2020-6015,0.00044,0.10161
CVE-2020-6016,0.00957,0.81624
CVE-2020-6017,0.00441,0.72273
CVE-2020-6018,0.00626,0.76782
CVE-2020-6019,0.00117,0.45503
CVE-2020-6020,0.00044,0.10161
CVE-2020-6021,0.00044,0.10161
CVE-2020-6022,0.00044,0.10161
CVE-2020-6023,0.00044,0.10161
CVE-2020-6024,0.00042,0.05722
CVE-2020-6058,0.00328,0.67968
CVE-2020-6059,0.00102,0.41539
CVE-2020-6060,0.00133,0.48344
CVE-2020-6061,0.00889,0.80877
CVE-2020-6062,0.02612,0.89279
CVE-2020-6063,0.00984,0.81886
CVE-2020-6064,0.00984,0.81886
CVE-2020-6065,0.01310,0.84530
CVE-2020-6066,0.00984,0.81886
CVE-2020-6067,0.00984,0.81886
CVE-2020-6068,0.00940,0.81435
CVE-2020-6069,0.00984,0.81886
CVE-2020-6070,0.00074,0.30454
CVE-2020-6071,0.00351,0.69018
CVE-2020-6072,0.03128,0.90134
CVE-2020-6073,0.00247,0.62736
CVE-2020-6074,0.77501,0.97970
CVE-2020-6075,0.00672,0.77747
CVE-2020-6076,0.00703,0.78297
CVE-2020-6077,0.00174,0.54596
CVE-2020-6078,0.00351,0.69018
CVE-2020-6079,0.00351,0.69018
CVE-2020-6080,0.00351,0.69018
CVE-2020-6081,0.00416,0.71493
CVE-2020-6082,0.00672,0.77747
CVE-2020-6083,0.00150,0.51087
CVE-2020-6084,0.00135,0.48744
CVE-2020-6085,0.00135,0.48744
CVE-2020-6086,0.00150,0.51087
CVE-2020-6087,0.00150,0.51087
CVE-2020-6088,0.00150,0.51087
CVE-2020-6089,0.00148,0.50858
CVE-2020-6090,0.00242,0.62296
CVE-2020-6091,0.00233,0.61423
CVE-2020-6092,0.20738,0.95975
CVE-2020-6093,0.00114,0.44808
CVE-2020-6094,0.00664,0.77582
CVE-2020-6095,0.00210,0.58993
CVE-2020-6096,0.07376,0.93462
CVE-2020-6097,0.00134,0.48608
CVE-2020-6098,0.00155,0.51879
CVE-2020-6099,0.00095,0.39572
CVE-2020-6100,0.00109,0.43614
CVE-2020-6101,0.00109,0.43753
CVE-2020-6102,0.00109,0.43753
CVE-2020-6103,0.00109,0.43753
CVE-2020-6104,0.00077,0.31909
CVE-2020-6105,0.00080,0.33267
CVE-2020-6106,0.00077,0.31909
CVE-2020-6107,0.00077,0.31909
CVE-2020-6108,0.00078,0.32236
CVE-2020-6109,0.00770,0.79373
CVE-2020-6110,0.00245,0.62561
CVE-2020-6111,0.00087,0.35983
CVE-2020-6112,0.00104,0.42035
CVE-2020-6113,0.06732,0.93195
CVE-2020-6114,0.00066,0.27246
CVE-2020-6115,0.00106,0.42914
CVE-2020-6116,0.05608,0.92561
CVE-2020-6117,0.00091,0.38618
CVE-2020-6118,0.00091,0.38618
CVE-2020-6119,0.00091,0.38618
CVE-2020-6120,0.00091,0.38618
CVE-2020-6121,0.00091,0.38618
CVE-2020-6122,0.00091,0.38618
CVE-2020-6123,0.00091,0.38618
CVE-2020-6124,0.00091,0.38618
CVE-2020-6125,0.00066,0.27246
CVE-2020-6126,0.00091,0.38618
CVE-2020-6127,0.00091,0.38618
CVE-2020-6128,0.00066,0.27246
CVE-2020-6129,0.00091,0.38618
CVE-2020-6130,0.00091,0.38618
CVE-2020-6131,0.00091,0.38618
CVE-2020-6132,0.00091,0.38618
CVE-2020-6133,0.00091,0.38618
CVE-2020-6134,0.00091,0.38618
CVE-2020-6135,0.00066,0.27246
CVE-2020-6136,0.00066,0.27246
CVE-2020-6137,0.00212,0.59184
CVE-2020-6138,0.00212,0.59184
CVE-2020-6139,0.00212,0.59184
CVE-2020-6140,0.00212,0.59184
CVE-2020-6141,0.00391,0.70671
CVE-2020-6142,0.00525,0.74525
CVE-2020-6143,0.00641,0.77074
CVE-2020-6144,0.00641,0.77074
CVE-2020-6145,0.00066,0.27246
CVE-2020-6146,0.01161,0.83434
CVE-2020-6147,0.00073,0.29997
CVE-2020-6148,0.00079,0.33095
CVE-2020-6149,0.00079,0.33095
CVE-2020-6150,0.00079,0.33095
CVE-2020-6151,0.00222,0.60556
CVE-2020-6152,0.00098,0.40325
CVE-2020-6155,0.00186,0.55981
CVE-2020-6156,0.00079,0.33095
CVE-2020-6157,0.00078,0.32606
CVE-2020-6159,0.00078,0.32606
CVE-2020-6162,0.00244,0.62506
CVE-2020-6163,0.00066,0.27550
CVE-2020-6164,0.00254,0.63305
CVE-2020-6165,0.00084,0.34791
CVE-2020-6166,0.00074,0.30659
CVE-2020-6167,0.00224,0.60736
CVE-2020-6168,0.00153,0.51513
CVE-2020-6170,0.16597,0.95547
CVE-2020-6171,0.00135,0.48696
CVE-2020-6173,0.00117,0.45503
CVE-2020-6174,0.00222,0.60556
CVE-2020-6175,0.00120,0.46159
CVE-2020-6177,0.00075,0.31089
CVE-2020-6178,0.00054,0.20290
CVE-2020-6181,0.00090,0.37972
CVE-2020-6183,0.00076,0.31187
CVE-2020-6184,0.00084,0.35108
CVE-2020-6185,0.00054,0.20290
CVE-2020-6186,0.00116,0.45451
CVE-2020-6187,0.00081,0.33872
CVE-2020-6188,0.00104,0.42231
CVE-2020-6189,0.00090,0.37972
CVE-2020-6190,0.00090,0.37972
CVE-2020-6191,0.00106,0.42934
CVE-2020-6192,0.00106,0.42934
CVE-2020-6193,0.00090,0.37826
CVE-2020-6195,0.00229,0.61162
CVE-2020-6196,0.00116,0.45451
CVE-2020-6197,0.00042,0.05722
CVE-2020-6198,0.00244,0.62506
CVE-2020-6199,0.00054,0.20290
CVE-2020-6200,0.00054,0.20290
CVE-2020-6201,0.00084,0.35108
CVE-2020-6202,0.00106,0.42934
CVE-2020-6203,0.00340,0.68529
CVE-2020-6204,0.00054,0.20290
CVE-2020-6205,0.00090,0.37826
CVE-2020-6206,0.00053,0.19032
CVE-2020-6207,0.97439,0.99942
CVE-2020-6208,0.00396,0.70829
CVE-2020-6209,0.00078,0.32769
CVE-2020-6210,0.00084,0.35108
CVE-2020-6211,0.00084,0.35108
CVE-2020-6212,0.00054,0.20290
CVE-2020-6213,0.00084,0.35108
CVE-2020-6214,0.00072,0.29893
CVE-2020-6215,0.00123,0.46691
CVE-2020-6216,0.00084,0.35108
CVE-2020-6217,0.00084,0.35108
CVE-2020-6218,0.00054,0.20290
CVE-2020-6219,0.00097,0.40286
CVE-2020-6220,0.00078,0.32206
CVE-2020-6221,0.00054,0.20290
CVE-2020-6222,0.00054,0.20290
CVE-2020-6223,0.00084,0.35108
CVE-2020-6224,0.00065,0.26756
CVE-2020-6225,0.00182,0.55566
CVE-2020-6226,0.00054,0.20290
CVE-2020-6227,0.00090,0.37972
CVE-2020-6228,0.00090,0.37972
CVE-2020-6229,0.00084,0.35108
CVE-2020-6230,0.00104,0.42231
CVE-2020-6231,0.00054,0.20290
CVE-2020-6232,0.00076,0.31187
CVE-2020-6233,0.00072,0.29893
CVE-2020-6234,0.00424,0.71730
CVE-2020-6235,0.00178,0.55045
CVE-2020-6236,0.00104,0.42231
CVE-2020-6237,0.00178,0.55045
CVE-2020-6238,0.00341,0.68561
CVE-2020-6239,0.00044,0.10161
CVE-2020-6240,0.00124,0.46824
CVE-2020-6241,0.00087,0.36089
CVE-2020-6242,0.00411,0.71328
CVE-2020-6243,0.00090,0.38030
CVE-2020-6244,0.00070,0.28841
CVE-2020-6245,0.00044,0.10161
CVE-2020-6246,0.00084,0.35108
CVE-2020-6247,0.00124,0.46824
CVE-2020-6248,0.00094,0.39347
CVE-2020-6249,0.00087,0.36089
CVE-2020-6250,0.00044,0.10161
CVE-2020-6251,0.00065,0.26756
CVE-2020-6252,0.00044,0.10161
CVE-2020-6253,0.00086,0.35597
CVE-2020-6254,0.00084,0.35108
CVE-2020-6256,0.00054,0.20290
CVE-2020-6257,0.00054,0.20290
CVE-2020-6258,0.00065,0.26756
CVE-2020-6259,0.00065,0.26756
CVE-2020-6260,0.00090,0.37972
CVE-2020-6261,0.00079,0.33048
CVE-2020-6262,0.00090,0.38030
CVE-2020-6263,0.00244,0.62506
CVE-2020-6264,0.00178,0.55045
CVE-2020-6265,0.00244,0.62506
CVE-2020-6266,0.00068,0.28093
CVE-2020-6267,0.00084,0.35108
CVE-2020-6268,0.00065,0.26756
CVE-2020-6269,0.00065,0.26756
CVE-2020-6270,0.00054,0.20290
CVE-2020-6271,0.00116,0.45451
CVE-2020-6272,0.00054,0.20290
CVE-2020-6273,0.00054,0.20290
CVE-2020-6275,0.00244,0.62506
CVE-2020-6276,0.00084,0.35108
CVE-2020-6278,0.00054,0.20290
CVE-2020-6280,0.00054,0.20290
CVE-2020-6281,0.00084,0.35108
CVE-2020-6282,0.00090,0.37972
CVE-2020-6283,0.00084,0.35108
CVE-2020-6284,0.00105,0.42575
CVE-2020-6285,0.00065,0.26756
CVE-2020-6286,0.00267,0.64380
CVE-2020-6287,0.97274,0.99832
CVE-2020-6288,0.00079,0.33048
CVE-2020-6289,0.00067,0.27673
CVE-2020-6290,0.00097,0.40143
CVE-2020-6291,0.00078,0.32769
CVE-2020-6292,0.00078,0.32769
CVE-2020-6293,0.00085,0.35190
CVE-2020-6294,0.00178,0.55045
CVE-2020-6295,0.00044,0.10161
CVE-2020-6296,0.00104,0.42231
CVE-2020-6297,0.00044,0.10161
CVE-2020-6298,0.00065,0.26756
CVE-2020-6299,0.00054,0.20290
CVE-2020-6300,0.00054,0.20290
CVE-2020-6301,0.00065,0.26756
CVE-2020-6302,0.00159,0.52424
CVE-2020-6303,0.00054,0.20290
CVE-2020-6304,0.00116,0.45451
CVE-2020-6305,0.00084,0.35108
CVE-2020-6306,0.00054,0.20290
CVE-2020-6307,0.00054,0.20290
CVE-2020-6308,0.00400,0.70976
CVE-2020-6309,0.00116,0.45451
CVE-2020-6310,0.00054,0.20290
CVE-2020-6311,0.00065,0.26756
CVE-2020-6312,0.00054,0.20290
CVE-2020-6313,0.00054,0.20290
CVE-2020-6314,0.00498,0.73838
CVE-2020-6315,0.00147,0.50697
CVE-2020-6316,0.00054,0.20290
CVE-2020-6317,0.00044,0.10161
CVE-2020-6318,0.06018,0.92788
CVE-2020-6319,0.00090,0.37826
CVE-2020-6320,0.00065,0.26756
CVE-2020-6321,0.00466,0.72951
CVE-2020-6322,0.00491,0.73673
CVE-2020-6323,0.00084,0.35108
CVE-2020-6324,0.00090,0.37826
CVE-2020-6326,0.00054,0.20290
CVE-2020-6327,0.00484,0.73464
CVE-2020-6328,0.00484,0.73464
CVE-2020-6329,0.00484,0.73464
CVE-2020-6330,0.00491,0.73673
CVE-2020-6331,0.00484,0.73464
CVE-2020-6332,0.00498,0.73838
CVE-2020-6333,0.00498,0.73838
CVE-2020-6334,0.00498,0.73838
CVE-2020-6335,0.00484,0.73464
CVE-2020-6336,0.00484,0.73464
CVE-2020-6337,0.00484,0.73464
CVE-2020-6338,0.00498,0.73838
CVE-2020-6339,0.00484,0.73464
CVE-2020-6340,0.00484,0.73464
CVE-2020-6341,0.00491,0.73673
CVE-2020-6342,0.00484,0.73464
CVE-2020-6343,0.00484,0.73464
CVE-2020-6344,0.00498,0.73838
CVE-2020-6345,0.00491,0.73673
CVE-2020-6346,0.00484,0.73464
CVE-2020-6347,0.00484,0.73464
CVE-2020-6348,0.00498,0.73838
CVE-2020-6349,0.00484,0.73464
CVE-2020-6350,0.00484,0.73464
CVE-2020-6351,0.00484,0.73464
CVE-2020-6352,0.00484,0.73464
CVE-2020-6353,0.00484,0.73464
CVE-2020-6354,0.00484,0.73464
CVE-2020-6355,0.00484,0.73464
CVE-2020-6356,0.00484,0.73464
CVE-2020-6357,0.00484,0.73464
CVE-2020-6358,0.00484,0.73464
CVE-2020-6359,0.00484,0.73464
CVE-2020-6360,0.00484,0.73464
CVE-2020-6361,0.00484,0.73464
CVE-2020-6362,0.00081,0.33872
CVE-2020-6363,0.00054,0.20290
CVE-2020-6364,0.00792,0.79738
CVE-2020-6365,0.00133,0.48389
CVE-2020-6366,0.00106,0.42934
CVE-2020-6367,0.00090,0.37826
CVE-2020-6368,0.00054,0.20290
CVE-2020-6369,0.00173,0.54504
CVE-2020-6370,0.00054,0.20290
CVE-2020-6371,0.00054,0.20290
CVE-2020-6372,0.00081,0.33538
CVE-2020-6373,0.00081,0.33538
CVE-2020-6374,0.00081,0.33538
CVE-2020-6375,0.00061,0.24231
CVE-2020-6376,0.00061,0.24231
CVE-2020-6377,0.00677,0.77875
CVE-2020-6378,0.00408,0.71221
CVE-2020-6379,0.00436,0.72130
CVE-2020-6380,0.00372,0.69901
CVE-2020-6381,0.00603,0.76292
CVE-2020-6382,0.00603,0.76292
CVE-2020-6383,0.01511,0.85651
CVE-2020-6384,0.01511,0.85651
CVE-2020-6385,0.00603,0.76292
CVE-2020-6386,0.01070,0.82702
CVE-2020-6387,0.01427,0.85200
CVE-2020-6388,0.19435,0.95871
CVE-2020-6389,0.01427,0.85200
CVE-2020-6390,0.06583,0.93124
CVE-2020-6391,0.00271,0.64600
CVE-2020-6392,0.00372,0.69906
CVE-2020-6393,0.00512,0.74211
CVE-2020-6394,0.00447,0.72418
CVE-2020-6395,0.00387,0.70496
CVE-2020-6396,0.00419,0.71563
CVE-2020-6397,0.00244,0.62511
CVE-2020-6398,0.00940,0.81431
CVE-2020-6399,0.01016,0.82181
CVE-2020-6400,0.00745,0.78982
CVE-2020-6401,0.00405,0.71124
CVE-2020-6402,0.00433,0.71980
CVE-2020-6403,0.00214,0.59436
CVE-2020-6404,0.01150,0.83337
CVE-2020-6405,0.00716,0.78526
CVE-2020-6406,0.00601,0.76227
CVE-2020-6407,0.00996,0.82020
CVE-2020-6408,0.00261,0.63892
CVE-2020-6409,0.00774,0.79438
CVE-2020-6410,0.01093,0.82882
CVE-2020-6411,0.00365,0.69611
CVE-2020-6412,0.00365,0.69611
CVE-2020-6413,0.00877,0.80727
CVE-2020-6414,0.00877,0.80727
CVE-2020-6415,0.00603,0.76292
CVE-2020-6416,0.00565,0.75458
CVE-2020-6417,0.00042,0.05722
CVE-2020-6418,0.97085,0.99732
CVE-2020-6419,0.00143,0.50094
CVE-2020-6420,0.00302,0.66511
CVE-2020-6422,0.00772,0.79401
CVE-2020-6423,0.01261,0.84213
CVE-2020-6424,0.01037,0.82372
CVE-2020-6425,0.00417,0.71505
CVE-2020-6426,0.00239,0.62057
CVE-2020-6427,0.00891,0.80901
CVE-2020-6428,0.00891,0.80901
CVE-2020-6429,0.00891,0.80901
CVE-2020-6430,0.00521,0.74413
CVE-2020-6431,0.00672,0.77744
CVE-2020-6432,0.00604,0.76313
CVE-2020-6433,0.00604,0.76313
CVE-2020-6434,0.00383,0.70341
CVE-2020-6435,0.00604,0.76313
CVE-2020-6436,0.00687,0.78043
CVE-2020-6437,0.00754,0.79127
CVE-2020-6438,0.00261,0.63931
CVE-2020-6439,0.00855,0.80484
CVE-2020-6440,0.00272,0.64673
CVE-2020-6441,0.00894,0.80933
CVE-2020-6442,0.04342,0.91538
CVE-2020-6443,0.02678,0.89424
CVE-2020-6444,0.00688,0.78060
CVE-2020-6445,0.00721,0.78629
CVE-2020-6446,0.00721,0.78629
CVE-2020-6447,0.00301,0.66473
CVE-2020-6448,0.00383,0.70341
CVE-2020-6449,0.01135,0.83229
CVE-2020-6450,0.00460,0.72784
CVE-2020-6451,0.00763,0.79265
CVE-2020-6452,0.00915,0.81169
CVE-2020-6453,0.00134,0.48570
CVE-2020-6454,0.00317,0.67391
CVE-2020-6455,0.00392,0.70716
CVE-2020-6456,0.51384,0.97277
CVE-2020-6457,0.00320,0.67573
CVE-2020-6458,0.00232,0.61358
CVE-2020-6459,0.00414,0.71399
CVE-2020-6460,0.00166,0.53298
CVE-2020-6461,0.00264,0.64091
CVE-2020-6462,0.00264,0.64091
CVE-2020-6463,0.00616,0.76586
CVE-2020-6464,0.00492,0.73687
CVE-2020-6465,0.00634,0.76923
CVE-2020-6466,0.00634,0.76923
CVE-2020-6467,0.00602,0.76258
CVE-2020-6468,0.00462,0.72837
CVE-2020-6469,0.00221,0.60218
CVE-2020-6470,0.00661,0.77507
CVE-2020-6471,0.00303,0.66577
CVE-2020-6472,0.00159,0.52359
CVE-2020-6473,0.00385,0.70429
CVE-2020-6474,0.00484,0.73478
CVE-2020-6475,0.00225,0.60850
CVE-2020-6476,0.00407,0.71177
CVE-2020-6477,0.00042,0.05722
CVE-2020-6478,0.00578,0.75743
CVE-2020-6479,0.00578,0.75743
CVE-2020-6480,0.00424,0.71745
CVE-2020-6481,0.00198,0.57738
CVE-2020-6482,0.00407,0.71177
CVE-2020-6483,0.00256,0.63548
CVE-2020-6484,0.00300,0.66415
CVE-2020-6485,0.00337,0.68425
CVE-2020-6486,0.00281,0.65247
CVE-2020-6487,0.00417,0.71524
CVE-2020-6488,0.01145,0.83305
CVE-2020-6489,0.00383,0.70320
CVE-2020-6490,0.00475,0.73182
CVE-2020-6491,0.00287,0.65648
CVE-2020-6492,0.00138,0.49284
CVE-2020-6493,0.01419,0.85158
CVE-2020-6494,0.00802,0.79857
CVE-2020-6495,0.00564,0.75444
CVE-2020-6496,0.01121,0.83115
CVE-2020-6497,0.00166,0.53298
CVE-2020-6498,0.00166,0.53298
CVE-2020-6499,0.00113,0.44666
CVE-2020-6500,0.00105,0.42681
CVE-2020-6501,0.00093,0.39164
CVE-2020-6502,0.00105,0.42681
CVE-2020-6503,0.00167,0.53509
CVE-2020-6504,0.00182,0.55538
CVE-2020-6505,0.00349,0.68942
CVE-2020-6506,0.00175,0.54731
CVE-2020-6507,0.94869,0.99130
CVE-2020-6509,0.00189,0.56526
CVE-2020-6510,0.00182,0.55552
CVE-2020-6511,0.01026,0.82256
CVE-2020-6512,0.01128,0.83167
CVE-2020-6513,0.00463,0.72860
CVE-2020-6514,0.00189,0.56496
CVE-2020-6515,0.00907,0.81078
CVE-2020-6516,0.00243,0.62356
CVE-2020-6517,0.00658,0.77397
CVE-2020-6518,0.00907,0.81078
CVE-2020-6519,0.17636,0.95690
CVE-2020-6520,0.00658,0.77397
CVE-2020-6521,0.00617,0.76597
CVE-2020-6522,0.00428,0.71840
CVE-2020-6523,0.00729,0.78766
CVE-2020-6524,0.00561,0.75347
CVE-2020-6525,0.00658,0.77397
CVE-2020-6526,0.00278,0.65003
CVE-2020-6527,0.00511,0.74201
CVE-2020-6528,0.00489,0.73622
CVE-2020-6529,0.00838,0.80289
CVE-2020-6530,0.00369,0.69813
CVE-2020-6531,0.00959,0.81640
CVE-2020-6532,0.00495,0.73734
CVE-2020-6533,0.00952,0.81560
CVE-2020-6534,0.00670,0.77714
CVE-2020-6535,0.00237,0.61829
CVE-2020-6536,0.00729,0.78747
CVE-2020-6537,0.00521,0.74413
CVE-2020-6538,0.00262,0.63980
CVE-2020-6539,0.00537,0.74840
CVE-2020-6540,0.00309,0.66947
CVE-2020-6541,0.16074,0.95492
CVE-2020-6542,0.00520,0.74402
CVE-2020-6543,0.00495,0.73734
CVE-2020-6544,0.00495,0.73734
CVE-2020-6545,0.00495,0.73734
CVE-2020-6546,0.00042,0.05722
CVE-2020-6547,0.00290,0.65871
CVE-2020-6548,0.00302,0.66494
CVE-2020-6549,0.31844,0.96609
CVE-2020-6550,0.39193,0.96914
CVE-2020-6551,0.40563,0.96945
CVE-2020-6552,0.00696,0.78195
CVE-2020-6553,0.00696,0.78195
CVE-2020-6554,0.00159,0.52500
CVE-2020-6555,0.00570,0.75543
CVE-2020-6556,0.00778,0.79496
CVE-2020-6557,0.00407,0.71210
CVE-2020-6558,0.03012,0.89949
CVE-2020-6559,0.01675,0.86381
CVE-2020-6560,0.01573,0.85971
CVE-2020-6561,0.02913,0.89816
CVE-2020-6562,0.02998,0.89932
CVE-2020-6563,0.01575,0.85977
CVE-2020-6564,0.03201,0.90243
CVE-2020-6565,0.00542,0.74961
CVE-2020-6566,0.00747,0.79010
CVE-2020-6567,0.00454,0.72635
CVE-2020-6568,0.00676,0.77793
CVE-2020-6569,0.00711,0.78453
CVE-2020-6570,0.01685,0.86415
CVE-2020-6571,0.00165,0.53224
CVE-2020-6572,0.00510,0.74156
CVE-2020-6573,0.00618,0.76625
CVE-2020-6574,0.00042,0.05722
CVE-2020-6575,0.00518,0.74367
CVE-2020-6576,0.00907,0.81078
CVE-2020-6577,0.00200,0.57939
CVE-2020-6578,0.00076,0.31249
CVE-2020-6579,0.00131,0.48045
CVE-2020-6581,0.00106,0.42917
CVE-2020-6582,0.00430,0.71888
CVE-2020-6583,0.00087,0.36434
CVE-2020-6584,0.00093,0.39123
CVE-2020-6585,0.00170,0.54076
CVE-2020-6586,0.00675,0.77779
CVE-2020-6590,0.00168,0.53801
CVE-2020-6609,0.00216,0.59609
CVE-2020-6610,0.00105,0.42450
CVE-2020-6611,0.00105,0.42450
CVE-2020-6612,0.00201,0.57998
CVE-2020-6613,0.00201,0.57998
CVE-2020-6614,0.00201,0.57998
CVE-2020-6615,0.00105,0.42450
CVE-2020-6616,0.00094,0.39422
CVE-2020-6617,0.00249,0.62941
CVE-2020-6618,0.00249,0.62941
CVE-2020-6619,0.00249,0.62941
CVE-2020-6620,0.00249,0.62941
CVE-2020-6621,0.00249,0.62941
CVE-2020-6622,0.00249,0.62941
CVE-2020-6623,0.00249,0.62941
CVE-2020-6624,0.00129,0.47628
CVE-2020-6625,0.00129,0.47628
CVE-2020-6627,0.03266,0.90346
CVE-2020-6628,0.00209,0.58880
CVE-2020-6629,0.00079,0.33086
CVE-2020-6630,0.00056,0.21204
CVE-2020-6631,0.00056,0.21204
CVE-2020-6632,0.00078,0.32606
CVE-2020-6637,0.02067,0.87899
CVE-2020-6638,0.00173,0.54486
CVE-2020-6640,0.00066,0.27429
CVE-2020-6641,0.00054,0.20290
CVE-2020-6643,0.00066,0.27429
CVE-2020-6644,0.00222,0.60556
CVE-2020-6646,0.00066,0.27429
CVE-2020-6647,0.00054,0.20290
CVE-2020-6648,0.00065,0.26756
CVE-2020-6649,0.00222,0.60556
CVE-2020-6650,0.00110,0.43939
CVE-2020-6651,0.04991,0.92096
CVE-2020-6652,0.00068,0.27931
CVE-2020-6653,0.00044,0.10161
CVE-2020-6654,0.00072,0.29986
CVE-2020-6655,0.00851,0.80439
CVE-2020-6656,0.00494,0.73732
CVE-2020-6750,0.00220,0.60209
CVE-2020-6752,0.00054,0.20290
CVE-2020-6753,0.00078,0.32234
CVE-2020-6754,0.14825,0.95312
CVE-2020-6756,0.22763,0.96110
CVE-2020-6757,0.00171,0.54232
CVE-2020-6758,0.00131,0.48045
CVE-2020-6760,0.00840,0.80309
CVE-2020-6765,0.00118,0.45802
CVE-2020-6767,0.00160,0.52682
CVE-2020-6768,0.00329,0.68008
CVE-2020-6769,0.00401,0.70989
CVE-2020-6770,0.00862,0.80554
CVE-2020-6771,0.00069,0.28465
CVE-2020-6774,0.00042,0.05722
CVE-2020-6776,0.00088,0.36864
CVE-2020-6777,0.00066,0.27429
CVE-2020-6779,0.00889,0.80881
CVE-2020-6780,0.00135,0.48751
CVE-2020-6781,0.00087,0.36006
CVE-2020-6785,0.00069,0.28465
CVE-2020-6786,0.00069,0.28465
CVE-2020-6787,0.00069,0.28465
CVE-2020-6788,0.00069,0.28465
CVE-2020-6789,0.00069,0.28465
CVE-2020-6790,0.00069,0.28465
CVE-2020-6792,0.00112,0.44469
CVE-2020-6793,0.00130,0.47805
CVE-2020-6794,0.00242,0.62294
CVE-2020-6795,0.00318,0.67468
CVE-2020-6796,0.00593,0.76072
CVE-2020-6797,0.00131,0.47942
CVE-2020-6798,0.01097,0.82923
CVE-2020-6799,0.00283,0.65379
CVE-2020-6800,0.00497,0.73809
CVE-2020-6801,0.00372,0.69909
CVE-2020-6802,0.00380,0.70235
CVE-2020-6803,0.00078,0.32606
CVE-2020-6804,0.00078,0.32606
CVE-2020-6805,0.00522,0.74467
CVE-2020-6806,0.59911,0.97490
CVE-2020-6807,0.00522,0.74467
CVE-2020-6808,0.00081,0.33754
CVE-2020-6809,0.00178,0.55045
CVE-2020-6810,0.00084,0.35108
CVE-2020-6811,0.00937,0.81395
CVE-2020-6812,0.00182,0.55602
CVE-2020-6813,0.00085,0.35226
CVE-2020-6814,0.00627,0.76797
CVE-2020-6815,0.00244,0.62506
CVE-2020-6816,0.00209,0.58908
CVE-2020-6817,0.00051,0.16920
CVE-2020-6819,0.02362,0.88761
CVE-2020-6820,0.00676,0.77798
CVE-2020-6821,0.00178,0.55089
CVE-2020-6822,0.00266,0.64297
CVE-2020-6823,0.00244,0.62440
CVE-2020-6824,0.00044,0.10161
CVE-2020-6825,0.00252,0.63208
CVE-2020-6826,0.00205,0.58474
CVE-2020-6827,0.00084,0.35108
CVE-2020-6828,0.00115,0.45121
CVE-2020-6829,0.00117,0.45503
CVE-2020-6830,0.00178,0.55045
CVE-2020-6831,0.00702,0.78267
CVE-2020-6832,0.00085,0.35201
CVE-2020-6833,0.00189,0.56479
CVE-2020-6835,0.00235,0.61731
CVE-2020-6836,0.00583,0.75848
CVE-2020-6838,0.00659,0.77474
CVE-2020-6839,0.00465,0.72921
CVE-2020-6840,0.00465,0.72921
CVE-2020-6841,0.01743,0.86643
CVE-2020-6842,0.00392,0.70691
CVE-2020-6843,0.00525,0.74540
CVE-2020-6844,0.00432,0.71971
CVE-2020-6845,0.00291,0.65925
CVE-2020-6847,0.00062,0.24442
CVE-2020-6848,0.00087,0.36434
CVE-2020-6849,0.00307,0.66839
CVE-2020-6850,0.00166,0.53370
CVE-2020-6851,0.01242,0.84074
CVE-2020-6852,0.00477,0.73249
CVE-2020-6854,0.00054,0.20290
CVE-2020-6855,0.00068,0.28144
CVE-2020-6856,0.00065,0.26756
CVE-2020-6857,0.00086,0.35837
CVE-2020-6858,0.00073,0.30246
CVE-2020-6859,0.00351,0.69029
CVE-2020-6860,0.00370,0.69847
CVE-2020-6861,0.00042,0.05722
CVE-2020-6862,0.01921,0.87395
CVE-2020-6863,0.00100,0.40928
CVE-2020-6864,0.00120,0.46173
CVE-2020-6865,0.00065,0.26756
CVE-2020-6866,0.00081,0.33872
CVE-2020-6867,0.00075,0.31116
CVE-2020-6868,0.00058,0.22661
CVE-2020-6869,0.00065,0.26756
CVE-2020-6870,0.00044,0.08189
CVE-2020-6871,0.00309,0.66976
CVE-2020-6872,0.00078,0.32606
CVE-2020-6873,0.00169,0.53912
CVE-2020-6874,0.00279,0.65093
CVE-2020-6875,0.00263,0.64030
CVE-2020-6876,0.00066,0.27429
CVE-2020-6877,0.00104,0.42231
CVE-2020-6879,0.00044,0.08189
CVE-2020-6880,0.00119,0.45992
CVE-2020-6881,0.00206,0.58643
CVE-2020-6882,0.00456,0.72681
CVE-2020-6917,0.00068,0.28059
CVE-2020-6918,0.00068,0.28059
CVE-2020-6919,0.00068,0.28059
CVE-2020-6920,0.00059,0.23152
CVE-2020-6921,0.00068,0.28059
CVE-2020-6922,0.00068,0.28059
CVE-2020-6931,0.00044,0.10161
CVE-2020-6932,0.00503,0.73987
CVE-2020-6933,0.00044,0.10161
CVE-2020-6937,0.00206,0.58643
CVE-2020-6938,0.00149,0.50995
CVE-2020-6939,0.00222,0.60556
CVE-2020-6948,0.01725,0.86578
CVE-2020-6949,0.00109,0.43614
CVE-2020-6950,0.03699,0.90898
CVE-2020-6954,0.00079,0.33197
CVE-2020-6955,0.00087,0.36434
CVE-2020-6956,0.00087,0.36434
CVE-2020-6958,0.01063,0.82642
CVE-2020-6959,0.01165,0.83468
CVE-2020-6960,0.00132,0.48292
CVE-2020-6961,0.00285,0.65507
CVE-2020-6962,0.00723,0.78669
CVE-2020-6963,0.00578,0.75758
CVE-2020-6964,0.00108,0.43320
CVE-2020-6965,0.00094,0.39456
CVE-2020-6966,0.00725,0.78692
CVE-2020-6967,0.05599,0.92558
CVE-2020-6968,0.00042,0.00438
CVE-2020-6969,0.00213,0.59361
CVE-2020-6970,0.00544,0.75014
CVE-2020-6971,0.00044,0.08189
CVE-2020-6972,0.00158,0.52351
CVE-2020-6973,0.00081,0.33872
CVE-2020-6974,0.00370,0.69831
CVE-2020-6975,0.00054,0.20290
CVE-2020-6976,0.00112,0.44423
CVE-2020-6977,0.00067,0.27833
CVE-2020-6978,0.00108,0.43320
CVE-2020-6979,0.00162,0.52844
CVE-2020-6980,0.00042,0.00438
CVE-2020-6981,0.00213,0.59361
CVE-2020-6982,0.00140,0.49708
CVE-2020-6983,0.00162,0.52844
CVE-2020-6984,0.01304,0.84495
CVE-2020-6985,0.00213,0.59361
CVE-2020-6986,0.00100,0.40789
CVE-2020-6987,0.00162,0.52844
CVE-2020-6988,0.00128,0.47448
CVE-2020-6989,0.00952,0.81572
CVE-2020-6990,0.02350,0.88725
CVE-2020-6991,0.00213,0.59361
CVE-2020-6992,0.00042,0.00438
CVE-2020-6993,0.00162,0.52844
CVE-2020-6994,0.00240,0.62116
CVE-2020-6995,0.00213,0.59361
CVE-2020-6996,0.00332,0.68239
CVE-2020-6997,0.00162,0.52844
CVE-2020-6998,0.00059,0.22965
CVE-2020-6999,0.00081,0.33872
CVE-2020-7000,0.00100,0.41010
CVE-2020-7001,0.00162,0.52844
CVE-2020-7002,0.00871,0.80645
CVE-2020-7003,0.00162,0.52844
CVE-2020-7004,0.00044,0.08189
CVE-2020-7005,0.00083,0.34320
CVE-2020-7006,0.00317,0.67397
CVE-2020-7007,0.00389,0.70539
CVE-2020-7008,0.00235,0.61647
CVE-2020-7009,0.00289,0.65740
CVE-2020-7010,0.00367,0.69728
CVE-2020-7011,0.00078,0.32606
CVE-2020-7012,0.00092,0.38718
CVE-2020-7013,0.00092,0.38718
CVE-2020-7014,0.00104,0.42231
CVE-2020-7015,0.00054,0.20290
CVE-2020-7016,0.00083,0.34316
CVE-2020-7017,0.00131,0.48027
CVE-2020-7018,0.00104,0.42231
CVE-2020-7019,0.00065,0.26756
CVE-2020-7020,0.00068,0.28093
CVE-2020-7021,0.00065,0.26756
CVE-2020-7029,0.00088,0.36864
CVE-2020-7030,0.00048,0.14793
CVE-2020-7032,0.01948,0.87487
CVE-2020-7033,0.00054,0.20290
CVE-2020-7034,0.00125,0.46971
CVE-2020-7035,0.00135,0.48751
CVE-2020-7036,0.00135,0.48751
CVE-2020-7037,0.00251,0.63122
CVE-2020-7038,0.00283,0.65393
CVE-2020-7039,0.00360,0.69432
CVE-2020-7040,0.00544,0.75021
CVE-2020-7041,0.00184,0.55719
CVE-2020-7042,0.00184,0.55719
CVE-2020-7043,0.00226,0.60919
CVE-2020-7044,0.00255,0.63495
CVE-2020-7045,0.00105,0.42434
CVE-2020-7046,0.00509,0.74149
CVE-2020-7047,0.00439,0.72201
CVE-2020-7048,0.00727,0.78725
CVE-2020-7049,0.00051,0.17393
CVE-2020-7050,0.00048,0.14229
CVE-2020-7051,0.00076,0.31163
CVE-2020-7052,0.00144,0.50196
CVE-2020-7053,0.00045,0.11966
CVE-2020-7054,0.00232,0.61413
CVE-2020-7055,0.00136,0.48906
CVE-2020-7057,0.00126,0.47113
CVE-2020-7058,0.00358,0.69329
CVE-2020-7059,0.00418,0.71552
CVE-2020-7060,0.00395,0.70802
CVE-2020-7061,0.00355,0.69177
CVE-2020-7062,0.00486,0.73522
CVE-2020-7063,0.00576,0.75691
CVE-2020-7064,0.00249,0.62947
CVE-2020-7065,0.00495,0.73763
CVE-2020-7066,0.00427,0.71820
CVE-2020-7067,0.00918,0.81201
CVE-2020-7068,0.00059,0.22988
CVE-2020-7069,0.00244,0.62536
CVE-2020-7070,0.00445,0.72383
CVE-2020-7071,0.00395,0.70788
CVE-2020-7079,0.00072,0.29986
CVE-2020-7080,0.00109,0.43790
CVE-2020-7081,0.00199,0.57916
CVE-2020-7082,0.00306,0.66736
CVE-2020-7083,0.00097,0.40100
CVE-2020-7084,0.00055,0.20370
CVE-2020-7085,0.00089,0.37452
CVE-2020-7104,0.00087,0.36434
CVE-2020-7105,0.00244,0.62440
CVE-2020-7106,0.01791,0.86818
CVE-2020-7107,0.00395,0.70788
CVE-2020-7108,0.00477,0.73245
CVE-2020-7109,0.00156,0.52053
CVE-2020-7110,0.00054,0.20290
CVE-2020-7111,0.00180,0.55311
CVE-2020-7113,0.00065,0.26756
CVE-2020-7114,0.00222,0.60556
CVE-2020-7115,0.94932,0.99138
CVE-2020-7116,0.00183,0.55675
CVE-2020-7117,0.00183,0.55675
CVE-2020-7119,0.00054,0.20290
CVE-2020-7120,0.00042,0.05722
CVE-2020-7121,0.00099,0.40703
CVE-2020-7122,0.00099,0.40703
CVE-2020-7123,0.00042,0.05722
CVE-2020-7124,0.00847,0.80391
CVE-2020-7125,0.00359,0.69388
CVE-2020-7126,0.00084,0.34791
CVE-2020-7127,0.00305,0.66673
CVE-2020-7128,0.00305,0.66673
CVE-2020-7129,0.00335,0.68351
CVE-2020-7130,0.00388,0.70519
CVE-2020-7131,0.00062,0.24508
CVE-2020-7132,0.00050,0.16027
CVE-2020-7133,0.00193,0.57223
CVE-2020-7134,0.00060,0.23261
CVE-2020-7135,0.00044,0.10161
CVE-2020-7136,0.26929,0.96357
CVE-2020-7137,0.00044,0.10161
CVE-2020-7138,0.00268,0.64417
CVE-2020-7139,0.00065,0.26756
CVE-2020-7140,0.00058,0.22638
CVE-2020-7141,0.00623,0.76720
CVE-2020-7142,0.00623,0.76720
CVE-2020-7143,0.00623,0.76720
CVE-2020-7144,0.00623,0.76720
CVE-2020-7145,0.00623,0.76720
CVE-2020-7146,0.00623,0.76720
CVE-2020-7147,0.00623,0.76720
CVE-2020-7148,0.00623,0.76720
CVE-2020-7149,0.00623,0.76720
CVE-2020-7150,0.00623,0.76720
CVE-2020-7151,0.00623,0.76720
CVE-2020-7152,0.00623,0.76720
CVE-2020-7153,0.00623,0.76720
CVE-2020-7154,0.00623,0.76720
CVE-2020-7155,0.00623,0.76720
CVE-2020-7156,0.00623,0.76720
CVE-2020-7157,0.00623,0.76720
CVE-2020-7158,0.00623,0.76720
CVE-2020-7159,0.00623,0.76720
CVE-2020-7160,0.00623,0.76720
CVE-2020-7161,0.00623,0.76720
CVE-2020-7162,0.00623,0.76720
CVE-2020-7163,0.00623,0.76720
CVE-2020-7164,0.00623,0.76720
CVE-2020-7165,0.00623,0.76720
CVE-2020-7166,0.00623,0.76720
CVE-2020-7167,0.00623,0.76720
CVE-2020-7168,0.00623,0.76720
CVE-2020-7169,0.00623,0.76720
CVE-2020-7170,0.00623,0.76720
CVE-2020-7171,0.00623,0.76720
CVE-2020-7172,0.00623,0.76720
CVE-2020-7173,0.00199,0.57882
CVE-2020-7174,0.00199,0.57882
CVE-2020-7175,0.00199,0.57882
CVE-2020-7176,0.00199,0.57882
CVE-2020-7177,0.00199,0.57882
CVE-2020-7178,0.00199,0.57882
CVE-2020-7179,0.00199,0.57882
CVE-2020-7180,0.00199,0.57882
CVE-2020-7181,0.00199,0.57882
CVE-2020-7182,0.00199,0.57882
CVE-2020-7183,0.00199,0.57882
CVE-2020-7184,0.00199,0.57882
CVE-2020-7185,0.00199,0.57882
CVE-2020-7186,0.00199,0.57882
CVE-2020-7187,0.00199,0.57882
CVE-2020-7188,0.00199,0.57882
CVE-2020-7189,0.00199,0.57882
CVE-2020-7190,0.00199,0.57882
CVE-2020-7191,0.00199,0.57882
CVE-2020-7192,0.00199,0.57882
CVE-2020-7193,0.00199,0.57882
CVE-2020-7194,0.00199,0.57882
CVE-2020-7195,0.00199,0.57882
CVE-2020-7196,0.00060,0.23261
CVE-2020-7197,0.00536,0.74807
CVE-2020-7198,0.00355,0.69178
CVE-2020-7199,0.00586,0.75909
CVE-2020-7200,0.57358,0.97426
CVE-2020-7201,0.00073,0.30112
CVE-2020-7202,0.00091,0.38465
CVE-2020-7203,0.00638,0.77007
CVE-2020-7205,0.00044,0.10161
CVE-2020-7206,0.00214,0.59455
CVE-2020-7207,0.00070,0.29068
CVE-2020-7208,0.00058,0.22638
CVE-2020-7209,0.97190,0.99784
CVE-2020-7210,0.00196,0.57565
CVE-2020-7211,0.00172,0.54469
CVE-2020-7212,0.00204,0.58458
CVE-2020-7213,0.00232,0.61393
CVE-2020-7215,0.00044,0.10161
CVE-2020-7216,0.00098,0.40310
CVE-2020-7217,0.00261,0.63893
CVE-2020-7218,0.00098,0.40310
CVE-2020-7219,0.00116,0.45451
CVE-2020-7220,0.00178,0.55045
CVE-2020-7221,0.00068,0.28348
CVE-2020-7222,0.00126,0.47113
CVE-2020-7224,0.00273,0.64706
CVE-2020-7226,0.01780,0.86767
CVE-2020-7227,0.00160,0.52546
CVE-2020-7228,0.00063,0.25033
CVE-2020-7229,0.00152,0.51379
CVE-2020-7231,0.00126,0.47113
CVE-2020-7232,0.01162,0.83437
CVE-2020-7233,0.00772,0.79405
CVE-2020-7234,0.00058,0.22585
CVE-2020-7235,0.00087,0.36434
CVE-2020-7236,0.00087,0.36434
CVE-2020-7237,0.03522,0.90675
CVE-2020-7238,0.00515,0.74288
CVE-2020-7239,0.00088,0.37054
CVE-2020-7240,0.03341,0.90446
CVE-2020-7241,0.00276,0.64886
CVE-2020-7242,0.00373,0.69959
CVE-2020-7243,0.00373,0.69959
CVE-2020-7244,0.00373,0.69959
CVE-2020-7245,0.00244,0.62506
CVE-2020-7246,0.97243,0.99817
CVE-2020-7247,0.97504,0.99979
CVE-2020-7248,0.00438,0.72173
CVE-2020-7249,0.00058,0.22585
CVE-2020-7250,0.00042,0.05722
CVE-2020-7251,0.00042,0.05722
CVE-2020-7252,0.00060,0.23401
CVE-2020-7253,0.00042,0.05722
CVE-2020-7254,0.00042,0.05722
CVE-2020-7255,0.00042,0.05722
CVE-2020-7256,0.00054,0.20290
CVE-2020-7257,0.00042,0.05722
CVE-2020-7258,0.00054,0.20290
CVE-2020-7259,0.00042,0.05722
CVE-2020-7260,0.00069,0.28732
CVE-2020-7261,0.00042,0.05722
CVE-2020-7262,0.00042,0.05722
CVE-2020-7263,0.00044,0.10161
CVE-2020-7264,0.00042,0.05722
CVE-2020-7265,0.00042,0.05722
CVE-2020-7266,0.00042,0.05722
CVE-2020-7267,0.00042,0.05722
CVE-2020-7268,0.00101,0.41167
CVE-2020-7269,0.00061,0.23806
CVE-2020-7270,0.00061,0.23806
CVE-2020-7273,0.00042,0.05722
CVE-2020-7274,0.00042,0.05722
CVE-2020-7275,0.00042,0.05722
CVE-2020-7276,0.00044,0.10161
CVE-2020-7277,0.00042,0.05722
CVE-2020-7278,0.00079,0.33104
CVE-2020-7279,0.00069,0.28732
CVE-2020-7280,0.00045,0.12491
CVE-2020-7281,0.00042,0.05722
CVE-2020-7282,0.00042,0.05722
CVE-2020-7283,0.00042,0.05722
CVE-2020-7284,0.00042,0.05722
CVE-2020-7285,0.00044,0.10161
CVE-2020-7286,0.00044,0.10161
CVE-2020-7287,0.00044,0.10161
CVE-2020-7288,0.00044,0.10161
CVE-2020-7289,0.00044,0.10161
CVE-2020-7290,0.00044,0.10161
CVE-2020-7291,0.00044,0.10161
CVE-2020-7292,0.00138,0.49358
CVE-2020-7293,0.00044,0.10161
CVE-2020-7294,0.00044,0.10161
CVE-2020-7295,0.00044,0.10161
CVE-2020-7296,0.00044,0.10161
CVE-2020-7297,0.00044,0.10161
CVE-2020-7298,0.00042,0.05722
CVE-2020-7299,0.00042,0.05722
CVE-2020-7300,0.00107,0.43046
CVE-2020-7301,0.00054,0.20290
CVE-2020-7302,0.00067,0.27699
CVE-2020-7303,0.00057,0.21310
CVE-2020-7304,0.00066,0.27235
CVE-2020-7305,0.00095,0.39486
CVE-2020-7306,0.00042,0.05722
CVE-2020-7307,0.00042,0.05722
CVE-2020-7308,0.00131,0.47939
CVE-2020-7309,0.00054,0.20290
CVE-2020-7310,0.00042,0.05722
CVE-2020-7311,0.00042,0.05722
CVE-2020-7312,0.00042,0.05722
CVE-2020-7314,0.00042,0.05722
CVE-2020-7315,0.00042,0.05722
CVE-2020-7316,0.00042,0.05722
CVE-2020-7317,0.00044,0.10161
CVE-2020-7318,0.00065,0.27034
CVE-2020-7319,0.00042,0.05722
CVE-2020-7320,0.00044,0.10161
CVE-2020-7322,0.00042,0.05722
CVE-2020-7323,0.00058,0.22614
CVE-2020-7324,0.00042,0.05722
CVE-2020-7325,0.00042,0.05722
CVE-2020-7326,0.00044,0.10161
CVE-2020-7327,0.00044,0.10161
CVE-2020-7328,0.00279,0.65124
CVE-2020-7329,0.00369,0.69817
CVE-2020-7330,0.00042,0.05722
CVE-2020-7331,0.00042,0.05722
CVE-2020-7332,0.00091,0.38575
CVE-2020-7333,0.00054,0.20290
CVE-2020-7334,0.00044,0.10161
CVE-2020-7335,0.00045,0.12491
CVE-2020-7336,0.00229,0.61173
CVE-2020-7337,0.00044,0.10161
CVE-2020-7339,0.00073,0.30193
CVE-2020-7343,0.00042,0.05722
CVE-2020-7346,0.00042,0.05722
CVE-2020-7350,0.00965,0.81694
CVE-2020-7351,0.90091,0.98580
CVE-2020-7352,0.00159,0.52367
CVE-2020-7354,0.00112,0.44327
CVE-2020-7355,0.00112,0.44327
CVE-2020-7356,0.01974,0.87575
CVE-2020-7357,0.95518,0.99261
CVE-2020-7358,0.00044,0.10161
CVE-2020-7360,0.00051,0.17393
CVE-2020-7361,0.01048,0.82473
CVE-2020-7363,0.00065,0.27131
CVE-2020-7364,0.00065,0.27131
CVE-2020-7369,0.00065,0.27131
CVE-2020-7370,0.00065,0.27131
CVE-2020-7371,0.00065,0.27131
CVE-2020-7373,0.84606,0.98260
CVE-2020-7374,0.00181,0.55517
CVE-2020-7376,0.00404,0.71077
CVE-2020-7377,0.00091,0.38560
CVE-2020-7378,0.00307,0.66811
CVE-2020-7381,0.00105,0.42470
CVE-2020-7382,0.00044,0.10161
CVE-2020-7383,0.00065,0.26756
CVE-2020-7384,0.00427,0.71813
CVE-2020-7385,0.00394,0.70772
CVE-2020-7387,0.00087,0.35933
CVE-2020-7388,0.25386,0.96276
CVE-2020-7389,0.00290,0.65864
CVE-2020-7390,0.00058,0.22585
CVE-2020-7450,0.00383,0.70340
CVE-2020-7451,0.00084,0.34791
CVE-2020-7452,0.00105,0.42575
CVE-2020-7453,0.00044,0.10161
CVE-2020-7454,0.04128,0.91345
CVE-2020-7455,0.00045,0.12491
CVE-2020-7456,0.00099,0.40759
CVE-2020-7457,0.34644,0.96727
CVE-2020-7458,0.00357,0.69296
CVE-2020-7459,0.00077,0.32045
CVE-2020-7460,0.00045,0.12491
CVE-2020-7461,0.00313,0.67189
CVE-2020-7462,0.00044,0.10161
CVE-2020-7463,0.00048,0.14244
CVE-2020-7464,0.00084,0.34791
CVE-2020-7465,0.00957,0.81624
CVE-2020-7466,0.00236,0.61803
CVE-2020-7467,0.00070,0.29068
CVE-2020-7468,0.00117,0.45615
CVE-2020-7469,0.00102,0.41481
CVE-2020-7470,0.00058,0.22585
CVE-2020-7471,0.00748,0.79025
CVE-2020-7472,0.00208,0.58781
CVE-2020-7473,0.00413,0.71382
CVE-2020-7474,0.00072,0.29986
CVE-2020-7475,0.00233,0.61449
CVE-2020-7476,0.00072,0.29986
CVE-2020-7477,0.00103,0.41969
CVE-2020-7478,0.05150,0.92231
CVE-2020-7479,0.00045,0.12491
CVE-2020-7480,0.02329,0.88674
CVE-2020-7481,0.00078,0.32606
CVE-2020-7482,0.00078,0.32606
CVE-2020-7483,0.00171,0.54182
CVE-2020-7484,0.00112,0.44414
CVE-2020-7485,0.00235,0.61633
CVE-2020-7486,0.00112,0.44414
CVE-2020-7487,0.00222,0.60556
CVE-2020-7488,0.00168,0.53801
CVE-2020-7489,0.00233,0.61449
CVE-2020-7490,0.00072,0.29986
CVE-2020-7491,0.00171,0.54182
CVE-2020-7492,0.00157,0.52178
CVE-2020-7493,0.00112,0.44432
CVE-2020-7494,0.00113,0.44734
CVE-2020-7495,0.00109,0.43820
CVE-2020-7496,0.00063,0.25378
CVE-2020-7497,0.00439,0.72224
CVE-2020-7498,0.00222,0.60556
CVE-2020-7499,0.00054,0.20290
CVE-2020-7500,0.00233,0.61496
CVE-2020-7501,0.00104,0.42231
CVE-2020-7502,0.00083,0.34295
CVE-2020-7503,0.00073,0.30112
CVE-2020-7504,0.00092,0.38838
CVE-2020-7505,0.00105,0.42575
CVE-2020-7506,0.00168,0.53801
CVE-2020-7507,0.00103,0.41969
CVE-2020-7508,0.00222,0.60556
CVE-2020-7509,0.00104,0.42231
CVE-2020-7510,0.00168,0.53801
CVE-2020-7511,0.00168,0.53801
CVE-2020-7512,0.00222,0.60556
CVE-2020-7513,0.00168,0.53801
CVE-2020-7514,0.00047,0.13886
CVE-2020-7515,0.00047,0.13886
CVE-2020-7516,0.00047,0.13886
CVE-2020-7517,0.00047,0.13886
CVE-2020-7518,0.00084,0.34791
CVE-2020-7519,0.00168,0.53801
CVE-2020-7520,0.00064,0.26497
CVE-2020-7521,0.00834,0.80238
CVE-2020-7522,0.00834,0.80238
CVE-2020-7523,0.00045,0.11807
CVE-2020-7524,0.00083,0.34295
CVE-2020-7525,0.00168,0.53801
CVE-2020-7526,0.00240,0.62089
CVE-2020-7527,0.00047,0.13886
CVE-2020-7528,0.00071,0.29235
CVE-2020-7529,0.00052,0.17719
CVE-2020-7530,0.00104,0.42231
CVE-2020-7531,0.00063,0.25378
CVE-2020-7532,0.00071,0.29235
CVE-2020-7533,0.00163,0.52947
CVE-2020-7534,0.00075,0.30903
CVE-2020-7535,0.00336,0.68385
CVE-2020-7536,0.00116,0.45451
CVE-2020-7537,0.00103,0.41969
CVE-2020-7538,0.00103,0.41969
CVE-2020-7539,0.00103,0.41969
CVE-2020-7540,0.00316,0.67334
CVE-2020-7541,0.00084,0.34791
CVE-2020-7542,0.00103,0.41969
CVE-2020-7543,0.00103,0.41969
CVE-2020-7544,0.00047,0.13886
CVE-2020-7545,0.00087,0.35941
CVE-2020-7546,0.00054,0.20290
CVE-2020-7547,0.00087,0.35903
CVE-2020-7548,0.00222,0.60556
CVE-2020-7549,0.00092,0.38838
CVE-2020-7550,0.00330,0.68124
CVE-2020-7551,0.00259,0.63742
CVE-2020-7552,0.00259,0.63742
CVE-2020-7553,0.00330,0.68124
CVE-2020-7554,0.00330,0.68124
CVE-2020-7555,0.00330,0.68124
CVE-2020-7556,0.00330,0.68124
CVE-2020-7557,0.00330,0.68124
CVE-2020-7558,0.00330,0.68124
CVE-2020-7559,0.00128,0.47429
CVE-2020-7560,0.00072,0.29986
CVE-2020-7561,0.00426,0.71789
CVE-2020-7562,0.00096,0.39884
CVE-2020-7563,0.00104,0.42283
CVE-2020-7564,0.00096,0.39920
CVE-2020-7565,0.00059,0.22958
CVE-2020-7566,0.00059,0.22958
CVE-2020-7567,0.00057,0.21543
CVE-2020-7568,0.00057,0.21365
CVE-2020-7569,0.00242,0.62296
CVE-2020-7570,0.00066,0.27429
CVE-2020-7571,0.00066,0.27429
CVE-2020-7572,0.00226,0.60895
CVE-2020-7573,0.00154,0.51643
CVE-2020-7574,0.00078,0.32606
CVE-2020-7575,0.00078,0.32606
CVE-2020-7576,0.00054,0.19275
CVE-2020-7577,0.00058,0.21980
CVE-2020-7578,0.00058,0.21980
CVE-2020-7579,0.00078,0.32606
CVE-2020-7580,0.00042,0.00438
CVE-2020-7581,0.00042,0.05722
CVE-2020-7583,0.00044,0.10161
CVE-2020-7584,0.00103,0.41969
CVE-2020-7585,0.00043,0.05916
CVE-2020-7586,0.00045,0.12303
CVE-2020-7587,0.00296,0.66200
CVE-2020-7588,0.00110,0.43943
CVE-2020-7589,0.00131,0.48004
CVE-2020-7590,0.00061,0.23892
CVE-2020-7591,0.00092,0.38813
CVE-2020-7592,0.00062,0.24249
CVE-2020-7593,0.00143,0.50180
CVE-2020-7594,0.01553,0.85857
CVE-2020-7595,0.00597,0.76145
CVE-2020-7596,0.00465,0.72890
CVE-2020-7597,0.00562,0.75358
CVE-2020-7598,0.00105,0.42404
CVE-2020-7599,0.00074,0.30666
CVE-2020-7600,0.00091,0.38064
CVE-2020-7601,0.00971,0.81758
CVE-2020-7602,0.00971,0.81758
CVE-2020-7603,0.00971,0.81758
CVE-2020-7604,0.00971,0.81758
CVE-2020-7605,0.00971,0.81758
CVE-2020-7606,0.00971,0.81758
CVE-2020-7607,0.00971,0.81758
CVE-2020-7608,0.00044,0.10445
CVE-2020-7609,0.00354,0.69150
CVE-2020-7610,0.00349,0.68941
CVE-2020-7611,0.02433,0.88932
CVE-2020-7613,0.02343,0.88707
CVE-2020-7614,0.00833,0.80229
CVE-2020-7615,0.00055,0.20599
CVE-2020-7616,0.00091,0.38064
CVE-2020-7617,0.00235,0.61731
CVE-2020-7618,0.00091,0.38064
CVE-2020-7619,0.00371,0.69893
CVE-2020-7620,0.00371,0.69893
CVE-2020-7621,0.00580,0.75788
CVE-2020-7622,0.00697,0.78207
CVE-2020-7623,0.00554,0.75234
CVE-2020-7624,0.00863,0.80567
CVE-2020-7625,0.00863,0.80567
CVE-2020-7626,0.00863,0.80567
CVE-2020-7627,0.00863,0.80567
CVE-2020-7628,0.00360,0.69407
CVE-2020-7629,0.00863,0.80567
CVE-2020-7630,0.00863,0.80567
CVE-2020-7631,0.01220,0.83910
CVE-2020-7632,0.04579,0.91736
CVE-2020-7633,0.01233,0.84012
CVE-2020-7634,0.26826,0.96350
CVE-2020-7635,0.04579,0.91736
CVE-2020-7636,0.01233,0.84012
CVE-2020-7637,0.00091,0.38064
CVE-2020-7638,0.00091,0.38064
CVE-2020-7639,0.00091,0.38064
CVE-2020-7640,0.00347,0.68810
CVE-2020-7641,0.00043,0.06775
CVE-2020-7642,0.00053,0.19034
CVE-2020-7643,0.00126,0.47206
CVE-2020-7644,0.00537,0.74848
CVE-2020-7645,0.00383,0.70334
CVE-2020-7646,0.00608,0.76376
CVE-2020-7647,0.00136,0.48985
CVE-2020-7648,0.00132,0.48186
CVE-2020-7649,0.00106,0.42693
CVE-2020-7650,0.00132,0.48186
CVE-2020-7651,0.00089,0.37467
CVE-2020-7652,0.00132,0.48186
CVE-2020-7653,0.00065,0.26756
CVE-2020-7654,0.00178,0.55045
CVE-2020-7655,0.00107,0.43243
CVE-2020-7656,0.00224,0.60760
CVE-2020-7658,0.00116,0.45289
CVE-2020-7659,0.00115,0.45146
CVE-2020-7660,0.00756,0.79147
CVE-2020-7661,0.00098,0.40466
CVE-2020-7662,0.00218,0.59820
CVE-2020-7663,0.01504,0.85616
CVE-2020-7664,0.00107,0.43004
CVE-2020-7665,0.00093,0.39255
CVE-2020-7666,0.00093,0.39255
CVE-2020-7667,0.00093,0.39255
CVE-2020-7668,0.00107,0.43004
CVE-2020-7669,0.00093,0.39255
CVE-2020-7670,0.00149,0.50933
CVE-2020-7671,0.00090,0.37972
CVE-2020-7672,0.01641,0.86264
CVE-2020-7673,0.06856,0.93255
CVE-2020-7674,0.06856,0.93255
CVE-2020-7675,0.06856,0.93255
CVE-2020-7676,0.00220,0.59982
CVE-2020-7677,0.00202,0.58229
CVE-2020-7678,0.00208,0.58811
CVE-2020-7679,0.00629,0.76854
CVE-2020-7680,0.01887,0.87253
CVE-2020-7681,0.00503,0.74004
CVE-2020-7682,0.00503,0.74004
CVE-2020-7683,0.00503,0.74004
CVE-2020-7684,0.00276,0.64935
CVE-2020-7685,0.00084,0.34791
CVE-2020-7686,0.00503,0.74004
CVE-2020-7687,0.00503,0.74004
CVE-2020-7688,0.00370,0.69833
CVE-2020-7689,0.00107,0.43218
CVE-2020-7690,0.00074,0.30459
CVE-2020-7691,0.00176,0.54846
CVE-2020-7692,0.00429,0.71872
CVE-2020-7693,0.00509,0.74137
CVE-2020-7694,0.00140,0.49604
CVE-2020-7695,0.00091,0.38064
CVE-2020-7696,0.00133,0.48327
CVE-2020-7697,0.00395,0.70792
CVE-2020-7698,0.00218,0.59847
CVE-2020-7699,0.01527,0.85731
CVE-2020-7700,0.00521,0.74438
CVE-2020-7701,0.00521,0.74438
CVE-2020-7702,0.00521,0.74438
CVE-2020-7703,0.00521,0.74438
CVE-2020-7704,0.00244,0.62506
CVE-2020-7705,0.00135,0.48756
CVE-2020-7706,0.00436,0.72119
CVE-2020-7707,0.00731,0.78795
CVE-2020-7708,0.00731,0.78795
CVE-2020-7709,0.00661,0.77535
CVE-2020-7710,0.00612,0.76486
CVE-2020-7711,0.00113,0.44717
CVE-2020-7712,0.01604,0.86114
CVE-2020-7713,0.00521,0.74438
CVE-2020-7714,0.00521,0.74438
CVE-2020-7715,0.00521,0.74438
CVE-2020-7716,0.00521,0.74438
CVE-2020-7717,0.00521,0.74438
CVE-2020-7718,0.00521,0.74438
CVE-2020-7719,0.00609,0.76403
CVE-2020-7720,0.00152,0.51400
CVE-2020-7721,0.00521,0.74438
CVE-2020-7722,0.00521,0.74438
CVE-2020-7723,0.00521,0.74438
CVE-2020-7724,0.00521,0.74438
CVE-2020-7725,0.00521,0.74438
CVE-2020-7726,0.00521,0.74438
CVE-2020-7727,0.00521,0.74438
CVE-2020-7729,0.00851,0.80435
CVE-2020-7730,0.00129,0.47573
CVE-2020-7731,0.00147,0.50696
CVE-2020-7733,0.00385,0.70408
CVE-2020-7734,0.01209,0.83819
CVE-2020-7735,0.00103,0.41722
CVE-2020-7736,0.00361,0.69462
CVE-2020-7737,0.00488,0.73598
CVE-2020-7738,0.00111,0.44130
CVE-2020-7739,0.00197,0.57685
CVE-2020-7740,0.00131,0.47974
CVE-2020-7741,0.00178,0.55051
CVE-2020-7742,0.00129,0.47660
CVE-2020-7743,0.00244,0.62393
CVE-2020-7744,0.00080,0.33494
CVE-2020-7745,0.00455,0.72669
CVE-2020-7746,0.01807,0.86885
CVE-2020-7747,0.00094,0.39317
CVE-2020-7748,0.00507,0.74090
CVE-2020-7749,0.00157,0.52183
CVE-2020-7750,0.00500,0.73869
CVE-2020-7751,0.00096,0.39810
CVE-2020-7752,0.01561,0.85898
CVE-2020-7753,0.01236,0.84027
CVE-2020-7754,0.00315,0.67237
CVE-2020-7755,0.00117,0.45503
CVE-2020-7757,0.00061,0.24098
CVE-2020-7758,0.00164,0.53058
CVE-2020-7759,0.00104,0.42274
CVE-2020-7760,0.01484,0.85485
CVE-2020-7761,0.00129,0.47684
CVE-2020-7762,0.00061,0.24098
CVE-2020-7763,0.00258,0.63629
CVE-2020-7764,0.00105,0.42589
CVE-2020-7765,0.00108,0.43319
CVE-2020-7766,0.00494,0.73718
CVE-2020-7767,0.00102,0.41475
CVE-2020-7768,0.00460,0.72785
CVE-2020-7769,0.01806,0.86877
CVE-2020-7770,0.00361,0.69462
CVE-2020-7771,0.00361,0.69462
CVE-2020-7772,0.00470,0.73062
CVE-2020-7773,0.00090,0.37892
CVE-2020-7774,0.37658,0.96846
CVE-2020-7775,0.00223,0.60665
CVE-2020-7776,0.00062,0.24442
CVE-2020-7777,0.00154,0.51675
CVE-2020-7778,0.00759,0.79217
CVE-2020-7779,0.00115,0.45086
CVE-2020-7780,0.00184,0.55731
CVE-2020-7781,0.00596,0.76125
CVE-2020-7782,0.01226,0.83948
CVE-2020-7784,0.00805,0.79897
CVE-2020-7785,0.01226,0.83948
CVE-2020-7786,0.00667,0.77656
CVE-2020-7787,0.00283,0.65424
CVE-2020-7788,0.01010,0.82128
CVE-2020-7789,0.00198,0.57716
CVE-2020-7790,0.00109,0.43519
CVE-2020-7791,0.00476,0.73230
CVE-2020-7792,0.01458,0.85381
CVE-2020-7793,0.00273,0.64697
CVE-2020-7794,0.00246,0.62637
CVE-2020-7795,0.00123,0.46594
CVE-2020-7796,0.72496,0.97821
CVE-2020-7799,0.00744,0.78973
CVE-2020-7800,0.00100,0.40789
CVE-2020-7801,0.00080,0.33470
CVE-2020-7802,0.00080,0.33470
CVE-2020-7803,0.00410,0.71274
CVE-2020-7804,0.00168,0.53628
CVE-2020-7805,0.00371,0.69893
CVE-2020-7806,0.01958,0.87520
CVE-2020-7807,0.00057,0.21309
CVE-2020-7808,0.00276,0.64924
CVE-2020-7809,0.00124,0.46744
CVE-2020-7810,0.00373,0.69934
CVE-2020-7811,0.00042,0.05722
CVE-2020-7812,0.01444,0.85302
CVE-2020-7813,0.01444,0.85302
CVE-2020-7814,0.00578,0.75758
CVE-2020-7815,0.00506,0.74077
CVE-2020-7816,0.00230,0.61221
CVE-2020-7817,0.00044,0.10161
CVE-2020-7818,0.00085,0.35384
CVE-2020-7819,0.00169,0.53880
CVE-2020-7820,0.01240,0.84059
CVE-2020-7821,0.01240,0.84059
CVE-2020-7822,0.00085,0.35384
CVE-2020-7823,0.00085,0.35384
CVE-2020-7824,0.00142,0.49972
CVE-2020-7825,0.00435,0.72075
CVE-2020-7826,0.00432,0.71954
CVE-2020-7827,0.00085,0.35342
CVE-2020-7828,0.00072,0.29986
CVE-2020-7829,0.00072,0.29986
CVE-2020-7830,0.00063,0.25378
CVE-2020-7831,0.00261,0.63888
CVE-2020-7832,0.00201,0.58090
CVE-2020-7836,0.00096,0.39998
CVE-2020-7837,0.00537,0.74849
CVE-2020-7838,0.00349,0.68961
CVE-2020-7839,0.00282,0.65339
CVE-2020-7841,0.00349,0.68961
CVE-2020-7842,0.00100,0.40848
CVE-2020-7845,0.00994,0.81999
CVE-2020-7846,0.00261,0.63899
CVE-2020-7847,0.00988,0.81937
CVE-2020-7848,0.00044,0.10161
CVE-2020-7849,0.00349,0.68961
CVE-2020-7850,0.00109,0.43620
CVE-2020-7851,0.00124,0.46714
CVE-2020-7852,0.00069,0.28465
CVE-2020-7853,0.00288,0.65720
CVE-2020-7856,0.00309,0.66976
CVE-2020-7857,0.00222,0.60556
CVE-2020-7858,0.00244,0.62525
CVE-2020-7860,0.00068,0.28013
CVE-2020-7861,0.00416,0.71499
CVE-2020-7862,0.00194,0.57349
CVE-2020-7863,0.00517,0.74327
CVE-2020-7864,0.00222,0.60618
CVE-2020-7865,0.00201,0.58090
CVE-2020-7866,0.00221,0.60385
CVE-2020-7867,0.00042,0.05722
CVE-2020-7868,0.00534,0.74773
CVE-2020-7869,0.00308,0.66901
CVE-2020-7870,0.00095,0.39710
CVE-2020-7871,0.00201,0.58020
CVE-2020-7872,0.00066,0.27187
CVE-2020-7873,0.00261,0.63880
CVE-2020-7874,0.00261,0.63880
CVE-2020-7875,0.00499,0.73841
CVE-2020-7877,0.00096,0.39884
CVE-2020-7878,0.00261,0.63880
CVE-2020-7879,0.00368,0.69769
CVE-2020-7880,0.00330,0.68142
CVE-2020-7881,0.00197,0.57593
CVE-2020-7882,0.00156,0.51926
CVE-2020-7883,0.00492,0.73686
CVE-2020-7904,0.00178,0.55045
CVE-2020-7905,0.00178,0.55045
CVE-2020-7906,0.00178,0.55045
CVE-2020-7907,0.00178,0.55045
CVE-2020-7908,0.00084,0.35108
CVE-2020-7909,0.00178,0.55045
CVE-2020-7910,0.00054,0.20290
CVE-2020-7911,0.00084,0.35108
CVE-2020-7912,0.00090,0.37972
CVE-2020-7913,0.00084,0.35108
CVE-2020-7914,0.00178,0.55045
CVE-2020-7915,0.00058,0.22585
CVE-2020-7916,0.00065,0.26756
CVE-2020-7918,0.00082,0.34183
CVE-2020-7919,0.01825,0.86966
CVE-2020-7920,0.00657,0.77383
CVE-2020-7921,0.00054,0.20290
CVE-2020-7922,0.00065,0.26756
CVE-2020-7923,0.00068,0.28144
CVE-2020-7924,0.00084,0.34791
CVE-2020-7925,0.00128,0.47439
CVE-2020-7926,0.00068,0.28144
CVE-2020-7927,0.00065,0.26756
CVE-2020-7928,0.00065,0.26756
CVE-2020-7929,0.00068,0.28144
CVE-2020-7931,0.00759,0.79203
CVE-2020-7932,0.00065,0.26756
CVE-2020-7934,0.00137,0.49048
CVE-2020-7935,0.00129,0.47556
CVE-2020-7936,0.00155,0.51812
CVE-2020-7937,0.00118,0.45782
CVE-2020-7938,0.00253,0.63260
CVE-2020-7939,0.00235,0.61628
CVE-2020-7940,0.00265,0.64207
CVE-2020-7941,0.00371,0.69879
CVE-2020-7942,0.00065,0.26756
CVE-2020-7943,0.08068,0.93730
CVE-2020-7944,0.00065,0.26756
CVE-2020-7945,0.00044,0.10161
CVE-2020-7947,0.00549,0.75136
CVE-2020-7948,0.00291,0.65884
CVE-2020-7949,0.00672,0.77748
CVE-2020-7950,0.00216,0.59614
CVE-2020-7951,0.00180,0.55294
CVE-2020-7952,0.00216,0.59614
CVE-2020-7953,0.00178,0.55045
CVE-2020-7954,0.00044,0.10161
CVE-2020-7955,0.00090,0.37972
CVE-2020-7956,0.00165,0.53209
CVE-2020-7957,0.00157,0.52149
CVE-2020-7958,0.00054,0.19416
CVE-2020-7959,0.03584,0.90752
CVE-2020-7961,0.97417,0.99925
CVE-2020-7962,0.00084,0.34791
CVE-2020-7964,0.00090,0.37972
CVE-2020-7965,0.00073,0.30112
CVE-2020-7966,0.00168,0.53814
CVE-2020-7967,0.00051,0.17244
CVE-2020-7968,0.00199,0.57788
CVE-2020-7969,0.00166,0.53380
CVE-2020-7971,0.00074,0.30673
CVE-2020-7972,0.00085,0.35201
CVE-2020-7973,0.00119,0.45856
CVE-2020-7974,0.00085,0.35201
CVE-2020-7976,0.00085,0.35201
CVE-2020-7977,0.00085,0.35201
CVE-2020-7978,0.00116,0.45451
CVE-2020-7979,0.00085,0.35201
CVE-2020-7980,0.97015,0.99697
CVE-2020-7981,0.00174,0.54650
CVE-2020-7982,0.00357,0.69305
CVE-2020-7983,0.00207,0.58684
CVE-2020-7984,0.00827,0.80148
CVE-2020-7988,0.00150,0.51066
CVE-2020-7989,0.00222,0.60401
CVE-2020-7990,0.00222,0.60401
CVE-2020-7991,0.00505,0.74035
CVE-2020-7993,0.00079,0.33104
CVE-2020-7994,0.00214,0.59499
CVE-2020-7995,0.16707,0.95562
CVE-2020-7996,0.00144,0.50222
CVE-2020-7997,0.00087,0.36434
CVE-2020-7998,0.00095,0.39617
CVE-2020-7999,0.00659,0.77474
CVE-2020-8000,0.00659,0.77474
CVE-2020-8001,0.00659,0.77474
CVE-2020-8002,0.00042,0.05722
CVE-2020-8003,0.00045,0.11966
CVE-2020-8004,0.00383,0.70336
CVE-2020-8009,0.00637,0.76983
CVE-2020-8010,0.07135,0.93373
CVE-2020-8011,0.00216,0.59644
CVE-2020-8012,0.52678,0.97316
CVE-2020-8013,0.00044,0.10161
CVE-2020-8014,0.00042,0.05722
CVE-2020-8015,0.00042,0.05722
CVE-2020-8016,0.00042,0.05722
CVE-2020-8017,0.00042,0.05722
CVE-2020-8018,0.00044,0.08107
CVE-2020-8019,0.00042,0.05722
CVE-2020-8020,0.00150,0.51203
CVE-2020-8021,0.00230,0.61213
CVE-2020-8022,0.00042,0.05722
CVE-2020-8023,0.00042,0.05722
CVE-2020-8024,0.00059,0.22934
CVE-2020-8025,0.00132,0.48227
CVE-2020-8026,0.00042,0.05722
CVE-2020-8027,0.00042,0.05722
CVE-2020-8028,0.00096,0.40033
CVE-2020-8029,0.00082,0.34023
CVE-2020-8030,0.00042,0.05722
CVE-2020-8031,0.00072,0.29718
CVE-2020-8032,0.00042,0.05722
CVE-2020-8033,0.00083,0.34473
CVE-2020-8034,0.00173,0.54513
CVE-2020-8035,0.00098,0.40398
CVE-2020-8036,0.00103,0.41969
CVE-2020-8037,0.00648,0.77194
CVE-2020-8086,0.00973,0.81778
CVE-2020-8087,0.00905,0.81053
CVE-2020-8088,0.00659,0.77474
CVE-2020-8089,0.00058,0.22585
CVE-2020-8090,0.00058,0.22585
CVE-2020-8091,0.00200,0.57927
CVE-2020-8092,0.00042,0.05722
CVE-2020-8093,0.00044,0.10161
CVE-2020-8095,0.00065,0.26793
CVE-2020-8096,0.00044,0.10161
CVE-2020-8097,0.00042,0.05722
CVE-2020-8099,0.00044,0.10161
CVE-2020-8100,0.00123,0.46688
CVE-2020-8101,0.00103,0.41625
CVE-2020-8102,0.00238,0.61961
CVE-2020-8103,0.00044,0.10161
CVE-2020-8105,0.00044,0.10504
CVE-2020-8107,0.00062,0.24373
CVE-2020-8108,0.00044,0.10161
CVE-2020-8109,0.00123,0.46688
CVE-2020-8110,0.00123,0.46688
CVE-2020-8112,0.01280,0.84328
CVE-2020-8113,0.00695,0.78168
CVE-2020-8114,0.00463,0.72864
CVE-2020-8115,0.01870,0.87158
CVE-2020-8116,0.00183,0.55631
CVE-2020-8117,0.00054,0.20290
CVE-2020-8118,0.00119,0.45939
CVE-2020-8119,0.00128,0.47465
CVE-2020-8120,0.00097,0.40192
CVE-2020-8121,0.00079,0.33197
CVE-2020-8122,0.00058,0.21939
CVE-2020-8123,0.00079,0.32837
CVE-2020-8124,0.00102,0.41246
CVE-2020-8125,0.01091,0.82865
CVE-2020-8126,0.00044,0.10504
CVE-2020-8127,0.00105,0.42625
CVE-2020-8128,0.01056,0.82543
CVE-2020-8129,0.08488,0.93863
CVE-2020-8130,0.00086,0.35625
CVE-2020-8131,0.00324,0.67751
CVE-2020-8132,0.00619,0.76647
CVE-2020-8133,0.00101,0.41116
CVE-2020-8134,0.00079,0.33197
CVE-2020-8135,0.00275,0.64824
CVE-2020-8136,0.00158,0.52248
CVE-2020-8137,0.00599,0.76174
CVE-2020-8138,0.00069,0.28474
CVE-2020-8139,0.00094,0.39270
CVE-2020-8140,0.00051,0.17393
CVE-2020-8141,0.00118,0.45667
CVE-2020-8142,0.00107,0.43163
CVE-2020-8143,0.00181,0.55362
CVE-2020-8144,0.00044,0.07794
CVE-2020-8145,0.00054,0.20290
CVE-2020-8146,0.00063,0.25378
CVE-2020-8147,0.01220,0.83912
CVE-2020-8148,0.00089,0.37201
CVE-2020-8149,0.00953,0.81586
CVE-2020-8150,0.00053,0.18668
CVE-2020-8151,0.00178,0.55045
CVE-2020-8152,0.00056,0.21207
CVE-2020-8153,0.00121,0.46373
CVE-2020-8154,0.00711,0.78459
CVE-2020-8155,0.00146,0.50537
CVE-2020-8156,0.00141,0.49838
CVE-2020-8157,0.00077,0.32045
CVE-2020-8158,0.00301,0.66457
CVE-2020-8159,0.01763,0.86711
CVE-2020-8160,0.00084,0.35108
CVE-2020-8161,0.00152,0.51459
CVE-2020-8162,0.00349,0.68955
CVE-2020-8163,0.97016,0.99698
CVE-2020-8164,0.01182,0.83618
CVE-2020-8165,0.85119,0.98287
CVE-2020-8166,0.00311,0.67030
CVE-2020-8167,0.00311,0.67051
CVE-2020-8168,0.00123,0.46603
CVE-2020-8169,0.00653,0.77325
CVE-2020-8170,0.00098,0.40343
CVE-2020-8171,0.03227,0.90287
CVE-2020-8172,0.00238,0.61974
CVE-2020-8173,0.00053,0.18634
CVE-2020-8174,0.01437,0.85259
CVE-2020-8175,0.00056,0.21204
CVE-2020-8176,0.00096,0.40015
CVE-2020-8177,0.00099,0.40601
CVE-2020-8178,0.01346,0.84744
CVE-2020-8179,0.00054,0.20290
CVE-2020-8180,0.00118,0.45667
CVE-2020-8181,0.00054,0.20290
CVE-2020-8182,0.00075,0.30870
CVE-2020-8183,0.00176,0.54835
CVE-2020-8184,0.00242,0.62314
CVE-2020-8185,0.00086,0.35861
CVE-2020-8186,0.00284,0.65475
CVE-2020-8187,0.00110,0.44110
CVE-2020-8188,0.00266,0.64273
CVE-2020-8189,0.00062,0.24442
CVE-2020-8190,0.00104,0.42231
CVE-2020-8191,0.00210,0.58970
CVE-2020-8192,0.00079,0.32837
CVE-2020-8193,0.93910,0.98981
CVE-2020-8194,0.90775,0.98626
CVE-2020-8195,0.87949,0.98435
CVE-2020-8196,0.00201,0.58021
CVE-2020-8197,0.00102,0.41368
CVE-2020-8198,0.00078,0.32606
CVE-2020-8199,0.00042,0.05722
CVE-2020-8200,0.00065,0.26756
CVE-2020-8201,0.00260,0.63851
CVE-2020-8202,0.00119,0.46037
CVE-2020-8203,0.01036,0.82357
CVE-2020-8204,0.00078,0.32606
CVE-2020-8205,0.00327,0.67923
CVE-2020-8206,0.00430,0.71881
CVE-2020-8207,0.00088,0.36937
CVE-2020-8208,0.00078,0.32606
CVE-2020-8209,0.96834,0.99630
CVE-2020-8210,0.00168,0.53801
CVE-2020-8211,0.00174,0.54584
CVE-2020-8212,0.00263,0.64030
CVE-2020-8213,0.00089,0.37649
CVE-2020-8214,0.00503,0.74004
CVE-2020-8215,0.00334,0.68291
CVE-2020-8216,0.00054,0.20290
CVE-2020-8217,0.00054,0.20290
CVE-2020-8218,0.01991,0.87641
CVE-2020-8219,0.00108,0.43321
CVE-2020-8220,0.00408,0.71217
CVE-2020-8221,0.00093,0.39033
CVE-2020-8222,0.00093,0.39033
CVE-2020-8223,0.00191,0.56760
CVE-2020-8224,0.00090,0.38032
CVE-2020-8225,0.00196,0.57544
CVE-2020-8226,0.00085,0.35201
CVE-2020-8227,0.00882,0.80775
CVE-2020-8228,0.00168,0.53810
CVE-2020-8229,0.00044,0.10445
CVE-2020-8230,0.00044,0.10161
CVE-2020-8231,0.00478,0.73294
CVE-2020-8232,0.00090,0.37848
CVE-2020-8233,0.00425,0.71752
CVE-2020-8234,0.01691,0.86440
CVE-2020-8235,0.00058,0.22585
CVE-2020-8236,0.00088,0.37005
CVE-2020-8237,0.00115,0.45086
CVE-2020-8238,0.00092,0.38799
CVE-2020-8239,0.00222,0.60556
CVE-2020-8240,0.00044,0.10161
CVE-2020-8241,0.00159,0.52424
CVE-2020-8242,0.00087,0.36089
CVE-2020-8243,0.00486,0.73530
CVE-2020-8244,0.00147,0.50664
CVE-2020-8245,0.00078,0.32606
CVE-2020-8246,0.00103,0.41969
CVE-2020-8247,0.00104,0.42231
CVE-2020-8248,0.00042,0.05722
CVE-2020-8249,0.00042,0.05722
CVE-2020-8250,0.00042,0.05722
CVE-2020-8251,0.00253,0.63234
CVE-2020-8252,0.00050,0.15960
CVE-2020-8253,0.00165,0.53213
CVE-2020-8254,0.00244,0.62427
CVE-2020-8255,0.00067,0.27704
CVE-2020-8256,0.00082,0.34200
CVE-2020-8257,0.00222,0.60556
CVE-2020-8258,0.00084,0.34791
CVE-2020-8259,0.00088,0.36956
CVE-2020-8260,0.02578,0.89203
CVE-2020-8261,0.00078,0.32606
CVE-2020-8262,0.00078,0.32606
CVE-2020-8263,0.00054,0.20290
CVE-2020-8264,0.00066,0.27472
CVE-2020-8265,0.00673,0.77758
CVE-2020-8267,0.00105,0.42536
CVE-2020-8268,0.00102,0.41246
CVE-2020-8269,0.00104,0.41989
CVE-2020-8270,0.00108,0.43364
CVE-2020-8271,0.00562,0.75363
CVE-2020-8272,0.00082,0.34065
CVE-2020-8273,0.00331,0.68182
CVE-2020-8274,0.00354,0.69147
CVE-2020-8275,0.00089,0.37212
CVE-2020-8276,0.00042,0.05722
CVE-2020-8277,0.00761,0.79235
CVE-2020-8278,0.00101,0.41116
CVE-2020-8279,0.00126,0.47175
CVE-2020-8280,0.00058,0.22585
CVE-2020-8281,0.00058,0.22585
CVE-2020-8282,0.00126,0.47212
CVE-2020-8283,0.00104,0.41989
CVE-2020-8284,0.00232,0.61415
CVE-2020-8285,0.00792,0.79730
CVE-2020-8286,0.00333,0.68278
CVE-2020-8287,0.00809,0.79939
CVE-2020-8288,0.00067,0.27713
CVE-2020-8289,0.00690,0.78083
CVE-2020-8290,0.00042,0.05722
CVE-2020-8291,0.00072,0.29847
CVE-2020-8292,0.00112,0.44327
CVE-2020-8293,0.00081,0.33872
CVE-2020-8294,0.00054,0.19275
CVE-2020-8295,0.00134,0.48563
CVE-2020-8296,0.00096,0.39796
CVE-2020-8297,0.00074,0.30659
CVE-2020-8298,0.00475,0.73198
CVE-2020-8299,0.00051,0.17414
CVE-2020-8300,0.00073,0.30345
CVE-2020-8315,0.00053,0.18293
CVE-2020-8316,0.00044,0.10161
CVE-2020-8317,0.00072,0.29986
CVE-2020-8318,0.00044,0.10161
CVE-2020-8319,0.00044,0.10161
CVE-2020-8320,0.00070,0.29068
CVE-2020-8321,0.00044,0.10161
CVE-2020-8322,0.00044,0.10161
CVE-2020-8323,0.00044,0.10161
CVE-2020-8324,0.00044,0.10161
CVE-2020-8326,0.00072,0.29986
CVE-2020-8327,0.00044,0.10161
CVE-2020-8329,0.00206,0.58643
CVE-2020-8330,0.00206,0.58643
CVE-2020-8332,0.00044,0.10161
CVE-2020-8333,0.00044,0.10161
CVE-2020-8334,0.00070,0.29068
CVE-2020-8335,0.00070,0.29068
CVE-2020-8336,0.00070,0.29068
CVE-2020-8337,0.00044,0.10161
CVE-2020-8338,0.00042,0.05722
CVE-2020-8339,0.00072,0.29850
CVE-2020-8340,0.00078,0.32606
CVE-2020-8341,0.00058,0.22795
CVE-2020-8342,0.00044,0.10161
CVE-2020-8345,0.00063,0.25378
CVE-2020-8346,0.00044,0.10161
CVE-2020-8347,0.00089,0.37212
CVE-2020-8348,0.00089,0.37212
CVE-2020-8349,0.00550,0.75149
CVE-2020-8350,0.00068,0.27920
CVE-2020-8351,0.00044,0.10161
CVE-2020-8352,0.00058,0.22795
CVE-2020-8353,0.00042,0.05722
CVE-2020-8354,0.00044,0.10161
CVE-2020-8355,0.00065,0.26756
CVE-2020-8356,0.00065,0.26756
CVE-2020-8357,0.00044,0.10161
CVE-2020-8416,0.06255,0.92929
CVE-2020-8417,0.00119,0.45961
CVE-2020-8419,0.00073,0.30112
CVE-2020-8420,0.00073,0.30112
CVE-2020-8421,0.00103,0.41747
CVE-2020-8422,0.00050,0.16475
CVE-2020-8423,0.00475,0.73187
CVE-2020-8424,0.00741,0.78925
CVE-2020-8425,0.00393,0.70737
CVE-2020-8426,0.00059,0.23158
CVE-2020-8427,0.00239,0.62058
CVE-2020-8428,0.00044,0.08000
CVE-2020-8429,0.00327,0.67882
CVE-2020-8430,0.00123,0.46691
CVE-2020-8432,0.01192,0.83683
CVE-2020-8434,0.00222,0.60556
CVE-2020-8435,0.00130,0.47873
CVE-2020-8436,0.00088,0.36898
CVE-2020-8437,0.00867,0.80607
CVE-2020-8438,0.00562,0.75372
CVE-2020-8439,0.00182,0.55563
CVE-2020-8440,0.00958,0.81628
CVE-2020-8441,0.02808,0.89655
CVE-2020-8442,0.01500,0.85570
CVE-2020-8443,0.18207,0.95737
CVE-2020-8444,0.00772,0.79395
CVE-2020-8445,0.00706,0.78354
CVE-2020-8446,0.00042,0.05722
CVE-2020-8447,0.00772,0.79395
CVE-2020-8448,0.00042,0.05722
CVE-2020-8449,0.00154,0.51692
CVE-2020-8450,0.93122,0.98883
CVE-2020-8461,0.00112,0.44337
CVE-2020-8462,0.00058,0.22585
CVE-2020-8463,0.00419,0.71560
CVE-2020-8464,0.00275,0.64813
CVE-2020-8465,0.00195,0.57484
CVE-2020-8466,0.46899,0.97147
CVE-2020-8467,0.02023,0.87755
CVE-2020-8468,0.00452,0.72590
CVE-2020-8469,0.00070,0.28841
CVE-2020-8470,0.00228,0.61051
CVE-2020-8471,0.00075,0.30866
CVE-2020-8472,0.00044,0.10161
CVE-2020-8473,0.00044,0.10161
CVE-2020-8474,0.00044,0.10161
CVE-2020-8475,0.00193,0.57221
CVE-2020-8476,0.00108,0.43474
CVE-2020-8477,0.00244,0.62405
CVE-2020-8478,0.00044,0.10161
CVE-2020-8479,0.00908,0.81083
CVE-2020-8481,0.00244,0.62506
CVE-2020-8482,0.00044,0.10161
CVE-2020-8484,0.00044,0.10161
CVE-2020-8485,0.00044,0.10161
CVE-2020-8486,0.00044,0.10161
CVE-2020-8487,0.00044,0.10161
CVE-2020-8488,0.00044,0.10161
CVE-2020-8489,0.00044,0.10161
CVE-2020-8492,0.00837,0.80274
CVE-2020-8493,0.00086,0.35801
CVE-2020-8494,0.00109,0.43614
CVE-2020-8495,0.01081,0.82797
CVE-2020-8496,0.00058,0.22585
CVE-2020-8497,0.00200,0.57929
CVE-2020-8498,0.00065,0.27139
CVE-2020-8500,0.00107,0.43243
CVE-2020-8503,0.00065,0.26756
CVE-2020-8504,0.00063,0.25629
CVE-2020-8505,0.00063,0.25629
CVE-2020-8506,0.05036,0.92145
CVE-2020-8507,0.00268,0.64418
CVE-2020-8508,0.00659,0.77474
CVE-2020-8509,0.00633,0.76918
CVE-2020-8510,0.00328,0.68002
CVE-2020-8511,0.00107,0.43243
CVE-2020-8512,0.01373,0.84929
CVE-2020-8514,0.00096,0.40015
CVE-2020-8515,0.97079,0.99728
CVE-2020-8516,0.00194,0.57338
CVE-2020-8517,0.00431,0.71901
CVE-2020-8518,0.96701,0.99580
CVE-2020-8519,0.00251,0.63153
CVE-2020-8520,0.00251,0.63153
CVE-2020-8521,0.00251,0.63153
CVE-2020-8539,0.00131,0.47916
CVE-2020-8540,0.01180,0.83603
CVE-2020-8541,0.00062,0.24248
CVE-2020-8542,0.00145,0.50418
CVE-2020-8543,0.00112,0.44478
CVE-2020-8544,0.00062,0.24248
CVE-2020-8545,0.00244,0.62525
CVE-2020-8547,0.12788,0.94995
CVE-2020-8548,0.00190,0.56651
CVE-2020-8549,0.00847,0.80385
CVE-2020-8551,0.00134,0.48593
CVE-2020-8552,0.00166,0.53271
CVE-2020-8553,0.00090,0.38042
CVE-2020-8554,0.00238,0.61986
CVE-2020-8555,0.00099,0.40730
CVE-2020-8557,0.00044,0.10161
CVE-2020-8558,0.00119,0.46021
CVE-2020-8559,0.00331,0.68194
CVE-2020-8561,0.00078,0.32076
CVE-2020-8562,0.00075,0.31081
CVE-2020-8563,0.00047,0.13943
CVE-2020-8564,0.00047,0.13943
CVE-2020-8565,0.00044,0.10161
CVE-2020-8566,0.00047,0.13943
CVE-2020-8567,0.00050,0.16825
CVE-2020-8568,0.00087,0.36446
CVE-2020-8569,0.00066,0.27480
CVE-2020-8570,0.00355,0.69220
CVE-2020-8571,0.00206,0.58643
CVE-2020-8572,0.00169,0.53886
CVE-2020-8573,0.00142,0.49886
CVE-2020-8574,0.00042,0.05722
CVE-2020-8575,0.00044,0.10161
CVE-2020-8576,0.00054,0.20290
CVE-2020-8577,0.00168,0.53801
CVE-2020-8578,0.00044,0.10161
CVE-2020-8579,0.00103,0.41969
CVE-2020-8580,0.00110,0.44110
CVE-2020-8581,0.00054,0.20290
CVE-2020-8582,0.00065,0.26756
CVE-2020-8583,0.00168,0.53801
CVE-2020-8584,0.00605,0.76329
CVE-2020-8585,0.00044,0.10161
CVE-2020-8587,0.00044,0.10161
CVE-2020-8588,0.00044,0.10161
CVE-2020-8589,0.00044,0.10161
CVE-2020-8590,0.00044,0.10161
CVE-2020-8591,0.00659,0.77474
CVE-2020-8592,0.00212,0.59184
CVE-2020-8594,0.00062,0.24442
CVE-2020-8595,0.00345,0.68750
CVE-2020-8596,0.00124,0.46846
CVE-2020-8597,0.13979,0.95190
CVE-2020-8598,0.02938,0.89849
CVE-2020-8599,0.16535,0.95540
CVE-2020-8600,0.00860,0.80539
CVE-2020-8601,0.00044,0.10161
CVE-2020-8602,0.00254,0.63432
CVE-2020-8603,0.00253,0.63248
CVE-2020-8604,0.97276,0.99834
CVE-2020-8605,0.96672,0.99570
CVE-2020-8606,0.97224,0.99807
CVE-2020-8607,0.00052,0.17661
CVE-2020-8608,0.00708,0.78380
CVE-2020-8611,0.00146,0.50523
CVE-2020-8612,0.00184,0.55749
CVE-2020-8614,0.01241,0.84068
CVE-2020-8615,0.00479,0.73327
CVE-2020-8616,0.02274,0.88551
CVE-2020-8617,0.97204,0.99793
CVE-2020-8618,0.00150,0.51087
CVE-2020-8619,0.00318,0.67485
CVE-2020-8620,0.01337,0.84690
CVE-2020-8621,0.00737,0.78869
CVE-2020-8622,0.00425,0.71766
CVE-2020-8623,0.02300,0.88614
CVE-2020-8624,0.00293,0.66035
CVE-2020-8625,0.21565,0.96032
CVE-2020-8631,0.00045,0.11839
CVE-2020-8632,0.00045,0.11839
CVE-2020-8633,0.00084,0.34791
CVE-2020-8634,0.00051,0.17393
CVE-2020-8635,0.00042,0.05722
CVE-2020-8636,0.00932,0.81351
CVE-2020-8637,0.00236,0.61791
CVE-2020-8638,0.00236,0.61791
CVE-2020-8639,0.03371,0.90496
CVE-2020-8641,0.00710,0.78434
CVE-2020-8644,0.96028,0.99369
CVE-2020-8645,0.00281,0.65210
CVE-2020-8647,0.00045,0.11966
CVE-2020-8648,0.00076,0.31330
CVE-2020-8649,0.00058,0.22677
CVE-2020-8654,0.04987,0.92094
CVE-2020-8655,0.00543,0.75004
CVE-2020-8656,0.09897,0.94331
CVE-2020-8657,0.11452,0.94747
CVE-2020-8658,0.00339,0.68488
CVE-2020-8659,0.00341,0.68585
CVE-2020-8660,0.00135,0.48650
CVE-2020-8661,0.00171,0.54180
CVE-2020-8663,0.00116,0.45451
CVE-2020-8664,0.00081,0.33552
CVE-2020-8669,0.00063,0.25750
CVE-2020-8670,0.00044,0.10161
CVE-2020-8671,0.00044,0.10161
CVE-2020-8672,0.00044,0.10161
CVE-2020-8674,0.00198,0.57730
CVE-2020-8675,0.00070,0.29068
CVE-2020-8676,0.00044,0.10161
CVE-2020-8677,0.00044,0.10161
CVE-2020-8678,0.00044,0.10161
CVE-2020-8679,0.00044,0.10161
CVE-2020-8680,0.00044,0.10161
CVE-2020-8681,0.00044,0.10161
CVE-2020-8682,0.00044,0.10161
CVE-2020-8683,0.00044,0.10161
CVE-2020-8684,0.00044,0.10161
CVE-2020-8685,0.00044,0.10161
CVE-2020-8687,0.00044,0.10161
CVE-2020-8688,0.00110,0.44110
CVE-2020-8689,0.00062,0.24843
CVE-2020-8690,0.00044,0.10161
CVE-2020-8691,0.00042,0.05722
CVE-2020-8692,0.00044,0.10161
CVE-2020-8693,0.00044,0.10161
CVE-2020-8694,0.00045,0.12069
CVE-2020-8695,0.00048,0.14287
CVE-2020-8696,0.00045,0.11839
CVE-2020-8698,0.00047,0.14042
CVE-2020-8700,0.00044,0.10161
CVE-2020-8701,0.00044,0.10161
CVE-2020-8702,0.00044,0.10161
CVE-2020-8703,0.00044,0.10161
CVE-2020-8704,0.00044,0.10161
CVE-2020-8705,0.00146,0.50526
CVE-2020-8706,0.00077,0.32045
CVE-2020-8707,0.00077,0.32045
CVE-2020-8708,0.00076,0.31287
CVE-2020-8709,0.00076,0.31287
CVE-2020-8710,0.00044,0.10161
CVE-2020-8711,0.00044,0.10161
CVE-2020-8712,0.00044,0.10161
CVE-2020-8713,0.00076,0.31287
CVE-2020-8714,0.00044,0.10161
CVE-2020-8715,0.00044,0.10161
CVE-2020-8716,0.00044,0.10161
CVE-2020-8717,0.00044,0.10161
CVE-2020-8718,0.00044,0.10161
CVE-2020-8719,0.00044,0.10161
CVE-2020-8720,0.00044,0.10161
CVE-2020-8721,0.00044,0.10161
CVE-2020-8722,0.00044,0.10161
CVE-2020-8723,0.00066,0.27227
CVE-2020-8729,0.00044,0.10161
CVE-2020-8730,0.00044,0.10161
CVE-2020-8731,0.00044,0.10161
CVE-2020-8732,0.00077,0.32045
CVE-2020-8733,0.00044,0.10161
CVE-2020-8734,0.00044,0.10161
CVE-2020-8736,0.00044,0.10161
CVE-2020-8737,0.00070,0.29068
CVE-2020-8738,0.00044,0.10161
CVE-2020-8739,0.00044,0.10161
CVE-2020-8740,0.00044,0.10161
CVE-2020-8741,0.00044,0.10161
CVE-2020-8742,0.00044,0.10161
CVE-2020-8743,0.00044,0.10161
CVE-2020-8744,0.00045,0.11966
CVE-2020-8745,0.00081,0.33521
CVE-2020-8746,0.00070,0.29079
CVE-2020-8747,0.00163,0.52972
CVE-2020-8749,0.00077,0.32045
CVE-2020-8750,0.00044,0.10161
CVE-2020-8751,0.00089,0.37378
CVE-2020-8752,0.00347,0.68853
CVE-2020-8753,0.00139,0.49420
CVE-2020-8754,0.00139,0.49420
CVE-2020-8755,0.00101,0.41221
CVE-2020-8756,0.00044,0.10161
CVE-2020-8757,0.00044,0.10161
CVE-2020-8758,0.00347,0.68853
CVE-2020-8759,0.00044,0.10161
CVE-2020-8760,0.00044,0.10161
CVE-2020-8761,0.00064,0.26314
CVE-2020-8763,0.00044,0.10161
CVE-2020-8764,0.00044,0.10161
CVE-2020-8765,0.00044,0.10161
CVE-2020-8766,0.00062,0.24843
CVE-2020-8767,0.00044,0.10161
CVE-2020-8768,0.00095,0.39695
CVE-2020-8771,0.07621,0.93538
CVE-2020-8772,0.96607,0.99549
CVE-2020-8773,0.00092,0.38890
CVE-2020-8774,0.00184,0.55790
CVE-2020-8775,0.00092,0.38890
CVE-2020-8776,0.00273,0.64721
CVE-2020-8777,0.00273,0.64721
CVE-2020-8778,0.00273,0.64721
CVE-2020-8781,0.00046,0.13783
CVE-2020-8782,0.00605,0.76329
CVE-2020-8783,0.00152,0.51379
CVE-2020-8784,0.00152,0.51379
CVE-2020-8785,0.00152,0.51379
CVE-2020-8786,0.00152,0.51379
CVE-2020-8787,0.00085,0.35201
CVE-2020-8788,0.00083,0.34473
CVE-2020-8789,0.00114,0.44954
CVE-2020-8790,0.01939,0.87457
CVE-2020-8791,0.00227,0.60973
CVE-2020-8792,0.00126,0.47113
CVE-2020-8793,0.00053,0.18608
CVE-2020-8794,0.93691,0.98951
CVE-2020-8795,0.00166,0.53380
CVE-2020-8796,0.02049,0.87848
CVE-2020-8797,0.00126,0.47193
CVE-2020-8798,0.00064,0.26252
CVE-2020-8799,0.00050,0.16378
CVE-2020-8800,0.00197,0.57637
CVE-2020-8801,0.00161,0.52764
CVE-2020-8802,0.00495,0.73746
CVE-2020-8803,0.03193,0.90229
CVE-2020-8804,0.00353,0.69118
CVE-2020-8806,0.00084,0.34791
CVE-2020-8807,0.00084,0.34791
CVE-2020-8808,0.00044,0.10161
CVE-2020-8809,0.00405,0.71138
CVE-2020-8810,0.01784,0.86788
CVE-2020-8811,0.00058,0.22585
CVE-2020-8812,0.00058,0.22585
CVE-2020-8813,0.95033,0.99151
CVE-2020-8815,0.00835,0.80259
CVE-2020-8816,0.95604,0.99277
CVE-2020-8817,0.00081,0.33776
CVE-2020-8818,0.09175,0.94108
CVE-2020-8819,0.06720,0.93186
CVE-2020-8820,0.00060,0.23288
CVE-2020-8821,0.00448,0.72439
CVE-2020-8822,0.00058,0.22585
CVE-2020-8823,0.00121,0.46317
CVE-2020-8824,0.00058,0.22585
CVE-2020-8825,0.00118,0.45669
CVE-2020-8826,0.00250,0.63058
CVE-2020-8827,0.00160,0.52576
CVE-2020-8828,0.00431,0.71934
CVE-2020-8829,0.00112,0.44586
CVE-2020-8830,0.00107,0.43246
CVE-2020-8831,0.00083,0.34309
CVE-2020-8832,0.00047,0.13943
CVE-2020-8833,0.00066,0.27608
CVE-2020-8834,0.00054,0.20307
CVE-2020-8835,0.00085,0.35335
CVE-2020-8838,0.00068,0.28059
CVE-2020-8839,0.00261,0.63886
CVE-2020-8840,0.02197,0.88335
CVE-2020-8841,0.00165,0.53134
CVE-2020-8843,0.00351,0.69013
CVE-2020-8844,0.52156,0.97304
CVE-2020-8845,0.03125,0.90130
CVE-2020-8846,0.03125,0.90130
CVE-2020-8847,0.00300,0.66440
CVE-2020-8848,0.00300,0.66440
CVE-2020-8849,0.00300,0.66440
CVE-2020-8850,0.00300,0.66440
CVE-2020-8851,0.00300,0.66440
CVE-2020-8852,0.00119,0.45839
CVE-2020-8853,0.00300,0.66440
CVE-2020-8854,0.00300,0.66440
CVE-2020-8855,0.00657,0.77384
CVE-2020-8856,0.03125,0.90130
CVE-2020-8857,0.00385,0.70416
CVE-2020-8858,0.00845,0.80372
CVE-2020-8859,0.03564,0.90724
CVE-2020-8860,0.00064,0.26162
CVE-2020-8861,0.00157,0.52135
CVE-2020-8862,0.00631,0.76883
CVE-2020-8863,0.00169,0.53858
CVE-2020-8864,0.86325,0.98350
CVE-2020-8865,0.00235,0.61620
CVE-2020-8866,0.00329,0.68005
CVE-2020-8867,0.00891,0.80898
CVE-2020-8868,0.05800,0.92664
CVE-2020-8869,0.00313,0.67188
CVE-2020-8870,0.00214,0.59466
CVE-2020-8871,0.00045,0.12491
CVE-2020-8872,0.00045,0.12491
CVE-2020-8873,0.00045,0.12491
CVE-2020-8874,0.00046,0.13752
CVE-2020-8875,0.00045,0.12491
CVE-2020-8876,0.00045,0.12491
CVE-2020-8877,0.16723,0.95564
CVE-2020-8878,0.01556,0.85872
CVE-2020-8879,0.16723,0.95564
CVE-2020-8880,0.01768,0.86725
CVE-2020-8881,0.04650,0.91806
CVE-2020-8882,0.01678,0.86398
CVE-2020-8883,0.16723,0.95564
CVE-2020-8884,0.00308,0.66937
CVE-2020-8887,0.00297,0.66294
CVE-2020-8889,0.00152,0.51457
CVE-2020-8890,0.00100,0.40897
CVE-2020-8891,0.00100,0.40897
CVE-2020-8892,0.00255,0.63464
CVE-2020-8893,0.00138,0.49320
CVE-2020-8894,0.00111,0.44173
CVE-2020-8895,0.00049,0.15854
CVE-2020-8896,0.00077,0.31860
CVE-2020-8897,0.00068,0.28072
CVE-2020-8899,0.03390,0.90520
CVE-2020-8902,0.00054,0.20290
CVE-2020-8903,0.00077,0.31957
CVE-2020-8904,0.00081,0.33884
CVE-2020-8905,0.00057,0.21513
CVE-2020-8907,0.00077,0.31957
CVE-2020-8908,0.00060,0.23379
CVE-2020-8910,0.00085,0.35443
CVE-2020-8911,0.00051,0.17393
CVE-2020-8912,0.00044,0.10445
CVE-2020-8913,0.00150,0.51189
CVE-2020-8916,0.00044,0.10161
CVE-2020-8918,0.00051,0.17393
CVE-2020-8919,0.00064,0.26247
CVE-2020-8920,0.00064,0.26247
CVE-2020-8923,0.00078,0.32606
CVE-2020-8927,0.00610,0.76431
CVE-2020-8929,0.00056,0.21170
CVE-2020-8933,0.00077,0.31957
CVE-2020-8934,0.00045,0.11801
CVE-2020-8935,0.00044,0.10161
CVE-2020-8936,0.00044,0.10161
CVE-2020-8937,0.00044,0.10161
CVE-2020-8938,0.00044,0.10161
CVE-2020-8939,0.00044,0.10161
CVE-2020-8940,0.00044,0.10161
CVE-2020-8941,0.00044,0.08189
CVE-2020-8942,0.00044,0.10161
CVE-2020-8943,0.00044,0.10161
CVE-2020-8944,0.00042,0.05722
CVE-2020-8945,0.01173,0.83540
CVE-2020-8946,0.00797,0.79792
CVE-2020-8947,0.10365,0.94477
CVE-2020-8948,0.00046,0.13783
CVE-2020-8949,0.02695,0.89454
CVE-2020-8950,0.00048,0.14788
CVE-2020-8951,0.00058,0.22585
CVE-2020-8952,0.00087,0.36434
CVE-2020-8953,0.00430,0.71881
CVE-2020-8954,0.00066,0.27550
CVE-2020-8955,0.02446,0.88956
CVE-2020-8956,0.00128,0.47485
CVE-2020-8958,0.74227,0.97878
CVE-2020-8959,0.00070,0.28841
CVE-2020-8960,0.00135,0.48677
CVE-2020-8961,0.00233,0.61449
CVE-2020-8962,0.00438,0.72168
CVE-2020-8963,0.05194,0.92267
CVE-2020-8964,0.01591,0.86043
CVE-2020-8966,0.00084,0.35108
CVE-2020-8967,0.00138,0.49278
CVE-2020-8968,0.00044,0.10161
CVE-2020-8973,0.00054,0.20300
CVE-2020-8974,0.00079,0.33122
CVE-2020-8975,0.00231,0.61303
CVE-2020-8976,0.00101,0.41079
CVE-2020-8981,0.00077,0.31640
CVE-2020-8982,0.79861,0.98045
CVE-2020-8983,0.02073,0.87929
CVE-2020-8984,0.00090,0.37972
CVE-2020-8985,0.00073,0.30112
CVE-2020-8986,0.00222,0.60556
CVE-2020-8987,0.00087,0.36006
CVE-2020-8988,0.00178,0.55045
CVE-2020-8989,0.00120,0.46085
CVE-2020-8990,0.00178,0.55045
CVE-2020-8991,0.00044,0.10161
CVE-2020-8992,0.00045,0.11966
CVE-2020-8994,0.00353,0.69104
CVE-2020-8995,0.00400,0.70971
CVE-2020-8996,0.00061,0.23805
CVE-2020-8997,0.00212,0.59197
CVE-2020-9000,0.00091,0.38427
CVE-2020-9002,0.00097,0.40228
CVE-2020-9003,0.00079,0.33107
CVE-2020-9004,0.01224,0.83932
CVE-2020-9005,0.00247,0.62771
CVE-2020-9006,0.01192,0.83680
CVE-2020-9007,0.00058,0.22585
CVE-2020-9008,0.00058,0.22585
CVE-2020-9009,0.00063,0.25638
CVE-2020-9012,0.00152,0.51451
CVE-2020-9013,0.00478,0.73315
CVE-2020-9014,0.00042,0.05722
CVE-2020-9015,0.05229,0.92288
CVE-2020-9016,0.00058,0.22585
CVE-2020-9017,0.00097,0.40070
CVE-2020-9018,0.00091,0.38064
CVE-2020-9019,0.00088,0.36898
CVE-2020-9020,0.00923,0.81266
CVE-2020-9021,0.00923,0.81266
CVE-2020-9022,0.00087,0.36434
CVE-2020-9023,0.00659,0.77474
CVE-2020-9024,0.00815,0.79998
CVE-2020-9025,0.00087,0.36434
CVE-2020-9026,0.01346,0.84744
CVE-2020-9027,0.01346,0.84744
CVE-2020-9028,0.00087,0.36434
CVE-2020-9029,0.00131,0.47967
CVE-2020-9030,0.00131,0.47967
CVE-2020-9031,0.00131,0.47967
CVE-2020-9032,0.00131,0.47967
CVE-2020-9033,0.00131,0.47967
CVE-2020-9034,0.00125,0.46862
CVE-2020-9036,0.00113,0.44705
CVE-2020-9038,0.00348,0.68890
CVE-2020-9039,0.00222,0.60556
CVE-2020-9040,0.00084,0.34791
CVE-2020-9041,0.00103,0.41969
CVE-2020-9042,0.00073,0.30112
CVE-2020-9043,0.04173,0.91390
CVE-2020-9044,0.00235,0.61633
CVE-2020-9045,0.00065,0.26756
CVE-2020-9046,0.00044,0.08189
CVE-2020-9047,0.00782,0.79545
CVE-2020-9048,0.00145,0.50411
CVE-2020-9049,0.00094,0.39274
CVE-2020-9050,0.00313,0.67135
CVE-2020-9054,0.96978,0.99684
CVE-2020-9055,0.00052,0.17898
CVE-2020-9056,0.00056,0.20987
CVE-2020-9057,0.00090,0.38031
CVE-2020-9058,0.00075,0.30875
CVE-2020-9059,0.00092,0.38734
CVE-2020-9060,0.00092,0.38734
CVE-2020-9061,0.00064,0.26402
CVE-2020-9062,0.00075,0.30891
CVE-2020-9063,0.00295,0.66141
CVE-2020-9064,0.00044,0.10161
CVE-2020-9065,0.00042,0.05722
CVE-2020-9066,0.00061,0.23884
CVE-2020-9067,0.00113,0.44733
CVE-2020-9068,0.00309,0.66976
CVE-2020-9069,0.00070,0.29068
CVE-2020-9070,0.00068,0.28076
CVE-2020-9071,0.00081,0.33872
CVE-2020-9072,0.00042,0.05722
CVE-2020-9073,0.00057,0.21534
CVE-2020-9074,0.00092,0.38838
CVE-2020-9075,0.00063,0.25750
CVE-2020-9076,0.00128,0.47518
CVE-2020-9077,0.00054,0.19186
CVE-2020-9078,0.00042,0.05722
CVE-2020-9079,0.00070,0.29068
CVE-2020-9083,0.00058,0.22795
CVE-2020-9084,0.00043,0.07626
CVE-2020-9087,0.00042,0.05722
CVE-2020-9090,0.00044,0.10161
CVE-2020-9091,0.00044,0.10161
CVE-2020-9092,0.00051,0.17414
CVE-2020-9093,0.00055,0.20370
CVE-2020-9094,0.00103,0.41969
CVE-2020-9095,0.00044,0.10161
CVE-2020-9096,0.00044,0.10161
CVE-2020-9098,0.00116,0.45451
CVE-2020-9099,0.00309,0.66976
CVE-2020-9100,0.00063,0.25378
CVE-2020-9101,0.00062,0.24843
CVE-2020-9102,0.00042,0.05722
CVE-2020-9103,0.00056,0.21013
CVE-2020-9104,0.00058,0.22795
CVE-2020-9105,0.00042,0.05722
CVE-2020-9106,0.00096,0.39777
CVE-2020-9107,0.00058,0.22661
CVE-2020-9108,0.00058,0.22661
CVE-2020-9109,0.00069,0.28577
CVE-2020-9110,0.00070,0.29068
CVE-2020-9111,0.00044,0.10161
CVE-2020-9112,0.00044,0.10161
CVE-2020-9113,0.00109,0.43790
CVE-2020-9114,0.00044,0.10161
CVE-2020-9115,0.00081,0.33536
CVE-2020-9116,0.00175,0.54683
CVE-2020-9117,0.00044,0.10161
CVE-2020-9118,0.00070,0.29068
CVE-2020-9119,0.00044,0.10161
CVE-2020-9120,0.00103,0.41969
CVE-2020-9122,0.00058,0.22795
CVE-2020-9123,0.00089,0.37452
CVE-2020-9124,0.00206,0.58643
CVE-2020-9125,0.00044,0.10161
CVE-2020-9127,0.00044,0.10161
CVE-2020-9128,0.00044,0.10161
CVE-2020-9129,0.00042,0.05722
CVE-2020-9137,0.00042,0.05722
CVE-2020-9138,0.00092,0.38838
CVE-2020-9139,0.00222,0.60556
CVE-2020-9140,0.00384,0.70352
CVE-2020-9141,0.00168,0.53801
CVE-2020-9142,0.00103,0.41969
CVE-2020-9143,0.00084,0.34791
CVE-2020-9144,0.00250,0.62982
CVE-2020-9145,0.00222,0.60556
CVE-2020-9146,0.00042,0.05722
CVE-2020-9147,0.00042,0.05722
CVE-2020-9148,0.00042,0.05722
CVE-2020-9149,0.00042,0.05722
CVE-2020-9158,0.00089,0.37607
CVE-2020-9199,0.00044,0.10161
CVE-2020-9200,0.00044,0.10161
CVE-2020-9201,0.00060,0.23607
CVE-2020-9202,0.00044,0.10161
CVE-2020-9203,0.00042,0.05722
CVE-2020-9205,0.00054,0.20290
CVE-2020-9206,0.00044,0.10161
CVE-2020-9207,0.00061,0.23884
CVE-2020-9208,0.00065,0.26756
CVE-2020-9209,0.00044,0.10161
CVE-2020-9212,0.00065,0.26756
CVE-2020-9213,0.00103,0.41969
CVE-2020-9223,0.00206,0.58643
CVE-2020-9225,0.00044,0.10161
CVE-2020-9226,0.00053,0.18293
CVE-2020-9227,0.00055,0.20370
CVE-2020-9228,0.00168,0.53801
CVE-2020-9229,0.00044,0.10161
CVE-2020-9230,0.00058,0.22795
CVE-2020-9233,0.00144,0.50293
CVE-2020-9235,0.00044,0.10161
CVE-2020-9237,0.00044,0.10161
CVE-2020-9238,0.00058,0.22795
CVE-2020-9239,0.00044,0.10161
CVE-2020-9240,0.00044,0.10161
CVE-2020-9241,0.00103,0.41969
CVE-2020-9242,0.00177,0.54965
CVE-2020-9243,0.00055,0.20370
CVE-2020-9244,0.00070,0.29068
CVE-2020-9245,0.00055,0.20370
CVE-2020-9246,0.00065,0.26756
CVE-2020-9247,0.00109,0.43790
CVE-2020-9248,0.00044,0.10161
CVE-2020-9249,0.00058,0.22795
CVE-2020-9251,0.00058,0.22795
CVE-2020-9252,0.00044,0.07794
CVE-2020-9254,0.00068,0.28064
CVE-2020-9255,0.00055,0.20370
CVE-2020-9256,0.00097,0.40100
CVE-2020-9257,0.00242,0.62307
CVE-2020-9258,0.00063,0.25043
CVE-2020-9259,0.00154,0.51729
CVE-2020-9260,0.00070,0.29068
CVE-2020-9261,0.00067,0.27663
CVE-2020-9262,0.00085,0.35342
CVE-2020-9263,0.00085,0.35342
CVE-2020-9264,0.00110,0.43973
CVE-2020-9265,0.00224,0.60793
CVE-2020-9266,0.00063,0.25629
CVE-2020-9267,0.00063,0.25629
CVE-2020-9268,0.00224,0.60793
CVE-2020-9269,0.00094,0.39340
CVE-2020-9270,0.00112,0.44586
CVE-2020-9271,0.00063,0.25629
CVE-2020-9272,0.00160,0.52557
CVE-2020-9273,0.07013,0.93326
CVE-2020-9274,0.01274,0.84285
CVE-2020-9275,0.00677,0.77824
CVE-2020-9276,0.00594,0.76088
CVE-2020-9277,0.00550,0.75150
CVE-2020-9278,0.00248,0.62864
CVE-2020-9279,0.00479,0.73328
CVE-2020-9280,0.00168,0.53608
CVE-2020-9281,0.00145,0.50325
CVE-2020-9282,0.00065,0.26756
CVE-2020-9283,0.24021,0.96195
CVE-2020-9285,0.00066,0.27184
CVE-2020-9286,0.00142,0.49886
CVE-2020-9287,0.00069,0.28732
CVE-2020-9288,0.00066,0.27429
CVE-2020-9289,0.00131,0.47928
CVE-2020-9290,0.00069,0.28732
CVE-2020-9291,0.00042,0.05722
CVE-2020-9292,0.00222,0.60556
CVE-2020-9294,0.02096,0.88009
CVE-2020-9296,0.00222,0.60556
CVE-2020-9297,0.00222,0.60556
CVE-2020-9298,0.00169,0.53886
CVE-2020-9299,0.00050,0.16378
CVE-2020-9300,0.00063,0.25077
CVE-2020-9301,0.00097,0.40261
CVE-2020-9306,0.00132,0.48233
CVE-2020-9307,0.00066,0.27274
CVE-2020-9308,0.00510,0.74176
CVE-2020-9309,0.00182,0.55544
CVE-2020-9311,0.00054,0.20290
CVE-2020-9314,0.09944,0.94352
CVE-2020-9315,0.97318,0.99864
CVE-2020-9318,0.00087,0.36089
CVE-2020-9320,0.00072,0.29903
CVE-2020-9321,0.00090,0.37972
CVE-2020-9323,0.00153,0.51586
CVE-2020-9324,0.00257,0.63563
CVE-2020-9325,0.00224,0.60783
CVE-2020-9326,0.00103,0.41969
CVE-2020-9327,0.01046,0.82456
CVE-2020-9329,0.00102,0.41475
CVE-2020-9330,0.00109,0.43614
CVE-2020-9331,0.00042,0.05722
CVE-2020-9332,0.00051,0.17393
CVE-2020-9334,0.00050,0.16378
CVE-2020-9335,0.00050,0.16378
CVE-2020-9336,0.00058,0.22585
CVE-2020-9337,0.00065,0.26756
CVE-2020-9338,0.00058,0.22585
CVE-2020-9339,0.00058,0.22585
CVE-2020-9340,0.00091,0.38618
CVE-2020-9341,0.00112,0.44586
CVE-2020-9342,0.00110,0.43948
CVE-2020-9343,0.00095,0.39647
CVE-2020-9344,0.00205,0.58517
CVE-2020-9345,0.00096,0.39969
CVE-2020-9346,0.00349,0.68938
CVE-2020-9347,0.00549,0.75123
CVE-2020-9349,0.00299,0.66396
CVE-2020-9350,0.00054,0.20290
CVE-2020-9351,0.00150,0.51030
CVE-2020-9352,0.00883,0.80788
CVE-2020-9353,0.00472,0.73103
CVE-2020-9354,0.00179,0.55237
CVE-2020-9355,0.00170,0.54124
CVE-2020-9359,0.00252,0.63204
CVE-2020-9361,0.00042,0.05722
CVE-2020-9362,0.00139,0.49436
CVE-2020-9363,0.00076,0.31256
CVE-2020-9364,0.06574,0.93116
CVE-2020-9365,0.00135,0.48745
CVE-2020-9366,0.00426,0.71797
CVE-2020-9367,0.00102,0.41391
CVE-2020-9368,0.00231,0.61295
CVE-2020-9369,0.02625,0.89314
CVE-2020-9370,0.00178,0.55045
CVE-2020-9371,0.00386,0.70473
CVE-2020-9372,0.01112,0.83042
CVE-2020-9374,0.13407,0.95103
CVE-2020-9375,0.20709,0.95975
CVE-2020-9376,0.96966,0.99680
CVE-2020-9377,0.97110,0.99744
CVE-2020-9379,0.00065,0.26756
CVE-2020-9380,0.00419,0.71562
CVE-2020-9381,0.00412,0.71335
CVE-2020-9382,0.00053,0.19034
CVE-2020-9383,0.00045,0.11966
CVE-2020-9384,0.00450,0.72528
CVE-2020-9385,0.00095,0.39484
CVE-2020-9386,0.00054,0.20290
CVE-2020-9387,0.00054,0.20290
CVE-2020-9388,0.00064,0.26312
CVE-2020-9389,0.00079,0.33048
CVE-2020-9390,0.00068,0.28093
CVE-2020-9391,0.00063,0.25680
CVE-2020-9392,0.00189,0.56495
CVE-2020-9393,0.00078,0.32606
CVE-2020-9394,0.00073,0.30112
CVE-2020-9395,0.00044,0.10161
CVE-2020-9398,0.00138,0.49278
CVE-2020-9399,0.00057,0.21297
CVE-2020-9402,0.14117,0.95210
CVE-2020-9403,0.00044,0.10161
CVE-2020-9404,0.00044,0.10161
CVE-2020-9405,0.00084,0.35108
CVE-2020-9406,0.02199,0.88337
CVE-2020-9407,0.00090,0.37972
CVE-2020-9408,0.00104,0.42231
CVE-2020-9409,0.00197,0.57688
CVE-2020-9410,0.00178,0.54974
CVE-2020-9411,0.00244,0.62506
CVE-2020-9412,0.00506,0.74077
CVE-2020-9413,0.00246,0.62692
CVE-2020-9414,0.00104,0.42231
CVE-2020-9415,0.00065,0.26756
CVE-2020-9416,0.00054,0.20290
CVE-2020-9417,0.00087,0.36089
CVE-2020-9418,0.00072,0.29986
CVE-2020-9419,0.00061,0.23927
CVE-2020-9420,0.00067,0.27847
CVE-2020-9423,0.00563,0.75427
CVE-2020-9425,0.01611,0.86140
CVE-2020-9426,0.00117,0.45636
CVE-2020-9427,0.00087,0.36263
CVE-2020-9428,0.00284,0.65477
CVE-2020-9429,0.00358,0.69350
CVE-2020-9430,0.00706,0.78350
CVE-2020-9431,0.00471,0.73088
CVE-2020-9432,0.00114,0.44834
CVE-2020-9433,0.00114,0.44834
CVE-2020-9434,0.00114,0.44834
CVE-2020-9435,0.00115,0.45026
CVE-2020-9436,0.22827,0.96115
CVE-2020-9437,0.00074,0.30719
CVE-2020-9438,0.00084,0.34791
CVE-2020-9439,0.00124,0.46744
CVE-2020-9440,0.00269,0.64499
CVE-2020-9442,0.00042,0.05722
CVE-2020-9443,0.00078,0.32606
CVE-2020-9444,0.00078,0.32606
CVE-2020-9445,0.00078,0.32606
CVE-2020-9447,0.00128,0.47437
CVE-2020-9449,0.00104,0.42231
CVE-2020-9450,0.00091,0.38126
CVE-2020-9451,0.00065,0.27068
CVE-2020-9452,0.00091,0.38126
CVE-2020-9453,0.00042,0.05722
CVE-2020-9454,0.01321,0.84595
CVE-2020-9455,0.00122,0.46495
CVE-2020-9456,0.01310,0.84534
CVE-2020-9457,0.01266,0.84242
CVE-2020-9458,0.01310,0.84534
CVE-2020-9459,0.00093,0.39120
CVE-2020-9460,0.00086,0.35801
CVE-2020-9461,0.00086,0.35801
CVE-2020-9462,0.00058,0.22795
CVE-2020-9463,0.76261,0.97932
CVE-2020-9464,0.00103,0.41969
CVE-2020-9465,0.00164,0.53131
CVE-2020-9466,0.00189,0.56465
CVE-2020-9467,0.00067,0.27685
CVE-2020-9468,0.00054,0.20290
CVE-2020-9470,0.00042,0.05722
CVE-2020-9471,0.00236,0.61784
CVE-2020-9472,0.00077,0.31739
CVE-2020-9473,0.00109,0.43614
CVE-2020-9474,0.00348,0.68886
CVE-2020-9475,0.00042,0.05722
CVE-2020-9476,0.00503,0.73980
CVE-2020-9477,0.00515,0.74273
CVE-2020-9478,0.00189,0.56511
CVE-2020-9479,0.00068,0.27921
CVE-2020-9480,0.01421,0.85166
CVE-2020-9481,0.00099,0.40593
CVE-2020-9482,0.00108,0.43460
CVE-2020-9483,0.05220,0.92282
CVE-2020-9484,0.88750,0.98486
CVE-2020-9485,0.00186,0.55926
CVE-2020-9486,0.00120,0.46200
CVE-2020-9487,0.00126,0.47126
CVE-2020-9488,0.00174,0.54630
CVE-2020-9489,0.00057,0.21453
CVE-2020-9490,0.00606,0.76345
CVE-2020-9491,0.00180,0.55307
CVE-2020-9492,0.02008,0.87717
CVE-2020-9493,0.01092,0.82874
CVE-2020-9494,0.00411,0.71324
CVE-2020-9495,0.00607,0.76352
CVE-2020-9496,0.97478,0.99965
CVE-2020-9497,0.00049,0.14994
CVE-2020-9498,0.00051,0.17458
CVE-2020-9499,0.00096,0.39884
CVE-2020-9500,0.00081,0.33872
CVE-2020-9501,0.00044,0.10161
CVE-2020-9502,0.00222,0.60556
CVE-2020-9514,0.00058,0.22585
CVE-2020-9517,0.00054,0.20290
CVE-2020-9518,0.00084,0.34791
CVE-2020-9519,0.00084,0.34791
CVE-2020-9520,0.00066,0.27429
CVE-2020-9521,0.00082,0.33963
CVE-2020-9522,0.00078,0.32606
CVE-2020-9523,0.00097,0.40261
CVE-2020-9524,0.00054,0.20290
CVE-2020-9525,0.00272,0.64672
CVE-2020-9526,0.00149,0.50995
CVE-2020-9527,0.00529,0.74649
CVE-2020-9528,0.00226,0.60905
CVE-2020-9529,0.00171,0.54195
CVE-2020-9530,0.00330,0.68145
CVE-2020-9531,0.00347,0.68823
CVE-2020-9534,0.00101,0.41103
CVE-2020-9535,0.00101,0.41103
CVE-2020-9540,0.00044,0.10161
CVE-2020-9543,0.00167,0.53428
CVE-2020-9544,0.00119,0.46037
CVE-2020-9545,0.00116,0.45451
CVE-2020-9546,0.00661,0.77506
CVE-2020-9547,0.00709,0.78394
CVE-2020-9548,0.00410,0.71287
CVE-2020-9549,0.00072,0.29680
CVE-2020-9550,0.00244,0.62506
CVE-2020-9551,0.00201,0.58000
CVE-2020-9552,0.00318,0.67449
CVE-2020-9553,0.00079,0.33100
CVE-2020-9554,0.00264,0.64170
CVE-2020-9555,0.00286,0.65583
CVE-2020-9556,0.00264,0.64170
CVE-2020-9557,0.00422,0.71675
CVE-2020-9558,0.00079,0.33100
CVE-2020-9559,0.00264,0.64170
CVE-2020-9560,0.00264,0.64170
CVE-2020-9561,0.00264,0.64170
CVE-2020-9562,0.00286,0.65583
CVE-2020-9563,0.00286,0.65583
CVE-2020-9564,0.00264,0.64170
CVE-2020-9565,0.00264,0.64170
CVE-2020-9566,0.00324,0.67755
CVE-2020-9567,0.00324,0.67755
CVE-2020-9568,0.00112,0.44602
CVE-2020-9569,0.00264,0.64170
CVE-2020-9570,0.00093,0.39194
CVE-2020-9571,0.00093,0.39194
CVE-2020-9572,0.00093,0.39194
CVE-2020-9573,0.00093,0.39194
CVE-2020-9574,0.00093,0.39194
CVE-2020-9575,0.00093,0.39194
CVE-2020-9576,0.00607,0.76360
CVE-2020-9577,0.00079,0.33110
CVE-2020-9578,0.00607,0.76360
CVE-2020-9579,0.00452,0.72569
CVE-2020-9580,0.00452,0.72569
CVE-2020-9581,0.00079,0.33110
CVE-2020-9582,0.00607,0.76360
CVE-2020-9583,0.00607,0.76360
CVE-2020-9584,0.00064,0.26298
CVE-2020-9585,0.00363,0.69544
CVE-2020-9586,0.00260,0.63807
CVE-2020-9587,0.00084,0.34863
CVE-2020-9588,0.00119,0.45895
CVE-2020-9589,0.00752,0.79079
CVE-2020-9590,0.00752,0.79079
CVE-2020-9591,0.00141,0.49807
CVE-2020-9592,0.00083,0.34350
CVE-2020-9593,0.00114,0.44818
CVE-2020-9594,0.00215,0.59544
CVE-2020-9595,0.00114,0.44818
CVE-2020-9596,0.00083,0.34350
CVE-2020-9597,0.01282,0.84365
CVE-2020-9598,0.00114,0.44818
CVE-2020-9599,0.00280,0.65172
CVE-2020-9600,0.00280,0.65172
CVE-2020-9601,0.00280,0.65172
CVE-2020-9602,0.00114,0.44818
CVE-2020-9603,0.00114,0.44818
CVE-2020-9604,0.00115,0.45190
CVE-2020-9605,0.00115,0.45190
CVE-2020-9606,0.00148,0.50813
CVE-2020-9607,0.00407,0.71178
CVE-2020-9608,0.00114,0.44818
CVE-2020-9609,0.00114,0.44818
CVE-2020-9610,0.00066,0.27593
CVE-2020-9611,0.00066,0.27593
CVE-2020-9612,0.03929,0.91150
CVE-2020-9613,0.00083,0.34350
CVE-2020-9614,0.00083,0.34350
CVE-2020-9615,0.00086,0.35814
CVE-2020-9616,0.00307,0.66815
CVE-2020-9617,0.00307,0.66815
CVE-2020-9618,0.00422,0.71675
CVE-2020-9620,0.00752,0.79079
CVE-2020-9621,0.00752,0.79079
CVE-2020-9622,0.00694,0.78159
CVE-2020-9623,0.00245,0.62560
CVE-2020-9624,0.00694,0.78159
CVE-2020-9625,0.00280,0.65172
CVE-2020-9626,0.00071,0.29363
CVE-2020-9627,0.00280,0.65172
CVE-2020-9628,0.00280,0.65172
CVE-2020-9629,0.00694,0.78159
CVE-2020-9630,0.00107,0.43014
CVE-2020-9631,0.00452,0.72569
CVE-2020-9632,0.00452,0.72569
CVE-2020-9633,0.00927,0.81309
CVE-2020-9634,0.01603,0.86106
CVE-2020-9635,0.01603,0.86106
CVE-2020-9636,0.00419,0.71556
CVE-2020-9637,0.00752,0.79079
CVE-2020-9638,0.00752,0.79079
CVE-2020-9639,0.00093,0.39194
CVE-2020-9640,0.00093,0.39194
CVE-2020-9641,0.00093,0.39194
CVE-2020-9642,0.00101,0.41191
CVE-2020-9643,0.00205,0.58488
CVE-2020-9644,0.00059,0.22829
CVE-2020-9645,0.00205,0.58488
CVE-2020-9646,0.00234,0.61531
CVE-2020-9647,0.00091,0.38116
CVE-2020-9648,0.00091,0.38116
CVE-2020-9649,0.00244,0.62407
CVE-2020-9650,0.00234,0.61531
CVE-2020-9651,0.00091,0.38116
CVE-2020-9652,0.00123,0.46596
CVE-2020-9653,0.00264,0.64170
CVE-2020-9654,0.00264,0.64170
CVE-2020-9655,0.00123,0.46596
CVE-2020-9656,0.00264,0.64170
CVE-2020-9657,0.00264,0.64170
CVE-2020-9658,0.00264,0.64170
CVE-2020-9659,0.00264,0.64170
CVE-2020-9660,0.00264,0.64170
CVE-2020-9661,0.00123,0.46596
CVE-2020-9662,0.00264,0.64170
CVE-2020-9663,0.00093,0.39256
CVE-2020-9664,0.00238,0.61985
CVE-2020-9665,0.00079,0.33110
CVE-2020-9666,0.00114,0.44818
CVE-2020-9667,0.00057,0.21406
CVE-2020-9668,0.00084,0.35183
CVE-2020-9669,0.00289,0.65794
CVE-2020-9670,0.00289,0.65794
CVE-2020-9671,0.00289,0.65794
CVE-2020-9672,0.00088,0.37096
CVE-2020-9673,0.00088,0.37096
CVE-2020-9674,0.00191,0.56755
CVE-2020-9675,0.00207,0.58701
CVE-2020-9676,0.00191,0.56755
CVE-2020-9677,0.00519,0.74379
CVE-2020-9678,0.01038,0.82397
CVE-2020-9679,0.00519,0.74378
CVE-2020-9680,0.01038,0.82397
CVE-2020-9681,0.00057,0.21406
CVE-2020-9682,0.00411,0.71307
CVE-2020-9683,0.00519,0.74379
CVE-2020-9684,0.01038,0.82397
CVE-2020-9685,0.01038,0.82397
CVE-2020-9686,0.00519,0.74378
CVE-2020-9687,0.01038,0.82397
CVE-2020-9688,0.00132,0.48083
CVE-2020-9689,0.00044,0.07794
CVE-2020-9690,0.00044,0.10161
CVE-2020-9691,0.00311,0.67054
CVE-2020-9692,0.00044,0.10161
CVE-2020-9693,0.00162,0.52827
CVE-2020-9694,0.00162,0.52827
CVE-2020-9696,0.00068,0.28217
CVE-2020-9697,0.00423,0.71720
CVE-2020-9698,0.00115,0.45190
CVE-2020-9699,0.00115,0.45190
CVE-2020-9700,0.00115,0.45190
CVE-2020-9701,0.00115,0.45190
CVE-2020-9702,0.00066,0.27593
CVE-2020-9703,0.00066,0.27593
CVE-2020-9704,0.00115,0.45190
CVE-2020-9705,0.00280,0.65172
CVE-2020-9706,0.00095,0.39702
CVE-2020-9707,0.00095,0.39702
CVE-2020-9708,0.00257,0.63577
CVE-2020-9710,0.00095,0.39702
CVE-2020-9712,0.00136,0.48887
CVE-2020-9714,0.00083,0.34350
CVE-2020-9715,0.38262,0.96870
CVE-2020-9716,0.00280,0.65172
CVE-2020-9717,0.00280,0.65172
CVE-2020-9718,0.00280,0.65172
CVE-2020-9719,0.00280,0.65172
CVE-2020-9720,0.00280,0.65172
CVE-2020-9721,0.00280,0.65172
CVE-2020-9722,0.00407,0.71178
CVE-2020-9723,0.00280,0.65172
CVE-2020-9724,0.00088,0.37096
CVE-2020-9725,0.00186,0.56053
CVE-2020-9726,0.00422,0.71672
CVE-2020-9727,0.00093,0.39194
CVE-2020-9728,0.00093,0.39194
CVE-2020-9729,0.00093,0.39194
CVE-2020-9730,0.00093,0.39194
CVE-2020-9731,0.00093,0.39194
CVE-2020-9732,0.00131,0.48001
CVE-2020-9733,0.00284,0.65458
CVE-2020-9734,0.00059,0.23123
CVE-2020-9735,0.00059,0.23123
CVE-2020-9736,0.00059,0.23123
CVE-2020-9737,0.00059,0.23123
CVE-2020-9738,0.00059,0.23123
CVE-2020-9739,0.00113,0.44707
CVE-2020-9740,0.00059,0.23123
CVE-2020-9741,0.00059,0.23123
CVE-2020-9742,0.00059,0.23123
CVE-2020-9743,0.00105,0.42480
CVE-2020-9744,0.00113,0.44707
CVE-2020-9745,0.00113,0.44707
CVE-2020-9746,0.00430,0.71882
CVE-2020-9747,0.00108,0.43343
CVE-2020-9748,0.00418,0.71551
CVE-2020-9749,0.00110,0.44082
CVE-2020-9750,0.00110,0.44082
CVE-2020-9751,0.00168,0.53801
CVE-2020-9752,0.00222,0.60556
CVE-2020-9753,0.00168,0.53801
CVE-2020-9754,0.00072,0.29847
CVE-2020-9756,0.00042,0.05722
CVE-2020-9757,0.96795,0.99618
CVE-2020-9758,0.00195,0.57387
CVE-2020-9759,0.00094,0.39396
CVE-2020-9760,0.00327,0.67929
CVE-2020-9761,0.00361,0.69480
CVE-2020-9767,0.00044,0.10161
CVE-2020-9768,0.00126,0.47210
CVE-2020-9769,0.00222,0.60556
CVE-2020-9770,0.00046,0.13834
CVE-2020-9771,0.00044,0.10161
CVE-2020-9772,0.00045,0.12069
CVE-2020-9773,0.00059,0.22940
CVE-2020-9774,0.00168,0.53801
CVE-2020-9775,0.00090,0.37972
CVE-2020-9776,0.00055,0.20370
CVE-2020-9777,0.00084,0.34791
CVE-2020-9779,0.00042,0.05722
CVE-2020-9780,0.00042,0.05722
CVE-2020-9781,0.00084,0.34791
CVE-2020-9782,0.00184,0.55717
CVE-2020-9783,0.00647,0.77176
CVE-2020-9784,0.00100,0.40837
CVE-2020-9785,0.00121,0.46302
CVE-2020-9786,0.00055,0.20370
CVE-2020-9787,0.00202,0.58211
CVE-2020-9788,0.00063,0.25378
CVE-2020-9789,0.00667,0.77651
CVE-2020-9790,0.00667,0.77651
CVE-2020-9791,0.00125,0.46856
CVE-2020-9792,0.00066,0.27274
CVE-2020-9793,0.00342,0.68626
CVE-2020-9794,0.00518,0.74365
CVE-2020-9795,0.00116,0.45252
CVE-2020-9796,0.00044,0.10161
CVE-2020-9797,0.00066,0.27435
CVE-2020-9799,0.00072,0.29986
CVE-2020-9800,0.00386,0.70462
CVE-2020-9801,0.21113,0.96002
CVE-2020-9802,0.54595,0.97362
CVE-2020-9803,0.00554,0.75227
CVE-2020-9804,0.00056,0.21013
CVE-2020-9805,0.00263,0.64033
CVE-2020-9806,0.00557,0.75275
CVE-2020-9807,0.00557,0.75275
CVE-2020-9808,0.00081,0.33889
CVE-2020-9809,0.00066,0.27435
CVE-2020-9810,0.00066,0.27284
CVE-2020-9811,0.00058,0.22618
CVE-2020-9812,0.00058,0.22618
CVE-2020-9813,0.00088,0.36933
CVE-2020-9814,0.00088,0.36933
CVE-2020-9815,0.00125,0.46856
CVE-2020-9816,0.00125,0.46856
CVE-2020-9817,0.00070,0.28841
CVE-2020-9818,0.01655,0.86310
CVE-2020-9819,0.00443,0.72323
CVE-2020-9820,0.00157,0.52086
CVE-2020-9821,0.00116,0.45252
CVE-2020-9822,0.00072,0.29986
CVE-2020-9823,0.00084,0.34791
CVE-2020-9824,0.00075,0.30915
CVE-2020-9825,0.00070,0.28841
CVE-2020-9826,0.00202,0.58171
CVE-2020-9827,0.00532,0.74713
CVE-2020-9828,0.00349,0.68953
CVE-2020-9829,0.00180,0.55326
CVE-2020-9830,0.00072,0.29986
CVE-2020-9831,0.00066,0.27209
CVE-2020-9832,0.00066,0.27209
CVE-2020-9833,0.00042,0.05722
CVE-2020-9834,0.00072,0.29986
CVE-2020-9835,0.00075,0.30915
CVE-2020-9837,0.00311,0.67048
CVE-2020-9838,0.00603,0.76287
CVE-2020-9839,0.00116,0.45255
CVE-2020-9840,0.00083,0.34295
CVE-2020-9841,0.00114,0.44776
CVE-2020-9842,0.00080,0.33457
CVE-2020-9843,0.00330,0.68149
CVE-2020-9844,0.00202,0.58171
CVE-2020-9846,0.00049,0.15835
CVE-2020-9847,0.00063,0.25378
CVE-2020-9848,0.00058,0.22795
CVE-2020-9849,0.00532,0.74711
CVE-2020-9850,0.42650,0.97008
CVE-2020-9851,0.00053,0.18293
CVE-2020-9852,0.00116,0.45252
CVE-2020-9853,0.00063,0.25378
CVE-2020-9854,0.00042,0.05722
CVE-2020-9855,0.00042,0.05722
CVE-2020-9856,0.14753,0.95303
CVE-2020-9857,0.00075,0.31118
CVE-2020-9858,0.00072,0.29986
CVE-2020-9859,0.00070,0.28959
CVE-2020-9860,0.00089,0.37212
CVE-2020-9861,0.00103,0.41969
CVE-2020-9862,0.00130,0.47823
CVE-2020-9863,0.00116,0.45252
CVE-2020-9864,0.00177,0.54972
CVE-2020-9865,0.00091,0.38448
CVE-2020-9866,0.00384,0.70352
CVE-2020-9868,0.00135,0.48659
CVE-2020-9869,0.00206,0.58643
CVE-2020-9870,0.00137,0.49106
CVE-2020-9871,0.00161,0.52722
CVE-2020-9872,0.00161,0.52722
CVE-2020-9873,0.00126,0.47158
CVE-2020-9874,0.00161,0.52722
CVE-2020-9875,0.00173,0.54554
CVE-2020-9876,0.00166,0.53359
CVE-2020-9877,0.00126,0.47158
CVE-2020-9878,0.00152,0.51488
CVE-2020-9879,0.00161,0.52722
CVE-2020-9880,0.00146,0.50521
CVE-2020-9881,0.00152,0.51488
CVE-2020-9882,0.00152,0.51488
CVE-2020-9883,0.00139,0.49477
CVE-2020-9884,0.00098,0.40358
CVE-2020-9885,0.00067,0.27869
CVE-2020-9887,0.00098,0.40358
CVE-2020-9888,0.00116,0.45252
CVE-2020-9889,0.00106,0.42978
CVE-2020-9890,0.00116,0.45252
CVE-2020-9891,0.00116,0.45252
CVE-2020-9892,0.00116,0.45252
CVE-2020-9893,0.01147,0.83322
CVE-2020-9894,0.00425,0.71747
CVE-2020-9895,0.02359,0.88747
CVE-2020-9897,0.00076,0.31271
CVE-2020-9898,0.00244,0.62506
CVE-2020-9899,0.00072,0.29986
CVE-2020-9900,0.00042,0.05722
CVE-2020-9901,0.00042,0.05722
CVE-2020-9902,0.00070,0.29000
CVE-2020-9903,0.00081,0.33703
CVE-2020-9904,0.00116,0.45252
CVE-2020-9905,0.00445,0.72352
CVE-2020-9906,0.00686,0.78024
CVE-2020-9907,0.00188,0.56353
CVE-2020-9908,0.00045,0.12491
CVE-2020-9909,0.00194,0.57327
CVE-2020-9910,0.00356,0.69257
CVE-2020-9911,0.00181,0.55384
CVE-2020-9912,0.00042,0.05722
CVE-2020-9913,0.00042,0.05722
CVE-2020-9914,0.00116,0.45451
CVE-2020-9915,0.00251,0.63112
CVE-2020-9916,0.00225,0.60832
CVE-2020-9917,0.00206,0.58643
CVE-2020-9918,0.00527,0.74580
CVE-2020-9919,0.00148,0.50756
CVE-2020-9920,0.00185,0.55836
CVE-2020-9921,0.00045,0.12491
CVE-2020-9922,0.00067,0.27873
CVE-2020-9923,0.00085,0.35384
CVE-2020-9924,0.00172,0.54445
CVE-2020-9925,0.00265,0.64247
CVE-2020-9926,0.00114,0.44916
CVE-2020-9927,0.00045,0.12491
CVE-2020-9928,0.00072,0.29986
CVE-2020-9929,0.00042,0.05722
CVE-2020-9930,0.00042,0.05722
CVE-2020-9931,0.00215,0.59596
CVE-2020-9932,0.00393,0.70748
CVE-2020-9933,0.00062,0.24334
CVE-2020-9934,0.00116,0.45377
CVE-2020-9935,0.00048,0.14229
CVE-2020-9936,0.00204,0.58431
CVE-2020-9937,0.00161,0.52722
CVE-2020-9938,0.00126,0.47158
CVE-2020-9939,0.00045,0.12491
CVE-2020-9940,0.00152,0.51488
CVE-2020-9941,0.00599,0.76192
CVE-2020-9942,0.00127,0.47254
CVE-2020-9943,0.00077,0.32052
CVE-2020-9944,0.00077,0.32052
CVE-2020-9945,0.00127,0.47254
CVE-2020-9946,0.00091,0.38113
CVE-2020-9947,0.00444,0.72336
CVE-2020-9948,0.00161,0.52693
CVE-2020-9949,0.00172,0.54271
CVE-2020-9950,0.00358,0.69325
CVE-2020-9951,0.00414,0.71446
CVE-2020-9952,0.00312,0.67114
CVE-2020-9954,0.00160,0.52636
CVE-2020-9955,0.00118,0.45697
CVE-2020-9956,0.00123,0.46598
CVE-2020-9958,0.00070,0.28841
CVE-2020-9959,0.00063,0.25202
CVE-2020-9960,0.00114,0.44905
CVE-2020-9961,0.00126,0.47158
CVE-2020-9962,0.00118,0.45708
CVE-2020-9963,0.00098,0.40405
CVE-2020-9964,0.00042,0.05722
CVE-2020-9965,0.00114,0.44905
CVE-2020-9966,0.00114,0.44905
CVE-2020-9967,0.00179,0.55152
CVE-2020-9968,0.00153,0.51596
CVE-2020-9969,0.00056,0.21035
CVE-2020-9971,0.00077,0.32057
CVE-2020-9972,0.00146,0.50521
CVE-2020-9973,0.00114,0.44905
CVE-2020-9974,0.00100,0.40888
CVE-2020-9975,0.00114,0.44916
CVE-2020-9976,0.00142,0.49890
CVE-2020-9977,0.00073,0.30304
CVE-2020-9978,0.00047,0.14180
CVE-2020-9979,0.00045,0.12069
CVE-2020-9980,0.00116,0.45252
CVE-2020-9981,0.00161,0.52722
CVE-2020-9982,0.00066,0.27209
CVE-2020-9983,0.00441,0.72275
CVE-2020-9984,0.00126,0.47158
CVE-2020-9985,0.00152,0.51488
CVE-2020-9986,0.00059,0.22940
CVE-2020-9987,0.00078,0.32606
CVE-2020-9988,0.00042,0.05722
CVE-2020-9989,0.00042,0.05722
CVE-2020-9990,0.00045,0.12491
CVE-2020-9991,0.00713,0.78488
CVE-2020-9992,0.00108,0.43490
CVE-2020-9993,0.00101,0.41183
CVE-2020-9994,0.00073,0.30246
CVE-2020-9995,0.00075,0.31118
CVE-2020-9996,0.00197,0.57689
CVE-2020-9997,0.00065,0.27009
CVE-2020-9999,0.00173,0.54554
CVE-2021-0001,0.00044,0.10161
CVE-2021-0002,0.00045,0.11966
CVE-2021-0003,0.00044,0.10161
CVE-2021-0004,0.00044,0.10161
CVE-2021-0005,0.00044,0.10161
CVE-2021-0006,0.00044,0.10161
CVE-2021-0007,0.00044,0.10161
CVE-2021-0008,0.00044,0.10161
CVE-2021-0009,0.00061,0.23873
CVE-2021-0012,0.00044,0.10161
CVE-2021-0013,0.00095,0.39739
CVE-2021-0051,0.00044,0.10161
CVE-2021-0052,0.00044,0.10161
CVE-2021-0053,0.00044,0.10161
CVE-2021-0054,0.00044,0.10161
CVE-2021-0055,0.00044,0.10161
CVE-2021-0056,0.00044,0.10161
CVE-2021-0057,0.00062,0.24332
CVE-2021-0058,0.00044,0.10161
CVE-2021-0060,0.00044,0.10161
CVE-2021-0061,0.00044,0.10161
CVE-2021-0062,0.00044,0.10161
CVE-2021-0063,0.00054,0.19327
CVE-2021-0064,0.00044,0.10161
CVE-2021-0065,0.00044,0.10161
CVE-2021-0066,0.00062,0.24373
CVE-2021-0067,0.00044,0.10161
CVE-2021-0069,0.00054,0.19327
CVE-2021-0070,0.00062,0.24332
CVE-2021-0071,0.00062,0.24373
CVE-2021-0072,0.00044,0.10161
CVE-2021-0073,0.00044,0.10161
CVE-2021-0074,0.00044,0.10161
CVE-2021-0075,0.00044,0.10161
CVE-2021-0076,0.00044,0.10161
CVE-2021-0077,0.00044,0.10161
CVE-2021-0078,0.00061,0.23842
CVE-2021-0079,0.00054,0.19327
CVE-2021-0082,0.00062,0.24373
CVE-2021-0083,0.00044,0.10161
CVE-2021-0084,0.00044,0.10161
CVE-2021-0086,0.00049,0.14843
CVE-2021-0089,0.00049,0.14843
CVE-2021-0090,0.00044,0.10161
CVE-2021-0091,0.00044,0.10161
CVE-2021-0092,0.00044,0.10161
CVE-2021-0093,0.00044,0.10161
CVE-2021-0094,0.00044,0.10161
CVE-2021-0095,0.00044,0.10161
CVE-2021-0096,0.00044,0.10161
CVE-2021-0097,0.00049,0.15825
CVE-2021-0098,0.00044,0.10161
CVE-2021-0099,0.00044,0.10161
CVE-2021-0100,0.00044,0.10161
CVE-2021-0101,0.00069,0.28726
CVE-2021-0102,0.00044,0.10161
CVE-2021-0103,0.00044,0.10161
CVE-2021-0104,0.00062,0.24332
CVE-2021-0105,0.00044,0.10161
CVE-2021-0106,0.00044,0.10161
CVE-2021-0107,0.00044,0.10161
CVE-2021-0108,0.00044,0.10161
CVE-2021-0109,0.00044,0.10161
CVE-2021-0110,0.00044,0.10161
CVE-2021-0111,0.00044,0.10161
CVE-2021-0112,0.00044,0.10161
CVE-2021-0113,0.00055,0.20419
CVE-2021-0114,0.00044,0.10161
CVE-2021-0115,0.00044,0.10161
CVE-2021-0116,0.00044,0.10161
CVE-2021-0117,0.00044,0.10161
CVE-2021-0118,0.00044,0.10161
CVE-2021-0119,0.00044,0.10161
CVE-2021-0120,0.00044,0.10161
CVE-2021-0121,0.00044,0.10161
CVE-2021-0124,0.00044,0.10161
CVE-2021-0125,0.00044,0.10161
CVE-2021-0126,0.00044,0.10161
CVE-2021-0127,0.00044,0.10161
CVE-2021-0129,0.00048,0.14287
CVE-2021-0131,0.00065,0.26756
CVE-2021-0132,0.00081,0.33872
CVE-2021-0133,0.00065,0.26756
CVE-2021-0134,0.00076,0.31275
CVE-2021-0135,0.00044,0.10161
CVE-2021-0143,0.00044,0.10161
CVE-2021-0144,0.00044,0.10161
CVE-2021-0145,0.00044,0.10161
CVE-2021-0146,0.00065,0.26980
CVE-2021-0147,0.00044,0.10161
CVE-2021-0148,0.00044,0.10161
CVE-2021-0151,0.00044,0.10161
CVE-2021-0152,0.00044,0.10161
CVE-2021-0153,0.00044,0.10161
CVE-2021-0154,0.00044,0.10161
CVE-2021-0155,0.00044,0.10161
CVE-2021-0156,0.00044,0.10161
CVE-2021-0157,0.00044,0.10161
CVE-2021-0158,0.00044,0.10161
CVE-2021-0159,0.00044,0.10161
CVE-2021-0160,0.00044,0.10161
CVE-2021-0161,0.00044,0.10161
CVE-2021-0162,0.00062,0.24373
CVE-2021-0163,0.00062,0.24373
CVE-2021-0164,0.00044,0.10161
CVE-2021-0165,0.00054,0.19327
CVE-2021-0166,0.00044,0.10161
CVE-2021-0167,0.00044,0.10161
CVE-2021-0168,0.00044,0.10161
CVE-2021-0169,0.00044,0.10161
CVE-2021-0170,0.00044,0.10161
CVE-2021-0171,0.00044,0.10161
CVE-2021-0172,0.00054,0.19327
CVE-2021-0173,0.00054,0.19327
CVE-2021-0174,0.00054,0.19327
CVE-2021-0175,0.00054,0.19327
CVE-2021-0176,0.00044,0.10161
CVE-2021-0177,0.00054,0.19327
CVE-2021-0178,0.00054,0.19327
CVE-2021-0179,0.00054,0.19327
CVE-2021-0180,0.00062,0.24373
CVE-2021-0182,0.00061,0.23842
CVE-2021-0183,0.00054,0.19327
CVE-2021-0185,0.00043,0.06775
CVE-2021-0186,0.00044,0.10161
CVE-2021-0187,0.00043,0.06775
CVE-2021-0188,0.00044,0.10161
CVE-2021-0189,0.00044,0.10161
CVE-2021-0190,0.00044,0.10161
CVE-2021-0193,0.00098,0.40400
CVE-2021-0194,0.00087,0.35903
CVE-2021-0196,0.00044,0.10161
CVE-2021-0197,0.00044,0.10161
CVE-2021-0198,0.00044,0.10161
CVE-2021-0199,0.00044,0.10161
CVE-2021-0200,0.00044,0.10161
CVE-2021-0202,0.00103,0.41969
CVE-2021-0203,0.00103,0.41969
CVE-2021-0204,0.00042,0.05722
CVE-2021-0205,0.00092,0.38838
CVE-2021-0206,0.00102,0.41309
CVE-2021-0207,0.00103,0.41969
CVE-2021-0208,0.00089,0.37685
CVE-2021-0209,0.00058,0.22795
CVE-2021-0210,0.00151,0.51336
CVE-2021-0211,0.00103,0.41969
CVE-2021-0212,0.00044,0.10161
CVE-2021-0214,0.00058,0.22795
CVE-2021-0215,0.00082,0.34053
CVE-2021-0216,0.00058,0.22795
CVE-2021-0217,0.00082,0.34053
CVE-2021-0218,0.00044,0.10504
CVE-2021-0219,0.00044,0.10504
CVE-2021-0220,0.00065,0.27084
CVE-2021-0221,0.00058,0.22795
CVE-2021-0222,0.00058,0.22795
CVE-2021-0223,0.00042,0.05722
CVE-2021-0224,0.00058,0.22795
CVE-2021-0225,0.00084,0.34791
CVE-2021-0226,0.00103,0.41969
CVE-2021-0227,0.00159,0.52449
CVE-2021-0228,0.00058,0.22795
CVE-2021-0229,0.00092,0.38838
CVE-2021-0230,0.00103,0.41969
CVE-2021-0231,0.00093,0.39033
CVE-2021-0232,0.00244,0.62506
CVE-2021-0233,0.00103,0.41969
CVE-2021-0234,0.00092,0.38838
CVE-2021-0235,0.00044,0.10161
CVE-2021-0236,0.00081,0.33872
CVE-2021-0237,0.00058,0.22795
CVE-2021-0238,0.00044,0.10161
CVE-2021-0239,0.00058,0.22795
CVE-2021-0240,0.00058,0.22795
CVE-2021-0241,0.00058,0.22795
CVE-2021-0242,0.00058,0.22795
CVE-2021-0243,0.00058,0.22795
CVE-2021-0244,0.00091,0.38169
CVE-2021-0245,0.00044,0.10161
CVE-2021-0246,0.00044,0.10161
CVE-2021-0247,0.00072,0.29455
CVE-2021-0248,0.00222,0.60556
CVE-2021-0249,0.00363,0.69556
CVE-2021-0250,0.00103,0.41969
CVE-2021-0251,0.00102,0.41309
CVE-2021-0252,0.00042,0.05722
CVE-2021-0253,0.00042,0.05722
CVE-2021-0254,0.00582,0.75828
CVE-2021-0255,0.00042,0.05722
CVE-2021-0256,0.00042,0.05722
CVE-2021-0257,0.00058,0.22795
CVE-2021-0258,0.00103,0.41969
CVE-2021-0259,0.00058,0.22795
CVE-2021-0260,0.00098,0.40521
CVE-2021-0261,0.00110,0.44110
CVE-2021-0262,0.00056,0.21013
CVE-2021-0263,0.00113,0.44613
CVE-2021-0264,0.00116,0.45451
CVE-2021-0265,0.00582,0.75837
CVE-2021-0266,0.00222,0.60556
CVE-2021-0267,0.00066,0.27274
CVE-2021-0268,0.00166,0.53354
CVE-2021-0269,0.00277,0.64982
CVE-2021-0270,0.00116,0.45451
CVE-2021-0271,0.00058,0.22795
CVE-2021-0272,0.00066,0.27274
CVE-2021-0273,0.00083,0.34295
CVE-2021-0275,0.00195,0.57387
CVE-2021-0276,0.00490,0.73646
CVE-2021-0277,0.00142,0.49944
CVE-2021-0278,0.00044,0.10161
CVE-2021-0279,0.00081,0.33668
CVE-2021-0280,0.00089,0.37607
CVE-2021-0281,0.00089,0.37607
CVE-2021-0282,0.00089,0.37607
CVE-2021-0283,0.00089,0.37607
CVE-2021-0284,0.00089,0.37607
CVE-2021-0285,0.00089,0.37607
CVE-2021-0286,0.00089,0.37607
CVE-2021-0287,0.00050,0.16871
CVE-2021-0288,0.00050,0.16871
CVE-2021-0289,0.00050,0.16871
CVE-2021-0290,0.00050,0.16871
CVE-2021-0291,0.00085,0.35329
CVE-2021-0292,0.00050,0.16871
CVE-2021-0293,0.00044,0.10161
CVE-2021-0294,0.00079,0.33173
CVE-2021-0295,0.00072,0.29611
CVE-2021-0296,0.00135,0.48754
CVE-2021-0297,0.00072,0.29847
CVE-2021-0298,0.00044,0.10161
CVE-2021-0299,0.00089,0.37607
CVE-2021-0301,0.00042,0.05722
CVE-2021-0302,0.00046,0.13864
CVE-2021-0303,0.00042,0.05722
CVE-2021-0304,0.00042,0.05722
CVE-2021-0305,0.00046,0.13864
CVE-2021-0306,0.00042,0.05722
CVE-2021-0307,0.00042,0.05722
CVE-2021-0308,0.00051,0.16923
CVE-2021-0309,0.00042,0.05722
CVE-2021-0310,0.00042,0.05722
CVE-2021-0311,0.00093,0.39234
CVE-2021-0312,0.00093,0.39234
CVE-2021-0313,0.00103,0.41610
CVE-2021-0314,0.00042,0.05722
CVE-2021-0315,0.00042,0.05722
CVE-2021-0316,0.00102,0.41560
CVE-2021-0317,0.00045,0.12503
CVE-2021-0318,0.00042,0.05722
CVE-2021-0319,0.00042,0.05722
CVE-2021-0320,0.00042,0.05722
CVE-2021-0321,0.00042,0.05722
CVE-2021-0322,0.00042,0.05722
CVE-2021-0324,0.00109,0.43783
CVE-2021-0325,0.00147,0.50644
CVE-2021-0326,0.00418,0.71555
CVE-2021-0327,0.00042,0.05722
CVE-2021-0328,0.00042,0.05722
CVE-2021-0329,0.00042,0.05722
CVE-2021-0330,0.00042,0.05722
CVE-2021-0331,0.00042,0.05722
CVE-2021-0332,0.00042,0.05722
CVE-2021-0333,0.00042,0.05722
CVE-2021-0334,0.00042,0.05722
CVE-2021-0335,0.00091,0.38532
CVE-2021-0336,0.00042,0.05722
CVE-2021-0337,0.00042,0.05722
CVE-2021-0338,0.00042,0.05722
CVE-2021-0339,0.00046,0.13864
CVE-2021-0340,0.00105,0.42527
CVE-2021-0341,0.00086,0.35643
CVE-2021-0342,0.00042,0.05722
CVE-2021-0343,0.00042,0.05722
CVE-2021-0344,0.00042,0.05722
CVE-2021-0345,0.00042,0.05722
CVE-2021-0346,0.00042,0.05722
CVE-2021-0347,0.00042,0.05722
CVE-2021-0348,0.00042,0.05722
CVE-2021-0349,0.00042,0.05722
CVE-2021-0350,0.00042,0.05722
CVE-2021-0351,0.00102,0.41385
CVE-2021-0352,0.00042,0.05722
CVE-2021-0353,0.00042,0.05722
CVE-2021-0354,0.00043,0.07409
CVE-2021-0355,0.00043,0.07409
CVE-2021-0356,0.00042,0.05722
CVE-2021-0357,0.00042,0.05722
CVE-2021-0358,0.00042,0.05722
CVE-2021-0359,0.00042,0.05722
CVE-2021-0360,0.00042,0.05722
CVE-2021-0361,0.00042,0.05722
CVE-2021-0362,0.00042,0.05722
CVE-2021-0363,0.00042,0.05722
CVE-2021-0364,0.00042,0.05722
CVE-2021-0365,0.00042,0.05722
CVE-2021-0366,0.00042,0.05722
CVE-2021-0367,0.00042,0.05722
CVE-2021-0368,0.00091,0.38532
CVE-2021-0369,0.00045,0.12503
CVE-2021-0370,0.00042,0.05722
CVE-2021-0371,0.00042,0.05722
CVE-2021-0372,0.00042,0.05722
CVE-2021-0374,0.00042,0.05722
CVE-2021-0375,0.00042,0.05722
CVE-2021-0376,0.00042,0.05722
CVE-2021-0377,0.00042,0.05722
CVE-2021-0378,0.00103,0.41624
CVE-2021-0379,0.00103,0.41624
CVE-2021-0380,0.00042,0.05722
CVE-2021-0381,0.00042,0.05722
CVE-2021-0382,0.00042,0.05722
CVE-2021-0383,0.00042,0.05722
CVE-2021-0385,0.00042,0.05722
CVE-2021-0386,0.00046,0.13864
CVE-2021-0387,0.00042,0.05722
CVE-2021-0388,0.00042,0.05722
CVE-2021-0389,0.00042,0.05722
CVE-2021-0390,0.00042,0.05722
CVE-2021-0391,0.00046,0.13864
CVE-2021-0392,0.00042,0.05722
CVE-2021-0393,0.00053,0.18891
CVE-2021-0394,0.00042,0.05722
CVE-2021-0395,0.00042,0.05722
CVE-2021-0396,0.00102,0.41560
CVE-2021-0397,0.00102,0.41560
CVE-2021-0398,0.00042,0.05722
CVE-2021-0399,0.00042,0.05722
CVE-2021-0400,0.00044,0.10161
CVE-2021-0401,0.00042,0.05722
CVE-2021-0402,0.00042,0.05722
CVE-2021-0403,0.00042,0.05722
CVE-2021-0404,0.00042,0.05722
CVE-2021-0405,0.00042,0.05722
CVE-2021-0406,0.00042,0.05722
CVE-2021-0407,0.00042,0.05722
CVE-2021-0408,0.00042,0.05722
CVE-2021-0409,0.00042,0.05722
CVE-2021-0410,0.00042,0.05722
CVE-2021-0411,0.00043,0.07409
CVE-2021-0412,0.00042,0.05722
CVE-2021-0413,0.00042,0.05722
CVE-2021-0414,0.00042,0.05722
CVE-2021-0415,0.00042,0.05722
CVE-2021-0416,0.00042,0.05722
CVE-2021-0417,0.00042,0.05722
CVE-2021-0418,0.00042,0.05722
CVE-2021-0419,0.00042,0.05722
CVE-2021-0420,0.00042,0.05722
CVE-2021-0421,0.00042,0.05722
CVE-2021-0422,0.00042,0.05722
CVE-2021-0423,0.00042,0.05722
CVE-2021-0424,0.00042,0.05722
CVE-2021-0425,0.00042,0.05722
CVE-2021-0426,0.00042,0.05722
CVE-2021-0427,0.00042,0.05722
CVE-2021-0428,0.00042,0.05722
CVE-2021-0429,0.00042,0.05722
CVE-2021-0430,0.00136,0.48884
CVE-2021-0431,0.00086,0.35643
CVE-2021-0432,0.00042,0.05722
CVE-2021-0433,0.00045,0.12503
CVE-2021-0434,0.00042,0.05722
CVE-2021-0435,0.00086,0.35643
CVE-2021-0436,0.00043,0.07409
CVE-2021-0437,0.00042,0.05722
CVE-2021-0438,0.00046,0.13864
CVE-2021-0439,0.00042,0.05722
CVE-2021-0441,0.00042,0.05722
CVE-2021-0442,0.00042,0.05722
CVE-2021-0443,0.00048,0.14707
CVE-2021-0444,0.00048,0.14707
CVE-2021-0445,0.00042,0.05722
CVE-2021-0446,0.00042,0.05722
CVE-2021-0449,0.00042,0.05722
CVE-2021-0450,0.00042,0.05722
CVE-2021-0451,0.00042,0.05722
CVE-2021-0452,0.00042,0.05722
CVE-2021-0453,0.00042,0.05722
CVE-2021-0454,0.00042,0.05722
CVE-2021-0455,0.00042,0.05722
CVE-2021-0456,0.00042,0.05722
CVE-2021-0457,0.00050,0.16489
CVE-2021-0458,0.00046,0.13752
CVE-2021-0459,0.00045,0.12491
CVE-2021-0460,0.00046,0.13752
CVE-2021-0461,0.00042,0.05722
CVE-2021-0462,0.00042,0.05722
CVE-2021-0463,0.00048,0.14707
CVE-2021-0464,0.00042,0.05722
CVE-2021-0465,0.00042,0.05722
CVE-2021-0466,0.00096,0.39859
CVE-2021-0467,0.00045,0.12332
CVE-2021-0468,0.00046,0.13864
CVE-2021-0471,0.00043,0.07409
CVE-2021-0472,0.00042,0.05722
CVE-2021-0473,0.00054,0.19661
CVE-2021-0474,0.00129,0.47651
CVE-2021-0475,0.00054,0.19661
CVE-2021-0476,0.00042,0.05722
CVE-2021-0477,0.00042,0.05722
CVE-2021-0478,0.00042,0.05722
CVE-2021-0480,0.00045,0.12332
CVE-2021-0481,0.00045,0.12332
CVE-2021-0482,0.00042,0.05722
CVE-2021-0483,0.00042,0.05722
CVE-2021-0484,0.00042,0.05722
CVE-2021-0485,0.00042,0.05722
CVE-2021-0486,0.00042,0.05722
CVE-2021-0487,0.00042,0.05722
CVE-2021-0488,0.00042,0.05722
CVE-2021-0489,0.00042,0.05722
CVE-2021-0490,0.00042,0.05722
CVE-2021-0491,0.00042,0.05722
CVE-2021-0492,0.00042,0.05722
CVE-2021-0493,0.00042,0.05722
CVE-2021-0494,0.00043,0.07409
CVE-2021-0495,0.00042,0.05722
CVE-2021-0496,0.00042,0.05722
CVE-2021-0497,0.00042,0.05722
CVE-2021-0498,0.00042,0.05722
CVE-2021-0504,0.00053,0.18836
CVE-2021-0505,0.00042,0.05722
CVE-2021-0506,0.00042,0.05722
CVE-2021-0507,0.00051,0.17409
CVE-2021-0508,0.00042,0.05722
CVE-2021-0509,0.00042,0.05722
CVE-2021-0510,0.00043,0.07409
CVE-2021-0511,0.00042,0.05722
CVE-2021-0512,0.00042,0.05722
CVE-2021-0513,0.00042,0.05722
CVE-2021-0514,0.00120,0.46194
CVE-2021-0515,0.00120,0.46194
CVE-2021-0516,0.00115,0.45016
CVE-2021-0517,0.00088,0.37039
CVE-2021-0518,0.00042,0.05722
CVE-2021-0519,0.00042,0.05722
CVE-2021-0520,0.00042,0.05722
CVE-2021-0521,0.00042,0.05722
CVE-2021-0522,0.00096,0.39859
CVE-2021-0523,0.00042,0.05722
CVE-2021-0524,0.00042,0.05722
CVE-2021-0525,0.00042,0.05722
CVE-2021-0526,0.00042,0.05722
CVE-2021-0527,0.00042,0.05722
CVE-2021-0528,0.00042,0.05722
CVE-2021-0529,0.00042,0.05722
CVE-2021-0530,0.00042,0.05722
CVE-2021-0531,0.00042,0.05722
CVE-2021-0532,0.00042,0.05722
CVE-2021-0533,0.00042,0.05722
CVE-2021-0534,0.00042,0.05722
CVE-2021-0535,0.00042,0.05722
CVE-2021-0536,0.00042,0.05722
CVE-2021-0537,0.00042,0.05722
CVE-2021-0538,0.00042,0.05722
CVE-2021-0539,0.00042,0.05722
CVE-2021-0540,0.00042,0.05722
CVE-2021-0541,0.00042,0.05722
CVE-2021-0542,0.00042,0.05722
CVE-2021-0543,0.00043,0.07409
CVE-2021-0544,0.00042,0.05722
CVE-2021-0545,0.00042,0.05722
CVE-2021-0546,0.00042,0.05722
CVE-2021-0547,0.00042,0.05722
CVE-2021-0548,0.00042,0.05722
CVE-2021-0549,0.00042,0.05722
CVE-2021-0550,0.00042,0.05722
CVE-2021-0551,0.00103,0.41610
CVE-2021-0552,0.00042,0.05722
CVE-2021-0553,0.00042,0.05722
CVE-2021-0554,0.00042,0.05722
CVE-2021-0555,0.00103,0.41610
CVE-2021-0556,0.00042,0.05722
CVE-2021-0557,0.00115,0.45016
CVE-2021-0558,0.00108,0.43413
CVE-2021-0559,0.00096,0.39859
CVE-2021-0561,0.00042,0.05722
CVE-2021-0562,0.00042,0.05722
CVE-2021-0563,0.00042,0.05722
CVE-2021-0564,0.00042,0.05722
CVE-2021-0565,0.00042,0.05722
CVE-2021-0566,0.00042,0.05722
CVE-2021-0567,0.00042,0.05722
CVE-2021-0568,0.00042,0.05722
CVE-2021-0569,0.00042,0.05722
CVE-2021-0570,0.00042,0.05722
CVE-2021-0571,0.00042,0.05722
CVE-2021-0572,0.00042,0.05722
CVE-2021-0573,0.00042,0.05722
CVE-2021-0574,0.00042,0.05722
CVE-2021-0576,0.00042,0.05722
CVE-2021-0577,0.00042,0.05722
CVE-2021-0578,0.00057,0.21277
CVE-2021-0579,0.00057,0.21277
CVE-2021-0580,0.00057,0.21277
CVE-2021-0581,0.00057,0.21277
CVE-2021-0582,0.00057,0.21277
CVE-2021-0583,0.00042,0.05722
CVE-2021-0584,0.00042,0.05722
CVE-2021-0585,0.00042,0.05722
CVE-2021-0586,0.00048,0.14308
CVE-2021-0587,0.00042,0.05722
CVE-2021-0588,0.00042,0.05722
CVE-2021-0589,0.00042,0.05722
CVE-2021-0590,0.00042,0.05722
CVE-2021-0591,0.00042,0.05722
CVE-2021-0592,0.00120,0.46194
CVE-2021-0593,0.00042,0.05722
CVE-2021-0594,0.00054,0.19364
CVE-2021-0595,0.00042,0.05722
CVE-2021-0596,0.00096,0.39902
CVE-2021-0597,0.00042,0.05722
CVE-2021-0598,0.00042,0.05722
CVE-2021-0599,0.00042,0.05722
CVE-2021-0600,0.00048,0.14308
CVE-2021-0601,0.00042,0.05722
CVE-2021-0602,0.00042,0.05722
CVE-2021-0603,0.00048,0.14308
CVE-2021-0604,0.00045,0.12356
CVE-2021-0605,0.00042,0.05722
CVE-2021-0606,0.00042,0.05722
CVE-2021-0607,0.00042,0.05722
CVE-2021-0608,0.00042,0.05722
CVE-2021-0610,0.00043,0.07409
CVE-2021-0611,0.00042,0.05722
CVE-2021-0612,0.00042,0.05722
CVE-2021-0613,0.00042,0.05722
CVE-2021-0614,0.00042,0.05722
CVE-2021-0615,0.00043,0.07409
CVE-2021-0616,0.00042,0.05722
CVE-2021-0617,0.00042,0.05722
CVE-2021-0618,0.00042,0.05722
CVE-2021-0619,0.00042,0.05722
CVE-2021-0620,0.00042,0.05722
CVE-2021-0621,0.00043,0.07409
CVE-2021-0622,0.00042,0.05722
CVE-2021-0623,0.00043,0.07409
CVE-2021-0624,0.00042,0.05722
CVE-2021-0625,0.00042,0.05722
CVE-2021-0626,0.00042,0.05722
CVE-2021-0627,0.00043,0.07409
CVE-2021-0628,0.00042,0.05722
CVE-2021-0629,0.00042,0.05722
CVE-2021-0630,0.00103,0.41640
CVE-2021-0631,0.00103,0.41640
CVE-2021-0632,0.00053,0.18855
CVE-2021-0633,0.00042,0.05722
CVE-2021-0634,0.00042,0.05722
CVE-2021-0635,0.00048,0.14695
CVE-2021-0636,0.00048,0.14695
CVE-2021-0639,0.00042,0.05722
CVE-2021-0640,0.00042,0.05722
CVE-2021-0641,0.00042,0.05722
CVE-2021-0642,0.00045,0.12356
CVE-2021-0643,0.00042,0.05722
CVE-2021-0644,0.00042,0.05722
CVE-2021-0645,0.00047,0.13902
CVE-2021-0646,0.00042,0.05722
CVE-2021-0649,0.00042,0.05722
CVE-2021-0650,0.00096,0.39902
CVE-2021-0651,0.00044,0.08085
CVE-2021-0652,0.00042,0.05722
CVE-2021-0653,0.00042,0.05722
CVE-2021-0654,0.00045,0.12356
CVE-2021-0655,0.00042,0.05722
CVE-2021-0656,0.00042,0.05722
CVE-2021-0657,0.00042,0.05722
CVE-2021-0658,0.00042,0.05722
CVE-2021-0659,0.00042,0.05722
CVE-2021-0660,0.00058,0.21990
CVE-2021-0661,0.00042,0.05722
CVE-2021-0662,0.00042,0.05722
CVE-2021-0663,0.00042,0.05722
CVE-2021-0664,0.00042,0.05722
CVE-2021-0665,0.00042,0.05722
CVE-2021-0666,0.00042,0.05722
CVE-2021-0667,0.00042,0.05722
CVE-2021-0668,0.00042,0.05722
CVE-2021-0669,0.00042,0.05722
CVE-2021-0670,0.00042,0.05722
CVE-2021-0671,0.00042,0.05722
CVE-2021-0672,0.00042,0.05722
CVE-2021-0673,0.00044,0.10161
CVE-2021-0674,0.00044,0.10161
CVE-2021-0675,0.00042,0.05722
CVE-2021-0676,0.00044,0.10161
CVE-2021-0677,0.00044,0.10161
CVE-2021-0678,0.00044,0.10161
CVE-2021-0679,0.00044,0.10161
CVE-2021-0680,0.00042,0.05722
CVE-2021-0681,0.00042,0.05722
CVE-2021-0682,0.00042,0.05722
CVE-2021-0683,0.00042,0.05722
CVE-2021-0684,0.00042,0.05722
CVE-2021-0685,0.00042,0.05722
CVE-2021-0686,0.00042,0.05722
CVE-2021-0687,0.00042,0.05722
CVE-2021-0688,0.00042,0.05722
CVE-2021-0689,0.00042,0.05722
CVE-2021-0690,0.00108,0.43437
CVE-2021-0691,0.00042,0.05722
CVE-2021-0692,0.00042,0.05722
CVE-2021-0693,0.00042,0.05722
CVE-2021-0694,0.00042,0.05722
CVE-2021-0695,0.00042,0.05722
CVE-2021-0696,0.00042,0.05722
CVE-2021-0697,0.00042,0.05722
CVE-2021-0698,0.00042,0.05722
CVE-2021-0699,0.00042,0.05722
CVE-2021-0701,0.00074,0.30568
CVE-2021-0702,0.00045,0.12356
CVE-2021-0703,0.00048,0.14308
CVE-2021-0704,0.00042,0.05722
CVE-2021-0705,0.00042,0.05722
CVE-2021-0706,0.00042,0.05722
CVE-2021-0707,0.00042,0.05722
CVE-2021-0708,0.00042,0.05722
CVE-2021-0734,0.00042,0.05722
CVE-2021-0735,0.00042,0.05722
CVE-2021-0769,0.00042,0.05722
CVE-2021-0799,0.00042,0.05722
CVE-2021-0869,0.00120,0.46194
CVE-2021-0870,0.00159,0.52505
CVE-2021-0871,0.00043,0.07409
CVE-2021-0872,0.00043,0.07409
CVE-2021-0873,0.00043,0.07409
CVE-2021-0874,0.00043,0.07409
CVE-2021-0875,0.00043,0.07409
CVE-2021-0876,0.00043,0.07409
CVE-2021-0877,0.00061,0.24201
CVE-2021-0878,0.00043,0.07409
CVE-2021-0879,0.00043,0.07409
CVE-2021-0880,0.00043,0.07409
CVE-2021-0881,0.00043,0.07409
CVE-2021-0882,0.00043,0.07409
CVE-2021-0883,0.00043,0.07409
CVE-2021-0884,0.00043,0.07409
CVE-2021-0885,0.00043,0.07409
CVE-2021-0887,0.00042,0.05722
CVE-2021-0889,0.00120,0.46070
CVE-2021-0891,0.00081,0.33744
CVE-2021-0893,0.00044,0.10161
CVE-2021-0894,0.00044,0.10161
CVE-2021-0895,0.00044,0.10161
CVE-2021-0896,0.00044,0.10161
CVE-2021-0897,0.00044,0.10161
CVE-2021-0898,0.00044,0.10161
CVE-2021-0899,0.00044,0.10161
CVE-2021-0900,0.00044,0.10161
CVE-2021-0901,0.00044,0.10161
CVE-2021-0902,0.00044,0.10161
CVE-2021-0903,0.00044,0.10161
CVE-2021-0904,0.00042,0.05722
CVE-2021-0918,0.00054,0.19311
CVE-2021-0919,0.00043,0.07409
CVE-2021-0920,0.00064,0.26303
CVE-2021-0921,0.00045,0.12206
CVE-2021-0922,0.00042,0.05722
CVE-2021-0923,0.00042,0.05722
CVE-2021-0924,0.00042,0.05722
CVE-2021-0925,0.00096,0.39902
CVE-2021-0926,0.00042,0.05722
CVE-2021-0927,0.00042,0.05722
CVE-2021-0928,0.00042,0.05722
CVE-2021-0929,0.00042,0.05722
CVE-2021-0930,0.00054,0.19311
CVE-2021-0931,0.00045,0.12356
CVE-2021-0932,0.00042,0.05722
CVE-2021-0933,0.00054,0.19311
CVE-2021-0934,0.00042,0.05722
CVE-2021-0935,0.00042,0.05722
CVE-2021-0936,0.00042,0.05722
CVE-2021-0938,0.00042,0.05722
CVE-2021-0939,0.00042,0.05722
CVE-2021-0940,0.00042,0.05722
CVE-2021-0941,0.00042,0.05722
CVE-2021-0942,0.00102,0.41377
CVE-2021-0943,0.00042,0.05722
CVE-2021-0945,0.00074,0.30568
CVE-2021-0946,0.00081,0.33744
CVE-2021-0947,0.00081,0.33744
CVE-2021-0948,0.00043,0.06775
CVE-2021-0951,0.00043,0.07409
CVE-2021-0952,0.00042,0.05722
CVE-2021-0953,0.00042,0.05722
CVE-2021-0954,0.00042,0.05722
CVE-2021-0955,0.00042,0.05722
CVE-2021-0956,0.00120,0.46194
CVE-2021-0957,0.00042,0.05722
CVE-2021-0958,0.00042,0.05722
CVE-2021-0959,0.00042,0.05722
CVE-2021-0961,0.00042,0.05722
CVE-2021-0963,0.00048,0.14308
CVE-2021-0964,0.00108,0.43437
CVE-2021-0965,0.00048,0.14308
CVE-2021-0966,0.00042,0.05722
CVE-2021-0967,0.00120,0.46194
CVE-2021-0968,0.00120,0.46194
CVE-2021-0969,0.00103,0.41640
CVE-2021-0970,0.00042,0.05722
CVE-2021-0971,0.00096,0.39902
CVE-2021-0973,0.00042,0.05722
CVE-2021-0975,0.00042,0.05722
CVE-2021-0976,0.00096,0.39902
CVE-2021-0977,0.00042,0.05722
CVE-2021-0978,0.00042,0.05722
CVE-2021-0979,0.00042,0.05722
CVE-2021-0981,0.00042,0.05722
CVE-2021-0982,0.00042,0.05722
CVE-2021-0983,0.00042,0.05722
CVE-2021-0984,0.00042,0.05722
CVE-2021-0985,0.00042,0.05722
CVE-2021-0986,0.00042,0.05722
CVE-2021-0987,0.00042,0.05722
CVE-2021-0988,0.00042,0.05722
CVE-2021-0989,0.00042,0.05722
CVE-2021-0990,0.00042,0.05722
CVE-2021-0991,0.00042,0.05722
CVE-2021-0992,0.00044,0.08085
CVE-2021-0993,0.00103,0.41640
CVE-2021-0994,0.00042,0.05722
CVE-2021-0995,0.00042,0.05722
CVE-2021-0996,0.00042,0.05722
CVE-2021-0997,0.00042,0.05722
CVE-2021-0998,0.00042,0.05722
CVE-2021-0999,0.00042,0.05722
CVE-2021-1000,0.00042,0.05722
CVE-2021-1001,0.00042,0.05722
CVE-2021-1002,0.00096,0.39902
CVE-2021-1003,0.00042,0.05722
CVE-2021-1004,0.00042,0.05722
CVE-2021-1005,0.00042,0.05722
CVE-2021-1006,0.00042,0.05722
CVE-2021-1007,0.00042,0.05722
CVE-2021-1008,0.00042,0.05722
CVE-2021-1009,0.00042,0.05722
CVE-2021-1010,0.00042,0.05722
CVE-2021-1011,0.00042,0.05722
CVE-2021-1012,0.00042,0.05722
CVE-2021-1013,0.00042,0.05722
CVE-2021-1014,0.00042,0.05722
CVE-2021-1015,0.00042,0.05722
CVE-2021-1016,0.00042,0.05722
CVE-2021-1017,0.00048,0.14308
CVE-2021-1018,0.00042,0.05722
CVE-2021-1019,0.00042,0.05722
CVE-2021-1020,0.00042,0.05722
CVE-2021-1021,0.00042,0.05722
CVE-2021-1022,0.00103,0.41640
CVE-2021-1023,0.00042,0.05722
CVE-2021-1024,0.00042,0.05722
CVE-2021-1025,0.00042,0.05722
CVE-2021-1026,0.00042,0.05722
CVE-2021-1027,0.00042,0.05722
CVE-2021-1028,0.00042,0.05722
CVE-2021-1029,0.00042,0.05722
CVE-2021-1030,0.00042,0.05722
CVE-2021-1031,0.00042,0.05722
CVE-2021-1032,0.00042,0.05722
CVE-2021-1033,0.00042,0.05722
CVE-2021-1034,0.00044,0.10161
CVE-2021-1035,0.00042,0.05722
CVE-2021-1036,0.00048,0.14308
CVE-2021-1037,0.00065,0.27077
CVE-2021-1038,0.00044,0.08085
CVE-2021-1039,0.00048,0.14308
CVE-2021-1040,0.00042,0.05722
CVE-2021-1041,0.00042,0.05722
CVE-2021-1042,0.00042,0.05722
CVE-2021-1043,0.00042,0.05722
CVE-2021-1044,0.00042,0.05722
CVE-2021-1045,0.00081,0.33914
CVE-2021-1046,0.00042,0.05722
CVE-2021-1047,0.00043,0.07409
CVE-2021-1048,0.00064,0.26141
CVE-2021-1049,0.00109,0.43800
CVE-2021-1050,0.00042,0.05722
CVE-2021-1051,0.00042,0.05722
CVE-2021-1052,0.00044,0.10161
CVE-2021-1053,0.00044,0.10161
CVE-2021-1054,0.00044,0.10161
CVE-2021-1055,0.00044,0.10161
CVE-2021-1056,0.00044,0.10161
CVE-2021-1057,0.00044,0.10161
CVE-2021-1058,0.00044,0.10161
CVE-2021-1059,0.00044,0.10161
CVE-2021-1060,0.00044,0.10161
CVE-2021-1061,0.00044,0.10161
CVE-2021-1062,0.00044,0.10161
CVE-2021-1063,0.00044,0.10161
CVE-2021-1064,0.00044,0.10161
CVE-2021-1065,0.00044,0.10161
CVE-2021-1066,0.00044,0.10161
CVE-2021-1067,0.00070,0.29068
CVE-2021-1068,0.00044,0.10161
CVE-2021-1069,0.00044,0.10161
CVE-2021-1070,0.00044,0.10161
CVE-2021-1071,0.00044,0.10161
CVE-2021-1072,0.00044,0.10161
CVE-2021-1073,0.00201,0.58020
CVE-2021-1074,0.00042,0.05722
CVE-2021-1075,0.00044,0.10161
CVE-2021-1076,0.00044,0.10161
CVE-2021-1077,0.00044,0.10161
CVE-2021-1078,0.00044,0.10161
CVE-2021-1079,0.00042,0.05722
CVE-2021-1080,0.00044,0.10161
CVE-2021-1081,0.00044,0.10161
CVE-2021-1082,0.00044,0.10161
CVE-2021-1083,0.00044,0.10161
CVE-2021-1084,0.00044,0.10161
CVE-2021-1085,0.00044,0.10161
CVE-2021-1086,0.00044,0.10161
CVE-2021-1087,0.00044,0.10161
CVE-2021-1088,0.00044,0.10161
CVE-2021-1089,0.00044,0.10161
CVE-2021-1090,0.00044,0.10161
CVE-2021-1091,0.00044,0.10161
CVE-2021-1092,0.00044,0.10161
CVE-2021-1093,0.00044,0.10161
CVE-2021-1094,0.00044,0.10161
CVE-2021-1095,0.00044,0.10161
CVE-2021-1096,0.00044,0.10161
CVE-2021-1097,0.00044,0.10161
CVE-2021-1098,0.00044,0.10161
CVE-2021-1099,0.00044,0.10161
CVE-2021-1100,0.00044,0.10161
CVE-2021-1101,0.00044,0.10161
CVE-2021-1102,0.00044,0.10161
CVE-2021-1103,0.00044,0.10161
CVE-2021-1104,0.00283,0.65421
CVE-2021-1105,0.00044,0.10161
CVE-2021-1106,0.00044,0.10161
CVE-2021-1107,0.00044,0.10161
CVE-2021-1108,0.00044,0.10161
CVE-2021-1109,0.00044,0.10161
CVE-2021-1110,0.00044,0.10161
CVE-2021-1111,0.00050,0.16871
CVE-2021-1112,0.00044,0.10161
CVE-2021-1113,0.00044,0.10161
CVE-2021-1114,0.00044,0.10161
CVE-2021-1115,0.00042,0.05722
CVE-2021-1116,0.00044,0.10161
CVE-2021-1117,0.00044,0.10161
CVE-2021-1118,0.00044,0.10161
CVE-2021-1119,0.00044,0.10161
CVE-2021-1120,0.00044,0.10161
CVE-2021-1121,0.00044,0.10161
CVE-2021-1122,0.00044,0.10161
CVE-2021-1123,0.00044,0.10161
CVE-2021-1125,0.00044,0.10161
CVE-2021-1126,0.00042,0.05722
CVE-2021-1127,0.00066,0.27429
CVE-2021-1128,0.00042,0.05722
CVE-2021-1129,0.00136,0.49013
CVE-2021-1130,0.00066,0.27429
CVE-2021-1131,0.00058,0.22795
CVE-2021-1133,0.00117,0.45627
CVE-2021-1134,0.00212,0.59257
CVE-2021-1135,0.00073,0.30288
CVE-2021-1136,0.00042,0.05722
CVE-2021-1137,0.00076,0.31623
CVE-2021-1138,0.01240,0.84057
CVE-2021-1139,0.01453,0.85349
CVE-2021-1140,0.01240,0.84057
CVE-2021-1141,0.01453,0.85349
CVE-2021-1142,0.01240,0.84057
CVE-2021-1143,0.00092,0.38675
CVE-2021-1144,0.00270,0.64542
CVE-2021-1145,0.00156,0.52040
CVE-2021-1146,0.00231,0.61355
CVE-2021-1147,0.00231,0.61355
CVE-2021-1148,0.00231,0.61355
CVE-2021-1149,0.00231,0.61355
CVE-2021-1150,0.00231,0.61355
CVE-2021-1151,0.00066,0.27429
CVE-2021-1152,0.00066,0.27429
CVE-2021-1153,0.00066,0.27429
CVE-2021-1154,0.00066,0.27429
CVE-2021-1155,0.00066,0.27429
CVE-2021-1156,0.00066,0.27429
CVE-2021-1157,0.00066,0.27429
CVE-2021-1158,0.00066,0.27429
CVE-2021-1159,0.00221,0.60277
CVE-2021-1160,0.00221,0.60277
CVE-2021-1161,0.00221,0.60277
CVE-2021-1162,0.00221,0.60277
CVE-2021-1163,0.00221,0.60277
CVE-2021-1164,0.00221,0.60277
CVE-2021-1165,0.00221,0.60277
CVE-2021-1166,0.00221,0.60277
CVE-2021-1167,0.00385,0.70431
CVE-2021-1168,0.00221,0.60277
CVE-2021-1169,0.00221,0.60277
CVE-2021-1170,0.00221,0.60277
CVE-2021-1171,0.00221,0.60277
CVE-2021-1172,0.00221,0.60277
CVE-2021-1173,0.00221,0.60277
CVE-2021-1174,0.00221,0.60277
CVE-2021-1175,0.00221,0.60277
CVE-2021-1176,0.00221,0.60277
CVE-2021-1177,0.00221,0.60277
CVE-2021-1178,0.00221,0.60277
CVE-2021-1179,0.00221,0.60277
CVE-2021-1180,0.00221,0.60277
CVE-2021-1181,0.00221,0.60277
CVE-2021-1182,0.00221,0.60277
CVE-2021-1183,0.00221,0.60277
CVE-2021-1184,0.00221,0.60277
CVE-2021-1185,0.00221,0.60277
CVE-2021-1186,0.00221,0.60277
CVE-2021-1187,0.00221,0.60277
CVE-2021-1188,0.00221,0.60277
CVE-2021-1189,0.00221,0.60277
CVE-2021-1190,0.00221,0.60277
CVE-2021-1191,0.00221,0.60277
CVE-2021-1192,0.00221,0.60277
CVE-2021-1193,0.00221,0.60277
CVE-2021-1194,0.00221,0.60277
CVE-2021-1195,0.00221,0.60277
CVE-2021-1196,0.00221,0.60277
CVE-2021-1197,0.00221,0.60277
CVE-2021-1198,0.00221,0.60277
CVE-2021-1199,0.00221,0.60277
CVE-2021-1200,0.00221,0.60277
CVE-2021-1201,0.00221,0.60277
CVE-2021-1202,0.00221,0.60277
CVE-2021-1203,0.00221,0.60277
CVE-2021-1204,0.00221,0.60277
CVE-2021-1205,0.00221,0.60277
CVE-2021-1206,0.00221,0.60277
CVE-2021-1207,0.00221,0.60277
CVE-2021-1208,0.00221,0.60277
CVE-2021-1209,0.00221,0.60277
CVE-2021-1210,0.00221,0.60277
CVE-2021-1211,0.00221,0.60277
CVE-2021-1212,0.00221,0.60277
CVE-2021-1213,0.00221,0.60277
CVE-2021-1214,0.00221,0.60277
CVE-2021-1215,0.00221,0.60277
CVE-2021-1216,0.00221,0.60277
CVE-2021-1217,0.00221,0.60277
CVE-2021-1218,0.00071,0.29210
CVE-2021-1219,0.00042,0.05722
CVE-2021-1220,0.00128,0.47426
CVE-2021-1221,0.00071,0.29210
CVE-2021-1222,0.00084,0.34795
CVE-2021-1223,0.00147,0.50712
CVE-2021-1224,0.00195,0.57454
CVE-2021-1225,0.00122,0.46426
CVE-2021-1226,0.00156,0.52040
CVE-2021-1227,0.00080,0.33287
CVE-2021-1228,0.00058,0.22795
CVE-2021-1229,0.00147,0.50610
CVE-2021-1230,0.00159,0.52484
CVE-2021-1231,0.00058,0.22795
CVE-2021-1233,0.00042,0.05722
CVE-2021-1235,0.00042,0.05722
CVE-2021-1236,0.00195,0.57454
CVE-2021-1237,0.00042,0.05722
CVE-2021-1238,0.00066,0.27429
CVE-2021-1239,0.00066,0.27429
CVE-2021-1240,0.00042,0.05722
CVE-2021-1241,0.00159,0.52484
CVE-2021-1242,0.00123,0.46591
CVE-2021-1243,0.00145,0.50351
CVE-2021-1244,0.00042,0.05722
CVE-2021-1245,0.00151,0.51276
CVE-2021-1246,0.00151,0.51276
CVE-2021-1247,0.00281,0.65235
CVE-2021-1248,0.00281,0.65235
CVE-2021-1249,0.00064,0.26322
CVE-2021-1250,0.00064,0.26322
CVE-2021-1251,0.00067,0.27668
CVE-2021-1252,0.00215,0.59596
CVE-2021-1253,0.00064,0.26322
CVE-2021-1254,0.00066,0.27429
CVE-2021-1255,0.00073,0.30288
CVE-2021-1256,0.00044,0.07794
CVE-2021-1257,0.00081,0.33730
CVE-2021-1258,0.00042,0.05722
CVE-2021-1259,0.00094,0.39462
CVE-2021-1260,0.00044,0.10161
CVE-2021-1261,0.00044,0.10161
CVE-2021-1262,0.00044,0.10161
CVE-2021-1263,0.00044,0.10161
CVE-2021-1264,0.00189,0.56525
CVE-2021-1265,0.00110,0.43966
CVE-2021-1266,0.00109,0.43829
CVE-2021-1267,0.00097,0.40237
CVE-2021-1268,0.00058,0.22795
CVE-2021-1269,0.00097,0.40237
CVE-2021-1270,0.00080,0.33236
CVE-2021-1271,0.00066,0.27429
CVE-2021-1272,0.00166,0.53372
CVE-2021-1273,0.00160,0.52602
CVE-2021-1274,0.00160,0.52602
CVE-2021-1275,0.00158,0.52238
CVE-2021-1276,0.00087,0.36006
CVE-2021-1277,0.00087,0.36006
CVE-2021-1278,0.00159,0.52484
CVE-2021-1279,0.00160,0.52602
CVE-2021-1280,0.00042,0.05722
CVE-2021-1281,0.00042,0.05722
CVE-2021-1282,0.00065,0.26756
CVE-2021-1283,0.00042,0.05722
CVE-2021-1284,0.00066,0.27306
CVE-2021-1286,0.00120,0.46113
CVE-2021-1287,0.00221,0.60277
CVE-2021-1288,0.00159,0.52484
CVE-2021-1289,0.00267,0.64359
CVE-2021-1290,0.00335,0.68340
CVE-2021-1291,0.00267,0.64359
CVE-2021-1292,0.00267,0.64359
CVE-2021-1293,0.00267,0.64359
CVE-2021-1294,0.00335,0.68340
CVE-2021-1295,0.00246,0.62663
CVE-2021-1296,0.00659,0.77415
CVE-2021-1297,0.00659,0.77415
CVE-2021-1298,0.00229,0.61168
CVE-2021-1299,0.00229,0.61168
CVE-2021-1300,0.00359,0.69376
CVE-2021-1301,0.00359,0.69376
CVE-2021-1302,0.00247,0.62788
CVE-2021-1303,0.00784,0.79582
CVE-2021-1304,0.00105,0.42416
CVE-2021-1305,0.00073,0.30288
CVE-2021-1306,0.00042,0.05722
CVE-2021-1307,0.00221,0.60277
CVE-2021-1308,0.00067,0.27668
CVE-2021-1309,0.00080,0.33353
CVE-2021-1310,0.00109,0.43615
CVE-2021-1311,0.00097,0.40237
CVE-2021-1312,0.00159,0.52484
CVE-2021-1313,0.00159,0.52484
CVE-2021-1314,0.00231,0.61355
CVE-2021-1315,0.00231,0.61355
CVE-2021-1316,0.00231,0.61355
CVE-2021-1317,0.00231,0.61355
CVE-2021-1318,0.00231,0.61355
CVE-2021-1319,0.00221,0.60277
CVE-2021-1320,0.00221,0.60277
CVE-2021-1321,0.00221,0.60277
CVE-2021-1322,0.00221,0.60277
CVE-2021-1323,0.00221,0.60277
CVE-2021-1324,0.00221,0.60277
CVE-2021-1325,0.00221,0.60277
CVE-2021-1326,0.00221,0.60277
CVE-2021-1327,0.00221,0.60277
CVE-2021-1328,0.00221,0.60277
CVE-2021-1329,0.00221,0.60277
CVE-2021-1330,0.00221,0.60277
CVE-2021-1331,0.00221,0.60277
CVE-2021-1332,0.00221,0.60277
CVE-2021-1333,0.00221,0.60277
CVE-2021-1334,0.00221,0.60277
CVE-2021-1335,0.00221,0.60277
CVE-2021-1336,0.00221,0.60277
CVE-2021-1337,0.00221,0.60277
CVE-2021-1338,0.00221,0.60277
CVE-2021-1339,0.00221,0.60277
CVE-2021-1340,0.00221,0.60277
CVE-2021-1341,0.00221,0.60277
CVE-2021-1342,0.00221,0.60277
CVE-2021-1343,0.00221,0.60277
CVE-2021-1344,0.00221,0.60277
CVE-2021-1345,0.00221,0.60277
CVE-2021-1346,0.00221,0.60277
CVE-2021-1347,0.00221,0.60277
CVE-2021-1348,0.00221,0.60277
CVE-2021-1349,0.00077,0.31722
CVE-2021-1350,0.00099,0.40729
CVE-2021-1351,0.00147,0.50689
CVE-2021-1352,0.00059,0.22798
CVE-2021-1353,0.00160,0.52602
CVE-2021-1354,0.00044,0.10161
CVE-2021-1355,0.00065,0.26756
CVE-2021-1356,0.00128,0.47426
CVE-2021-1357,0.00093,0.39033
CVE-2021-1358,0.00113,0.44702
CVE-2021-1359,0.00104,0.42323
CVE-2021-1360,0.00221,0.60277
CVE-2021-1361,0.00186,0.55914
CVE-2021-1362,0.00238,0.61919
CVE-2021-1363,0.00084,0.34795
CVE-2021-1364,0.00065,0.26756
CVE-2021-1365,0.00084,0.34795
CVE-2021-1366,0.00042,0.05722
CVE-2021-1367,0.00058,0.22795
CVE-2021-1368,0.00085,0.35240
CVE-2021-1369,0.00078,0.32746
CVE-2021-1370,0.00042,0.05844
CVE-2021-1371,0.00042,0.05722
CVE-2021-1372,0.00042,0.05722
CVE-2021-1373,0.00160,0.52602
CVE-2021-1374,0.00066,0.27429
CVE-2021-1375,0.00042,0.05722
CVE-2021-1376,0.00042,0.05722
CVE-2021-1377,0.00147,0.50691
CVE-2021-1378,0.00133,0.48336
CVE-2021-1380,0.00147,0.50689
CVE-2021-1381,0.00067,0.27804
CVE-2021-1382,0.00068,0.28074
CVE-2021-1383,0.00042,0.05722
CVE-2021-1384,0.00248,0.62801
CVE-2021-1385,0.00186,0.56001
CVE-2021-1386,0.00042,0.05722
CVE-2021-1387,0.00160,0.52602
CVE-2021-1388,0.02603,0.89260
CVE-2021-1389,0.00129,0.47591
CVE-2021-1390,0.00042,0.05722
CVE-2021-1391,0.00042,0.05722
CVE-2021-1392,0.00042,0.05722
CVE-2021-1393,0.00359,0.69376
CVE-2021-1394,0.00147,0.50610
CVE-2021-1395,0.00138,0.49348
CVE-2021-1396,0.00133,0.48430
CVE-2021-1397,0.00120,0.46196
CVE-2021-1398,0.00072,0.29866
CVE-2021-1399,0.00073,0.30288
CVE-2021-1400,0.00160,0.52545
CVE-2021-1401,0.00238,0.61977
CVE-2021-1402,0.00160,0.52602
CVE-2021-1403,0.00144,0.50224
CVE-2021-1404,0.00215,0.59596
CVE-2021-1405,0.00384,0.70395
CVE-2021-1406,0.00151,0.51286
CVE-2021-1407,0.00147,0.50689
CVE-2021-1408,0.00147,0.50689
CVE-2021-1409,0.00147,0.50689
CVE-2021-1411,0.00104,0.42231
CVE-2021-1412,0.00110,0.43966
CVE-2021-1413,0.00197,0.57615
CVE-2021-1414,0.00197,0.57615
CVE-2021-1415,0.00197,0.57615
CVE-2021-1416,0.00073,0.30288
CVE-2021-1417,0.00065,0.26756
CVE-2021-1418,0.00081,0.33872
CVE-2021-1419,0.00042,0.05722
CVE-2021-1420,0.00120,0.46131
CVE-2021-1421,0.00042,0.05844
CVE-2021-1422,0.00091,0.38642
CVE-2021-1423,0.00042,0.05722
CVE-2021-1426,0.00042,0.05722
CVE-2021-1427,0.00042,0.05722
CVE-2021-1428,0.00042,0.05722
CVE-2021-1429,0.00042,0.05722
CVE-2021-1430,0.00042,0.05722
CVE-2021-1431,0.00159,0.52484
CVE-2021-1432,0.00042,0.05722
CVE-2021-1433,0.00326,0.67845
CVE-2021-1434,0.00042,0.05722
CVE-2021-1435,0.00167,0.53416
CVE-2021-1436,0.00044,0.07794
CVE-2021-1437,0.00241,0.62154
CVE-2021-1438,0.00042,0.05722
CVE-2021-1439,0.00058,0.22795
CVE-2021-1441,0.00042,0.05844
CVE-2021-1442,0.00042,0.05722
CVE-2021-1443,0.00173,0.54516
CVE-2021-1445,0.00105,0.42540
CVE-2021-1446,0.00133,0.48336
CVE-2021-1447,0.00042,0.05722
CVE-2021-1448,0.00042,0.05844
CVE-2021-1449,0.00042,0.05722
CVE-2021-1450,0.00042,0.05722
CVE-2021-1451,0.00414,0.71443
CVE-2021-1452,0.00069,0.28525
CVE-2021-1453,0.00069,0.28525
CVE-2021-1454,0.00042,0.05722
CVE-2021-1455,0.00087,0.35936
CVE-2021-1456,0.00087,0.35936
CVE-2021-1457,0.00087,0.35936
CVE-2021-1458,0.00087,0.35936
CVE-2021-1459,0.00238,0.61976
CVE-2021-1460,0.00159,0.52484
CVE-2021-1463,0.00147,0.50689
CVE-2021-1467,0.00073,0.30288
CVE-2021-1468,0.00318,0.67480
CVE-2021-1469,0.00134,0.48542
CVE-2021-1471,0.00092,0.38838
CVE-2021-1472,0.97174,0.99774
CVE-2021-1473,0.84480,0.98248
CVE-2021-1474,0.00084,0.34869
CVE-2021-1475,0.00071,0.29210
CVE-2021-1476,0.00042,0.05844
CVE-2021-1477,0.00073,0.30288
CVE-2021-1478,0.00109,0.43829
CVE-2021-1479,0.00318,0.67480
CVE-2021-1480,0.00076,0.31623
CVE-2021-1485,0.00042,0.05722
CVE-2021-1486,0.00133,0.48430
CVE-2021-1487,0.00179,0.55227
CVE-2021-1488,0.00042,0.05844
CVE-2021-1489,0.00109,0.43829
CVE-2021-1490,0.00147,0.50689
CVE-2021-1492,0.00042,0.05722
CVE-2021-1493,0.00101,0.41157
CVE-2021-1495,0.00127,0.47271
CVE-2021-1496,0.00042,0.05722
CVE-2021-1497,0.97500,0.99976
CVE-2021-1498,0.97500,0.99976
CVE-2021-1499,0.94981,0.99146
CVE-2021-1500,0.00111,0.44241
CVE-2021-1501,0.00159,0.52484
CVE-2021-1502,0.00067,0.27706
CVE-2021-1503,0.00067,0.27706
CVE-2021-1504,0.00105,0.42540
CVE-2021-1505,0.00181,0.55518
CVE-2021-1506,0.00181,0.55518
CVE-2021-1507,0.00066,0.27429
CVE-2021-1508,0.00181,0.55518
CVE-2021-1509,0.00105,0.42644
CVE-2021-1510,0.00117,0.45504
CVE-2021-1511,0.00080,0.33456
CVE-2021-1512,0.00042,0.05722
CVE-2021-1513,0.00159,0.52484
CVE-2021-1514,0.00042,0.05844
CVE-2021-1515,0.00058,0.22795
CVE-2021-1516,0.00156,0.52040
CVE-2021-1517,0.00073,0.30288
CVE-2021-1518,0.00224,0.60747
CVE-2021-1519,0.00042,0.05722
CVE-2021-1520,0.00042,0.05722
CVE-2021-1521,0.00058,0.22795
CVE-2021-1522,0.00073,0.30288
CVE-2021-1523,0.00138,0.49318
CVE-2021-1524,0.00144,0.50197
CVE-2021-1525,0.00113,0.44638
CVE-2021-1526,0.00067,0.27706
CVE-2021-1527,0.00051,0.17414
CVE-2021-1528,0.00042,0.05722
CVE-2021-1529,0.00042,0.05844
CVE-2021-1530,0.00169,0.53916
CVE-2021-1531,0.00091,0.38050
CVE-2021-1532,0.00096,0.39979
CVE-2021-1534,0.00111,0.44192
CVE-2021-1535,0.00133,0.48430
CVE-2021-1536,0.00064,0.26310
CVE-2021-1537,0.00042,0.05722
CVE-2021-1538,0.00173,0.54516
CVE-2021-1539,0.00544,0.75023
CVE-2021-1540,0.00544,0.75023
CVE-2021-1541,0.00102,0.41368
CVE-2021-1542,0.00175,0.54695
CVE-2021-1543,0.00065,0.27048
CVE-2021-1544,0.00042,0.05722
CVE-2021-1546,0.00042,0.05722
CVE-2021-1547,0.00104,0.42323
CVE-2021-1548,0.00104,0.42323
CVE-2021-1549,0.00104,0.42323
CVE-2021-1550,0.00104,0.42323
CVE-2021-1551,0.00104,0.42323
CVE-2021-1552,0.00104,0.42323
CVE-2021-1553,0.00104,0.42323
CVE-2021-1554,0.00104,0.42323
CVE-2021-1555,0.00104,0.42323
CVE-2021-1557,0.00042,0.05844
CVE-2021-1558,0.00042,0.05844
CVE-2021-1559,0.00134,0.48551
CVE-2021-1560,0.00134,0.48551
CVE-2021-1561,0.00094,0.39381
CVE-2021-1562,0.00073,0.30288
CVE-2021-1563,0.00051,0.17414
CVE-2021-1564,0.00051,0.17414
CVE-2021-1565,0.00138,0.49318
CVE-2021-1566,0.00144,0.50213
CVE-2021-1567,0.00042,0.05722
CVE-2021-1568,0.00042,0.05722
CVE-2021-1569,0.00063,0.25750
CVE-2021-1570,0.00107,0.43158
CVE-2021-1571,0.00065,0.27048
CVE-2021-1572,0.00042,0.05722
CVE-2021-1573,0.00195,0.57490
CVE-2021-1574,0.00229,0.61169
CVE-2021-1575,0.00136,0.48965
CVE-2021-1576,0.00229,0.61169
CVE-2021-1577,0.00337,0.68418
CVE-2021-1578,0.00281,0.65235
CVE-2021-1579,0.00165,0.53195
CVE-2021-1580,0.00176,0.54789
CVE-2021-1581,0.00132,0.48296
CVE-2021-1582,0.00066,0.27429
CVE-2021-1583,0.00042,0.05722
CVE-2021-1584,0.00042,0.05844
CVE-2021-1585,0.04220,0.91423
CVE-2021-1586,0.00138,0.49318
CVE-2021-1587,0.00138,0.49318
CVE-2021-1588,0.00138,0.49318
CVE-2021-1589,0.00141,0.49800
CVE-2021-1590,0.00119,0.45861
CVE-2021-1591,0.00104,0.42313
CVE-2021-1592,0.00097,0.40237
CVE-2021-1593,0.00042,0.05722
CVE-2021-1594,0.00167,0.53406
CVE-2021-1595,0.00050,0.16871
CVE-2021-1596,0.00050,0.16871
CVE-2021-1597,0.00050,0.16871
CVE-2021-1598,0.00050,0.16871
CVE-2021-1599,0.00065,0.26956
CVE-2021-1600,0.00051,0.17428
CVE-2021-1601,0.00051,0.17428
CVE-2021-1602,0.00318,0.67456
CVE-2021-1603,0.00066,0.27429
CVE-2021-1604,0.00066,0.27429
CVE-2021-1605,0.00066,0.27429
CVE-2021-1606,0.00066,0.27429
CVE-2021-1607,0.00066,0.27429
CVE-2021-1609,0.00204,0.58411
CVE-2021-1610,0.00089,0.37654
CVE-2021-1611,0.00138,0.49318
CVE-2021-1612,0.00042,0.05722
CVE-2021-1614,0.00148,0.50761
CVE-2021-1615,0.00138,0.49318
CVE-2021-1616,0.00107,0.43218
CVE-2021-1617,0.00087,0.36026
CVE-2021-1618,0.00113,0.44766
CVE-2021-1619,0.00232,0.61367
CVE-2021-1620,0.00110,0.43929
CVE-2021-1621,0.00050,0.16871
CVE-2021-1622,0.00138,0.49318
CVE-2021-1623,0.00110,0.43929
CVE-2021-1624,0.00138,0.49318
CVE-2021-1625,0.00115,0.45224
CVE-2021-1626,0.00615,0.76551
CVE-2021-1627,0.00222,0.60556
CVE-2021-1628,0.00222,0.60556
CVE-2021-1629,0.00262,0.63983
CVE-2021-1630,0.00150,0.51158
CVE-2021-1636,0.00157,0.52141
CVE-2021-1637,0.00043,0.07315
CVE-2021-1638,0.00064,0.26252
CVE-2021-1639,0.03268,0.90349
CVE-2021-1640,0.00046,0.12643
CVE-2021-1641,0.00066,0.27161
CVE-2021-1642,0.00043,0.07494
CVE-2021-1643,0.06521,0.93079
CVE-2021-1644,0.06521,0.93079
CVE-2021-1645,0.00129,0.47571
CVE-2021-1646,0.00043,0.07315
CVE-2021-1647,0.21347,0.96018
CVE-2021-1648,0.00080,0.33478
CVE-2021-1649,0.00043,0.07315
CVE-2021-1650,0.00043,0.07315
CVE-2021-1651,0.00043,0.07315
CVE-2021-1652,0.00043,0.07315
CVE-2021-1653,0.00043,0.07315
CVE-2021-1654,0.00043,0.07315
CVE-2021-1655,0.00043,0.07315
CVE-2021-1656,0.00043,0.07315
CVE-2021-1657,0.00302,0.66504
CVE-2021-1658,0.01258,0.84196
CVE-2021-1659,0.00043,0.07315
CVE-2021-1660,0.01258,0.84196
CVE-2021-1661,0.00043,0.07315
CVE-2021-1662,0.00043,0.07315
CVE-2021-1663,0.00043,0.07315
CVE-2021-1664,0.01258,0.84196
CVE-2021-1665,0.06521,0.93079
CVE-2021-1666,0.01258,0.84196
CVE-2021-1667,0.01258,0.84196
CVE-2021-1668,0.06521,0.93079
CVE-2021-1669,0.00121,0.46245
CVE-2021-1670,0.00043,0.07315
CVE-2021-1671,0.01258,0.84196
CVE-2021-1672,0.00043,0.07315
CVE-2021-1673,0.01258,0.84196
CVE-2021-1674,0.00121,0.46245
CVE-2021-1675,0.96782,0.99614
CVE-2021-1676,0.00043,0.07315
CVE-2021-1677,0.00120,0.46126
CVE-2021-1678,0.00654,0.77337
CVE-2021-1679,0.00169,0.53918
CVE-2021-1680,0.00043,0.07315
CVE-2021-1681,0.00043,0.07315
CVE-2021-1682,0.00043,0.07494
CVE-2021-1683,0.00095,0.39746
CVE-2021-1684,0.00095,0.39746
CVE-2021-1685,0.00073,0.30427
CVE-2021-1686,0.00043,0.07315
CVE-2021-1687,0.00043,0.07315
CVE-2021-1688,0.00043,0.07315
CVE-2021-1689,0.00043,0.07315
CVE-2021-1690,0.00043,0.07315
CVE-2021-1691,0.00148,0.50825
CVE-2021-1692,0.00148,0.50825
CVE-2021-1693,0.00043,0.07315
CVE-2021-1694,0.00076,0.31328
CVE-2021-1695,0.00043,0.07494
CVE-2021-1696,0.01668,0.86360
CVE-2021-1697,0.00043,0.07494
CVE-2021-1698,0.00043,0.07315
CVE-2021-1699,0.00043,0.07315
CVE-2021-1700,0.01258,0.84196
CVE-2021-1701,0.01258,0.84196
CVE-2021-1702,0.00043,0.07315
CVE-2021-1703,0.00043,0.07315
CVE-2021-1704,0.00067,0.27765
CVE-2021-1705,0.00117,0.45470
CVE-2021-1706,0.00067,0.27765
CVE-2021-1707,0.01258,0.84196
CVE-2021-1708,0.00967,0.81721
CVE-2021-1709,0.00043,0.07315
CVE-2021-1710,0.06521,0.93079
CVE-2021-1711,0.06521,0.93079
CVE-2021-1712,0.00223,0.60651
CVE-2021-1713,0.03516,0.90670
CVE-2021-1714,0.06521,0.93079
CVE-2021-1715,0.02293,0.88602
CVE-2021-1716,0.06521,0.93079
CVE-2021-1717,0.00066,0.27161
CVE-2021-1718,0.00172,0.54275
CVE-2021-1719,0.00223,0.60651
CVE-2021-1721,0.00196,0.57530
CVE-2021-1722,0.01063,0.82632
CVE-2021-1723,0.00193,0.57187
CVE-2021-1724,0.00067,0.27765
CVE-2021-1725,0.00043,0.07315
CVE-2021-1726,0.00176,0.54810
CVE-2021-1727,0.00043,0.07315
CVE-2021-1728,0.00157,0.52141
CVE-2021-1729,0.00043,0.07666
CVE-2021-1730,0.00152,0.51387
CVE-2021-1731,0.00083,0.34419
CVE-2021-1732,0.00436,0.72129
CVE-2021-1733,0.00043,0.07315
CVE-2021-1734,0.03420,0.90563
CVE-2021-1736,0.00069,0.28465
CVE-2021-1737,0.00107,0.43149
CVE-2021-1738,0.00081,0.33502
CVE-2021-1739,0.00045,0.12206
CVE-2021-1740,0.00045,0.12206
CVE-2021-1741,0.00109,0.43874
CVE-2021-1742,0.00098,0.40507
CVE-2021-1743,0.00118,0.45697
CVE-2021-1744,0.00109,0.43874
CVE-2021-1745,0.00107,0.43149
CVE-2021-1746,0.00107,0.43266
CVE-2021-1747,0.00109,0.43874
CVE-2021-1748,0.00367,0.69737
CVE-2021-1750,0.00083,0.34413
CVE-2021-1751,0.00042,0.05722
CVE-2021-1753,0.00107,0.43149
CVE-2021-1754,0.00098,0.40507
CVE-2021-1755,0.00058,0.22795
CVE-2021-1756,0.00058,0.22795
CVE-2021-1757,0.00042,0.05722
CVE-2021-1758,0.00324,0.67771
CVE-2021-1759,0.00114,0.44947
CVE-2021-1760,0.00079,0.32894
CVE-2021-1761,0.00532,0.74713
CVE-2021-1762,0.00080,0.33261
CVE-2021-1763,0.00137,0.49098
CVE-2021-1764,0.00729,0.78752
CVE-2021-1765,0.00122,0.46465
CVE-2021-1766,0.00064,0.26267
CVE-2021-1767,0.00081,0.33690
CVE-2021-1768,0.00107,0.43149
CVE-2021-1769,0.00045,0.12312
CVE-2021-1770,0.00253,0.63231
CVE-2021-1771,0.00055,0.20370
CVE-2021-1772,0.00091,0.38101
CVE-2021-1773,0.00062,0.24390
CVE-2021-1774,0.00098,0.40507
CVE-2021-1775,0.00192,0.57141
CVE-2021-1776,0.00109,0.43874
CVE-2021-1777,0.00098,0.40507
CVE-2021-1778,0.00071,0.29367
CVE-2021-1779,0.00064,0.26397
CVE-2021-1780,0.00044,0.10161
CVE-2021-1781,0.00065,0.27009
CVE-2021-1782,0.00097,0.40255
CVE-2021-1783,0.00098,0.40507
CVE-2021-1784,0.00091,0.38109
CVE-2021-1785,0.00109,0.43874
CVE-2021-1786,0.00042,0.05722
CVE-2021-1787,0.00042,0.05722
CVE-2021-1788,0.00723,0.78668
CVE-2021-1789,0.00821,0.80062
CVE-2021-1790,0.00069,0.28465
CVE-2021-1791,0.00072,0.29680
CVE-2021-1792,0.01592,0.86045
CVE-2021-1793,0.00098,0.40507
CVE-2021-1794,0.00571,0.75573
CVE-2021-1795,0.00571,0.75573
CVE-2021-1796,0.00571,0.75573
CVE-2021-1797,0.00042,0.05722
CVE-2021-1799,0.00302,0.66505
CVE-2021-1800,0.00066,0.27209
CVE-2021-1801,0.00230,0.61268
CVE-2021-1802,0.00042,0.05722
CVE-2021-1803,0.00052,0.18020
CVE-2021-1805,0.00118,0.45697
CVE-2021-1806,0.00145,0.50403
CVE-2021-1807,0.00042,0.05722
CVE-2021-1808,0.00252,0.63197
CVE-2021-1809,0.00252,0.63197
CVE-2021-1810,0.00072,0.29624
CVE-2021-1811,0.00230,0.61226
CVE-2021-1812,0.00061,0.23860
CVE-2021-1813,0.00086,0.35753
CVE-2021-1814,0.00100,0.40977
CVE-2021-1815,0.00045,0.12206
CVE-2021-1816,0.00105,0.42433
CVE-2021-1817,0.00277,0.64964
CVE-2021-1818,0.00763,0.79271
CVE-2021-1820,0.00117,0.45647
CVE-2021-1821,0.00114,0.44912
CVE-2021-1822,0.00042,0.05722
CVE-2021-1824,0.00044,0.10161
CVE-2021-1825,0.00275,0.64815
CVE-2021-1826,0.00121,0.46323
CVE-2021-1828,0.00067,0.27731
CVE-2021-1829,0.00261,0.63880
CVE-2021-1830,0.00042,0.05722
CVE-2021-1831,0.00057,0.21342
CVE-2021-1832,0.00061,0.24212
CVE-2021-1833,0.00062,0.24373
CVE-2021-1834,0.00428,0.71831
CVE-2021-1835,0.00061,0.23842
CVE-2021-1836,0.00042,0.05722
CVE-2021-1837,0.00054,0.20290
CVE-2021-1838,0.00082,0.33970
CVE-2021-1839,0.00042,0.05722
CVE-2021-1840,0.00042,0.05722
CVE-2021-1841,0.00076,0.31271
CVE-2021-1843,0.00099,0.40591
CVE-2021-1844,0.00218,0.59827
CVE-2021-1846,0.00067,0.27876
CVE-2021-1847,0.00086,0.35770
CVE-2021-1848,0.00042,0.05722
CVE-2021-1849,0.00111,0.44196
CVE-2021-1851,0.00291,0.65912
CVE-2021-1852,0.00042,0.05722
CVE-2021-1853,0.00042,0.05722
CVE-2021-1854,0.00065,0.26867
CVE-2021-1855,0.00092,0.38849
CVE-2021-1857,0.00330,0.68141
CVE-2021-1858,0.00093,0.39013
CVE-2021-1859,0.00103,0.41626
CVE-2021-1860,0.00199,0.57883
CVE-2021-1861,0.00092,0.38849
CVE-2021-1862,0.00048,0.14768
CVE-2021-1863,0.00050,0.16871
CVE-2021-1864,0.00315,0.67242
CVE-2021-1865,0.00042,0.05722
CVE-2021-1867,0.00306,0.66754
CVE-2021-1868,0.00042,0.05722
CVE-2021-1870,0.00980,0.81849
CVE-2021-1871,0.00867,0.80605
CVE-2021-1872,0.00080,0.33322
CVE-2021-1873,0.00136,0.48980
CVE-2021-1874,0.00152,0.51401
CVE-2021-1875,0.00106,0.42774
CVE-2021-1876,0.00315,0.67242
CVE-2021-1877,0.00042,0.05722
CVE-2021-1878,0.00173,0.54503
CVE-2021-1879,0.00228,0.61090
CVE-2021-1880,0.00076,0.31271
CVE-2021-1881,0.00103,0.41714
CVE-2021-1882,0.00370,0.69829
CVE-2021-1883,0.00075,0.30805
CVE-2021-1884,0.01293,0.84432
CVE-2021-1885,0.00082,0.34231
CVE-2021-1886,0.00044,0.10161
CVE-2021-1887,0.00089,0.37607
CVE-2021-1888,0.00047,0.13986
CVE-2021-1889,0.00044,0.10161
CVE-2021-1890,0.00044,0.10161
CVE-2021-1891,0.00044,0.10161
CVE-2021-1892,0.00044,0.10161
CVE-2021-1894,0.00044,0.10161
CVE-2021-1895,0.00044,0.10161
CVE-2021-1896,0.00050,0.16871
CVE-2021-1897,0.00050,0.16871
CVE-2021-1898,0.00050,0.16871
CVE-2021-1899,0.00050,0.16871
CVE-2021-1900,0.00044,0.10161
CVE-2021-1901,0.00050,0.16871
CVE-2021-1903,0.00079,0.33173
CVE-2021-1904,0.00063,0.24934
CVE-2021-1905,0.00078,0.32124
CVE-2021-1906,0.00200,0.57976
CVE-2021-1907,0.00089,0.37607
CVE-2021-1909,0.00044,0.10161
CVE-2021-1910,0.00188,0.56423
CVE-2021-1912,0.00044,0.10161
CVE-2021-1913,0.00062,0.24373
CVE-2021-1914,0.00089,0.37607
CVE-2021-1915,0.00044,0.10161
CVE-2021-1916,0.00171,0.54152
CVE-2021-1917,0.00062,0.24373
CVE-2021-1918,0.00044,0.10161
CVE-2021-1919,0.00171,0.54152
CVE-2021-1920,0.00171,0.54152
CVE-2021-1921,0.00044,0.10161
CVE-2021-1923,0.00044,0.10161
CVE-2021-1924,0.00044,0.10161
CVE-2021-1925,0.00103,0.41969
CVE-2021-1927,0.00044,0.10161
CVE-2021-1928,0.00061,0.23842
CVE-2021-1929,0.00044,0.10161
CVE-2021-1930,0.00044,0.10161
CVE-2021-1931,0.00044,0.10161
CVE-2021-1932,0.00062,0.24373
CVE-2021-1933,0.00171,0.54152
CVE-2021-1934,0.00044,0.10161
CVE-2021-1935,0.00044,0.10161
CVE-2021-1936,0.00088,0.36953
CVE-2021-1937,0.00091,0.38169
CVE-2021-1938,0.00089,0.37607
CVE-2021-1939,0.00044,0.10161
CVE-2021-1940,0.00044,0.10161
CVE-2021-1941,0.00089,0.37607
CVE-2021-1942,0.00044,0.10161
CVE-2021-1943,0.00086,0.35830
CVE-2021-1945,0.00089,0.37607
CVE-2021-1946,0.00171,0.54152
CVE-2021-1947,0.00044,0.10161
CVE-2021-1948,0.00086,0.35830
CVE-2021-1949,0.00062,0.24373
CVE-2021-1950,0.00044,0.10161
CVE-2021-1952,0.00044,0.10161
CVE-2021-1953,0.00089,0.37607
CVE-2021-1954,0.00086,0.35830
CVE-2021-1955,0.00089,0.37607
CVE-2021-1956,0.00050,0.16871
CVE-2021-1957,0.00050,0.16871
CVE-2021-1958,0.00044,0.10161
CVE-2021-1959,0.00044,0.10161
CVE-2021-1960,0.00050,0.16871
CVE-2021-1961,0.00044,0.10161
CVE-2021-1962,0.00044,0.10161
CVE-2021-1963,0.00044,0.10161
CVE-2021-1964,0.00086,0.35830
CVE-2021-1965,0.00192,0.56994
CVE-2021-1966,0.00044,0.10161
CVE-2021-1967,0.00044,0.10161
CVE-2021-1968,0.00044,0.10161
CVE-2021-1969,0.00044,0.10161
CVE-2021-1970,0.00127,0.47347
CVE-2021-1971,0.00089,0.37607
CVE-2021-1972,0.00192,0.56994
CVE-2021-1973,0.00044,0.10161
CVE-2021-1974,0.00089,0.37607
CVE-2021-1975,0.00189,0.56451
CVE-2021-1976,0.00171,0.54152
CVE-2021-1977,0.00168,0.53584
CVE-2021-1979,0.00044,0.10161
CVE-2021-1980,0.00168,0.53584
CVE-2021-1981,0.00168,0.53584
CVE-2021-1982,0.00089,0.37607
CVE-2021-1983,0.00044,0.10161
CVE-2021-1984,0.00044,0.10161
CVE-2021-1985,0.00044,0.10161
CVE-2021-1993,0.00054,0.20290
CVE-2021-1994,0.04636,0.91795
CVE-2021-1995,0.00069,0.28558
CVE-2021-1996,0.00068,0.27981
CVE-2021-1997,0.00089,0.37370
CVE-2021-1998,0.00173,0.54521
CVE-2021-1999,0.00045,0.12178
CVE-2021-2000,0.00054,0.20290
CVE-2021-20001,0.00175,0.54766
CVE-2021-2001,0.00187,0.56264
CVE-2021-20016,0.02260,0.88518
CVE-2021-20017,0.00314,0.67216
CVE-2021-20018,0.00054,0.20290
CVE-2021-20019,0.00281,0.65215
CVE-2021-2002,0.00187,0.56264
CVE-2021-20020,0.00508,0.74103
CVE-2021-20021,0.00890,0.80890
CVE-2021-20022,0.00330,0.68148
CVE-2021-20023,0.92560,0.98821
CVE-2021-20024,0.00061,0.23842
CVE-2021-20025,0.00044,0.10161
CVE-2021-20026,0.00156,0.51909
CVE-2021-20027,0.00181,0.55398
CVE-2021-20028,0.04593,0.91753
CVE-2021-2003,0.00054,0.20290
CVE-2021-20030,0.00148,0.50864
CVE-2021-20031,0.01202,0.83767
CVE-2021-20032,0.00495,0.73753
CVE-2021-20034,0.78714,0.98007
CVE-2021-20035,0.00205,0.58530
CVE-2021-20037,0.00044,0.10161
CVE-2021-20038,0.95333,0.99219
CVE-2021-20039,0.76404,0.97936
CVE-2021-2004,0.00048,0.14805
CVE-2021-20040,0.00208,0.58763
CVE-2021-20041,0.00305,0.66692
CVE-2021-20042,0.00341,0.68579
CVE-2021-20043,0.00188,0.56339
CVE-2021-20044,0.00179,0.55203
CVE-2021-20045,0.00368,0.69790
CVE-2021-20046,0.00264,0.64084
CVE-2021-20047,0.00091,0.38491
CVE-2021-20048,0.00264,0.64084
CVE-2021-20049,0.00214,0.59479
CVE-2021-2005,0.00083,0.34568
CVE-2021-20050,0.00150,0.51158
CVE-2021-20051,0.00077,0.31672
CVE-2021-2006,0.00426,0.71778
CVE-2021-20066,0.00143,0.50079
CVE-2021-20067,0.00084,0.34791
CVE-2021-20068,0.00054,0.20290
CVE-2021-20069,0.00054,0.20290
CVE-2021-2007,0.00171,0.54185
CVE-2021-20070,0.00054,0.20290
CVE-2021-20071,0.00054,0.20290
CVE-2021-20072,0.00128,0.47453
CVE-2021-20073,0.00073,0.30112
CVE-2021-20074,0.00239,0.62047
CVE-2021-20075,0.00044,0.10161
CVE-2021-20076,0.00245,0.62631
CVE-2021-20077,0.00044,0.10161
CVE-2021-20078,0.14202,0.95227
CVE-2021-20079,0.00044,0.10161
CVE-2021-2008,0.00083,0.34278
CVE-2021-20080,0.04453,0.91627
CVE-2021-20081,0.03156,0.90173
CVE-2021-20083,0.08867,0.94007
CVE-2021-20084,0.00104,0.42382
CVE-2021-20085,0.00104,0.42382
CVE-2021-20086,0.00104,0.42382
CVE-2021-20087,0.00104,0.42382
CVE-2021-20088,0.00104,0.42382
CVE-2021-20089,0.00104,0.42382
CVE-2021-2009,0.00187,0.56264
CVE-2021-20090,0.97203,0.99792
CVE-2021-20091,0.00928,0.81313
CVE-2021-20092,0.01122,0.83129
CVE-2021-20093,0.07331,0.93445
CVE-2021-20094,0.02088,0.87976
CVE-2021-20096,0.00105,0.42416
CVE-2021-20099,0.00042,0.05753
CVE-2021-2010,0.00383,0.70337
CVE-2021-20100,0.00042,0.05753
CVE-2021-20101,0.00073,0.30345
CVE-2021-20102,0.00075,0.30890
CVE-2021-20103,0.00073,0.30345
CVE-2021-20104,0.00302,0.66503
CVE-2021-20105,0.00073,0.30345
CVE-2021-20106,0.00044,0.10161
CVE-2021-20107,0.00051,0.17017
CVE-2021-20108,0.00342,0.68604
CVE-2021-20109,0.00246,0.62671
CVE-2021-2011,0.00273,0.64748
CVE-2021-20110,0.00357,0.69285
CVE-2021-20111,0.00058,0.22585
CVE-2021-20112,0.00058,0.22585
CVE-2021-20113,0.00095,0.39559
CVE-2021-20114,0.01918,0.87384
CVE-2021-20115,0.00078,0.32739
CVE-2021-20116,0.00078,0.32739
CVE-2021-20117,0.00042,0.05722
CVE-2021-20118,0.00042,0.05722
CVE-2021-20119,0.00048,0.14460
CVE-2021-2012,0.00187,0.56264
CVE-2021-20120,0.00106,0.42853
CVE-2021-20121,0.00048,0.14460
CVE-2021-20122,0.00430,0.71889
CVE-2021-20123,0.03354,0.90473
CVE-2021-20124,0.01331,0.84647
CVE-2021-20125,0.00264,0.64161
CVE-2021-20126,0.00106,0.42853
CVE-2021-20127,0.00079,0.32837
CVE-2021-20128,0.00058,0.22585
CVE-2021-20129,0.00237,0.61902
CVE-2021-2013,0.00084,0.34926
CVE-2021-20130,0.03721,0.90924
CVE-2021-20131,0.03721,0.90924
CVE-2021-20132,0.00214,0.59486
CVE-2021-20133,0.00140,0.49664
CVE-2021-20134,0.00069,0.28594
CVE-2021-20135,0.00042,0.05722
CVE-2021-20136,0.00377,0.70077
CVE-2021-20137,0.24456,0.96222
CVE-2021-20138,0.00098,0.40329
CVE-2021-20139,0.00098,0.40329
CVE-2021-2014,0.00083,0.34609
CVE-2021-20140,0.00098,0.40329
CVE-2021-20141,0.00098,0.40329
CVE-2021-20142,0.00098,0.40329
CVE-2021-20143,0.00098,0.40329
CVE-2021-20144,0.00098,0.40329
CVE-2021-20145,0.00205,0.58568
CVE-2021-20146,0.00201,0.58090
CVE-2021-20147,0.00434,0.72017
CVE-2021-20148,0.00111,0.44164
CVE-2021-20149,0.00238,0.61983
CVE-2021-2015,0.00192,0.56973
CVE-2021-20150,0.19434,0.95870
CVE-2021-20151,0.00201,0.58090
CVE-2021-20152,0.00072,0.29847
CVE-2021-20153,0.00132,0.48252
CVE-2021-20154,0.00150,0.51158
CVE-2021-20155,0.00334,0.68305
CVE-2021-20156,0.00054,0.20290
CVE-2021-20157,0.00086,0.35887
CVE-2021-20158,0.01211,0.83838
CVE-2021-20159,0.00277,0.64976
CVE-2021-2016,0.00187,0.56264
CVE-2021-20160,0.00277,0.64976
CVE-2021-20161,0.00062,0.24373
CVE-2021-20162,0.00065,0.26756
CVE-2021-20163,0.00065,0.26756
CVE-2021-20164,0.00065,0.26756
CVE-2021-20165,0.00106,0.42853
CVE-2021-20166,0.00503,0.74005
CVE-2021-20167,0.94785,0.99113
CVE-2021-20168,0.00055,0.20327
CVE-2021-20169,0.00062,0.24373
CVE-2021-2017,0.00054,0.20290
CVE-2021-20170,0.00104,0.42231
CVE-2021-20171,0.00044,0.10161
CVE-2021-20172,0.00042,0.05722
CVE-2021-20173,0.00277,0.64976
CVE-2021-20174,0.00150,0.51158
CVE-2021-20175,0.00150,0.51158
CVE-2021-20176,0.00072,0.29862
CVE-2021-20177,0.00044,0.10161
CVE-2021-20178,0.00048,0.14349
CVE-2021-20179,0.00147,0.50646
CVE-2021-2018,0.00258,0.63614
CVE-2021-20180,0.00044,0.10161
CVE-2021-20181,0.00048,0.14641
CVE-2021-20182,0.00087,0.36023
CVE-2021-20183,0.00078,0.32606
CVE-2021-20184,0.00054,0.20290
CVE-2021-20185,0.00092,0.38838
CVE-2021-20186,0.00054,0.20290
CVE-2021-20187,0.00090,0.38030
CVE-2021-20188,0.00044,0.10161
CVE-2021-2019,0.00128,0.47445
CVE-2021-20190,0.00431,0.71924
CVE-2021-20191,0.00045,0.12178
CVE-2021-20193,0.00076,0.31199
CVE-2021-20194,0.00042,0.05722
CVE-2021-20195,0.00168,0.53804
CVE-2021-20196,0.00056,0.21156
CVE-2021-20197,0.00045,0.12069
CVE-2021-20198,0.00156,0.52016
CVE-2021-20199,0.00157,0.52162
CVE-2021-2020,0.00459,0.72757
CVE-2021-20201,0.00475,0.73189
CVE-2021-20202,0.00044,0.10161
CVE-2021-20203,0.00055,0.20320
CVE-2021-20204,0.01137,0.83250
CVE-2021-20205,0.00126,0.47178
CVE-2021-20206,0.00119,0.45886
CVE-2021-20208,0.00090,0.37697
CVE-2021-20209,0.00197,0.57646
CVE-2021-2021,0.00187,0.56264
CVE-2021-20210,0.00176,0.54830
CVE-2021-20211,0.00176,0.54830
CVE-2021-20212,0.00176,0.54830
CVE-2021-20213,0.00163,0.53013
CVE-2021-20214,0.00163,0.53013
CVE-2021-20215,0.00163,0.53013
CVE-2021-20216,0.00225,0.60839
CVE-2021-20217,0.00105,0.42589
CVE-2021-20218,0.00096,0.40049
CVE-2021-20219,0.00060,0.23520
CVE-2021-2022,0.00173,0.54570
CVE-2021-20220,0.00090,0.37972
CVE-2021-20221,0.00045,0.11966
CVE-2021-20222,0.00167,0.53460
CVE-2021-20224,0.00052,0.17712
CVE-2021-20225,0.00042,0.05722
CVE-2021-20226,0.00265,0.64188
CVE-2021-20227,0.00065,0.27123
CVE-2021-20228,0.00226,0.60917
CVE-2021-20229,0.00063,0.25033
CVE-2021-2023,0.00083,0.34568
CVE-2021-20230,0.00116,0.45458
CVE-2021-20231,0.01094,0.82890
CVE-2021-20232,0.00668,0.77669
CVE-2021-20233,0.00042,0.05722
CVE-2021-20234,0.00098,0.40385
CVE-2021-20235,0.00269,0.64482
CVE-2021-20236,0.00328,0.67980
CVE-2021-20237,0.00167,0.53414
CVE-2021-20238,0.00072,0.29847
CVE-2021-20239,0.00044,0.10161
CVE-2021-2024,0.00098,0.40368
CVE-2021-20240,0.00237,0.61897
CVE-2021-20241,0.00073,0.30292
CVE-2021-20243,0.00073,0.30292
CVE-2021-20244,0.00073,0.30292
CVE-2021-20245,0.00073,0.30292
CVE-2021-20246,0.00072,0.29862
CVE-2021-20247,0.00411,0.71317
CVE-2021-2025,0.00192,0.56973
CVE-2021-20250,0.00054,0.20290
CVE-2021-20251,0.00077,0.31989
CVE-2021-20252,0.00090,0.37700
CVE-2021-20253,0.00044,0.10161
CVE-2021-20254,0.00423,0.71720
CVE-2021-20255,0.00050,0.15960
CVE-2021-20256,0.00042,0.05722
CVE-2021-20257,0.00045,0.11966
CVE-2021-20259,0.00042,0.05722
CVE-2021-2026,0.00192,0.56973
CVE-2021-20260,0.00042,0.05722
CVE-2021-20261,0.00044,0.10161
CVE-2021-20262,0.00070,0.29068
CVE-2021-20263,0.00045,0.12069
CVE-2021-20264,0.00045,0.12178
CVE-2021-20265,0.00043,0.07608
CVE-2021-20266,0.00173,0.54539
CVE-2021-20267,0.00102,0.41442
CVE-2021-20268,0.00042,0.05722
CVE-2021-20269,0.00044,0.10161
CVE-2021-2027,0.00192,0.56973
CVE-2021-20270,0.00282,0.65296
CVE-2021-20271,0.00229,0.61122
CVE-2021-20272,0.00579,0.75772
CVE-2021-20273,0.00223,0.60655
CVE-2021-20274,0.00176,0.54830
CVE-2021-20275,0.00166,0.53344
CVE-2021-20276,0.00149,0.50998
CVE-2021-20277,0.00457,0.72718
CVE-2021-20278,0.00102,0.41571
CVE-2021-20279,0.00081,0.33777
CVE-2021-2028,0.00083,0.34609
CVE-2021-20280,0.00276,0.64925
CVE-2021-20281,0.00123,0.46548
CVE-2021-20282,0.00123,0.46548
CVE-2021-20283,0.00077,0.31675
CVE-2021-20284,0.00114,0.44875
CVE-2021-20285,0.00073,0.30322
CVE-2021-20286,0.00076,0.31394
CVE-2021-20288,0.00239,0.62067
CVE-2021-20289,0.00070,0.28908
CVE-2021-2029,0.00406,0.71175
CVE-2021-20290,0.00042,0.05722
CVE-2021-20291,0.00524,0.74513
CVE-2021-20292,0.00044,0.10161
CVE-2021-20293,0.00079,0.33048
CVE-2021-20294,0.00243,0.62364
CVE-2021-20295,0.00047,0.13943
CVE-2021-20296,0.00133,0.48328
CVE-2021-20297,0.00044,0.10161
CVE-2021-20298,0.00199,0.57800
CVE-2021-20299,0.00114,0.44807
CVE-2021-2030,0.00083,0.34609
CVE-2021-20300,0.00064,0.26489
CVE-2021-20302,0.00058,0.21967
CVE-2021-20303,0.00064,0.26489
CVE-2021-20304,0.00180,0.55304
CVE-2021-20305,0.00962,0.81665
CVE-2021-20306,0.00054,0.20290
CVE-2021-20307,0.01075,0.82735
CVE-2021-20308,0.00680,0.77923
CVE-2021-20309,0.00132,0.48294
CVE-2021-2031,0.00083,0.34609
CVE-2021-20310,0.00087,0.35949
CVE-2021-20311,0.00087,0.35949
CVE-2021-20312,0.00093,0.39120
CVE-2021-20313,0.00274,0.64789
CVE-2021-20314,0.00259,0.63745
CVE-2021-20315,0.00051,0.17428
CVE-2021-20316,0.00179,0.55165
CVE-2021-20317,0.00042,0.05722
CVE-2021-20318,0.00210,0.59017
CVE-2021-20319,0.00076,0.31339
CVE-2021-2032,0.00059,0.22841
CVE-2021-20320,0.00042,0.05722
CVE-2021-20321,0.00042,0.05722
CVE-2021-20322,0.00272,0.64679
CVE-2021-20323,0.00173,0.54495
CVE-2021-20325,0.00168,0.53807
CVE-2021-20326,0.00090,0.37700
CVE-2021-20327,0.00046,0.13806
CVE-2021-20328,0.00046,0.13806
CVE-2021-20329,0.00054,0.20290
CVE-2021-2033,0.00069,0.28554
CVE-2021-20330,0.00090,0.37700
CVE-2021-20331,0.00065,0.26756
CVE-2021-20332,0.00044,0.10161
CVE-2021-20333,0.00077,0.31772
CVE-2021-20334,0.00044,0.10161
CVE-2021-20335,0.00044,0.10161
CVE-2021-20336,0.00050,0.16691
CVE-2021-20337,0.00106,0.42794
CVE-2021-20338,0.00050,0.16691
CVE-2021-2034,0.00192,0.56973
CVE-2021-20340,0.00050,0.16691
CVE-2021-20341,0.00064,0.26231
CVE-2021-20343,0.00050,0.16691
CVE-2021-20345,0.00050,0.16691
CVE-2021-20346,0.00050,0.16691
CVE-2021-20347,0.00050,0.16691
CVE-2021-20348,0.00050,0.16691
CVE-2021-20349,0.00042,0.05722
CVE-2021-2035,0.00396,0.70830
CVE-2021-20350,0.00050,0.16691
CVE-2021-20351,0.00050,0.16691
CVE-2021-20352,0.00050,0.16691
CVE-2021-20353,0.00729,0.78766
CVE-2021-20354,0.00234,0.61532
CVE-2021-20355,0.00099,0.40577
CVE-2021-20357,0.00050,0.16691
CVE-2021-20358,0.00057,0.21364
CVE-2021-20359,0.00057,0.21364
CVE-2021-2036,0.00083,0.34609
CVE-2021-20360,0.00106,0.42794
CVE-2021-20361,0.00050,0.16691
CVE-2021-20362,0.00050,0.16691
CVE-2021-20363,0.00050,0.16691
CVE-2021-20364,0.00050,0.16691
CVE-2021-20365,0.00050,0.16691
CVE-2021-20366,0.00050,0.16691
CVE-2021-20368,0.00050,0.16691
CVE-2021-20369,0.00106,0.42794
CVE-2021-20371,0.00144,0.50203
CVE-2021-20372,0.00109,0.43898
CVE-2021-20373,0.00117,0.45638
CVE-2021-20374,0.00050,0.16691
CVE-2021-20375,0.00050,0.16691
CVE-2021-20376,0.00050,0.16691
CVE-2021-20377,0.00076,0.31371
CVE-2021-20378,0.00093,0.39184
CVE-2021-20379,0.00077,0.32071
CVE-2021-2038,0.00077,0.32027
CVE-2021-20380,0.00223,0.60699
CVE-2021-20385,0.00142,0.49952
CVE-2021-20386,0.00064,0.26231
CVE-2021-20389,0.00042,0.05722
CVE-2021-2039,0.00067,0.27814
CVE-2021-20391,0.00044,0.10161
CVE-2021-20392,0.00068,0.28038
CVE-2021-20393,0.00223,0.60699
CVE-2021-20396,0.00044,0.10161
CVE-2021-20397,0.00068,0.28038
CVE-2021-20399,0.00155,0.51860
CVE-2021-2040,0.00083,0.34568
CVE-2021-20400,0.00106,0.42794
CVE-2021-20401,0.00044,0.10161
CVE-2021-20402,0.00076,0.31371
CVE-2021-20403,0.00068,0.28329
CVE-2021-20404,0.00079,0.33084
CVE-2021-20405,0.00064,0.26231
CVE-2021-20406,0.00057,0.21364
CVE-2021-20407,0.00107,0.43309
CVE-2021-20408,0.00042,0.05722
CVE-2021-20409,0.00203,0.58354
CVE-2021-2041,0.00286,0.65608
CVE-2021-20410,0.00057,0.21364
CVE-2021-20411,0.00051,0.17141
CVE-2021-20412,0.00079,0.32888
CVE-2021-20413,0.00071,0.29435
CVE-2021-20414,0.00053,0.18905
CVE-2021-20415,0.00161,0.52758
CVE-2021-20416,0.00092,0.38927
CVE-2021-20417,0.00071,0.29435
CVE-2021-20418,0.00148,0.50862
CVE-2021-20419,0.00107,0.43309
CVE-2021-2042,0.00048,0.14327
CVE-2021-20420,0.00050,0.16691
CVE-2021-20421,0.00050,0.16691
CVE-2021-20422,0.00106,0.42794
CVE-2021-20423,0.00093,0.39184
CVE-2021-20424,0.00076,0.31371
CVE-2021-20426,0.00118,0.45738
CVE-2021-20427,0.00220,0.59995
CVE-2021-20428,0.00100,0.40972
CVE-2021-20429,0.00064,0.26231
CVE-2021-2043,0.00083,0.34568
CVE-2021-20430,0.00099,0.40577
CVE-2021-20431,0.00151,0.51323
CVE-2021-20432,0.00064,0.26231
CVE-2021-20433,0.00057,0.21364
CVE-2021-20434,0.00042,0.05722
CVE-2021-20435,0.00042,0.05722
CVE-2021-20439,0.00106,0.42794
CVE-2021-2044,0.00089,0.37370
CVE-2021-20440,0.00050,0.16691
CVE-2021-20441,0.00107,0.43309
CVE-2021-20442,0.00079,0.32888
CVE-2021-20443,0.00093,0.39184
CVE-2021-20444,0.00068,0.28038
CVE-2021-20445,0.00057,0.21449
CVE-2021-20446,0.00050,0.16691
CVE-2021-20447,0.00050,0.16691
CVE-2021-20448,0.00050,0.16691
CVE-2021-2045,0.00053,0.18590
CVE-2021-20453,0.00154,0.51679
CVE-2021-20454,0.00212,0.59089
CVE-2021-2046,0.00083,0.34609
CVE-2021-20461,0.00054,0.20291
CVE-2021-20464,0.00114,0.44890
CVE-2021-20468,0.00074,0.30707
CVE-2021-2047,0.04636,0.91795
CVE-2021-20470,0.00113,0.44654
CVE-2021-20473,0.00050,0.16691
CVE-2021-20474,0.00059,0.22836
CVE-2021-20477,0.00050,0.16691
CVE-2021-20478,0.00042,0.05722
CVE-2021-20479,0.00106,0.42794
CVE-2021-2048,0.00077,0.32027
CVE-2021-20480,0.00119,0.45979
CVE-2021-20481,0.00063,0.24969
CVE-2021-20482,0.00116,0.45281
CVE-2021-20483,0.00119,0.45979
CVE-2021-20484,0.00050,0.16691
CVE-2021-20485,0.00076,0.31371
CVE-2021-20486,0.00081,0.33695
CVE-2021-20487,0.00093,0.39184
CVE-2021-20488,0.00050,0.16691
CVE-2021-20489,0.00067,0.27737
CVE-2021-2049,0.00084,0.34926
CVE-2021-20490,0.00042,0.05722
CVE-2021-20491,0.00047,0.13986
CVE-2021-20492,0.00154,0.51679
CVE-2021-20493,0.00067,0.27858
CVE-2021-20494,0.00071,0.29175
CVE-2021-20496,0.00050,0.16691
CVE-2021-20497,0.00106,0.42794
CVE-2021-20498,0.00063,0.24969
CVE-2021-20499,0.00076,0.31371
CVE-2021-2050,0.00084,0.34926
CVE-2021-20500,0.00042,0.05722
CVE-2021-20501,0.00128,0.47391
CVE-2021-20502,0.00116,0.45281
CVE-2021-20503,0.00050,0.16691
CVE-2021-20504,0.00050,0.16691
CVE-2021-20505,0.00043,0.07494
CVE-2021-20506,0.00050,0.16691
CVE-2021-20507,0.00050,0.16691
CVE-2021-20508,0.00076,0.31371
CVE-2021-20509,0.00145,0.50319
CVE-2021-2051,0.00084,0.34926
CVE-2021-20510,0.00042,0.05722
CVE-2021-20511,0.00154,0.51707
CVE-2021-20515,0.00042,0.05722
CVE-2021-20517,0.00206,0.58599
CVE-2021-20518,0.00050,0.16691
CVE-2021-20519,0.00050,0.16691
CVE-2021-2052,0.00089,0.37649
CVE-2021-20520,0.00050,0.16691
CVE-2021-20523,0.00076,0.31371
CVE-2021-20524,0.00050,0.16691
CVE-2021-20526,0.00099,0.40577
CVE-2021-20527,0.00083,0.34347
CVE-2021-20528,0.00050,0.16691
CVE-2021-20529,0.00064,0.26231
CVE-2021-2053,0.00140,0.49545
CVE-2021-20532,0.00042,0.05722
CVE-2021-20533,0.00142,0.49952
CVE-2021-20534,0.00073,0.30427
CVE-2021-20535,0.00050,0.16691
CVE-2021-20536,0.00049,0.15017
CVE-2021-20537,0.00053,0.18905
CVE-2021-20538,0.00153,0.51539
CVE-2021-20539,0.00063,0.24969
CVE-2021-2054,0.02604,0.89264
CVE-2021-20540,0.00063,0.24969
CVE-2021-20541,0.00063,0.24969
CVE-2021-20543,0.00066,0.27156
CVE-2021-20544,0.00050,0.16691
CVE-2021-20546,0.00042,0.05722
CVE-2021-20549,0.00050,0.16691
CVE-2021-2055,0.00083,0.34609
CVE-2021-20550,0.00050,0.16691
CVE-2021-20551,0.00044,0.10161
CVE-2021-20552,0.00076,0.31371
CVE-2021-20554,0.00063,0.24969
CVE-2021-20557,0.00165,0.53218
CVE-2021-20559,0.00050,0.16691
CVE-2021-2056,0.00077,0.32027
CVE-2021-20560,0.00066,0.27156
CVE-2021-20561,0.00063,0.24969
CVE-2021-20562,0.00192,0.56861
CVE-2021-20563,0.00050,0.16691
CVE-2021-20564,0.00173,0.54556
CVE-2021-20565,0.00060,0.23298
CVE-2021-20566,0.00107,0.43309
CVE-2021-20567,0.00042,0.05722
CVE-2021-20569,0.00063,0.24969
CVE-2021-2057,0.00053,0.18590
CVE-2021-20571,0.00050,0.16691
CVE-2021-20572,0.00153,0.51531
CVE-2021-20573,0.00153,0.51531
CVE-2021-20574,0.00154,0.51664
CVE-2021-20575,0.00044,0.10161
CVE-2021-20576,0.00099,0.40676
CVE-2021-20577,0.00068,0.28038
CVE-2021-20578,0.00160,0.52616
CVE-2021-20579,0.00073,0.30233
CVE-2021-2058,0.00083,0.34609
CVE-2021-20580,0.00052,0.17570
CVE-2021-20581,0.00044,0.10565
CVE-2021-20582,0.00063,0.24969
CVE-2021-20583,0.00056,0.20995
CVE-2021-20584,0.00107,0.43220
CVE-2021-20585,0.00053,0.19112
CVE-2021-20586,0.00244,0.62391
CVE-2021-20587,0.00686,0.78022
CVE-2021-20588,0.00492,0.73674
CVE-2021-20589,0.00245,0.62558
CVE-2021-2059,0.00089,0.37649
CVE-2021-20590,0.00234,0.61527
CVE-2021-20591,0.00204,0.58375
CVE-2021-20592,0.00211,0.59069
CVE-2021-20593,0.00090,0.37751
CVE-2021-20594,0.00251,0.63140
CVE-2021-20595,0.00200,0.57979
CVE-2021-20596,0.00254,0.63431
CVE-2021-20597,0.00319,0.67521
CVE-2021-20598,0.00160,0.52675
CVE-2021-20599,0.00259,0.63701
CVE-2021-2060,0.00083,0.34609
CVE-2021-20600,0.00234,0.61584
CVE-2021-20601,0.00145,0.50416
CVE-2021-20606,0.00060,0.23547
CVE-2021-20607,0.00060,0.23547
CVE-2021-20608,0.00131,0.48011
CVE-2021-20609,0.00220,0.60176
CVE-2021-2061,0.00077,0.32027
CVE-2021-20610,0.00220,0.60176
CVE-2021-20611,0.00210,0.59004
CVE-2021-20612,0.00171,0.54178
CVE-2021-20613,0.00216,0.59617
CVE-2021-20616,0.00070,0.28841
CVE-2021-20617,0.00818,0.80032
CVE-2021-20618,0.00665,0.77595
CVE-2021-20619,0.00132,0.48255
CVE-2021-2062,0.00067,0.27814
CVE-2021-20620,0.00132,0.48255
CVE-2021-20621,0.00246,0.62695
CVE-2021-20622,0.00132,0.48255
CVE-2021-20623,0.01022,0.82229
CVE-2021-20624,0.00054,0.20290
CVE-2021-20625,0.00054,0.20290
CVE-2021-20626,0.00054,0.20290
CVE-2021-20627,0.00121,0.46262
CVE-2021-20628,0.00121,0.46262
CVE-2021-20629,0.00121,0.46262
CVE-2021-2063,0.00082,0.33974
CVE-2021-20630,0.00054,0.20290
CVE-2021-20631,0.00054,0.20290
CVE-2021-20632,0.00054,0.20290
CVE-2021-20633,0.00054,0.20290
CVE-2021-20634,0.00054,0.20290
CVE-2021-20635,0.00074,0.30666
CVE-2021-20636,0.00075,0.30865
CVE-2021-20637,0.00184,0.55748
CVE-2021-20638,0.00044,0.10504
CVE-2021-20639,0.00044,0.10504
CVE-2021-2064,0.04636,0.91795
CVE-2021-20640,0.00063,0.24934
CVE-2021-20641,0.00075,0.30865
CVE-2021-20642,0.00184,0.55748
CVE-2021-20643,0.00176,0.54809
CVE-2021-20644,0.00084,0.35108
CVE-2021-20645,0.00066,0.27429
CVE-2021-20646,0.00075,0.30865
CVE-2021-20647,0.00075,0.30865
CVE-2021-20648,0.00044,0.10504
CVE-2021-20649,0.00065,0.27048
CVE-2021-2065,0.00083,0.34609
CVE-2021-20650,0.00075,0.30865
CVE-2021-20651,0.00271,0.64580
CVE-2021-20652,0.00086,0.35717
CVE-2021-20653,0.00114,0.44978
CVE-2021-20654,0.00053,0.18833
CVE-2021-20655,0.00903,0.81037
CVE-2021-20656,0.00068,0.28093
CVE-2021-20657,0.00068,0.28093
CVE-2021-20658,0.00377,0.70063
CVE-2021-20659,0.00446,0.72389
CVE-2021-2066,0.00083,0.34278
CVE-2021-20660,0.00101,0.41183
CVE-2021-20661,0.00122,0.46397
CVE-2021-20662,0.00108,0.43474
CVE-2021-20663,0.00121,0.46262
CVE-2021-20664,0.00121,0.46262
CVE-2021-20665,0.00121,0.46262
CVE-2021-20667,0.00066,0.27429
CVE-2021-20668,0.00089,0.37467
CVE-2021-20669,0.00103,0.41620
CVE-2021-2067,0.00083,0.34278
CVE-2021-20670,0.00299,0.66372
CVE-2021-20671,0.00430,0.71894
CVE-2021-20672,0.00121,0.46262
CVE-2021-20673,0.00066,0.27429
CVE-2021-20674,0.00081,0.33502
CVE-2021-20675,0.00142,0.49886
CVE-2021-20676,0.00082,0.34183
CVE-2021-20677,0.00109,0.43860
CVE-2021-20678,0.00196,0.57540
CVE-2021-20679,0.00173,0.54551
CVE-2021-2068,0.00083,0.34278
CVE-2021-20680,0.00121,0.46262
CVE-2021-20681,0.00066,0.27429
CVE-2021-20682,0.00371,0.69881
CVE-2021-20683,0.00066,0.27429
CVE-2021-20684,0.00112,0.44449
CVE-2021-20685,0.00112,0.44449
CVE-2021-20686,0.00112,0.44449
CVE-2021-20687,0.00088,0.36864
CVE-2021-20688,0.00112,0.44449
CVE-2021-20689,0.00112,0.44449
CVE-2021-2069,0.00083,0.34278
CVE-2021-20690,0.00112,0.44449
CVE-2021-20691,0.00112,0.44449
CVE-2021-20692,0.00059,0.22799
CVE-2021-20693,0.00144,0.50281
CVE-2021-20694,0.00224,0.60784
CVE-2021-20695,0.00264,0.64108
CVE-2021-20696,0.00578,0.75736
CVE-2021-20697,0.00535,0.74788
CVE-2021-20698,0.00201,0.58020
CVE-2021-20699,0.00201,0.58006
CVE-2021-2070,0.00083,0.34609
CVE-2021-20700,0.00487,0.73557
CVE-2021-20701,0.00487,0.73557
CVE-2021-20702,0.00487,0.73557
CVE-2021-20703,0.00487,0.73557
CVE-2021-20704,0.00487,0.73557
CVE-2021-20705,0.00151,0.51305
CVE-2021-20706,0.00151,0.51305
CVE-2021-20707,0.00150,0.51158
CVE-2021-20708,0.00118,0.45802
CVE-2021-20709,0.00104,0.42231
CVE-2021-2071,0.00286,0.65608
CVE-2021-20710,0.00089,0.37665
CVE-2021-20711,0.00246,0.62647
CVE-2021-20712,0.00090,0.37972
CVE-2021-20713,0.00044,0.10161
CVE-2021-20714,0.00294,0.66076
CVE-2021-20715,0.00104,0.41995
CVE-2021-20716,0.00969,0.81735
CVE-2021-20717,0.00444,0.72332
CVE-2021-20718,0.00797,0.79804
CVE-2021-20719,0.00044,0.10504
CVE-2021-2072,0.00083,0.34609
CVE-2021-20720,0.00131,0.48065
CVE-2021-20721,0.00607,0.76361
CVE-2021-20722,0.00079,0.32786
CVE-2021-20723,0.00084,0.34928
CVE-2021-20724,0.00084,0.34928
CVE-2021-20725,0.00084,0.34928
CVE-2021-20726,0.00079,0.32786
CVE-2021-20727,0.00076,0.31169
CVE-2021-20728,0.00142,0.49927
CVE-2021-20729,0.00163,0.52951
CVE-2021-2073,0.00045,0.12178
CVE-2021-20730,0.00055,0.20602
CVE-2021-20731,0.00061,0.23877
CVE-2021-20732,0.00080,0.33216
CVE-2021-20733,0.00094,0.39273
CVE-2021-20734,0.00114,0.44780
CVE-2021-20735,0.00163,0.52934
CVE-2021-20736,0.00130,0.47789
CVE-2021-20737,0.00163,0.52947
CVE-2021-20738,0.00064,0.26289
CVE-2021-20739,0.00067,0.27767
CVE-2021-2074,0.00045,0.12178
CVE-2021-20740,0.00724,0.78670
CVE-2021-20741,0.00114,0.44780
CVE-2021-20742,0.00114,0.44780
CVE-2021-20743,0.00114,0.44780
CVE-2021-20744,0.00114,0.44780
CVE-2021-20745,0.00081,0.33542
CVE-2021-20746,0.00089,0.37387
CVE-2021-20747,0.00075,0.31036
CVE-2021-20748,0.00131,0.47934
CVE-2021-20749,0.00072,0.29605
CVE-2021-2075,0.04636,0.91795
CVE-2021-20750,0.00168,0.53578
CVE-2021-20751,0.00114,0.44780
CVE-2021-20752,0.00104,0.42018
CVE-2021-20753,0.00066,0.27429
CVE-2021-20754,0.00082,0.34183
CVE-2021-20755,0.00082,0.34183
CVE-2021-20756,0.00082,0.34183
CVE-2021-20757,0.00082,0.34183
CVE-2021-20758,0.00076,0.31289
CVE-2021-20759,0.00082,0.34183
CVE-2021-2076,0.00083,0.34609
CVE-2021-20760,0.00082,0.34183
CVE-2021-20761,0.00082,0.34183
CVE-2021-20762,0.00082,0.34183
CVE-2021-20763,0.00082,0.34183
CVE-2021-20764,0.00140,0.49512
CVE-2021-20765,0.00112,0.44364
CVE-2021-20766,0.00112,0.44364
CVE-2021-20767,0.00066,0.27429
CVE-2021-20768,0.00082,0.34183
CVE-2021-20769,0.00066,0.27429
CVE-2021-2077,0.00192,0.56973
CVE-2021-20770,0.00066,0.27429
CVE-2021-20771,0.00112,0.44364
CVE-2021-20772,0.00082,0.34183
CVE-2021-20773,0.00082,0.34183
CVE-2021-20774,0.00066,0.27429
CVE-2021-20775,0.00082,0.34183
CVE-2021-20776,0.00197,0.57609
CVE-2021-20777,0.00096,0.39802
CVE-2021-20778,0.00259,0.63772
CVE-2021-20779,0.00227,0.61016
CVE-2021-2078,0.00192,0.56973
CVE-2021-20780,0.00227,0.61016
CVE-2021-20781,0.00143,0.50130
CVE-2021-20782,0.00227,0.61016
CVE-2021-20783,0.00091,0.38101
CVE-2021-20784,0.00158,0.52349
CVE-2021-20785,0.00066,0.27429
CVE-2021-20786,0.00074,0.30478
CVE-2021-20787,0.00066,0.27429
CVE-2021-20788,0.00082,0.34183
CVE-2021-20789,0.00120,0.46138
CVE-2021-2079,0.00192,0.56973
CVE-2021-20790,0.00306,0.66754
CVE-2021-20791,0.00148,0.50904
CVE-2021-20792,0.00200,0.57978
CVE-2021-20793,0.00117,0.45616
CVE-2021-20795,0.00089,0.37267
CVE-2021-20796,0.00104,0.42390
CVE-2021-20797,0.00066,0.27429
CVE-2021-20798,0.00066,0.27429
CVE-2021-20799,0.00066,0.27429
CVE-2021-2080,0.00192,0.56973
CVE-2021-20800,0.00066,0.27429
CVE-2021-20801,0.00135,0.48751
CVE-2021-20802,0.00134,0.48589
CVE-2021-20803,0.00109,0.43898
CVE-2021-20804,0.00142,0.49886
CVE-2021-20805,0.00066,0.27429
CVE-2021-20806,0.00120,0.46138
CVE-2021-20807,0.00112,0.44364
CVE-2021-20808,0.00112,0.44364
CVE-2021-20809,0.00112,0.44364
CVE-2021-2081,0.00083,0.34609
CVE-2021-20810,0.00112,0.44364
CVE-2021-20811,0.00112,0.44364
CVE-2021-20812,0.00112,0.44364
CVE-2021-20813,0.00112,0.44364
CVE-2021-20814,0.00112,0.44364
CVE-2021-20815,0.00112,0.44364
CVE-2021-2082,0.00192,0.56973
CVE-2021-20825,0.00112,0.44364
CVE-2021-20826,0.00067,0.27679
CVE-2021-20827,0.00158,0.52341
CVE-2021-20828,0.00083,0.34302
CVE-2021-20829,0.00112,0.44364
CVE-2021-2083,0.00192,0.56973
CVE-2021-20831,0.00136,0.49018
CVE-2021-20832,0.00078,0.32206
CVE-2021-20833,0.00081,0.33738
CVE-2021-20834,0.00117,0.45621
CVE-2021-20835,0.00238,0.61976
CVE-2021-20836,0.00044,0.10161
CVE-2021-20837,0.97023,0.99701
CVE-2021-20838,0.00241,0.62155
CVE-2021-20839,0.00204,0.58430
CVE-2021-2084,0.00192,0.56973
CVE-2021-20840,0.00142,0.49982
CVE-2021-20841,0.00092,0.38802
CVE-2021-20842,0.00109,0.43771
CVE-2021-20843,0.00121,0.46349
CVE-2021-20844,0.00134,0.48515
CVE-2021-20845,0.00138,0.49357
CVE-2021-20846,0.00219,0.59944
CVE-2021-20847,0.00083,0.34302
CVE-2021-20848,0.00083,0.34302
CVE-2021-2085,0.00192,0.56973
CVE-2021-20850,0.00421,0.71630
CVE-2021-20851,0.00121,0.46359
CVE-2021-20852,0.00044,0.10161
CVE-2021-20853,0.00044,0.10504
CVE-2021-20854,0.00044,0.10504
CVE-2021-20855,0.00066,0.27429
CVE-2021-20856,0.00066,0.27429
CVE-2021-20857,0.00066,0.27429
CVE-2021-20858,0.00066,0.27429
CVE-2021-20859,0.00044,0.10504
CVE-2021-2086,0.00045,0.12178
CVE-2021-20860,0.00086,0.35722
CVE-2021-20861,0.00068,0.28059
CVE-2021-20862,0.00055,0.20313
CVE-2021-20863,0.00044,0.10504
CVE-2021-20864,0.00068,0.28059
CVE-2021-20865,0.00114,0.44988
CVE-2021-20866,0.00104,0.41983
CVE-2021-20867,0.00068,0.28093
CVE-2021-20868,0.00054,0.19248
CVE-2021-20869,0.00084,0.34948
CVE-2021-2087,0.00045,0.12178
CVE-2021-20870,0.00102,0.41371
CVE-2021-20871,0.00102,0.41371
CVE-2021-20872,0.00102,0.41525
CVE-2021-20873,0.00192,0.56986
CVE-2021-20874,0.00226,0.60912
CVE-2021-20875,0.00120,0.46138
CVE-2021-20876,0.00097,0.40190
CVE-2021-20877,0.00211,0.59043
CVE-2021-2088,0.00045,0.12178
CVE-2021-2089,0.00192,0.56973
CVE-2021-2090,0.00192,0.56973
CVE-2021-2091,0.00192,0.56973
CVE-2021-2092,0.00192,0.56973
CVE-2021-2093,0.00192,0.56973
CVE-2021-2094,0.00192,0.56973
CVE-2021-2096,0.00192,0.56973
CVE-2021-2097,0.00192,0.56973
CVE-2021-2098,0.00192,0.56973
CVE-2021-20986,0.00116,0.45451
CVE-2021-20987,0.00102,0.41481
CVE-2021-20988,0.00116,0.45451
CVE-2021-20989,0.02691,0.89447
CVE-2021-2099,0.00192,0.56973
CVE-2021-20990,0.01627,0.86209
CVE-2021-20991,0.02119,0.88066
CVE-2021-20992,0.02691,0.89447
CVE-2021-20993,0.00084,0.34791
CVE-2021-20994,0.00078,0.32606
CVE-2021-20995,0.00168,0.53801
CVE-2021-20996,0.00084,0.34791
CVE-2021-20997,0.00168,0.53801
CVE-2021-20998,0.00222,0.60556
CVE-2021-20999,0.00222,0.60556
CVE-2021-2100,0.00194,0.57348
CVE-2021-21000,0.00091,0.38169
CVE-2021-21001,0.00093,0.39033
CVE-2021-21002,0.00091,0.38169
CVE-2021-21003,0.00081,0.33674
CVE-2021-21004,0.00062,0.24305
CVE-2021-21005,0.00091,0.38169
CVE-2021-21006,0.00386,0.70447
CVE-2021-21007,0.00110,0.44082
CVE-2021-21008,0.00110,0.44082
CVE-2021-21009,0.00196,0.57509
CVE-2021-2101,0.00194,0.57348
CVE-2021-21010,0.00110,0.44082
CVE-2021-21011,0.00084,0.35183
CVE-2021-21012,0.00222,0.60582
CVE-2021-21013,0.00070,0.28908
CVE-2021-21014,0.00120,0.46109
CVE-2021-21015,0.00206,0.58571
CVE-2021-21016,0.00168,0.53813
CVE-2021-21017,0.64257,0.97601
CVE-2021-21018,0.00206,0.58571
CVE-2021-21019,0.00085,0.35334
CVE-2021-2102,0.00192,0.56973
CVE-2021-21020,0.00138,0.49301
CVE-2021-21021,0.00813,0.79967
CVE-2021-21022,0.00084,0.34863
CVE-2021-21023,0.00496,0.73780
CVE-2021-21024,0.00070,0.28993
CVE-2021-21025,0.00084,0.35135
CVE-2021-21026,0.00066,0.27454
CVE-2021-21027,0.00070,0.28949
CVE-2021-21028,0.00813,0.79967
CVE-2021-21029,0.01125,0.83147
CVE-2021-2103,0.00192,0.56973
CVE-2021-21030,0.00192,0.57139
CVE-2021-21031,0.00271,0.64602
CVE-2021-21032,0.00271,0.64602
CVE-2021-21033,0.00813,0.79967
CVE-2021-21034,0.00175,0.54718
CVE-2021-21035,0.00813,0.79967
CVE-2021-21036,0.00097,0.40179
CVE-2021-21037,0.00400,0.70955
CVE-2021-21038,0.00085,0.35308
CVE-2021-21039,0.00345,0.68758
CVE-2021-2104,0.00192,0.56973
CVE-2021-21040,0.00345,0.68758
CVE-2021-21041,0.00345,0.68758
CVE-2021-21042,0.09132,0.94093
CVE-2021-21043,0.00080,0.33272
CVE-2021-21044,0.00234,0.61523
CVE-2021-21045,0.00057,0.21506
CVE-2021-21046,0.00070,0.28876
CVE-2021-21047,0.00200,0.57946
CVE-2021-21048,0.00247,0.62787
CVE-2021-21049,0.00385,0.70418
CVE-2021-2105,0.00192,0.56973
CVE-2021-21050,0.00385,0.70418
CVE-2021-21051,0.00453,0.72614
CVE-2021-21052,0.00216,0.59657
CVE-2021-21053,0.00165,0.53145
CVE-2021-21054,0.00234,0.61523
CVE-2021-21055,0.00067,0.27695
CVE-2021-21056,0.00129,0.47584
CVE-2021-21057,0.00063,0.24922
CVE-2021-21058,0.00163,0.52960
CVE-2021-21059,0.00163,0.52960
CVE-2021-2106,0.00192,0.56973
CVE-2021-21060,0.00092,0.38710
CVE-2021-21061,0.00745,0.78975
CVE-2021-21062,0.00163,0.52960
CVE-2021-21063,0.00163,0.52960
CVE-2021-21064,0.00071,0.29211
CVE-2021-21065,0.00234,0.61523
CVE-2021-21066,0.00165,0.53145
CVE-2021-21067,0.00110,0.43932
CVE-2021-21068,0.00057,0.21406
CVE-2021-21069,0.00097,0.40303
CVE-2021-2107,0.00192,0.56973
CVE-2021-21070,0.00057,0.21406
CVE-2021-21071,0.00158,0.52297
CVE-2021-21072,0.00108,0.43367
CVE-2021-21073,0.00106,0.42865
CVE-2021-21074,0.00106,0.42865
CVE-2021-21075,0.00106,0.42865
CVE-2021-21076,0.00106,0.42865
CVE-2021-21077,0.00584,0.75873
CVE-2021-21078,0.00057,0.21406
CVE-2021-21079,0.00080,0.33272
CVE-2021-2108,0.04636,0.91795
CVE-2021-21080,0.00080,0.33272
CVE-2021-21082,0.00083,0.34239
CVE-2021-21083,0.00135,0.48835
CVE-2021-21084,0.00080,0.33272
CVE-2021-21085,0.00513,0.74229
CVE-2021-21086,0.00126,0.47175
CVE-2021-21087,0.00326,0.67858
CVE-2021-21088,0.09073,0.94068
CVE-2021-21089,0.00070,0.28957
CVE-2021-2109,0.90807,0.98629
CVE-2021-21090,0.01332,0.84654
CVE-2021-21091,0.00098,0.40340
CVE-2021-21092,0.00111,0.44163
CVE-2021-21093,0.00111,0.44163
CVE-2021-21094,0.00096,0.39886
CVE-2021-21095,0.00096,0.39886
CVE-2021-21096,0.00049,0.14999
CVE-2021-21098,0.01464,0.85404
CVE-2021-21099,0.01464,0.85404
CVE-2021-2110,0.00054,0.20290
CVE-2021-21100,0.00084,0.35183
CVE-2021-21101,0.00602,0.76238
CVE-2021-21102,0.00808,0.79928
CVE-2021-21103,0.00221,0.60292
CVE-2021-21104,0.00659,0.77419
CVE-2021-21105,0.00659,0.77419
CVE-2021-21106,0.00587,0.75956
CVE-2021-21107,0.00587,0.75956
CVE-2021-21108,0.00587,0.75956
CVE-2021-21109,0.00587,0.75956
CVE-2021-2111,0.00045,0.12178
CVE-2021-21110,0.00587,0.75956
CVE-2021-21111,0.00187,0.56254
CVE-2021-21112,0.00944,0.81473
CVE-2021-21113,0.00591,0.76052
CVE-2021-21114,0.00944,0.81473
CVE-2021-21115,0.00472,0.73104
CVE-2021-21116,0.00591,0.76052
CVE-2021-21117,0.00052,0.17892
CVE-2021-21118,0.00379,0.70168
CVE-2021-21119,0.00354,0.69158
CVE-2021-2112,0.00045,0.12178
CVE-2021-21120,0.00379,0.70196
CVE-2021-21121,0.00323,0.67729
CVE-2021-21122,0.00354,0.69158
CVE-2021-21123,0.00138,0.49284
CVE-2021-21124,0.00255,0.63444
CVE-2021-21125,0.00179,0.55198
CVE-2021-21126,0.00161,0.52694
CVE-2021-21127,0.00398,0.70912
CVE-2021-21128,0.00367,0.69729
CVE-2021-21129,0.00138,0.49284
CVE-2021-2113,0.00054,0.20290
CVE-2021-21130,0.00138,0.49284
CVE-2021-21131,0.00138,0.49284
CVE-2021-21132,0.00255,0.63444
CVE-2021-21133,0.00143,0.50117
CVE-2021-21134,0.00129,0.47565
CVE-2021-21135,0.00146,0.50505
CVE-2021-21136,0.00210,0.59021
CVE-2021-21137,0.00290,0.65857
CVE-2021-21138,0.00061,0.24047
CVE-2021-21139,0.00302,0.66526
CVE-2021-2114,0.00192,0.56973
CVE-2021-21140,0.00051,0.17463
CVE-2021-21141,0.00265,0.64244
CVE-2021-21142,0.00560,0.75331
CVE-2021-21143,0.00175,0.54774
CVE-2021-21144,0.00175,0.54774
CVE-2021-21145,0.00865,0.80581
CVE-2021-21146,0.00560,0.75331
CVE-2021-21147,0.00081,0.33525
CVE-2021-21148,0.01647,0.86285
CVE-2021-21149,0.00517,0.74340
CVE-2021-2115,0.00067,0.27814
CVE-2021-21150,0.00373,0.69942
CVE-2021-21151,0.00373,0.69942
CVE-2021-21152,0.00517,0.74340
CVE-2021-21153,0.00517,0.74340
CVE-2021-21154,0.00452,0.72590
CVE-2021-21155,0.00452,0.72590
CVE-2021-21156,0.00848,0.80403
CVE-2021-21157,0.00640,0.77041
CVE-2021-21159,0.01048,0.82468
CVE-2021-2116,0.00054,0.20290
CVE-2021-21160,0.00767,0.79324
CVE-2021-21161,0.00859,0.80521
CVE-2021-21162,0.00910,0.81107
CVE-2021-21163,0.00682,0.77957
CVE-2021-21164,0.00416,0.71488
CVE-2021-21165,0.01287,0.84396
CVE-2021-21166,0.03585,0.90753
CVE-2021-21167,0.00910,0.81107
CVE-2021-21168,0.01255,0.84152
CVE-2021-21169,0.01287,0.84396
CVE-2021-2117,0.00054,0.20290
CVE-2021-21170,0.00286,0.65537
CVE-2021-21171,0.00588,0.75979
CVE-2021-21172,0.00578,0.75758
CVE-2021-21173,0.01431,0.85229
CVE-2021-21174,0.01226,0.83945
CVE-2021-21175,0.00523,0.74475
CVE-2021-21176,0.00588,0.75979
CVE-2021-21177,0.02168,0.88257
CVE-2021-21178,0.00542,0.74961
CVE-2021-21179,0.00910,0.81107
CVE-2021-2118,0.00192,0.56973
CVE-2021-21180,0.00910,0.81107
CVE-2021-21181,0.01274,0.84284
CVE-2021-21182,0.00641,0.77067
CVE-2021-21183,0.00403,0.71048
CVE-2021-21184,0.00403,0.71048
CVE-2021-21185,0.00159,0.52494
CVE-2021-21186,0.00310,0.67005
CVE-2021-21187,0.00176,0.54847
CVE-2021-21188,0.00910,0.81107
CVE-2021-21189,0.00475,0.73189
CVE-2021-2119,0.00048,0.14327
CVE-2021-21190,0.00906,0.81059
CVE-2021-21191,0.00653,0.77316
CVE-2021-21192,0.00315,0.67322
CVE-2021-21193,0.01170,0.83527
CVE-2021-21194,0.01195,0.83710
CVE-2021-21195,0.01195,0.83710
CVE-2021-21196,0.00821,0.80068
CVE-2021-21197,0.00821,0.80068
CVE-2021-21198,0.00452,0.72595
CVE-2021-21199,0.01195,0.83710
CVE-2021-2120,0.00045,0.12178
CVE-2021-21200,0.00105,0.42684
CVE-2021-21201,0.00605,0.76331
CVE-2021-21202,0.00107,0.43265
CVE-2021-21203,0.00851,0.80438
CVE-2021-21204,0.00851,0.80438
CVE-2021-21205,0.00396,0.70823
CVE-2021-21206,0.06263,0.92932
CVE-2021-21207,0.00107,0.43265
CVE-2021-21208,0.00162,0.52801
CVE-2021-21209,0.00385,0.70422
CVE-2021-2121,0.00045,0.12178
CVE-2021-21210,0.00388,0.70521
CVE-2021-21211,0.00385,0.70422
CVE-2021-21212,0.00368,0.69768
CVE-2021-21213,0.00918,0.81205
CVE-2021-21214,0.00930,0.81330
CVE-2021-21215,0.01909,0.87354
CVE-2021-21216,0.49166,0.97225
CVE-2021-21217,0.00635,0.76954
CVE-2021-21218,0.00161,0.52771
CVE-2021-21219,0.00161,0.52771
CVE-2021-2122,0.00083,0.34609
CVE-2021-21220,0.96925,0.99665
CVE-2021-21221,0.00520,0.74397
CVE-2021-21222,0.00333,0.68243
CVE-2021-21223,0.01320,0.84591
CVE-2021-21224,0.71892,0.97810
CVE-2021-21225,0.00973,0.81778
CVE-2021-21226,0.01639,0.86252
CVE-2021-21227,0.01303,0.84492
CVE-2021-21228,0.00228,0.61075
CVE-2021-21229,0.00337,0.68430
CVE-2021-2123,0.00045,0.12178
CVE-2021-21230,0.00819,0.80045
CVE-2021-21231,0.01558,0.85886
CVE-2021-21232,0.01019,0.82203
CVE-2021-21233,0.00533,0.74720
CVE-2021-21234,0.96798,0.99620
CVE-2021-21235,0.00189,0.56483
CVE-2021-21236,0.00134,0.48482
CVE-2021-21237,0.00052,0.17661
CVE-2021-21238,0.00107,0.43281
CVE-2021-21239,0.00202,0.58181
CVE-2021-2124,0.00045,0.12178
CVE-2021-21240,0.00364,0.69602
CVE-2021-21241,0.00118,0.45803
CVE-2021-21242,0.60689,0.97508
CVE-2021-21243,0.01567,0.85925
CVE-2021-21244,0.00311,0.67047
CVE-2021-21245,0.00189,0.56474
CVE-2021-21246,0.00301,0.66484
CVE-2021-21247,0.00097,0.40261
CVE-2021-21248,0.00102,0.41370
CVE-2021-21249,0.00294,0.66092
CVE-2021-2125,0.00045,0.12178
CVE-2021-21250,0.00072,0.29471
CVE-2021-21251,0.00128,0.47453
CVE-2021-21252,0.00354,0.69135
CVE-2021-21253,0.00071,0.29313
CVE-2021-21254,0.00097,0.40065
CVE-2021-21255,0.00063,0.25077
CVE-2021-21257,0.00092,0.38912
CVE-2021-21258,0.00050,0.16378
CVE-2021-21259,0.00100,0.40803
CVE-2021-2126,0.00045,0.12178
CVE-2021-21260,0.00053,0.18833
CVE-2021-21261,0.00054,0.19375
CVE-2021-21263,0.00093,0.39034
CVE-2021-21264,0.00044,0.10161
CVE-2021-21265,0.00086,0.35785
CVE-2021-21266,0.00123,0.46553
CVE-2021-21267,0.00325,0.67798
CVE-2021-21269,0.00071,0.29249
CVE-2021-2127,0.00045,0.12178
CVE-2021-21270,0.00045,0.12069
CVE-2021-21271,0.00097,0.40146
CVE-2021-21272,0.00073,0.30267
CVE-2021-21273,0.00092,0.38709
CVE-2021-21274,0.00174,0.54592
CVE-2021-21275,0.00066,0.27307
CVE-2021-21276,0.02378,0.88797
CVE-2021-21277,0.00913,0.81135
CVE-2021-21278,0.00433,0.71993
CVE-2021-21279,0.00091,0.38169
CVE-2021-2128,0.00045,0.12178
CVE-2021-21280,0.00229,0.61123
CVE-2021-21281,0.00252,0.63199
CVE-2021-21282,0.00252,0.63199
CVE-2021-21283,0.00531,0.74691
CVE-2021-21284,0.00047,0.13915
CVE-2021-21285,0.00488,0.73566
CVE-2021-21286,0.00104,0.42231
CVE-2021-21287,0.97112,0.99746
CVE-2021-21288,0.00093,0.39196
CVE-2021-21289,0.00301,0.66485
CVE-2021-2129,0.00045,0.12178
CVE-2021-21290,0.00044,0.10865
CVE-2021-21291,0.00129,0.47602
CVE-2021-21292,0.00070,0.29116
CVE-2021-21293,0.00147,0.50696
CVE-2021-21294,0.00147,0.50696
CVE-2021-21295,0.22317,0.96081
CVE-2021-21296,0.00092,0.38741
CVE-2021-21297,0.00079,0.33107
CVE-2021-21298,0.00092,0.38870
CVE-2021-21299,0.00291,0.65884
CVE-2021-2130,0.00045,0.12178
CVE-2021-21300,0.91057,0.98656
CVE-2021-21301,0.00060,0.23686
CVE-2021-21302,0.00161,0.52702
CVE-2021-21303,0.00058,0.21957
CVE-2021-21304,0.00436,0.72131
CVE-2021-21305,0.00532,0.74697
CVE-2021-21306,0.00186,0.55992
CVE-2021-21307,0.97312,0.99858
CVE-2021-21308,0.00135,0.48665
CVE-2021-21309,0.00552,0.75179
CVE-2021-2131,0.00045,0.12178
CVE-2021-21310,0.00228,0.61076
CVE-2021-21311,0.01485,0.85489
CVE-2021-21312,0.00050,0.16378
CVE-2021-21313,0.00066,0.27550
CVE-2021-21314,0.00050,0.16378
CVE-2021-21315,0.96949,0.99673
CVE-2021-21316,0.00094,0.39323
CVE-2021-21317,0.00429,0.71874
CVE-2021-21318,0.00076,0.31394
CVE-2021-21319,0.00101,0.41194
CVE-2021-21320,0.00089,0.37323
CVE-2021-21321,0.00224,0.60731
CVE-2021-21322,0.00224,0.60731
CVE-2021-21323,0.00081,0.33524
CVE-2021-21324,0.00118,0.45673
CVE-2021-21325,0.00050,0.16378
CVE-2021-21326,0.00050,0.16378
CVE-2021-21327,0.01890,0.87261
CVE-2021-21328,0.00154,0.51682
CVE-2021-21329,0.00245,0.62569
CVE-2021-21330,0.00728,0.78742
CVE-2021-21331,0.00056,0.21174
CVE-2021-21332,0.00095,0.39648
CVE-2021-21333,0.00109,0.43577
CVE-2021-21334,0.00124,0.46697
CVE-2021-21335,0.00245,0.62569
CVE-2021-21336,0.00088,0.37103
CVE-2021-21337,0.00665,0.77601
CVE-2021-21338,0.00080,0.33494
CVE-2021-21339,0.00168,0.53591
CVE-2021-2134,0.00059,0.23219
CVE-2021-21340,0.00061,0.24180
CVE-2021-21341,0.01126,0.83155
CVE-2021-21342,0.01181,0.83614
CVE-2021-21343,0.00651,0.77291
CVE-2021-21344,0.01795,0.86836
CVE-2021-21345,0.48760,0.97215
CVE-2021-21346,0.01795,0.86836
CVE-2021-21347,0.01795,0.86836
CVE-2021-21348,0.01697,0.86461
CVE-2021-21349,0.01809,0.86887
CVE-2021-2135,0.03325,0.90432
CVE-2021-21350,0.01795,0.86836
CVE-2021-21351,0.73239,0.97845
CVE-2021-21352,0.00276,0.64902
CVE-2021-21353,0.02366,0.88771
CVE-2021-21354,0.00176,0.54836
CVE-2021-21355,0.00102,0.41535
CVE-2021-21357,0.00106,0.42707
CVE-2021-21358,0.00061,0.24180
CVE-2021-21359,0.00176,0.54830
CVE-2021-2136,0.03325,0.90432
CVE-2021-21360,0.00098,0.40510
CVE-2021-21361,0.00073,0.30416
CVE-2021-21362,0.00105,0.42653
CVE-2021-21363,0.00045,0.12206
CVE-2021-21364,0.00045,0.12206
CVE-2021-21365,0.00063,0.24955
CVE-2021-21366,0.00211,0.59081
CVE-2021-21367,0.00091,0.38520
CVE-2021-21368,0.00607,0.76356
CVE-2021-21369,0.00110,0.43968
CVE-2021-2137,0.00233,0.61466
CVE-2021-21370,0.00061,0.24180
CVE-2021-21371,0.00073,0.30399
CVE-2021-21372,0.00185,0.55870
CVE-2021-21373,0.00078,0.32106
CVE-2021-21374,0.00165,0.53147
CVE-2021-21375,0.00210,0.59024
CVE-2021-21376,0.00091,0.38095
CVE-2021-21377,0.00077,0.32047
CVE-2021-21378,0.00132,0.48085
CVE-2021-21379,0.00054,0.20290
CVE-2021-2138,0.00045,0.12350
CVE-2021-21380,0.00087,0.36023
CVE-2021-21381,0.00142,0.49944
CVE-2021-21382,0.00300,0.66434
CVE-2021-21383,0.00062,0.24442
CVE-2021-21384,0.00081,0.33506
CVE-2021-21385,0.00080,0.33427
CVE-2021-21386,0.00330,0.68150
CVE-2021-21387,0.00107,0.43043
CVE-2021-21388,0.00407,0.71190
CVE-2021-21389,0.80915,0.98077
CVE-2021-21390,0.00062,0.24570
CVE-2021-21391,0.00481,0.73371
CVE-2021-21392,0.00086,0.35813
CVE-2021-21393,0.00195,0.57485
CVE-2021-21394,0.00195,0.57485
CVE-2021-21395,0.00062,0.24511
CVE-2021-21396,0.00100,0.40819
CVE-2021-21398,0.00060,0.23686
CVE-2021-21399,0.00293,0.66018
CVE-2021-2140,0.00083,0.34568
CVE-2021-21400,0.00120,0.46045
CVE-2021-21401,0.00167,0.53418
CVE-2021-21402,0.15589,0.95428
CVE-2021-21403,0.00231,0.61336
CVE-2021-21404,0.00171,0.54248
CVE-2021-21405,0.00135,0.48880
CVE-2021-21406,0.00088,0.36880
CVE-2021-21407,0.00053,0.19044
CVE-2021-21408,0.00203,0.58272
CVE-2021-21409,0.03371,0.90497
CVE-2021-2141,0.00054,0.20290
CVE-2021-21410,0.00164,0.53063
CVE-2021-21411,0.00110,0.43990
CVE-2021-21412,0.00157,0.52137
CVE-2021-21413,0.00195,0.57442
CVE-2021-21414,0.00838,0.80282
CVE-2021-21415,0.00722,0.78652
CVE-2021-21416,0.00054,0.20290
CVE-2021-21417,0.00091,0.38572
CVE-2021-21418,0.00073,0.30267
CVE-2021-21419,0.00124,0.46849
CVE-2021-2142,0.00106,0.42994
CVE-2021-21420,0.00063,0.25378
CVE-2021-21421,0.00063,0.25077
CVE-2021-21422,0.00080,0.33310
CVE-2021-21423,0.00243,0.62337
CVE-2021-21424,0.00128,0.47466
CVE-2021-21425,0.71501,0.97802
CVE-2021-21426,0.00478,0.73293
CVE-2021-21427,0.00096,0.39884
CVE-2021-21428,0.00048,0.14460
CVE-2021-21429,0.00044,0.10161
CVE-2021-21430,0.00066,0.27310
CVE-2021-21431,0.00089,0.37194
CVE-2021-21432,0.00098,0.40331
CVE-2021-21433,0.01053,0.82514
CVE-2021-21434,0.00054,0.20290
CVE-2021-21435,0.00157,0.52178
CVE-2021-21436,0.00054,0.20290
CVE-2021-21437,0.00054,0.20290
CVE-2021-21438,0.00054,0.20290
CVE-2021-21439,0.00102,0.41481
CVE-2021-2144,0.00103,0.41656
CVE-2021-21440,0.00065,0.26756
CVE-2021-21441,0.00161,0.52716
CVE-2021-21442,0.00054,0.20290
CVE-2021-21443,0.00054,0.20290
CVE-2021-21444,0.00084,0.35108
CVE-2021-21445,0.00054,0.20290
CVE-2021-21446,0.00124,0.46824
CVE-2021-21447,0.00054,0.20290
CVE-2021-21448,0.00044,0.10161
CVE-2021-21449,0.00474,0.73177
CVE-2021-2145,0.00043,0.07608
CVE-2021-21450,0.00474,0.73177
CVE-2021-21451,0.00474,0.73177
CVE-2021-21452,0.00474,0.73177
CVE-2021-21453,0.00474,0.73177
CVE-2021-21454,0.00390,0.70620
CVE-2021-21455,0.00390,0.70620
CVE-2021-21456,0.00390,0.70620
CVE-2021-21457,0.00474,0.73177
CVE-2021-21458,0.00474,0.73177
CVE-2021-21459,0.00390,0.70620
CVE-2021-2146,0.00121,0.46299
CVE-2021-21460,0.00390,0.70620
CVE-2021-21461,0.00390,0.70620
CVE-2021-21462,0.00390,0.70620
CVE-2021-21463,0.00393,0.70750
CVE-2021-21464,0.00097,0.40143
CVE-2021-21465,0.01539,0.85789
CVE-2021-21466,0.03540,0.90701
CVE-2021-21467,0.00054,0.20290
CVE-2021-21468,0.00491,0.73655
CVE-2021-21469,0.00178,0.55045
CVE-2021-2147,0.00045,0.12178
CVE-2021-21470,0.00047,0.13986
CVE-2021-21471,0.00054,0.20290
CVE-2021-21472,0.00103,0.41587
CVE-2021-21473,0.00880,0.80759
CVE-2021-21474,0.00065,0.26756
CVE-2021-21475,0.00340,0.68529
CVE-2021-21476,0.00090,0.37826
CVE-2021-21477,0.00318,0.67457
CVE-2021-21478,0.00084,0.35108
CVE-2021-21479,0.00396,0.70840
CVE-2021-21480,0.01284,0.84371
CVE-2021-21481,0.00077,0.32045
CVE-2021-21482,0.00077,0.32045
CVE-2021-21483,0.00065,0.26756
CVE-2021-21484,0.00244,0.62506
CVE-2021-21485,0.00166,0.53294
CVE-2021-21486,0.00104,0.42231
CVE-2021-21487,0.00104,0.42231
CVE-2021-21488,0.00193,0.57222
CVE-2021-21489,0.00054,0.19275
CVE-2021-2149,0.00045,0.12178
CVE-2021-21490,0.00079,0.33048
CVE-2021-21491,0.00084,0.35108
CVE-2021-21492,0.00084,0.35108
CVE-2021-21493,0.00095,0.39498
CVE-2021-21494,0.00051,0.16927
CVE-2021-21495,0.00112,0.44337
CVE-2021-2150,0.00181,0.55499
CVE-2021-21501,0.00077,0.32052
CVE-2021-21502,0.00309,0.66976
CVE-2021-21503,0.00044,0.10504
CVE-2021-21505,0.00486,0.73525
CVE-2021-21506,0.00134,0.48542
CVE-2021-21507,0.00381,0.70259
CVE-2021-2151,0.00085,0.35227
CVE-2021-21510,0.00120,0.46196
CVE-2021-21511,0.00177,0.54939
CVE-2021-21512,0.00044,0.10161
CVE-2021-21513,0.00595,0.76112
CVE-2021-21514,0.00167,0.53437
CVE-2021-21515,0.00066,0.27429
CVE-2021-21517,0.00141,0.49831
CVE-2021-21518,0.00042,0.05722
CVE-2021-2152,0.00054,0.20290
CVE-2021-21522,0.00042,0.05722
CVE-2021-21524,0.00532,0.74713
CVE-2021-21526,0.00044,0.10504
CVE-2021-21527,0.00044,0.10504
CVE-2021-21528,0.00150,0.51158
CVE-2021-21529,0.00042,0.05722
CVE-2021-2153,0.00083,0.34568
CVE-2021-21530,0.00088,0.36958
CVE-2021-21531,0.00042,0.05722
CVE-2021-21532,0.00058,0.22795
CVE-2021-21533,0.00095,0.39678
CVE-2021-21534,0.00042,0.05722
CVE-2021-21535,0.00042,0.05722
CVE-2021-21536,0.00042,0.05722
CVE-2021-21537,0.00042,0.05722
CVE-2021-21538,0.00515,0.74296
CVE-2021-21539,0.00151,0.51306
CVE-2021-2154,0.00146,0.50468
CVE-2021-21540,0.00158,0.52252
CVE-2021-21541,0.00147,0.50689
CVE-2021-21542,0.00066,0.27429
CVE-2021-21543,0.00066,0.27429
CVE-2021-21544,0.00082,0.34183
CVE-2021-21545,0.00042,0.05722
CVE-2021-21546,0.00042,0.05722
CVE-2021-21547,0.00044,0.10161
CVE-2021-21548,0.00086,0.35836
CVE-2021-21549,0.00075,0.30890
CVE-2021-2155,0.00083,0.34568
CVE-2021-21550,0.00044,0.10504
CVE-2021-21551,0.00179,0.55217
CVE-2021-21552,0.00050,0.16815
CVE-2021-21553,0.00044,0.10161
CVE-2021-21554,0.00044,0.10161
CVE-2021-21555,0.00044,0.10161
CVE-2021-21556,0.00042,0.05722
CVE-2021-21557,0.00044,0.10161
CVE-2021-21558,0.00044,0.10161
CVE-2021-21559,0.00049,0.14998
CVE-2021-2156,0.00089,0.37370
CVE-2021-21561,0.00044,0.10161
CVE-2021-21562,0.00044,0.10161
CVE-2021-21563,0.00081,0.33872
CVE-2021-21564,0.00441,0.72254
CVE-2021-21565,0.00079,0.33173
CVE-2021-21567,0.00044,0.10161
CVE-2021-21568,0.00054,0.20290
CVE-2021-21569,0.00063,0.25721
CVE-2021-2157,0.01820,0.86945
CVE-2021-21570,0.00069,0.28496
CVE-2021-21571,0.00181,0.55398
CVE-2021-21572,0.00042,0.05722
CVE-2021-21573,0.00055,0.20587
CVE-2021-21574,0.00055,0.20587
CVE-2021-21576,0.00104,0.42018
CVE-2021-21577,0.00104,0.42018
CVE-2021-21578,0.00111,0.44241
CVE-2021-21579,0.00111,0.44241
CVE-2021-2158,0.00053,0.18590
CVE-2021-21580,0.00072,0.29847
CVE-2021-21581,0.00104,0.42018
CVE-2021-21584,0.00065,0.27067
CVE-2021-21585,0.00193,0.57219
CVE-2021-21586,0.00167,0.53437
CVE-2021-21587,0.00042,0.05722
CVE-2021-21588,0.00077,0.31886
CVE-2021-21589,0.00042,0.05722
CVE-2021-2159,0.00054,0.20290
CVE-2021-21590,0.00044,0.10161
CVE-2021-21591,0.00044,0.10161
CVE-2021-21592,0.00163,0.52947
CVE-2021-21594,0.00072,0.29847
CVE-2021-21595,0.00044,0.10161
CVE-2021-21596,0.00213,0.59271
CVE-2021-21597,0.00044,0.10161
CVE-2021-21598,0.00044,0.10161
CVE-2021-21599,0.00044,0.10504
CVE-2021-2160,0.00059,0.23219
CVE-2021-21600,0.00081,0.33872
CVE-2021-21601,0.00042,0.05722
CVE-2021-21602,0.00065,0.26756
CVE-2021-21603,0.00054,0.19618
CVE-2021-21604,0.00097,0.40261
CVE-2021-21605,0.00128,0.47453
CVE-2021-21606,0.00054,0.19618
CVE-2021-21607,0.00081,0.33768
CVE-2021-21608,0.00054,0.19618
CVE-2021-21609,0.00084,0.34791
CVE-2021-2161,0.00249,0.62869
CVE-2021-21610,0.00078,0.32606
CVE-2021-21611,0.00054,0.19618
CVE-2021-21612,0.00044,0.10161
CVE-2021-21613,0.00078,0.32606
CVE-2021-21614,0.00044,0.10161
CVE-2021-21615,0.00065,0.26756
CVE-2021-21616,0.00054,0.19618
CVE-2021-21617,0.00077,0.31702
CVE-2021-21618,0.00054,0.19618
CVE-2021-21619,0.00054,0.19618
CVE-2021-2162,0.00054,0.20290
CVE-2021-21620,0.00053,0.19032
CVE-2021-21621,0.00084,0.34791
CVE-2021-21622,0.00054,0.19618
CVE-2021-21623,0.00065,0.26756
CVE-2021-21624,0.00054,0.19618
CVE-2021-21625,0.00054,0.19618
CVE-2021-21626,0.00054,0.19618
CVE-2021-21627,0.00077,0.31702
CVE-2021-21628,0.00054,0.19618
CVE-2021-21629,0.00077,0.31702
CVE-2021-2163,0.00158,0.52246
CVE-2021-21630,0.00054,0.19618
CVE-2021-21631,0.00054,0.19618
CVE-2021-21632,0.00065,0.26756
CVE-2021-21633,0.00077,0.31702
CVE-2021-21634,0.00065,0.26756
CVE-2021-21635,0.00054,0.19618
CVE-2021-21636,0.00054,0.19618
CVE-2021-21637,0.00065,0.26756
CVE-2021-21638,0.00077,0.31702
CVE-2021-21639,0.00054,0.19618
CVE-2021-2164,0.00121,0.46299
CVE-2021-21640,0.00054,0.19618
CVE-2021-21641,0.00062,0.24792
CVE-2021-21642,0.00065,0.26756
CVE-2021-21643,0.00065,0.26756
CVE-2021-21644,0.00062,0.24792
CVE-2021-21645,0.00054,0.19618
CVE-2021-21646,0.00124,0.46831
CVE-2021-21647,0.00054,0.19618
CVE-2021-21648,0.00078,0.32606
CVE-2021-21649,0.00054,0.19618
CVE-2021-21650,0.00054,0.19618
CVE-2021-21651,0.00054,0.19618
CVE-2021-21652,0.00076,0.31407
CVE-2021-21653,0.00054,0.19618
CVE-2021-21654,0.00054,0.19618
CVE-2021-21655,0.00076,0.31407
CVE-2021-21656,0.00065,0.26756
CVE-2021-21657,0.00104,0.42231
CVE-2021-21658,0.00161,0.52716
CVE-2021-21659,0.00104,0.42231
CVE-2021-2166,0.00169,0.53844
CVE-2021-21660,0.00063,0.25033
CVE-2021-21661,0.00054,0.19618
CVE-2021-21662,0.00054,0.19618
CVE-2021-21663,0.00050,0.16046
CVE-2021-21664,0.00065,0.26756
CVE-2021-21665,0.00079,0.33086
CVE-2021-21666,0.00079,0.33048
CVE-2021-21667,0.00054,0.19618
CVE-2021-21668,0.00054,0.19618
CVE-2021-21669,0.00221,0.60340
CVE-2021-2167,0.00045,0.12178
CVE-2021-21670,0.00054,0.19618
CVE-2021-21671,0.00221,0.60385
CVE-2021-21672,0.00063,0.25033
CVE-2021-21673,0.00078,0.32206
CVE-2021-21674,0.00054,0.19618
CVE-2021-21675,0.00082,0.34008
CVE-2021-21676,0.00054,0.19618
CVE-2021-21677,0.00365,0.69609
CVE-2021-21678,0.00079,0.33092
CVE-2021-21679,0.00079,0.33092
CVE-2021-21680,0.00065,0.26756
CVE-2021-21681,0.00044,0.10161
CVE-2021-21682,0.00054,0.19618
CVE-2021-21683,0.00093,0.39033
CVE-2021-21684,0.00078,0.32206
CVE-2021-21685,0.00192,0.56986
CVE-2021-21686,0.00152,0.51511
CVE-2021-21687,0.00182,0.55564
CVE-2021-21688,0.00179,0.55185
CVE-2021-21689,0.00152,0.51511
CVE-2021-2169,0.00121,0.46299
CVE-2021-21690,0.00173,0.54483
CVE-2021-21691,0.00238,0.61983
CVE-2021-21692,0.00176,0.54853
CVE-2021-21693,0.00201,0.58090
CVE-2021-21694,0.00240,0.62084
CVE-2021-21695,0.00221,0.60385
CVE-2021-21696,0.00272,0.64646
CVE-2021-21697,0.00161,0.52726
CVE-2021-21698,0.00230,0.61222
CVE-2021-21699,0.00054,0.19618
CVE-2021-2170,0.00121,0.46299
CVE-2021-21700,0.00054,0.19618
CVE-2021-21701,0.00163,0.52975
CVE-2021-21702,0.00895,0.80941
CVE-2021-21703,0.00148,0.50800
CVE-2021-21704,0.00261,0.63895
CVE-2021-21705,0.00082,0.34017
CVE-2021-21706,0.00091,0.38515
CVE-2021-21707,0.00087,0.36050
CVE-2021-21708,0.00277,0.64949
CVE-2021-2171,0.00112,0.44467
CVE-2021-2172,0.00297,0.66295
CVE-2021-21722,0.00044,0.08189
CVE-2021-21723,0.00206,0.58643
CVE-2021-21724,0.00042,0.00438
CVE-2021-21725,0.00044,0.08189
CVE-2021-21726,0.00044,0.08189
CVE-2021-21727,0.00206,0.58643
CVE-2021-21728,0.00092,0.38838
CVE-2021-21729,0.00053,0.19032
CVE-2021-2173,0.00094,0.39475
CVE-2021-21730,0.00263,0.64030
CVE-2021-21731,0.00053,0.19032
CVE-2021-21732,0.00168,0.53801
CVE-2021-21733,0.00065,0.26756
CVE-2021-21734,0.00065,0.26756
CVE-2021-21735,0.00065,0.26756
CVE-2021-21736,0.00087,0.35903
CVE-2021-21737,0.00073,0.30345
CVE-2021-21738,0.00072,0.29847
CVE-2021-21739,0.00051,0.17394
CVE-2021-2174,0.00112,0.44467
CVE-2021-21740,0.00050,0.16814
CVE-2021-21741,0.00803,0.79867
CVE-2021-21742,0.00060,0.23717
CVE-2021-21743,0.00156,0.52033
CVE-2021-21744,0.00073,0.30380
CVE-2021-21745,0.42121,0.96993
CVE-2021-21746,0.00072,0.29847
CVE-2021-21747,0.00072,0.29847
CVE-2021-21748,0.00293,0.66067
CVE-2021-21749,0.00293,0.66067
CVE-2021-2175,0.00437,0.72157
CVE-2021-21750,0.00044,0.08189
CVE-2021-21751,0.00107,0.43158
CVE-2021-2177,0.00576,0.75717
CVE-2021-21772,0.04763,0.91924
CVE-2021-21773,0.00085,0.35355
CVE-2021-21775,0.00178,0.55048
CVE-2021-21776,0.00234,0.61508
CVE-2021-21777,0.00350,0.68970
CVE-2021-21778,0.00123,0.46604
CVE-2021-21779,0.00297,0.66245
CVE-2021-2178,0.00297,0.66295
CVE-2021-21781,0.00045,0.12302
CVE-2021-21782,0.00234,0.61508
CVE-2021-21783,0.02102,0.88024
CVE-2021-21784,0.00081,0.33796
CVE-2021-21785,0.00048,0.14460
CVE-2021-21786,0.00048,0.14460
CVE-2021-21787,0.00048,0.14460
CVE-2021-21788,0.00042,0.05722
CVE-2021-21789,0.00042,0.05722
CVE-2021-2179,0.00121,0.46299
CVE-2021-21790,0.00048,0.14460
CVE-2021-21791,0.00048,0.14460
CVE-2021-21792,0.00048,0.14460
CVE-2021-21793,0.00229,0.61147
CVE-2021-21794,0.00062,0.24373
CVE-2021-21795,0.00356,0.69257
CVE-2021-21796,0.00102,0.41298
CVE-2021-21797,0.00102,0.41298
CVE-2021-21798,0.00145,0.50309
CVE-2021-21799,0.83144,0.98193
CVE-2021-2180,0.00146,0.50468
CVE-2021-21800,0.83144,0.98193
CVE-2021-21801,0.83144,0.98193
CVE-2021-21802,0.83144,0.98193
CVE-2021-21803,0.83144,0.98193
CVE-2021-21804,0.01431,0.85226
CVE-2021-21805,0.97374,0.99894
CVE-2021-21806,0.00331,0.68177
CVE-2021-21807,0.00293,0.66032
CVE-2021-21808,0.00225,0.60833
CVE-2021-21809,0.02239,0.88458
CVE-2021-2181,0.00089,0.37370
CVE-2021-21810,0.00230,0.61253
CVE-2021-21811,0.00230,0.61253
CVE-2021-21812,0.00051,0.17338
CVE-2021-21813,0.00048,0.14460
CVE-2021-21814,0.00048,0.14460
CVE-2021-21815,0.00051,0.17338
CVE-2021-21816,0.00255,0.63499
CVE-2021-21817,0.00193,0.57264
CVE-2021-21818,0.00086,0.35703
CVE-2021-21819,0.00141,0.49751
CVE-2021-2182,0.00181,0.55499
CVE-2021-21820,0.00355,0.69189
CVE-2021-21821,0.00277,0.64978
CVE-2021-21822,0.00655,0.77342
CVE-2021-21823,0.00150,0.51158
CVE-2021-21824,0.00344,0.68727
CVE-2021-21825,0.00436,0.72101
CVE-2021-21826,0.00234,0.61568
CVE-2021-21827,0.00234,0.61568
CVE-2021-21828,0.00234,0.61568
CVE-2021-21829,0.00436,0.72101
CVE-2021-2183,0.00181,0.55499
CVE-2021-21830,0.00436,0.72101
CVE-2021-21831,0.00342,0.68629
CVE-2021-21832,0.00278,0.65048
CVE-2021-21833,0.00337,0.68410
CVE-2021-21834,0.00175,0.54740
CVE-2021-21835,0.00286,0.65603
CVE-2021-21836,0.00175,0.54740
CVE-2021-21837,0.00213,0.59373
CVE-2021-21838,0.00191,0.56684
CVE-2021-21839,0.00191,0.56684
CVE-2021-2184,0.00181,0.55499
CVE-2021-21840,0.00175,0.54740
CVE-2021-21841,0.00175,0.54740
CVE-2021-21842,0.00175,0.54740
CVE-2021-21843,0.00191,0.56684
CVE-2021-21844,0.00191,0.56684
CVE-2021-21845,0.00191,0.56684
CVE-2021-21846,0.00191,0.56684
CVE-2021-21847,0.00191,0.56684
CVE-2021-21848,0.00172,0.54299
CVE-2021-21849,0.00175,0.54740
CVE-2021-2185,0.00181,0.55499
CVE-2021-21850,0.00196,0.57550
CVE-2021-21851,0.00229,0.61153
CVE-2021-21852,0.00264,0.64174
CVE-2021-21853,0.00161,0.52782
CVE-2021-21854,0.00161,0.52782
CVE-2021-21855,0.00161,0.52782
CVE-2021-21856,0.00264,0.64127
CVE-2021-21857,0.00161,0.52782
CVE-2021-21858,0.00161,0.52782
CVE-2021-21859,0.00223,0.60640
CVE-2021-2186,0.00181,0.55499
CVE-2021-21860,0.00157,0.52127
CVE-2021-21861,0.00157,0.52127
CVE-2021-21862,0.00229,0.61147
CVE-2021-21863,0.00081,0.33744
CVE-2021-21864,0.00092,0.38915
CVE-2021-21865,0.00097,0.40287
CVE-2021-21866,0.00092,0.38915
CVE-2021-21867,0.00092,0.38915
CVE-2021-21868,0.00092,0.38915
CVE-2021-21869,0.00092,0.38915
CVE-2021-2187,0.00181,0.55499
CVE-2021-21870,0.00342,0.68629
CVE-2021-21871,0.00083,0.34384
CVE-2021-21872,0.00215,0.59579
CVE-2021-21873,0.00104,0.42281
CVE-2021-21874,0.00104,0.42281
CVE-2021-21875,0.00104,0.42281
CVE-2021-21876,0.00104,0.42281
CVE-2021-21877,0.00104,0.42281
CVE-2021-21878,0.00067,0.27742
CVE-2021-21879,0.00099,0.40673
CVE-2021-2188,0.00181,0.55499
CVE-2021-21880,0.00101,0.41113
CVE-2021-21881,0.97110,0.99743
CVE-2021-21882,0.00213,0.59407
CVE-2021-21883,0.00213,0.59407
CVE-2021-21884,0.00213,0.59407
CVE-2021-21885,0.00101,0.41113
CVE-2021-21886,0.00053,0.19035
CVE-2021-21887,0.00118,0.45788
CVE-2021-21888,0.00175,0.54766
CVE-2021-21889,0.00153,0.51546
CVE-2021-2189,0.00093,0.39046
CVE-2021-21890,0.00118,0.45788
CVE-2021-21891,0.00118,0.45788
CVE-2021-21892,0.00153,0.51546
CVE-2021-21893,0.00342,0.68629
CVE-2021-21894,0.00061,0.23772
CVE-2021-21895,0.00101,0.41113
CVE-2021-21896,0.00093,0.38961
CVE-2021-21897,0.00946,0.81501
CVE-2021-21898,0.00929,0.81317
CVE-2021-21899,0.00412,0.71348
CVE-2021-2190,0.00093,0.39046
CVE-2021-21900,0.00356,0.69251
CVE-2021-21901,0.00097,0.40074
CVE-2021-21902,0.00283,0.65421
CVE-2021-21903,0.00234,0.61568
CVE-2021-21904,0.00082,0.34136
CVE-2021-21905,0.00091,0.38546
CVE-2021-21906,0.00091,0.38546
CVE-2021-21907,0.00061,0.24190
CVE-2021-21908,0.00076,0.31400
CVE-2021-21909,0.00081,0.33880
CVE-2021-2191,0.00054,0.20290
CVE-2021-21910,0.00048,0.14460
CVE-2021-21911,0.00048,0.14460
CVE-2021-21912,0.00048,0.14460
CVE-2021-21913,0.00285,0.65520
CVE-2021-21914,0.00271,0.64589
CVE-2021-21915,0.00094,0.39365
CVE-2021-21916,0.00094,0.39365
CVE-2021-21917,0.00094,0.39365
CVE-2021-21918,0.00120,0.46122
CVE-2021-21919,0.00120,0.46122
CVE-2021-2192,0.00045,0.12178
CVE-2021-21920,0.00120,0.46122
CVE-2021-21921,0.00120,0.46122
CVE-2021-21922,0.00120,0.46122
CVE-2021-21923,0.00120,0.46122
CVE-2021-21924,0.00120,0.46122
CVE-2021-21925,0.00120,0.46122
CVE-2021-21926,0.00120,0.46122
CVE-2021-21927,0.00120,0.46122
CVE-2021-21928,0.00120,0.46122
CVE-2021-21929,0.00120,0.46122
CVE-2021-2193,0.00121,0.46299
CVE-2021-21930,0.00120,0.46122
CVE-2021-21931,0.00120,0.46122
CVE-2021-21932,0.00120,0.46122
CVE-2021-21933,0.00120,0.46122
CVE-2021-21934,0.00120,0.46122
CVE-2021-21935,0.00120,0.46122
CVE-2021-21936,0.00094,0.39365
CVE-2021-21937,0.00120,0.46122
CVE-2021-21938,0.00248,0.62822
CVE-2021-21939,0.00271,0.64589
CVE-2021-2194,0.00121,0.46299
CVE-2021-21940,0.00234,0.61568
CVE-2021-21941,0.00379,0.70193
CVE-2021-21942,0.00457,0.72706
CVE-2021-21943,0.00271,0.64589
CVE-2021-21944,0.00229,0.61147
CVE-2021-21945,0.00229,0.61147
CVE-2021-21946,0.00229,0.61147
CVE-2021-21947,0.00229,0.61147
CVE-2021-21948,0.00081,0.33577
CVE-2021-21949,0.00229,0.61147
CVE-2021-2195,0.00181,0.55499
CVE-2021-21950,0.00335,0.68364
CVE-2021-21951,0.00335,0.68364
CVE-2021-21952,0.00283,0.65421
CVE-2021-21953,0.00204,0.58406
CVE-2021-21954,0.00141,0.49751
CVE-2021-21955,0.00205,0.58568
CVE-2021-21956,0.00092,0.38915
CVE-2021-21957,0.00048,0.14460
CVE-2021-21958,0.00114,0.44909
CVE-2021-21959,0.00204,0.58406
CVE-2021-2196,0.00121,0.46299
CVE-2021-21960,0.00401,0.70984
CVE-2021-21961,0.00401,0.70984
CVE-2021-21962,0.00237,0.61868
CVE-2021-21963,0.00133,0.48340
CVE-2021-21964,0.00086,0.35887
CVE-2021-21965,0.00156,0.52026
CVE-2021-21966,0.00323,0.67727
CVE-2021-21967,0.00075,0.30765
CVE-2021-21968,0.00154,0.51732
CVE-2021-21969,0.00261,0.63912
CVE-2021-2197,0.00181,0.55499
CVE-2021-21970,0.00261,0.63912
CVE-2021-21971,0.00074,0.30756
CVE-2021-21972,0.97383,0.99901
CVE-2021-21973,0.20707,0.95973
CVE-2021-21974,0.75434,0.97908
CVE-2021-21975,0.96694,0.99579
CVE-2021-21976,0.00182,0.55588
CVE-2021-21978,0.97364,0.99891
CVE-2021-21979,0.00117,0.45551
CVE-2021-2198,0.00181,0.55499
CVE-2021-21980,0.00240,0.62131
CVE-2021-21981,0.00042,0.05722
CVE-2021-21982,0.00185,0.55872
CVE-2021-21983,0.00248,0.62797
CVE-2021-21984,0.00681,0.77932
CVE-2021-21985,0.97387,0.99906
CVE-2021-21986,0.00267,0.64377
CVE-2021-21987,0.00045,0.12491
CVE-2021-21988,0.00045,0.12491
CVE-2021-21989,0.00045,0.12491
CVE-2021-2199,0.00181,0.55499
CVE-2021-21990,0.00112,0.44327
CVE-2021-21991,0.00042,0.05722
CVE-2021-21992,0.00081,0.33872
CVE-2021-21993,0.00089,0.37430
CVE-2021-21994,0.00222,0.60597
CVE-2021-21995,0.00089,0.37454
CVE-2021-21996,0.00488,0.73564
CVE-2021-21997,0.00042,0.05722
CVE-2021-21998,0.00218,0.59842
CVE-2021-21999,0.00045,0.12491
CVE-2021-2200,0.00194,0.57348
CVE-2021-22000,0.00067,0.27690
CVE-2021-22001,0.00150,0.51158
CVE-2021-22002,0.00227,0.60974
CVE-2021-22003,0.00119,0.45897
CVE-2021-22004,0.00042,0.05722
CVE-2021-22005,0.97289,0.99843
CVE-2021-22006,0.00465,0.72928
CVE-2021-22007,0.00042,0.05722
CVE-2021-22008,0.00277,0.64976
CVE-2021-22009,0.00148,0.50763
CVE-2021-2201,0.00059,0.23219
CVE-2021-22010,0.00089,0.37454
CVE-2021-22011,0.00077,0.31769
CVE-2021-22012,0.00121,0.46319
CVE-2021-22013,0.00129,0.47757
CVE-2021-22014,0.00105,0.42562
CVE-2021-22015,0.00052,0.17536
CVE-2021-22016,0.00072,0.29675
CVE-2021-22017,0.13492,0.95118
CVE-2021-22018,0.00233,0.61472
CVE-2021-22019,0.00168,0.53809
CVE-2021-2202,0.00059,0.23219
CVE-2021-22020,0.00044,0.10161
CVE-2021-22021,0.00054,0.20290
CVE-2021-22022,0.00067,0.27858
CVE-2021-22023,0.00101,0.41077
CVE-2021-22024,0.00121,0.46319
CVE-2021-22025,0.00073,0.30380
CVE-2021-22026,0.00121,0.46319
CVE-2021-22027,0.00121,0.46319
CVE-2021-22028,0.00163,0.52961
CVE-2021-22029,0.00089,0.37454
CVE-2021-2203,0.00059,0.23219
CVE-2021-22030,0.00065,0.27084
CVE-2021-22033,0.00054,0.20290
CVE-2021-22034,0.00126,0.47143
CVE-2021-22035,0.00054,0.20290
CVE-2021-22036,0.00119,0.45897
CVE-2021-22037,0.00053,0.18903
CVE-2021-22038,0.00101,0.41077
CVE-2021-2204,0.00162,0.52874
CVE-2021-22040,0.00044,0.10161
CVE-2021-22041,0.00044,0.10161
CVE-2021-22042,0.00044,0.10161
CVE-2021-22043,0.00101,0.41077
CVE-2021-22044,0.00119,0.45897
CVE-2021-22045,0.00077,0.31634
CVE-2021-22047,0.00072,0.29675
CVE-2021-22048,0.00263,0.64037
CVE-2021-22049,0.00227,0.60974
CVE-2021-2205,0.00194,0.57348
CVE-2021-22050,0.00089,0.37454
CVE-2021-22051,0.00054,0.20290
CVE-2021-22053,0.51942,0.97293
CVE-2021-22054,0.74000,0.97870
CVE-2021-22055,0.00136,0.48987
CVE-2021-22056,0.00119,0.45897
CVE-2021-22057,0.00103,0.41586
CVE-2021-2206,0.00181,0.55499
CVE-2021-22060,0.00054,0.20290
CVE-2021-2207,0.00045,0.12178
CVE-2021-2208,0.00059,0.23219
CVE-2021-2209,0.00089,0.37370
CVE-2021-22095,0.00081,0.33872
CVE-2021-22096,0.00079,0.32931
CVE-2021-22097,0.00081,0.33872
CVE-2021-22098,0.00072,0.29847
CVE-2021-2210,0.00181,0.55499
CVE-2021-22100,0.00079,0.33173
CVE-2021-22101,0.00095,0.39739
CVE-2021-2211,0.03189,0.90224
CVE-2021-22112,0.00259,0.63672
CVE-2021-22113,0.00084,0.34791
CVE-2021-22114,0.00096,0.39991
CVE-2021-22115,0.00065,0.26756
CVE-2021-22116,0.00083,0.34377
CVE-2021-22117,0.00044,0.10161
CVE-2021-22118,0.00046,0.13850
CVE-2021-22119,0.00458,0.72735
CVE-2021-2212,0.00059,0.23219
CVE-2021-22122,0.00574,0.75641
CVE-2021-22123,0.02140,0.88171
CVE-2021-22124,0.00095,0.39739
CVE-2021-22125,0.00312,0.67115
CVE-2021-22127,0.00065,0.26849
CVE-2021-22128,0.00082,0.34183
CVE-2021-22129,0.00096,0.39884
CVE-2021-2213,0.00059,0.23219
CVE-2021-22130,0.00196,0.57524
CVE-2021-22131,0.00045,0.12115
CVE-2021-22132,0.00082,0.33972
CVE-2021-22133,0.00044,0.10161
CVE-2021-22134,0.00059,0.23123
CVE-2021-22135,0.00090,0.37972
CVE-2021-22136,0.00058,0.22795
CVE-2021-22137,0.00090,0.37972
CVE-2021-22138,0.00065,0.27048
CVE-2021-22139,0.00081,0.33872
CVE-2021-2214,0.00182,0.55525
CVE-2021-22140,0.00177,0.54886
CVE-2021-22141,0.00068,0.28132
CVE-2021-22142,0.00050,0.16285
CVE-2021-22143,0.00045,0.11801
CVE-2021-22144,0.00138,0.49323
CVE-2021-22145,0.96504,0.99508
CVE-2021-22146,0.01523,0.85717
CVE-2021-22147,0.00112,0.44333
CVE-2021-22148,0.00104,0.42231
CVE-2021-22149,0.00104,0.42231
CVE-2021-2215,0.00059,0.23219
CVE-2021-22150,0.00048,0.14462
CVE-2021-22151,0.00046,0.12730
CVE-2021-22152,0.00044,0.10161
CVE-2021-22153,0.00090,0.37716
CVE-2021-22154,0.00084,0.34791
CVE-2021-22155,0.00104,0.42231
CVE-2021-22156,0.00306,0.66754
CVE-2021-22157,0.00078,0.32606
CVE-2021-22158,0.00104,0.42231
CVE-2021-22159,0.00042,0.05722
CVE-2021-2216,0.00083,0.34568
CVE-2021-22160,0.01524,0.85723
CVE-2021-22161,0.00058,0.22795
CVE-2021-22166,0.00145,0.50409
CVE-2021-22167,0.00177,0.54894
CVE-2021-22168,0.00081,0.33872
CVE-2021-22169,0.00054,0.20290
CVE-2021-2217,0.00059,0.23219
CVE-2021-22170,0.00216,0.59647
CVE-2021-22171,0.00188,0.56363
CVE-2021-22172,0.00080,0.33243
CVE-2021-22173,0.00280,0.65179
CVE-2021-22174,0.00280,0.65179
CVE-2021-22175,0.00616,0.76585
CVE-2021-22176,0.00067,0.27897
CVE-2021-22177,0.00090,0.37729
CVE-2021-22178,0.00080,0.33243
CVE-2021-22179,0.00090,0.37729
CVE-2021-2218,0.00083,0.34278
CVE-2021-22180,0.00080,0.33243
CVE-2021-22181,0.00081,0.33872
CVE-2021-22182,0.00062,0.24397
CVE-2021-22183,0.00067,0.27897
CVE-2021-22184,0.00044,0.10161
CVE-2021-22185,0.00067,0.27897
CVE-2021-22186,0.00054,0.20290
CVE-2021-22187,0.00072,0.29893
CVE-2021-22188,0.00095,0.39646
CVE-2021-22189,0.00129,0.47613
CVE-2021-2219,0.00053,0.18590
CVE-2021-22190,0.00084,0.34792
CVE-2021-22191,0.01415,0.85136
CVE-2021-22192,0.32677,0.96641
CVE-2021-22193,0.00077,0.31645
CVE-2021-22194,0.00044,0.10161
CVE-2021-22195,0.00081,0.33502
CVE-2021-22196,0.00067,0.27897
CVE-2021-22197,0.00072,0.29893
CVE-2021-22198,0.00067,0.27897
CVE-2021-22199,0.00067,0.27897
CVE-2021-2220,0.00054,0.20290
CVE-2021-22200,0.00178,0.55045
CVE-2021-22201,0.00114,0.44880
CVE-2021-22202,0.00064,0.26312
CVE-2021-22203,0.00374,0.69998
CVE-2021-22204,0.92045,0.98758
CVE-2021-22205,0.97333,0.99872
CVE-2021-22206,0.00114,0.44880
CVE-2021-22207,0.00395,0.70790
CVE-2021-22208,0.00054,0.20290
CVE-2021-22209,0.00079,0.33048
CVE-2021-2221,0.00519,0.74380
CVE-2021-22210,0.00129,0.47684
CVE-2021-22211,0.00054,0.20290
CVE-2021-22212,0.00093,0.39112
CVE-2021-22213,0.00182,0.55618
CVE-2021-22214,0.10716,0.94576
CVE-2021-22215,0.00054,0.20290
CVE-2021-22216,0.00081,0.33872
CVE-2021-22217,0.00101,0.41158
CVE-2021-22218,0.00067,0.27897
CVE-2021-22219,0.00080,0.33412
CVE-2021-2222,0.00089,0.37370
CVE-2021-22220,0.00067,0.27897
CVE-2021-22221,0.00079,0.33048
CVE-2021-22222,0.00436,0.72105
CVE-2021-22223,0.00092,0.38916
CVE-2021-22224,0.00063,0.25683
CVE-2021-22225,0.00054,0.20290
CVE-2021-22226,0.00080,0.33412
CVE-2021-22227,0.00092,0.38916
CVE-2021-22228,0.00148,0.50852
CVE-2021-22229,0.00199,0.57869
CVE-2021-2223,0.00089,0.37370
CVE-2021-22230,0.00102,0.41546
CVE-2021-22231,0.00087,0.36034
CVE-2021-22232,0.00067,0.27897
CVE-2021-22233,0.00058,0.22585
CVE-2021-22234,0.00066,0.27597
CVE-2021-22235,0.00200,0.57954
CVE-2021-22236,0.00102,0.41546
CVE-2021-22237,0.00054,0.20290
CVE-2021-22238,0.00067,0.27897
CVE-2021-22239,0.00054,0.20290
CVE-2021-2224,0.00089,0.37370
CVE-2021-22240,0.00067,0.27897
CVE-2021-22241,0.00067,0.27897
CVE-2021-22242,0.00096,0.39895
CVE-2021-22243,0.00054,0.20290
CVE-2021-22244,0.00091,0.38098
CVE-2021-22245,0.00090,0.37770
CVE-2021-22246,0.00159,0.52507
CVE-2021-22247,0.00067,0.27897
CVE-2021-22248,0.00078,0.32206
CVE-2021-22249,0.00067,0.27897
CVE-2021-2225,0.00089,0.37370
CVE-2021-22250,0.00067,0.27897
CVE-2021-22251,0.00080,0.33243
CVE-2021-22252,0.00091,0.38098
CVE-2021-22253,0.00090,0.37729
CVE-2021-22254,0.00066,0.27595
CVE-2021-22255,0.00147,0.50726
CVE-2021-22256,0.00067,0.27897
CVE-2021-22257,0.00078,0.32206
CVE-2021-22258,0.00067,0.27897
CVE-2021-22259,0.00081,0.33872
CVE-2021-2226,0.00063,0.24890
CVE-2021-22260,0.00094,0.39475
CVE-2021-22261,0.00067,0.27897
CVE-2021-22262,0.00067,0.27897
CVE-2021-22263,0.00118,0.45824
CVE-2021-22264,0.00080,0.33412
CVE-2021-22267,0.00160,0.52651
CVE-2021-2227,0.00089,0.37370
CVE-2021-22272,0.00091,0.38389
CVE-2021-22275,0.00089,0.37607
CVE-2021-22276,0.00051,0.17428
CVE-2021-22277,0.00089,0.37607
CVE-2021-22278,0.00044,0.10161
CVE-2021-22279,0.00201,0.58090
CVE-2021-2228,0.00089,0.37370
CVE-2021-22283,0.00043,0.06775
CVE-2021-22284,0.00105,0.42644
CVE-2021-22285,0.00089,0.37607
CVE-2021-22286,0.00089,0.37607
CVE-2021-22288,0.00089,0.37607
CVE-2021-22289,0.00334,0.68322
CVE-2021-2229,0.00089,0.37370
CVE-2021-22292,0.00103,0.41969
CVE-2021-22293,0.00168,0.53801
CVE-2021-22294,0.00042,0.05722
CVE-2021-22295,0.00042,0.05722
CVE-2021-22296,0.00042,0.05722
CVE-2021-22298,0.00065,0.26901
CVE-2021-22299,0.00042,0.05722
CVE-2021-2230,0.00059,0.23219
CVE-2021-22300,0.00044,0.10161
CVE-2021-22301,0.00044,0.10161
CVE-2021-22302,0.00044,0.10161
CVE-2021-22303,0.00055,0.20370
CVE-2021-22304,0.00044,0.10161
CVE-2021-22305,0.00044,0.10161
CVE-2021-22306,0.00058,0.22795
CVE-2021-22307,0.00042,0.05722
CVE-2021-22308,0.00042,0.05722
CVE-2021-22309,0.00168,0.53801
CVE-2021-2231,0.00089,0.37370
CVE-2021-22310,0.00044,0.10161
CVE-2021-22311,0.00104,0.42231
CVE-2021-22312,0.00142,0.49886
CVE-2021-22313,0.00152,0.51501
CVE-2021-22314,0.00042,0.05722
CVE-2021-22316,0.00062,0.24332
CVE-2021-22317,0.00152,0.51501
CVE-2021-22318,0.00042,0.05722
CVE-2021-22319,0.00101,0.41058
CVE-2021-2232,0.00045,0.12178
CVE-2021-22320,0.00103,0.41969
CVE-2021-22321,0.00092,0.38838
CVE-2021-22322,0.00152,0.51501
CVE-2021-22323,0.00201,0.58090
CVE-2021-22324,0.00152,0.51501
CVE-2021-22325,0.00073,0.30345
CVE-2021-22326,0.00042,0.05722
CVE-2021-22327,0.00093,0.39203
CVE-2021-22328,0.00089,0.37607
CVE-2021-22329,0.00054,0.20290
CVE-2021-2233,0.00089,0.37370
CVE-2021-22330,0.00062,0.24843
CVE-2021-22331,0.00091,0.38169
CVE-2021-22332,0.00103,0.41969
CVE-2021-22333,0.00201,0.58020
CVE-2021-22334,0.00051,0.17414
CVE-2021-22335,0.00044,0.10161
CVE-2021-22336,0.00129,0.47649
CVE-2021-22337,0.00073,0.30345
CVE-2021-22338,0.00081,0.33674
CVE-2021-22339,0.00081,0.33872
CVE-2021-2234,0.00054,0.20290
CVE-2021-22340,0.00044,0.10161
CVE-2021-22341,0.00081,0.33872
CVE-2021-22342,0.00065,0.26756
CVE-2021-22343,0.00091,0.38389
CVE-2021-22344,0.00079,0.33173
CVE-2021-22345,0.00201,0.58090
CVE-2021-22346,0.00072,0.29847
CVE-2021-22347,0.00079,0.33173
CVE-2021-22348,0.00201,0.58090
CVE-2021-22349,0.00089,0.37607
CVE-2021-2235,0.00087,0.36447
CVE-2021-22350,0.00089,0.37607
CVE-2021-22351,0.00081,0.33872
CVE-2021-22352,0.00062,0.24373
CVE-2021-22353,0.00089,0.37607
CVE-2021-22354,0.00185,0.55888
CVE-2021-22356,0.00150,0.51158
CVE-2021-22357,0.00089,0.37607
CVE-2021-22358,0.00068,0.27939
CVE-2021-22359,0.00091,0.38169
CVE-2021-2236,0.00089,0.37370
CVE-2021-22360,0.00081,0.33872
CVE-2021-22361,0.00044,0.10161
CVE-2021-22362,0.00081,0.33674
CVE-2021-22363,0.00091,0.38169
CVE-2021-22364,0.00044,0.10161
CVE-2021-22365,0.00042,0.05722
CVE-2021-22366,0.00044,0.10161
CVE-2021-22367,0.00197,0.57609
CVE-2021-22368,0.00089,0.37607
CVE-2021-22369,0.00201,0.58090
CVE-2021-2237,0.00089,0.37370
CVE-2021-22370,0.00150,0.51158
CVE-2021-22371,0.00150,0.51158
CVE-2021-22372,0.00150,0.51158
CVE-2021-22373,0.00091,0.38389
CVE-2021-22374,0.00089,0.37607
CVE-2021-22375,0.00201,0.58090
CVE-2021-22376,0.00058,0.21956
CVE-2021-22377,0.00113,0.44767
CVE-2021-22378,0.00081,0.33872
CVE-2021-22379,0.00089,0.37607
CVE-2021-2238,0.00089,0.37370
CVE-2021-22380,0.00198,0.57713
CVE-2021-22381,0.00089,0.37607
CVE-2021-22382,0.00044,0.10161
CVE-2021-22383,0.00081,0.33872
CVE-2021-22384,0.00185,0.55818
CVE-2021-22385,0.00042,0.05722
CVE-2021-22386,0.00042,0.05722
CVE-2021-22387,0.00359,0.69370
CVE-2021-22388,0.00201,0.58090
CVE-2021-22389,0.00201,0.58090
CVE-2021-2239,0.00089,0.37370
CVE-2021-22390,0.00201,0.58090
CVE-2021-22391,0.00089,0.37607
CVE-2021-22392,0.00073,0.30380
CVE-2021-22393,0.00103,0.41969
CVE-2021-22394,0.00218,0.59811
CVE-2021-22395,0.00126,0.47178
CVE-2021-22396,0.00042,0.05722
CVE-2021-22397,0.00044,0.10161
CVE-2021-22398,0.00049,0.15803
CVE-2021-22399,0.00044,0.10161
CVE-2021-2240,0.00083,0.34278
CVE-2021-22400,0.00050,0.16871
CVE-2021-22401,0.00089,0.37607
CVE-2021-22402,0.00089,0.37607
CVE-2021-22403,0.00201,0.58090
CVE-2021-22404,0.00083,0.34406
CVE-2021-22405,0.00089,0.37607
CVE-2021-22406,0.00089,0.37607
CVE-2021-22407,0.00072,0.29847
CVE-2021-22409,0.00065,0.26901
CVE-2021-2241,0.00089,0.37370
CVE-2021-22410,0.00054,0.20290
CVE-2021-22411,0.00065,0.26901
CVE-2021-22412,0.00150,0.51158
CVE-2021-22413,0.00089,0.37607
CVE-2021-22414,0.00089,0.37607
CVE-2021-22415,0.00089,0.37607
CVE-2021-22416,0.00042,0.05722
CVE-2021-22417,0.00042,0.05722
CVE-2021-22418,0.00042,0.05722
CVE-2021-22419,0.00042,0.05722
CVE-2021-2242,0.00089,0.37649
CVE-2021-22420,0.00042,0.05722
CVE-2021-22421,0.00042,0.05722
CVE-2021-22422,0.00042,0.05722
CVE-2021-22423,0.00042,0.05722
CVE-2021-22424,0.00042,0.05722
CVE-2021-22425,0.00042,0.05722
CVE-2021-22426,0.00221,0.60385
CVE-2021-22427,0.00197,0.57609
CVE-2021-22428,0.00197,0.57609
CVE-2021-22429,0.00221,0.60385
CVE-2021-22430,0.00129,0.47749
CVE-2021-22431,0.00221,0.60385
CVE-2021-22432,0.00221,0.60385
CVE-2021-22433,0.00221,0.60385
CVE-2021-22434,0.00221,0.60385
CVE-2021-22435,0.00091,0.38389
CVE-2021-22436,0.00073,0.29997
CVE-2021-22437,0.00044,0.10161
CVE-2021-22438,0.00201,0.58090
CVE-2021-22439,0.00208,0.58806
CVE-2021-2244,0.06230,0.92915
CVE-2021-22440,0.00060,0.23377
CVE-2021-22441,0.00044,0.10161
CVE-2021-22442,0.00089,0.37607
CVE-2021-22443,0.00150,0.51158
CVE-2021-22444,0.00201,0.58090
CVE-2021-22445,0.00089,0.37607
CVE-2021-22446,0.00089,0.37607
CVE-2021-22447,0.00089,0.37607
CVE-2021-22448,0.00152,0.51511
CVE-2021-22449,0.00070,0.29088
CVE-2021-2245,0.00054,0.20290
CVE-2021-22450,0.00042,0.05722
CVE-2021-22451,0.00042,0.05722
CVE-2021-22452,0.00042,0.05722
CVE-2021-22453,0.00042,0.05722
CVE-2021-22454,0.00042,0.05722
CVE-2021-22455,0.00042,0.05722
CVE-2021-22456,0.00042,0.05722
CVE-2021-22457,0.00042,0.05722
CVE-2021-22458,0.00042,0.05722
CVE-2021-22459,0.00042,0.05722
CVE-2021-2246,0.00089,0.37370
CVE-2021-22460,0.00042,0.05722
CVE-2021-22461,0.00042,0.05722
CVE-2021-22462,0.00042,0.05722
CVE-2021-22463,0.00042,0.05722
CVE-2021-22464,0.00042,0.05722
CVE-2021-22465,0.00042,0.05722
CVE-2021-22466,0.00042,0.05722
CVE-2021-22467,0.00042,0.05722
CVE-2021-22468,0.00042,0.05722
CVE-2021-22469,0.00042,0.05722
CVE-2021-2247,0.00089,0.37370
CVE-2021-22470,0.00042,0.05722
CVE-2021-22471,0.00042,0.05722
CVE-2021-22472,0.00150,0.51158
CVE-2021-22473,0.00150,0.51158
CVE-2021-22474,0.00201,0.58090
CVE-2021-22475,0.00072,0.29847
CVE-2021-22478,0.00044,0.10161
CVE-2021-22479,0.00044,0.10161
CVE-2021-2248,0.00576,0.75717
CVE-2021-22480,0.00201,0.58090
CVE-2021-22481,0.00150,0.51158
CVE-2021-22482,0.00072,0.29847
CVE-2021-22483,0.00089,0.37607
CVE-2021-22485,0.00150,0.51158
CVE-2021-22486,0.00150,0.51158
CVE-2021-22487,0.00089,0.37607
CVE-2021-22488,0.00073,0.30380
CVE-2021-22489,0.00101,0.41058
CVE-2021-2249,0.00089,0.37370
CVE-2021-22490,0.00079,0.33173
CVE-2021-22491,0.00089,0.37607
CVE-2021-22492,0.00054,0.19462
CVE-2021-22494,0.00049,0.15848
CVE-2021-22495,0.00049,0.15848
CVE-2021-22496,0.00162,0.52821
CVE-2021-22497,0.00097,0.40261
CVE-2021-22498,0.00097,0.40261
CVE-2021-22499,0.00054,0.20290
CVE-2021-2250,0.00043,0.07608
CVE-2021-22500,0.00053,0.19032
CVE-2021-22502,0.95310,0.99212
CVE-2021-22504,0.00654,0.77333
CVE-2021-22505,0.00292,0.65992
CVE-2021-22506,0.00425,0.71748
CVE-2021-22507,0.01565,0.85919
CVE-2021-2251,0.00089,0.37370
CVE-2021-22510,0.00078,0.32606
CVE-2021-22511,0.00084,0.34791
CVE-2021-22512,0.00053,0.19032
CVE-2021-22513,0.00054,0.20290
CVE-2021-22514,0.00654,0.77333
CVE-2021-22515,0.00054,0.20290
CVE-2021-22516,0.00152,0.51501
CVE-2021-22517,0.00090,0.37857
CVE-2021-22519,0.00612,0.76469
CVE-2021-2252,0.00089,0.37370
CVE-2021-22521,0.00044,0.10161
CVE-2021-22522,0.00079,0.33173
CVE-2021-22523,0.00165,0.53198
CVE-2021-22524,0.00081,0.33872
CVE-2021-22525,0.00044,0.10161
CVE-2021-22526,0.00078,0.32206
CVE-2021-22527,0.00158,0.52341
CVE-2021-22528,0.00054,0.20290
CVE-2021-2253,0.00194,0.57348
CVE-2021-22531,0.00072,0.29847
CVE-2021-22535,0.00065,0.26756
CVE-2021-22538,0.00180,0.55334
CVE-2021-22539,0.00054,0.19657
CVE-2021-2254,0.00089,0.37370
CVE-2021-22540,0.00076,0.31163
CVE-2021-22543,0.00042,0.05722
CVE-2021-22545,0.00044,0.10161
CVE-2021-22547,0.00044,0.10161
CVE-2021-22548,0.00063,0.24934
CVE-2021-22549,0.00044,0.10171
CVE-2021-2255,0.00089,0.37370
CVE-2021-22550,0.00044,0.10171
CVE-2021-22552,0.00048,0.14460
CVE-2021-22553,0.00069,0.28531
CVE-2021-22555,0.00256,0.63521
CVE-2021-22556,0.00045,0.11968
CVE-2021-22557,0.00063,0.24905
CVE-2021-2256,0.00576,0.75717
CVE-2021-22563,0.00044,0.10445
CVE-2021-22564,0.00060,0.23520
CVE-2021-22565,0.00082,0.34074
CVE-2021-22566,0.00107,0.43144
CVE-2021-22567,0.00050,0.16378
CVE-2021-22568,0.00098,0.40336
CVE-2021-22569,0.00088,0.36698
CVE-2021-2257,0.00054,0.20290
CVE-2021-22570,0.00045,0.12520
CVE-2021-22571,0.00042,0.05722
CVE-2021-22572,0.00042,0.05722
CVE-2021-22573,0.00057,0.21513
CVE-2021-2258,0.00089,0.37370
CVE-2021-2259,0.00089,0.37370
CVE-2021-2260,0.00089,0.37370
CVE-2021-22600,0.00086,0.35652
CVE-2021-2261,0.00089,0.37370
CVE-2021-2262,0.00089,0.37370
CVE-2021-2263,0.00089,0.37370
CVE-2021-22636,0.00043,0.07329
CVE-2021-22637,0.00175,0.54729
CVE-2021-22638,0.00115,0.45162
CVE-2021-22639,0.00118,0.45822
CVE-2021-2264,0.00052,0.17673
CVE-2021-22640,0.00187,0.56222
CVE-2021-22641,0.00089,0.37463
CVE-2021-22642,0.00083,0.34393
CVE-2021-22643,0.00136,0.48947
CVE-2021-22644,0.00187,0.56222
CVE-2021-22645,0.00081,0.33724
CVE-2021-22646,0.00266,0.64316
CVE-2021-22647,0.00166,0.53360
CVE-2021-22648,0.00187,0.56222
CVE-2021-22649,0.00136,0.48947
CVE-2021-22650,0.00570,0.75546
CVE-2021-22651,0.00086,0.35705
CVE-2021-22652,0.04865,0.92011
CVE-2021-22653,0.00077,0.31784
CVE-2021-22654,0.02616,0.89289
CVE-2021-22655,0.00077,0.31784
CVE-2021-22656,0.11751,0.94825
CVE-2021-22657,0.00191,0.56749
CVE-2021-22658,0.00465,0.72906
CVE-2021-22659,0.00102,0.41476
CVE-2021-2266,0.00043,0.07689
CVE-2021-22660,0.00161,0.52706
CVE-2021-22661,0.00080,0.33470
CVE-2021-22662,0.00133,0.48342
CVE-2021-22663,0.00123,0.46679
CVE-2021-22664,0.00097,0.40229
CVE-2021-22665,0.00042,0.00438
CVE-2021-22666,0.00188,0.56358
CVE-2021-22667,0.00352,0.69060
CVE-2021-22668,0.00598,0.76163
CVE-2021-22669,0.00145,0.50337
CVE-2021-2267,0.00089,0.37370
CVE-2021-22670,0.00124,0.46814
CVE-2021-22671,0.00288,0.65720
CVE-2021-22672,0.00101,0.41193
CVE-2021-22673,0.00101,0.41083
CVE-2021-22674,0.00093,0.38968
CVE-2021-22675,0.00124,0.46831
CVE-2021-22676,0.00153,0.51529
CVE-2021-22677,0.00045,0.10878
CVE-2021-22678,0.00075,0.30786
CVE-2021-22679,0.00288,0.65720
CVE-2021-2268,0.00089,0.37370
CVE-2021-22680,0.00263,0.64061
CVE-2021-22681,0.00824,0.80108
CVE-2021-22682,0.00042,0.00438
CVE-2021-22683,0.00115,0.45162
CVE-2021-22684,0.00263,0.64021
CVE-2021-22685,0.00152,0.51431
CVE-2021-2269,0.00089,0.37370
CVE-2021-22696,0.00327,0.67946
CVE-2021-22697,0.00876,0.80717
CVE-2021-22698,0.00788,0.79623
CVE-2021-22699,0.00072,0.29995
CVE-2021-2270,0.00089,0.37370
CVE-2021-22701,0.00044,0.08189
CVE-2021-22702,0.00115,0.45199
CVE-2021-22703,0.00115,0.45199
CVE-2021-22704,0.00173,0.54559
CVE-2021-22705,0.00047,0.13886
CVE-2021-22706,0.00072,0.29847
CVE-2021-22707,0.29966,0.96528
CVE-2021-22708,0.00104,0.42231
CVE-2021-22709,0.00286,0.65538
CVE-2021-2271,0.00089,0.37370
CVE-2021-22710,0.00286,0.65538
CVE-2021-22711,0.00109,0.43514
CVE-2021-22712,0.00109,0.43514
CVE-2021-22713,0.00083,0.34295
CVE-2021-22714,0.00467,0.72980
CVE-2021-22716,0.00111,0.44125
CVE-2021-22717,0.07147,0.93380
CVE-2021-22718,0.00780,0.79526
CVE-2021-22719,0.07147,0.93380
CVE-2021-2272,0.00089,0.37370
CVE-2021-22720,0.17300,0.95646
CVE-2021-22721,0.00072,0.29847
CVE-2021-22722,0.00054,0.20290
CVE-2021-22723,0.00072,0.29847
CVE-2021-22724,0.00075,0.30903
CVE-2021-22725,0.00075,0.30903
CVE-2021-22726,0.00065,0.26756
CVE-2021-22727,0.00201,0.58090
CVE-2021-22728,0.00065,0.26756
CVE-2021-22729,0.00201,0.58090
CVE-2021-2273,0.00089,0.37370
CVE-2021-22730,0.00201,0.58090
CVE-2021-22731,0.00569,0.75540
CVE-2021-22732,0.00047,0.13886
CVE-2021-22733,0.00047,0.13886
CVE-2021-22734,0.00264,0.64076
CVE-2021-22735,0.00264,0.64076
CVE-2021-22736,0.00095,0.39493
CVE-2021-22737,0.00201,0.58020
CVE-2021-22738,0.00201,0.58020
CVE-2021-22739,0.00152,0.51501
CVE-2021-2274,0.00089,0.37370
CVE-2021-22740,0.00065,0.26756
CVE-2021-22741,0.00047,0.13886
CVE-2021-22742,0.00047,0.13886
CVE-2021-22743,0.00047,0.13886
CVE-2021-22744,0.00047,0.13886
CVE-2021-22745,0.00047,0.13886
CVE-2021-22746,0.00047,0.13886
CVE-2021-22747,0.00047,0.13886
CVE-2021-22748,0.00418,0.71531
CVE-2021-22749,0.00111,0.44201
CVE-2021-2275,0.00089,0.37370
CVE-2021-22750,0.00390,0.70646
CVE-2021-22751,0.00062,0.24305
CVE-2021-22752,0.00390,0.70646
CVE-2021-22753,0.00390,0.70646
CVE-2021-22754,0.00152,0.51489
CVE-2021-22755,0.00140,0.49674
CVE-2021-22756,0.00140,0.49674
CVE-2021-22757,0.00140,0.49674
CVE-2021-22758,0.00152,0.51489
CVE-2021-22759,0.00177,0.54878
CVE-2021-2276,0.00089,0.37370
CVE-2021-22760,0.00152,0.51489
CVE-2021-22761,0.00130,0.47886
CVE-2021-22762,0.00359,0.69374
CVE-2021-22763,0.00115,0.45151
CVE-2021-22764,0.00110,0.43956
CVE-2021-22765,0.00219,0.59910
CVE-2021-22766,0.00062,0.24572
CVE-2021-22767,0.00219,0.59910
CVE-2021-22768,0.00219,0.59910
CVE-2021-22769,0.00054,0.20290
CVE-2021-2277,0.00194,0.57348
CVE-2021-22770,0.00065,0.26756
CVE-2021-22771,0.00044,0.10161
CVE-2021-22772,0.00197,0.57609
CVE-2021-22773,0.00054,0.20290
CVE-2021-22774,0.00150,0.51158
CVE-2021-22775,0.00062,0.24544
CVE-2021-22777,0.00090,0.37865
CVE-2021-22778,0.00047,0.13886
CVE-2021-22779,0.00147,0.50603
CVE-2021-2278,0.00059,0.23219
CVE-2021-22780,0.00047,0.13886
CVE-2021-22781,0.00047,0.13886
CVE-2021-22782,0.00047,0.13886
CVE-2021-22783,0.00050,0.16871
CVE-2021-22784,0.00311,0.67027
CVE-2021-22785,0.00150,0.51158
CVE-2021-22786,0.00094,0.39422
CVE-2021-22787,0.00078,0.32146
CVE-2021-22788,0.00112,0.44346
CVE-2021-22789,0.00081,0.33872
CVE-2021-2279,0.05816,0.92671
CVE-2021-22790,0.00068,0.28007
CVE-2021-22791,0.00068,0.28007
CVE-2021-22792,0.00061,0.24233
CVE-2021-22793,0.00087,0.35903
CVE-2021-22794,0.00456,0.72700
CVE-2021-22795,0.00358,0.69328
CVE-2021-22796,0.00128,0.47487
CVE-2021-22797,0.00168,0.53805
CVE-2021-22798,0.00150,0.51158
CVE-2021-22799,0.00047,0.13886
CVE-2021-2280,0.00086,0.35812
CVE-2021-22800,0.00071,0.29420
CVE-2021-22801,0.00438,0.72181
CVE-2021-22802,0.00499,0.73846
CVE-2021-22803,0.00444,0.72333
CVE-2021-22804,0.00188,0.56426
CVE-2021-22805,0.00110,0.43924
CVE-2021-22806,0.00189,0.56448
CVE-2021-22807,0.00065,0.26849
CVE-2021-22808,0.00065,0.26849
CVE-2021-22809,0.00061,0.23842
CVE-2021-2281,0.00069,0.28482
CVE-2021-22810,0.00065,0.26766
CVE-2021-22811,0.00065,0.26766
CVE-2021-22812,0.00065,0.26766
CVE-2021-22813,0.00065,0.26766
CVE-2021-22814,0.00065,0.26766
CVE-2021-22815,0.00072,0.29847
CVE-2021-22816,0.00089,0.37607
CVE-2021-22817,0.00045,0.11807
CVE-2021-22818,0.00150,0.51158
CVE-2021-22819,0.00072,0.29847
CVE-2021-2282,0.00086,0.35812
CVE-2021-22820,0.00201,0.58090
CVE-2021-22821,0.00073,0.30380
CVE-2021-22822,0.00072,0.29847
CVE-2021-22823,0.00091,0.38389
CVE-2021-22824,0.00089,0.37607
CVE-2021-22825,0.00104,0.42231
CVE-2021-22826,0.00349,0.68947
CVE-2021-22827,0.00349,0.68947
CVE-2021-2283,0.00086,0.35812
CVE-2021-2284,0.00069,0.28482
CVE-2021-22847,0.00389,0.70547
CVE-2021-22848,0.00119,0.45992
CVE-2021-22849,0.00054,0.20290
CVE-2021-2285,0.00086,0.35812
CVE-2021-22850,0.00235,0.61731
CVE-2021-22851,0.00174,0.54650
CVE-2021-22852,0.00104,0.42274
CVE-2021-22853,0.00114,0.44971
CVE-2021-22854,0.00204,0.58461
CVE-2021-22855,0.00874,0.80693
CVE-2021-22856,0.00094,0.39339
CVE-2021-22857,0.00170,0.54111
CVE-2021-22858,0.00145,0.50369
CVE-2021-22859,0.00574,0.75640
CVE-2021-2286,0.00069,0.28482
CVE-2021-22860,0.00848,0.80402
CVE-2021-22861,0.00152,0.51364
CVE-2021-22862,0.00065,0.26756
CVE-2021-22863,0.00170,0.53957
CVE-2021-22864,0.00932,0.81353
CVE-2021-22865,0.00144,0.50282
CVE-2021-22866,0.00220,0.59957
CVE-2021-22867,0.00179,0.55139
CVE-2021-22868,0.00086,0.35530
CVE-2021-22869,0.00262,0.63999
CVE-2021-2287,0.00086,0.35812
CVE-2021-22870,0.00104,0.42355
CVE-2021-22871,0.00323,0.67726
CVE-2021-22872,0.00605,0.76324
CVE-2021-22873,0.00922,0.81249
CVE-2021-22874,0.00102,0.41292
CVE-2021-22875,0.00102,0.41292
CVE-2021-22876,0.00608,0.76371
CVE-2021-22877,0.00142,0.49974
CVE-2021-22878,0.00085,0.35233
CVE-2021-22879,0.00629,0.76851
CVE-2021-2288,0.00089,0.37370
CVE-2021-22880,0.00605,0.76323
CVE-2021-22881,0.00225,0.60857
CVE-2021-22882,0.00116,0.45451
CVE-2021-22883,0.00646,0.77149
CVE-2021-22884,0.00545,0.75029
CVE-2021-22885,0.00527,0.74581
CVE-2021-22886,0.00105,0.42457
CVE-2021-22887,0.00044,0.10161
CVE-2021-22888,0.00102,0.41292
CVE-2021-22889,0.00102,0.41292
CVE-2021-2289,0.00089,0.37370
CVE-2021-22890,0.00387,0.70509
CVE-2021-22891,0.00240,0.62076
CVE-2021-22892,0.00248,0.62849
CVE-2021-22893,0.96745,0.99600
CVE-2021-22894,0.00562,0.75372
CVE-2021-22895,0.00168,0.53579
CVE-2021-22896,0.00091,0.38121
CVE-2021-22897,0.00204,0.58429
CVE-2021-22898,0.00180,0.55272
CVE-2021-22899,0.00287,0.65655
CVE-2021-2290,0.00089,0.37370
CVE-2021-22900,0.00514,0.74255
CVE-2021-22901,0.03815,0.91030
CVE-2021-22902,0.00091,0.38538
CVE-2021-22903,0.00079,0.33048
CVE-2021-22904,0.00195,0.57501
CVE-2021-22905,0.00151,0.51312
CVE-2021-22906,0.00067,0.27875
CVE-2021-22907,0.00044,0.10161
CVE-2021-22908,0.67701,0.97676
CVE-2021-22909,0.00370,0.69844
CVE-2021-2291,0.00043,0.07608
CVE-2021-22910,0.00152,0.51419
CVE-2021-22911,0.95312,0.99213
CVE-2021-22912,0.00151,0.51312
CVE-2021-22913,0.00135,0.48811
CVE-2021-22914,0.00152,0.51501
CVE-2021-22915,0.00392,0.70711
CVE-2021-22916,0.00150,0.51158
CVE-2021-22917,0.00150,0.51158
CVE-2021-22918,0.00087,0.36267
CVE-2021-22919,0.00089,0.37607
CVE-2021-2292,0.00089,0.37370
CVE-2021-22920,0.00150,0.51158
CVE-2021-22921,0.00053,0.19052
CVE-2021-22922,0.00178,0.55130
CVE-2021-22923,0.00172,0.54273
CVE-2021-22924,0.00154,0.51684
CVE-2021-22925,0.00178,0.55123
CVE-2021-22926,0.00758,0.79195
CVE-2021-22927,0.00152,0.51511
CVE-2021-22928,0.00044,0.10161
CVE-2021-22929,0.00044,0.10445
CVE-2021-2293,0.00059,0.23219
CVE-2021-22930,0.00263,0.64051
CVE-2021-22931,0.01529,0.85744
CVE-2021-22932,0.00095,0.39657
CVE-2021-22933,0.00080,0.33454
CVE-2021-22934,0.00100,0.40790
CVE-2021-22935,0.00091,0.38469
CVE-2021-22936,0.00072,0.29847
CVE-2021-22937,0.00108,0.43321
CVE-2021-22938,0.00091,0.38469
CVE-2021-22939,0.00316,0.67336
CVE-2021-2294,0.00150,0.51082
CVE-2021-22940,0.00213,0.59403
CVE-2021-22941,0.01529,0.85746
CVE-2021-22942,0.00103,0.41678
CVE-2021-22943,0.00062,0.24373
CVE-2021-22944,0.00044,0.10161
CVE-2021-22945,0.00526,0.74551
CVE-2021-22946,0.00296,0.66220
CVE-2021-22947,0.00136,0.48946
CVE-2021-22948,0.00183,0.55705
CVE-2021-22949,0.00052,0.18167
CVE-2021-2295,0.00089,0.37370
CVE-2021-22950,0.00053,0.19044
CVE-2021-22951,0.00158,0.52341
CVE-2021-22952,0.00090,0.38030
CVE-2021-22953,0.00052,0.18167
CVE-2021-22954,0.00075,0.30903
CVE-2021-22955,0.00089,0.37607
CVE-2021-22956,0.00089,0.37607
CVE-2021-22957,0.00201,0.58090
CVE-2021-22958,0.00185,0.55885
CVE-2021-22959,0.00182,0.55553
CVE-2021-2296,0.00043,0.07608
CVE-2021-22960,0.00258,0.63654
CVE-2021-22961,0.01056,0.82546
CVE-2021-22962,0.00583,0.75846
CVE-2021-22963,0.00150,0.51045
CVE-2021-22964,0.00138,0.49305
CVE-2021-22965,0.00089,0.37607
CVE-2021-22966,0.00104,0.42231
CVE-2021-22967,0.00158,0.52341
CVE-2021-22968,0.00904,0.81041
CVE-2021-22969,0.00073,0.30224
CVE-2021-2297,0.00043,0.07608
CVE-2021-22970,0.00121,0.46227
CVE-2021-22973,0.00103,0.41969
CVE-2021-22974,0.00102,0.41368
CVE-2021-22975,0.00103,0.41969
CVE-2021-22976,0.00103,0.41969
CVE-2021-22977,0.00103,0.41969
CVE-2021-22978,0.00195,0.57387
CVE-2021-22979,0.00078,0.32606
CVE-2021-2298,0.00059,0.23219
CVE-2021-22980,0.00063,0.25378
CVE-2021-22981,0.00065,0.27048
CVE-2021-22982,0.00096,0.39884
CVE-2021-22983,0.00054,0.20290
CVE-2021-22984,0.00078,0.32606
CVE-2021-22985,0.00103,0.41969
CVE-2021-22986,0.97449,0.99946
CVE-2021-22987,0.00159,0.52411
CVE-2021-22988,0.00159,0.52411
CVE-2021-22989,0.00159,0.52411
CVE-2021-2299,0.00059,0.23219
CVE-2021-22990,0.00159,0.52411
CVE-2021-22991,0.84213,0.98237
CVE-2021-22992,0.36355,0.96787
CVE-2021-22993,0.00195,0.57387
CVE-2021-22994,0.00078,0.32606
CVE-2021-22995,0.00084,0.34791
CVE-2021-22996,0.00103,0.41969
CVE-2021-22997,0.00168,0.53801
CVE-2021-22998,0.00092,0.38838
CVE-2021-22999,0.00103,0.41969
CVE-2021-2300,0.00059,0.23219
CVE-2021-23000,0.00103,0.41969
CVE-2021-23001,0.00054,0.20290
CVE-2021-23002,0.00044,0.10161
CVE-2021-23003,0.00103,0.41969
CVE-2021-23004,0.00103,0.41969
CVE-2021-23005,0.00168,0.53801
CVE-2021-23006,0.00078,0.32606
CVE-2021-23007,0.00106,0.42944
CVE-2021-23008,0.00304,0.66613
CVE-2021-23009,0.00103,0.41969
CVE-2021-2301,0.00054,0.20290
CVE-2021-23010,0.00103,0.41969
CVE-2021-23011,0.00103,0.41969
CVE-2021-23012,0.00044,0.10504
CVE-2021-23013,0.00072,0.29903
CVE-2021-23014,0.00104,0.42231
CVE-2021-23015,0.00104,0.42231
CVE-2021-23016,0.00084,0.34791
CVE-2021-23017,0.49758,0.97238
CVE-2021-23018,0.00152,0.51501
CVE-2021-23019,0.00044,0.10161
CVE-2021-2302,0.76870,0.97950
CVE-2021-23020,0.00044,0.10161
CVE-2021-23021,0.00044,0.10161
CVE-2021-23022,0.00044,0.10161
CVE-2021-23023,0.00062,0.24332
CVE-2021-23024,0.01451,0.85342
CVE-2021-23025,0.00160,0.52651
CVE-2021-23026,0.00075,0.30903
CVE-2021-23027,0.00072,0.29847
CVE-2021-23028,0.00089,0.37607
CVE-2021-23029,0.00104,0.42231
CVE-2021-2303,0.04844,0.91998
CVE-2021-23030,0.00089,0.37607
CVE-2021-23031,0.00227,0.61014
CVE-2021-23032,0.00089,0.37607
CVE-2021-23033,0.00089,0.37607
CVE-2021-23034,0.00089,0.37607
CVE-2021-23035,0.00089,0.37607
CVE-2021-23036,0.00089,0.37607
CVE-2021-23037,0.00201,0.58090
CVE-2021-23038,0.00104,0.42231
CVE-2021-23039,0.00089,0.37607
CVE-2021-2304,0.00059,0.23219
CVE-2021-23040,0.00087,0.36089
CVE-2021-23041,0.00072,0.29847
CVE-2021-23042,0.00089,0.37607
CVE-2021-23043,0.00065,0.27063
CVE-2021-23044,0.00089,0.37607
CVE-2021-23045,0.00089,0.37607
CVE-2021-23046,0.00065,0.26756
CVE-2021-23047,0.00079,0.33173
CVE-2021-23048,0.00089,0.37607
CVE-2021-23049,0.00089,0.37607
CVE-2021-2305,0.00059,0.23219
CVE-2021-23050,0.00052,0.18167
CVE-2021-23051,0.00089,0.37607
CVE-2021-23052,0.00072,0.29847
CVE-2021-23053,0.00079,0.33173
CVE-2021-23054,0.00072,0.29847
CVE-2021-23055,0.00065,0.26756
CVE-2021-2306,0.00045,0.12178
CVE-2021-2307,0.00081,0.33523
CVE-2021-2308,0.00054,0.20290
CVE-2021-2309,0.00043,0.07608
CVE-2021-2310,0.00043,0.07608
CVE-2021-2311,0.00089,0.37370
CVE-2021-2312,0.00045,0.12178
CVE-2021-23123,0.00092,0.38880
CVE-2021-23124,0.00103,0.41747
CVE-2021-23125,0.00103,0.41747
CVE-2021-23126,0.00110,0.43970
CVE-2021-23127,0.00221,0.60326
CVE-2021-23128,0.00221,0.60326
CVE-2021-23129,0.00103,0.41747
CVE-2021-23130,0.00103,0.41747
CVE-2021-23131,0.00103,0.41969
CVE-2021-23132,0.00077,0.31988
CVE-2021-23133,0.00077,0.31953
CVE-2021-23134,0.00042,0.05722
CVE-2021-23135,0.00044,0.10161
CVE-2021-23136,0.00054,0.20290
CVE-2021-23138,0.01027,0.82262
CVE-2021-23139,0.00099,0.40643
CVE-2021-2314,0.00089,0.37370
CVE-2021-23140,0.00104,0.42231
CVE-2021-23146,0.00073,0.30380
CVE-2021-23147,0.00055,0.20327
CVE-2021-2315,0.00083,0.34568
CVE-2021-23150,0.00054,0.20290
CVE-2021-23152,0.00044,0.10161
CVE-2021-23154,0.00062,0.24249
CVE-2021-23155,0.00090,0.37777
CVE-2021-23157,0.02293,0.88600
CVE-2021-23158,0.00356,0.69275
CVE-2021-23159,0.00049,0.15168
CVE-2021-2316,0.00089,0.37370
CVE-2021-23162,0.00113,0.44671
CVE-2021-23163,0.00073,0.30411
CVE-2021-23165,0.00349,0.68943
CVE-2021-23166,0.00050,0.16404
CVE-2021-23167,0.00090,0.37777
CVE-2021-23168,0.00060,0.23668
CVE-2021-23169,0.00386,0.70480
CVE-2021-2317,0.00576,0.75717
CVE-2021-23172,0.00049,0.15168
CVE-2021-23173,0.00054,0.20290
CVE-2021-23174,0.00054,0.20290
CVE-2021-23175,0.00044,0.10161
CVE-2021-23176,0.00072,0.29989
CVE-2021-23177,0.00059,0.23003
CVE-2021-23178,0.00048,0.14563
CVE-2021-23179,0.00043,0.06775
CVE-2021-2318,0.00279,0.65090
CVE-2021-23180,0.00130,0.47811
CVE-2021-23182,0.00044,0.10161
CVE-2021-23186,0.00050,0.16404
CVE-2021-23188,0.00043,0.06775
CVE-2021-2319,0.00279,0.65090
CVE-2021-23191,0.00091,0.38506
CVE-2021-23192,0.00100,0.40799
CVE-2021-23193,0.00065,0.26756
CVE-2021-23195,0.00069,0.28747
CVE-2021-23196,0.00193,0.57259
CVE-2021-23197,0.00044,0.10161
CVE-2021-23198,0.00191,0.56749
CVE-2021-2320,0.00279,0.65090
CVE-2021-23201,0.00044,0.10161
CVE-2021-23203,0.00098,0.40486
CVE-2021-23204,0.00065,0.26756
CVE-2021-23205,0.00081,0.33872
CVE-2021-23206,0.00126,0.47200
CVE-2021-23207,0.00044,0.08189
CVE-2021-23209,0.00054,0.20290
CVE-2021-2321,0.00043,0.07608
CVE-2021-23210,0.00049,0.15168
CVE-2021-23211,0.00044,0.10161
CVE-2021-23214,0.00195,0.57496
CVE-2021-23215,0.00073,0.30268
CVE-2021-23217,0.00044,0.10161
CVE-2021-23218,0.00089,0.37607
CVE-2021-23219,0.00044,0.10161
CVE-2021-2322,0.00196,0.57567
CVE-2021-23222,0.00107,0.43167
CVE-2021-23223,0.00043,0.06775
CVE-2021-23225,0.00050,0.16818
CVE-2021-23227,0.00075,0.30903
CVE-2021-23228,0.00093,0.39063
CVE-2021-2323,0.00168,0.53546
CVE-2021-23230,0.00054,0.20290
CVE-2021-23233,0.00193,0.57259
CVE-2021-23236,0.00086,0.35721
CVE-2021-23239,0.00092,0.38910
CVE-2021-2324,0.00054,0.20290
CVE-2021-23240,0.00096,0.40055
CVE-2021-23241,0.00365,0.69642
CVE-2021-23242,0.00187,0.56224
CVE-2021-23243,0.00044,0.10161
CVE-2021-23244,0.00062,0.24373
CVE-2021-23246,0.00150,0.51158
CVE-2021-23247,0.00152,0.51471
CVE-2021-23253,0.00084,0.34791
CVE-2021-23258,0.00102,0.41368
CVE-2021-23259,0.00102,0.41368
CVE-2021-2326,0.00054,0.20290
CVE-2021-23260,0.00054,0.20290
CVE-2021-23261,0.00081,0.33872
CVE-2021-23262,0.00104,0.42231
CVE-2021-23263,0.00207,0.58728
CVE-2021-23264,0.00229,0.61201
CVE-2021-23265,0.00072,0.29893
CVE-2021-23266,0.00072,0.29847
CVE-2021-23267,0.00104,0.42231
CVE-2021-23270,0.00103,0.41969
CVE-2021-23271,0.00104,0.42231
CVE-2021-23272,0.00054,0.20290
CVE-2021-23273,0.00054,0.20290
CVE-2021-23274,0.00244,0.62506
CVE-2021-23275,0.00042,0.05722
CVE-2021-23276,0.00087,0.36089
CVE-2021-23277,0.01658,0.86318
CVE-2021-23278,0.00076,0.31275
CVE-2021-23279,0.00103,0.41969
CVE-2021-2328,0.00279,0.65090
CVE-2021-23280,0.00104,0.42231
CVE-2021-23281,0.00465,0.72901
CVE-2021-23283,0.00054,0.20290
CVE-2021-23284,0.00054,0.20290
CVE-2021-23285,0.00054,0.20290
CVE-2021-23286,0.00068,0.28059
CVE-2021-23287,0.00054,0.20290
CVE-2021-23288,0.00044,0.10161
CVE-2021-2329,0.00279,0.65090
CVE-2021-2330,0.00053,0.18590
CVE-2021-2332,0.00071,0.29154
CVE-2021-23326,0.00283,0.65393
CVE-2021-23327,0.00135,0.48689
CVE-2021-23328,0.00117,0.45503
CVE-2021-23329,0.00101,0.41230
CVE-2021-2333,0.00089,0.37370
CVE-2021-23330,0.01053,0.82515
CVE-2021-23331,0.00044,0.10161
CVE-2021-23335,0.00382,0.70302
CVE-2021-23336,0.00141,0.49733
CVE-2021-23337,0.00606,0.76340
CVE-2021-23338,0.00099,0.40694
CVE-2021-23339,0.00079,0.33048
CVE-2021-2334,0.00054,0.20290
CVE-2021-23340,0.00072,0.29920
CVE-2021-23341,0.00656,0.77364
CVE-2021-23342,0.00152,0.51398
CVE-2021-23343,0.00281,0.65228
CVE-2021-23344,0.00792,0.79736
CVE-2021-23345,0.00092,0.38753
CVE-2021-23346,0.00300,0.66434
CVE-2021-23347,0.00050,0.16378
CVE-2021-23348,0.01138,0.83253
CVE-2021-2335,0.00054,0.20290
CVE-2021-23351,0.00153,0.51515
CVE-2021-23352,0.00357,0.69307
CVE-2021-23353,0.00504,0.74025
CVE-2021-23354,0.00197,0.57660
CVE-2021-23355,0.00362,0.69494
CVE-2021-23356,0.00362,0.69494
CVE-2021-23357,0.00046,0.12635
CVE-2021-23358,0.01084,0.82820
CVE-2021-23359,0.00408,0.71228
CVE-2021-2336,0.00054,0.20290
CVE-2021-23360,0.00259,0.63673
CVE-2021-23362,0.00324,0.67748
CVE-2021-23363,0.00259,0.63673
CVE-2021-23364,0.00198,0.57752
CVE-2021-23365,0.00123,0.46684
CVE-2021-23368,0.00490,0.73640
CVE-2021-23369,0.08432,0.93840
CVE-2021-2337,0.00279,0.65090
CVE-2021-23370,0.01558,0.85882
CVE-2021-23371,0.00211,0.59033
CVE-2021-23372,0.00103,0.41969
CVE-2021-23373,0.00252,0.63173
CVE-2021-23374,0.00379,0.70173
CVE-2021-23375,0.00379,0.70173
CVE-2021-23376,0.00379,0.70173
CVE-2021-23377,0.00379,0.70173
CVE-2021-23378,0.00379,0.70173
CVE-2021-23379,0.00379,0.70173
CVE-2021-2338,0.00077,0.31886
CVE-2021-23380,0.00091,0.38521
CVE-2021-23381,0.00379,0.70173
CVE-2021-23382,0.00204,0.58373
CVE-2021-23383,0.03345,0.90455
CVE-2021-23384,0.00096,0.40015
CVE-2021-23385,0.00089,0.37190
CVE-2021-23386,0.00097,0.40117
CVE-2021-23387,0.00099,0.40679
CVE-2021-23388,0.00112,0.44427
CVE-2021-23389,0.00475,0.73201
CVE-2021-2339,0.00077,0.31746
CVE-2021-23390,0.00475,0.73201
CVE-2021-23391,0.00046,0.12635
CVE-2021-23392,0.00213,0.59287
CVE-2021-23393,0.00058,0.21958
CVE-2021-23394,0.01810,0.86899
CVE-2021-23395,0.00090,0.37714
CVE-2021-23396,0.00344,0.68727
CVE-2021-23397,0.00252,0.63173
CVE-2021-23398,0.00113,0.44667
CVE-2021-23399,0.00374,0.69988
CVE-2021-2340,0.00064,0.26306
CVE-2021-23400,0.00757,0.79176
CVE-2021-23401,0.00103,0.41647
CVE-2021-23402,0.00326,0.67856
CVE-2021-23403,0.00286,0.65596
CVE-2021-23404,0.00122,0.46415
CVE-2021-23405,0.00098,0.40432
CVE-2021-23406,0.00323,0.67729
CVE-2021-23407,0.00150,0.51178
CVE-2021-23408,0.00134,0.48502
CVE-2021-23409,0.00157,0.52124
CVE-2021-2341,0.00121,0.46306
CVE-2021-23411,0.00080,0.33350
CVE-2021-23412,0.02200,0.88341
CVE-2021-23413,0.00151,0.51339
CVE-2021-23414,0.00360,0.69433
CVE-2021-23415,0.00134,0.48569
CVE-2021-23416,0.00087,0.35933
CVE-2021-23417,0.00326,0.67856
CVE-2021-23418,0.00571,0.75559
CVE-2021-23419,0.00194,0.57318
CVE-2021-2342,0.00077,0.31746
CVE-2021-23420,0.00305,0.66697
CVE-2021-23421,0.00326,0.67856
CVE-2021-23422,0.00067,0.27767
CVE-2021-23423,0.00134,0.48569
CVE-2021-23424,0.00162,0.52918
CVE-2021-23425,0.00110,0.44112
CVE-2021-23426,0.00062,0.24376
CVE-2021-23427,0.00205,0.58477
CVE-2021-23428,0.00203,0.58270
CVE-2021-23429,0.00097,0.40250
CVE-2021-2343,0.00054,0.20290
CVE-2021-23430,0.00218,0.59798
CVE-2021-23431,0.00101,0.41190
CVE-2021-23432,0.00283,0.65421
CVE-2021-23433,0.00240,0.62115
CVE-2021-23434,0.00296,0.66208
CVE-2021-23435,0.00061,0.24174
CVE-2021-23436,0.00326,0.67852
CVE-2021-23437,0.00384,0.70355
CVE-2021-23438,0.00326,0.67852
CVE-2021-23439,0.00071,0.29242
CVE-2021-2344,0.00080,0.33345
CVE-2021-23440,0.06698,0.93174
CVE-2021-23442,0.00310,0.67015
CVE-2021-23443,0.00068,0.28323
CVE-2021-23444,0.01800,0.86853
CVE-2021-23445,0.00161,0.52754
CVE-2021-23446,0.00944,0.81474
CVE-2021-23447,0.00103,0.41647
CVE-2021-23448,0.00260,0.63847
CVE-2021-23449,0.00630,0.76874
CVE-2021-2345,0.00054,0.20290
CVE-2021-23450,0.00712,0.78460
CVE-2021-23451,0.00170,0.54048
CVE-2021-23452,0.00234,0.61593
CVE-2021-2346,0.00054,0.20290
CVE-2021-23460,0.00447,0.72415
CVE-2021-23463,0.00473,0.73145
CVE-2021-2347,0.00064,0.26124
CVE-2021-23470,0.00214,0.59505
CVE-2021-23472,0.01309,0.84525
CVE-2021-2348,0.00054,0.20290
CVE-2021-23484,0.00303,0.66586
CVE-2021-2349,0.00168,0.53546
CVE-2021-23490,0.00119,0.45836
CVE-2021-23495,0.00071,0.29203
CVE-2021-23497,0.01642,0.86268
CVE-2021-2350,0.00168,0.53546
CVE-2021-23507,0.00450,0.72499
CVE-2021-23509,0.08836,0.93993
CVE-2021-2351,0.00902,0.81030
CVE-2021-23514,0.00116,0.45331
CVE-2021-23518,0.00362,0.69519
CVE-2021-2352,0.00077,0.31746
CVE-2021-23520,0.00270,0.64546
CVE-2021-23521,0.00048,0.14460
CVE-2021-2353,0.00045,0.12178
CVE-2021-2354,0.00077,0.31746
CVE-2021-23543,0.00234,0.61593
CVE-2021-2355,0.00167,0.53510
CVE-2021-23555,0.00200,0.57979
CVE-2021-23556,0.00225,0.60838
CVE-2021-23558,0.00240,0.62115
CVE-2021-2356,0.00128,0.47454
CVE-2021-23561,0.00283,0.65421
CVE-2021-23562,0.00307,0.66822
CVE-2021-23566,0.00052,0.17519
CVE-2021-23567,0.00302,0.66526
CVE-2021-23568,0.00450,0.72499
CVE-2021-2357,0.00077,0.31746
CVE-2021-23574,0.02546,0.89148
CVE-2021-2358,0.00089,0.37370
CVE-2021-2359,0.00168,0.53546
CVE-2021-23592,0.00306,0.66759
CVE-2021-23594,0.00234,0.61593
CVE-2021-23597,0.00141,0.49770
CVE-2021-2360,0.00089,0.37370
CVE-2021-2361,0.00089,0.37370
CVE-2021-2362,0.00089,0.37370
CVE-2021-23624,0.00513,0.74249
CVE-2021-2363,0.00089,0.37370
CVE-2021-23631,0.00123,0.46601
CVE-2021-23632,0.00612,0.76469
CVE-2021-23639,0.01422,0.85176
CVE-2021-2364,0.00089,0.37370
CVE-2021-23648,0.00167,0.53425
CVE-2021-2365,0.00089,0.37370
CVE-2021-23654,0.00285,0.65523
CVE-2021-2366,0.00054,0.20290
CVE-2021-23663,0.00283,0.65421
CVE-2021-23664,0.00145,0.50301
CVE-2021-2367,0.00077,0.31746
CVE-2021-23673,0.00086,0.35793
CVE-2021-2368,0.00168,0.53546
CVE-2021-23682,0.01152,0.83352
CVE-2021-2369,0.00103,0.41580
CVE-2021-2370,0.00110,0.44050
CVE-2021-23700,0.00283,0.65421
CVE-2021-23702,0.00283,0.65421
CVE-2021-2371,0.00080,0.33345
CVE-2021-23718,0.00132,0.48177
CVE-2021-2372,0.00123,0.46667
CVE-2021-23727,0.00206,0.58590
CVE-2021-2373,0.00054,0.20290
CVE-2021-23732,0.00954,0.81596
CVE-2021-2374,0.00050,0.16042
CVE-2021-2375,0.00077,0.31886
CVE-2021-23758,0.32081,0.96618
CVE-2021-2376,0.00129,0.47738
CVE-2021-23760,0.00625,0.76760
CVE-2021-2377,0.00054,0.20290
CVE-2021-23771,0.00069,0.28663
CVE-2021-23772,0.00260,0.63828
CVE-2021-2378,0.00129,0.47738
CVE-2021-23784,0.00169,0.53923
CVE-2021-23792,0.00197,0.57590
CVE-2021-23797,0.00229,0.61127
CVE-2021-2380,0.00066,0.27453
CVE-2021-23803,0.00252,0.63186
CVE-2021-23807,0.07362,0.93456
CVE-2021-2381,0.00045,0.12178
CVE-2021-23814,0.00193,0.57225
CVE-2021-2382,0.07717,0.93564
CVE-2021-23820,0.03422,0.90566
CVE-2021-23824,0.00079,0.32893
CVE-2021-23827,0.00058,0.21993
CVE-2021-2383,0.00110,0.44050
CVE-2021-23835,0.00537,0.74851
CVE-2021-23836,0.00174,0.54659
CVE-2021-23837,0.00351,0.69037
CVE-2021-23838,0.00174,0.54659
CVE-2021-23839,0.00194,0.57372
CVE-2021-2384,0.00110,0.44050
CVE-2021-23840,0.00808,0.79928
CVE-2021-23841,0.00396,0.70836
CVE-2021-23842,0.00044,0.10161
CVE-2021-23843,0.00044,0.10161
CVE-2021-23845,0.00593,0.76081
CVE-2021-23846,0.00282,0.65327
CVE-2021-23847,0.00274,0.64802
CVE-2021-23848,0.00073,0.30345
CVE-2021-23849,0.00091,0.38101
CVE-2021-2385,0.00102,0.41497
CVE-2021-23850,0.00117,0.45511
CVE-2021-23851,0.00115,0.45176
CVE-2021-23852,0.00081,0.33872
CVE-2021-23853,0.00201,0.58020
CVE-2021-23854,0.00073,0.30345
CVE-2021-23855,0.00150,0.51158
CVE-2021-23856,0.00072,0.29847
CVE-2021-23857,0.00201,0.58090
CVE-2021-23858,0.00150,0.51158
CVE-2021-23859,0.00095,0.39739
CVE-2021-2386,0.00054,0.20290
CVE-2021-23860,0.00072,0.29847
CVE-2021-23861,0.00081,0.33872
CVE-2021-23862,0.00155,0.51780
CVE-2021-23863,0.00072,0.29847
CVE-2021-2387,0.00059,0.23219
CVE-2021-23872,0.00042,0.05722
CVE-2021-23873,0.00057,0.21369
CVE-2021-23874,0.00114,0.44808
CVE-2021-23876,0.00042,0.05722
CVE-2021-23877,0.00042,0.05722
CVE-2021-23878,0.00042,0.05722
CVE-2021-23879,0.00044,0.10161
CVE-2021-2388,0.00145,0.50322
CVE-2021-23880,0.00044,0.10161
CVE-2021-23881,0.00054,0.20290
CVE-2021-23882,0.00044,0.10161
CVE-2021-23883,0.00044,0.10161
CVE-2021-23884,0.00044,0.10161
CVE-2021-23885,0.00094,0.39456
CVE-2021-23886,0.00042,0.05722
CVE-2021-23887,0.00042,0.05722
CVE-2021-23888,0.00065,0.26756
CVE-2021-23889,0.00054,0.20290
CVE-2021-2389,0.15924,0.95476
CVE-2021-23890,0.00089,0.37649
CVE-2021-23891,0.00042,0.05722
CVE-2021-23892,0.00042,0.05722
CVE-2021-23893,0.00044,0.10161
CVE-2021-23894,0.00532,0.74715
CVE-2021-23895,0.00172,0.54262
CVE-2021-23896,0.00044,0.10161
CVE-2021-23899,0.00245,0.62569
CVE-2021-2390,0.12901,0.95016
CVE-2021-23900,0.00132,0.48270
CVE-2021-23901,0.01566,0.85924
CVE-2021-23906,0.01699,0.86468
CVE-2021-23907,0.03311,0.90412
CVE-2021-23908,0.02787,0.89619
CVE-2021-23909,0.03311,0.90412
CVE-2021-2391,0.05067,0.92173
CVE-2021-23910,0.00416,0.71496
CVE-2021-2392,0.05067,0.92173
CVE-2021-23921,0.00168,0.53801
CVE-2021-23922,0.00054,0.20290
CVE-2021-23923,0.00065,0.26756
CVE-2021-23924,0.00168,0.53801
CVE-2021-23925,0.00078,0.32606
CVE-2021-23926,0.00372,0.69926
CVE-2021-23927,0.00054,0.19451
CVE-2021-23928,0.00082,0.34223
CVE-2021-23929,0.00082,0.34223
CVE-2021-2393,0.00089,0.37370
CVE-2021-23930,0.00082,0.34223
CVE-2021-23931,0.00082,0.34223
CVE-2021-23932,0.00082,0.34223
CVE-2021-23933,0.00082,0.34223
CVE-2021-23934,0.00069,0.28635
CVE-2021-23935,0.00069,0.28635
CVE-2021-23936,0.00069,0.28635
CVE-2021-23937,0.00137,0.49039
CVE-2021-2394,0.07717,0.93564
CVE-2021-2395,0.00065,0.26880
CVE-2021-23953,0.00106,0.42773
CVE-2021-23954,0.00260,0.63813
CVE-2021-23955,0.00084,0.35108
CVE-2021-23956,0.00216,0.59654
CVE-2021-23957,0.00081,0.33754
CVE-2021-23958,0.00166,0.53294
CVE-2021-23959,0.00084,0.35108
CVE-2021-2396,0.17857,0.95712
CVE-2021-23960,0.00214,0.59516
CVE-2021-23961,0.00605,0.76327
CVE-2021-23962,0.00184,0.55746
CVE-2021-23963,0.00084,0.35108
CVE-2021-23964,0.00385,0.70403
CVE-2021-23965,0.00183,0.55632
CVE-2021-23968,0.00763,0.79270
CVE-2021-23969,0.00544,0.75027
CVE-2021-2397,0.07717,0.93564
CVE-2021-23970,0.00151,0.51308
CVE-2021-23971,0.00150,0.51025
CVE-2021-23972,0.00229,0.61192
CVE-2021-23973,0.00881,0.80765
CVE-2021-23974,0.00105,0.42530
CVE-2021-23975,0.00091,0.38527
CVE-2021-23976,0.00161,0.52692
CVE-2021-23977,0.00150,0.51025
CVE-2021-23978,0.00486,0.73528
CVE-2021-23979,0.00183,0.55632
CVE-2021-2398,0.00089,0.37370
CVE-2021-23980,0.00053,0.18524
CVE-2021-23981,0.00259,0.63694
CVE-2021-23982,0.00125,0.46903
CVE-2021-23983,0.00091,0.38493
CVE-2021-23984,0.00125,0.46903
CVE-2021-23985,0.00300,0.66413
CVE-2021-23986,0.00146,0.50550
CVE-2021-23987,0.00267,0.64324
CVE-2021-23988,0.00184,0.55746
CVE-2021-2399,0.00059,0.23219
CVE-2021-23991,0.00195,0.57499
CVE-2021-23992,0.00079,0.33048
CVE-2021-23993,0.00074,0.30673
CVE-2021-23994,0.00277,0.64938
CVE-2021-23995,0.00216,0.59616
CVE-2021-23996,0.00079,0.33048
CVE-2021-23997,0.00185,0.55881
CVE-2021-23998,0.00100,0.40923
CVE-2021-23999,0.00310,0.67000
CVE-2021-2400,0.00946,0.81498
CVE-2021-24000,0.00079,0.33048
CVE-2021-24001,0.00079,0.33048
CVE-2021-24002,0.00216,0.59616
CVE-2021-24005,0.00150,0.51158
CVE-2021-24006,0.00087,0.35903
CVE-2021-24007,0.00375,0.70006
CVE-2021-24009,0.00109,0.43564
CVE-2021-2401,0.02524,0.89111
CVE-2021-24010,0.00093,0.39033
CVE-2021-24011,0.00104,0.42231
CVE-2021-24012,0.00081,0.33674
CVE-2021-24013,0.00093,0.39033
CVE-2021-24014,0.00077,0.31886
CVE-2021-24015,0.00239,0.62047
CVE-2021-24016,0.00044,0.10161
CVE-2021-24017,0.00054,0.20290
CVE-2021-24018,0.00065,0.26849
CVE-2021-24019,0.00201,0.58090
CVE-2021-2402,0.00059,0.23219
CVE-2021-24020,0.00197,0.57609
CVE-2021-24021,0.00077,0.31681
CVE-2021-24022,0.00042,0.05722
CVE-2021-24023,0.00168,0.53628
CVE-2021-24024,0.00123,0.46666
CVE-2021-24025,0.00235,0.61731
CVE-2021-24026,0.00222,0.60556
CVE-2021-24027,0.00168,0.53801
CVE-2021-24028,0.00338,0.68472
CVE-2021-24029,0.00116,0.45451
CVE-2021-2403,0.00140,0.49592
CVE-2021-24030,0.00288,0.65720
CVE-2021-24031,0.00061,0.24045
CVE-2021-24032,0.00047,0.13943
CVE-2021-24033,0.00119,0.45979
CVE-2021-24035,0.00090,0.37756
CVE-2021-24036,0.00942,0.81442
CVE-2021-24037,0.00316,0.67384
CVE-2021-24038,0.00042,0.05722
CVE-2021-2404,0.00077,0.31886
CVE-2021-24040,0.07003,0.93322
CVE-2021-24041,0.00201,0.58090
CVE-2021-24042,0.00097,0.40067
CVE-2021-24043,0.00138,0.49369
CVE-2021-24044,0.00201,0.58090
CVE-2021-24045,0.00221,0.60385
CVE-2021-24046,0.00065,0.26867
CVE-2021-2405,0.00089,0.37370
CVE-2021-2406,0.00089,0.37370
CVE-2021-24066,0.00945,0.81483
CVE-2021-24067,0.03140,0.90149
CVE-2021-24068,0.10568,0.94526
CVE-2021-24069,0.10568,0.94526
CVE-2021-2407,0.00077,0.31886
CVE-2021-24070,0.03140,0.90149
CVE-2021-24071,0.00588,0.75963
CVE-2021-24072,0.01258,0.84196
CVE-2021-24073,0.00074,0.30705
CVE-2021-24074,0.04447,0.91622
CVE-2021-24075,0.00148,0.50825
CVE-2021-24076,0.00043,0.07315
CVE-2021-24077,0.04447,0.91622
CVE-2021-24078,0.04447,0.91622
CVE-2021-24079,0.00043,0.07315
CVE-2021-2408,0.00077,0.31886
CVE-2021-24080,0.00196,0.57530
CVE-2021-24081,0.02949,0.89863
CVE-2021-24082,0.00085,0.35515
CVE-2021-24083,0.02949,0.89863
CVE-2021-24084,0.00048,0.14586
CVE-2021-24085,0.00086,0.35773
CVE-2021-24086,0.00129,0.47724
CVE-2021-24087,0.00044,0.10161
CVE-2021-24088,0.01258,0.84196
CVE-2021-24089,0.04062,0.91281
CVE-2021-2409,0.00043,0.07608
CVE-2021-24090,0.00067,0.27824
CVE-2021-24091,0.05456,0.92461
CVE-2021-24092,0.00043,0.07315
CVE-2021-24093,0.33189,0.96658
CVE-2021-24094,0.04447,0.91622
CVE-2021-24095,0.00043,0.07315
CVE-2021-24096,0.00043,0.07315
CVE-2021-24098,0.00073,0.30183
CVE-2021-24099,0.00210,0.59011
CVE-2021-2410,0.00059,0.23219
CVE-2021-24100,0.00069,0.28533
CVE-2021-24101,0.01916,0.87378
CVE-2021-24102,0.00043,0.07315
CVE-2021-24103,0.00043,0.07315
CVE-2021-24104,0.29401,0.96500
CVE-2021-24105,0.05263,0.92310
CVE-2021-24106,0.00043,0.07315
CVE-2021-24107,0.00043,0.07315
CVE-2021-24108,0.04062,0.91281
CVE-2021-24109,0.00234,0.61596
CVE-2021-2411,0.00071,0.29414
CVE-2021-24110,0.04062,0.91281
CVE-2021-24111,0.00193,0.57187
CVE-2021-24112,0.01696,0.86457
CVE-2021-24113,0.00179,0.55175
CVE-2021-24114,0.00967,0.81721
CVE-2021-24115,0.00263,0.64050
CVE-2021-24116,0.00063,0.25077
CVE-2021-24117,0.00140,0.49549
CVE-2021-24119,0.00134,0.48473
CVE-2021-2412,0.00059,0.23219
CVE-2021-24122,0.00163,0.53010
CVE-2021-24123,0.00104,0.42382
CVE-2021-24124,0.00116,0.45382
CVE-2021-24125,0.00088,0.36822
CVE-2021-24126,0.00058,0.22585
CVE-2021-24127,0.00058,0.22585
CVE-2021-24128,0.00058,0.22585
CVE-2021-24129,0.00058,0.22585
CVE-2021-24130,0.00088,0.36822
CVE-2021-24131,0.00087,0.36093
CVE-2021-24132,0.00088,0.36822
CVE-2021-24133,0.00063,0.25629
CVE-2021-24134,0.00058,0.22585
CVE-2021-24135,0.00155,0.51832
CVE-2021-24136,0.00072,0.29718
CVE-2021-24137,0.00088,0.36822
CVE-2021-24138,0.00093,0.39083
CVE-2021-24139,0.00138,0.49278
CVE-2021-2414,0.00067,0.27854
CVE-2021-24140,0.00087,0.36089
CVE-2021-24141,0.00087,0.36089
CVE-2021-24142,0.00064,0.26185
CVE-2021-24143,0.00087,0.36089
CVE-2021-24144,0.00112,0.44484
CVE-2021-24145,0.94936,0.99139
CVE-2021-24146,0.03582,0.90749
CVE-2021-24147,0.00058,0.22585
CVE-2021-24148,0.00252,0.63176
CVE-2021-24149,0.00088,0.36822
CVE-2021-2415,0.00089,0.37370
CVE-2021-24150,0.02268,0.88535
CVE-2021-24151,0.00050,0.16285
CVE-2021-24152,0.00078,0.32606
CVE-2021-24153,0.00171,0.54159
CVE-2021-24154,0.00065,0.26756
CVE-2021-24155,0.96064,0.99377
CVE-2021-24156,0.00054,0.19309
CVE-2021-24157,0.00054,0.19309
CVE-2021-24158,0.00054,0.19309
CVE-2021-24159,0.00098,0.40438
CVE-2021-2416,0.00059,0.23219
CVE-2021-24160,0.00431,0.71918
CVE-2021-24161,0.00295,0.66175
CVE-2021-24162,0.00148,0.50896
CVE-2021-24163,0.00098,0.40432
CVE-2021-24164,0.00053,0.18833
CVE-2021-24165,0.00129,0.47601
CVE-2021-24166,0.00092,0.38758
CVE-2021-24167,0.00168,0.53801
CVE-2021-24168,0.00058,0.22585
CVE-2021-24169,0.00210,0.58959
CVE-2021-2417,0.00059,0.23219
CVE-2021-24170,0.00226,0.60931
CVE-2021-24171,0.00207,0.58662
CVE-2021-24172,0.00053,0.19032
CVE-2021-24173,0.00053,0.19032
CVE-2021-24174,0.00169,0.53938
CVE-2021-24175,0.00304,0.66624
CVE-2021-24176,0.00136,0.48982
CVE-2021-24177,0.00062,0.24442
CVE-2021-24178,0.00105,0.42649
CVE-2021-24179,0.00105,0.42649
CVE-2021-2418,0.00059,0.23219
CVE-2021-24180,0.00058,0.22585
CVE-2021-24181,0.00085,0.35466
CVE-2021-24182,0.00085,0.35466
CVE-2021-24183,0.00085,0.35466
CVE-2021-24184,0.00114,0.44946
CVE-2021-24185,0.00085,0.35466
CVE-2021-24186,0.00085,0.35466
CVE-2021-24187,0.00058,0.22585
CVE-2021-24188,0.00104,0.42382
CVE-2021-24189,0.00104,0.42382
CVE-2021-2419,0.00080,0.33345
CVE-2021-24190,0.00104,0.42382
CVE-2021-24191,0.00104,0.42382
CVE-2021-24192,0.00104,0.42382
CVE-2021-24193,0.00104,0.42382
CVE-2021-24194,0.00104,0.42382
CVE-2021-24195,0.00104,0.42382
CVE-2021-24196,0.00054,0.19309
CVE-2021-24197,0.00109,0.43563
CVE-2021-24198,0.00110,0.43982
CVE-2021-24199,0.00109,0.43563
CVE-2021-2420,0.00080,0.33345
CVE-2021-24200,0.00109,0.43563
CVE-2021-24201,0.00054,0.19309
CVE-2021-24202,0.00054,0.19309
CVE-2021-24203,0.00054,0.19309
CVE-2021-24204,0.00054,0.19309
CVE-2021-24205,0.00054,0.19309
CVE-2021-24206,0.00054,0.19309
CVE-2021-24207,0.00058,0.22585
CVE-2021-24208,0.00058,0.22585
CVE-2021-24209,0.00106,0.42989
CVE-2021-2421,0.00089,0.37370
CVE-2021-24210,0.00129,0.47601
CVE-2021-24211,0.00058,0.22585
CVE-2021-24212,0.00236,0.61778
CVE-2021-24213,0.00074,0.30459
CVE-2021-24214,0.00337,0.68414
CVE-2021-24215,0.11443,0.94745
CVE-2021-24216,0.00098,0.40432
CVE-2021-24217,0.00334,0.68307
CVE-2021-24218,0.00148,0.50896
CVE-2021-24219,0.00091,0.38064
CVE-2021-2422,0.00059,0.23219
CVE-2021-24220,0.00102,0.41539
CVE-2021-24221,0.00089,0.37681
CVE-2021-24222,0.00446,0.72394
CVE-2021-24223,0.00411,0.71311
CVE-2021-24224,0.00089,0.37681
CVE-2021-24225,0.00053,0.18833
CVE-2021-24226,0.03271,0.90353
CVE-2021-24227,0.02789,0.89622
CVE-2021-24228,0.00170,0.54049
CVE-2021-24229,0.00189,0.56440
CVE-2021-2423,0.00080,0.33345
CVE-2021-24230,0.00092,0.38758
CVE-2021-24231,0.00092,0.38758
CVE-2021-24232,0.00058,0.22585
CVE-2021-24233,0.00119,0.45976
CVE-2021-24234,0.00088,0.36898
CVE-2021-24235,0.00119,0.45972
CVE-2021-24236,0.10521,0.94514
CVE-2021-24237,0.00265,0.64226
CVE-2021-24238,0.00110,0.43914
CVE-2021-24239,0.00129,0.47601
CVE-2021-2424,0.00059,0.23219
CVE-2021-24240,0.00544,0.75026
CVE-2021-24241,0.00103,0.41733
CVE-2021-24242,0.00058,0.21931
CVE-2021-24243,0.00053,0.18833
CVE-2021-24244,0.00053,0.18833
CVE-2021-24245,0.00203,0.58307
CVE-2021-24246,0.00058,0.22585
CVE-2021-24247,0.00091,0.38430
CVE-2021-24248,0.00104,0.42382
CVE-2021-24249,0.00105,0.42649
CVE-2021-2425,0.00059,0.23219
CVE-2021-24250,0.00058,0.22585
CVE-2021-24251,0.00063,0.25629
CVE-2021-24252,0.00131,0.48028
CVE-2021-24253,0.00114,0.44946
CVE-2021-24254,0.00114,0.44946
CVE-2021-24255,0.00050,0.16378
CVE-2021-24256,0.00050,0.16378
CVE-2021-24257,0.00050,0.16378
CVE-2021-24258,0.00050,0.16378
CVE-2021-24259,0.00050,0.16378
CVE-2021-2426,0.00059,0.23219
CVE-2021-24260,0.00053,0.18833
CVE-2021-24261,0.00053,0.18833
CVE-2021-24262,0.00050,0.16378
CVE-2021-24263,0.00053,0.18833
CVE-2021-24264,0.00050,0.16378
CVE-2021-24265,0.00050,0.16378
CVE-2021-24266,0.00050,0.16378
CVE-2021-24267,0.00053,0.18833
CVE-2021-24268,0.00050,0.16378
CVE-2021-24269,0.00050,0.16378
CVE-2021-2427,0.00059,0.23219
CVE-2021-24270,0.00050,0.16378
CVE-2021-24271,0.00050,0.16378
CVE-2021-24272,0.00089,0.37216
CVE-2021-24273,0.00050,0.16378
CVE-2021-24274,0.00177,0.54873
CVE-2021-24275,0.00203,0.58307
CVE-2021-24276,0.00203,0.58307
CVE-2021-24277,0.00058,0.22585
CVE-2021-24278,0.05662,0.92591
CVE-2021-24279,0.00058,0.22585
CVE-2021-2428,0.00497,0.73811
CVE-2021-24280,0.00116,0.45319
CVE-2021-24281,0.00058,0.22585
CVE-2021-24282,0.00078,0.32147
CVE-2021-24283,0.00058,0.22585
CVE-2021-24284,0.96815,0.99624
CVE-2021-24285,0.19157,0.95840
CVE-2021-24286,0.00203,0.58307
CVE-2021-24287,0.00203,0.58307
CVE-2021-24288,0.00137,0.49112
CVE-2021-24289,0.00095,0.39615
CVE-2021-2429,0.03141,0.90151
CVE-2021-24290,0.00071,0.29211
CVE-2021-24291,0.00120,0.46196
CVE-2021-24292,0.00053,0.18833
CVE-2021-24293,0.00112,0.44327
CVE-2021-24294,0.00117,0.45506
CVE-2021-24295,0.00178,0.55090
CVE-2021-24296,0.00058,0.22585
CVE-2021-24297,0.00109,0.43853
CVE-2021-24298,0.00116,0.45276
CVE-2021-24299,0.00087,0.35971
CVE-2021-2430,0.00080,0.33345
CVE-2021-24300,0.00259,0.63750
CVE-2021-24301,0.00058,0.22585
CVE-2021-24302,0.00058,0.22585
CVE-2021-24303,0.00142,0.49919
CVE-2021-24304,0.00109,0.43895
CVE-2021-24305,0.00086,0.35856
CVE-2021-24306,0.00058,0.22585
CVE-2021-24307,0.00094,0.39469
CVE-2021-24308,0.00408,0.71218
CVE-2021-24309,0.00058,0.22585
CVE-2021-2431,0.00080,0.33345
CVE-2021-24310,0.00058,0.22585
CVE-2021-24311,0.00103,0.41976
CVE-2021-24312,0.00308,0.66890
CVE-2021-24313,0.00051,0.16920
CVE-2021-24314,0.00286,0.65612
CVE-2021-24315,0.00054,0.19309
CVE-2021-24316,0.00298,0.66343
CVE-2021-24317,0.00069,0.28607
CVE-2021-24318,0.00054,0.19309
CVE-2021-24319,0.00054,0.19309
CVE-2021-2432,0.00140,0.49699
CVE-2021-24320,0.00116,0.45276
CVE-2021-24321,0.00258,0.63616
CVE-2021-24322,0.00054,0.19309
CVE-2021-24323,0.00058,0.22585
CVE-2021-24324,0.00063,0.25629
CVE-2021-24325,0.00087,0.36434
CVE-2021-24326,0.00058,0.22585
CVE-2021-24327,0.00058,0.22585
CVE-2021-24328,0.00244,0.62394
CVE-2021-24329,0.00058,0.22585
CVE-2021-2433,0.00080,0.33345
CVE-2021-24330,0.00058,0.22585
CVE-2021-24331,0.00058,0.22585
CVE-2021-24332,0.00058,0.22585
CVE-2021-24333,0.00134,0.48584
CVE-2021-24334,0.00058,0.22585
CVE-2021-24335,0.00170,0.54108
CVE-2021-24336,0.00114,0.44946
CVE-2021-24337,0.00114,0.44946
CVE-2021-24338,0.00058,0.22585
CVE-2021-24339,0.00053,0.18833
CVE-2021-2434,0.00089,0.37370
CVE-2021-24340,0.02163,0.88245
CVE-2021-24341,0.00098,0.40432
CVE-2021-24342,0.00106,0.42966
CVE-2021-24343,0.00058,0.22585
CVE-2021-24344,0.00054,0.20290
CVE-2021-24345,0.00114,0.44946
CVE-2021-24346,0.00054,0.19309
CVE-2021-24347,0.97036,0.99707
CVE-2021-24348,0.00112,0.44342
CVE-2021-24349,0.00078,0.32141
CVE-2021-2435,0.00167,0.53510
CVE-2021-24350,0.00109,0.43853
CVE-2021-24351,0.00145,0.50306
CVE-2021-24352,0.00116,0.45304
CVE-2021-24353,0.00116,0.45304
CVE-2021-24354,0.00114,0.44946
CVE-2021-24355,0.00054,0.19309
CVE-2021-24356,0.00114,0.44946
CVE-2021-24357,0.00058,0.22585
CVE-2021-24358,0.00309,0.66957
CVE-2021-24359,0.00105,0.42463
CVE-2021-2436,0.00180,0.55268
CVE-2021-24360,0.00076,0.31357
CVE-2021-24361,0.00220,0.59998
CVE-2021-24362,0.00078,0.32739
CVE-2021-24363,0.00061,0.23805
CVE-2021-24364,0.00106,0.42966
CVE-2021-24365,0.00054,0.19309
CVE-2021-24366,0.00075,0.31053
CVE-2021-24367,0.00058,0.22585
CVE-2021-24368,0.00099,0.40672
CVE-2021-24369,0.00058,0.22585
CVE-2021-2437,0.00059,0.23219
CVE-2021-24370,0.12280,0.94918
CVE-2021-24371,0.00054,0.19309
CVE-2021-24372,0.00099,0.40672
CVE-2021-24373,0.00099,0.40672
CVE-2021-24374,0.00105,0.42463
CVE-2021-24375,0.00260,0.63837
CVE-2021-24376,0.00611,0.76443
CVE-2021-24377,0.00344,0.68727
CVE-2021-24378,0.00058,0.22585
CVE-2021-24379,0.00155,0.51870
CVE-2021-2438,0.00053,0.18590
CVE-2021-24380,0.00061,0.23796
CVE-2021-24381,0.00058,0.22585
CVE-2021-24382,0.00058,0.22585
CVE-2021-24383,0.00077,0.31774
CVE-2021-24384,0.00220,0.60008
CVE-2021-24385,0.00170,0.53970
CVE-2021-24386,0.00058,0.22585
CVE-2021-24387,0.00145,0.50306
CVE-2021-24388,0.00053,0.18634
CVE-2021-24389,0.00158,0.52261
CVE-2021-2439,0.00077,0.31886
CVE-2021-24390,0.00114,0.44946
CVE-2021-24391,0.00114,0.44946
CVE-2021-24392,0.00114,0.44946
CVE-2021-24393,0.00114,0.44946
CVE-2021-24394,0.00114,0.44946
CVE-2021-24395,0.00114,0.44946
CVE-2021-24396,0.00114,0.44946
CVE-2021-24397,0.00114,0.44946
CVE-2021-24398,0.00114,0.44946
CVE-2021-24399,0.00114,0.44946
CVE-2021-2440,0.00059,0.23219
CVE-2021-24400,0.00114,0.44946
CVE-2021-24401,0.00114,0.44946
CVE-2021-24402,0.00114,0.44946
CVE-2021-24403,0.00114,0.44946
CVE-2021-24404,0.00114,0.44946
CVE-2021-24405,0.00149,0.51004
CVE-2021-24406,0.00150,0.51179
CVE-2021-24407,0.00161,0.52691
CVE-2021-24408,0.00058,0.22585
CVE-2021-24409,0.00188,0.56322
CVE-2021-2441,0.00059,0.23219
CVE-2021-24410,0.00062,0.24335
CVE-2021-24411,0.00074,0.30749
CVE-2021-24412,0.00058,0.22585
CVE-2021-24413,0.00058,0.22585
CVE-2021-24414,0.00058,0.22585
CVE-2021-24415,0.00054,0.20290
CVE-2021-24416,0.00054,0.20290
CVE-2021-24418,0.00058,0.22585
CVE-2021-24419,0.00058,0.22585
CVE-2021-2442,0.00045,0.12178
CVE-2021-24420,0.00058,0.22585
CVE-2021-24421,0.00058,0.22585
CVE-2021-24423,0.00058,0.22585
CVE-2021-24424,0.00058,0.22585
CVE-2021-24425,0.00058,0.22585
CVE-2021-24426,0.00058,0.22585
CVE-2021-24427,0.00058,0.22585
CVE-2021-24428,0.00054,0.20290
CVE-2021-24429,0.00078,0.32739
CVE-2021-2443,0.00045,0.12178
CVE-2021-24430,0.00113,0.44632
CVE-2021-24431,0.00061,0.23796
CVE-2021-24432,0.00046,0.13740
CVE-2021-24433,0.00045,0.11801
CVE-2021-24434,0.00074,0.30749
CVE-2021-24435,0.00140,0.49525
CVE-2021-24436,0.00100,0.40861
CVE-2021-24437,0.00078,0.32739
CVE-2021-24438,0.00095,0.39559
CVE-2021-24439,0.00058,0.22585
CVE-2021-2444,0.00059,0.23219
CVE-2021-24440,0.00058,0.22585
CVE-2021-24441,0.00102,0.41403
CVE-2021-24442,0.00212,0.59203
CVE-2021-24443,0.00058,0.22585
CVE-2021-24444,0.00077,0.31723
CVE-2021-24445,0.00058,0.22585
CVE-2021-24446,0.00053,0.18634
CVE-2021-24447,0.00094,0.39369
CVE-2021-24448,0.00058,0.22585
CVE-2021-2445,0.00063,0.24890
CVE-2021-24450,0.00058,0.22585
CVE-2021-24451,0.00088,0.36822
CVE-2021-24452,0.00100,0.40861
CVE-2021-24453,0.00237,0.61867
CVE-2021-24454,0.00071,0.29212
CVE-2021-24455,0.00058,0.22585
CVE-2021-24456,0.00087,0.36089
CVE-2021-24457,0.00088,0.36822
CVE-2021-24458,0.00088,0.36822
CVE-2021-24459,0.00088,0.36822
CVE-2021-2446,0.00351,0.69015
CVE-2021-24460,0.00088,0.36822
CVE-2021-24461,0.00088,0.36822
CVE-2021-24462,0.00088,0.36822
CVE-2021-24463,0.00088,0.36822
CVE-2021-24464,0.00058,0.22585
CVE-2021-24465,0.00076,0.31357
CVE-2021-24466,0.00074,0.30749
CVE-2021-24467,0.00062,0.24284
CVE-2021-24468,0.00058,0.22585
CVE-2021-2447,0.00396,0.70830
CVE-2021-24470,0.00054,0.20290
CVE-2021-24471,0.00058,0.22585
CVE-2021-24472,0.03831,0.91048
CVE-2021-24473,0.00070,0.28971
CVE-2021-24474,0.00072,0.29847
CVE-2021-24476,0.00058,0.22585
CVE-2021-24477,0.00074,0.30749
CVE-2021-24478,0.00058,0.22585
CVE-2021-24479,0.00058,0.22585
CVE-2021-2448,0.00045,0.12178
CVE-2021-24480,0.00058,0.22585
CVE-2021-24481,0.00058,0.22585
CVE-2021-24482,0.00058,0.22585
CVE-2021-24483,0.00088,0.36822
CVE-2021-24484,0.00088,0.36822
CVE-2021-24485,0.00058,0.22585
CVE-2021-24486,0.00058,0.22585
CVE-2021-24487,0.00106,0.42853
CVE-2021-24488,0.00302,0.66509
CVE-2021-24489,0.00058,0.22585
CVE-2021-2449,0.00080,0.33345
CVE-2021-24490,0.00074,0.30590
CVE-2021-24491,0.00106,0.42853
CVE-2021-24492,0.00114,0.44946
CVE-2021-24493,0.00327,0.67942
CVE-2021-24494,0.00058,0.22585
CVE-2021-24495,0.00116,0.45276
CVE-2021-24496,0.00095,0.39559
CVE-2021-24497,0.00088,0.36822
CVE-2021-24498,0.00188,0.56322
CVE-2021-24499,0.19140,0.95837
CVE-2021-2450,0.00080,0.33345
CVE-2021-24500,0.00078,0.32117
CVE-2021-24501,0.00071,0.29418
CVE-2021-24502,0.00054,0.19309
CVE-2021-24503,0.00058,0.22585
CVE-2021-24504,0.00086,0.35755
CVE-2021-24505,0.00058,0.22585
CVE-2021-24506,0.00088,0.36822
CVE-2021-24507,0.00139,0.49388
CVE-2021-24508,0.00117,0.45540
CVE-2021-24509,0.00058,0.22585
CVE-2021-2451,0.00080,0.33345
CVE-2021-24510,0.00143,0.50106
CVE-2021-24511,0.00114,0.44946
CVE-2021-24512,0.00058,0.22585
CVE-2021-24513,0.00058,0.22585
CVE-2021-24514,0.00058,0.22585
CVE-2021-24515,0.00058,0.22585
CVE-2021-24516,0.00058,0.22585
CVE-2021-24517,0.00058,0.22585
CVE-2021-24518,0.00080,0.33446
CVE-2021-24519,0.00058,0.22585
CVE-2021-2452,0.00080,0.33345
CVE-2021-24520,0.00114,0.44946
CVE-2021-24521,0.00142,0.49919
CVE-2021-24522,0.00078,0.32739
CVE-2021-24523,0.00058,0.22585
CVE-2021-24524,0.00058,0.22585
CVE-2021-24525,0.00058,0.22585
CVE-2021-24526,0.00058,0.22585
CVE-2021-24527,0.00283,0.65421
CVE-2021-24528,0.00058,0.22585
CVE-2021-24529,0.00058,0.22585
CVE-2021-2453,0.00080,0.33345
CVE-2021-24530,0.00058,0.22585
CVE-2021-24531,0.00054,0.20290
CVE-2021-24533,0.00058,0.22585
CVE-2021-24534,0.00058,0.22585
CVE-2021-24535,0.00062,0.24335
CVE-2021-24536,0.00074,0.30749
CVE-2021-24537,0.00113,0.44632
CVE-2021-24538,0.00058,0.22585
CVE-2021-24539,0.00058,0.22585
CVE-2021-2454,0.00045,0.12178
CVE-2021-24540,0.00058,0.22585
CVE-2021-24541,0.00058,0.22585
CVE-2021-24543,0.00074,0.30749
CVE-2021-24544,0.00058,0.22585
CVE-2021-24545,0.00058,0.22585
CVE-2021-24546,0.00088,0.36998
CVE-2021-24547,0.00058,0.22585
CVE-2021-24548,0.00058,0.22585
CVE-2021-24549,0.00077,0.31692
CVE-2021-2455,0.00089,0.37370
CVE-2021-24550,0.00114,0.44946
CVE-2021-24551,0.00212,0.59203
CVE-2021-24552,0.00114,0.44946
CVE-2021-24553,0.00114,0.44946
CVE-2021-24554,0.20268,0.95942
CVE-2021-24555,0.00111,0.44281
CVE-2021-24556,0.00069,0.28663
CVE-2021-24557,0.00114,0.44946
CVE-2021-24558,0.00054,0.19309
CVE-2021-24559,0.00045,0.11801
CVE-2021-2456,0.22561,0.96097
CVE-2021-24560,0.00072,0.29847
CVE-2021-24561,0.00053,0.18833
CVE-2021-24562,0.00165,0.53247
CVE-2021-24563,0.00145,0.50330
CVE-2021-24564,0.00058,0.22585
CVE-2021-24565,0.00125,0.46935
CVE-2021-24566,0.00050,0.16285
CVE-2021-24567,0.00045,0.11801
CVE-2021-24568,0.00058,0.22585
CVE-2021-24569,0.00058,0.22585
CVE-2021-2457,0.00077,0.31886
CVE-2021-24570,0.00068,0.28323
CVE-2021-24571,0.00058,0.22585
CVE-2021-24572,0.00061,0.23796
CVE-2021-24574,0.00053,0.18833
CVE-2021-24575,0.00088,0.36822
CVE-2021-24576,0.00058,0.22585
CVE-2021-24577,0.00058,0.22585
CVE-2021-24578,0.00095,0.39559
CVE-2021-24579,0.00102,0.41403
CVE-2021-2458,0.00066,0.27453
CVE-2021-24580,0.00088,0.36822
CVE-2021-24581,0.00122,0.46451
CVE-2021-24582,0.00058,0.22585
CVE-2021-24583,0.00061,0.23796
CVE-2021-24584,0.00053,0.18634
CVE-2021-24585,0.00076,0.31357
CVE-2021-24586,0.00061,0.23796
CVE-2021-24587,0.00058,0.22585
CVE-2021-24588,0.00078,0.32739
CVE-2021-24590,0.00058,0.22585
CVE-2021-24591,0.00058,0.22585
CVE-2021-24592,0.00058,0.22585
CVE-2021-24593,0.00058,0.22585
CVE-2021-24594,0.00053,0.18833
CVE-2021-24595,0.00053,0.19044
CVE-2021-24596,0.00058,0.22585
CVE-2021-24597,0.00058,0.22585
CVE-2021-24598,0.00053,0.18833
CVE-2021-24599,0.00095,0.39559
CVE-2021-2460,0.00054,0.20290
CVE-2021-24600,0.00058,0.22585
CVE-2021-24601,0.00058,0.22585
CVE-2021-24602,0.00086,0.35789
CVE-2021-24603,0.00058,0.22585
CVE-2021-24604,0.00058,0.22585
CVE-2021-24605,0.00058,0.22585
CVE-2021-24606,0.00088,0.36822
CVE-2021-24607,0.00058,0.22585
CVE-2021-24608,0.00053,0.18833
CVE-2021-24609,0.00058,0.22585
CVE-2021-2461,0.00071,0.29414
CVE-2021-24610,0.00081,0.33527
CVE-2021-24611,0.00053,0.18634
CVE-2021-24612,0.00058,0.22585
CVE-2021-24613,0.00058,0.22585
CVE-2021-24614,0.00058,0.22585
CVE-2021-24615,0.00052,0.18167
CVE-2021-24616,0.00053,0.18833
CVE-2021-24617,0.00072,0.29847
CVE-2021-24618,0.00053,0.18634
CVE-2021-24619,0.00058,0.22585
CVE-2021-2462,0.00077,0.31886
CVE-2021-24620,0.00106,0.42853
CVE-2021-24621,0.00058,0.22585
CVE-2021-24622,0.00058,0.22585
CVE-2021-24623,0.00058,0.22585
CVE-2021-24624,0.00058,0.22585
CVE-2021-24625,0.00114,0.44946
CVE-2021-24626,0.00114,0.44884
CVE-2021-24627,0.17174,0.95632
CVE-2021-24628,0.00114,0.44946
CVE-2021-24629,0.00114,0.44946
CVE-2021-2463,0.00705,0.78336
CVE-2021-24630,0.00114,0.44946
CVE-2021-24631,0.00114,0.44946
CVE-2021-24632,0.00095,0.39559
CVE-2021-24633,0.00058,0.22585
CVE-2021-24634,0.00058,0.22585
CVE-2021-24635,0.00058,0.22585
CVE-2021-24636,0.00062,0.24284
CVE-2021-24637,0.00058,0.22585
CVE-2021-24638,0.00125,0.47070
CVE-2021-24639,0.00059,0.22986
CVE-2021-2464,0.00045,0.12178
CVE-2021-24640,0.00058,0.22585
CVE-2021-24641,0.00062,0.24284
CVE-2021-24642,0.00062,0.24284
CVE-2021-24643,0.00058,0.22585
CVE-2021-24644,0.00167,0.53511
CVE-2021-24645,0.00058,0.22585
CVE-2021-24646,0.00058,0.22585
CVE-2021-24647,0.21350,0.96018
CVE-2021-24648,0.00068,0.28323
CVE-2021-24649,0.00229,0.61192
CVE-2021-24651,0.00208,0.58746
CVE-2021-24652,0.00054,0.20290
CVE-2021-24653,0.00058,0.22585
CVE-2021-24654,0.00058,0.22585
CVE-2021-24655,0.00086,0.35672
CVE-2021-24656,0.00058,0.22585
CVE-2021-24657,0.00109,0.43895
CVE-2021-24658,0.00053,0.18833
CVE-2021-24659,0.00054,0.20290
CVE-2021-24660,0.00054,0.20290
CVE-2021-24661,0.00054,0.20290
CVE-2021-24662,0.00088,0.36822
CVE-2021-24663,0.00104,0.42382
CVE-2021-24664,0.00077,0.31723
CVE-2021-24665,0.00050,0.16378
CVE-2021-24666,0.23542,0.96163
CVE-2021-24667,0.00050,0.16378
CVE-2021-24668,0.00061,0.23796
CVE-2021-24669,0.00088,0.36822
CVE-2021-24670,0.00058,0.22585
CVE-2021-24671,0.00058,0.22585
CVE-2021-24672,0.00058,0.22585
CVE-2021-24673,0.00058,0.22585
CVE-2021-24674,0.00062,0.24284
CVE-2021-24675,0.00062,0.24284
CVE-2021-24676,0.00095,0.39559
CVE-2021-24677,0.00098,0.40470
CVE-2021-24678,0.00058,0.22585
CVE-2021-24679,0.00095,0.39559
CVE-2021-24680,0.00058,0.22585
CVE-2021-24681,0.00058,0.22585
CVE-2021-24682,0.00058,0.22585
CVE-2021-24683,0.00074,0.30749
CVE-2021-24684,0.00277,0.64976
CVE-2021-24685,0.00074,0.30749
CVE-2021-24686,0.00053,0.18833
CVE-2021-24687,0.00058,0.22585
CVE-2021-24688,0.00086,0.35755
CVE-2021-24689,0.00087,0.36460
CVE-2021-24690,0.00058,0.22585
CVE-2021-24691,0.00058,0.22585
CVE-2021-24692,0.00087,0.36460
CVE-2021-24693,0.00102,0.41403
CVE-2021-24694,0.00058,0.22585
CVE-2021-24695,0.00237,0.61902
CVE-2021-24696,0.00106,0.42853
CVE-2021-24697,0.00095,0.39559
CVE-2021-24698,0.00058,0.22585
CVE-2021-24699,0.00058,0.22585
CVE-2021-24700,0.00058,0.22585
CVE-2021-24701,0.00058,0.22585
CVE-2021-24702,0.00058,0.22585
CVE-2021-24703,0.00046,0.13787
CVE-2021-24704,0.00106,0.42853
CVE-2021-24705,0.00055,0.20626
CVE-2021-24706,0.00058,0.22585
CVE-2021-24707,0.00058,0.22585
CVE-2021-24708,0.00058,0.22585
CVE-2021-24709,0.00058,0.22585
CVE-2021-2471,0.00063,0.25572
CVE-2021-24710,0.00053,0.18833
CVE-2021-24711,0.00156,0.52016
CVE-2021-24712,0.00058,0.22585
CVE-2021-24713,0.00058,0.22585
CVE-2021-24714,0.00058,0.22585
CVE-2021-24715,0.00058,0.22585
CVE-2021-24716,0.00058,0.22585
CVE-2021-24717,0.00104,0.42382
CVE-2021-24718,0.00058,0.22585
CVE-2021-24719,0.00106,0.42911
CVE-2021-24720,0.00063,0.24955
CVE-2021-24721,0.00072,0.29642
CVE-2021-24722,0.00058,0.22585
CVE-2021-24723,0.00058,0.22585
CVE-2021-24724,0.00063,0.24955
CVE-2021-24725,0.00069,0.28663
CVE-2021-24726,0.00114,0.44946
CVE-2021-24727,0.00186,0.55891
CVE-2021-24728,0.00186,0.55891
CVE-2021-24729,0.00058,0.22585
CVE-2021-24730,0.00053,0.18634
CVE-2021-24731,0.14786,0.95307
CVE-2021-24732,0.00058,0.22585
CVE-2021-24733,0.00058,0.22585
CVE-2021-24734,0.00058,0.22585
CVE-2021-24735,0.00062,0.24284
CVE-2021-24736,0.00058,0.22585
CVE-2021-24737,0.00058,0.22585
CVE-2021-24738,0.00058,0.22585
CVE-2021-24739,0.00076,0.31357
CVE-2021-2474,0.00063,0.24890
CVE-2021-24740,0.00058,0.22585
CVE-2021-24741,0.00151,0.51311
CVE-2021-24742,0.00058,0.22585
CVE-2021-24743,0.00058,0.22585
CVE-2021-24744,0.00058,0.22585
CVE-2021-24745,0.00058,0.22585
CVE-2021-24746,0.00106,0.42926
CVE-2021-24747,0.00089,0.37681
CVE-2021-24748,0.00088,0.36822
CVE-2021-24749,0.00061,0.23796
CVE-2021-2475,0.00045,0.12178
CVE-2021-24750,0.01467,0.85414
CVE-2021-24751,0.00058,0.22585
CVE-2021-24752,0.00053,0.18634
CVE-2021-24753,0.00089,0.37681
CVE-2021-24754,0.00088,0.36822
CVE-2021-24755,0.00088,0.36822
CVE-2021-24756,0.00117,0.45540
CVE-2021-24757,0.00117,0.45540
CVE-2021-24758,0.00088,0.36822
CVE-2021-24759,0.00058,0.22585
CVE-2021-2476,0.00077,0.31886
CVE-2021-24760,0.00058,0.22585
CVE-2021-24761,0.00064,0.26128
CVE-2021-24762,0.23937,0.96191
CVE-2021-24763,0.00122,0.46510
CVE-2021-24764,0.00095,0.39559
CVE-2021-24765,0.00095,0.39559
CVE-2021-24766,0.00062,0.24284
CVE-2021-24767,0.00062,0.24284
CVE-2021-24768,0.00058,0.22585
CVE-2021-24769,0.00088,0.36822
CVE-2021-2477,0.00071,0.29414
CVE-2021-24770,0.00058,0.22585
CVE-2021-24771,0.00058,0.22585
CVE-2021-24772,0.00098,0.40432
CVE-2021-24773,0.00167,0.53413
CVE-2021-24774,0.00088,0.36822
CVE-2021-24775,0.00117,0.45540
CVE-2021-24776,0.00061,0.23796
CVE-2021-24777,0.00088,0.36822
CVE-2021-24778,0.00088,0.36822
CVE-2021-24779,0.00093,0.39260
CVE-2021-2478,0.00121,0.46299
CVE-2021-24780,0.00061,0.23796
CVE-2021-24781,0.00053,0.18833
CVE-2021-24782,0.00058,0.22585
CVE-2021-24783,0.00058,0.22585
CVE-2021-24784,0.00062,0.24284
CVE-2021-24785,0.00058,0.22585
CVE-2021-24786,0.00132,0.48273
CVE-2021-24787,0.00058,0.22585
CVE-2021-24788,0.00058,0.22585
CVE-2021-24789,0.00058,0.22585
CVE-2021-2479,0.00121,0.46299
CVE-2021-24790,0.00053,0.18634
CVE-2021-24791,0.10363,0.94476
CVE-2021-24792,0.00117,0.45540
CVE-2021-24793,0.00058,0.22585
CVE-2021-24794,0.00058,0.22585
CVE-2021-24795,0.00062,0.24284
CVE-2021-24796,0.00117,0.45540
CVE-2021-24797,0.00117,0.45540
CVE-2021-24798,0.00095,0.39559
CVE-2021-24799,0.00061,0.23796
CVE-2021-2480,0.00077,0.31886
CVE-2021-24800,0.00058,0.22585
CVE-2021-24801,0.00061,0.23796
CVE-2021-24802,0.00062,0.24284
CVE-2021-24803,0.00106,0.42853
CVE-2021-24804,0.00106,0.42853
CVE-2021-24805,0.00061,0.23796
CVE-2021-24806,0.00061,0.23796
CVE-2021-24807,0.00063,0.24955
CVE-2021-24808,0.00068,0.28323
CVE-2021-24809,0.00125,0.46935
CVE-2021-2481,0.00297,0.66295
CVE-2021-24810,0.00058,0.22585
CVE-2021-24811,0.00058,0.22585
CVE-2021-24812,0.00058,0.22585
CVE-2021-24813,0.00053,0.18833
CVE-2021-24814,0.00265,0.64189
CVE-2021-24815,0.00058,0.22585
CVE-2021-24816,0.00058,0.22585
CVE-2021-24817,0.00058,0.22585
CVE-2021-24818,0.00061,0.23796
CVE-2021-24819,0.00058,0.22585
CVE-2021-2482,0.00063,0.24890
CVE-2021-24820,0.00065,0.27063
CVE-2021-24821,0.00058,0.22585
CVE-2021-24822,0.00053,0.18634
CVE-2021-24823,0.00078,0.32117
CVE-2021-24824,0.00058,0.22585
CVE-2021-24825,0.00055,0.20604
CVE-2021-24826,0.00058,0.22585
CVE-2021-24827,0.11843,0.94846
CVE-2021-24828,0.00058,0.22585
CVE-2021-24829,0.00088,0.36822
CVE-2021-2483,0.00063,0.24890
CVE-2021-24830,0.00053,0.18833
CVE-2021-24831,0.00100,0.40847
CVE-2021-24832,0.00061,0.23796
CVE-2021-24833,0.00060,0.23686
CVE-2021-24834,0.00060,0.23686
CVE-2021-24835,0.00088,0.36822
CVE-2021-24836,0.00053,0.18634
CVE-2021-24837,0.00053,0.18436
CVE-2021-24838,0.00106,0.42926
CVE-2021-24839,0.00100,0.40847
CVE-2021-2484,0.00063,0.24890
CVE-2021-24840,0.00117,0.45540
CVE-2021-24841,0.00054,0.19309
CVE-2021-24842,0.00053,0.18833
CVE-2021-24843,0.00062,0.24284
CVE-2021-24844,0.00098,0.40432
CVE-2021-24845,0.00076,0.31357
CVE-2021-24846,0.00088,0.36822
CVE-2021-24847,0.00088,0.36822
CVE-2021-24848,0.00088,0.36822
CVE-2021-24849,0.00199,0.57867
CVE-2021-2485,0.00063,0.24890
CVE-2021-24850,0.00058,0.22585
CVE-2021-24851,0.00053,0.18833
CVE-2021-24852,0.00062,0.24284
CVE-2021-24853,0.00086,0.35755
CVE-2021-24854,0.00058,0.22585
CVE-2021-24855,0.00058,0.22585
CVE-2021-24856,0.00054,0.19309
CVE-2021-24857,0.00190,0.56664
CVE-2021-24858,0.00088,0.36822
CVE-2021-24859,0.00058,0.22585
CVE-2021-24860,0.00088,0.36822
CVE-2021-24861,0.00088,0.36822
CVE-2021-24862,0.72686,0.97829
CVE-2021-24863,0.00172,0.54442
CVE-2021-24864,0.00104,0.42274
CVE-2021-24865,0.00098,0.40432
CVE-2021-24866,0.00172,0.54442
CVE-2021-24867,0.00363,0.69548
CVE-2021-24868,0.00058,0.22585
CVE-2021-24869,0.00050,0.16285
CVE-2021-24870,0.00046,0.13740
CVE-2021-24871,0.00058,0.22585
CVE-2021-24872,0.00076,0.31357
CVE-2021-24873,0.00061,0.24174
CVE-2021-24874,0.00095,0.39559
CVE-2021-24875,0.00143,0.50106
CVE-2021-24876,0.00095,0.39559
CVE-2021-24877,0.00088,0.36822
CVE-2021-24878,0.00095,0.39559
CVE-2021-24879,0.00088,0.36693
CVE-2021-24880,0.00058,0.22585
CVE-2021-24881,0.00140,0.49682
CVE-2021-24882,0.00058,0.22585
CVE-2021-24883,0.00063,0.25033
CVE-2021-24884,0.02450,0.88963
CVE-2021-24885,0.00068,0.28323
CVE-2021-24888,0.00058,0.22585
CVE-2021-24889,0.00088,0.36822
CVE-2021-24890,0.00113,0.44655
CVE-2021-24891,0.00116,0.45276
CVE-2021-24892,0.00216,0.59668
CVE-2021-24893,0.00122,0.46498
CVE-2021-24894,0.00064,0.26251
CVE-2021-24895,0.00058,0.22585
CVE-2021-24896,0.00058,0.22585
CVE-2021-24897,0.00058,0.22585
CVE-2021-24898,0.00058,0.22585
CVE-2021-24899,0.00058,0.22585
CVE-2021-24900,0.00084,0.34980
CVE-2021-24901,0.00089,0.37485
CVE-2021-24902,0.00058,0.22585
CVE-2021-24903,0.00058,0.22585
CVE-2021-24904,0.00089,0.37485
CVE-2021-24905,0.00076,0.31357
CVE-2021-24906,0.00110,0.44033
CVE-2021-24907,0.00095,0.39559
CVE-2021-24908,0.00095,0.39559
CVE-2021-24909,0.00095,0.39559
CVE-2021-24910,0.00115,0.45145
CVE-2021-24911,0.00056,0.20979
CVE-2021-24912,0.00051,0.17162
CVE-2021-24913,0.00068,0.28323
CVE-2021-24914,0.00074,0.30590
CVE-2021-24915,0.22351,0.96085
CVE-2021-24916,0.00107,0.43251
CVE-2021-24917,0.02724,0.89512
CVE-2021-24918,0.00053,0.18833
CVE-2021-24919,0.00089,0.37681
CVE-2021-24920,0.00053,0.18833
CVE-2021-24921,0.00095,0.39559
CVE-2021-24922,0.00074,0.30590
CVE-2021-24923,0.00095,0.39559
CVE-2021-24924,0.00095,0.39559
CVE-2021-24925,0.00109,0.43895
CVE-2021-24926,0.00171,0.54200
CVE-2021-24927,0.00058,0.22585
CVE-2021-24928,0.00058,0.22585
CVE-2021-24930,0.00058,0.22585
CVE-2021-24931,0.51567,0.97281
CVE-2021-24932,0.00095,0.39559
CVE-2021-24933,0.00058,0.22585
CVE-2021-24934,0.00068,0.28323
CVE-2021-24935,0.00068,0.28323
CVE-2021-24936,0.00074,0.30590
CVE-2021-24937,0.00095,0.39559
CVE-2021-24938,0.00109,0.43895
CVE-2021-24939,0.00095,0.39559
CVE-2021-24940,0.00106,0.42926
CVE-2021-24941,0.00095,0.39559
CVE-2021-24942,0.00111,0.44128
CVE-2021-24943,0.00199,0.57867
CVE-2021-24944,0.00058,0.22585
CVE-2021-24945,0.00074,0.30590
CVE-2021-24946,0.12445,0.94947
CVE-2021-24947,0.00327,0.67931
CVE-2021-24948,0.00165,0.53247
CVE-2021-24949,0.00139,0.49388
CVE-2021-24950,0.00058,0.22585
CVE-2021-24951,0.00172,0.54442
CVE-2021-24952,0.00088,0.36822
CVE-2021-24953,0.00095,0.39559
CVE-2021-24954,0.00068,0.28323
CVE-2021-24955,0.00068,0.28323
CVE-2021-24956,0.00106,0.42926
CVE-2021-24957,0.00088,0.36822
CVE-2021-24958,0.00058,0.22585
CVE-2021-24959,0.00088,0.36822
CVE-2021-24960,0.00053,0.18833
CVE-2021-24961,0.00053,0.18833
CVE-2021-24962,0.00128,0.47493
CVE-2021-24963,0.00053,0.18833
CVE-2021-24964,0.00117,0.45540
CVE-2021-24965,0.00058,0.22585
CVE-2021-24966,0.00291,0.65876
CVE-2021-24967,0.00117,0.45540
CVE-2021-24968,0.00053,0.18833
CVE-2021-24969,0.00123,0.46617
CVE-2021-24970,0.02970,0.89895
CVE-2021-24971,0.00058,0.22585
CVE-2021-24972,0.00058,0.22585
CVE-2021-24973,0.00068,0.28323
CVE-2021-24974,0.00058,0.22585
CVE-2021-24975,0.00068,0.28323
CVE-2021-24976,0.00068,0.28323
CVE-2021-24977,0.00098,0.40470
CVE-2021-24978,0.00092,0.38770
CVE-2021-24979,0.00100,0.40911
CVE-2021-24980,0.00095,0.39559
CVE-2021-24981,0.00340,0.68547
CVE-2021-24982,0.00058,0.22585
CVE-2021-24983,0.00095,0.39559
CVE-2021-24984,0.00095,0.39559
CVE-2021-24985,0.00068,0.28323
CVE-2021-24986,0.00095,0.39559
CVE-2021-24987,0.00086,0.35836
CVE-2021-24988,0.00053,0.18634
CVE-2021-24989,0.00062,0.24284
CVE-2021-24991,0.00069,0.28748
CVE-2021-24992,0.00058,0.22585
CVE-2021-24993,0.00053,0.18833
CVE-2021-24994,0.00109,0.43895
CVE-2021-24995,0.00058,0.22585
CVE-2021-24996,0.00095,0.39559
CVE-2021-24997,0.00224,0.60782
CVE-2021-24998,0.00062,0.24806
CVE-2021-24999,0.00095,0.39559
CVE-2021-25000,0.00095,0.39559
CVE-2021-25001,0.00095,0.39559
CVE-2021-25002,0.00283,0.65422
CVE-2021-25003,0.61252,0.97534
CVE-2021-25004,0.00076,0.31357
CVE-2021-25005,0.00058,0.22585
CVE-2021-25006,0.00095,0.39559
CVE-2021-25007,0.00172,0.54442
CVE-2021-25008,0.00106,0.42926
CVE-2021-25009,0.00095,0.39559
CVE-2021-25010,0.00106,0.42853
CVE-2021-25011,0.00053,0.18833
CVE-2021-25012,0.00095,0.39559
CVE-2021-25013,0.00053,0.18634
CVE-2021-25014,0.00058,0.22585
CVE-2021-25015,0.00068,0.28323
CVE-2021-25016,0.00106,0.42926
CVE-2021-25017,0.00068,0.28323
CVE-2021-25018,0.00058,0.22585
CVE-2021-25019,0.00078,0.32133
CVE-2021-25020,0.00061,0.23805
CVE-2021-25021,0.00061,0.23805
CVE-2021-25022,0.00079,0.32893
CVE-2021-25023,0.00088,0.36822
CVE-2021-25024,0.00095,0.39559
CVE-2021-25025,0.00053,0.18634
CVE-2021-25026,0.00053,0.18833
CVE-2021-25027,0.00068,0.28323
CVE-2021-25028,0.00106,0.42926
CVE-2021-25029,0.00058,0.22585
CVE-2021-25030,0.00088,0.36822
CVE-2021-25031,0.00068,0.28323
CVE-2021-25032,0.00117,0.45509
CVE-2021-25033,0.00100,0.40911
CVE-2021-25034,0.00095,0.39559
CVE-2021-25035,0.00068,0.28323
CVE-2021-25036,0.02018,0.87739
CVE-2021-25037,0.00122,0.46392
CVE-2021-25038,0.00095,0.39559
CVE-2021-25039,0.00095,0.39559
CVE-2021-25040,0.00095,0.39559
CVE-2021-25041,0.00066,0.27188
CVE-2021-25042,0.00058,0.22585
CVE-2021-25043,0.00068,0.28323
CVE-2021-25044,0.00082,0.34119
CVE-2021-25045,0.00098,0.40432
CVE-2021-25046,0.00058,0.22585
CVE-2021-25047,0.00078,0.32739
CVE-2021-25048,0.00058,0.22585
CVE-2021-25049,0.00053,0.18833
CVE-2021-25050,0.00053,0.18833
CVE-2021-25051,0.00125,0.46935
CVE-2021-25052,0.01998,0.87665
CVE-2021-25053,0.00125,0.46935
CVE-2021-25054,0.00088,0.36822
CVE-2021-25055,0.00100,0.40911
CVE-2021-25056,0.00058,0.22585
CVE-2021-25057,0.00058,0.22585
CVE-2021-25058,0.00058,0.22585
CVE-2021-25059,0.00056,0.20979
CVE-2021-25060,0.00058,0.22585
CVE-2021-25061,0.00058,0.22585
CVE-2021-25062,0.00068,0.28323
CVE-2021-25063,0.00106,0.42926
CVE-2021-25064,0.00088,0.36822
CVE-2021-25065,0.00069,0.28541
CVE-2021-25066,0.00058,0.22585
CVE-2021-25067,0.00069,0.28541
CVE-2021-25068,0.00088,0.36822
CVE-2021-25069,0.00086,0.35789
CVE-2021-25070,0.00172,0.54442
CVE-2021-25071,0.00095,0.39559
CVE-2021-25072,0.00062,0.24284
CVE-2021-25073,0.00125,0.46935
CVE-2021-25074,0.00106,0.42926
CVE-2021-25075,0.00071,0.29183
CVE-2021-25076,0.00375,0.70021
CVE-2021-25077,0.00068,0.28323
CVE-2021-25078,0.00382,0.70317
CVE-2021-25079,0.00100,0.40911
CVE-2021-25080,0.00073,0.30169
CVE-2021-25081,0.00069,0.28703
CVE-2021-25082,0.00088,0.37055
CVE-2021-25083,0.00068,0.28323
CVE-2021-25084,0.00058,0.22585
CVE-2021-25085,0.00100,0.40911
CVE-2021-25086,0.00117,0.45540
CVE-2021-25087,0.00199,0.57920
CVE-2021-25088,0.00058,0.22585
CVE-2021-25089,0.00095,0.39559
CVE-2021-25090,0.00058,0.22585
CVE-2021-25091,0.00095,0.39559
CVE-2021-25092,0.00053,0.19044
CVE-2021-25093,0.00100,0.40847
CVE-2021-25094,0.01730,0.86593
CVE-2021-25095,0.00067,0.27875
CVE-2021-25096,0.00068,0.28323
CVE-2021-25097,0.00046,0.12692
CVE-2021-25098,0.00062,0.24284
CVE-2021-25099,0.00100,0.40911
CVE-2021-25100,0.00068,0.28323
CVE-2021-25101,0.00058,0.22585
CVE-2021-25102,0.00095,0.39559
CVE-2021-25103,0.00095,0.39559
CVE-2021-25104,0.00106,0.42926
CVE-2021-25105,0.00058,0.22585
CVE-2021-25106,0.00053,0.18570
CVE-2021-25107,0.00073,0.30169
CVE-2021-25108,0.00088,0.37038
CVE-2021-25109,0.00058,0.22585
CVE-2021-25110,0.00058,0.22585
CVE-2021-25111,0.00106,0.42926
CVE-2021-25112,0.00100,0.40911
CVE-2021-25113,0.00058,0.22585
CVE-2021-25114,0.04131,0.91349
CVE-2021-25115,0.00053,0.18833
CVE-2021-25116,0.00053,0.18634
CVE-2021-25117,0.00045,0.11801
CVE-2021-25118,0.00155,0.51850
CVE-2021-25119,0.00104,0.42382
CVE-2021-25120,0.00106,0.42926
CVE-2021-25121,0.00079,0.32837
CVE-2021-25122,0.00217,0.59790
CVE-2021-25123,0.00044,0.10161
CVE-2021-25124,0.00044,0.07794
CVE-2021-25125,0.00044,0.07794
CVE-2021-25126,0.00044,0.10161
CVE-2021-25127,0.00044,0.10161
CVE-2021-25128,0.00044,0.07794
CVE-2021-25129,0.00044,0.07794
CVE-2021-25130,0.00044,0.10161
CVE-2021-25131,0.00044,0.10161
CVE-2021-25132,0.00044,0.10161
CVE-2021-25133,0.00044,0.10161
CVE-2021-25134,0.00044,0.10161
CVE-2021-25135,0.00044,0.10161
CVE-2021-25136,0.00044,0.10161
CVE-2021-25137,0.00044,0.10161
CVE-2021-25138,0.00044,0.10161
CVE-2021-25139,0.00604,0.76303
CVE-2021-25140,0.00645,0.77137
CVE-2021-25141,0.00042,0.05722
CVE-2021-25142,0.00042,0.05722
CVE-2021-25143,0.00232,0.61399
CVE-2021-25144,0.00315,0.67236
CVE-2021-25145,0.00064,0.26314
CVE-2021-25146,0.00379,0.70197
CVE-2021-25147,0.00865,0.80581
CVE-2021-25148,0.00081,0.33872
CVE-2021-25149,0.00621,0.76670
CVE-2021-25150,0.00379,0.70197
CVE-2021-25151,0.00102,0.41389
CVE-2021-25152,0.00102,0.41389
CVE-2021-25153,0.00087,0.36452
CVE-2021-25154,0.00253,0.63231
CVE-2021-25155,0.00567,0.75488
CVE-2021-25156,0.00821,0.80075
CVE-2021-25157,0.02395,0.88835
CVE-2021-25158,0.07402,0.93467
CVE-2021-25159,0.01351,0.84774
CVE-2021-25160,0.00091,0.38099
CVE-2021-25161,0.00383,0.70341
CVE-2021-25162,0.21458,0.96027
CVE-2021-25163,0.00325,0.67804
CVE-2021-25164,0.00325,0.67804
CVE-2021-25165,0.00325,0.67804
CVE-2021-25166,0.00955,0.81604
CVE-2021-25167,0.00955,0.81604
CVE-2021-25168,0.00042,0.05722
CVE-2021-25169,0.00042,0.05722
CVE-2021-25170,0.00042,0.05722
CVE-2021-25171,0.00042,0.05722
CVE-2021-25172,0.00044,0.10161
CVE-2021-25173,0.00082,0.34120
CVE-2021-25174,0.00082,0.34120
CVE-2021-25175,0.00133,0.48396
CVE-2021-25176,0.00084,0.35131
CVE-2021-25177,0.00082,0.34120
CVE-2021-25178,0.00339,0.68482
CVE-2021-25179,0.00123,0.46625
CVE-2021-25195,0.00043,0.07315
CVE-2021-25197,0.00115,0.45204
CVE-2021-25200,0.00298,0.66351
CVE-2021-25201,0.00158,0.52296
CVE-2021-25202,0.00146,0.50585
CVE-2021-25203,0.00298,0.66351
CVE-2021-25204,0.00072,0.29718
CVE-2021-25205,0.00146,0.50585
CVE-2021-25206,0.00298,0.66351
CVE-2021-25207,0.00298,0.66351
CVE-2021-25208,0.00298,0.66351
CVE-2021-25209,0.00123,0.46625
CVE-2021-25210,0.00232,0.61381
CVE-2021-25211,0.00298,0.66351
CVE-2021-25212,0.00146,0.50585
CVE-2021-25213,0.00146,0.50585
CVE-2021-25214,0.00924,0.81279
CVE-2021-25215,0.03592,0.90761
CVE-2021-25216,0.26778,0.96347
CVE-2021-25217,0.00195,0.57463
CVE-2021-25218,0.00149,0.50999
CVE-2021-25219,0.00341,0.68584
CVE-2021-25220,0.00173,0.54567
CVE-2021-25224,0.00045,0.12491
CVE-2021-25225,0.00045,0.12491
CVE-2021-25226,0.00045,0.12491
CVE-2021-25227,0.00094,0.39307
CVE-2021-25228,0.00298,0.66358
CVE-2021-25229,0.00316,0.67347
CVE-2021-25230,0.00316,0.67347
CVE-2021-25231,0.00298,0.66358
CVE-2021-25232,0.00316,0.67347
CVE-2021-25233,0.00298,0.66358
CVE-2021-25234,0.00298,0.66358
CVE-2021-25235,0.00316,0.67347
CVE-2021-25236,0.00327,0.67879
CVE-2021-25237,0.00437,0.72156
CVE-2021-25238,0.00316,0.67347
CVE-2021-25239,0.00298,0.66358
CVE-2021-25240,0.00298,0.66358
CVE-2021-25241,0.00327,0.67879
CVE-2021-25242,0.00298,0.66358
CVE-2021-25243,0.00298,0.66358
CVE-2021-25244,0.00437,0.72156
CVE-2021-25245,0.00437,0.72156
CVE-2021-25246,0.00398,0.70911
CVE-2021-25247,0.00072,0.29986
CVE-2021-25248,0.00045,0.12491
CVE-2021-25249,0.00045,0.12491
CVE-2021-25250,0.00045,0.12491
CVE-2021-25251,0.00090,0.38030
CVE-2021-25252,0.00044,0.10161
CVE-2021-25253,0.00045,0.12491
CVE-2021-25261,0.00042,0.05722
CVE-2021-25263,0.00042,0.05722
CVE-2021-25264,0.00042,0.05722
CVE-2021-25265,0.00290,0.65846
CVE-2021-25266,0.00044,0.10161
CVE-2021-25267,0.00104,0.42231
CVE-2021-25268,0.00104,0.42231
CVE-2021-25269,0.00044,0.10161
CVE-2021-25270,0.00042,0.05722
CVE-2021-25271,0.00042,0.05722
CVE-2021-25273,0.00058,0.22585
CVE-2021-25274,0.05160,0.92241
CVE-2021-25275,0.00057,0.21265
CVE-2021-25276,0.00048,0.14460
CVE-2021-25277,0.00112,0.44327
CVE-2021-25278,0.00054,0.20290
CVE-2021-25281,0.85046,0.98283
CVE-2021-25282,0.85284,0.98293
CVE-2021-25283,0.16680,0.95560
CVE-2021-25284,0.00049,0.14843
CVE-2021-25287,0.00320,0.67577
CVE-2021-25288,0.00320,0.67577
CVE-2021-25289,0.00244,0.62506
CVE-2021-25290,0.00173,0.54496
CVE-2021-25291,0.00116,0.45451
CVE-2021-25292,0.00109,0.43545
CVE-2021-25293,0.00116,0.45451
CVE-2021-25294,0.11108,0.94668
CVE-2021-25295,0.00103,0.41733
CVE-2021-25296,0.89514,0.98543
CVE-2021-25297,0.89514,0.98543
CVE-2021-25298,0.97349,0.99882
CVE-2021-25299,0.96845,0.99634
CVE-2021-25306,0.00217,0.59779
CVE-2021-25309,0.00661,0.77534
CVE-2021-25310,0.00397,0.70894
CVE-2021-25311,0.00127,0.47237
CVE-2021-25312,0.00104,0.42231
CVE-2021-25313,0.00131,0.48000
CVE-2021-25314,0.00042,0.05722
CVE-2021-25315,0.00045,0.11981
CVE-2021-25316,0.00042,0.05722
CVE-2021-25317,0.00042,0.05722
CVE-2021-25318,0.00087,0.36023
CVE-2021-25319,0.00042,0.05722
CVE-2021-25320,0.00087,0.36023
CVE-2021-25321,0.00042,0.05722
CVE-2021-25322,0.00042,0.05722
CVE-2021-25323,0.00168,0.53801
CVE-2021-25324,0.00078,0.32606
CVE-2021-25325,0.00078,0.32606
CVE-2021-25326,0.00323,0.67714
CVE-2021-25327,0.00073,0.30033
CVE-2021-25328,0.02309,0.88640
CVE-2021-25329,0.00055,0.20637
CVE-2021-25330,0.00082,0.34051
CVE-2021-25331,0.00056,0.21013
CVE-2021-25332,0.00056,0.21013
CVE-2021-25333,0.00056,0.21013
CVE-2021-25334,0.00056,0.20758
CVE-2021-25335,0.00042,0.05722
CVE-2021-25336,0.00053,0.18889
CVE-2021-25337,0.00096,0.39851
CVE-2021-25338,0.00052,0.17999
CVE-2021-25339,0.00052,0.17999
CVE-2021-25340,0.00050,0.16478
CVE-2021-25341,0.00042,0.05722
CVE-2021-25342,0.00042,0.05722
CVE-2021-25343,0.00042,0.05722
CVE-2021-25344,0.00044,0.10161
CVE-2021-25345,0.00044,0.10161
CVE-2021-25346,0.00520,0.74412
CVE-2021-25347,0.00044,0.10161
CVE-2021-25348,0.00056,0.21013
CVE-2021-25349,0.00042,0.05722
CVE-2021-25350,0.00042,0.05722
CVE-2021-25351,0.00056,0.21013
CVE-2021-25352,0.00042,0.05722
CVE-2021-25353,0.00042,0.05722
CVE-2021-25354,0.00052,0.18020
CVE-2021-25355,0.00042,0.05722
CVE-2021-25356,0.00091,0.38126
CVE-2021-25357,0.00044,0.10161
CVE-2021-25358,0.00042,0.05722
CVE-2021-25359,0.00042,0.05722
CVE-2021-25360,0.00127,0.47265
CVE-2021-25361,0.00044,0.07794
CVE-2021-25362,0.00044,0.10161
CVE-2021-25363,0.00044,0.10161
CVE-2021-25364,0.00044,0.10161
CVE-2021-25365,0.00044,0.10161
CVE-2021-25366,0.00042,0.05722
CVE-2021-25367,0.00050,0.16405
CVE-2021-25368,0.00159,0.52499
CVE-2021-25369,0.00118,0.45660
CVE-2021-25370,0.00200,0.57976
CVE-2021-25371,0.00078,0.32124
CVE-2021-25372,0.00078,0.32124
CVE-2021-25373,0.00042,0.05722
CVE-2021-25374,0.00224,0.60729
CVE-2021-25375,0.00143,0.50114
CVE-2021-25376,0.00069,0.28732
CVE-2021-25377,0.00042,0.05722
CVE-2021-25378,0.00104,0.42344
CVE-2021-25379,0.00042,0.05722
CVE-2021-25380,0.00104,0.42344
CVE-2021-25381,0.00042,0.05722
CVE-2021-25382,0.00044,0.10161
CVE-2021-25383,0.00121,0.46272
CVE-2021-25384,0.00121,0.46272
CVE-2021-25385,0.00109,0.43530
CVE-2021-25386,0.00109,0.43530
CVE-2021-25387,0.00121,0.46272
CVE-2021-25388,0.00044,0.10161
CVE-2021-25389,0.00047,0.14057
CVE-2021-25390,0.00055,0.20611
CVE-2021-25391,0.00055,0.20611
CVE-2021-25392,0.00042,0.05722
CVE-2021-25393,0.00042,0.05722
CVE-2021-25394,0.00078,0.32124
CVE-2021-25395,0.00238,0.61988
CVE-2021-25396,0.00044,0.10161
CVE-2021-25397,0.00042,0.05722
CVE-2021-25398,0.00042,0.05722
CVE-2021-25399,0.00042,0.05722
CVE-2021-25400,0.00042,0.05722
CVE-2021-25401,0.00042,0.05722
CVE-2021-25402,0.00042,0.05722
CVE-2021-25403,0.00042,0.05722
CVE-2021-25404,0.00042,0.05722
CVE-2021-25405,0.00042,0.05722
CVE-2021-25406,0.00058,0.21951
CVE-2021-25407,0.00044,0.10161
CVE-2021-25408,0.00044,0.10161
CVE-2021-25409,0.00046,0.13831
CVE-2021-25410,0.00042,0.05722
CVE-2021-25411,0.00042,0.05722
CVE-2021-25412,0.00042,0.05722
CVE-2021-25413,0.00042,0.05722
CVE-2021-25414,0.00042,0.05722
CVE-2021-25415,0.00042,0.05722
CVE-2021-25416,0.00042,0.05722
CVE-2021-25417,0.00083,0.34334
CVE-2021-25418,0.00042,0.05722
CVE-2021-25419,0.00091,0.38654
CVE-2021-25420,0.00042,0.05722
CVE-2021-25421,0.00042,0.05722
CVE-2021-25422,0.00042,0.05722
CVE-2021-25423,0.00042,0.05722
CVE-2021-25424,0.00057,0.21314
CVE-2021-25425,0.00091,0.38654
CVE-2021-25426,0.00106,0.42870
CVE-2021-25427,0.00047,0.14185
CVE-2021-25428,0.00044,0.10161
CVE-2021-25429,0.00046,0.12575
CVE-2021-25430,0.00046,0.12575
CVE-2021-25431,0.00042,0.05722
CVE-2021-25432,0.00042,0.05722
CVE-2021-25433,0.00044,0.10161
CVE-2021-25434,0.00349,0.68947
CVE-2021-25435,0.00349,0.68947
CVE-2021-25436,0.00349,0.68947
CVE-2021-25437,0.00414,0.71390
CVE-2021-25438,0.00042,0.05722
CVE-2021-25439,0.00042,0.05722
CVE-2021-25440,0.00042,0.05722
CVE-2021-25441,0.00042,0.05722
CVE-2021-25442,0.00092,0.38673
CVE-2021-25443,0.00044,0.10161
CVE-2021-25444,0.00044,0.10161
CVE-2021-25445,0.00090,0.37851
CVE-2021-25446,0.00090,0.37851
CVE-2021-25447,0.00090,0.37851
CVE-2021-25448,0.00090,0.37851
CVE-2021-25449,0.00127,0.47290
CVE-2021-25450,0.00046,0.12677
CVE-2021-25451,0.00046,0.12575
CVE-2021-25452,0.00044,0.07794
CVE-2021-25453,0.00044,0.10161
CVE-2021-25454,0.00046,0.12575
CVE-2021-25455,0.00046,0.12575
CVE-2021-25456,0.00046,0.13837
CVE-2021-25457,0.00042,0.05722
CVE-2021-25458,0.00044,0.10161
CVE-2021-25459,0.00044,0.10161
CVE-2021-25460,0.00044,0.10161
CVE-2021-25461,0.00044,0.10161
CVE-2021-25462,0.00044,0.10161
CVE-2021-25463,0.00042,0.05722
CVE-2021-25464,0.00042,0.05722
CVE-2021-25465,0.00042,0.05722
CVE-2021-25466,0.00092,0.38777
CVE-2021-25467,0.00044,0.10161
CVE-2021-25468,0.00044,0.10161
CVE-2021-25469,0.00044,0.10161
CVE-2021-25470,0.00042,0.05722
CVE-2021-25471,0.00081,0.33670
CVE-2021-25472,0.00044,0.10161
CVE-2021-25473,0.00044,0.10161
CVE-2021-25474,0.00044,0.10161
CVE-2021-25475,0.00044,0.10161
CVE-2021-25476,0.00044,0.10161
CVE-2021-25477,0.00100,0.40849
CVE-2021-25478,0.00076,0.31184
CVE-2021-25479,0.00086,0.35860
CVE-2021-25480,0.00114,0.44781
CVE-2021-25481,0.00042,0.05722
CVE-2021-25482,0.00044,0.10161
CVE-2021-25483,0.00057,0.21513
CVE-2021-25484,0.00044,0.10161
CVE-2021-25485,0.00044,0.07794
CVE-2021-25486,0.00044,0.10161
CVE-2021-25487,0.00067,0.27782
CVE-2021-25488,0.00044,0.10161
CVE-2021-25489,0.00139,0.49426
CVE-2021-25490,0.00044,0.10161
CVE-2021-25491,0.00044,0.10161
CVE-2021-25492,0.00042,0.05722
CVE-2021-25493,0.00042,0.05722
CVE-2021-25494,0.00042,0.05722
CVE-2021-25495,0.00042,0.05722
CVE-2021-25496,0.00042,0.05722
CVE-2021-25497,0.00042,0.05722
CVE-2021-25498,0.00042,0.05722
CVE-2021-25499,0.00042,0.05722
CVE-2021-25500,0.00044,0.10161
CVE-2021-25501,0.00044,0.10161
CVE-2021-25502,0.00044,0.10161
CVE-2021-25503,0.00044,0.10161
CVE-2021-25504,0.00048,0.14768
CVE-2021-25505,0.00058,0.21956
CVE-2021-25506,0.00042,0.05722
CVE-2021-25507,0.00042,0.05722
CVE-2021-25508,0.00176,0.54800
CVE-2021-25509,0.00042,0.05722
CVE-2021-25510,0.00042,0.05722
CVE-2021-25511,0.00044,0.07794
CVE-2021-25512,0.00044,0.10161
CVE-2021-25513,0.00046,0.12575
CVE-2021-25514,0.00081,0.33914
CVE-2021-25515,0.00044,0.10161
CVE-2021-25516,0.00081,0.33914
CVE-2021-25517,0.00044,0.10161
CVE-2021-25518,0.00044,0.10161
CVE-2021-25519,0.00042,0.05722
CVE-2021-25520,0.00084,0.35133
CVE-2021-25521,0.00042,0.05722
CVE-2021-25522,0.00042,0.05722
CVE-2021-25523,0.00042,0.05722
CVE-2021-25524,0.00042,0.05722
CVE-2021-25525,0.00049,0.15803
CVE-2021-25526,0.00042,0.05722
CVE-2021-25527,0.00042,0.05722
CVE-2021-25630,0.00044,0.10161
CVE-2021-25631,0.00248,0.62797
CVE-2021-25633,0.00093,0.39157
CVE-2021-25634,0.00093,0.39157
CVE-2021-25636,0.00091,0.38109
CVE-2021-25640,0.00194,0.57357
CVE-2021-25641,0.18212,0.95738
CVE-2021-25642,0.00098,0.40528
CVE-2021-25643,0.00065,0.26756
CVE-2021-25644,0.00178,0.55045
CVE-2021-25645,0.00044,0.10161
CVE-2021-25646,0.97254,0.99820
CVE-2021-25647,0.00054,0.19275
CVE-2021-25648,0.00222,0.60556
CVE-2021-25649,0.00042,0.05722
CVE-2021-25650,0.00042,0.05722
CVE-2021-25651,0.00042,0.05722
CVE-2021-25652,0.00042,0.05722
CVE-2021-25653,0.00042,0.05722
CVE-2021-25654,0.00042,0.05722
CVE-2021-25655,0.00073,0.30345
CVE-2021-25656,0.00054,0.20290
CVE-2021-25657,0.00042,0.05722
CVE-2021-25659,0.00089,0.37607
CVE-2021-25660,0.00147,0.50672
CVE-2021-25661,0.00159,0.52486
CVE-2021-25662,0.00140,0.49604
CVE-2021-25663,0.00112,0.44414
CVE-2021-25664,0.00112,0.44414
CVE-2021-25665,0.00084,0.34983
CVE-2021-25666,0.00064,0.26175
CVE-2021-25667,0.00557,0.75281
CVE-2021-25668,0.00222,0.60402
CVE-2021-25669,0.00571,0.75573
CVE-2021-25670,0.00110,0.43921
CVE-2021-25671,0.00050,0.16871
CVE-2021-25672,0.00104,0.42231
CVE-2021-25673,0.00042,0.05722
CVE-2021-25674,0.00042,0.05722
CVE-2021-25675,0.00042,0.05722
CVE-2021-25676,0.00112,0.44414
CVE-2021-25677,0.00105,0.42405
CVE-2021-25678,0.00091,0.38630
CVE-2021-25679,0.00241,0.62217
CVE-2021-25680,0.00865,0.80581
CVE-2021-25681,0.02902,0.89805
CVE-2021-25682,0.00048,0.14460
CVE-2021-25683,0.00048,0.14460
CVE-2021-25684,0.00048,0.14460
CVE-2021-25688,0.00044,0.10161
CVE-2021-25689,0.00305,0.66673
CVE-2021-25690,0.00102,0.41309
CVE-2021-25692,0.00070,0.29068
CVE-2021-25693,0.00102,0.41309
CVE-2021-25694,0.00063,0.25378
CVE-2021-25695,0.00044,0.10161
CVE-2021-25698,0.00062,0.24373
CVE-2021-25699,0.00062,0.24373
CVE-2021-25701,0.00044,0.10161
CVE-2021-25735,0.00068,0.28349
CVE-2021-25736,0.00066,0.27434
CVE-2021-25737,0.00060,0.23686
CVE-2021-25738,0.00045,0.12326
CVE-2021-25740,0.00077,0.31778
CVE-2021-25741,0.00100,0.40812
CVE-2021-25742,0.00108,0.43367
CVE-2021-25743,0.00054,0.20290
CVE-2021-25745,0.00120,0.46055
CVE-2021-25746,0.00241,0.62220
CVE-2021-25748,0.00048,0.14229
CVE-2021-25749,0.00043,0.06775
CVE-2021-25755,0.00056,0.21207
CVE-2021-25756,0.00090,0.37972
CVE-2021-25757,0.00084,0.35108
CVE-2021-25758,0.00042,0.05722
CVE-2021-25759,0.00054,0.20290
CVE-2021-25760,0.00090,0.37972
CVE-2021-25761,0.00090,0.37972
CVE-2021-25762,0.00090,0.37972
CVE-2021-25763,0.00090,0.37972
CVE-2021-25764,0.00090,0.37972
CVE-2021-25765,0.00071,0.29353
CVE-2021-25766,0.00090,0.37972
CVE-2021-25767,0.00085,0.35402
CVE-2021-25768,0.00090,0.37972
CVE-2021-25769,0.00116,0.45451
CVE-2021-25770,0.00881,0.80769
CVE-2021-25771,0.00054,0.20290
CVE-2021-25772,0.00104,0.42024
CVE-2021-25773,0.00084,0.35108
CVE-2021-25774,0.00054,0.20290
CVE-2021-25775,0.00054,0.20290
CVE-2021-25776,0.00178,0.55045
CVE-2021-25777,0.00090,0.37972
CVE-2021-25778,0.00090,0.37972
CVE-2021-25779,0.00198,0.57763
CVE-2021-25780,0.04334,0.91530
CVE-2021-25783,0.00088,0.36822
CVE-2021-25784,0.00088,0.36822
CVE-2021-25785,0.00058,0.22585
CVE-2021-25786,0.00061,0.23996
CVE-2021-25790,0.00150,0.51196
CVE-2021-25791,0.00150,0.51196
CVE-2021-25801,0.00068,0.28335
CVE-2021-25802,0.00068,0.28335
CVE-2021-25803,0.00068,0.28335
CVE-2021-25804,0.00089,0.37607
CVE-2021-25808,0.00137,0.49075
CVE-2021-25809,0.00095,0.39559
CVE-2021-25810,0.00128,0.47418
CVE-2021-25811,0.00185,0.55817
CVE-2021-25812,0.01104,0.82967
CVE-2021-25827,0.00086,0.35802
CVE-2021-25828,0.00046,0.13740
CVE-2021-25829,0.00954,0.81595
CVE-2021-25830,0.03927,0.91149
CVE-2021-25831,0.04346,0.91540
CVE-2021-25832,0.06262,0.92931
CVE-2021-25833,0.09104,0.94080
CVE-2021-25834,0.00084,0.34791
CVE-2021-25835,0.00071,0.29313
CVE-2021-25836,0.00102,0.41475
CVE-2021-25837,0.00102,0.41475
CVE-2021-25838,0.00084,0.35108
CVE-2021-25839,0.00348,0.68883
CVE-2021-25845,0.00114,0.44994
CVE-2021-25846,0.00116,0.45451
CVE-2021-25847,0.00229,0.61162
CVE-2021-25848,0.00229,0.61162
CVE-2021-25849,0.00116,0.45451
CVE-2021-25856,0.00046,0.12619
CVE-2021-25857,0.00055,0.20491
CVE-2021-25863,0.00107,0.43025
CVE-2021-25864,0.33276,0.96667
CVE-2021-25874,0.00248,0.62822
CVE-2021-25875,0.00168,0.53590
CVE-2021-25876,0.00168,0.53590
CVE-2021-25877,0.00313,0.67126
CVE-2021-25878,0.00168,0.53590
CVE-2021-25893,0.00067,0.27713
CVE-2021-25894,0.00128,0.47418
CVE-2021-25898,0.00327,0.67883
CVE-2021-25899,0.53647,0.97340
CVE-2021-25900,0.00307,0.66845
CVE-2021-25901,0.00092,0.38838
CVE-2021-25902,0.00115,0.45086
CVE-2021-25903,0.00115,0.45086
CVE-2021-25904,0.00115,0.45086
CVE-2021-25905,0.00436,0.72116
CVE-2021-25906,0.00115,0.45086
CVE-2021-25907,0.00488,0.73598
CVE-2021-25908,0.00115,0.45086
CVE-2021-25909,0.00217,0.59779
CVE-2021-25910,0.00055,0.20512
CVE-2021-25912,0.00676,0.77819
CVE-2021-25913,0.03698,0.90897
CVE-2021-25914,0.00641,0.77065
CVE-2021-25915,0.00641,0.77065
CVE-2021-25916,0.00562,0.75362
CVE-2021-25917,0.00257,0.63564
CVE-2021-25918,0.00257,0.63564
CVE-2021-25919,0.02556,0.89161
CVE-2021-25920,0.00186,0.55993
CVE-2021-25921,0.02180,0.88291
CVE-2021-25922,0.00132,0.48249
CVE-2021-25923,0.00330,0.68108
CVE-2021-25924,0.00071,0.29353
CVE-2021-25925,0.00053,0.18833
CVE-2021-25926,0.00084,0.35108
CVE-2021-25927,0.00641,0.77065
CVE-2021-25928,0.00679,0.77896
CVE-2021-25929,0.00062,0.24442
CVE-2021-25930,0.00107,0.43056
CVE-2021-25931,0.00280,0.65193
CVE-2021-25932,0.00083,0.34613
CVE-2021-25933,0.00073,0.30300
CVE-2021-25934,0.00062,0.24442
CVE-2021-25935,0.00062,0.24784
CVE-2021-25938,0.00071,0.29411
CVE-2021-25939,0.00062,0.24442
CVE-2021-25940,0.00104,0.42274
CVE-2021-25941,0.00641,0.77065
CVE-2021-25943,0.00679,0.77896
CVE-2021-25944,0.00714,0.78495
CVE-2021-25945,0.00714,0.78495
CVE-2021-25946,0.00635,0.76946
CVE-2021-25947,0.00714,0.78495
CVE-2021-25948,0.00635,0.76946
CVE-2021-25949,0.00635,0.76946
CVE-2021-25951,0.00086,0.35887
CVE-2021-25952,0.00509,0.74130
CVE-2021-25953,0.00606,0.76342
CVE-2021-25954,0.00050,0.16378
CVE-2021-25955,0.00104,0.42274
CVE-2021-25956,0.00104,0.42274
CVE-2021-25957,0.00104,0.42274
CVE-2021-25958,0.00142,0.49871
CVE-2021-25959,0.00078,0.32669
CVE-2021-25960,0.00186,0.55916
CVE-2021-25961,0.00186,0.55916
CVE-2021-25962,0.00213,0.59400
CVE-2021-25963,0.00063,0.25009
CVE-2021-25964,0.00050,0.16378
CVE-2021-25965,0.00092,0.38930
CVE-2021-25966,0.00098,0.40432
CVE-2021-25967,0.00054,0.20290
CVE-2021-25968,0.00054,0.20290
CVE-2021-25969,0.00065,0.27144
CVE-2021-25970,0.00213,0.59400
CVE-2021-25971,0.00076,0.31394
CVE-2021-25972,0.00063,0.25077
CVE-2021-25973,0.00061,0.24174
CVE-2021-25974,0.00050,0.16378
CVE-2021-25975,0.00050,0.16378
CVE-2021-25976,0.00069,0.28563
CVE-2021-25977,0.00050,0.16481
CVE-2021-25978,0.00054,0.20290
CVE-2021-25979,0.00464,0.72884
CVE-2021-25980,0.00195,0.57464
CVE-2021-25981,0.00565,0.75466
CVE-2021-25982,0.00083,0.34426
CVE-2021-25983,0.00083,0.34426
CVE-2021-25984,0.00083,0.34426
CVE-2021-25985,0.00221,0.60385
CVE-2021-25986,0.00061,0.23902
CVE-2021-25987,0.00044,0.10161
CVE-2021-25988,0.00053,0.18833
CVE-2021-25989,0.00053,0.18833
CVE-2021-25990,0.00053,0.18833
CVE-2021-25991,0.00074,0.30525
CVE-2021-25992,0.00194,0.57318
CVE-2021-25993,0.00053,0.18833
CVE-2021-25994,0.00173,0.54521
CVE-2021-26023,0.00391,0.70664
CVE-2021-26024,0.00163,0.52998
CVE-2021-26025,0.00063,0.25378
CVE-2021-26026,0.00063,0.25378
CVE-2021-26027,0.00077,0.31988
CVE-2021-26028,0.00052,0.17719
CVE-2021-26029,0.00077,0.31988
CVE-2021-26030,0.00103,0.41747
CVE-2021-26031,0.00110,0.43970
CVE-2021-26032,0.00127,0.47233
CVE-2021-26033,0.00070,0.28880
CVE-2021-26034,0.00070,0.28880
CVE-2021-26035,0.00177,0.54912
CVE-2021-26036,0.00116,0.45404
CVE-2021-26037,0.00087,0.36050
CVE-2021-26038,0.00089,0.37206
CVE-2021-26039,0.00177,0.54912
CVE-2021-26040,0.00119,0.45842
CVE-2021-26067,0.00214,0.59512
CVE-2021-26068,0.00221,0.60321
CVE-2021-26069,0.00209,0.58923
CVE-2021-26070,0.00131,0.48046
CVE-2021-26071,0.00046,0.12692
CVE-2021-26072,0.00082,0.34183
CVE-2021-26073,0.00068,0.28093
CVE-2021-26074,0.00054,0.20290
CVE-2021-26075,0.00082,0.34183
CVE-2021-26076,0.00103,0.41636
CVE-2021-26077,0.00120,0.46046
CVE-2021-26078,0.00244,0.62534
CVE-2021-26079,0.00103,0.41970
CVE-2021-26080,0.00103,0.41970
CVE-2021-26081,0.00129,0.47756
CVE-2021-26082,0.00066,0.27429
CVE-2021-26083,0.00066,0.27429
CVE-2021-26084,0.97185,0.99781
CVE-2021-26085,0.96595,0.99544
CVE-2021-26086,0.54993,0.97375
CVE-2021-26088,0.00060,0.23639
CVE-2021-26089,0.00045,0.12491
CVE-2021-26090,0.00178,0.55117
CVE-2021-26092,0.00136,0.48965
CVE-2021-26095,0.00362,0.69496
CVE-2021-26096,0.00096,0.39884
CVE-2021-26097,0.00239,0.62047
CVE-2021-26098,0.00150,0.51158
CVE-2021-26099,0.00060,0.23722
CVE-2021-26100,0.00095,0.39657
CVE-2021-26103,0.00308,0.66882
CVE-2021-26104,0.00572,0.75587
CVE-2021-26106,0.00044,0.10504
CVE-2021-26107,0.00054,0.20290
CVE-2021-26108,0.00150,0.51158
CVE-2021-26109,0.00261,0.63880
CVE-2021-26110,0.00044,0.10161
CVE-2021-26111,0.00051,0.17414
CVE-2021-26112,0.00293,0.66067
CVE-2021-26113,0.00150,0.51158
CVE-2021-26114,0.00375,0.70006
CVE-2021-26116,0.00239,0.62047
CVE-2021-26117,0.00168,0.53817
CVE-2021-26118,0.00145,0.50307
CVE-2021-26119,0.00162,0.52846
CVE-2021-26120,0.02272,0.88544
CVE-2021-26122,0.00090,0.37991
CVE-2021-26123,0.00090,0.37991
CVE-2021-26194,0.00076,0.31192
CVE-2021-26195,0.00197,0.57662
CVE-2021-26197,0.00076,0.31192
CVE-2021-26198,0.00076,0.31192
CVE-2021-26199,0.00076,0.31192
CVE-2021-26200,0.00220,0.60005
CVE-2021-26201,0.00220,0.60005
CVE-2021-26215,0.00071,0.29374
CVE-2021-26216,0.00071,0.29374
CVE-2021-26220,0.00125,0.47079
CVE-2021-26221,0.00125,0.47079
CVE-2021-26222,0.00125,0.47079
CVE-2021-26223,0.00146,0.50585
CVE-2021-26224,0.00115,0.45204
CVE-2021-26226,0.00146,0.50585
CVE-2021-26227,0.00115,0.45204
CVE-2021-26228,0.00146,0.50585
CVE-2021-26229,0.00146,0.50585
CVE-2021-26230,0.00115,0.45204
CVE-2021-26231,0.00146,0.50585
CVE-2021-26232,0.00146,0.50585
CVE-2021-26233,0.00069,0.28465
CVE-2021-26234,0.00069,0.28465
CVE-2021-26235,0.00069,0.28465
CVE-2021-26236,0.00439,0.72189
CVE-2021-26237,0.00069,0.28465
CVE-2021-26247,0.00255,0.63440
CVE-2021-26248,0.00044,0.08189
CVE-2021-26251,0.00073,0.30137
CVE-2021-26252,0.00073,0.30179
CVE-2021-26253,0.00197,0.57609
CVE-2021-26254,0.00043,0.06775
CVE-2021-26256,0.00087,0.35933
CVE-2021-26257,0.00043,0.06775
CVE-2021-26258,0.00044,0.10161
CVE-2021-26259,0.00079,0.32927
CVE-2021-26260,0.00073,0.30268
CVE-2021-26262,0.00044,0.08189
CVE-2021-26263,0.00059,0.23047
CVE-2021-26264,0.00044,0.08189
CVE-2021-26266,0.00084,0.34791
CVE-2021-26267,0.00084,0.34791
CVE-2021-26271,0.00148,0.50803
CVE-2021-26272,0.00164,0.53074
CVE-2021-26273,0.00114,0.44772
CVE-2021-26274,0.00079,0.32952
CVE-2021-26275,0.03737,0.90943
CVE-2021-26276,0.00091,0.38064
CVE-2021-26277,0.00108,0.43461
CVE-2021-26291,0.00163,0.52976
CVE-2021-26293,0.00290,0.65812
CVE-2021-26294,0.25543,0.96285
CVE-2021-26295,0.97473,0.99963
CVE-2021-26296,0.00161,0.52708
CVE-2021-26303,0.00107,0.43136
CVE-2021-26304,0.00048,0.14582
CVE-2021-26305,0.00478,0.73303
CVE-2021-26306,0.00103,0.41969
CVE-2021-26307,0.00044,0.10445
CVE-2021-26308,0.00300,0.66429
CVE-2021-26309,0.00044,0.10161
CVE-2021-26310,0.00105,0.42589
CVE-2021-26311,0.00093,0.39259
CVE-2021-26312,0.00044,0.10161
CVE-2021-26313,0.00053,0.18477
CVE-2021-26314,0.00065,0.27110
CVE-2021-26315,0.00044,0.10161
CVE-2021-26316,0.00042,0.05722
CVE-2021-26317,0.00044,0.10161
CVE-2021-26318,0.00044,0.10161
CVE-2021-26320,0.00042,0.05722
CVE-2021-26321,0.00042,0.05722
CVE-2021-26322,0.00150,0.51158
CVE-2021-26323,0.00044,0.10161
CVE-2021-26324,0.00044,0.10161
CVE-2021-26325,0.00044,0.10161
CVE-2021-26326,0.00044,0.10161
CVE-2021-26327,0.00044,0.10161
CVE-2021-26328,0.00042,0.05722
CVE-2021-26329,0.00044,0.10161
CVE-2021-26330,0.00044,0.10161
CVE-2021-26331,0.00044,0.10161
CVE-2021-26332,0.00044,0.10161
CVE-2021-26333,0.00047,0.13943
CVE-2021-26334,0.00105,0.42644
CVE-2021-26335,0.00044,0.10161
CVE-2021-26336,0.00044,0.10161
CVE-2021-26337,0.00044,0.10161
CVE-2021-26338,0.00106,0.42871
CVE-2021-26339,0.00042,0.05722
CVE-2021-26340,0.00044,0.10161
CVE-2021-26341,0.00044,0.10161
CVE-2021-26342,0.00044,0.10161
CVE-2021-26343,0.00043,0.06775
CVE-2021-26345,0.00044,0.10862
CVE-2021-26346,0.00043,0.06775
CVE-2021-26347,0.00044,0.10161
CVE-2021-26348,0.00044,0.10161
CVE-2021-26349,0.00044,0.10161
CVE-2021-26350,0.00044,0.10161
CVE-2021-26351,0.00044,0.10161
CVE-2021-26352,0.00044,0.10161
CVE-2021-26353,0.00044,0.10161
CVE-2021-26354,0.00043,0.06775
CVE-2021-26355,0.00043,0.06775
CVE-2021-26356,0.00091,0.38380
CVE-2021-26360,0.00042,0.05722
CVE-2021-26361,0.00044,0.10161
CVE-2021-26362,0.00044,0.10161
CVE-2021-26363,0.00044,0.10161
CVE-2021-26364,0.00044,0.10161
CVE-2021-26365,0.00046,0.13740
CVE-2021-26366,0.00044,0.10161
CVE-2021-26368,0.00044,0.10161
CVE-2021-26369,0.00044,0.10161
CVE-2021-26370,0.00044,0.10161
CVE-2021-26371,0.00043,0.06775
CVE-2021-26372,0.00044,0.10161
CVE-2021-26373,0.00044,0.10161
CVE-2021-26375,0.00044,0.10161
CVE-2021-26376,0.00044,0.10161
CVE-2021-26378,0.00044,0.10161
CVE-2021-26379,0.00091,0.38380
CVE-2021-26382,0.00043,0.06775
CVE-2021-26384,0.00043,0.06775
CVE-2021-26386,0.00044,0.10161
CVE-2021-26388,0.00044,0.10161
CVE-2021-26390,0.00051,0.17428
CVE-2021-26391,0.00042,0.05722
CVE-2021-26392,0.00042,0.05722
CVE-2021-26393,0.00042,0.05722
CVE-2021-26396,0.00043,0.06775
CVE-2021-26397,0.00043,0.06775
CVE-2021-26398,0.00042,0.05722
CVE-2021-26400,0.00050,0.16871
CVE-2021-26401,0.00044,0.10161
CVE-2021-26402,0.00043,0.06775
CVE-2021-26403,0.00043,0.06775
CVE-2021-26404,0.00043,0.06775
CVE-2021-26406,0.00044,0.10188
CVE-2021-26407,0.00043,0.06775
CVE-2021-26408,0.00044,0.10161
CVE-2021-26409,0.00043,0.06775
CVE-2021-26411,0.03374,0.90502
CVE-2021-26412,0.03412,0.90554
CVE-2021-26413,0.00284,0.65478
CVE-2021-26414,0.00050,0.16494
CVE-2021-26415,0.00046,0.13758
CVE-2021-26416,0.00148,0.50825
CVE-2021-26417,0.00043,0.07315
CVE-2021-26418,0.00066,0.27161
CVE-2021-26419,0.93446,0.98922
CVE-2021-26420,0.06384,0.93000
CVE-2021-26421,0.00074,0.30705
CVE-2021-26422,0.01258,0.84196
CVE-2021-26423,0.00124,0.46718
CVE-2021-26424,0.02804,0.89649
CVE-2021-26425,0.00044,0.10346
CVE-2021-26426,0.00044,0.10346
CVE-2021-26427,0.00219,0.59928
CVE-2021-26428,0.00043,0.07315
CVE-2021-26429,0.00043,0.07315
CVE-2021-26430,0.00043,0.07315
CVE-2021-26431,0.00053,0.18853
CVE-2021-26432,0.04576,0.91732
CVE-2021-26433,0.00660,0.77497
CVE-2021-26434,0.00046,0.12643
CVE-2021-26435,0.57666,0.97434
CVE-2021-26436,0.00087,0.35917
CVE-2021-26437,0.00110,0.43914
CVE-2021-26439,0.00057,0.21279
CVE-2021-26441,0.00046,0.13758
CVE-2021-26442,0.00043,0.07315
CVE-2021-26443,0.00173,0.54496
CVE-2021-26444,0.00089,0.37473
CVE-2021-26461,0.00277,0.64984
CVE-2021-26471,0.00222,0.60565
CVE-2021-26472,0.01173,0.83540
CVE-2021-26473,0.00301,0.66468
CVE-2021-26474,0.00129,0.47738
CVE-2021-26475,0.00187,0.56073
CVE-2021-26476,0.01402,0.85081
CVE-2021-26504,0.00190,0.56669
CVE-2021-26505,0.00237,0.61839
CVE-2021-26528,0.01453,0.85351
CVE-2021-26529,0.01453,0.85351
CVE-2021-26530,0.01453,0.85351
CVE-2021-26539,0.00137,0.49046
CVE-2021-26540,0.00137,0.49046
CVE-2021-26541,0.01053,0.82515
CVE-2021-26543,0.00198,0.57774
CVE-2021-26544,0.00101,0.41226
CVE-2021-26549,0.00833,0.80229
CVE-2021-26550,0.00082,0.34067
CVE-2021-26551,0.03640,0.90818
CVE-2021-26556,0.00062,0.24373
CVE-2021-26557,0.00062,0.24373
CVE-2021-26558,0.01045,0.82451
CVE-2021-26559,0.00091,0.38118
CVE-2021-26560,0.00116,0.45312
CVE-2021-26561,0.00138,0.49335
CVE-2021-26562,0.00138,0.49335
CVE-2021-26563,0.00042,0.05722
CVE-2021-26564,0.00116,0.45312
CVE-2021-26565,0.00116,0.45312
CVE-2021-26566,0.00191,0.56828
CVE-2021-26567,0.00042,0.05722
CVE-2021-26569,0.00242,0.62300
CVE-2021-26570,0.00042,0.05722
CVE-2021-26571,0.00042,0.05722
CVE-2021-26572,0.00042,0.05722
CVE-2021-26573,0.00042,0.05722
CVE-2021-26574,0.00044,0.07794
CVE-2021-26575,0.00044,0.07794
CVE-2021-26576,0.00044,0.10161
CVE-2021-26577,0.00042,0.05722
CVE-2021-26578,0.00571,0.75562
CVE-2021-26579,0.00042,0.05722
CVE-2021-26580,0.00078,0.32606
CVE-2021-26581,0.00081,0.33872
CVE-2021-26582,0.00058,0.22638
CVE-2021-26583,0.00572,0.75605
CVE-2021-26584,0.00058,0.22638
CVE-2021-26585,0.00042,0.05722
CVE-2021-26586,0.00224,0.60779
CVE-2021-26587,0.00072,0.29893
CVE-2021-26588,0.00261,0.63880
CVE-2021-26589,0.00072,0.29847
CVE-2021-26593,0.00307,0.66811
CVE-2021-26594,0.00102,0.41403
CVE-2021-26595,0.00126,0.47113
CVE-2021-26596,0.00053,0.18833
CVE-2021-26597,0.00086,0.35533
CVE-2021-26598,0.00506,0.74051
CVE-2021-26599,0.00663,0.77569
CVE-2021-26600,0.01230,0.83991
CVE-2021-26601,0.00282,0.65326
CVE-2021-26603,0.00069,0.28735
CVE-2021-26605,0.00201,0.58090
CVE-2021-26606,0.00132,0.48293
CVE-2021-26607,0.00528,0.74615
CVE-2021-26608,0.00261,0.63880
CVE-2021-26609,0.00169,0.53880
CVE-2021-26610,0.00104,0.42231
CVE-2021-26611,0.00559,0.75307
CVE-2021-26612,0.00360,0.69446
CVE-2021-26613,0.00073,0.30380
CVE-2021-26614,0.00486,0.73524
CVE-2021-26615,0.00201,0.58090
CVE-2021-26616,0.00144,0.50250
CVE-2021-26617,0.00346,0.68781
CVE-2021-26618,0.00363,0.69547
CVE-2021-26619,0.00223,0.60630
CVE-2021-26620,0.00209,0.58924
CVE-2021-26621,0.00440,0.72238
CVE-2021-26622,0.00235,0.61657
CVE-2021-26623,0.00435,0.72074
CVE-2021-26624,0.00380,0.70233
CVE-2021-26625,0.00252,0.63156
CVE-2021-26626,0.00248,0.62825
CVE-2021-26627,0.00209,0.58924
CVE-2021-26628,0.00104,0.42018
CVE-2021-26629,0.00169,0.53849
CVE-2021-26630,0.00349,0.68947
CVE-2021-26631,0.00151,0.51305
CVE-2021-26633,0.00136,0.48983
CVE-2021-26634,0.00188,0.56369
CVE-2021-26635,0.00201,0.58133
CVE-2021-26636,0.00126,0.47132
CVE-2021-26637,0.00188,0.56324
CVE-2021-26638,0.00443,0.72326
CVE-2021-26639,0.00181,0.55404
CVE-2021-26642,0.00455,0.72658
CVE-2021-26644,0.00372,0.69908
CVE-2021-26675,0.00226,0.60946
CVE-2021-26676,0.00116,0.45403
CVE-2021-26677,0.00042,0.05722
CVE-2021-26678,0.00147,0.50689
CVE-2021-26679,0.00115,0.45135
CVE-2021-26680,0.00115,0.45135
CVE-2021-26681,0.00133,0.48471
CVE-2021-26682,0.00112,0.44449
CVE-2021-26683,0.00115,0.45135
CVE-2021-26684,0.00115,0.45135
CVE-2021-26685,0.00087,0.36452
CVE-2021-26686,0.00087,0.36452
CVE-2021-26687,0.00106,0.42770
CVE-2021-26688,0.00106,0.42770
CVE-2021-26689,0.00106,0.42770
CVE-2021-26690,0.11942,0.94859
CVE-2021-26691,0.76951,0.97952
CVE-2021-26697,0.00751,0.79071
CVE-2021-26698,0.00277,0.64949
CVE-2021-26699,0.00213,0.59367
CVE-2021-26700,0.10568,0.94526
CVE-2021-26701,0.08067,0.93730
CVE-2021-26702,0.00187,0.56073
CVE-2021-26703,0.01521,0.85710
CVE-2021-26704,0.00904,0.81047
CVE-2021-26705,0.01586,0.86018
CVE-2021-26706,0.00229,0.61166
CVE-2021-26707,0.00573,0.75630
CVE-2021-26708,0.00042,0.05753
CVE-2021-26709,0.04435,0.91614
CVE-2021-26710,0.00114,0.44770
CVE-2021-26711,0.00154,0.51729
CVE-2021-26712,0.01182,0.83616
CVE-2021-26713,0.00161,0.52759
CVE-2021-26714,0.00263,0.64030
CVE-2021-26715,0.00183,0.55630
CVE-2021-26716,0.00087,0.36434
CVE-2021-26717,0.00187,0.56265
CVE-2021-26718,0.00044,0.10161
CVE-2021-26719,0.00063,0.24943
CVE-2021-26720,0.00042,0.05722
CVE-2021-26722,0.00087,0.36434
CVE-2021-26723,0.07461,0.93489
CVE-2021-26724,0.00179,0.55145
CVE-2021-26725,0.00093,0.39033
CVE-2021-26726,0.00156,0.52035
CVE-2021-26727,0.00209,0.58836
CVE-2021-26728,0.00227,0.60969
CVE-2021-26729,0.00227,0.60969
CVE-2021-26730,0.00282,0.65317
CVE-2021-26731,0.00227,0.60969
CVE-2021-26732,0.00054,0.19178
CVE-2021-26733,0.00079,0.33154
CVE-2021-26734,0.00045,0.12108
CVE-2021-26735,0.00055,0.20747
CVE-2021-26736,0.00044,0.08011
CVE-2021-26737,0.00043,0.06775
CVE-2021-26738,0.00042,0.05722
CVE-2021-26739,0.00204,0.58382
CVE-2021-26740,0.00250,0.63021
CVE-2021-26746,0.00078,0.32234
CVE-2021-26747,0.00629,0.76844
CVE-2021-26750,0.00062,0.24373
CVE-2021-26751,0.00086,0.35633
CVE-2021-26752,0.00878,0.80739
CVE-2021-26753,0.00102,0.41403
CVE-2021-26754,0.00174,0.54661
CVE-2021-26758,0.07232,0.93413
CVE-2021-26762,0.00657,0.77388
CVE-2021-26764,0.00998,0.82035
CVE-2021-26765,0.01712,0.86525
CVE-2021-26776,0.00058,0.22585
CVE-2021-26777,0.00277,0.64978
CVE-2021-26786,0.00125,0.46970
CVE-2021-26787,0.00078,0.32206
CVE-2021-26788,0.00103,0.41969
CVE-2021-26794,0.00250,0.63021
CVE-2021-26795,0.00095,0.39675
CVE-2021-26797,0.00562,0.75373
CVE-2021-26799,0.00103,0.41723
CVE-2021-26800,0.00053,0.19081
CVE-2021-26804,0.00093,0.39096
CVE-2021-26805,0.00051,0.17451
CVE-2021-26807,0.00090,0.37886
CVE-2021-26809,0.03281,0.90367
CVE-2021-26810,0.00559,0.75315
CVE-2021-26812,0.00464,0.72876
CVE-2021-26813,0.00303,0.66585
CVE-2021-26814,0.00107,0.43233
CVE-2021-26822,0.03884,0.91107
CVE-2021-26824,0.00042,0.05722
CVE-2021-26825,0.00230,0.61225
CVE-2021-26826,0.00239,0.62053
CVE-2021-26827,0.00334,0.68325
CVE-2021-26828,0.00875,0.80712
CVE-2021-26829,0.00058,0.22585
CVE-2021-26830,0.00115,0.45007
CVE-2021-26832,0.00078,0.32606
CVE-2021-26833,0.00333,0.68249
CVE-2021-26834,0.00057,0.21542
CVE-2021-26835,0.00122,0.46523
CVE-2021-26837,0.00103,0.41771
CVE-2021-26843,0.00115,0.45086
CVE-2021-26844,0.00072,0.29718
CVE-2021-26845,0.00118,0.45812
CVE-2021-26854,0.00670,0.77703
CVE-2021-26855,0.97500,0.99975
CVE-2021-26857,0.58996,0.97461
CVE-2021-26858,0.30911,0.96575
CVE-2021-26859,0.00801,0.79837
CVE-2021-26860,0.00043,0.07315
CVE-2021-26861,0.04062,0.91281
CVE-2021-26862,0.00073,0.30297
CVE-2021-26863,0.00085,0.35252
CVE-2021-26864,0.00043,0.07315
CVE-2021-26865,0.00047,0.13911
CVE-2021-26866,0.00043,0.07504
CVE-2021-26867,0.02183,0.88299
CVE-2021-26868,0.00043,0.07315
CVE-2021-26869,0.00043,0.07315
CVE-2021-26870,0.00043,0.07315
CVE-2021-26871,0.00043,0.07315
CVE-2021-26872,0.00043,0.07315
CVE-2021-26873,0.00074,0.30489
CVE-2021-26874,0.00043,0.07315
CVE-2021-26875,0.00043,0.07315
CVE-2021-26876,0.05216,0.92281
CVE-2021-26877,0.04224,0.91430
CVE-2021-26878,0.00043,0.07315
CVE-2021-26879,0.00193,0.57187
CVE-2021-26880,0.00043,0.07315
CVE-2021-26881,0.00670,0.77703
CVE-2021-26882,0.00043,0.07315
CVE-2021-26884,0.00043,0.07315
CVE-2021-26885,0.00043,0.07315
CVE-2021-26886,0.00043,0.07504
CVE-2021-26887,0.00071,0.29448
CVE-2021-26889,0.00046,0.12643
CVE-2021-26890,0.04062,0.91281
CVE-2021-26891,0.00047,0.13911
CVE-2021-26892,0.00139,0.49441
CVE-2021-26893,0.04224,0.91430
CVE-2021-26894,0.04224,0.91430
CVE-2021-26895,0.04224,0.91430
CVE-2021-26896,0.00193,0.57187
CVE-2021-26897,0.04224,0.91430
CVE-2021-26898,0.00043,0.07315
CVE-2021-26899,0.00043,0.07315
CVE-2021-26900,0.85197,0.98288
CVE-2021-26901,0.00043,0.07315
CVE-2021-26902,0.04062,0.91281
CVE-2021-26903,0.00084,0.35108
CVE-2021-26904,0.00152,0.51379
CVE-2021-26905,0.00065,0.26756
CVE-2021-26906,0.00193,0.57233
CVE-2021-26908,0.00044,0.10161
CVE-2021-26909,0.00090,0.37972
CVE-2021-26910,0.00068,0.28061
CVE-2021-26911,0.00237,0.61823
CVE-2021-26912,0.13993,0.95191
CVE-2021-26913,0.13993,0.95191
CVE-2021-26914,0.68771,0.97709
CVE-2021-26915,0.20377,0.95947
CVE-2021-26916,0.00128,0.47480
CVE-2021-26917,0.00058,0.21993
CVE-2021-26918,0.01542,0.85804
CVE-2021-26919,0.01231,0.83995
CVE-2021-26920,0.00154,0.51703
CVE-2021-26921,0.00086,0.35785
CVE-2021-26923,0.00149,0.50995
CVE-2021-26924,0.00066,0.27550
CVE-2021-26925,0.00095,0.39594
CVE-2021-26926,0.00085,0.35387
CVE-2021-26927,0.00100,0.40912
CVE-2021-26928,0.00084,0.34974
CVE-2021-26929,0.02166,0.88251
CVE-2021-26930,0.00045,0.11966
CVE-2021-26931,0.00045,0.11966
CVE-2021-26932,0.00045,0.11966
CVE-2021-26933,0.00045,0.12226
CVE-2021-26934,0.00042,0.05722
CVE-2021-26935,0.00281,0.65214
CVE-2021-26936,0.00042,0.05722
CVE-2021-26937,0.01451,0.85336
CVE-2021-26938,0.00058,0.22585
CVE-2021-26939,0.00221,0.60332
CVE-2021-26943,0.00048,0.14460
CVE-2021-26945,0.00051,0.17414
CVE-2021-26947,0.00059,0.23047
CVE-2021-26948,0.00085,0.35300
CVE-2021-26950,0.00043,0.06775
CVE-2021-26951,0.00478,0.73303
CVE-2021-26952,0.00300,0.66429
CVE-2021-26953,0.00300,0.66429
CVE-2021-26954,0.00106,0.42944
CVE-2021-26955,0.00478,0.73303
CVE-2021-26956,0.00478,0.73303
CVE-2021-26957,0.00478,0.73303
CVE-2021-26958,0.00102,0.41403
CVE-2021-26960,0.00088,0.36864
CVE-2021-26961,0.00088,0.36864
CVE-2021-26962,0.00169,0.53922
CVE-2021-26963,0.00167,0.53410
CVE-2021-26964,0.00090,0.37751
CVE-2021-26965,0.00087,0.36452
CVE-2021-26966,0.00087,0.36452
CVE-2021-26967,0.00112,0.44449
CVE-2021-26968,0.00066,0.27429
CVE-2021-26969,0.00251,0.63122
CVE-2021-26970,0.00164,0.53032
CVE-2021-26971,0.00112,0.44455
CVE-2021-26987,0.00615,0.76551
CVE-2021-26988,0.00044,0.10161
CVE-2021-26989,0.00142,0.49886
CVE-2021-26990,0.00276,0.64930
CVE-2021-26991,0.00163,0.53003
CVE-2021-26992,0.00206,0.58643
CVE-2021-26993,0.00145,0.50324
CVE-2021-26994,0.00081,0.33872
CVE-2021-26995,0.00105,0.42644
CVE-2021-26996,0.00309,0.66957
CVE-2021-26997,0.00163,0.52947
CVE-2021-26998,0.00054,0.20290
CVE-2021-26999,0.00054,0.20290
CVE-2021-27001,0.00042,0.05722
CVE-2021-27002,0.00252,0.63213
CVE-2021-27003,0.00072,0.29847
CVE-2021-27004,0.00042,0.05722
CVE-2021-27005,0.00178,0.55117
CVE-2021-27006,0.00044,0.10161
CVE-2021-27007,0.00201,0.58090
CVE-2021-27018,0.00073,0.30380
CVE-2021-27019,0.00054,0.20290
CVE-2021-27020,0.00201,0.58090
CVE-2021-27021,0.00104,0.42231
CVE-2021-27022,0.00065,0.26756
CVE-2021-27023,0.00221,0.60385
CVE-2021-27024,0.00065,0.26756
CVE-2021-27025,0.00081,0.33872
CVE-2021-27026,0.00044,0.10161
CVE-2021-27027,0.00196,0.57566
CVE-2021-27028,0.05117,0.92209
CVE-2021-27029,0.00095,0.39573
CVE-2021-27030,0.94089,0.99001
CVE-2021-27031,0.00106,0.42913
CVE-2021-27032,0.00095,0.39577
CVE-2021-27033,0.00196,0.57529
CVE-2021-27034,0.00226,0.60912
CVE-2021-27035,0.00065,0.27105
CVE-2021-27036,0.00065,0.27105
CVE-2021-27037,0.00086,0.35733
CVE-2021-27038,0.00107,0.43222
CVE-2021-27039,0.00065,0.27105
CVE-2021-27040,0.00201,0.57996
CVE-2021-27041,0.00124,0.46699
CVE-2021-27042,0.00156,0.51996
CVE-2021-27043,0.00106,0.42854
CVE-2021-27044,0.00181,0.55375
CVE-2021-27045,0.00065,0.27105
CVE-2021-27046,0.00065,0.27105
CVE-2021-27047,0.04062,0.91281
CVE-2021-27048,0.04062,0.91281
CVE-2021-27049,0.04062,0.91281
CVE-2021-27050,0.04062,0.91281
CVE-2021-27051,0.04062,0.91281
CVE-2021-27052,0.00588,0.75963
CVE-2021-27053,0.01142,0.83282
CVE-2021-27054,0.01142,0.83282
CVE-2021-27055,0.00066,0.27274
CVE-2021-27056,0.01142,0.83282
CVE-2021-27057,0.01142,0.83282
CVE-2021-27058,0.04062,0.91281
CVE-2021-27059,0.24788,0.96243
CVE-2021-27060,0.04062,0.91281
CVE-2021-27061,0.04062,0.91281
CVE-2021-27062,0.04062,0.91281
CVE-2021-27063,0.00193,0.57187
CVE-2021-27064,0.00043,0.07315
CVE-2021-27065,0.97080,0.99729
CVE-2021-27066,0.00085,0.35515
CVE-2021-27067,0.02683,0.89433
CVE-2021-27068,0.01258,0.84196
CVE-2021-27070,0.00045,0.12491
CVE-2021-27072,0.00043,0.07315
CVE-2021-27074,0.00226,0.60943
CVE-2021-27075,0.00043,0.07315
CVE-2021-27076,0.02923,0.89826
CVE-2021-27077,0.00078,0.32235
CVE-2021-27078,0.03412,0.90554
CVE-2021-27079,0.01049,0.82483
CVE-2021-27080,0.00144,0.50243
CVE-2021-27081,0.04062,0.91281
CVE-2021-27082,0.04062,0.91281
CVE-2021-27083,0.04062,0.91281
CVE-2021-27084,0.04062,0.91281
CVE-2021-27085,0.34150,0.96708
CVE-2021-27086,0.00046,0.12643
CVE-2021-27088,0.00043,0.07315
CVE-2021-27089,0.04080,0.91304
CVE-2021-27090,0.00043,0.07315
CVE-2021-27091,0.00043,0.07315
CVE-2021-27092,0.00079,0.32859
CVE-2021-27093,0.00043,0.07315
CVE-2021-27094,0.00045,0.12185
CVE-2021-27095,0.04080,0.91304
CVE-2021-27096,0.00043,0.07315
CVE-2021-27097,0.00081,0.33526
CVE-2021-27098,0.00065,0.26756
CVE-2021-27099,0.00065,0.26756
CVE-2021-27101,0.00761,0.79238
CVE-2021-27102,0.00083,0.34502
CVE-2021-27103,0.01217,0.83887
CVE-2021-27104,0.01059,0.82569
CVE-2021-27112,0.00639,0.77033
CVE-2021-27113,0.01004,0.82079
CVE-2021-27114,0.00297,0.66249
CVE-2021-27116,0.00048,0.14460
CVE-2021-27117,0.00048,0.14460
CVE-2021-27124,0.01677,0.86386
CVE-2021-27129,0.00048,0.14582
CVE-2021-27130,0.00202,0.58233
CVE-2021-27131,0.00051,0.17093
CVE-2021-27132,0.04057,0.91271
CVE-2021-27135,0.04380,0.91567
CVE-2021-27138,0.00081,0.33526
CVE-2021-27139,0.00428,0.71839
CVE-2021-27140,0.00600,0.76203
CVE-2021-27141,0.82247,0.98151
CVE-2021-27142,0.08240,0.93785
CVE-2021-27143,0.82247,0.98151
CVE-2021-27144,0.82247,0.98151
CVE-2021-27145,0.82247,0.98151
CVE-2021-27146,0.82247,0.98151
CVE-2021-27147,0.82247,0.98151
CVE-2021-27148,0.82247,0.98151
CVE-2021-27149,0.82247,0.98151
CVE-2021-27150,0.82247,0.98151
CVE-2021-27151,0.82247,0.98151
CVE-2021-27152,0.82247,0.98151
CVE-2021-27153,0.82247,0.98151
CVE-2021-27154,0.82247,0.98151
CVE-2021-27155,0.82247,0.98151
CVE-2021-27156,0.82247,0.98151
CVE-2021-27157,0.82247,0.98151
CVE-2021-27158,0.82247,0.98151
CVE-2021-27159,0.82247,0.98151
CVE-2021-27160,0.82247,0.98151
CVE-2021-27161,0.82247,0.98151
CVE-2021-27162,0.82247,0.98151
CVE-2021-27163,0.82247,0.98151
CVE-2021-27164,0.82247,0.98151
CVE-2021-27165,0.83400,0.98205
CVE-2021-27166,0.83400,0.98205
CVE-2021-27167,0.83400,0.98205
CVE-2021-27168,0.83400,0.98205
CVE-2021-27169,0.83400,0.98205
CVE-2021-27170,0.00842,0.80337
CVE-2021-27171,0.00842,0.80337
CVE-2021-27172,0.83400,0.98205
CVE-2021-27173,0.00114,0.44860
CVE-2021-27174,0.00600,0.76203
CVE-2021-27175,0.00600,0.76203
CVE-2021-27176,0.00600,0.76203
CVE-2021-27177,0.00842,0.80337
CVE-2021-27178,0.00600,0.76203
CVE-2021-27179,0.00127,0.47311
CVE-2021-27180,0.00112,0.44327
CVE-2021-27181,0.00098,0.40498
CVE-2021-27182,0.00092,0.38746
CVE-2021-27183,0.00466,0.72942
CVE-2021-27184,0.00242,0.62241
CVE-2021-27185,0.00460,0.72788
CVE-2021-27186,0.00211,0.59033
CVE-2021-27187,0.00149,0.50995
CVE-2021-27188,0.00105,0.42589
CVE-2021-27189,0.00116,0.45458
CVE-2021-27190,0.00134,0.48577
CVE-2021-27191,0.00323,0.67725
CVE-2021-27192,0.00042,0.05722
CVE-2021-27193,0.00512,0.74209
CVE-2021-27194,0.00183,0.55658
CVE-2021-27195,0.00084,0.34791
CVE-2021-27196,0.00725,0.78682
CVE-2021-27197,0.00284,0.65433
CVE-2021-27198,0.04430,0.91609
CVE-2021-27200,0.05030,0.92142
CVE-2021-27201,0.01266,0.84244
CVE-2021-27203,0.00044,0.10445
CVE-2021-27204,0.00048,0.14460
CVE-2021-27205,0.00048,0.14460
CVE-2021-27208,0.00200,0.57977
CVE-2021-27209,0.00048,0.14460
CVE-2021-27210,0.00264,0.64140
CVE-2021-27211,0.00447,0.72430
CVE-2021-27212,0.14152,0.95219
CVE-2021-27213,0.00693,0.78133
CVE-2021-27214,0.00358,0.69326
CVE-2021-27215,0.00667,0.77663
CVE-2021-27216,0.00042,0.05722
CVE-2021-27217,0.00109,0.43749
CVE-2021-27218,0.00708,0.78383
CVE-2021-27219,0.00415,0.71469
CVE-2021-27220,0.00084,0.34791
CVE-2021-27221,0.00152,0.51381
CVE-2021-27222,0.00081,0.33734
CVE-2021-27223,0.00042,0.05722
CVE-2021-27224,0.05950,0.92749
CVE-2021-27225,0.00054,0.20290
CVE-2021-27228,0.00167,0.53417
CVE-2021-27229,0.01564,0.85916
CVE-2021-27230,0.07512,0.93502
CVE-2021-27231,0.00139,0.49411
CVE-2021-27232,0.00341,0.68588
CVE-2021-27233,0.00065,0.26756
CVE-2021-27234,0.00138,0.49278
CVE-2021-27235,0.00065,0.26756
CVE-2021-27236,0.00616,0.76587
CVE-2021-27237,0.00125,0.46988
CVE-2021-27239,0.00169,0.53842
CVE-2021-27240,0.00051,0.17024
CVE-2021-27241,0.00045,0.12491
CVE-2021-27242,0.00045,0.12491
CVE-2021-27243,0.00046,0.13752
CVE-2021-27244,0.00045,0.12491
CVE-2021-27245,0.00533,0.74741
CVE-2021-27246,0.00151,0.51318
CVE-2021-27247,0.00872,0.80654
CVE-2021-27248,0.00343,0.68652
CVE-2021-27249,0.00311,0.67023
CVE-2021-27250,0.00352,0.69057
CVE-2021-27251,0.00160,0.52653
CVE-2021-27252,0.00162,0.52829
CVE-2021-27253,0.00164,0.53033
CVE-2021-27254,0.00163,0.52971
CVE-2021-27255,0.00930,0.81329
CVE-2021-27256,0.00165,0.53157
CVE-2021-27257,0.00151,0.51313
CVE-2021-27258,0.02034,0.87793
CVE-2021-27259,0.00046,0.13752
CVE-2021-27260,0.00045,0.12491
CVE-2021-27261,0.00250,0.63057
CVE-2021-27262,0.00192,0.57149
CVE-2021-27263,0.00192,0.57149
CVE-2021-27264,0.00192,0.57149
CVE-2021-27265,0.00192,0.57149
CVE-2021-27266,0.00192,0.57149
CVE-2021-27267,0.00501,0.73887
CVE-2021-27268,0.00501,0.73887
CVE-2021-27269,0.00355,0.69194
CVE-2021-27270,0.00207,0.58734
CVE-2021-27271,0.00250,0.63057
CVE-2021-27272,0.01923,0.87402
CVE-2021-27273,0.06916,0.93281
CVE-2021-27274,0.05192,0.92265
CVE-2021-27275,0.03888,0.91111
CVE-2021-27276,0.01923,0.87402
CVE-2021-27277,0.00051,0.17024
CVE-2021-27278,0.00046,0.12667
CVE-2021-27279,0.00062,0.24442
CVE-2021-27280,0.00046,0.13759
CVE-2021-27288,0.00128,0.47480
CVE-2021-27290,0.00242,0.62311
CVE-2021-27291,0.00958,0.81634
CVE-2021-27292,0.00242,0.62310
CVE-2021-27293,0.00097,0.40250
CVE-2021-27306,0.00178,0.55045
CVE-2021-27308,0.00107,0.43139
CVE-2021-27309,0.00106,0.42952
CVE-2021-27310,0.00106,0.42952
CVE-2021-27314,0.25703,0.96292
CVE-2021-27315,0.08052,0.93723
CVE-2021-27316,0.08052,0.93723
CVE-2021-27317,0.00196,0.57525
CVE-2021-27318,0.00196,0.57525
CVE-2021-27319,0.08052,0.93723
CVE-2021-27320,0.09267,0.94140
CVE-2021-27328,0.02493,0.89047
CVE-2021-27329,0.00289,0.65738
CVE-2021-27330,0.00437,0.72136
CVE-2021-27332,0.00099,0.40759
CVE-2021-27335,0.01088,0.82839
CVE-2021-27338,0.00054,0.20290
CVE-2021-27340,0.00071,0.29281
CVE-2021-27341,0.00140,0.49657
CVE-2021-27342,0.00316,0.67374
CVE-2021-27343,0.00131,0.47924
CVE-2021-27345,0.00058,0.21927
CVE-2021-27347,0.00058,0.21927
CVE-2021-27349,0.00078,0.32606
CVE-2021-27351,0.00071,0.29313
CVE-2021-27352,0.00075,0.31053
CVE-2021-27357,0.00250,0.62982
CVE-2021-27358,0.02992,0.89923
CVE-2021-27362,0.00968,0.81729
CVE-2021-27363,0.00060,0.23666
CVE-2021-27364,0.00088,0.37104
CVE-2021-27365,0.00091,0.38428
CVE-2021-27367,0.00170,0.54111
CVE-2021-27368,0.00054,0.19309
CVE-2021-27369,0.00054,0.19309
CVE-2021-27370,0.00350,0.68967
CVE-2021-27371,0.00054,0.19309
CVE-2021-27372,0.00546,0.75054
CVE-2021-27374,0.00166,0.53380
CVE-2021-27375,0.00090,0.37972
CVE-2021-27376,0.00488,0.73598
CVE-2021-27377,0.00488,0.73598
CVE-2021-27378,0.00222,0.60556
CVE-2021-27379,0.00042,0.05722
CVE-2021-27380,0.00111,0.44254
CVE-2021-27381,0.00110,0.43958
CVE-2021-27382,0.00222,0.60593
CVE-2021-27383,0.00179,0.55208
CVE-2021-27384,0.00613,0.76492
CVE-2021-27385,0.00350,0.68989
CVE-2021-27386,0.00236,0.61743
CVE-2021-27387,0.00089,0.37469
CVE-2021-27388,0.00194,0.57377
CVE-2021-27389,0.00170,0.54119
CVE-2021-27390,0.00090,0.37893
CVE-2021-27391,0.00606,0.76346
CVE-2021-27392,0.00365,0.69634
CVE-2021-27393,0.00084,0.34791
CVE-2021-27394,0.00104,0.42231
CVE-2021-27395,0.00081,0.33872
CVE-2021-27396,0.00243,0.62380
CVE-2021-27397,0.00091,0.38630
CVE-2021-27398,0.00243,0.62380
CVE-2021-27399,0.00089,0.37469
CVE-2021-27400,0.00084,0.34791
CVE-2021-27401,0.00078,0.32206
CVE-2021-27402,0.00131,0.47941
CVE-2021-27403,0.00087,0.36434
CVE-2021-27404,0.00105,0.42625
CVE-2021-27405,0.00180,0.55349
CVE-2021-27406,0.00166,0.53258
CVE-2021-27408,0.00182,0.55574
CVE-2021-27410,0.00240,0.62096
CVE-2021-27411,0.00086,0.35748
CVE-2021-27412,0.00073,0.30220
CVE-2021-27413,0.11288,0.94715
CVE-2021-27414,0.00157,0.52168
CVE-2021-27416,0.00118,0.45652
CVE-2021-27417,0.00213,0.59312
CVE-2021-27418,0.00100,0.40925
CVE-2021-27419,0.00517,0.74333
CVE-2021-27420,0.00086,0.35748
CVE-2021-27421,0.00213,0.59312
CVE-2021-27422,0.00152,0.51470
CVE-2021-27424,0.00075,0.30857
CVE-2021-27425,0.00534,0.74749
CVE-2021-27426,0.00213,0.59312
CVE-2021-27427,0.00523,0.74474
CVE-2021-27428,0.00213,0.59312
CVE-2021-27429,0.00043,0.07329
CVE-2021-27430,0.00065,0.27033
CVE-2021-27431,0.00248,0.62831
CVE-2021-27432,0.00100,0.40789
CVE-2021-27433,0.00523,0.74474
CVE-2021-27434,0.00182,0.55597
CVE-2021-27435,0.00330,0.68141
CVE-2021-27436,0.00154,0.51669
CVE-2021-27437,0.00216,0.59669
CVE-2021-27438,0.00090,0.38030
CVE-2021-27439,0.00296,0.66219
CVE-2021-27440,0.00213,0.59361
CVE-2021-27442,0.00159,0.52370
CVE-2021-27444,0.00178,0.55045
CVE-2021-27445,0.00044,0.08189
CVE-2021-27446,0.00272,0.64625
CVE-2021-27447,0.00145,0.50338
CVE-2021-27448,0.00044,0.08189
CVE-2021-27449,0.00086,0.35802
CVE-2021-27450,0.00044,0.08189
CVE-2021-27451,0.00193,0.57259
CVE-2021-27452,0.00044,0.08189
CVE-2021-27453,0.00189,0.56498
CVE-2021-27454,0.00044,0.08189
CVE-2021-27455,0.00058,0.22616
CVE-2021-27456,0.00052,0.17997
CVE-2021-27457,0.00103,0.41585
CVE-2021-27458,0.00100,0.40789
CVE-2021-27459,0.00432,0.71967
CVE-2021-27460,0.00082,0.34055
CVE-2021-27461,0.00235,0.61647
CVE-2021-27462,0.00127,0.47358
CVE-2021-27463,0.00080,0.33470
CVE-2021-27464,0.00085,0.35331
CVE-2021-27465,0.00100,0.41016
CVE-2021-27466,0.00127,0.47358
CVE-2021-27467,0.00100,0.41016
CVE-2021-27468,0.00085,0.35331
CVE-2021-27470,0.00127,0.47358
CVE-2021-27471,0.00067,0.27632
CVE-2021-27472,0.00132,0.48177
CVE-2021-27473,0.00066,0.27261
CVE-2021-27474,0.00059,0.22992
CVE-2021-27475,0.00095,0.39752
CVE-2021-27476,0.00091,0.38654
CVE-2021-27477,0.00086,0.35721
CVE-2021-27478,0.00082,0.34074
CVE-2021-27479,0.00054,0.20290
CVE-2021-27480,0.00589,0.75998
CVE-2021-27481,0.00044,0.08189
CVE-2021-27482,0.00120,0.46185
CVE-2021-27483,0.00044,0.08189
CVE-2021-27485,0.00147,0.50608
CVE-2021-27486,0.00073,0.30189
CVE-2021-27487,0.00044,0.08189
CVE-2021-27488,0.00073,0.30272
CVE-2021-27489,0.00102,0.41368
CVE-2021-27490,0.00124,0.46834
CVE-2021-27491,0.00144,0.50266
CVE-2021-27492,0.00253,0.63278
CVE-2021-27493,0.00075,0.30857
CVE-2021-27494,0.00244,0.62425
CVE-2021-27495,0.00144,0.50266
CVE-2021-27496,0.00107,0.43225
CVE-2021-27497,0.00213,0.59312
CVE-2021-27498,0.00082,0.34074
CVE-2021-27499,0.00062,0.24607
CVE-2021-27500,0.00082,0.34074
CVE-2021-27501,0.00213,0.59312
CVE-2021-27502,0.00043,0.07329
CVE-2021-27503,0.00065,0.26889
CVE-2021-27504,0.00043,0.07329
CVE-2021-27505,0.00152,0.51470
CVE-2021-27506,0.00063,0.25682
CVE-2021-27509,0.00168,0.53801
CVE-2021-27513,0.00216,0.59668
CVE-2021-27514,0.00361,0.69462
CVE-2021-27515,0.00174,0.54574
CVE-2021-27516,0.00228,0.61076
CVE-2021-27517,0.00073,0.30025
CVE-2021-27519,0.00217,0.59716
CVE-2021-27520,0.00217,0.59716
CVE-2021-27522,0.00390,0.70643
CVE-2021-27523,0.00201,0.58004
CVE-2021-27524,0.00064,0.26154
CVE-2021-27526,0.00072,0.29718
CVE-2021-27527,0.00072,0.29718
CVE-2021-27528,0.00072,0.29718
CVE-2021-27529,0.00072,0.29718
CVE-2021-27530,0.00072,0.29718
CVE-2021-27531,0.00072,0.29718
CVE-2021-27544,0.00153,0.51564
CVE-2021-27545,0.03508,0.90661
CVE-2021-27548,0.00051,0.17017
CVE-2021-27549,0.00419,0.71571
CVE-2021-27550,0.00054,0.19248
CVE-2021-27556,0.00323,0.67739
CVE-2021-27557,0.00061,0.23796
CVE-2021-27558,0.00115,0.45204
CVE-2021-27559,0.00053,0.18833
CVE-2021-27561,0.97434,0.99938
CVE-2021-27562,0.95843,0.99324
CVE-2021-27564,0.00058,0.22585
CVE-2021-27565,0.00356,0.69260
CVE-2021-27568,0.00963,0.81676
CVE-2021-27569,0.00108,0.43344
CVE-2021-27570,0.00108,0.43344
CVE-2021-27571,0.00108,0.43344
CVE-2021-27572,0.00607,0.76358
CVE-2021-27573,0.00926,0.81292
CVE-2021-27574,0.00348,0.68883
CVE-2021-27576,0.00179,0.55156
CVE-2021-27577,0.00331,0.68176
CVE-2021-27578,0.00598,0.76171
CVE-2021-27579,0.00044,0.10161
CVE-2021-27581,0.00189,0.56512
CVE-2021-27582,0.00279,0.65133
CVE-2021-27583,0.00126,0.47113
CVE-2021-27584,0.00061,0.24231
CVE-2021-27585,0.00082,0.33994
CVE-2021-27586,0.00078,0.32635
CVE-2021-27587,0.00082,0.33994
CVE-2021-27588,0.00078,0.32635
CVE-2021-27589,0.00078,0.32635
CVE-2021-27590,0.00078,0.32635
CVE-2021-27591,0.00078,0.32635
CVE-2021-27592,0.00083,0.34515
CVE-2021-27593,0.00061,0.24231
CVE-2021-27594,0.00061,0.24231
CVE-2021-27595,0.00061,0.24231
CVE-2021-27596,0.00061,0.24231
CVE-2021-27597,0.00109,0.43779
CVE-2021-27598,0.00076,0.31187
CVE-2021-27599,0.00065,0.26756
CVE-2021-27600,0.00054,0.19275
CVE-2021-27601,0.00054,0.20290
CVE-2021-27602,0.00341,0.68589
CVE-2021-27603,0.00081,0.33872
CVE-2021-27604,0.00065,0.26756
CVE-2021-27605,0.00054,0.20290
CVE-2021-27606,0.00109,0.43779
CVE-2021-27607,0.00109,0.43779
CVE-2021-27608,0.00044,0.10161
CVE-2021-27609,0.00054,0.20290
CVE-2021-27610,0.00309,0.66983
CVE-2021-27611,0.00044,0.10161
CVE-2021-27612,0.00084,0.35108
CVE-2021-27613,0.00044,0.10161
CVE-2021-27614,0.00044,0.10161
CVE-2021-27615,0.00054,0.19275
CVE-2021-27616,0.00044,0.10161
CVE-2021-27617,0.00085,0.35257
CVE-2021-27618,0.00081,0.33872
CVE-2021-27619,0.00065,0.26756
CVE-2021-27620,0.00109,0.43779
CVE-2021-27621,0.00065,0.26756
CVE-2021-27622,0.00109,0.43779
CVE-2021-27623,0.00109,0.43779
CVE-2021-27624,0.00109,0.43779
CVE-2021-27625,0.00109,0.43779
CVE-2021-27626,0.00109,0.43779
CVE-2021-27627,0.00109,0.43779
CVE-2021-27628,0.00109,0.43779
CVE-2021-27629,0.00109,0.43779
CVE-2021-27630,0.00109,0.43779
CVE-2021-27631,0.00109,0.43779
CVE-2021-27632,0.00109,0.43779
CVE-2021-27633,0.00109,0.43779
CVE-2021-27634,0.00109,0.43779
CVE-2021-27635,0.00365,0.69642
CVE-2021-27637,0.00065,0.27009
CVE-2021-27638,0.00058,0.21944
CVE-2021-27639,0.00058,0.21944
CVE-2021-27640,0.00058,0.21944
CVE-2021-27641,0.00058,0.21944
CVE-2021-27642,0.00058,0.21944
CVE-2021-27643,0.00058,0.21944
CVE-2021-27644,0.00651,0.77280
CVE-2021-27645,0.00047,0.14042
CVE-2021-27646,0.00776,0.79474
CVE-2021-27647,0.00288,0.65704
CVE-2021-27648,0.00067,0.27857
CVE-2021-27649,0.00126,0.47083
CVE-2021-27651,0.06426,0.93023
CVE-2021-27653,0.00076,0.31357
CVE-2021-27654,0.00042,0.05722
CVE-2021-27656,0.00204,0.58385
CVE-2021-27657,0.00213,0.59367
CVE-2021-27658,0.00060,0.23659
CVE-2021-27659,0.00068,0.28357
CVE-2021-27660,0.00476,0.73230
CVE-2021-27661,0.00104,0.42231
CVE-2021-27662,0.00167,0.53447
CVE-2021-27663,0.00622,0.76698
CVE-2021-27664,0.00615,0.76539
CVE-2021-27665,0.00199,0.57834
CVE-2021-27668,0.00078,0.32206
CVE-2021-27670,0.51682,0.97284
CVE-2021-27671,0.00078,0.32606
CVE-2021-27672,0.00095,0.39607
CVE-2021-27673,0.00331,0.68174
CVE-2021-27676,0.00054,0.20290
CVE-2021-27677,0.00072,0.29718
CVE-2021-27678,0.00072,0.29718
CVE-2021-27679,0.00072,0.29718
CVE-2021-27691,0.00315,0.67262
CVE-2021-27692,0.00315,0.67262
CVE-2021-27693,0.00157,0.52119
CVE-2021-27695,0.00126,0.47184
CVE-2021-27697,0.00250,0.62982
CVE-2021-27698,0.00250,0.62982
CVE-2021-27705,0.00615,0.76541
CVE-2021-27706,0.00615,0.76541
CVE-2021-27707,0.00615,0.76541
CVE-2021-27708,0.02694,0.89452
CVE-2021-27710,0.02694,0.89452
CVE-2021-27715,0.00098,0.40461
CVE-2021-27722,0.00405,0.71140
CVE-2021-27730,0.00276,0.64924
CVE-2021-27731,0.00078,0.32606
CVE-2021-27733,0.00054,0.20290
CVE-2021-27734,0.00874,0.80675
CVE-2021-27736,0.00137,0.49070
CVE-2021-27737,0.00278,0.65047
CVE-2021-27738,0.00170,0.54105
CVE-2021-27741,0.00198,0.57713
CVE-2021-27746,0.00054,0.20290
CVE-2021-27751,0.00044,0.10161
CVE-2021-27753,0.00044,0.07794
CVE-2021-27755,0.00044,0.07794
CVE-2021-27756,0.00150,0.51158
CVE-2021-27757,0.00150,0.51158
CVE-2021-27758,0.00052,0.18167
CVE-2021-27759,0.00053,0.19044
CVE-2021-27760,0.00136,0.48939
CVE-2021-27761,0.00150,0.51158
CVE-2021-27762,0.00201,0.58090
CVE-2021-27764,0.00150,0.51158
CVE-2021-27765,0.00042,0.05722
CVE-2021-27766,0.00042,0.05722
CVE-2021-27767,0.00042,0.05722
CVE-2021-27768,0.00090,0.37777
CVE-2021-27769,0.00072,0.29847
CVE-2021-27770,0.00201,0.58090
CVE-2021-27771,0.00080,0.33454
CVE-2021-27772,0.00065,0.26756
CVE-2021-27773,0.00072,0.29847
CVE-2021-27774,0.00063,0.25287
CVE-2021-27777,0.00073,0.30380
CVE-2021-27778,0.00054,0.20290
CVE-2021-27779,0.00152,0.51511
CVE-2021-27780,0.00072,0.29847
CVE-2021-27781,0.00054,0.20290
CVE-2021-27782,0.00132,0.48268
CVE-2021-27783,0.00065,0.26756
CVE-2021-27784,0.00086,0.35620
CVE-2021-27785,0.00042,0.05722
CVE-2021-27786,0.00201,0.58090
CVE-2021-27788,0.00063,0.25005
CVE-2021-27789,0.00065,0.26756
CVE-2021-27790,0.00089,0.37445
CVE-2021-27791,0.00054,0.20290
CVE-2021-27792,0.00044,0.10161
CVE-2021-27793,0.00089,0.37672
CVE-2021-27794,0.00044,0.10161
CVE-2021-27795,0.00091,0.38380
CVE-2021-27796,0.00061,0.24181
CVE-2021-27797,0.00220,0.60179
CVE-2021-27798,0.00044,0.08212
CVE-2021-27799,0.00317,0.67437
CVE-2021-27803,0.00217,0.59770
CVE-2021-27804,0.00283,0.65395
CVE-2021-27807,0.00101,0.41061
CVE-2021-27811,0.00117,0.45469
CVE-2021-27815,0.00173,0.54569
CVE-2021-27817,0.00488,0.73571
CVE-2021-27821,0.00085,0.35350
CVE-2021-27822,0.00091,0.38085
CVE-2021-27823,0.00161,0.52716
CVE-2021-27825,0.00108,0.43438
CVE-2021-27828,0.00177,0.54960
CVE-2021-27836,0.00147,0.50669
CVE-2021-27839,0.00059,0.22940
CVE-2021-27845,0.00051,0.17017
CVE-2021-27847,0.00072,0.29919
CVE-2021-27850,0.97369,0.99891
CVE-2021-27851,0.00042,0.05722
CVE-2021-27852,0.01241,0.84069
CVE-2021-27853,0.00052,0.17605
CVE-2021-27854,0.00081,0.33793
CVE-2021-27855,0.00406,0.71144
CVE-2021-27856,0.00253,0.63245
CVE-2021-27857,0.00189,0.56499
CVE-2021-27858,0.00130,0.47780
CVE-2021-27859,0.00425,0.71770
CVE-2021-27860,0.04934,0.92062
CVE-2021-27861,0.00054,0.19276
CVE-2021-27862,0.00047,0.14059
CVE-2021-27876,0.74455,0.97884
CVE-2021-27877,0.73044,0.97841
CVE-2021-27878,0.71078,0.97783
CVE-2021-27884,0.00063,0.25202
CVE-2021-27885,0.02501,0.89061
CVE-2021-27886,0.86246,0.98346
CVE-2021-27887,0.00054,0.20290
CVE-2021-27888,0.00078,0.32606
CVE-2021-27889,0.00198,0.57770
CVE-2021-27890,0.00241,0.62156
CVE-2021-27891,0.00104,0.42231
CVE-2021-27892,0.00042,0.05722
CVE-2021-27893,0.00042,0.05722
CVE-2021-27899,0.00189,0.56491
CVE-2021-27900,0.00081,0.33872
CVE-2021-27901,0.00048,0.14692
CVE-2021-27902,0.00071,0.29281
CVE-2021-27903,0.02721,0.89502
CVE-2021-27904,0.00044,0.10161
CVE-2021-27905,0.94309,0.99035
CVE-2021-27906,0.00101,0.41061
CVE-2021-27907,0.00128,0.47400
CVE-2021-27908,0.00048,0.14460
CVE-2021-27909,0.00094,0.39292
CVE-2021-27910,0.00072,0.29847
CVE-2021-27911,0.00072,0.29847
CVE-2021-27912,0.00054,0.20290
CVE-2021-27913,0.00058,0.22585
CVE-2021-27914,0.00054,0.20290
CVE-2021-27918,0.00094,0.39458
CVE-2021-27919,0.00068,0.28084
CVE-2021-27921,0.00242,0.62288
CVE-2021-27922,0.00242,0.62288
CVE-2021-27923,0.00242,0.62288
CVE-2021-27924,0.00178,0.55045
CVE-2021-27925,0.00065,0.26756
CVE-2021-27927,0.00071,0.29353
CVE-2021-27928,0.02144,0.88183
CVE-2021-27930,0.00058,0.22585
CVE-2021-27931,0.53216,0.97332
CVE-2021-27932,0.00043,0.06775
CVE-2021-27933,0.35693,0.96760
CVE-2021-27935,0.00168,0.53801
CVE-2021-27938,0.00066,0.27550
CVE-2021-27940,0.00088,0.36898
CVE-2021-27941,0.00068,0.28047
CVE-2021-27942,0.00085,0.35300
CVE-2021-27943,0.00088,0.37056
CVE-2021-27944,0.00457,0.72724
CVE-2021-27945,0.00078,0.32606
CVE-2021-27946,0.00184,0.55732
CVE-2021-27947,0.00087,0.36089
CVE-2021-27948,0.00087,0.36089
CVE-2021-27949,0.00078,0.32606
CVE-2021-27950,0.00116,0.45401
CVE-2021-27952,0.00334,0.68305
CVE-2021-27953,0.00105,0.42631
CVE-2021-27954,0.00098,0.40353
CVE-2021-27956,0.00151,0.51242
CVE-2021-27962,0.00099,0.40578
CVE-2021-27963,0.00119,0.46037
CVE-2021-27964,0.47667,0.97171
CVE-2021-27965,0.00382,0.70316
CVE-2021-27969,0.00094,0.39314
CVE-2021-27971,0.00044,0.10161
CVE-2021-27973,0.00185,0.55881
CVE-2021-27983,0.00622,0.76697
CVE-2021-27984,0.00352,0.69069
CVE-2021-27989,0.00054,0.19618
CVE-2021-27990,0.00174,0.54667
CVE-2021-27999,0.00054,0.20290
CVE-2021-28000,0.00066,0.27462
CVE-2021-28001,0.00198,0.57743
CVE-2021-28002,0.00218,0.59850
CVE-2021-28006,0.00148,0.50841
CVE-2021-28007,0.00148,0.50841
CVE-2021-28021,0.00122,0.46439
CVE-2021-28022,0.00164,0.53110
CVE-2021-28023,0.00259,0.63767
CVE-2021-28024,0.00259,0.63767
CVE-2021-28025,0.00044,0.08085
CVE-2021-28026,0.00081,0.33541
CVE-2021-28027,0.00222,0.60556
CVE-2021-28028,0.00222,0.60556
CVE-2021-28029,0.00168,0.53801
CVE-2021-28030,0.00168,0.53801
CVE-2021-28031,0.00222,0.60556
CVE-2021-28032,0.00436,0.72116
CVE-2021-28033,0.00232,0.61402
CVE-2021-28034,0.00222,0.60556
CVE-2021-28035,0.00222,0.60556
CVE-2021-28036,0.00168,0.53801
CVE-2021-28037,0.00222,0.60556
CVE-2021-28038,0.00045,0.11966
CVE-2021-28039,0.00044,0.10161
CVE-2021-28040,0.00096,0.39929
CVE-2021-28041,0.00184,0.55785
CVE-2021-28042,0.00255,0.63496
CVE-2021-28047,0.00066,0.27429
CVE-2021-28048,0.00216,0.59676
CVE-2021-28052,0.00064,0.25824
CVE-2021-28053,0.00272,0.64617
CVE-2021-28054,0.00070,0.28776
CVE-2021-28055,0.00075,0.30975
CVE-2021-28060,0.00169,0.53820
CVE-2021-28070,0.00061,0.23796
CVE-2021-28075,0.00155,0.51840
CVE-2021-28079,0.00112,0.44327
CVE-2021-28088,0.00062,0.24514
CVE-2021-28089,0.00227,0.61008
CVE-2021-28090,0.00274,0.64793
CVE-2021-28091,0.00236,0.61821
CVE-2021-28092,0.00210,0.58961
CVE-2021-28093,0.00105,0.42477
CVE-2021-28094,0.00105,0.42477
CVE-2021-28095,0.00105,0.42477
CVE-2021-28096,0.00079,0.33173
CVE-2021-28098,0.00084,0.34947
CVE-2021-28099,0.00044,0.10161
CVE-2021-28100,0.00044,0.10161
CVE-2021-28109,0.00066,0.27550
CVE-2021-28110,0.00103,0.41969
CVE-2021-28111,0.01199,0.83736
CVE-2021-28112,0.00308,0.66937
CVE-2021-28113,0.00429,0.71869
CVE-2021-28114,0.00063,0.25033
CVE-2021-28115,0.00076,0.31249
CVE-2021-28116,0.05037,0.92146
CVE-2021-28117,0.00097,0.40194
CVE-2021-28119,0.00829,0.80182
CVE-2021-28121,0.00201,0.58090
CVE-2021-28122,0.00240,0.62080
CVE-2021-28123,0.00222,0.60556
CVE-2021-28124,0.00128,0.47518
CVE-2021-28125,0.00619,0.76639
CVE-2021-28126,0.00078,0.32606
CVE-2021-28127,0.00158,0.52341
CVE-2021-28128,0.00112,0.44331
CVE-2021-28129,0.00048,0.14835
CVE-2021-28130,0.00074,0.30513
CVE-2021-28131,0.00121,0.46319
CVE-2021-28132,0.00965,0.81696
CVE-2021-28133,0.00183,0.55690
CVE-2021-28134,0.03570,0.90732
CVE-2021-28135,0.00095,0.39620
CVE-2021-28136,0.00095,0.39584
CVE-2021-28139,0.00105,0.42630
CVE-2021-28141,0.00562,0.75365
CVE-2021-28142,0.00220,0.59999
CVE-2021-28143,0.00066,0.27452
CVE-2021-28144,0.01986,0.87619
CVE-2021-28145,0.00066,0.27429
CVE-2021-28146,0.00086,0.35781
CVE-2021-28147,0.00098,0.40456
CVE-2021-28148,0.00792,0.79735
CVE-2021-28149,0.05499,0.92495
CVE-2021-28150,0.00253,0.63236
CVE-2021-28151,0.96847,0.99637
CVE-2021-28152,0.00401,0.71002
CVE-2021-28153,0.00933,0.81361
CVE-2021-28154,0.00861,0.80542
CVE-2021-28155,0.00057,0.21336
CVE-2021-28156,0.00259,0.63751
CVE-2021-28157,0.00087,0.36089
CVE-2021-28160,0.00096,0.40015
CVE-2021-28161,0.00098,0.40335
CVE-2021-28162,0.00098,0.40335
CVE-2021-28163,0.00059,0.23159
CVE-2021-28164,0.04805,0.91968
CVE-2021-28165,0.80243,0.98057
CVE-2021-28166,0.00053,0.18475
CVE-2021-28167,0.00116,0.45405
CVE-2021-28168,0.00044,0.08000
CVE-2021-28169,0.00401,0.70999
CVE-2021-28170,0.00078,0.32148
CVE-2021-28171,0.00235,0.61731
CVE-2021-28172,0.00215,0.59587
CVE-2021-28173,0.00591,0.76060
CVE-2021-28174,0.00155,0.51851
CVE-2021-28175,0.00348,0.68913
CVE-2021-28176,0.00348,0.68913
CVE-2021-28177,0.00348,0.68913
CVE-2021-28178,0.00348,0.68913
CVE-2021-28179,0.00348,0.68913
CVE-2021-28180,0.00348,0.68913
CVE-2021-28181,0.00348,0.68913
CVE-2021-28182,0.00348,0.68913
CVE-2021-28183,0.00348,0.68913
CVE-2021-28184,0.00348,0.68913
CVE-2021-28185,0.00348,0.68913
CVE-2021-28186,0.00348,0.68913
CVE-2021-28187,0.00348,0.68913
CVE-2021-28188,0.00348,0.68913
CVE-2021-28189,0.00348,0.68913
CVE-2021-28190,0.00348,0.68913
CVE-2021-28191,0.00348,0.68913
CVE-2021-28192,0.00348,0.68913
CVE-2021-28193,0.00348,0.68913
CVE-2021-28194,0.00348,0.68913
CVE-2021-28195,0.00348,0.68913
CVE-2021-28196,0.00348,0.68913
CVE-2021-28197,0.00348,0.68913
CVE-2021-28198,0.00348,0.68913
CVE-2021-28199,0.00348,0.68913
CVE-2021-28200,0.00348,0.68913
CVE-2021-28201,0.00348,0.68913
CVE-2021-28202,0.00348,0.68913
CVE-2021-28203,0.00452,0.72573
CVE-2021-28204,0.00452,0.72573
CVE-2021-28205,0.00207,0.58703
CVE-2021-28206,0.00207,0.58703
CVE-2021-28207,0.00207,0.58703
CVE-2021-28208,0.00207,0.58703
CVE-2021-28209,0.00207,0.58703
CVE-2021-28210,0.00048,0.14460
CVE-2021-28211,0.00048,0.14460
CVE-2021-28213,0.00152,0.51501
CVE-2021-28216,0.00048,0.14460
CVE-2021-28233,0.00192,0.56914
CVE-2021-28235,0.00127,0.47337
CVE-2021-28236,0.00085,0.35361
CVE-2021-28237,0.00234,0.61568
CVE-2021-28242,0.01315,0.84567
CVE-2021-28245,0.00215,0.59576
CVE-2021-28246,0.00048,0.14460
CVE-2021-28247,0.00072,0.29718
CVE-2021-28248,0.00314,0.67197
CVE-2021-28249,0.00048,0.14460
CVE-2021-28250,0.00048,0.14460
CVE-2021-28254,0.00072,0.29664
CVE-2021-28269,0.04428,0.91608
CVE-2021-28271,0.04428,0.91608
CVE-2021-28275,0.00057,0.21445
CVE-2021-28276,0.00091,0.38427
CVE-2021-28277,0.00074,0.30513
CVE-2021-28278,0.00074,0.30513
CVE-2021-28280,0.00141,0.49749
CVE-2021-28290,0.00078,0.32739
CVE-2021-28293,0.00362,0.69494
CVE-2021-28294,0.01689,0.86431
CVE-2021-28295,0.00225,0.60892
CVE-2021-28300,0.00391,0.70681
CVE-2021-28302,0.00117,0.45503
CVE-2021-28305,0.00222,0.60556
CVE-2021-28306,0.00102,0.41309
CVE-2021-28307,0.00102,0.41309
CVE-2021-28308,0.00222,0.60556
CVE-2021-28309,0.00043,0.07315
CVE-2021-28310,0.00105,0.42681
CVE-2021-28311,0.00168,0.53809
CVE-2021-28312,0.00089,0.37449
CVE-2021-28313,0.00048,0.14575
CVE-2021-28314,0.00043,0.07315
CVE-2021-28315,0.04080,0.91304
CVE-2021-28316,0.00079,0.32859
CVE-2021-28317,0.00043,0.07315
CVE-2021-28318,0.00043,0.07315
CVE-2021-28319,0.00192,0.56902
CVE-2021-28320,0.00043,0.07315
CVE-2021-28321,0.00056,0.21064
CVE-2021-28322,0.00048,0.14575
CVE-2021-28323,0.00704,0.78304
CVE-2021-28324,0.01326,0.84621
CVE-2021-28325,0.02683,0.89433
CVE-2021-28326,0.00106,0.42738
CVE-2021-28327,0.01258,0.84196
CVE-2021-28328,0.02683,0.89433
CVE-2021-28329,0.01258,0.84196
CVE-2021-28330,0.01258,0.84196
CVE-2021-28331,0.01258,0.84196
CVE-2021-28332,0.01258,0.84196
CVE-2021-28333,0.01258,0.84196
CVE-2021-28334,0.01258,0.84196
CVE-2021-28335,0.01258,0.84196
CVE-2021-28336,0.01258,0.84196
CVE-2021-28337,0.01258,0.84196
CVE-2021-28338,0.01258,0.84196
CVE-2021-28339,0.01258,0.84196
CVE-2021-28340,0.01258,0.84196
CVE-2021-28341,0.01258,0.84196
CVE-2021-28342,0.01258,0.84196
CVE-2021-28343,0.01258,0.84196
CVE-2021-28344,0.01258,0.84196
CVE-2021-28345,0.01258,0.84196
CVE-2021-28346,0.01258,0.84196
CVE-2021-28347,0.00043,0.07315
CVE-2021-28348,0.00422,0.71665
CVE-2021-28349,0.00422,0.71665
CVE-2021-28350,0.00422,0.71665
CVE-2021-28351,0.00043,0.07315
CVE-2021-28352,0.01258,0.84196
CVE-2021-28353,0.01258,0.84196
CVE-2021-28354,0.01258,0.84196
CVE-2021-28355,0.01258,0.84196
CVE-2021-28356,0.01258,0.84196
CVE-2021-28357,0.01258,0.84196
CVE-2021-28358,0.01258,0.84196
CVE-2021-28359,0.00285,0.65490
CVE-2021-28361,0.00102,0.41309
CVE-2021-28362,0.00135,0.48831
CVE-2021-28363,0.00137,0.49067
CVE-2021-28372,0.00222,0.60618
CVE-2021-28373,0.00090,0.37972
CVE-2021-28374,0.00216,0.59682
CVE-2021-28375,0.00045,0.11966
CVE-2021-28376,0.00061,0.23805
CVE-2021-28377,0.00106,0.42939
CVE-2021-28378,0.00062,0.24442
CVE-2021-28379,0.01835,0.87024
CVE-2021-28380,0.00054,0.20290
CVE-2021-28381,0.00138,0.49278
CVE-2021-28382,0.00235,0.61621
CVE-2021-28398,0.00129,0.47750
CVE-2021-28399,0.00085,0.35190
CVE-2021-28411,0.00201,0.58004
CVE-2021-28417,0.00107,0.43139
CVE-2021-28418,0.00107,0.43139
CVE-2021-28419,0.17236,0.95639
CVE-2021-28420,0.00107,0.43139
CVE-2021-28423,0.02815,0.89667
CVE-2021-28424,0.00181,0.55502
CVE-2021-28427,0.00055,0.20747
CVE-2021-28428,0.00221,0.60385
CVE-2021-28429,0.00042,0.05722
CVE-2021-28434,0.01258,0.84196
CVE-2021-28435,0.00043,0.07315
CVE-2021-28436,0.00043,0.07315
CVE-2021-28437,0.00043,0.07315
CVE-2021-28438,0.00063,0.24934
CVE-2021-28439,0.00192,0.56902
CVE-2021-28440,0.00043,0.07315
CVE-2021-28441,0.00043,0.07315
CVE-2021-28442,0.02683,0.89433
CVE-2021-28443,0.00043,0.07315
CVE-2021-28444,0.00043,0.07315
CVE-2021-28445,0.01468,0.85418
CVE-2021-28446,0.00043,0.07315
CVE-2021-28447,0.00045,0.12185
CVE-2021-28448,0.04080,0.91304
CVE-2021-28449,0.04080,0.91304
CVE-2021-28450,0.00124,0.46694
CVE-2021-28451,0.04080,0.91304
CVE-2021-28452,0.00916,0.81171
CVE-2021-28453,0.01577,0.85981
CVE-2021-28454,0.01470,0.85427
CVE-2021-28455,0.01258,0.84196
CVE-2021-28456,0.00148,0.50799
CVE-2021-28457,0.04080,0.91304
CVE-2021-28458,0.00043,0.07315
CVE-2021-28459,0.00427,0.71804
CVE-2021-28460,0.00112,0.44329
CVE-2021-28461,0.00067,0.27765
CVE-2021-28464,0.04080,0.91304
CVE-2021-28465,0.03263,0.90343
CVE-2021-28466,0.04080,0.91304
CVE-2021-28468,0.01248,0.84109
CVE-2021-28469,0.04080,0.91304
CVE-2021-28470,0.04080,0.91304
CVE-2021-28471,0.04080,0.91304
CVE-2021-28472,0.04080,0.91304
CVE-2021-28473,0.04080,0.91304
CVE-2021-28474,0.01265,0.84237
CVE-2021-28475,0.04080,0.91304
CVE-2021-28476,0.09325,0.94163
CVE-2021-28477,0.01183,0.83627
CVE-2021-28478,0.00077,0.31634
CVE-2021-28479,0.00043,0.07315
CVE-2021-28480,0.04224,0.91430
CVE-2021-28481,0.04224,0.91430
CVE-2021-28482,0.01258,0.84196
CVE-2021-28483,0.00274,0.64779
CVE-2021-28484,0.00193,0.57221
CVE-2021-28485,0.00046,0.12730
CVE-2021-28488,0.00106,0.42929
CVE-2021-28490,0.00073,0.30411
CVE-2021-28492,0.00065,0.26756
CVE-2021-28493,0.00044,0.10161
CVE-2021-28494,0.00104,0.42231
CVE-2021-28495,0.00197,0.57609
CVE-2021-28496,0.00065,0.26756
CVE-2021-28497,0.00044,0.10161
CVE-2021-28498,0.00044,0.10161
CVE-2021-28499,0.00044,0.10161
CVE-2021-28500,0.00042,0.05722
CVE-2021-28501,0.00042,0.05722
CVE-2021-28503,0.00269,0.64453
CVE-2021-28504,0.00073,0.30380
CVE-2021-28505,0.00078,0.32649
CVE-2021-28506,0.00074,0.30491
CVE-2021-28507,0.00058,0.22585
CVE-2021-28508,0.00074,0.30761
CVE-2021-28509,0.00074,0.30761
CVE-2021-28510,0.00075,0.31036
CVE-2021-28511,0.00091,0.38465
CVE-2021-28543,0.00225,0.60870
CVE-2021-28544,0.00400,0.70957
CVE-2021-28545,0.00176,0.54800
CVE-2021-28546,0.00087,0.36670
CVE-2021-28547,0.00070,0.29077
CVE-2021-28548,0.00429,0.71862
CVE-2021-28549,0.00230,0.61283
CVE-2021-28550,0.58074,0.97443
CVE-2021-28551,0.00103,0.41659
CVE-2021-28552,0.00272,0.64618
CVE-2021-28553,0.02091,0.87993
CVE-2021-28554,0.03559,0.90718
CVE-2021-28555,0.00082,0.33933
CVE-2021-28556,0.00187,0.56280
CVE-2021-28557,0.00084,0.34877
CVE-2021-28558,0.00495,0.73763
CVE-2021-28559,0.00084,0.34877
CVE-2021-28560,0.08402,0.93832
CVE-2021-28561,0.00467,0.72978
CVE-2021-28562,0.01258,0.84199
CVE-2021-28563,0.00112,0.44347
CVE-2021-28564,0.00384,0.70349
CVE-2021-28565,0.00510,0.74173
CVE-2021-28566,0.00063,0.25571
CVE-2021-28567,0.00090,0.37786
CVE-2021-28568,0.00049,0.15828
CVE-2021-28569,0.00076,0.31283
CVE-2021-28570,0.00101,0.41089
CVE-2021-28571,0.00778,0.79504
CVE-2021-28573,0.00232,0.61401
CVE-2021-28574,0.00077,0.31945
CVE-2021-28575,0.00077,0.31945
CVE-2021-28576,0.00077,0.31945
CVE-2021-28579,0.00059,0.23123
CVE-2021-28580,0.00208,0.58813
CVE-2021-28581,0.00082,0.34201
CVE-2021-28583,0.00044,0.10161
CVE-2021-28584,0.00209,0.58832
CVE-2021-28585,0.00076,0.31621
CVE-2021-28586,0.00125,0.46995
CVE-2021-28587,0.00079,0.33100
CVE-2021-28588,0.00385,0.70435
CVE-2021-28589,0.00100,0.40999
CVE-2021-28590,0.00100,0.40999
CVE-2021-28591,0.00081,0.33711
CVE-2021-28592,0.00081,0.33711
CVE-2021-28593,0.00099,0.40705
CVE-2021-28594,0.00103,0.41659
CVE-2021-28595,0.00086,0.35674
CVE-2021-28596,0.00081,0.33711
CVE-2021-28597,0.00057,0.21406
CVE-2021-28600,0.00079,0.32952
CVE-2021-28601,0.00062,0.24304
CVE-2021-28602,0.00117,0.45639
CVE-2021-28603,0.00200,0.57974
CVE-2021-28604,0.00200,0.57974
CVE-2021-28605,0.00117,0.45639
CVE-2021-28606,0.00859,0.80528
CVE-2021-28607,0.00128,0.47486
CVE-2021-28608,0.00373,0.69955
CVE-2021-28609,0.00079,0.32952
CVE-2021-28610,0.00200,0.57974
CVE-2021-28611,0.00079,0.32952
CVE-2021-28612,0.00079,0.32952
CVE-2021-28613,0.00057,0.21406
CVE-2021-28614,0.00079,0.32952
CVE-2021-28615,0.00079,0.32952
CVE-2021-28616,0.00079,0.32952
CVE-2021-28617,0.00160,0.52607
CVE-2021-28618,0.00160,0.52607
CVE-2021-28619,0.00160,0.52607
CVE-2021-28620,0.00573,0.75633
CVE-2021-28621,0.00078,0.32272
CVE-2021-28622,0.00096,0.39867
CVE-2021-28623,0.00057,0.21406
CVE-2021-28624,0.00090,0.37878
CVE-2021-28625,0.00079,0.32800
CVE-2021-28626,0.00112,0.44488
CVE-2021-28627,0.00126,0.47125
CVE-2021-28628,0.00079,0.32800
CVE-2021-28629,0.00573,0.75633
CVE-2021-28630,0.00049,0.15020
CVE-2021-28631,0.00177,0.54951
CVE-2021-28632,0.00177,0.54951
CVE-2021-28633,0.00066,0.27595
CVE-2021-28634,0.00057,0.21406
CVE-2021-28635,0.01004,0.82083
CVE-2021-28636,0.00057,0.21406
CVE-2021-28637,0.00083,0.34356
CVE-2021-28638,0.00120,0.46162
CVE-2021-28639,0.07203,0.93404
CVE-2021-28640,0.01034,0.82342
CVE-2021-28641,0.00465,0.72902
CVE-2021-28642,0.00190,0.56621
CVE-2021-28643,0.00093,0.39165
CVE-2021-28644,0.00287,0.65659
CVE-2021-28645,0.00045,0.12491
CVE-2021-28646,0.00042,0.05722
CVE-2021-28647,0.00063,0.25378
CVE-2021-28648,0.00045,0.12491
CVE-2021-28649,0.00056,0.21028
CVE-2021-28650,0.00047,0.13943
CVE-2021-28651,0.00775,0.79443
CVE-2021-28652,0.00376,0.70037
CVE-2021-28653,0.00065,0.26756
CVE-2021-28655,0.00120,0.46127
CVE-2021-28657,0.00079,0.32812
CVE-2021-28658,0.00537,0.74841
CVE-2021-28660,0.00205,0.58494
CVE-2021-28661,0.00058,0.22585
CVE-2021-28662,0.15268,0.95371
CVE-2021-28663,0.00626,0.76788
CVE-2021-28664,0.00420,0.71601
CVE-2021-28665,0.00145,0.50409
CVE-2021-28667,0.00103,0.41969
CVE-2021-28668,0.00138,0.49278
CVE-2021-28669,0.00070,0.28998
CVE-2021-28670,0.00103,0.41969
CVE-2021-28671,0.00411,0.71306
CVE-2021-28672,0.00625,0.76761
CVE-2021-28673,0.00346,0.68781
CVE-2021-28674,0.00072,0.29893
CVE-2021-28675,0.00070,0.29069
CVE-2021-28676,0.00305,0.66732
CVE-2021-28677,0.00138,0.49371
CVE-2021-28678,0.00071,0.29367
CVE-2021-28680,0.00234,0.61593
CVE-2021-28681,0.00091,0.38064
CVE-2021-28682,0.00226,0.60945
CVE-2021-28683,0.00170,0.54045
CVE-2021-28684,0.00090,0.38047
CVE-2021-28685,0.00044,0.10161
CVE-2021-28686,0.00044,0.10161
CVE-2021-28687,0.00044,0.10161
CVE-2021-28688,0.00044,0.10161
CVE-2021-28689,0.00044,0.10161
CVE-2021-28690,0.00065,0.26756
CVE-2021-28691,0.00044,0.10161
CVE-2021-28692,0.00044,0.10161
CVE-2021-28693,0.00044,0.10161
CVE-2021-28694,0.00137,0.49209
CVE-2021-28695,0.00102,0.41531
CVE-2021-28696,0.00137,0.49209
CVE-2021-28697,0.00045,0.11966
CVE-2021-28698,0.00045,0.11966
CVE-2021-28699,0.00045,0.11966
CVE-2021-28700,0.00428,0.71847
CVE-2021-28701,0.00045,0.11966
CVE-2021-28702,0.00193,0.57162
CVE-2021-28703,0.00044,0.10161
CVE-2021-28704,0.00060,0.23520
CVE-2021-28705,0.00060,0.23520
CVE-2021-28706,0.00147,0.50639
CVE-2021-28707,0.00060,0.23520
CVE-2021-28708,0.00060,0.23520
CVE-2021-28709,0.00060,0.23520
CVE-2021-28710,0.00044,0.10161
CVE-2021-28711,0.00063,0.25782
CVE-2021-28712,0.00063,0.25782
CVE-2021-28713,0.00063,0.25782
CVE-2021-28714,0.00045,0.11966
CVE-2021-28715,0.00045,0.11966
CVE-2021-28789,0.00202,0.58226
CVE-2021-28790,0.00202,0.58226
CVE-2021-28791,0.00278,0.65019
CVE-2021-28792,0.00202,0.58226
CVE-2021-28793,0.00182,0.55607
CVE-2021-28794,0.00220,0.59999
CVE-2021-28796,0.00066,0.27550
CVE-2021-28797,0.00327,0.67883
CVE-2021-28798,0.00096,0.39991
CVE-2021-28799,0.87758,0.98426
CVE-2021-28800,0.00169,0.53906
CVE-2021-28801,0.00146,0.50525
CVE-2021-28802,0.00169,0.53906
CVE-2021-28803,0.00052,0.17898
CVE-2021-28804,0.00169,0.53906
CVE-2021-28805,0.00042,0.05722
CVE-2021-28806,0.00052,0.17898
CVE-2021-28807,0.00077,0.31716
CVE-2021-28809,0.00504,0.74013
CVE-2021-28810,0.00146,0.50525
CVE-2021-28811,0.00193,0.57219
CVE-2021-28812,0.00136,0.48930
CVE-2021-28813,0.00300,0.66441
CVE-2021-28814,0.00301,0.66485
CVE-2021-28815,0.00162,0.52919
CVE-2021-28816,0.00088,0.36694
CVE-2021-28817,0.00042,0.05722
CVE-2021-28818,0.00042,0.05722
CVE-2021-28819,0.00042,0.05722
CVE-2021-28820,0.00042,0.05722
CVE-2021-28821,0.00042,0.05722
CVE-2021-28822,0.00042,0.05722
CVE-2021-28823,0.00042,0.05722
CVE-2021-28824,0.00042,0.05722
CVE-2021-28825,0.00042,0.05722
CVE-2021-28826,0.00042,0.05722
CVE-2021-28827,0.00214,0.59502
CVE-2021-28828,0.00087,0.36089
CVE-2021-28829,0.00104,0.42231
CVE-2021-28830,0.00042,0.05722
CVE-2021-28831,0.00574,0.75654
CVE-2021-28832,0.00146,0.50503
CVE-2021-28833,0.00062,0.24801
CVE-2021-28834,0.01996,0.87659
CVE-2021-28835,0.00055,0.20747
CVE-2021-28838,0.00127,0.47268
CVE-2021-28839,0.00127,0.47268
CVE-2021-28840,0.00127,0.47268
CVE-2021-28841,0.00088,0.36953
CVE-2021-28842,0.00088,0.36953
CVE-2021-28843,0.00088,0.36953
CVE-2021-28844,0.00088,0.36953
CVE-2021-28845,0.00088,0.36953
CVE-2021-28846,0.00065,0.26901
CVE-2021-28847,0.00102,0.41481
CVE-2021-28848,0.00155,0.51770
CVE-2021-28855,0.00061,0.24231
CVE-2021-28856,0.00061,0.24231
CVE-2021-28857,0.00214,0.59482
CVE-2021-28858,0.00048,0.14460
CVE-2021-28860,0.00993,0.81995
CVE-2021-28861,0.00220,0.60155
CVE-2021-28874,0.00093,0.39153
CVE-2021-28875,0.00242,0.62310
CVE-2021-28876,0.00212,0.59198
CVE-2021-28877,0.00112,0.44346
CVE-2021-28878,0.00806,0.79912
CVE-2021-28879,0.01047,0.82464
CVE-2021-28890,0.00146,0.50585
CVE-2021-28899,0.00103,0.41969
CVE-2021-28901,0.00072,0.29718
CVE-2021-28902,0.00117,0.45503
CVE-2021-28903,0.00117,0.45503
CVE-2021-28904,0.00117,0.45503
CVE-2021-28905,0.00117,0.45503
CVE-2021-28906,0.00117,0.45503
CVE-2021-28909,0.00201,0.58090
CVE-2021-28910,0.00150,0.51158
CVE-2021-28911,0.00201,0.58090
CVE-2021-28912,0.00104,0.42231
CVE-2021-28913,0.00201,0.58090
CVE-2021-28914,0.00150,0.51158
CVE-2021-28918,0.02704,0.89469
CVE-2021-28924,0.00324,0.67785
CVE-2021-28925,0.00617,0.76592
CVE-2021-28927,0.00115,0.45003
CVE-2021-28931,0.00095,0.39617
CVE-2021-28935,0.00104,0.42330
CVE-2021-28936,0.00771,0.79387
CVE-2021-28937,0.02476,0.89018
CVE-2021-28938,0.00054,0.19275
CVE-2021-28940,0.10906,0.94618
CVE-2021-28941,0.00091,0.38064
CVE-2021-28950,0.00045,0.11966
CVE-2021-28951,0.00045,0.11966
CVE-2021-28952,0.00050,0.15960
CVE-2021-28953,0.00081,0.33782
CVE-2021-28954,0.00070,0.28841
CVE-2021-28955,0.00235,0.61731
CVE-2021-28956,0.00247,0.62722
CVE-2021-28957,0.00234,0.61520
CVE-2021-28958,0.02065,0.87895
CVE-2021-28959,0.00666,0.77645
CVE-2021-28960,0.00111,0.44245
CVE-2021-28961,0.00287,0.65638
CVE-2021-28962,0.00203,0.58335
CVE-2021-28963,0.00205,0.58541
CVE-2021-28964,0.00045,0.11966
CVE-2021-28965,0.00105,0.42434
CVE-2021-28966,0.00143,0.50020
CVE-2021-28967,0.00630,0.76855
CVE-2021-28968,0.00054,0.20290
CVE-2021-28969,0.00095,0.39607
CVE-2021-28970,0.00095,0.39607
CVE-2021-28971,0.00045,0.11966
CVE-2021-28972,0.00050,0.15960
CVE-2021-28973,0.00076,0.31357
CVE-2021-28975,0.00068,0.28323
CVE-2021-28976,0.00311,0.67053
CVE-2021-28977,0.00054,0.20290
CVE-2021-28979,0.00173,0.54505
CVE-2021-28993,0.00133,0.48465
CVE-2021-28994,0.00127,0.47279
CVE-2021-28998,0.00086,0.35855
CVE-2021-28999,0.00053,0.18260
CVE-2021-29002,0.00078,0.32665
CVE-2021-29003,0.09141,0.94097
CVE-2021-29004,0.00327,0.67940
CVE-2021-29005,0.08390,0.93828
CVE-2021-29006,0.09465,0.94209
CVE-2021-29008,0.00072,0.29718
CVE-2021-29009,0.00072,0.29718
CVE-2021-29010,0.00072,0.29718
CVE-2021-29011,0.00203,0.58269
CVE-2021-29012,0.11677,0.94800
CVE-2021-29022,0.00110,0.44018
CVE-2021-29023,0.00091,0.38064
CVE-2021-29024,0.00294,0.66082
CVE-2021-29025,0.00072,0.29718
CVE-2021-29026,0.00072,0.29718
CVE-2021-29027,0.00072,0.29718
CVE-2021-29028,0.00072,0.29718
CVE-2021-29029,0.00072,0.29718
CVE-2021-29030,0.00072,0.29718
CVE-2021-29031,0.00072,0.29718
CVE-2021-29032,0.00072,0.29718
CVE-2021-29033,0.00072,0.29718
CVE-2021-29039,0.00121,0.46262
CVE-2021-29040,0.00162,0.52815
CVE-2021-29041,0.00103,0.41679
CVE-2021-29043,0.00128,0.47518
CVE-2021-29044,0.00121,0.46262
CVE-2021-29045,0.00121,0.46262
CVE-2021-29046,0.00121,0.46262
CVE-2021-29047,0.00173,0.54510
CVE-2021-29048,0.00121,0.46262
CVE-2021-29049,0.00114,0.44780
CVE-2021-29051,0.00121,0.46262
CVE-2021-29052,0.00082,0.34183
CVE-2021-29053,0.00110,0.43946
CVE-2021-29054,0.00307,0.66826
CVE-2021-29055,0.00132,0.48180
CVE-2021-29056,0.00058,0.22585
CVE-2021-29057,0.00046,0.13740
CVE-2021-29059,0.00312,0.67117
CVE-2021-29060,0.00193,0.57277
CVE-2021-29061,0.00394,0.70766
CVE-2021-29063,0.01132,0.83192
CVE-2021-29065,0.00069,0.28525
CVE-2021-29066,0.00069,0.28525
CVE-2021-29067,0.00069,0.28525
CVE-2021-29068,0.00096,0.39884
CVE-2021-29069,0.00044,0.10161
CVE-2021-29070,0.00044,0.10161
CVE-2021-29071,0.00044,0.10161
CVE-2021-29072,0.00044,0.10161
CVE-2021-29073,0.00044,0.10161
CVE-2021-29074,0.00044,0.10161
CVE-2021-29075,0.00044,0.10161
CVE-2021-29076,0.00078,0.32271
CVE-2021-29077,0.00078,0.32271
CVE-2021-29078,0.00078,0.32271
CVE-2021-29079,0.00078,0.32271
CVE-2021-29080,0.00070,0.29068
CVE-2021-29081,0.00044,0.10161
CVE-2021-29082,0.00070,0.29068
CVE-2021-29083,0.00072,0.29668
CVE-2021-29084,0.00208,0.58757
CVE-2021-29085,0.00120,0.46107
CVE-2021-29086,0.00120,0.46107
CVE-2021-29087,0.00095,0.39699
CVE-2021-29088,0.00044,0.07794
CVE-2021-29089,0.00077,0.31728
CVE-2021-29090,0.00068,0.28016
CVE-2021-29091,0.00063,0.25051
CVE-2021-29092,0.00068,0.28226
CVE-2021-29093,0.00105,0.42644
CVE-2021-29094,0.00097,0.40288
CVE-2021-29095,0.00105,0.42644
CVE-2021-29096,0.00116,0.45288
CVE-2021-29097,0.00361,0.69464
CVE-2021-29098,0.00209,0.58918
CVE-2021-29099,0.00073,0.30345
CVE-2021-29100,0.00166,0.53269
CVE-2021-29101,0.00360,0.69422
CVE-2021-29102,0.00279,0.65121
CVE-2021-29103,0.00104,0.42018
CVE-2021-29104,0.00136,0.48965
CVE-2021-29105,0.00066,0.27429
CVE-2021-29106,0.00104,0.42018
CVE-2021-29107,0.00136,0.48965
CVE-2021-29108,0.00264,0.64108
CVE-2021-29109,0.00104,0.42018
CVE-2021-29110,0.00087,0.35936
CVE-2021-29112,0.00055,0.20636
CVE-2021-29113,0.00080,0.33219
CVE-2021-29114,0.00123,0.46625
CVE-2021-29115,0.00129,0.47756
CVE-2021-29116,0.00136,0.48965
CVE-2021-29117,0.00098,0.40364
CVE-2021-29118,0.00055,0.20636
CVE-2021-29133,0.00053,0.18459
CVE-2021-29134,0.00070,0.28951
CVE-2021-29136,0.00047,0.13943
CVE-2021-29137,0.00120,0.46196
CVE-2021-29138,0.00163,0.52947
CVE-2021-29139,0.00054,0.20290
CVE-2021-29140,0.00375,0.70021
CVE-2021-29141,0.00163,0.52947
CVE-2021-29142,0.00054,0.20290
CVE-2021-29143,0.00261,0.63919
CVE-2021-29144,0.00163,0.52947
CVE-2021-29145,0.00571,0.75573
CVE-2021-29146,0.00054,0.20290
CVE-2021-29147,0.00182,0.55543
CVE-2021-29148,0.00072,0.29847
CVE-2021-29149,0.00042,0.05722
CVE-2021-29150,0.00102,0.41389
CVE-2021-29151,0.00082,0.34183
CVE-2021-29152,0.00142,0.49886
CVE-2021-29154,0.00045,0.11966
CVE-2021-29155,0.00048,0.14287
CVE-2021-29156,0.33973,0.96697
CVE-2021-29157,0.00047,0.14180
CVE-2021-29158,0.00065,0.26756
CVE-2021-29159,0.00084,0.35108
CVE-2021-29200,0.90403,0.98598
CVE-2021-29201,0.00072,0.29604
CVE-2021-29202,0.00042,0.05722
CVE-2021-29203,0.95519,0.99262
CVE-2021-29204,0.00072,0.29604
CVE-2021-29205,0.00072,0.29604
CVE-2021-29206,0.00072,0.29604
CVE-2021-29207,0.00072,0.29604
CVE-2021-29208,0.00050,0.16027
CVE-2021-29209,0.00050,0.16027
CVE-2021-29210,0.00050,0.16027
CVE-2021-29211,0.00072,0.29604
CVE-2021-29212,0.00415,0.71465
CVE-2021-29213,0.00042,0.05722
CVE-2021-29214,0.00104,0.42231
CVE-2021-29215,0.00197,0.57609
CVE-2021-29216,0.00072,0.29847
CVE-2021-29217,0.00111,0.44241
CVE-2021-29218,0.00044,0.10161
CVE-2021-29219,0.00042,0.05722
CVE-2021-29220,0.00097,0.40288
CVE-2021-29221,0.00070,0.28876
CVE-2021-29238,0.00121,0.46217
CVE-2021-29239,0.00044,0.10161
CVE-2021-29240,0.00181,0.55371
CVE-2021-29241,0.00192,0.56858
CVE-2021-29242,0.00124,0.46849
CVE-2021-29243,0.00078,0.32206
CVE-2021-29245,0.00090,0.37972
CVE-2021-29246,0.00044,0.07794
CVE-2021-29247,0.00162,0.52815
CVE-2021-29248,0.00162,0.52815
CVE-2021-29249,0.00166,0.53380
CVE-2021-29250,0.00054,0.20290
CVE-2021-29251,0.00051,0.17244
CVE-2021-29252,0.00078,0.32114
CVE-2021-29253,0.00044,0.10161
CVE-2021-29255,0.00118,0.45657
CVE-2021-29256,0.02466,0.88995
CVE-2021-29258,0.00381,0.70259
CVE-2021-29261,0.00115,0.45175
CVE-2021-29262,0.00276,0.64885
CVE-2021-29263,0.00042,0.05722
CVE-2021-29264,0.00044,0.10161
CVE-2021-29265,0.00044,0.10161
CVE-2021-29266,0.00044,0.10161
CVE-2021-29267,0.00096,0.40015
CVE-2021-29271,0.00066,0.27550
CVE-2021-29272,0.00066,0.27550
CVE-2021-29274,0.00112,0.44327
CVE-2021-29279,0.00097,0.40268
CVE-2021-29280,0.00044,0.10445
CVE-2021-29281,0.02626,0.89315
CVE-2021-29294,0.00099,0.40595
CVE-2021-29295,0.00099,0.40595
CVE-2021-29296,0.00099,0.40595
CVE-2021-29297,0.00113,0.44693
CVE-2021-29298,0.00067,0.27671
CVE-2021-29300,0.00192,0.57140
CVE-2021-29302,0.07474,0.93493
CVE-2021-29313,0.00078,0.32739
CVE-2021-29323,0.00069,0.28512
CVE-2021-29324,0.00067,0.27686
CVE-2021-29325,0.00067,0.27686
CVE-2021-29326,0.00067,0.27686
CVE-2021-29327,0.00081,0.33577
CVE-2021-29328,0.00079,0.33127
CVE-2021-29329,0.00081,0.33577
CVE-2021-29334,0.00063,0.25721
CVE-2021-29337,0.00044,0.10161
CVE-2021-29338,0.00222,0.60605
CVE-2021-29343,0.00089,0.37446
CVE-2021-29349,0.00100,0.40839
CVE-2021-29350,0.00109,0.43768
CVE-2021-29357,0.00178,0.55045
CVE-2021-29358,0.00050,0.16871
CVE-2021-29360,0.00073,0.30179
CVE-2021-29361,0.00073,0.30179
CVE-2021-29362,0.00073,0.30179
CVE-2021-29363,0.00073,0.30179
CVE-2021-29364,0.00073,0.30179
CVE-2021-29365,0.00050,0.16871
CVE-2021-29366,0.00073,0.30179
CVE-2021-29367,0.00073,0.30179
CVE-2021-29368,0.00129,0.47666
CVE-2021-29369,0.00340,0.68553
CVE-2021-29370,0.00078,0.32606
CVE-2021-29376,0.00304,0.66626
CVE-2021-29377,0.00250,0.63021
CVE-2021-29378,0.00055,0.20491
CVE-2021-29379,0.00256,0.63525
CVE-2021-29387,0.00093,0.39058
CVE-2021-29388,0.00082,0.34122
CVE-2021-29390,0.00061,0.24043
CVE-2021-29393,0.00497,0.73795
CVE-2021-29394,0.00081,0.33779
CVE-2021-29395,0.00201,0.58004
CVE-2021-29396,0.00315,0.67326
CVE-2021-29397,0.00166,0.53294
CVE-2021-29398,0.00129,0.47612
CVE-2021-29399,0.00098,0.40343
CVE-2021-29400,0.00138,0.49305
CVE-2021-29414,0.00068,0.28011
CVE-2021-29415,0.00047,0.13943
CVE-2021-29416,0.00201,0.58136
CVE-2021-29417,0.03541,0.90701
CVE-2021-29418,0.00111,0.44124
CVE-2021-29421,0.00128,0.47442
CVE-2021-29424,0.00249,0.62890
CVE-2021-29425,0.00180,0.55330
CVE-2021-29427,0.00074,0.30593
CVE-2021-29428,0.00042,0.05722
CVE-2021-29429,0.00042,0.05722
CVE-2021-29430,0.00469,0.73031
CVE-2021-29431,0.00103,0.41786
CVE-2021-29432,0.00070,0.29081
CVE-2021-29433,0.00073,0.30020
CVE-2021-29434,0.00050,0.16378
CVE-2021-29435,0.00065,0.27121
CVE-2021-29436,0.00088,0.36698
CVE-2021-29437,0.00147,0.50677
CVE-2021-29438,0.00054,0.20290
CVE-2021-29439,0.00124,0.46831
CVE-2021-29440,0.02733,0.89529
CVE-2021-29441,0.96709,0.99583
CVE-2021-29442,0.96760,0.99605
CVE-2021-29443,0.00149,0.50995
CVE-2021-29444,0.00149,0.50995
CVE-2021-29445,0.00149,0.50995
CVE-2021-29446,0.00149,0.50995
CVE-2021-29447,0.01048,0.82473
CVE-2021-29448,0.00098,0.40394
CVE-2021-29449,0.00327,0.67894
CVE-2021-29450,0.00463,0.72859
CVE-2021-29451,0.00135,0.48665
CVE-2021-29452,0.00054,0.20290
CVE-2021-29453,0.00136,0.48989
CVE-2021-29454,0.00303,0.66558
CVE-2021-29455,0.00086,0.35785
CVE-2021-29456,0.00054,0.20290
CVE-2021-29457,0.00232,0.61410
CVE-2021-29458,0.00112,0.44416
CVE-2021-29459,0.00105,0.42625
CVE-2021-29460,0.00610,0.76426
CVE-2021-29461,0.00213,0.59275
CVE-2021-29462,0.00193,0.57194
CVE-2021-29463,0.00078,0.32275
CVE-2021-29464,0.00210,0.59024
CVE-2021-29465,0.00417,0.71527
CVE-2021-29466,0.00433,0.72006
CVE-2021-29467,0.00105,0.42625
CVE-2021-29468,0.00230,0.61235
CVE-2021-29469,0.00180,0.55349
CVE-2021-29470,0.00262,0.63976
CVE-2021-29471,0.00154,0.51682
CVE-2021-29472,0.06299,0.92948
CVE-2021-29473,0.00095,0.39625
CVE-2021-29474,0.00130,0.47845
CVE-2021-29475,0.00197,0.57677
CVE-2021-29476,0.00785,0.79584
CVE-2021-29477,0.01926,0.87414
CVE-2021-29478,0.00509,0.74147
CVE-2021-29479,0.00088,0.37079
CVE-2021-29480,0.00050,0.16378
CVE-2021-29481,0.00091,0.38650
CVE-2021-29482,0.00105,0.42589
CVE-2021-29483,0.00194,0.57363
CVE-2021-29484,0.01008,0.82106
CVE-2021-29485,0.00234,0.61506
CVE-2021-29486,0.00178,0.55119
CVE-2021-29487,0.00115,0.45149
CVE-2021-29488,0.00084,0.34791
CVE-2021-29489,0.00050,0.16481
CVE-2021-29490,0.00159,0.52414
CVE-2021-29492,0.00708,0.78379
CVE-2021-29493,0.00090,0.38030
CVE-2021-29495,0.00084,0.34791
CVE-2021-29499,0.00280,0.65192
CVE-2021-29500,0.00073,0.30345
CVE-2021-29501,0.00089,0.37673
CVE-2021-29502,0.00062,0.24396
CVE-2021-29503,0.00097,0.40181
CVE-2021-29504,0.00168,0.53611
CVE-2021-29505,0.04677,0.91839
CVE-2021-29506,0.00097,0.40065
CVE-2021-29507,0.00107,0.43158
CVE-2021-29508,0.00117,0.45503
CVE-2021-29509,0.00720,0.78615
CVE-2021-29510,0.00176,0.54782
CVE-2021-29511,0.00137,0.49035
CVE-2021-29512,0.00048,0.14460
CVE-2021-29513,0.00048,0.14460
CVE-2021-29514,0.00048,0.14460
CVE-2021-29515,0.00048,0.14460
CVE-2021-29516,0.00044,0.10445
CVE-2021-29517,0.00044,0.10445
CVE-2021-29518,0.00048,0.14460
CVE-2021-29519,0.00044,0.10445
CVE-2021-29520,0.00048,0.14460
CVE-2021-29521,0.00044,0.10445
CVE-2021-29522,0.00044,0.10445
CVE-2021-29523,0.00044,0.10445
CVE-2021-29524,0.00044,0.10445
CVE-2021-29525,0.00048,0.14460
CVE-2021-29526,0.00044,0.10445
CVE-2021-29527,0.00044,0.10445
CVE-2021-29528,0.00044,0.10445
CVE-2021-29529,0.00048,0.14460
CVE-2021-29530,0.00097,0.40182
CVE-2021-29531,0.00044,0.10445
CVE-2021-29532,0.00048,0.14460
CVE-2021-29533,0.00090,0.37708
CVE-2021-29534,0.00044,0.10445
CVE-2021-29535,0.00048,0.14460
CVE-2021-29536,0.00048,0.14460
CVE-2021-29537,0.00048,0.14460
CVE-2021-29538,0.00044,0.10445
CVE-2021-29539,0.00044,0.10445
CVE-2021-29540,0.00048,0.14460
CVE-2021-29541,0.00044,0.10445
CVE-2021-29542,0.00060,0.23520
CVE-2021-29543,0.00044,0.10445
CVE-2021-29544,0.00044,0.10445
CVE-2021-29545,0.00044,0.10445
CVE-2021-29546,0.00048,0.14460
CVE-2021-29547,0.00044,0.10445
CVE-2021-29548,0.00044,0.10445
CVE-2021-29549,0.00044,0.10445
CVE-2021-29550,0.00044,0.10445
CVE-2021-29551,0.00090,0.37708
CVE-2021-29552,0.00044,0.10445
CVE-2021-29553,0.00048,0.14460
CVE-2021-29554,0.00044,0.10445
CVE-2021-29555,0.00044,0.10445
CVE-2021-29556,0.00044,0.10445
CVE-2021-29557,0.00044,0.10445
CVE-2021-29558,0.00048,0.14460
CVE-2021-29559,0.00048,0.14460
CVE-2021-29560,0.00048,0.14460
CVE-2021-29561,0.00044,0.10445
CVE-2021-29562,0.00044,0.10445
CVE-2021-29563,0.00044,0.10445
CVE-2021-29564,0.00044,0.10445
CVE-2021-29565,0.00044,0.10445
CVE-2021-29566,0.00048,0.14460
CVE-2021-29567,0.00044,0.10445
CVE-2021-29568,0.00048,0.14460
CVE-2021-29569,0.00048,0.14460
CVE-2021-29570,0.00044,0.10161
CVE-2021-29571,0.00097,0.40182
CVE-2021-29572,0.00044,0.10445
CVE-2021-29573,0.00044,0.10445
CVE-2021-29574,0.00048,0.14460
CVE-2021-29575,0.00060,0.23520
CVE-2021-29576,0.00048,0.14460
CVE-2021-29577,0.00048,0.14460
CVE-2021-29578,0.00048,0.14460
CVE-2021-29579,0.00048,0.14460
CVE-2021-29580,0.00044,0.10445
CVE-2021-29581,0.00044,0.10445
CVE-2021-29582,0.00048,0.14460
CVE-2021-29583,0.00048,0.14460
CVE-2021-29584,0.00044,0.10445
CVE-2021-29585,0.00048,0.14460
CVE-2021-29586,0.00048,0.14460
CVE-2021-29587,0.00048,0.14460
CVE-2021-29588,0.00048,0.14460
CVE-2021-29589,0.00048,0.14460
CVE-2021-29590,0.00048,0.14460
CVE-2021-29591,0.00092,0.38675
CVE-2021-29592,0.00048,0.14460
CVE-2021-29593,0.00048,0.14460
CVE-2021-29594,0.00048,0.14460
CVE-2021-29595,0.00048,0.14460
CVE-2021-29596,0.00048,0.14460
CVE-2021-29597,0.00048,0.14460
CVE-2021-29598,0.00048,0.14460
CVE-2021-29599,0.00048,0.14460
CVE-2021-29600,0.00048,0.14460
CVE-2021-29601,0.00044,0.10445
CVE-2021-29602,0.00044,0.10445
CVE-2021-29603,0.00048,0.14460
CVE-2021-29604,0.00044,0.10445
CVE-2021-29605,0.00044,0.10445
CVE-2021-29606,0.00048,0.14460
CVE-2021-29607,0.00092,0.38675
CVE-2021-29608,0.00081,0.33506
CVE-2021-29609,0.00092,0.38675
CVE-2021-29610,0.00048,0.14460
CVE-2021-29611,0.00044,0.10445
CVE-2021-29612,0.00112,0.44485
CVE-2021-29613,0.00092,0.38675
CVE-2021-29614,0.00048,0.14460
CVE-2021-29615,0.00044,0.10445
CVE-2021-29616,0.00048,0.14460
CVE-2021-29617,0.00086,0.35845
CVE-2021-29618,0.00086,0.35845
CVE-2021-29619,0.00044,0.10445
CVE-2021-29620,0.00122,0.46451
CVE-2021-29621,0.00650,0.77256
CVE-2021-29622,0.00287,0.65625
CVE-2021-29623,0.00076,0.31338
CVE-2021-29624,0.00135,0.48869
CVE-2021-29625,0.00236,0.61783
CVE-2021-29626,0.00042,0.05722
CVE-2021-29627,0.00044,0.10161
CVE-2021-29628,0.00105,0.42463
CVE-2021-29629,0.00102,0.41481
CVE-2021-29630,0.00506,0.74061
CVE-2021-29631,0.00044,0.10161
CVE-2021-29632,0.00079,0.33063
CVE-2021-29641,0.02166,0.88250
CVE-2021-29642,0.00071,0.29313
CVE-2021-29643,0.00058,0.22585
CVE-2021-29644,0.00493,0.73700
CVE-2021-29645,0.00042,0.05722
CVE-2021-29646,0.00045,0.11966
CVE-2021-29647,0.00048,0.14287
CVE-2021-29648,0.00045,0.11966
CVE-2021-29649,0.00045,0.11966
CVE-2021-29650,0.00045,0.11966
CVE-2021-29651,0.00078,0.32606
CVE-2021-29652,0.00078,0.32606
CVE-2021-29653,0.00084,0.34791
CVE-2021-29654,0.00286,0.65550
CVE-2021-29655,0.00201,0.58090
CVE-2021-29656,0.00136,0.48940
CVE-2021-29657,0.00276,0.64914
CVE-2021-29658,0.00245,0.62635
CVE-2021-29659,0.00163,0.52947
CVE-2021-29660,0.00105,0.42649
CVE-2021-29661,0.00058,0.22585
CVE-2021-29662,0.00166,0.53256
CVE-2021-29663,0.00053,0.18833
CVE-2021-29665,0.00042,0.05722
CVE-2021-29666,0.00050,0.16691
CVE-2021-29667,0.00061,0.24211
CVE-2021-29668,0.00050,0.16691
CVE-2021-29670,0.00050,0.16691
CVE-2021-29671,0.00042,0.05722
CVE-2021-29672,0.00042,0.05722
CVE-2021-29673,0.00050,0.16691
CVE-2021-29676,0.00066,0.27156
CVE-2021-29677,0.00050,0.16691
CVE-2021-29678,0.00076,0.31252
CVE-2021-29679,0.00288,0.65677
CVE-2021-29681,0.00064,0.26231
CVE-2021-29682,0.00100,0.40972
CVE-2021-29683,0.00057,0.21364
CVE-2021-29686,0.00093,0.39184
CVE-2021-29687,0.00100,0.40972
CVE-2021-29688,0.00158,0.52284
CVE-2021-29691,0.00079,0.32888
CVE-2021-29692,0.00173,0.54556
CVE-2021-29693,0.00042,0.05722
CVE-2021-29694,0.00107,0.43309
CVE-2021-29695,0.00126,0.47209
CVE-2021-29696,0.00142,0.49952
CVE-2021-29697,0.00119,0.45979
CVE-2021-29699,0.00093,0.39184
CVE-2021-29700,0.00050,0.16691
CVE-2021-29701,0.00050,0.16691
CVE-2021-29702,0.00164,0.53038
CVE-2021-29703,0.00139,0.49483
CVE-2021-29704,0.00106,0.42794
CVE-2021-29706,0.00042,0.05722
CVE-2021-29707,0.00042,0.05722
CVE-2021-29708,0.00044,0.10161
CVE-2021-29711,0.00050,0.16691
CVE-2021-29712,0.00063,0.24969
CVE-2021-29713,0.00050,0.16691
CVE-2021-29714,0.00080,0.33223
CVE-2021-29715,0.00322,0.67667
CVE-2021-29716,0.00073,0.30233
CVE-2021-29719,0.00076,0.31211
CVE-2021-29722,0.00096,0.39892
CVE-2021-29723,0.00096,0.39892
CVE-2021-29725,0.00252,0.63162
CVE-2021-29726,0.00076,0.31217
CVE-2021-29727,0.00042,0.05722
CVE-2021-29728,0.00061,0.24009
CVE-2021-29730,0.00105,0.42692
CVE-2021-29735,0.00050,0.16691
CVE-2021-29736,0.00277,0.64967
CVE-2021-29737,0.00083,0.34310
CVE-2021-29738,0.00050,0.16691
CVE-2021-29739,0.00144,0.50203
CVE-2021-29740,0.00044,0.08189
CVE-2021-29741,0.00042,0.05722
CVE-2021-29742,0.00044,0.10161
CVE-2021-29743,0.00050,0.16691
CVE-2021-29744,0.00050,0.16691
CVE-2021-29745,0.00162,0.52907
CVE-2021-29747,0.00223,0.60699
CVE-2021-29749,0.00060,0.23254
CVE-2021-29750,0.00106,0.42794
CVE-2021-29751,0.00056,0.21071
CVE-2021-29752,0.00076,0.31252
CVE-2021-29753,0.00106,0.42794
CVE-2021-29754,0.00093,0.39184
CVE-2021-29755,0.00080,0.33286
CVE-2021-29756,0.00153,0.51514
CVE-2021-29757,0.00067,0.27737
CVE-2021-29758,0.00050,0.16691
CVE-2021-29759,0.00044,0.10161
CVE-2021-29760,0.00050,0.16691
CVE-2021-29761,0.00050,0.16691
CVE-2021-29763,0.00051,0.16940
CVE-2021-29764,0.00057,0.21292
CVE-2021-29765,0.00106,0.42794
CVE-2021-29766,0.00099,0.40577
CVE-2021-29767,0.00099,0.40577
CVE-2021-29768,0.00077,0.31786
CVE-2021-29769,0.00070,0.28939
CVE-2021-29770,0.00050,0.16691
CVE-2021-29771,0.00050,0.16691
CVE-2021-29772,0.00227,0.60986
CVE-2021-29773,0.00076,0.31371
CVE-2021-29774,0.00093,0.39184
CVE-2021-29775,0.00057,0.21254
CVE-2021-29776,0.00050,0.16691
CVE-2021-29777,0.00114,0.44890
CVE-2021-29779,0.00098,0.40463
CVE-2021-29780,0.00075,0.30918
CVE-2021-29781,0.00883,0.80787
CVE-2021-29784,0.00076,0.31371
CVE-2021-29785,0.00123,0.46623
CVE-2021-29786,0.00057,0.21364
CVE-2021-29788,0.00048,0.14834
CVE-2021-29790,0.00048,0.14834
CVE-2021-29792,0.00093,0.39184
CVE-2021-29794,0.00106,0.42794
CVE-2021-29795,0.00042,0.05722
CVE-2021-29798,0.00112,0.44487
CVE-2021-29799,0.00055,0.20507
CVE-2021-29800,0.00050,0.16691
CVE-2021-29801,0.00042,0.05722
CVE-2021-29802,0.00063,0.24923
CVE-2021-29803,0.00050,0.16691
CVE-2021-29804,0.00050,0.16691
CVE-2021-29805,0.00050,0.16691
CVE-2021-29806,0.00050,0.16691
CVE-2021-29807,0.00050,0.16691
CVE-2021-29808,0.00050,0.16691
CVE-2021-29809,0.00050,0.16691
CVE-2021-29810,0.00050,0.16691
CVE-2021-29811,0.00057,0.21364
CVE-2021-29812,0.00050,0.16691
CVE-2021-29813,0.00050,0.16691
CVE-2021-29814,0.00050,0.16691
CVE-2021-29815,0.00050,0.16691
CVE-2021-29816,0.00051,0.17096
CVE-2021-29817,0.00050,0.16691
CVE-2021-29818,0.00050,0.16691
CVE-2021-29819,0.00050,0.16691
CVE-2021-29820,0.00050,0.16691
CVE-2021-29821,0.00050,0.16691
CVE-2021-29822,0.00050,0.16691
CVE-2021-29823,0.00074,0.30707
CVE-2021-29824,0.00056,0.21088
CVE-2021-29825,0.00111,0.44236
CVE-2021-29831,0.00141,0.49834
CVE-2021-29832,0.00050,0.16691
CVE-2021-29833,0.00050,0.16691
CVE-2021-29834,0.00050,0.16691
CVE-2021-29835,0.00063,0.24969
CVE-2021-29836,0.00050,0.16691
CVE-2021-29837,0.00067,0.27737
CVE-2021-29838,0.00123,0.46623
CVE-2021-29841,0.00050,0.16691
CVE-2021-29842,0.00099,0.40577
CVE-2021-29843,0.00076,0.31433
CVE-2021-29844,0.00093,0.39184
CVE-2021-29845,0.00136,0.48924
CVE-2021-29846,0.00050,0.16691
CVE-2021-29847,0.00098,0.40463
CVE-2021-29849,0.00063,0.24969
CVE-2021-29851,0.00076,0.31371
CVE-2021-29852,0.00050,0.16691
CVE-2021-29853,0.00050,0.16691
CVE-2021-29854,0.00078,0.32757
CVE-2021-29855,0.00050,0.16691
CVE-2021-29856,0.00076,0.31433
CVE-2021-29859,0.00052,0.17905
CVE-2021-29860,0.00048,0.14359
CVE-2021-29861,0.00048,0.14359
CVE-2021-29862,0.00042,0.05722
CVE-2021-29863,0.00050,0.16691
CVE-2021-29864,0.00078,0.32610
CVE-2021-29865,0.00066,0.27156
CVE-2021-29867,0.00056,0.21088
CVE-2021-29868,0.00042,0.05722
CVE-2021-29872,0.00066,0.27156
CVE-2021-29873,0.00124,0.46817
CVE-2021-29875,0.00136,0.48926
CVE-2021-29878,0.00050,0.16691
CVE-2021-29880,0.00081,0.33695
CVE-2021-29883,0.00070,0.28939
CVE-2021-29888,0.00067,0.27737
CVE-2021-29891,0.00068,0.28351
CVE-2021-29894,0.00106,0.42794
CVE-2021-29899,0.00076,0.31433
CVE-2021-29903,0.00112,0.44487
CVE-2021-29904,0.00042,0.05722
CVE-2021-29905,0.00050,0.16691
CVE-2021-29906,0.00042,0.05722
CVE-2021-29907,0.00115,0.45185
CVE-2021-29908,0.00148,0.50862
CVE-2021-29912,0.00050,0.16691
CVE-2021-29913,0.00070,0.28954
CVE-2021-29921,0.00800,0.79833
CVE-2021-29922,0.00363,0.69548
CVE-2021-29923,0.00172,0.54279
CVE-2021-29929,0.00119,0.46000
CVE-2021-29930,0.00162,0.52805
CVE-2021-29931,0.00103,0.41969
CVE-2021-29932,0.00103,0.41969
CVE-2021-29933,0.00119,0.46000
CVE-2021-29934,0.00131,0.47923
CVE-2021-29935,0.00131,0.47923
CVE-2021-29936,0.00345,0.68731
CVE-2021-29937,0.00345,0.68731
CVE-2021-29938,0.00119,0.46000
CVE-2021-29939,0.00177,0.54910
CVE-2021-29940,0.00345,0.68731
CVE-2021-29941,0.00177,0.54910
CVE-2021-29942,0.00177,0.54910
CVE-2021-29943,0.00150,0.51024
CVE-2021-29944,0.00085,0.35350
CVE-2021-29945,0.00167,0.53465
CVE-2021-29946,0.00257,0.63594
CVE-2021-29947,0.00278,0.65030
CVE-2021-29948,0.00044,0.10445
CVE-2021-29949,0.00068,0.28046
CVE-2021-29950,0.00200,0.57966
CVE-2021-29951,0.00239,0.62038
CVE-2021-29952,0.00221,0.60340
CVE-2021-29953,0.00079,0.33048
CVE-2021-29954,0.00228,0.61055
CVE-2021-29955,0.00255,0.63497
CVE-2021-29956,0.00105,0.42463
CVE-2021-29957,0.00105,0.42463
CVE-2021-29958,0.00066,0.27594
CVE-2021-29959,0.00095,0.39646
CVE-2021-29960,0.00095,0.39646
CVE-2021-29961,0.00095,0.39646
CVE-2021-29962,0.00091,0.38445
CVE-2021-29963,0.00079,0.33048
CVE-2021-29964,0.00080,0.33202
CVE-2021-29965,0.00079,0.33048
CVE-2021-29966,0.00290,0.65838
CVE-2021-29967,0.00258,0.63612
CVE-2021-29968,0.00185,0.55881
CVE-2021-29969,0.00136,0.48980
CVE-2021-29970,0.00618,0.76610
CVE-2021-29971,0.00185,0.55885
CVE-2021-29972,0.00301,0.66464
CVE-2021-29973,0.00185,0.55885
CVE-2021-29974,0.00089,0.37463
CVE-2021-29975,0.00121,0.46287
CVE-2021-29976,0.00370,0.69830
CVE-2021-29977,0.00220,0.60002
CVE-2021-29978,0.01141,0.83268
CVE-2021-29979,0.00078,0.32669
CVE-2021-29980,0.00966,0.81709
CVE-2021-29981,0.00189,0.56463
CVE-2021-29982,0.00166,0.53318
CVE-2021-29983,0.00079,0.33063
CVE-2021-29984,0.00966,0.81709
CVE-2021-29985,0.00682,0.77964
CVE-2021-29986,0.01219,0.83902
CVE-2021-29987,0.00117,0.45647
CVE-2021-29988,0.00759,0.79212
CVE-2021-29989,0.00370,0.69830
CVE-2021-29990,0.00276,0.64936
CVE-2021-29991,0.00161,0.52726
CVE-2021-29993,0.00102,0.41484
CVE-2021-29994,0.00089,0.37463
CVE-2021-29995,0.01456,0.85368
CVE-2021-29996,0.00793,0.79751
CVE-2021-29997,0.00104,0.42024
CVE-2021-29998,0.00581,0.75803
CVE-2021-29999,0.00250,0.62982
CVE-2021-30000,0.00212,0.59186
CVE-2021-30002,0.00078,0.32749
CVE-2021-30003,0.00058,0.22585
CVE-2021-30004,0.00090,0.37972
CVE-2021-30005,0.00042,0.05722
CVE-2021-30006,0.00178,0.55045
CVE-2021-30014,0.00063,0.25775
CVE-2021-30015,0.00063,0.25775
CVE-2021-30019,0.00082,0.34070
CVE-2021-3002,0.00143,0.50160
CVE-2021-30020,0.00082,0.34070
CVE-2021-30022,0.00063,0.25775
CVE-2021-30027,0.00063,0.25775
CVE-2021-30028,0.00104,0.42382
CVE-2021-3003,0.00143,0.50028
CVE-2021-30030,0.00080,0.33446
CVE-2021-30034,0.00080,0.33446
CVE-2021-30039,0.00080,0.33446
CVE-2021-3004,0.00091,0.38064
CVE-2021-30042,0.00080,0.33446
CVE-2021-30044,0.00078,0.32665
CVE-2021-30045,0.00365,0.69633
CVE-2021-30046,0.00096,0.39969
CVE-2021-30047,0.00330,0.68126
CVE-2021-30048,0.01645,0.86281
CVE-2021-30049,0.00102,0.41275
CVE-2021-3005,0.00082,0.34183
CVE-2021-30055,0.00105,0.42532
CVE-2021-30056,0.00058,0.22585
CVE-2021-30057,0.00058,0.22585
CVE-2021-30058,0.00087,0.36434
CVE-2021-3006,0.00091,0.38064
CVE-2021-30061,0.00076,0.31271
CVE-2021-30062,0.00090,0.37779
CVE-2021-30063,0.00101,0.41058
CVE-2021-30064,0.00221,0.60385
CVE-2021-30065,0.00090,0.37779
CVE-2021-30066,0.00068,0.28059
CVE-2021-3007,0.03152,0.90165
CVE-2021-30070,0.00060,0.23618
CVE-2021-30071,0.00070,0.28928
CVE-2021-30072,0.00230,0.61216
CVE-2021-30074,0.00087,0.36434
CVE-2021-30080,0.00233,0.61479
CVE-2021-30081,0.00088,0.36822
CVE-2021-30082,0.00120,0.46201
CVE-2021-30083,0.00120,0.46201
CVE-2021-30086,0.00061,0.24174
CVE-2021-3010,0.00093,0.39058
CVE-2021-30108,0.00254,0.63311
CVE-2021-30109,0.00084,0.35108
CVE-2021-3011,0.00057,0.21314
CVE-2021-30110,0.01815,0.86916
CVE-2021-30111,0.00067,0.27713
CVE-2021-30112,0.00260,0.63838
CVE-2021-30113,0.00110,0.44053
CVE-2021-30114,0.00260,0.63838
CVE-2021-30116,0.40549,0.96944
CVE-2021-30117,0.00087,0.36089
CVE-2021-30118,0.00331,0.68164
CVE-2021-30119,0.00062,0.24442
CVE-2021-3012,0.00072,0.29718
CVE-2021-30120,0.00099,0.40760
CVE-2021-30121,0.00074,0.30646
CVE-2021-30123,0.01951,0.87498
CVE-2021-30124,0.02041,0.87820
CVE-2021-30125,0.00078,0.32606
CVE-2021-30126,0.00084,0.34791
CVE-2021-30127,0.00160,0.52631
CVE-2021-30128,0.65128,0.97622
CVE-2021-30129,0.00485,0.73495
CVE-2021-3013,0.00305,0.66704
CVE-2021-30130,0.00195,0.57485
CVE-2021-30132,0.00220,0.60170
CVE-2021-30133,0.00114,0.44780
CVE-2021-30134,0.00099,0.40639
CVE-2021-30137,0.00123,0.46604
CVE-2021-30139,0.00105,0.42589
CVE-2021-3014,0.00074,0.30459
CVE-2021-30140,0.01314,0.84561
CVE-2021-30141,0.00117,0.45503
CVE-2021-30144,0.00082,0.34183
CVE-2021-30145,0.01172,0.83535
CVE-2021-30146,0.00054,0.20290
CVE-2021-30147,0.00439,0.72219
CVE-2021-30149,0.01479,0.85462
CVE-2021-30150,0.00124,0.46795
CVE-2021-30151,0.00404,0.71089
CVE-2021-30152,0.00142,0.49923
CVE-2021-30153,0.00051,0.17093
CVE-2021-30154,0.00263,0.64059
CVE-2021-30155,0.00142,0.49923
CVE-2021-30156,0.00080,0.33440
CVE-2021-30157,0.00263,0.64059
CVE-2021-30158,0.00342,0.68611
CVE-2021-30159,0.00328,0.67970
CVE-2021-30161,0.00044,0.10161
CVE-2021-30162,0.00044,0.10161
CVE-2021-30163,0.00182,0.55544
CVE-2021-30164,0.00144,0.50199
CVE-2021-30165,0.00669,0.77681
CVE-2021-30166,0.01626,0.86207
CVE-2021-30167,0.00562,0.75359
CVE-2021-30168,0.01723,0.86567
CVE-2021-30169,0.00525,0.74541
CVE-2021-3017,0.01527,0.85736
CVE-2021-30170,0.00066,0.27429
CVE-2021-30171,0.00066,0.27429
CVE-2021-30172,0.00066,0.27429
CVE-2021-30173,0.00125,0.46865
CVE-2021-30174,0.00066,0.27429
CVE-2021-30175,0.06664,0.93160
CVE-2021-30176,0.00152,0.51379
CVE-2021-30177,0.00157,0.52129
CVE-2021-30178,0.00042,0.05722
CVE-2021-30179,0.05778,0.92651
CVE-2021-3018,0.00965,0.81695
CVE-2021-30180,0.05694,0.92611
CVE-2021-30181,0.05694,0.92611
CVE-2021-30183,0.00178,0.55045
CVE-2021-30184,0.00315,0.67298
CVE-2021-30185,0.00071,0.29313
CVE-2021-30186,0.00102,0.41481
CVE-2021-30187,0.00044,0.10504
CVE-2021-30188,0.00221,0.60340
CVE-2021-30189,0.00221,0.60340
CVE-2021-3019,0.00974,0.81786
CVE-2021-30190,0.00185,0.55819
CVE-2021-30191,0.00102,0.41481
CVE-2021-30192,0.00221,0.60340
CVE-2021-30193,0.00221,0.60340
CVE-2021-30194,0.00221,0.60340
CVE-2021-30195,0.00102,0.41481
CVE-2021-30199,0.00063,0.25775
CVE-2021-3020,0.00123,0.46611
CVE-2021-30201,0.00137,0.49035
CVE-2021-30203,0.00046,0.13740
CVE-2021-30205,0.00050,0.16812
CVE-2021-30209,0.00058,0.22585
CVE-2021-3021,0.00152,0.51379
CVE-2021-30211,0.00054,0.20290
CVE-2021-30212,0.00058,0.22585
CVE-2021-30213,0.00106,0.42952
CVE-2021-30214,0.00058,0.22585
CVE-2021-30218,0.00063,0.25775
CVE-2021-30219,0.00063,0.25775
CVE-2021-3022,0.00044,0.10161
CVE-2021-30224,0.00112,0.44337
CVE-2021-30227,0.00087,0.36434
CVE-2021-30228,0.00771,0.79383
CVE-2021-30229,0.03133,0.90140
CVE-2021-30230,0.00771,0.79383
CVE-2021-30231,0.00771,0.79383
CVE-2021-30232,0.00771,0.79383
CVE-2021-30233,0.00771,0.79383
CVE-2021-30234,0.00771,0.79383
CVE-2021-3024,0.00090,0.37972
CVE-2021-30245,0.01141,0.83269
CVE-2021-30246,0.00135,0.48665
CVE-2021-3025,0.00063,0.25758
CVE-2021-30254,0.00044,0.10161
CVE-2021-30255,0.00044,0.10161
CVE-2021-30256,0.00044,0.10161
CVE-2021-30257,0.00044,0.10161
CVE-2021-30258,0.00044,0.10161
CVE-2021-30259,0.00044,0.10161
CVE-2021-3026,0.00078,0.32606
CVE-2021-30260,0.00044,0.10161
CVE-2021-30261,0.00044,0.10161
CVE-2021-30262,0.00044,0.10161
CVE-2021-30263,0.00044,0.10161
CVE-2021-30264,0.00044,0.10161
CVE-2021-30265,0.00044,0.10161
CVE-2021-30266,0.00044,0.10161
CVE-2021-30267,0.00044,0.10161
CVE-2021-30268,0.00044,0.10161
CVE-2021-30269,0.00044,0.10161
CVE-2021-3027,0.00100,0.40819
CVE-2021-30270,0.00044,0.10161
CVE-2021-30271,0.00044,0.10161
CVE-2021-30272,0.00044,0.10161
CVE-2021-30273,0.00089,0.37607
CVE-2021-30274,0.00044,0.10161
CVE-2021-30275,0.00044,0.10161
CVE-2021-30276,0.00044,0.10161
CVE-2021-30278,0.00044,0.10161
CVE-2021-30279,0.00044,0.10161
CVE-2021-3028,0.00516,0.74322
CVE-2021-30281,0.00044,0.10161
CVE-2021-30282,0.00044,0.10161
CVE-2021-30283,0.00044,0.10161
CVE-2021-30284,0.00168,0.53584
CVE-2021-30285,0.00044,0.10161
CVE-2021-30287,0.00090,0.37693
CVE-2021-30288,0.00044,0.10161
CVE-2021-30289,0.00044,0.10161
CVE-2021-3029,0.00371,0.69893
CVE-2021-30290,0.00044,0.10161
CVE-2021-30291,0.00044,0.10161
CVE-2021-30292,0.00044,0.10161
CVE-2021-30293,0.00089,0.37607
CVE-2021-30294,0.00044,0.10161
CVE-2021-30295,0.00044,0.10161
CVE-2021-30297,0.00044,0.10161
CVE-2021-30298,0.00044,0.10161
CVE-2021-30300,0.00090,0.37693
CVE-2021-30301,0.00090,0.37693
CVE-2021-30302,0.00127,0.47347
CVE-2021-30303,0.00044,0.10161
CVE-2021-30304,0.00168,0.53584
CVE-2021-30305,0.00044,0.10161
CVE-2021-30306,0.00044,0.10161
CVE-2021-30307,0.00090,0.37693
CVE-2021-30308,0.00044,0.10161
CVE-2021-30309,0.00044,0.10161
CVE-2021-3031,0.00058,0.22795
CVE-2021-30310,0.00089,0.37607
CVE-2021-30311,0.00044,0.10161
CVE-2021-30312,0.00130,0.47803
CVE-2021-30313,0.00044,0.10161
CVE-2021-30314,0.00044,0.10161
CVE-2021-30315,0.00044,0.10161
CVE-2021-30316,0.00044,0.10161
CVE-2021-30317,0.00044,0.10161
CVE-2021-30318,0.00044,0.10161
CVE-2021-30319,0.00044,0.10161
CVE-2021-3032,0.00044,0.10161
CVE-2021-30321,0.00192,0.56994
CVE-2021-30322,0.00044,0.10161
CVE-2021-30323,0.00044,0.10161
CVE-2021-30324,0.00044,0.10161
CVE-2021-30325,0.00044,0.10161
CVE-2021-30326,0.00090,0.37693
CVE-2021-30327,0.00069,0.28735
CVE-2021-30328,0.00090,0.37693
CVE-2021-30329,0.00089,0.37607
CVE-2021-3033,0.00308,0.66926
CVE-2021-30330,0.00088,0.37054
CVE-2021-30331,0.00044,0.10161
CVE-2021-30332,0.00090,0.37693
CVE-2021-30333,0.00044,0.10161
CVE-2021-30334,0.00044,0.10161
CVE-2021-30335,0.00044,0.10161
CVE-2021-30336,0.00044,0.10161
CVE-2021-30337,0.00044,0.10161
CVE-2021-30338,0.00044,0.10161
CVE-2021-30339,0.00044,0.10161
CVE-2021-3034,0.00044,0.10161
CVE-2021-30340,0.00089,0.37607
CVE-2021-30341,0.00171,0.54152
CVE-2021-30342,0.00127,0.47347
CVE-2021-30343,0.00127,0.47347
CVE-2021-30344,0.00089,0.37607
CVE-2021-30345,0.00044,0.10161
CVE-2021-30346,0.00044,0.10161
CVE-2021-30347,0.00171,0.54152
CVE-2021-30348,0.00050,0.16871
CVE-2021-30349,0.00044,0.10161
CVE-2021-3035,0.00099,0.40644
CVE-2021-30350,0.00044,0.10161
CVE-2021-30351,0.00171,0.54152
CVE-2021-30353,0.00089,0.37607
CVE-2021-30354,0.00166,0.53370
CVE-2021-30355,0.00081,0.33577
CVE-2021-30356,0.00081,0.33872
CVE-2021-30357,0.00057,0.21370
CVE-2021-30358,0.00118,0.45802
CVE-2021-30359,0.00044,0.10161
CVE-2021-3036,0.00044,0.10161
CVE-2021-30360,0.00048,0.14460
CVE-2021-30361,0.00044,0.10504
CVE-2021-3037,0.00044,0.10161
CVE-2021-3038,0.00044,0.10161
CVE-2021-3039,0.00054,0.20290
CVE-2021-3040,0.00099,0.40644
CVE-2021-3041,0.00042,0.05722
CVE-2021-3042,0.00042,0.05722
CVE-2021-3043,0.00066,0.27429
CVE-2021-3044,0.00441,0.72250
CVE-2021-3045,0.00065,0.26756
CVE-2021-30454,0.00222,0.60556
CVE-2021-30455,0.00222,0.60556
CVE-2021-30456,0.00222,0.60556
CVE-2021-30457,0.00222,0.60556
CVE-2021-30458,0.00087,0.35981
CVE-2021-30459,0.00189,0.56512
CVE-2021-3046,0.00065,0.26756
CVE-2021-30461,0.95934,0.99348
CVE-2021-30462,0.00104,0.42382
CVE-2021-30463,0.00048,0.14460
CVE-2021-30464,0.00202,0.58171
CVE-2021-30465,0.00207,0.58696
CVE-2021-30468,0.00528,0.74627
CVE-2021-30469,0.00053,0.18672
CVE-2021-3047,0.00054,0.20290
CVE-2021-30470,0.00051,0.16935
CVE-2021-30471,0.00051,0.16935
CVE-2021-30472,0.00079,0.33095
CVE-2021-30473,0.00259,0.63778
CVE-2021-30474,0.00301,0.66468
CVE-2021-30475,0.00362,0.69495
CVE-2021-30476,0.00302,0.66507
CVE-2021-30477,0.00054,0.20290
CVE-2021-30478,0.00054,0.20290
CVE-2021-30479,0.00084,0.34791
CVE-2021-3048,0.00089,0.37607
CVE-2021-30480,0.03134,0.90142
CVE-2021-30481,0.05216,0.92280
CVE-2021-30482,0.00178,0.55045
CVE-2021-30483,0.00102,0.41378
CVE-2021-30485,0.00089,0.37255
CVE-2021-30486,0.00088,0.36822
CVE-2021-30487,0.00054,0.20290
CVE-2021-3049,0.00054,0.20290
CVE-2021-30490,0.00043,0.06775
CVE-2021-30493,0.00085,0.35218
CVE-2021-30494,0.00085,0.35218
CVE-2021-30496,0.00119,0.46004
CVE-2021-30497,0.96355,0.99461
CVE-2021-30498,0.00076,0.31201
CVE-2021-30499,0.00122,0.46463
CVE-2021-3050,0.00128,0.47479
CVE-2021-30500,0.00167,0.53518
CVE-2021-30501,0.00120,0.46113
CVE-2021-30502,0.02519,0.89102
CVE-2021-30503,0.02387,0.88817
CVE-2021-30504,0.00116,0.45451
CVE-2021-30506,0.00297,0.66253
CVE-2021-30507,0.00386,0.70443
CVE-2021-30508,0.00253,0.63275
CVE-2021-30509,0.00240,0.62100
CVE-2021-3051,0.00201,0.58090
CVE-2021-30510,0.00571,0.75568
CVE-2021-30511,0.00240,0.62153
CVE-2021-30512,0.00571,0.75568
CVE-2021-30513,0.00571,0.75568
CVE-2021-30514,0.00571,0.75568
CVE-2021-30515,0.00571,0.75568
CVE-2021-30516,0.00447,0.72421
CVE-2021-30517,0.00571,0.75568
CVE-2021-30518,0.00447,0.72421
CVE-2021-30519,0.00372,0.69923
CVE-2021-3052,0.00054,0.20290
CVE-2021-30520,0.00372,0.69923
CVE-2021-30521,0.00447,0.72421
CVE-2021-30522,0.01972,0.87571
CVE-2021-30523,0.00571,0.75568
CVE-2021-30524,0.00291,0.65921
CVE-2021-30525,0.00258,0.63659
CVE-2021-30526,0.00291,0.65921
CVE-2021-30527,0.00291,0.65921
CVE-2021-30528,0.01050,0.82488
CVE-2021-30529,0.00191,0.56731
CVE-2021-3053,0.00089,0.37607
CVE-2021-30530,0.00473,0.73149
CVE-2021-30531,0.00419,0.71575
CVE-2021-30532,0.00419,0.71575
CVE-2021-30533,0.03104,0.90099
CVE-2021-30534,0.00295,0.66176
CVE-2021-30535,0.00348,0.68916
CVE-2021-30536,0.00318,0.67486
CVE-2021-30537,0.00399,0.70942
CVE-2021-30538,0.00295,0.66176
CVE-2021-30539,0.00204,0.58359
CVE-2021-3054,0.00104,0.42283
CVE-2021-30540,0.00407,0.71199
CVE-2021-30541,0.03375,0.90503
CVE-2021-30542,0.00307,0.66804
CVE-2021-30543,0.00307,0.66804
CVE-2021-30544,0.00731,0.78789
CVE-2021-30545,0.00731,0.78789
CVE-2021-30546,0.00731,0.78789
CVE-2021-30547,0.00750,0.79049
CVE-2021-30548,0.00731,0.78789
CVE-2021-30549,0.00258,0.63659
CVE-2021-3055,0.00104,0.42231
CVE-2021-30550,0.00258,0.63659
CVE-2021-30551,0.14921,0.95327
CVE-2021-30552,0.00258,0.63659
CVE-2021-30553,0.00731,0.78789
CVE-2021-30554,0.02356,0.88742
CVE-2021-30555,0.00249,0.62879
CVE-2021-30556,0.00700,0.78249
CVE-2021-30557,0.00249,0.62879
CVE-2021-30558,0.00102,0.41538
CVE-2021-30559,0.00130,0.47829
CVE-2021-3056,0.00112,0.44292
CVE-2021-30560,0.00439,0.72225
CVE-2021-30561,0.00460,0.72809
CVE-2021-30562,0.00814,0.79980
CVE-2021-30563,0.00509,0.74135
CVE-2021-30564,0.00130,0.47829
CVE-2021-30565,0.00227,0.61045
CVE-2021-30566,0.00502,0.73969
CVE-2021-30567,0.00232,0.61419
CVE-2021-30568,0.00369,0.69810
CVE-2021-30569,0.00574,0.75640
CVE-2021-3057,0.00147,0.50704
CVE-2021-30571,0.00287,0.65641
CVE-2021-30572,0.00654,0.77330
CVE-2021-30573,0.00654,0.77330
CVE-2021-30574,0.00654,0.77330
CVE-2021-30575,0.00925,0.81291
CVE-2021-30576,0.00202,0.58215
CVE-2021-30577,0.00085,0.35349
CVE-2021-30578,0.00925,0.81291
CVE-2021-30579,0.00654,0.77330
CVE-2021-3058,0.00128,0.47479
CVE-2021-30580,0.00123,0.46686
CVE-2021-30581,0.00202,0.58215
CVE-2021-30582,0.00927,0.81300
CVE-2021-30583,0.00601,0.76232
CVE-2021-30584,0.00350,0.69001
CVE-2021-30585,0.00574,0.75640
CVE-2021-30586,0.00202,0.58143
CVE-2021-30587,0.00495,0.73751
CVE-2021-30588,0.00925,0.81291
CVE-2021-30589,0.00204,0.58461
CVE-2021-3059,0.00124,0.46786
CVE-2021-30590,0.00398,0.70924
CVE-2021-30591,0.00366,0.69662
CVE-2021-30592,0.00227,0.61045
CVE-2021-30593,0.00185,0.55824
CVE-2021-30594,0.00506,0.74064
CVE-2021-30596,0.00369,0.69821
CVE-2021-30597,0.00717,0.78548
CVE-2021-30598,0.00834,0.80242
CVE-2021-30599,0.00757,0.79178
CVE-2021-3060,0.00467,0.72966
CVE-2021-30600,0.00366,0.69662
CVE-2021-30601,0.00227,0.61045
CVE-2021-30602,0.00408,0.71212
CVE-2021-30603,0.01194,0.83697
CVE-2021-30604,0.00366,0.69662
CVE-2021-30605,0.00044,0.10161
CVE-2021-30606,0.00572,0.75584
CVE-2021-30607,0.00572,0.75584
CVE-2021-30608,0.00227,0.60971
CVE-2021-30609,0.00572,0.75584
CVE-2021-3061,0.00128,0.47479
CVE-2021-30610,0.00494,0.73725
CVE-2021-30611,0.00189,0.56510
CVE-2021-30612,0.00227,0.60971
CVE-2021-30613,0.00572,0.75584
CVE-2021-30614,0.00972,0.81775
CVE-2021-30615,0.00309,0.66954
CVE-2021-30616,0.00572,0.75584
CVE-2021-30617,0.00128,0.47553
CVE-2021-30618,0.00343,0.68653
CVE-2021-30619,0.00153,0.51625
CVE-2021-3062,0.00087,0.35903
CVE-2021-30620,0.00343,0.68653
CVE-2021-30621,0.00153,0.51625
CVE-2021-30622,0.00227,0.60971
CVE-2021-30623,0.00572,0.75584
CVE-2021-30624,0.00572,0.75584
CVE-2021-30625,0.00789,0.79685
CVE-2021-30626,0.00366,0.69667
CVE-2021-30627,0.00366,0.69667
CVE-2021-30628,0.00366,0.69667
CVE-2021-30629,0.01039,0.82400
CVE-2021-3063,0.00089,0.37607
CVE-2021-30630,0.00227,0.60990
CVE-2021-30632,0.66398,0.97645
CVE-2021-30633,0.00437,0.72135
CVE-2021-30635,0.00169,0.53848
CVE-2021-30636,0.00216,0.59635
CVE-2021-30637,0.00078,0.32665
CVE-2021-30638,0.00661,0.77507
CVE-2021-30639,0.01060,0.82604
CVE-2021-3064,0.00234,0.61595
CVE-2021-30640,0.00180,0.55351
CVE-2021-30641,0.00230,0.61256
CVE-2021-30642,0.00452,0.72578
CVE-2021-30648,0.00216,0.59626
CVE-2021-30650,0.00104,0.42018
CVE-2021-30651,0.00065,0.26756
CVE-2021-30652,0.00106,0.42774
CVE-2021-30653,0.00074,0.30597
CVE-2021-30654,0.00042,0.05722
CVE-2021-30655,0.00182,0.55571
CVE-2021-30656,0.00061,0.23842
CVE-2021-30657,0.65683,0.97632
CVE-2021-30658,0.00051,0.17428
CVE-2021-30659,0.00103,0.41783
CVE-2021-30660,0.00117,0.45647
CVE-2021-30661,0.00401,0.70998
CVE-2021-30662,0.00665,0.77598
CVE-2021-30663,0.00303,0.66597
CVE-2021-30664,0.00082,0.34231
CVE-2021-30665,0.00291,0.65902
CVE-2021-30666,0.00349,0.68931
CVE-2021-30667,0.00048,0.14768
CVE-2021-30668,0.00051,0.17428
CVE-2021-30669,0.00053,0.18887
CVE-2021-30671,0.00052,0.17891
CVE-2021-30672,0.00075,0.30862
CVE-2021-30673,0.00064,0.26289
CVE-2021-30674,0.00061,0.23842
CVE-2021-30675,0.00062,0.24373
CVE-2021-30676,0.00042,0.05722
CVE-2021-30677,0.00045,0.11966
CVE-2021-30678,0.00549,0.75124
CVE-2021-30679,0.00067,0.27801
CVE-2021-30680,0.00042,0.05722
CVE-2021-30681,0.00083,0.34339
CVE-2021-30682,0.00068,0.27925
CVE-2021-30683,0.00086,0.35770
CVE-2021-30684,0.00383,0.70322
CVE-2021-30685,0.00083,0.34342
CVE-2021-30686,0.00082,0.33943
CVE-2021-30687,0.00081,0.33578
CVE-2021-30688,0.00044,0.10161
CVE-2021-30689,0.00156,0.52010
CVE-2021-30690,0.00201,0.58090
CVE-2021-30691,0.00069,0.28479
CVE-2021-30692,0.00069,0.28479
CVE-2021-30693,0.00077,0.31655
CVE-2021-30694,0.00069,0.28479
CVE-2021-30695,0.00068,0.27943
CVE-2021-30696,0.00081,0.33889
CVE-2021-30697,0.00042,0.05722
CVE-2021-30698,0.00380,0.70244
CVE-2021-30699,0.00061,0.23842
CVE-2021-30700,0.00062,0.24508
CVE-2021-30701,0.00085,0.35202
CVE-2021-30702,0.00053,0.18887
CVE-2021-30703,0.00045,0.11966
CVE-2021-30704,0.00045,0.11966
CVE-2021-30705,0.00097,0.40279
CVE-2021-30706,0.00068,0.27943
CVE-2021-30707,0.00405,0.71092
CVE-2021-30708,0.00089,0.37308
CVE-2021-30709,0.00069,0.28479
CVE-2021-30710,0.00145,0.50402
CVE-2021-30712,0.00297,0.66253
CVE-2021-30713,0.00575,0.75668
CVE-2021-30714,0.00051,0.17428
CVE-2021-30715,0.00122,0.46464
CVE-2021-30716,0.00087,0.35921
CVE-2021-30717,0.00292,0.65946
CVE-2021-30718,0.00054,0.20290
CVE-2021-30719,0.00045,0.12491
CVE-2021-30720,0.00156,0.52010
CVE-2021-30721,0.00246,0.62642
CVE-2021-30722,0.00136,0.48980
CVE-2021-30723,0.00069,0.28479
CVE-2021-30724,0.00352,0.69056
CVE-2021-30725,0.00089,0.37308
CVE-2021-30726,0.00086,0.35770
CVE-2021-30727,0.00056,0.21139
CVE-2021-30728,0.00086,0.35770
CVE-2021-30729,0.00066,0.27291
CVE-2021-30731,0.00064,0.26289
CVE-2021-30733,0.00081,0.33578
CVE-2021-30734,0.00240,0.62092
CVE-2021-30735,0.00089,0.37308
CVE-2021-30736,0.00100,0.40989
CVE-2021-30737,0.00293,0.66018
CVE-2021-30738,0.00042,0.05722
CVE-2021-30739,0.00042,0.05722
CVE-2021-30740,0.00071,0.29331
CVE-2021-30741,0.00051,0.17428
CVE-2021-30742,0.00082,0.33970
CVE-2021-30743,0.00093,0.39013
CVE-2021-30744,0.00117,0.45565
CVE-2021-30746,0.00068,0.27943
CVE-2021-30748,0.00086,0.35770
CVE-2021-30749,0.00240,0.62092
CVE-2021-30750,0.00057,0.21342
CVE-2021-30751,0.00051,0.17428
CVE-2021-30752,0.00082,0.34231
CVE-2021-30753,0.00062,0.24508
CVE-2021-30755,0.00136,0.48980
CVE-2021-30756,0.00042,0.05722
CVE-2021-30757,0.00051,0.17428
CVE-2021-30758,0.00346,0.68802
CVE-2021-30759,0.00115,0.45200
CVE-2021-30760,0.00110,0.43960
CVE-2021-30761,0.00421,0.71647
CVE-2021-30762,0.00421,0.71647
CVE-2021-30763,0.00052,0.17671
CVE-2021-30764,0.00100,0.40854
CVE-2021-30765,0.00086,0.35770
CVE-2021-30766,0.00086,0.35770
CVE-2021-30767,0.00042,0.05722
CVE-2021-30768,0.00061,0.24212
CVE-2021-30769,0.00053,0.18887
CVE-2021-30770,0.00046,0.13853
CVE-2021-30771,0.00089,0.37308
CVE-2021-30772,0.00067,0.27801
CVE-2021-30773,0.00067,0.27808
CVE-2021-30774,0.00071,0.29432
CVE-2021-30775,0.00086,0.35750
CVE-2021-30776,0.00063,0.25044
CVE-2021-30777,0.00075,0.30862
CVE-2021-30778,0.00051,0.17428
CVE-2021-30779,0.00074,0.30597
CVE-2021-30780,0.00125,0.46864
CVE-2021-30781,0.00042,0.05722
CVE-2021-30782,0.00065,0.26779
CVE-2021-30783,0.00047,0.14180
CVE-2021-30784,0.00042,0.05722
CVE-2021-30785,0.00131,0.47932
CVE-2021-30786,0.00076,0.31271
CVE-2021-30787,0.00078,0.32771
CVE-2021-30788,0.00143,0.50019
CVE-2021-30789,0.00093,0.38969
CVE-2021-30790,0.00100,0.40854
CVE-2021-30791,0.00068,0.27943
CVE-2021-30792,0.00089,0.37308
CVE-2021-30793,0.00151,0.51241
CVE-2021-30795,0.00358,0.69324
CVE-2021-30796,0.00099,0.40661
CVE-2021-30797,0.00322,0.67660
CVE-2021-30798,0.00118,0.45817
CVE-2021-30799,0.00277,0.64964
CVE-2021-30800,0.00065,0.26849
CVE-2021-30802,0.00306,0.66754
CVE-2021-30803,0.00050,0.16871
CVE-2021-30804,0.00050,0.16871
CVE-2021-30805,0.00309,0.66953
CVE-2021-30807,0.00083,0.34414
CVE-2021-30808,0.00056,0.21139
CVE-2021-30809,0.00543,0.74979
CVE-2021-30810,0.00115,0.45223
CVE-2021-30811,0.00042,0.05722
CVE-2021-30813,0.00044,0.10161
CVE-2021-30814,0.00086,0.35750
CVE-2021-30815,0.00052,0.17891
CVE-2021-30816,0.00048,0.14768
CVE-2021-30817,0.00061,0.23842
CVE-2021-30818,0.00704,0.78303
CVE-2021-30819,0.00065,0.26779
CVE-2021-30820,0.00439,0.72219
CVE-2021-30821,0.00077,0.32020
CVE-2021-30823,0.00179,0.55166
CVE-2021-30824,0.00086,0.35770
CVE-2021-30825,0.00061,0.23855
CVE-2021-30826,0.00081,0.33889
CVE-2021-30827,0.00042,0.05722
CVE-2021-30828,0.00042,0.05722
CVE-2021-30829,0.00045,0.12206
CVE-2021-30830,0.00076,0.31271
CVE-2021-30831,0.00062,0.24508
CVE-2021-30832,0.00045,0.12491
CVE-2021-30833,0.00059,0.22851
CVE-2021-30834,0.00089,0.37683
CVE-2021-30835,0.00111,0.44128
CVE-2021-30836,0.00086,0.35749
CVE-2021-30837,0.00116,0.45379
CVE-2021-30838,0.00074,0.30597
CVE-2021-30840,0.00074,0.30597
CVE-2021-30841,0.00116,0.45379
CVE-2021-30842,0.00116,0.45379
CVE-2021-30843,0.00116,0.45379
CVE-2021-30844,0.00186,0.55921
CVE-2021-30845,0.00042,0.05722
CVE-2021-30846,0.00094,0.39422
CVE-2021-30847,0.00111,0.44128
CVE-2021-30848,0.00091,0.38514
CVE-2021-30849,0.00090,0.37717
CVE-2021-30850,0.00062,0.24508
CVE-2021-30851,0.00419,0.71574
CVE-2021-30852,0.00528,0.74613
CVE-2021-30853,0.00051,0.17428
CVE-2021-30854,0.00081,0.33889
CVE-2021-30855,0.00075,0.30793
CVE-2021-30856,0.00149,0.50977
CVE-2021-30857,0.00104,0.42243
CVE-2021-30858,0.00792,0.79731
CVE-2021-30859,0.00086,0.35770
CVE-2021-30860,0.00139,0.49436
CVE-2021-30861,0.00060,0.23584
CVE-2021-30862,0.00073,0.30025
CVE-2021-30863,0.00062,0.24373
CVE-2021-30864,0.00071,0.29289
CVE-2021-30865,0.00076,0.31271
CVE-2021-30866,0.00062,0.24508
CVE-2021-30867,0.00064,0.26289
CVE-2021-30868,0.00076,0.31271
CVE-2021-30869,0.00126,0.47201
CVE-2021-30870,0.00066,0.27291
CVE-2021-30871,0.00042,0.05722
CVE-2021-30873,0.00065,0.26980
CVE-2021-30874,0.00066,0.27598
CVE-2021-30875,0.00042,0.05722
CVE-2021-30876,0.00074,0.30472
CVE-2021-30877,0.00074,0.30472
CVE-2021-30879,0.00074,0.30472
CVE-2021-30880,0.00074,0.30472
CVE-2021-30881,0.00104,0.42243
CVE-2021-30882,0.00071,0.29289
CVE-2021-30883,0.00194,0.57332
CVE-2021-30884,0.00121,0.46332
CVE-2021-30886,0.00082,0.34231
CVE-2021-30887,0.00623,0.76726
CVE-2021-30888,0.00260,0.63830
CVE-2021-30889,0.00305,0.66734
CVE-2021-30890,0.00450,0.72525
CVE-2021-30892,0.00059,0.22851
CVE-2021-30894,0.00076,0.31271
CVE-2021-30895,0.00075,0.30793
CVE-2021-30896,0.00062,0.24508
CVE-2021-30897,0.00136,0.48980
CVE-2021-30898,0.00044,0.10161
CVE-2021-30899,0.00086,0.35770
CVE-2021-30900,0.00230,0.61265
CVE-2021-30901,0.00086,0.35770
CVE-2021-30902,0.00042,0.05722
CVE-2021-30903,0.00042,0.05722
CVE-2021-30904,0.00072,0.29847
CVE-2021-30905,0.00082,0.34056
CVE-2021-30906,0.00042,0.05722
CVE-2021-30907,0.00103,0.41975
CVE-2021-30908,0.00052,0.17891
CVE-2021-30909,0.00104,0.42243
CVE-2021-30910,0.00077,0.31784
CVE-2021-30911,0.00062,0.24508
CVE-2021-30912,0.00062,0.24508
CVE-2021-30913,0.00056,0.21139
CVE-2021-30914,0.00065,0.26849
CVE-2021-30915,0.00069,0.28622
CVE-2021-30916,0.00104,0.42243
CVE-2021-30917,0.00104,0.42243
CVE-2021-30918,0.00055,0.20612
CVE-2021-30919,0.00112,0.44382
CVE-2021-30920,0.00042,0.05722
CVE-2021-30921,0.00042,0.05722
CVE-2021-30922,0.00045,0.12326
CVE-2021-30923,0.00076,0.31271
CVE-2021-30924,0.00481,0.73371
CVE-2021-30925,0.00099,0.40765
CVE-2021-30926,0.00104,0.42243
CVE-2021-30927,0.00104,0.42243
CVE-2021-30928,0.00112,0.44382
CVE-2021-30929,0.00062,0.24508
CVE-2021-30930,0.00065,0.26867
CVE-2021-30931,0.00062,0.24508
CVE-2021-30932,0.00057,0.21342
CVE-2021-30933,0.00076,0.31271
CVE-2021-30934,0.00556,0.75269
CVE-2021-30935,0.00071,0.29331
CVE-2021-30936,0.00563,0.75429
CVE-2021-30937,0.00104,0.42243
CVE-2021-30938,0.00061,0.23930
CVE-2021-30939,0.00097,0.40278
CVE-2021-30940,0.00062,0.24508
CVE-2021-30941,0.00062,0.24508
CVE-2021-30942,0.00104,0.42243
CVE-2021-30943,0.00079,0.33070
CVE-2021-30944,0.00062,0.24508
CVE-2021-30945,0.00042,0.05722
CVE-2021-30946,0.00073,0.30239
CVE-2021-30947,0.00064,0.26238
CVE-2021-30948,0.00061,0.23842
CVE-2021-30949,0.00104,0.42243
CVE-2021-30950,0.00064,0.26492
CVE-2021-30951,0.00563,0.75429
CVE-2021-30952,0.00130,0.47774
CVE-2021-30953,0.00626,0.76797
CVE-2021-30954,0.00130,0.47774
CVE-2021-30955,0.00082,0.34231
CVE-2021-30956,0.00050,0.16871
CVE-2021-30957,0.00086,0.35616
CVE-2021-30958,0.00081,0.33793
CVE-2021-30959,0.00091,0.38512
CVE-2021-30960,0.00094,0.39307
CVE-2021-30961,0.00091,0.38512
CVE-2021-30962,0.00068,0.28222
CVE-2021-30963,0.00091,0.38512
CVE-2021-30964,0.00061,0.24092
CVE-2021-30965,0.00087,0.35921
CVE-2021-30966,0.00101,0.41181
CVE-2021-30967,0.00042,0.05722
CVE-2021-30968,0.00073,0.30156
CVE-2021-30969,0.00076,0.31271
CVE-2021-30970,0.00070,0.28799
CVE-2021-30971,0.00082,0.34231
CVE-2021-30972,0.00047,0.14023
CVE-2021-30973,0.00062,0.24508
CVE-2021-30975,0.00108,0.43499
CVE-2021-30976,0.00064,0.26492
CVE-2021-30977,0.00100,0.40989
CVE-2021-30979,0.00090,0.38000
CVE-2021-30980,0.00045,0.11966
CVE-2021-30981,0.00055,0.20529
CVE-2021-30982,0.00475,0.73196
CVE-2021-30983,0.00088,0.37054
CVE-2021-30984,0.00798,0.79809
CVE-2021-30985,0.00065,0.26849
CVE-2021-30986,0.00044,0.10161
CVE-2021-30987,0.00044,0.10161
CVE-2021-30988,0.00061,0.23842
CVE-2021-30990,0.00064,0.26492
CVE-2021-30991,0.00065,0.26849
CVE-2021-30992,0.00061,0.23842
CVE-2021-30993,0.00420,0.71594
CVE-2021-30994,0.00048,0.14768
CVE-2021-30995,0.00112,0.44286
CVE-2021-30996,0.00076,0.31271
CVE-2021-30997,0.00150,0.51158
CVE-2021-30998,0.00068,0.27946
CVE-2021-30999,0.00048,0.14229
CVE-2021-3100,0.00076,0.31164
CVE-2021-31000,0.00055,0.20612
CVE-2021-31001,0.00064,0.26201
CVE-2021-31002,0.00076,0.31271
CVE-2021-31004,0.00068,0.28059
CVE-2021-31005,0.00071,0.29289
CVE-2021-31006,0.00056,0.20758
CVE-2021-31007,0.00055,0.20463
CVE-2021-31008,0.00401,0.70998
CVE-2021-31009,0.00315,0.67265
CVE-2021-3101,0.00048,0.14460
CVE-2021-31010,0.00337,0.68438
CVE-2021-31013,0.00047,0.13943
CVE-2021-3109,0.00054,0.20290
CVE-2021-3110,0.83896,0.98223
CVE-2021-3111,0.00508,0.74107
CVE-2021-3113,0.06117,0.92845
CVE-2021-3114,0.01016,0.82180
CVE-2021-3115,0.01721,0.86563
CVE-2021-31152,0.00173,0.54542
CVE-2021-31153,0.00044,0.10445
CVE-2021-31154,0.00042,0.05722
CVE-2021-31155,0.00042,0.05722
CVE-2021-31158,0.00065,0.26756
CVE-2021-31159,0.04125,0.91344
CVE-2021-3116,0.00135,0.48880
CVE-2021-31160,0.00442,0.72285
CVE-2021-31162,0.01689,0.86431
CVE-2021-31164,0.00078,0.32113
CVE-2021-31165,0.00046,0.12643
CVE-2021-31166,0.97271,0.99832
CVE-2021-31167,0.00046,0.12643
CVE-2021-31168,0.00046,0.12725
CVE-2021-31169,0.00046,0.12725
CVE-2021-31170,0.89590,0.98547
CVE-2021-31171,0.00043,0.07315
CVE-2021-31172,0.00331,0.68166
CVE-2021-31173,0.00829,0.80178
CVE-2021-31174,0.00043,0.07315
CVE-2021-31175,0.01213,0.83849
CVE-2021-31176,0.01029,0.82278
CVE-2021-31177,0.01029,0.82278
CVE-2021-31178,0.00148,0.50799
CVE-2021-31179,0.06784,0.93222
CVE-2021-3118,0.00390,0.70625
CVE-2021-31180,0.06784,0.93222
CVE-2021-31181,0.28292,0.96443
CVE-2021-31182,0.00145,0.50415
CVE-2021-31183,0.00169,0.53840
CVE-2021-31184,0.00043,0.07315
CVE-2021-31185,0.00043,0.07315
CVE-2021-31186,0.01993,0.87645
CVE-2021-31187,0.00046,0.13758
CVE-2021-31188,0.89590,0.98547
CVE-2021-3119,0.00132,0.48182
CVE-2021-31190,0.00043,0.07315
CVE-2021-31191,0.00043,0.07315
CVE-2021-31192,0.06784,0.93222
CVE-2021-31193,0.00043,0.07315
CVE-2021-31194,0.01258,0.84196
CVE-2021-31195,0.92344,0.98790
CVE-2021-31196,0.01258,0.84196
CVE-2021-31198,0.01056,0.82543
CVE-2021-31199,0.00520,0.74400
CVE-2021-3120,0.13451,0.95110
CVE-2021-31200,0.01258,0.84196
CVE-2021-31201,0.00392,0.70712
CVE-2021-31204,0.00139,0.49407
CVE-2021-31205,0.00474,0.73179
CVE-2021-31206,0.17620,0.95689
CVE-2021-31207,0.94082,0.99001
CVE-2021-31208,0.00043,0.07315
CVE-2021-31209,0.05992,0.92772
CVE-2021-3121,0.00829,0.80179
CVE-2021-31211,0.06784,0.93222
CVE-2021-31213,0.06784,0.93222
CVE-2021-31214,0.06784,0.93222
CVE-2021-31215,0.00418,0.71535
CVE-2021-31216,0.00060,0.23722
CVE-2021-31217,0.00102,0.41484
CVE-2021-3122,0.00756,0.79146
CVE-2021-31220,0.00044,0.10161
CVE-2021-31221,0.00055,0.20607
CVE-2021-31222,0.00055,0.20607
CVE-2021-31223,0.00064,0.26289
CVE-2021-31224,0.00054,0.19626
CVE-2021-31225,0.00058,0.21951
CVE-2021-31226,0.00115,0.45241
CVE-2021-31227,0.00117,0.45527
CVE-2021-31228,0.00056,0.21174
CVE-2021-31229,0.00120,0.46144
CVE-2021-31231,0.00047,0.14180
CVE-2021-31232,0.00045,0.12069
CVE-2021-31233,0.00063,0.25041
CVE-2021-31239,0.00181,0.55363
CVE-2021-3124,0.00085,0.35285
CVE-2021-31240,0.00042,0.05722
CVE-2021-31245,0.00365,0.69613
CVE-2021-31249,0.00331,0.68179
CVE-2021-3125,0.00616,0.76589
CVE-2021-31250,0.97079,0.99729
CVE-2021-31251,0.02851,0.89731
CVE-2021-31252,0.00116,0.45387
CVE-2021-31254,0.00094,0.39374
CVE-2021-31255,0.00077,0.31722
CVE-2021-31256,0.00081,0.33678
CVE-2021-31257,0.00063,0.25775
CVE-2021-31258,0.00063,0.25775
CVE-2021-31259,0.00063,0.25775
CVE-2021-31260,0.00063,0.25775
CVE-2021-31261,0.00072,0.29720
CVE-2021-31262,0.00063,0.25775
CVE-2021-3127,0.00270,0.64540
CVE-2021-31272,0.00828,0.80163
CVE-2021-31274,0.00060,0.23686
CVE-2021-3128,0.01238,0.84045
CVE-2021-31280,0.00046,0.13740
CVE-2021-3129,0.97479,0.99966
CVE-2021-31292,0.00779,0.79520
CVE-2021-31294,0.00052,0.17532
CVE-2021-3130,0.00178,0.55045
CVE-2021-3131,0.00168,0.53801
CVE-2021-31314,0.00106,0.42831
CVE-2021-31315,0.00136,0.48899
CVE-2021-31316,0.00203,0.58302
CVE-2021-31317,0.00136,0.48899
CVE-2021-31318,0.00136,0.48899
CVE-2021-31319,0.00170,0.54047
CVE-2021-31320,0.00125,0.47071
CVE-2021-31321,0.00138,0.49300
CVE-2021-31322,0.00130,0.47890
CVE-2021-31323,0.00130,0.47890
CVE-2021-31324,0.00828,0.80165
CVE-2021-31326,0.00246,0.62646
CVE-2021-31327,0.00058,0.22585
CVE-2021-31329,0.00058,0.22585
CVE-2021-3133,0.00107,0.43056
CVE-2021-31330,0.00086,0.35693
CVE-2021-31337,0.00281,0.65211
CVE-2021-31338,0.00042,0.05722
CVE-2021-31339,0.00054,0.20290
CVE-2021-3134,0.00042,0.05722
CVE-2021-31340,0.00091,0.38169
CVE-2021-31341,0.00050,0.16378
CVE-2021-31342,0.00482,0.73404
CVE-2021-31343,0.00482,0.73404
CVE-2021-31344,0.00107,0.43159
CVE-2021-31345,0.00340,0.68520
CVE-2021-31346,0.00281,0.65232
CVE-2021-31347,0.00089,0.37255
CVE-2021-31348,0.00089,0.37255
CVE-2021-31349,0.00176,0.54813
CVE-2021-3135,0.00078,0.32206
CVE-2021-31350,0.00104,0.42231
CVE-2021-31351,0.00089,0.37607
CVE-2021-31352,0.00178,0.55053
CVE-2021-31353,0.00086,0.35887
CVE-2021-31354,0.00175,0.54767
CVE-2021-31355,0.00066,0.27429
CVE-2021-31356,0.00044,0.10504
CVE-2021-31357,0.00044,0.10504
CVE-2021-31358,0.00044,0.10504
CVE-2021-31359,0.00042,0.05722
CVE-2021-31360,0.00044,0.10161
CVE-2021-31361,0.00085,0.35329
CVE-2021-31362,0.00054,0.19327
CVE-2021-31363,0.00050,0.16871
CVE-2021-31364,0.00095,0.39739
CVE-2021-31365,0.00050,0.16871
CVE-2021-31366,0.00050,0.16871
CVE-2021-31367,0.00050,0.16871
CVE-2021-31368,0.00095,0.39739
CVE-2021-31369,0.00079,0.33173
CVE-2021-3137,0.00091,0.38085
CVE-2021-31370,0.00054,0.19327
CVE-2021-31371,0.00072,0.29847
CVE-2021-31372,0.00095,0.39710
CVE-2021-31373,0.00066,0.27429
CVE-2021-31374,0.00089,0.37607
CVE-2021-31375,0.00072,0.29847
CVE-2021-31376,0.00089,0.37607
CVE-2021-31377,0.00042,0.05722
CVE-2021-31378,0.00101,0.41058
CVE-2021-31379,0.00086,0.35887
CVE-2021-3138,0.01788,0.86806
CVE-2021-31380,0.00129,0.47756
CVE-2021-31381,0.00211,0.59077
CVE-2021-31382,0.00129,0.47749
CVE-2021-31383,0.00122,0.46392
CVE-2021-31384,0.00200,0.57949
CVE-2021-31385,0.00090,0.37856
CVE-2021-31386,0.00215,0.59575
CVE-2021-3139,0.00171,0.54188
CVE-2021-31399,0.00066,0.27591
CVE-2021-31400,0.00082,0.34074
CVE-2021-31401,0.00137,0.49098
CVE-2021-31402,0.00391,0.70657
CVE-2021-31403,0.00047,0.13943
CVE-2021-31404,0.00044,0.10161
CVE-2021-31405,0.00116,0.45451
CVE-2021-31406,0.00044,0.10161
CVE-2021-31407,0.00177,0.54906
CVE-2021-31408,0.00064,0.26250
CVE-2021-31409,0.00176,0.54830
CVE-2021-3141,0.00042,0.05722
CVE-2021-31410,0.00477,0.73254
CVE-2021-31411,0.00042,0.05722
CVE-2021-31412,0.00077,0.31903
CVE-2021-31414,0.00638,0.76991
CVE-2021-31417,0.00045,0.12491
CVE-2021-31418,0.00045,0.12491
CVE-2021-31419,0.00045,0.12491
CVE-2021-31420,0.00074,0.30525
CVE-2021-31421,0.00046,0.12667
CVE-2021-31422,0.00045,0.12491
CVE-2021-31423,0.00045,0.12491
CVE-2021-31424,0.00056,0.21086
CVE-2021-31425,0.00046,0.13752
CVE-2021-31426,0.00046,0.13752
CVE-2021-31427,0.00045,0.12491
CVE-2021-31428,0.00056,0.21086
CVE-2021-31429,0.00056,0.21086
CVE-2021-31430,0.00045,0.12491
CVE-2021-31431,0.00045,0.12491
CVE-2021-31432,0.00045,0.12491
CVE-2021-31433,0.00295,0.66130
CVE-2021-31434,0.00295,0.66130
CVE-2021-31435,0.00295,0.66130
CVE-2021-31436,0.00355,0.69194
CVE-2021-31437,0.00295,0.66130
CVE-2021-31438,0.00366,0.69688
CVE-2021-31439,0.00154,0.51698
CVE-2021-3144,0.03900,0.91124
CVE-2021-31440,0.00046,0.13870
CVE-2021-31441,0.00501,0.73887
CVE-2021-31442,0.00355,0.69194
CVE-2021-31443,0.00192,0.57149
CVE-2021-31444,0.00192,0.57149
CVE-2021-31445,0.00192,0.57149
CVE-2021-31446,0.00192,0.57149
CVE-2021-31447,0.00192,0.57149
CVE-2021-31448,0.00192,0.57149
CVE-2021-31449,0.00355,0.69194
CVE-2021-3145,0.00048,0.14460
CVE-2021-31450,0.00501,0.73887
CVE-2021-31451,0.00501,0.73887
CVE-2021-31452,0.00355,0.69194
CVE-2021-31453,0.00501,0.73887
CVE-2021-31454,0.00355,0.69194
CVE-2021-31455,0.00501,0.73887
CVE-2021-31456,0.00353,0.69107
CVE-2021-31457,0.00353,0.69107
CVE-2021-31458,0.00353,0.69107
CVE-2021-31459,0.00353,0.69107
CVE-2021-3146,0.00042,0.05722
CVE-2021-31460,0.00353,0.69107
CVE-2021-31461,0.00150,0.51066
CVE-2021-31462,0.00192,0.57149
CVE-2021-31463,0.00192,0.57149
CVE-2021-31464,0.00192,0.57149
CVE-2021-31465,0.00250,0.63057
CVE-2021-31466,0.00207,0.58708
CVE-2021-31467,0.00192,0.57149
CVE-2021-31468,0.00207,0.58708
CVE-2021-31469,0.00192,0.57149
CVE-2021-31470,0.00501,0.73887
CVE-2021-31471,0.00177,0.54893
CVE-2021-31472,0.00355,0.69194
CVE-2021-31473,0.00346,0.68801
CVE-2021-31474,0.73342,0.97849
CVE-2021-31475,0.01198,0.83732
CVE-2021-31476,0.00146,0.50551
CVE-2021-31477,0.00789,0.79678
CVE-2021-31478,0.00167,0.53489
CVE-2021-31479,0.00167,0.53489
CVE-2021-3148,0.05896,0.92718
CVE-2021-31480,0.00218,0.59813
CVE-2021-31481,0.00167,0.53489
CVE-2021-31482,0.00167,0.53489
CVE-2021-31483,0.00167,0.53489
CVE-2021-31484,0.00167,0.53489
CVE-2021-31485,0.00167,0.53489
CVE-2021-31486,0.00167,0.53489
CVE-2021-31487,0.00167,0.53489
CVE-2021-31488,0.00167,0.53489
CVE-2021-31489,0.00167,0.53489
CVE-2021-3149,0.00494,0.73719
CVE-2021-31490,0.00167,0.53489
CVE-2021-31491,0.00167,0.53489
CVE-2021-31492,0.00167,0.53489
CVE-2021-31493,0.00216,0.59612
CVE-2021-31494,0.00167,0.53489
CVE-2021-31495,0.00216,0.59612
CVE-2021-31496,0.00167,0.53489
CVE-2021-31497,0.00172,0.54451
CVE-2021-31498,0.00074,0.30753
CVE-2021-31499,0.00167,0.53489
CVE-2021-3150,0.00084,0.35108
CVE-2021-31500,0.00167,0.53489
CVE-2021-31501,0.00074,0.30753
CVE-2021-31502,0.00167,0.53489
CVE-2021-31503,0.00087,0.36471
CVE-2021-31504,0.00087,0.36471
CVE-2021-31505,0.00160,0.52653
CVE-2021-31506,0.00074,0.30753
CVE-2021-31507,0.00194,0.57370
CVE-2021-31508,0.00167,0.53489
CVE-2021-31509,0.00167,0.53489
CVE-2021-3151,0.00099,0.40724
CVE-2021-31510,0.00167,0.53489
CVE-2021-31511,0.00167,0.53489
CVE-2021-31512,0.00167,0.53489
CVE-2021-31513,0.00167,0.53489
CVE-2021-31514,0.00167,0.53489
CVE-2021-31515,0.00267,0.64374
CVE-2021-31516,0.00317,0.67411
CVE-2021-31517,0.00100,0.40894
CVE-2021-31518,0.00100,0.40894
CVE-2021-31519,0.00056,0.21028
CVE-2021-3152,0.00148,0.50747
CVE-2021-31520,0.00947,0.81512
CVE-2021-31521,0.00054,0.20290
CVE-2021-31522,0.00368,0.69790
CVE-2021-31523,0.00042,0.05722
CVE-2021-31525,0.00747,0.79002
CVE-2021-3153,0.00054,0.20290
CVE-2021-31530,0.01184,0.83632
CVE-2021-31531,0.01293,0.84433
CVE-2021-31532,0.00100,0.40975
CVE-2021-31535,0.07432,0.93481
CVE-2021-31537,0.00349,0.68939
CVE-2021-31538,0.00417,0.71528
CVE-2021-31539,0.00042,0.05722
CVE-2021-3154,0.00177,0.54886
CVE-2021-31540,0.00042,0.05722
CVE-2021-31542,0.00214,0.59480
CVE-2021-31545,0.00090,0.37972
CVE-2021-31546,0.00050,0.16378
CVE-2021-31547,0.00063,0.25033
CVE-2021-31548,0.00050,0.16378
CVE-2021-31549,0.00068,0.28093
CVE-2021-3155,0.00042,0.05722
CVE-2021-31550,0.00054,0.20290
CVE-2021-31551,0.00129,0.47658
CVE-2021-31552,0.00054,0.20290
CVE-2021-31553,0.00293,0.66009
CVE-2021-31554,0.00054,0.20290
CVE-2021-31555,0.00090,0.37972
CVE-2021-31556,0.00294,0.66120
CVE-2021-31558,0.00099,0.40717
CVE-2021-31559,0.00073,0.30380
CVE-2021-3156,0.97085,0.99731
CVE-2021-31562,0.00147,0.50616
CVE-2021-31566,0.00059,0.23003
CVE-2021-31567,0.00109,0.43563
CVE-2021-31571,0.00222,0.60556
CVE-2021-31572,0.00222,0.60556
CVE-2021-31573,0.00152,0.51427
CVE-2021-31574,0.00152,0.51427
CVE-2021-31575,0.00152,0.51427
CVE-2021-31576,0.00141,0.49746
CVE-2021-31577,0.00275,0.64819
CVE-2021-31578,0.00247,0.62740
CVE-2021-31579,0.00334,0.68305
CVE-2021-31580,0.00305,0.66700
CVE-2021-31581,0.00285,0.65513
CVE-2021-31583,0.00598,0.76160
CVE-2021-31584,0.00888,0.80868
CVE-2021-31585,0.00044,0.10161
CVE-2021-31586,0.00095,0.39615
CVE-2021-31589,0.00286,0.65578
CVE-2021-3159,0.00058,0.22585
CVE-2021-31590,0.00417,0.71506
CVE-2021-31597,0.00208,0.58807
CVE-2021-31598,0.00080,0.33352
CVE-2021-31599,0.00111,0.44202
CVE-2021-3160,0.00570,0.75544
CVE-2021-31600,0.00062,0.24307
CVE-2021-31601,0.00081,0.33764
CVE-2021-31602,0.36115,0.96783
CVE-2021-31604,0.00170,0.54048
CVE-2021-31605,0.00120,0.46145
CVE-2021-31606,0.00200,0.57945
CVE-2021-31607,0.00049,0.15836
CVE-2021-31608,0.00063,0.25287
CVE-2021-31609,0.00057,0.21336
CVE-2021-31610,0.00060,0.23382
CVE-2021-31611,0.00067,0.27675
CVE-2021-31612,0.00059,0.23005
CVE-2021-31613,0.00060,0.23322
CVE-2021-31615,0.00046,0.12530
CVE-2021-31616,0.00657,0.77374
CVE-2021-31617,0.00622,0.76692
CVE-2021-31618,0.01617,0.86167
CVE-2021-3162,0.00042,0.05722
CVE-2021-31624,0.00078,0.32081
CVE-2021-31627,0.00078,0.32081
CVE-2021-3163,0.00127,0.47300
CVE-2021-31630,0.00555,0.75247
CVE-2021-31631,0.00106,0.42853
CVE-2021-31632,0.00204,0.58382
CVE-2021-31635,0.00193,0.57276
CVE-2021-31637,0.00095,0.39680
CVE-2021-3164,0.00342,0.68616
CVE-2021-31641,0.70775,0.97775
CVE-2021-31642,0.01352,0.84782
CVE-2021-31643,0.72061,0.97812
CVE-2021-31645,0.02234,0.88445
CVE-2021-31646,0.00475,0.73205
CVE-2021-31649,0.00693,0.78134
CVE-2021-3165,0.06810,0.93234
CVE-2021-31650,0.00116,0.45380
CVE-2021-31651,0.00045,0.11801
CVE-2021-31655,0.00099,0.40721
CVE-2021-31658,0.00118,0.45692
CVE-2021-31659,0.00098,0.40333
CVE-2021-3166,0.00089,0.37385
CVE-2021-31660,0.00174,0.54591
CVE-2021-31661,0.00174,0.54591
CVE-2021-31662,0.00174,0.54591
CVE-2021-31663,0.00118,0.45810
CVE-2021-31664,0.00135,0.48811
CVE-2021-3167,0.00093,0.39242
CVE-2021-31671,0.00280,0.65192
CVE-2021-31673,0.00227,0.60981
CVE-2021-31674,0.00412,0.71343
CVE-2021-31676,0.00080,0.33350
CVE-2021-31677,0.00079,0.33101
CVE-2021-31678,0.00079,0.32781
CVE-2021-31679,0.00081,0.33905
CVE-2021-31680,0.00055,0.20747
CVE-2021-31681,0.00055,0.20747
CVE-2021-31682,0.01071,0.82706
CVE-2021-31684,0.00968,0.81728
CVE-2021-3169,0.00212,0.59097
CVE-2021-31693,0.00060,0.23520
CVE-2021-31698,0.00418,0.71536
CVE-2021-31701,0.00073,0.30345
CVE-2021-31702,0.00101,0.41082
CVE-2021-31703,0.00201,0.58020
CVE-2021-31707,0.00378,0.70129
CVE-2021-31711,0.00052,0.17688
CVE-2021-31712,0.00062,0.24442
CVE-2021-31718,0.01702,0.86475
CVE-2021-3172,0.00044,0.10862
CVE-2021-31721,0.00365,0.69639
CVE-2021-31726,0.00302,0.66511
CVE-2021-31727,0.00044,0.10161
CVE-2021-31728,0.00044,0.10161
CVE-2021-31731,0.00068,0.28146
CVE-2021-31737,0.00957,0.81617
CVE-2021-31738,0.00082,0.34002
CVE-2021-31739,0.00068,0.28174
CVE-2021-31740,0.00068,0.28174
CVE-2021-31745,0.00205,0.58568
CVE-2021-31746,0.00221,0.60236
CVE-2021-31747,0.00065,0.27077
CVE-2021-31755,0.95917,0.99344
CVE-2021-31756,0.00293,0.66037
CVE-2021-31757,0.00349,0.68960
CVE-2021-31758,0.00293,0.66037
CVE-2021-3176,0.00106,0.42934
CVE-2021-31760,0.02911,0.89812
CVE-2021-31761,0.95764,0.99312
CVE-2021-31762,0.01234,0.84017
CVE-2021-31769,0.00335,0.68357
CVE-2021-3177,0.04038,0.91240
CVE-2021-31776,0.00042,0.05722
CVE-2021-31777,0.00106,0.42737
CVE-2021-31778,0.00054,0.20290
CVE-2021-31779,0.00054,0.20290
CVE-2021-3178,0.00197,0.57694
CVE-2021-31780,0.00171,0.54249
CVE-2021-31783,0.00137,0.49077
CVE-2021-31784,0.00092,0.38928
CVE-2021-31785,0.00066,0.27303
CVE-2021-31786,0.00066,0.27303
CVE-2021-31787,0.00066,0.27303
CVE-2021-3179,0.00047,0.13943
CVE-2021-31791,0.00168,0.53801
CVE-2021-31792,0.00062,0.24442
CVE-2021-31793,0.00149,0.50995
CVE-2021-31794,0.00084,0.35108
CVE-2021-31795,0.00048,0.14460
CVE-2021-31796,0.00314,0.67221
CVE-2021-31797,0.00063,0.25712
CVE-2021-31798,0.00045,0.12069
CVE-2021-31799,0.00065,0.27032
CVE-2021-31800,0.01411,0.85126
CVE-2021-31802,0.01353,0.84792
CVE-2021-31803,0.00078,0.32606
CVE-2021-31804,0.00056,0.21204
CVE-2021-31805,0.18558,0.95776
CVE-2021-31806,0.92714,0.98841
CVE-2021-31807,0.03216,0.90263
CVE-2021-31808,0.00802,0.79853
CVE-2021-3181,0.01089,0.82852
CVE-2021-31810,0.00484,0.73451
CVE-2021-31811,0.00076,0.31283
CVE-2021-31812,0.00076,0.31283
CVE-2021-31813,0.00235,0.61621
CVE-2021-31814,0.00044,0.10161
CVE-2021-31815,0.00044,0.10445
CVE-2021-31816,0.00150,0.51158
CVE-2021-31817,0.00150,0.51158
CVE-2021-31818,0.00054,0.20290
CVE-2021-31819,0.00701,0.78260
CVE-2021-3182,0.00044,0.10161
CVE-2021-31820,0.00150,0.51158
CVE-2021-31821,0.00044,0.10161
CVE-2021-31822,0.00044,0.10161
CVE-2021-31826,0.00249,0.62899
CVE-2021-31827,0.00130,0.47790
CVE-2021-31828,0.00060,0.23686
CVE-2021-31829,0.00046,0.12736
CVE-2021-3183,0.00165,0.53166
CVE-2021-31830,0.00054,0.20290
CVE-2021-31831,0.00062,0.24528
CVE-2021-31832,0.00054,0.20290
CVE-2021-31833,0.00044,0.10161
CVE-2021-31834,0.00054,0.20290
CVE-2021-31835,0.00054,0.20290
CVE-2021-31836,0.00042,0.05722
CVE-2021-31837,0.00044,0.10161
CVE-2021-31838,0.00118,0.45710
CVE-2021-31839,0.00042,0.05722
CVE-2021-3184,0.00078,0.32606
CVE-2021-31840,0.00042,0.05722
CVE-2021-31841,0.00042,0.05722
CVE-2021-31842,0.00042,0.05722
CVE-2021-31843,0.00042,0.05722
CVE-2021-31844,0.00060,0.23520
CVE-2021-31845,0.00081,0.33794
CVE-2021-31847,0.00064,0.26243
CVE-2021-31848,0.00081,0.33666
CVE-2021-31849,0.00083,0.34296
CVE-2021-3185,0.00295,0.66138
CVE-2021-31850,0.00470,0.73053
CVE-2021-31851,0.00136,0.48965
CVE-2021-31852,0.00081,0.33666
CVE-2021-31853,0.00042,0.05722
CVE-2021-31854,0.00051,0.16939
CVE-2021-31855,0.00065,0.26756
CVE-2021-31856,0.03993,0.91199
CVE-2021-31857,0.00316,0.67365
CVE-2021-31858,0.00061,0.23927
CVE-2021-31859,0.00042,0.05722
CVE-2021-3186,0.00236,0.61745
CVE-2021-31862,0.00141,0.49836
CVE-2021-31863,0.00194,0.57373
CVE-2021-31864,0.00127,0.47349
CVE-2021-31865,0.00126,0.47196
CVE-2021-31866,0.00126,0.47196
CVE-2021-31867,0.00184,0.55722
CVE-2021-31868,0.00054,0.20290
CVE-2021-31869,0.00184,0.55722
CVE-2021-3187,0.00050,0.16285
CVE-2021-31870,0.00244,0.62441
CVE-2021-31871,0.00200,0.57949
CVE-2021-31872,0.00244,0.62441
CVE-2021-31873,0.00654,0.77336
CVE-2021-31874,0.01135,0.83231
CVE-2021-31875,0.00637,0.76990
CVE-2021-31876,0.00165,0.53137
CVE-2021-31878,0.00310,0.66992
CVE-2021-31879,0.00084,0.35108
CVE-2021-3188,0.00608,0.76383
CVE-2021-31881,0.00159,0.52426
CVE-2021-31882,0.00295,0.66162
CVE-2021-31883,0.00295,0.66162
CVE-2021-31884,0.00286,0.65608
CVE-2021-31885,0.00105,0.42398
CVE-2021-31886,0.00660,0.77491
CVE-2021-31887,0.00288,0.65702
CVE-2021-31888,0.00300,0.66418
CVE-2021-31889,0.00281,0.65232
CVE-2021-3189,0.00095,0.39703
CVE-2021-31890,0.00281,0.65232
CVE-2021-31891,0.00304,0.66643
CVE-2021-31892,0.00081,0.33738
CVE-2021-31893,0.00089,0.37652
CVE-2021-31894,0.00044,0.10161
CVE-2021-31895,0.00481,0.73374
CVE-2021-31897,0.00338,0.68472
CVE-2021-31898,0.00178,0.55045
CVE-2021-31899,0.00105,0.42644
CVE-2021-3190,0.02060,0.87880
CVE-2021-31900,0.00090,0.37972
CVE-2021-31901,0.00090,0.37972
CVE-2021-31902,0.00090,0.37972
CVE-2021-31903,0.00084,0.35108
CVE-2021-31904,0.00084,0.35108
CVE-2021-31905,0.00178,0.55045
CVE-2021-31906,0.00054,0.20290
CVE-2021-31907,0.00090,0.37972
CVE-2021-31908,0.00054,0.20290
CVE-2021-31909,0.00492,0.73682
CVE-2021-3191,0.00357,0.69304
CVE-2021-31910,0.00178,0.55045
CVE-2021-31911,0.00084,0.35108
CVE-2021-31912,0.00220,0.59957
CVE-2021-31913,0.00178,0.55045
CVE-2021-31914,0.00338,0.68472
CVE-2021-31915,0.00492,0.73682
CVE-2021-31916,0.00045,0.11966
CVE-2021-31917,0.00197,0.57609
CVE-2021-31918,0.00168,0.53801
CVE-2021-31919,0.00168,0.53801
CVE-2021-31920,0.00076,0.31357
CVE-2021-31921,0.00327,0.67931
CVE-2021-31922,0.00106,0.42944
CVE-2021-31923,0.00072,0.29847
CVE-2021-31924,0.00081,0.33739
CVE-2021-31925,0.00174,0.54640
CVE-2021-31926,0.00095,0.39629
CVE-2021-31927,0.00054,0.20290
CVE-2021-31928,0.00104,0.42231
CVE-2021-31929,0.00054,0.20290
CVE-2021-3193,0.00222,0.60556
CVE-2021-31930,0.00089,0.37665
CVE-2021-31932,0.00366,0.69669
CVE-2021-31933,0.02457,0.88978
CVE-2021-31934,0.00069,0.28635
CVE-2021-31935,0.00069,0.28635
CVE-2021-31936,0.00310,0.67002
CVE-2021-31937,0.00080,0.33307
CVE-2021-31938,0.00047,0.14022
CVE-2021-31939,0.02591,0.89233
CVE-2021-31940,0.05463,0.92468
CVE-2021-31941,0.02591,0.89233
CVE-2021-31942,0.05463,0.92468
CVE-2021-31943,0.05463,0.92468
CVE-2021-31944,0.00069,0.28533
CVE-2021-31945,0.02591,0.89233
CVE-2021-31946,0.06938,0.93294
CVE-2021-31947,0.03022,0.89974
CVE-2021-31948,0.00077,0.31634
CVE-2021-31949,0.04121,0.91338
CVE-2021-3195,0.00102,0.41246
CVE-2021-31950,0.00148,0.50856
CVE-2021-31951,0.00043,0.07315
CVE-2021-31952,0.00043,0.07315
CVE-2021-31953,0.00043,0.07315
CVE-2021-31954,0.00046,0.12643
CVE-2021-31955,0.96957,0.99677
CVE-2021-31956,0.00043,0.07502
CVE-2021-31957,0.00177,0.54914
CVE-2021-31958,0.00455,0.72662
CVE-2021-31959,0.00149,0.50912
CVE-2021-3196,0.00290,0.65818
CVE-2021-31960,0.00043,0.07315
CVE-2021-31961,0.00043,0.07504
CVE-2021-31962,0.00357,0.69290
CVE-2021-31963,0.00483,0.73428
CVE-2021-31964,0.00077,0.31634
CVE-2021-31965,0.01049,0.82483
CVE-2021-31966,0.01258,0.84196
CVE-2021-31967,0.05463,0.92468
CVE-2021-31968,0.00179,0.55221
CVE-2021-31969,0.00046,0.12643
CVE-2021-3197,0.84756,0.98267
CVE-2021-31970,0.00043,0.07422
CVE-2021-31971,0.00230,0.61279
CVE-2021-31972,0.00043,0.07315
CVE-2021-31973,0.00043,0.07315
CVE-2021-31974,0.00179,0.55221
CVE-2021-31975,0.00894,0.80934
CVE-2021-31976,0.00894,0.80934
CVE-2021-31977,0.00202,0.58193
CVE-2021-31978,0.00067,0.27672
CVE-2021-31979,0.00068,0.28133
CVE-2021-3198,0.00318,0.67482
CVE-2021-31980,0.00963,0.81678
CVE-2021-31982,0.00308,0.66933
CVE-2021-31983,0.02021,0.87751
CVE-2021-31984,0.01237,0.84038
CVE-2021-31985,0.05157,0.92238
CVE-2021-31986,0.00316,0.67355
CVE-2021-31987,0.00279,0.65121
CVE-2021-31988,0.00285,0.65526
CVE-2021-31989,0.00092,0.38731
CVE-2021-3199,0.02823,0.89679
CVE-2021-31996,0.00103,0.41969
CVE-2021-31997,0.00042,0.05722
CVE-2021-31998,0.00042,0.05722
CVE-2021-31999,0.00087,0.36023
CVE-2021-3200,0.00063,0.24903
CVE-2021-32000,0.00042,0.05722
CVE-2021-32001,0.00060,0.23722
CVE-2021-32002,0.00042,0.05722
CVE-2021-32003,0.00042,0.05722
CVE-2021-32004,0.00072,0.29847
CVE-2021-32005,0.00054,0.19422
CVE-2021-32006,0.00054,0.20290
CVE-2021-32008,0.00080,0.33454
CVE-2021-32009,0.00061,0.23818
CVE-2021-32010,0.00113,0.44671
CVE-2021-32012,0.00059,0.22990
CVE-2021-32013,0.00059,0.22990
CVE-2021-32014,0.00059,0.22990
CVE-2021-32015,0.00042,0.05722
CVE-2021-32016,0.00127,0.47366
CVE-2021-32017,0.00065,0.26756
CVE-2021-32018,0.00093,0.39033
CVE-2021-32019,0.00072,0.29847
CVE-2021-32020,0.00222,0.60556
CVE-2021-32021,0.00044,0.10161
CVE-2021-32022,0.00044,0.10161
CVE-2021-32023,0.00044,0.10161
CVE-2021-32024,0.00490,0.73633
CVE-2021-32025,0.00044,0.10161
CVE-2021-32027,0.00383,0.70329
CVE-2021-32028,0.00072,0.29850
CVE-2021-32029,0.00105,0.42427
CVE-2021-32030,0.57497,0.97432
CVE-2021-32032,0.00188,0.56363
CVE-2021-32033,0.00078,0.32655
CVE-2021-32036,0.00068,0.28144
CVE-2021-32037,0.00081,0.33872
CVE-2021-32039,0.00044,0.10161
CVE-2021-3204,0.00074,0.30761
CVE-2021-32040,0.00203,0.58261
CVE-2021-32050,0.00071,0.29143
CVE-2021-32051,0.01379,0.84967
CVE-2021-32052,0.00167,0.53417
CVE-2021-32053,0.00128,0.47403
CVE-2021-32054,0.00080,0.33494
CVE-2021-32055,0.00223,0.60650
CVE-2021-32056,0.00113,0.44671
CVE-2021-32061,0.00078,0.32622
CVE-2021-32062,0.00244,0.62438
CVE-2021-32066,0.00242,0.62243
CVE-2021-32067,0.00078,0.32206
CVE-2021-32068,0.00065,0.27077
CVE-2021-32069,0.00065,0.27077
CVE-2021-32070,0.00078,0.32206
CVE-2021-32071,0.00185,0.55823
CVE-2021-32072,0.00065,0.26756
CVE-2021-32073,0.00161,0.52776
CVE-2021-32074,0.00146,0.50457
CVE-2021-32075,0.00105,0.42452
CVE-2021-32076,0.00079,0.33101
CVE-2021-32077,0.00251,0.63116
CVE-2021-32078,0.00081,0.33506
CVE-2021-32089,0.00260,0.63838
CVE-2021-32090,0.01646,0.86283
CVE-2021-32091,0.00074,0.30459
CVE-2021-32092,0.00122,0.46388
CVE-2021-32093,0.00085,0.35466
CVE-2021-32094,0.00095,0.39615
CVE-2021-32095,0.00070,0.28878
CVE-2021-32096,0.00148,0.50896
CVE-2021-32098,0.01217,0.83888
CVE-2021-32099,0.00159,0.52487
CVE-2021-3210,0.00537,0.74831
CVE-2021-32100,0.00207,0.58721
CVE-2021-32101,0.00329,0.68051
CVE-2021-32102,0.00189,0.56464
CVE-2021-32103,0.00102,0.41543
CVE-2021-32104,0.00189,0.56464
CVE-2021-32106,0.00062,0.24442
CVE-2021-32122,0.00053,0.18903
CVE-2021-32132,0.00057,0.21445
CVE-2021-32134,0.00057,0.21445
CVE-2021-32135,0.00057,0.21445
CVE-2021-32136,0.00078,0.32081
CVE-2021-32137,0.00079,0.32808
CVE-2021-32138,0.00057,0.21445
CVE-2021-32139,0.00057,0.21445
CVE-2021-32142,0.00057,0.21302
CVE-2021-32156,0.00106,0.42853
CVE-2021-32157,0.00190,0.56595
CVE-2021-32158,0.00078,0.32739
CVE-2021-32159,0.00106,0.42853
CVE-2021-32160,0.00078,0.32739
CVE-2021-32161,0.00078,0.32739
CVE-2021-32162,0.00106,0.42853
CVE-2021-32163,0.00098,0.40363
CVE-2021-32172,0.26253,0.96323
CVE-2021-32198,0.00221,0.60340
CVE-2021-32202,0.00072,0.29847
CVE-2021-3223,0.11532,0.94767
CVE-2021-32233,0.00072,0.29847
CVE-2021-32234,0.00932,0.81346
CVE-2021-32238,0.00300,0.66416
CVE-2021-3224,0.00058,0.22585
CVE-2021-32243,0.00087,0.36582
CVE-2021-32244,0.00072,0.29718
CVE-2021-32245,0.00058,0.22585
CVE-2021-32256,0.00046,0.13740
CVE-2021-32263,0.00081,0.33577
CVE-2021-32265,0.00227,0.61005
CVE-2021-32268,0.00157,0.52119
CVE-2021-32269,0.00051,0.17017
CVE-2021-32270,0.00051,0.17017
CVE-2021-32271,0.00085,0.35300
CVE-2021-32272,0.00184,0.55762
CVE-2021-32273,0.00078,0.32081
CVE-2021-32274,0.00141,0.49844
CVE-2021-32275,0.00051,0.17017
CVE-2021-32276,0.00078,0.32217
CVE-2021-32277,0.00141,0.49844
CVE-2021-32278,0.00141,0.49844
CVE-2021-32280,0.00067,0.27660
CVE-2021-32281,0.00085,0.35300
CVE-2021-32282,0.00051,0.17017
CVE-2021-32283,0.00051,0.17017
CVE-2021-32284,0.00081,0.33577
CVE-2021-32285,0.00051,0.17017
CVE-2021-32286,0.00085,0.35300
CVE-2021-32287,0.00085,0.35300
CVE-2021-32288,0.00085,0.35300
CVE-2021-32289,0.00051,0.17017
CVE-2021-3229,0.00230,0.61229
CVE-2021-32292,0.00078,0.32756
CVE-2021-32294,0.00227,0.61005
CVE-2021-32297,0.00227,0.61005
CVE-2021-32298,0.00227,0.61005
CVE-2021-32299,0.00085,0.35300
CVE-2021-32302,0.00060,0.23301
CVE-2021-32305,0.96558,0.99533
CVE-2021-3236,0.00044,0.08085
CVE-2021-3239,0.09416,0.94192
CVE-2021-32399,0.00077,0.31957
CVE-2021-32402,0.00105,0.42649
CVE-2021-32403,0.00173,0.54542
CVE-2021-32415,0.00042,0.05722
CVE-2021-32419,0.00053,0.18524
CVE-2021-3242,0.00170,0.53970
CVE-2021-32420,0.00046,0.13740
CVE-2021-32421,0.00046,0.13740
CVE-2021-32422,0.00046,0.13740
CVE-2021-32424,0.00075,0.30890
CVE-2021-32426,0.00099,0.40672
CVE-2021-32428,0.00218,0.59832
CVE-2021-3243,0.00087,0.36434
CVE-2021-32434,0.00088,0.36959
CVE-2021-32435,0.00424,0.71733
CVE-2021-32436,0.00550,0.75144
CVE-2021-32437,0.00057,0.21445
CVE-2021-32438,0.00057,0.21445
CVE-2021-32439,0.00078,0.32081
CVE-2021-32440,0.00057,0.21445
CVE-2021-32441,0.00079,0.33114
CVE-2021-32453,0.00044,0.10161
CVE-2021-32454,0.00070,0.29068
CVE-2021-32455,0.00058,0.22795
CVE-2021-32456,0.00070,0.29068
CVE-2021-32457,0.00048,0.14460
CVE-2021-32458,0.00044,0.10161
CVE-2021-32459,0.00065,0.26756
CVE-2021-3246,0.01071,0.82710
CVE-2021-32460,0.00045,0.12491
CVE-2021-32461,0.00050,0.16489
CVE-2021-32462,0.01535,0.85773
CVE-2021-32463,0.00045,0.12491
CVE-2021-32464,0.00045,0.12491
CVE-2021-32465,0.01032,0.82308
CVE-2021-32466,0.00045,0.12491
CVE-2021-32467,0.00101,0.41058
CVE-2021-32468,0.00101,0.41058
CVE-2021-32469,0.00101,0.41058
CVE-2021-32470,0.00066,0.27550
CVE-2021-32471,0.00048,0.14460
CVE-2021-32472,0.00061,0.23818
CVE-2021-32473,0.00072,0.29847
CVE-2021-32474,0.00087,0.36089
CVE-2021-32475,0.00055,0.20426
CVE-2021-32476,0.00089,0.37607
CVE-2021-32477,0.00054,0.20290
CVE-2021-32478,0.00072,0.29847
CVE-2021-32481,0.00065,0.27095
CVE-2021-32482,0.00078,0.32206
CVE-2021-32483,0.00065,0.27095
CVE-2021-32484,0.00173,0.54474
CVE-2021-32485,0.00173,0.54474
CVE-2021-32486,0.00173,0.54474
CVE-2021-32487,0.00173,0.54474
CVE-2021-32489,0.00079,0.32837
CVE-2021-32490,0.00068,0.28046
CVE-2021-32491,0.00068,0.28046
CVE-2021-32492,0.00068,0.28046
CVE-2021-32493,0.00068,0.28046
CVE-2021-32494,0.00046,0.13740
CVE-2021-32495,0.00080,0.33413
CVE-2021-32496,0.00060,0.23722
CVE-2021-32497,0.00062,0.24373
CVE-2021-32498,0.00061,0.23987
CVE-2021-32499,0.00073,0.30380
CVE-2021-32503,0.00081,0.33872
CVE-2021-32504,0.00064,0.26487
CVE-2021-32506,0.00176,0.54797
CVE-2021-32507,0.00176,0.54797
CVE-2021-32508,0.00142,0.49972
CVE-2021-32509,0.00142,0.49972
CVE-2021-32510,0.00087,0.35996
CVE-2021-32511,0.00087,0.35996
CVE-2021-32512,0.00558,0.75298
CVE-2021-32513,0.00558,0.75298
CVE-2021-32514,0.00223,0.60625
CVE-2021-32515,0.00072,0.29847
CVE-2021-32516,0.00386,0.70481
CVE-2021-32517,0.00320,0.67599
CVE-2021-32518,0.00320,0.67599
CVE-2021-32519,0.00320,0.67599
CVE-2021-3252,0.00104,0.42243
CVE-2021-32520,0.00201,0.58090
CVE-2021-32521,0.00192,0.57150
CVE-2021-32522,0.00600,0.76197
CVE-2021-32523,0.00144,0.50296
CVE-2021-32524,0.00133,0.48471
CVE-2021-32525,0.00497,0.73798
CVE-2021-32526,0.00135,0.48751
CVE-2021-32527,0.00321,0.67622
CVE-2021-32528,0.00136,0.49009
CVE-2021-32529,0.00242,0.62303
CVE-2021-32530,0.00353,0.69119
CVE-2021-32531,0.00336,0.68390
CVE-2021-32532,0.00386,0.70481
CVE-2021-32533,0.00455,0.72659
CVE-2021-32534,0.00455,0.72659
CVE-2021-32535,0.00605,0.76333
CVE-2021-32536,0.00105,0.42633
CVE-2021-32537,0.00042,0.05722
CVE-2021-32538,0.00460,0.72785
CVE-2021-32539,0.00066,0.27429
CVE-2021-3254,0.00152,0.51461
CVE-2021-32540,0.00054,0.20290
CVE-2021-32541,0.00154,0.51727
CVE-2021-32542,0.00067,0.27632
CVE-2021-32543,0.00078,0.32624
CVE-2021-32544,0.00066,0.27429
CVE-2021-32545,0.00186,0.55986
CVE-2021-32546,0.00382,0.70300
CVE-2021-32547,0.00042,0.05722
CVE-2021-32548,0.00042,0.05722
CVE-2021-32549,0.00042,0.05722
CVE-2021-32550,0.00042,0.05722
CVE-2021-32551,0.00042,0.05722
CVE-2021-32552,0.00042,0.05722
CVE-2021-32553,0.00043,0.07608
CVE-2021-32554,0.00042,0.05722
CVE-2021-32555,0.00042,0.05722
CVE-2021-32556,0.00044,0.10504
CVE-2021-32557,0.00044,0.10445
CVE-2021-32558,0.00493,0.73714
CVE-2021-32559,0.00096,0.39862
CVE-2021-3256,0.00076,0.31357
CVE-2021-32560,0.00120,0.46186
CVE-2021-32561,0.00082,0.34215
CVE-2021-32563,0.00690,0.78083
CVE-2021-32565,0.00331,0.68176
CVE-2021-32566,0.00122,0.46463
CVE-2021-32567,0.00122,0.46463
CVE-2021-32568,0.00077,0.32048
CVE-2021-32569,0.00072,0.29847
CVE-2021-32570,0.00064,0.25824
CVE-2021-32571,0.00065,0.26756
CVE-2021-32572,0.00298,0.66333
CVE-2021-32573,0.00058,0.22585
CVE-2021-32574,0.00139,0.49482
CVE-2021-32575,0.00055,0.20602
CVE-2021-32576,0.00042,0.05722
CVE-2021-32577,0.00042,0.05722
CVE-2021-32578,0.00042,0.05722
CVE-2021-32579,0.00042,0.05722
CVE-2021-3258,0.00095,0.39701
CVE-2021-32580,0.00059,0.22979
CVE-2021-32581,0.00120,0.46077
CVE-2021-32582,0.00145,0.50367
CVE-2021-32585,0.00127,0.47316
CVE-2021-32586,0.00131,0.47940
CVE-2021-32587,0.00054,0.20290
CVE-2021-32588,0.00201,0.58090
CVE-2021-32590,0.00106,0.42730
CVE-2021-32591,0.00065,0.26756
CVE-2021-32592,0.00062,0.24373
CVE-2021-32593,0.00129,0.47756
CVE-2021-32594,0.00081,0.33872
CVE-2021-32595,0.00081,0.33872
CVE-2021-32596,0.00150,0.51158
CVE-2021-32597,0.00066,0.27429
CVE-2021-32598,0.00082,0.34183
CVE-2021-32600,0.00044,0.10161
CVE-2021-32602,0.00077,0.31886
CVE-2021-32603,0.00065,0.26756
CVE-2021-32604,0.00089,0.37187
CVE-2021-32605,0.01271,0.84264
CVE-2021-32606,0.00045,0.11966
CVE-2021-32607,0.00279,0.65099
CVE-2021-32608,0.00279,0.65099
CVE-2021-32609,0.00133,0.48383
CVE-2021-32610,0.00528,0.74613
CVE-2021-32611,0.00102,0.41309
CVE-2021-32612,0.00299,0.66381
CVE-2021-32613,0.00159,0.52514
CVE-2021-32614,0.00067,0.27706
CVE-2021-32615,0.00200,0.57939
CVE-2021-32616,0.00062,0.24801
CVE-2021-32617,0.00115,0.45087
CVE-2021-32618,0.00113,0.44626
CVE-2021-32619,0.00197,0.57679
CVE-2021-3262,0.00060,0.23595
CVE-2021-32620,0.00222,0.60604
CVE-2021-32621,0.00512,0.74210
CVE-2021-32622,0.00139,0.49387
CVE-2021-32623,0.00074,0.30525
CVE-2021-32624,0.00065,0.26756
CVE-2021-32625,0.00498,0.73833
CVE-2021-32626,0.02301,0.88615
CVE-2021-32627,0.00383,0.70328
CVE-2021-32628,0.00383,0.70328
CVE-2021-32629,0.00081,0.33506
CVE-2021-32630,0.00307,0.66816
CVE-2021-32631,0.00109,0.43518
CVE-2021-32632,0.00107,0.43056
CVE-2021-32633,0.00597,0.76155
CVE-2021-32634,0.00331,0.68187
CVE-2021-32635,0.00153,0.51545
CVE-2021-32637,0.00210,0.58945
CVE-2021-32638,0.00077,0.32024
CVE-2021-32639,0.00488,0.73592
CVE-2021-3264,0.00088,0.36822
CVE-2021-32640,0.00195,0.57447
CVE-2021-32641,0.00103,0.41648
CVE-2021-32642,0.00286,0.65549
CVE-2021-32643,0.00084,0.34613
CVE-2021-32644,0.00050,0.16378
CVE-2021-32645,0.00100,0.40967
CVE-2021-32646,0.00091,0.38121
CVE-2021-32647,0.00272,0.64679
CVE-2021-32648,0.02064,0.87891
CVE-2021-32649,0.00102,0.41370
CVE-2021-32650,0.00140,0.49513
CVE-2021-32651,0.00056,0.21037
CVE-2021-32652,0.00053,0.18833
CVE-2021-32653,0.00063,0.25033
CVE-2021-32654,0.00122,0.46451
CVE-2021-32655,0.00063,0.25033
CVE-2021-32656,0.00122,0.46451
CVE-2021-32657,0.00096,0.39974
CVE-2021-32658,0.00082,0.34019
CVE-2021-32659,0.00141,0.49786
CVE-2021-32660,0.00097,0.40066
CVE-2021-32661,0.00120,0.46105
CVE-2021-32662,0.00110,0.43980
CVE-2021-32663,0.00072,0.29685
CVE-2021-32664,0.00096,0.39780
CVE-2021-32665,0.00050,0.16378
CVE-2021-32666,0.00073,0.30020
CVE-2021-32667,0.00053,0.18675
CVE-2021-32668,0.00053,0.18675
CVE-2021-32669,0.00053,0.18675
CVE-2021-3267,0.00081,0.33887
CVE-2021-32670,0.00089,0.37440
CVE-2021-32671,0.00210,0.59003
CVE-2021-32672,0.00347,0.68805
CVE-2021-32673,0.01211,0.83837
CVE-2021-32674,0.00204,0.58407
CVE-2021-32675,0.00292,0.65994
CVE-2021-32676,0.00063,0.25077
CVE-2021-32677,0.00090,0.38041
CVE-2021-32678,0.00150,0.51051
CVE-2021-32679,0.00318,0.67465
CVE-2021-32680,0.00046,0.13791
CVE-2021-32681,0.00152,0.51473
CVE-2021-32682,0.97283,0.99838
CVE-2021-32683,0.00071,0.29411
CVE-2021-32684,0.00044,0.10161
CVE-2021-32685,0.00192,0.56917
CVE-2021-32686,0.00502,0.73976
CVE-2021-32687,0.00383,0.70328
CVE-2021-32688,0.00242,0.62225
CVE-2021-32689,0.00091,0.38095
CVE-2021-32690,0.00135,0.48811
CVE-2021-32691,0.00166,0.53372
CVE-2021-32692,0.00146,0.50504
CVE-2021-32693,0.00149,0.50908
CVE-2021-32694,0.00114,0.44834
CVE-2021-32695,0.00082,0.34020
CVE-2021-32696,0.00115,0.45144
CVE-2021-32697,0.00083,0.34483
CVE-2021-32698,0.00063,0.25077
CVE-2021-32699,0.00044,0.10161
CVE-2021-32700,0.00075,0.31097
CVE-2021-32701,0.00118,0.45683
CVE-2021-32702,0.00163,0.53011
CVE-2021-32703,0.00110,0.43952
CVE-2021-32704,0.00087,0.36089
CVE-2021-32705,0.00138,0.49362
CVE-2021-32706,0.00861,0.80548
CVE-2021-32707,0.00070,0.28886
CVE-2021-32708,0.00661,0.77539
CVE-2021-32709,0.00054,0.20290
CVE-2021-3271,0.00063,0.24955
CVE-2021-32710,0.00062,0.24801
CVE-2021-32711,0.00122,0.46451
CVE-2021-32712,0.00076,0.31169
CVE-2021-32713,0.00060,0.23686
CVE-2021-32714,0.00088,0.37003
CVE-2021-32715,0.00068,0.28323
CVE-2021-32716,0.00103,0.41725
CVE-2021-32717,0.00122,0.46451
CVE-2021-32718,0.00096,0.39915
CVE-2021-32719,0.00096,0.39915
CVE-2021-3272,0.00107,0.43233
CVE-2021-32720,0.00062,0.24801
CVE-2021-32721,0.00073,0.30345
CVE-2021-32722,0.00138,0.49319
CVE-2021-32723,0.00112,0.44364
CVE-2021-32724,0.00104,0.42274
CVE-2021-32725,0.00115,0.45182
CVE-2021-32726,0.00297,0.66287
CVE-2021-32727,0.00126,0.47093
CVE-2021-32728,0.00429,0.71856
CVE-2021-32729,0.00054,0.20290
CVE-2021-3273,0.00108,0.43398
CVE-2021-32730,0.00074,0.30659
CVE-2021-32731,0.00073,0.30425
CVE-2021-32732,0.00164,0.53055
CVE-2021-32733,0.00073,0.30425
CVE-2021-32734,0.00115,0.45182
CVE-2021-32735,0.00050,0.16378
CVE-2021-32736,0.00073,0.30380
CVE-2021-32737,0.00050,0.16378
CVE-2021-32738,0.00050,0.16378
CVE-2021-32739,0.00207,0.58691
CVE-2021-32740,0.00151,0.51347
CVE-2021-32741,0.00073,0.30425
CVE-2021-32742,0.00158,0.52353
CVE-2021-32743,0.00326,0.67867
CVE-2021-32744,0.00150,0.51158
CVE-2021-32745,0.00072,0.29847
CVE-2021-32746,0.00104,0.42349
CVE-2021-32747,0.00104,0.42349
CVE-2021-32748,0.00063,0.25677
CVE-2021-32749,0.01781,0.86770
CVE-2021-3275,0.00536,0.74808
CVE-2021-32750,0.00074,0.30761
CVE-2021-32751,0.01338,0.84697
CVE-2021-32752,0.00063,0.25077
CVE-2021-32753,0.00061,0.24174
CVE-2021-32754,0.00065,0.26756
CVE-2021-32755,0.00054,0.20290
CVE-2021-32756,0.00108,0.43488
CVE-2021-32758,0.00193,0.57225
CVE-2021-32759,0.00170,0.54091
CVE-2021-32760,0.00138,0.49356
CVE-2021-32761,0.01713,0.86527
CVE-2021-32762,0.00664,0.77582
CVE-2021-32763,0.00073,0.30245
CVE-2021-32764,0.00054,0.20290
CVE-2021-32765,0.01244,0.84083
CVE-2021-32766,0.00071,0.29203
CVE-2021-32767,0.00063,0.25045
CVE-2021-32768,0.00078,0.32206
CVE-2021-32769,0.00134,0.48569
CVE-2021-3277,0.04250,0.91452
CVE-2021-32770,0.00205,0.58568
CVE-2021-32771,0.00114,0.44876
CVE-2021-32772,0.00928,0.81313
CVE-2021-32773,0.00066,0.27479
CVE-2021-32774,0.00081,0.33756
CVE-2021-32775,0.00065,0.26756
CVE-2021-32776,0.00075,0.30903
CVE-2021-32777,0.00089,0.37672
CVE-2021-32778,0.00101,0.41058
CVE-2021-32779,0.00089,0.37672
CVE-2021-3278,0.01111,0.83034
CVE-2021-32780,0.00101,0.41058
CVE-2021-32781,0.00101,0.41058
CVE-2021-32782,0.00060,0.23686
CVE-2021-32783,0.00097,0.40065
CVE-2021-32785,0.00430,0.71893
CVE-2021-32786,0.00172,0.54457
CVE-2021-32787,0.00050,0.16378
CVE-2021-32788,0.00060,0.23686
CVE-2021-32789,0.01347,0.84748
CVE-2021-3279,0.00087,0.35933
CVE-2021-32790,0.00065,0.26756
CVE-2021-32791,0.00175,0.54764
CVE-2021-32792,0.00127,0.47219
CVE-2021-32793,0.00062,0.24514
CVE-2021-32794,0.00433,0.71999
CVE-2021-32795,0.00114,0.44873
CVE-2021-32796,0.00068,0.28222
CVE-2021-32797,0.00387,0.70510
CVE-2021-32798,0.00183,0.55647
CVE-2021-32800,0.00276,0.64936
CVE-2021-32801,0.00045,0.12069
CVE-2021-32802,0.00242,0.62283
CVE-2021-32803,0.00889,0.80879
CVE-2021-32804,0.01656,0.86313
CVE-2021-32805,0.00061,0.24174
CVE-2021-32806,0.00071,0.29203
CVE-2021-32807,0.00866,0.80599
CVE-2021-32808,0.00146,0.50576
CVE-2021-32809,0.00163,0.53011
CVE-2021-3281,0.00148,0.50784
CVE-2021-32810,0.00531,0.74680
CVE-2021-32811,0.00914,0.81156
CVE-2021-32812,0.00071,0.29203
CVE-2021-32813,0.00212,0.59097
CVE-2021-32814,0.00110,0.43968
CVE-2021-32815,0.00098,0.40556
CVE-2021-32816,0.00117,0.45503
CVE-2021-32817,0.00162,0.52829
CVE-2021-32818,0.00058,0.22585
CVE-2021-32819,0.82753,0.98177
CVE-2021-3282,0.00089,0.37201
CVE-2021-32820,0.01304,0.84496
CVE-2021-32821,0.00075,0.31036
CVE-2021-32822,0.00167,0.53418
CVE-2021-32823,0.00196,0.57571
CVE-2021-32824,0.00193,0.57269
CVE-2021-32825,0.00216,0.59608
CVE-2021-32826,0.00301,0.66469
CVE-2021-32827,0.00227,0.60999
CVE-2021-32828,0.00089,0.37256
CVE-2021-32829,0.01034,0.82337
CVE-2021-3283,0.00168,0.53801
CVE-2021-32830,0.01299,0.84468
CVE-2021-32831,0.00620,0.76661
CVE-2021-32832,0.00192,0.57136
CVE-2021-32833,0.00205,0.58568
CVE-2021-32834,0.00118,0.45666
CVE-2021-32835,0.00350,0.68983
CVE-2021-32836,0.00380,0.70246
CVE-2021-32837,0.00100,0.40994
CVE-2021-32838,0.00528,0.74632
CVE-2021-32839,0.00091,0.38427
CVE-2021-32840,0.00473,0.73147
CVE-2021-32841,0.00079,0.32893
CVE-2021-32842,0.00070,0.29102
CVE-2021-32843,0.00042,0.05722
CVE-2021-32844,0.00042,0.05722
CVE-2021-32845,0.00042,0.05722
CVE-2021-32846,0.00042,0.05722
CVE-2021-32847,0.00045,0.12069
CVE-2021-32848,0.00056,0.21151
CVE-2021-32849,0.01575,0.85977
CVE-2021-3285,0.00084,0.34791
CVE-2021-32850,0.00063,0.25043
CVE-2021-32851,0.00060,0.23301
CVE-2021-32852,0.00077,0.31966
CVE-2021-32853,0.01464,0.85404
CVE-2021-32854,0.00053,0.18524
CVE-2021-32855,0.00060,0.23271
CVE-2021-32856,0.00053,0.18524
CVE-2021-32857,0.00060,0.23271
CVE-2021-32858,0.00053,0.18524
CVE-2021-32859,0.00053,0.18524
CVE-2021-3286,0.00138,0.49278
CVE-2021-32860,0.00060,0.23271
CVE-2021-32862,0.00057,0.21546
CVE-2021-3287,0.37373,0.96833
CVE-2021-3291,0.01747,0.86656
CVE-2021-32917,0.00354,0.69141
CVE-2021-32918,0.00687,0.78049
CVE-2021-32919,0.00270,0.64533
CVE-2021-32920,0.00379,0.70193
CVE-2021-32921,0.00360,0.69416
CVE-2021-32923,0.00145,0.50367
CVE-2021-32924,0.00745,0.78982
CVE-2021-32925,0.00228,0.61111
CVE-2021-32926,0.00120,0.46145
CVE-2021-32927,0.00093,0.39063
CVE-2021-32928,0.00193,0.57241
CVE-2021-32929,0.00072,0.29723
CVE-2021-3293,0.00300,0.66409
CVE-2021-32930,0.00450,0.72512
CVE-2021-32931,0.00162,0.52872
CVE-2021-32932,0.00402,0.71028
CVE-2021-32933,0.00170,0.53957
CVE-2021-32934,0.00144,0.50266
CVE-2021-32935,0.00212,0.59204
CVE-2021-32936,0.00078,0.32659
CVE-2021-32937,0.00144,0.50266
CVE-2021-32938,0.00078,0.32113
CVE-2021-32939,0.00064,0.26169
CVE-2021-3294,0.00451,0.72556
CVE-2021-32940,0.00073,0.30022
CVE-2021-32941,0.00365,0.69647
CVE-2021-32942,0.00044,0.08189
CVE-2021-32943,0.00286,0.65611
CVE-2021-32944,0.00146,0.50540
CVE-2021-32945,0.00091,0.38641
CVE-2021-32946,0.00126,0.47181
CVE-2021-32947,0.00223,0.60648
CVE-2021-32948,0.00078,0.32659
CVE-2021-32949,0.00081,0.33875
CVE-2021-32950,0.00073,0.30022
CVE-2021-32951,0.00242,0.62221
CVE-2021-32952,0.00073,0.30272
CVE-2021-32953,0.00193,0.57259
CVE-2021-32954,0.00132,0.48099
CVE-2021-32955,0.00252,0.63164
CVE-2021-32956,0.00176,0.54799
CVE-2021-32957,0.00071,0.29148
CVE-2021-32958,0.00042,0.00438
CVE-2021-32959,0.00226,0.60930
CVE-2021-32960,0.00190,0.56656
CVE-2021-32961,0.00065,0.26758
CVE-2021-32962,0.00103,0.41754
CVE-2021-32963,0.00088,0.36953
CVE-2021-32964,0.00080,0.33272
CVE-2021-32965,0.00065,0.27145
CVE-2021-32966,0.00144,0.50266
CVE-2021-32967,0.00193,0.57259
CVE-2021-32968,0.00189,0.56445
CVE-2021-32969,0.00065,0.26781
CVE-2021-3297,0.19390,0.95867
CVE-2021-32970,0.00162,0.52923
CVE-2021-32971,0.00088,0.36953
CVE-2021-32972,0.00058,0.22616
CVE-2021-32974,0.00408,0.71228
CVE-2021-32975,0.00072,0.29645
CVE-2021-32976,0.00558,0.75293
CVE-2021-32977,0.00104,0.42231
CVE-2021-32978,0.00144,0.50266
CVE-2021-32979,0.00088,0.36953
CVE-2021-3298,0.00116,0.45356
CVE-2021-32980,0.00193,0.57259
CVE-2021-32981,0.00128,0.47453
CVE-2021-32982,0.00144,0.50266
CVE-2021-32983,0.00272,0.64624
CVE-2021-32984,0.00193,0.57259
CVE-2021-32985,0.00104,0.42231
CVE-2021-32986,0.00193,0.57259
CVE-2021-32987,0.00088,0.36953
CVE-2021-32988,0.00270,0.64509
CVE-2021-32989,0.00097,0.40062
CVE-2021-32990,0.00270,0.64509
CVE-2021-32991,0.00050,0.16889
CVE-2021-32992,0.00270,0.64509
CVE-2021-32993,0.00051,0.17343
CVE-2021-32994,0.00086,0.35721
CVE-2021-32995,0.00072,0.29645
CVE-2021-32996,0.00086,0.35721
CVE-2021-32997,0.00091,0.38641
CVE-2021-32998,0.00090,0.37741
CVE-2021-32999,0.00089,0.37607
CVE-2021-33000,0.00658,0.77395
CVE-2021-33001,0.00103,0.41754
CVE-2021-33002,0.00240,0.62091
CVE-2021-33003,0.00044,0.08189
CVE-2021-33004,0.00676,0.77793
CVE-2021-33005,0.00175,0.54693
CVE-2021-33007,0.00091,0.38491
CVE-2021-33008,0.00213,0.59312
CVE-2021-33009,0.00153,0.51604
CVE-2021-33010,0.00097,0.40115
CVE-2021-33011,0.00048,0.14803
CVE-2021-33012,0.00060,0.23587
CVE-2021-33013,0.00182,0.55540
CVE-2021-33014,0.00104,0.42231
CVE-2021-33015,0.00072,0.29645
CVE-2021-33016,0.00193,0.57259
CVE-2021-33017,0.00059,0.22997
CVE-2021-33018,0.00152,0.51470
CVE-2021-33019,0.00091,0.38445
CVE-2021-33020,0.00152,0.51470
CVE-2021-33021,0.00103,0.41754
CVE-2021-33022,0.00152,0.51470
CVE-2021-33023,0.00370,0.69848
CVE-2021-33024,0.00152,0.51470
CVE-2021-33025,0.00044,0.08189
CVE-2021-33026,0.00758,0.79192
CVE-2021-33027,0.00221,0.60385
CVE-2021-33031,0.00103,0.41689
CVE-2021-33032,0.00765,0.79285
CVE-2021-33033,0.00084,0.35148
CVE-2021-33034,0.00074,0.30704
CVE-2021-33035,0.00738,0.78875
CVE-2021-33036,0.00267,0.64382
CVE-2021-33037,0.25552,0.96286
CVE-2021-33038,0.00457,0.72720
CVE-2021-3304,0.00344,0.68718
CVE-2021-33040,0.00071,0.29281
CVE-2021-33041,0.00120,0.46058
CVE-2021-33044,0.29051,0.96478
CVE-2021-33045,0.06028,0.92792
CVE-2021-33046,0.00236,0.61759
CVE-2021-3305,0.00056,0.21221
CVE-2021-33054,0.00156,0.52012
CVE-2021-33055,0.00425,0.71748
CVE-2021-33056,0.00091,0.38427
CVE-2021-33057,0.00119,0.45970
CVE-2021-33058,0.00044,0.10161
CVE-2021-33059,0.00044,0.10161
CVE-2021-33060,0.00043,0.06775
CVE-2021-33061,0.00044,0.10161
CVE-2021-33062,0.00044,0.10161
CVE-2021-33063,0.00062,0.24373
CVE-2021-33064,0.00043,0.06775
CVE-2021-33068,0.00080,0.33275
CVE-2021-33069,0.00044,0.10161
CVE-2021-33071,0.00044,0.10161
CVE-2021-33073,0.00044,0.10161
CVE-2021-33074,0.00064,0.26289
CVE-2021-33075,0.00044,0.10161
CVE-2021-33076,0.00056,0.21064
CVE-2021-33077,0.00062,0.24373
CVE-2021-33078,0.00044,0.10161
CVE-2021-33079,0.00043,0.06775
CVE-2021-3308,0.00042,0.05722
CVE-2021-33080,0.00068,0.28059
CVE-2021-33081,0.00043,0.06775
CVE-2021-33082,0.00064,0.26289
CVE-2021-33083,0.00044,0.10161
CVE-2021-33086,0.00044,0.10161
CVE-2021-33087,0.00044,0.10161
CVE-2021-33088,0.00044,0.10161
CVE-2021-33089,0.00044,0.10161
CVE-2021-3309,0.00358,0.69353
CVE-2021-33090,0.00044,0.10161
CVE-2021-33091,0.00044,0.10161
CVE-2021-33092,0.00044,0.10161
CVE-2021-33093,0.00044,0.10161
CVE-2021-33094,0.00044,0.10161
CVE-2021-33095,0.00044,0.10161
CVE-2021-33096,0.00044,0.10161
CVE-2021-33097,0.00104,0.42231
CVE-2021-33098,0.00044,0.10161
CVE-2021-3310,0.00045,0.12491
CVE-2021-33101,0.00044,0.10161
CVE-2021-33103,0.00044,0.10161
CVE-2021-33104,0.00043,0.06775
CVE-2021-33105,0.00044,0.10161
CVE-2021-33106,0.00044,0.10161
CVE-2021-33107,0.00064,0.26289
CVE-2021-33108,0.00044,0.10161
CVE-2021-3311,0.00604,0.76299
CVE-2021-33110,0.00054,0.19327
CVE-2021-33113,0.00061,0.23842
CVE-2021-33114,0.00044,0.10161
CVE-2021-33115,0.00062,0.24373
CVE-2021-33117,0.00042,0.05722
CVE-2021-33118,0.00044,0.10161
CVE-2021-33119,0.00044,0.10161
CVE-2021-3312,0.00126,0.47134
CVE-2021-33120,0.00058,0.22660
CVE-2021-33122,0.00044,0.10161
CVE-2021-33123,0.00044,0.10161
CVE-2021-33124,0.00044,0.10161
CVE-2021-33126,0.00043,0.06775
CVE-2021-33128,0.00043,0.06775
CVE-2021-33129,0.00044,0.10161
CVE-2021-3313,0.00084,0.35109
CVE-2021-33130,0.00061,0.23842
CVE-2021-33135,0.00044,0.10161
CVE-2021-33137,0.00044,0.10161
CVE-2021-33139,0.00044,0.10161
CVE-2021-3314,0.00070,0.29080
CVE-2021-33147,0.00044,0.10161
CVE-2021-33149,0.00044,0.10161
CVE-2021-3315,0.00054,0.20290
CVE-2021-33150,0.00058,0.21956
CVE-2021-33155,0.00044,0.10161
CVE-2021-33159,0.00043,0.06775
CVE-2021-33164,0.00043,0.06775
CVE-2021-33166,0.00044,0.10161
CVE-2021-3317,0.02001,0.87681
CVE-2021-33175,0.00091,0.38169
CVE-2021-33176,0.00091,0.38169
CVE-2021-33177,0.00123,0.46606
CVE-2021-33178,0.00080,0.33454
CVE-2021-33179,0.00271,0.64564
CVE-2021-3318,0.00124,0.46795
CVE-2021-33180,0.00077,0.31728
CVE-2021-33181,0.00068,0.27981
CVE-2021-33182,0.00063,0.25051
CVE-2021-33183,0.00044,0.07794
CVE-2021-33184,0.00059,0.22853
CVE-2021-33185,0.00172,0.54264
CVE-2021-33186,0.00172,0.54264
CVE-2021-3319,0.00229,0.61147
CVE-2021-33190,0.00256,0.63535
CVE-2021-33191,0.01674,0.86377
CVE-2021-33192,0.00268,0.64435
CVE-2021-33193,0.00099,0.40589
CVE-2021-33194,0.00129,0.47667
CVE-2021-33195,0.00431,0.71924
CVE-2021-33196,0.00137,0.49103
CVE-2021-33197,0.00102,0.41378
CVE-2021-33198,0.00182,0.55614
CVE-2021-33199,0.00195,0.57470
CVE-2021-3320,0.00089,0.37477
CVE-2021-33200,0.00042,0.05722
CVE-2021-33203,0.00106,0.42896
CVE-2021-33204,0.00481,0.73374
CVE-2021-33205,0.00104,0.42231
CVE-2021-33207,0.00231,0.61312
CVE-2021-33208,0.00104,0.42231
CVE-2021-33209,0.00078,0.32206
CVE-2021-3321,0.00101,0.41237
CVE-2021-33210,0.00078,0.32206
CVE-2021-33211,0.00091,0.38433
CVE-2021-33212,0.00062,0.24514
CVE-2021-33213,0.00143,0.50043
CVE-2021-33214,0.00074,0.30592
CVE-2021-33215,0.00057,0.21317
CVE-2021-33216,0.00248,0.62844
CVE-2021-33217,0.00123,0.46648
CVE-2021-33218,0.00231,0.61324
CVE-2021-33219,0.00231,0.61324
CVE-2021-3322,0.00051,0.17017
CVE-2021-33220,0.00044,0.10161
CVE-2021-33221,0.23566,0.96166
CVE-2021-33223,0.00050,0.16285
CVE-2021-33224,0.00157,0.52200
CVE-2021-33226,0.00132,0.48247
CVE-2021-3323,0.00234,0.61568
CVE-2021-33231,0.00069,0.28691
CVE-2021-33235,0.00049,0.15038
CVE-2021-33236,0.00049,0.15038
CVE-2021-3325,0.01325,0.84617
CVE-2021-33254,0.00086,0.35887
CVE-2021-33256,0.00601,0.76219
CVE-2021-33259,0.00135,0.48782
CVE-2021-3326,0.00976,0.81808
CVE-2021-33265,0.00202,0.58160
CVE-2021-33266,0.00202,0.58160
CVE-2021-33267,0.00202,0.58160
CVE-2021-33268,0.00202,0.58160
CVE-2021-33269,0.00202,0.58160
CVE-2021-3327,0.00058,0.22585
CVE-2021-33270,0.00202,0.58160
CVE-2021-33271,0.00202,0.58160
CVE-2021-33274,0.00202,0.58160
CVE-2021-3328,0.00702,0.78274
CVE-2021-33285,0.00053,0.18524
CVE-2021-33286,0.00060,0.23387
CVE-2021-33287,0.00050,0.15960
CVE-2021-33289,0.00085,0.35435
CVE-2021-3329,0.00044,0.10345
CVE-2021-33293,0.00202,0.58232
CVE-2021-33294,0.00044,0.10345
CVE-2021-33295,0.00062,0.24442
CVE-2021-3330,0.00081,0.33577
CVE-2021-33304,0.00156,0.52022
CVE-2021-3331,0.00527,0.74580
CVE-2021-33315,0.00226,0.60930
CVE-2021-33316,0.00226,0.60930
CVE-2021-33317,0.00088,0.36953
CVE-2021-33318,0.00181,0.55505
CVE-2021-3332,0.00235,0.61640
CVE-2021-33320,0.00109,0.43898
CVE-2021-33321,0.00321,0.67628
CVE-2021-33322,0.00155,0.51747
CVE-2021-33323,0.00266,0.64311
CVE-2021-33324,0.00082,0.34183
CVE-2021-33325,0.00065,0.26756
CVE-2021-33326,0.00112,0.44364
CVE-2021-33327,0.00082,0.34183
CVE-2021-33328,0.00066,0.27429
CVE-2021-3333,0.00078,0.32606
CVE-2021-33330,0.00135,0.48669
CVE-2021-33331,0.00120,0.46138
CVE-2021-33332,0.00112,0.44364
CVE-2021-33333,0.00109,0.43898
CVE-2021-33334,0.00082,0.34183
CVE-2021-33335,0.00232,0.61392
CVE-2021-33336,0.00066,0.27429
CVE-2021-33337,0.00112,0.44364
CVE-2021-33338,0.00062,0.24807
CVE-2021-33339,0.00066,0.27429
CVE-2021-33346,0.00290,0.65862
CVE-2021-33347,0.00054,0.19309
CVE-2021-33348,0.00082,0.34002
CVE-2021-33351,0.00059,0.22984
CVE-2021-33352,0.00241,0.62197
CVE-2021-33353,0.00284,0.65483
CVE-2021-33354,0.00156,0.51900
CVE-2021-33356,0.04583,0.91740
CVE-2021-33357,0.96667,0.99568
CVE-2021-33358,0.02508,0.89075
CVE-2021-33359,0.00135,0.48811
CVE-2021-3336,0.00107,0.43271
CVE-2021-33360,0.00242,0.62230
CVE-2021-33361,0.00088,0.37047
CVE-2021-33362,0.00157,0.52119
CVE-2021-33363,0.00065,0.26779
CVE-2021-33364,0.00088,0.37047
CVE-2021-33365,0.00065,0.26779
CVE-2021-33366,0.00088,0.37047
CVE-2021-33367,0.00044,0.08085
CVE-2021-3337,0.03030,0.89983
CVE-2021-33371,0.00088,0.36955
CVE-2021-33387,0.00132,0.48247
CVE-2021-33388,0.00091,0.38380
CVE-2021-3339,0.00069,0.28560
CVE-2021-33390,0.00091,0.38380
CVE-2021-33391,0.00132,0.48247
CVE-2021-33393,0.93784,0.98963
CVE-2021-33394,0.00053,0.18833
CVE-2021-33396,0.00054,0.19230
CVE-2021-3340,0.00089,0.37665
CVE-2021-33403,0.00070,0.29105
CVE-2021-33408,0.00143,0.49998
CVE-2021-3341,0.00244,0.62525
CVE-2021-3342,0.01321,0.84592
CVE-2021-33420,0.00423,0.71717
CVE-2021-33425,0.00054,0.20290
CVE-2021-33430,0.00075,0.30883
CVE-2021-33436,0.00042,0.05722
CVE-2021-33437,0.00078,0.32214
CVE-2021-33438,0.00078,0.32214
CVE-2021-33439,0.00078,0.32214
CVE-2021-3344,0.00088,0.37103
CVE-2021-33440,0.00078,0.32214
CVE-2021-33441,0.00078,0.32214
CVE-2021-33442,0.00078,0.32214
CVE-2021-33443,0.00078,0.32214
CVE-2021-33444,0.00078,0.32214
CVE-2021-33445,0.00078,0.32214
CVE-2021-33446,0.00078,0.32214
CVE-2021-33447,0.00078,0.32214
CVE-2021-33448,0.00078,0.32214
CVE-2021-33449,0.00078,0.32214
CVE-2021-3345,0.00087,0.36263
CVE-2021-33450,0.00055,0.20462
CVE-2021-33451,0.00055,0.20462
CVE-2021-33452,0.00055,0.20462
CVE-2021-33453,0.00078,0.32276
CVE-2021-33454,0.00055,0.20462
CVE-2021-33455,0.00055,0.20462
CVE-2021-33456,0.00055,0.20462
CVE-2021-33457,0.00055,0.20462
CVE-2021-33458,0.00055,0.20462
CVE-2021-33459,0.00055,0.20462
CVE-2021-3346,0.00274,0.64783
CVE-2021-33460,0.00055,0.20462
CVE-2021-33461,0.00055,0.20462
CVE-2021-33462,0.00055,0.20462
CVE-2021-33463,0.00055,0.20462
CVE-2021-33464,0.00055,0.20462
CVE-2021-33465,0.00055,0.20462
CVE-2021-33466,0.00055,0.20462
CVE-2021-33467,0.00055,0.20462
CVE-2021-33468,0.00055,0.20462
CVE-2021-33469,0.00075,0.30782
CVE-2021-3347,0.00044,0.08000
CVE-2021-33470,0.01383,0.84977
CVE-2021-33473,0.00116,0.45381
CVE-2021-33477,0.00772,0.79405
CVE-2021-33478,0.00065,0.26849
CVE-2021-33479,0.00092,0.38932
CVE-2021-3348,0.00042,0.05722
CVE-2021-33480,0.00093,0.38963
CVE-2021-33481,0.00092,0.38932
CVE-2021-33483,0.00053,0.18833
CVE-2021-33484,0.00120,0.46178
CVE-2021-33485,0.00226,0.60930
CVE-2021-33486,0.00089,0.37607
CVE-2021-33488,0.00080,0.33219
CVE-2021-33489,0.00210,0.58965
CVE-2021-3349,0.00058,0.21993
CVE-2021-33490,0.00210,0.58965
CVE-2021-33491,0.00242,0.62303
CVE-2021-33492,0.00080,0.33350
CVE-2021-33493,0.00068,0.28333
CVE-2021-33494,0.00080,0.33350
CVE-2021-33495,0.00080,0.33350
CVE-2021-33496,0.00083,0.34506
CVE-2021-33497,0.00239,0.62050
CVE-2021-33498,0.00186,0.55986
CVE-2021-33499,0.00186,0.55986
CVE-2021-3350,0.00078,0.32606
CVE-2021-33500,0.00179,0.55172
CVE-2021-33501,0.02759,0.89577
CVE-2021-33502,0.00092,0.38912
CVE-2021-33503,0.00256,0.63522
CVE-2021-33504,0.00065,0.26756
CVE-2021-33505,0.00044,0.10161
CVE-2021-33506,0.00076,0.31169
CVE-2021-33507,0.00079,0.33048
CVE-2021-33508,0.00054,0.20290
CVE-2021-33509,0.00326,0.67859
CVE-2021-3351,0.00058,0.22585
CVE-2021-33510,0.00082,0.34183
CVE-2021-33511,0.00161,0.52716
CVE-2021-33512,0.00054,0.20290
CVE-2021-33513,0.00054,0.20290
CVE-2021-33514,0.01659,0.86321
CVE-2021-33515,0.00179,0.55167
CVE-2021-33516,0.00161,0.52716
CVE-2021-3352,0.00161,0.52726
CVE-2021-33523,0.00156,0.52050
CVE-2021-33525,0.00254,0.63428
CVE-2021-33526,0.00042,0.05722
CVE-2021-33527,0.00324,0.67777
CVE-2021-33528,0.00104,0.42231
CVE-2021-33529,0.00152,0.51501
CVE-2021-33530,0.00128,0.47479
CVE-2021-33531,0.00104,0.42231
CVE-2021-33532,0.00128,0.47479
CVE-2021-33533,0.00128,0.47479
CVE-2021-33534,0.00135,0.48789
CVE-2021-33535,0.00290,0.65820
CVE-2021-33536,0.00091,0.38169
CVE-2021-33537,0.00324,0.67754
CVE-2021-33538,0.00087,0.35903
CVE-2021-33539,0.00104,0.42231
CVE-2021-33540,0.00080,0.33432
CVE-2021-33541,0.00191,0.56721
CVE-2021-33542,0.00243,0.62350
CVE-2021-33543,0.00172,0.54453
CVE-2021-33544,0.97530,0.99992
CVE-2021-33545,0.04630,0.91780
CVE-2021-33546,0.04630,0.91780
CVE-2021-33547,0.04630,0.91780
CVE-2021-33548,0.97341,0.99878
CVE-2021-33549,0.97218,0.99804
CVE-2021-3355,0.00239,0.62035
CVE-2021-33550,0.97341,0.99878
CVE-2021-33551,0.97341,0.99878
CVE-2021-33552,0.97341,0.99878
CVE-2021-33553,0.97341,0.99878
CVE-2021-33554,0.97341,0.99878
CVE-2021-33555,0.00153,0.51592
CVE-2021-33557,0.00105,0.42463
CVE-2021-33558,0.00265,0.64181
CVE-2021-33560,0.00220,0.60209
CVE-2021-33561,0.00159,0.52496
CVE-2021-33562,0.00159,0.52496
CVE-2021-33563,0.00183,0.55687
CVE-2021-33564,0.09259,0.94138
CVE-2021-33570,0.00507,0.74097
CVE-2021-33571,0.00158,0.52249
CVE-2021-33572,0.00081,0.33872
CVE-2021-33574,0.01189,0.83665
CVE-2021-33575,0.00596,0.76135
CVE-2021-33576,0.00255,0.63498
CVE-2021-33577,0.00094,0.39480
CVE-2021-33578,0.00138,0.49352
CVE-2021-33580,0.00124,0.46785
CVE-2021-33581,0.00104,0.42231
CVE-2021-33582,0.00381,0.70282
CVE-2021-33583,0.00201,0.58090
CVE-2021-33586,0.00060,0.23686
CVE-2021-33587,0.00112,0.44456
CVE-2021-33589,0.00059,0.22950
CVE-2021-33590,0.00478,0.73295
CVE-2021-33591,0.00441,0.72258
CVE-2021-33592,0.00409,0.71250
CVE-2021-33593,0.00061,0.23818
CVE-2021-33594,0.00105,0.42406
CVE-2021-33595,0.00105,0.42406
CVE-2021-33596,0.00119,0.45901
CVE-2021-33597,0.00057,0.21336
CVE-2021-33598,0.00126,0.47164
CVE-2021-33599,0.00057,0.21336
CVE-2021-33600,0.00107,0.43241
CVE-2021-33601,0.00104,0.42283
CVE-2021-33602,0.00079,0.33173
CVE-2021-33603,0.00101,0.41058
CVE-2021-33604,0.00053,0.18609
CVE-2021-33605,0.00054,0.20290
CVE-2021-33609,0.00075,0.31089
CVE-2021-33611,0.00094,0.39447
CVE-2021-33615,0.00331,0.68193
CVE-2021-33616,0.00120,0.46088
CVE-2021-33617,0.00140,0.49678
CVE-2021-33618,0.00265,0.64262
CVE-2021-33620,0.17914,0.95715
CVE-2021-33621,0.00202,0.58190
CVE-2021-33622,0.00221,0.60340
CVE-2021-33623,0.00124,0.46778
CVE-2021-33624,0.00058,0.21952
CVE-2021-33625,0.00042,0.05722
CVE-2021-33626,0.00052,0.17661
CVE-2021-33627,0.00052,0.17661
CVE-2021-33629,0.00089,0.37607
CVE-2021-33630,0.00042,0.05722
CVE-2021-33631,0.00042,0.05722
CVE-2021-33634,0.00044,0.08085
CVE-2021-33635,0.00065,0.26885
CVE-2021-33636,0.00065,0.26885
CVE-2021-33637,0.00045,0.12069
CVE-2021-33638,0.00045,0.12069
CVE-2021-33639,0.00048,0.14563
CVE-2021-33640,0.00166,0.53313
CVE-2021-33641,0.00053,0.19001
CVE-2021-33642,0.00044,0.10345
CVE-2021-33643,0.00265,0.64183
CVE-2021-33644,0.00221,0.60330
CVE-2021-33645,0.00230,0.61219
CVE-2021-33646,0.00230,0.61219
CVE-2021-33647,0.00150,0.51158
CVE-2021-33648,0.00150,0.51158
CVE-2021-33649,0.00150,0.51158
CVE-2021-33650,0.00150,0.51158
CVE-2021-33651,0.00089,0.37607
CVE-2021-33652,0.00089,0.37607
CVE-2021-33653,0.00089,0.37607
CVE-2021-33654,0.00089,0.37607
CVE-2021-33655,0.00042,0.05722
CVE-2021-33656,0.00065,0.27122
CVE-2021-33657,0.00491,0.73653
CVE-2021-33658,0.00042,0.05722
CVE-2021-33659,0.00058,0.21944
CVE-2021-33660,0.00058,0.21944
CVE-2021-33661,0.00058,0.21944
CVE-2021-33662,0.00044,0.10161
CVE-2021-33663,0.00079,0.33048
CVE-2021-33664,0.00054,0.20290
CVE-2021-33665,0.00054,0.20290
CVE-2021-33666,0.00079,0.33048
CVE-2021-33667,0.00054,0.20290
CVE-2021-33668,0.00192,0.56865
CVE-2021-33669,0.00053,0.18898
CVE-2021-33670,0.00520,0.74399
CVE-2021-33671,0.00104,0.42231
CVE-2021-33672,0.00221,0.60385
CVE-2021-33673,0.00078,0.32669
CVE-2021-33674,0.00078,0.32669
CVE-2021-33675,0.00078,0.32669
CVE-2021-33676,0.00104,0.42231
CVE-2021-33677,0.00175,0.54693
CVE-2021-33678,0.01304,0.84502
CVE-2021-33679,0.00054,0.20290
CVE-2021-33680,0.00101,0.41058
CVE-2021-33681,0.00101,0.41058
CVE-2021-33682,0.00054,0.19275
CVE-2021-33683,0.00054,0.20290
CVE-2021-33684,0.00090,0.37732
CVE-2021-33685,0.00086,0.35752
CVE-2021-33686,0.00078,0.32206
CVE-2021-33687,0.00225,0.60861
CVE-2021-33688,0.00054,0.20290
CVE-2021-33689,0.00054,0.20290
CVE-2021-33690,0.39709,0.96922
CVE-2021-33691,0.00078,0.32206
CVE-2021-33692,0.00220,0.59947
CVE-2021-33693,0.00044,0.10161
CVE-2021-33694,0.00054,0.20290
CVE-2021-33695,0.00109,0.43578
CVE-2021-33696,0.00054,0.20290
CVE-2021-33697,0.00083,0.34426
CVE-2021-33698,0.00104,0.42231
CVE-2021-33699,0.00064,0.26289
CVE-2021-3370,0.00072,0.29847
CVE-2021-33700,0.00042,0.05722
CVE-2021-33701,0.00742,0.78944
CVE-2021-33702,0.00162,0.52797
CVE-2021-33703,0.00162,0.52797
CVE-2021-33704,0.00104,0.42231
CVE-2021-33705,0.00306,0.66749
CVE-2021-33706,0.00054,0.20290
CVE-2021-33707,0.00197,0.57586
CVE-2021-33708,0.00095,0.39710
CVE-2021-33709,0.00082,0.34183
CVE-2021-33710,0.00072,0.29847
CVE-2021-33711,0.00072,0.29847
CVE-2021-33712,0.00294,0.66122
CVE-2021-33713,0.00052,0.17725
CVE-2021-33714,0.00052,0.17725
CVE-2021-33715,0.00052,0.17725
CVE-2021-33716,0.00052,0.18060
CVE-2021-33717,0.00052,0.17725
CVE-2021-33718,0.00054,0.20290
CVE-2021-33719,0.00499,0.73841
CVE-2021-33720,0.00089,0.37607
CVE-2021-33721,0.00179,0.55145
CVE-2021-33722,0.00063,0.24943
CVE-2021-33723,0.00054,0.20290
CVE-2021-33724,0.00090,0.37763
CVE-2021-33725,0.00090,0.37763
CVE-2021-33726,0.00133,0.48298
CVE-2021-33727,0.00057,0.21513
CVE-2021-33728,0.00088,0.36849
CVE-2021-33729,0.00114,0.44803
CVE-2021-33730,0.00158,0.52348
CVE-2021-33731,0.00158,0.52348
CVE-2021-33732,0.00158,0.52348
CVE-2021-33733,0.00158,0.52348
CVE-2021-33734,0.00158,0.52348
CVE-2021-33735,0.00158,0.52348
CVE-2021-33736,0.00158,0.52348
CVE-2021-33737,0.00089,0.37607
CVE-2021-33738,0.00060,0.23538
CVE-2021-33739,0.00092,0.38849
CVE-2021-3374,0.00235,0.61622
CVE-2021-33740,0.03022,0.89974
CVE-2021-33741,0.00306,0.66775
CVE-2021-33742,0.25817,0.96299
CVE-2021-33743,0.00043,0.07315
CVE-2021-33744,0.00043,0.07315
CVE-2021-33745,0.00210,0.59011
CVE-2021-33746,0.01544,0.85814
CVE-2021-33749,0.04927,0.92058
CVE-2021-3375,0.00573,0.75630
CVE-2021-33750,0.04927,0.92058
CVE-2021-33751,0.00073,0.30297
CVE-2021-33752,0.04927,0.92058
CVE-2021-33753,0.00118,0.45711
CVE-2021-33754,0.01544,0.85814
CVE-2021-33755,0.00144,0.50243
CVE-2021-33756,0.04927,0.92058
CVE-2021-33757,0.00266,0.64315
CVE-2021-33758,0.00148,0.50825
CVE-2021-33759,0.00043,0.07315
CVE-2021-3376,0.00087,0.36582
CVE-2021-33760,0.00043,0.07315
CVE-2021-33761,0.00043,0.07315
CVE-2021-33762,0.00043,0.07315
CVE-2021-33763,0.00043,0.07315
CVE-2021-33764,0.00225,0.60837
CVE-2021-33765,0.00254,0.63428
CVE-2021-33766,0.58294,0.97450
CVE-2021-33767,0.00043,0.07315
CVE-2021-33768,0.00043,0.07315
CVE-2021-3377,0.00129,0.47601
CVE-2021-33771,0.00068,0.28133
CVE-2021-33772,0.00169,0.53840
CVE-2021-33773,0.00043,0.07315
CVE-2021-33774,0.00043,0.07315
CVE-2021-33775,0.03022,0.89974
CVE-2021-33776,0.03022,0.89974
CVE-2021-33777,0.03022,0.89974
CVE-2021-33778,0.03022,0.89974
CVE-2021-33779,0.00065,0.26906
CVE-2021-3378,0.43358,0.97031
CVE-2021-33780,0.01258,0.84196
CVE-2021-33781,0.00065,0.26906
CVE-2021-33782,0.00179,0.55183
CVE-2021-33783,0.02683,0.89433
CVE-2021-33784,0.00043,0.07315
CVE-2021-33785,0.00169,0.53840
CVE-2021-33786,0.00065,0.26906
CVE-2021-33788,0.00169,0.53840
CVE-2021-33790,0.02742,0.89542
CVE-2021-33792,0.00059,0.22832
CVE-2021-33793,0.00179,0.55236
CVE-2021-33794,0.00169,0.53853
CVE-2021-33795,0.00051,0.17450
CVE-2021-33796,0.00046,0.13740
CVE-2021-33797,0.00091,0.38380
CVE-2021-33798,0.00046,0.13740
CVE-2021-3380,0.00854,0.80479
CVE-2021-33800,0.00153,0.51592
CVE-2021-33806,0.02140,0.88172
CVE-2021-33807,0.02331,0.88677
CVE-2021-33813,0.00402,0.71029
CVE-2021-33815,0.00185,0.55819
CVE-2021-33816,0.03495,0.90648
CVE-2021-33818,0.00184,0.55771
CVE-2021-3382,0.00217,0.59779
CVE-2021-33820,0.00184,0.55771
CVE-2021-33822,0.00184,0.55771
CVE-2021-33823,0.00118,0.45692
CVE-2021-33824,0.00184,0.55771
CVE-2021-33827,0.00114,0.44954
CVE-2021-33828,0.00104,0.42231
CVE-2021-33829,0.00508,0.74102
CVE-2021-33831,0.00068,0.28007
CVE-2021-33833,0.00368,0.69764
CVE-2021-33834,0.00043,0.06775
CVE-2021-33838,0.00363,0.69543
CVE-2021-33839,0.00363,0.69543
CVE-2021-3384,0.00092,0.38838
CVE-2021-33840,0.00204,0.58375
CVE-2021-33841,0.00548,0.75117
CVE-2021-33842,0.00062,0.24332
CVE-2021-33843,0.00069,0.28747
CVE-2021-33844,0.00049,0.15168
CVE-2021-33845,0.00078,0.32206
CVE-2021-33846,0.00104,0.42231
CVE-2021-33847,0.00043,0.06775
CVE-2021-33848,0.00093,0.39063
CVE-2021-33849,0.00126,0.47195
CVE-2021-33850,0.00067,0.27754
CVE-2021-33851,0.00069,0.28541
CVE-2021-33852,0.00058,0.22585
CVE-2021-33853,0.00058,0.22585
CVE-2021-33879,0.00200,0.57968
CVE-2021-33880,0.00098,0.40470
CVE-2021-33881,0.00108,0.43317
CVE-2021-33882,0.00105,0.42631
CVE-2021-33883,0.00383,0.70341
CVE-2021-33884,0.00166,0.53287
CVE-2021-33885,0.00526,0.74555
CVE-2021-33886,0.00235,0.61690
CVE-2021-33887,0.00132,0.48081
CVE-2021-33889,0.00078,0.32085
CVE-2021-33894,0.00081,0.33498
CVE-2021-33895,0.00366,0.69660
CVE-2021-33896,0.00121,0.46208
CVE-2021-33897,0.00049,0.15814
CVE-2021-33898,0.00741,0.78931
CVE-2021-33900,0.00047,0.14190
CVE-2021-33903,0.00104,0.42231
CVE-2021-33904,0.00159,0.52451
CVE-2021-33907,0.00356,0.69266
CVE-2021-33909,0.00189,0.56449
CVE-2021-3391,0.00083,0.34392
CVE-2021-33910,0.00044,0.08000
CVE-2021-33911,0.00474,0.73156
CVE-2021-33912,0.01439,0.85269
CVE-2021-33913,0.01289,0.84407
CVE-2021-3392,0.00070,0.29076
CVE-2021-33923,0.00042,0.05722
CVE-2021-33924,0.01203,0.83777
CVE-2021-33925,0.00120,0.46068
CVE-2021-33926,0.00081,0.33525
CVE-2021-33928,0.00098,0.40477
CVE-2021-33929,0.00098,0.40477
CVE-2021-3393,0.00063,0.25033
CVE-2021-33930,0.00098,0.40477
CVE-2021-33938,0.00098,0.40477
CVE-2021-3394,0.00464,0.72874
CVE-2021-33945,0.00214,0.59505
CVE-2021-33948,0.00116,0.45263
CVE-2021-33949,0.00160,0.52615
CVE-2021-3395,0.00066,0.27429
CVE-2021-33950,0.00070,0.28855
CVE-2021-33959,0.00083,0.34351
CVE-2021-3396,0.00231,0.61349
CVE-2021-33961,0.00078,0.32739
CVE-2021-33962,0.01353,0.84791
CVE-2021-33963,0.00297,0.66270
CVE-2021-33964,0.00388,0.70518
CVE-2021-33965,0.00388,0.70518
CVE-2021-33966,0.00048,0.14585
CVE-2021-33970,0.00070,0.28782
CVE-2021-33971,0.00052,0.17539
CVE-2021-33972,0.00070,0.28782
CVE-2021-33973,0.00043,0.07658
CVE-2021-33974,0.00118,0.45753
CVE-2021-33975,0.00070,0.28782
CVE-2021-3398,0.00089,0.37672
CVE-2021-33981,0.00087,0.35996
CVE-2021-33982,0.00151,0.51305
CVE-2021-33983,0.00042,0.05722
CVE-2021-33988,0.00078,0.32739
CVE-2021-33990,0.13981,0.95191
CVE-2021-3401,0.00710,0.78441
CVE-2021-3402,0.00203,0.58275
CVE-2021-3403,0.00174,0.54603
CVE-2021-3404,0.00109,0.43900
CVE-2021-3405,0.01314,0.84559
CVE-2021-34055,0.00056,0.21221
CVE-2021-3406,0.00212,0.59193
CVE-2021-34066,0.00389,0.70608
CVE-2021-34067,0.00077,0.31907
CVE-2021-34068,0.00077,0.31907
CVE-2021-34069,0.00060,0.23252
CVE-2021-3407,0.00112,0.44401
CVE-2021-34070,0.00060,0.23252
CVE-2021-34071,0.00069,0.28475
CVE-2021-34073,0.00091,0.38085
CVE-2021-34074,0.01016,0.82175
CVE-2021-34075,0.00201,0.58119
CVE-2021-34076,0.00093,0.39064
CVE-2021-34078,0.00214,0.59482
CVE-2021-34079,0.00294,0.66089
CVE-2021-34080,0.00326,0.67865
CVE-2021-34081,0.00158,0.52355
CVE-2021-34082,0.00348,0.68863
CVE-2021-34083,0.00607,0.76355
CVE-2021-34084,0.00326,0.67865
CVE-2021-34085,0.00587,0.75953
CVE-2021-34086,0.00092,0.38677
CVE-2021-34087,0.00102,0.41563
CVE-2021-3409,0.00047,0.14042
CVE-2021-3410,0.00042,0.05722
CVE-2021-3411,0.00048,0.14460
CVE-2021-34110,0.00277,0.64996
CVE-2021-34111,0.00391,0.70677
CVE-2021-34117,0.00081,0.33880
CVE-2021-34119,0.00055,0.20747
CVE-2021-3412,0.00081,0.33674
CVE-2021-34121,0.00055,0.20747
CVE-2021-34122,0.00057,0.21445
CVE-2021-34123,0.00134,0.48641
CVE-2021-34125,0.00091,0.38540
CVE-2021-34128,0.00320,0.67568
CVE-2021-34129,0.00175,0.54723
CVE-2021-3413,0.00072,0.29893
CVE-2021-3414,0.00064,0.25824
CVE-2021-34141,0.00088,0.37038
CVE-2021-34143,0.00059,0.23005
CVE-2021-34144,0.00059,0.22985
CVE-2021-34145,0.00057,0.21336
CVE-2021-34146,0.00057,0.21336
CVE-2021-34147,0.00057,0.21336
CVE-2021-34148,0.00057,0.21336
CVE-2021-34149,0.00059,0.23005
CVE-2021-34150,0.00057,0.21336
CVE-2021-3416,0.00050,0.15960
CVE-2021-34164,0.00058,0.21967
CVE-2021-34165,0.00134,0.48593
CVE-2021-34166,0.00134,0.48593
CVE-2021-34167,0.00090,0.38004
CVE-2021-3417,0.00065,0.26756
CVE-2021-34170,0.00714,0.78495
CVE-2021-34173,0.00088,0.37038
CVE-2021-34174,0.00057,0.21445
CVE-2021-3418,0.00044,0.10161
CVE-2021-34181,0.00056,0.20979
CVE-2021-34182,0.00160,0.52615
CVE-2021-34184,0.00239,0.62028
CVE-2021-34185,0.00079,0.33095
CVE-2021-34187,0.01546,0.85823
CVE-2021-34190,0.00054,0.19309
CVE-2021-34193,0.00194,0.57339
CVE-2021-3420,0.00609,0.76394
CVE-2021-34201,0.00087,0.36440
CVE-2021-34202,0.00145,0.50368
CVE-2021-34203,0.00156,0.52046
CVE-2021-34204,0.00158,0.52299
CVE-2021-34207,0.00095,0.39559
CVE-2021-3421,0.00071,0.29182
CVE-2021-34215,0.00095,0.39559
CVE-2021-34218,0.00077,0.31772
CVE-2021-3422,0.00101,0.41058
CVE-2021-34220,0.00095,0.39559
CVE-2021-34223,0.00095,0.39559
CVE-2021-34228,0.00095,0.39559
CVE-2021-3423,0.00044,0.10161
CVE-2021-34235,0.00190,0.56614
CVE-2021-34236,0.00294,0.66078
CVE-2021-3424,0.00072,0.29675
CVE-2021-34243,0.00058,0.22585
CVE-2021-34244,0.00109,0.43554
CVE-2021-34249,0.00066,0.27466
CVE-2021-3425,0.00044,0.10161
CVE-2021-34254,0.00073,0.30345
CVE-2021-34257,0.02771,0.89594
CVE-2021-34259,0.00085,0.35300
CVE-2021-3426,0.00061,0.24205
CVE-2021-34260,0.00085,0.35300
CVE-2021-34261,0.00051,0.17017
CVE-2021-34262,0.00085,0.35300
CVE-2021-34267,0.00051,0.17017
CVE-2021-34268,0.00051,0.17017
CVE-2021-3427,0.00071,0.29185
CVE-2021-34270,0.00078,0.32649
CVE-2021-34272,0.00078,0.32649
CVE-2021-34273,0.00078,0.32649
CVE-2021-3428,0.00042,0.05722
CVE-2021-34280,0.19222,0.95846
CVE-2021-3429,0.00042,0.05722
CVE-2021-34291,0.00068,0.28004
CVE-2021-34292,0.00068,0.28004
CVE-2021-34293,0.00068,0.28004
CVE-2021-34294,0.00068,0.28004
CVE-2021-34295,0.00068,0.28004
CVE-2021-34296,0.00068,0.28004
CVE-2021-34297,0.00068,0.28004
CVE-2021-34298,0.00123,0.46531
CVE-2021-34299,0.00063,0.25308
CVE-2021-3430,0.00089,0.37607
CVE-2021-34300,0.00068,0.28004
CVE-2021-34301,0.00123,0.46531
CVE-2021-34302,0.00063,0.25308
CVE-2021-34303,0.00063,0.25308
CVE-2021-34304,0.00063,0.25308
CVE-2021-34305,0.00077,0.31730
CVE-2021-34306,0.00066,0.27487
CVE-2021-34307,0.00063,0.25308
CVE-2021-34308,0.00063,0.25308
CVE-2021-34309,0.00068,0.28004
CVE-2021-3431,0.00089,0.37607
CVE-2021-34310,0.00068,0.28004
CVE-2021-34311,0.00068,0.28004
CVE-2021-34312,0.00066,0.27487
CVE-2021-34313,0.00066,0.27487
CVE-2021-34314,0.00068,0.28004
CVE-2021-34315,0.00068,0.28004
CVE-2021-34316,0.00068,0.28004
CVE-2021-34317,0.00066,0.27487
CVE-2021-34318,0.00066,0.27487
CVE-2021-34319,0.00068,0.28004
CVE-2021-3432,0.00089,0.37607
CVE-2021-34320,0.00063,0.25308
CVE-2021-34321,0.00063,0.25308
CVE-2021-34322,0.00070,0.29123
CVE-2021-34323,0.00068,0.28004
CVE-2021-34324,0.00123,0.46531
CVE-2021-34325,0.00063,0.25308
CVE-2021-34326,0.00073,0.30257
CVE-2021-34327,0.00073,0.30257
CVE-2021-34328,0.00073,0.30257
CVE-2021-34329,0.00073,0.30257
CVE-2021-3433,0.00044,0.10161
CVE-2021-34330,0.00116,0.45341
CVE-2021-34331,0.00068,0.28004
CVE-2021-34332,0.00052,0.17725
CVE-2021-34333,0.00052,0.17725
CVE-2021-34334,0.00098,0.40556
CVE-2021-34335,0.00069,0.28549
CVE-2021-34337,0.00045,0.12069
CVE-2021-34338,0.00119,0.45966
CVE-2021-34339,0.00119,0.45966
CVE-2021-3434,0.00061,0.23901
CVE-2021-34340,0.00110,0.44074
CVE-2021-34341,0.00081,0.33923
CVE-2021-34342,0.00127,0.47318
CVE-2021-34343,0.00088,0.36694
CVE-2021-34344,0.00264,0.64117
CVE-2021-34345,0.00264,0.64117
CVE-2021-34346,0.00264,0.64117
CVE-2021-34348,0.00281,0.65245
CVE-2021-34349,0.00193,0.57219
CVE-2021-3435,0.00044,0.10161
CVE-2021-34351,0.00281,0.65245
CVE-2021-34352,0.00281,0.65245
CVE-2021-34354,0.00066,0.27429
CVE-2021-34355,0.00066,0.27429
CVE-2021-34356,0.00066,0.27429
CVE-2021-34357,0.00104,0.42018
CVE-2021-34358,0.00067,0.27861
CVE-2021-34359,0.00066,0.27429
CVE-2021-3436,0.00077,0.31772
CVE-2021-34360,0.00085,0.35314
CVE-2021-34361,0.00104,0.42018
CVE-2021-34362,0.00193,0.57219
CVE-2021-34363,0.00183,0.55649
CVE-2021-34364,0.00062,0.24801
CVE-2021-34369,0.00366,0.69694
CVE-2021-3437,0.00148,0.50775
CVE-2021-34370,0.00183,0.55668
CVE-2021-34371,0.04048,0.91259
CVE-2021-34372,0.00047,0.13986
CVE-2021-34373,0.00044,0.10161
CVE-2021-34374,0.00044,0.10161
CVE-2021-34375,0.00044,0.10161
CVE-2021-34376,0.00044,0.10161
CVE-2021-34377,0.00044,0.10161
CVE-2021-34378,0.00044,0.10161
CVE-2021-34379,0.00044,0.10161
CVE-2021-3438,0.00042,0.05722
CVE-2021-34380,0.00044,0.10161
CVE-2021-34381,0.00044,0.10161
CVE-2021-34382,0.00044,0.10161
CVE-2021-34383,0.00044,0.10161
CVE-2021-34384,0.00044,0.10161
CVE-2021-34385,0.00044,0.10161
CVE-2021-34386,0.00044,0.10161
CVE-2021-34387,0.00044,0.10161
CVE-2021-34388,0.00044,0.10161
CVE-2021-34389,0.00045,0.12206
CVE-2021-3439,0.00043,0.06775
CVE-2021-34390,0.00044,0.10161
CVE-2021-34391,0.00044,0.10161
CVE-2021-34392,0.00044,0.10161
CVE-2021-34393,0.00044,0.10161
CVE-2021-34394,0.00046,0.13785
CVE-2021-34395,0.00042,0.05722
CVE-2021-34396,0.00044,0.10161
CVE-2021-34397,0.00044,0.10161
CVE-2021-34398,0.00044,0.10161
CVE-2021-34399,0.00044,0.10161
CVE-2021-3440,0.00044,0.10161
CVE-2021-34400,0.00044,0.10161
CVE-2021-34401,0.00044,0.10161
CVE-2021-34402,0.00044,0.10161
CVE-2021-34403,0.00044,0.10161
CVE-2021-34404,0.00062,0.24373
CVE-2021-34405,0.00044,0.10161
CVE-2021-34406,0.00044,0.10161
CVE-2021-34408,0.00044,0.10161
CVE-2021-34409,0.00044,0.10161
CVE-2021-3441,0.00076,0.31405
CVE-2021-34410,0.00044,0.10161
CVE-2021-34411,0.00042,0.05722
CVE-2021-34412,0.00042,0.05722
CVE-2021-34413,0.00104,0.42231
CVE-2021-34414,0.00141,0.49778
CVE-2021-34415,0.00089,0.37607
CVE-2021-34416,0.00219,0.59930
CVE-2021-34417,0.00141,0.49778
CVE-2021-34418,0.00079,0.33173
CVE-2021-34419,0.00072,0.29847
CVE-2021-3442,0.00053,0.18436
CVE-2021-34420,0.00079,0.33063
CVE-2021-34421,0.00072,0.29847
CVE-2021-34422,0.00384,0.70396
CVE-2021-34423,0.00415,0.71468
CVE-2021-34424,0.00170,0.53953
CVE-2021-34425,0.00072,0.29847
CVE-2021-34426,0.00044,0.10161
CVE-2021-34427,0.00305,0.66730
CVE-2021-34428,0.00107,0.43150
CVE-2021-34429,0.45742,0.97107
CVE-2021-3443,0.00054,0.19332
CVE-2021-34430,0.00558,0.75301
CVE-2021-34431,0.00063,0.25602
CVE-2021-34432,0.00066,0.27608
CVE-2021-34433,0.00067,0.27778
CVE-2021-34434,0.00126,0.47135
CVE-2021-34435,0.00229,0.61147
CVE-2021-34436,0.00419,0.71576
CVE-2021-34438,0.03022,0.89974
CVE-2021-34439,0.03022,0.89974
CVE-2021-3444,0.00043,0.07614
CVE-2021-34440,0.00043,0.07315
CVE-2021-34441,0.03022,0.89974
CVE-2021-34442,0.01258,0.84196
CVE-2021-34444,0.00210,0.59011
CVE-2021-34445,0.00043,0.07315
CVE-2021-34446,0.00352,0.69070
CVE-2021-34447,0.00755,0.79130
CVE-2021-34448,0.96031,0.99370
CVE-2021-34449,0.00043,0.07315
CVE-2021-3445,0.00235,0.61616
CVE-2021-34450,0.00898,0.80967
CVE-2021-34451,0.00169,0.53859
CVE-2021-34452,0.03022,0.89974
CVE-2021-34453,0.00124,0.46718
CVE-2021-34454,0.00043,0.07315
CVE-2021-34455,0.00043,0.07315
CVE-2021-34456,0.00043,0.07315
CVE-2021-34457,0.00043,0.07315
CVE-2021-34458,0.02183,0.88299
CVE-2021-34459,0.00043,0.07315
CVE-2021-3446,0.00044,0.10161
CVE-2021-34460,0.00043,0.07315
CVE-2021-34461,0.00043,0.07315
CVE-2021-34462,0.00073,0.30297
CVE-2021-34464,0.03022,0.89974
CVE-2021-34466,0.00054,0.19662
CVE-2021-34467,0.00494,0.73730
CVE-2021-34468,0.01639,0.86252
CVE-2021-34469,0.00245,0.62576
CVE-2021-3447,0.00047,0.14180
CVE-2021-34470,0.00046,0.12643
CVE-2021-34471,0.00043,0.07494
CVE-2021-34473,0.97137,0.99756
CVE-2021-34474,0.01418,0.85156
CVE-2021-34475,0.00063,0.25174
CVE-2021-34476,0.00169,0.53840
CVE-2021-34477,0.00043,0.07315
CVE-2021-34478,0.02931,0.89839
CVE-2021-34479,0.00114,0.44912
CVE-2021-3448,0.00222,0.60403
CVE-2021-34480,0.42629,0.97006
CVE-2021-34481,0.01000,0.82046
CVE-2021-34483,0.00043,0.07315
CVE-2021-34484,0.00196,0.57543
CVE-2021-34485,0.00069,0.28533
CVE-2021-34486,0.00261,0.63911
CVE-2021-34487,0.00043,0.07315
CVE-2021-34488,0.00043,0.07315
CVE-2021-34489,0.03022,0.89974
CVE-2021-3449,0.00333,0.68277
CVE-2021-34490,0.00169,0.53840
CVE-2021-34491,0.00043,0.07315
CVE-2021-34492,0.00261,0.63893
CVE-2021-34493,0.00043,0.07315
CVE-2021-34494,0.01258,0.84196
CVE-2021-34496,0.00043,0.07315
CVE-2021-34497,0.00755,0.79130
CVE-2021-34498,0.90505,0.98604
CVE-2021-34499,0.00210,0.59011
CVE-2021-3450,0.00260,0.63814
CVE-2021-34500,0.00423,0.71724
CVE-2021-34501,0.02218,0.88396
CVE-2021-34503,0.03022,0.89974
CVE-2021-34504,0.03022,0.89974
CVE-2021-34506,0.00063,0.25174
CVE-2021-34507,0.01747,0.86657
CVE-2021-34508,0.01258,0.84196
CVE-2021-34509,0.00043,0.07315
CVE-2021-3451,0.00044,0.10161
CVE-2021-34510,0.00046,0.12643
CVE-2021-34511,0.00043,0.07315
CVE-2021-34512,0.00046,0.13758
CVE-2021-34513,0.00046,0.13758
CVE-2021-34514,0.00043,0.07315
CVE-2021-34516,0.00061,0.24024
CVE-2021-34517,0.00146,0.50503
CVE-2021-34518,0.03022,0.89974
CVE-2021-34519,0.34704,0.96731
CVE-2021-3452,0.00042,0.05722
CVE-2021-34520,0.01354,0.84795
CVE-2021-34521,0.03022,0.89974
CVE-2021-34522,0.03022,0.89974
CVE-2021-34523,0.60757,0.97511
CVE-2021-34524,0.01018,0.82195
CVE-2021-34525,0.01258,0.84196
CVE-2021-34527,0.96818,0.99625
CVE-2021-34528,0.03022,0.89974
CVE-2021-34529,0.02218,0.88396
CVE-2021-3453,0.00051,0.17428
CVE-2021-34530,0.38247,0.96869
CVE-2021-34532,0.00043,0.07315
CVE-2021-34533,0.38247,0.96869
CVE-2021-34534,0.01118,0.83078
CVE-2021-34535,0.06322,0.92962
CVE-2021-34536,0.00043,0.07494
CVE-2021-34537,0.00043,0.07315
CVE-2021-34538,0.00441,0.72259
CVE-2021-34539,0.00124,0.46831
CVE-2021-3454,0.00089,0.37607
CVE-2021-34540,0.00212,0.59089
CVE-2021-34543,0.03031,0.89985
CVE-2021-34544,0.01128,0.83169
CVE-2021-34546,0.00260,0.63821
CVE-2021-34547,0.00063,0.25629
CVE-2021-34548,0.00377,0.70101
CVE-2021-34549,0.00169,0.53935
CVE-2021-3455,0.00086,0.35887
CVE-2021-34550,0.00214,0.59492
CVE-2021-34551,0.01901,0.87318
CVE-2021-34552,0.00433,0.71994
CVE-2021-34553,0.00140,0.49584
CVE-2021-34555,0.00878,0.80740
CVE-2021-34556,0.00046,0.12666
CVE-2021-34557,0.00100,0.40879
CVE-2021-34558,0.00255,0.63495
CVE-2021-34559,0.00136,0.49009
CVE-2021-3456,0.00042,0.05722
CVE-2021-34560,0.00061,0.23842
CVE-2021-34561,0.00197,0.57609
CVE-2021-34562,0.00072,0.29847
CVE-2021-34563,0.00044,0.10161
CVE-2021-34564,0.00044,0.10161
CVE-2021-34565,0.00201,0.58090
CVE-2021-34566,0.00079,0.33122
CVE-2021-34567,0.00078,0.32333
CVE-2021-34568,0.00078,0.32333
CVE-2021-34569,0.00170,0.54075
CVE-2021-3457,0.00042,0.05722
CVE-2021-34570,0.00089,0.37607
CVE-2021-34571,0.00052,0.18060
CVE-2021-34572,0.00051,0.17428
CVE-2021-34573,0.00044,0.10161
CVE-2021-34574,0.00050,0.16378
CVE-2021-34575,0.00150,0.51158
CVE-2021-34576,0.00050,0.16871
CVE-2021-34577,0.00054,0.19140
CVE-2021-34578,0.00201,0.58090
CVE-2021-34579,0.00135,0.48776
CVE-2021-3458,0.00051,0.17428
CVE-2021-34580,0.00150,0.51158
CVE-2021-34581,0.00095,0.39739
CVE-2021-34582,0.00054,0.20290
CVE-2021-34583,0.00132,0.48172
CVE-2021-34584,0.00255,0.63463
CVE-2021-34585,0.00097,0.40250
CVE-2021-34586,0.00096,0.39781
CVE-2021-34587,0.00076,0.31324
CVE-2021-34588,0.00150,0.51158
CVE-2021-34589,0.00150,0.51158
CVE-2021-3459,0.00061,0.23972
CVE-2021-34590,0.00054,0.20290
CVE-2021-34591,0.00042,0.05722
CVE-2021-34592,0.00073,0.30276
CVE-2021-34593,0.07613,0.93536
CVE-2021-34594,0.00080,0.33454
CVE-2021-34595,0.00081,0.33884
CVE-2021-34596,0.00081,0.33872
CVE-2021-34597,0.00062,0.24373
CVE-2021-34598,0.00089,0.37607
CVE-2021-34599,0.00091,0.38553
CVE-2021-3460,0.00150,0.51166
CVE-2021-34600,0.00048,0.14460
CVE-2021-34601,0.00201,0.58090
CVE-2021-34602,0.00128,0.47479
CVE-2021-34605,0.00078,0.32122
CVE-2021-34606,0.00042,0.05722
CVE-2021-34609,0.00110,0.44091
CVE-2021-3461,0.00062,0.24373
CVE-2021-34610,0.00182,0.55543
CVE-2021-34611,0.00182,0.55543
CVE-2021-34612,0.00095,0.39688
CVE-2021-34613,0.00095,0.39688
CVE-2021-34614,0.00095,0.39688
CVE-2021-34615,0.00095,0.39688
CVE-2021-34616,0.00095,0.39688
CVE-2021-34617,0.00072,0.29847
CVE-2021-34618,0.00089,0.37290
CVE-2021-34619,0.00201,0.58105
CVE-2021-3462,0.00044,0.10161
CVE-2021-34620,0.00144,0.50245
CVE-2021-34621,0.78880,0.98012
CVE-2021-34622,0.00104,0.42382
CVE-2021-34623,0.00283,0.65421
CVE-2021-34624,0.00283,0.65421
CVE-2021-34625,0.00058,0.22585
CVE-2021-34626,0.00058,0.22585
CVE-2021-34627,0.00054,0.20290
CVE-2021-34628,0.00125,0.46935
CVE-2021-34629,0.00054,0.20290
CVE-2021-3463,0.00044,0.10161
CVE-2021-34630,0.00078,0.32739
CVE-2021-34631,0.00075,0.30903
CVE-2021-34632,0.00125,0.46935
CVE-2021-34633,0.00125,0.46935
CVE-2021-34634,0.00125,0.46935
CVE-2021-34635,0.00068,0.28323
CVE-2021-34636,0.00101,0.41190
CVE-2021-34637,0.00125,0.46935
CVE-2021-34638,0.00093,0.39033
CVE-2021-34639,0.00104,0.42231
CVE-2021-3464,0.00044,0.10161
CVE-2021-34640,0.00116,0.45276
CVE-2021-34641,0.00054,0.19309
CVE-2021-34642,0.00069,0.28663
CVE-2021-34643,0.00116,0.45276
CVE-2021-34644,0.00068,0.28323
CVE-2021-34645,0.00101,0.41190
CVE-2021-34646,0.02109,0.88040
CVE-2021-34647,0.00070,0.28854
CVE-2021-34648,0.00053,0.18833
CVE-2021-34649,0.00069,0.28663
CVE-2021-34650,0.00061,0.24174
CVE-2021-34651,0.00069,0.28663
CVE-2021-34652,0.00069,0.28663
CVE-2021-34653,0.00069,0.28663
CVE-2021-34654,0.00069,0.28663
CVE-2021-34655,0.00069,0.28663
CVE-2021-34656,0.00069,0.28663
CVE-2021-34657,0.00069,0.28663
CVE-2021-34658,0.00069,0.28663
CVE-2021-34659,0.00069,0.28663
CVE-2021-3466,0.00357,0.69289
CVE-2021-34660,0.00061,0.24174
CVE-2021-34661,0.00053,0.18302
CVE-2021-34663,0.00069,0.28663
CVE-2021-34664,0.00069,0.28663
CVE-2021-34665,0.00069,0.28663
CVE-2021-34666,0.00069,0.28663
CVE-2021-34667,0.00069,0.28663
CVE-2021-34668,0.00054,0.20290
CVE-2021-3467,0.00061,0.24231
CVE-2021-34675,0.00165,0.53247
CVE-2021-34676,0.00165,0.53247
CVE-2021-34679,0.00152,0.51501
CVE-2021-3468,0.00042,0.05722
CVE-2021-34682,0.00070,0.28773
CVE-2021-34683,0.00142,0.49927
CVE-2021-34684,0.00486,0.73529
CVE-2021-34685,0.02026,0.87763
CVE-2021-34687,0.00054,0.19196
CVE-2021-34688,0.00044,0.10161
CVE-2021-34689,0.00044,0.10161
CVE-2021-3469,0.00072,0.29893
CVE-2021-34690,0.00221,0.60385
CVE-2021-34691,0.00107,0.43241
CVE-2021-34692,0.00044,0.10161
CVE-2021-34693,0.00042,0.05722
CVE-2021-34696,0.00111,0.44192
CVE-2021-34697,0.00138,0.49318
CVE-2021-34698,0.00137,0.49202
CVE-2021-34699,0.00110,0.43929
CVE-2021-3470,0.00092,0.38838
CVE-2021-34700,0.00042,0.05722
CVE-2021-34701,0.00090,0.37820
CVE-2021-34702,0.00073,0.30288
CVE-2021-34703,0.00109,0.43829
CVE-2021-34704,0.00195,0.57490
CVE-2021-34705,0.00111,0.44192
CVE-2021-34706,0.00073,0.30288
CVE-2021-34707,0.00156,0.52040
CVE-2021-34708,0.00042,0.05722
CVE-2021-34709,0.00042,0.05722
CVE-2021-34710,0.00133,0.48314
CVE-2021-34711,0.00044,0.07794
CVE-2021-34712,0.00077,0.31722
CVE-2021-34713,0.00050,0.16871
CVE-2021-34714,0.00050,0.16871
CVE-2021-34715,0.00234,0.61594
CVE-2021-34716,0.00234,0.61594
CVE-2021-34718,0.00170,0.54101
CVE-2021-34719,0.00042,0.05844
CVE-2021-3472,0.00044,0.08000
CVE-2021-34720,0.00138,0.49318
CVE-2021-34721,0.00042,0.05844
CVE-2021-34722,0.00042,0.05844
CVE-2021-34723,0.00042,0.05722
CVE-2021-34724,0.00042,0.05722
CVE-2021-34725,0.00042,0.05844
CVE-2021-34726,0.00042,0.05844
CVE-2021-34727,0.00540,0.74890
CVE-2021-34728,0.00042,0.05844
CVE-2021-34729,0.00042,0.05844
CVE-2021-3473,0.00065,0.26756
CVE-2021-34730,0.00486,0.73525
CVE-2021-34731,0.00066,0.27429
CVE-2021-34732,0.00136,0.48965
CVE-2021-34733,0.00042,0.05722
CVE-2021-34734,0.00050,0.16871
CVE-2021-34735,0.00133,0.48345
CVE-2021-34736,0.00105,0.42487
CVE-2021-34737,0.00133,0.48454
CVE-2021-34738,0.00072,0.29847
CVE-2021-34739,0.00308,0.66892
CVE-2021-3474,0.00160,0.52643
CVE-2021-34740,0.00050,0.16871
CVE-2021-34741,0.00137,0.49202
CVE-2021-34742,0.00136,0.48965
CVE-2021-34743,0.00075,0.30872
CVE-2021-34744,0.00065,0.26756
CVE-2021-34745,0.00042,0.05722
CVE-2021-34746,0.00880,0.80754
CVE-2021-34748,0.00113,0.44766
CVE-2021-34749,0.00314,0.67207
CVE-2021-3475,0.00160,0.52643
CVE-2021-34754,0.00123,0.46602
CVE-2021-34755,0.00042,0.05844
CVE-2021-34756,0.00042,0.05844
CVE-2021-34757,0.00044,0.10161
CVE-2021-34758,0.00042,0.05722
CVE-2021-34759,0.00066,0.27429
CVE-2021-3476,0.00160,0.52643
CVE-2021-34760,0.00066,0.27429
CVE-2021-34761,0.00042,0.05722
CVE-2021-34762,0.00177,0.54919
CVE-2021-34763,0.00054,0.20290
CVE-2021-34764,0.00072,0.29847
CVE-2021-34765,0.00071,0.29367
CVE-2021-34766,0.00281,0.65235
CVE-2021-34767,0.00048,0.14768
CVE-2021-34768,0.00137,0.49202
CVE-2021-34769,0.00137,0.49202
CVE-2021-3477,0.00074,0.30472
CVE-2021-34770,0.00183,0.55703
CVE-2021-34771,0.00042,0.05722
CVE-2021-34772,0.00111,0.44241
CVE-2021-34773,0.00075,0.30872
CVE-2021-34774,0.00133,0.48297
CVE-2021-34775,0.00051,0.17439
CVE-2021-34776,0.00051,0.17439
CVE-2021-34777,0.00051,0.17439
CVE-2021-34778,0.00051,0.17439
CVE-2021-34779,0.00065,0.26849
CVE-2021-3478,0.00088,0.36839
CVE-2021-34780,0.00065,0.26849
CVE-2021-34781,0.00137,0.49202
CVE-2021-34782,0.00073,0.30288
CVE-2021-34783,0.00137,0.49202
CVE-2021-34784,0.00066,0.27429
CVE-2021-34785,0.00265,0.64237
CVE-2021-34786,0.00080,0.33236
CVE-2021-34787,0.00111,0.44192
CVE-2021-34788,0.00042,0.05722
CVE-2021-34789,0.00066,0.27429
CVE-2021-3479,0.00088,0.36839
CVE-2021-34790,0.00111,0.44192
CVE-2021-34791,0.00111,0.44192
CVE-2021-34792,0.00137,0.49202
CVE-2021-34793,0.00138,0.49318
CVE-2021-34794,0.00115,0.45152
CVE-2021-34795,0.00192,0.57138
CVE-2021-34797,0.00126,0.47193
CVE-2021-34798,0.00459,0.72771
CVE-2021-3480,0.00141,0.49757
CVE-2021-34800,0.00150,0.51158
CVE-2021-34801,0.00174,0.54575
CVE-2021-34802,0.00102,0.41368
CVE-2021-34803,0.00149,0.51013
CVE-2021-34805,0.05540,0.92522
CVE-2021-34807,0.00097,0.40245
CVE-2021-34808,0.00116,0.45381
CVE-2021-34809,0.00068,0.28226
CVE-2021-3481,0.00082,0.34103
CVE-2021-34810,0.00068,0.28226
CVE-2021-34811,0.00054,0.19357
CVE-2021-34812,0.00120,0.46107
CVE-2021-34813,0.01315,0.84566
CVE-2021-34814,0.00101,0.41058
CVE-2021-34815,0.00062,0.24442
CVE-2021-34816,0.00104,0.42325
CVE-2021-34817,0.00146,0.50433
CVE-2021-3482,0.00282,0.65331
CVE-2021-34820,0.00390,0.70614
CVE-2021-34821,0.00136,0.48883
CVE-2021-34823,0.00213,0.59314
CVE-2021-34824,0.00104,0.42231
CVE-2021-34825,0.00189,0.56515
CVE-2021-34827,0.00203,0.58344
CVE-2021-34828,0.00120,0.46162
CVE-2021-34829,0.00173,0.54543
CVE-2021-3483,0.00045,0.11966
CVE-2021-34830,0.00203,0.58344
CVE-2021-34831,0.00840,0.80321
CVE-2021-34832,0.00840,0.80321
CVE-2021-34833,0.00840,0.80321
CVE-2021-34834,0.00840,0.80321
CVE-2021-34835,0.00840,0.80321
CVE-2021-34836,0.00840,0.80321
CVE-2021-34837,0.00840,0.80321
CVE-2021-34838,0.00840,0.80321
CVE-2021-34839,0.00840,0.80321
CVE-2021-34840,0.00840,0.80321
CVE-2021-34841,0.00840,0.80321
CVE-2021-34842,0.00840,0.80321
CVE-2021-34843,0.00840,0.80321
CVE-2021-34844,0.00840,0.80321
CVE-2021-34845,0.00840,0.80321
CVE-2021-34846,0.00840,0.80321
CVE-2021-34847,0.00840,0.80321
CVE-2021-34848,0.00840,0.80321
CVE-2021-34849,0.00840,0.80321
CVE-2021-3485,0.00313,0.67170
CVE-2021-34850,0.00840,0.80321
CVE-2021-34851,0.00840,0.80321
CVE-2021-34852,0.00840,0.80321
CVE-2021-34853,0.00840,0.80321
CVE-2021-34854,0.00045,0.12491
CVE-2021-34855,0.00045,0.12491
CVE-2021-34856,0.00045,0.12491
CVE-2021-34857,0.00045,0.12491
CVE-2021-34858,0.00186,0.56040
CVE-2021-34859,0.01245,0.84094
CVE-2021-3486,0.00082,0.34215
CVE-2021-34860,0.00153,0.51626
CVE-2021-34861,0.00109,0.43754
CVE-2021-34862,0.00109,0.43754
CVE-2021-34863,0.00109,0.43754
CVE-2021-34864,0.00045,0.12491
CVE-2021-34865,0.00124,0.46847
CVE-2021-34866,0.00054,0.19475
CVE-2021-34867,0.00045,0.12491
CVE-2021-34868,0.00045,0.12491
CVE-2021-34869,0.00045,0.12491
CVE-2021-34870,0.00101,0.41124
CVE-2021-34871,0.00156,0.51978
CVE-2021-34872,0.00156,0.51978
CVE-2021-34873,0.00156,0.51978
CVE-2021-34874,0.00188,0.56343
CVE-2021-34875,0.00156,0.51978
CVE-2021-34876,0.00156,0.51978
CVE-2021-34877,0.00156,0.51978
CVE-2021-34878,0.00156,0.51978
CVE-2021-34879,0.00156,0.51978
CVE-2021-34880,0.00156,0.51978
CVE-2021-34881,0.00091,0.38488
CVE-2021-34882,0.00091,0.38488
CVE-2021-34883,0.00091,0.38488
CVE-2021-34884,0.00089,0.37470
CVE-2021-34885,0.00156,0.51978
CVE-2021-34886,0.00089,0.37470
CVE-2021-34887,0.00091,0.38488
CVE-2021-34888,0.00091,0.38488
CVE-2021-34889,0.00091,0.38488
CVE-2021-3489,0.00048,0.14641
CVE-2021-34890,0.00091,0.38488
CVE-2021-34891,0.00156,0.51978
CVE-2021-34892,0.00194,0.57355
CVE-2021-34893,0.00156,0.51978
CVE-2021-34894,0.00156,0.51978
CVE-2021-34895,0.00156,0.51978
CVE-2021-34896,0.00156,0.51978
CVE-2021-34897,0.00156,0.51978
CVE-2021-34898,0.00156,0.51978
CVE-2021-34899,0.00156,0.51978
CVE-2021-3490,0.00196,0.57558
CVE-2021-34900,0.00156,0.51978
CVE-2021-34901,0.00091,0.38488
CVE-2021-34902,0.00091,0.38488
CVE-2021-34903,0.00156,0.51978
CVE-2021-34904,0.00156,0.51978
CVE-2021-34905,0.00156,0.51978
CVE-2021-34906,0.00156,0.51978
CVE-2021-34907,0.00156,0.51978
CVE-2021-34908,0.00156,0.51978
CVE-2021-34909,0.00156,0.51978
CVE-2021-3491,0.00053,0.19047
CVE-2021-34910,0.00091,0.38488
CVE-2021-34911,0.00156,0.51978
CVE-2021-34912,0.00156,0.51978
CVE-2021-34913,0.00156,0.51978
CVE-2021-34914,0.00156,0.51978
CVE-2021-34915,0.00156,0.51978
CVE-2021-34916,0.00091,0.38488
CVE-2021-34917,0.00156,0.51978
CVE-2021-34918,0.00156,0.51978
CVE-2021-34919,0.00156,0.51978
CVE-2021-3492,0.00048,0.14641
CVE-2021-34920,0.00156,0.51978
CVE-2021-34921,0.00156,0.51978
CVE-2021-34922,0.00156,0.51978
CVE-2021-34923,0.00156,0.51978
CVE-2021-34924,0.00156,0.51978
CVE-2021-34925,0.00194,0.57355
CVE-2021-34926,0.00156,0.51978
CVE-2021-34927,0.00156,0.51978
CVE-2021-34928,0.00156,0.51978
CVE-2021-34929,0.00156,0.51978
CVE-2021-3493,0.00582,0.75837
CVE-2021-34930,0.00156,0.51978
CVE-2021-34931,0.00156,0.51978
CVE-2021-34932,0.00156,0.51978
CVE-2021-34933,0.00156,0.51978
CVE-2021-34934,0.00156,0.51978
CVE-2021-34935,0.00156,0.51978
CVE-2021-34936,0.00156,0.51978
CVE-2021-34937,0.00156,0.51978
CVE-2021-34938,0.00156,0.51978
CVE-2021-34939,0.00156,0.51978
CVE-2021-3494,0.00087,0.36006
CVE-2021-34940,0.00156,0.51978
CVE-2021-34941,0.00194,0.57355
CVE-2021-34942,0.00156,0.51978
CVE-2021-34943,0.00091,0.38488
CVE-2021-34944,0.00091,0.38488
CVE-2021-34945,0.00156,0.51978
CVE-2021-34946,0.00156,0.51978
CVE-2021-3495,0.00087,0.36023
CVE-2021-3496,0.00150,0.51031
CVE-2021-3497,0.00109,0.43579
CVE-2021-34977,0.00064,0.26277
CVE-2021-34978,0.00080,0.33437
CVE-2021-34979,0.00103,0.41600
CVE-2021-3498,0.00100,0.40997
CVE-2021-34980,0.00080,0.33437
CVE-2021-34984,0.00123,0.46585
CVE-2021-34985,0.00123,0.46585
CVE-2021-34986,0.00045,0.12491
CVE-2021-34987,0.00045,0.12491
CVE-2021-3499,0.00081,0.33674
CVE-2021-34991,0.00081,0.33528
CVE-2021-34992,0.00862,0.80553
CVE-2021-34993,0.13493,0.95118
CVE-2021-34994,0.01599,0.86073
CVE-2021-34995,0.03000,0.89935
CVE-2021-34996,0.89728,0.98559
CVE-2021-34997,0.03000,0.89935
CVE-2021-34998,0.00045,0.12491
CVE-2021-3500,0.00068,0.28046
CVE-2021-35003,0.00693,0.78133
CVE-2021-35004,0.00693,0.78133
CVE-2021-35005,0.00045,0.12491
CVE-2021-3501,0.00044,0.10161
CVE-2021-3502,0.00042,0.05722
CVE-2021-35027,0.00367,0.69725
CVE-2021-35028,0.00042,0.05844
CVE-2021-35029,0.00730,0.78775
CVE-2021-3503,0.00081,0.33756
CVE-2021-35030,0.00042,0.05722
CVE-2021-35031,0.00044,0.10504
CVE-2021-35032,0.00042,0.05844
CVE-2021-35033,0.00042,0.05722
CVE-2021-35034,0.00237,0.61845
CVE-2021-35035,0.00106,0.42733
CVE-2021-35036,0.00064,0.26177
CVE-2021-35037,0.00078,0.32206
CVE-2021-35039,0.00045,0.12351
CVE-2021-3504,0.00162,0.52870
CVE-2021-35041,0.00100,0.40917
CVE-2021-35042,0.00260,0.63805
CVE-2021-35043,0.00086,0.35858
CVE-2021-35045,0.00079,0.32903
CVE-2021-35046,0.00073,0.30345
CVE-2021-35047,0.00452,0.72563
CVE-2021-35048,0.00218,0.59864
CVE-2021-35049,0.00221,0.60308
CVE-2021-3505,0.00054,0.19253
CVE-2021-35050,0.00227,0.61042
CVE-2021-35052,0.00045,0.12491
CVE-2021-35053,0.00803,0.79871
CVE-2021-35054,0.00082,0.34236
CVE-2021-35055,0.00221,0.60385
CVE-2021-35056,0.00044,0.10161
CVE-2021-35059,0.00078,0.32206
CVE-2021-3506,0.00042,0.05722
CVE-2021-35060,0.00083,0.34426
CVE-2021-35061,0.00115,0.45204
CVE-2021-35062,0.00415,0.71476
CVE-2021-35063,0.00230,0.61289
CVE-2021-35064,0.01263,0.84225
CVE-2021-35065,0.00071,0.29291
CVE-2021-35066,0.00221,0.60340
CVE-2021-35067,0.00085,0.35466
CVE-2021-35068,0.00171,0.54152
CVE-2021-35069,0.00044,0.10161
CVE-2021-3507,0.00066,0.27228
CVE-2021-35070,0.00044,0.10161
CVE-2021-35071,0.00044,0.10161
CVE-2021-35072,0.00044,0.10161
CVE-2021-35073,0.00089,0.37607
CVE-2021-35074,0.00044,0.10161
CVE-2021-35075,0.00044,0.10161
CVE-2021-35076,0.00088,0.36953
CVE-2021-35077,0.00044,0.10161
CVE-2021-35078,0.00086,0.35830
CVE-2021-35079,0.00044,0.10161
CVE-2021-3508,0.00063,0.25775
CVE-2021-35080,0.00044,0.10161
CVE-2021-35081,0.00192,0.56994
CVE-2021-35082,0.00171,0.54152
CVE-2021-35083,0.00134,0.48491
CVE-2021-35084,0.00044,0.10161
CVE-2021-35085,0.00044,0.10161
CVE-2021-35086,0.00089,0.37607
CVE-2021-35087,0.00088,0.36953
CVE-2021-35088,0.00168,0.53584
CVE-2021-35089,0.00044,0.10161
CVE-2021-3509,0.00122,0.46516
CVE-2021-35090,0.00044,0.10161
CVE-2021-35091,0.00044,0.10161
CVE-2021-35092,0.00044,0.10161
CVE-2021-35093,0.00050,0.16871
CVE-2021-35094,0.00044,0.10161
CVE-2021-35095,0.00044,0.10161
CVE-2021-35096,0.00089,0.37607
CVE-2021-35097,0.00053,0.19001
CVE-2021-35098,0.00044,0.10161
CVE-2021-3510,0.00089,0.37607
CVE-2021-35100,0.00086,0.35830
CVE-2021-35101,0.00044,0.10161
CVE-2021-35102,0.00044,0.10161
CVE-2021-35103,0.00044,0.10161
CVE-2021-35104,0.00189,0.56451
CVE-2021-35105,0.00044,0.10161
CVE-2021-35106,0.00044,0.10161
CVE-2021-35108,0.00054,0.20300
CVE-2021-35109,0.00054,0.20300
CVE-2021-3511,0.00100,0.40840
CVE-2021-35110,0.00044,0.10161
CVE-2021-35111,0.00089,0.37607
CVE-2021-35112,0.00044,0.10161
CVE-2021-35113,0.00053,0.19001
CVE-2021-35114,0.00044,0.10161
CVE-2021-35115,0.00044,0.10161
CVE-2021-35116,0.00044,0.10161
CVE-2021-35117,0.00168,0.53584
CVE-2021-35118,0.00044,0.10161
CVE-2021-35119,0.00044,0.10161
CVE-2021-3512,0.00099,0.40609
CVE-2021-35120,0.00044,0.10161
CVE-2021-35121,0.00044,0.10161
CVE-2021-35122,0.00043,0.06775
CVE-2021-35123,0.00062,0.24373
CVE-2021-35126,0.00044,0.10161
CVE-2021-35129,0.00044,0.10161
CVE-2021-3513,0.00153,0.51574
CVE-2021-35130,0.00044,0.10161
CVE-2021-35132,0.00043,0.06775
CVE-2021-35133,0.00043,0.06775
CVE-2021-35134,0.00054,0.20300
CVE-2021-35135,0.00043,0.06775
CVE-2021-3514,0.00059,0.22808
CVE-2021-3515,0.00042,0.05844
CVE-2021-3516,0.00132,0.48226
CVE-2021-3517,0.00870,0.80635
CVE-2021-3518,0.00411,0.71303
CVE-2021-3519,0.00062,0.24373
CVE-2021-35193,0.00168,0.53606
CVE-2021-35196,0.00171,0.54194
CVE-2021-35197,0.00589,0.76014
CVE-2021-35198,0.00054,0.20290
CVE-2021-35199,0.00054,0.20290
CVE-2021-3520,0.00130,0.47807
CVE-2021-35200,0.00054,0.20290
CVE-2021-35201,0.00150,0.51158
CVE-2021-35202,0.00072,0.29847
CVE-2021-35203,0.00065,0.26756
CVE-2021-35204,0.00054,0.20290
CVE-2021-35205,0.00054,0.20290
CVE-2021-35206,0.00201,0.58115
CVE-2021-35207,0.00100,0.40970
CVE-2021-35208,0.00155,0.51775
CVE-2021-35209,0.00558,0.75299
CVE-2021-3521,0.00070,0.29077
CVE-2021-35210,0.00079,0.33048
CVE-2021-35211,0.27637,0.96402
CVE-2021-35212,0.00292,0.65996
CVE-2021-35213,0.00207,0.58694
CVE-2021-35214,0.00044,0.10161
CVE-2021-35215,0.12943,0.95024
CVE-2021-35216,0.08831,0.93990
CVE-2021-35217,0.05229,0.92288
CVE-2021-35218,0.06866,0.93259
CVE-2021-35219,0.00106,0.42973
CVE-2021-3522,0.00061,0.23973
CVE-2021-35220,0.00374,0.69972
CVE-2021-35221,0.00203,0.58297
CVE-2021-35222,0.00836,0.80264
CVE-2021-35223,0.00554,0.75233
CVE-2021-35225,0.00067,0.27860
CVE-2021-35226,0.00064,0.25824
CVE-2021-35227,0.00044,0.10161
CVE-2021-35228,0.00065,0.27077
CVE-2021-35229,0.00078,0.32206
CVE-2021-3523,0.00073,0.30380
CVE-2021-35230,0.00044,0.07794
CVE-2021-35231,0.00042,0.05722
CVE-2021-35232,0.00042,0.05722
CVE-2021-35233,0.00073,0.30195
CVE-2021-35234,0.01293,0.84434
CVE-2021-35235,0.00104,0.42356
CVE-2021-35236,0.00078,0.32206
CVE-2021-35237,0.00078,0.32206
CVE-2021-35238,0.00057,0.21345
CVE-2021-35239,0.00154,0.51654
CVE-2021-3524,0.00359,0.69362
CVE-2021-35240,0.00092,0.38813
CVE-2021-35242,0.00073,0.30411
CVE-2021-35243,0.00079,0.33063
CVE-2021-35244,0.00341,0.68574
CVE-2021-35245,0.00054,0.20290
CVE-2021-35246,0.00099,0.40598
CVE-2021-35247,0.00809,0.79942
CVE-2021-35248,0.00067,0.27861
CVE-2021-35249,0.00054,0.20290
CVE-2021-35250,0.06268,0.92935
CVE-2021-35251,0.00078,0.32206
CVE-2021-35252,0.00085,0.35505
CVE-2021-35254,0.00106,0.42934
CVE-2021-35261,0.00118,0.45816
CVE-2021-35265,0.00127,0.47253
CVE-2021-35266,0.00071,0.29173
CVE-2021-35267,0.00085,0.35435
CVE-2021-35268,0.00085,0.35435
CVE-2021-35269,0.00085,0.35435
CVE-2021-3527,0.00045,0.11966
CVE-2021-3528,0.00087,0.36023
CVE-2021-35283,0.00157,0.52161
CVE-2021-35284,0.00139,0.49473
CVE-2021-3529,0.00081,0.33674
CVE-2021-35290,0.00101,0.41220
CVE-2021-35296,0.00283,0.65421
CVE-2021-35297,0.00131,0.47950
CVE-2021-35298,0.00105,0.42633
CVE-2021-35299,0.00152,0.51501
CVE-2021-3530,0.00212,0.59261
CVE-2021-35300,0.00127,0.47274
CVE-2021-35301,0.00132,0.48083
CVE-2021-35302,0.00132,0.48083
CVE-2021-35303,0.00105,0.42633
CVE-2021-35306,0.00085,0.35361
CVE-2021-35307,0.00085,0.35361
CVE-2021-35309,0.00053,0.19001
CVE-2021-3531,0.00220,0.59949
CVE-2021-35312,0.00074,0.30526
CVE-2021-35323,0.00183,0.55668
CVE-2021-35324,0.00875,0.80715
CVE-2021-35325,0.00117,0.45605
CVE-2021-35326,0.00615,0.76547
CVE-2021-35327,0.03277,0.90362
CVE-2021-35331,0.00297,0.66254
CVE-2021-35336,0.07599,0.93532
CVE-2021-35337,0.00236,0.61760
CVE-2021-35342,0.00158,0.52341
CVE-2021-35343,0.00074,0.30478
CVE-2021-35344,0.00194,0.57318
CVE-2021-35346,0.00194,0.57318
CVE-2021-3535,0.00073,0.30345
CVE-2021-35358,0.00058,0.22585
CVE-2021-3536,0.00054,0.20290
CVE-2021-35360,0.00061,0.23902
CVE-2021-35361,0.00061,0.23902
CVE-2021-35368,0.00660,0.77482
CVE-2021-35369,0.00056,0.20780
CVE-2021-3537,0.01019,0.82207
CVE-2021-35370,0.00160,0.52615
CVE-2021-35377,0.00050,0.16906
CVE-2021-3538,0.00222,0.60567
CVE-2021-35380,0.23467,0.96159
CVE-2021-35387,0.00072,0.29591
CVE-2021-35388,0.00056,0.20979
CVE-2021-3539,0.00054,0.20290
CVE-2021-35391,0.00055,0.20491
CVE-2021-35392,0.00226,0.60900
CVE-2021-35393,0.01053,0.82517
CVE-2021-35394,0.96792,0.99618
CVE-2021-35395,0.97119,0.99748
CVE-2021-35397,0.00410,0.71286
CVE-2021-3540,0.00104,0.42382
CVE-2021-3541,0.00081,0.33740
CVE-2021-35413,0.00864,0.80573
CVE-2021-35414,0.00684,0.77983
CVE-2021-35415,0.00149,0.50921
CVE-2021-3543,0.00042,0.05722
CVE-2021-35437,0.00103,0.41771
CVE-2021-35438,0.00082,0.34002
CVE-2021-3544,0.00045,0.11966
CVE-2021-35440,0.00071,0.29281
CVE-2021-35448,0.00128,0.47466
CVE-2021-35449,0.00114,0.44863
CVE-2021-3545,0.00047,0.14042
CVE-2021-35450,0.00122,0.46519
CVE-2021-35451,0.00092,0.38942
CVE-2021-35452,0.00093,0.38953
CVE-2021-35456,0.00204,0.58457
CVE-2021-35458,0.01520,0.85703
CVE-2021-3546,0.00045,0.11966
CVE-2021-35463,0.00104,0.42018
CVE-2021-35464,0.97316,0.99862
CVE-2021-35465,0.00053,0.18477
CVE-2021-35469,0.00042,0.05722
CVE-2021-3547,0.00091,0.38553
CVE-2021-35472,0.00791,0.79728
CVE-2021-35474,0.00268,0.64436
CVE-2021-35475,0.00068,0.28093
CVE-2021-35477,0.00046,0.12666
CVE-2021-35478,0.00744,0.78963
CVE-2021-35479,0.00548,0.75109
CVE-2021-3548,0.00067,0.27706
CVE-2021-35482,0.00081,0.33730
CVE-2021-35487,0.00076,0.31357
CVE-2021-35488,0.00145,0.50306
CVE-2021-35489,0.00087,0.35933
CVE-2021-3549,0.00058,0.21944
CVE-2021-35490,0.00054,0.20290
CVE-2021-35491,0.00256,0.63518
CVE-2021-35492,0.00309,0.66985
CVE-2021-35493,0.00054,0.20290
CVE-2021-35494,0.00065,0.26756
CVE-2021-35495,0.00104,0.42231
CVE-2021-35496,0.00104,0.42231
CVE-2021-35497,0.00097,0.40261
CVE-2021-35498,0.00221,0.60385
CVE-2021-35499,0.00054,0.20290
CVE-2021-3550,0.00044,0.10161
CVE-2021-35500,0.00042,0.05722
CVE-2021-35501,0.00080,0.33446
CVE-2021-35502,0.00201,0.58020
CVE-2021-35503,0.00087,0.35933
CVE-2021-35504,0.00400,0.70965
CVE-2021-35505,0.00400,0.70965
CVE-2021-35506,0.00087,0.35933
CVE-2021-35508,0.00085,0.35471
CVE-2021-3551,0.00043,0.07608
CVE-2021-35512,0.00140,0.49678
CVE-2021-35513,0.00073,0.30274
CVE-2021-35514,0.00422,0.71677
CVE-2021-35515,0.03208,0.90255
CVE-2021-35516,0.04387,0.91573
CVE-2021-35517,0.02402,0.88854
CVE-2021-3552,0.00225,0.60848
CVE-2021-35520,0.00107,0.43004
CVE-2021-35521,0.00201,0.58022
CVE-2021-35522,0.01636,0.86243
CVE-2021-35523,0.00042,0.05722
CVE-2021-35525,0.00143,0.50109
CVE-2021-35526,0.00044,0.08189
CVE-2021-35527,0.00116,0.45407
CVE-2021-35528,0.00044,0.10161
CVE-2021-35529,0.00222,0.60569
CVE-2021-3553,0.00225,0.60848
CVE-2021-35530,0.00044,0.10161
CVE-2021-35531,0.00044,0.10504
CVE-2021-35532,0.00044,0.10161
CVE-2021-35533,0.00090,0.37693
CVE-2021-35534,0.00212,0.59099
CVE-2021-35535,0.00201,0.58133
CVE-2021-35536,0.00063,0.24890
CVE-2021-35537,0.00059,0.23219
CVE-2021-35538,0.00045,0.12178
CVE-2021-35539,0.00045,0.12178
CVE-2021-3554,0.00357,0.69295
CVE-2021-35540,0.00045,0.12178
CVE-2021-35541,0.00054,0.20290
CVE-2021-35542,0.00045,0.12178
CVE-2021-35543,0.00063,0.24890
CVE-2021-35545,0.00045,0.12178
CVE-2021-35546,0.00121,0.46299
CVE-2021-35549,0.00045,0.12178
CVE-2021-3555,0.00115,0.45019
CVE-2021-35550,0.00138,0.49343
CVE-2021-35551,0.00059,0.23219
CVE-2021-35552,0.00140,0.49592
CVE-2021-35553,0.00053,0.18590
CVE-2021-35554,0.00077,0.31886
CVE-2021-35556,0.00150,0.51068
CVE-2021-35557,0.00053,0.18590
CVE-2021-35558,0.00053,0.18590
CVE-2021-35559,0.00150,0.51068
CVE-2021-35560,0.00364,0.69565
CVE-2021-35561,0.00150,0.51068
CVE-2021-35562,0.00063,0.24890
CVE-2021-35563,0.00061,0.24175
CVE-2021-35564,0.00160,0.52549
CVE-2021-35565,0.00145,0.50338
CVE-2021-35566,0.00063,0.24890
CVE-2021-35567,0.00222,0.60594
CVE-2021-35568,0.00077,0.31886
CVE-2021-35569,0.00063,0.24890
CVE-2021-3557,0.00065,0.26756
CVE-2021-35570,0.00063,0.24890
CVE-2021-35571,0.00054,0.20290
CVE-2021-35572,0.00080,0.33345
CVE-2021-35573,0.00080,0.33345
CVE-2021-35574,0.00080,0.33345
CVE-2021-35575,0.00081,0.33892
CVE-2021-35576,0.02854,0.89735
CVE-2021-35577,0.00081,0.33892
CVE-2021-35578,0.00151,0.51295
CVE-2021-35580,0.00077,0.31886
CVE-2021-35581,0.00077,0.31886
CVE-2021-35582,0.00053,0.18590
CVE-2021-35583,0.00080,0.33345
CVE-2021-35584,0.00053,0.18590
CVE-2021-35585,0.00063,0.24890
CVE-2021-35586,0.00151,0.51295
CVE-2021-35587,0.95643,0.99288
CVE-2021-35588,0.00140,0.49602
CVE-2021-35589,0.00045,0.12178
CVE-2021-3559,0.00068,0.28144
CVE-2021-35590,0.01355,0.84816
CVE-2021-35591,0.00081,0.33892
CVE-2021-35592,0.03887,0.91109
CVE-2021-35593,0.01355,0.84816
CVE-2021-35594,0.03887,0.91109
CVE-2021-35595,0.00077,0.31886
CVE-2021-35596,0.00081,0.33892
CVE-2021-35597,0.00146,0.50536
CVE-2021-35598,0.03887,0.91109
CVE-2021-35599,0.00045,0.12178
CVE-2021-3560,0.01177,0.83580
CVE-2021-35601,0.00045,0.12350
CVE-2021-35602,0.00075,0.31110
CVE-2021-35603,0.00109,0.43801
CVE-2021-35604,0.00086,0.35803
CVE-2021-35606,0.00045,0.12350
CVE-2021-35607,0.00146,0.50536
CVE-2021-35608,0.00135,0.48866
CVE-2021-35609,0.00063,0.24890
CVE-2021-3561,0.00091,0.38113
CVE-2021-35610,0.00146,0.50536
CVE-2021-35611,0.01335,0.84676
CVE-2021-35612,0.00059,0.23219
CVE-2021-35613,0.00071,0.29414
CVE-2021-35616,0.00054,0.20290
CVE-2021-35617,0.05600,0.92559
CVE-2021-35618,0.00045,0.12350
CVE-2021-35619,0.00097,0.40218
CVE-2021-35620,0.00129,0.47738
CVE-2021-35621,0.02415,0.88881
CVE-2021-35622,0.00059,0.23219
CVE-2021-35623,0.00054,0.20290
CVE-2021-35624,0.00054,0.20290
CVE-2021-35625,0.00054,0.20290
CVE-2021-35626,0.00059,0.23219
CVE-2021-35627,0.00059,0.23219
CVE-2021-35628,0.00059,0.23219
CVE-2021-35629,0.00059,0.23219
CVE-2021-3563,0.00253,0.63225
CVE-2021-35630,0.00054,0.20290
CVE-2021-35631,0.00059,0.23219
CVE-2021-35632,0.00045,0.12178
CVE-2021-35633,0.00053,0.18590
CVE-2021-35634,0.00059,0.23219
CVE-2021-35635,0.00059,0.23219
CVE-2021-35636,0.00059,0.23219
CVE-2021-35637,0.00059,0.23219
CVE-2021-35638,0.00059,0.23219
CVE-2021-35639,0.00059,0.23219
CVE-2021-3564,0.00043,0.07658
CVE-2021-35640,0.00054,0.20290
CVE-2021-35641,0.00059,0.23219
CVE-2021-35642,0.00059,0.23219
CVE-2021-35643,0.00059,0.23219
CVE-2021-35644,0.00059,0.23219
CVE-2021-35645,0.00059,0.23219
CVE-2021-35646,0.00059,0.23219
CVE-2021-35647,0.00059,0.23219
CVE-2021-35648,0.00059,0.23219
CVE-2021-35649,0.00053,0.18590
CVE-2021-3565,0.00096,0.40051
CVE-2021-35650,0.00053,0.18590
CVE-2021-35651,0.00067,0.27854
CVE-2021-35652,0.00497,0.73811
CVE-2021-35653,0.00067,0.27854
CVE-2021-35654,0.00080,0.33345
CVE-2021-35655,0.00077,0.31886
CVE-2021-35656,0.00080,0.33345
CVE-2021-35657,0.00080,0.33345
CVE-2021-35658,0.00080,0.33345
CVE-2021-35659,0.00080,0.33345
CVE-2021-3566,0.00084,0.35136
CVE-2021-35660,0.00080,0.33345
CVE-2021-35661,0.00080,0.33345
CVE-2021-35662,0.00080,0.33345
CVE-2021-35665,0.00077,0.31886
CVE-2021-35666,0.00168,0.53546
CVE-2021-3567,0.00075,0.30828
CVE-2021-35683,0.00164,0.53065
CVE-2021-35686,0.00054,0.20290
CVE-2021-35687,0.00077,0.31886
CVE-2021-35689,0.00350,0.68988
CVE-2021-3569,0.00044,0.10161
CVE-2021-3570,0.00872,0.80656
CVE-2021-3571,0.00212,0.59209
CVE-2021-3572,0.00057,0.21371
CVE-2021-3573,0.00042,0.05722
CVE-2021-3574,0.00090,0.37879
CVE-2021-3575,0.00239,0.62033
CVE-2021-3576,0.00046,0.13816
CVE-2021-3577,0.96689,0.99578
CVE-2021-3578,0.00384,0.70380
CVE-2021-3579,0.00042,0.05722
CVE-2021-3580,0.00617,0.76597
CVE-2021-3581,0.00062,0.24373
CVE-2021-3582,0.00053,0.19003
CVE-2021-3583,0.00044,0.10161
CVE-2021-3584,0.00608,0.76373
CVE-2021-3585,0.00050,0.16434
CVE-2021-3586,0.00179,0.55219
CVE-2021-3588,0.00063,0.25176
CVE-2021-3589,0.00087,0.36023
CVE-2021-3590,0.00093,0.39079
CVE-2021-3592,0.00047,0.13971
CVE-2021-3593,0.00046,0.12736
CVE-2021-35936,0.00047,0.14201
CVE-2021-35937,0.00042,0.05722
CVE-2021-35938,0.00047,0.13971
CVE-2021-35939,0.00047,0.13971
CVE-2021-3594,0.00046,0.12736
CVE-2021-35940,0.00079,0.32866
CVE-2021-35941,0.00118,0.45692
CVE-2021-35942,0.01001,0.82052
CVE-2021-35943,0.00262,0.63999
CVE-2021-35944,0.00101,0.41058
CVE-2021-35945,0.00101,0.41058
CVE-2021-35946,0.00221,0.60385
CVE-2021-35947,0.00140,0.49512
CVE-2021-35948,0.00073,0.30224
CVE-2021-35949,0.00073,0.30224
CVE-2021-3595,0.00046,0.12736
CVE-2021-35951,0.00181,0.55519
CVE-2021-35952,0.00123,0.46547
CVE-2021-35953,0.00128,0.47430
CVE-2021-35954,0.00050,0.16888
CVE-2021-35955,0.00054,0.20290
CVE-2021-35956,0.00115,0.45235
CVE-2021-35957,0.00044,0.10161
CVE-2021-35958,0.00190,0.56668
CVE-2021-35959,0.00054,0.20290
CVE-2021-3596,0.00208,0.58773
CVE-2021-35961,0.00405,0.71121
CVE-2021-35962,0.00197,0.57687
CVE-2021-35963,0.00317,0.67399
CVE-2021-35964,0.00356,0.69240
CVE-2021-35965,0.00417,0.71524
CVE-2021-35966,0.00086,0.35705
CVE-2021-35967,0.00096,0.39896
CVE-2021-35968,0.00070,0.28953
CVE-2021-35969,0.00186,0.55986
CVE-2021-3597,0.00091,0.38427
CVE-2021-35970,0.00492,0.73690
CVE-2021-35971,0.00600,0.76209
CVE-2021-35973,0.00259,0.63767
CVE-2021-35975,0.00084,0.34875
CVE-2021-35976,0.00099,0.40721
CVE-2021-35977,0.00209,0.58848
CVE-2021-35978,0.00462,0.72849
CVE-2021-35979,0.00119,0.45864
CVE-2021-3598,0.00069,0.28586
CVE-2021-35980,0.00287,0.65659
CVE-2021-35981,0.07203,0.93404
CVE-2021-35982,0.00142,0.49915
CVE-2021-35983,0.07203,0.93404
CVE-2021-35984,0.00094,0.39393
CVE-2021-35985,0.00070,0.28936
CVE-2021-35986,0.00070,0.28775
CVE-2021-35987,0.00070,0.28936
CVE-2021-35988,0.00070,0.28936
CVE-2021-35989,0.00081,0.33711
CVE-2021-3599,0.00042,0.05722
CVE-2021-35990,0.00081,0.33711
CVE-2021-35991,0.00061,0.23812
CVE-2021-35992,0.00061,0.23812
CVE-2021-35993,0.00067,0.27867
CVE-2021-35994,0.00067,0.27867
CVE-2021-35995,0.00063,0.25589
CVE-2021-35996,0.00103,0.41721
CVE-2021-35997,0.00103,0.41721
CVE-2021-35999,0.00103,0.41721
CVE-2021-3600,0.00042,0.05722
CVE-2021-36000,0.00103,0.41721
CVE-2021-36001,0.00061,0.23812
CVE-2021-36002,0.00057,0.21406
CVE-2021-36003,0.00068,0.28040
CVE-2021-36004,0.00477,0.73245
CVE-2021-36005,0.00396,0.70822
CVE-2021-36006,0.00079,0.32782
CVE-2021-36007,0.00074,0.30755
CVE-2021-36008,0.00056,0.20771
CVE-2021-36009,0.00075,0.31061
CVE-2021-36010,0.00065,0.27090
CVE-2021-36011,0.00122,0.46441
CVE-2021-36012,0.00054,0.19391
CVE-2021-36013,0.00100,0.40999
CVE-2021-36014,0.00074,0.30755
CVE-2021-36015,0.00086,0.35642
CVE-2021-36016,0.00064,0.26363
CVE-2021-36017,0.00075,0.31054
CVE-2021-36018,0.00049,0.15020
CVE-2021-36019,0.00049,0.15020
CVE-2021-3602,0.00045,0.12069
CVE-2021-36020,0.00338,0.68463
CVE-2021-36021,0.00130,0.47869
CVE-2021-36022,0.00172,0.54452
CVE-2021-36023,0.00144,0.50248
CVE-2021-36024,0.00235,0.61627
CVE-2021-36025,0.00218,0.59809
CVE-2021-36026,0.00079,0.32800
CVE-2021-36027,0.00079,0.32800
CVE-2021-36028,0.00174,0.54589
CVE-2021-36029,0.00237,0.61846
CVE-2021-3603,0.00312,0.67101
CVE-2021-36030,0.00105,0.42483
CVE-2021-36031,0.00233,0.61455
CVE-2021-36032,0.00142,0.49931
CVE-2021-36033,0.00174,0.54589
CVE-2021-36034,0.00218,0.59809
CVE-2021-36035,0.00218,0.59809
CVE-2021-36036,0.00109,0.43863
CVE-2021-36037,0.00107,0.43170
CVE-2021-36038,0.00096,0.40050
CVE-2021-36039,0.00073,0.30018
CVE-2021-3604,0.00170,0.54089
CVE-2021-36040,0.00297,0.66278
CVE-2021-36041,0.00218,0.59809
CVE-2021-36042,0.00165,0.53176
CVE-2021-36043,0.00192,0.56915
CVE-2021-36044,0.00138,0.49331
CVE-2021-36045,0.00158,0.52259
CVE-2021-36046,0.00134,0.48585
CVE-2021-36047,0.00347,0.68821
CVE-2021-36048,0.00347,0.68821
CVE-2021-36049,0.00086,0.35534
CVE-2021-3605,0.00064,0.26489
CVE-2021-36050,0.12064,0.94886
CVE-2021-36051,0.09645,0.94264
CVE-2021-36052,0.00134,0.48585
CVE-2021-36053,0.00158,0.52259
CVE-2021-36054,0.01989,0.87630
CVE-2021-36055,0.00427,0.71803
CVE-2021-36056,0.01175,0.83547
CVE-2021-36057,0.00066,0.27239
CVE-2021-36058,0.00082,0.34005
CVE-2021-36059,0.00083,0.34330
CVE-2021-3606,0.00065,0.26980
CVE-2021-36060,0.00069,0.28750
CVE-2021-36061,0.00100,0.40881
CVE-2021-36062,0.00079,0.32800
CVE-2021-36063,0.00079,0.32800
CVE-2021-36064,0.00135,0.48681
CVE-2021-36065,0.00533,0.74738
CVE-2021-36066,0.00092,0.38871
CVE-2021-36067,0.00083,0.34330
CVE-2021-36068,0.00083,0.34330
CVE-2021-36069,0.00083,0.34330
CVE-2021-3607,0.00045,0.11966
CVE-2021-36070,0.00114,0.44968
CVE-2021-36071,0.00072,0.29609
CVE-2021-36072,0.00067,0.27867
CVE-2021-36073,0.00155,0.51851
CVE-2021-36074,0.00072,0.29609
CVE-2021-36075,0.00344,0.68710
CVE-2021-36076,0.00083,0.34330
CVE-2021-36077,0.00067,0.27798
CVE-2021-36078,0.00080,0.33256
CVE-2021-36079,0.00078,0.32272
CVE-2021-3608,0.00045,0.11966
CVE-2021-36080,0.00303,0.66599
CVE-2021-36081,0.00134,0.48525
CVE-2021-36082,0.00303,0.66599
CVE-2021-36083,0.00147,0.50708
CVE-2021-36084,0.00086,0.35838
CVE-2021-36085,0.00067,0.27776
CVE-2021-36086,0.00067,0.27776
CVE-2021-36087,0.00071,0.29137
CVE-2021-36088,0.00381,0.70275
CVE-2021-36089,0.00118,0.45705
CVE-2021-3609,0.00042,0.05722
CVE-2021-36090,0.01774,0.86743
CVE-2021-36091,0.00054,0.20290
CVE-2021-36092,0.00072,0.29847
CVE-2021-36093,0.00084,0.34632
CVE-2021-36094,0.00054,0.20290
CVE-2021-36095,0.00072,0.29847
CVE-2021-36096,0.00065,0.26756
CVE-2021-36097,0.00054,0.20290
CVE-2021-3610,0.00082,0.34005
CVE-2021-36100,0.00116,0.45335
CVE-2021-3611,0.00072,0.29651
CVE-2021-3612,0.00043,0.07634
CVE-2021-36121,0.00542,0.74959
CVE-2021-36122,0.00104,0.42231
CVE-2021-36123,0.00062,0.24461
CVE-2021-36124,0.00170,0.54045
CVE-2021-36125,0.00081,0.33923
CVE-2021-36126,0.00180,0.55265
CVE-2021-36127,0.00058,0.22585
CVE-2021-36128,0.00308,0.66887
CVE-2021-36129,0.00051,0.16927
CVE-2021-3613,0.00059,0.22979
CVE-2021-36130,0.00058,0.22585
CVE-2021-36131,0.00054,0.20290
CVE-2021-36132,0.00104,0.42382
CVE-2021-36133,0.00044,0.10161
CVE-2021-36134,0.00101,0.41084
CVE-2021-3614,0.00062,0.24373
CVE-2021-36143,0.00088,0.36953
CVE-2021-36144,0.00089,0.37607
CVE-2021-36145,0.00089,0.37607
CVE-2021-36146,0.00088,0.36953
CVE-2021-36147,0.00088,0.36953
CVE-2021-36148,0.00069,0.28735
CVE-2021-3615,0.00248,0.62799
CVE-2021-36150,0.00078,0.32206
CVE-2021-36151,0.00042,0.05722
CVE-2021-36152,0.00817,0.80017
CVE-2021-36153,0.00628,0.76808
CVE-2021-36154,0.00599,0.76177
CVE-2021-36155,0.00599,0.76177
CVE-2021-36156,0.00070,0.28951
CVE-2021-36157,0.00123,0.46679
CVE-2021-36158,0.00090,0.37777
CVE-2021-36159,0.00288,0.65697
CVE-2021-3616,0.00155,0.51836
CVE-2021-36160,0.00158,0.52306
CVE-2021-36161,0.03001,0.89937
CVE-2021-36162,0.00165,0.53160
CVE-2021-36163,0.31936,0.96612
CVE-2021-36165,0.00095,0.39559
CVE-2021-36166,0.00373,0.69936
CVE-2021-36167,0.00077,0.31886
CVE-2021-36168,0.00128,0.47409
CVE-2021-36169,0.00044,0.10161
CVE-2021-3617,0.00083,0.34612
CVE-2021-36170,0.00044,0.10161
CVE-2021-36171,0.00291,0.65916
CVE-2021-36172,0.00104,0.42231
CVE-2021-36173,0.00293,0.66067
CVE-2021-36174,0.00089,0.37607
CVE-2021-36175,0.00066,0.27429
CVE-2021-36176,0.00072,0.29847
CVE-2021-36177,0.00050,0.16871
CVE-2021-36178,0.00065,0.26756
CVE-2021-36179,0.00098,0.40391
CVE-2021-3618,0.00110,0.44098
CVE-2021-36180,0.00118,0.45802
CVE-2021-36181,0.00054,0.19275
CVE-2021-36182,0.00132,0.48252
CVE-2021-36183,0.00044,0.10161
CVE-2021-36184,0.00065,0.26756
CVE-2021-36185,0.00132,0.48252
CVE-2021-36186,0.00186,0.55917
CVE-2021-36187,0.00224,0.60710
CVE-2021-36188,0.00072,0.29847
CVE-2021-36189,0.00062,0.24340
CVE-2021-3619,0.00050,0.16378
CVE-2021-36190,0.00089,0.37191
CVE-2021-36191,0.00054,0.20290
CVE-2021-36192,0.00044,0.10161
CVE-2021-36193,0.00095,0.39752
CVE-2021-36194,0.00096,0.39920
CVE-2021-36195,0.00136,0.49016
CVE-2021-36198,0.00152,0.51470
CVE-2021-36199,0.00086,0.35748
CVE-2021-3620,0.00045,0.12069
CVE-2021-36200,0.00080,0.33217
CVE-2021-36201,0.00068,0.28132
CVE-2021-36202,0.00104,0.42231
CVE-2021-36203,0.00147,0.50616
CVE-2021-36204,0.00132,0.48268
CVE-2021-36205,0.00213,0.59312
CVE-2021-36206,0.00064,0.26249
CVE-2021-36207,0.00104,0.42231
CVE-2021-36209,0.00201,0.58090
CVE-2021-3621,0.00138,0.49343
CVE-2021-36212,0.00061,0.24174
CVE-2021-36213,0.00096,0.39863
CVE-2021-36214,0.00072,0.29847
CVE-2021-36215,0.00072,0.29847
CVE-2021-36216,0.00044,0.10161
CVE-2021-36218,0.00091,0.38427
CVE-2021-36219,0.00213,0.59400
CVE-2021-3622,0.00156,0.52026
CVE-2021-36221,0.00446,0.72398
CVE-2021-36222,0.00381,0.70278
CVE-2021-36224,0.00080,0.33238
CVE-2021-36225,0.00084,0.35115
CVE-2021-36226,0.00080,0.33238
CVE-2021-3623,0.00045,0.11966
CVE-2021-36230,0.00104,0.42231
CVE-2021-36231,0.00698,0.78215
CVE-2021-36232,0.00104,0.42382
CVE-2021-36233,0.00076,0.31357
CVE-2021-36234,0.00042,0.05722
CVE-2021-36235,0.00044,0.10161
CVE-2021-3624,0.00071,0.29289
CVE-2021-3625,0.00234,0.61568
CVE-2021-3626,0.00044,0.10161
CVE-2021-36260,0.97484,0.99966
CVE-2021-36276,0.00042,0.05722
CVE-2021-36277,0.00042,0.05722
CVE-2021-36278,0.00044,0.10161
CVE-2021-36279,0.00044,0.10161
CVE-2021-3628,0.00067,0.27702
CVE-2021-36280,0.00044,0.10161
CVE-2021-36281,0.00104,0.42231
CVE-2021-36282,0.00044,0.10161
CVE-2021-36283,0.00042,0.05722
CVE-2021-36284,0.00042,0.05722
CVE-2021-36285,0.00042,0.05722
CVE-2021-36286,0.00044,0.07794
CVE-2021-36287,0.00323,0.67737
CVE-2021-36288,0.00156,0.51926
CVE-2021-36289,0.00044,0.10161
CVE-2021-3629,0.00091,0.38427
CVE-2021-36290,0.00044,0.10161
CVE-2021-36293,0.00044,0.10504
CVE-2021-36294,0.00366,0.69670
CVE-2021-36295,0.00164,0.53056
CVE-2021-36296,0.00164,0.53056
CVE-2021-36297,0.00062,0.24373
CVE-2021-36298,0.00415,0.71465
CVE-2021-36299,0.00082,0.33981
CVE-2021-3630,0.00102,0.41391
CVE-2021-36300,0.00228,0.61095
CVE-2021-36301,0.00188,0.56339
CVE-2021-36302,0.00104,0.42231
CVE-2021-36305,0.00081,0.33872
CVE-2021-36306,0.00341,0.68579
CVE-2021-36307,0.00104,0.42231
CVE-2021-36308,0.00451,0.72551
CVE-2021-36309,0.00092,0.38731
CVE-2021-3631,0.00048,0.14797
CVE-2021-36310,0.00081,0.33872
CVE-2021-36311,0.00044,0.10161
CVE-2021-36312,0.00136,0.49013
CVE-2021-36313,0.00115,0.45210
CVE-2021-36314,0.00456,0.72701
CVE-2021-36315,0.00059,0.22979
CVE-2021-36316,0.00082,0.34227
CVE-2021-36317,0.00042,0.05722
CVE-2021-36318,0.00044,0.10161
CVE-2021-36319,0.00044,0.10161
CVE-2021-3632,0.00163,0.52931
CVE-2021-36320,0.00341,0.68579
CVE-2021-36321,0.00186,0.55986
CVE-2021-36322,0.00111,0.44241
CVE-2021-36323,0.00042,0.05722
CVE-2021-36324,0.00042,0.05722
CVE-2021-36325,0.00042,0.05722
CVE-2021-36326,0.00200,0.57949
CVE-2021-36327,0.00129,0.47756
CVE-2021-36328,0.00087,0.36089
CVE-2021-36329,0.00065,0.26756
CVE-2021-3633,0.00081,0.33577
CVE-2021-36330,0.00362,0.69520
CVE-2021-36332,0.00071,0.29210
CVE-2021-36333,0.00042,0.05722
CVE-2021-36334,0.00105,0.42644
CVE-2021-36335,0.00213,0.59341
CVE-2021-36336,0.00308,0.66937
CVE-2021-36337,0.00135,0.48754
CVE-2021-36338,0.00044,0.10161
CVE-2021-36339,0.00044,0.10161
CVE-2021-3634,0.00605,0.76319
CVE-2021-36340,0.00044,0.10161
CVE-2021-36341,0.00042,0.05722
CVE-2021-36342,0.00042,0.05722
CVE-2021-36343,0.00042,0.05722
CVE-2021-36346,0.00143,0.49999
CVE-2021-36347,0.00204,0.58412
CVE-2021-36348,0.00126,0.47206
CVE-2021-36349,0.00054,0.20290
CVE-2021-3635,0.00044,0.10161
CVE-2021-36350,0.00138,0.49372
CVE-2021-36351,0.00459,0.72750
CVE-2021-36352,0.00075,0.30782
CVE-2021-36356,0.93009,0.98869
CVE-2021-36357,0.00197,0.57609
CVE-2021-36359,0.02055,0.87865
CVE-2021-3636,0.00044,0.10445
CVE-2021-36363,0.00221,0.60385
CVE-2021-36364,0.00221,0.60385
CVE-2021-36365,0.00221,0.60385
CVE-2021-36366,0.00221,0.60385
CVE-2021-36367,0.00143,0.50161
CVE-2021-36368,0.00199,0.57921
CVE-2021-36369,0.00087,0.36574
CVE-2021-3637,0.00075,0.30828
CVE-2021-36370,0.00282,0.65354
CVE-2021-36371,0.00068,0.28323
CVE-2021-36372,0.00285,0.65503
CVE-2021-36373,0.00103,0.41789
CVE-2021-36374,0.00071,0.29271
CVE-2021-36376,0.00078,0.32085
CVE-2021-36377,0.00079,0.33063
CVE-2021-3638,0.00056,0.21156
CVE-2021-36380,0.97166,0.99770
CVE-2021-36381,0.00092,0.38942
CVE-2021-36382,0.00065,0.27077
CVE-2021-36383,0.00058,0.22585
CVE-2021-36385,0.00203,0.58272
CVE-2021-36386,0.00402,0.71019
CVE-2021-36387,0.00176,0.54814
CVE-2021-36388,0.00262,0.63940
CVE-2021-36389,0.00262,0.63940
CVE-2021-3639,0.00070,0.28778
CVE-2021-36392,0.00076,0.31600
CVE-2021-36393,0.00076,0.31600
CVE-2021-36394,0.00241,0.62194
CVE-2021-36395,0.00044,0.10188
CVE-2021-36396,0.00048,0.14563
CVE-2021-36397,0.00046,0.13740
CVE-2021-36398,0.00045,0.11801
CVE-2021-36399,0.00045,0.11801
CVE-2021-3640,0.00042,0.05722
CVE-2021-36400,0.00046,0.13740
CVE-2021-36401,0.00043,0.06775
CVE-2021-36402,0.00046,0.13740
CVE-2021-36403,0.00046,0.13740
CVE-2021-36408,0.00061,0.23807
CVE-2021-36409,0.00077,0.31670
CVE-2021-3641,0.00045,0.12491
CVE-2021-36410,0.00082,0.34028
CVE-2021-36411,0.00113,0.44614
CVE-2021-36412,0.00074,0.30513
CVE-2021-36414,0.00078,0.32081
CVE-2021-36417,0.00078,0.32081
CVE-2021-3642,0.00065,0.26756
CVE-2021-36424,0.00311,0.67027
CVE-2021-36425,0.00081,0.33881
CVE-2021-36426,0.00128,0.47411
CVE-2021-3643,0.00155,0.51871
CVE-2021-36431,0.00073,0.30294
CVE-2021-36432,0.00072,0.29665
CVE-2021-36433,0.00073,0.30294
CVE-2021-36434,0.00073,0.30294
CVE-2021-36436,0.00046,0.13740
CVE-2021-3644,0.00092,0.38846
CVE-2021-36440,0.00507,0.74095
CVE-2021-36443,0.00090,0.38004
CVE-2021-36444,0.00094,0.39267
CVE-2021-3645,0.00194,0.57318
CVE-2021-36450,0.00229,0.61197
CVE-2021-36454,0.00058,0.22585
CVE-2021-36455,0.00088,0.36822
CVE-2021-3646,0.00068,0.28323
CVE-2021-36460,0.00071,0.29169
CVE-2021-36461,0.00072,0.29622
CVE-2021-3647,0.00068,0.28323
CVE-2021-36471,0.00167,0.53477
CVE-2021-36483,0.01502,0.85608
CVE-2021-36484,0.00086,0.35613
CVE-2021-36489,0.00053,0.18524
CVE-2021-3649,0.00088,0.37038
CVE-2021-36493,0.00053,0.18524
CVE-2021-36503,0.00071,0.29180
CVE-2021-36512,0.00133,0.48351
CVE-2021-36513,0.00150,0.51178
CVE-2021-3652,0.00092,0.38682
CVE-2021-36520,0.00113,0.44701
CVE-2021-3653,0.00056,0.21169
CVE-2021-36530,0.00192,0.56914
CVE-2021-36531,0.00192,0.56914
CVE-2021-36532,0.00187,0.56226
CVE-2021-36535,0.00071,0.29172
CVE-2021-36538,0.00060,0.23236
CVE-2021-36539,0.00076,0.31136
CVE-2021-3654,0.92596,0.98829
CVE-2021-36542,0.00074,0.30478
CVE-2021-36543,0.00136,0.48893
CVE-2021-36544,0.00130,0.47889
CVE-2021-36545,0.00062,0.24391
CVE-2021-36546,0.00133,0.48427
CVE-2021-36547,0.00582,0.75817
CVE-2021-36548,0.00582,0.75817
CVE-2021-3655,0.00047,0.13894
CVE-2021-36550,0.00058,0.22585
CVE-2021-36551,0.00058,0.22585
CVE-2021-3656,0.00042,0.05722
CVE-2021-36560,0.00259,0.63767
CVE-2021-36563,0.00067,0.27713
CVE-2021-36564,0.00392,0.70720
CVE-2021-36567,0.01107,0.82992
CVE-2021-36568,0.00078,0.32632
CVE-2021-36569,0.00090,0.38004
CVE-2021-3657,0.00686,0.78020
CVE-2021-36570,0.00090,0.38004
CVE-2021-36572,0.00068,0.28174
CVE-2021-36573,0.00056,0.20979
CVE-2021-3658,0.00076,0.31215
CVE-2021-36580,0.00193,0.57175
CVE-2021-36581,0.00221,0.60385
CVE-2021-36582,0.00221,0.60385
CVE-2021-36584,0.00069,0.28512
CVE-2021-3659,0.00042,0.05722
CVE-2021-3660,0.00071,0.29203
CVE-2021-36601,0.00078,0.32739
CVE-2021-36603,0.00099,0.40563
CVE-2021-36605,0.00058,0.22585
CVE-2021-36608,0.00058,0.22585
CVE-2021-36609,0.00058,0.22585
CVE-2021-3661,0.00055,0.20546
CVE-2021-36613,0.00103,0.41971
CVE-2021-36614,0.00103,0.41971
CVE-2021-3662,0.00050,0.16027
CVE-2021-36621,0.00774,0.79441
CVE-2021-36622,0.01577,0.85981
CVE-2021-36623,0.01577,0.85981
CVE-2021-36624,0.00296,0.66206
CVE-2021-36625,0.00087,0.36089
CVE-2021-3663,0.00148,0.50784
CVE-2021-36630,0.00675,0.77782
CVE-2021-36631,0.00043,0.06775
CVE-2021-3664,0.00095,0.39573
CVE-2021-36646,0.00059,0.23047
CVE-2021-36647,0.00054,0.19194
CVE-2021-36654,0.00081,0.33527
CVE-2021-3666,0.00194,0.57318
CVE-2021-36665,0.00048,0.14460
CVE-2021-36666,0.00048,0.14460
CVE-2021-36667,0.00087,0.36587
CVE-2021-36668,0.00048,0.14460
CVE-2021-3667,0.00166,0.53314
CVE-2021-36686,0.00061,0.24185
CVE-2021-36689,0.00043,0.06775
CVE-2021-3669,0.00042,0.05722
CVE-2021-36690,0.00315,0.67263
CVE-2021-36691,0.00072,0.29919
CVE-2021-36692,0.00182,0.55614
CVE-2021-36695,0.00058,0.22585
CVE-2021-36696,0.00058,0.22585
CVE-2021-36697,0.00091,0.38126
CVE-2021-36698,0.00067,0.27713
CVE-2021-3670,0.00199,0.57898
CVE-2021-36701,0.00203,0.58322
CVE-2021-36702,0.00161,0.52749
CVE-2021-36703,0.00161,0.52749
CVE-2021-36705,0.00480,0.73347
CVE-2021-36706,0.00480,0.73347
CVE-2021-36707,0.00887,0.80850
CVE-2021-36708,0.00205,0.58568
CVE-2021-3671,0.00525,0.74539
CVE-2021-36710,0.00042,0.05722
CVE-2021-36711,0.45989,0.97115
CVE-2021-36712,0.00051,0.17337
CVE-2021-36713,0.00052,0.17989
CVE-2021-36716,0.00101,0.41058
CVE-2021-36717,0.00153,0.51592
CVE-2021-36718,0.00065,0.26756
CVE-2021-36719,0.00104,0.42231
CVE-2021-3672,0.00161,0.52712
CVE-2021-36720,0.00072,0.29847
CVE-2021-36721,0.00072,0.29847
CVE-2021-36722,0.00138,0.49352
CVE-2021-36723,0.00150,0.51158
CVE-2021-36724,0.00044,0.10161
CVE-2021-3673,0.00431,0.71925
CVE-2021-36737,0.00190,0.56619
CVE-2021-36738,0.00190,0.56619
CVE-2021-36739,0.00190,0.56619
CVE-2021-3674,0.00066,0.27449
CVE-2021-36740,0.00390,0.70614
CVE-2021-36741,0.01597,0.86062
CVE-2021-36742,0.00137,0.49110
CVE-2021-36744,0.00045,0.12491
CVE-2021-36745,0.01541,0.85798
CVE-2021-36746,0.00058,0.22585
CVE-2021-36747,0.00058,0.22585
CVE-2021-36748,0.00610,0.76420
CVE-2021-36749,0.80294,0.98058
CVE-2021-3675,0.00042,0.05722
CVE-2021-36750,0.00157,0.52193
CVE-2021-36751,0.00059,0.22851
CVE-2021-36753,0.00042,0.05722
CVE-2021-36754,0.05774,0.92648
CVE-2021-36755,0.00072,0.29847
CVE-2021-36756,0.00078,0.32206
CVE-2021-36758,0.00054,0.20290
CVE-2021-36760,0.00078,0.32206
CVE-2021-36761,0.00072,0.29847
CVE-2021-36762,0.00105,0.42531
CVE-2021-36763,0.00150,0.51158
CVE-2021-36764,0.00088,0.36953
CVE-2021-36765,0.00150,0.51158
CVE-2021-36766,0.00685,0.78006
CVE-2021-36767,0.00143,0.50038
CVE-2021-36769,0.00071,0.29368
CVE-2021-3677,0.00091,0.38427
CVE-2021-36770,0.00078,0.32740
CVE-2021-36771,0.00109,0.43857
CVE-2021-36772,0.00109,0.43857
CVE-2021-36773,0.00281,0.65250
CVE-2021-36774,0.00067,0.27823
CVE-2021-36775,0.00087,0.36023
CVE-2021-36776,0.00209,0.58849
CVE-2021-36777,0.00192,0.56914
CVE-2021-36778,0.00150,0.51158
CVE-2021-36779,0.00068,0.28059
CVE-2021-3678,0.00133,0.48411
CVE-2021-36780,0.00065,0.27012
CVE-2021-36781,0.00042,0.05722
CVE-2021-36782,0.00071,0.29134
CVE-2021-36783,0.00074,0.30692
CVE-2021-36784,0.00087,0.36023
CVE-2021-36785,0.00054,0.20290
CVE-2021-36786,0.00158,0.52341
CVE-2021-36787,0.00422,0.71684
CVE-2021-36788,0.00054,0.20290
CVE-2021-36789,0.00157,0.52076
CVE-2021-3679,0.00042,0.05722
CVE-2021-36790,0.00078,0.32206
CVE-2021-36791,0.00078,0.32206
CVE-2021-36792,0.00078,0.32206
CVE-2021-36793,0.00158,0.52341
CVE-2021-36794,0.00236,0.61757
CVE-2021-36795,0.00044,0.10161
CVE-2021-36797,0.00062,0.24373
CVE-2021-36798,0.00203,0.58329
CVE-2021-36799,0.00044,0.10161
CVE-2021-3680,0.00053,0.18833
CVE-2021-36800,0.00113,0.44632
CVE-2021-36801,0.00076,0.31357
CVE-2021-36802,0.00079,0.32837
CVE-2021-36803,0.00058,0.22585
CVE-2021-36804,0.00170,0.54076
CVE-2021-36805,0.00058,0.22585
CVE-2021-36806,0.00046,0.13740
CVE-2021-36807,0.00105,0.42644
CVE-2021-36808,0.00042,0.05722
CVE-2021-36809,0.00042,0.05722
CVE-2021-3681,0.00044,0.10161
CVE-2021-3682,0.00334,0.68320
CVE-2021-36821,0.00046,0.13740
CVE-2021-36823,0.00081,0.33872
CVE-2021-36826,0.00054,0.20290
CVE-2021-36827,0.00054,0.20290
CVE-2021-36828,0.00054,0.20290
CVE-2021-36829,0.00048,0.14636
CVE-2021-3683,0.00069,0.28703
CVE-2021-36830,0.00053,0.18436
CVE-2021-36832,0.00050,0.16378
CVE-2021-36833,0.00054,0.20290
CVE-2021-36839,0.00053,0.18436
CVE-2021-3684,0.00045,0.12069
CVE-2021-36841,0.00050,0.16378
CVE-2021-36843,0.00054,0.20290
CVE-2021-36844,0.00050,0.16378
CVE-2021-36845,0.00054,0.20290
CVE-2021-36846,0.00050,0.16378
CVE-2021-36847,0.00048,0.14636
CVE-2021-36848,0.00050,0.16378
CVE-2021-36849,0.00053,0.18436
CVE-2021-36850,0.00053,0.18302
CVE-2021-36851,0.00050,0.16378
CVE-2021-36852,0.00078,0.32153
CVE-2021-36854,0.00062,0.24582
CVE-2021-36855,0.00046,0.12685
CVE-2021-36857,0.00048,0.14636
CVE-2021-36858,0.00048,0.14636
CVE-2021-36861,0.00051,0.17026
CVE-2021-36863,0.00048,0.14636
CVE-2021-36864,0.00053,0.18436
CVE-2021-36865,0.00053,0.18436
CVE-2021-36866,0.00050,0.16378
CVE-2021-36867,0.00048,0.14250
CVE-2021-36869,0.00061,0.24174
CVE-2021-36870,0.00045,0.12303
CVE-2021-36871,0.00054,0.20290
CVE-2021-36872,0.00050,0.16378
CVE-2021-36873,0.00131,0.47974
CVE-2021-36874,0.00095,0.39615
CVE-2021-36875,0.00050,0.16378
CVE-2021-36876,0.00101,0.41190
CVE-2021-36877,0.00053,0.19081
CVE-2021-36878,0.00053,0.18302
CVE-2021-36879,0.00235,0.61618
CVE-2021-3688,0.00082,0.33977
CVE-2021-36880,0.00164,0.53119
CVE-2021-36884,0.00050,0.16378
CVE-2021-36885,0.00061,0.24174
CVE-2021-36886,0.00101,0.41190
CVE-2021-36887,0.00110,0.43971
CVE-2021-36888,0.00221,0.60385
CVE-2021-36889,0.00050,0.16378
CVE-2021-3689,0.00069,0.28703
CVE-2021-36890,0.00053,0.18302
CVE-2021-36891,0.00052,0.18167
CVE-2021-36893,0.00050,0.16378
CVE-2021-36895,0.00061,0.24174
CVE-2021-36896,0.00050,0.16378
CVE-2021-36898,0.00074,0.30736
CVE-2021-36899,0.00048,0.14636
CVE-2021-3690,0.00090,0.37843
CVE-2021-36901,0.00087,0.35933
CVE-2021-36905,0.00048,0.14636
CVE-2021-36906,0.00089,0.37280
CVE-2021-36908,0.00125,0.46935
CVE-2021-36909,0.00119,0.45872
CVE-2021-36910,0.00050,0.16378
CVE-2021-36911,0.00050,0.16378
CVE-2021-36912,0.00050,0.16378
CVE-2021-36913,0.00054,0.20312
CVE-2021-36914,0.00053,0.18302
CVE-2021-36915,0.00046,0.12685
CVE-2021-36916,0.00163,0.52968
CVE-2021-36917,0.00220,0.59948
CVE-2021-36919,0.00054,0.20290
CVE-2021-3692,0.00068,0.28323
CVE-2021-36920,0.00050,0.16378
CVE-2021-36921,0.00197,0.57678
CVE-2021-36922,0.00042,0.05722
CVE-2021-36923,0.00042,0.05722
CVE-2021-36924,0.00042,0.05722
CVE-2021-36925,0.00042,0.05722
CVE-2021-36926,0.00660,0.77497
CVE-2021-36927,0.00043,0.07315
CVE-2021-36928,0.00054,0.19234
CVE-2021-36929,0.00082,0.33932
CVE-2021-3693,0.01871,0.87166
CVE-2021-36930,0.00087,0.36089
CVE-2021-36931,0.00087,0.36089
CVE-2021-36932,0.00660,0.77497
CVE-2021-36933,0.00660,0.77497
CVE-2021-36934,0.00241,0.62200
CVE-2021-36936,0.01734,0.86605
CVE-2021-36937,0.38247,0.96869
CVE-2021-36938,0.00043,0.07315
CVE-2021-3694,0.02058,0.87875
CVE-2021-36940,0.00077,0.31634
CVE-2021-36941,0.38247,0.96869
CVE-2021-36942,0.84780,0.98269
CVE-2021-36943,0.00077,0.31627
CVE-2021-36945,0.00052,0.18009
CVE-2021-36946,0.00052,0.17554
CVE-2021-36947,0.01734,0.86605
CVE-2021-36948,0.00043,0.07502
CVE-2021-36949,0.00043,0.07315
CVE-2021-3695,0.00048,0.14643
CVE-2021-36950,0.00052,0.17554
CVE-2021-36952,0.02768,0.89591
CVE-2021-36953,0.00124,0.46718
CVE-2021-36954,0.00043,0.07315
CVE-2021-36955,0.00051,0.17037
CVE-2021-36956,0.00043,0.07315
CVE-2021-36957,0.00043,0.07315
CVE-2021-36958,0.38247,0.96869
CVE-2021-36959,0.51235,0.97274
CVE-2021-3696,0.00048,0.14643
CVE-2021-36960,0.00660,0.77497
CVE-2021-36961,0.00043,0.07504
CVE-2021-36962,0.00043,0.07637
CVE-2021-36963,0.00043,0.07315
CVE-2021-36964,0.00043,0.07315
CVE-2021-36965,0.07806,0.93615
CVE-2021-36966,0.00043,0.07315
CVE-2021-36967,0.00055,0.20423
CVE-2021-36968,0.00043,0.07315
CVE-2021-36969,0.00043,0.07315
CVE-2021-3697,0.00045,0.12326
CVE-2021-36970,0.00381,0.70270
CVE-2021-36972,0.00043,0.07315
CVE-2021-36973,0.00043,0.07315
CVE-2021-36974,0.00043,0.07315
CVE-2021-36975,0.00043,0.07315
CVE-2021-36976,0.00366,0.69690
CVE-2021-36977,0.00129,0.47555
CVE-2021-36978,0.00094,0.39314
CVE-2021-36979,0.00069,0.28585
CVE-2021-3698,0.00101,0.41236
CVE-2021-36980,0.00125,0.46892
CVE-2021-36981,0.01127,0.83162
CVE-2021-36982,0.00136,0.49019
CVE-2021-36983,0.00042,0.05722
CVE-2021-36985,0.00127,0.47281
CVE-2021-36986,0.00201,0.58090
CVE-2021-36987,0.00089,0.37607
CVE-2021-36988,0.00073,0.30380
CVE-2021-36989,0.00201,0.58090
CVE-2021-36990,0.00201,0.58090
CVE-2021-36991,0.00150,0.51158
CVE-2021-36992,0.00150,0.51158
CVE-2021-36993,0.00089,0.37607
CVE-2021-36994,0.00072,0.29847
CVE-2021-36995,0.00073,0.30380
CVE-2021-36996,0.00072,0.29847
CVE-2021-36997,0.00079,0.33173
CVE-2021-36998,0.00072,0.29847
CVE-2021-36999,0.00131,0.47950
CVE-2021-3700,0.00044,0.10161
CVE-2021-37001,0.00073,0.30380
CVE-2021-37002,0.00201,0.58090
CVE-2021-37003,0.00089,0.37607
CVE-2021-37004,0.00089,0.37607
CVE-2021-37005,0.00089,0.37607
CVE-2021-37006,0.00150,0.51158
CVE-2021-37007,0.00089,0.37607
CVE-2021-37008,0.00089,0.37607
CVE-2021-37009,0.00150,0.51158
CVE-2021-3701,0.00045,0.12069
CVE-2021-37010,0.00150,0.51158
CVE-2021-37011,0.00222,0.60620
CVE-2021-37012,0.00089,0.37607
CVE-2021-37013,0.00079,0.33173
CVE-2021-37014,0.00089,0.37607
CVE-2021-37015,0.00089,0.37607
CVE-2021-37016,0.00185,0.55888
CVE-2021-37017,0.00089,0.37607
CVE-2021-37018,0.00089,0.37607
CVE-2021-37019,0.00089,0.37607
CVE-2021-3702,0.00045,0.12069
CVE-2021-37020,0.00222,0.60620
CVE-2021-37021,0.00222,0.60620
CVE-2021-37022,0.00226,0.60930
CVE-2021-37023,0.00083,0.34406
CVE-2021-37024,0.00089,0.37607
CVE-2021-37025,0.00089,0.37607
CVE-2021-37026,0.00089,0.37607
CVE-2021-37027,0.00101,0.41058
CVE-2021-37028,0.00044,0.10504
CVE-2021-37029,0.00079,0.33173
CVE-2021-3703,0.00074,0.30462
CVE-2021-37030,0.00089,0.37607
CVE-2021-37031,0.00089,0.37607
CVE-2021-37032,0.00079,0.33173
CVE-2021-37033,0.00089,0.37607
CVE-2021-37034,0.00150,0.51158
CVE-2021-37035,0.00089,0.37607
CVE-2021-37036,0.00044,0.10161
CVE-2021-37037,0.00101,0.41058
CVE-2021-37038,0.00150,0.51158
CVE-2021-37039,0.00057,0.21336
CVE-2021-3704,0.00106,0.42882
CVE-2021-37040,0.00221,0.60385
CVE-2021-37041,0.00138,0.49369
CVE-2021-37042,0.00138,0.49369
CVE-2021-37043,0.00089,0.37607
CVE-2021-37044,0.00101,0.41058
CVE-2021-37045,0.00221,0.60385
CVE-2021-37046,0.00089,0.37607
CVE-2021-37047,0.00089,0.37607
CVE-2021-37048,0.00073,0.30380
CVE-2021-37049,0.00221,0.60385
CVE-2021-3705,0.00175,0.54725
CVE-2021-37050,0.00100,0.40996
CVE-2021-37051,0.00218,0.59811
CVE-2021-37052,0.00158,0.52341
CVE-2021-37053,0.00067,0.27835
CVE-2021-37054,0.00148,0.50904
CVE-2021-37055,0.00065,0.26867
CVE-2021-37056,0.00061,0.23818
CVE-2021-37057,0.00089,0.37607
CVE-2021-37058,0.00072,0.29847
CVE-2021-37059,0.00201,0.58090
CVE-2021-3706,0.00129,0.47617
CVE-2021-37060,0.00150,0.51158
CVE-2021-37061,0.00089,0.37607
CVE-2021-37062,0.00198,0.57713
CVE-2021-37063,0.00201,0.58090
CVE-2021-37064,0.00156,0.51926
CVE-2021-37065,0.00198,0.57713
CVE-2021-37066,0.00089,0.37607
CVE-2021-37067,0.00150,0.51158
CVE-2021-37068,0.00063,0.24876
CVE-2021-37069,0.00218,0.59811
CVE-2021-3707,0.00047,0.13943
CVE-2021-37070,0.00089,0.37607
CVE-2021-37071,0.00071,0.29420
CVE-2021-37072,0.00089,0.37607
CVE-2021-37073,0.00072,0.29847
CVE-2021-37074,0.00221,0.60385
CVE-2021-37075,0.00158,0.52341
CVE-2021-37076,0.00089,0.37607
CVE-2021-37077,0.00088,0.36953
CVE-2021-37078,0.00178,0.55117
CVE-2021-37079,0.00091,0.38389
CVE-2021-3708,0.00053,0.18475
CVE-2021-37080,0.00089,0.37607
CVE-2021-37081,0.00089,0.37607
CVE-2021-37082,0.00089,0.37607
CVE-2021-37083,0.00088,0.36953
CVE-2021-37084,0.00201,0.58090
CVE-2021-37085,0.00089,0.37607
CVE-2021-37086,0.00150,0.51158
CVE-2021-37087,0.00156,0.51926
CVE-2021-37088,0.00156,0.51926
CVE-2021-37089,0.00089,0.37607
CVE-2021-3709,0.00076,0.31437
CVE-2021-37090,0.00089,0.37607
CVE-2021-37091,0.00150,0.51158
CVE-2021-37092,0.00101,0.41058
CVE-2021-37093,0.00078,0.32206
CVE-2021-37094,0.00089,0.37607
CVE-2021-37095,0.00450,0.72492
CVE-2021-37096,0.00150,0.51158
CVE-2021-37097,0.00143,0.50054
CVE-2021-37098,0.00089,0.37607
CVE-2021-37099,0.00090,0.37763
CVE-2021-3710,0.00064,0.26190
CVE-2021-37100,0.00147,0.50632
CVE-2021-37101,0.00065,0.26849
CVE-2021-37102,0.00088,0.36880
CVE-2021-37103,0.00044,0.10161
CVE-2021-37104,0.00150,0.51158
CVE-2021-37105,0.00089,0.37607
CVE-2021-37106,0.00088,0.36880
CVE-2021-37107,0.00044,0.10161
CVE-2021-37109,0.00044,0.10161
CVE-2021-3711,0.07014,0.93327
CVE-2021-37110,0.00158,0.52341
CVE-2021-37111,0.00101,0.41058
CVE-2021-37112,0.00072,0.29847
CVE-2021-37113,0.00158,0.52341
CVE-2021-37114,0.00078,0.32206
CVE-2021-37115,0.00044,0.10161
CVE-2021-37116,0.00198,0.57713
CVE-2021-37117,0.00080,0.33435
CVE-2021-37118,0.00072,0.29847
CVE-2021-37119,0.00080,0.33435
CVE-2021-3712,0.00409,0.71248
CVE-2021-37120,0.00201,0.58090
CVE-2021-37121,0.00201,0.58090
CVE-2021-37122,0.00050,0.16871
CVE-2021-37123,0.00201,0.58090
CVE-2021-37124,0.00051,0.17021
CVE-2021-37125,0.00150,0.51158
CVE-2021-37126,0.00153,0.51592
CVE-2021-37127,0.00104,0.42231
CVE-2021-37128,0.00176,0.54853
CVE-2021-37129,0.00089,0.37607
CVE-2021-3713,0.00045,0.11966
CVE-2021-37130,0.00153,0.51592
CVE-2021-37131,0.00104,0.42231
CVE-2021-37132,0.00072,0.29847
CVE-2021-37133,0.00158,0.52341
CVE-2021-37134,0.00201,0.58090
CVE-2021-37136,0.00467,0.72978
CVE-2021-37137,0.00467,0.72978
CVE-2021-3714,0.00101,0.41165
CVE-2021-37144,0.00074,0.30469
CVE-2021-37145,0.00192,0.56977
CVE-2021-37146,0.00470,0.73050
CVE-2021-37147,0.00154,0.51682
CVE-2021-37148,0.00154,0.51682
CVE-2021-37149,0.00154,0.51682
CVE-2021-3715,0.00042,0.05722
CVE-2021-37150,0.00264,0.64176
CVE-2021-37151,0.00078,0.32206
CVE-2021-37152,0.00156,0.52051
CVE-2021-37153,0.00221,0.60385
CVE-2021-37154,0.00221,0.60385
CVE-2021-37155,0.00213,0.59400
CVE-2021-37156,0.00079,0.33063
CVE-2021-37157,0.00169,0.53928
CVE-2021-37158,0.00377,0.70064
CVE-2021-37159,0.00079,0.32804
CVE-2021-3716,0.00104,0.42335
CVE-2021-37160,0.00542,0.74968
CVE-2021-37161,0.02528,0.89119
CVE-2021-37162,0.02528,0.89119
CVE-2021-37163,0.00375,0.70024
CVE-2021-37164,0.00542,0.74968
CVE-2021-37165,0.01853,0.87097
CVE-2021-37166,0.00310,0.67004
CVE-2021-37167,0.00542,0.74968
CVE-2021-3717,0.00044,0.10161
CVE-2021-37172,0.00073,0.30380
CVE-2021-37173,0.00264,0.64108
CVE-2021-37174,0.00092,0.38813
CVE-2021-37175,0.00072,0.29847
CVE-2021-37176,0.00060,0.23538
CVE-2021-37177,0.00055,0.20423
CVE-2021-37178,0.00104,0.42347
CVE-2021-37179,0.00085,0.35250
CVE-2021-3718,0.00050,0.16871
CVE-2021-37180,0.00082,0.33956
CVE-2021-37181,0.00478,0.73282
CVE-2021-37182,0.00178,0.55117
CVE-2021-37183,0.00054,0.19327
CVE-2021-37184,0.00154,0.51718
CVE-2021-37185,0.00095,0.39739
CVE-2021-37186,0.00050,0.16871
CVE-2021-37187,0.00065,0.26756
CVE-2021-37188,0.00104,0.42231
CVE-2021-37189,0.00158,0.52341
CVE-2021-3719,0.00042,0.05722
CVE-2021-37190,0.00050,0.16871
CVE-2021-37191,0.00054,0.19327
CVE-2021-37192,0.00050,0.16871
CVE-2021-37193,0.00054,0.19327
CVE-2021-37194,0.00073,0.30380
CVE-2021-37195,0.00072,0.29847
CVE-2021-37196,0.00063,0.24943
CVE-2021-37197,0.00077,0.31948
CVE-2021-37198,0.00067,0.27637
CVE-2021-37199,0.00089,0.37607
CVE-2021-3720,0.00044,0.10161
CVE-2021-37200,0.00090,0.37778
CVE-2021-37201,0.00067,0.27637
CVE-2021-37202,0.00142,0.49854
CVE-2021-37203,0.00062,0.24284
CVE-2021-37204,0.00095,0.39739
CVE-2021-37205,0.00095,0.39739
CVE-2021-37206,0.00186,0.55986
CVE-2021-37207,0.00042,0.05722
CVE-2021-37208,0.00091,0.38389
CVE-2021-37209,0.00046,0.13837
CVE-2021-3721,0.00042,0.05722
CVE-2021-37211,0.00054,0.20290
CVE-2021-37212,0.00087,0.35996
CVE-2021-37213,0.00087,0.35996
CVE-2021-37214,0.00294,0.66122
CVE-2021-37215,0.00087,0.35996
CVE-2021-37216,0.00106,0.42949
CVE-2021-37218,0.00104,0.42231
CVE-2021-37219,0.00197,0.57645
CVE-2021-3722,0.00044,0.10161
CVE-2021-37220,0.00099,0.40675
CVE-2021-37221,0.00269,0.64497
CVE-2021-37222,0.00577,0.75717
CVE-2021-37223,0.00064,0.26353
CVE-2021-3723,0.00125,0.46973
CVE-2021-37231,0.00141,0.49760
CVE-2021-37232,0.00288,0.65690
CVE-2021-37234,0.00089,0.37674
CVE-2021-3725,0.00171,0.54212
CVE-2021-37253,0.04015,0.91221
CVE-2021-37254,0.00266,0.64311
CVE-2021-3726,0.00199,0.57786
CVE-2021-37262,0.00075,0.30828
CVE-2021-37267,0.00072,0.29847
CVE-2021-3727,0.00144,0.50250
CVE-2021-37270,0.00213,0.59400
CVE-2021-37271,0.00053,0.18833
CVE-2021-37273,0.00089,0.37607
CVE-2021-37274,0.00104,0.42274
CVE-2021-3728,0.00069,0.28650
CVE-2021-37289,0.00136,0.49002
CVE-2021-3729,0.00053,0.18302
CVE-2021-37291,0.00158,0.52225
CVE-2021-37292,0.00077,0.31658
CVE-2021-37293,0.00087,0.36460
CVE-2021-3730,0.00053,0.19081
CVE-2021-37304,0.00917,0.81185
CVE-2021-37305,0.00290,0.65856
CVE-2021-37306,0.00112,0.44385
CVE-2021-3731,0.00101,0.41078
CVE-2021-37311,0.00053,0.18524
CVE-2021-37315,0.00109,0.43511
CVE-2021-37316,0.00072,0.29665
CVE-2021-37317,0.00121,0.46270
CVE-2021-3732,0.00042,0.05722
CVE-2021-37322,0.00081,0.33577
CVE-2021-37326,0.00072,0.29847
CVE-2021-3733,0.00265,0.64206
CVE-2021-37330,0.00058,0.22585
CVE-2021-37331,0.00095,0.39559
CVE-2021-37333,0.00283,0.65421
CVE-2021-37334,0.01018,0.82196
CVE-2021-3734,0.00125,0.46935
CVE-2021-37343,0.51326,0.97276
CVE-2021-37344,0.72942,0.97839
CVE-2021-37345,0.00060,0.23520
CVE-2021-37346,0.72942,0.97839
CVE-2021-37347,0.00062,0.24548
CVE-2021-37348,0.00140,0.49523
CVE-2021-37349,0.00060,0.23520
CVE-2021-3735,0.00042,0.05722
CVE-2021-37350,0.00285,0.65520
CVE-2021-37351,0.00262,0.63967
CVE-2021-37352,0.00141,0.49741
CVE-2021-37353,0.00201,0.58090
CVE-2021-37354,0.00234,0.61568
CVE-2021-37358,0.00149,0.50919
CVE-2021-3736,0.00042,0.05722
CVE-2021-37363,0.00070,0.28857
CVE-2021-37364,0.00142,0.49973
CVE-2021-37365,0.00061,0.24174
CVE-2021-37366,0.00101,0.41190
CVE-2021-37367,0.00044,0.07794
CVE-2021-3737,0.01559,0.85891
CVE-2021-37371,0.00551,0.75159
CVE-2021-37372,0.03112,0.90112
CVE-2021-37373,0.00051,0.17337
CVE-2021-37374,0.00051,0.17337
CVE-2021-37375,0.00051,0.17337
CVE-2021-37376,0.00051,0.17337
CVE-2021-37377,0.00051,0.17337
CVE-2021-37378,0.00051,0.17337
CVE-2021-37379,0.00051,0.17337
CVE-2021-3738,0.00234,0.61578
CVE-2021-37381,0.00125,0.46935
CVE-2021-37384,0.00186,0.55898
CVE-2021-37386,0.00063,0.25204
CVE-2021-37388,0.00578,0.75755
CVE-2021-37389,0.00068,0.28323
CVE-2021-3739,0.00042,0.05722
CVE-2021-37390,0.00068,0.28323
CVE-2021-37391,0.00065,0.26786
CVE-2021-37392,0.00058,0.22585
CVE-2021-37393,0.00058,0.22585
CVE-2021-37394,0.00104,0.42382
CVE-2021-37400,0.00356,0.69254
CVE-2021-37401,0.00356,0.69254
CVE-2021-37402,0.00078,0.32206
CVE-2021-37403,0.00065,0.27095
CVE-2021-37404,0.00173,0.54500
CVE-2021-37409,0.00043,0.06775
CVE-2021-37412,0.00072,0.29847
CVE-2021-37413,0.00157,0.52182
CVE-2021-37414,0.00442,0.72290
CVE-2021-37415,0.95751,0.99309
CVE-2021-37416,0.00118,0.45756
CVE-2021-37417,0.00329,0.68049
CVE-2021-37419,0.00144,0.50271
CVE-2021-37420,0.00157,0.52156
CVE-2021-37421,0.02863,0.89747
CVE-2021-37422,0.00607,0.76354
CVE-2021-37423,0.00305,0.66723
CVE-2021-37424,0.00428,0.71829
CVE-2021-37425,0.02586,0.89227
CVE-2021-3743,0.00043,0.07634
CVE-2021-37436,0.00064,0.26291
CVE-2021-37439,0.00088,0.36697
CVE-2021-3744,0.00075,0.30850
CVE-2021-37440,0.00121,0.46218
CVE-2021-37441,0.00084,0.34625
CVE-2021-37442,0.00088,0.36697
CVE-2021-37443,0.00081,0.33880
CVE-2021-37444,0.00090,0.37813
CVE-2021-37445,0.00088,0.36697
CVE-2021-37446,0.00061,0.23805
CVE-2021-37447,0.00081,0.33880
CVE-2021-37448,0.00054,0.20290
CVE-2021-37449,0.00054,0.20290
CVE-2021-3745,0.00098,0.40432
CVE-2021-37450,0.00058,0.22585
CVE-2021-37451,0.00058,0.22585
CVE-2021-37452,0.00042,0.05722
CVE-2021-37453,0.00058,0.22585
CVE-2021-37454,0.00058,0.22585
CVE-2021-37455,0.00058,0.22585
CVE-2021-37456,0.00058,0.22585
CVE-2021-37457,0.00058,0.22585
CVE-2021-37458,0.00058,0.22585
CVE-2021-37459,0.00058,0.22585
CVE-2021-3746,0.00075,0.30828
CVE-2021-37460,0.00058,0.22585
CVE-2021-37461,0.00058,0.22585
CVE-2021-37462,0.00058,0.22585
CVE-2021-37463,0.00058,0.22585
CVE-2021-37464,0.00058,0.22585
CVE-2021-37465,0.00058,0.22585
CVE-2021-37466,0.00058,0.22585
CVE-2021-37467,0.00058,0.22585
CVE-2021-37468,0.00042,0.05722
CVE-2021-37469,0.00088,0.36697
CVE-2021-3747,0.00044,0.10161
CVE-2021-37470,0.00058,0.22585
CVE-2021-37471,0.00097,0.40250
CVE-2021-37473,0.00263,0.64066
CVE-2021-37475,0.00263,0.64066
CVE-2021-37476,0.00263,0.64066
CVE-2021-37477,0.00263,0.64066
CVE-2021-37478,0.00263,0.64066
CVE-2021-3748,0.00045,0.11992
CVE-2021-3749,0.01349,0.84761
CVE-2021-37491,0.00098,0.40350
CVE-2021-37492,0.00069,0.28706
CVE-2021-37497,0.00101,0.41074
CVE-2021-37498,0.00088,0.36966
CVE-2021-37499,0.00089,0.37675
CVE-2021-3750,0.00097,0.40061
CVE-2021-37500,0.00119,0.45958
CVE-2021-37501,0.00056,0.21151
CVE-2021-37502,0.00060,0.23236
CVE-2021-37504,0.00189,0.56494
CVE-2021-3751,0.00194,0.57318
CVE-2021-37517,0.00074,0.30754
CVE-2021-37518,0.00073,0.30225
CVE-2021-37519,0.00044,0.10345
CVE-2021-3752,0.00120,0.46171
CVE-2021-37522,0.00061,0.23971
CVE-2021-37524,0.00147,0.50619
CVE-2021-37529,0.00049,0.15161
CVE-2021-3753,0.00045,0.12069
CVE-2021-37530,0.00066,0.27603
CVE-2021-37531,0.00610,0.76425
CVE-2021-37532,0.00083,0.34318
CVE-2021-37533,0.00361,0.69459
CVE-2021-37534,0.00054,0.20290
CVE-2021-37535,0.00226,0.60909
CVE-2021-37538,0.02819,0.89674
CVE-2021-37539,0.00641,0.77083
CVE-2021-3754,0.00078,0.32623
CVE-2021-37540,0.00072,0.29847
CVE-2021-37541,0.00072,0.29847
CVE-2021-37542,0.00072,0.29847
CVE-2021-37543,0.00105,0.42644
CVE-2021-37544,0.01218,0.83898
CVE-2021-37545,0.00073,0.30380
CVE-2021-37546,0.00072,0.29847
CVE-2021-37547,0.00072,0.29847
CVE-2021-37548,0.00150,0.51158
CVE-2021-37549,0.00152,0.51511
CVE-2021-37550,0.00073,0.30380
CVE-2021-37551,0.00072,0.29847
CVE-2021-37552,0.00054,0.20290
CVE-2021-37553,0.00150,0.51158
CVE-2021-37554,0.00054,0.20290
CVE-2021-37555,0.00201,0.58090
CVE-2021-37556,0.00885,0.80811
CVE-2021-37557,0.00885,0.80811
CVE-2021-37558,0.00261,0.63900
CVE-2021-3756,0.00249,0.62890
CVE-2021-37560,0.00221,0.60385
CVE-2021-37561,0.00221,0.60385
CVE-2021-37562,0.00101,0.41058
CVE-2021-37563,0.00221,0.60385
CVE-2021-37564,0.00101,0.41058
CVE-2021-37565,0.00101,0.41058
CVE-2021-37566,0.00221,0.60385
CVE-2021-37567,0.00101,0.41058
CVE-2021-37568,0.00221,0.60385
CVE-2021-37569,0.00221,0.60385
CVE-2021-3757,0.00194,0.57318
CVE-2021-37570,0.00101,0.41058
CVE-2021-37571,0.00221,0.60385
CVE-2021-37572,0.00084,0.35134
CVE-2021-37573,0.00303,0.66568
CVE-2021-37576,0.00096,0.39796
CVE-2021-37578,0.00709,0.78390
CVE-2021-37579,0.60067,0.97493
CVE-2021-3758,0.00053,0.18833
CVE-2021-37580,0.91956,0.98749
CVE-2021-37583,0.00221,0.60385
CVE-2021-37584,0.00221,0.60385
CVE-2021-37586,0.00063,0.25750
CVE-2021-37587,0.00117,0.45479
CVE-2021-37588,0.00140,0.49665
CVE-2021-37589,0.00661,0.77503
CVE-2021-3759,0.00042,0.05722
CVE-2021-37592,0.00253,0.63245
CVE-2021-37593,0.00697,0.78202
CVE-2021-37594,0.00195,0.57470
CVE-2021-37595,0.00195,0.57470
CVE-2021-37596,0.00072,0.29847
CVE-2021-37597,0.00234,0.61593
CVE-2021-37598,0.00068,0.28323
CVE-2021-37599,0.00190,0.56642
CVE-2021-3760,0.00042,0.05722
CVE-2021-37600,0.00120,0.46113
CVE-2021-37601,0.00245,0.62594
CVE-2021-37604,0.00167,0.53527
CVE-2021-37605,0.00187,0.56282
CVE-2021-37606,0.00061,0.24174
CVE-2021-37608,0.01498,0.85560
CVE-2021-3761,0.00069,0.28611
CVE-2021-37613,0.00057,0.21336
CVE-2021-37614,0.00113,0.44611
CVE-2021-37615,0.00069,0.28549
CVE-2021-37616,0.00069,0.28549
CVE-2021-37617,0.00044,0.10161
CVE-2021-37618,0.00069,0.28534
CVE-2021-37619,0.00069,0.28534
CVE-2021-3762,0.05419,0.92436
CVE-2021-37620,0.00077,0.31826
CVE-2021-37621,0.00098,0.40556
CVE-2021-37622,0.00098,0.40556
CVE-2021-37623,0.00069,0.28549
CVE-2021-37624,0.00221,0.60219
CVE-2021-37625,0.00098,0.40558
CVE-2021-37626,0.00090,0.38030
CVE-2021-37627,0.00104,0.42231
CVE-2021-37628,0.00152,0.51409
CVE-2021-37629,0.00071,0.29203
CVE-2021-3763,0.00080,0.33356
CVE-2021-37630,0.00100,0.40819
CVE-2021-37631,0.00137,0.49206
CVE-2021-37632,0.00549,0.75134
CVE-2021-37633,0.00061,0.24174
CVE-2021-37634,0.00078,0.32206
CVE-2021-37635,0.00044,0.10161
CVE-2021-37636,0.00044,0.10161
CVE-2021-37637,0.00044,0.10161
CVE-2021-37638,0.00044,0.10161
CVE-2021-37639,0.00044,0.10161
CVE-2021-3764,0.00042,0.05722
CVE-2021-37640,0.00044,0.10161
CVE-2021-37641,0.00044,0.10161
CVE-2021-37642,0.00044,0.10161
CVE-2021-37643,0.00044,0.10161
CVE-2021-37644,0.00044,0.10161
CVE-2021-37645,0.00044,0.10161
CVE-2021-37646,0.00044,0.10161
CVE-2021-37647,0.00044,0.10161
CVE-2021-37648,0.00044,0.10161
CVE-2021-37649,0.00044,0.10161
CVE-2021-3765,0.00088,0.37038
CVE-2021-37650,0.00044,0.10161
CVE-2021-37651,0.00044,0.10161
CVE-2021-37652,0.00044,0.10161
CVE-2021-37653,0.00044,0.10161
CVE-2021-37654,0.00044,0.10161
CVE-2021-37655,0.00044,0.10161
CVE-2021-37656,0.00044,0.10161
CVE-2021-37657,0.00044,0.10161
CVE-2021-37658,0.00044,0.10161
CVE-2021-37659,0.00044,0.10161
CVE-2021-3766,0.00194,0.57318
CVE-2021-37660,0.00042,0.05722
CVE-2021-37661,0.00044,0.10161
CVE-2021-37662,0.00044,0.10161
CVE-2021-37663,0.00044,0.10161
CVE-2021-37664,0.00044,0.10161
CVE-2021-37665,0.00044,0.10161
CVE-2021-37666,0.00044,0.10161
CVE-2021-37667,0.00044,0.10161
CVE-2021-37668,0.00044,0.10161
CVE-2021-37669,0.00044,0.10161
CVE-2021-3767,0.00053,0.18833
CVE-2021-37670,0.00044,0.10161
CVE-2021-37671,0.00044,0.10161
CVE-2021-37672,0.00044,0.10161
CVE-2021-37673,0.00044,0.10161
CVE-2021-37674,0.00044,0.10161
CVE-2021-37675,0.00044,0.10161
CVE-2021-37676,0.00044,0.10161
CVE-2021-37677,0.00044,0.10161
CVE-2021-37678,0.00044,0.10161
CVE-2021-37679,0.00044,0.10161
CVE-2021-3768,0.00053,0.18833
CVE-2021-37680,0.00044,0.10161
CVE-2021-37681,0.00044,0.10161
CVE-2021-37682,0.00042,0.05722
CVE-2021-37683,0.00044,0.10161
CVE-2021-37684,0.00044,0.10161
CVE-2021-37685,0.00044,0.10161
CVE-2021-37686,0.00042,0.05722
CVE-2021-37687,0.00047,0.13943
CVE-2021-37688,0.00044,0.10161
CVE-2021-37689,0.00044,0.10161
CVE-2021-3769,0.00199,0.57786
CVE-2021-37690,0.00042,0.05722
CVE-2021-37691,0.00044,0.10161
CVE-2021-37692,0.00044,0.10161
CVE-2021-37693,0.00062,0.24806
CVE-2021-37694,0.00134,0.48607
CVE-2021-37695,0.00225,0.60864
CVE-2021-37696,0.00063,0.25077
CVE-2021-37697,0.00063,0.25077
CVE-2021-37698,0.00197,0.57644
CVE-2021-37699,0.00061,0.24174
CVE-2021-3770,0.00070,0.28973
CVE-2021-37700,0.00128,0.47491
CVE-2021-37701,0.00110,0.44102
CVE-2021-37702,0.00104,0.42274
CVE-2021-37703,0.00061,0.24174
CVE-2021-37704,0.00547,0.75080
CVE-2021-37705,0.00686,0.78014
CVE-2021-37706,0.01915,0.87375
CVE-2021-37707,0.00062,0.24806
CVE-2021-37708,0.00142,0.49897
CVE-2021-37709,0.00065,0.27036
CVE-2021-37710,0.00050,0.16378
CVE-2021-37711,0.00087,0.35964
CVE-2021-37712,0.00110,0.44102
CVE-2021-37713,0.00059,0.23174
CVE-2021-37714,0.00600,0.76206
CVE-2021-37715,0.00054,0.20290
CVE-2021-37716,0.00489,0.73619
CVE-2021-37717,0.00282,0.65361
CVE-2021-37718,0.00282,0.65361
CVE-2021-37719,0.00180,0.55320
CVE-2021-3772,0.00372,0.69924
CVE-2021-37720,0.00282,0.65361
CVE-2021-37721,0.00282,0.65361
CVE-2021-37722,0.00282,0.65361
CVE-2021-37723,0.00228,0.61110
CVE-2021-37724,0.00228,0.61110
CVE-2021-37725,0.00053,0.19044
CVE-2021-37726,0.00563,0.75417
CVE-2021-37727,0.00326,0.67853
CVE-2021-37728,0.00080,0.33454
CVE-2021-37729,0.00080,0.33454
CVE-2021-3773,0.00800,0.79821
CVE-2021-37730,0.00326,0.67853
CVE-2021-37731,0.00062,0.24548
CVE-2021-37732,0.00326,0.67853
CVE-2021-37733,0.00087,0.36460
CVE-2021-37734,0.00093,0.39033
CVE-2021-37735,0.00160,0.52675
CVE-2021-37736,0.00536,0.74823
CVE-2021-37737,0.00110,0.44091
CVE-2021-37738,0.00319,0.67533
CVE-2021-37739,0.00180,0.55320
CVE-2021-3774,0.00207,0.58658
CVE-2021-37740,0.00436,0.72110
CVE-2021-37741,0.00133,0.48351
CVE-2021-37742,0.00054,0.20290
CVE-2021-37743,0.00054,0.20290
CVE-2021-37746,0.00094,0.39332
CVE-2021-37748,0.01231,0.83998
CVE-2021-37749,0.00163,0.53002
CVE-2021-3775,0.00068,0.28323
CVE-2021-37750,0.00268,0.64386
CVE-2021-37759,0.00201,0.58090
CVE-2021-3776,0.00068,0.28323
CVE-2021-37760,0.00201,0.58090
CVE-2021-37761,0.00754,0.79113
CVE-2021-37762,0.00641,0.77083
CVE-2021-37764,0.00068,0.28144
CVE-2021-3777,0.00088,0.37038
CVE-2021-37770,0.00133,0.48417
CVE-2021-37774,0.00042,0.05722
CVE-2021-37777,0.00205,0.58568
CVE-2021-37778,0.00232,0.61406
CVE-2021-3778,0.00102,0.41434
CVE-2021-37781,0.00056,0.20979
CVE-2021-37782,0.00127,0.47366
CVE-2021-37786,0.00051,0.17017
CVE-2021-37788,0.00128,0.47484
CVE-2021-37789,0.00181,0.55507
CVE-2021-3779,0.00201,0.57981
CVE-2021-37791,0.00067,0.27742
CVE-2021-37794,0.00060,0.23686
CVE-2021-3780,0.00068,0.28323
CVE-2021-37803,0.00190,0.56614
CVE-2021-37805,0.00048,0.14582
CVE-2021-37806,0.00772,0.79398
CVE-2021-37807,0.00169,0.53934
CVE-2021-37808,0.00800,0.79826
CVE-2021-3781,0.00341,0.68587
CVE-2021-37819,0.00078,0.32333
CVE-2021-3782,0.00043,0.06775
CVE-2021-37823,0.00067,0.27847
CVE-2021-3783,0.00061,0.24174
CVE-2021-37832,0.00158,0.52225
CVE-2021-37833,0.00127,0.47357
CVE-2021-37839,0.00066,0.27455
CVE-2021-3784,0.00043,0.06775
CVE-2021-37840,0.00294,0.66071
CVE-2021-37841,0.00044,0.10161
CVE-2021-37842,0.00158,0.52341
CVE-2021-37843,0.00898,0.80975
CVE-2021-37845,0.00051,0.17135
CVE-2021-37847,0.00159,0.52368
CVE-2021-37848,0.00148,0.50784
CVE-2021-3785,0.00053,0.18833
CVE-2021-37850,0.00044,0.10161
CVE-2021-37851,0.00042,0.05722
CVE-2021-37852,0.00063,0.25013
CVE-2021-37859,0.00072,0.29847
CVE-2021-3786,0.00044,0.10161
CVE-2021-37860,0.00056,0.21021
CVE-2021-37861,0.00150,0.51158
CVE-2021-37862,0.00078,0.32206
CVE-2021-37863,0.00085,0.35257
CVE-2021-37864,0.00065,0.26756
CVE-2021-37865,0.00081,0.33872
CVE-2021-37866,0.00188,0.56356
CVE-2021-37867,0.00054,0.20290
CVE-2021-3787,0.00042,0.05722
CVE-2021-3788,0.00062,0.24373
CVE-2021-3789,0.00052,0.18060
CVE-2021-3790,0.00073,0.30398
CVE-2021-37909,0.00499,0.73841
CVE-2021-3791,0.00061,0.23842
CVE-2021-37910,0.00060,0.23320
CVE-2021-37911,0.00110,0.44060
CVE-2021-37912,0.00237,0.61842
CVE-2021-37913,0.00237,0.61842
CVE-2021-37914,0.00069,0.28550
CVE-2021-37915,0.00271,0.64560
CVE-2021-37916,0.00061,0.24174
CVE-2021-37918,0.00754,0.79113
CVE-2021-37919,0.00754,0.79113
CVE-2021-3792,0.00072,0.29847
CVE-2021-37920,0.00754,0.79113
CVE-2021-37921,0.00754,0.79113
CVE-2021-37922,0.00140,0.49665
CVE-2021-37923,0.00754,0.79113
CVE-2021-37924,0.00754,0.79113
CVE-2021-37925,0.00284,0.65484
CVE-2021-37926,0.00754,0.79113
CVE-2021-37927,0.00201,0.58106
CVE-2021-37928,0.00754,0.79113
CVE-2021-37929,0.00754,0.79113
CVE-2021-3793,0.00077,0.31886
CVE-2021-37930,0.00754,0.79113
CVE-2021-37931,0.00754,0.79113
CVE-2021-37933,0.00209,0.58905
CVE-2021-37934,0.01009,0.82121
CVE-2021-37935,0.00218,0.59853
CVE-2021-37936,0.00053,0.18436
CVE-2021-37937,0.00050,0.16285
CVE-2021-37938,0.00063,0.24943
CVE-2021-37939,0.00054,0.20290
CVE-2021-3794,0.00088,0.37038
CVE-2021-37940,0.00065,0.26756
CVE-2021-37941,0.00042,0.05722
CVE-2021-37942,0.00042,0.05722
CVE-2021-3795,0.00088,0.37038
CVE-2021-37956,0.00409,0.71247
CVE-2021-37957,0.00623,0.76727
CVE-2021-37958,0.00494,0.73721
CVE-2021-37959,0.00225,0.60836
CVE-2021-3796,0.00095,0.39609
CVE-2021-37961,0.00409,0.71247
CVE-2021-37962,0.00409,0.71247
CVE-2021-37963,0.00498,0.73822
CVE-2021-37964,0.00084,0.34958
CVE-2021-37965,0.00471,0.73079
CVE-2021-37966,0.00332,0.68209
CVE-2021-37967,0.00332,0.68209
CVE-2021-37968,0.00667,0.77659
CVE-2021-37969,0.00087,0.35973
CVE-2021-3797,0.00194,0.57318
CVE-2021-37970,0.00366,0.69662
CVE-2021-37971,0.00548,0.75103
CVE-2021-37972,0.00559,0.75314
CVE-2021-37973,0.00555,0.75260
CVE-2021-37974,0.00781,0.79541
CVE-2021-37975,0.07765,0.93586
CVE-2021-37976,0.03145,0.90154
CVE-2021-37977,0.00601,0.76229
CVE-2021-37978,0.00457,0.72704
CVE-2021-37979,0.00349,0.68959
CVE-2021-3798,0.00045,0.12069
CVE-2021-37980,0.00232,0.61404
CVE-2021-37981,0.00196,0.57545
CVE-2021-37982,0.00318,0.67476
CVE-2021-37983,0.00318,0.67476
CVE-2021-37984,0.00224,0.60788
CVE-2021-37985,0.00318,0.67476
CVE-2021-37986,0.00224,0.60788
CVE-2021-37987,0.00318,0.67476
CVE-2021-37988,0.00318,0.67476
CVE-2021-37989,0.00178,0.55092
CVE-2021-3799,0.00053,0.18833
CVE-2021-37990,0.00107,0.43220
CVE-2021-37991,0.00224,0.60788
CVE-2021-37992,0.00224,0.60788
CVE-2021-37993,0.00318,0.67476
CVE-2021-37994,0.00144,0.50273
CVE-2021-37995,0.00178,0.55092
CVE-2021-37996,0.00106,0.42927
CVE-2021-37997,0.00477,0.73253
CVE-2021-37998,0.00477,0.73253
CVE-2021-37999,0.00183,0.55684
CVE-2021-3800,0.00070,0.28973
CVE-2021-38000,0.00404,0.71077
CVE-2021-38001,0.00520,0.74402
CVE-2021-38002,0.00218,0.59822
CVE-2021-38003,0.01754,0.86685
CVE-2021-38004,0.00175,0.54730
CVE-2021-38005,0.00381,0.70254
CVE-2021-38006,0.00381,0.70254
CVE-2021-38007,0.00269,0.64452
CVE-2021-38008,0.00458,0.72735
CVE-2021-38009,0.00242,0.62244
CVE-2021-3801,0.00088,0.37038
CVE-2021-38010,0.00171,0.54239
CVE-2021-38011,0.00381,0.70254
CVE-2021-38012,0.00269,0.64452
CVE-2021-38013,0.00313,0.67185
CVE-2021-38014,0.00269,0.64452
CVE-2021-38015,0.00111,0.44256
CVE-2021-38016,0.00269,0.64452
CVE-2021-38017,0.00269,0.64452
CVE-2021-38018,0.00124,0.46713
CVE-2021-38019,0.00242,0.62244
CVE-2021-3802,0.00065,0.27082
CVE-2021-38020,0.00234,0.61537
CVE-2021-38021,0.00171,0.54239
CVE-2021-38022,0.00179,0.55151
CVE-2021-3803,0.00142,0.49909
CVE-2021-3804,0.00088,0.37038
CVE-2021-3805,0.00174,0.54643
CVE-2021-3806,0.00047,0.14058
CVE-2021-3807,0.00299,0.66366
CVE-2021-3808,0.00042,0.05722
CVE-2021-38084,0.00213,0.59400
CVE-2021-38085,0.00053,0.18459
CVE-2021-38086,0.00059,0.22979
CVE-2021-38087,0.00072,0.29847
CVE-2021-38088,0.00042,0.05722
CVE-2021-3809,0.00042,0.05722
CVE-2021-38090,0.00155,0.51755
CVE-2021-38091,0.00155,0.51755
CVE-2021-38092,0.00155,0.51755
CVE-2021-38093,0.00155,0.51755
CVE-2021-38094,0.00155,0.51755
CVE-2021-38095,0.00497,0.73812
CVE-2021-38096,0.00104,0.42278
CVE-2021-38097,0.00104,0.42278
CVE-2021-38098,0.00104,0.42278
CVE-2021-38099,0.00104,0.42278
CVE-2021-3810,0.00088,0.37038
CVE-2021-38100,0.00104,0.42278
CVE-2021-38101,0.00104,0.42278
CVE-2021-38102,0.00088,0.36675
CVE-2021-38103,0.00104,0.42278
CVE-2021-38104,0.00088,0.36675
CVE-2021-38105,0.00088,0.36675
CVE-2021-38106,0.00088,0.36675
CVE-2021-38107,0.00088,0.36675
CVE-2021-38108,0.00088,0.36675
CVE-2021-38109,0.00088,0.36675
CVE-2021-3811,0.00068,0.28323
CVE-2021-38110,0.00104,0.42278
CVE-2021-38111,0.00257,0.63571
CVE-2021-38112,0.00403,0.71036
CVE-2021-38113,0.00058,0.22585
CVE-2021-38114,0.00077,0.31898
CVE-2021-38115,0.00119,0.45846
CVE-2021-3812,0.00068,0.28323
CVE-2021-38123,0.00072,0.29847
CVE-2021-38124,0.01054,0.82527
CVE-2021-38125,0.00464,0.72871
CVE-2021-38126,0.00072,0.29847
CVE-2021-38127,0.00072,0.29847
CVE-2021-38129,0.00042,0.05722
CVE-2021-3813,0.00070,0.28854
CVE-2021-38130,0.00065,0.26756
CVE-2021-38136,0.00088,0.36697
CVE-2021-38137,0.00065,0.26756
CVE-2021-38138,0.00158,0.52358
CVE-2021-3814,0.00123,0.46628
CVE-2021-38140,0.00213,0.59400
CVE-2021-38142,0.00100,0.41024
CVE-2021-38143,0.00119,0.46004
CVE-2021-38144,0.00141,0.49814
CVE-2021-38145,0.00174,0.54578
CVE-2021-38146,0.01288,0.84404
CVE-2021-38147,0.00442,0.72289
CVE-2021-38148,0.00201,0.58090
CVE-2021-38149,0.00058,0.22585
CVE-2021-3815,0.00194,0.57318
CVE-2021-38150,0.00158,0.52341
CVE-2021-38151,0.00058,0.22585
CVE-2021-38152,0.00158,0.52358
CVE-2021-38153,0.00173,0.54568
CVE-2021-38154,0.00460,0.72794
CVE-2021-38155,0.00109,0.43759
CVE-2021-38156,0.09139,0.94096
CVE-2021-38157,0.00099,0.40732
CVE-2021-38159,0.00136,0.48910
CVE-2021-3816,0.00054,0.20290
CVE-2021-38160,0.00045,0.11966
CVE-2021-38161,0.00083,0.34383
CVE-2021-38162,0.03471,0.90624
CVE-2021-38163,0.96507,0.99509
CVE-2021-38164,0.00054,0.20290
CVE-2021-38165,0.00307,0.66829
CVE-2021-38166,0.00045,0.11966
CVE-2021-38167,0.00138,0.49352
CVE-2021-38168,0.00087,0.36089
CVE-2021-38169,0.00088,0.36880
CVE-2021-3817,0.04300,0.91500
CVE-2021-38171,0.00795,0.79774
CVE-2021-38172,0.00326,0.67849
CVE-2021-38173,0.00344,0.68713
CVE-2021-38174,0.00101,0.41058
CVE-2021-38175,0.00065,0.26756
CVE-2021-38176,0.00104,0.42231
CVE-2021-38177,0.00693,0.78138
CVE-2021-38178,0.00104,0.42231
CVE-2021-38179,0.00065,0.26756
CVE-2021-3818,0.00068,0.28323
CVE-2021-38180,0.00272,0.64646
CVE-2021-38181,0.00101,0.41058
CVE-2021-38182,0.00089,0.37197
CVE-2021-38183,0.00078,0.32206
CVE-2021-38185,0.00189,0.56509
CVE-2021-38186,0.00068,0.28323
CVE-2021-38187,0.00194,0.57318
CVE-2021-38188,0.00208,0.58762
CVE-2021-38189,0.00194,0.57318
CVE-2021-3819,0.00125,0.46935
CVE-2021-38190,0.00173,0.54519
CVE-2021-38191,0.00088,0.37038
CVE-2021-38192,0.00130,0.47799
CVE-2021-38193,0.00066,0.27322
CVE-2021-38194,0.00208,0.58762
CVE-2021-38195,0.00194,0.57318
CVE-2021-38196,0.01075,0.82739
CVE-2021-38197,0.00192,0.56858
CVE-2021-38198,0.00060,0.23611
CVE-2021-38199,0.00084,0.34866
CVE-2021-3820,0.00088,0.37038
CVE-2021-38200,0.00042,0.05722
CVE-2021-38201,0.00285,0.65514
CVE-2021-38202,0.00344,0.68706
CVE-2021-38203,0.00065,0.27068
CVE-2021-38204,0.00075,0.30862
CVE-2021-38205,0.00045,0.11839
CVE-2021-38206,0.00044,0.10161
CVE-2021-38207,0.00305,0.66674
CVE-2021-38208,0.00063,0.25680
CVE-2021-38209,0.00044,0.10161
CVE-2021-3821,0.00148,0.50775
CVE-2021-38217,0.00139,0.49473
CVE-2021-3822,0.00088,0.37038
CVE-2021-38221,0.00053,0.18833
CVE-2021-3823,0.00207,0.58697
CVE-2021-38239,0.00084,0.34976
CVE-2021-3824,0.00104,0.42018
CVE-2021-38241,0.00210,0.58980
CVE-2021-38243,0.00270,0.64555
CVE-2021-38244,0.00088,0.37038
CVE-2021-3825,0.00074,0.30513
CVE-2021-38258,0.00048,0.14460
CVE-2021-3826,0.00196,0.57572
CVE-2021-38260,0.00048,0.14460
CVE-2021-38263,0.00138,0.49320
CVE-2021-38264,0.00112,0.44364
CVE-2021-38265,0.00066,0.27429
CVE-2021-38266,0.00295,0.66135
CVE-2021-38267,0.00066,0.27429
CVE-2021-38268,0.00118,0.45712
CVE-2021-38269,0.00066,0.27429
CVE-2021-3827,0.00113,0.44610
CVE-2021-38278,0.00234,0.61568
CVE-2021-3828,0.00088,0.37038
CVE-2021-38283,0.00617,0.76604
CVE-2021-38289,0.00100,0.40809
CVE-2021-3829,0.00068,0.28323
CVE-2021-38290,0.00152,0.51479
CVE-2021-38291,0.00340,0.68533
CVE-2021-38294,0.82249,0.98152
CVE-2021-38295,0.00060,0.23520
CVE-2021-38296,0.00050,0.16045
CVE-2021-38297,0.00430,0.71889
CVE-2021-38298,0.00386,0.70444
CVE-2021-38299,0.00213,0.59400
CVE-2021-3830,0.00053,0.18833
CVE-2021-38300,0.00114,0.44801
CVE-2021-38302,0.00157,0.52076
CVE-2021-38303,0.00212,0.59203
CVE-2021-38304,0.00044,0.10161
CVE-2021-38305,0.00171,0.54159
CVE-2021-38306,0.02289,0.88588
CVE-2021-3831,0.00068,0.28323
CVE-2021-38311,0.00072,0.29919
CVE-2021-38312,0.00058,0.22585
CVE-2021-38314,0.00155,0.51874
CVE-2021-38315,0.00068,0.28323
CVE-2021-38316,0.00068,0.28323
CVE-2021-38317,0.00068,0.28323
CVE-2021-38318,0.00068,0.28323
CVE-2021-38319,0.00068,0.28323
CVE-2021-3832,0.00497,0.73796
CVE-2021-38320,0.00068,0.28323
CVE-2021-38321,0.00068,0.28323
CVE-2021-38322,0.00068,0.28323
CVE-2021-38323,0.00068,0.28323
CVE-2021-38324,0.00189,0.56471
CVE-2021-38325,0.00069,0.28663
CVE-2021-38326,0.00068,0.28323
CVE-2021-38327,0.00068,0.28323
CVE-2021-38328,0.00068,0.28323
CVE-2021-38329,0.00068,0.28323
CVE-2021-3833,0.00221,0.60385
CVE-2021-38330,0.00068,0.28323
CVE-2021-38331,0.00068,0.28323
CVE-2021-38332,0.00068,0.28323
CVE-2021-38333,0.00068,0.28323
CVE-2021-38334,0.00068,0.28323
CVE-2021-38335,0.00068,0.28323
CVE-2021-38336,0.00068,0.28323
CVE-2021-38337,0.00068,0.28323
CVE-2021-38338,0.00068,0.28323
CVE-2021-38339,0.00068,0.28323
CVE-2021-3834,0.00078,0.32206
CVE-2021-38340,0.00068,0.28323
CVE-2021-38341,0.00068,0.28323
CVE-2021-38342,0.00053,0.19044
CVE-2021-38343,0.00095,0.39559
CVE-2021-38344,0.00058,0.22585
CVE-2021-38345,0.00054,0.20290
CVE-2021-38346,0.00089,0.37443
CVE-2021-38347,0.00068,0.28323
CVE-2021-38348,0.00068,0.28323
CVE-2021-38349,0.00068,0.28323
CVE-2021-3835,0.00081,0.33577
CVE-2021-38350,0.00068,0.28323
CVE-2021-38351,0.00068,0.28323
CVE-2021-38352,0.00068,0.28323
CVE-2021-38353,0.00068,0.28323
CVE-2021-38354,0.00068,0.28323
CVE-2021-38355,0.00068,0.28323
CVE-2021-38356,0.00078,0.32739
CVE-2021-38357,0.00061,0.24174
CVE-2021-38358,0.00061,0.24174
CVE-2021-38359,0.00061,0.24174
CVE-2021-3836,0.00073,0.30031
CVE-2021-38360,0.00493,0.73712
CVE-2021-38361,0.00061,0.24174
CVE-2021-38362,0.00131,0.47930
CVE-2021-38363,0.00067,0.27817
CVE-2021-38364,0.00077,0.31747
CVE-2021-38365,0.00163,0.52937
CVE-2021-38366,0.00266,0.64297
CVE-2021-3837,0.00068,0.28323
CVE-2021-38370,0.00144,0.50207
CVE-2021-38371,0.00191,0.56780
CVE-2021-38372,0.00070,0.28862
CVE-2021-38373,0.00081,0.33907
CVE-2021-38374,0.00261,0.63926
CVE-2021-38375,0.00191,0.56691
CVE-2021-38376,0.00077,0.32063
CVE-2021-38377,0.00080,0.33350
CVE-2021-38378,0.00063,0.24955
CVE-2021-38379,0.00042,0.05722
CVE-2021-38380,0.00097,0.40250
CVE-2021-38381,0.00097,0.40250
CVE-2021-38382,0.00097,0.40250
CVE-2021-38383,0.00201,0.58090
CVE-2021-38384,0.00420,0.71593
CVE-2021-38385,0.00179,0.55184
CVE-2021-38386,0.00188,0.56329
CVE-2021-38387,0.00089,0.37607
CVE-2021-38388,0.00104,0.42231
CVE-2021-38389,0.00378,0.70149
CVE-2021-3839,0.00097,0.40201
CVE-2021-38390,0.00272,0.64624
CVE-2021-38391,0.00272,0.64624
CVE-2021-38392,0.00056,0.20765
CVE-2021-38393,0.00272,0.64624
CVE-2021-38394,0.00059,0.22997
CVE-2021-38395,0.00278,0.65029
CVE-2021-38396,0.00059,0.22997
CVE-2021-38397,0.00278,0.65029
CVE-2021-38398,0.00059,0.22997
CVE-2021-38399,0.00152,0.51431
CVE-2021-3840,0.00455,0.72658
CVE-2021-38400,0.00059,0.22997
CVE-2021-38401,0.00061,0.24209
CVE-2021-38402,0.00874,0.80688
CVE-2021-38403,0.00077,0.31644
CVE-2021-38404,0.00871,0.80649
CVE-2021-38405,0.00048,0.14808
CVE-2021-38406,0.90591,0.98611
CVE-2021-38407,0.00077,0.31644
CVE-2021-38408,0.00747,0.79009
CVE-2021-38409,0.00059,0.22997
CVE-2021-38410,0.00063,0.25102
CVE-2021-38411,0.00077,0.31644
CVE-2021-38412,0.00193,0.57259
CVE-2021-38413,0.00131,0.48056
CVE-2021-38415,0.00069,0.28681
CVE-2021-38416,0.00044,0.08189
CVE-2021-38417,0.00144,0.50190
CVE-2021-38418,0.00144,0.50266
CVE-2021-38419,0.00080,0.33409
CVE-2021-3842,0.00080,0.33239
CVE-2021-38420,0.00044,0.08189
CVE-2021-38421,0.00059,0.22847
CVE-2021-38422,0.00044,0.08189
CVE-2021-38423,0.00218,0.59801
CVE-2021-38424,0.00059,0.22997
CVE-2021-38425,0.00190,0.56631
CVE-2021-38426,0.00072,0.29864
CVE-2021-38427,0.00042,0.00438
CVE-2021-38428,0.00077,0.31644
CVE-2021-38429,0.00209,0.58926
CVE-2021-3843,0.00042,0.05722
CVE-2021-38430,0.00195,0.57390
CVE-2021-38431,0.00077,0.31949
CVE-2021-38432,0.00249,0.62902
CVE-2021-38433,0.00042,0.00438
CVE-2021-38434,0.00087,0.36585
CVE-2021-38435,0.00213,0.59312
CVE-2021-38436,0.00072,0.29633
CVE-2021-38438,0.00121,0.46324
CVE-2021-38439,0.00279,0.65122
CVE-2021-3844,0.00054,0.19245
CVE-2021-38440,0.00050,0.16469
CVE-2021-38441,0.00171,0.54230
CVE-2021-38442,0.00071,0.29262
CVE-2021-38443,0.00171,0.54230
CVE-2021-38445,0.00291,0.65904
CVE-2021-38447,0.00097,0.40115
CVE-2021-38448,0.00260,0.63855
CVE-2021-38449,0.00193,0.57259
CVE-2021-3845,0.00157,0.52145
CVE-2021-38450,0.00090,0.38030
CVE-2021-38451,0.00065,0.26756
CVE-2021-38452,0.00101,0.41204
CVE-2021-38453,0.00147,0.50616
CVE-2021-38454,0.00205,0.58536
CVE-2021-38455,0.00054,0.20290
CVE-2021-38456,0.00283,0.65387
CVE-2021-38457,0.00193,0.57259
CVE-2021-38458,0.00283,0.65387
CVE-2021-38459,0.00193,0.57259
CVE-2021-3846,0.00098,0.40432
CVE-2021-38460,0.00223,0.60685
CVE-2021-38461,0.00066,0.27256
CVE-2021-38462,0.00193,0.57259
CVE-2021-38463,0.00081,0.33872
CVE-2021-38464,0.00093,0.39094
CVE-2021-38465,0.00081,0.33872
CVE-2021-38466,0.00093,0.39063
CVE-2021-38467,0.00081,0.33872
CVE-2021-38468,0.00054,0.20290
CVE-2021-38469,0.00049,0.15820
CVE-2021-3847,0.00042,0.05722
CVE-2021-38470,0.00118,0.45802
CVE-2021-38471,0.00087,0.36465
CVE-2021-38472,0.00093,0.39063
CVE-2021-38473,0.00096,0.39884
CVE-2021-38474,0.00193,0.57259
CVE-2021-38475,0.00104,0.42231
CVE-2021-38476,0.00069,0.28747
CVE-2021-38477,0.00193,0.57259
CVE-2021-38478,0.00118,0.45802
CVE-2021-38479,0.00071,0.29148
CVE-2021-3848,0.00042,0.05722
CVE-2021-38480,0.00072,0.29723
CVE-2021-38481,0.00193,0.57259
CVE-2021-38482,0.00054,0.20290
CVE-2021-38483,0.00044,0.08189
CVE-2021-38484,0.00262,0.63957
CVE-2021-38485,0.00095,0.39710
CVE-2021-38486,0.00124,0.46831
CVE-2021-38487,0.00209,0.58926
CVE-2021-38488,0.00077,0.31644
CVE-2021-3849,0.00169,0.53841
CVE-2021-38490,0.00126,0.47150
CVE-2021-38491,0.00091,0.38109
CVE-2021-38492,0.00224,0.60762
CVE-2021-38493,0.00370,0.69830
CVE-2021-38494,0.00278,0.65043
CVE-2021-38495,0.00251,0.63117
CVE-2021-38496,0.00223,0.60639
CVE-2021-38497,0.00104,0.42309
CVE-2021-38498,0.00162,0.52797
CVE-2021-38499,0.00278,0.65043
CVE-2021-3850,0.00167,0.53503
CVE-2021-38500,0.00246,0.62696
CVE-2021-38501,0.00214,0.59502
CVE-2021-38502,0.00144,0.50198
CVE-2021-38503,0.00699,0.78242
CVE-2021-38504,0.00257,0.63597
CVE-2021-38505,0.00117,0.45647
CVE-2021-38506,0.00105,0.42422
CVE-2021-38507,0.00215,0.59587
CVE-2021-38508,0.00165,0.53245
CVE-2021-38509,0.00149,0.50925
CVE-2021-3851,0.00053,0.18833
CVE-2021-38510,0.00189,0.56463
CVE-2021-38511,0.00070,0.29105
CVE-2021-38512,0.00235,0.61618
CVE-2021-38513,0.00197,0.57609
CVE-2021-38514,0.00054,0.20290
CVE-2021-38515,0.00089,0.37607
CVE-2021-38516,0.00238,0.61983
CVE-2021-38517,0.00104,0.42231
CVE-2021-38518,0.00088,0.36880
CVE-2021-38519,0.00088,0.36880
CVE-2021-3852,0.00069,0.28703
CVE-2021-38520,0.00088,0.36880
CVE-2021-38521,0.00088,0.36880
CVE-2021-38522,0.00096,0.39884
CVE-2021-38523,0.00096,0.39884
CVE-2021-38524,0.00075,0.30965
CVE-2021-38525,0.00096,0.39884
CVE-2021-38526,0.00095,0.39739
CVE-2021-38527,0.00109,0.43887
CVE-2021-38528,0.00109,0.43887
CVE-2021-38529,0.00109,0.43887
CVE-2021-3853,0.00068,0.28323
CVE-2021-38530,0.00109,0.43887
CVE-2021-38531,0.00104,0.42231
CVE-2021-38532,0.00104,0.42231
CVE-2021-38533,0.00054,0.20290
CVE-2021-38534,0.00054,0.20290
CVE-2021-38535,0.00054,0.20290
CVE-2021-38536,0.00054,0.20290
CVE-2021-38537,0.00054,0.20290
CVE-2021-38538,0.00072,0.29847
CVE-2021-38539,0.00104,0.42231
CVE-2021-3854,0.00089,0.37298
CVE-2021-38540,0.01445,0.85312
CVE-2021-38542,0.00080,0.33267
CVE-2021-38543,0.00290,0.65851
CVE-2021-38544,0.00375,0.70001
CVE-2021-38545,0.00375,0.70001
CVE-2021-38546,0.00375,0.70001
CVE-2021-38547,0.00375,0.70001
CVE-2021-38548,0.00375,0.70001
CVE-2021-38549,0.00375,0.70001
CVE-2021-3855,0.00055,0.20514
CVE-2021-38553,0.00044,0.10161
CVE-2021-38554,0.00065,0.26756
CVE-2021-38555,0.00178,0.55132
CVE-2021-38556,0.01919,0.87387
CVE-2021-38557,0.00315,0.67303
CVE-2021-38559,0.00087,0.35933
CVE-2021-3856,0.00083,0.34459
CVE-2021-38560,0.00078,0.32206
CVE-2021-38561,0.00092,0.38723
CVE-2021-38562,0.00283,0.65381
CVE-2021-38563,0.00179,0.55236
CVE-2021-38564,0.00176,0.54854
CVE-2021-38565,0.00073,0.30380
CVE-2021-38566,0.00089,0.37607
CVE-2021-38567,0.00088,0.36953
CVE-2021-38568,0.00179,0.55236
CVE-2021-38569,0.00089,0.37607
CVE-2021-3857,0.00053,0.18833
CVE-2021-38570,0.00091,0.38389
CVE-2021-38571,0.00059,0.22832
CVE-2021-38572,0.00179,0.55236
CVE-2021-38573,0.00179,0.55236
CVE-2021-38574,0.00127,0.47266
CVE-2021-38575,0.00160,0.52669
CVE-2021-38576,0.00075,0.30828
CVE-2021-38578,0.00185,0.55885
CVE-2021-3858,0.00125,0.46935
CVE-2021-38583,0.00079,0.32923
CVE-2021-38584,0.00104,0.42231
CVE-2021-38585,0.00097,0.40261
CVE-2021-38586,0.00044,0.10161
CVE-2021-38587,0.00073,0.30380
CVE-2021-38588,0.00201,0.58090
CVE-2021-38589,0.00081,0.33872
CVE-2021-3859,0.00375,0.70018
CVE-2021-38590,0.00044,0.10161
CVE-2021-38591,0.00044,0.10161
CVE-2021-38592,0.00091,0.38427
CVE-2021-38593,0.00339,0.68506
CVE-2021-38597,0.00158,0.52341
CVE-2021-38598,0.00074,0.30469
CVE-2021-38599,0.00090,0.37846
CVE-2021-3860,0.00087,0.36089
CVE-2021-38602,0.00058,0.22585
CVE-2021-38603,0.00063,0.24955
CVE-2021-38604,0.01348,0.84756
CVE-2021-38606,0.00201,0.58090
CVE-2021-38607,0.00066,0.27429
CVE-2021-38608,0.00044,0.10161
CVE-2021-3861,0.00081,0.33577
CVE-2021-38611,0.00162,0.52795
CVE-2021-38612,0.00218,0.59798
CVE-2021-38613,0.00690,0.78093
CVE-2021-38614,0.00113,0.44718
CVE-2021-38615,0.00104,0.41983
CVE-2021-38616,0.00231,0.61319
CVE-2021-38617,0.00231,0.61319
CVE-2021-38618,0.00197,0.57609
CVE-2021-38619,0.00131,0.48065
CVE-2021-3862,0.00053,0.18833
CVE-2021-38621,0.00152,0.51511
CVE-2021-38623,0.00089,0.37607
CVE-2021-38624,0.00064,0.26271
CVE-2021-38625,0.00043,0.07315
CVE-2021-38626,0.00043,0.07315
CVE-2021-38628,0.00043,0.07315
CVE-2021-38629,0.02865,0.89749
CVE-2021-3863,0.00068,0.28323
CVE-2021-38630,0.00043,0.07315
CVE-2021-38631,0.00043,0.07315
CVE-2021-38632,0.00055,0.20642
CVE-2021-38633,0.00043,0.07315
CVE-2021-38634,0.00043,0.07504
CVE-2021-38635,0.00043,0.07315
CVE-2021-38636,0.00043,0.07315
CVE-2021-38637,0.00043,0.07315
CVE-2021-38638,0.00043,0.07315
CVE-2021-38639,0.00043,0.07315
CVE-2021-3864,0.00042,0.05722
CVE-2021-38641,0.00087,0.35917
CVE-2021-38642,0.00087,0.35917
CVE-2021-38644,0.27533,0.96396
CVE-2021-38645,0.00051,0.17037
CVE-2021-38646,0.44968,0.97083
CVE-2021-38647,0.97443,0.99944
CVE-2021-38648,0.96237,0.99419
CVE-2021-38649,0.00051,0.17037
CVE-2021-38650,0.00077,0.31634
CVE-2021-38651,0.00077,0.31634
CVE-2021-38652,0.00077,0.31634
CVE-2021-38653,0.02768,0.89591
CVE-2021-38654,0.00465,0.72927
CVE-2021-38655,0.00535,0.74802
CVE-2021-38656,0.00535,0.74802
CVE-2021-38657,0.00043,0.07315
CVE-2021-38658,0.00465,0.72927
CVE-2021-38659,0.00913,0.81136
CVE-2021-3866,0.00062,0.24442
CVE-2021-38660,0.27533,0.96396
CVE-2021-38661,0.27533,0.96396
CVE-2021-38662,0.00043,0.07315
CVE-2021-38663,0.00043,0.07315
CVE-2021-38665,0.00689,0.78071
CVE-2021-38666,0.02127,0.88109
CVE-2021-38667,0.00043,0.07315
CVE-2021-38669,0.00052,0.17554
CVE-2021-38671,0.00043,0.07315
CVE-2021-38672,0.00102,0.41543
CVE-2021-38674,0.00104,0.42018
CVE-2021-38675,0.00066,0.27429
CVE-2021-38677,0.00104,0.42018
CVE-2021-38678,0.00069,0.28604
CVE-2021-38679,0.00181,0.55361
CVE-2021-38680,0.00104,0.42018
CVE-2021-38681,0.00116,0.45364
CVE-2021-38682,0.00264,0.64117
CVE-2021-38684,0.00264,0.64117
CVE-2021-38685,0.00281,0.65245
CVE-2021-38686,0.00181,0.55361
CVE-2021-38687,0.00264,0.64117
CVE-2021-38688,0.00144,0.50194
CVE-2021-38689,0.00264,0.64117
CVE-2021-3869,0.00148,0.50784
CVE-2021-38690,0.00264,0.64117
CVE-2021-38691,0.00264,0.64117
CVE-2021-38692,0.00264,0.64117
CVE-2021-38693,0.00083,0.34406
CVE-2021-38694,0.00132,0.48293
CVE-2021-38695,0.00099,0.40760
CVE-2021-38696,0.00273,0.64697
CVE-2021-38697,0.00323,0.67709
CVE-2021-38698,0.00106,0.42929
CVE-2021-38699,0.01002,0.82066
CVE-2021-38701,0.00054,0.20290
CVE-2021-38702,0.00723,0.78662
CVE-2021-38703,0.00379,0.70195
CVE-2021-38704,0.00141,0.49794
CVE-2021-38705,0.00100,0.41016
CVE-2021-38706,0.00087,0.36089
CVE-2021-38707,0.00053,0.18833
CVE-2021-38708,0.00054,0.20290
CVE-2021-38709,0.00072,0.29847
CVE-2021-38710,0.00072,0.29847
CVE-2021-38711,0.00123,0.46534
CVE-2021-38712,0.00205,0.58568
CVE-2021-38713,0.00058,0.22585
CVE-2021-38714,0.01387,0.85003
CVE-2021-3872,0.00127,0.47260
CVE-2021-38721,0.00069,0.28703
CVE-2021-38723,0.00088,0.36822
CVE-2021-38725,0.00061,0.24174
CVE-2021-38727,0.00190,0.56666
CVE-2021-38728,0.00075,0.31076
CVE-2021-38729,0.00127,0.47366
CVE-2021-38730,0.00127,0.47366
CVE-2021-38731,0.00132,0.48286
CVE-2021-38732,0.00187,0.56249
CVE-2021-38733,0.00132,0.48286
CVE-2021-38734,0.00127,0.47366
CVE-2021-38736,0.00127,0.47366
CVE-2021-38737,0.00127,0.47366
CVE-2021-3874,0.00063,0.24902
CVE-2021-38745,0.00112,0.44406
CVE-2021-3875,0.00129,0.47621
CVE-2021-38751,0.00242,0.62229
CVE-2021-38752,0.00058,0.22585
CVE-2021-38753,0.00283,0.65421
CVE-2021-38754,0.00171,0.54232
CVE-2021-38755,0.00092,0.38747
CVE-2021-38756,0.00078,0.32739
CVE-2021-38757,0.00097,0.40252
CVE-2021-38758,0.00160,0.52668
CVE-2021-38759,0.04593,0.91753
CVE-2021-38772,0.00082,0.34141
CVE-2021-3878,0.00194,0.57318
CVE-2021-38783,0.00305,0.66708
CVE-2021-38784,0.00292,0.65939
CVE-2021-38785,0.00424,0.71728
CVE-2021-38786,0.00448,0.72452
CVE-2021-38787,0.00323,0.67711
CVE-2021-38788,0.00204,0.58417
CVE-2021-38789,0.00166,0.53357
CVE-2021-3879,0.00053,0.18833
CVE-2021-3881,0.00192,0.56978
CVE-2021-38819,0.00072,0.29591
CVE-2021-3882,0.00159,0.52438
CVE-2021-38822,0.00057,0.21542
CVE-2021-38823,0.00283,0.65421
CVE-2021-38827,0.00066,0.27184
CVE-2021-38828,0.00064,0.26501
CVE-2021-38833,0.00900,0.81004
CVE-2021-38834,0.00428,0.71830
CVE-2021-38840,0.00931,0.81341
CVE-2021-38841,0.03290,0.90378
CVE-2021-38847,0.00124,0.46831
CVE-2021-38859,0.00044,0.10521
CVE-2021-38862,0.00106,0.42794
CVE-2021-38863,0.00044,0.10161
CVE-2021-38864,0.00106,0.42953
CVE-2021-38868,0.00049,0.15786
CVE-2021-38869,0.00148,0.50862
CVE-2021-38870,0.00050,0.16492
CVE-2021-38871,0.00050,0.16691
CVE-2021-38872,0.00126,0.47092
CVE-2021-38873,0.00060,0.23380
CVE-2021-38874,0.00050,0.16691
CVE-2021-38875,0.00076,0.31433
CVE-2021-38876,0.00063,0.24969
CVE-2021-38877,0.00050,0.16691
CVE-2021-38878,0.00063,0.24923
CVE-2021-38879,0.00099,0.40577
CVE-2021-3888,0.00167,0.53383
CVE-2021-38882,0.00044,0.10161
CVE-2021-38883,0.00050,0.16691
CVE-2021-38886,0.00153,0.51514
CVE-2021-38887,0.00081,0.33695
CVE-2021-3889,0.00167,0.53383
CVE-2021-38890,0.00150,0.51055
CVE-2021-38891,0.00106,0.42794
CVE-2021-38893,0.00057,0.21254
CVE-2021-38894,0.00076,0.31371
CVE-2021-38895,0.00050,0.16691
CVE-2021-38896,0.00063,0.24969
CVE-2021-38899,0.00042,0.05722
CVE-2021-38900,0.00077,0.31767
CVE-2021-38901,0.00042,0.05722
CVE-2021-38903,0.00068,0.28008
CVE-2021-38904,0.00150,0.51093
CVE-2021-38905,0.00060,0.23273
CVE-2021-38909,0.00057,0.21292
CVE-2021-38910,0.00089,0.37654
CVE-2021-38911,0.00057,0.21364
CVE-2021-38915,0.00057,0.21364
CVE-2021-38917,0.00106,0.42714
CVE-2021-38918,0.00106,0.42794
CVE-2021-38919,0.00106,0.42794
CVE-2021-38921,0.00106,0.42794
CVE-2021-38923,0.00093,0.39184
CVE-2021-38924,0.00124,0.46789
CVE-2021-38925,0.00106,0.42794
CVE-2021-38926,0.00042,0.05722
CVE-2021-38927,0.00044,0.10521
CVE-2021-38928,0.00048,0.14834
CVE-2021-38929,0.00144,0.50185
CVE-2021-38930,0.00144,0.50185
CVE-2021-38931,0.00080,0.33330
CVE-2021-38933,0.00074,0.30453
CVE-2021-38934,0.00048,0.14834
CVE-2021-38935,0.00106,0.42794
CVE-2021-38936,0.00055,0.20507
CVE-2021-38937,0.00076,0.31433
CVE-2021-38939,0.00063,0.24969
CVE-2021-38941,0.00056,0.20995
CVE-2021-38944,0.00063,0.24969
CVE-2021-38945,0.00382,0.70318
CVE-2021-38946,0.00057,0.21292
CVE-2021-38947,0.00106,0.42794
CVE-2021-38948,0.00155,0.51860
CVE-2021-38949,0.00042,0.05722
CVE-2021-38950,0.00044,0.10161
CVE-2021-38951,0.00126,0.47092
CVE-2021-38952,0.00050,0.16691
CVE-2021-38954,0.00050,0.16691
CVE-2021-38955,0.00042,0.05722
CVE-2021-38956,0.00063,0.24969
CVE-2021-38957,0.00106,0.42794
CVE-2021-38958,0.00044,0.10161
CVE-2021-38959,0.00042,0.05722
CVE-2021-38960,0.00106,0.42794
CVE-2021-38961,0.00063,0.24969
CVE-2021-38965,0.00192,0.57151
CVE-2021-38966,0.00050,0.16691
CVE-2021-38967,0.00042,0.05722
CVE-2021-38969,0.00148,0.50862
CVE-2021-3897,0.00168,0.53602
CVE-2021-38971,0.00057,0.21364
CVE-2021-38972,0.00050,0.16691
CVE-2021-38973,0.00050,0.16691
CVE-2021-38974,0.00076,0.31433
CVE-2021-38975,0.00081,0.33695
CVE-2021-38976,0.00042,0.05722
CVE-2021-38977,0.00070,0.28939
CVE-2021-38978,0.00124,0.46714
CVE-2021-38979,0.00106,0.42794
CVE-2021-3898,0.00101,0.41236
CVE-2021-38980,0.00099,0.40577
CVE-2021-38981,0.00099,0.40577
CVE-2021-38982,0.00050,0.16691
CVE-2021-38983,0.00106,0.42794
CVE-2021-38984,0.00106,0.42794
CVE-2021-38985,0.00050,0.16691
CVE-2021-38986,0.00050,0.16691
CVE-2021-38988,0.00042,0.05722
CVE-2021-38989,0.00042,0.05722
CVE-2021-38990,0.00042,0.05722
CVE-2021-38991,0.00042,0.05722
CVE-2021-38993,0.00042,0.05722
CVE-2021-38994,0.00042,0.05722
CVE-2021-38995,0.00042,0.05722
CVE-2021-38996,0.00042,0.05722
CVE-2021-38997,0.00048,0.14834
CVE-2021-38999,0.00042,0.05722
CVE-2021-3900,0.00069,0.28703
CVE-2021-39000,0.00042,0.05722
CVE-2021-39002,0.00113,0.44654
CVE-2021-39006,0.00063,0.24969
CVE-2021-39008,0.00049,0.15916
CVE-2021-39009,0.00042,0.05722
CVE-2021-3901,0.00125,0.46935
CVE-2021-39011,0.00060,0.23373
CVE-2021-39013,0.00057,0.21364
CVE-2021-39014,0.00044,0.10565
CVE-2021-39015,0.00048,0.14834
CVE-2021-39016,0.00048,0.14834
CVE-2021-39017,0.00070,0.29074
CVE-2021-39018,0.00048,0.14834
CVE-2021-39019,0.00055,0.20507
CVE-2021-39020,0.00059,0.22855
CVE-2021-39021,0.00059,0.22855
CVE-2021-39022,0.00129,0.47642
CVE-2021-39023,0.00105,0.42556
CVE-2021-39024,0.00059,0.22855
CVE-2021-39025,0.00059,0.22855
CVE-2021-39026,0.00090,0.37993
CVE-2021-39027,0.00047,0.13993
CVE-2021-39028,0.00048,0.14834
CVE-2021-3903,0.00054,0.19620
CVE-2021-39031,0.00126,0.47135
CVE-2021-39032,0.00042,0.05722
CVE-2021-39033,0.00094,0.39337
CVE-2021-39034,0.00083,0.34308
CVE-2021-39035,0.00048,0.14834
CVE-2021-39036,0.00053,0.18887
CVE-2021-39038,0.00066,0.27156
CVE-2021-3904,0.00053,0.18833
CVE-2021-39040,0.00093,0.39184
CVE-2021-39041,0.00078,0.32237
CVE-2021-39043,0.00050,0.16691
CVE-2021-39044,0.00067,0.27737
CVE-2021-39045,0.00042,0.05722
CVE-2021-39046,0.00057,0.21364
CVE-2021-39047,0.00084,0.34631
CVE-2021-39048,0.00042,0.05722
CVE-2021-39049,0.00042,0.05722
CVE-2021-3905,0.00279,0.65079
CVE-2021-39050,0.00042,0.05722
CVE-2021-39051,0.00099,0.40577
CVE-2021-39052,0.00238,0.62004
CVE-2021-39053,0.00150,0.51055
CVE-2021-39054,0.00066,0.27156
CVE-2021-39055,0.00050,0.16691
CVE-2021-39056,0.00116,0.45343
CVE-2021-39057,0.00057,0.21364
CVE-2021-39058,0.00106,0.42794
CVE-2021-39059,0.00050,0.16691
CVE-2021-3906,0.00070,0.28854
CVE-2021-39063,0.00106,0.42714
CVE-2021-39064,0.00106,0.42794
CVE-2021-39065,0.00172,0.54269
CVE-2021-39066,0.00093,0.39184
CVE-2021-39068,0.00050,0.16691
CVE-2021-3907,0.04941,0.92063
CVE-2021-39070,0.00186,0.56040
CVE-2021-39072,0.00120,0.46061
CVE-2021-39074,0.00063,0.24969
CVE-2021-39076,0.00106,0.42794
CVE-2021-39077,0.00042,0.05722
CVE-2021-39078,0.00042,0.05722
CVE-2021-39079,0.00050,0.16691
CVE-2021-3908,0.00069,0.28611
CVE-2021-39080,0.00063,0.24969
CVE-2021-39082,0.00146,0.50576
CVE-2021-39085,0.00095,0.39672
CVE-2021-39086,0.00091,0.38436
CVE-2021-39087,0.00055,0.20507
CVE-2021-39088,0.00042,0.05722
CVE-2021-39089,0.00060,0.23373
CVE-2021-3909,0.00131,0.47958
CVE-2021-3910,0.00069,0.28611
CVE-2021-39109,0.00495,0.73741
CVE-2021-3911,0.00069,0.28611
CVE-2021-39111,0.00104,0.42018
CVE-2021-39112,0.00071,0.29210
CVE-2021-39113,0.00822,0.80088
CVE-2021-39114,0.00073,0.30153
CVE-2021-39115,0.00238,0.61984
CVE-2021-39116,0.00075,0.31093
CVE-2021-39117,0.00066,0.27429
CVE-2021-39118,0.00129,0.47756
CVE-2021-39119,0.00072,0.29847
CVE-2021-3912,0.00069,0.28611
CVE-2021-39121,0.00082,0.34183
CVE-2021-39122,0.00129,0.47756
CVE-2021-39123,0.00188,0.56329
CVE-2021-39124,0.00071,0.29380
CVE-2021-39125,0.00129,0.47756
CVE-2021-39126,0.00163,0.53021
CVE-2021-39127,0.00129,0.47756
CVE-2021-39128,0.00283,0.65429
CVE-2021-39131,0.00182,0.55614
CVE-2021-39132,0.00081,0.33889
CVE-2021-39133,0.00087,0.36090
CVE-2021-39134,0.00056,0.20791
CVE-2021-39135,0.00056,0.20791
CVE-2021-39136,0.00077,0.31667
CVE-2021-39137,0.00064,0.26141
CVE-2021-39138,0.00071,0.29203
CVE-2021-39139,0.03494,0.90647
CVE-2021-3914,0.00068,0.28132
CVE-2021-39140,0.01773,0.86736
CVE-2021-39141,0.25418,0.96277
CVE-2021-39143,0.00044,0.07794
CVE-2021-39144,0.96272,0.99428
CVE-2021-39145,0.01927,0.87417
CVE-2021-39146,0.27391,0.96386
CVE-2021-39147,0.02458,0.88981
CVE-2021-39148,0.02458,0.88981
CVE-2021-39149,0.02458,0.88981
CVE-2021-3915,0.00068,0.28097
CVE-2021-39150,0.01058,0.82564
CVE-2021-39151,0.02458,0.88981
CVE-2021-39152,0.01242,0.84070
CVE-2021-39153,0.02458,0.88981
CVE-2021-39154,0.02458,0.88981
CVE-2021-39155,0.00125,0.46906
CVE-2021-39156,0.00148,0.50904
CVE-2021-39157,0.00159,0.52363
CVE-2021-39158,0.00201,0.58090
CVE-2021-39159,0.00361,0.69451
CVE-2021-3916,0.00063,0.24902
CVE-2021-39160,0.00276,0.64887
CVE-2021-39161,0.00054,0.20290
CVE-2021-39162,0.00117,0.45466
CVE-2021-39163,0.00139,0.49487
CVE-2021-39164,0.00083,0.34502
CVE-2021-39165,0.06093,0.92834
CVE-2021-39166,0.00050,0.16378
CVE-2021-39167,0.00212,0.59097
CVE-2021-39168,0.00212,0.59097
CVE-2021-39169,0.00050,0.16378
CVE-2021-3917,0.00042,0.05722
CVE-2021-39170,0.00073,0.30300
CVE-2021-39171,0.00091,0.38427
CVE-2021-39172,0.00257,0.63595
CVE-2021-39173,0.00497,0.73812
CVE-2021-39174,0.00244,0.62429
CVE-2021-39175,0.00096,0.40002
CVE-2021-39176,0.00230,0.61217
CVE-2021-39177,0.00212,0.59097
CVE-2021-39178,0.00061,0.24174
CVE-2021-39179,0.00167,0.53513
CVE-2021-3918,0.00209,0.58918
CVE-2021-39180,0.00299,0.66380
CVE-2021-39181,0.00201,0.58109
CVE-2021-39182,0.00104,0.42279
CVE-2021-39183,0.00095,0.39559
CVE-2021-39184,0.00133,0.48411
CVE-2021-39185,0.00135,0.48814
CVE-2021-39186,0.00089,0.37315
CVE-2021-39187,0.00140,0.49648
CVE-2021-39189,0.00078,0.32630
CVE-2021-3919,0.00148,0.50775
CVE-2021-39190,0.00054,0.19178
CVE-2021-39191,0.00178,0.55137
CVE-2021-39192,0.00095,0.39615
CVE-2021-39193,0.00078,0.32630
CVE-2021-39194,0.00120,0.46161
CVE-2021-39195,0.00100,0.40819
CVE-2021-39196,0.00105,0.42427
CVE-2021-39197,0.00123,0.46681
CVE-2021-39198,0.00052,0.18167
CVE-2021-39199,0.00086,0.35840
CVE-2021-3920,0.00053,0.18833
CVE-2021-39200,0.00093,0.39197
CVE-2021-39201,0.00107,0.43242
CVE-2021-39202,0.00054,0.20290
CVE-2021-39203,0.00065,0.26756
CVE-2021-39204,0.00117,0.45504
CVE-2021-39205,0.00078,0.32630
CVE-2021-39206,0.00166,0.53279
CVE-2021-39207,0.00191,0.56783
CVE-2021-39208,0.00080,0.33290
CVE-2021-39209,0.00095,0.39488
CVE-2021-3921,0.00068,0.28323
CVE-2021-39210,0.00104,0.41983
CVE-2021-39211,0.00166,0.53320
CVE-2021-39212,0.00064,0.26190
CVE-2021-39213,0.00104,0.42274
CVE-2021-39214,0.00198,0.57737
CVE-2021-39215,0.00133,0.48411
CVE-2021-39216,0.00045,0.11966
CVE-2021-39217,0.00125,0.46989
CVE-2021-39218,0.00045,0.11966
CVE-2021-39219,0.00045,0.11966
CVE-2021-3922,0.00042,0.05722
CVE-2021-39220,0.00058,0.22586
CVE-2021-39221,0.00050,0.16378
CVE-2021-39222,0.00071,0.29281
CVE-2021-39223,0.00071,0.29203
CVE-2021-39224,0.00061,0.24174
CVE-2021-39225,0.00105,0.42427
CVE-2021-39226,0.92988,0.98868
CVE-2021-39227,0.00212,0.59097
CVE-2021-39228,0.00234,0.61513
CVE-2021-39229,0.00182,0.55614
CVE-2021-3923,0.00043,0.06775
CVE-2021-39230,0.00057,0.21336
CVE-2021-39231,0.00360,0.69413
CVE-2021-39232,0.00112,0.44404
CVE-2021-39233,0.00510,0.74182
CVE-2021-39234,0.00047,0.13944
CVE-2021-39235,0.00079,0.32933
CVE-2021-39236,0.00273,0.64702
CVE-2021-39237,0.00061,0.23842
CVE-2021-39238,0.00197,0.57638
CVE-2021-39239,0.00277,0.64991
CVE-2021-3924,0.00134,0.48569
CVE-2021-39240,0.00294,0.66110
CVE-2021-39241,0.00219,0.59918
CVE-2021-39242,0.00240,0.62087
CVE-2021-39243,0.00069,0.28650
CVE-2021-39244,0.00751,0.79063
CVE-2021-39245,0.00222,0.60561
CVE-2021-39246,0.00104,0.42287
CVE-2021-39247,0.00088,0.37038
CVE-2021-39248,0.00072,0.29847
CVE-2021-39249,0.00087,0.35933
CVE-2021-39250,0.00057,0.21542
CVE-2021-39251,0.00045,0.11966
CVE-2021-39252,0.00045,0.11966
CVE-2021-39253,0.00045,0.11966
CVE-2021-39254,0.00050,0.15960
CVE-2021-39255,0.00045,0.11966
CVE-2021-39256,0.00050,0.15960
CVE-2021-39257,0.00045,0.11966
CVE-2021-39258,0.00045,0.11966
CVE-2021-39259,0.00045,0.11966
CVE-2021-39260,0.00045,0.11966
CVE-2021-39261,0.00050,0.15960
CVE-2021-39262,0.00045,0.11966
CVE-2021-39263,0.00050,0.15960
CVE-2021-39267,0.00171,0.54161
CVE-2021-39268,0.00107,0.43215
CVE-2021-3927,0.00102,0.41434
CVE-2021-39270,0.00079,0.33063
CVE-2021-39271,0.01076,0.82753
CVE-2021-39272,0.00147,0.50590
CVE-2021-39273,0.00325,0.67832
CVE-2021-39274,0.00550,0.75157
CVE-2021-39275,0.00550,0.75148
CVE-2021-39278,0.00096,0.39893
CVE-2021-39279,0.00302,0.66534
CVE-2021-3928,0.00054,0.19620
CVE-2021-39280,0.00130,0.47824
CVE-2021-39282,0.00097,0.40250
CVE-2021-39283,0.00057,0.21445
CVE-2021-39285,0.00087,0.35933
CVE-2021-39286,0.00061,0.24174
CVE-2021-39289,0.00124,0.46699
CVE-2021-3929,0.00047,0.13971
CVE-2021-39290,0.00259,0.63767
CVE-2021-39291,0.00104,0.42382
CVE-2021-39293,0.00114,0.44906
CVE-2021-39295,0.00105,0.42486
CVE-2021-39296,0.00237,0.61848
CVE-2021-39297,0.00044,0.10161
CVE-2021-39298,0.00044,0.10161
CVE-2021-39299,0.00044,0.10161
CVE-2021-3930,0.00045,0.11966
CVE-2021-39300,0.00044,0.10161
CVE-2021-39301,0.00044,0.10161
CVE-2021-39302,0.00142,0.49961
CVE-2021-39303,0.00259,0.63746
CVE-2021-39304,0.00101,0.41058
CVE-2021-39306,0.00221,0.60385
CVE-2021-39307,0.00087,0.36436
CVE-2021-39308,0.00061,0.24174
CVE-2021-39309,0.00061,0.24174
CVE-2021-3931,0.00068,0.28323
CVE-2021-39310,0.00061,0.24174
CVE-2021-39311,0.00061,0.24174
CVE-2021-39312,0.14099,0.95206
CVE-2021-39313,0.00061,0.24174
CVE-2021-39314,0.00061,0.24174
CVE-2021-39315,0.00061,0.24174
CVE-2021-39316,0.38985,0.96908
CVE-2021-39317,0.00405,0.71101
CVE-2021-39318,0.00061,0.24174
CVE-2021-39319,0.00061,0.24174
CVE-2021-3932,0.00068,0.28323
CVE-2021-39320,0.00210,0.59000
CVE-2021-39321,0.00290,0.65861
CVE-2021-39322,0.00234,0.61505
CVE-2021-39325,0.00061,0.24174
CVE-2021-39327,0.16259,0.95516
CVE-2021-39328,0.00062,0.24442
CVE-2021-39329,0.00063,0.24955
CVE-2021-3933,0.00077,0.31826
CVE-2021-39332,0.00054,0.20290
CVE-2021-39333,0.00066,0.27231
CVE-2021-39334,0.00062,0.24442
CVE-2021-39335,0.00062,0.24442
CVE-2021-39336,0.00062,0.24442
CVE-2021-39337,0.00062,0.24442
CVE-2021-39338,0.00062,0.24442
CVE-2021-39339,0.00091,0.38427
CVE-2021-3934,0.00219,0.59897
CVE-2021-39340,0.00062,0.24442
CVE-2021-39341,0.00129,0.47615
CVE-2021-39342,0.00133,0.48411
CVE-2021-39343,0.00063,0.24955
CVE-2021-39344,0.00062,0.24442
CVE-2021-39345,0.00062,0.24442
CVE-2021-39346,0.00062,0.24442
CVE-2021-39347,0.00050,0.16378
CVE-2021-39348,0.00088,0.36965
CVE-2021-39349,0.00062,0.24442
CVE-2021-3935,0.00101,0.41079
CVE-2021-39350,0.00104,0.42295
CVE-2021-39351,0.00063,0.25077
CVE-2021-39352,0.93770,0.98961
CVE-2021-39353,0.00101,0.41190
CVE-2021-39354,0.00062,0.24442
CVE-2021-39355,0.00063,0.24955
CVE-2021-39356,0.00062,0.24442
CVE-2021-39357,0.00062,0.24442
CVE-2021-39358,0.00111,0.44136
CVE-2021-39359,0.00131,0.47915
CVE-2021-39360,0.00111,0.44136
CVE-2021-39361,0.00090,0.37777
CVE-2021-39362,0.00072,0.29847
CVE-2021-39363,0.00197,0.57679
CVE-2021-39364,0.00091,0.38109
CVE-2021-39365,0.00199,0.57814
CVE-2021-39367,0.00077,0.31772
CVE-2021-39368,0.00078,0.32739
CVE-2021-39369,0.00201,0.58096
CVE-2021-39371,0.00164,0.53048
CVE-2021-39373,0.00042,0.05759
CVE-2021-39375,0.00088,0.36822
CVE-2021-39376,0.00088,0.36822
CVE-2021-39377,0.00163,0.52968
CVE-2021-39378,0.00163,0.52968
CVE-2021-39379,0.00163,0.52968
CVE-2021-3938,0.00053,0.18833
CVE-2021-39383,0.00506,0.74056
CVE-2021-39384,0.00237,0.61897
CVE-2021-3939,0.00044,0.10161
CVE-2021-39390,0.00067,0.27713
CVE-2021-39391,0.00068,0.28323
CVE-2021-39392,0.00629,0.76841
CVE-2021-39393,0.00068,0.28174
CVE-2021-39394,0.00054,0.19132
CVE-2021-39402,0.00113,0.44632
CVE-2021-39404,0.00058,0.22585
CVE-2021-39408,0.00078,0.32739
CVE-2021-39409,0.00286,0.65539
CVE-2021-3941,0.00045,0.11966
CVE-2021-39411,0.00072,0.29847
CVE-2021-39412,0.00072,0.29847
CVE-2021-39413,0.00078,0.32739
CVE-2021-39416,0.00079,0.32923
CVE-2021-3942,0.00376,0.70032
CVE-2021-39420,0.00078,0.32739
CVE-2021-39421,0.00046,0.13740
CVE-2021-39425,0.00046,0.13740
CVE-2021-39426,0.00255,0.63459
CVE-2021-39427,0.00066,0.27167
CVE-2021-39428,0.00069,0.28691
CVE-2021-3943,0.00583,0.75861
CVE-2021-39432,0.00076,0.31619
CVE-2021-39433,0.00637,0.76975
CVE-2021-39434,0.00135,0.48776
CVE-2021-3944,0.00097,0.40171
CVE-2021-3945,0.00068,0.28323
CVE-2021-39458,0.00085,0.35466
CVE-2021-39459,0.00361,0.69472
CVE-2021-3947,0.00047,0.13943
CVE-2021-39473,0.00080,0.33418
CVE-2021-39474,0.00325,0.67819
CVE-2021-3948,0.00072,0.29893
CVE-2021-39480,0.00072,0.29919
CVE-2021-39486,0.00058,0.22585
CVE-2021-39491,0.00058,0.22585
CVE-2021-39496,0.00053,0.18833
CVE-2021-39497,0.00288,0.65690
CVE-2021-39499,0.00094,0.39447
CVE-2021-3950,0.00053,0.18833
CVE-2021-39500,0.00071,0.29324
CVE-2021-39501,0.00093,0.39167
CVE-2021-39503,0.00494,0.73729
CVE-2021-39509,0.00214,0.59488
CVE-2021-39510,0.00214,0.59488
CVE-2021-39514,0.00072,0.29919
CVE-2021-39515,0.00071,0.29395
CVE-2021-39516,0.00071,0.29395
CVE-2021-39517,0.00071,0.29395
CVE-2021-39518,0.00098,0.40477
CVE-2021-39519,0.00071,0.29395
CVE-2021-39520,0.00071,0.29395
CVE-2021-39521,0.00071,0.29395
CVE-2021-39522,0.00192,0.56914
CVE-2021-39523,0.00071,0.29395
CVE-2021-39525,0.00192,0.56914
CVE-2021-39527,0.00192,0.56914
CVE-2021-39528,0.00192,0.56914
CVE-2021-39530,0.00192,0.56914
CVE-2021-39531,0.00192,0.56914
CVE-2021-39532,0.00071,0.29395
CVE-2021-39533,0.00192,0.56914
CVE-2021-39534,0.00192,0.56914
CVE-2021-39535,0.00071,0.29395
CVE-2021-39536,0.00192,0.56914
CVE-2021-39537,0.00710,0.78436
CVE-2021-39538,0.00051,0.17017
CVE-2021-39539,0.00051,0.17017
CVE-2021-39540,0.00085,0.35300
CVE-2021-39541,0.00051,0.17017
CVE-2021-39542,0.00051,0.17017
CVE-2021-39543,0.00051,0.17017
CVE-2021-39544,0.00081,0.33577
CVE-2021-39545,0.00051,0.17017
CVE-2021-39546,0.00081,0.33577
CVE-2021-39547,0.00051,0.17017
CVE-2021-39548,0.00051,0.17017
CVE-2021-39549,0.00051,0.17017
CVE-2021-39550,0.00081,0.33577
CVE-2021-39551,0.00081,0.33577
CVE-2021-39552,0.00081,0.33577
CVE-2021-39553,0.00048,0.14768
CVE-2021-39554,0.00051,0.17017
CVE-2021-39555,0.00051,0.17017
CVE-2021-39556,0.00051,0.17017
CVE-2021-39557,0.00051,0.17017
CVE-2021-39558,0.00085,0.35300
CVE-2021-39559,0.00051,0.17017
CVE-2021-3956,0.00074,0.30499
CVE-2021-39561,0.00085,0.35300
CVE-2021-39562,0.00051,0.17017
CVE-2021-39563,0.00051,0.17017
CVE-2021-39564,0.00085,0.35300
CVE-2021-39569,0.00085,0.35300
CVE-2021-3957,0.00068,0.28323
CVE-2021-39574,0.00085,0.35300
CVE-2021-39575,0.00051,0.17017
CVE-2021-39577,0.00085,0.35300
CVE-2021-39579,0.00085,0.35300
CVE-2021-3958,0.00172,0.54442
CVE-2021-39582,0.00085,0.35300
CVE-2021-39583,0.00051,0.17017
CVE-2021-39584,0.00051,0.17017
CVE-2021-39585,0.00051,0.17017
CVE-2021-39587,0.00051,0.17017
CVE-2021-39588,0.00051,0.17017
CVE-2021-39589,0.00051,0.17017
CVE-2021-3959,0.00179,0.55185
CVE-2021-39590,0.00051,0.17017
CVE-2021-39591,0.00051,0.17017
CVE-2021-39592,0.00051,0.17017
CVE-2021-39593,0.00051,0.17017
CVE-2021-39594,0.00051,0.17017
CVE-2021-39595,0.00085,0.35300
CVE-2021-39596,0.00051,0.17017
CVE-2021-39597,0.00051,0.17017
CVE-2021-39598,0.00051,0.17017
CVE-2021-39599,0.00078,0.32739
CVE-2021-3960,0.00044,0.07794
CVE-2021-39602,0.00058,0.22594
CVE-2021-39608,0.02893,0.89789
CVE-2021-39609,0.00060,0.23743
CVE-2021-3961,0.00053,0.18833
CVE-2021-39613,0.00376,0.70059
CVE-2021-39614,0.00376,0.70059
CVE-2021-39615,0.00376,0.70059
CVE-2021-39616,0.00109,0.43800
CVE-2021-39618,0.00042,0.05722
CVE-2021-39619,0.00042,0.05722
CVE-2021-3962,0.00075,0.30862
CVE-2021-39620,0.00042,0.05722
CVE-2021-39621,0.00042,0.05722
CVE-2021-39622,0.00042,0.05722
CVE-2021-39623,0.00120,0.46194
CVE-2021-39624,0.00042,0.05722
CVE-2021-39625,0.00042,0.05722
CVE-2021-39626,0.00042,0.05722
CVE-2021-39627,0.00042,0.05722
CVE-2021-39628,0.00042,0.05722
CVE-2021-39629,0.00042,0.05722
CVE-2021-3963,0.00068,0.28323
CVE-2021-39630,0.00042,0.05722
CVE-2021-39631,0.00042,0.05722
CVE-2021-39632,0.00042,0.05722
CVE-2021-39633,0.00042,0.05722
CVE-2021-39634,0.00042,0.05722
CVE-2021-39635,0.00083,0.34351
CVE-2021-39636,0.00042,0.05722
CVE-2021-39637,0.00042,0.05722
CVE-2021-39638,0.00042,0.05722
CVE-2021-39639,0.00048,0.14308
CVE-2021-3964,0.00069,0.28703
CVE-2021-39640,0.00042,0.05722
CVE-2021-39641,0.00109,0.43800
CVE-2021-39642,0.00042,0.05722
CVE-2021-39643,0.00042,0.05722
CVE-2021-39644,0.00109,0.43800
CVE-2021-39645,0.00109,0.43800
CVE-2021-39646,0.00081,0.33914
CVE-2021-39647,0.00042,0.05722
CVE-2021-39648,0.00042,0.05722
CVE-2021-39649,0.00042,0.05722
CVE-2021-3965,0.00166,0.53250
CVE-2021-39650,0.00042,0.05722
CVE-2021-39651,0.00042,0.05722
CVE-2021-39652,0.00045,0.12206
CVE-2021-39653,0.00042,0.05722
CVE-2021-39655,0.00109,0.43800
CVE-2021-39656,0.00042,0.05722
CVE-2021-39657,0.00042,0.05722
CVE-2021-39658,0.00109,0.43817
CVE-2021-39659,0.00042,0.05722
CVE-2021-3966,0.00053,0.19001
CVE-2021-39660,0.00042,0.05722
CVE-2021-39661,0.00042,0.05722
CVE-2021-39662,0.00042,0.05722
CVE-2021-39663,0.00042,0.05722
CVE-2021-39664,0.00048,0.14800
CVE-2021-39665,0.00108,0.43437
CVE-2021-39666,0.00042,0.05722
CVE-2021-39667,0.00108,0.43466
CVE-2021-39668,0.00048,0.14308
CVE-2021-39669,0.00048,0.14308
CVE-2021-3967,0.00086,0.35789
CVE-2021-39670,0.00042,0.05722
CVE-2021-39671,0.00130,0.47813
CVE-2021-39672,0.00042,0.05722
CVE-2021-39674,0.00042,0.05722
CVE-2021-39675,0.00136,0.48888
CVE-2021-39676,0.00042,0.05722
CVE-2021-39677,0.00081,0.33914
CVE-2021-39678,0.00042,0.05722
CVE-2021-39679,0.00042,0.05722
CVE-2021-3968,0.00153,0.51609
CVE-2021-39680,0.00042,0.05722
CVE-2021-39681,0.00042,0.05722
CVE-2021-39682,0.00042,0.05722
CVE-2021-39683,0.00042,0.05722
CVE-2021-39684,0.00042,0.05722
CVE-2021-39685,0.00042,0.05722
CVE-2021-39686,0.00042,0.05722
CVE-2021-39687,0.00042,0.05722
CVE-2021-39688,0.00042,0.05722
CVE-2021-39689,0.00042,0.05722
CVE-2021-3969,0.00042,0.05722
CVE-2021-39690,0.00042,0.05722
CVE-2021-39691,0.00042,0.05722
CVE-2021-39692,0.00047,0.13902
CVE-2021-39693,0.00042,0.05722
CVE-2021-39694,0.00042,0.05722
CVE-2021-39695,0.00042,0.05722
CVE-2021-39696,0.00048,0.14308
CVE-2021-39697,0.00042,0.05722
CVE-2021-39698,0.00042,0.05722
CVE-2021-3970,0.00042,0.05722
CVE-2021-39700,0.00042,0.05722
CVE-2021-39701,0.00048,0.14308
CVE-2021-39702,0.00048,0.14308
CVE-2021-39703,0.00042,0.05722
CVE-2021-39704,0.00042,0.05722
CVE-2021-39706,0.00048,0.14308
CVE-2021-39707,0.00042,0.05722
CVE-2021-39708,0.00121,0.46215
CVE-2021-39709,0.00042,0.05722
CVE-2021-3971,0.00044,0.10161
CVE-2021-39710,0.00109,0.43800
CVE-2021-39711,0.00042,0.05722
CVE-2021-39712,0.00042,0.05722
CVE-2021-39713,0.00089,0.37377
CVE-2021-39714,0.00043,0.07409
CVE-2021-39715,0.00042,0.05722
CVE-2021-39716,0.00081,0.33914
CVE-2021-39717,0.00042,0.05722
CVE-2021-39718,0.00042,0.05722
CVE-2021-39719,0.00043,0.07409
CVE-2021-3972,0.00044,0.10161
CVE-2021-39720,0.00109,0.43800
CVE-2021-39721,0.00042,0.05722
CVE-2021-39722,0.00042,0.05722
CVE-2021-39723,0.00109,0.43800
CVE-2021-39724,0.00042,0.05722
CVE-2021-39725,0.00042,0.05722
CVE-2021-39726,0.00096,0.39941
CVE-2021-39727,0.00042,0.05722
CVE-2021-39729,0.00042,0.05722
CVE-2021-3973,0.00102,0.41434
CVE-2021-39730,0.00042,0.05722
CVE-2021-39731,0.00042,0.05722
CVE-2021-39732,0.00043,0.07409
CVE-2021-39733,0.00042,0.05722
CVE-2021-39734,0.00042,0.05722
CVE-2021-39735,0.00042,0.05722
CVE-2021-39736,0.00043,0.07409
CVE-2021-39737,0.00109,0.43800
CVE-2021-39738,0.00042,0.05722
CVE-2021-39739,0.00042,0.05722
CVE-2021-3974,0.00097,0.40094
CVE-2021-39740,0.00042,0.05722
CVE-2021-39741,0.00042,0.05722
CVE-2021-39742,0.00045,0.12356
CVE-2021-39743,0.00042,0.05722
CVE-2021-39744,0.00042,0.05722
CVE-2021-39745,0.00042,0.05722
CVE-2021-39746,0.00042,0.05722
CVE-2021-39747,0.00042,0.05722
CVE-2021-39748,0.00042,0.05722
CVE-2021-39749,0.00042,0.05722
CVE-2021-3975,0.00114,0.44900
CVE-2021-39750,0.00042,0.05722
CVE-2021-39751,0.00042,0.05722
CVE-2021-39752,0.00042,0.05722
CVE-2021-39753,0.00042,0.05722
CVE-2021-39754,0.00042,0.05722
CVE-2021-39755,0.00042,0.05722
CVE-2021-39756,0.00042,0.05722
CVE-2021-39757,0.00042,0.05722
CVE-2021-39758,0.00042,0.05722
CVE-2021-39759,0.00043,0.07409
CVE-2021-3976,0.00069,0.28703
CVE-2021-39760,0.00042,0.05722
CVE-2021-39761,0.00042,0.05722
CVE-2021-39762,0.00096,0.39941
CVE-2021-39763,0.00042,0.05722
CVE-2021-39764,0.00048,0.14308
CVE-2021-39765,0.00042,0.05722
CVE-2021-39766,0.00042,0.05722
CVE-2021-39767,0.00042,0.05722
CVE-2021-39768,0.00048,0.14308
CVE-2021-39769,0.00042,0.05722
CVE-2021-3977,0.00053,0.18833
CVE-2021-39770,0.00042,0.05722
CVE-2021-39771,0.00048,0.14308
CVE-2021-39772,0.00048,0.14308
CVE-2021-39773,0.00042,0.05722
CVE-2021-39774,0.00042,0.05722
CVE-2021-39775,0.00042,0.05722
CVE-2021-39776,0.00042,0.05722
CVE-2021-39777,0.00042,0.05722
CVE-2021-39778,0.00042,0.05722
CVE-2021-39779,0.00042,0.05722
CVE-2021-39780,0.00047,0.13906
CVE-2021-39781,0.00042,0.05722
CVE-2021-39782,0.00042,0.05722
CVE-2021-39783,0.00042,0.05722
CVE-2021-39784,0.00042,0.05722
CVE-2021-39786,0.00042,0.05722
CVE-2021-39787,0.00048,0.14308
CVE-2021-39788,0.00042,0.05722
CVE-2021-39789,0.00042,0.05722
CVE-2021-3979,0.00125,0.46989
CVE-2021-39790,0.00048,0.14308
CVE-2021-39791,0.00042,0.05722
CVE-2021-39792,0.00042,0.05722
CVE-2021-39793,0.00066,0.27473
CVE-2021-39794,0.00048,0.14316
CVE-2021-39796,0.00042,0.05722
CVE-2021-39797,0.00042,0.05722
CVE-2021-39798,0.00042,0.05722
CVE-2021-39799,0.00042,0.05722
CVE-2021-3980,0.00148,0.50784
CVE-2021-39800,0.00042,0.05722
CVE-2021-39801,0.00042,0.05722
CVE-2021-39802,0.00042,0.05722
CVE-2021-39803,0.00098,0.40355
CVE-2021-39804,0.00080,0.33312
CVE-2021-39805,0.00053,0.18885
CVE-2021-39806,0.00042,0.05722
CVE-2021-39807,0.00042,0.05722
CVE-2021-39808,0.00042,0.05722
CVE-2021-39809,0.00096,0.39941
CVE-2021-3981,0.00045,0.12069
CVE-2021-39810,0.00042,0.05722
CVE-2021-39812,0.00042,0.05722
CVE-2021-39814,0.00042,0.05722
CVE-2021-39815,0.00102,0.41377
CVE-2021-39816,0.00083,0.34330
CVE-2021-39817,0.00083,0.34330
CVE-2021-39818,0.00083,0.34330
CVE-2021-39819,0.00083,0.34330
CVE-2021-3982,0.00044,0.10161
CVE-2021-39820,0.07489,0.93497
CVE-2021-39821,0.00153,0.51564
CVE-2021-39822,0.00194,0.57282
CVE-2021-39823,0.01317,0.84576
CVE-2021-39824,0.00155,0.51767
CVE-2021-39825,0.00103,0.41760
CVE-2021-39826,0.00075,0.30783
CVE-2021-39827,0.00057,0.21406
CVE-2021-39828,0.00057,0.21406
CVE-2021-39829,0.00098,0.40353
CVE-2021-3983,0.00068,0.28323
CVE-2021-39830,0.00229,0.61175
CVE-2021-39831,0.00069,0.28495
CVE-2021-39832,0.00229,0.61175
CVE-2021-39833,0.00150,0.51228
CVE-2021-39834,0.00150,0.51228
CVE-2021-39835,0.00451,0.72548
CVE-2021-39836,0.05463,0.92466
CVE-2021-39837,0.22137,0.96068
CVE-2021-39838,0.22137,0.96068
CVE-2021-39839,0.22137,0.96068
CVE-2021-3984,0.00102,0.41434
CVE-2021-39840,0.22137,0.96068
CVE-2021-39841,0.00164,0.53103
CVE-2021-39842,0.01214,0.83853
CVE-2021-39843,0.08174,0.93759
CVE-2021-39844,0.00065,0.27090
CVE-2021-39845,0.00183,0.55646
CVE-2021-39846,0.00183,0.55646
CVE-2021-39847,0.01231,0.83995
CVE-2021-39849,0.00070,0.28936
CVE-2021-3985,0.00096,0.39810
CVE-2021-39850,0.00070,0.28936
CVE-2021-39851,0.00070,0.28936
CVE-2021-39852,0.00070,0.28936
CVE-2021-39853,0.00070,0.28936
CVE-2021-39854,0.00070,0.28936
CVE-2021-39855,0.00240,0.62104
CVE-2021-39856,0.00240,0.62104
CVE-2021-39857,0.00225,0.60836
CVE-2021-39858,0.00074,0.30491
CVE-2021-39859,0.00110,0.43954
CVE-2021-39860,0.00082,0.33933
CVE-2021-39861,0.00082,0.33933
CVE-2021-39862,0.02564,0.89175
CVE-2021-39863,0.00167,0.53514
CVE-2021-39864,0.00067,0.27775
CVE-2021-39865,0.00096,0.39864
CVE-2021-39866,0.00059,0.22956
CVE-2021-39867,0.00064,0.26201
CVE-2021-39868,0.00067,0.27897
CVE-2021-39869,0.00136,0.48980
CVE-2021-39870,0.00068,0.28151
CVE-2021-39871,0.00068,0.28151
CVE-2021-39872,0.00091,0.38098
CVE-2021-39873,0.00089,0.37463
CVE-2021-39874,0.00067,0.27897
CVE-2021-39875,0.00089,0.37463
CVE-2021-39876,0.00066,0.27597
CVE-2021-39877,0.00066,0.27303
CVE-2021-39878,0.00096,0.39895
CVE-2021-39879,0.00054,0.20290
CVE-2021-39880,0.00159,0.52507
CVE-2021-39881,0.00067,0.27897
CVE-2021-39882,0.00078,0.32206
CVE-2021-39883,0.00054,0.20290
CVE-2021-39884,0.00067,0.27897
CVE-2021-39885,0.00067,0.27702
CVE-2021-39886,0.00054,0.20290
CVE-2021-39887,0.00096,0.39895
CVE-2021-39888,0.00067,0.27897
CVE-2021-39889,0.00067,0.27897
CVE-2021-3989,0.00068,0.28323
CVE-2021-39890,0.00213,0.59400
CVE-2021-39891,0.00080,0.33412
CVE-2021-39892,0.00066,0.27597
CVE-2021-39893,0.00082,0.33943
CVE-2021-39894,0.00054,0.20290
CVE-2021-39895,0.00114,0.44880
CVE-2021-39896,0.00054,0.20290
CVE-2021-39897,0.00089,0.37463
CVE-2021-39898,0.00089,0.37463
CVE-2021-39899,0.00064,0.26289
CVE-2021-3990,0.00145,0.50301
CVE-2021-39900,0.00054,0.20290
CVE-2021-39901,0.00067,0.27897
CVE-2021-39902,0.00067,0.27897
CVE-2021-39903,0.00067,0.27897
CVE-2021-39904,0.00080,0.33243
CVE-2021-39905,0.00067,0.27897
CVE-2021-39906,0.00089,0.37463
CVE-2021-39907,0.00102,0.41563
CVE-2021-39908,0.00090,0.38033
CVE-2021-39909,0.00068,0.28151
CVE-2021-39910,0.00089,0.37463
CVE-2021-39911,0.00054,0.20290
CVE-2021-39912,0.00102,0.41563
CVE-2021-39913,0.00042,0.05722
CVE-2021-39914,0.00072,0.29893
CVE-2021-39915,0.00089,0.37463
CVE-2021-39916,0.00067,0.27897
CVE-2021-39917,0.00117,0.45525
CVE-2021-39918,0.00067,0.27897
CVE-2021-39919,0.00044,0.10161
CVE-2021-3992,0.00061,0.24115
CVE-2021-39920,0.00317,0.67394
CVE-2021-39921,0.00164,0.53035
CVE-2021-39922,0.00658,0.77412
CVE-2021-39923,0.00093,0.39235
CVE-2021-39924,0.00170,0.54122
CVE-2021-39925,0.00658,0.77412
CVE-2021-39926,0.00208,0.58799
CVE-2021-39927,0.00054,0.20290
CVE-2021-39928,0.00221,0.60385
CVE-2021-39929,0.00170,0.54122
CVE-2021-3993,0.00069,0.28703
CVE-2021-39930,0.00067,0.27897
CVE-2021-39931,0.00059,0.22956
CVE-2021-39932,0.00075,0.31089
CVE-2021-39933,0.00100,0.40860
CVE-2021-39934,0.00062,0.24784
CVE-2021-39935,0.00114,0.44988
CVE-2021-39936,0.00062,0.24784
CVE-2021-39937,0.00063,0.25710
CVE-2021-39938,0.00081,0.33872
CVE-2021-39939,0.00081,0.33872
CVE-2021-3994,0.00189,0.56518
CVE-2021-39940,0.00096,0.39816
CVE-2021-39941,0.00071,0.29242
CVE-2021-39942,0.00112,0.44453
CVE-2021-39943,0.00059,0.22956
CVE-2021-39944,0.00088,0.37150
CVE-2021-39945,0.00062,0.24784
CVE-2021-39946,0.00067,0.27897
CVE-2021-39947,0.00079,0.33063
CVE-2021-3995,0.00042,0.05722
CVE-2021-3996,0.00042,0.05722
CVE-2021-39966,0.00158,0.52341
CVE-2021-39967,0.00158,0.52341
CVE-2021-39968,0.00071,0.29420
CVE-2021-39969,0.00158,0.52341
CVE-2021-3997,0.00044,0.10467
CVE-2021-39970,0.00084,0.35188
CVE-2021-39971,0.00150,0.51158
CVE-2021-39972,0.00150,0.51158
CVE-2021-39973,0.00099,0.40643
CVE-2021-39974,0.00158,0.52341
CVE-2021-39975,0.00089,0.37607
CVE-2021-39976,0.00042,0.05722
CVE-2021-39977,0.00088,0.36953
CVE-2021-39978,0.00126,0.47210
CVE-2021-39979,0.00311,0.67028
CVE-2021-3998,0.00161,0.52751
CVE-2021-39980,0.00072,0.29847
CVE-2021-39981,0.00072,0.29847
CVE-2021-39982,0.00152,0.51511
CVE-2021-39983,0.00089,0.37607
CVE-2021-39984,0.00089,0.37607
CVE-2021-39985,0.00089,0.37607
CVE-2021-39986,0.00044,0.10161
CVE-2021-39987,0.00089,0.37607
CVE-2021-39988,0.00088,0.36953
CVE-2021-39989,0.00089,0.37607
CVE-2021-3999,0.00042,0.05722
CVE-2021-39990,0.00226,0.60930
CVE-2021-39991,0.00044,0.10161
CVE-2021-39992,0.00044,0.10161
CVE-2021-39993,0.00201,0.58090
CVE-2021-39994,0.00201,0.58090
CVE-2021-39995,0.00081,0.33872
CVE-2021-39996,0.00221,0.60385
CVE-2021-39997,0.00201,0.58090
CVE-2021-39998,0.00101,0.41058
CVE-2021-39999,0.00089,0.37607
CVE-2021-4000,0.00068,0.28323
CVE-2021-40000,0.00080,0.33329
CVE-2021-40001,0.00079,0.33104
CVE-2021-40002,0.00080,0.33329
CVE-2021-40003,0.00083,0.34406
CVE-2021-40004,0.00150,0.51158
CVE-2021-40005,0.00150,0.51158
CVE-2021-40006,0.00065,0.26779
CVE-2021-40007,0.00065,0.26756
CVE-2021-40008,0.00089,0.37607
CVE-2021-40009,0.00089,0.37672
CVE-2021-4001,0.00042,0.05722
CVE-2021-40010,0.00306,0.66754
CVE-2021-40011,0.00091,0.38109
CVE-2021-40012,0.00136,0.48980
CVE-2021-40013,0.00051,0.17428
CVE-2021-40014,0.00136,0.48980
CVE-2021-40015,0.00044,0.10161
CVE-2021-40016,0.00061,0.23842
CVE-2021-40017,0.00187,0.56249
CVE-2021-40018,0.00150,0.51158
CVE-2021-40019,0.00167,0.53451
CVE-2021-4002,0.00043,0.07608
CVE-2021-40020,0.00150,0.51158
CVE-2021-40021,0.00150,0.51158
CVE-2021-40022,0.00150,0.51158
CVE-2021-40023,0.00135,0.48776
CVE-2021-40024,0.00143,0.50015
CVE-2021-40025,0.00150,0.51158
CVE-2021-40026,0.00079,0.33063
CVE-2021-40027,0.00136,0.48980
CVE-2021-40028,0.00073,0.30380
CVE-2021-40029,0.00101,0.41058
CVE-2021-40030,0.00153,0.51574
CVE-2021-40031,0.00072,0.29721
CVE-2021-40032,0.00136,0.48980
CVE-2021-40033,0.00044,0.10161
CVE-2021-40034,0.00097,0.40227
CVE-2021-40035,0.00101,0.41058
CVE-2021-40036,0.00261,0.63880
CVE-2021-40037,0.00044,0.10161
CVE-2021-40038,0.00079,0.33063
CVE-2021-40039,0.00078,0.32147
CVE-2021-40040,0.00153,0.51574
CVE-2021-40041,0.00042,0.05722
CVE-2021-40042,0.00081,0.33872
CVE-2021-40043,0.00044,0.10161
CVE-2021-40044,0.00062,0.24373
CVE-2021-40045,0.00044,0.10161
CVE-2021-40046,0.00201,0.58090
CVE-2021-40047,0.00079,0.33063
CVE-2021-40048,0.00101,0.41058
CVE-2021-40049,0.00158,0.52341
CVE-2021-4005,0.00068,0.28323
CVE-2021-40050,0.00221,0.60385
CVE-2021-40051,0.00158,0.52341
CVE-2021-40052,0.00101,0.41058
CVE-2021-40053,0.00102,0.41484
CVE-2021-40054,0.00073,0.30380
CVE-2021-40055,0.00066,0.27591
CVE-2021-40056,0.00089,0.37607
CVE-2021-40057,0.00089,0.37607
CVE-2021-40058,0.00089,0.37607
CVE-2021-40059,0.00061,0.23842
CVE-2021-40060,0.00089,0.37607
CVE-2021-40061,0.00079,0.33063
CVE-2021-40062,0.00089,0.37607
CVE-2021-40063,0.00158,0.52341
CVE-2021-40064,0.00101,0.41058
CVE-2021-40065,0.00111,0.44148
CVE-2021-40066,0.00065,0.26756
CVE-2021-40067,0.00065,0.26756
CVE-2021-4007,0.00042,0.05722
CVE-2021-4008,0.00048,0.14641
CVE-2021-40083,0.00188,0.56329
CVE-2021-40084,0.00624,0.76740
CVE-2021-40085,0.00112,0.44499
CVE-2021-40086,0.00054,0.20290
CVE-2021-40087,0.00054,0.20290
CVE-2021-40088,0.00072,0.29893
CVE-2021-40089,0.00044,0.10161
CVE-2021-4009,0.00048,0.14641
CVE-2021-40091,0.00221,0.60385
CVE-2021-40092,0.00066,0.27429
CVE-2021-40093,0.00066,0.27429
CVE-2021-40094,0.00054,0.20290
CVE-2021-40095,0.00062,0.24461
CVE-2021-40096,0.00066,0.27429
CVE-2021-40097,0.00399,0.70933
CVE-2021-40098,0.00194,0.57367
CVE-2021-40099,0.00584,0.75883
CVE-2021-4010,0.00048,0.14641
CVE-2021-40100,0.00054,0.20290
CVE-2021-40101,0.00104,0.42231
CVE-2021-40102,0.00274,0.64750
CVE-2021-40103,0.00150,0.51172
CVE-2021-40104,0.00090,0.37779
CVE-2021-40105,0.00078,0.32206
CVE-2021-40106,0.00078,0.32206
CVE-2021-40108,0.00073,0.30411
CVE-2021-40109,0.00054,0.20290
CVE-2021-4011,0.00048,0.14641
CVE-2021-40110,0.00158,0.52263
CVE-2021-40111,0.00081,0.33691
CVE-2021-40112,0.00111,0.44150
CVE-2021-40113,0.00203,0.58340
CVE-2021-40114,0.00348,0.68894
CVE-2021-40115,0.00136,0.48965
CVE-2021-40116,0.00137,0.49202
CVE-2021-40117,0.00137,0.49202
CVE-2021-40118,0.00195,0.57490
CVE-2021-40119,0.00630,0.76857
CVE-2021-40120,0.00179,0.55227
CVE-2021-40121,0.00049,0.15156
CVE-2021-40122,0.00137,0.49202
CVE-2021-40123,0.00093,0.39130
CVE-2021-40124,0.00042,0.05722
CVE-2021-40125,0.00109,0.43829
CVE-2021-40126,0.00073,0.30288
CVE-2021-40127,0.00097,0.40116
CVE-2021-40128,0.00088,0.36953
CVE-2021-40129,0.00094,0.39465
CVE-2021-40130,0.00094,0.39465
CVE-2021-40131,0.00065,0.26956
CVE-2021-40142,0.00325,0.67798
CVE-2021-40143,0.00196,0.57521
CVE-2021-40145,0.00182,0.55614
CVE-2021-40146,0.01216,0.83865
CVE-2021-40147,0.00201,0.58090
CVE-2021-40148,0.00231,0.61320
CVE-2021-40149,0.00876,0.80723
CVE-2021-4015,0.00068,0.28323
CVE-2021-40150,0.01099,0.82933
CVE-2021-40153,0.00725,0.78690
CVE-2021-40154,0.00044,0.10161
CVE-2021-40155,0.00065,0.27105
CVE-2021-40156,0.00065,0.27105
CVE-2021-40157,0.00069,0.28715
CVE-2021-40158,0.00338,0.68457
CVE-2021-40159,0.00161,0.52778
CVE-2021-4016,0.00044,0.10161
CVE-2021-40160,0.00065,0.27105
CVE-2021-40161,0.00065,0.26849
CVE-2021-40162,0.00059,0.22842
CVE-2021-40163,0.00055,0.20546
CVE-2021-40164,0.00066,0.27471
CVE-2021-40165,0.00059,0.22842
CVE-2021-40166,0.00059,0.22842
CVE-2021-40167,0.00065,0.27105
CVE-2021-4017,0.00125,0.46935
CVE-2021-40170,0.00093,0.39084
CVE-2021-40171,0.00089,0.37672
CVE-2021-40172,0.00101,0.41090
CVE-2021-40173,0.00101,0.41090
CVE-2021-40174,0.00101,0.41090
CVE-2021-40175,0.04561,0.91715
CVE-2021-40176,0.00109,0.43857
CVE-2021-40177,0.00457,0.72717
CVE-2021-40178,0.00109,0.43857
CVE-2021-4018,0.00053,0.18833
CVE-2021-40180,0.00104,0.42354
CVE-2021-40186,0.00205,0.58568
CVE-2021-40188,0.00105,0.42468
CVE-2021-40189,0.00193,0.57230
CVE-2021-4019,0.00102,0.41434
CVE-2021-40191,0.00058,0.22585
CVE-2021-4020,0.00053,0.18833
CVE-2021-4021,0.00072,0.29919
CVE-2021-40211,0.00046,0.13740
CVE-2021-40212,0.00277,0.64992
CVE-2021-40214,0.00063,0.25033
CVE-2021-40219,0.04086,0.91312
CVE-2021-4022,0.00044,0.10345
CVE-2021-40222,0.00323,0.67739
CVE-2021-40223,0.00058,0.22585
CVE-2021-40226,0.00078,0.32333
CVE-2021-4023,0.00042,0.05722
CVE-2021-40238,0.00149,0.50944
CVE-2021-40239,0.00234,0.61568
CVE-2021-4024,0.00102,0.41563
CVE-2021-40241,0.00145,0.50414
CVE-2021-40247,0.00170,0.53970
CVE-2021-4026,0.00053,0.18833
CVE-2021-40260,0.00078,0.32739
CVE-2021-40261,0.00078,0.32739
CVE-2021-40262,0.00046,0.13740
CVE-2021-40263,0.00063,0.25553
CVE-2021-40264,0.00046,0.13740
CVE-2021-40265,0.00087,0.36569
CVE-2021-40266,0.00049,0.15801
CVE-2021-40272,0.00068,0.28174
CVE-2021-40279,0.00088,0.36822
CVE-2021-4028,0.00042,0.05722
CVE-2021-40280,0.00088,0.36822
CVE-2021-40281,0.00088,0.36822
CVE-2021-40282,0.00088,0.36822
CVE-2021-40284,0.00114,0.44792
CVE-2021-40285,0.00061,0.23773
CVE-2021-40288,0.00131,0.47917
CVE-2021-40289,0.00068,0.28174
CVE-2021-4029,0.00053,0.18567
CVE-2021-40292,0.00058,0.22585
CVE-2021-4030,0.00090,0.38043
CVE-2021-40303,0.00088,0.36955
CVE-2021-40309,0.00477,0.73256
CVE-2021-4031,0.00073,0.30380
CVE-2021-40310,0.00063,0.24955
CVE-2021-40313,0.00088,0.36822
CVE-2021-40317,0.00088,0.36822
CVE-2021-4032,0.00065,0.27082
CVE-2021-40323,0.02948,0.89862
CVE-2021-40324,0.00062,0.24806
CVE-2021-40325,0.00082,0.34090
CVE-2021-40326,0.00054,0.19140
CVE-2021-40327,0.00162,0.52921
CVE-2021-40329,0.00201,0.58090
CVE-2021-4033,0.00069,0.28703
CVE-2021-40330,0.00257,0.63602
CVE-2021-40331,0.00065,0.26771
CVE-2021-40333,0.00054,0.20290
CVE-2021-40334,0.00101,0.41058
CVE-2021-40335,0.00103,0.41715
CVE-2021-40336,0.00195,0.57443
CVE-2021-40337,0.00054,0.20290
CVE-2021-40338,0.00072,0.29847
CVE-2021-40339,0.00150,0.51158
CVE-2021-4034,0.00046,0.13792
CVE-2021-40340,0.00150,0.51158
CVE-2021-40341,0.00043,0.06775
CVE-2021-40342,0.00112,0.44598
CVE-2021-40343,0.00161,0.52779
CVE-2021-40344,0.17266,0.95645
CVE-2021-40345,0.05771,0.92647
CVE-2021-40346,0.02603,0.89260
CVE-2021-40347,0.00144,0.50226
CVE-2021-40348,0.00212,0.59207
CVE-2021-40349,0.00073,0.30246
CVE-2021-4035,0.00054,0.20290
CVE-2021-40350,0.00283,0.65421
CVE-2021-40352,0.00875,0.80711
CVE-2021-40353,0.00158,0.52225
CVE-2021-40354,0.00057,0.21513
CVE-2021-40355,0.00092,0.38813
CVE-2021-40356,0.00115,0.45174
CVE-2021-40357,0.00061,0.23772
CVE-2021-40358,0.00090,0.37856
CVE-2021-40359,0.00065,0.27063
CVE-2021-40360,0.00088,0.37085
CVE-2021-40363,0.00044,0.10161
CVE-2021-40364,0.00044,0.10161
CVE-2021-40365,0.00078,0.32333
CVE-2021-40366,0.00155,0.51760
CVE-2021-40367,0.00107,0.43053
CVE-2021-40368,0.00089,0.37607
CVE-2021-40369,0.00305,0.66732
CVE-2021-4037,0.00049,0.15074
CVE-2021-40371,0.03071,0.90053
CVE-2021-40373,0.04401,0.91586
CVE-2021-40374,0.00072,0.29718
CVE-2021-40375,0.00139,0.49418
CVE-2021-40376,0.00042,0.05722
CVE-2021-40377,0.00054,0.20290
CVE-2021-40378,0.92542,0.98818
CVE-2021-40379,0.88585,0.98473
CVE-2021-4038,0.00061,0.23968
CVE-2021-40380,0.48723,0.97213
CVE-2021-40381,0.48723,0.97213
CVE-2021-40382,0.48723,0.97213
CVE-2021-40385,0.00104,0.42231
CVE-2021-40386,0.00468,0.73012
CVE-2021-40387,0.00301,0.66474
CVE-2021-40388,0.00048,0.14460
CVE-2021-40389,0.00048,0.14460
CVE-2021-4039,0.04345,0.91540
CVE-2021-40390,0.00463,0.72859
CVE-2021-40391,0.00274,0.64755
CVE-2021-40392,0.00205,0.58568
CVE-2021-40393,0.00448,0.72465
CVE-2021-40394,0.00573,0.75629
CVE-2021-40396,0.00048,0.14460
CVE-2021-40397,0.00082,0.33995
CVE-2021-40398,0.00081,0.33577
CVE-2021-40399,0.00180,0.55286
CVE-2021-4040,0.00277,0.64968
CVE-2021-40400,0.00201,0.58024
CVE-2021-40401,0.00302,0.66532
CVE-2021-40402,0.00201,0.58024
CVE-2021-40403,0.00139,0.49374
CVE-2021-40404,0.00080,0.33386
CVE-2021-40405,0.00065,0.27030
CVE-2021-40406,0.00190,0.56626
CVE-2021-40407,0.00391,0.70677
CVE-2021-40408,0.00391,0.70677
CVE-2021-40409,0.00391,0.70677
CVE-2021-4041,0.00057,0.21251
CVE-2021-40410,0.00241,0.62190
CVE-2021-40411,0.00241,0.62190
CVE-2021-40412,0.00241,0.62190
CVE-2021-40413,0.00074,0.30557
CVE-2021-40414,0.00074,0.30557
CVE-2021-40415,0.00074,0.30557
CVE-2021-40416,0.00104,0.42382
CVE-2021-40417,0.00347,0.68804
CVE-2021-40418,0.00335,0.68364
CVE-2021-40419,0.00149,0.50911
CVE-2021-40420,0.00659,0.77423
CVE-2021-40422,0.01177,0.83577
CVE-2021-40423,0.00115,0.45138
CVE-2021-40424,0.00042,0.05722
CVE-2021-40425,0.00044,0.10445
CVE-2021-40426,0.00261,0.63892
CVE-2021-4043,0.00084,0.34965
CVE-2021-40438,0.97120,0.99749
CVE-2021-40439,0.00329,0.68026
CVE-2021-4044,0.00186,0.56043
CVE-2021-40440,0.00052,0.17554
CVE-2021-40441,0.00043,0.07315
CVE-2021-40442,0.00378,0.70163
CVE-2021-40443,0.00043,0.07315
CVE-2021-40444,0.96868,0.99645
CVE-2021-40447,0.00043,0.07315
CVE-2021-40448,0.00082,0.33932
CVE-2021-40449,0.00148,0.50742
CVE-2021-4045,0.26445,0.96330
CVE-2021-40450,0.00558,0.75291
CVE-2021-40452,0.00603,0.76296
CVE-2021-40453,0.00603,0.76296
CVE-2021-40454,0.00043,0.07315
CVE-2021-40455,0.51235,0.97274
CVE-2021-40456,0.00124,0.46762
CVE-2021-40457,0.00434,0.72042
CVE-2021-4046,0.00054,0.20290
CVE-2021-40460,0.00064,0.26271
CVE-2021-40461,0.00102,0.41543
CVE-2021-40462,0.00850,0.80433
CVE-2021-40463,0.00148,0.50825
CVE-2021-40464,0.00043,0.07315
CVE-2021-40465,0.00850,0.80433
CVE-2021-40466,0.00043,0.07315
CVE-2021-40467,0.00043,0.07315
CVE-2021-40468,0.00043,0.07315
CVE-2021-40469,0.01673,0.86374
CVE-2021-4047,0.00073,0.30380
CVE-2021-40470,0.00043,0.07315
CVE-2021-40471,0.00850,0.80433
CVE-2021-40472,0.00043,0.07315
CVE-2021-40473,0.00850,0.80433
CVE-2021-40474,0.00850,0.80433
CVE-2021-40475,0.00043,0.07315
CVE-2021-40476,0.00054,0.19383
CVE-2021-40477,0.00043,0.07315
CVE-2021-40478,0.00046,0.13758
CVE-2021-40479,0.00850,0.80433
CVE-2021-4048,0.00248,0.62822
CVE-2021-40480,0.00632,0.76889
CVE-2021-40481,0.00575,0.75661
CVE-2021-40482,0.01014,0.82162
CVE-2021-40483,0.00077,0.31634
CVE-2021-40484,0.00077,0.31634
CVE-2021-40485,0.00850,0.80433
CVE-2021-40486,0.00632,0.76889
CVE-2021-40487,0.07547,0.93518
CVE-2021-40488,0.00046,0.13758
CVE-2021-40489,0.00046,0.13758
CVE-2021-4049,0.00088,0.37038
CVE-2021-40490,0.00045,0.11966
CVE-2021-40491,0.00254,0.63309
CVE-2021-40492,0.00078,0.32669
CVE-2021-40493,0.01056,0.82540
CVE-2021-40494,0.00201,0.58090
CVE-2021-40495,0.00089,0.37672
CVE-2021-40496,0.00057,0.21398
CVE-2021-40497,0.00078,0.32206
CVE-2021-40498,0.00044,0.10161
CVE-2021-40499,0.00767,0.79336
CVE-2021-4050,0.00068,0.28323
CVE-2021-40500,0.00158,0.52341
CVE-2021-40501,0.00065,0.26756
CVE-2021-40502,0.00104,0.42231
CVE-2021-40503,0.00044,0.10161
CVE-2021-40504,0.00054,0.20290
CVE-2021-40506,0.00134,0.48641
CVE-2021-40507,0.00134,0.48641
CVE-2021-40509,0.00084,0.35115
CVE-2021-40510,0.00210,0.58966
CVE-2021-40511,0.00101,0.41058
CVE-2021-40516,0.00317,0.67420
CVE-2021-40517,0.00058,0.22585
CVE-2021-40518,0.00069,0.28650
CVE-2021-40519,0.00225,0.60887
CVE-2021-4052,0.00144,0.50283
CVE-2021-40520,0.00259,0.63767
CVE-2021-40521,0.01039,0.82403
CVE-2021-40523,0.00089,0.37607
CVE-2021-40524,0.00230,0.61292
CVE-2021-40525,0.00178,0.55125
CVE-2021-40526,0.00150,0.51182
CVE-2021-40527,0.00320,0.67599
CVE-2021-40528,0.00180,0.55330
CVE-2021-40529,0.00189,0.56491
CVE-2021-4053,0.00616,0.76579
CVE-2021-40530,0.00155,0.51823
CVE-2021-40531,0.00484,0.73481
CVE-2021-40532,0.00201,0.58090
CVE-2021-40537,0.00054,0.20290
CVE-2021-40539,0.97412,0.99923
CVE-2021-4054,0.00191,0.56828
CVE-2021-40540,0.01858,0.87118
CVE-2021-40541,0.00109,0.43895
CVE-2021-40542,0.00643,0.77113
CVE-2021-40543,0.00172,0.54442
CVE-2021-40546,0.00044,0.10862
CVE-2021-4055,0.00158,0.52261
CVE-2021-40553,0.00260,0.63836
CVE-2021-40555,0.00056,0.21038
CVE-2021-40556,0.00148,0.50796
CVE-2021-40559,0.00057,0.21445
CVE-2021-4056,0.00571,0.75577
CVE-2021-40562,0.00094,0.39312
CVE-2021-40563,0.00066,0.27303
CVE-2021-40564,0.00066,0.27303
CVE-2021-40565,0.00066,0.27303
CVE-2021-40566,0.00066,0.27303
CVE-2021-40567,0.00084,0.34965
CVE-2021-40568,0.00176,0.54786
CVE-2021-40569,0.00084,0.34965
CVE-2021-4057,0.02551,0.89155
CVE-2021-40570,0.00148,0.50735
CVE-2021-40571,0.00148,0.50735
CVE-2021-40572,0.00084,0.34965
CVE-2021-40573,0.00057,0.21445
CVE-2021-40574,0.00148,0.50735
CVE-2021-40575,0.00084,0.34965
CVE-2021-40576,0.00084,0.34965
CVE-2021-40577,0.00091,0.38085
CVE-2021-40578,0.00155,0.51768
CVE-2021-40579,0.00065,0.26756
CVE-2021-4058,0.00626,0.76778
CVE-2021-40589,0.00237,0.61897
CVE-2021-4059,0.00401,0.70982
CVE-2021-40592,0.00084,0.34965
CVE-2021-40595,0.00158,0.52225
CVE-2021-40596,0.00172,0.54442
CVE-2021-40597,0.00146,0.50555
CVE-2021-40604,0.00211,0.59043
CVE-2021-40606,0.00057,0.21445
CVE-2021-40607,0.00051,0.17017
CVE-2021-40608,0.00057,0.21445
CVE-2021-40609,0.00057,0.21445
CVE-2021-4061,0.00571,0.75577
CVE-2021-40610,0.00058,0.22585
CVE-2021-40612,0.00277,0.64965
CVE-2021-40616,0.00058,0.22585
CVE-2021-40617,0.00172,0.54442
CVE-2021-40618,0.00172,0.54442
CVE-2021-4062,0.00626,0.76778
CVE-2021-4063,0.00571,0.75577
CVE-2021-40633,0.00328,0.67999
CVE-2021-40635,0.00180,0.55264
CVE-2021-40636,0.00180,0.55264
CVE-2021-40637,0.00078,0.32739
CVE-2021-40639,0.00198,0.57750
CVE-2021-4064,0.00571,0.75577
CVE-2021-40642,0.00061,0.24174
CVE-2021-40643,0.00925,0.81282
CVE-2021-40644,0.00070,0.28854
CVE-2021-40645,0.00070,0.28854
CVE-2021-40647,0.00044,0.10345
CVE-2021-40648,0.00044,0.10345
CVE-2021-40649,0.00075,0.31117
CVE-2021-4065,0.00453,0.72625
CVE-2021-40650,0.00183,0.55705
CVE-2021-40651,0.00857,0.80508
CVE-2021-40654,0.00076,0.31357
CVE-2021-40655,0.00177,0.54912
CVE-2021-40656,0.00192,0.56914
CVE-2021-40658,0.00058,0.22585
CVE-2021-4066,0.00571,0.75577
CVE-2021-40660,0.00072,0.29919
CVE-2021-40661,0.01163,0.83446
CVE-2021-40662,0.00446,0.72385
CVE-2021-40663,0.00163,0.52968
CVE-2021-40668,0.00063,0.24902
CVE-2021-40669,0.00172,0.54442
CVE-2021-4067,0.00571,0.75577
CVE-2021-40670,0.00172,0.54442
CVE-2021-40674,0.00172,0.54442
CVE-2021-40678,0.00058,0.22585
CVE-2021-4068,0.00403,0.71064
CVE-2021-40680,0.00065,0.27063
CVE-2021-40683,0.00078,0.32081
CVE-2021-40684,0.00161,0.52726
CVE-2021-4069,0.00097,0.40094
CVE-2021-40690,0.00136,0.49014
CVE-2021-40691,0.00072,0.29847
CVE-2021-40692,0.00054,0.20290
CVE-2021-40693,0.00054,0.20290
CVE-2021-40694,0.00065,0.26756
CVE-2021-40695,0.00054,0.20290
CVE-2021-40697,0.00150,0.51228
CVE-2021-40698,0.00047,0.14051
CVE-2021-40699,0.00047,0.14051
CVE-2021-4070,0.00191,0.56679
CVE-2021-40700,0.00155,0.51767
CVE-2021-40701,0.00155,0.51767
CVE-2021-40702,0.00155,0.51767
CVE-2021-40703,0.00155,0.51767
CVE-2021-40708,0.00057,0.21406
CVE-2021-40709,0.00222,0.60561
CVE-2021-40710,0.00155,0.51767
CVE-2021-40711,0.00059,0.22829
CVE-2021-40712,0.00110,0.43983
CVE-2021-40713,0.00094,0.39480
CVE-2021-40714,0.00079,0.32800
CVE-2021-40715,0.00083,0.34330
CVE-2021-40716,0.00133,0.48424
CVE-2021-40719,0.01387,0.85004
CVE-2021-4072,0.00053,0.18833
CVE-2021-40720,0.01040,0.82404
CVE-2021-40721,0.00079,0.32800
CVE-2021-40722,0.00415,0.71465
CVE-2021-40723,0.00069,0.28750
CVE-2021-40724,0.00247,0.62739
CVE-2021-40725,0.01244,0.84090
CVE-2021-40726,0.01244,0.84090
CVE-2021-40727,0.00085,0.35332
CVE-2021-40728,0.00952,0.81559
CVE-2021-40729,0.00065,0.27090
CVE-2021-4073,0.00260,0.63860
CVE-2021-40730,0.00237,0.61847
CVE-2021-40731,0.00207,0.58659
CVE-2021-40732,0.00061,0.24234
CVE-2021-40733,0.00155,0.51767
CVE-2021-40734,0.00104,0.42343
CVE-2021-40735,0.00107,0.43166
CVE-2021-40736,0.00107,0.43166
CVE-2021-40737,0.00062,0.24304
CVE-2021-40738,0.00092,0.38744
CVE-2021-40739,0.00092,0.38744
CVE-2021-4074,0.00050,0.16378
CVE-2021-40740,0.00092,0.38744
CVE-2021-40741,0.00056,0.20821
CVE-2021-40742,0.00062,0.24304
CVE-2021-40745,0.00154,0.51740
CVE-2021-4075,0.00098,0.40432
CVE-2021-40750,0.00062,0.24304
CVE-2021-40751,0.00155,0.51767
CVE-2021-40752,0.00155,0.51767
CVE-2021-40753,0.00155,0.51767
CVE-2021-40754,0.00155,0.51767
CVE-2021-40755,0.00083,0.34330
CVE-2021-40756,0.00062,0.24304
CVE-2021-40757,0.00083,0.34330
CVE-2021-40758,0.00083,0.34330
CVE-2021-40759,0.00083,0.34330
CVE-2021-4076,0.00114,0.44926
CVE-2021-40760,0.00083,0.34330
CVE-2021-40761,0.00062,0.24304
CVE-2021-40762,0.00062,0.24304
CVE-2021-40763,0.00092,0.38744
CVE-2021-40764,0.00092,0.38744
CVE-2021-40765,0.00092,0.38744
CVE-2021-40766,0.00074,0.30552
CVE-2021-40767,0.00056,0.20821
CVE-2021-40768,0.00062,0.24304
CVE-2021-40769,0.00050,0.16692
CVE-2021-40770,0.00083,0.34330
CVE-2021-40771,0.00155,0.51767
CVE-2021-40772,0.00155,0.51767
CVE-2021-40773,0.00062,0.24304
CVE-2021-40774,0.00062,0.24304
CVE-2021-40775,0.00155,0.51767
CVE-2021-40776,0.00057,0.21406
CVE-2021-40777,0.00107,0.43166
CVE-2021-40778,0.00062,0.24304
CVE-2021-40779,0.00094,0.39429
CVE-2021-4078,0.00276,0.64937
CVE-2021-40780,0.00094,0.39429
CVE-2021-40781,0.00062,0.24304
CVE-2021-40782,0.00062,0.24304
CVE-2021-40783,0.00155,0.51767
CVE-2021-40784,0.00155,0.51767
CVE-2021-40785,0.00062,0.24304
CVE-2021-40786,0.00094,0.39429
CVE-2021-40787,0.00094,0.39429
CVE-2021-40788,0.00062,0.24304
CVE-2021-40789,0.00062,0.24304
CVE-2021-4079,0.00162,0.52830
CVE-2021-40790,0.00067,0.27749
CVE-2021-40791,0.00065,0.26850
CVE-2021-40792,0.00095,0.39565
CVE-2021-40793,0.00095,0.39565
CVE-2021-40794,0.00095,0.39565
CVE-2021-40795,0.00060,0.23549
CVE-2021-40796,0.00062,0.24304
CVE-2021-40797,0.00118,0.45661
CVE-2021-4080,0.00098,0.40432
CVE-2021-40809,0.00268,0.64406
CVE-2021-4081,0.00068,0.28323
CVE-2021-40812,0.00091,0.38427
CVE-2021-40813,0.00093,0.39058
CVE-2021-40814,0.00142,0.49961
CVE-2021-40818,0.00175,0.54705
CVE-2021-4082,0.00068,0.28323
CVE-2021-40822,0.68366,0.97699
CVE-2021-40823,0.00075,0.30875
CVE-2021-40824,0.00075,0.30875
CVE-2021-40825,0.00138,0.49292
CVE-2021-40826,0.00091,0.38561
CVE-2021-40827,0.00091,0.38561
CVE-2021-40828,0.00091,0.38438
CVE-2021-40829,0.00091,0.38438
CVE-2021-4083,0.00043,0.07634
CVE-2021-40830,0.00091,0.38438
CVE-2021-40831,0.00188,0.56365
CVE-2021-40832,0.00101,0.41058
CVE-2021-40833,0.00057,0.21336
CVE-2021-40834,0.00135,0.48669
CVE-2021-40835,0.00135,0.48669
CVE-2021-40836,0.00050,0.16871
CVE-2021-40837,0.00089,0.37672
CVE-2021-40839,0.00373,0.69938
CVE-2021-4084,0.00068,0.28323
CVE-2021-40840,0.00052,0.17729
CVE-2021-40841,0.00071,0.29249
CVE-2021-40842,0.00157,0.52076
CVE-2021-40843,0.00046,0.13785
CVE-2021-40845,0.10916,0.94621
CVE-2021-40846,0.00169,0.53836
CVE-2021-40847,0.00464,0.72887
CVE-2021-40848,0.00076,0.31271
CVE-2021-40849,0.00295,0.66143
CVE-2021-40850,0.00201,0.58090
CVE-2021-40851,0.00150,0.51158
CVE-2021-40852,0.00072,0.29847
CVE-2021-40853,0.00061,0.23818
CVE-2021-40854,0.00042,0.05722
CVE-2021-40855,0.00150,0.51053
CVE-2021-40856,0.19673,0.95888
CVE-2021-40857,0.01374,0.84933
CVE-2021-40858,0.01267,0.84249
CVE-2021-40859,0.02655,0.89371
CVE-2021-40860,0.00079,0.33085
CVE-2021-40861,0.00079,0.33085
CVE-2021-40862,0.00104,0.42231
CVE-2021-40864,0.00197,0.57590
CVE-2021-40865,0.01919,0.87384
CVE-2021-40866,0.00074,0.30513
CVE-2021-40867,0.00048,0.14460
CVE-2021-40868,0.00379,0.70212
CVE-2021-40870,0.83951,0.98228
CVE-2021-40871,0.00174,0.54640
CVE-2021-40872,0.00174,0.54640
CVE-2021-40873,0.00174,0.54640
CVE-2021-40874,0.00235,0.61735
CVE-2021-40875,0.25891,0.96304
CVE-2021-4088,0.00082,0.34056
CVE-2021-40881,0.00281,0.65237
CVE-2021-40882,0.00078,0.32739
CVE-2021-40883,0.00431,0.71917
CVE-2021-40884,0.00076,0.31357
CVE-2021-40886,0.00056,0.21102
CVE-2021-40887,0.00229,0.61127
CVE-2021-40888,0.00053,0.18833
CVE-2021-40889,0.00822,0.80082
CVE-2021-4089,0.00053,0.18833
CVE-2021-40892,0.00086,0.35887
CVE-2021-40893,0.00086,0.35887
CVE-2021-40894,0.00086,0.35887
CVE-2021-40895,0.00086,0.35887
CVE-2021-40896,0.00086,0.35887
CVE-2021-40897,0.00086,0.35887
CVE-2021-40898,0.00086,0.35887
CVE-2021-40899,0.00086,0.35887
CVE-2021-4090,0.00042,0.05722
CVE-2021-40900,0.00086,0.35887
CVE-2021-40901,0.00086,0.35887
CVE-2021-40902,0.00058,0.22585
CVE-2021-40903,0.02515,0.89094
CVE-2021-40904,0.00555,0.75246
CVE-2021-40905,0.00460,0.72790
CVE-2021-40906,0.00066,0.27496
CVE-2021-40907,0.00172,0.54442
CVE-2021-40908,0.01610,0.86134
CVE-2021-40909,0.00356,0.69246
CVE-2021-4091,0.00084,0.35151
CVE-2021-40910,0.00066,0.27260
CVE-2021-4092,0.00068,0.28323
CVE-2021-40921,0.00115,0.45204
CVE-2021-40922,0.00094,0.39447
CVE-2021-40923,0.00094,0.39447
CVE-2021-40924,0.00094,0.39447
CVE-2021-40925,0.00094,0.39447
CVE-2021-40926,0.00094,0.39447
CVE-2021-40927,0.00094,0.39447
CVE-2021-40928,0.00083,0.34302
CVE-2021-4093,0.00042,0.05722
CVE-2021-40940,0.00216,0.59663
CVE-2021-40941,0.00086,0.35887
CVE-2021-40942,0.00069,0.28512
CVE-2021-40943,0.00051,0.17017
CVE-2021-40944,0.00057,0.21445
CVE-2021-4095,0.00042,0.05722
CVE-2021-40954,0.00298,0.66351
CVE-2021-40955,0.00088,0.36822
CVE-2021-40956,0.00180,0.55264
CVE-2021-4096,0.00073,0.30411
CVE-2021-40960,0.00946,0.81502
CVE-2021-40961,0.00330,0.68109
CVE-2021-40964,0.00219,0.59911
CVE-2021-40965,0.00101,0.41190
CVE-2021-40966,0.00050,0.16378
CVE-2021-40968,0.00152,0.51415
CVE-2021-40969,0.00152,0.51415
CVE-2021-4097,0.00068,0.28323
CVE-2021-40970,0.00152,0.51415
CVE-2021-40971,0.00152,0.51415
CVE-2021-40972,0.00152,0.51415
CVE-2021-40973,0.00152,0.51415
CVE-2021-40975,0.00115,0.45204
CVE-2021-40978,0.03461,0.90610
CVE-2021-4098,0.00101,0.41123
CVE-2021-40981,0.00042,0.05722
CVE-2021-40985,0.00105,0.42685
CVE-2021-40986,0.00213,0.59289
CVE-2021-40987,0.00213,0.59289
CVE-2021-40988,0.00382,0.70313
CVE-2021-40989,0.00042,0.05722
CVE-2021-4099,0.04125,0.91344
CVE-2021-40990,0.00163,0.52947
CVE-2021-40991,0.00292,0.65948
CVE-2021-40992,0.00110,0.44091
CVE-2021-40993,0.00087,0.36452
CVE-2021-40994,0.00094,0.39333
CVE-2021-40995,0.00094,0.39333
CVE-2021-40996,0.00565,0.75457
CVE-2021-40997,0.00565,0.75457
CVE-2021-40998,0.00213,0.59289
CVE-2021-40999,0.00213,0.59289
CVE-2021-4100,0.00130,0.47829
CVE-2021-41000,0.00206,0.58645
CVE-2021-41001,0.00206,0.58645
CVE-2021-41002,0.00080,0.33454
CVE-2021-41003,0.00065,0.27077
CVE-2021-41004,0.00089,0.37607
CVE-2021-41005,0.00081,0.33872
CVE-2021-4101,0.00130,0.47829
CVE-2021-41011,0.00150,0.51158
CVE-2021-41013,0.00077,0.31886
CVE-2021-41014,0.00095,0.39739
CVE-2021-41015,0.00156,0.52033
CVE-2021-41016,0.00148,0.50865
CVE-2021-41017,0.00143,0.50021
CVE-2021-41018,0.00132,0.48252
CVE-2021-41019,0.00101,0.41236
CVE-2021-4102,0.05053,0.92158
CVE-2021-41020,0.00087,0.35903
CVE-2021-41021,0.00044,0.10161
CVE-2021-41022,0.00044,0.10161
CVE-2021-41023,0.00044,0.10161
CVE-2021-41024,0.00153,0.51592
CVE-2021-41025,0.00326,0.67846
CVE-2021-41026,0.00065,0.27063
CVE-2021-41027,0.00044,0.10161
CVE-2021-41028,0.00062,0.24373
CVE-2021-41029,0.00067,0.27662
CVE-2021-4103,0.00053,0.18833
CVE-2021-41030,0.00149,0.50977
CVE-2021-41031,0.00044,0.08212
CVE-2021-41032,0.00054,0.20290
CVE-2021-41033,0.00134,0.48582
CVE-2021-41034,0.00134,0.48582
CVE-2021-41035,0.00211,0.59070
CVE-2021-41036,0.00135,0.48692
CVE-2021-41037,0.00083,0.34591
CVE-2021-41038,0.00064,0.26397
CVE-2021-41039,0.00075,0.31044
CVE-2021-4104,0.15626,0.95434
CVE-2021-41040,0.00107,0.43167
CVE-2021-41041,0.00077,0.31975
CVE-2021-41042,0.00125,0.46896
CVE-2021-41043,0.00051,0.17017
CVE-2021-4105,0.00105,0.42673
CVE-2021-41054,0.00227,0.61003
CVE-2021-41055,0.00148,0.50788
CVE-2021-41057,0.00044,0.10161
CVE-2021-4106,0.00044,0.10161
CVE-2021-41061,0.00048,0.14460
CVE-2021-41063,0.00130,0.47776
CVE-2021-41065,0.00044,0.10161
CVE-2021-41066,0.00186,0.55920
CVE-2021-41067,0.00167,0.53447
CVE-2021-4107,0.00068,0.28323
CVE-2021-41072,0.00293,0.66034
CVE-2021-41073,0.00042,0.05722
CVE-2021-41075,0.00540,0.74927
CVE-2021-41077,0.00146,0.50557
CVE-2021-41078,0.00078,0.32081
CVE-2021-41079,0.00446,0.72390
CVE-2021-4108,0.00068,0.28323
CVE-2021-41080,0.02240,0.88460
CVE-2021-41081,0.02240,0.88460
CVE-2021-41082,0.00114,0.44926
CVE-2021-41083,0.00101,0.41190
CVE-2021-41084,0.00122,0.46380
CVE-2021-41086,0.00086,0.35722
CVE-2021-41087,0.00057,0.21317
CVE-2021-41088,0.00213,0.59400
CVE-2021-41089,0.00047,0.14180
CVE-2021-41090,0.00191,0.56687
CVE-2021-41091,0.00047,0.14180
CVE-2021-41092,0.00110,0.43922
CVE-2021-41093,0.00224,0.60778
CVE-2021-41094,0.00073,0.30215
CVE-2021-41095,0.00061,0.24174
CVE-2021-41096,0.00133,0.48411
CVE-2021-41097,0.00176,0.54790
CVE-2021-41098,0.00122,0.46414
CVE-2021-41099,0.00621,0.76667
CVE-2021-4110,0.00088,0.37038
CVE-2021-41100,0.00201,0.58090
CVE-2021-41101,0.00065,0.26756
CVE-2021-41103,0.00045,0.11966
CVE-2021-41104,0.00072,0.29685
CVE-2021-41105,0.00519,0.74382
CVE-2021-41106,0.00047,0.13943
CVE-2021-41109,0.00116,0.45320
CVE-2021-4111,0.00053,0.18451
CVE-2021-41110,0.00479,0.73338
CVE-2021-41111,0.00050,0.16378
CVE-2021-41112,0.00081,0.33872
CVE-2021-41113,0.00157,0.52162
CVE-2021-41114,0.00071,0.29242
CVE-2021-41115,0.00155,0.51756
CVE-2021-41116,0.00133,0.48461
CVE-2021-41117,0.00260,0.63840
CVE-2021-41118,0.00166,0.53268
CVE-2021-41119,0.00085,0.35352
CVE-2021-4112,0.00043,0.06775
CVE-2021-41120,0.00165,0.53181
CVE-2021-41121,0.00104,0.42274
CVE-2021-41122,0.00053,0.18671
CVE-2021-41123,0.00061,0.24174
CVE-2021-41124,0.00133,0.48411
CVE-2021-41125,0.00366,0.69697
CVE-2021-41126,0.00104,0.42231
CVE-2021-41127,0.00057,0.21452
CVE-2021-41128,0.00338,0.68474
CVE-2021-41129,0.00131,0.47991
CVE-2021-41130,0.00109,0.43759
CVE-2021-41131,0.00118,0.45712
CVE-2021-41132,0.00071,0.29242
CVE-2021-41133,0.00046,0.13778
CVE-2021-41134,0.00050,0.16378
CVE-2021-41135,0.00129,0.47585
CVE-2021-41136,0.00246,0.62641
CVE-2021-41137,0.00232,0.61411
CVE-2021-41138,0.00116,0.45353
CVE-2021-41139,0.00071,0.29203
CVE-2021-41140,0.00061,0.24174
CVE-2021-41141,0.00112,0.44383
CVE-2021-41142,0.00077,0.31667
CVE-2021-41143,0.00136,0.49000
CVE-2021-41144,0.00118,0.45832
CVE-2021-41145,0.00088,0.37038
CVE-2021-41146,0.00295,0.66139
CVE-2021-41147,0.00247,0.62749
CVE-2021-41148,0.00227,0.61037
CVE-2021-41149,0.00075,0.31114
CVE-2021-4115,0.00106,0.42854
CVE-2021-41150,0.00067,0.27669
CVE-2021-41151,0.00071,0.29249
CVE-2021-41152,0.00156,0.52056
CVE-2021-41153,0.00197,0.57590
CVE-2021-41154,0.00227,0.61037
CVE-2021-41155,0.00227,0.61037
CVE-2021-41156,0.00054,0.20290
CVE-2021-41157,0.00103,0.41619
CVE-2021-41158,0.00150,0.51178
CVE-2021-41159,0.00212,0.59097
CVE-2021-4116,0.00053,0.18833
CVE-2021-41160,0.00603,0.76292
CVE-2021-41161,0.00061,0.24174
CVE-2021-41162,0.00061,0.24174
CVE-2021-41163,0.01210,0.83828
CVE-2021-41164,0.00448,0.72442
CVE-2021-41165,0.00299,0.66380
CVE-2021-41166,0.00078,0.32630
CVE-2021-41167,0.00182,0.55614
CVE-2021-41168,0.00070,0.28951
CVE-2021-41169,0.00050,0.16378
CVE-2021-4117,0.00053,0.18451
CVE-2021-41170,0.00212,0.59097
CVE-2021-41171,0.01105,0.82986
CVE-2021-41172,0.00130,0.47821
CVE-2021-41173,0.00203,0.58335
CVE-2021-41174,0.96439,0.99485
CVE-2021-41175,0.00062,0.24442
CVE-2021-41176,0.00061,0.23885
CVE-2021-41177,0.00207,0.58657
CVE-2021-41178,0.00167,0.53404
CVE-2021-41179,0.00105,0.42427
CVE-2021-4118,0.00078,0.32241
CVE-2021-41180,0.00079,0.32893
CVE-2021-41181,0.00054,0.19626
CVE-2021-41182,0.00311,0.67073
CVE-2021-41183,0.00262,0.63958
CVE-2021-41184,0.00292,0.65999
CVE-2021-41185,0.00092,0.38870
CVE-2021-41186,0.00117,0.45567
CVE-2021-41187,0.00087,0.36089
CVE-2021-41188,0.00073,0.30267
CVE-2021-41189,0.00365,0.69626
CVE-2021-4119,0.00171,0.54137
CVE-2021-41190,0.00134,0.48513
CVE-2021-41191,0.00114,0.44926
CVE-2021-41192,0.00805,0.79891
CVE-2021-41193,0.00541,0.74940
CVE-2021-41194,0.00190,0.56639
CVE-2021-41195,0.00093,0.39134
CVE-2021-41196,0.00085,0.35218
CVE-2021-41197,0.00098,0.40434
CVE-2021-41198,0.00085,0.35218
CVE-2021-41199,0.00085,0.35218
CVE-2021-4120,0.00067,0.27620
CVE-2021-41200,0.00085,0.35218
CVE-2021-41201,0.00048,0.14460
CVE-2021-41202,0.00045,0.11966
CVE-2021-41203,0.00045,0.11966
CVE-2021-41204,0.00044,0.10161
CVE-2021-41205,0.00044,0.10161
CVE-2021-41206,0.00045,0.11966
CVE-2021-41207,0.00044,0.10161
CVE-2021-41208,0.00044,0.10161
CVE-2021-41209,0.00044,0.10161
CVE-2021-4121,0.00068,0.28323
CVE-2021-41210,0.00044,0.10161
CVE-2021-41211,0.00048,0.14460
CVE-2021-41212,0.00048,0.14460
CVE-2021-41213,0.00051,0.17453
CVE-2021-41214,0.00048,0.14460
CVE-2021-41215,0.00044,0.10445
CVE-2021-41216,0.00044,0.10161
CVE-2021-41217,0.00044,0.10445
CVE-2021-41218,0.00044,0.10161
CVE-2021-41219,0.00048,0.14460
CVE-2021-4122,0.00058,0.21990
CVE-2021-41220,0.00048,0.14460
CVE-2021-41221,0.00048,0.14460
CVE-2021-41222,0.00044,0.10445
CVE-2021-41223,0.00048,0.14460
CVE-2021-41224,0.00048,0.14460
CVE-2021-41225,0.00048,0.14460
CVE-2021-41226,0.00048,0.14460
CVE-2021-41227,0.00066,0.27310
CVE-2021-41228,0.00065,0.26776
CVE-2021-41229,0.00066,0.27495
CVE-2021-4123,0.00069,0.28703
CVE-2021-41230,0.00104,0.42274
CVE-2021-41231,0.00136,0.49000
CVE-2021-41232,0.00212,0.59097
CVE-2021-41233,0.00061,0.24174
CVE-2021-41236,0.00050,0.16481
CVE-2021-41238,0.00122,0.46414
CVE-2021-41239,0.00078,0.32630
CVE-2021-4124,0.00068,0.28323
CVE-2021-41241,0.00077,0.31667
CVE-2021-41242,0.00193,0.57219
CVE-2021-41243,0.00095,0.39619
CVE-2021-41244,0.00307,0.66845
CVE-2021-41245,0.00132,0.48182
CVE-2021-41246,0.00212,0.59097
CVE-2021-41247,0.00062,0.24806
CVE-2021-41248,0.00068,0.28355
CVE-2021-41249,0.00068,0.28355
CVE-2021-4125,0.00425,0.71755
CVE-2021-41250,0.00050,0.16378
CVE-2021-41251,0.00171,0.54140
CVE-2021-41252,0.00060,0.23686
CVE-2021-41253,0.00320,0.67572
CVE-2021-41254,0.00220,0.60169
CVE-2021-41256,0.00075,0.30771
CVE-2021-41258,0.00060,0.23686
CVE-2021-4126,0.00069,0.28630
CVE-2021-41260,0.00101,0.41190
CVE-2021-41261,0.00050,0.16378
CVE-2021-41262,0.00104,0.42274
CVE-2021-41263,0.00104,0.42274
CVE-2021-41264,0.00304,0.66651
CVE-2021-41265,0.00186,0.55916
CVE-2021-41266,0.05383,0.92407
CVE-2021-41267,0.00088,0.36848
CVE-2021-41268,0.00133,0.48358
CVE-2021-41269,0.03198,0.90238
CVE-2021-4127,0.00134,0.48514
CVE-2021-41270,0.00125,0.46955
CVE-2021-41271,0.00061,0.24174
CVE-2021-41272,0.00121,0.46286
CVE-2021-41273,0.00053,0.18302
CVE-2021-41274,0.00125,0.46935
CVE-2021-41275,0.00101,0.41190
CVE-2021-41276,0.00207,0.58687
CVE-2021-41277,0.05804,0.92667
CVE-2021-41278,0.00063,0.25077
CVE-2021-41279,0.00144,0.50285
CVE-2021-4128,0.00071,0.29215
CVE-2021-41280,0.00163,0.53005
CVE-2021-41281,0.00117,0.45514
CVE-2021-41282,0.97392,0.99909
CVE-2021-41285,0.00042,0.05722
CVE-2021-41286,0.00044,0.10161
CVE-2021-41288,0.00540,0.74927
CVE-2021-41289,0.00042,0.05722
CVE-2021-4129,0.00126,0.47122
CVE-2021-41290,0.00168,0.53811
CVE-2021-41291,0.04300,0.91501
CVE-2021-41292,0.00149,0.50977
CVE-2021-41293,0.04300,0.91501
CVE-2021-41294,0.00087,0.36449
CVE-2021-41295,0.00075,0.30903
CVE-2021-41296,0.00201,0.58090
CVE-2021-41297,0.00087,0.35903
CVE-2021-41298,0.00104,0.42231
CVE-2021-41299,0.00782,0.79543
CVE-2021-4130,0.00125,0.46935
CVE-2021-41300,0.00201,0.58090
CVE-2021-41301,0.00185,0.55818
CVE-2021-41302,0.00085,0.35329
CVE-2021-41303,0.33667,0.96683
CVE-2021-41304,0.00104,0.42018
CVE-2021-41305,0.00822,0.80082
CVE-2021-41306,0.00822,0.80082
CVE-2021-41307,0.00683,0.77972
CVE-2021-41308,0.00090,0.37751
CVE-2021-41309,0.00072,0.29847
CVE-2021-4131,0.00125,0.46935
CVE-2021-41310,0.00104,0.42018
CVE-2021-41311,0.00073,0.30380
CVE-2021-41312,0.00143,0.50131
CVE-2021-41313,0.00082,0.34183
CVE-2021-41314,0.00074,0.30513
CVE-2021-41315,0.00168,0.53628
CVE-2021-41316,0.00108,0.43497
CVE-2021-41317,0.00180,0.55245
CVE-2021-41318,0.00138,0.49288
CVE-2021-4132,0.00053,0.18833
CVE-2021-41320,0.00044,0.10161
CVE-2021-41322,0.00111,0.44202
CVE-2021-41323,0.00117,0.45560
CVE-2021-41324,0.00251,0.63114
CVE-2021-41325,0.00063,0.25033
CVE-2021-41326,0.00190,0.56639
CVE-2021-41329,0.00076,0.31357
CVE-2021-4133,0.00236,0.61791
CVE-2021-41330,0.00850,0.80433
CVE-2021-41331,0.00850,0.80433
CVE-2021-41332,0.03263,0.90342
CVE-2021-41333,0.00063,0.25382
CVE-2021-41334,0.00043,0.07315
CVE-2021-41335,0.00043,0.07315
CVE-2021-41336,0.00043,0.07315
CVE-2021-41337,0.00066,0.27264
CVE-2021-41338,0.00043,0.07315
CVE-2021-41339,0.00043,0.07315
CVE-2021-4134,0.00068,0.27931
CVE-2021-41340,0.00850,0.80433
CVE-2021-41342,0.00417,0.71523
CVE-2021-41343,0.00043,0.07315
CVE-2021-41344,0.07547,0.93518
CVE-2021-41345,0.00046,0.12643
CVE-2021-41346,0.00043,0.07315
CVE-2021-41347,0.00046,0.12643
CVE-2021-41348,0.00043,0.07315
CVE-2021-41349,0.84814,0.98271
CVE-2021-4135,0.00042,0.05722
CVE-2021-41350,0.00321,0.67645
CVE-2021-41351,0.00112,0.44600
CVE-2021-41352,0.00660,0.77497
CVE-2021-41353,0.00053,0.18650
CVE-2021-41354,0.00052,0.17554
CVE-2021-41355,0.00255,0.63463
CVE-2021-41356,0.00124,0.46718
CVE-2021-41357,0.00558,0.75291
CVE-2021-4136,0.00099,0.40702
CVE-2021-41360,0.00603,0.76296
CVE-2021-41361,0.00053,0.18650
CVE-2021-41363,0.00043,0.07315
CVE-2021-41365,0.01322,0.84600
CVE-2021-41366,0.00043,0.07315
CVE-2021-41367,0.00043,0.07315
CVE-2021-41368,0.00441,0.72275
CVE-2021-41370,0.00043,0.07315
CVE-2021-41371,0.00043,0.07315
CVE-2021-41372,0.00128,0.47553
CVE-2021-41373,0.00043,0.07315
CVE-2021-41374,0.00057,0.21279
CVE-2021-41375,0.00043,0.07315
CVE-2021-41376,0.00043,0.07315
CVE-2021-41377,0.00043,0.07315
CVE-2021-41378,0.00160,0.52679
CVE-2021-41379,0.02073,0.87930
CVE-2021-4138,0.00061,0.24174
CVE-2021-41380,0.00086,0.35739
CVE-2021-41381,0.10127,0.94423
CVE-2021-41382,0.02357,0.88743
CVE-2021-41383,0.00095,0.39728
CVE-2021-41385,0.00065,0.26756
CVE-2021-41387,0.00104,0.42231
CVE-2021-41388,0.00042,0.05722
CVE-2021-4139,0.00096,0.39810
CVE-2021-41390,0.00102,0.41403
CVE-2021-41391,0.00058,0.22585
CVE-2021-41392,0.00449,0.72487
CVE-2021-41393,0.00157,0.52163
CVE-2021-41394,0.00078,0.32630
CVE-2021-41395,0.00061,0.24174
CVE-2021-41396,0.00132,0.48172
CVE-2021-4140,0.00132,0.48244
CVE-2021-41402,0.00111,0.44135
CVE-2021-41403,0.00234,0.61568
CVE-2021-41408,0.00139,0.49388
CVE-2021-41411,0.00201,0.58090
CVE-2021-41413,0.00074,0.30513
CVE-2021-41415,0.00078,0.32739
CVE-2021-41418,0.00209,0.58900
CVE-2021-41419,0.02534,0.89129
CVE-2021-4142,0.00047,0.14180
CVE-2021-41420,0.00057,0.21542
CVE-2021-41421,0.00058,0.22585
CVE-2021-41426,0.00231,0.61356
CVE-2021-41427,0.00080,0.33350
CVE-2021-4143,0.00068,0.28323
CVE-2021-41432,0.00067,0.27857
CVE-2021-41433,0.00127,0.47231
CVE-2021-41434,0.00061,0.24185
CVE-2021-41435,0.01157,0.83399
CVE-2021-41436,0.00818,0.80031
CVE-2021-41437,0.00131,0.48025
CVE-2021-4144,0.00110,0.44082
CVE-2021-41441,0.00282,0.65311
CVE-2021-41442,0.00375,0.70007
CVE-2021-41445,0.00213,0.59285
CVE-2021-41449,0.00063,0.25684
CVE-2021-4145,0.00042,0.05722
CVE-2021-41450,0.00475,0.73203
CVE-2021-41451,0.00248,0.62817
CVE-2021-41456,0.00110,0.44074
CVE-2021-41457,0.00107,0.43059
CVE-2021-41458,0.00069,0.28512
CVE-2021-41459,0.00110,0.44074
CVE-2021-4146,0.00053,0.18671
CVE-2021-41460,0.00959,0.81636
CVE-2021-41461,0.00094,0.39447
CVE-2021-41462,0.00094,0.39447
CVE-2021-41463,0.00094,0.39447
CVE-2021-41464,0.00094,0.39447
CVE-2021-41465,0.00094,0.39447
CVE-2021-41467,0.00133,0.48430
CVE-2021-4147,0.00044,0.10161
CVE-2021-41471,0.00172,0.54442
CVE-2021-41472,0.00172,0.54442
CVE-2021-4148,0.00042,0.05722
CVE-2021-41487,0.00388,0.70516
CVE-2021-4149,0.00054,0.19151
CVE-2021-41490,0.00072,0.29919
CVE-2021-41492,0.00177,0.54866
CVE-2021-41495,0.00074,0.30525
CVE-2021-41496,0.00042,0.05722
CVE-2021-41497,0.00072,0.29919
CVE-2021-41498,0.00069,0.28582
CVE-2021-41499,0.00069,0.28582
CVE-2021-4150,0.00042,0.05722
CVE-2021-41500,0.00081,0.33923
CVE-2021-41502,0.00058,0.22585
CVE-2021-41503,0.00044,0.10161
CVE-2021-41504,0.00051,0.17462
CVE-2021-41506,0.00173,0.54482
CVE-2021-41511,0.01395,0.85048
CVE-2021-41524,0.00597,0.76142
CVE-2021-41525,0.00044,0.10161
CVE-2021-41526,0.00043,0.06775
CVE-2021-41530,0.00089,0.37607
CVE-2021-41531,0.00073,0.30380
CVE-2021-41532,0.00050,0.16811
CVE-2021-41533,0.00060,0.23538
CVE-2021-41534,0.00060,0.23538
CVE-2021-41535,0.00154,0.51629
CVE-2021-41536,0.00089,0.37619
CVE-2021-41537,0.00089,0.37619
CVE-2021-41538,0.00074,0.30571
CVE-2021-41539,0.00089,0.37619
CVE-2021-4154,0.00042,0.05722
CVE-2021-41540,0.00089,0.37619
CVE-2021-41541,0.00072,0.29847
CVE-2021-41542,0.00072,0.29847
CVE-2021-41543,0.00081,0.33907
CVE-2021-41544,0.00042,0.05722
CVE-2021-41545,0.00089,0.37607
CVE-2021-41546,0.00089,0.37607
CVE-2021-41547,0.00128,0.47453
CVE-2021-4155,0.00042,0.05722
CVE-2021-41550,0.00104,0.42231
CVE-2021-41551,0.00060,0.23722
CVE-2021-41552,0.00050,0.16889
CVE-2021-41553,0.00201,0.58090
CVE-2021-41554,0.00104,0.42231
CVE-2021-41555,0.00072,0.29847
CVE-2021-41556,0.00277,0.64941
CVE-2021-41557,0.00068,0.28346
CVE-2021-41558,0.00197,0.57609
CVE-2021-41559,0.00091,0.38643
CVE-2021-4156,0.00345,0.68740
CVE-2021-41560,0.01456,0.85368
CVE-2021-41561,0.00089,0.37189
CVE-2021-41562,0.00044,0.10161
CVE-2021-41563,0.00077,0.31886
CVE-2021-41564,0.00145,0.50360
CVE-2021-41565,0.00104,0.42018
CVE-2021-41566,0.10006,0.94372
CVE-2021-41567,0.00077,0.31886
CVE-2021-41568,0.00132,0.48173
CVE-2021-41569,0.00830,0.80183
CVE-2021-4157,0.00108,0.43468
CVE-2021-41570,0.00054,0.20290
CVE-2021-41571,0.00137,0.49100
CVE-2021-41573,0.00065,0.26756
CVE-2021-41578,0.00067,0.27863
CVE-2021-41579,0.00063,0.24927
CVE-2021-4158,0.00044,0.10467
CVE-2021-41580,0.00071,0.29203
CVE-2021-41581,0.00051,0.17017
CVE-2021-41583,0.00279,0.65118
CVE-2021-41584,0.00280,0.65165
CVE-2021-41585,0.00078,0.32654
CVE-2021-41586,0.00073,0.30380
CVE-2021-41587,0.00150,0.51158
CVE-2021-41588,0.00363,0.69559
CVE-2021-41589,0.00754,0.79117
CVE-2021-4159,0.00042,0.05722
CVE-2021-41590,0.00078,0.32206
CVE-2021-41591,0.00269,0.64456
CVE-2021-41592,0.00198,0.57751
CVE-2021-41593,0.00163,0.52983
CVE-2021-41594,0.00065,0.26756
CVE-2021-41595,0.00091,0.38465
CVE-2021-41596,0.00099,0.40782
CVE-2021-41597,0.00513,0.74231
CVE-2021-41598,0.00219,0.59935
CVE-2021-41599,0.00669,0.77687
CVE-2021-4160,0.00272,0.64645
CVE-2021-41608,0.00310,0.66991
CVE-2021-41609,0.00140,0.49544
CVE-2021-4161,0.00144,0.50266
CVE-2021-41611,0.00119,0.45980
CVE-2021-41612,0.00104,0.42299
CVE-2021-41613,0.00044,0.10862
CVE-2021-41614,0.00043,0.06775
CVE-2021-41615,0.00280,0.65161
CVE-2021-41616,0.31936,0.96612
CVE-2021-41617,0.00056,0.20808
CVE-2021-41619,0.00331,0.68188
CVE-2021-4162,0.00068,0.28323
CVE-2021-41634,0.00095,0.39559
CVE-2021-41635,0.00266,0.64299
CVE-2021-41636,0.00087,0.36460
CVE-2021-41637,0.00042,0.05722
CVE-2021-41638,0.00311,0.67050
CVE-2021-41639,0.00042,0.05722
CVE-2021-4164,0.00125,0.46935
CVE-2021-41641,0.00048,0.14460
CVE-2021-41643,0.01522,0.85713
CVE-2021-41644,0.01577,0.85981
CVE-2021-41645,0.01529,0.85745
CVE-2021-41646,0.04507,0.91680
CVE-2021-41647,0.00187,0.56170
CVE-2021-41648,0.06237,0.92919
CVE-2021-41649,0.05316,0.92352
CVE-2021-41651,0.00129,0.47746
CVE-2021-41652,0.00199,0.57869
CVE-2021-41653,0.95374,0.99224
CVE-2021-41654,0.00172,0.54442
CVE-2021-41657,0.00099,0.40721
CVE-2021-41658,0.00057,0.21542
CVE-2021-41659,0.00172,0.54442
CVE-2021-4166,0.00092,0.38679
CVE-2021-41660,0.00172,0.54442
CVE-2021-41661,0.00283,0.65421
CVE-2021-41662,0.00142,0.49893
CVE-2021-41663,0.00079,0.32923
CVE-2021-41672,0.00060,0.23252
CVE-2021-41674,0.00177,0.54917
CVE-2021-41675,0.01649,0.86289
CVE-2021-41676,0.00170,0.53970
CVE-2021-41677,0.00172,0.54442
CVE-2021-41678,0.00172,0.54442
CVE-2021-41679,0.00172,0.54442
CVE-2021-4168,0.00125,0.46935
CVE-2021-41682,0.00081,0.33577
CVE-2021-41683,0.00081,0.33577
CVE-2021-41687,0.00088,0.36960
CVE-2021-41688,0.00091,0.38427
CVE-2021-41689,0.00091,0.38427
CVE-2021-4169,0.00068,0.28323
CVE-2021-41690,0.00091,0.38427
CVE-2021-41694,0.00420,0.71593
CVE-2021-41695,0.00172,0.54442
CVE-2021-41696,0.00058,0.22585
CVE-2021-41697,0.00078,0.32739
CVE-2021-4170,0.00053,0.18833
CVE-2021-4171,0.00183,0.55643
CVE-2021-41714,0.00106,0.42737
CVE-2021-41715,0.00273,0.64696
CVE-2021-41716,0.00182,0.55534
CVE-2021-4172,0.00053,0.18833
CVE-2021-41728,0.00072,0.29847
CVE-2021-41729,0.00062,0.24467
CVE-2021-4173,0.00099,0.40702
CVE-2021-41731,0.00105,0.42448
CVE-2021-41732,0.00078,0.32649
CVE-2021-41733,0.00072,0.29847
CVE-2021-41736,0.00196,0.57563
CVE-2021-41738,0.00128,0.47479
CVE-2021-41739,0.00144,0.50250
CVE-2021-41744,0.00112,0.44380
CVE-2021-41745,0.00277,0.64965
CVE-2021-41746,0.00129,0.47746
CVE-2021-41747,0.00061,0.24174
CVE-2021-41749,0.46495,0.97138
CVE-2021-4175,0.00053,0.18833
CVE-2021-41750,0.00102,0.41484
CVE-2021-41751,0.00226,0.60930
CVE-2021-41752,0.00196,0.57563
CVE-2021-41753,0.00178,0.55117
CVE-2021-41754,0.00170,0.53970
CVE-2021-41755,0.00170,0.53970
CVE-2021-41756,0.00170,0.53970
CVE-2021-4176,0.00068,0.28323
CVE-2021-41764,0.00263,0.64018
CVE-2021-41765,0.04676,0.91838
CVE-2021-41766,0.00299,0.66393
CVE-2021-41767,0.00047,0.14159
CVE-2021-41769,0.00115,0.45174
CVE-2021-4177,0.00068,0.28323
CVE-2021-41770,0.00158,0.52341
CVE-2021-41771,0.00392,0.70722
CVE-2021-41772,0.00249,0.62946
CVE-2021-41773,0.97386,0.99905
CVE-2021-4178,0.00046,0.13792
CVE-2021-41780,0.00095,0.39691
CVE-2021-41781,0.00095,0.39691
CVE-2021-41782,0.00095,0.39691
CVE-2021-41783,0.00095,0.39691
CVE-2021-41784,0.00095,0.39691
CVE-2021-41785,0.00095,0.39691
CVE-2021-41788,0.00101,0.41106
CVE-2021-41789,0.00085,0.35398
CVE-2021-4179,0.00053,0.18833
CVE-2021-41790,0.00125,0.46859
CVE-2021-41791,0.00050,0.16378
CVE-2021-41792,0.00061,0.24174
CVE-2021-41794,0.00082,0.34141
CVE-2021-41795,0.00147,0.50632
CVE-2021-41798,0.00117,0.45633
CVE-2021-41799,0.00317,0.67428
CVE-2021-4180,0.00054,0.20290
CVE-2021-41800,0.00205,0.58477
CVE-2021-41801,0.00087,0.36023
CVE-2021-41802,0.00054,0.20290
CVE-2021-41803,0.00154,0.51733
CVE-2021-41805,0.00164,0.53116
CVE-2021-41807,0.00253,0.63221
CVE-2021-41808,0.00044,0.10161
CVE-2021-41809,0.00054,0.20290
CVE-2021-4181,0.00151,0.51348
CVE-2021-41810,0.00054,0.20290
CVE-2021-41816,0.00815,0.79994
CVE-2021-41817,0.00223,0.60706
CVE-2021-41819,0.00229,0.61127
CVE-2021-4182,0.00184,0.55740
CVE-2021-41821,0.00066,0.27316
CVE-2021-41823,0.00059,0.23048
CVE-2021-41824,0.00212,0.59097
CVE-2021-41825,0.00087,0.35933
CVE-2021-41826,0.93913,0.98981
CVE-2021-41827,0.01870,0.87159
CVE-2021-41828,0.01870,0.87159
CVE-2021-41829,0.01944,0.87473
CVE-2021-4183,0.00088,0.36685
CVE-2021-41830,0.00363,0.69546
CVE-2021-41831,0.00336,0.68374
CVE-2021-41832,0.00363,0.69546
CVE-2021-41833,0.00536,0.74828
CVE-2021-41834,0.00065,0.26756
CVE-2021-41835,0.00091,0.38641
CVE-2021-41836,0.00050,0.16378
CVE-2021-41837,0.00042,0.05722
CVE-2021-41838,0.00052,0.17661
CVE-2021-41839,0.00042,0.05722
CVE-2021-4184,0.00151,0.51348
CVE-2021-41840,0.00052,0.17661
CVE-2021-41841,0.00052,0.17661
CVE-2021-41842,0.00306,0.66754
CVE-2021-41843,0.00380,0.70239
CVE-2021-41844,0.00201,0.58090
CVE-2021-41845,0.00054,0.20290
CVE-2021-41847,0.00321,0.67627
CVE-2021-41848,0.00143,0.50049
CVE-2021-41849,0.00051,0.17148
CVE-2021-4185,0.00151,0.51348
CVE-2021-41850,0.00067,0.27620
CVE-2021-4186,0.00229,0.61205
CVE-2021-41861,0.00045,0.12069
CVE-2021-41862,0.00281,0.65237
CVE-2021-41864,0.00045,0.11966
CVE-2021-41865,0.00081,0.33872
CVE-2021-41866,0.00050,0.16791
CVE-2021-41867,0.00146,0.50469
CVE-2021-41868,0.00552,0.75199
CVE-2021-41869,0.00152,0.51482
CVE-2021-4187,0.00099,0.40702
CVE-2021-41870,0.00104,0.42231
CVE-2021-41871,0.00054,0.20290
CVE-2021-41872,0.00098,0.40467
CVE-2021-41873,0.00091,0.38389
CVE-2021-41874,0.00150,0.51158
CVE-2021-41878,0.00955,0.81602
CVE-2021-4188,0.00088,0.37038
CVE-2021-4189,0.00157,0.52198
CVE-2021-4190,0.00166,0.53258
CVE-2021-4191,0.37757,0.96851
CVE-2021-41916,0.00177,0.54888
CVE-2021-41917,0.00058,0.22585
CVE-2021-41918,0.00058,0.22585
CVE-2021-41919,0.00215,0.59531
CVE-2021-4192,0.00137,0.49208
CVE-2021-41920,0.00208,0.58746
CVE-2021-41921,0.00250,0.63021
CVE-2021-41924,0.00072,0.29847
CVE-2021-41928,0.00204,0.58382
CVE-2021-41929,0.00079,0.32902
CVE-2021-4193,0.00119,0.45899
CVE-2021-41930,0.00079,0.32902
CVE-2021-41931,0.00172,0.54442
CVE-2021-41932,0.00081,0.33729
CVE-2021-41938,0.00087,0.36582
CVE-2021-4194,0.00054,0.19309
CVE-2021-41942,0.00115,0.45168
CVE-2021-41943,0.00063,0.25287
CVE-2021-41945,0.00109,0.43849
CVE-2021-41946,0.00065,0.26855
CVE-2021-41947,0.00114,0.44946
CVE-2021-41948,0.00058,0.22585
CVE-2021-4195,0.00046,0.13740
CVE-2021-41950,0.00802,0.79854
CVE-2021-41951,0.77372,0.97965
CVE-2021-41952,0.00058,0.22585
CVE-2021-41959,0.00076,0.31414
CVE-2021-41962,0.00058,0.22585
CVE-2021-41965,0.00088,0.36822
CVE-2021-4197,0.00043,0.07634
CVE-2021-41971,0.00079,0.32857
CVE-2021-41972,0.00068,0.27984
CVE-2021-41973,0.00666,0.77622
CVE-2021-41974,0.00354,0.69170
CVE-2021-41975,0.00223,0.60630
CVE-2021-41976,0.00132,0.48173
CVE-2021-4198,0.00063,0.25013
CVE-2021-41987,0.00345,0.68746
CVE-2021-41988,0.00043,0.06775
CVE-2021-41989,0.00043,0.06775
CVE-2021-4199,0.00249,0.62877
CVE-2021-41990,0.02950,0.89866
CVE-2021-41991,0.06083,0.92812
CVE-2021-41992,0.00044,0.10161
CVE-2021-41993,0.00044,0.10161
CVE-2021-41994,0.00044,0.10161
CVE-2021-41995,0.00058,0.22697
CVE-2021-4200,0.00072,0.29893
CVE-2021-42000,0.00054,0.20290
CVE-2021-42001,0.00075,0.31105
CVE-2021-42002,0.00362,0.69500
CVE-2021-42006,0.00192,0.56914
CVE-2021-42008,0.00096,0.39796
CVE-2021-42009,0.00095,0.39748
CVE-2021-4201,0.00443,0.72318
CVE-2021-42010,0.00547,0.75077
CVE-2021-42011,0.00045,0.12491
CVE-2021-42012,0.00045,0.12491
CVE-2021-42013,0.97287,0.99841
CVE-2021-42015,0.00042,0.05722
CVE-2021-42016,0.00084,0.35140
CVE-2021-42017,0.00075,0.30794
CVE-2021-42018,0.00075,0.30965
CVE-2021-42019,0.00081,0.33872
CVE-2021-4202,0.00043,0.07658
CVE-2021-42020,0.00089,0.37607
CVE-2021-42021,0.00321,0.67622
CVE-2021-42022,0.00065,0.27063
CVE-2021-42023,0.00057,0.21513
CVE-2021-42024,0.00060,0.23250
CVE-2021-42025,0.00054,0.20290
CVE-2021-42026,0.00054,0.20290
CVE-2021-42027,0.00092,0.38677
CVE-2021-42028,0.00107,0.43053
CVE-2021-42029,0.00044,0.10161
CVE-2021-4203,0.00162,0.52926
CVE-2021-4204,0.00042,0.05722
CVE-2021-42040,0.00101,0.41058
CVE-2021-42041,0.00087,0.36436
CVE-2021-42042,0.00054,0.19275
CVE-2021-42043,0.00078,0.32669
CVE-2021-42044,0.00057,0.21542
CVE-2021-42045,0.00054,0.20290
CVE-2021-42046,0.00089,0.37463
CVE-2021-42047,0.00054,0.20290
CVE-2021-42048,0.00054,0.20290
CVE-2021-42049,0.00081,0.33872
CVE-2021-42050,0.00079,0.32923
CVE-2021-42051,0.00062,0.24442
CVE-2021-42052,0.00169,0.53864
CVE-2021-42053,0.00097,0.40126
CVE-2021-42054,0.00072,0.29919
CVE-2021-42055,0.00062,0.24373
CVE-2021-42056,0.00045,0.11981
CVE-2021-42057,0.00137,0.49075
CVE-2021-42059,0.00062,0.24442
CVE-2021-4206,0.00054,0.19389
CVE-2021-42060,0.00052,0.17661
CVE-2021-42061,0.00054,0.20290
CVE-2021-42062,0.00054,0.20290
CVE-2021-42063,0.00418,0.71553
CVE-2021-42064,0.00221,0.60385
CVE-2021-42066,0.00065,0.26756
CVE-2021-42067,0.00054,0.20290
CVE-2021-42068,0.00057,0.21336
CVE-2021-42069,0.00057,0.21524
CVE-2021-4207,0.00071,0.29449
CVE-2021-42070,0.00057,0.21336
CVE-2021-42071,0.95674,0.99294
CVE-2021-42072,0.00124,0.46791
CVE-2021-42073,0.00127,0.47257
CVE-2021-42074,0.00086,0.35680
CVE-2021-42075,0.00191,0.56746
CVE-2021-42076,0.00107,0.43062
CVE-2021-42077,0.00588,0.75983
CVE-2021-42078,0.00069,0.28663
CVE-2021-42079,0.00058,0.21568
CVE-2021-4208,0.00088,0.36822
CVE-2021-42080,0.00052,0.17638
CVE-2021-42081,0.00069,0.28712
CVE-2021-42082,0.00042,0.05722
CVE-2021-42083,0.00058,0.21568
CVE-2021-42084,0.00081,0.33872
CVE-2021-42085,0.00054,0.20290
CVE-2021-42086,0.00104,0.42231
CVE-2021-42087,0.00065,0.26756
CVE-2021-42088,0.00072,0.29847
CVE-2021-42089,0.00150,0.51158
CVE-2021-4209,0.00147,0.50668
CVE-2021-42090,0.00889,0.80876
CVE-2021-42091,0.00152,0.51511
CVE-2021-42092,0.00054,0.20290
CVE-2021-42093,0.00105,0.42644
CVE-2021-42094,0.00109,0.43887
CVE-2021-42095,0.00089,0.37607
CVE-2021-42096,0.00350,0.68982
CVE-2021-42097,0.00263,0.64068
CVE-2021-42098,0.00104,0.42231
CVE-2021-42099,0.00527,0.74579
CVE-2021-4210,0.00042,0.05722
CVE-2021-42101,0.00045,0.12491
CVE-2021-42102,0.00045,0.12491
CVE-2021-42103,0.00045,0.12491
CVE-2021-42104,0.00045,0.12491
CVE-2021-42105,0.00045,0.12491
CVE-2021-42106,0.00045,0.12491
CVE-2021-42107,0.00045,0.12491
CVE-2021-42108,0.00045,0.12491
CVE-2021-42109,0.00259,0.63767
CVE-2021-4211,0.00042,0.05722
CVE-2021-42110,0.00068,0.28059
CVE-2021-42111,0.00044,0.10161
CVE-2021-42112,0.00079,0.32923
CVE-2021-42113,0.00052,0.17661
CVE-2021-42114,0.00106,0.42899
CVE-2021-42115,0.00229,0.61201
CVE-2021-42116,0.00082,0.34183
CVE-2021-42117,0.00065,0.26956
CVE-2021-42118,0.00066,0.27429
CVE-2021-42119,0.00054,0.20290
CVE-2021-4212,0.00042,0.05722
CVE-2021-42120,0.00138,0.49341
CVE-2021-42121,0.00102,0.41525
CVE-2021-42122,0.00082,0.34183
CVE-2021-42123,0.00199,0.57918
CVE-2021-42124,0.00113,0.44768
CVE-2021-42125,0.01977,0.87587
CVE-2021-42126,0.00137,0.49191
CVE-2021-42127,0.03729,0.90937
CVE-2021-42128,0.01977,0.87586
CVE-2021-42129,0.04755,0.91905
CVE-2021-4213,0.00252,0.63179
CVE-2021-42130,0.01332,0.84654
CVE-2021-42131,0.01861,0.87125
CVE-2021-42132,0.04755,0.91905
CVE-2021-42133,0.00109,0.43617
CVE-2021-42134,0.00061,0.24174
CVE-2021-42135,0.00065,0.26756
CVE-2021-42136,0.22052,0.96060
CVE-2021-42137,0.00072,0.29847
CVE-2021-42138,0.00094,0.39405
CVE-2021-42139,0.00382,0.70309
CVE-2021-4214,0.00051,0.17036
CVE-2021-42141,0.00117,0.45611
CVE-2021-42142,0.00148,0.50813
CVE-2021-42143,0.00133,0.48301
CVE-2021-42144,0.00088,0.37068
CVE-2021-42145,0.00046,0.13740
CVE-2021-42146,0.00103,0.41798
CVE-2021-42147,0.00133,0.48301
CVE-2021-4216,0.00043,0.06775
CVE-2021-42165,0.02045,0.87836
CVE-2021-42168,0.00078,0.32739
CVE-2021-42169,0.00875,0.80709
CVE-2021-4217,0.00054,0.19153
CVE-2021-42171,0.01370,0.84911
CVE-2021-4218,0.00042,0.05722
CVE-2021-42183,0.00142,0.49980
CVE-2021-42185,0.00170,0.53970
CVE-2021-4219,0.00050,0.16871
CVE-2021-42192,0.03284,0.90370
CVE-2021-42194,0.00087,0.36582
CVE-2021-42195,0.00085,0.35300
CVE-2021-42196,0.00051,0.17017
CVE-2021-42197,0.00085,0.35300
CVE-2021-42198,0.00051,0.17017
CVE-2021-42199,0.00085,0.35300
CVE-2021-42200,0.00051,0.17017
CVE-2021-42201,0.00085,0.35300
CVE-2021-42202,0.00051,0.17017
CVE-2021-42203,0.00085,0.35300
CVE-2021-42204,0.00085,0.35300
CVE-2021-42205,0.00042,0.05722
CVE-2021-4221,0.00075,0.31076
CVE-2021-42216,0.00240,0.62115
CVE-2021-42218,0.00072,0.29919
CVE-2021-42219,0.00086,0.35887
CVE-2021-4222,0.00084,0.34980
CVE-2021-42220,0.00077,0.31638
CVE-2021-42223,0.00123,0.46686
CVE-2021-42224,0.00798,0.79811
CVE-2021-42227,0.00078,0.32739
CVE-2021-42228,0.00106,0.42853
CVE-2021-42230,0.01722,0.86564
CVE-2021-42232,0.00263,0.64058
CVE-2021-42233,0.00060,0.23743
CVE-2021-42235,0.00142,0.49961
CVE-2021-42237,0.97503,0.99979
CVE-2021-42242,0.00269,0.64484
CVE-2021-42244,0.00078,0.32739
CVE-2021-42245,0.00078,0.32739
CVE-2021-42248,0.00072,0.29919
CVE-2021-4225,0.00114,0.44946
CVE-2021-42250,0.00079,0.32933
CVE-2021-42252,0.00042,0.05722
CVE-2021-42254,0.00044,0.10161
CVE-2021-42255,0.00042,0.05722
CVE-2021-42257,0.00098,0.40434
CVE-2021-42258,0.97149,0.99762
CVE-2021-4226,0.00229,0.61192
CVE-2021-42260,0.00129,0.47572
CVE-2021-42261,0.00240,0.62132
CVE-2021-42262,0.00081,0.33872
CVE-2021-42263,0.00062,0.24304
CVE-2021-42264,0.00062,0.24304
CVE-2021-42265,0.00065,0.26850
CVE-2021-42266,0.00094,0.39429
CVE-2021-42267,0.00094,0.39429
CVE-2021-42268,0.00062,0.24304
CVE-2021-42269,0.01581,0.86002
CVE-2021-4227,0.00046,0.13740
CVE-2021-42270,0.00134,0.48486
CVE-2021-42271,0.00134,0.48486
CVE-2021-42272,0.00134,0.48486
CVE-2021-42274,0.00043,0.07315
CVE-2021-42275,0.01422,0.85178
CVE-2021-42276,0.00378,0.70163
CVE-2021-42277,0.00043,0.07666
CVE-2021-42278,0.59906,0.97489
CVE-2021-42279,0.00813,0.79969
CVE-2021-4228,0.00074,0.30465
CVE-2021-42280,0.00043,0.07666
CVE-2021-42282,0.00150,0.51206
CVE-2021-42283,0.00043,0.07315
CVE-2021-42284,0.00043,0.07315
CVE-2021-42285,0.00043,0.07315
CVE-2021-42286,0.00043,0.07315
CVE-2021-42287,0.90761,0.98625
CVE-2021-42288,0.00055,0.20642
CVE-2021-4229,0.00484,0.73489
CVE-2021-42291,0.00150,0.51206
CVE-2021-42292,0.02047,0.87843
CVE-2021-42293,0.00143,0.50120
CVE-2021-42294,0.01082,0.82810
CVE-2021-42295,0.00118,0.45785
CVE-2021-42296,0.00247,0.62741
CVE-2021-42297,0.00042,0.00438
CVE-2021-42298,0.00205,0.58514
CVE-2021-42299,0.00043,0.07315
CVE-2021-4230,0.00122,0.46390
CVE-2021-42300,0.00043,0.07315
CVE-2021-42301,0.00089,0.37473
CVE-2021-42302,0.00061,0.24108
CVE-2021-42303,0.00061,0.24108
CVE-2021-42304,0.00061,0.24108
CVE-2021-42305,0.00109,0.43748
CVE-2021-42306,0.00379,0.70214
CVE-2021-42307,0.00063,0.25174
CVE-2021-42308,0.00103,0.41731
CVE-2021-42309,0.03108,0.90108
CVE-2021-4231,0.00077,0.31667
CVE-2021-42310,0.01735,0.86611
CVE-2021-42311,0.03339,0.90443
CVE-2021-42312,0.00043,0.07315
CVE-2021-42313,0.03742,0.90949
CVE-2021-42314,0.01082,0.82810
CVE-2021-42315,0.01082,0.82810
CVE-2021-42316,0.01422,0.85178
CVE-2021-42319,0.00043,0.07315
CVE-2021-4232,0.00072,0.29847
CVE-2021-42320,0.00066,0.27161
CVE-2021-42321,0.91312,0.98683
CVE-2021-42322,0.00043,0.07315
CVE-2021-42323,0.00089,0.37473
CVE-2021-42324,0.00064,0.26283
CVE-2021-42325,0.00705,0.78318
CVE-2021-42326,0.00177,0.54922
CVE-2021-42327,0.00042,0.05722
CVE-2021-42329,0.00066,0.27429
CVE-2021-42330,0.00381,0.70261
CVE-2021-42331,0.00079,0.33104
CVE-2021-42332,0.00087,0.35996
CVE-2021-42333,0.00110,0.44091
CVE-2021-42334,0.00110,0.44091
CVE-2021-42335,0.00066,0.27429
CVE-2021-42336,0.00087,0.35996
CVE-2021-42337,0.00087,0.35996
CVE-2021-42338,0.00285,0.65518
CVE-2021-4234,0.00089,0.37607
CVE-2021-42340,0.01875,0.87194
CVE-2021-42341,0.00726,0.78698
CVE-2021-42342,0.04018,0.91225
CVE-2021-42343,0.01661,0.86325
CVE-2021-4235,0.00051,0.16918
CVE-2021-42357,0.00195,0.57451
CVE-2021-42358,0.00101,0.41190
CVE-2021-42359,0.00112,0.44450
CVE-2021-4236,0.00157,0.52119
CVE-2021-42360,0.00058,0.22585
CVE-2021-42361,0.00050,0.16378
CVE-2021-42362,0.96361,0.99463
CVE-2021-42363,0.00079,0.32893
CVE-2021-42364,0.00101,0.41190
CVE-2021-42365,0.00050,0.16378
CVE-2021-42367,0.00050,0.16378
CVE-2021-42369,0.00157,0.52195
CVE-2021-42370,0.00128,0.47384
CVE-2021-42371,0.00262,0.64006
CVE-2021-42372,0.00630,0.76866
CVE-2021-42373,0.00045,0.11966
CVE-2021-42374,0.00102,0.41541
CVE-2021-42375,0.00045,0.11966
CVE-2021-42376,0.00045,0.11966
CVE-2021-42377,0.01330,0.84639
CVE-2021-42378,0.00236,0.61810
CVE-2021-42379,0.00236,0.61810
CVE-2021-4238,0.00154,0.51705
CVE-2021-42380,0.00236,0.61810
CVE-2021-42381,0.00236,0.61810
CVE-2021-42382,0.00236,0.61810
CVE-2021-42383,0.00236,0.61810
CVE-2021-42384,0.00236,0.61810
CVE-2021-42385,0.00236,0.61810
CVE-2021-42386,0.00236,0.61810
CVE-2021-42387,0.00094,0.39302
CVE-2021-42388,0.00094,0.39302
CVE-2021-42389,0.00079,0.32837
CVE-2021-4239,0.00069,0.28630
CVE-2021-42390,0.00079,0.32837
CVE-2021-42391,0.00079,0.32837
CVE-2021-42392,0.46489,0.97137
CVE-2021-4240,0.00070,0.28860
CVE-2021-4241,0.00070,0.28860
CVE-2021-4242,0.00180,0.55311
CVE-2021-4244,0.00080,0.33283
CVE-2021-4245,0.00134,0.48520
CVE-2021-4246,0.00152,0.51438
CVE-2021-4247,0.00085,0.35210
CVE-2021-4248,0.00152,0.51361
CVE-2021-4249,0.00126,0.47162
CVE-2021-4250,0.00127,0.47357
CVE-2021-4251,0.00054,0.19178
CVE-2021-4252,0.00063,0.25093
CVE-2021-42521,0.00090,0.37889
CVE-2021-42522,0.00135,0.48776
CVE-2021-42523,0.00166,0.53302
CVE-2021-42524,0.00134,0.48486
CVE-2021-42525,0.00148,0.50794
CVE-2021-42526,0.00094,0.39429
CVE-2021-42527,0.00094,0.39429
CVE-2021-42528,0.00069,0.28680
CVE-2021-42529,0.73275,0.97847
CVE-2021-4253,0.00054,0.19178
CVE-2021-42530,0.73275,0.97847
CVE-2021-42531,0.73275,0.97847
CVE-2021-42532,0.04555,0.91712
CVE-2021-42533,0.00102,0.41390
CVE-2021-42534,0.00093,0.39063
CVE-2021-42535,0.00090,0.37755
CVE-2021-42536,0.00066,0.27492
CVE-2021-42537,0.00139,0.49498
CVE-2021-42538,0.00105,0.42527
CVE-2021-42539,0.00104,0.42231
CVE-2021-4254,0.00054,0.19178
CVE-2021-42540,0.00063,0.25710
CVE-2021-42542,0.00096,0.39921
CVE-2021-42543,0.00070,0.28975
CVE-2021-42544,0.00362,0.69520
CVE-2021-42545,0.00229,0.61201
CVE-2021-42546,0.00077,0.31886
CVE-2021-42547,0.00077,0.31886
CVE-2021-42548,0.00077,0.31886
CVE-2021-42549,0.00077,0.31886
CVE-2021-4255,0.00054,0.19178
CVE-2021-42550,0.01555,0.85866
CVE-2021-42551,0.00124,0.46772
CVE-2021-42552,0.00078,0.32739
CVE-2021-42553,0.00292,0.65972
CVE-2021-42554,0.00042,0.05722
CVE-2021-42555,0.00186,0.55986
CVE-2021-42556,0.00055,0.20406
CVE-2021-42557,0.00205,0.58542
CVE-2021-42558,0.00092,0.38942
CVE-2021-42559,0.00070,0.28946
CVE-2021-4256,0.00054,0.19178
CVE-2021-42560,0.00086,0.35789
CVE-2021-42561,0.00074,0.30514
CVE-2021-42562,0.00061,0.24115
CVE-2021-42563,0.00042,0.05722
CVE-2021-42564,0.00077,0.32066
CVE-2021-42565,0.00102,0.41275
CVE-2021-42566,0.00102,0.41275
CVE-2021-42567,0.25981,0.96307
CVE-2021-42568,0.00079,0.33118
CVE-2021-4257,0.00054,0.19178
CVE-2021-42574,0.00250,0.63010
CVE-2021-42575,0.00581,0.75812
CVE-2021-42576,0.00282,0.65306
CVE-2021-42577,0.00099,0.40643
CVE-2021-4258,0.00249,0.62910
CVE-2021-42580,0.03015,0.89952
CVE-2021-42581,0.00089,0.37664
CVE-2021-42583,0.00133,0.48411
CVE-2021-42584,0.00063,0.24955
CVE-2021-42585,0.00192,0.56914
CVE-2021-42586,0.00192,0.56914
CVE-2021-4259,0.00350,0.68979
CVE-2021-42597,0.00048,0.14636
CVE-2021-4260,0.00054,0.19178
CVE-2021-4261,0.00148,0.50887
CVE-2021-42612,0.00065,0.26962
CVE-2021-42613,0.00065,0.26962
CVE-2021-42614,0.00065,0.26962
CVE-2021-4262,0.00148,0.50887
CVE-2021-42624,0.00042,0.05722
CVE-2021-42627,0.11151,0.94678
CVE-2021-4263,0.00063,0.25193
CVE-2021-42631,0.06291,0.92945
CVE-2021-42633,0.00184,0.55750
CVE-2021-42635,0.04668,0.91831
CVE-2021-42637,0.01167,0.83488
CVE-2021-42638,0.06291,0.92945
CVE-2021-42639,0.00188,0.56430
CVE-2021-4264,0.00243,0.62364
CVE-2021-42640,0.00428,0.71832
CVE-2021-42641,0.00374,0.69966
CVE-2021-42642,0.00374,0.69966
CVE-2021-42643,0.00083,0.34358
CVE-2021-42644,0.00076,0.31357
CVE-2021-42645,0.00206,0.58621
CVE-2021-42646,0.02123,0.88079
CVE-2021-42648,0.00113,0.44655
CVE-2021-4265,0.00079,0.33077
CVE-2021-42650,0.00061,0.24174
CVE-2021-42651,0.00205,0.58515
CVE-2021-42654,0.00263,0.64057
CVE-2021-42655,0.00133,0.48435
CVE-2021-42656,0.00062,0.24442
CVE-2021-42659,0.00051,0.17167
CVE-2021-4266,0.00184,0.55725
CVE-2021-42662,0.00171,0.54236
CVE-2021-42663,0.00116,0.45264
CVE-2021-42664,0.00171,0.54236
CVE-2021-42665,0.01001,0.82056
CVE-2021-42666,0.03454,0.90601
CVE-2021-42667,0.04318,0.91518
CVE-2021-42668,0.01245,0.84093
CVE-2021-42669,0.00369,0.69810
CVE-2021-4267,0.00063,0.25093
CVE-2021-42670,0.01373,0.84930
CVE-2021-42671,0.00222,0.60404
CVE-2021-42675,0.01540,0.85797
CVE-2021-4268,0.00255,0.63489
CVE-2021-42681,0.00042,0.05722
CVE-2021-42682,0.00043,0.07409
CVE-2021-42683,0.00042,0.05722
CVE-2021-42685,0.00043,0.07409
CVE-2021-42686,0.00043,0.07409
CVE-2021-42687,0.00042,0.05722
CVE-2021-42688,0.00043,0.07409
CVE-2021-4269,0.00063,0.25093
CVE-2021-42692,0.00098,0.40477
CVE-2021-42694,0.00299,0.66371
CVE-2021-42697,0.02120,0.88071
CVE-2021-42698,0.00058,0.21972
CVE-2021-42699,0.00144,0.50266
CVE-2021-4270,0.00054,0.19178
CVE-2021-42700,0.00046,0.12650
CVE-2021-42701,0.00054,0.19658
CVE-2021-42702,0.00046,0.12650
CVE-2021-42703,0.00153,0.51529
CVE-2021-42704,0.00065,0.27136
CVE-2021-42705,0.00367,0.69698
CVE-2021-42706,0.00044,0.08189
CVE-2021-42707,0.00077,0.31641
CVE-2021-4271,0.00054,0.19178
CVE-2021-42711,0.00044,0.10161
CVE-2021-42712,0.00044,0.10161
CVE-2021-42713,0.00044,0.10161
CVE-2021-42714,0.00048,0.14460
CVE-2021-42715,0.00113,0.44732
CVE-2021-42716,0.00179,0.55217
CVE-2021-42717,0.00153,0.51578
CVE-2021-42719,0.00108,0.43339
CVE-2021-4272,0.00054,0.19178
CVE-2021-42720,0.00108,0.43339
CVE-2021-42721,0.01581,0.86002
CVE-2021-42722,0.00108,0.43339
CVE-2021-42723,0.00158,0.52231
CVE-2021-42724,0.00095,0.39565
CVE-2021-42725,0.00083,0.34330
CVE-2021-42726,0.00094,0.39429
CVE-2021-42727,0.11199,0.94692
CVE-2021-42728,0.00161,0.52687
CVE-2021-42729,0.00095,0.39565
CVE-2021-4273,0.00063,0.25093
CVE-2021-42730,0.00095,0.39565
CVE-2021-42731,0.00181,0.55399
CVE-2021-42732,0.00087,0.35980
CVE-2021-42733,0.00062,0.24304
CVE-2021-42734,0.00101,0.41167
CVE-2021-42735,0.00146,0.50573
CVE-2021-42737,0.00083,0.34330
CVE-2021-42738,0.00083,0.34330
CVE-2021-42739,0.00043,0.07608
CVE-2021-4274,0.00063,0.25093
CVE-2021-42740,0.00160,0.52557
CVE-2021-42743,0.00042,0.05722
CVE-2021-42744,0.00044,0.08189
CVE-2021-42748,0.00087,0.35933
CVE-2021-42749,0.00081,0.33763
CVE-2021-4275,0.00085,0.35527
CVE-2021-42750,0.00085,0.35285
CVE-2021-42751,0.00085,0.35285
CVE-2021-42752,0.00067,0.27662
CVE-2021-42753,0.00080,0.33454
CVE-2021-42754,0.00044,0.10161
CVE-2021-42755,0.00049,0.15038
CVE-2021-42756,0.00121,0.46238
CVE-2021-42757,0.00042,0.05722
CVE-2021-42758,0.00184,0.55786
CVE-2021-42759,0.00044,0.10504
CVE-2021-4276,0.00145,0.50420
CVE-2021-42760,0.00087,0.36089
CVE-2021-42761,0.00162,0.52861
CVE-2021-42762,0.00052,0.17781
CVE-2021-42763,0.00158,0.52341
CVE-2021-42764,0.00091,0.38389
CVE-2021-42765,0.00089,0.37607
CVE-2021-42766,0.00091,0.38389
CVE-2021-42767,0.00234,0.61516
CVE-2021-4277,0.00054,0.19178
CVE-2021-42770,0.00079,0.32923
CVE-2021-42771,0.00089,0.37191
CVE-2021-42772,0.00297,0.66267
CVE-2021-42773,0.00158,0.52341
CVE-2021-42774,0.00401,0.70999
CVE-2021-42775,0.00112,0.44451
CVE-2021-42776,0.00065,0.26756
CVE-2021-42777,0.00229,0.61192
CVE-2021-42778,0.00103,0.41657
CVE-2021-42779,0.00126,0.47203
CVE-2021-4278,0.00042,0.05722
CVE-2021-42780,0.00126,0.47203
CVE-2021-42781,0.00211,0.59072
CVE-2021-42782,0.00207,0.58696
CVE-2021-42783,0.00189,0.56488
CVE-2021-42784,0.00308,0.66893
CVE-2021-42785,0.00393,0.70738
CVE-2021-42786,0.00435,0.72074
CVE-2021-42787,0.00176,0.54853
CVE-2021-4279,0.00279,0.65113
CVE-2021-42791,0.00104,0.41983
CVE-2021-42794,0.00060,0.23704
CVE-2021-42796,0.00091,0.38380
CVE-2021-42797,0.00096,0.39850
CVE-2021-4280,0.00088,0.36931
CVE-2021-42808,0.00042,0.05722
CVE-2021-42809,0.00065,0.26849
CVE-2021-4281,0.00292,0.65977
CVE-2021-42810,0.00044,0.10161
CVE-2021-42811,0.00061,0.23772
CVE-2021-4282,0.00111,0.44130
CVE-2021-4283,0.00109,0.43782
CVE-2021-42833,0.00042,0.00438
CVE-2021-42835,0.00114,0.44977
CVE-2021-42836,0.00242,0.62305
CVE-2021-42837,0.00221,0.60385
CVE-2021-42838,0.00077,0.31886
CVE-2021-42839,0.07851,0.93634
CVE-2021-4284,0.00094,0.39376
CVE-2021-42840,0.07327,0.93445
CVE-2021-42841,0.00113,0.44606
CVE-2021-42847,0.11285,0.94715
CVE-2021-42848,0.00065,0.26852
CVE-2021-42849,0.00062,0.24373
CVE-2021-4285,0.00080,0.33283
CVE-2021-42850,0.00044,0.10161
CVE-2021-42851,0.00065,0.26852
CVE-2021-42852,0.00044,0.10504
CVE-2021-42853,0.00176,0.54853
CVE-2021-42854,0.00176,0.54853
CVE-2021-42855,0.00044,0.10161
CVE-2021-42856,0.00072,0.29847
CVE-2021-42857,0.00083,0.34406
CVE-2021-42859,0.00072,0.29919
CVE-2021-4286,0.00102,0.41325
CVE-2021-42860,0.00072,0.29919
CVE-2021-42863,0.00152,0.51381
CVE-2021-42866,0.00058,0.22585
CVE-2021-42867,0.00053,0.18833
CVE-2021-42868,0.00058,0.22585
CVE-2021-42869,0.00053,0.18833
CVE-2021-4287,0.00105,0.42454
CVE-2021-42870,0.00072,0.29919
CVE-2021-42872,0.01634,0.86237
CVE-2021-42875,0.00716,0.78537
CVE-2021-42877,0.00139,0.49412
CVE-2021-4288,0.00080,0.33283
CVE-2021-42884,0.00283,0.65369
CVE-2021-42885,0.00283,0.65369
CVE-2021-42886,0.00189,0.56477
CVE-2021-42887,0.07357,0.93454
CVE-2021-42888,0.00283,0.65369
CVE-2021-42889,0.00189,0.56477
CVE-2021-4289,0.00094,0.39376
CVE-2021-42890,0.00283,0.65369
CVE-2021-42891,0.00189,0.56477
CVE-2021-42892,0.00058,0.21938
CVE-2021-42893,0.00189,0.56477
CVE-2021-42897,0.00293,0.66058
CVE-2021-4290,0.00148,0.50887
CVE-2021-4291,0.00080,0.33283
CVE-2021-42911,0.00755,0.79128
CVE-2021-42912,0.00860,0.80530
CVE-2021-42913,0.00145,0.50303
CVE-2021-42917,0.00118,0.45695
CVE-2021-4292,0.00080,0.33283
CVE-2021-42923,0.00043,0.06775
CVE-2021-4293,0.00073,0.30010
CVE-2021-4294,0.00110,0.44016
CVE-2021-42940,0.00104,0.42382
CVE-2021-42943,0.00072,0.29718
CVE-2021-42945,0.00157,0.52076
CVE-2021-42946,0.00058,0.22585
CVE-2021-42948,0.00079,0.33077
CVE-2021-42949,0.00209,0.58856
CVE-2021-4295,0.00155,0.51826
CVE-2021-42950,0.00384,0.70384
CVE-2021-42951,0.00384,0.70384
CVE-2021-42952,0.00341,0.68596
CVE-2021-42954,0.00042,0.05722
CVE-2021-42955,0.00048,0.14460
CVE-2021-42956,0.00084,0.34974
CVE-2021-4296,0.00073,0.30010
CVE-2021-42967,0.00237,0.61897
CVE-2021-42969,0.00284,0.65466
CVE-2021-4297,0.00155,0.51826
CVE-2021-42970,0.00078,0.32739
CVE-2021-42972,0.00042,0.05722
CVE-2021-42973,0.00043,0.07409
CVE-2021-42976,0.00042,0.05722
CVE-2021-42977,0.00043,0.07409
CVE-2021-42979,0.00043,0.07409
CVE-2021-4298,0.00118,0.45809
CVE-2021-42980,0.00042,0.05722
CVE-2021-42983,0.00042,0.05722
CVE-2021-42986,0.00043,0.07409
CVE-2021-42987,0.00043,0.07409
CVE-2021-42988,0.00042,0.05722
CVE-2021-4299,0.00098,0.40481
CVE-2021-42990,0.00042,0.05722
CVE-2021-42993,0.00043,0.07409
CVE-2021-42994,0.00042,0.05722
CVE-2021-42996,0.00043,0.07409
CVE-2021-4300,0.00105,0.42534
CVE-2021-43000,0.00042,0.05722
CVE-2021-43002,0.00042,0.05722
CVE-2021-43003,0.00043,0.07409
CVE-2021-43006,0.00043,0.07409
CVE-2021-43008,0.00142,0.49962
CVE-2021-43009,0.00151,0.51293
CVE-2021-4301,0.00661,0.77501
CVE-2021-43010,0.00124,0.46718
CVE-2021-43011,0.00083,0.34330
CVE-2021-43012,0.00083,0.34330
CVE-2021-43013,0.00094,0.39429
CVE-2021-43015,0.00094,0.39429
CVE-2021-43016,0.00062,0.24304
CVE-2021-43017,0.00057,0.21406
CVE-2021-43018,0.02782,0.89608
CVE-2021-43019,0.00096,0.40050
CVE-2021-4302,0.00074,0.30688
CVE-2021-43021,0.00097,0.40272
CVE-2021-43022,0.00097,0.40272
CVE-2021-43023,0.00182,0.55551
CVE-2021-43024,0.00097,0.40272
CVE-2021-43025,0.00097,0.40272
CVE-2021-43026,0.00097,0.40272
CVE-2021-43027,0.00060,0.23549
CVE-2021-43028,0.00097,0.40272
CVE-2021-43029,0.00097,0.40272
CVE-2021-4303,0.00067,0.27812
CVE-2021-43030,0.00060,0.23651
CVE-2021-43032,0.00058,0.22585
CVE-2021-43033,0.02970,0.89896
CVE-2021-43034,0.00042,0.05722
CVE-2021-43035,0.01477,0.85451
CVE-2021-43036,0.00290,0.65873
CVE-2021-43037,0.00108,0.43439
CVE-2021-43038,0.00605,0.76318
CVE-2021-43039,0.00080,0.33350
CVE-2021-4304,0.00092,0.38747
CVE-2021-43040,0.00300,0.66416
CVE-2021-43041,0.00143,0.50118
CVE-2021-43042,0.01252,0.84133
CVE-2021-43043,0.00130,0.47785
CVE-2021-43044,0.00244,0.62395
CVE-2021-43045,0.00126,0.47145
CVE-2021-43046,0.00221,0.60385
CVE-2021-43047,0.00104,0.42231
CVE-2021-43048,0.00221,0.60385
CVE-2021-43049,0.00221,0.60385
CVE-2021-4305,0.00089,0.37446
CVE-2021-43050,0.00042,0.05722
CVE-2021-43051,0.00104,0.42231
CVE-2021-43052,0.00148,0.50904
CVE-2021-43053,0.00158,0.52341
CVE-2021-43054,0.00104,0.42231
CVE-2021-43055,0.00104,0.42231
CVE-2021-43056,0.00045,0.11966
CVE-2021-43057,0.00042,0.05722
CVE-2021-43058,0.00072,0.29847
CVE-2021-4306,0.00098,0.40481
CVE-2021-43062,0.00709,0.78391
CVE-2021-43063,0.00156,0.52033
CVE-2021-43064,0.00072,0.29847
CVE-2021-43065,0.00048,0.14460
CVE-2021-43066,0.00044,0.10161
CVE-2021-43067,0.00248,0.62814
CVE-2021-43068,0.00065,0.26756
CVE-2021-4307,0.00950,0.81530
CVE-2021-43070,0.00065,0.27063
CVE-2021-43071,0.00096,0.39884
CVE-2021-43072,0.00043,0.06775
CVE-2021-43073,0.00132,0.48252
CVE-2021-43074,0.00048,0.14685
CVE-2021-43075,0.00132,0.48252
CVE-2021-43076,0.00076,0.31282
CVE-2021-43077,0.00087,0.36089
CVE-2021-4308,0.00118,0.45809
CVE-2021-43080,0.00053,0.18436
CVE-2021-43081,0.00089,0.37667
CVE-2021-43082,0.00254,0.63288
CVE-2021-43083,0.00111,0.44251
CVE-2021-43084,0.00172,0.54442
CVE-2021-43086,0.00247,0.62719
CVE-2021-4309,0.00058,0.22708
CVE-2021-43090,0.00203,0.58322
CVE-2021-43091,0.00129,0.47746
CVE-2021-43094,0.00188,0.56341
CVE-2021-43097,0.00111,0.44135
CVE-2021-43098,0.00104,0.42382
CVE-2021-43099,0.00061,0.23805
CVE-2021-4310,0.00058,0.22708
CVE-2021-43100,0.00125,0.46970
CVE-2021-43101,0.00125,0.46970
CVE-2021-43102,0.00125,0.46970
CVE-2021-43103,0.00125,0.46970
CVE-2021-43105,0.00054,0.20290
CVE-2021-43106,0.00095,0.39559
CVE-2021-43109,0.00180,0.55264
CVE-2021-4311,0.00130,0.47840
CVE-2021-43110,0.00283,0.65421
CVE-2021-43113,0.00138,0.49279
CVE-2021-43114,0.00323,0.67722
CVE-2021-43116,0.02837,0.89704
CVE-2021-43117,0.00250,0.63021
CVE-2021-43118,0.00345,0.68738
CVE-2021-4312,0.00058,0.22708
CVE-2021-43129,0.00100,0.40897
CVE-2021-4313,0.00121,0.46269
CVE-2021-43130,0.00645,0.77146
CVE-2021-43136,0.12957,0.95027
CVE-2021-43137,0.00095,0.39638
CVE-2021-43138,0.00132,0.48096
CVE-2021-4314,0.00063,0.25287
CVE-2021-43140,0.00798,0.79811
CVE-2021-43141,0.00348,0.68864
CVE-2021-43142,0.00283,0.65421
CVE-2021-43145,0.00065,0.26756
CVE-2021-4315,0.00068,0.27941
CVE-2021-43154,0.00072,0.29847
CVE-2021-43155,0.00172,0.54442
CVE-2021-43156,0.00097,0.40193
CVE-2021-43157,0.00158,0.52225
CVE-2021-43158,0.00107,0.43234
CVE-2021-43159,0.00182,0.55595
CVE-2021-4316,0.00088,0.37052
CVE-2021-43160,0.00182,0.55595
CVE-2021-43161,0.00182,0.55595
CVE-2021-43162,0.00182,0.55595
CVE-2021-43163,0.00299,0.66368
CVE-2021-43164,0.02060,0.87881
CVE-2021-4317,0.00084,0.34800
CVE-2021-43171,0.00046,0.12619
CVE-2021-43172,0.00089,0.37607
CVE-2021-43173,0.00102,0.41526
CVE-2021-43174,0.00082,0.33952
CVE-2021-43175,0.00205,0.58568
CVE-2021-43176,0.00083,0.34482
CVE-2021-43177,0.00065,0.26756
CVE-2021-4318,0.00084,0.34829
CVE-2021-43180,0.00150,0.51158
CVE-2021-43181,0.00072,0.29847
CVE-2021-43182,0.00089,0.37607
CVE-2021-43183,0.00197,0.57609
CVE-2021-43184,0.00054,0.20290
CVE-2021-43185,0.00201,0.58090
CVE-2021-43186,0.00054,0.20290
CVE-2021-43187,0.00072,0.29847
CVE-2021-43188,0.00079,0.33173
CVE-2021-43189,0.00079,0.33173
CVE-2021-4319,0.00084,0.34800
CVE-2021-43190,0.00072,0.29847
CVE-2021-43191,0.00072,0.29847
CVE-2021-43192,0.00072,0.29847
CVE-2021-43193,0.00537,0.74839
CVE-2021-43194,0.00072,0.29847
CVE-2021-43195,0.00072,0.29847
CVE-2021-43196,0.00150,0.51158
CVE-2021-43197,0.00072,0.29847
CVE-2021-43198,0.00054,0.20290
CVE-2021-43199,0.00072,0.29847
CVE-2021-4320,0.00084,0.34800
CVE-2021-43200,0.00201,0.58090
CVE-2021-43201,0.00072,0.29847
CVE-2021-43202,0.00201,0.58090
CVE-2021-43203,0.00073,0.30380
CVE-2021-43204,0.00044,0.10161
CVE-2021-43205,0.00077,0.31886
CVE-2021-43206,0.00072,0.29847
CVE-2021-43207,0.00043,0.07315
CVE-2021-43208,0.00313,0.67189
CVE-2021-43209,0.00564,0.75448
CVE-2021-4321,0.00086,0.35673
CVE-2021-43211,0.00043,0.07494
CVE-2021-43214,0.01394,0.85043
CVE-2021-43215,0.01934,0.87440
CVE-2021-43216,0.02386,0.88815
CVE-2021-43217,0.01735,0.86611
CVE-2021-43219,0.00182,0.55546
CVE-2021-4322,0.00073,0.30276
CVE-2021-43220,0.00103,0.41731
CVE-2021-43221,0.00264,0.64158
CVE-2021-43222,0.00600,0.76211
CVE-2021-43223,0.00043,0.07315
CVE-2021-43224,0.00043,0.07693
CVE-2021-43225,0.01735,0.86611
CVE-2021-43226,0.00043,0.07315
CVE-2021-43227,0.00043,0.07315
CVE-2021-43228,0.00182,0.55546
CVE-2021-43229,0.00043,0.07315
CVE-2021-4323,0.00056,0.20806
CVE-2021-43230,0.00043,0.07315
CVE-2021-43231,0.00043,0.07315
CVE-2021-43232,0.00603,0.76296
CVE-2021-43233,0.00478,0.73282
CVE-2021-43234,0.00603,0.76296
CVE-2021-43235,0.00043,0.07315
CVE-2021-43236,0.00600,0.76211
CVE-2021-43237,0.00042,0.00438
CVE-2021-43238,0.00063,0.25382
CVE-2021-43239,0.00043,0.07315
CVE-2021-4324,0.00092,0.38746
CVE-2021-43240,0.00043,0.07315
CVE-2021-43242,0.00066,0.27161
CVE-2021-43243,0.00043,0.07315
CVE-2021-43244,0.00043,0.07315
CVE-2021-43245,0.00043,0.07315
CVE-2021-43246,0.00043,0.07315
CVE-2021-43247,0.00063,0.25382
CVE-2021-43248,0.00043,0.07315
CVE-2021-4325,0.00060,0.23296
CVE-2021-43255,0.00175,0.54704
CVE-2021-43256,0.00603,0.76296
CVE-2021-43257,0.09326,0.94166
CVE-2021-43258,0.06476,0.93052
CVE-2021-4326,0.00043,0.06775
CVE-2021-43264,0.00046,0.12635
CVE-2021-43265,0.00058,0.22585
CVE-2021-43266,0.00164,0.53041
CVE-2021-43267,0.04416,0.91600
CVE-2021-43268,0.00079,0.33173
CVE-2021-43269,0.00112,0.44406
CVE-2021-4327,0.00070,0.28993
CVE-2021-43270,0.00095,0.39657
CVE-2021-43271,0.00104,0.42231
CVE-2021-43272,0.09957,0.94358
CVE-2021-43273,0.00166,0.53284
CVE-2021-43274,0.00083,0.34610
CVE-2021-43275,0.00144,0.50245
CVE-2021-43276,0.00065,0.27105
CVE-2021-43277,0.00065,0.27105
CVE-2021-43278,0.00065,0.27105
CVE-2021-43279,0.00065,0.26972
CVE-2021-4328,0.00071,0.29162
CVE-2021-43280,0.00217,0.59758
CVE-2021-43281,0.00183,0.55628
CVE-2021-43282,0.00102,0.41389
CVE-2021-43283,0.00759,0.79211
CVE-2021-43284,0.00057,0.21265
CVE-2021-43286,0.00204,0.58365
CVE-2021-43287,0.66155,0.97642
CVE-2021-43288,0.00062,0.24442
CVE-2021-43289,0.00112,0.44491
CVE-2021-4329,0.00058,0.22714
CVE-2021-43290,0.00234,0.61576
CVE-2021-43293,0.00120,0.46144
CVE-2021-43294,0.00119,0.45867
CVE-2021-43295,0.00119,0.45867
CVE-2021-43296,0.00207,0.58691
CVE-2021-43297,0.01142,0.83277
CVE-2021-43298,0.00304,0.66638
CVE-2021-43299,0.00395,0.70795
CVE-2021-4330,0.00192,0.57000
CVE-2021-43300,0.00395,0.70795
CVE-2021-43301,0.00395,0.70795
CVE-2021-43302,0.00273,0.64722
CVE-2021-43303,0.00294,0.66070
CVE-2021-43304,0.00089,0.37204
CVE-2021-43305,0.00089,0.37204
CVE-2021-43306,0.00086,0.35887
CVE-2021-43307,0.00086,0.35887
CVE-2021-43308,0.00086,0.35887
CVE-2021-43309,0.00075,0.31036
CVE-2021-4331,0.00050,0.16785
CVE-2021-43310,0.00467,0.72979
CVE-2021-43311,0.00046,0.13740
CVE-2021-43312,0.00046,0.13740
CVE-2021-43313,0.00046,0.13740
CVE-2021-43314,0.00046,0.13740
CVE-2021-43315,0.00046,0.13740
CVE-2021-43316,0.00046,0.13740
CVE-2021-43317,0.00046,0.13740
CVE-2021-43319,0.04692,0.91852
CVE-2021-4332,0.00049,0.14986
CVE-2021-43323,0.00054,0.19411
CVE-2021-43324,0.00072,0.29847
CVE-2021-43325,0.00044,0.10161
CVE-2021-43326,0.00123,0.46617
CVE-2021-43327,0.00079,0.33127
CVE-2021-43329,0.00511,0.74197
CVE-2021-4333,0.00232,0.61403
CVE-2021-43331,0.00196,0.57568
CVE-2021-43332,0.00108,0.43484
CVE-2021-43333,0.00059,0.22845
CVE-2021-43334,0.00058,0.22585
CVE-2021-43336,0.00070,0.29097
CVE-2021-43337,0.00141,0.49757
CVE-2021-43339,0.02070,0.87918
CVE-2021-4334,0.00050,0.16285
CVE-2021-4335,0.00044,0.10862
CVE-2021-43350,0.00302,0.66552
CVE-2021-43353,0.00101,0.41190
CVE-2021-43355,0.00189,0.56498
CVE-2021-43358,0.00237,0.61863
CVE-2021-43359,0.00201,0.57996
CVE-2021-4336,0.00058,0.22658
CVE-2021-43360,0.00255,0.63458
CVE-2021-43361,0.00120,0.46156
CVE-2021-43362,0.00120,0.46156
CVE-2021-4337,0.00064,0.26366
CVE-2021-4338,0.00053,0.18471
CVE-2021-43388,0.00150,0.51158
CVE-2021-43389,0.00075,0.30850
CVE-2021-4339,0.00063,0.25712
CVE-2021-43390,0.00077,0.31679
CVE-2021-43391,0.00130,0.47888
CVE-2021-43392,0.00064,0.26289
CVE-2021-43393,0.00055,0.20607
CVE-2021-43394,0.00201,0.58090
CVE-2021-43395,0.00044,0.10168
CVE-2021-43396,0.00288,0.65700
CVE-2021-43397,0.00491,0.73649
CVE-2021-43398,0.00122,0.46414
CVE-2021-43399,0.00132,0.48172
CVE-2021-4340,0.00108,0.43368
CVE-2021-43400,0.00234,0.61578
CVE-2021-43403,0.00065,0.26756
CVE-2021-43404,0.00134,0.48542
CVE-2021-43405,0.02718,0.89497
CVE-2021-43406,0.00134,0.48542
CVE-2021-43408,0.00089,0.37681
CVE-2021-43409,0.00087,0.35933
CVE-2021-4341,0.00222,0.60583
CVE-2021-43410,0.00219,0.59924
CVE-2021-43411,0.00329,0.68046
CVE-2021-43412,0.00042,0.05722
CVE-2021-43413,0.00366,0.69686
CVE-2021-43414,0.00042,0.05722
CVE-2021-43415,0.00104,0.42231
CVE-2021-43419,0.00084,0.34921
CVE-2021-43420,0.00172,0.54442
CVE-2021-43421,0.06629,0.93142
CVE-2021-43429,0.00088,0.37038
CVE-2021-4343,0.00107,0.43135
CVE-2021-43430,0.00077,0.31658
CVE-2021-43432,0.00097,0.40113
CVE-2021-43436,0.00054,0.20290
CVE-2021-43437,0.00221,0.60385
CVE-2021-43438,0.00066,0.27429
CVE-2021-43439,0.00364,0.69562
CVE-2021-4344,0.00045,0.11801
CVE-2021-43440,0.00149,0.50944
CVE-2021-43441,0.00125,0.46958
CVE-2021-43442,0.00115,0.45157
CVE-2021-43444,0.00098,0.40338
CVE-2021-43445,0.00120,0.46188
CVE-2021-43446,0.00072,0.29491
CVE-2021-43447,0.00076,0.31170
CVE-2021-43448,0.00071,0.29144
CVE-2021-43449,0.00100,0.40802
CVE-2021-4345,0.00063,0.25104
CVE-2021-43451,0.00718,0.78594
CVE-2021-43453,0.00196,0.57563
CVE-2021-43454,0.00134,0.48530
CVE-2021-43455,0.00134,0.48530
CVE-2021-43456,0.00113,0.44765
CVE-2021-43457,0.00054,0.19231
CVE-2021-43458,0.00113,0.44765
CVE-2021-43459,0.00091,0.38085
CVE-2021-4346,0.00069,0.28536
CVE-2021-43460,0.00134,0.48530
CVE-2021-43461,0.00091,0.38085
CVE-2021-43462,0.00091,0.38085
CVE-2021-43463,0.00134,0.48530
CVE-2021-43464,0.00105,0.42468
CVE-2021-43466,0.04766,0.91925
CVE-2021-43469,0.00114,0.44972
CVE-2021-4347,0.00046,0.12619
CVE-2021-43471,0.00086,0.35887
CVE-2021-43474,0.00226,0.60919
CVE-2021-43478,0.00070,0.28971
CVE-2021-43479,0.00594,0.76098
CVE-2021-4348,0.00094,0.39402
CVE-2021-43481,0.00409,0.71262
CVE-2021-43483,0.00042,0.05722
CVE-2021-43484,0.01638,0.86246
CVE-2021-4349,0.00065,0.27145
CVE-2021-43492,0.00248,0.62866
CVE-2021-43493,0.00222,0.60613
CVE-2021-43494,0.00248,0.62866
CVE-2021-43495,0.03503,0.90657
CVE-2021-43496,0.03503,0.90657
CVE-2021-43498,0.00583,0.75857
CVE-2021-4350,0.00069,0.28451
CVE-2021-43505,0.00058,0.22585
CVE-2021-43506,0.00172,0.54442
CVE-2021-43509,0.00212,0.59203
CVE-2021-4351,0.00069,0.28451
CVE-2021-43510,0.03977,0.91186
CVE-2021-43512,0.00047,0.13943
CVE-2021-43515,0.00062,0.24373
CVE-2021-43517,0.00283,0.65421
CVE-2021-43518,0.00155,0.51773
CVE-2021-43519,0.00081,0.33497
CVE-2021-4352,0.00090,0.37702
CVE-2021-43521,0.00119,0.45966
CVE-2021-43522,0.00044,0.10161
CVE-2021-43523,0.01190,0.83673
CVE-2021-43527,0.00537,0.74853
CVE-2021-43528,0.00118,0.45656
CVE-2021-43529,0.00061,0.24239
CVE-2021-4353,0.00072,0.29470
CVE-2021-43530,0.00078,0.32206
CVE-2021-43531,0.00078,0.32206
CVE-2021-43532,0.00078,0.32206
CVE-2021-43533,0.00075,0.31051
CVE-2021-43534,0.00268,0.64397
CVE-2021-43535,0.00254,0.63291
CVE-2021-43536,0.00477,0.73262
CVE-2021-43537,0.00402,0.71026
CVE-2021-43538,0.00116,0.45400
CVE-2021-43539,0.00406,0.71161
CVE-2021-4354,0.00278,0.65057
CVE-2021-43540,0.00091,0.38109
CVE-2021-43541,0.00239,0.62065
CVE-2021-43542,0.00389,0.70600
CVE-2021-43543,0.00264,0.64089
CVE-2021-43544,0.00078,0.32206
CVE-2021-43545,0.00276,0.64908
CVE-2021-43546,0.00116,0.45400
CVE-2021-43547,0.00097,0.40115
CVE-2021-43548,0.00049,0.15820
CVE-2021-43549,0.00061,0.23871
CVE-2021-4355,0.00050,0.16812
CVE-2021-43550,0.00058,0.22616
CVE-2021-43551,0.00061,0.23871
CVE-2021-43552,0.00044,0.08189
CVE-2021-43553,0.00054,0.20290
CVE-2021-43554,0.00096,0.39803
CVE-2021-43555,0.67203,0.97666
CVE-2021-43556,0.00270,0.64544
CVE-2021-43557,0.00201,0.58112
CVE-2021-43558,0.00078,0.32206
CVE-2021-43559,0.00073,0.30411
CVE-2021-4356,0.00107,0.43135
CVE-2021-43560,0.00078,0.32206
CVE-2021-43561,0.00054,0.20290
CVE-2021-43562,0.00300,0.66436
CVE-2021-43563,0.00087,0.35903
CVE-2021-43564,0.00150,0.51158
CVE-2021-43565,0.00074,0.30462
CVE-2021-43566,0.00094,0.39375
CVE-2021-43568,0.00234,0.61593
CVE-2021-43569,0.00234,0.61593
CVE-2021-4357,0.00064,0.26445
CVE-2021-43570,0.00234,0.61593
CVE-2021-43571,0.00234,0.61593
CVE-2021-43572,0.00273,0.64736
CVE-2021-43573,0.00226,0.60930
CVE-2021-43574,0.00198,0.57724
CVE-2021-43575,0.00057,0.21265
CVE-2021-43576,0.00280,0.65179
CVE-2021-43577,0.00065,0.26756
CVE-2021-43578,0.00081,0.33768
CVE-2021-43579,0.00119,0.45843
CVE-2021-4358,0.00062,0.24836
CVE-2021-43581,0.00284,0.65438
CVE-2021-43582,0.00082,0.33930
CVE-2021-43584,0.00093,0.39124
CVE-2021-43587,0.00044,0.10161
CVE-2021-43588,0.00186,0.55986
CVE-2021-43589,0.00044,0.10504
CVE-2021-4359,0.00062,0.24836
CVE-2021-43590,0.00044,0.10161
CVE-2021-4360,0.00065,0.26974
CVE-2021-43608,0.00162,0.52867
CVE-2021-43609,0.00248,0.62823
CVE-2021-4361,0.00060,0.23237
CVE-2021-43610,0.00083,0.34391
CVE-2021-43611,0.00091,0.38427
CVE-2021-43612,0.00101,0.41140
CVE-2021-43615,0.00042,0.05722
CVE-2021-43616,0.01184,0.83628
CVE-2021-43617,0.01231,0.84000
CVE-2021-43618,0.00481,0.73366
CVE-2021-43619,0.00091,0.38049
CVE-2021-4362,0.00152,0.51399
CVE-2021-43620,0.00079,0.32781
CVE-2021-43628,0.00158,0.52225
CVE-2021-43629,0.00158,0.52225
CVE-2021-4363,0.00062,0.24836
CVE-2021-43630,0.00130,0.47816
CVE-2021-43631,0.00158,0.52225
CVE-2021-43633,0.00054,0.20290
CVE-2021-43635,0.00101,0.41215
CVE-2021-43636,0.00260,0.63830
CVE-2021-43637,0.00042,0.05722
CVE-2021-43638,0.00043,0.07409
CVE-2021-4364,0.00050,0.16467
CVE-2021-4365,0.00062,0.24836
CVE-2021-43650,0.00255,0.63478
CVE-2021-43657,0.00061,0.23927
CVE-2021-43659,0.00058,0.22585
CVE-2021-4366,0.00050,0.16467
CVE-2021-43661,0.00078,0.32739
CVE-2021-43662,0.00051,0.17017
CVE-2021-43663,0.00373,0.69933
CVE-2021-43664,0.03089,0.90076
CVE-2021-43666,0.00080,0.33239
CVE-2021-43667,0.00097,0.40250
CVE-2021-43668,0.00044,0.10161
CVE-2021-43669,0.00101,0.41058
CVE-2021-4367,0.00050,0.15935
CVE-2021-43673,0.00078,0.32739
CVE-2021-43674,0.00192,0.56858
CVE-2021-43675,0.00071,0.29281
CVE-2021-43676,0.00192,0.56858
CVE-2021-43677,0.00078,0.32206
CVE-2021-43678,0.00069,0.28663
CVE-2021-43679,0.00172,0.54442
CVE-2021-4368,0.00134,0.48504
CVE-2021-43681,0.00078,0.32739
CVE-2021-43682,0.00078,0.32739
CVE-2021-43683,0.00078,0.32739
CVE-2021-43685,0.00253,0.63221
CVE-2021-43686,0.00078,0.32739
CVE-2021-43687,0.00094,0.39379
CVE-2021-43689,0.00078,0.32739
CVE-2021-4369,0.00054,0.19232
CVE-2021-43690,0.00078,0.32739
CVE-2021-43691,0.00229,0.61127
CVE-2021-43692,0.00078,0.32739
CVE-2021-43693,0.00237,0.61897
CVE-2021-43695,0.00078,0.32739
CVE-2021-43696,0.00078,0.32739
CVE-2021-43697,0.00078,0.32739
CVE-2021-43698,0.00078,0.32739
CVE-2021-4370,0.00107,0.43135
CVE-2021-43700,0.00172,0.54442
CVE-2021-43701,0.00730,0.78777
CVE-2021-43702,0.00102,0.41403
CVE-2021-43703,0.00420,0.71593
CVE-2021-43707,0.00078,0.32739
CVE-2021-43708,0.00044,0.10161
CVE-2021-4371,0.00050,0.15935
CVE-2021-43711,0.32089,0.96619
CVE-2021-43712,0.00076,0.31153
CVE-2021-4372,0.00069,0.28451
CVE-2021-43721,0.00108,0.43313
CVE-2021-43722,0.00202,0.58160
CVE-2021-43724,0.00058,0.22585
CVE-2021-43725,0.00163,0.52936
CVE-2021-43728,0.00058,0.22585
CVE-2021-43729,0.00058,0.22585
CVE-2021-4373,0.00062,0.24836
CVE-2021-43734,0.01056,0.82538
CVE-2021-43735,0.00237,0.61897
CVE-2021-43736,0.00463,0.72858
CVE-2021-43737,0.00062,0.24284
CVE-2021-43738,0.00106,0.42853
CVE-2021-4374,0.00222,0.60583
CVE-2021-43741,0.00422,0.71680
CVE-2021-43742,0.00058,0.22585
CVE-2021-43745,0.00044,0.10445
CVE-2021-43746,0.00106,0.42944
CVE-2021-43747,0.00097,0.40272
CVE-2021-43748,0.00070,0.28936
CVE-2021-43749,0.00070,0.28936
CVE-2021-4375,0.00045,0.11801
CVE-2021-43750,0.00070,0.28936
CVE-2021-43751,0.00044,0.08224
CVE-2021-43752,0.00280,0.65164
CVE-2021-43753,0.00998,0.82031
CVE-2021-43754,0.00100,0.40883
CVE-2021-43755,0.00100,0.40883
CVE-2021-43756,0.00126,0.47169
CVE-2021-43757,0.00093,0.38962
CVE-2021-43758,0.00091,0.38513
CVE-2021-43759,0.00091,0.38513
CVE-2021-4376,0.00051,0.17164
CVE-2021-43760,0.00091,0.38513
CVE-2021-43761,0.00059,0.23123
CVE-2021-43762,0.00070,0.28974
CVE-2021-43763,0.00160,0.52630
CVE-2021-43764,0.00059,0.23123
CVE-2021-43765,0.00079,0.32800
CVE-2021-43766,0.00077,0.31954
CVE-2021-43767,0.00050,0.16871
CVE-2021-4377,0.00054,0.19235
CVE-2021-43771,0.00045,0.12491
CVE-2021-43772,0.00044,0.10161
CVE-2021-43774,0.00116,0.45273
CVE-2021-43775,0.00109,0.43621
CVE-2021-43776,0.00061,0.24174
CVE-2021-43777,0.00053,0.18302
CVE-2021-43778,0.62565,0.97566
CVE-2021-43779,0.00330,0.68126
CVE-2021-4378,0.00045,0.11801
CVE-2021-43780,0.00104,0.42274
CVE-2021-43781,0.00053,0.18833
CVE-2021-43782,0.00218,0.59846
CVE-2021-43783,0.00075,0.31114
CVE-2021-43784,0.00283,0.65367
CVE-2021-43785,0.00071,0.29281
CVE-2021-43786,0.00094,0.39310
CVE-2021-43787,0.00103,0.41790
CVE-2021-43788,0.00081,0.33551
CVE-2021-43789,0.00173,0.54500
CVE-2021-4379,0.00051,0.17395
CVE-2021-43790,0.00196,0.57508
CVE-2021-43791,0.00061,0.24174
CVE-2021-43792,0.00060,0.23686
CVE-2021-43793,0.00060,0.23686
CVE-2021-43794,0.00091,0.38427
CVE-2021-43795,0.00160,0.52610
CVE-2021-43797,0.00119,0.45963
CVE-2021-43798,0.97105,0.99741
CVE-2021-43799,0.02116,0.88058
CVE-2021-4380,0.00143,0.50131
CVE-2021-43800,0.00126,0.47177
CVE-2021-43801,0.00121,0.46286
CVE-2021-43802,0.00129,0.47569
CVE-2021-43803,0.00374,0.69984
CVE-2021-43804,0.00235,0.61648
CVE-2021-43805,0.00078,0.32619
CVE-2021-43806,0.00155,0.51830
CVE-2021-43807,0.00079,0.33155
CVE-2021-43808,0.00133,0.48413
CVE-2021-43809,0.00098,0.40396
CVE-2021-4381,0.00107,0.43135
CVE-2021-43810,0.00369,0.69814
CVE-2021-43811,0.00126,0.47165
CVE-2021-43812,0.00061,0.24174
CVE-2021-43813,0.01165,0.83467
CVE-2021-43814,0.00075,0.30862
CVE-2021-43815,0.00119,0.46020
CVE-2021-43816,0.00383,0.70347
CVE-2021-43817,0.00072,0.29847
CVE-2021-43818,0.00335,0.68347
CVE-2021-43819,0.00046,0.13740
CVE-2021-4382,0.00153,0.51619
CVE-2021-43820,0.00133,0.48411
CVE-2021-43821,0.00110,0.43941
CVE-2021-43822,0.00104,0.42274
CVE-2021-43823,0.00063,0.25077
CVE-2021-43824,0.00091,0.38427
CVE-2021-43825,0.00091,0.38427
CVE-2021-43826,0.00091,0.38427
CVE-2021-43827,0.00076,0.31394
CVE-2021-43828,0.00148,0.50784
CVE-2021-43829,0.00637,0.76987
CVE-2021-4383,0.00050,0.15935
CVE-2021-43830,0.00129,0.47739
CVE-2021-43831,0.00063,0.24902
CVE-2021-43832,0.00758,0.79191
CVE-2021-43833,0.00095,0.39615
CVE-2021-43834,0.00213,0.59400
CVE-2021-43835,0.00104,0.42274
CVE-2021-43836,0.00285,0.65503
CVE-2021-43837,0.00412,0.71340
CVE-2021-43838,0.00088,0.37038
CVE-2021-43839,0.00072,0.29685
CVE-2021-4384,0.00112,0.44379
CVE-2021-43840,0.00071,0.29249
CVE-2021-43841,0.00105,0.42540
CVE-2021-43842,0.00060,0.23686
CVE-2021-43843,0.00174,0.54645
CVE-2021-43844,0.00384,0.70353
CVE-2021-43845,0.00215,0.59566
CVE-2021-43846,0.00081,0.33696
CVE-2021-43847,0.00122,0.46509
CVE-2021-43848,0.00133,0.48411
CVE-2021-43849,0.00044,0.10161
CVE-2021-4385,0.00109,0.43868
CVE-2021-43850,0.00070,0.28951
CVE-2021-43851,0.00167,0.53515
CVE-2021-43852,0.00262,0.64002
CVE-2021-43853,0.00070,0.28941
CVE-2021-43854,0.00205,0.58465
CVE-2021-43855,0.00062,0.24442
CVE-2021-43856,0.00062,0.24442
CVE-2021-43857,0.03174,0.90197
CVE-2021-43858,0.00147,0.50614
CVE-2021-43859,0.01232,0.84004
CVE-2021-4386,0.00109,0.43868
CVE-2021-43860,0.00173,0.54490
CVE-2021-43861,0.00058,0.22586
CVE-2021-43862,0.00082,0.34107
CVE-2021-43863,0.00152,0.51453
CVE-2021-4387,0.00188,0.56437
CVE-2021-43875,0.00529,0.74644
CVE-2021-43876,0.00121,0.46245
CVE-2021-43877,0.00043,0.07315
CVE-2021-4388,0.00089,0.37286
CVE-2021-43880,0.00043,0.07315
CVE-2021-43882,0.03557,0.90714
CVE-2021-43883,0.00043,0.07315
CVE-2021-43888,0.05815,0.92670
CVE-2021-43889,0.01082,0.82810
CVE-2021-4389,0.00095,0.39571
CVE-2021-43890,0.00167,0.53513
CVE-2021-43891,0.00302,0.66502
CVE-2021-43892,0.00236,0.61801
CVE-2021-43893,0.00166,0.53320
CVE-2021-43896,0.00175,0.54704
CVE-2021-43899,0.01735,0.86611
CVE-2021-4390,0.00137,0.49099
CVE-2021-43905,0.01716,0.86538
CVE-2021-43907,0.02318,0.88654
CVE-2021-43908,0.00107,0.43201
CVE-2021-4391,0.00095,0.39571
CVE-2021-4392,0.00095,0.39571
CVE-2021-43925,0.00078,0.32637
CVE-2021-43926,0.00078,0.32637
CVE-2021-43927,0.00078,0.32637
CVE-2021-43928,0.00070,0.28897
CVE-2021-43929,0.00054,0.19461
CVE-2021-4393,0.00095,0.39571
CVE-2021-43930,0.00065,0.27063
CVE-2021-43931,0.00189,0.56498
CVE-2021-43932,0.00093,0.39063
CVE-2021-43933,0.00086,0.35721
CVE-2021-43934,0.00193,0.57259
CVE-2021-43935,0.00193,0.57259
CVE-2021-43936,0.01615,0.86155
CVE-2021-43937,0.00072,0.29723
CVE-2021-43938,0.00231,0.61295
CVE-2021-43939,0.00104,0.42231
CVE-2021-4394,0.00241,0.62178
CVE-2021-43940,0.00059,0.22844
CVE-2021-43941,0.00075,0.30872
CVE-2021-43942,0.00104,0.42018
CVE-2021-43943,0.00054,0.20290
CVE-2021-43944,0.00142,0.49854
CVE-2021-43945,0.00066,0.27429
CVE-2021-43946,0.00090,0.37751
CVE-2021-43947,0.00181,0.55506
CVE-2021-43948,0.00082,0.34183
CVE-2021-43949,0.00082,0.34183
CVE-2021-4395,0.00089,0.37653
CVE-2021-43950,0.00082,0.34183
CVE-2021-43951,0.00082,0.34183
CVE-2021-43952,0.00074,0.30478
CVE-2021-43953,0.00074,0.30478
CVE-2021-43954,0.00082,0.34183
CVE-2021-43955,0.00082,0.34183
CVE-2021-43956,0.00120,0.46138
CVE-2021-43957,0.00283,0.65389
CVE-2021-43958,0.00468,0.73001
CVE-2021-43959,0.00118,0.45779
CVE-2021-4396,0.00081,0.33901
CVE-2021-43960,0.00058,0.22585
CVE-2021-43961,0.00078,0.32206
CVE-2021-43963,0.00065,0.26756
CVE-2021-43969,0.00076,0.31357
CVE-2021-4397,0.00081,0.33901
CVE-2021-43970,0.00104,0.42382
CVE-2021-43971,0.00137,0.49046
CVE-2021-43972,0.00107,0.43161
CVE-2021-43973,0.00347,0.68818
CVE-2021-43974,0.00079,0.32923
CVE-2021-43975,0.00074,0.30704
CVE-2021-43976,0.00097,0.40081
CVE-2021-43977,0.00078,0.32206
CVE-2021-43978,0.00065,0.26756
CVE-2021-43979,0.00061,0.24174
CVE-2021-4398,0.00081,0.33901
CVE-2021-43980,0.00409,0.71239
CVE-2021-43981,0.00191,0.56749
CVE-2021-43982,0.00118,0.45816
CVE-2021-43983,0.02886,0.89781
CVE-2021-43984,0.00191,0.56749
CVE-2021-43985,0.00347,0.68844
CVE-2021-43986,0.00044,0.08189
CVE-2021-43987,0.00193,0.57259
CVE-2021-43988,0.00147,0.50712
CVE-2021-43989,0.00144,0.50266
CVE-2021-4399,0.00096,0.39857
CVE-2021-43990,0.00086,0.35721
CVE-2021-43991,0.00058,0.22585
CVE-2021-43996,0.00190,0.56639
CVE-2021-43997,0.00042,0.05722
CVE-2021-43998,0.00065,0.26756
CVE-2021-43999,0.00112,0.44381
CVE-2021-4400,0.00081,0.33901
CVE-2021-44000,0.00082,0.34226
CVE-2021-44001,0.00067,0.27634
CVE-2021-44002,0.00069,0.28588
CVE-2021-44003,0.00052,0.17725
CVE-2021-44004,0.00056,0.21034
CVE-2021-44005,0.00060,0.23250
CVE-2021-44006,0.00060,0.23250
CVE-2021-44007,0.00052,0.17725
CVE-2021-44008,0.00056,0.21034
CVE-2021-44009,0.00056,0.21034
CVE-2021-4401,0.00096,0.39857
CVE-2021-44010,0.00056,0.21034
CVE-2021-44011,0.00063,0.25308
CVE-2021-44012,0.00063,0.25308
CVE-2021-44013,0.00065,0.26972
CVE-2021-44014,0.00068,0.28004
CVE-2021-44015,0.00063,0.25308
CVE-2021-44016,0.00064,0.26243
CVE-2021-44017,0.00063,0.25308
CVE-2021-44018,0.00064,0.26243
CVE-2021-44019,0.00045,0.12491
CVE-2021-4402,0.00081,0.33901
CVE-2021-44020,0.00045,0.12491
CVE-2021-44021,0.00045,0.12491
CVE-2021-44022,0.00044,0.10161
CVE-2021-44023,0.00063,0.25013
CVE-2021-44024,0.00045,0.12491
CVE-2021-44025,0.00129,0.47684
CVE-2021-44026,0.00842,0.80335
CVE-2021-44028,0.00061,0.23842
CVE-2021-44029,0.00730,0.78779
CVE-2021-4403,0.00081,0.33901
CVE-2021-44030,0.00072,0.29647
CVE-2021-44031,0.00442,0.72304
CVE-2021-44032,0.00095,0.39712
CVE-2021-44033,0.00097,0.40280
CVE-2021-44035,0.00068,0.28059
CVE-2021-44036,0.00092,0.38925
CVE-2021-44037,0.00079,0.33063
CVE-2021-44038,0.00042,0.05722
CVE-2021-4404,0.00081,0.33901
CVE-2021-44040,0.00155,0.51777
CVE-2021-44041,0.00306,0.66754
CVE-2021-44042,0.00221,0.60385
CVE-2021-44043,0.00054,0.20290
CVE-2021-44044,0.00067,0.27634
CVE-2021-44045,0.00067,0.27634
CVE-2021-44046,0.00067,0.27634
CVE-2021-44047,0.00068,0.27993
CVE-2021-44048,0.00067,0.27634
CVE-2021-44049,0.00042,0.05722
CVE-2021-4405,0.00081,0.33901
CVE-2021-44050,0.00065,0.26756
CVE-2021-44051,0.00175,0.54683
CVE-2021-44052,0.00116,0.45265
CVE-2021-44053,0.00104,0.42018
CVE-2021-44054,0.00069,0.28604
CVE-2021-44055,0.00428,0.71838
CVE-2021-44056,0.00181,0.55361
CVE-2021-44057,0.00181,0.55361
CVE-2021-4406,0.00063,0.25061
CVE-2021-4407,0.00081,0.33875
CVE-2021-44076,0.00056,0.20979
CVE-2021-44077,0.97254,0.99821
CVE-2021-44078,0.00125,0.46963
CVE-2021-44079,0.04585,0.91743
CVE-2021-4408,0.00081,0.33875
CVE-2021-44080,0.00240,0.62080
CVE-2021-44081,0.00098,0.40477
CVE-2021-44082,0.01879,0.87215
CVE-2021-44087,0.03132,0.90138
CVE-2021-44088,0.00329,0.68006
CVE-2021-4409,0.00081,0.33875
CVE-2021-44090,0.00216,0.59686
CVE-2021-44091,0.00054,0.19309
CVE-2021-44092,0.00172,0.54442
CVE-2021-44093,0.00959,0.81639
CVE-2021-44094,0.00160,0.52672
CVE-2021-44095,0.00156,0.51979
CVE-2021-44096,0.00134,0.48533
CVE-2021-44097,0.00134,0.48533
CVE-2021-44098,0.00134,0.48533
CVE-2021-4410,0.00080,0.33321
CVE-2021-44108,0.00173,0.54517
CVE-2021-44109,0.00241,0.62202
CVE-2021-4411,0.00082,0.33977
CVE-2021-44111,0.00062,0.24548
CVE-2021-44114,0.00086,0.35856
CVE-2021-44116,0.00078,0.32739
CVE-2021-44117,0.00097,0.40147
CVE-2021-44118,0.00060,0.23686
CVE-2021-4412,0.00080,0.33321
CVE-2021-44120,0.00054,0.20290
CVE-2021-44122,0.00075,0.30903
CVE-2021-44123,0.00174,0.54670
CVE-2021-44124,0.00196,0.57566
CVE-2021-44127,0.00286,0.65581
CVE-2021-4413,0.00375,0.70002
CVE-2021-44132,0.00049,0.15860
CVE-2021-44135,0.00172,0.54442
CVE-2021-44138,0.01291,0.84420
CVE-2021-44139,0.01355,0.84817
CVE-2021-4414,0.00080,0.33321
CVE-2021-44140,0.00463,0.72867
CVE-2021-44141,0.00055,0.20426
CVE-2021-44142,0.13595,0.95131
CVE-2021-44143,0.03440,0.90589
CVE-2021-44144,0.00166,0.53257
CVE-2021-44145,0.00047,0.14159
CVE-2021-44147,0.00135,0.48679
CVE-2021-44148,0.00078,0.32739
CVE-2021-44149,0.00044,0.10161
CVE-2021-4415,0.00080,0.33321
CVE-2021-44150,0.00073,0.30380
CVE-2021-44151,0.00213,0.59404
CVE-2021-44152,0.86597,0.98365
CVE-2021-44153,0.00111,0.44202
CVE-2021-44154,0.00103,0.41648
CVE-2021-44155,0.02471,0.89006
CVE-2021-44158,0.00045,0.12249
CVE-2021-44159,0.02862,0.89745
CVE-2021-4416,0.00080,0.33321
CVE-2021-44160,0.00150,0.51182
CVE-2021-44161,0.00062,0.24373
CVE-2021-44162,0.00265,0.64181
CVE-2021-44163,0.00104,0.42018
CVE-2021-44164,0.02865,0.89748
CVE-2021-44165,0.00199,0.57833
CVE-2021-44166,0.00071,0.29210
CVE-2021-44167,0.00150,0.51158
CVE-2021-44168,0.00146,0.50532
CVE-2021-44169,0.00044,0.10161
CVE-2021-4417,0.00078,0.32138
CVE-2021-44170,0.00043,0.06775
CVE-2021-44171,0.00043,0.07443
CVE-2021-44172,0.00052,0.17889
CVE-2021-44176,0.00079,0.32800
CVE-2021-44177,0.00079,0.32800
CVE-2021-44178,0.00079,0.32800
CVE-2021-44179,0.00081,0.33766
CVE-2021-4418,0.00078,0.32619
CVE-2021-44180,0.00083,0.34319
CVE-2021-44181,0.00083,0.34319
CVE-2021-44182,0.00079,0.32994
CVE-2021-44183,0.00188,0.56340
CVE-2021-44185,0.00072,0.29609
CVE-2021-44186,0.00072,0.29609
CVE-2021-44187,0.00072,0.29609
CVE-2021-44188,0.00060,0.23549
CVE-2021-44189,0.00045,0.12235
CVE-2021-4419,0.00080,0.33321
CVE-2021-44190,0.00044,0.08224
CVE-2021-44191,0.00044,0.08224
CVE-2021-44192,0.00044,0.08224
CVE-2021-44193,0.00044,0.08224
CVE-2021-44194,0.00044,0.08224
CVE-2021-44195,0.00044,0.08224
CVE-2021-44196,0.00046,0.13740
CVE-2021-44197,0.00046,0.13740
CVE-2021-44198,0.00059,0.22979
CVE-2021-44199,0.00050,0.16871
CVE-2021-4420,0.00080,0.33321
CVE-2021-44200,0.00054,0.20290
CVE-2021-44201,0.00072,0.29847
CVE-2021-44202,0.00054,0.20290
CVE-2021-44203,0.00054,0.20290
CVE-2021-44204,0.00042,0.05722
CVE-2021-44205,0.00042,0.05722
CVE-2021-44206,0.00042,0.05722
CVE-2021-44207,0.00221,0.60385
CVE-2021-44208,0.00136,0.49028
CVE-2021-44209,0.00136,0.49028
CVE-2021-4421,0.00080,0.33321
CVE-2021-44210,0.00082,0.34089
CVE-2021-44211,0.00068,0.28346
CVE-2021-44212,0.00136,0.49028
CVE-2021-44213,0.00136,0.49028
CVE-2021-44215,0.00042,0.05722
CVE-2021-44216,0.00042,0.05722
CVE-2021-44217,0.00148,0.50846
CVE-2021-44219,0.00197,0.57590
CVE-2021-4422,0.00080,0.33321
CVE-2021-44221,0.00186,0.55986
CVE-2021-44222,0.00206,0.58623
CVE-2021-44223,0.00607,0.76363
CVE-2021-44224,0.32277,0.96626
CVE-2021-44225,0.00125,0.46973
CVE-2021-44226,0.00107,0.43167
CVE-2021-44227,0.00112,0.44293
CVE-2021-44228,0.97466,0.99958
CVE-2021-4423,0.00080,0.33321
CVE-2021-44230,0.00065,0.26756
CVE-2021-44231,0.00767,0.79336
CVE-2021-44232,0.00086,0.35752
CVE-2021-44233,0.00087,0.35903
CVE-2021-44234,0.00044,0.10161
CVE-2021-44235,0.00044,0.10504
CVE-2021-44238,0.00270,0.64528
CVE-2021-4424,0.00080,0.33321
CVE-2021-44244,0.00172,0.54442
CVE-2021-44245,0.00212,0.59203
CVE-2021-44246,0.00117,0.45605
CVE-2021-44247,0.01502,0.85605
CVE-2021-44249,0.00645,0.77146
CVE-2021-4425,0.00071,0.29440
CVE-2021-44255,0.00265,0.64192
CVE-2021-44259,0.00587,0.75953
CVE-2021-4426,0.00071,0.29440
CVE-2021-44260,0.00311,0.67050
CVE-2021-44261,0.00163,0.52937
CVE-2021-44262,0.00267,0.64347
CVE-2021-44263,0.00058,0.22585
CVE-2021-44266,0.00079,0.32923
CVE-2021-44269,0.00112,0.44590
CVE-2021-4427,0.00071,0.29440
CVE-2021-44273,0.00087,0.35973
CVE-2021-44277,0.00078,0.32739
CVE-2021-44278,0.00158,0.52343
CVE-2021-44279,0.00078,0.32739
CVE-2021-4428,0.00061,0.23827
CVE-2021-44280,0.00221,0.60309
CVE-2021-44283,0.00060,0.23760
CVE-2021-44299,0.00058,0.22585
CVE-2021-4430,0.00119,0.45899
CVE-2021-44302,0.00087,0.36093
CVE-2021-4431,0.00085,0.35400
CVE-2021-44310,0.00058,0.22585
CVE-2021-44312,0.00106,0.42853
CVE-2021-44315,0.00148,0.50831
CVE-2021-44317,0.00053,0.18833
CVE-2021-4432,0.00254,0.63427
CVE-2021-44321,0.00044,0.10445
CVE-2021-4433,0.00081,0.33677
CVE-2021-44331,0.00081,0.33577
CVE-2021-44334,0.00081,0.33577
CVE-2021-44335,0.00081,0.33577
CVE-2021-44339,0.00081,0.33577
CVE-2021-4434,0.01895,0.87289
CVE-2021-44340,0.00081,0.33577
CVE-2021-44342,0.00081,0.33577
CVE-2021-44343,0.00081,0.33577
CVE-2021-44345,0.00115,0.45168
CVE-2021-44347,0.00172,0.54442
CVE-2021-44348,0.00142,0.49961
CVE-2021-44349,0.00142,0.49961
CVE-2021-44350,0.00172,0.54442
CVE-2021-44351,0.00238,0.61955
CVE-2021-44352,0.00234,0.61568
CVE-2021-44354,0.00089,0.37391
CVE-2021-44355,0.00089,0.37391
CVE-2021-44356,0.00089,0.37391
CVE-2021-44357,0.00089,0.37391
CVE-2021-44358,0.00084,0.35182
CVE-2021-44359,0.00084,0.35182
CVE-2021-44360,0.00084,0.35182
CVE-2021-44361,0.00084,0.35182
CVE-2021-44362,0.00084,0.35182
CVE-2021-44363,0.00084,0.35182
CVE-2021-44364,0.00084,0.35182
CVE-2021-44365,0.00084,0.35182
CVE-2021-44366,0.00089,0.37391
CVE-2021-44367,0.00084,0.35182
CVE-2021-44368,0.00084,0.35182
CVE-2021-44369,0.00084,0.35182
CVE-2021-44370,0.00084,0.35182
CVE-2021-44371,0.00084,0.35182
CVE-2021-44372,0.00084,0.35182
CVE-2021-44373,0.00084,0.35182
CVE-2021-44374,0.00084,0.35182
CVE-2021-44375,0.00089,0.37391
CVE-2021-44376,0.00084,0.35182
CVE-2021-44377,0.00084,0.35182
CVE-2021-44378,0.00084,0.35182
CVE-2021-44379,0.00084,0.35182
CVE-2021-44380,0.00084,0.35182
CVE-2021-44381,0.00084,0.35182
CVE-2021-44382,0.00084,0.35182
CVE-2021-44383,0.00084,0.35182
CVE-2021-44384,0.00084,0.35182
CVE-2021-44385,0.00084,0.35182
CVE-2021-44386,0.00084,0.35182
CVE-2021-44387,0.00084,0.35182
CVE-2021-44388,0.00084,0.35182
CVE-2021-44389,0.00084,0.35182
CVE-2021-44390,0.00084,0.35182
CVE-2021-44391,0.00084,0.35182
CVE-2021-44392,0.00084,0.35182
CVE-2021-44393,0.00084,0.35182
CVE-2021-44394,0.00089,0.37391
CVE-2021-44395,0.00084,0.35182
CVE-2021-44396,0.00084,0.35182
CVE-2021-44397,0.00084,0.35182
CVE-2021-44398,0.00084,0.35182
CVE-2021-44399,0.00084,0.35182
CVE-2021-44400,0.00084,0.35182
CVE-2021-44401,0.00084,0.35182
CVE-2021-44402,0.00084,0.35182
CVE-2021-44403,0.00084,0.35182
CVE-2021-44404,0.00084,0.35182
CVE-2021-44405,0.00084,0.35182
CVE-2021-44406,0.00084,0.35182
CVE-2021-44407,0.00084,0.35182
CVE-2021-44408,0.00084,0.35182
CVE-2021-44409,0.00084,0.35182
CVE-2021-44410,0.00084,0.35182
CVE-2021-44411,0.00084,0.35182
CVE-2021-44412,0.00084,0.35182
CVE-2021-44413,0.00084,0.35182
CVE-2021-44414,0.00084,0.35182
CVE-2021-44415,0.00084,0.35182
CVE-2021-44416,0.00084,0.35182
CVE-2021-44417,0.00084,0.35182
CVE-2021-44418,0.00084,0.35182
CVE-2021-44419,0.00084,0.35182
CVE-2021-44420,0.00110,0.44009
CVE-2021-44421,0.00042,0.05722
CVE-2021-44422,0.00065,0.27105
CVE-2021-44423,0.00065,0.27105
CVE-2021-44425,0.00059,0.22972
CVE-2021-44426,0.00173,0.54563
CVE-2021-44427,0.03504,0.90659
CVE-2021-44428,0.00999,0.82038
CVE-2021-44429,0.00356,0.69243
CVE-2021-44430,0.00060,0.23250
CVE-2021-44431,0.00052,0.17725
CVE-2021-44432,0.00064,0.26403
CVE-2021-44433,0.00060,0.23250
CVE-2021-44434,0.00060,0.23250
CVE-2021-44435,0.00064,0.26403
CVE-2021-44436,0.00052,0.17725
CVE-2021-44437,0.00060,0.23250
CVE-2021-44438,0.00060,0.23250
CVE-2021-44439,0.00056,0.20998
CVE-2021-44440,0.00060,0.23250
CVE-2021-44441,0.00060,0.23250
CVE-2021-44442,0.00060,0.23250
CVE-2021-44443,0.00060,0.23250
CVE-2021-44444,0.00071,0.29403
CVE-2021-44445,0.00060,0.23250
CVE-2021-44446,0.00060,0.23250
CVE-2021-44447,0.00060,0.23250
CVE-2021-44448,0.00052,0.17725
CVE-2021-44449,0.00060,0.23250
CVE-2021-44450,0.00056,0.20998
CVE-2021-44451,0.00382,0.70306
CVE-2021-44453,0.00191,0.56749
CVE-2021-44454,0.00044,0.10161
CVE-2021-44458,0.00213,0.59300
CVE-2021-44460,0.00049,0.14986
CVE-2021-44461,0.00059,0.23047
CVE-2021-44462,0.00060,0.23255
CVE-2021-44463,0.00042,0.00438
CVE-2021-44464,0.00104,0.42231
CVE-2021-44465,0.00045,0.11801
CVE-2021-44466,0.00042,0.05722
CVE-2021-44467,0.00079,0.33154
CVE-2021-44470,0.00043,0.06775
CVE-2021-44471,0.00099,0.40717
CVE-2021-44476,0.00049,0.14986
CVE-2021-44477,0.00193,0.57192
CVE-2021-44478,0.00103,0.41754
CVE-2021-44479,0.00044,0.10161
CVE-2021-44480,0.00317,0.67438
CVE-2021-44481,0.00200,0.57928
CVE-2021-44482,0.00098,0.40394
CVE-2021-44483,0.00086,0.35739
CVE-2021-44484,0.00085,0.35361
CVE-2021-44485,0.00085,0.35361
CVE-2021-44486,0.00295,0.66163
CVE-2021-44487,0.00085,0.35361
CVE-2021-44488,0.00074,0.30469
CVE-2021-44489,0.00072,0.29919
CVE-2021-44490,0.00072,0.29919
CVE-2021-44491,0.00072,0.29919
CVE-2021-44492,0.00121,0.46286
CVE-2021-44493,0.00184,0.55788
CVE-2021-44494,0.00121,0.46286
CVE-2021-44495,0.00121,0.46286
CVE-2021-44496,0.00317,0.67445
CVE-2021-44497,0.00121,0.46286
CVE-2021-44498,0.00121,0.46286
CVE-2021-44499,0.00121,0.46286
CVE-2021-44500,0.00121,0.46286
CVE-2021-44501,0.00121,0.46286
CVE-2021-44502,0.00121,0.46286
CVE-2021-44503,0.00121,0.46286
CVE-2021-44504,0.00121,0.46286
CVE-2021-44505,0.00121,0.46286
CVE-2021-44506,0.00121,0.46286
CVE-2021-44507,0.00121,0.46286
CVE-2021-44508,0.00145,0.50356
CVE-2021-44509,0.00121,0.46286
CVE-2021-44510,0.00121,0.46286
CVE-2021-44512,0.00042,0.05722
CVE-2021-44513,0.00042,0.05722
CVE-2021-44514,0.00450,0.72511
CVE-2021-44515,0.97233,0.99813
CVE-2021-44518,0.00079,0.33127
CVE-2021-44519,0.01249,0.84116
CVE-2021-44520,0.00813,0.79973
CVE-2021-44521,0.04449,0.91624
CVE-2021-44522,0.00219,0.59901
CVE-2021-44523,0.00242,0.62301
CVE-2021-44524,0.00347,0.68806
CVE-2021-44525,0.00625,0.76762
CVE-2021-44526,0.00310,0.67017
CVE-2021-44527,0.00050,0.16871
CVE-2021-44528,0.00087,0.36093
CVE-2021-44529,0.95498,0.99254
CVE-2021-44530,0.00201,0.58090
CVE-2021-44531,0.00166,0.53288
CVE-2021-44532,0.00444,0.72338
CVE-2021-44533,0.00380,0.70232
CVE-2021-44537,0.00788,0.79620
CVE-2021-44538,0.00341,0.68569
CVE-2021-44540,0.00101,0.41058
CVE-2021-44541,0.00101,0.41058
CVE-2021-44542,0.00101,0.41058
CVE-2021-44543,0.00078,0.32206
CVE-2021-44544,0.00093,0.39063
CVE-2021-44545,0.00060,0.23668
CVE-2021-44547,0.00050,0.16285
CVE-2021-44548,0.00412,0.71341
CVE-2021-44549,0.00059,0.23152
CVE-2021-44550,0.00209,0.58900
CVE-2021-44554,0.00095,0.39559
CVE-2021-44556,0.00210,0.58988
CVE-2021-44557,0.00210,0.58988
CVE-2021-44564,0.00221,0.60385
CVE-2021-44565,0.00062,0.24442
CVE-2021-44566,0.00062,0.24442
CVE-2021-44567,0.00135,0.48783
CVE-2021-44568,0.00345,0.68756
CVE-2021-44581,0.00112,0.44454
CVE-2021-44582,0.00098,0.40432
CVE-2021-44584,0.00068,0.28323
CVE-2021-44585,0.00078,0.32739
CVE-2021-44586,0.00238,0.61955
CVE-2021-44590,0.00088,0.37038
CVE-2021-44591,0.00088,0.37038
CVE-2021-44593,0.00732,0.78814
CVE-2021-44595,0.01050,0.82491
CVE-2021-44596,0.09415,0.94190
CVE-2021-44598,0.00078,0.32739
CVE-2021-44599,0.00180,0.55264
CVE-2021-44600,0.00180,0.55264
CVE-2021-44607,0.00058,0.22585
CVE-2021-44608,0.00058,0.22585
CVE-2021-44610,0.00171,0.54202
CVE-2021-44617,0.00190,0.56614
CVE-2021-44618,0.00311,0.67064
CVE-2021-44620,0.00518,0.74357
CVE-2021-44622,0.00148,0.50892
CVE-2021-44623,0.00130,0.47846
CVE-2021-44625,0.00130,0.47846
CVE-2021-44626,0.00148,0.50892
CVE-2021-44627,0.00148,0.50892
CVE-2021-44628,0.00148,0.50892
CVE-2021-44629,0.00148,0.50892
CVE-2021-44630,0.00148,0.50892
CVE-2021-44631,0.00148,0.50892
CVE-2021-44632,0.00148,0.50892
CVE-2021-44647,0.00042,0.05722
CVE-2021-44648,0.00328,0.67989
CVE-2021-44649,0.00058,0.22585
CVE-2021-44650,0.00215,0.59545
CVE-2021-44651,0.00401,0.71003
CVE-2021-44652,0.00142,0.49987
CVE-2021-44653,0.01097,0.82921
CVE-2021-44655,0.01097,0.82921
CVE-2021-44657,0.00225,0.60862
CVE-2021-44659,0.00294,0.66104
CVE-2021-44662,0.00079,0.32923
CVE-2021-44663,0.01768,0.86726
CVE-2021-44664,0.01429,0.85212
CVE-2021-44665,0.00543,0.75003
CVE-2021-44667,0.00078,0.32739
CVE-2021-44673,0.00652,0.77309
CVE-2021-44674,0.00096,0.39773
CVE-2021-44675,0.00312,0.67084
CVE-2021-44676,0.00821,0.80073
CVE-2021-44677,0.00607,0.76366
CVE-2021-44678,0.00607,0.76366
CVE-2021-44679,0.00607,0.76366
CVE-2021-44680,0.00607,0.76366
CVE-2021-44681,0.00607,0.76366
CVE-2021-44682,0.00607,0.76366
CVE-2021-44683,0.00201,0.57981
CVE-2021-44684,0.00263,0.64053
CVE-2021-44685,0.00227,0.60995
CVE-2021-44686,0.00142,0.49982
CVE-2021-44692,0.00140,0.49512
CVE-2021-44693,0.00073,0.30137
CVE-2021-44694,0.00073,0.30137
CVE-2021-44695,0.00073,0.30137
CVE-2021-44696,0.00075,0.31100
CVE-2021-44697,0.00079,0.32994
CVE-2021-44698,0.00079,0.32994
CVE-2021-44699,0.00079,0.32994
CVE-2021-44700,0.00280,0.65164
CVE-2021-44701,0.00289,0.65781
CVE-2021-44702,0.00699,0.78243
CVE-2021-44703,0.77678,0.97977
CVE-2021-44704,0.01410,0.85121
CVE-2021-44705,0.00630,0.76856
CVE-2021-44706,0.01410,0.85121
CVE-2021-44707,0.00178,0.55055
CVE-2021-44708,0.00492,0.73679
CVE-2021-44709,0.00492,0.73679
CVE-2021-44710,0.01410,0.85121
CVE-2021-44711,0.00146,0.50573
CVE-2021-44712,0.00067,0.27798
CVE-2021-44713,0.00236,0.61758
CVE-2021-44714,0.00065,0.27090
CVE-2021-44715,0.00207,0.58692
CVE-2021-44716,0.00208,0.58828
CVE-2021-44717,0.00198,0.57706
CVE-2021-44718,0.00078,0.32333
CVE-2021-44719,0.00047,0.13943
CVE-2021-44720,0.00091,0.38519
CVE-2021-44725,0.00162,0.52813
CVE-2021-44726,0.00078,0.32206
CVE-2021-44730,0.00042,0.05722
CVE-2021-44731,0.00047,0.14010
CVE-2021-44732,0.00291,0.65914
CVE-2021-44733,0.00095,0.39499
CVE-2021-44734,0.01247,0.84105
CVE-2021-44735,0.12101,0.94895
CVE-2021-44736,0.00423,0.71717
CVE-2021-44737,0.00118,0.45694
CVE-2021-44738,0.04670,0.91832
CVE-2021-44739,0.00699,0.78243
CVE-2021-44740,0.00062,0.24304
CVE-2021-44741,0.00062,0.24304
CVE-2021-44742,0.00080,0.33472
CVE-2021-44743,0.00335,0.68368
CVE-2021-44746,0.00129,0.47756
CVE-2021-44747,0.00089,0.37607
CVE-2021-44748,0.00072,0.29847
CVE-2021-44749,0.00261,0.63880
CVE-2021-44750,0.00044,0.10161
CVE-2021-44751,0.00061,0.23818
CVE-2021-44757,0.00245,0.62550
CVE-2021-44758,0.00088,0.36998
CVE-2021-44759,0.00085,0.35436
CVE-2021-44760,0.00054,0.20290
CVE-2021-44768,0.00058,0.22616
CVE-2021-44769,0.00062,0.24792
CVE-2021-44775,0.00059,0.23047
CVE-2021-44776,0.00054,0.19178
CVE-2021-44777,0.00053,0.18302
CVE-2021-44779,0.00164,0.53119
CVE-2021-44790,0.09208,0.94122
CVE-2021-44791,0.00252,0.63201
CVE-2021-44792,0.00105,0.42409
CVE-2021-44793,0.00123,0.46687
CVE-2021-44794,0.00105,0.42409
CVE-2021-44795,0.00105,0.42409
CVE-2021-44827,0.01884,0.87234
CVE-2021-44828,0.00053,0.18477
CVE-2021-44829,0.03310,0.90409
CVE-2021-44832,0.03050,0.90022
CVE-2021-44833,0.00194,0.57318
CVE-2021-44835,0.00127,0.47366
CVE-2021-44836,0.00058,0.22585
CVE-2021-44837,0.00058,0.22585
CVE-2021-44838,0.00058,0.22585
CVE-2021-44839,0.00054,0.20290
CVE-2021-44840,0.00058,0.22585
CVE-2021-44847,0.00958,0.81632
CVE-2021-44848,0.01603,0.86106
CVE-2021-44850,0.00068,0.28059
CVE-2021-44852,0.00048,0.14460
CVE-2021-44854,0.00068,0.28132
CVE-2021-44855,0.00056,0.20979
CVE-2021-44856,0.00068,0.28132
CVE-2021-44857,0.00068,0.28093
CVE-2021-44858,0.00196,0.57575
CVE-2021-44859,0.00065,0.27105
CVE-2021-44860,0.00065,0.27105
CVE-2021-44862,0.00042,0.05722
CVE-2021-44864,0.00069,0.28712
CVE-2021-44866,0.00201,0.58024
CVE-2021-44868,0.00172,0.54442
CVE-2021-44874,0.00104,0.42231
CVE-2021-44875,0.00072,0.29847
CVE-2021-44876,0.00072,0.29847
CVE-2021-44877,0.00150,0.51158
CVE-2021-44878,0.00162,0.52893
CVE-2021-44879,0.00086,0.35861
CVE-2021-44880,0.00326,0.67869
CVE-2021-44881,0.00147,0.50653
CVE-2021-44882,0.00147,0.50653
CVE-2021-44886,0.00072,0.29847
CVE-2021-44892,0.00344,0.68693
CVE-2021-44896,0.00071,0.29281
CVE-2021-44899,0.00048,0.14460
CVE-2021-44900,0.00044,0.10161
CVE-2021-44901,0.00044,0.10161
CVE-2021-44903,0.00044,0.10161
CVE-2021-44905,0.00210,0.58959
CVE-2021-44906,0.01248,0.84110
CVE-2021-44908,0.00240,0.62115
CVE-2021-44911,0.00058,0.22585
CVE-2021-44912,0.00058,0.22585
CVE-2021-44915,0.00088,0.36822
CVE-2021-44916,0.00496,0.73780
CVE-2021-44917,0.00057,0.21445
CVE-2021-44918,0.00051,0.17017
CVE-2021-44919,0.00051,0.17017
CVE-2021-44920,0.00051,0.17017
CVE-2021-44921,0.00051,0.17017
CVE-2021-44922,0.00051,0.17017
CVE-2021-44923,0.00051,0.17017
CVE-2021-44924,0.00051,0.17017
CVE-2021-44925,0.00051,0.17017
CVE-2021-44926,0.00051,0.17017
CVE-2021-44927,0.00051,0.17017
CVE-2021-44935,0.00209,0.58874
CVE-2021-44937,0.00077,0.31772
CVE-2021-44942,0.00061,0.23796
CVE-2021-44949,0.00297,0.66256
CVE-2021-44954,0.00043,0.06775
CVE-2021-44956,0.00098,0.40477
CVE-2021-44957,0.00069,0.28582
CVE-2021-44960,0.00129,0.47571
CVE-2021-44961,0.00084,0.34965
CVE-2021-44962,0.00073,0.30031
CVE-2021-44964,0.00064,0.26499
CVE-2021-44965,0.00238,0.61955
CVE-2021-44966,0.00171,0.54202
CVE-2021-44967,0.02202,0.88346
CVE-2021-44968,0.00048,0.14460
CVE-2021-44969,0.00058,0.22585
CVE-2021-44970,0.00058,0.22585
CVE-2021-44971,0.00171,0.54234
CVE-2021-44974,0.00064,0.26191
CVE-2021-44975,0.00056,0.20772
CVE-2021-44977,0.00238,0.61955
CVE-2021-44978,0.00641,0.77063
CVE-2021-44981,0.00632,0.76892
CVE-2021-44983,0.00076,0.31357
CVE-2021-44988,0.00104,0.41986
CVE-2021-44992,0.00051,0.17167
CVE-2021-44993,0.00057,0.21445
CVE-2021-44994,0.00084,0.34965
CVE-2021-45003,0.00909,0.81093
CVE-2021-45005,0.00221,0.60385
CVE-2021-45007,0.00062,0.24284
CVE-2021-45008,0.00104,0.42382
CVE-2021-45010,0.14643,0.95285
CVE-2021-45014,0.00172,0.54442
CVE-2021-45015,0.00076,0.31295
CVE-2021-45017,0.00106,0.42853
CVE-2021-45018,0.00078,0.32739
CVE-2021-45024,0.00282,0.65314
CVE-2021-45025,0.00171,0.54221
CVE-2021-45026,0.00089,0.37659
CVE-2021-45027,0.00672,0.77754
CVE-2021-45029,0.01436,0.85256
CVE-2021-45031,0.00198,0.57713
CVE-2021-45033,0.00092,0.38813
CVE-2021-45034,0.00776,0.79477
CVE-2021-45035,0.00088,0.37159
CVE-2021-45036,0.00411,0.71300
CVE-2021-45038,0.00089,0.37463
CVE-2021-45039,0.00649,0.77238
CVE-2021-45040,0.00396,0.70860
CVE-2021-45041,0.00135,0.48789
CVE-2021-45042,0.00108,0.43337
CVE-2021-45043,0.05404,0.92426
CVE-2021-45046,0.97404,0.99919
CVE-2021-45051,0.00262,0.63938
CVE-2021-45052,0.00280,0.65164
CVE-2021-45053,0.00335,0.68368
CVE-2021-45054,0.00262,0.63938
CVE-2021-45055,0.00165,0.53175
CVE-2021-45056,0.00335,0.68368
CVE-2021-45057,0.00170,0.54085
CVE-2021-45058,0.00170,0.54085
CVE-2021-45059,0.00070,0.29100
CVE-2021-45060,0.00165,0.53175
CVE-2021-45061,0.00335,0.68368
CVE-2021-45062,0.37536,0.96841
CVE-2021-45063,0.00262,0.63938
CVE-2021-45064,0.37536,0.96841
CVE-2021-45067,0.00445,0.72371
CVE-2021-45068,0.00335,0.68368
CVE-2021-45071,0.00059,0.23047
CVE-2021-45074,0.00072,0.29893
CVE-2021-45077,0.00150,0.51158
CVE-2021-45078,0.00106,0.42775
CVE-2021-45079,0.00166,0.53311
CVE-2021-45081,0.00114,0.44926
CVE-2021-45082,0.00069,0.28612
CVE-2021-45083,0.00042,0.05722
CVE-2021-45085,0.00140,0.49548
CVE-2021-45086,0.00096,0.40026
CVE-2021-45087,0.00140,0.49548
CVE-2021-45088,0.00140,0.49548
CVE-2021-45089,0.00044,0.10161
CVE-2021-45090,0.00530,0.74664
CVE-2021-45091,0.00054,0.20290
CVE-2021-45092,0.06180,0.92889
CVE-2021-45094,0.00051,0.17093
CVE-2021-45095,0.00048,0.14343
CVE-2021-45096,0.00098,0.40549
CVE-2021-45097,0.00042,0.05722
CVE-2021-45098,0.00112,0.44334
CVE-2021-45099,0.00167,0.53411
CVE-2021-45100,0.00121,0.46321
CVE-2021-45101,0.00065,0.26756
CVE-2021-45102,0.00104,0.42231
CVE-2021-45103,0.00081,0.33776
CVE-2021-45104,0.00202,0.58252
CVE-2021-45105,0.96256,0.99423
CVE-2021-45106,0.00057,0.21513
CVE-2021-45111,0.00070,0.28881
CVE-2021-45115,0.00221,0.60223
CVE-2021-45116,0.00127,0.47284
CVE-2021-45117,0.00102,0.41322
CVE-2021-45222,0.00219,0.59888
CVE-2021-45223,0.00128,0.47411
CVE-2021-45224,0.00079,0.32923
CVE-2021-45225,0.00079,0.32923
CVE-2021-45226,0.00080,0.33421
CVE-2021-45227,0.00053,0.18833
CVE-2021-45228,0.00053,0.18833
CVE-2021-45229,0.00252,0.63201
CVE-2021-45230,0.00054,0.19336
CVE-2021-45231,0.00045,0.12491
CVE-2021-45232,0.97202,0.99790
CVE-2021-45252,0.00171,0.54202
CVE-2021-45253,0.00172,0.54442
CVE-2021-45255,0.00172,0.54442
CVE-2021-45256,0.00050,0.16871
CVE-2021-45257,0.00050,0.16871
CVE-2021-45258,0.00069,0.28512
CVE-2021-45259,0.00051,0.17017
CVE-2021-45260,0.00051,0.17017
CVE-2021-45261,0.00051,0.17017
CVE-2021-45262,0.00057,0.21445
CVE-2021-45263,0.00057,0.21445
CVE-2021-45266,0.00071,0.29395
CVE-2021-45267,0.00057,0.21445
CVE-2021-45268,0.01325,0.84619
CVE-2021-45281,0.00078,0.32739
CVE-2021-45286,0.00099,0.40580
CVE-2021-45288,0.00051,0.17017
CVE-2021-45289,0.00051,0.17017
CVE-2021-45290,0.00130,0.47775
CVE-2021-45291,0.00057,0.21445
CVE-2021-45292,0.00057,0.21445
CVE-2021-45293,0.00075,0.30931
CVE-2021-45297,0.00057,0.21445
CVE-2021-45310,0.00109,0.43895
CVE-2021-45325,0.00158,0.52341
CVE-2021-45326,0.00164,0.53027
CVE-2021-45327,0.00441,0.72258
CVE-2021-45328,0.00078,0.32206
CVE-2021-45329,0.00078,0.32206
CVE-2021-45330,0.00168,0.53807
CVE-2021-45331,0.00221,0.60385
CVE-2021-45334,0.01385,0.84990
CVE-2021-45335,0.00042,0.05722
CVE-2021-45336,0.00048,0.14460
CVE-2021-45337,0.00042,0.05722
CVE-2021-45338,0.00043,0.07659
CVE-2021-45339,0.00042,0.05722
CVE-2021-45340,0.00072,0.29919
CVE-2021-45341,0.00328,0.67988
CVE-2021-45342,0.00100,0.40867
CVE-2021-45343,0.00088,0.37042
CVE-2021-45345,0.00128,0.47457
CVE-2021-45346,0.00221,0.60388
CVE-2021-45347,0.00078,0.32649
CVE-2021-45348,0.00089,0.37607
CVE-2021-45357,0.00078,0.32739
CVE-2021-45364,0.00281,0.65237
CVE-2021-45379,0.00104,0.42274
CVE-2021-45380,0.00314,0.67207
CVE-2021-45382,0.96905,0.99657
CVE-2021-45385,0.00088,0.37038
CVE-2021-45386,0.00057,0.21445
CVE-2021-45387,0.00057,0.21445
CVE-2021-45389,0.00221,0.60385
CVE-2021-45391,0.00171,0.54230
CVE-2021-45392,0.00171,0.54230
CVE-2021-45394,0.00210,0.58956
CVE-2021-45401,0.00666,0.77617
CVE-2021-45402,0.00042,0.05722
CVE-2021-45406,0.00367,0.69722
CVE-2021-45408,0.00095,0.39559
CVE-2021-45411,0.03004,0.89941
CVE-2021-45414,0.01124,0.83141
CVE-2021-45416,0.00087,0.35933
CVE-2021-45417,0.00043,0.07658
CVE-2021-45418,0.00164,0.53029
CVE-2021-45419,0.00193,0.57188
CVE-2021-45420,0.00306,0.66772
CVE-2021-45421,0.00168,0.53553
CVE-2021-45422,0.00218,0.59841
CVE-2021-45423,0.00118,0.45753
CVE-2021-45425,0.00395,0.70796
CVE-2021-45427,0.00196,0.57526
CVE-2021-45428,0.08441,0.93846
CVE-2021-45429,0.00048,0.14768
CVE-2021-45435,0.00172,0.54442
CVE-2021-45440,0.00045,0.12491
CVE-2021-45441,0.00045,0.12491
CVE-2021-45442,0.00045,0.12491
CVE-2021-45444,0.00090,0.37689
CVE-2021-45445,0.00101,0.41058
CVE-2021-45446,0.00135,0.48776
CVE-2021-45447,0.00135,0.48776
CVE-2021-45448,0.00067,0.27745
CVE-2021-45449,0.00044,0.10161
CVE-2021-45450,0.00136,0.48906
CVE-2021-45451,0.00181,0.55391
CVE-2021-45452,0.00134,0.48609
CVE-2021-45454,0.00247,0.62750
CVE-2021-45456,0.08449,0.93850
CVE-2021-45457,0.00126,0.47193
CVE-2021-45458,0.00242,0.62304
CVE-2021-45459,0.00148,0.50800
CVE-2021-45460,0.00081,0.33872
CVE-2021-45461,0.01219,0.83905
CVE-2021-45462,0.00101,0.41058
CVE-2021-45463,0.00178,0.55049
CVE-2021-45464,0.00043,0.07702
CVE-2021-45465,0.00059,0.22828
CVE-2021-45466,0.00284,0.65437
CVE-2021-45467,0.00340,0.68534
CVE-2021-45468,0.00796,0.79787
CVE-2021-45469,0.00074,0.30704
CVE-2021-45470,0.00141,0.49770
CVE-2021-45471,0.00083,0.34238
CVE-2021-45472,0.00071,0.29363
CVE-2021-45473,0.00079,0.32923
CVE-2021-45474,0.00071,0.29363
CVE-2021-45475,0.00063,0.25287
CVE-2021-45476,0.00063,0.25287
CVE-2021-45477,0.00052,0.18157
CVE-2021-45478,0.00052,0.18157
CVE-2021-45479,0.00048,0.14685
CVE-2021-45480,0.00045,0.11966
CVE-2021-45481,0.00112,0.44431
CVE-2021-45482,0.00112,0.44431
CVE-2021-45483,0.00112,0.44431
CVE-2021-45484,0.00158,0.52341
CVE-2021-45485,0.00094,0.39400
CVE-2021-45486,0.00048,0.14641
CVE-2021-45487,0.00158,0.52341
CVE-2021-45488,0.00146,0.50515
CVE-2021-45489,0.00146,0.50515
CVE-2021-45490,0.00184,0.55799
CVE-2021-45491,0.00062,0.24248
CVE-2021-45492,0.00043,0.06775
CVE-2021-45493,0.00150,0.51158
CVE-2021-45494,0.00044,0.10161
CVE-2021-45495,0.00197,0.57609
CVE-2021-45496,0.00197,0.57609
CVE-2021-45497,0.00197,0.57609
CVE-2021-45498,0.00197,0.57609
CVE-2021-45499,0.00104,0.42231
CVE-2021-45500,0.00060,0.23639
CVE-2021-45501,0.00197,0.57609
CVE-2021-45502,0.00060,0.23639
CVE-2021-45503,0.00060,0.23639
CVE-2021-45504,0.00197,0.57609
CVE-2021-45505,0.00060,0.23639
CVE-2021-45506,0.00060,0.23639
CVE-2021-45507,0.00197,0.57609
CVE-2021-45508,0.00197,0.57609
CVE-2021-45509,0.00197,0.57609
CVE-2021-45510,0.00060,0.23639
CVE-2021-45511,0.00197,0.57609
CVE-2021-45512,0.00201,0.58090
CVE-2021-45513,0.00046,0.12663
CVE-2021-45514,0.00046,0.12663
CVE-2021-45515,0.00050,0.16871
CVE-2021-45516,0.00044,0.10161
CVE-2021-45517,0.00050,0.16871
CVE-2021-45518,0.00050,0.16871
CVE-2021-45519,0.00050,0.16871
CVE-2021-45520,0.00062,0.24373
CVE-2021-45521,0.00061,0.23842
CVE-2021-45522,0.00062,0.24373
CVE-2021-45523,0.00075,0.30965
CVE-2021-45524,0.00096,0.39884
CVE-2021-45525,0.00096,0.39884
CVE-2021-45526,0.00096,0.39884
CVE-2021-45527,0.00226,0.60930
CVE-2021-45528,0.00096,0.39884
CVE-2021-45529,0.00096,0.39884
CVE-2021-45530,0.00096,0.39884
CVE-2021-45531,0.00088,0.36880
CVE-2021-45532,0.00044,0.10161
CVE-2021-45533,0.00044,0.10161
CVE-2021-45534,0.00044,0.10161
CVE-2021-45535,0.00044,0.10161
CVE-2021-45536,0.00044,0.10161
CVE-2021-45537,0.00044,0.10161
CVE-2021-45538,0.00044,0.10161
CVE-2021-45539,0.00044,0.10161
CVE-2021-45540,0.00044,0.10161
CVE-2021-45541,0.00088,0.36880
CVE-2021-45542,0.00044,0.10161
CVE-2021-45543,0.00044,0.10161
CVE-2021-45544,0.00088,0.36880
CVE-2021-45545,0.00044,0.10161
CVE-2021-45546,0.00088,0.36880
CVE-2021-45547,0.00088,0.36880
CVE-2021-45548,0.00088,0.36880
CVE-2021-45549,0.00044,0.10161
CVE-2021-45550,0.00044,0.10161
CVE-2021-45551,0.00088,0.36880
CVE-2021-45552,0.00088,0.36880
CVE-2021-45553,0.00088,0.36880
CVE-2021-45554,0.00044,0.10161
CVE-2021-45555,0.00044,0.10161
CVE-2021-45556,0.00088,0.36880
CVE-2021-45557,0.00088,0.36880
CVE-2021-45558,0.00044,0.10161
CVE-2021-45559,0.00044,0.10161
CVE-2021-45560,0.00044,0.10161
CVE-2021-45561,0.00044,0.10161
CVE-2021-45562,0.00044,0.10161
CVE-2021-45563,0.00044,0.10161
CVE-2021-45564,0.00044,0.10161
CVE-2021-45565,0.00044,0.10161
CVE-2021-45566,0.00044,0.10161
CVE-2021-45567,0.00044,0.10161
CVE-2021-45568,0.00044,0.10161
CVE-2021-45569,0.00044,0.10161
CVE-2021-45570,0.00044,0.10161
CVE-2021-45571,0.00044,0.10161
CVE-2021-45572,0.00044,0.10161
CVE-2021-45573,0.00069,0.28735
CVE-2021-45574,0.00044,0.10161
CVE-2021-45575,0.00044,0.10161
CVE-2021-45576,0.00044,0.10161
CVE-2021-45577,0.00044,0.10161
CVE-2021-45578,0.00044,0.10161
CVE-2021-45579,0.00044,0.10161
CVE-2021-45580,0.00044,0.10161
CVE-2021-45581,0.00044,0.10161
CVE-2021-45582,0.00044,0.10161
CVE-2021-45583,0.00044,0.10161
CVE-2021-45584,0.00044,0.10161
CVE-2021-45585,0.00044,0.10161
CVE-2021-45586,0.00044,0.10161
CVE-2021-45587,0.00044,0.10161
CVE-2021-45588,0.00044,0.10161
CVE-2021-45589,0.00044,0.10161
CVE-2021-45590,0.00044,0.10161
CVE-2021-45591,0.00044,0.10161
CVE-2021-45592,0.00044,0.10161
CVE-2021-45593,0.00044,0.10161
CVE-2021-45594,0.00044,0.10161
CVE-2021-45595,0.00088,0.36880
CVE-2021-45596,0.00088,0.36880
CVE-2021-45597,0.00088,0.36880
CVE-2021-45598,0.00088,0.36880
CVE-2021-45599,0.00088,0.36880
CVE-2021-45600,0.00088,0.36880
CVE-2021-45601,0.00088,0.36880
CVE-2021-45602,0.00044,0.10504
CVE-2021-45603,0.00044,0.10161
CVE-2021-45604,0.00044,0.10161
CVE-2021-45605,0.00096,0.39884
CVE-2021-45606,0.00096,0.39884
CVE-2021-45607,0.00096,0.39884
CVE-2021-45608,0.00653,0.77322
CVE-2021-45609,0.00226,0.60930
CVE-2021-45610,0.00226,0.60930
CVE-2021-45611,0.00226,0.60930
CVE-2021-45612,0.00109,0.43887
CVE-2021-45613,0.00109,0.43887
CVE-2021-45614,0.00109,0.43887
CVE-2021-45615,0.00046,0.12663
CVE-2021-45616,0.00109,0.43887
CVE-2021-45617,0.00109,0.43887
CVE-2021-45618,0.00109,0.43887
CVE-2021-45619,0.00109,0.43887
CVE-2021-45620,0.00109,0.43887
CVE-2021-45621,0.00109,0.43887
CVE-2021-45622,0.00113,0.44688
CVE-2021-45623,0.00109,0.43887
CVE-2021-45624,0.00109,0.43887
CVE-2021-45625,0.00109,0.43887
CVE-2021-45626,0.00046,0.12663
CVE-2021-45627,0.00109,0.43887
CVE-2021-45628,0.00046,0.12663
CVE-2021-45629,0.00046,0.12663
CVE-2021-45630,0.00109,0.43887
CVE-2021-45631,0.00046,0.12663
CVE-2021-45632,0.00046,0.12663
CVE-2021-45633,0.00046,0.12663
CVE-2021-45634,0.00046,0.12663
CVE-2021-45635,0.00046,0.12663
CVE-2021-45636,0.00069,0.28735
CVE-2021-45637,0.00226,0.60930
CVE-2021-45638,0.00226,0.60930
CVE-2021-45639,0.00072,0.29847
CVE-2021-45640,0.00104,0.42231
CVE-2021-45641,0.00104,0.42231
CVE-2021-45642,0.00104,0.42231
CVE-2021-45643,0.00051,0.17428
CVE-2021-45644,0.00201,0.58090
CVE-2021-45645,0.00201,0.58090
CVE-2021-45646,0.00150,0.51158
CVE-2021-45647,0.00150,0.51158
CVE-2021-45648,0.00150,0.51158
CVE-2021-45649,0.00044,0.10161
CVE-2021-45650,0.00150,0.51158
CVE-2021-45651,0.00150,0.51158
CVE-2021-45652,0.00150,0.51158
CVE-2021-45653,0.00150,0.51158
CVE-2021-45654,0.00150,0.51158
CVE-2021-45655,0.00044,0.10161
CVE-2021-45656,0.00044,0.10161
CVE-2021-45657,0.00044,0.10161
CVE-2021-45658,0.00201,0.58090
CVE-2021-45659,0.00044,0.10161
CVE-2021-45660,0.00044,0.10161
CVE-2021-45661,0.00044,0.10161
CVE-2021-45662,0.00054,0.20290
CVE-2021-45663,0.00054,0.20290
CVE-2021-45664,0.00054,0.20290
CVE-2021-45665,0.00054,0.20290
CVE-2021-45666,0.00054,0.20290
CVE-2021-45667,0.00054,0.20290
CVE-2021-45668,0.00054,0.20290
CVE-2021-45669,0.00054,0.20290
CVE-2021-45670,0.00054,0.20290
CVE-2021-45671,0.00054,0.20290
CVE-2021-45672,0.00054,0.20290
CVE-2021-45673,0.00054,0.20290
CVE-2021-45674,0.00054,0.20290
CVE-2021-45675,0.00054,0.20290
CVE-2021-45676,0.00054,0.20290
CVE-2021-45677,0.00072,0.29847
CVE-2021-45678,0.00201,0.58090
CVE-2021-45679,0.00104,0.42231
CVE-2021-45680,0.00091,0.38427
CVE-2021-45681,0.00091,0.38427
CVE-2021-45682,0.00213,0.59400
CVE-2021-45683,0.00213,0.59400
CVE-2021-45684,0.00213,0.59400
CVE-2021-45685,0.00213,0.59400
CVE-2021-45686,0.00213,0.59400
CVE-2021-45687,0.00223,0.60636
CVE-2021-45688,0.00213,0.59400
CVE-2021-45689,0.00213,0.59400
CVE-2021-45690,0.00213,0.59400
CVE-2021-45691,0.00213,0.59400
CVE-2021-45692,0.00213,0.59400
CVE-2021-45693,0.00213,0.59400
CVE-2021-45694,0.00133,0.48411
CVE-2021-45695,0.00202,0.58199
CVE-2021-45696,0.00213,0.59400
CVE-2021-45697,0.00213,0.59400
CVE-2021-45698,0.00213,0.59400
CVE-2021-45699,0.00180,0.55249
CVE-2021-45700,0.00091,0.38427
CVE-2021-45701,0.00213,0.59400
CVE-2021-45702,0.00091,0.38427
CVE-2021-45703,0.00213,0.59400
CVE-2021-45704,0.00213,0.59400
CVE-2021-45705,0.00213,0.59400
CVE-2021-45706,0.00213,0.59400
CVE-2021-45707,0.00212,0.59097
CVE-2021-45708,0.00148,0.50904
CVE-2021-45709,0.00144,0.50285
CVE-2021-45710,0.00213,0.59400
CVE-2021-45711,0.00171,0.54223
CVE-2021-45712,0.00196,0.57566
CVE-2021-45713,0.00076,0.31414
CVE-2021-45714,0.00076,0.31414
CVE-2021-45715,0.00076,0.31414
CVE-2021-45716,0.00076,0.31414
CVE-2021-45717,0.00076,0.31414
CVE-2021-45718,0.00076,0.31414
CVE-2021-45719,0.00076,0.31414
CVE-2021-45720,0.00088,0.37038
CVE-2021-45721,0.00078,0.32206
CVE-2021-45729,0.00072,0.29893
CVE-2021-45730,0.00054,0.20290
CVE-2021-45732,0.00104,0.42231
CVE-2021-45733,0.01502,0.85605
CVE-2021-45734,0.00117,0.45605
CVE-2021-45735,0.00189,0.56477
CVE-2021-45736,0.00117,0.45605
CVE-2021-45737,0.00117,0.45605
CVE-2021-45738,0.01502,0.85605
CVE-2021-45739,0.00117,0.45605
CVE-2021-45740,0.00214,0.59497
CVE-2021-45741,0.00117,0.45605
CVE-2021-45742,0.01502,0.85605
CVE-2021-45744,0.00050,0.16378
CVE-2021-45745,0.00050,0.16378
CVE-2021-45746,0.00237,0.61875
CVE-2021-45756,0.00385,0.70403
CVE-2021-45757,0.00127,0.47378
CVE-2021-45760,0.00051,0.17167
CVE-2021-45761,0.00086,0.35887
CVE-2021-45762,0.00051,0.17167
CVE-2021-45763,0.00057,0.21445
CVE-2021-45764,0.00051,0.17167
CVE-2021-45767,0.00051,0.17167
CVE-2021-45769,0.00071,0.29395
CVE-2021-45773,0.00071,0.29395
CVE-2021-45783,0.00218,0.59811
CVE-2021-45786,0.00336,0.68378
CVE-2021-45787,0.00058,0.22585
CVE-2021-45788,0.00088,0.36822
CVE-2021-45789,0.00076,0.31357
CVE-2021-45790,0.00260,0.63825
CVE-2021-45791,0.00088,0.36822
CVE-2021-45792,0.00058,0.22585
CVE-2021-45793,0.00180,0.55264
CVE-2021-45794,0.00180,0.55264
CVE-2021-45802,0.00326,0.67856
CVE-2021-45803,0.00131,0.48028
CVE-2021-45806,0.00306,0.66747
CVE-2021-45807,0.00507,0.74091
CVE-2021-45808,0.00257,0.63585
CVE-2021-45809,0.00161,0.52750
CVE-2021-45810,0.00078,0.32649
CVE-2021-45811,0.00062,0.24475
CVE-2021-45812,0.00078,0.32739
CVE-2021-45813,0.00078,0.32739
CVE-2021-45814,0.01097,0.82921
CVE-2021-45815,0.00072,0.29847
CVE-2021-45818,0.00095,0.39559
CVE-2021-45819,0.00044,0.10161
CVE-2021-45821,0.00498,0.73825
CVE-2021-45822,0.00080,0.33310
CVE-2021-45829,0.00051,0.17017
CVE-2021-45830,0.00069,0.28512
CVE-2021-45831,0.00057,0.21445
CVE-2021-45832,0.00069,0.28512
CVE-2021-45833,0.00069,0.28512
CVE-2021-45834,0.00319,0.67521
CVE-2021-45835,0.01125,0.83144
CVE-2021-45836,0.00108,0.43440
CVE-2021-45837,0.00260,0.63847
CVE-2021-45839,0.00077,0.31705
CVE-2021-45840,0.00220,0.60006
CVE-2021-45841,0.00261,0.63911
CVE-2021-45842,0.00207,0.58691
CVE-2021-45843,0.00078,0.32739
CVE-2021-45844,0.00169,0.53860
CVE-2021-45845,0.00148,0.50742
CVE-2021-45846,0.00051,0.17017
CVE-2021-45847,0.00066,0.27265
CVE-2021-45848,0.00141,0.49802
CVE-2021-45851,0.00205,0.58568
CVE-2021-45852,0.00077,0.31772
CVE-2021-45856,0.00356,0.69243
CVE-2021-45860,0.00057,0.21445
CVE-2021-45861,0.00057,0.21445
CVE-2021-45863,0.00077,0.31982
CVE-2021-45864,0.00057,0.21445
CVE-2021-45865,0.00283,0.65421
CVE-2021-45866,0.00058,0.22585
CVE-2021-45868,0.00088,0.37170
CVE-2021-45876,0.00112,0.44380
CVE-2021-45877,0.00201,0.58090
CVE-2021-45878,0.00152,0.51511
CVE-2021-45884,0.00106,0.42699
CVE-2021-45885,0.00158,0.52341
CVE-2021-45886,0.00085,0.35396
CVE-2021-45887,0.00580,0.75798
CVE-2021-45888,0.00058,0.22585
CVE-2021-45889,0.00058,0.22585
CVE-2021-45890,0.00198,0.57719
CVE-2021-45891,0.00098,0.40432
CVE-2021-45892,0.00133,0.48411
CVE-2021-45893,0.00148,0.50831
CVE-2021-45894,0.00148,0.50831
CVE-2021-45895,0.00061,0.24174
CVE-2021-45896,0.00089,0.37681
CVE-2021-45897,0.00544,0.75016
CVE-2021-45898,0.00212,0.59208
CVE-2021-45899,0.00572,0.75610
CVE-2021-45900,0.00058,0.22585
CVE-2021-45901,0.00334,0.68306
CVE-2021-45903,0.00131,0.48016
CVE-2021-45904,0.00058,0.22585
CVE-2021-45905,0.00058,0.22585
CVE-2021-45906,0.00058,0.22585
CVE-2021-45907,0.00067,0.27738
CVE-2021-45908,0.00067,0.27738
CVE-2021-45909,0.00074,0.30513
CVE-2021-45910,0.00074,0.30513
CVE-2021-45911,0.00074,0.30513
CVE-2021-45912,0.00044,0.10504
CVE-2021-45913,0.00104,0.42231
CVE-2021-45914,0.00283,0.65388
CVE-2021-45915,0.00283,0.65388
CVE-2021-45916,0.00044,0.10161
CVE-2021-45917,0.00047,0.13905
CVE-2021-45918,0.00188,0.56329
CVE-2021-45919,0.00058,0.22585
CVE-2021-45925,0.00054,0.19178
CVE-2021-45926,0.00062,0.24612
CVE-2021-45927,0.00062,0.24612
CVE-2021-45928,0.00076,0.31182
CVE-2021-45929,0.00077,0.31982
CVE-2021-45930,0.00087,0.36444
CVE-2021-45931,0.00484,0.73450
CVE-2021-45932,0.00114,0.44828
CVE-2021-45933,0.00114,0.44828
CVE-2021-45934,0.00114,0.44828
CVE-2021-45935,0.00114,0.44828
CVE-2021-45936,0.00114,0.44828
CVE-2021-45937,0.00114,0.44828
CVE-2021-45938,0.00114,0.44828
CVE-2021-45939,0.00114,0.44828
CVE-2021-45940,0.00100,0.40927
CVE-2021-45941,0.00100,0.40927
CVE-2021-45942,0.00105,0.42532
CVE-2021-45943,0.00135,0.48687
CVE-2021-45944,0.00101,0.41142
CVE-2021-45946,0.00077,0.31982
CVE-2021-45947,0.00077,0.31982
CVE-2021-45948,0.00114,0.44828
CVE-2021-45949,0.00075,0.31106
CVE-2021-45950,0.00104,0.41992
CVE-2021-45951,0.00144,0.50236
CVE-2021-45952,0.00144,0.50236
CVE-2021-45953,0.00144,0.50236
CVE-2021-45954,0.00144,0.50236
CVE-2021-45955,0.00144,0.50236
CVE-2021-45956,0.00144,0.50236
CVE-2021-45957,0.00144,0.50236
CVE-2021-45958,0.00097,0.40197
CVE-2021-45960,0.00559,0.75313
CVE-2021-45966,0.03407,0.90545
CVE-2021-45967,0.74039,0.97871
CVE-2021-45968,0.01877,0.87201
CVE-2021-45969,0.00044,0.10161
CVE-2021-45970,0.00044,0.10161
CVE-2021-45971,0.00044,0.10161
CVE-2021-45972,0.00083,0.34390
CVE-2021-45975,0.00078,0.32093
CVE-2021-45977,0.00221,0.60385
CVE-2021-45978,0.01702,0.86475
CVE-2021-45979,0.01702,0.86475
CVE-2021-45980,0.01577,0.85982
CVE-2021-45981,0.00221,0.60385
CVE-2021-45982,0.00104,0.42231
CVE-2021-45983,0.00202,0.58196
CVE-2021-45985,0.00053,0.18664
CVE-2021-45986,0.00136,0.48991
CVE-2021-45987,0.00136,0.48991
CVE-2021-45988,0.00089,0.37607
CVE-2021-45989,0.00089,0.37607
CVE-2021-45990,0.00110,0.44057
CVE-2021-45991,0.00089,0.37607
CVE-2021-45992,0.00089,0.37607
CVE-2021-45993,0.00089,0.37607
CVE-2021-45994,0.00089,0.37607
CVE-2021-45995,0.00089,0.37607
CVE-2021-45996,0.00117,0.45605
CVE-2021-45997,0.00089,0.37607
CVE-2021-45998,0.00147,0.50653
CVE-2021-46005,0.00143,0.50130
CVE-2021-46006,0.00067,0.27713
CVE-2021-46007,0.00756,0.79145
CVE-2021-46008,0.00259,0.63734
CVE-2021-46009,0.00413,0.71381
CVE-2021-46010,0.00552,0.75180
CVE-2021-46013,0.01655,0.86309
CVE-2021-46019,0.00067,0.27762
CVE-2021-46020,0.00072,0.29919
CVE-2021-46021,0.00061,0.23944
CVE-2021-46022,0.00091,0.38409
CVE-2021-46023,0.00053,0.18524
CVE-2021-46024,0.00172,0.54442
CVE-2021-46025,0.00058,0.22585
CVE-2021-46026,0.00058,0.22585
CVE-2021-46027,0.00062,0.24284
CVE-2021-46028,0.00061,0.23796
CVE-2021-46030,0.00058,0.22585
CVE-2021-46033,0.00237,0.61897
CVE-2021-46034,0.00078,0.32739
CVE-2021-46036,0.00298,0.66351
CVE-2021-46037,0.00079,0.32837
CVE-2021-46038,0.00057,0.21445
CVE-2021-46039,0.00057,0.21445
CVE-2021-46040,0.00057,0.21445
CVE-2021-46041,0.00057,0.21445
CVE-2021-46042,0.00057,0.21445
CVE-2021-46043,0.00057,0.21445
CVE-2021-46044,0.00057,0.21445
CVE-2021-46045,0.00057,0.21445
CVE-2021-46046,0.00057,0.21445
CVE-2021-46047,0.00057,0.21445
CVE-2021-46048,0.00051,0.17017
CVE-2021-46049,0.00057,0.21445
CVE-2021-46050,0.00069,0.28512
CVE-2021-46051,0.00057,0.21445
CVE-2021-46052,0.00051,0.17017
CVE-2021-46053,0.00051,0.17017
CVE-2021-46054,0.00051,0.17017
CVE-2021-46055,0.00051,0.17017
CVE-2021-46061,0.00172,0.54442
CVE-2021-46062,0.00052,0.17520
CVE-2021-46063,0.00153,0.51529
CVE-2021-46064,0.00075,0.30862
CVE-2021-46065,0.00502,0.73968
CVE-2021-46067,0.00293,0.66016
CVE-2021-46068,0.00084,0.34831
CVE-2021-46069,0.00084,0.34831
CVE-2021-46070,0.00054,0.19309
CVE-2021-46071,0.00084,0.34831
CVE-2021-46072,0.00084,0.34831
CVE-2021-46073,0.00084,0.34831
CVE-2021-46074,0.00054,0.19309
CVE-2021-46075,0.00114,0.44946
CVE-2021-46076,0.00114,0.44946
CVE-2021-46078,0.00055,0.20320
CVE-2021-46079,0.00114,0.44946
CVE-2021-46080,0.00054,0.19309
CVE-2021-46082,0.00101,0.41058
CVE-2021-46083,0.00058,0.22585
CVE-2021-46084,0.00058,0.22585
CVE-2021-46085,0.00058,0.22585
CVE-2021-46086,0.00078,0.32649
CVE-2021-46087,0.00058,0.22585
CVE-2021-46088,0.00317,0.67442
CVE-2021-46089,0.00172,0.54442
CVE-2021-46093,0.00283,0.65421
CVE-2021-46097,0.00380,0.70247
CVE-2021-46101,0.00078,0.32649
CVE-2021-46102,0.00183,0.55684
CVE-2021-46104,0.00238,0.61955
CVE-2021-46107,0.01739,0.86629
CVE-2021-46108,0.00054,0.19506
CVE-2021-46109,0.00078,0.32739
CVE-2021-46110,0.00172,0.54442
CVE-2021-46113,0.00260,0.63828
CVE-2021-46114,0.00306,0.66747
CVE-2021-46115,0.00214,0.59419
CVE-2021-46116,0.00992,0.81990
CVE-2021-46117,0.01717,0.86544
CVE-2021-46118,0.01365,0.84891
CVE-2021-46122,0.00092,0.38761
CVE-2021-46141,0.00090,0.38006
CVE-2021-46142,0.00093,0.39099
CVE-2021-46143,0.00098,0.40439
CVE-2021-46144,0.00224,0.60783
CVE-2021-46145,0.00080,0.33323
CVE-2021-46146,0.00050,0.16378
CVE-2021-46147,0.00101,0.41190
CVE-2021-46148,0.00104,0.41983
CVE-2021-46149,0.00091,0.38427
CVE-2021-46150,0.00053,0.18833
CVE-2021-46151,0.00095,0.39621
CVE-2021-46152,0.00185,0.55854
CVE-2021-46153,0.00185,0.55854
CVE-2021-46154,0.00191,0.56688
CVE-2021-46155,0.00191,0.56688
CVE-2021-46156,0.00082,0.34226
CVE-2021-46157,0.00064,0.26243
CVE-2021-46158,0.00189,0.56447
CVE-2021-46159,0.00082,0.34226
CVE-2021-46160,0.00082,0.34226
CVE-2021-46161,0.00082,0.34226
CVE-2021-46162,0.00082,0.34226
CVE-2021-46163,0.00078,0.32739
CVE-2021-46164,0.00403,0.71039
CVE-2021-46165,0.00044,0.10161
CVE-2021-46166,0.00075,0.30873
CVE-2021-46167,0.00062,0.24612
CVE-2021-46168,0.00069,0.28512
CVE-2021-46169,0.00051,0.17017
CVE-2021-46170,0.00072,0.29919
CVE-2021-46171,0.00051,0.17017
CVE-2021-46174,0.00046,0.13740
CVE-2021-46179,0.00046,0.13740
CVE-2021-46195,0.00051,0.17017
CVE-2021-46198,0.00212,0.59203
CVE-2021-46200,0.00172,0.54442
CVE-2021-46201,0.00172,0.54442
CVE-2021-46203,0.00087,0.36460
CVE-2021-46204,0.00172,0.54442
CVE-2021-46225,0.00066,0.27431
CVE-2021-46226,0.00147,0.50653
CVE-2021-46227,0.00147,0.50653
CVE-2021-46228,0.00147,0.50653
CVE-2021-46229,0.00147,0.50653
CVE-2021-46230,0.00147,0.50653
CVE-2021-46231,0.00147,0.50653
CVE-2021-46232,0.00147,0.50653
CVE-2021-46233,0.00147,0.50653
CVE-2021-46234,0.00051,0.17017
CVE-2021-46236,0.00051,0.17017
CVE-2021-46237,0.00051,0.17017
CVE-2021-46238,0.00069,0.28512
CVE-2021-46239,0.00051,0.17017
CVE-2021-46240,0.00051,0.17017
CVE-2021-46242,0.00273,0.64696
CVE-2021-46243,0.00072,0.29919
CVE-2021-46244,0.00072,0.29919
CVE-2021-46247,0.00242,0.62307
CVE-2021-46249,0.00054,0.20290
CVE-2021-46250,0.00201,0.58090
CVE-2021-46251,0.00072,0.29847
CVE-2021-46252,0.00053,0.19081
CVE-2021-46253,0.00058,0.22585
CVE-2021-46255,0.00079,0.32837
CVE-2021-46262,0.00234,0.61568
CVE-2021-46263,0.00234,0.61568
CVE-2021-46264,0.00234,0.61568
CVE-2021-46265,0.00234,0.61568
CVE-2021-46270,0.00054,0.20290
CVE-2021-46279,0.00180,0.55345
CVE-2021-46283,0.00042,0.05722
CVE-2021-46304,0.00111,0.44235
CVE-2021-46307,0.00172,0.54442
CVE-2021-46308,0.00172,0.54442
CVE-2021-46309,0.00172,0.54442
CVE-2021-46310,0.00046,0.13740
CVE-2021-46311,0.00051,0.17017
CVE-2021-46312,0.00046,0.13740
CVE-2021-46313,0.00051,0.17017
CVE-2021-46314,0.00299,0.66374
CVE-2021-46315,0.02195,0.88327
CVE-2021-46319,0.02195,0.88327
CVE-2021-46320,0.00073,0.30380
CVE-2021-46321,0.00234,0.61568
CVE-2021-46322,0.00057,0.21445
CVE-2021-46323,0.00051,0.17017
CVE-2021-46324,0.00081,0.33577
CVE-2021-46325,0.00081,0.33577
CVE-2021-46326,0.00081,0.33577
CVE-2021-46327,0.00051,0.17017
CVE-2021-46328,0.00081,0.33577
CVE-2021-46329,0.00051,0.17017
CVE-2021-46330,0.00051,0.17017
CVE-2021-46331,0.00051,0.17017
CVE-2021-46332,0.00088,0.36992
CVE-2021-46333,0.00051,0.17017
CVE-2021-46334,0.00081,0.33577
CVE-2021-46335,0.00057,0.21445
CVE-2021-46336,0.00051,0.17017
CVE-2021-46337,0.00051,0.17017
CVE-2021-46338,0.00051,0.17017
CVE-2021-46339,0.00051,0.17017
CVE-2021-46340,0.00051,0.17017
CVE-2021-46342,0.00051,0.17017
CVE-2021-46343,0.00051,0.17017
CVE-2021-46344,0.00051,0.17017
CVE-2021-46345,0.00051,0.17017
CVE-2021-46346,0.00051,0.17017
CVE-2021-46347,0.00051,0.17017
CVE-2021-46348,0.00051,0.17017
CVE-2021-46349,0.00051,0.17017
CVE-2021-46350,0.00051,0.17017
CVE-2021-46351,0.00051,0.17017
CVE-2021-46353,0.00177,0.54973
CVE-2021-46354,0.00718,0.78558
CVE-2021-46355,0.00054,0.19275
CVE-2021-46359,0.00086,0.35887
CVE-2021-46360,0.01453,0.85353
CVE-2021-46361,0.00220,0.60018
CVE-2021-46362,0.00270,0.64541
CVE-2021-46363,0.00068,0.28331
CVE-2021-46364,0.00068,0.28331
CVE-2021-46365,0.00065,0.26962
CVE-2021-46366,0.00085,0.35396
CVE-2021-46367,0.05057,0.92165
CVE-2021-46368,0.00045,0.12509
CVE-2021-46371,0.00257,0.63571
CVE-2021-46372,0.00058,0.22585
CVE-2021-46377,0.00172,0.54442
CVE-2021-46378,0.00843,0.80346
CVE-2021-46379,0.00267,0.64340
CVE-2021-46381,0.02202,0.88345
CVE-2021-46382,0.00087,0.35933
CVE-2021-46383,0.00180,0.55264
CVE-2021-46384,0.00229,0.61128
CVE-2021-46385,0.00180,0.55264
CVE-2021-46386,0.00525,0.74535
CVE-2021-46387,0.00628,0.76827
CVE-2021-46389,0.00091,0.38427
CVE-2021-46390,0.00097,0.40280
CVE-2021-46393,0.00411,0.71306
CVE-2021-46394,0.00411,0.71306
CVE-2021-46398,0.00762,0.79250
CVE-2021-46408,0.00117,0.45605
CVE-2021-46416,0.00921,0.81237
CVE-2021-46417,0.70988,0.97782
CVE-2021-46418,0.05280,0.92319
CVE-2021-46419,0.31802,0.96608
CVE-2021-46420,0.00287,0.65657
CVE-2021-46421,0.00287,0.65657
CVE-2021-46422,0.95223,0.99193
CVE-2021-46423,0.00149,0.50957
CVE-2021-46424,0.01590,0.86038
CVE-2021-46426,0.00392,0.70694
CVE-2021-46427,0.10809,0.94601
CVE-2021-46428,0.04955,0.92073
CVE-2021-46433,0.00165,0.53176
CVE-2021-46434,0.00095,0.39559
CVE-2021-46436,0.00088,0.36822
CVE-2021-46437,0.00058,0.22585
CVE-2021-46440,0.00547,0.75080
CVE-2021-46441,0.00449,0.72480
CVE-2021-46442,0.00286,0.65581
CVE-2021-46444,0.00158,0.52225
CVE-2021-46445,0.00158,0.52225
CVE-2021-46446,0.00140,0.49653
CVE-2021-46447,0.00058,0.22585
CVE-2021-46448,0.00158,0.52225
CVE-2021-46451,0.00172,0.54442
CVE-2021-46452,0.00147,0.50653
CVE-2021-46453,0.00147,0.50653
CVE-2021-46454,0.00301,0.66492
CVE-2021-46455,0.00147,0.50653
CVE-2021-46456,0.00147,0.50653
CVE-2021-46457,0.00147,0.50653
CVE-2021-46458,0.00129,0.47746
CVE-2021-46459,0.00129,0.47746
CVE-2021-46461,0.00280,0.65176
CVE-2021-46462,0.00127,0.47264
CVE-2021-46463,0.00240,0.62115
CVE-2021-46474,0.00069,0.28512
CVE-2021-46475,0.00069,0.28512
CVE-2021-46477,0.00069,0.28512
CVE-2021-46478,0.00069,0.28512
CVE-2021-46480,0.00069,0.28512
CVE-2021-46481,0.00051,0.17017
CVE-2021-46482,0.00081,0.33577
CVE-2021-46483,0.00081,0.33577
CVE-2021-46484,0.00051,0.17017
CVE-2021-46485,0.00051,0.17017
CVE-2021-46486,0.00051,0.17017
CVE-2021-46487,0.00051,0.17017
CVE-2021-46488,0.00051,0.17017
CVE-2021-46489,0.00051,0.17017
CVE-2021-46490,0.00051,0.17017
CVE-2021-46491,0.00051,0.17017
CVE-2021-46492,0.00051,0.17017
CVE-2021-46494,0.00051,0.17017
CVE-2021-46495,0.00051,0.17017
CVE-2021-46496,0.00051,0.17017
CVE-2021-46497,0.00051,0.17017
CVE-2021-46498,0.00051,0.17017
CVE-2021-46499,0.00051,0.17017
CVE-2021-46500,0.00051,0.17017
CVE-2021-46501,0.00051,0.17017
CVE-2021-46502,0.00051,0.17017
CVE-2021-46503,0.00051,0.17017
CVE-2021-46504,0.00051,0.17017
CVE-2021-46505,0.00069,0.28512
CVE-2021-46506,0.00051,0.17017
CVE-2021-46507,0.00069,0.28512
CVE-2021-46508,0.00119,0.45954
CVE-2021-46509,0.00127,0.47246
CVE-2021-46510,0.00119,0.45954
CVE-2021-46511,0.00119,0.45954
CVE-2021-46512,0.00119,0.45954
CVE-2021-46513,0.00127,0.47246
CVE-2021-46514,0.00119,0.45954
CVE-2021-46515,0.00119,0.45954
CVE-2021-46516,0.00119,0.45954
CVE-2021-46517,0.00119,0.45954
CVE-2021-46518,0.00127,0.47246
CVE-2021-46519,0.00127,0.47246
CVE-2021-46520,0.00127,0.47246
CVE-2021-46521,0.00127,0.47246
CVE-2021-46522,0.00127,0.47246
CVE-2021-46523,0.00127,0.47246
CVE-2021-46524,0.00127,0.47246
CVE-2021-46525,0.00127,0.47246
CVE-2021-46526,0.00127,0.47246
CVE-2021-46527,0.00127,0.47246
CVE-2021-46528,0.00119,0.45954
CVE-2021-46529,0.00119,0.45954
CVE-2021-46530,0.00119,0.45954
CVE-2021-46531,0.00119,0.45954
CVE-2021-46532,0.00119,0.45954
CVE-2021-46534,0.00119,0.45954
CVE-2021-46535,0.00119,0.45954
CVE-2021-46537,0.00119,0.45954
CVE-2021-46538,0.00119,0.45954
CVE-2021-46539,0.00119,0.45954
CVE-2021-46540,0.00119,0.45954
CVE-2021-46541,0.00119,0.45954
CVE-2021-46542,0.00119,0.45954
CVE-2021-46543,0.00119,0.45954
CVE-2021-46544,0.00119,0.45954
CVE-2021-46545,0.00119,0.45954
CVE-2021-46546,0.00119,0.45954
CVE-2021-46547,0.00119,0.45954
CVE-2021-46548,0.00119,0.45954
CVE-2021-46549,0.00119,0.45954
CVE-2021-46550,0.00119,0.45954
CVE-2021-46553,0.00119,0.45954
CVE-2021-46554,0.00119,0.45954
CVE-2021-46556,0.00119,0.45954
CVE-2021-46557,0.00058,0.22585
CVE-2021-46558,0.00058,0.22585
CVE-2021-46559,0.00073,0.30380
CVE-2021-46560,0.00112,0.44380
CVE-2021-46561,0.00104,0.42231
CVE-2021-46562,0.00156,0.51978
CVE-2021-46563,0.00156,0.51978
CVE-2021-46564,0.00156,0.51978
CVE-2021-46565,0.00194,0.57355
CVE-2021-46566,0.00156,0.51978
CVE-2021-46567,0.00156,0.51978
CVE-2021-46568,0.00156,0.51978
CVE-2021-46569,0.00156,0.51978
CVE-2021-46570,0.00156,0.51978
CVE-2021-46571,0.00156,0.51978
CVE-2021-46572,0.00156,0.51978
CVE-2021-46573,0.00156,0.51978
CVE-2021-46574,0.00156,0.51978
CVE-2021-46575,0.00156,0.51978
CVE-2021-46576,0.00156,0.51978
CVE-2021-46577,0.00156,0.51978
CVE-2021-46578,0.00156,0.51978
CVE-2021-46579,0.00156,0.51978
CVE-2021-46580,0.00156,0.51978
CVE-2021-46581,0.00156,0.51978
CVE-2021-46582,0.00156,0.51978
CVE-2021-46583,0.00156,0.51978
CVE-2021-46584,0.00156,0.51978
CVE-2021-46585,0.00194,0.57355
CVE-2021-46586,0.00156,0.51978
CVE-2021-46587,0.00156,0.51978
CVE-2021-46588,0.00156,0.51978
CVE-2021-46589,0.00123,0.46585
CVE-2021-46590,0.00156,0.51978
CVE-2021-46591,0.00156,0.51978
CVE-2021-46592,0.00156,0.51978
CVE-2021-46593,0.00123,0.46585
CVE-2021-46594,0.00123,0.46585
CVE-2021-46595,0.00123,0.46585
CVE-2021-46596,0.00123,0.46585
CVE-2021-46597,0.00156,0.51978
CVE-2021-46598,0.00156,0.51978
CVE-2021-46599,0.00091,0.38488
CVE-2021-46600,0.00091,0.38488
CVE-2021-46601,0.00156,0.51978
CVE-2021-46602,0.00091,0.38488
CVE-2021-46603,0.00156,0.51978
CVE-2021-46604,0.00156,0.51978
CVE-2021-46605,0.00156,0.51978
CVE-2021-46606,0.00156,0.51978
CVE-2021-46607,0.00091,0.38488
CVE-2021-46608,0.00091,0.38488
CVE-2021-46609,0.00156,0.51978
CVE-2021-46610,0.00123,0.46585
CVE-2021-46611,0.00123,0.46585
CVE-2021-46612,0.00156,0.51978
CVE-2021-46613,0.00156,0.51978
CVE-2021-46614,0.00156,0.51978
CVE-2021-46615,0.00123,0.46585
CVE-2021-46616,0.00123,0.46585
CVE-2021-46617,0.00156,0.51978
CVE-2021-46618,0.00123,0.46585
CVE-2021-46619,0.00156,0.51978
CVE-2021-46620,0.00123,0.46585
CVE-2021-46621,0.00188,0.56343
CVE-2021-46622,0.00156,0.51978
CVE-2021-46623,0.00123,0.46585
CVE-2021-46624,0.00123,0.46585
CVE-2021-46625,0.00188,0.56343
CVE-2021-46626,0.00156,0.51978
CVE-2021-46627,0.00156,0.51978
CVE-2021-46628,0.00123,0.46585
CVE-2021-46629,0.00123,0.46585
CVE-2021-46630,0.00123,0.46585
CVE-2021-46631,0.00156,0.51978
CVE-2021-46632,0.00123,0.46585
CVE-2021-46633,0.00156,0.51978
CVE-2021-46634,0.00156,0.51978
CVE-2021-46635,0.00156,0.51978
CVE-2021-46636,0.00156,0.51978
CVE-2021-46637,0.00123,0.46585
CVE-2021-46638,0.00194,0.57355
CVE-2021-46639,0.00156,0.51978
CVE-2021-46640,0.00156,0.51978
CVE-2021-46641,0.00156,0.51978
CVE-2021-46642,0.00123,0.46585
CVE-2021-46643,0.00194,0.57355
CVE-2021-46644,0.00156,0.51978
CVE-2021-46645,0.00156,0.51978
CVE-2021-46646,0.00156,0.51978
CVE-2021-46647,0.00156,0.51978
CVE-2021-46648,0.00156,0.51978
CVE-2021-46649,0.00123,0.46585
CVE-2021-46650,0.00123,0.46585
CVE-2021-46651,0.00123,0.46585
CVE-2021-46652,0.00156,0.51978
CVE-2021-46653,0.00156,0.51978
CVE-2021-46654,0.00123,0.46585
CVE-2021-46655,0.00156,0.51978
CVE-2021-46656,0.00156,0.51978
CVE-2021-46657,0.00054,0.19505
CVE-2021-46658,0.00054,0.19505
CVE-2021-46659,0.00070,0.29107
CVE-2021-46660,0.00221,0.60385
CVE-2021-46661,0.00063,0.25191
CVE-2021-46662,0.00054,0.19505
CVE-2021-46663,0.00063,0.25191
CVE-2021-46664,0.00063,0.25191
CVE-2021-46665,0.00063,0.25191
CVE-2021-46666,0.00054,0.19505
CVE-2021-46667,0.00063,0.25191
CVE-2021-46668,0.00063,0.25191
CVE-2021-46669,0.00226,0.60958
CVE-2021-46671,0.00128,0.47455
CVE-2021-46676,0.00083,0.34511
CVE-2021-46677,0.00083,0.34511
CVE-2021-46678,0.00083,0.34511
CVE-2021-46679,0.00083,0.34511
CVE-2021-46680,0.00078,0.32151
CVE-2021-46681,0.00084,0.34960
CVE-2021-46687,0.00065,0.26756
CVE-2021-46699,0.00115,0.45205
CVE-2021-46700,0.00072,0.29919
CVE-2021-46701,0.00068,0.28323
CVE-2021-46702,0.00042,0.05722
CVE-2021-46703,0.00235,0.61620
CVE-2021-46704,0.95412,0.99235
CVE-2021-46705,0.00042,0.05722
CVE-2021-46708,0.00109,0.43816
CVE-2021-46709,0.00078,0.32739
CVE-2021-46740,0.00158,0.52341
CVE-2021-46741,0.00091,0.38109
CVE-2021-46742,0.00102,0.41484
CVE-2021-46743,0.00118,0.45671
CVE-2021-46744,0.00044,0.10161
CVE-2021-46748,0.00043,0.06775
CVE-2021-46749,0.00046,0.13740
CVE-2021-46753,0.00091,0.38380
CVE-2021-46754,0.00089,0.37678
CVE-2021-46755,0.00046,0.13740
CVE-2021-46756,0.00047,0.13955
CVE-2021-46758,0.00045,0.12108
CVE-2021-46759,0.00055,0.20747
CVE-2021-46760,0.00134,0.48641
CVE-2021-46762,0.00047,0.13955
CVE-2021-46763,0.00048,0.14563
CVE-2021-46764,0.00046,0.13740
CVE-2021-46765,0.00046,0.13740
CVE-2021-46766,0.00043,0.06775
CVE-2021-46767,0.00045,0.12108
CVE-2021-46768,0.00043,0.06775
CVE-2021-46769,0.00067,0.27665
CVE-2021-46771,0.00044,0.10161
CVE-2021-46773,0.00067,0.27665
CVE-2021-46774,0.00046,0.13740
CVE-2021-46775,0.00054,0.19335
CVE-2021-46778,0.00042,0.05722
CVE-2021-46779,0.00043,0.06775
CVE-2021-46780,0.00095,0.39559
CVE-2021-46781,0.00095,0.39559
CVE-2021-46782,0.00095,0.39559
CVE-2021-46784,0.01545,0.85820
CVE-2021-46785,0.00078,0.32206
CVE-2021-46786,0.00221,0.60385
CVE-2021-46787,0.00101,0.41058
CVE-2021-46788,0.00073,0.30380
CVE-2021-46789,0.00101,0.41058
CVE-2021-46790,0.00054,0.19389
CVE-2021-46791,0.00045,0.12206
CVE-2021-46792,0.00046,0.13740
CVE-2021-46794,0.00046,0.13740
CVE-2021-46795,0.00043,0.06775
CVE-2021-46811,0.00078,0.32206
CVE-2021-46812,0.00079,0.33063
CVE-2021-46813,0.00089,0.37607
CVE-2021-46814,0.00101,0.41058
CVE-2021-46816,0.00094,0.39429
CVE-2021-46817,0.00094,0.39429
CVE-2021-46818,0.00094,0.39429
CVE-2021-46820,0.00066,0.27316
CVE-2021-46822,0.00055,0.20582
CVE-2021-46823,0.00143,0.50058
CVE-2021-46824,0.00128,0.47426
CVE-2021-46825,0.00280,0.65193
CVE-2021-46827,0.00072,0.29847
CVE-2021-46828,0.00348,0.68882
CVE-2021-46829,0.00108,0.43457
CVE-2021-46830,0.00122,0.46442
CVE-2021-46834,0.00043,0.06775
CVE-2021-46835,0.00044,0.10345
CVE-2021-46836,0.00143,0.50015
CVE-2021-46837,0.00101,0.41122
CVE-2021-46839,0.00145,0.50335
CVE-2021-46840,0.00145,0.50335
CVE-2021-46841,0.00094,0.39422
CVE-2021-46846,0.00050,0.16486
CVE-2021-46848,0.00311,0.67046
CVE-2021-46850,0.01599,0.86069
CVE-2021-46851,0.00187,0.56249
CVE-2021-46852,0.00098,0.40352
CVE-2021-46853,0.00246,0.62664
CVE-2021-46854,0.00097,0.40091
CVE-2021-46856,0.00145,0.50350
CVE-2021-46867,0.00132,0.48268
CVE-2021-46868,0.00132,0.48268
CVE-2021-46871,0.00050,0.16290
CVE-2021-46872,0.00067,0.27865
CVE-2021-46873,0.00055,0.20446
CVE-2021-46875,0.00046,0.13740
CVE-2021-46876,0.00046,0.13740
CVE-2021-46877,0.00046,0.13740
CVE-2021-46878,0.00082,0.33971
CVE-2021-46879,0.00079,0.32913
CVE-2021-46880,0.00067,0.27818
CVE-2021-46881,0.00046,0.13740
CVE-2021-46882,0.00046,0.13740
CVE-2021-46883,0.00046,0.13740
CVE-2021-46884,0.00046,0.13740
CVE-2021-46885,0.00046,0.13740
CVE-2021-46886,0.00046,0.13740
CVE-2021-46887,0.00091,0.38380
CVE-2021-46888,0.00060,0.23651
CVE-2021-46889,0.00054,0.19245
CVE-2021-46890,0.00091,0.38380
CVE-2021-46891,0.00091,0.38380
CVE-2021-46892,0.00059,0.22950
CVE-2021-46893,0.00048,0.14563
CVE-2021-46894,0.00091,0.38380
CVE-2021-46895,0.00048,0.14563
CVE-2021-46896,0.00046,0.13740
CVE-2021-46897,0.00063,0.25738
CVE-2021-46898,0.00052,0.17638
CVE-2021-46899,0.00042,0.05722
CVE-2021-46900,0.00110,0.43957
CVE-2021-46901,0.00046,0.13740
CVE-2022-0001,0.00046,0.12622
CVE-2022-0002,0.00046,0.12622
CVE-2022-0004,0.00062,0.24373
CVE-2022-0005,0.00050,0.16871
CVE-2022-0010,0.00043,0.06775
CVE-2022-0011,0.00054,0.20290
CVE-2022-0012,0.00042,0.05722
CVE-2022-0013,0.00042,0.05722
CVE-2022-0014,0.00042,0.05722
CVE-2022-0015,0.00042,0.05722
CVE-2022-0016,0.00042,0.05722
CVE-2022-0017,0.00042,0.05722
CVE-2022-0018,0.00127,0.47317
CVE-2022-0019,0.00042,0.05722
CVE-2022-0020,0.00054,0.20290
CVE-2022-0021,0.00044,0.10161
CVE-2022-0022,0.00042,0.05722
CVE-2022-0023,0.00081,0.33670
CVE-2022-0024,0.00105,0.42644
CVE-2022-0025,0.00042,0.05722
CVE-2022-0026,0.00042,0.05722
CVE-2022-0027,0.00054,0.20290
CVE-2022-0028,0.00365,0.69617
CVE-2022-0029,0.00042,0.05722
CVE-2022-0030,0.00167,0.53522
CVE-2022-0031,0.00043,0.06775
CVE-2022-0070,0.00048,0.14460
CVE-2022-0071,0.00048,0.14460
CVE-2022-0072,0.00062,0.24594
CVE-2022-0073,0.00061,0.24129
CVE-2022-0074,0.00085,0.35505
CVE-2022-0079,0.00068,0.28323
CVE-2022-0080,0.00194,0.57318
CVE-2022-0083,0.00068,0.28323
CVE-2022-0084,0.00112,0.44418
CVE-2022-0085,0.00068,0.28323
CVE-2022-0086,0.00194,0.57318
CVE-2022-0087,0.00100,0.40911
CVE-2022-0088,0.00069,0.28703
CVE-2022-0090,0.00067,0.27897
CVE-2022-0093,0.00067,0.27897
CVE-2022-0096,0.00551,0.75169
CVE-2022-0097,0.00177,0.54918
CVE-2022-0098,0.00226,0.60902
CVE-2022-0099,0.00454,0.72632
CVE-2022-0100,0.00739,0.78891
CVE-2022-0101,0.01014,0.82161
CVE-2022-0102,0.00731,0.78780
CVE-2022-0103,0.00613,0.76500
CVE-2022-0104,0.00566,0.75473
CVE-2022-0105,0.00582,0.75827
CVE-2022-0106,0.00551,0.75169
CVE-2022-0107,0.00238,0.62000
CVE-2022-0108,0.00574,0.75656
CVE-2022-0109,0.00298,0.66358
CVE-2022-0110,0.00443,0.72325
CVE-2022-0111,0.00451,0.72543
CVE-2022-0112,0.00306,0.66788
CVE-2022-0113,0.00355,0.69182
CVE-2022-0114,0.00373,0.69931
CVE-2022-0115,0.00551,0.75169
CVE-2022-0116,0.00397,0.70883
CVE-2022-0117,0.00339,0.68483
CVE-2022-0118,0.00306,0.66788
CVE-2022-0120,0.00297,0.66291
CVE-2022-0121,0.00096,0.39810
CVE-2022-0122,0.00068,0.28323
CVE-2022-0123,0.00064,0.26201
CVE-2022-0124,0.00065,0.26898
CVE-2022-0125,0.00067,0.27897
CVE-2022-0128,0.00093,0.38960
CVE-2022-0129,0.00044,0.10161
CVE-2022-0130,0.00253,0.63259
CVE-2022-0131,0.00044,0.10161
CVE-2022-0132,0.00148,0.50784
CVE-2022-0133,0.00130,0.47842
CVE-2022-0134,0.00106,0.42853
CVE-2022-0135,0.00043,0.07702
CVE-2022-0136,0.00109,0.43557
CVE-2022-0137,0.00044,0.10453
CVE-2022-0138,0.00074,0.30569
CVE-2022-0139,0.00194,0.57318
CVE-2022-0140,0.00966,0.81709
CVE-2022-0141,0.00053,0.19044
CVE-2022-0142,0.00307,0.66824
CVE-2022-0143,0.00245,0.62573
CVE-2022-0144,0.00048,0.14460
CVE-2022-0145,0.00053,0.18833
CVE-2022-0147,0.00100,0.40911
CVE-2022-0148,0.00144,0.50228
CVE-2022-0149,0.00100,0.40911
CVE-2022-0150,0.00100,0.40911
CVE-2022-0151,0.00081,0.33872
CVE-2022-0152,0.00069,0.28526
CVE-2022-0153,0.00069,0.28703
CVE-2022-0154,0.00126,0.47207
CVE-2022-0155,0.00111,0.44282
CVE-2022-0156,0.00081,0.33905
CVE-2022-0157,0.00106,0.42710
CVE-2022-0158,0.00082,0.34006
CVE-2022-0159,0.00053,0.18833
CVE-2022-0161,0.00068,0.28323
CVE-2022-0162,0.00510,0.74159
CVE-2022-0163,0.00076,0.31357
CVE-2022-0164,0.00053,0.18634
CVE-2022-0165,0.00100,0.40918
CVE-2022-0166,0.00044,0.10161
CVE-2022-0167,0.00087,0.35933
CVE-2022-0168,0.00042,0.05722
CVE-2022-0169,0.01284,0.84376
CVE-2022-0170,0.00050,0.16378
CVE-2022-0171,0.00045,0.11966
CVE-2022-0172,0.00073,0.30224
CVE-2022-0173,0.00093,0.39038
CVE-2022-0174,0.00058,0.22585
CVE-2022-0175,0.00046,0.13791
CVE-2022-0176,0.00068,0.28323
CVE-2022-0178,0.00053,0.18833
CVE-2022-0179,0.00053,0.18833
CVE-2022-0180,0.00126,0.47133
CVE-2022-0181,0.00148,0.50786
CVE-2022-0182,0.00090,0.37980
CVE-2022-0183,0.00055,0.20608
CVE-2022-0184,0.00054,0.19626
CVE-2022-0185,0.00060,0.23539
CVE-2022-0186,0.00058,0.22585
CVE-2022-0188,0.00068,0.28323
CVE-2022-0189,0.00100,0.40911
CVE-2022-0190,0.00088,0.36822
CVE-2022-0191,0.00069,0.28703
CVE-2022-0192,0.00062,0.24373
CVE-2022-0193,0.00068,0.28323
CVE-2022-0194,0.00892,0.80909
CVE-2022-0196,0.00180,0.55266
CVE-2022-0197,0.00180,0.55266
CVE-2022-0198,0.00074,0.30513
CVE-2022-0199,0.00068,0.28323
CVE-2022-0200,0.00058,0.22585
CVE-2022-0201,0.00100,0.40911
CVE-2022-0203,0.00068,0.28323
CVE-2022-0204,0.00071,0.29433
CVE-2022-0205,0.00058,0.22585
CVE-2022-0206,0.00106,0.42926
CVE-2022-0207,0.00047,0.14180
CVE-2022-0208,0.00106,0.42926
CVE-2022-0209,0.00054,0.20290
CVE-2022-0210,0.00063,0.24955
CVE-2022-0211,0.00058,0.22585
CVE-2022-0212,0.00086,0.35836
CVE-2022-0213,0.00086,0.35617
CVE-2022-0214,0.00131,0.48049
CVE-2022-0215,0.00378,0.70134
CVE-2022-0216,0.00044,0.10467
CVE-2022-0217,0.00084,0.34823
CVE-2022-0218,0.03872,0.91089
CVE-2022-0219,0.00073,0.30031
CVE-2022-0220,0.00124,0.46772
CVE-2022-0221,0.00067,0.27635
CVE-2022-0222,0.00078,0.32333
CVE-2022-0223,0.00265,0.64249
CVE-2022-0224,0.00194,0.57318
CVE-2022-0225,0.00056,0.20979
CVE-2022-0226,0.00068,0.28323
CVE-2022-0228,0.03820,0.91037
CVE-2022-0229,0.00093,0.39260
CVE-2022-0230,0.00117,0.45540
CVE-2022-0231,0.00069,0.28703
CVE-2022-0232,0.00062,0.24442
CVE-2022-0233,0.00062,0.24442
CVE-2022-0234,0.00100,0.40911
CVE-2022-0235,0.00137,0.49133
CVE-2022-0236,0.00161,0.52747
CVE-2022-0237,0.00042,0.05722
CVE-2022-0238,0.00094,0.39379
CVE-2022-0239,0.00194,0.57318
CVE-2022-0240,0.00088,0.37038
CVE-2022-0242,0.00098,0.40432
CVE-2022-0243,0.00053,0.18833
CVE-2022-0244,0.00171,0.54221
CVE-2022-0245,0.00068,0.28323
CVE-2022-0246,0.00058,0.22585
CVE-2022-0247,0.00042,0.05722
CVE-2022-0248,0.00073,0.30169
CVE-2022-0249,0.00170,0.54130
CVE-2022-0250,0.00095,0.39559
CVE-2022-0251,0.00053,0.18833
CVE-2022-0252,0.00068,0.28323
CVE-2022-0253,0.00053,0.18833
CVE-2022-0254,0.00163,0.52968
CVE-2022-0255,0.00088,0.36822
CVE-2022-0256,0.00053,0.18833
CVE-2022-0257,0.00053,0.18833
CVE-2022-0258,0.00098,0.40432
CVE-2022-0260,0.00053,0.18833
CVE-2022-0261,0.00089,0.37289
CVE-2022-0262,0.00068,0.28323
CVE-2022-0263,0.00048,0.14460
CVE-2022-0264,0.00042,0.05722
CVE-2022-0265,0.00194,0.57318
CVE-2022-0266,0.00098,0.40432
CVE-2022-0267,0.00088,0.36822
CVE-2022-0268,0.00053,0.18833
CVE-2022-0269,0.00096,0.39765
CVE-2022-0270,0.00104,0.42231
CVE-2022-0271,0.00106,0.42926
CVE-2022-0272,0.00194,0.57318
CVE-2022-0273,0.00053,0.18833
CVE-2022-0274,0.00053,0.18833
CVE-2022-0277,0.00061,0.23873
CVE-2022-0278,0.00053,0.18833
CVE-2022-0279,0.00058,0.22585
CVE-2022-0280,0.00043,0.07315
CVE-2022-0281,0.00490,0.73637
CVE-2022-0282,0.00069,0.28703
CVE-2022-0283,0.00078,0.32206
CVE-2022-0284,0.00055,0.20748
CVE-2022-0285,0.00053,0.18833
CVE-2022-0286,0.00043,0.07608
CVE-2022-0287,0.00058,0.22585
CVE-2022-0288,0.00106,0.42926
CVE-2022-0289,0.00816,0.80013
CVE-2022-0290,0.00552,0.75180
CVE-2022-0291,0.00112,0.44594
CVE-2022-0292,0.00110,0.44026
CVE-2022-0293,0.01804,0.86872
CVE-2022-0294,0.00112,0.44594
CVE-2022-0295,0.04125,0.91344
CVE-2022-0296,0.04125,0.91344
CVE-2022-0297,0.04125,0.91344
CVE-2022-0298,0.04125,0.91344
CVE-2022-0300,0.04125,0.91344
CVE-2022-0301,0.00053,0.18845
CVE-2022-0302,0.00243,0.62356
CVE-2022-0304,0.04125,0.91344
CVE-2022-0305,0.00091,0.38490
CVE-2022-0306,0.00282,0.65352
CVE-2022-0307,0.02953,0.89869
CVE-2022-0308,0.04125,0.91344
CVE-2022-0309,0.00091,0.38490
CVE-2022-0310,0.00109,0.43582
CVE-2022-0311,0.00109,0.43582
CVE-2022-0313,0.00068,0.28323
CVE-2022-0314,0.00095,0.39559
CVE-2022-0315,0.00091,0.38427
CVE-2022-0316,0.00308,0.66886
CVE-2022-0317,0.00042,0.05722
CVE-2022-0318,0.00906,0.81060
CVE-2022-0319,0.00086,0.35810
CVE-2022-0320,0.00176,0.54853
CVE-2022-0321,0.00109,0.43895
CVE-2022-0322,0.00043,0.07608
CVE-2022-0323,0.00117,0.45469
CVE-2022-0324,0.00117,0.45524
CVE-2022-0326,0.00057,0.21445
CVE-2022-0327,0.00109,0.43895
CVE-2022-0328,0.00068,0.28323
CVE-2022-0330,0.00042,0.05722
CVE-2022-0331,0.00125,0.46935
CVE-2022-0332,0.00240,0.62137
CVE-2022-0333,0.00054,0.20290
CVE-2022-0334,0.00054,0.20290
CVE-2022-0335,0.00073,0.30411
CVE-2022-0336,0.00333,0.68262
CVE-2022-0337,0.00113,0.44679
CVE-2022-0338,0.00046,0.13793
CVE-2022-0339,0.00194,0.57318
CVE-2022-0341,0.00053,0.18833
CVE-2022-0342,0.07467,0.93491
CVE-2022-0343,0.00042,0.05722
CVE-2022-0344,0.00099,0.40721
CVE-2022-0345,0.00053,0.18634
CVE-2022-0346,0.00088,0.36972
CVE-2022-0347,0.00095,0.39559
CVE-2022-0348,0.00053,0.18833
CVE-2022-0349,0.03383,0.90511
CVE-2022-0350,0.00053,0.18833
CVE-2022-0351,0.00077,0.31957
CVE-2022-0352,0.00068,0.28323
CVE-2022-0353,0.00042,0.05722
CVE-2022-0354,0.00042,0.05722
CVE-2022-0355,0.00132,0.48177
CVE-2022-0357,0.00043,0.06775
CVE-2022-0358,0.00042,0.05722
CVE-2022-0359,0.00128,0.47469
CVE-2022-0360,0.00073,0.30002
CVE-2022-0361,0.00089,0.37289
CVE-2022-0362,0.00170,0.53970
CVE-2022-0363,0.00053,0.18634
CVE-2022-0364,0.00058,0.22585
CVE-2022-0365,0.00156,0.52049
CVE-2022-0366,0.00104,0.42231
CVE-2022-0367,0.00050,0.16834
CVE-2022-0368,0.00136,0.48948
CVE-2022-0370,0.00053,0.18833
CVE-2022-0371,0.00054,0.20290
CVE-2022-0372,0.00053,0.18833
CVE-2022-0373,0.00061,0.24128
CVE-2022-0374,0.00053,0.18833
CVE-2022-0375,0.00053,0.18833
CVE-2022-0376,0.00058,0.22585
CVE-2022-0377,0.00331,0.68161
CVE-2022-0378,0.00100,0.40911
CVE-2022-0379,0.00053,0.18833
CVE-2022-0380,0.00068,0.28323
CVE-2022-0381,0.00218,0.59841
CVE-2022-0382,0.00042,0.05722
CVE-2022-0383,0.00086,0.35789
CVE-2022-0384,0.00053,0.18833
CVE-2022-0385,0.00109,0.43895
CVE-2022-0386,0.00088,0.37165
CVE-2022-0387,0.00053,0.18833
CVE-2022-0388,0.00058,0.22585
CVE-2022-0389,0.00058,0.22585
CVE-2022-0390,0.00061,0.24128
CVE-2022-0391,0.00213,0.59294
CVE-2022-0392,0.00131,0.47915
CVE-2022-0393,0.00115,0.45022
CVE-2022-0394,0.00053,0.18833
CVE-2022-0395,0.00053,0.18833
CVE-2022-0396,0.00193,0.57171
CVE-2022-0397,0.00058,0.22585
CVE-2022-0398,0.00053,0.18634
CVE-2022-0399,0.00068,0.28323
CVE-2022-0400,0.00088,0.36998
CVE-2022-0401,0.00176,0.54812
CVE-2022-0402,0.00046,0.13740
CVE-2022-0403,0.00079,0.32837
CVE-2022-0404,0.00079,0.32837
CVE-2022-0405,0.00053,0.18833
CVE-2022-0406,0.00053,0.18833
CVE-2022-0407,0.00104,0.41986
CVE-2022-0408,0.00103,0.41729
CVE-2022-0409,0.00074,0.30513
CVE-2022-0410,0.00088,0.36822
CVE-2022-0411,0.00079,0.32857
CVE-2022-0412,0.09127,0.94092
CVE-2022-0413,0.00098,0.40347
CVE-2022-0414,0.00053,0.18833
CVE-2022-0415,0.14880,0.95323
CVE-2022-0417,0.00092,0.38908
CVE-2022-0418,0.00058,0.22585
CVE-2022-0419,0.00119,0.45882
CVE-2022-0420,0.00098,0.40432
CVE-2022-0421,0.00082,0.34119
CVE-2022-0422,0.00100,0.40911
CVE-2022-0423,0.00058,0.22585
CVE-2022-0424,0.00082,0.34091
CVE-2022-0425,0.00076,0.31394
CVE-2022-0426,0.00053,0.18833
CVE-2022-0427,0.00132,0.48239
CVE-2022-0428,0.00095,0.39559
CVE-2022-0429,0.00109,0.43895
CVE-2022-0430,0.00068,0.28323
CVE-2022-0431,0.00068,0.28323
CVE-2022-0432,0.00100,0.40911
CVE-2022-0433,0.00042,0.05722
CVE-2022-0434,0.03633,0.90811
CVE-2022-0435,0.01039,0.82400
CVE-2022-0436,0.00045,0.12069
CVE-2022-0437,0.00100,0.40911
CVE-2022-0439,0.00076,0.31197
CVE-2022-0440,0.00104,0.42382
CVE-2022-0441,0.18749,0.95802
CVE-2022-0442,0.00058,0.22585
CVE-2022-0443,0.00098,0.40347
CVE-2022-0444,0.00092,0.38770
CVE-2022-0445,0.00062,0.24284
CVE-2022-0446,0.00053,0.18436
CVE-2022-0447,0.00058,0.22585
CVE-2022-0448,0.00089,0.37485
CVE-2022-0449,0.00095,0.39559
CVE-2022-0450,0.00058,0.22585
CVE-2022-0451,0.00056,0.20987
CVE-2022-0452,0.00112,0.44392
CVE-2022-0453,0.00235,0.61687
CVE-2022-0454,0.00109,0.43765
CVE-2022-0455,0.00100,0.41022
CVE-2022-0456,0.00235,0.61687
CVE-2022-0457,0.00109,0.43765
CVE-2022-0458,0.00235,0.61687
CVE-2022-0459,0.03493,0.90645
CVE-2022-0460,0.00235,0.61687
CVE-2022-0461,0.00093,0.39079
CVE-2022-0462,0.00103,0.41600
CVE-2022-0463,0.00235,0.61687
CVE-2022-0464,0.00235,0.61687
CVE-2022-0465,0.00235,0.61687
CVE-2022-0466,0.00120,0.46169
CVE-2022-0467,0.00135,0.48681
CVE-2022-0468,0.00235,0.61687
CVE-2022-0469,0.00235,0.61687
CVE-2022-0470,0.00115,0.45001
CVE-2022-0471,0.00068,0.28323
CVE-2022-0472,0.00053,0.18833
CVE-2022-0473,0.00054,0.20290
CVE-2022-0474,0.00054,0.20290
CVE-2022-0475,0.00054,0.20290
CVE-2022-0476,0.00093,0.39038
CVE-2022-0477,0.00081,0.33872
CVE-2022-0478,0.00098,0.40432
CVE-2022-0479,0.00170,0.53970
CVE-2022-0480,0.00045,0.11966
CVE-2022-0481,0.00088,0.37038
CVE-2022-0482,0.04316,0.91514
CVE-2022-0483,0.00042,0.05722
CVE-2022-0484,0.00201,0.58090
CVE-2022-0485,0.00104,0.42291
CVE-2022-0486,0.00044,0.08107
CVE-2022-0487,0.00042,0.05722
CVE-2022-0488,0.00072,0.29893
CVE-2022-0489,0.00122,0.46381
CVE-2022-0492,0.09515,0.94224
CVE-2022-0493,0.00061,0.24190
CVE-2022-0494,0.00042,0.05722
CVE-2022-0495,0.00127,0.47355
CVE-2022-0496,0.00053,0.18310
CVE-2022-0497,0.00058,0.22797
CVE-2022-0499,0.00106,0.42853
CVE-2022-0500,0.00042,0.05722
CVE-2022-0501,0.00068,0.28323
CVE-2022-0502,0.00053,0.18833
CVE-2022-0503,0.00095,0.39559
CVE-2022-0504,0.00070,0.28854
CVE-2022-0505,0.00069,0.28703
CVE-2022-0506,0.00053,0.18833
CVE-2022-0507,0.00179,0.55146
CVE-2022-0508,0.00068,0.28323
CVE-2022-0509,0.00053,0.18833
CVE-2022-0510,0.00053,0.18833
CVE-2022-0511,0.00157,0.52107
CVE-2022-0512,0.00080,0.33215
CVE-2022-0513,0.00129,0.47746
CVE-2022-0514,0.00053,0.18671
CVE-2022-0515,0.00068,0.28323
CVE-2022-0516,0.00042,0.05722
CVE-2022-0517,0.00043,0.06775
CVE-2022-0518,0.00090,0.37710
CVE-2022-0519,0.00080,0.33315
CVE-2022-0520,0.00091,0.38506
CVE-2022-0521,0.00082,0.34124
CVE-2022-0522,0.00080,0.33315
CVE-2022-0523,0.00091,0.38506
CVE-2022-0524,0.00130,0.47812
CVE-2022-0525,0.00186,0.56052
CVE-2022-0526,0.00068,0.28323
CVE-2022-0527,0.00068,0.28323
CVE-2022-0528,0.00148,0.50784
CVE-2022-0529,0.00121,0.46222
CVE-2022-0530,0.00169,0.53916
CVE-2022-0531,0.00095,0.39559
CVE-2022-0532,0.00072,0.29893
CVE-2022-0533,0.00100,0.40911
CVE-2022-0534,0.00060,0.23585
CVE-2022-0535,0.00084,0.34821
CVE-2022-0536,0.00133,0.48411
CVE-2022-0537,0.00102,0.41403
CVE-2022-0538,0.00101,0.41058
CVE-2022-0539,0.00053,0.18833
CVE-2022-0540,0.25982,0.96308
CVE-2022-0541,0.00283,0.65421
CVE-2022-0542,0.00066,0.27216
CVE-2022-0543,0.97088,0.99733
CVE-2022-0544,0.00085,0.35319
CVE-2022-0545,0.00102,0.41541
CVE-2022-0546,0.00125,0.46873
CVE-2022-0547,0.00502,0.73975
CVE-2022-0549,0.00058,0.22585
CVE-2022-0550,0.00095,0.39710
CVE-2022-0551,0.00095,0.39710
CVE-2022-0552,0.00091,0.38109
CVE-2022-0553,0.00052,0.18120
CVE-2022-0554,0.00098,0.40347
CVE-2022-0556,0.00045,0.12491
CVE-2022-0557,0.02414,0.88877
CVE-2022-0558,0.00053,0.18833
CVE-2022-0559,0.00208,0.58741
CVE-2022-0560,0.00068,0.28323
CVE-2022-0561,0.00098,0.40333
CVE-2022-0562,0.00098,0.40333
CVE-2022-0563,0.00047,0.13943
CVE-2022-0564,0.00148,0.50821
CVE-2022-0565,0.00053,0.18833
CVE-2022-0566,0.00157,0.52107
CVE-2022-0567,0.00065,0.26779
CVE-2022-0569,0.00068,0.28323
CVE-2022-0570,0.00194,0.57318
CVE-2022-0571,0.00120,0.46182
CVE-2022-0572,0.00124,0.46709
CVE-2022-0573,0.00213,0.59307
CVE-2022-0574,0.00068,0.28323
CVE-2022-0575,0.00062,0.24442
CVE-2022-0576,0.00079,0.32893
CVE-2022-0577,0.00133,0.48327
CVE-2022-0578,0.00085,0.35320
CVE-2022-0579,0.00070,0.28854
CVE-2022-0580,0.00279,0.65097
CVE-2022-0581,0.00143,0.50101
CVE-2022-0582,0.00372,0.69905
CVE-2022-0583,0.00143,0.50101
CVE-2022-0585,0.00155,0.51832
CVE-2022-0586,0.00143,0.50101
CVE-2022-0587,0.00062,0.24442
CVE-2022-0588,0.00106,0.42737
CVE-2022-0589,0.00062,0.24442
CVE-2022-0590,0.00058,0.22585
CVE-2022-0591,0.03628,0.90803
CVE-2022-0592,0.00199,0.57867
CVE-2022-0593,0.00086,0.35680
CVE-2022-0594,0.00216,0.59613
CVE-2022-0595,0.00102,0.41296
CVE-2022-0596,0.00053,0.18833
CVE-2022-0597,0.00115,0.45045
CVE-2022-0598,0.00056,0.20979
CVE-2022-0599,0.00106,0.42926
CVE-2022-0600,0.00095,0.39559
CVE-2022-0601,0.00068,0.28323
CVE-2022-0602,0.00053,0.18833
CVE-2022-0603,0.04130,0.91348
CVE-2022-0604,0.00120,0.46169
CVE-2022-0605,0.00145,0.50426
CVE-2022-0606,0.04130,0.91348
CVE-2022-0607,0.04130,0.91348
CVE-2022-0608,0.00130,0.47851
CVE-2022-0609,0.05681,0.92603
CVE-2022-0610,0.00130,0.47851
CVE-2022-0611,0.00098,0.40432
CVE-2022-0612,0.00053,0.18833
CVE-2022-0613,0.00080,0.33215
CVE-2022-0614,0.00051,0.17176
CVE-2022-0615,0.00089,0.37607
CVE-2022-0616,0.00061,0.23796
CVE-2022-0617,0.00042,0.05722
CVE-2022-0618,0.00179,0.55159
CVE-2022-0619,0.00095,0.39559
CVE-2022-0620,0.00095,0.39559
CVE-2022-0621,0.00095,0.39559
CVE-2022-0622,0.00068,0.28323
CVE-2022-0623,0.00186,0.56052
CVE-2022-0624,0.00088,0.37038
CVE-2022-0625,0.00095,0.39559
CVE-2022-0626,0.00095,0.39559
CVE-2022-0627,0.00095,0.39559
CVE-2022-0628,0.00068,0.28323
CVE-2022-0629,0.00103,0.41729
CVE-2022-0630,0.00073,0.30031
CVE-2022-0631,0.00194,0.57318
CVE-2022-0632,0.00057,0.21445
CVE-2022-0633,0.00259,0.63775
CVE-2022-0634,0.00053,0.18634
CVE-2022-0635,0.00097,0.40203
CVE-2022-0636,0.00044,0.10161
CVE-2022-0637,0.00050,0.16429
CVE-2022-0638,0.00053,0.18302
CVE-2022-0639,0.00080,0.33215
CVE-2022-0640,0.00068,0.28323
CVE-2022-0641,0.00095,0.39559
CVE-2022-0642,0.00053,0.18634
CVE-2022-0643,0.00095,0.39559
CVE-2022-0645,0.00068,0.28323
CVE-2022-0646,0.00042,0.05722
CVE-2022-0647,0.00095,0.39559
CVE-2022-0648,0.00095,0.39559
CVE-2022-0649,0.00058,0.22585
CVE-2022-0650,0.00051,0.17029
CVE-2022-0651,0.34697,0.96730
CVE-2022-0652,0.00042,0.05722
CVE-2022-0653,0.00206,0.58618
CVE-2022-0654,0.00159,0.52368
CVE-2022-0656,0.00684,0.77984
CVE-2022-0657,0.00199,0.57867
CVE-2022-0658,0.03633,0.90811
CVE-2022-0659,0.00058,0.22585
CVE-2022-0660,0.00691,0.78109
CVE-2022-0661,0.00233,0.61496
CVE-2022-0662,0.00058,0.22585
CVE-2022-0663,0.00058,0.22585
CVE-2022-0664,0.00194,0.57318
CVE-2022-0665,0.00076,0.31395
CVE-2022-0666,0.00148,0.50784
CVE-2022-0667,0.00097,0.40203
CVE-2022-0668,0.00124,0.46692
CVE-2022-0669,0.00045,0.11966
CVE-2022-0670,0.00136,0.48938
CVE-2022-0671,0.00210,0.58988
CVE-2022-0672,0.00042,0.05722
CVE-2022-0673,0.00156,0.51908
CVE-2022-0674,0.00058,0.22585
CVE-2022-0675,0.00201,0.58090
CVE-2022-0676,0.00091,0.38506
CVE-2022-0677,0.00107,0.43020
CVE-2022-0678,0.00143,0.50035
CVE-2022-0679,0.03099,0.90091
CVE-2022-0680,0.00117,0.45540
CVE-2022-0681,0.00062,0.24284
CVE-2022-0683,0.00061,0.24174
CVE-2022-0684,0.00053,0.18833
CVE-2022-0685,0.00098,0.40347
CVE-2022-0686,0.00126,0.47137
CVE-2022-0687,0.00104,0.42382
CVE-2022-0688,0.00053,0.18671
CVE-2022-0689,0.00068,0.28323
CVE-2022-0690,0.00068,0.28323
CVE-2022-0691,0.00236,0.61755
CVE-2022-0692,0.00100,0.40911
CVE-2022-0693,0.02977,0.89906
CVE-2022-0694,0.00155,0.51834
CVE-2022-0695,0.00093,0.39038
CVE-2022-0696,0.00078,0.32752
CVE-2022-0697,0.00068,0.28323
CVE-2022-0698,0.00113,0.44728
CVE-2022-0699,0.00157,0.52119
CVE-2022-0700,0.00058,0.22585
CVE-2022-0701,0.00058,0.22585
CVE-2022-0702,0.00058,0.22585
CVE-2022-0703,0.00058,0.22585
CVE-2022-0704,0.00053,0.18833
CVE-2022-0705,0.00053,0.18833
CVE-2022-0706,0.00053,0.18833
CVE-2022-0707,0.00068,0.28323
CVE-2022-0708,0.00065,0.26756
CVE-2022-0709,0.00167,0.53476
CVE-2022-0710,0.00072,0.29847
CVE-2022-0711,0.10750,0.94586
CVE-2022-0712,0.00093,0.39038
CVE-2022-0713,0.00090,0.37710
CVE-2022-0714,0.00074,0.30516
CVE-2022-0715,0.00091,0.38389
CVE-2022-0717,0.00186,0.56052
CVE-2022-0718,0.00127,0.47230
CVE-2022-0719,0.00053,0.18833
CVE-2022-0720,0.00058,0.22585
CVE-2022-0721,0.00070,0.28854
CVE-2022-0722,0.00148,0.50784
CVE-2022-0723,0.00053,0.18833
CVE-2022-0724,0.00070,0.28854
CVE-2022-0725,0.00150,0.51158
CVE-2022-0726,0.00053,0.18833
CVE-2022-0727,0.00053,0.18833
CVE-2022-0728,0.00058,0.22585
CVE-2022-0729,0.00283,0.65399
CVE-2022-0730,0.00447,0.72420
CVE-2022-0731,0.00061,0.24115
CVE-2022-0732,0.00151,0.51243
CVE-2022-0734,0.00072,0.29847
CVE-2022-0735,0.03278,0.90364
CVE-2022-0736,0.00088,0.37038
CVE-2022-0737,0.00058,0.22585
CVE-2022-0738,0.00158,0.52341
CVE-2022-0739,0.00583,0.75858
CVE-2022-0740,0.00081,0.33734
CVE-2022-0741,0.00114,0.44926
CVE-2022-0742,0.00309,0.66945
CVE-2022-0743,0.00053,0.18833
CVE-2022-0745,0.00058,0.22585
CVE-2022-0746,0.00053,0.18671
CVE-2022-0747,0.02788,0.89621
CVE-2022-0748,0.00520,0.74398
CVE-2022-0749,0.00258,0.63641
CVE-2022-0750,0.00062,0.24442
CVE-2022-0751,0.00219,0.59891
CVE-2022-0752,0.00068,0.28323
CVE-2022-0753,0.00068,0.28323
CVE-2022-0754,0.00070,0.28854
CVE-2022-0755,0.00053,0.18833
CVE-2022-0756,0.00070,0.28854
CVE-2022-0757,0.00087,0.36089
CVE-2022-0758,0.00072,0.29847
CVE-2022-0759,0.00109,0.43621
CVE-2022-0760,0.02788,0.89621
CVE-2022-0762,0.00053,0.18833
CVE-2022-0763,0.00053,0.18833
CVE-2022-0764,0.00100,0.40993
CVE-2022-0765,0.00058,0.22585
CVE-2022-0766,0.00194,0.57318
CVE-2022-0767,0.00088,0.37038
CVE-2022-0768,0.00150,0.51201
CVE-2022-0769,0.02977,0.89906
CVE-2022-0770,0.00106,0.42853
CVE-2022-0771,0.00199,0.57867
CVE-2022-0772,0.00053,0.18833
CVE-2022-0773,0.05057,0.92168
CVE-2022-0775,0.00050,0.15935
CVE-2022-0776,0.00100,0.40911
CVE-2022-0777,0.00069,0.28703
CVE-2022-0778,0.01342,0.84713
CVE-2022-0779,0.00087,0.36460
CVE-2022-0780,0.00117,0.45540
CVE-2022-0781,0.01619,0.86175
CVE-2022-0782,0.00199,0.57867
CVE-2022-0783,0.00199,0.57867
CVE-2022-0784,0.03633,0.90811
CVE-2022-0785,0.03633,0.90811
CVE-2022-0786,0.05057,0.92168
CVE-2022-0787,0.03633,0.90811
CVE-2022-0788,0.05057,0.92168
CVE-2022-0789,0.00258,0.63654
CVE-2022-0790,0.00200,0.57923
CVE-2022-0791,0.00304,0.66645
CVE-2022-0792,0.00158,0.52263
CVE-2022-0793,0.00153,0.51621
CVE-2022-0794,0.00304,0.66645
CVE-2022-0795,0.00201,0.58011
CVE-2022-0796,0.00304,0.66645
CVE-2022-0797,0.00185,0.55876
CVE-2022-0798,0.00132,0.48168
CVE-2022-0799,0.00133,0.48423
CVE-2022-0800,0.00201,0.58011
CVE-2022-0801,0.00083,0.34459
CVE-2022-0802,0.00137,0.49037
CVE-2022-0803,0.00137,0.49037
CVE-2022-0804,0.00137,0.49037
CVE-2022-0805,0.00304,0.66645
CVE-2022-0806,0.00158,0.52263
CVE-2022-0807,0.00151,0.51315
CVE-2022-0808,0.00304,0.66645
CVE-2022-0809,0.00185,0.55876
CVE-2022-0811,0.00122,0.46500
CVE-2022-0812,0.00092,0.38846
CVE-2022-0813,0.00136,0.48980
CVE-2022-0814,0.05057,0.92168
CVE-2022-0815,0.00150,0.51182
CVE-2022-0817,0.05057,0.92168
CVE-2022-0818,0.00117,0.45540
CVE-2022-0819,0.00202,0.58191
CVE-2022-0820,0.00068,0.28323
CVE-2022-0821,0.00053,0.18833
CVE-2022-0822,0.00053,0.18833
CVE-2022-0823,0.00058,0.22019
CVE-2022-0824,0.97246,0.99819
CVE-2022-0825,0.00053,0.18833
CVE-2022-0826,0.05057,0.92168
CVE-2022-0827,0.05057,0.92168
CVE-2022-0828,0.00205,0.58568
CVE-2022-0829,0.00160,0.52550
CVE-2022-0830,0.00062,0.24284
CVE-2022-0831,0.00053,0.18833
CVE-2022-0832,0.00073,0.30002
CVE-2022-0833,0.00092,0.38770
CVE-2022-0834,0.00054,0.20290
CVE-2022-0835,0.00044,0.08189
CVE-2022-0836,0.00199,0.57867
CVE-2022-0837,0.00058,0.22585
CVE-2022-0838,0.00068,0.28323
CVE-2022-0839,0.00697,0.78208
CVE-2022-0840,0.00058,0.22585
CVE-2022-0841,0.00248,0.62810
CVE-2022-0842,0.00065,0.26767
CVE-2022-0843,0.00157,0.52107
CVE-2022-0845,0.00342,0.68624
CVE-2022-0846,0.03633,0.90811
CVE-2022-0847,0.07584,0.93527
CVE-2022-0848,0.03930,0.91152
CVE-2022-0849,0.00057,0.21445
CVE-2022-0850,0.00042,0.05774
CVE-2022-0851,0.00043,0.06775
CVE-2022-0852,0.00048,0.14576
CVE-2022-0853,0.00081,0.33923
CVE-2022-0854,0.00042,0.05722
CVE-2022-0855,0.00068,0.28323
CVE-2022-0856,0.00160,0.52580
CVE-2022-0857,0.00081,0.33666
CVE-2022-0858,0.00081,0.33666
CVE-2022-0859,0.00042,0.05722
CVE-2022-0860,0.00149,0.50913
CVE-2022-0861,0.00054,0.20290
CVE-2022-0862,0.00136,0.49009
CVE-2022-0863,0.00260,0.63836
CVE-2022-0864,0.00242,0.62230
CVE-2022-0865,0.00306,0.66761
CVE-2022-0866,0.00072,0.29847
CVE-2022-0867,0.09183,0.94110
CVE-2022-0868,0.00068,0.28323
CVE-2022-0869,0.00115,0.45045
CVE-2022-0870,0.00179,0.55238
CVE-2022-0871,0.00150,0.51201
CVE-2022-0873,0.00058,0.22585
CVE-2022-0874,0.00058,0.22585
CVE-2022-0875,0.00061,0.23796
CVE-2022-0876,0.00058,0.22585
CVE-2022-0877,0.00053,0.18833
CVE-2022-0878,0.00051,0.17017
CVE-2022-0879,0.00095,0.39559
CVE-2022-0880,0.00053,0.18833
CVE-2022-0881,0.00070,0.28854
CVE-2022-0882,0.00048,0.14460
CVE-2022-0883,0.00044,0.10161
CVE-2022-0884,0.00053,0.18833
CVE-2022-0885,0.28394,0.96448
CVE-2022-0887,0.00088,0.36822
CVE-2022-0888,0.01089,0.82850
CVE-2022-0889,0.00083,0.34426
CVE-2022-0890,0.00057,0.21445
CVE-2022-0891,0.00633,0.76918
CVE-2022-0892,0.00095,0.39559
CVE-2022-0893,0.00053,0.18833
CVE-2022-0894,0.00053,0.18833
CVE-2022-0895,0.00194,0.57318
CVE-2022-0896,0.00278,0.65016
CVE-2022-0897,0.00072,0.29893
CVE-2022-0898,0.00058,0.22585
CVE-2022-0899,0.00122,0.46404
CVE-2022-0900,0.00054,0.20290
CVE-2022-0901,0.00145,0.50337
CVE-2022-0902,0.00106,0.42796
CVE-2022-0903,0.00089,0.37607
CVE-2022-0904,0.00075,0.30965
CVE-2022-0905,0.00070,0.28854
CVE-2022-0906,0.00053,0.18833
CVE-2022-0907,0.00167,0.53496
CVE-2022-0908,0.00127,0.47300
CVE-2022-0909,0.00167,0.53496
CVE-2022-0910,0.00054,0.20290
CVE-2022-0911,0.00053,0.18833
CVE-2022-0912,0.00053,0.18833
CVE-2022-0913,0.00088,0.37038
CVE-2022-0914,0.00104,0.42305
CVE-2022-0915,0.00044,0.10161
CVE-2022-0916,0.00075,0.30903
CVE-2022-0918,0.00206,0.58585
CVE-2022-0919,0.00098,0.40470
CVE-2022-0920,0.00205,0.58568
CVE-2022-0921,0.00100,0.40810
CVE-2022-0922,0.00048,0.14803
CVE-2022-0923,0.00137,0.49064
CVE-2022-0924,0.00158,0.52280
CVE-2022-0926,0.00053,0.18833
CVE-2022-0928,0.00144,0.50228
CVE-2022-0929,0.00068,0.28323
CVE-2022-0930,0.00053,0.18833
CVE-2022-0932,0.00070,0.28854
CVE-2022-0934,0.00106,0.42967
CVE-2022-0935,0.00189,0.56518
CVE-2022-0936,0.00053,0.18833
CVE-2022-0937,0.00053,0.18833
CVE-2022-0938,0.00053,0.18833
CVE-2022-0939,0.00088,0.37038
CVE-2022-0940,0.00053,0.18833
CVE-2022-0941,0.00053,0.18833
CVE-2022-0942,0.00053,0.18833
CVE-2022-0943,0.00054,0.19620
CVE-2022-0944,0.00117,0.45469
CVE-2022-0945,0.00053,0.18833
CVE-2022-0946,0.00053,0.18833
CVE-2022-0947,0.00201,0.58090
CVE-2022-0948,0.04964,0.92081
CVE-2022-0949,0.03633,0.90811
CVE-2022-0950,0.00053,0.18833
CVE-2022-0951,0.00068,0.28323
CVE-2022-0952,0.08361,0.93819
CVE-2022-0953,0.00095,0.39559
CVE-2022-0954,0.00144,0.50228
CVE-2022-0955,0.00053,0.18833
CVE-2022-0956,0.00053,0.18833
CVE-2022-0957,0.00053,0.18833
CVE-2022-0958,0.00053,0.18833
CVE-2022-0959,0.00063,0.24943
CVE-2022-0960,0.00053,0.18833
CVE-2022-0961,0.00122,0.46382
CVE-2022-0962,0.00053,0.18833
CVE-2022-0963,0.00144,0.50228
CVE-2022-0964,0.00053,0.18833
CVE-2022-0965,0.00053,0.18833
CVE-2022-0966,0.00053,0.18833
CVE-2022-0967,0.00111,0.44284
CVE-2022-0968,0.00076,0.31148
CVE-2022-0969,0.00053,0.18833
CVE-2022-0970,0.00053,0.18833
CVE-2022-0971,0.00239,0.62022
CVE-2022-0972,0.00100,0.40866
CVE-2022-0973,0.00164,0.53080
CVE-2022-0974,0.00239,0.62022
CVE-2022-0975,0.00239,0.62022
CVE-2022-0976,0.00168,0.53633
CVE-2022-0977,0.00164,0.53080
CVE-2022-0978,0.00239,0.62022
CVE-2022-0979,0.00239,0.62022
CVE-2022-0980,0.00100,0.40866
CVE-2022-0981,0.00098,0.40432
CVE-2022-0982,0.00201,0.58090
CVE-2022-0983,0.00087,0.36089
CVE-2022-0984,0.00054,0.20290
CVE-2022-0985,0.00054,0.20290
CVE-2022-0986,0.00068,0.28323
CVE-2022-0987,0.00042,0.05722
CVE-2022-0988,0.00144,0.50266
CVE-2022-0989,0.00078,0.32649
CVE-2022-0990,0.00150,0.51201
CVE-2022-0991,0.00070,0.28854
CVE-2022-0992,0.00494,0.73728
CVE-2022-0993,0.00320,0.67603
CVE-2022-0994,0.00058,0.22585
CVE-2022-0995,0.00053,0.18459
CVE-2022-0996,0.00136,0.48890
CVE-2022-0997,0.00044,0.08107
CVE-2022-0998,0.00042,0.05722
CVE-2022-0999,0.00149,0.50998
CVE-2022-1000,0.00176,0.54812
CVE-2022-1001,0.00053,0.18833
CVE-2022-1002,0.00058,0.22585
CVE-2022-1003,0.00054,0.20290
CVE-2022-1004,0.00054,0.20290
CVE-2022-1005,0.00078,0.32739
CVE-2022-1006,0.00098,0.40432
CVE-2022-1007,0.00100,0.40911
CVE-2022-1008,0.00098,0.40432
CVE-2022-1009,0.00095,0.39559
CVE-2022-1010,0.00058,0.22585
CVE-2022-1011,0.00043,0.07634
CVE-2022-1012,0.00097,0.40232
CVE-2022-1013,0.02852,0.89732
CVE-2022-1014,0.00172,0.54442
CVE-2022-1015,0.00043,0.07658
CVE-2022-1016,0.00045,0.12069
CVE-2022-1018,0.00047,0.13992
CVE-2022-1019,0.00065,0.26867
CVE-2022-1020,0.01578,0.85987
CVE-2022-1021,0.00051,0.17233
CVE-2022-1022,0.00053,0.18833
CVE-2022-1023,0.00098,0.40432
CVE-2022-1025,0.00077,0.31658
CVE-2022-1026,0.01011,0.82141
CVE-2022-1027,0.00058,0.22585
CVE-2022-1028,0.00058,0.22585
CVE-2022-1029,0.00058,0.22585
CVE-2022-1030,0.00107,0.43213
CVE-2022-1031,0.00074,0.30513
CVE-2022-1032,0.00103,0.41599
CVE-2022-1033,0.00048,0.14460
CVE-2022-1034,0.00098,0.40432
CVE-2022-1035,0.00084,0.34965
CVE-2022-1036,0.00088,0.37038
CVE-2022-1037,0.00104,0.42382
CVE-2022-1038,0.00043,0.06775
CVE-2022-1039,0.00193,0.57259
CVE-2022-1040,0.97067,0.99721
CVE-2022-1041,0.00072,0.29601
CVE-2022-1042,0.00072,0.29601
CVE-2022-1043,0.00086,0.35790
CVE-2022-1044,0.00145,0.50301
CVE-2022-1045,0.00053,0.18833
CVE-2022-1046,0.00058,0.22585
CVE-2022-1047,0.00095,0.39559
CVE-2022-1048,0.00042,0.05722
CVE-2022-1049,0.00162,0.52810
CVE-2022-1050,0.00044,0.10161
CVE-2022-1051,0.00058,0.22585
CVE-2022-1052,0.00060,0.23520
CVE-2022-1053,0.00199,0.57919
CVE-2022-1054,0.00292,0.65978
CVE-2022-1055,0.00042,0.05722
CVE-2022-1056,0.00112,0.44468
CVE-2022-1057,0.03032,0.89986
CVE-2022-1058,0.00100,0.40911
CVE-2022-1059,0.00069,0.28744
CVE-2022-1061,0.00119,0.45966
CVE-2022-1062,0.00058,0.22585
CVE-2022-1063,0.00058,0.22585
CVE-2022-1064,0.00098,0.40432
CVE-2022-1065,0.00266,0.64299
CVE-2022-1066,0.00059,0.23066
CVE-2022-1067,0.00065,0.26756
CVE-2022-1068,0.00083,0.34505
CVE-2022-1069,0.00253,0.63259
CVE-2022-1070,0.00175,0.54717
CVE-2022-1071,0.00048,0.14460
CVE-2022-1073,0.00201,0.58090
CVE-2022-1074,0.00054,0.20290
CVE-2022-1075,0.00054,0.20290
CVE-2022-1076,0.00072,0.29847
CVE-2022-1077,0.00150,0.51158
CVE-2022-1078,0.00141,0.49815
CVE-2022-1079,0.00072,0.29847
CVE-2022-1080,0.00142,0.49961
CVE-2022-1081,0.00072,0.29847
CVE-2022-1082,0.00142,0.49961
CVE-2022-1083,0.00142,0.49961
CVE-2022-1084,0.00197,0.57609
CVE-2022-1085,0.00076,0.31377
CVE-2022-1086,0.00053,0.18833
CVE-2022-1087,0.00131,0.47943
CVE-2022-1088,0.00058,0.22585
CVE-2022-1089,0.00058,0.22585
CVE-2022-1090,0.00058,0.22585
CVE-2022-1091,0.00086,0.35793
CVE-2022-1092,0.00053,0.18634
CVE-2022-1093,0.00058,0.22585
CVE-2022-1094,0.00058,0.22585
CVE-2022-1095,0.00058,0.22585
CVE-2022-1096,0.01084,0.82818
CVE-2022-1097,0.00088,0.37169
CVE-2022-1098,0.00059,0.22997
CVE-2022-1099,0.00072,0.29893
CVE-2022-1100,0.00072,0.29893
CVE-2022-1101,0.00448,0.72438
CVE-2022-1102,0.00136,0.48996
CVE-2022-1103,0.00403,0.71037
CVE-2022-1104,0.00089,0.37485
CVE-2022-1105,0.00054,0.20290
CVE-2022-1106,0.00191,0.56679
CVE-2022-1107,0.00044,0.10161
CVE-2022-1108,0.00042,0.05722
CVE-2022-1109,0.00078,0.32333
CVE-2022-1110,0.00042,0.05722
CVE-2022-1111,0.00048,0.14229
CVE-2022-1112,0.00053,0.18634
CVE-2022-1113,0.00055,0.20626
CVE-2022-1114,0.00061,0.23842
CVE-2022-1115,0.00055,0.20555
CVE-2022-1116,0.00042,0.05722
CVE-2022-1117,0.00063,0.25587
CVE-2022-1118,0.00054,0.19195
CVE-2022-1119,0.42222,0.96999
CVE-2022-1120,0.00137,0.49078
CVE-2022-1121,0.00089,0.37672
CVE-2022-1122,0.00082,0.33952
CVE-2022-1123,0.00072,0.29591
CVE-2022-1124,0.00081,0.33734
CVE-2022-1125,0.00239,0.62022
CVE-2022-1127,0.00239,0.62022
CVE-2022-1128,0.00103,0.41623
CVE-2022-1129,0.00171,0.54190
CVE-2022-1130,0.00198,0.57721
CVE-2022-1131,0.00239,0.62022
CVE-2022-1132,0.00048,0.14768
CVE-2022-1133,0.00239,0.62022
CVE-2022-1134,0.00229,0.61138
CVE-2022-1135,0.00239,0.62022
CVE-2022-1136,0.00100,0.40866
CVE-2022-1137,0.00103,0.41623
CVE-2022-1138,0.00174,0.54577
CVE-2022-1139,0.00201,0.57994
CVE-2022-1141,0.00239,0.62022
CVE-2022-1142,0.00193,0.57171
CVE-2022-1143,0.00173,0.54505
CVE-2022-1144,0.00273,0.64731
CVE-2022-1145,0.00093,0.38948
CVE-2022-1146,0.00201,0.57994
CVE-2022-1148,0.00171,0.54221
CVE-2022-1152,0.00058,0.22585
CVE-2022-1153,0.00058,0.22585
CVE-2022-1154,0.00181,0.55458
CVE-2022-1155,0.00074,0.30525
CVE-2022-1156,0.00058,0.22585
CVE-2022-1157,0.00054,0.20290
CVE-2022-1158,0.00042,0.05722
CVE-2022-1159,0.00066,0.27473
CVE-2022-1160,0.00131,0.47923
CVE-2022-1161,0.00100,0.40880
CVE-2022-1162,0.25767,0.96297
CVE-2022-1163,0.00221,0.60231
CVE-2022-1164,0.00078,0.32739
CVE-2022-1165,0.00089,0.37664
CVE-2022-1166,0.00070,0.29102
CVE-2022-1167,0.00079,0.32923
CVE-2022-1168,0.00100,0.40911
CVE-2022-1169,0.00068,0.28323
CVE-2022-1170,0.00100,0.40911
CVE-2022-1171,0.00095,0.39559
CVE-2022-1172,0.00044,0.10445
CVE-2022-1173,0.00053,0.18833
CVE-2022-1174,0.00147,0.50704
CVE-2022-1175,0.03062,0.90037
CVE-2022-1176,0.00148,0.50784
CVE-2022-1177,0.00274,0.64780
CVE-2022-1178,0.05147,0.92228
CVE-2022-1179,0.05147,0.92228
CVE-2022-1180,0.00290,0.65842
CVE-2022-1181,0.05147,0.92228
CVE-2022-1182,0.00088,0.36822
CVE-2022-1183,0.00097,0.40203
CVE-2022-1184,0.00042,0.05722
CVE-2022-1185,0.00113,0.44694
CVE-2022-1186,0.00083,0.34426
CVE-2022-1187,0.00111,0.44132
CVE-2022-1188,0.00089,0.37463
CVE-2022-1189,0.00054,0.20290
CVE-2022-1190,0.00115,0.45187
CVE-2022-1191,0.00070,0.28854
CVE-2022-1192,0.00095,0.39559
CVE-2022-1193,0.00061,0.24128
CVE-2022-1194,0.00190,0.56585
CVE-2022-1195,0.00042,0.05722
CVE-2022-1196,0.00084,0.34823
CVE-2022-1197,0.00068,0.28132
CVE-2022-1198,0.00042,0.05722
CVE-2022-1199,0.00191,0.56718
CVE-2022-1201,0.00044,0.10445
CVE-2022-1202,0.00081,0.33577
CVE-2022-1203,0.00086,0.35755
CVE-2022-1204,0.00042,0.05722
CVE-2022-1205,0.00042,0.05722
CVE-2022-1207,0.00073,0.30031
CVE-2022-1208,0.00106,0.42710
CVE-2022-1209,0.00170,0.54097
CVE-2022-1210,0.00259,0.63762
CVE-2022-1211,0.00487,0.73540
CVE-2022-1212,0.00229,0.61177
CVE-2022-1213,0.00070,0.28854
CVE-2022-1215,0.00044,0.08189
CVE-2022-1216,0.00095,0.39559
CVE-2022-1217,0.00095,0.39559
CVE-2022-1218,0.00095,0.39559
CVE-2022-1219,0.00184,0.55739
CVE-2022-1220,0.00095,0.39559
CVE-2022-1221,0.00106,0.42926
CVE-2022-1222,0.00084,0.34965
CVE-2022-1223,0.00061,0.24115
CVE-2022-1224,0.00070,0.28854
CVE-2022-1225,0.00070,0.28854
CVE-2022-1227,0.00293,0.66064
CVE-2022-1228,0.00058,0.22585
CVE-2022-1229,0.00061,0.24024
CVE-2022-1230,0.00045,0.12491
CVE-2022-1231,0.00153,0.51594
CVE-2022-1232,0.00239,0.62049
CVE-2022-1233,0.00068,0.28323
CVE-2022-1234,0.00068,0.28323
CVE-2022-1235,0.00069,0.28703
CVE-2022-1236,0.00061,0.24174
CVE-2022-1237,0.00074,0.30513
CVE-2022-1238,0.00074,0.30513
CVE-2022-1239,0.00104,0.42382
CVE-2022-1240,0.00074,0.30513
CVE-2022-1241,0.00095,0.39559
CVE-2022-1243,0.00068,0.28009
CVE-2022-1244,0.00057,0.21445
CVE-2022-1245,0.00240,0.62084
CVE-2022-1247,0.00043,0.06775
CVE-2022-1248,0.00148,0.50755
CVE-2022-1249,0.00044,0.10161
CVE-2022-1250,0.00087,0.35933
CVE-2022-1251,0.00058,0.22624
CVE-2022-1252,0.00154,0.51700
CVE-2022-1253,0.00240,0.62115
CVE-2022-1254,0.00115,0.45119
CVE-2022-1255,0.00058,0.22585
CVE-2022-1256,0.00042,0.05722
CVE-2022-1257,0.00042,0.05722
CVE-2022-1258,0.00101,0.41176
CVE-2022-1259,0.00087,0.36047
CVE-2022-1261,0.00104,0.42231
CVE-2022-1262,0.00065,0.26776
CVE-2022-1263,0.00042,0.05722
CVE-2022-1264,0.00084,0.34939
CVE-2022-1265,0.00058,0.22585
CVE-2022-1266,0.00058,0.22585
CVE-2022-1267,0.00095,0.39559
CVE-2022-1268,0.00095,0.39559
CVE-2022-1269,0.00095,0.39559
CVE-2022-1270,0.00052,0.18000
CVE-2022-1271,0.00731,0.78798
CVE-2022-1273,0.00104,0.42382
CVE-2022-1274,0.00053,0.18547
CVE-2022-1275,0.00058,0.22585
CVE-2022-1276,0.00224,0.60776
CVE-2022-1277,0.00146,0.50463
CVE-2022-1278,0.00135,0.48776
CVE-2022-1279,0.00095,0.39657
CVE-2022-1280,0.00042,0.05722
CVE-2022-1281,0.00170,0.53970
CVE-2022-1282,0.00068,0.28323
CVE-2022-1283,0.00057,0.21445
CVE-2022-1284,0.00057,0.21445
CVE-2022-1285,0.00145,0.50301
CVE-2022-1286,0.00229,0.61177
CVE-2022-1287,0.00201,0.58090
CVE-2022-1288,0.00072,0.29847
CVE-2022-1289,0.00141,0.49770
CVE-2022-1290,0.00053,0.18833
CVE-2022-1291,0.00053,0.18833
CVE-2022-1292,0.09738,0.94285
CVE-2022-1293,0.00070,0.28928
CVE-2022-1294,0.00058,0.22585
CVE-2022-1295,0.00194,0.57318
CVE-2022-1296,0.00186,0.56052
CVE-2022-1297,0.00186,0.56052
CVE-2022-1298,0.00058,0.22585
CVE-2022-1299,0.00058,0.22585
CVE-2022-1300,0.00263,0.64031
CVE-2022-1301,0.00058,0.22585
CVE-2022-1302,0.00095,0.39739
CVE-2022-1303,0.00058,0.22585
CVE-2022-1304,0.00065,0.26849
CVE-2022-1305,0.00239,0.62022
CVE-2022-1306,0.00171,0.54174
CVE-2022-1307,0.00171,0.54174
CVE-2022-1308,0.00239,0.62022
CVE-2022-1309,0.00164,0.53120
CVE-2022-1310,0.00239,0.62022
CVE-2022-1311,0.00239,0.62022
CVE-2022-1312,0.00100,0.40866
CVE-2022-1313,0.00239,0.62022
CVE-2022-1314,0.00229,0.61138
CVE-2022-1316,0.00042,0.05722
CVE-2022-1318,0.00044,0.10161
CVE-2022-1319,0.00212,0.59259
CVE-2022-1320,0.00058,0.22585
CVE-2022-1321,0.00058,0.22585
CVE-2022-1322,0.00056,0.20979
CVE-2022-1323,0.00056,0.20979
CVE-2022-1324,0.00056,0.20979
CVE-2022-1325,0.00060,0.23325
CVE-2022-1326,0.00058,0.22585
CVE-2022-1327,0.00058,0.22585
CVE-2022-1328,0.00166,0.53343
CVE-2022-1329,0.96427,0.99481
CVE-2022-1330,0.00053,0.18833
CVE-2022-1331,0.00088,0.36992
CVE-2022-1332,0.00054,0.20290
CVE-2022-1333,0.00081,0.33872
CVE-2022-1334,0.00058,0.22585
CVE-2022-1335,0.00058,0.22585
CVE-2022-1336,0.00058,0.22585
CVE-2022-1337,0.00081,0.33872
CVE-2022-1338,0.00058,0.22585
CVE-2022-1339,0.00184,0.55739
CVE-2022-1340,0.00051,0.17233
CVE-2022-1341,0.00088,0.37038
CVE-2022-1342,0.00061,0.23842
CVE-2022-1343,0.00152,0.51385
CVE-2022-1344,0.00096,0.39810
CVE-2022-1345,0.00112,0.44497
CVE-2022-1346,0.00096,0.39810
CVE-2022-1347,0.00096,0.39810
CVE-2022-1348,0.00113,0.44717
CVE-2022-1349,0.00058,0.22585
CVE-2022-1350,0.00075,0.30862
CVE-2022-1351,0.00053,0.18833
CVE-2022-1352,0.00089,0.37463
CVE-2022-1353,0.00045,0.11966
CVE-2022-1354,0.00060,0.23253
CVE-2022-1355,0.00063,0.25379
CVE-2022-1356,0.00042,0.05768
CVE-2022-1357,0.00248,0.62831
CVE-2022-1358,0.00144,0.50266
CVE-2022-1359,0.00080,0.33442
CVE-2022-1360,0.00361,0.69458
CVE-2022-1361,0.00144,0.50266
CVE-2022-1362,0.00044,0.10370
CVE-2022-1364,0.01348,0.84753
CVE-2022-1365,0.00070,0.28854
CVE-2022-1366,0.00137,0.49064
CVE-2022-1367,0.00137,0.49064
CVE-2022-1368,0.00170,0.54075
CVE-2022-1369,0.00137,0.49064
CVE-2022-1370,0.00137,0.49064
CVE-2022-1371,0.00137,0.49064
CVE-2022-1372,0.00137,0.49064
CVE-2022-1373,0.00130,0.47894
CVE-2022-1374,0.00137,0.49064
CVE-2022-1375,0.00137,0.49064
CVE-2022-1376,0.00137,0.49064
CVE-2022-1377,0.00137,0.49064
CVE-2022-1378,0.00137,0.49064
CVE-2022-1379,0.00111,0.44137
CVE-2022-1380,0.00053,0.18833
CVE-2022-1381,0.00317,0.67408
CVE-2022-1382,0.00057,0.21445
CVE-2022-1383,0.00077,0.31982
CVE-2022-1384,0.00104,0.42231
CVE-2022-1385,0.00058,0.22585
CVE-2022-1386,0.32546,0.96636
CVE-2022-1387,0.00058,0.22585
CVE-2022-1388,0.97318,0.99863
CVE-2022-1389,0.00052,0.18167
CVE-2022-1390,0.96052,0.99375
CVE-2022-1391,0.03037,0.90006
CVE-2022-1392,0.02132,0.88150
CVE-2022-1393,0.00058,0.22585
CVE-2022-1394,0.00058,0.22585
CVE-2022-1395,0.00058,0.22585
CVE-2022-1396,0.00084,0.34980
CVE-2022-1397,0.00087,0.36582
CVE-2022-1398,0.00725,0.78697
CVE-2022-1399,0.00092,0.38752
CVE-2022-1400,0.00194,0.57362
CVE-2022-1401,0.00149,0.50997
CVE-2022-1402,0.00066,0.27252
CVE-2022-1403,0.00069,0.28438
CVE-2022-1404,0.00069,0.28445
CVE-2022-1405,0.00135,0.48828
CVE-2022-1406,0.00132,0.48078
CVE-2022-1407,0.00062,0.24284
CVE-2022-1408,0.00058,0.22585
CVE-2022-1409,0.00104,0.42382
CVE-2022-1410,0.00124,0.46766
CVE-2022-1411,0.00068,0.28323
CVE-2022-1412,0.00207,0.58712
CVE-2022-1413,0.00199,0.57869
CVE-2022-1414,0.00073,0.30215
CVE-2022-1415,0.00061,0.24126
CVE-2022-1416,0.00060,0.23368
CVE-2022-1417,0.00081,0.33734
CVE-2022-1418,0.00074,0.30749
CVE-2022-1419,0.00044,0.10161
CVE-2022-1420,0.00081,0.33727
CVE-2022-1421,0.00061,0.23796
CVE-2022-1422,0.00062,0.24284
CVE-2022-1423,0.00272,0.64622
CVE-2022-1424,0.00062,0.24284
CVE-2022-1425,0.00058,0.22585
CVE-2022-1426,0.00089,0.37463
CVE-2022-1427,0.00048,0.14460
CVE-2022-1428,0.00072,0.29893
CVE-2022-1429,0.00184,0.55739
CVE-2022-1430,0.00189,0.56518
CVE-2022-1431,0.00102,0.41563
CVE-2022-1432,0.00096,0.39810
CVE-2022-1433,0.00089,0.37659
CVE-2022-1434,0.00146,0.50440
CVE-2022-1435,0.00058,0.22585
CVE-2022-1436,0.00095,0.39559
CVE-2022-1437,0.00073,0.30031
CVE-2022-1438,0.00088,0.37100
CVE-2022-1439,0.00100,0.40911
CVE-2022-1440,0.00220,0.60176
CVE-2022-1441,0.00089,0.37453
CVE-2022-1442,0.04338,0.91534
CVE-2022-1444,0.00057,0.21445
CVE-2022-1445,0.00053,0.18833
CVE-2022-1451,0.00106,0.42956
CVE-2022-1452,0.00073,0.30031
CVE-2022-1453,0.00095,0.39583
CVE-2022-1455,0.00095,0.39559
CVE-2022-1456,0.00058,0.22585
CVE-2022-1457,0.00053,0.18833
CVE-2022-1458,0.01561,0.85900
CVE-2022-1459,0.00208,0.58758
CVE-2022-1460,0.00081,0.33734
CVE-2022-1461,0.00189,0.56508
CVE-2022-1462,0.00042,0.05722
CVE-2022-1463,0.00104,0.42382
CVE-2022-1464,0.00058,0.21934
CVE-2022-1465,0.00095,0.39559
CVE-2022-1466,0.00063,0.24955
CVE-2022-1467,0.00104,0.42231
CVE-2022-1468,0.00072,0.29893
CVE-2022-1469,0.00058,0.22585
CVE-2022-1470,0.00095,0.39559
CVE-2022-1471,0.00577,0.75725
CVE-2022-1472,0.00088,0.36822
CVE-2022-1473,0.00290,0.65865
CVE-2022-1474,0.00095,0.39559
CVE-2022-1475,0.00061,0.23944
CVE-2022-1476,0.00097,0.40146
CVE-2022-1477,0.00239,0.62022
CVE-2022-1478,0.00239,0.62022
CVE-2022-1479,0.00239,0.62022
CVE-2022-1481,0.00239,0.62022
CVE-2022-1482,0.00174,0.54577
CVE-2022-1483,0.00168,0.53633
CVE-2022-1484,0.00168,0.53633
CVE-2022-1485,0.00239,0.62022
CVE-2022-1486,0.00161,0.52748
CVE-2022-1487,0.00149,0.50949
CVE-2022-1488,0.00088,0.36832
CVE-2022-1489,0.00168,0.53633
CVE-2022-1490,0.00239,0.62022
CVE-2022-1491,0.00239,0.62022
CVE-2022-1492,0.00155,0.51870
CVE-2022-1493,0.00239,0.62022
CVE-2022-1494,0.00149,0.50905
CVE-2022-1495,0.00171,0.54174
CVE-2022-1496,0.00239,0.62022
CVE-2022-1497,0.00174,0.54577
CVE-2022-1498,0.00171,0.54174
CVE-2022-1499,0.00166,0.53373
CVE-2022-1500,0.00125,0.46908
CVE-2022-1501,0.00201,0.57994
CVE-2022-1502,0.00054,0.20290
CVE-2022-1503,0.00053,0.18833
CVE-2022-1504,0.00068,0.28323
CVE-2022-1505,0.00120,0.46169
CVE-2022-1506,0.00058,0.22585
CVE-2022-1507,0.00112,0.44590
CVE-2022-1508,0.00042,0.05722
CVE-2022-1509,0.00185,0.55844
CVE-2022-1510,0.00147,0.50704
CVE-2022-1511,0.00061,0.24115
CVE-2022-1512,0.00084,0.34980
CVE-2022-1513,0.00282,0.65319
CVE-2022-1514,0.00053,0.18833
CVE-2022-1515,0.00057,0.21445
CVE-2022-1516,0.00042,0.05722
CVE-2022-1517,0.00248,0.62831
CVE-2022-1518,0.00170,0.54036
CVE-2022-1519,0.00193,0.57259
CVE-2022-1520,0.00064,0.26237
CVE-2022-1521,0.00175,0.54731
CVE-2022-1522,0.00063,0.25287
CVE-2022-1523,0.00079,0.33122
CVE-2022-1524,0.00084,0.34982
CVE-2022-1525,0.00134,0.48588
CVE-2022-1526,0.00054,0.20290
CVE-2022-1527,0.00095,0.39559
CVE-2022-1528,0.00095,0.39559
CVE-2022-1529,0.00205,0.58519
CVE-2022-1530,0.00068,0.28323
CVE-2022-1531,0.00186,0.55897
CVE-2022-1532,0.00095,0.39559
CVE-2022-1533,0.00048,0.14460
CVE-2022-1534,0.00048,0.14460
CVE-2022-1536,0.00054,0.19451
CVE-2022-1537,0.00042,0.05722
CVE-2022-1538,0.00050,0.16285
CVE-2022-1539,0.00086,0.35672
CVE-2022-1540,0.00085,0.35505
CVE-2022-1541,0.00058,0.22585
CVE-2022-1542,0.00058,0.22585
CVE-2022-1543,0.00098,0.40432
CVE-2022-1544,0.00067,0.27664
CVE-2022-1545,0.00054,0.20290
CVE-2022-1546,0.00095,0.39559
CVE-2022-1547,0.00095,0.39559
CVE-2022-1548,0.00097,0.40125
CVE-2022-1549,0.00058,0.22585
CVE-2022-1551,0.00068,0.27973
CVE-2022-1552,0.00187,0.56262
CVE-2022-1553,0.00061,0.24115
CVE-2022-1554,0.00134,0.48569
CVE-2022-1555,0.00068,0.28323
CVE-2022-1556,0.00501,0.73891
CVE-2022-1557,0.00084,0.34980
CVE-2022-1558,0.00084,0.34980
CVE-2022-1559,0.00084,0.34980
CVE-2022-1560,0.00189,0.56466
CVE-2022-1561,0.00076,0.31282
CVE-2022-1562,0.00058,0.22585
CVE-2022-1563,0.00072,0.29470
CVE-2022-1564,0.00058,0.22585
CVE-2022-1565,0.00644,0.77128
CVE-2022-1566,0.00058,0.22585
CVE-2022-1567,0.00071,0.29242
CVE-2022-1568,0.00058,0.22585
CVE-2022-1569,0.00058,0.22585
CVE-2022-1570,0.00053,0.18634
CVE-2022-1571,0.00068,0.28323
CVE-2022-1572,0.00057,0.21461
CVE-2022-1573,0.00061,0.23796
CVE-2022-1574,0.02508,0.89077
CVE-2022-1575,0.00198,0.57717
CVE-2022-1576,0.00062,0.24284
CVE-2022-1577,0.00074,0.30749
CVE-2022-1578,0.00190,0.56585
CVE-2022-1579,0.00068,0.28102
CVE-2022-1580,0.00056,0.20979
CVE-2022-1581,0.00060,0.23599
CVE-2022-1582,0.00095,0.39559
CVE-2022-1583,0.00201,0.57981
CVE-2022-1584,0.00068,0.28323
CVE-2022-1585,0.00183,0.55621
CVE-2022-1586,0.00353,0.69119
CVE-2022-1587,0.00248,0.62817
CVE-2022-1589,0.00093,0.39260
CVE-2022-1590,0.00053,0.18833
CVE-2022-1591,0.00053,0.18445
CVE-2022-1592,0.00148,0.50784
CVE-2022-1593,0.00095,0.39559
CVE-2022-1594,0.00061,0.23796
CVE-2022-1595,0.00160,0.52608
CVE-2022-1596,0.00065,0.26756
CVE-2022-1597,0.00188,0.56322
CVE-2022-1598,0.01562,0.85903
CVE-2022-1599,0.00062,0.24284
CVE-2022-1600,0.00074,0.30577
CVE-2022-1601,0.00046,0.13740
CVE-2022-1602,0.00043,0.06775
CVE-2022-1603,0.00061,0.23796
CVE-2022-1604,0.00095,0.39559
CVE-2022-1605,0.00062,0.24284
CVE-2022-1606,0.00053,0.18436
CVE-2022-1607,0.00056,0.21102
CVE-2022-1608,0.00062,0.24284
CVE-2022-1609,0.13522,0.95123
CVE-2022-1610,0.00062,0.24284
CVE-2022-1611,0.00106,0.42853
CVE-2022-1612,0.00062,0.24284
CVE-2022-1613,0.00067,0.27728
CVE-2022-1614,0.00078,0.32649
CVE-2022-1615,0.00090,0.37697
CVE-2022-1616,0.00403,0.71047
CVE-2022-1617,0.00046,0.13740
CVE-2022-1618,0.00046,0.13740
CVE-2022-1619,0.01040,0.82405
CVE-2022-1620,0.00314,0.67195
CVE-2022-1621,0.00355,0.69196
CVE-2022-1622,0.00125,0.46936
CVE-2022-1623,0.00158,0.52280
CVE-2022-1624,0.00062,0.24284
CVE-2022-1625,0.00061,0.23796
CVE-2022-1626,0.00053,0.18634
CVE-2022-1627,0.00061,0.23796
CVE-2022-1628,0.00048,0.14636
CVE-2022-1629,0.00266,0.64268
CVE-2022-1630,0.00062,0.24284
CVE-2022-1631,0.03638,0.90814
CVE-2022-1632,0.00064,0.25824
CVE-2022-1633,0.00293,0.66005
CVE-2022-1634,0.00293,0.66005
CVE-2022-1635,0.00293,0.66005
CVE-2022-1636,0.00293,0.66005
CVE-2022-1637,0.00138,0.49293
CVE-2022-1638,0.00131,0.48053
CVE-2022-1639,0.00293,0.66005
CVE-2022-1640,0.00293,0.66005
CVE-2022-1641,0.00239,0.62022
CVE-2022-1642,0.00090,0.37832
CVE-2022-1643,0.00058,0.22585
CVE-2022-1644,0.00058,0.22585
CVE-2022-1645,0.00058,0.22585
CVE-2022-1646,0.00058,0.22585
CVE-2022-1647,0.00058,0.22585
CVE-2022-1648,0.00492,0.73681
CVE-2022-1649,0.00057,0.21445
CVE-2022-1650,0.00198,0.57751
CVE-2022-1651,0.00042,0.05722
CVE-2022-1652,0.00043,0.05916
CVE-2022-1653,0.00061,0.23796
CVE-2022-1654,0.00104,0.42382
CVE-2022-1655,0.00070,0.28928
CVE-2022-1656,0.00054,0.20290
CVE-2022-1657,0.00064,0.26235
CVE-2022-1658,0.00066,0.27231
CVE-2022-1659,0.00095,0.39559
CVE-2022-1660,0.00440,0.72239
CVE-2022-1661,0.01264,0.84229
CVE-2022-1662,0.00042,0.05722
CVE-2022-1663,0.00082,0.34119
CVE-2022-1664,0.00858,0.80519
CVE-2022-1665,0.00044,0.10161
CVE-2022-1666,0.00065,0.26756
CVE-2022-1667,0.00086,0.35721
CVE-2022-1668,0.00282,0.65297
CVE-2022-1669,0.00073,0.30194
CVE-2022-1670,0.00073,0.30380
CVE-2022-1671,0.00042,0.05722
CVE-2022-1672,0.00094,0.39374
CVE-2022-1673,0.00095,0.39559
CVE-2022-1674,0.00101,0.41206
CVE-2022-1677,0.00065,0.26817
CVE-2022-1678,0.00323,0.67704
CVE-2022-1679,0.00042,0.05722
CVE-2022-1680,0.00129,0.47613
CVE-2022-1681,0.00098,0.40432
CVE-2022-1682,0.00068,0.28323
CVE-2022-1683,0.00114,0.44946
CVE-2022-1684,0.00054,0.19309
CVE-2022-1685,0.00054,0.19309
CVE-2022-1686,0.00053,0.18833
CVE-2022-1687,0.00054,0.19309
CVE-2022-1688,0.00054,0.19309
CVE-2022-1689,0.00054,0.19309
CVE-2022-1690,0.00054,0.19309
CVE-2022-1691,0.00054,0.19309
CVE-2022-1692,0.00212,0.59203
CVE-2022-1694,0.00062,0.24284
CVE-2022-1695,0.00061,0.23796
CVE-2022-1697,0.00076,0.31417
CVE-2022-1698,0.00088,0.37038
CVE-2022-1699,0.00088,0.37038
CVE-2022-1700,0.00170,0.54075
CVE-2022-1701,0.00095,0.39657
CVE-2022-1702,0.00072,0.29847
CVE-2022-1703,0.00168,0.53569
CVE-2022-1704,0.00187,0.56222
CVE-2022-1705,0.00211,0.59084
CVE-2022-1706,0.00161,0.52707
CVE-2022-1707,0.00252,0.63204
CVE-2022-1708,0.00297,0.66248
CVE-2022-1709,0.00061,0.23796
CVE-2022-1710,0.00058,0.22585
CVE-2022-1711,0.00148,0.50784
CVE-2022-1712,0.00061,0.23796
CVE-2022-1713,0.02580,0.89210
CVE-2022-1714,0.00048,0.14460
CVE-2022-1715,0.00194,0.57318
CVE-2022-1716,0.00073,0.30031
CVE-2022-1717,0.00058,0.22585
CVE-2022-1718,0.00250,0.63066
CVE-2022-1719,0.00053,0.18833
CVE-2022-1720,0.00516,0.74313
CVE-2022-1721,0.00134,0.48569
CVE-2022-1722,0.00044,0.10445
CVE-2022-1723,0.00148,0.50784
CVE-2022-1724,0.00106,0.42926
CVE-2022-1725,0.00076,0.31406
CVE-2022-1726,0.00053,0.18833
CVE-2022-1727,0.00155,0.51869
CVE-2022-1728,0.00074,0.30525
CVE-2022-1729,0.00043,0.07702
CVE-2022-1730,0.00053,0.18833
CVE-2022-1731,0.00171,0.54202
CVE-2022-1732,0.00062,0.24284
CVE-2022-1733,0.00054,0.19389
CVE-2022-1734,0.00054,0.19126
CVE-2022-1735,0.00103,0.41694
CVE-2022-1737,0.00086,0.35721
CVE-2022-1738,0.00135,0.48776
CVE-2022-1739,0.00051,0.17343
CVE-2022-1740,0.00049,0.15820
CVE-2022-1741,0.00059,0.22997
CVE-2022-1742,0.00059,0.22997
CVE-2022-1743,0.00055,0.20373
CVE-2022-1744,0.00055,0.20373
CVE-2022-1745,0.00058,0.22025
CVE-2022-1746,0.00079,0.32995
CVE-2022-1747,0.00049,0.15820
CVE-2022-1748,0.00153,0.51595
CVE-2022-1749,0.00218,0.59815
CVE-2022-1750,0.00050,0.16378
CVE-2022-1752,0.00096,0.39810
CVE-2022-1753,0.00063,0.24955
CVE-2022-1754,0.00074,0.30525
CVE-2022-1755,0.00056,0.20979
CVE-2022-1756,0.00088,0.36972
CVE-2022-1757,0.00053,0.18634
CVE-2022-1758,0.00088,0.36693
CVE-2022-1759,0.00053,0.18634
CVE-2022-1760,0.00046,0.13740
CVE-2022-1761,0.00062,0.24284
CVE-2022-1762,0.00078,0.32649
CVE-2022-1763,0.00053,0.18634
CVE-2022-1764,0.00053,0.18634
CVE-2022-1765,0.00106,0.42853
CVE-2022-1766,0.00145,0.50349
CVE-2022-1767,0.00148,0.50784
CVE-2022-1768,0.10537,0.94518
CVE-2022-1769,0.00045,0.11966
CVE-2022-1770,0.00098,0.40432
CVE-2022-1771,0.00093,0.38963
CVE-2022-1772,0.00058,0.22585
CVE-2022-1773,0.00095,0.39559
CVE-2022-1774,0.00068,0.28323
CVE-2022-1775,0.00194,0.57318
CVE-2022-1776,0.00058,0.22585
CVE-2022-1777,0.00104,0.42382
CVE-2022-1778,0.00043,0.06775
CVE-2022-1779,0.00062,0.24284
CVE-2022-1780,0.00053,0.18634
CVE-2022-1781,0.00053,0.18634
CVE-2022-1782,0.00068,0.28323
CVE-2022-1783,0.00065,0.26917
CVE-2022-1784,0.00148,0.50784
CVE-2022-1785,0.00051,0.17400
CVE-2022-1786,0.00042,0.05722
CVE-2022-1787,0.00053,0.18634
CVE-2022-1788,0.00062,0.24284
CVE-2022-1789,0.00148,0.50733
CVE-2022-1790,0.00062,0.24284
CVE-2022-1791,0.00062,0.24284
CVE-2022-1792,0.00053,0.18634
CVE-2022-1793,0.00061,0.23796
CVE-2022-1794,0.00044,0.10161
CVE-2022-1795,0.00240,0.62115
CVE-2022-1796,0.00104,0.41986
CVE-2022-1797,0.00055,0.20518
CVE-2022-1798,0.00044,0.08212
CVE-2022-1799,0.00106,0.42697
CVE-2022-1800,0.00088,0.36822
CVE-2022-1801,0.00078,0.32649
CVE-2022-1802,0.00245,0.62586
CVE-2022-1803,0.00074,0.30525
CVE-2022-1805,0.00161,0.52784
CVE-2022-1806,0.00068,0.28323
CVE-2022-1807,0.00089,0.37248
CVE-2022-1808,0.00117,0.45642
CVE-2022-1809,0.00074,0.30513
CVE-2022-1810,0.00053,0.18833
CVE-2022-1811,0.00053,0.18833
CVE-2022-1812,0.00139,0.49484
CVE-2022-1813,0.00248,0.62810
CVE-2022-1814,0.00058,0.22585
CVE-2022-1815,0.02327,0.88668
CVE-2022-1816,0.00054,0.20290
CVE-2022-1817,0.00054,0.20290
CVE-2022-1818,0.00053,0.18634
CVE-2022-1819,0.00054,0.20290
CVE-2022-1820,0.00095,0.39750
CVE-2022-1821,0.00058,0.22585
CVE-2022-1822,0.00106,0.42953
CVE-2022-1823,0.00042,0.05722
CVE-2022-1824,0.00042,0.05722
CVE-2022-1825,0.00053,0.18833
CVE-2022-1826,0.00062,0.24284
CVE-2022-1827,0.00062,0.24284
CVE-2022-1828,0.00062,0.24284
CVE-2022-1829,0.00062,0.24284
CVE-2022-1830,0.00062,0.24284
CVE-2022-1831,0.00062,0.24284
CVE-2022-1832,0.00062,0.24284
CVE-2022-1833,0.00087,0.36023
CVE-2022-1834,0.00096,0.40046
CVE-2022-1837,0.00124,0.46834
CVE-2022-1838,0.00098,0.40432
CVE-2022-1839,0.00098,0.40432
CVE-2022-1840,0.00054,0.20290
CVE-2022-1841,0.00063,0.25287
CVE-2022-1842,0.00061,0.23796
CVE-2022-1843,0.00062,0.24284
CVE-2022-1844,0.00061,0.23796
CVE-2022-1845,0.00061,0.23796
CVE-2022-1846,0.00061,0.23796
CVE-2022-1847,0.00061,0.23796
CVE-2022-1848,0.00053,0.18671
CVE-2022-1849,0.00053,0.18833
CVE-2022-1850,0.00089,0.37380
CVE-2022-1851,0.00122,0.46501
CVE-2022-1852,0.00044,0.10161
CVE-2022-1853,0.00201,0.58120
CVE-2022-1854,0.00293,0.66005
CVE-2022-1855,0.00293,0.66005
CVE-2022-1856,0.00132,0.48223
CVE-2022-1857,0.00206,0.58622
CVE-2022-1858,0.00162,0.52852
CVE-2022-1859,0.00293,0.66005
CVE-2022-1860,0.00293,0.66005
CVE-2022-1861,0.00293,0.66005
CVE-2022-1862,0.00106,0.42957
CVE-2022-1863,0.00132,0.48223
CVE-2022-1864,0.00132,0.48223
CVE-2022-1865,0.00132,0.48223
CVE-2022-1866,0.00293,0.66005
CVE-2022-1867,0.00144,0.50272
CVE-2022-1868,0.00106,0.42957
CVE-2022-1869,0.00162,0.52852
CVE-2022-1870,0.00132,0.48223
CVE-2022-1871,0.00091,0.38119
CVE-2022-1872,0.00091,0.38119
CVE-2022-1873,0.00201,0.57994
CVE-2022-1874,0.00168,0.53633
CVE-2022-1875,0.00138,0.49293
CVE-2022-1876,0.00100,0.40866
CVE-2022-1881,0.00070,0.28928
CVE-2022-1882,0.00042,0.05722
CVE-2022-1883,0.10050,0.94402
CVE-2022-1885,0.00061,0.23796
CVE-2022-1886,0.00123,0.46672
CVE-2022-1887,0.00132,0.48286
CVE-2022-1888,0.00070,0.28883
CVE-2022-1889,0.00058,0.22585
CVE-2022-1890,0.00042,0.05722
CVE-2022-1891,0.00042,0.05722
CVE-2022-1892,0.00042,0.05722
CVE-2022-1893,0.00068,0.28323
CVE-2022-1894,0.00058,0.22585
CVE-2022-1895,0.00061,0.23796
CVE-2022-1896,0.00058,0.22585
CVE-2022-1897,0.00128,0.47463
CVE-2022-1898,0.00129,0.47748
CVE-2022-1899,0.00186,0.56052
CVE-2022-1900,0.00092,0.38930
CVE-2022-1901,0.00070,0.28928
CVE-2022-1902,0.00124,0.46802
CVE-2022-1903,0.62377,0.97562
CVE-2022-1904,0.00086,0.35836
CVE-2022-1905,0.00199,0.57867
CVE-2022-1906,0.00115,0.45145
CVE-2022-1907,0.00186,0.56052
CVE-2022-1908,0.00186,0.56052
CVE-2022-1909,0.00053,0.18833
CVE-2022-1910,0.00106,0.42926
CVE-2022-1911,0.00063,0.25287
CVE-2022-1912,0.00119,0.45982
CVE-2022-1913,0.00061,0.23796
CVE-2022-1914,0.00061,0.23796
CVE-2022-1915,0.00058,0.22585
CVE-2022-1916,0.00086,0.35836
CVE-2022-1918,0.00310,0.67017
CVE-2022-1919,0.00466,0.72949
CVE-2022-1920,0.00071,0.29323
CVE-2022-1921,0.00071,0.29323
CVE-2022-1922,0.00062,0.24451
CVE-2022-1923,0.00062,0.24451
CVE-2022-1924,0.00062,0.24451
CVE-2022-1925,0.00062,0.24451
CVE-2022-1926,0.00074,0.30525
CVE-2022-1927,0.00092,0.38853
CVE-2022-1928,0.00062,0.24442
CVE-2022-1929,0.00086,0.35887
CVE-2022-1930,0.00083,0.34451
CVE-2022-1931,0.00070,0.28854
CVE-2022-1932,0.00091,0.38465
CVE-2022-1933,0.00099,0.40687
CVE-2022-1934,0.00048,0.14460
CVE-2022-1935,0.00054,0.20290
CVE-2022-1936,0.00054,0.20290
CVE-2022-1937,0.00086,0.35836
CVE-2022-1938,0.00058,0.22585
CVE-2022-1939,0.00104,0.42382
CVE-2022-1940,0.00065,0.27069
CVE-2022-1941,0.00140,0.49671
CVE-2022-1942,0.00087,0.36040
CVE-2022-1943,0.00042,0.05722
CVE-2022-1944,0.00080,0.33412
CVE-2022-1945,0.00058,0.22585
CVE-2022-1946,0.00086,0.35836
CVE-2022-1947,0.00074,0.30525
CVE-2022-1948,0.00111,0.44218
CVE-2022-1949,0.00198,0.57743
CVE-2022-1950,0.00249,0.62889
CVE-2022-1951,0.00109,0.43895
CVE-2022-1952,0.94825,0.99123
CVE-2022-1953,0.00125,0.47070
CVE-2022-1954,0.00102,0.41563
CVE-2022-1955,0.00074,0.30514
CVE-2022-1956,0.00053,0.18634
CVE-2022-1957,0.00061,0.23796
CVE-2022-1958,0.00114,0.44823
CVE-2022-1959,0.00043,0.06775
CVE-2022-1960,0.00061,0.23796
CVE-2022-1961,0.00096,0.39778
CVE-2022-1962,0.00044,0.10467
CVE-2022-1963,0.00111,0.44132
CVE-2022-1964,0.00058,0.22585
CVE-2022-1965,0.00158,0.52252
CVE-2022-1967,0.00062,0.24284
CVE-2022-1968,0.00102,0.41273
CVE-2022-1969,0.00144,0.50291
CVE-2022-1970,0.00068,0.28132
CVE-2022-1971,0.00058,0.22585
CVE-2022-1973,0.00042,0.05722
CVE-2022-1974,0.00042,0.05722
CVE-2022-1975,0.00043,0.06775
CVE-2022-1976,0.00042,0.05722
CVE-2022-1977,0.00089,0.37440
CVE-2022-1979,0.00054,0.20290
CVE-2022-1980,0.00054,0.20290
CVE-2022-1981,0.00082,0.33974
CVE-2022-1982,0.00081,0.33872
CVE-2022-1983,0.00054,0.20290
CVE-2022-1984,0.00044,0.10366
CVE-2022-1985,0.00120,0.46161
CVE-2022-1986,0.00244,0.62423
CVE-2022-1987,0.00186,0.56052
CVE-2022-1988,0.00068,0.28323
CVE-2022-1989,0.00123,0.46597
CVE-2022-1990,0.00058,0.22585
CVE-2022-1991,0.00053,0.18833
CVE-2022-1992,0.00092,0.38909
CVE-2022-1993,0.02784,0.89612
CVE-2022-1994,0.00058,0.22585
CVE-2022-1995,0.00058,0.22585
CVE-2022-1996,0.00238,0.62005
CVE-2022-1997,0.00053,0.18833
CVE-2022-1998,0.00042,0.05722
CVE-2022-1999,0.00078,0.32206
CVE-2022-2000,0.00180,0.55327
CVE-2022-20001,0.00197,0.57634
CVE-2022-20002,0.00042,0.05722
CVE-2022-20004,0.00042,0.05722
CVE-2022-20005,0.00042,0.05722
CVE-2022-20006,0.00042,0.05722
CVE-2022-20007,0.00048,0.14308
CVE-2022-20008,0.00045,0.12356
CVE-2022-20009,0.00048,0.14308
CVE-2022-2001,0.00102,0.41318
CVE-2022-20010,0.00053,0.18885
CVE-2022-20011,0.00042,0.05722
CVE-2022-20012,0.00043,0.07409
CVE-2022-20013,0.00042,0.05722
CVE-2022-20014,0.00042,0.05722
CVE-2022-20015,0.00042,0.05722
CVE-2022-20016,0.00042,0.05722
CVE-2022-20017,0.00042,0.05722
CVE-2022-20018,0.00042,0.05722
CVE-2022-20019,0.00042,0.05722
CVE-2022-2002,0.00052,0.18028
CVE-2022-20020,0.00042,0.05722
CVE-2022-20021,0.00051,0.17028
CVE-2022-20022,0.00051,0.17028
CVE-2022-20023,0.00051,0.17028
CVE-2022-20024,0.00042,0.05722
CVE-2022-20025,0.00042,0.05722
CVE-2022-20026,0.00042,0.05722
CVE-2022-20027,0.00042,0.05722
CVE-2022-20028,0.00042,0.05722
CVE-2022-20029,0.00042,0.05722
CVE-2022-2003,0.00136,0.48903
CVE-2022-20030,0.00042,0.05722
CVE-2022-20031,0.00042,0.05722
CVE-2022-20032,0.00042,0.05722
CVE-2022-20033,0.00042,0.05722
CVE-2022-20034,0.00048,0.14308
CVE-2022-20035,0.00042,0.05722
CVE-2022-20036,0.00042,0.05722
CVE-2022-20037,0.00042,0.05722
CVE-2022-20038,0.00042,0.05722
CVE-2022-20039,0.00043,0.07409
CVE-2022-2004,0.00065,0.27028
CVE-2022-20040,0.00042,0.05722
CVE-2022-20041,0.00042,0.05722
CVE-2022-20042,0.00042,0.05722
CVE-2022-20043,0.00042,0.05722
CVE-2022-20044,0.00042,0.05722
CVE-2022-20045,0.00042,0.05722
CVE-2022-20046,0.00042,0.05722
CVE-2022-20047,0.00042,0.05722
CVE-2022-20048,0.00042,0.05722
CVE-2022-20049,0.00042,0.05722
CVE-2022-2005,0.00135,0.48776
CVE-2022-20050,0.00042,0.05722
CVE-2022-20051,0.00042,0.05722
CVE-2022-20052,0.00043,0.07626
CVE-2022-20053,0.00042,0.05722
CVE-2022-20054,0.00042,0.05722
CVE-2022-20055,0.00048,0.14308
CVE-2022-20056,0.00048,0.14308
CVE-2022-20057,0.00042,0.05722
CVE-2022-20058,0.00048,0.14308
CVE-2022-20059,0.00048,0.14308
CVE-2022-2006,0.00051,0.17397
CVE-2022-20060,0.00047,0.13990
CVE-2022-20062,0.00042,0.05722
CVE-2022-20063,0.00042,0.05722
CVE-2022-20064,0.00042,0.05722
CVE-2022-20065,0.00042,0.05722
CVE-2022-20066,0.00042,0.05722
CVE-2022-20067,0.00042,0.05722
CVE-2022-20068,0.00042,0.05722
CVE-2022-20069,0.00048,0.14709
CVE-2022-2007,0.00296,0.66228
CVE-2022-20070,0.00042,0.05722
CVE-2022-20071,0.00042,0.05722
CVE-2022-20072,0.00060,0.23520
CVE-2022-20073,0.00048,0.14308
CVE-2022-20074,0.00048,0.14308
CVE-2022-20075,0.00043,0.07409
CVE-2022-20076,0.00042,0.05722
CVE-2022-20077,0.00042,0.05722
CVE-2022-20078,0.00042,0.05722
CVE-2022-20079,0.00042,0.05722
CVE-2022-2008,0.00206,0.58622
CVE-2022-20080,0.00042,0.05722
CVE-2022-20081,0.00094,0.39397
CVE-2022-20082,0.00042,0.05722
CVE-2022-20083,0.00417,0.71518
CVE-2022-20084,0.00042,0.05722
CVE-2022-20085,0.00042,0.05722
CVE-2022-20087,0.00042,0.05722
CVE-2022-20088,0.00042,0.05722
CVE-2022-20089,0.00042,0.05722
CVE-2022-20090,0.00042,0.05722
CVE-2022-20091,0.00042,0.05722
CVE-2022-20092,0.00042,0.05722
CVE-2022-20093,0.00042,0.05722
CVE-2022-20094,0.00042,0.05722
CVE-2022-20095,0.00042,0.05722
CVE-2022-20096,0.00042,0.05722
CVE-2022-20097,0.00042,0.05722
CVE-2022-20098,0.00042,0.05722
CVE-2022-20099,0.00042,0.05722
CVE-2022-2010,0.00201,0.58022
CVE-2022-20100,0.00042,0.05722
CVE-2022-20101,0.00046,0.12525
CVE-2022-20102,0.00042,0.05722
CVE-2022-20103,0.00042,0.05722
CVE-2022-20104,0.00042,0.05722
CVE-2022-20105,0.00042,0.05722
CVE-2022-20106,0.00042,0.05722
CVE-2022-20107,0.00043,0.07409
CVE-2022-20108,0.00042,0.05722
CVE-2022-20109,0.00042,0.05722
CVE-2022-2011,0.00296,0.66228
CVE-2022-20110,0.00042,0.05722
CVE-2022-20111,0.00048,0.14308
CVE-2022-20112,0.00042,0.05722
CVE-2022-20113,0.00042,0.05722
CVE-2022-20114,0.00042,0.05722
CVE-2022-20115,0.00042,0.05722
CVE-2022-20116,0.00042,0.05722
CVE-2022-20117,0.00042,0.05722
CVE-2022-20118,0.00042,0.05722
CVE-2022-20119,0.00042,0.05722
CVE-2022-20120,0.00109,0.43800
CVE-2022-20121,0.00042,0.05722
CVE-2022-20122,0.00102,0.41377
CVE-2022-20123,0.00096,0.39941
CVE-2022-20124,0.00042,0.05722
CVE-2022-20125,0.00047,0.13902
CVE-2022-20126,0.00042,0.05722
CVE-2022-20127,0.00121,0.46215
CVE-2022-20129,0.00042,0.05722
CVE-2022-2013,0.00150,0.51158
CVE-2022-20130,0.00136,0.48913
CVE-2022-20131,0.00096,0.39941
CVE-2022-20132,0.00045,0.12356
CVE-2022-20133,0.00042,0.05722
CVE-2022-20134,0.00042,0.05722
CVE-2022-20135,0.00042,0.05722
CVE-2022-20137,0.00042,0.05722
CVE-2022-20138,0.00042,0.05722
CVE-2022-2014,0.00066,0.27266
CVE-2022-20140,0.00121,0.46215
CVE-2022-20141,0.00042,0.05722
CVE-2022-20142,0.00042,0.05722
CVE-2022-20143,0.00042,0.05722
CVE-2022-20144,0.00042,0.05722
CVE-2022-20145,0.00121,0.46215
CVE-2022-20146,0.00042,0.05722
CVE-2022-20147,0.00042,0.05722
CVE-2022-20148,0.00042,0.05722
CVE-2022-20149,0.00081,0.33914
CVE-2022-2015,0.00053,0.18833
CVE-2022-20151,0.00081,0.33914
CVE-2022-20152,0.00042,0.05722
CVE-2022-20153,0.00042,0.05722
CVE-2022-20154,0.00042,0.05722
CVE-2022-20155,0.00042,0.05722
CVE-2022-20156,0.00042,0.05722
CVE-2022-20158,0.00042,0.05722
CVE-2022-20159,0.00042,0.05722
CVE-2022-2016,0.00053,0.18833
CVE-2022-20160,0.00109,0.43800
CVE-2022-20162,0.00042,0.05722
CVE-2022-20164,0.00109,0.43800
CVE-2022-20165,0.00042,0.05722
CVE-2022-20166,0.00042,0.05722
CVE-2022-20167,0.00109,0.43800
CVE-2022-20168,0.00081,0.33670
CVE-2022-20169,0.00081,0.33914
CVE-2022-2017,0.00087,0.36089
CVE-2022-20170,0.00109,0.43800
CVE-2022-20171,0.00109,0.43800
CVE-2022-20172,0.00042,0.05722
CVE-2022-20173,0.00109,0.43800
CVE-2022-20174,0.00042,0.05722
CVE-2022-20175,0.00081,0.33914
CVE-2022-20176,0.00042,0.05722
CVE-2022-20177,0.00081,0.33914
CVE-2022-20178,0.00043,0.07409
CVE-2022-20179,0.00081,0.33914
CVE-2022-2018,0.00087,0.36089
CVE-2022-20180,0.00042,0.05722
CVE-2022-20181,0.00081,0.33670
CVE-2022-20182,0.00042,0.05722
CVE-2022-20183,0.00042,0.05722
CVE-2022-20184,0.00081,0.33914
CVE-2022-20185,0.00042,0.05722
CVE-2022-20186,0.00042,0.05722
CVE-2022-20188,0.00081,0.33914
CVE-2022-2019,0.00069,0.28703
CVE-2022-20190,0.00081,0.33914
CVE-2022-20191,0.00109,0.43800
CVE-2022-20192,0.00042,0.05722
CVE-2022-20193,0.00042,0.05722
CVE-2022-20194,0.00042,0.05722
CVE-2022-20195,0.00042,0.05722
CVE-2022-20196,0.00042,0.05722
CVE-2022-20197,0.00042,0.05722
CVE-2022-20198,0.00042,0.05722
CVE-2022-20199,0.00042,0.05722
CVE-2022-2020,0.00054,0.20290
CVE-2022-20200,0.00042,0.05722
CVE-2022-20201,0.00042,0.05722
CVE-2022-20202,0.00108,0.43466
CVE-2022-20203,0.00042,0.05722
CVE-2022-20204,0.00042,0.05722
CVE-2022-20205,0.00042,0.05722
CVE-2022-20206,0.00042,0.05722
CVE-2022-20207,0.00042,0.05722
CVE-2022-20208,0.00042,0.05722
CVE-2022-20209,0.00108,0.43466
CVE-2022-20210,0.00107,0.43222
CVE-2022-20212,0.00048,0.14308
CVE-2022-20213,0.00044,0.08085
CVE-2022-20214,0.00063,0.25287
CVE-2022-20215,0.00044,0.08085
CVE-2022-20216,0.00109,0.43800
CVE-2022-20217,0.00072,0.29627
CVE-2022-20218,0.00047,0.13902
CVE-2022-20219,0.00042,0.05722
CVE-2022-2022,0.00053,0.18833
CVE-2022-20220,0.00044,0.07794
CVE-2022-20221,0.00053,0.18885
CVE-2022-20222,0.00121,0.46215
CVE-2022-20223,0.00042,0.05722
CVE-2022-20224,0.00096,0.39941
CVE-2022-20225,0.00042,0.05722
CVE-2022-20226,0.00042,0.05722
CVE-2022-20227,0.00042,0.05722
CVE-2022-20228,0.00098,0.40355
CVE-2022-20229,0.00121,0.46215
CVE-2022-2023,0.00194,0.57318
CVE-2022-20230,0.00045,0.12356
CVE-2022-20231,0.00042,0.05722
CVE-2022-20233,0.00042,0.05722
CVE-2022-20234,0.00081,0.33914
CVE-2022-20235,0.00043,0.06775
CVE-2022-20236,0.00081,0.33670
CVE-2022-20237,0.00134,0.48583
CVE-2022-20238,0.00109,0.43800
CVE-2022-20239,0.00106,0.42697
CVE-2022-2024,0.00116,0.45338
CVE-2022-20240,0.00042,0.05722
CVE-2022-20241,0.00042,0.05722
CVE-2022-20242,0.00042,0.05722
CVE-2022-20243,0.00042,0.05722
CVE-2022-20244,0.00048,0.14308
CVE-2022-20245,0.00044,0.08085
CVE-2022-20246,0.00042,0.05722
CVE-2022-20247,0.00121,0.46371
CVE-2022-20248,0.00042,0.05722
CVE-2022-20249,0.00042,0.05722
CVE-2022-2025,0.00186,0.55901
CVE-2022-20250,0.00048,0.14308
CVE-2022-20251,0.00042,0.05722
CVE-2022-20252,0.00042,0.05722
CVE-2022-20253,0.00051,0.17028
CVE-2022-20254,0.00047,0.13902
CVE-2022-20255,0.00042,0.05722
CVE-2022-20256,0.00042,0.05722
CVE-2022-20257,0.00042,0.05722
CVE-2022-20258,0.00042,0.05722
CVE-2022-20259,0.00042,0.05722
CVE-2022-2026,0.00053,0.18833
CVE-2022-20260,0.00042,0.05722
CVE-2022-20261,0.00042,0.05722
CVE-2022-20262,0.00042,0.05722
CVE-2022-20263,0.00042,0.05722
CVE-2022-20264,0.00042,0.05722
CVE-2022-20265,0.00046,0.12671
CVE-2022-20266,0.00042,0.05722
CVE-2022-20267,0.00042,0.05722
CVE-2022-20268,0.00042,0.05722
CVE-2022-20269,0.00042,0.05722
CVE-2022-2027,0.00096,0.39810
CVE-2022-20270,0.00042,0.05722
CVE-2022-20271,0.00048,0.14308
CVE-2022-20272,0.00045,0.12367
CVE-2022-20273,0.00060,0.23383
CVE-2022-20274,0.00042,0.05722
CVE-2022-20275,0.00042,0.05722
CVE-2022-20276,0.00042,0.05722
CVE-2022-20277,0.00042,0.05722
CVE-2022-20278,0.00042,0.05722
CVE-2022-20279,0.00042,0.05722
CVE-2022-2028,0.00053,0.18833
CVE-2022-20280,0.00042,0.05722
CVE-2022-20281,0.00042,0.05722
CVE-2022-20282,0.00048,0.14308
CVE-2022-20283,0.00055,0.20391
CVE-2022-20284,0.00042,0.05722
CVE-2022-20285,0.00042,0.05722
CVE-2022-20286,0.00042,0.05722
CVE-2022-20287,0.00042,0.05722
CVE-2022-20288,0.00042,0.05722
CVE-2022-20289,0.00042,0.05722
CVE-2022-2029,0.00053,0.18833
CVE-2022-20290,0.00042,0.05722
CVE-2022-20291,0.00042,0.05722
CVE-2022-20292,0.00042,0.05722
CVE-2022-20293,0.00042,0.05722
CVE-2022-20294,0.00042,0.05722
CVE-2022-20295,0.00042,0.05722
CVE-2022-20296,0.00042,0.05722
CVE-2022-20297,0.00042,0.05722
CVE-2022-20298,0.00042,0.05722
CVE-2022-20299,0.00042,0.05722
CVE-2022-2030,0.00066,0.27281
CVE-2022-20300,0.00042,0.05722
CVE-2022-20301,0.00042,0.05722
CVE-2022-20302,0.00047,0.13902
CVE-2022-20303,0.00042,0.05722
CVE-2022-20304,0.00042,0.05722
CVE-2022-20305,0.00042,0.05722
CVE-2022-20306,0.00042,0.05722
CVE-2022-20307,0.00042,0.05722
CVE-2022-20308,0.00115,0.45012
CVE-2022-20309,0.00042,0.05722
CVE-2022-2031,0.00089,0.37481
CVE-2022-20310,0.00042,0.05722
CVE-2022-20311,0.00042,0.05722
CVE-2022-20312,0.00042,0.05722
CVE-2022-20313,0.00042,0.05722
CVE-2022-20314,0.00042,0.05722
CVE-2022-20315,0.00042,0.05722
CVE-2022-20316,0.00042,0.05722
CVE-2022-20317,0.00044,0.10729
CVE-2022-20318,0.00042,0.05722
CVE-2022-20319,0.00042,0.05722
CVE-2022-2032,0.00053,0.18436
CVE-2022-20320,0.00042,0.05722
CVE-2022-20321,0.00044,0.08085
CVE-2022-20322,0.00042,0.05722
CVE-2022-20323,0.00042,0.05722
CVE-2022-20324,0.00042,0.05722
CVE-2022-20325,0.00042,0.05722
CVE-2022-20326,0.00042,0.05722
CVE-2022-20327,0.00042,0.05722
CVE-2022-20328,0.00042,0.05722
CVE-2022-20329,0.00042,0.05722
CVE-2022-20330,0.00042,0.05722
CVE-2022-20331,0.00048,0.14308
CVE-2022-20332,0.00042,0.05722
CVE-2022-20333,0.00051,0.17028
CVE-2022-20334,0.00049,0.15821
CVE-2022-20335,0.00042,0.05722
CVE-2022-20336,0.00042,0.05722
CVE-2022-20338,0.00042,0.05722
CVE-2022-20339,0.00042,0.05722
CVE-2022-2034,0.00473,0.73135
CVE-2022-20340,0.00042,0.05722
CVE-2022-20341,0.00042,0.05722
CVE-2022-20342,0.00042,0.05722
CVE-2022-20344,0.00042,0.05722
CVE-2022-20345,0.00054,0.19341
CVE-2022-20346,0.00108,0.43396
CVE-2022-20347,0.00053,0.18487
CVE-2022-20348,0.00042,0.05722
CVE-2022-20349,0.00042,0.05722
CVE-2022-2035,0.00078,0.32739
CVE-2022-20350,0.00042,0.05722
CVE-2022-20351,0.00042,0.05722
CVE-2022-20352,0.00042,0.05722
CVE-2022-20353,0.00042,0.05722
CVE-2022-20354,0.00042,0.05722
CVE-2022-20355,0.00042,0.05722
CVE-2022-20356,0.00042,0.05722
CVE-2022-20357,0.00042,0.05722
CVE-2022-20358,0.00042,0.05722
CVE-2022-2036,0.00053,0.18833
CVE-2022-20360,0.00042,0.05722
CVE-2022-20361,0.00134,0.48583
CVE-2022-20362,0.00055,0.20391
CVE-2022-20364,0.00042,0.05722
CVE-2022-20365,0.00106,0.42697
CVE-2022-20366,0.00043,0.07409
CVE-2022-20367,0.00043,0.07409
CVE-2022-20368,0.00043,0.06775
CVE-2022-20369,0.00042,0.05722
CVE-2022-2037,0.00096,0.39810
CVE-2022-20370,0.00079,0.32842
CVE-2022-20371,0.00042,0.05722
CVE-2022-20372,0.00042,0.05722
CVE-2022-20373,0.00042,0.05722
CVE-2022-20375,0.00115,0.45208
CVE-2022-20376,0.00042,0.05722
CVE-2022-20377,0.00042,0.05722
CVE-2022-20378,0.00106,0.42697
CVE-2022-20379,0.00042,0.05722
CVE-2022-20380,0.00079,0.32842
CVE-2022-20381,0.00106,0.42697
CVE-2022-20382,0.00042,0.05722
CVE-2022-20383,0.00043,0.07409
CVE-2022-20384,0.00106,0.42697
CVE-2022-20385,0.00102,0.41377
CVE-2022-20386,0.00102,0.41377
CVE-2022-20387,0.00102,0.41377
CVE-2022-20388,0.00102,0.41377
CVE-2022-20389,0.00102,0.41377
CVE-2022-2039,0.00188,0.56436
CVE-2022-20390,0.00102,0.41377
CVE-2022-20391,0.00102,0.41377
CVE-2022-20392,0.00042,0.05722
CVE-2022-20393,0.00043,0.07409
CVE-2022-20394,0.00042,0.05722
CVE-2022-20395,0.00044,0.07794
CVE-2022-20396,0.00042,0.05722
CVE-2022-20397,0.00042,0.05722
CVE-2022-20398,0.00042,0.05722
CVE-2022-20399,0.00042,0.05722
CVE-2022-2040,0.00053,0.18833
CVE-2022-20400,0.00135,0.48807
CVE-2022-20401,0.00113,0.44770
CVE-2022-20402,0.00106,0.42697
CVE-2022-20403,0.00106,0.42697
CVE-2022-20404,0.00079,0.32842
CVE-2022-20405,0.00106,0.42697
CVE-2022-20406,0.00079,0.32842
CVE-2022-20407,0.00078,0.32333
CVE-2022-20408,0.00079,0.32842
CVE-2022-20409,0.00042,0.05722
CVE-2022-2041,0.00053,0.18833
CVE-2022-20410,0.00123,0.46671
CVE-2022-20411,0.00054,0.19341
CVE-2022-20412,0.00042,0.05722
CVE-2022-20413,0.00042,0.05722
CVE-2022-20414,0.00042,0.05722
CVE-2022-20415,0.00042,0.05722
CVE-2022-20416,0.00042,0.05722
CVE-2022-20417,0.00042,0.05722
CVE-2022-20418,0.00123,0.46671
CVE-2022-20419,0.00042,0.05722
CVE-2022-2042,0.00102,0.41378
CVE-2022-20420,0.00042,0.05722
CVE-2022-20421,0.00042,0.05722
CVE-2022-20422,0.00042,0.05722
CVE-2022-20423,0.00046,0.12732
CVE-2022-20425,0.00042,0.05722
CVE-2022-20426,0.00042,0.05722
CVE-2022-20427,0.00042,0.05722
CVE-2022-20428,0.00042,0.05722
CVE-2022-20429,0.00047,0.13902
CVE-2022-2043,0.00078,0.32333
CVE-2022-20430,0.00043,0.06775
CVE-2022-20431,0.00043,0.06775
CVE-2022-20432,0.00043,0.06775
CVE-2022-20433,0.00043,0.06775
CVE-2022-20434,0.00043,0.06775
CVE-2022-20435,0.00043,0.06775
CVE-2022-20436,0.00043,0.06775
CVE-2022-20437,0.00043,0.06775
CVE-2022-20438,0.00043,0.06775
CVE-2022-20439,0.00043,0.06775
CVE-2022-2044,0.00078,0.32333
CVE-2022-20440,0.00043,0.06775
CVE-2022-20441,0.00042,0.05722
CVE-2022-20442,0.00042,0.05722
CVE-2022-20443,0.00042,0.05722
CVE-2022-20445,0.00123,0.46671
CVE-2022-20446,0.00042,0.05722
CVE-2022-20447,0.00053,0.18885
CVE-2022-20448,0.00042,0.05722
CVE-2022-20449,0.00044,0.07794
CVE-2022-20450,0.00042,0.05722
CVE-2022-20451,0.00047,0.13902
CVE-2022-20452,0.00042,0.05722
CVE-2022-20453,0.00048,0.14230
CVE-2022-20454,0.00043,0.07409
CVE-2022-20455,0.00042,0.05722
CVE-2022-20456,0.00042,0.05722
CVE-2022-20457,0.00042,0.05722
CVE-2022-20458,0.00043,0.06775
CVE-2022-20459,0.00042,0.05722
CVE-2022-2046,0.00051,0.17233
CVE-2022-20460,0.00042,0.05722
CVE-2022-20461,0.00042,0.05722
CVE-2022-20462,0.00042,0.05722
CVE-2022-20464,0.00042,0.05722
CVE-2022-20465,0.00046,0.12671
CVE-2022-20466,0.00045,0.12356
CVE-2022-20467,0.00046,0.12632
CVE-2022-20468,0.00045,0.12356
CVE-2022-20469,0.00048,0.14308
CVE-2022-2047,0.00086,0.35602
CVE-2022-20470,0.00042,0.05722
CVE-2022-20471,0.00042,0.05722
CVE-2022-20472,0.00155,0.51772
CVE-2022-20473,0.00155,0.51772
CVE-2022-20474,0.00042,0.05722
CVE-2022-20475,0.00042,0.05722
CVE-2022-20476,0.00042,0.05722
CVE-2022-20477,0.00042,0.05722
CVE-2022-20478,0.00042,0.05722
CVE-2022-20479,0.00042,0.05722
CVE-2022-2048,0.00121,0.46320
CVE-2022-20480,0.00042,0.05722
CVE-2022-20481,0.00042,0.05722
CVE-2022-20482,0.00042,0.05722
CVE-2022-20483,0.00123,0.46671
CVE-2022-20484,0.00042,0.05722
CVE-2022-20485,0.00042,0.05722
CVE-2022-20486,0.00042,0.05722
CVE-2022-20487,0.00042,0.05722
CVE-2022-20488,0.00042,0.05722
CVE-2022-20489,0.00042,0.05722
CVE-2022-2049,0.00086,0.35826
CVE-2022-20490,0.00042,0.05722
CVE-2022-20491,0.00042,0.05722
CVE-2022-20492,0.00042,0.05722
CVE-2022-20493,0.00047,0.13902
CVE-2022-20494,0.00042,0.05722
CVE-2022-20495,0.00042,0.05722
CVE-2022-20496,0.00042,0.05722
CVE-2022-20497,0.00045,0.12356
CVE-2022-20498,0.00042,0.05722
CVE-2022-20499,0.00045,0.12206
CVE-2022-2050,0.00058,0.22585
CVE-2022-20500,0.00042,0.05722
CVE-2022-20501,0.00042,0.05722
CVE-2022-20502,0.00042,0.05722
CVE-2022-20503,0.00042,0.05722
CVE-2022-20504,0.00042,0.05722
CVE-2022-20505,0.00044,0.07794
CVE-2022-20506,0.00042,0.05722
CVE-2022-20507,0.00042,0.05722
CVE-2022-20508,0.00042,0.05722
CVE-2022-20509,0.00042,0.05722
CVE-2022-20510,0.00042,0.05722
CVE-2022-20511,0.00042,0.05722
CVE-2022-20512,0.00042,0.05722
CVE-2022-20513,0.00042,0.05722
CVE-2022-20514,0.00042,0.05722
CVE-2022-20515,0.00042,0.05722
CVE-2022-20516,0.00123,0.46671
CVE-2022-20517,0.00042,0.05722
CVE-2022-20518,0.00042,0.05722
CVE-2022-20519,0.00042,0.05722
CVE-2022-2052,0.00170,0.54075
CVE-2022-20520,0.00042,0.05722
CVE-2022-20521,0.00042,0.05722
CVE-2022-20522,0.00042,0.05722
CVE-2022-20523,0.00042,0.05722
CVE-2022-20524,0.00042,0.05722
CVE-2022-20525,0.00042,0.05722
CVE-2022-20526,0.00044,0.08085
CVE-2022-20527,0.00042,0.05722
CVE-2022-20528,0.00042,0.05722
CVE-2022-20529,0.00044,0.08085
CVE-2022-2053,0.00081,0.33892
CVE-2022-20530,0.00093,0.38959
CVE-2022-20531,0.00042,0.05722
CVE-2022-20532,0.00092,0.38672
CVE-2022-20533,0.00042,0.05722
CVE-2022-20535,0.00042,0.05722
CVE-2022-20536,0.00042,0.05722
CVE-2022-20537,0.00042,0.05722
CVE-2022-20538,0.00042,0.05722
CVE-2022-20539,0.00042,0.05722
CVE-2022-2054,0.00048,0.14460
CVE-2022-20540,0.00042,0.05722
CVE-2022-20541,0.00042,0.05722
CVE-2022-20542,0.00042,0.05722
CVE-2022-20543,0.00042,0.05722
CVE-2022-20544,0.00042,0.05722
CVE-2022-20545,0.00103,0.41640
CVE-2022-20546,0.00042,0.05722
CVE-2022-20547,0.00042,0.05722
CVE-2022-20548,0.00042,0.05722
CVE-2022-20549,0.00042,0.05722
CVE-2022-20550,0.00042,0.05722
CVE-2022-20551,0.00042,0.05722
CVE-2022-20552,0.00042,0.05722
CVE-2022-20553,0.00042,0.05722
CVE-2022-20554,0.00042,0.05722
CVE-2022-20555,0.00042,0.05722
CVE-2022-20556,0.00042,0.05722
CVE-2022-20557,0.00042,0.05722
CVE-2022-20558,0.00042,0.05722
CVE-2022-20559,0.00042,0.05722
CVE-2022-2056,0.00248,0.62796
CVE-2022-20560,0.00081,0.33744
CVE-2022-20561,0.00042,0.05722
CVE-2022-20562,0.00042,0.05722
CVE-2022-20563,0.00042,0.05722
CVE-2022-20564,0.00042,0.05722
CVE-2022-20566,0.00042,0.05722
CVE-2022-20567,0.00042,0.05722
CVE-2022-20568,0.00042,0.05722
CVE-2022-20569,0.00042,0.05722
CVE-2022-2057,0.00248,0.62796
CVE-2022-20570,0.00043,0.06775
CVE-2022-20571,0.00042,0.05722
CVE-2022-20572,0.00042,0.05722
CVE-2022-20574,0.00042,0.05722
CVE-2022-20575,0.00042,0.05722
CVE-2022-20576,0.00042,0.05722
CVE-2022-20577,0.00042,0.05722
CVE-2022-20578,0.00042,0.05722
CVE-2022-20579,0.00042,0.05722
CVE-2022-2058,0.00248,0.62796
CVE-2022-20580,0.00042,0.05722
CVE-2022-20581,0.00042,0.05722
CVE-2022-20582,0.00042,0.05722
CVE-2022-20583,0.00042,0.05722
CVE-2022-20584,0.00042,0.05722
CVE-2022-20585,0.00042,0.05722
CVE-2022-20586,0.00042,0.05722
CVE-2022-20587,0.00042,0.05722
CVE-2022-20588,0.00042,0.05722
CVE-2022-20589,0.00042,0.05722
CVE-2022-2059,0.00053,0.18436
CVE-2022-20590,0.00042,0.05722
CVE-2022-20591,0.00042,0.05722
CVE-2022-20592,0.00042,0.05722
CVE-2022-20593,0.00042,0.05722
CVE-2022-20594,0.00042,0.05722
CVE-2022-20595,0.00042,0.05722
CVE-2022-20596,0.00042,0.05722
CVE-2022-20597,0.00043,0.07409
CVE-2022-20598,0.00043,0.07409
CVE-2022-20599,0.00042,0.05722
CVE-2022-2060,0.00053,0.18833
CVE-2022-20600,0.00042,0.05722
CVE-2022-20601,0.00081,0.33744
CVE-2022-20602,0.00081,0.33744
CVE-2022-20603,0.00109,0.43519
CVE-2022-20604,0.00042,0.05774
CVE-2022-20605,0.00123,0.46671
CVE-2022-20606,0.00078,0.32094
CVE-2022-20607,0.00114,0.44962
CVE-2022-20608,0.00042,0.05722
CVE-2022-20609,0.00042,0.05722
CVE-2022-2061,0.00060,0.23520
CVE-2022-20610,0.00114,0.44962
CVE-2022-20611,0.00042,0.05722
CVE-2022-20612,0.00082,0.33955
CVE-2022-20613,0.00082,0.33955
CVE-2022-20614,0.00096,0.39757
CVE-2022-20615,0.00096,0.39864
CVE-2022-20616,0.00054,0.19618
CVE-2022-20617,0.00111,0.44243
CVE-2022-20618,0.00054,0.19618
CVE-2022-20619,0.00080,0.33446
CVE-2022-2062,0.00148,0.50784
CVE-2022-20620,0.00054,0.19618
CVE-2022-20621,0.00044,0.10161
CVE-2022-20622,0.00137,0.49202
CVE-2022-20623,0.00115,0.45020
CVE-2022-20624,0.00137,0.49202
CVE-2022-20625,0.00050,0.16871
CVE-2022-20627,0.00066,0.27429
CVE-2022-20628,0.00066,0.27429
CVE-2022-20629,0.00066,0.27429
CVE-2022-2063,0.00189,0.56518
CVE-2022-20630,0.00042,0.05722
CVE-2022-20635,0.00136,0.48965
CVE-2022-20636,0.00136,0.48965
CVE-2022-20637,0.00136,0.48965
CVE-2022-20638,0.00136,0.48965
CVE-2022-20639,0.00136,0.48965
CVE-2022-2064,0.00098,0.40432
CVE-2022-20640,0.00136,0.48965
CVE-2022-20641,0.00136,0.48965
CVE-2022-20642,0.00136,0.48965
CVE-2022-20643,0.00136,0.48965
CVE-2022-20644,0.00136,0.48965
CVE-2022-20645,0.00136,0.48965
CVE-2022-20646,0.00136,0.48965
CVE-2022-20647,0.00136,0.48965
CVE-2022-2065,0.00053,0.18833
CVE-2022-20650,0.00150,0.51222
CVE-2022-20651,0.00042,0.05722
CVE-2022-20653,0.00137,0.49202
CVE-2022-20658,0.00092,0.38799
CVE-2022-20659,0.00136,0.48965
CVE-2022-2066,0.00068,0.28323
CVE-2022-20660,0.00097,0.40229
CVE-2022-20661,0.00050,0.16871
CVE-2022-20662,0.00055,0.20492
CVE-2022-20664,0.00091,0.38390
CVE-2022-20665,0.00042,0.05722
CVE-2022-20666,0.00136,0.48965
CVE-2022-20667,0.00136,0.48965
CVE-2022-20668,0.00136,0.48965
CVE-2022-20669,0.00136,0.48965
CVE-2022-2067,0.00132,0.48080
CVE-2022-20670,0.00136,0.48965
CVE-2022-20671,0.00136,0.48965
CVE-2022-20672,0.00136,0.48965
CVE-2022-20673,0.00136,0.48965
CVE-2022-20674,0.00136,0.48965
CVE-2022-20675,0.00127,0.47225
CVE-2022-20676,0.00042,0.05722
CVE-2022-20677,0.00044,0.07794
CVE-2022-20678,0.00137,0.49202
CVE-2022-20679,0.00144,0.50251
CVE-2022-2068,0.09050,0.94062
CVE-2022-20680,0.00097,0.40280
CVE-2022-20681,0.00042,0.05722
CVE-2022-20682,0.00138,0.49318
CVE-2022-20683,0.00196,0.57547
CVE-2022-20684,0.00050,0.16871
CVE-2022-20686,0.00069,0.28764
CVE-2022-20687,0.00069,0.28764
CVE-2022-20688,0.00069,0.28764
CVE-2022-20689,0.00054,0.20300
CVE-2022-2069,0.00062,0.24606
CVE-2022-20690,0.00054,0.20300
CVE-2022-20691,0.00044,0.10345
CVE-2022-20692,0.00109,0.43829
CVE-2022-20693,0.00149,0.50926
CVE-2022-20694,0.00125,0.46902
CVE-2022-20695,0.00269,0.64486
CVE-2022-20696,0.00053,0.19001
CVE-2022-20697,0.00138,0.49318
CVE-2022-20698,0.00247,0.62757
CVE-2022-20699,0.96312,0.99443
CVE-2022-2070,0.00165,0.53184
CVE-2022-20700,0.00439,0.72213
CVE-2022-20701,0.00147,0.50706
CVE-2022-20702,0.00170,0.54115
CVE-2022-20703,0.01039,0.82401
CVE-2022-20704,0.00122,0.46402
CVE-2022-20705,0.09926,0.94347
CVE-2022-20706,0.00405,0.71123
CVE-2022-20707,0.07746,0.93578
CVE-2022-20708,0.01083,0.82816
CVE-2022-20709,0.00174,0.54591
CVE-2022-2071,0.00059,0.23076
CVE-2022-20710,0.00138,0.49288
CVE-2022-20711,0.00490,0.73629
CVE-2022-20712,0.00268,0.64424
CVE-2022-20713,0.00129,0.47570
CVE-2022-20714,0.00138,0.49318
CVE-2022-20715,0.00138,0.49318
CVE-2022-20716,0.00042,0.05722
CVE-2022-20717,0.00042,0.05722
CVE-2022-20718,0.00122,0.46445
CVE-2022-20719,0.00099,0.40734
CVE-2022-2072,0.00075,0.31080
CVE-2022-20720,0.00153,0.51515
CVE-2022-20721,0.00093,0.39166
CVE-2022-20722,0.00093,0.39166
CVE-2022-20723,0.00099,0.40734
CVE-2022-20724,0.00232,0.61412
CVE-2022-20725,0.00088,0.37097
CVE-2022-20726,0.00089,0.37370
CVE-2022-20727,0.00044,0.07794
CVE-2022-20728,0.00044,0.10345
CVE-2022-20729,0.00042,0.05722
CVE-2022-2073,0.00099,0.40567
CVE-2022-20730,0.00123,0.46602
CVE-2022-20731,0.00062,0.24373
CVE-2022-20732,0.00042,0.05722
CVE-2022-20733,0.00262,0.64002
CVE-2022-20734,0.00042,0.05722
CVE-2022-20735,0.00075,0.30872
CVE-2022-20736,0.00065,0.26869
CVE-2022-20737,0.00109,0.43829
CVE-2022-20738,0.00259,0.63767
CVE-2022-20739,0.00042,0.05722
CVE-2022-2074,0.00086,0.35826
CVE-2022-20740,0.00136,0.48883
CVE-2022-20741,0.00066,0.27429
CVE-2022-20742,0.00114,0.44875
CVE-2022-20743,0.00163,0.52955
CVE-2022-20744,0.00090,0.38040
CVE-2022-20745,0.00105,0.42487
CVE-2022-20746,0.00137,0.49202
CVE-2022-20747,0.00090,0.38040
CVE-2022-20748,0.00127,0.47225
CVE-2022-20749,0.00268,0.64424
CVE-2022-2075,0.00086,0.35826
CVE-2022-20750,0.00137,0.49202
CVE-2022-20751,0.00137,0.49202
CVE-2022-20752,0.00115,0.45152
CVE-2022-20753,0.00213,0.59296
CVE-2022-20754,0.00162,0.52860
CVE-2022-20755,0.00162,0.52860
CVE-2022-20756,0.00137,0.49202
CVE-2022-20757,0.00137,0.49202
CVE-2022-20758,0.00138,0.49318
CVE-2022-20759,0.00127,0.47307
CVE-2022-20760,0.00137,0.49202
CVE-2022-20761,0.00050,0.16871
CVE-2022-20762,0.00042,0.05722
CVE-2022-20763,0.00168,0.53816
CVE-2022-20764,0.00157,0.52160
CVE-2022-20765,0.00066,0.27429
CVE-2022-20767,0.00137,0.49202
CVE-2022-20768,0.00085,0.35321
CVE-2022-20769,0.00044,0.10345
CVE-2022-20770,0.01148,0.83327
CVE-2022-20771,0.01148,0.83327
CVE-2022-20772,0.00104,0.42304
CVE-2022-20773,0.00199,0.57871
CVE-2022-20774,0.00078,0.32094
CVE-2022-20775,0.00042,0.05722
CVE-2022-20776,0.00044,0.08212
CVE-2022-20777,0.00104,0.42382
CVE-2022-20778,0.00136,0.48965
CVE-2022-20779,0.00208,0.58812
CVE-2022-2078,0.00048,0.14329
CVE-2022-20780,0.00183,0.55705
CVE-2022-20781,0.00066,0.27429
CVE-2022-20782,0.00090,0.38040
CVE-2022-20783,0.00137,0.49202
CVE-2022-20784,0.00111,0.44192
CVE-2022-20785,0.01664,0.86348
CVE-2022-20786,0.00084,0.34795
CVE-2022-20787,0.00067,0.27819
CVE-2022-20788,0.00136,0.48965
CVE-2022-20789,0.00116,0.45257
CVE-2022-2079,0.00053,0.18833
CVE-2022-20790,0.00098,0.40356
CVE-2022-20791,0.00094,0.39311
CVE-2022-20792,0.00073,0.30148
CVE-2022-20794,0.00111,0.44241
CVE-2022-20795,0.00137,0.49202
CVE-2022-20796,0.00042,0.05722
CVE-2022-20797,0.00128,0.47499
CVE-2022-20798,0.00337,0.68407
CVE-2022-20799,0.00182,0.55547
CVE-2022-2080,0.00051,0.17233
CVE-2022-20800,0.00136,0.48965
CVE-2022-20801,0.00582,0.75815
CVE-2022-20802,0.00065,0.26956
CVE-2022-20803,0.00102,0.41355
CVE-2022-20804,0.00050,0.16871
CVE-2022-20805,0.00044,0.10161
CVE-2022-20806,0.00109,0.43829
CVE-2022-20807,0.00090,0.38040
CVE-2022-20808,0.00109,0.43829
CVE-2022-20809,0.00090,0.38040
CVE-2022-2081,0.00046,0.13740
CVE-2022-20810,0.00078,0.32631
CVE-2022-20811,0.00080,0.33447
CVE-2022-20812,0.00122,0.46402
CVE-2022-20813,0.00159,0.52367
CVE-2022-20815,0.00136,0.48965
CVE-2022-20816,0.00095,0.39721
CVE-2022-20817,0.00176,0.54775
CVE-2022-20818,0.00044,0.07794
CVE-2022-20819,0.00090,0.38040
CVE-2022-20820,0.00061,0.23927
CVE-2022-20821,0.00367,0.69724
CVE-2022-20822,0.00126,0.47202
CVE-2022-20823,0.00118,0.45829
CVE-2022-20824,0.00098,0.40491
CVE-2022-20825,0.00285,0.65529
CVE-2022-20826,0.00055,0.20492
CVE-2022-20827,0.00277,0.64959
CVE-2022-20828,0.09207,0.94120
CVE-2022-20829,0.00569,0.75532
CVE-2022-2083,0.00175,0.54713
CVE-2022-20830,0.00099,0.40608
CVE-2022-20831,0.00061,0.23927
CVE-2022-20832,0.00061,0.23927
CVE-2022-20833,0.00061,0.23927
CVE-2022-20834,0.00061,0.23927
CVE-2022-20835,0.00061,0.23927
CVE-2022-20836,0.00061,0.23927
CVE-2022-20837,0.00099,0.40635
CVE-2022-20838,0.00061,0.23927
CVE-2022-20839,0.00061,0.23927
CVE-2022-2084,0.00043,0.06775
CVE-2022-20840,0.00061,0.23927
CVE-2022-20841,0.00189,0.56524
CVE-2022-20842,0.00177,0.54966
CVE-2022-20843,0.00061,0.23927
CVE-2022-20844,0.00099,0.40608
CVE-2022-20847,0.00118,0.45732
CVE-2022-20848,0.00118,0.45732
CVE-2022-2085,0.00082,0.34141
CVE-2022-20850,0.00044,0.07794
CVE-2022-20851,0.00096,0.39919
CVE-2022-20852,0.00104,0.42290
CVE-2022-20854,0.00124,0.46819
CVE-2022-20855,0.00042,0.05844
CVE-2022-20856,0.00098,0.40551
CVE-2022-20857,0.00351,0.69038
CVE-2022-20858,0.00351,0.69038
CVE-2022-20859,0.00127,0.47367
CVE-2022-2086,0.00098,0.40432
CVE-2022-20860,0.00106,0.42897
CVE-2022-20861,0.00102,0.41564
CVE-2022-20862,0.00085,0.35401
CVE-2022-20863,0.00099,0.40608
CVE-2022-20864,0.00053,0.18837
CVE-2022-20865,0.00042,0.05844
CVE-2022-20866,0.00144,0.50268
CVE-2022-20867,0.00071,0.29204
CVE-2022-20868,0.00266,0.64284
CVE-2022-20869,0.00129,0.47664
CVE-2022-2087,0.00053,0.18833
CVE-2022-20870,0.00118,0.45829
CVE-2022-20872,0.00061,0.23927
CVE-2022-20873,0.00122,0.46422
CVE-2022-20874,0.00122,0.46422
CVE-2022-20875,0.00122,0.46422
CVE-2022-20876,0.00122,0.46422
CVE-2022-20877,0.00122,0.46422
CVE-2022-20878,0.00122,0.46422
CVE-2022-20879,0.00122,0.46422
CVE-2022-2088,0.00081,0.33872
CVE-2022-20880,0.00122,0.46422
CVE-2022-20881,0.00122,0.46422
CVE-2022-20882,0.00122,0.46422
CVE-2022-20883,0.00122,0.46422
CVE-2022-20884,0.00122,0.46422
CVE-2022-20885,0.00122,0.46422
CVE-2022-20886,0.00122,0.46422
CVE-2022-20887,0.00122,0.46422
CVE-2022-20888,0.00122,0.46422
CVE-2022-20889,0.00106,0.42724
CVE-2022-2089,0.00058,0.22585
CVE-2022-20890,0.00106,0.42724
CVE-2022-20891,0.00106,0.42724
CVE-2022-20892,0.00106,0.42724
CVE-2022-20893,0.00106,0.42724
CVE-2022-20894,0.00106,0.42724
CVE-2022-20895,0.00106,0.42724
CVE-2022-20896,0.00106,0.42724
CVE-2022-20897,0.00106,0.42724
CVE-2022-20898,0.00106,0.42724
CVE-2022-20899,0.00106,0.42724
CVE-2022-2090,0.00091,0.38465
CVE-2022-20900,0.00106,0.42724
CVE-2022-20901,0.00106,0.42724
CVE-2022-20902,0.00106,0.42724
CVE-2022-20903,0.00106,0.42724
CVE-2022-20904,0.00106,0.42724
CVE-2022-20905,0.00061,0.23927
CVE-2022-20906,0.00042,0.05722
CVE-2022-20907,0.00042,0.05722
CVE-2022-20908,0.00042,0.05722
CVE-2022-20909,0.00042,0.05722
CVE-2022-2091,0.00062,0.24284
CVE-2022-20910,0.00122,0.46422
CVE-2022-20911,0.00106,0.42724
CVE-2022-20912,0.00106,0.42724
CVE-2022-20913,0.00095,0.39721
CVE-2022-20914,0.00078,0.32631
CVE-2022-20915,0.00044,0.10345
CVE-2022-20916,0.00129,0.47664
CVE-2022-20917,0.00050,0.16463
CVE-2022-20918,0.00152,0.51356
CVE-2022-20919,0.00118,0.45732
CVE-2022-2092,0.00095,0.39559
CVE-2022-20920,0.00094,0.39261
CVE-2022-20921,0.00120,0.46078
CVE-2022-20922,0.00111,0.44127
CVE-2022-20923,0.00196,0.57579
CVE-2022-20924,0.00098,0.40479
CVE-2022-20925,0.00109,0.43766
CVE-2022-20926,0.00109,0.43766
CVE-2022-20927,0.00098,0.40479
CVE-2022-20928,0.00104,0.42386
CVE-2022-20929,0.00053,0.18856
CVE-2022-2093,0.00058,0.22585
CVE-2022-20930,0.00042,0.05844
CVE-2022-20932,0.00061,0.23927
CVE-2022-20933,0.00118,0.45829
CVE-2022-20934,0.00042,0.05844
CVE-2022-20935,0.00061,0.23927
CVE-2022-20936,0.00061,0.23927
CVE-2022-20937,0.00115,0.45004
CVE-2022-20938,0.00071,0.29326
CVE-2022-2094,0.00053,0.18524
CVE-2022-20940,0.00104,0.42304
CVE-2022-20941,0.00087,0.36465
CVE-2022-20942,0.00075,0.31077
CVE-2022-20943,0.00111,0.44127
CVE-2022-20944,0.00055,0.20492
CVE-2022-20945,0.00044,0.10345
CVE-2022-20946,0.00177,0.54897
CVE-2022-20947,0.00124,0.46819
CVE-2022-20949,0.00071,0.29326
CVE-2022-2095,0.00078,0.32100
CVE-2022-20950,0.00115,0.45004
CVE-2022-20951,0.00075,0.31077
CVE-2022-20952,0.00068,0.27988
CVE-2022-20953,0.00044,0.08212
CVE-2022-20954,0.00044,0.08212
CVE-2022-20955,0.00044,0.08212
CVE-2022-20956,0.00096,0.39924
CVE-2022-20958,0.00119,0.45863
CVE-2022-20959,0.00061,0.23927
CVE-2022-20960,0.00124,0.46819
CVE-2022-20961,0.00080,0.33352
CVE-2022-20962,0.00152,0.51362
CVE-2022-20963,0.00061,0.23927
CVE-2022-20964,0.00097,0.40233
CVE-2022-20965,0.00067,0.27870
CVE-2022-20966,0.00061,0.23927
CVE-2022-20967,0.00061,0.23927
CVE-2022-20968,0.00054,0.20300
CVE-2022-20969,0.00061,0.23927
CVE-2022-2097,0.00297,0.66249
CVE-2022-2098,0.00194,0.57318
CVE-2022-2099,0.00056,0.20979
CVE-2022-2100,0.00056,0.20979
CVE-2022-2101,0.00199,0.57788
CVE-2022-2102,0.00071,0.29148
CVE-2022-2103,0.00147,0.50616
CVE-2022-2104,0.00193,0.57259
CVE-2022-2105,0.00087,0.36465
CVE-2022-2106,0.00063,0.24943
CVE-2022-2107,0.00187,0.56222
CVE-2022-2108,0.00095,0.39750
CVE-2022-2111,0.00098,0.40432
CVE-2022-2112,0.00189,0.56518
CVE-2022-21122,0.00782,0.79544
CVE-2022-21123,0.00049,0.15003
CVE-2022-21124,0.00073,0.30312
CVE-2022-21125,0.00059,0.23172
CVE-2022-21126,0.00042,0.05722
CVE-2022-21127,0.00045,0.11839
CVE-2022-21128,0.00044,0.10161
CVE-2022-21129,0.00083,0.34298
CVE-2022-2113,0.00053,0.18833
CVE-2022-21131,0.00044,0.10161
CVE-2022-21132,0.00100,0.41001
CVE-2022-21133,0.00044,0.10161
CVE-2022-21134,0.00184,0.55727
CVE-2022-21136,0.00044,0.10161
CVE-2022-21137,0.06281,0.92940
CVE-2022-21139,0.00053,0.18686
CVE-2022-2114,0.00056,0.20979
CVE-2022-21140,0.00043,0.06775
CVE-2022-21141,0.00343,0.68689
CVE-2022-21142,0.00382,0.70311
CVE-2022-21143,0.00191,0.56749
CVE-2022-21144,0.00141,0.49770
CVE-2022-21145,0.00821,0.80064
CVE-2022-21146,0.00123,0.46537
CVE-2022-21147,0.00057,0.21454
CVE-2022-21148,0.00043,0.06775
CVE-2022-21149,0.00050,0.16378
CVE-2022-2115,0.00091,0.38465
CVE-2022-21151,0.00047,0.13894
CVE-2022-21152,0.00043,0.06775
CVE-2022-21153,0.00044,0.10161
CVE-2022-21154,0.00092,0.38929
CVE-2022-21155,0.00086,0.35721
CVE-2022-21156,0.00044,0.10161
CVE-2022-21157,0.00044,0.10161
CVE-2022-21158,0.00064,0.26182
CVE-2022-21159,0.00119,0.45836
CVE-2022-2116,0.00091,0.38465
CVE-2022-21160,0.00095,0.39623
CVE-2022-21162,0.00043,0.06775
CVE-2022-21163,0.00043,0.06775
CVE-2022-21164,0.00088,0.37038
CVE-2022-21165,0.00530,0.74657
CVE-2022-21166,0.00049,0.15003
CVE-2022-21167,0.00384,0.70391
CVE-2022-21168,0.00079,0.32785
CVE-2022-21169,0.00091,0.38645
CVE-2022-2117,0.00084,0.35133
CVE-2022-21170,0.00480,0.73352
CVE-2022-21172,0.00043,0.06775
CVE-2022-21173,0.00067,0.27767
CVE-2022-21174,0.00044,0.10161
CVE-2022-21176,0.00163,0.52932
CVE-2022-21177,0.00080,0.33454
CVE-2022-21178,0.00257,0.63594
CVE-2022-21179,0.00063,0.24910
CVE-2022-2118,0.00056,0.20979
CVE-2022-21180,0.00044,0.10161
CVE-2022-21181,0.00043,0.06775
CVE-2022-21182,0.00080,0.33331
CVE-2022-21184,0.00133,0.48340
CVE-2022-21186,0.00149,0.50909
CVE-2022-21187,0.00380,0.70242
CVE-2022-21189,0.00486,0.73532
CVE-2022-2119,0.00274,0.64808
CVE-2022-21190,0.00566,0.75480
CVE-2022-21191,0.00240,0.62075
CVE-2022-21192,0.00160,0.52674
CVE-2022-21193,0.00229,0.61135
CVE-2022-21194,0.00201,0.58090
CVE-2022-21195,0.00074,0.30544
CVE-2022-21196,0.00350,0.69006
CVE-2022-21197,0.00095,0.39623
CVE-2022-21198,0.00043,0.06775
CVE-2022-21199,0.00167,0.53453
CVE-2022-2120,0.00274,0.64808
CVE-2022-21201,0.00145,0.50339
CVE-2022-21202,0.00079,0.32785
CVE-2022-21203,0.00044,0.10161
CVE-2022-21204,0.00044,0.10161
CVE-2022-21205,0.00150,0.51158
CVE-2022-21208,0.00124,0.46796
CVE-2022-21209,0.00163,0.52949
CVE-2022-2121,0.00048,0.14803
CVE-2022-21210,0.00389,0.70611
CVE-2022-21211,0.00086,0.35887
CVE-2022-21212,0.00054,0.19192
CVE-2022-21213,0.00496,0.73770
CVE-2022-21214,0.00065,0.26763
CVE-2022-21215,0.00193,0.57259
CVE-2022-21216,0.00043,0.06775
CVE-2022-21217,0.00253,0.63221
CVE-2022-21218,0.00044,0.10161
CVE-2022-21219,0.00060,0.23234
CVE-2022-2122,0.00062,0.24451
CVE-2022-21220,0.00044,0.10456
CVE-2022-21221,0.00181,0.55357
CVE-2022-21222,0.00085,0.35257
CVE-2022-21223,0.00131,0.47971
CVE-2022-21225,0.00060,0.23520
CVE-2022-21226,0.00044,0.10161
CVE-2022-21227,0.00109,0.43524
CVE-2022-21228,0.00185,0.55868
CVE-2022-21229,0.00043,0.06775
CVE-2022-2123,0.00061,0.23796
CVE-2022-21230,0.00048,0.14332
CVE-2022-21231,0.00283,0.65421
CVE-2022-21233,0.00076,0.31417
CVE-2022-21234,0.00389,0.70611
CVE-2022-21235,0.00131,0.47971
CVE-2022-21236,0.00475,0.73180
CVE-2022-21237,0.00044,0.10161
CVE-2022-21238,0.00484,0.73451
CVE-2022-21239,0.00043,0.06775
CVE-2022-2124,0.00157,0.52141
CVE-2022-21240,0.00043,0.06775
CVE-2022-21241,0.00212,0.59191
CVE-2022-21242,0.00054,0.20290
CVE-2022-21243,0.00053,0.18590
CVE-2022-21244,0.00077,0.31886
CVE-2022-21245,0.00154,0.51733
CVE-2022-21246,0.00054,0.20290
CVE-2022-21247,0.00054,0.20290
CVE-2022-21248,0.00099,0.40633
CVE-2022-21249,0.00091,0.38171
CVE-2022-2125,0.00136,0.48891
CVE-2022-21250,0.00063,0.24890
CVE-2022-21251,0.00080,0.33345
CVE-2022-21252,0.00140,0.49592
CVE-2022-21253,0.00110,0.44050
CVE-2022-21254,0.00184,0.55711
CVE-2022-21255,0.00063,0.24890
CVE-2022-21256,0.00110,0.44050
CVE-2022-21257,0.00098,0.40536
CVE-2022-21258,0.00098,0.40536
CVE-2022-21259,0.00098,0.40536
CVE-2022-2126,0.00157,0.52141
CVE-2022-21260,0.00098,0.40536
CVE-2022-21261,0.00098,0.40536
CVE-2022-21262,0.00098,0.40536
CVE-2022-21263,0.00045,0.12178
CVE-2022-21264,0.00110,0.44050
CVE-2022-21265,0.00091,0.38171
CVE-2022-21266,0.00168,0.53546
CVE-2022-21267,0.00045,0.12178
CVE-2022-21268,0.00045,0.12178
CVE-2022-21269,0.00077,0.31886
CVE-2022-2127,0.00069,0.28457
CVE-2022-21270,0.00110,0.44050
CVE-2022-21271,0.00101,0.41149
CVE-2022-21272,0.00077,0.31886
CVE-2022-21273,0.00063,0.24890
CVE-2022-21274,0.00063,0.24890
CVE-2022-21275,0.00351,0.69015
CVE-2022-21276,0.00164,0.53065
CVE-2022-21277,0.00099,0.40560
CVE-2022-21278,0.00059,0.23219
CVE-2022-21279,0.00123,0.46568
CVE-2022-2128,0.00194,0.57318
CVE-2022-21280,0.00123,0.46568
CVE-2022-21281,0.00054,0.20290
CVE-2022-21282,0.00130,0.47884
CVE-2022-21283,0.00120,0.46041
CVE-2022-21284,0.00123,0.46568
CVE-2022-21285,0.00123,0.46568
CVE-2022-21286,0.00123,0.46568
CVE-2022-21287,0.00123,0.46568
CVE-2022-21288,0.00123,0.46568
CVE-2022-21289,0.00123,0.46568
CVE-2022-2129,0.00090,0.37701
CVE-2022-21290,0.00123,0.46568
CVE-2022-21291,0.00130,0.47884
CVE-2022-21292,0.00317,0.67442
CVE-2022-21293,0.00120,0.46041
CVE-2022-21294,0.00119,0.46003
CVE-2022-21295,0.00045,0.12178
CVE-2022-21296,0.00130,0.47884
CVE-2022-21297,0.00059,0.23219
CVE-2022-21298,0.00045,0.12178
CVE-2022-21299,0.00119,0.46003
CVE-2022-2130,0.00088,0.37038
CVE-2022-21300,0.00168,0.53546
CVE-2022-21301,0.00110,0.44050
CVE-2022-21302,0.00184,0.55711
CVE-2022-21303,0.00110,0.44050
CVE-2022-21304,0.00110,0.44050
CVE-2022-21305,0.00130,0.47884
CVE-2022-21306,0.07717,0.93564
CVE-2022-21307,0.00123,0.46568
CVE-2022-21308,0.00123,0.46568
CVE-2022-21309,0.00123,0.46568
CVE-2022-2131,0.00194,0.57362
CVE-2022-21310,0.00123,0.46568
CVE-2022-21311,0.00048,0.14570
CVE-2022-21312,0.00048,0.14570
CVE-2022-21313,0.00048,0.14570
CVE-2022-21314,0.00123,0.46568
CVE-2022-21315,0.00123,0.46568
CVE-2022-21316,0.00055,0.20394
CVE-2022-21317,0.00048,0.14570
CVE-2022-21318,0.00055,0.20394
CVE-2022-21319,0.00048,0.14570
CVE-2022-2132,0.00205,0.58534
CVE-2022-21320,0.00123,0.46568
CVE-2022-21321,0.00048,0.14570
CVE-2022-21322,0.00123,0.46568
CVE-2022-21323,0.00048,0.14570
CVE-2022-21324,0.00048,0.14570
CVE-2022-21325,0.00048,0.14570
CVE-2022-21326,0.00123,0.46568
CVE-2022-21327,0.00123,0.46568
CVE-2022-21328,0.00123,0.46568
CVE-2022-21329,0.00123,0.46568
CVE-2022-2133,0.00091,0.38465
CVE-2022-21330,0.00123,0.46568
CVE-2022-21331,0.00048,0.14570
CVE-2022-21332,0.00123,0.46568
CVE-2022-21333,0.00048,0.14570
CVE-2022-21334,0.00123,0.46568
CVE-2022-21335,0.00123,0.46568
CVE-2022-21336,0.00123,0.46568
CVE-2022-21337,0.00123,0.46568
CVE-2022-21338,0.00054,0.20290
CVE-2022-21339,0.00110,0.44050
CVE-2022-2134,0.00088,0.37038
CVE-2022-21340,0.00119,0.46003
CVE-2022-21341,0.00119,0.46003
CVE-2022-21342,0.00059,0.23219
CVE-2022-21344,0.00059,0.23219
CVE-2022-21345,0.00063,0.24890
CVE-2022-21346,0.00432,0.71955
CVE-2022-21347,0.00091,0.38456
CVE-2022-21348,0.00059,0.23219
CVE-2022-21349,0.00065,0.26893
CVE-2022-2135,0.00719,0.78600
CVE-2022-21350,0.00129,0.47738
CVE-2022-21351,0.00059,0.23219
CVE-2022-21352,0.00059,0.23219
CVE-2022-21353,0.00091,0.38456
CVE-2022-21354,0.00077,0.31886
CVE-2022-21355,0.00048,0.14570
CVE-2022-21356,0.00123,0.46568
CVE-2022-21357,0.00048,0.14570
CVE-2022-21358,0.00059,0.23219
CVE-2022-21359,0.00077,0.31886
CVE-2022-2136,0.00642,0.77094
CVE-2022-21360,0.00119,0.46003
CVE-2022-21361,0.00098,0.40536
CVE-2022-21362,0.00059,0.23219
CVE-2022-21363,0.00097,0.40218
CVE-2022-21364,0.00098,0.40536
CVE-2022-21365,0.00119,0.46003
CVE-2022-21366,0.00099,0.40560
CVE-2022-21367,0.00059,0.23219
CVE-2022-21368,0.00053,0.18590
CVE-2022-21369,0.00077,0.31886
CVE-2022-2137,0.00249,0.62878
CVE-2022-21370,0.00059,0.23219
CVE-2022-21371,0.96287,0.99435
CVE-2022-21372,0.00050,0.15985
CVE-2022-21373,0.00077,0.31886
CVE-2022-21374,0.00059,0.23219
CVE-2022-21375,0.00045,0.12178
CVE-2022-21376,0.00077,0.31886
CVE-2022-21377,0.00077,0.31886
CVE-2022-21378,0.00059,0.23219
CVE-2022-21379,0.00059,0.23219
CVE-2022-2138,0.01821,0.86947
CVE-2022-21380,0.00123,0.46568
CVE-2022-21381,0.00054,0.20290
CVE-2022-21382,0.00054,0.20290
CVE-2022-21383,0.00053,0.18590
CVE-2022-21385,0.00045,0.11808
CVE-2022-21386,0.00098,0.40536
CVE-2022-21387,0.00077,0.31886
CVE-2022-21388,0.00045,0.12178
CVE-2022-21389,0.00351,0.69015
CVE-2022-2139,0.01608,0.86129
CVE-2022-21390,0.00351,0.69015
CVE-2022-21391,0.00164,0.53065
CVE-2022-21392,0.00045,0.12178
CVE-2022-21393,0.00053,0.18590
CVE-2022-21394,0.00059,0.23158
CVE-2022-21395,0.00164,0.53065
CVE-2022-21396,0.00054,0.20290
CVE-2022-21397,0.00054,0.20290
CVE-2022-21398,0.00054,0.20290
CVE-2022-21399,0.00053,0.18590
CVE-2022-2140,0.00104,0.42231
CVE-2022-21400,0.00054,0.20290
CVE-2022-21401,0.00053,0.18590
CVE-2022-21402,0.00054,0.20290
CVE-2022-21403,0.00053,0.18590
CVE-2022-21404,0.00364,0.69574
CVE-2022-21405,0.00045,0.12178
CVE-2022-21409,0.00077,0.31886
CVE-2022-2141,0.00187,0.56222
CVE-2022-21410,0.00164,0.53065
CVE-2022-21411,0.00054,0.20290
CVE-2022-21412,0.00059,0.23219
CVE-2022-21413,0.00059,0.23219
CVE-2022-21414,0.00059,0.23219
CVE-2022-21415,0.00059,0.23219
CVE-2022-21416,0.00045,0.12178
CVE-2022-21417,0.00059,0.23219
CVE-2022-21418,0.00059,0.23219
CVE-2022-21419,0.00077,0.31886
CVE-2022-2142,0.00261,0.63872
CVE-2022-21420,0.00705,0.78336
CVE-2022-21421,0.00168,0.53546
CVE-2022-21422,0.00097,0.40218
CVE-2022-21423,0.00053,0.18590
CVE-2022-21424,0.00135,0.48752
CVE-2022-21425,0.00059,0.23219
CVE-2022-21426,0.00103,0.41695
CVE-2022-21427,0.00072,0.29496
CVE-2022-21428,0.00112,0.44378
CVE-2022-21429,0.00362,0.69521
CVE-2022-2143,0.22897,0.96121
CVE-2022-21430,0.00097,0.40218
CVE-2022-21431,0.00351,0.69015
CVE-2022-21432,0.00047,0.14055
CVE-2022-21434,0.00113,0.44708
CVE-2022-21435,0.00059,0.23219
CVE-2022-21436,0.00059,0.23219
CVE-2022-21437,0.00059,0.23219
CVE-2022-21438,0.00059,0.23219
CVE-2022-21439,0.00043,0.07727
CVE-2022-2144,0.00058,0.22624
CVE-2022-21440,0.00059,0.23219
CVE-2022-21441,0.00116,0.45361
CVE-2022-21442,0.00045,0.12178
CVE-2022-21443,0.00103,0.41695
CVE-2022-21444,0.00059,0.23219
CVE-2022-21445,0.00705,0.78336
CVE-2022-21446,0.00077,0.31768
CVE-2022-21447,0.00063,0.24890
CVE-2022-21448,0.00077,0.31886
CVE-2022-21449,0.00146,0.50462
CVE-2022-2145,0.00044,0.10161
CVE-2022-21450,0.00054,0.20290
CVE-2022-21451,0.00059,0.23219
CVE-2022-21452,0.00059,0.23219
CVE-2022-21453,0.00098,0.40536
CVE-2022-21454,0.00059,0.23219
CVE-2022-21455,0.00053,0.18436
CVE-2022-21456,0.00077,0.31886
CVE-2022-21457,0.00177,0.54913
CVE-2022-21458,0.00077,0.31886
CVE-2022-21459,0.00059,0.23219
CVE-2022-2146,0.00072,0.29470
CVE-2022-21460,0.00063,0.24890
CVE-2022-21461,0.00045,0.12178
CVE-2022-21462,0.00059,0.23219
CVE-2022-21463,0.00045,0.12178
CVE-2022-21464,0.00082,0.33971
CVE-2022-21465,0.00045,0.12178
CVE-2022-21466,0.00168,0.53546
CVE-2022-21467,0.00063,0.24890
CVE-2022-21468,0.00077,0.31886
CVE-2022-21469,0.00077,0.31886
CVE-2022-2147,0.00044,0.10161
CVE-2022-21470,0.00077,0.31886
CVE-2022-21471,0.00045,0.12178
CVE-2022-21472,0.00054,0.19264
CVE-2022-21473,0.00054,0.19264
CVE-2022-21474,0.00054,0.19264
CVE-2022-21475,0.00054,0.19264
CVE-2022-21476,0.00131,0.47952
CVE-2022-21477,0.00054,0.20290
CVE-2022-21478,0.00059,0.23219
CVE-2022-21479,0.00059,0.23219
CVE-2022-2148,0.00056,0.20979
CVE-2022-21480,0.00077,0.31886
CVE-2022-21481,0.00054,0.20290
CVE-2022-21482,0.01456,0.85363
CVE-2022-21483,0.01456,0.85363
CVE-2022-21484,0.00089,0.37439
CVE-2022-21485,0.00089,0.37439
CVE-2022-21486,0.00089,0.37439
CVE-2022-21487,0.00045,0.12178
CVE-2022-21488,0.00045,0.12178
CVE-2022-21489,0.01456,0.85363
CVE-2022-2149,0.00056,0.20979
CVE-2022-21490,0.01456,0.85363
CVE-2022-21491,0.00045,0.12178
CVE-2022-21492,0.00077,0.31886
CVE-2022-21493,0.00045,0.12178
CVE-2022-21494,0.00045,0.12178
CVE-2022-21496,0.00113,0.44708
CVE-2022-21497,0.00167,0.53510
CVE-2022-21498,0.00054,0.20290
CVE-2022-21499,0.00045,0.12178
CVE-2022-21500,0.24528,0.96226
CVE-2022-21503,0.00063,0.24890
CVE-2022-21504,0.00045,0.12178
CVE-2022-21508,0.00043,0.07727
CVE-2022-21509,0.00100,0.40796
CVE-2022-2151,0.00056,0.20979
CVE-2022-21510,0.00043,0.07727
CVE-2022-21511,0.00147,0.50608
CVE-2022-21512,0.00043,0.07727
CVE-2022-21513,0.00043,0.07727
CVE-2022-21514,0.00102,0.41343
CVE-2022-21515,0.00069,0.28726
CVE-2022-21516,0.00091,0.38102
CVE-2022-21517,0.00069,0.28726
CVE-2022-21518,0.00060,0.23709
CVE-2022-21519,0.00102,0.41343
CVE-2022-2152,0.00056,0.20979
CVE-2022-21520,0.00077,0.31704
CVE-2022-21521,0.00060,0.23709
CVE-2022-21522,0.00064,0.26401
CVE-2022-21523,0.00053,0.18436
CVE-2022-21524,0.00053,0.18875
CVE-2022-21525,0.00069,0.28726
CVE-2022-21526,0.00069,0.28726
CVE-2022-21527,0.00069,0.28726
CVE-2022-21528,0.00069,0.28726
CVE-2022-21529,0.00069,0.28726
CVE-2022-2153,0.00042,0.05722
CVE-2022-21530,0.00069,0.28726
CVE-2022-21531,0.00069,0.28726
CVE-2022-21532,0.00053,0.18436
CVE-2022-21533,0.00043,0.07727
CVE-2022-21534,0.00069,0.28726
CVE-2022-21535,0.00055,0.20402
CVE-2022-21536,0.00514,0.74257
CVE-2022-21537,0.00069,0.28726
CVE-2022-21538,0.00044,0.10522
CVE-2022-21539,0.00047,0.14055
CVE-2022-21540,0.00139,0.49475
CVE-2022-21541,0.00098,0.40438
CVE-2022-21542,0.00047,0.14055
CVE-2022-21543,0.00993,0.81996
CVE-2022-21544,0.00087,0.35998
CVE-2022-21545,0.00077,0.31704
CVE-2022-21547,0.00053,0.18875
CVE-2022-21548,0.00121,0.46238
CVE-2022-21549,0.00131,0.47920
CVE-2022-2155,0.00064,0.25824
CVE-2022-21550,0.02204,0.88348
CVE-2022-21551,0.00147,0.50608
CVE-2022-21552,0.00077,0.31704
CVE-2022-21553,0.00053,0.18875
CVE-2022-21554,0.00043,0.07727
CVE-2022-21555,0.00043,0.07727
CVE-2022-21556,0.00053,0.18875
CVE-2022-21557,0.00043,0.07727
CVE-2022-21558,0.00043,0.07727
CVE-2022-21559,0.00043,0.07727
CVE-2022-2156,0.00414,0.71427
CVE-2022-21560,0.00121,0.46238
CVE-2022-21561,0.00060,0.23709
CVE-2022-21562,0.00077,0.31656
CVE-2022-21563,0.00043,0.07727
CVE-2022-21564,0.00121,0.46238
CVE-2022-21565,0.00053,0.18436
CVE-2022-21566,0.00167,0.53420
CVE-2022-21567,0.00167,0.53420
CVE-2022-21568,0.00060,0.23709
CVE-2022-21569,0.00053,0.18875
CVE-2022-2157,0.00466,0.72949
CVE-2022-21570,0.00102,0.41343
CVE-2022-21571,0.00043,0.07727
CVE-2022-21572,0.00053,0.18436
CVE-2022-21573,0.00053,0.18875
CVE-2022-21574,0.00091,0.38102
CVE-2022-21575,0.00077,0.31966
CVE-2022-21576,0.00077,0.31966
CVE-2022-21577,0.00060,0.23709
CVE-2022-21578,0.00079,0.32802
CVE-2022-21579,0.00060,0.23709
CVE-2022-2158,0.00466,0.72949
CVE-2022-21580,0.00110,0.43962
CVE-2022-21581,0.00048,0.14647
CVE-2022-21582,0.00112,0.44378
CVE-2022-21583,0.00110,0.43962
CVE-2022-21584,0.00060,0.23709
CVE-2022-21585,0.00112,0.44378
CVE-2022-21586,0.00060,0.23709
CVE-2022-21587,0.96321,0.99447
CVE-2022-21589,0.00053,0.18436
CVE-2022-21590,0.00079,0.32843
CVE-2022-21591,0.00047,0.14055
CVE-2022-21592,0.00049,0.15832
CVE-2022-21593,0.00194,0.57375
CVE-2022-21594,0.00069,0.28726
CVE-2022-21595,0.00053,0.18875
CVE-2022-21596,0.00149,0.51003
CVE-2022-21597,0.00069,0.28744
CVE-2022-21598,0.00069,0.28679
CVE-2022-21599,0.00069,0.28726
CVE-2022-2160,0.00134,0.48550
CVE-2022-21600,0.00094,0.39319
CVE-2022-21601,0.00082,0.34020
CVE-2022-21602,0.00069,0.28744
CVE-2022-21603,0.00149,0.51003
CVE-2022-21604,0.00069,0.28726
CVE-2022-21605,0.00053,0.18875
CVE-2022-21606,0.00069,0.28744
CVE-2022-21607,0.00053,0.18875
CVE-2022-21608,0.00069,0.28726
CVE-2022-21609,0.00062,0.24293
CVE-2022-2161,0.00348,0.68914
CVE-2022-21610,0.00043,0.07727
CVE-2022-21611,0.00047,0.14171
CVE-2022-21612,0.00062,0.24293
CVE-2022-21613,0.00363,0.69533
CVE-2022-21614,0.00154,0.51654
CVE-2022-21615,0.00218,0.59853
CVE-2022-21616,0.00043,0.07727
CVE-2022-21617,0.00069,0.28726
CVE-2022-21618,0.00093,0.38950
CVE-2022-21619,0.00132,0.48100
CVE-2022-2162,0.00466,0.72949
CVE-2022-21620,0.00043,0.07727
CVE-2022-21621,0.00043,0.07727
CVE-2022-21622,0.00069,0.28679
CVE-2022-21623,0.00069,0.28679
CVE-2022-21624,0.00132,0.48100
CVE-2022-21625,0.00064,0.26401
CVE-2022-21626,0.00135,0.48813
CVE-2022-21627,0.00043,0.07727
CVE-2022-21628,0.00179,0.55184
CVE-2022-21629,0.00053,0.18436
CVE-2022-2163,0.00250,0.62990
CVE-2022-21630,0.00069,0.28744
CVE-2022-21631,0.00069,0.28744
CVE-2022-21632,0.00069,0.28726
CVE-2022-21633,0.00069,0.28726
CVE-2022-21634,0.00092,0.38847
CVE-2022-21635,0.00053,0.18875
CVE-2022-21636,0.00062,0.24293
CVE-2022-21637,0.00069,0.28726
CVE-2022-21638,0.00053,0.18875
CVE-2022-21639,0.00069,0.28744
CVE-2022-2164,0.00134,0.48499
CVE-2022-21640,0.00069,0.28726
CVE-2022-21641,0.00053,0.18875
CVE-2022-21642,0.00050,0.16378
CVE-2022-21643,0.00180,0.55301
CVE-2022-21644,0.00104,0.42274
CVE-2022-21646,0.00089,0.37260
CVE-2022-21647,0.05756,0.92639
CVE-2022-21648,0.00061,0.24174
CVE-2022-21649,0.00106,0.42710
CVE-2022-2165,0.00395,0.70818
CVE-2022-21650,0.00107,0.43263
CVE-2022-21651,0.00071,0.29242
CVE-2022-21652,0.00103,0.41725
CVE-2022-21653,0.00088,0.37038
CVE-2022-21654,0.00213,0.59400
CVE-2022-21655,0.00091,0.38427
CVE-2022-21656,0.00082,0.34090
CVE-2022-21657,0.00050,0.16378
CVE-2022-21658,0.00068,0.28342
CVE-2022-21659,0.00061,0.24174
CVE-2022-2166,0.00180,0.55345
CVE-2022-21660,0.00076,0.31357
CVE-2022-21661,0.94068,0.98999
CVE-2022-21662,0.00364,0.69565
CVE-2022-21663,0.00334,0.68324
CVE-2022-21664,0.00467,0.72975
CVE-2022-21666,0.00161,0.52697
CVE-2022-21667,0.00111,0.44113
CVE-2022-21668,0.00386,0.70472
CVE-2022-21669,0.00158,0.52341
CVE-2022-2167,0.00082,0.34119
CVE-2022-21670,0.00088,0.37038
CVE-2022-21671,0.00063,0.25077
CVE-2022-21672,0.00129,0.47726
CVE-2022-21673,0.00110,0.44008
CVE-2022-21675,0.00558,0.75295
CVE-2022-21676,0.00241,0.62174
CVE-2022-21677,0.00061,0.24174
CVE-2022-21678,0.00060,0.23686
CVE-2022-21679,0.00221,0.60385
CVE-2022-2168,0.00091,0.38465
CVE-2022-21680,0.00207,0.58715
CVE-2022-21681,0.00141,0.49802
CVE-2022-21682,0.00163,0.53022
CVE-2022-21683,0.00070,0.28941
CVE-2022-21684,0.00222,0.60604
CVE-2022-21685,0.00097,0.40146
CVE-2022-21686,0.00366,0.69682
CVE-2022-21687,0.00133,0.48411
CVE-2022-21688,0.00059,0.22801
CVE-2022-21689,0.00083,0.34392
CVE-2022-2169,0.00056,0.20979
CVE-2022-21690,0.00053,0.18833
CVE-2022-21691,0.00050,0.16378
CVE-2022-21692,0.00053,0.18833
CVE-2022-21693,0.00071,0.29249
CVE-2022-21694,0.00071,0.29203
CVE-2022-21695,0.00061,0.24174
CVE-2022-21696,0.00050,0.16378
CVE-2022-21697,0.00133,0.48384
CVE-2022-21698,0.00473,0.73135
CVE-2022-21699,0.00052,0.17512
CVE-2022-2170,0.00062,0.24516
CVE-2022-21700,0.00091,0.38427
CVE-2022-21701,0.00104,0.42231
CVE-2022-21702,0.00142,0.49891
CVE-2022-21703,0.00361,0.69473
CVE-2022-21704,0.00047,0.14042
CVE-2022-21705,0.00522,0.74470
CVE-2022-21706,0.00279,0.65074
CVE-2022-21707,0.00063,0.25077
CVE-2022-21708,0.00071,0.29145
CVE-2022-2171,0.00051,0.17162
CVE-2022-21710,0.00079,0.32893
CVE-2022-21711,0.00102,0.41284
CVE-2022-21712,0.00302,0.66498
CVE-2022-21713,0.00151,0.51246
CVE-2022-21715,0.00082,0.34071
CVE-2022-21716,0.00384,0.70377
CVE-2022-21718,0.00141,0.49786
CVE-2022-21719,0.00083,0.34320
CVE-2022-2172,0.00066,0.27216
CVE-2022-21720,0.00144,0.50201
CVE-2022-21721,0.00109,0.43524
CVE-2022-21722,0.00333,0.68256
CVE-2022-21723,0.00454,0.72642
CVE-2022-21724,0.00692,0.78118
CVE-2022-21725,0.00119,0.46018
CVE-2022-21726,0.00218,0.59834
CVE-2022-21727,0.00279,0.65097
CVE-2022-21728,0.00400,0.70951
CVE-2022-21729,0.00119,0.46018
CVE-2022-2173,0.00091,0.38465
CVE-2022-21730,0.00218,0.59834
CVE-2022-21731,0.00133,0.48414
CVE-2022-21732,0.00168,0.53814
CVE-2022-21733,0.00119,0.46018
CVE-2022-21734,0.00119,0.46018
CVE-2022-21735,0.00119,0.46018
CVE-2022-21736,0.00119,0.46018
CVE-2022-21737,0.00119,0.46018
CVE-2022-21738,0.00119,0.46018
CVE-2022-21739,0.00119,0.46018
CVE-2022-2174,0.00100,0.40911
CVE-2022-21740,0.00267,0.64317
CVE-2022-21741,0.00119,0.46018
CVE-2022-21742,0.00050,0.16871
CVE-2022-21743,0.00043,0.07409
CVE-2022-21744,0.00417,0.71518
CVE-2022-21745,0.00054,0.19341
CVE-2022-21746,0.00042,0.05722
CVE-2022-21747,0.00042,0.05722
CVE-2022-21748,0.00042,0.05722
CVE-2022-21749,0.00042,0.05722
CVE-2022-2175,0.00097,0.40241
CVE-2022-21750,0.00042,0.05722
CVE-2022-21751,0.00042,0.05722
CVE-2022-21752,0.00042,0.05722
CVE-2022-21753,0.00042,0.05722
CVE-2022-21754,0.00042,0.05722
CVE-2022-21755,0.00042,0.05722
CVE-2022-21756,0.00042,0.05722
CVE-2022-21757,0.00103,0.41640
CVE-2022-21758,0.00042,0.05722
CVE-2022-21759,0.00042,0.05722
CVE-2022-21760,0.00043,0.07409
CVE-2022-21761,0.00043,0.07409
CVE-2022-21762,0.00043,0.07409
CVE-2022-21763,0.00042,0.05722
CVE-2022-21764,0.00042,0.05722
CVE-2022-21765,0.00042,0.05722
CVE-2022-21766,0.00042,0.05722
CVE-2022-21767,0.00048,0.14308
CVE-2022-21768,0.00048,0.14308
CVE-2022-21769,0.00042,0.05722
CVE-2022-2177,0.00160,0.52656
CVE-2022-21770,0.00042,0.05722
CVE-2022-21771,0.00042,0.05722
CVE-2022-21772,0.00042,0.05722
CVE-2022-21773,0.00042,0.05722
CVE-2022-21774,0.00042,0.05722
CVE-2022-21775,0.00042,0.05722
CVE-2022-21776,0.00042,0.05722
CVE-2022-21777,0.00042,0.05722
CVE-2022-21778,0.00042,0.05722
CVE-2022-21779,0.00042,0.05722
CVE-2022-2178,0.00046,0.13740
CVE-2022-21780,0.00042,0.05722
CVE-2022-21781,0.00042,0.05722
CVE-2022-21782,0.00042,0.05722
CVE-2022-21783,0.00042,0.05722
CVE-2022-21784,0.00042,0.05722
CVE-2022-21785,0.00042,0.05722
CVE-2022-21786,0.00042,0.05722
CVE-2022-21787,0.00042,0.05722
CVE-2022-21788,0.00042,0.05722
CVE-2022-21789,0.00042,0.05722
CVE-2022-2179,0.00048,0.14646
CVE-2022-21790,0.00042,0.05722
CVE-2022-21791,0.00042,0.05722
CVE-2022-21792,0.00042,0.05722
CVE-2022-21793,0.00042,0.05722
CVE-2022-21794,0.00043,0.06775
CVE-2022-21796,0.00078,0.32146
CVE-2022-21797,0.00329,0.68013
CVE-2022-21798,0.00193,0.57259
CVE-2022-21799,0.00054,0.19626
CVE-2022-2180,0.00501,0.73882
CVE-2022-21800,0.00065,0.26756
CVE-2022-21801,0.00089,0.37607
CVE-2022-21802,0.00109,0.43548
CVE-2022-21803,0.00127,0.47273
CVE-2022-21804,0.00043,0.06775
CVE-2022-21805,0.00083,0.34302
CVE-2022-21806,0.00552,0.75184
CVE-2022-21807,0.00043,0.06775
CVE-2022-21808,0.00090,0.37856
CVE-2022-21809,0.00064,0.26345
CVE-2022-2181,0.00091,0.38465
CVE-2022-21810,0.00045,0.12361
CVE-2022-21812,0.00043,0.06775
CVE-2022-21813,0.00042,0.05722
CVE-2022-21814,0.00042,0.05722
CVE-2022-21815,0.00044,0.10161
CVE-2022-21816,0.00044,0.10161
CVE-2022-21817,0.00270,0.64513
CVE-2022-21818,0.00054,0.20290
CVE-2022-21819,0.00065,0.26849
CVE-2022-2182,0.00109,0.43558
CVE-2022-21820,0.00078,0.32746
CVE-2022-21821,0.00088,0.37092
CVE-2022-21822,0.00089,0.37607
CVE-2022-21823,0.00042,0.05722
CVE-2022-21824,0.00410,0.71278
CVE-2022-21825,0.00042,0.05722
CVE-2022-21826,0.00053,0.18436
CVE-2022-21827,0.00044,0.10161
CVE-2022-21828,0.00105,0.42402
CVE-2022-21829,0.00315,0.67316
CVE-2022-2183,0.00097,0.40241
CVE-2022-21830,0.00078,0.32739
CVE-2022-21831,0.06255,0.92928
CVE-2022-21833,0.00043,0.07315
CVE-2022-21834,0.00043,0.07315
CVE-2022-21835,0.00043,0.07315
CVE-2022-21836,0.00105,0.42479
CVE-2022-21837,0.01082,0.82810
CVE-2022-21838,0.00063,0.25382
CVE-2022-21839,0.00043,0.07315
CVE-2022-2184,0.00086,0.35772
CVE-2022-21840,0.01710,0.86509
CVE-2022-21841,0.00478,0.73292
CVE-2022-21842,0.00478,0.73292
CVE-2022-21843,0.00411,0.71325
CVE-2022-21844,0.00271,0.64615
CVE-2022-21845,0.00044,0.08005
CVE-2022-21846,0.00247,0.62733
CVE-2022-21847,0.00043,0.07315
CVE-2022-21848,0.00149,0.50954
CVE-2022-21849,0.01201,0.83753
CVE-2022-2185,0.54752,0.97365
CVE-2022-21850,0.01710,0.86509
CVE-2022-21851,0.01710,0.86509
CVE-2022-21852,0.00043,0.07315
CVE-2022-21855,0.00247,0.62733
CVE-2022-21857,0.00121,0.46245
CVE-2022-21858,0.00043,0.07315
CVE-2022-21859,0.00043,0.07315
CVE-2022-2186,0.00056,0.20979
CVE-2022-21860,0.00043,0.07315
CVE-2022-21861,0.00043,0.07315
CVE-2022-21862,0.00043,0.07315
CVE-2022-21863,0.00043,0.07315
CVE-2022-21864,0.00043,0.07315
CVE-2022-21865,0.00043,0.07315
CVE-2022-21866,0.00043,0.07315
CVE-2022-21867,0.00043,0.07315
CVE-2022-21868,0.00043,0.07315
CVE-2022-21869,0.00043,0.07315
CVE-2022-2187,0.00122,0.46404
CVE-2022-21870,0.00043,0.07315
CVE-2022-21871,0.00043,0.07315
CVE-2022-21872,0.00043,0.07315
CVE-2022-21873,0.00043,0.07315
CVE-2022-21874,0.01201,0.83753
CVE-2022-21875,0.00043,0.07315
CVE-2022-21876,0.00060,0.23232
CVE-2022-21877,0.00049,0.15856
CVE-2022-21878,0.00478,0.73292
CVE-2022-21879,0.00043,0.07315
CVE-2022-2188,0.00042,0.05722
CVE-2022-21880,0.00480,0.73361
CVE-2022-21881,0.00053,0.18877
CVE-2022-21882,0.00137,0.49047
CVE-2022-21883,0.00149,0.50954
CVE-2022-21884,0.00043,0.07315
CVE-2022-21885,0.00043,0.07315
CVE-2022-21887,0.00043,0.07315
CVE-2022-21888,0.00478,0.73292
CVE-2022-21889,0.00149,0.50954
CVE-2022-2189,0.00091,0.38465
CVE-2022-21890,0.00149,0.50954
CVE-2022-21891,0.00107,0.43201
CVE-2022-21892,0.00434,0.72014
CVE-2022-21893,0.01542,0.85806
CVE-2022-21894,0.00112,0.44292
CVE-2022-21895,0.00064,0.26156
CVE-2022-21896,0.00043,0.07315
CVE-2022-21897,0.00043,0.07315
CVE-2022-21898,0.01201,0.83753
CVE-2022-21899,0.00060,0.23274
CVE-2022-2190,0.00082,0.34119
CVE-2022-21900,0.00043,0.07315
CVE-2022-21901,0.00043,0.07315
CVE-2022-21902,0.00043,0.07315
CVE-2022-21903,0.00043,0.07315
CVE-2022-21904,0.00480,0.73361
CVE-2022-21905,0.00043,0.07315
CVE-2022-21906,0.00089,0.37218
CVE-2022-21907,0.86853,0.98379
CVE-2022-21908,0.00043,0.07315
CVE-2022-2191,0.00128,0.47481
CVE-2022-21910,0.00043,0.07315
CVE-2022-21911,0.00149,0.50954
CVE-2022-21912,0.00273,0.64725
CVE-2022-21913,0.00190,0.56615
CVE-2022-21914,0.00043,0.07315
CVE-2022-21915,0.03056,0.90030
CVE-2022-21916,0.00043,0.07315
CVE-2022-21917,0.01073,0.82725
CVE-2022-21918,0.00043,0.07315
CVE-2022-21919,0.00202,0.58217
CVE-2022-2192,0.00174,0.54601
CVE-2022-21920,0.00121,0.46245
CVE-2022-21921,0.00043,0.07315
CVE-2022-21922,0.01082,0.82810
CVE-2022-21924,0.00128,0.47444
CVE-2022-21925,0.00128,0.47444
CVE-2022-21926,0.00256,0.63509
CVE-2022-21927,0.00271,0.64615
CVE-2022-21928,0.00281,0.65228
CVE-2022-21929,0.00137,0.49099
CVE-2022-2193,0.00162,0.52851
CVE-2022-21930,0.00242,0.62284
CVE-2022-21931,0.00242,0.62284
CVE-2022-21932,0.00052,0.17554
CVE-2022-21933,0.00042,0.05722
CVE-2022-21934,0.00104,0.42231
CVE-2022-21935,0.00076,0.31325
CVE-2022-21936,0.00053,0.18436
CVE-2022-21937,0.00054,0.20290
CVE-2022-21938,0.00054,0.20290
CVE-2022-21939,0.00058,0.22605
CVE-2022-2194,0.00056,0.20979
CVE-2022-21940,0.00058,0.22605
CVE-2022-21941,0.00116,0.45324
CVE-2022-21944,0.00042,0.05722
CVE-2022-21945,0.00042,0.05722
CVE-2022-21946,0.00042,0.05722
CVE-2022-21947,0.00062,0.24373
CVE-2022-21948,0.00073,0.30225
CVE-2022-21949,0.00198,0.57747
CVE-2022-21950,0.00042,0.05722
CVE-2022-21951,0.00070,0.28854
CVE-2022-21952,0.00128,0.47495
CVE-2022-21953,0.00058,0.22690
CVE-2022-21954,0.00087,0.35917
CVE-2022-21957,0.01048,0.82475
CVE-2022-21958,0.00434,0.72014
CVE-2022-21959,0.00434,0.72014
CVE-2022-2196,0.00043,0.07702
CVE-2022-21960,0.00434,0.72014
CVE-2022-21961,0.00434,0.72014
CVE-2022-21962,0.00434,0.72014
CVE-2022-21963,0.00434,0.72014
CVE-2022-21964,0.00043,0.07693
CVE-2022-21965,0.00200,0.57959
CVE-2022-21967,0.00043,0.07315
CVE-2022-21968,0.00088,0.37171
CVE-2022-21969,0.00247,0.62733
CVE-2022-2197,0.00193,0.57259
CVE-2022-21970,0.00067,0.27765
CVE-2022-21971,0.53314,0.97335
CVE-2022-21972,0.00839,0.80302
CVE-2022-21973,0.00043,0.07315
CVE-2022-21974,0.00239,0.62024
CVE-2022-21975,0.00043,0.07315
CVE-2022-21977,0.00521,0.74447
CVE-2022-21978,0.00043,0.07315
CVE-2022-21979,0.00209,0.58885
CVE-2022-2198,0.00056,0.20979
CVE-2022-21980,0.00099,0.40664
CVE-2022-21981,0.00043,0.07315
CVE-2022-21983,0.00502,0.73967
CVE-2022-21984,0.01048,0.82475
CVE-2022-21985,0.00048,0.14572
CVE-2022-21986,0.00179,0.55244
CVE-2022-21987,0.00124,0.46754
CVE-2022-21988,0.00393,0.70745
CVE-2022-21989,0.00043,0.07315
CVE-2022-2199,0.00090,0.37755
CVE-2022-21990,0.01727,0.86584
CVE-2022-21991,0.00809,0.79940
CVE-2022-21992,0.00271,0.64615
CVE-2022-21993,0.01983,0.87609
CVE-2022-21994,0.00043,0.07315
CVE-2022-21995,0.00145,0.50357
CVE-2022-21996,0.00043,0.07315
CVE-2022-21997,0.00043,0.07315
CVE-2022-21998,0.00048,0.14572
CVE-2022-21999,0.00101,0.41154
CVE-2022-2200,0.00357,0.69285
CVE-2022-22000,0.00043,0.07315
CVE-2022-22001,0.00043,0.07315
CVE-2022-22002,0.00059,0.23066
CVE-2022-22003,0.00271,0.64615
CVE-2022-22004,0.00271,0.64615
CVE-2022-22005,0.01938,0.87447
CVE-2022-22006,0.00195,0.57487
CVE-2022-22007,0.00221,0.60233
CVE-2022-22008,0.00074,0.30741
CVE-2022-22009,0.00073,0.30158
CVE-2022-22010,0.00521,0.74447
CVE-2022-22011,0.00043,0.07315
CVE-2022-22012,0.01128,0.83172
CVE-2022-22013,0.01294,0.84440
CVE-2022-22014,0.01294,0.84440
CVE-2022-22015,0.01688,0.86428
CVE-2022-22016,0.00043,0.07315
CVE-2022-22017,0.01608,0.86128
CVE-2022-22018,0.00238,0.61912
CVE-2022-22019,0.01608,0.86128
CVE-2022-22021,0.07329,0.93445
CVE-2022-22022,0.00043,0.07315
CVE-2022-22023,0.00043,0.07315
CVE-2022-22024,0.00210,0.59023
CVE-2022-22025,0.00129,0.47645
CVE-2022-22026,0.00043,0.07315
CVE-2022-22027,0.00150,0.51059
CVE-2022-22028,0.00467,0.72965
CVE-2022-22029,0.00473,0.73148
CVE-2022-22031,0.00043,0.07425
CVE-2022-22034,0.00108,0.43336
CVE-2022-22035,0.00534,0.74754
CVE-2022-22036,0.00043,0.07315
CVE-2022-22037,0.00121,0.46245
CVE-2022-22038,0.00422,0.71666
CVE-2022-22039,0.00922,0.81254
CVE-2022-22040,0.00201,0.58104
CVE-2022-22041,0.00148,0.50773
CVE-2022-22042,0.00770,0.79376
CVE-2022-22043,0.00043,0.07315
CVE-2022-22045,0.00043,0.07315
CVE-2022-22047,0.00062,0.24588
CVE-2022-22048,0.00055,0.20642
CVE-2022-22049,0.00043,0.07315
CVE-2022-22050,0.00043,0.07315
CVE-2022-22054,0.00060,0.23377
CVE-2022-22055,0.00275,0.64876
CVE-2022-22056,0.00394,0.70763
CVE-2022-22057,0.00044,0.10161
CVE-2022-22058,0.00043,0.06775
CVE-2022-22059,0.00045,0.12206
CVE-2022-2206,0.00097,0.40241
CVE-2022-22060,0.00046,0.13740
CVE-2022-22061,0.00043,0.06775
CVE-2022-22062,0.00111,0.44142
CVE-2022-22063,0.00043,0.06775
CVE-2022-22064,0.00089,0.37607
CVE-2022-22065,0.00089,0.37607
CVE-2022-22066,0.00043,0.06775
CVE-2022-22067,0.00043,0.06775
CVE-2022-22068,0.00044,0.10161
CVE-2022-22069,0.00043,0.06775
CVE-2022-2207,0.00109,0.43558
CVE-2022-22070,0.00043,0.06775
CVE-2022-22071,0.00114,0.44893
CVE-2022-22072,0.00044,0.10161
CVE-2022-22074,0.00043,0.06775
CVE-2022-22075,0.00043,0.06775
CVE-2022-22076,0.00043,0.06775
CVE-2022-22077,0.00043,0.06775
CVE-2022-22078,0.00044,0.10345
CVE-2022-22079,0.00044,0.10345
CVE-2022-2208,0.00099,0.40683
CVE-2022-22080,0.00043,0.06775
CVE-2022-22081,0.00043,0.06775
CVE-2022-22082,0.00063,0.24986
CVE-2022-22083,0.00089,0.37607
CVE-2022-22084,0.00044,0.10161
CVE-2022-22085,0.00044,0.10161
CVE-2022-22086,0.00168,0.53541
CVE-2022-22087,0.00189,0.56451
CVE-2022-22088,0.00055,0.20449
CVE-2022-22089,0.00043,0.06775
CVE-2022-22090,0.00044,0.10161
CVE-2022-22091,0.00078,0.32333
CVE-2022-22092,0.00043,0.06775
CVE-2022-22093,0.00043,0.06775
CVE-2022-22094,0.00043,0.06775
CVE-2022-22095,0.00043,0.06775
CVE-2022-22096,0.00162,0.52912
CVE-2022-22097,0.00043,0.06775
CVE-2022-22098,0.00043,0.06775
CVE-2022-22099,0.00043,0.06775
CVE-2022-2210,0.00103,0.41658
CVE-2022-22100,0.00043,0.06775
CVE-2022-22101,0.00045,0.12206
CVE-2022-22102,0.00043,0.06775
CVE-2022-22103,0.00044,0.10161
CVE-2022-22104,0.00043,0.06775
CVE-2022-22105,0.00144,0.50254
CVE-2022-22106,0.00043,0.06775
CVE-2022-22107,0.00050,0.16378
CVE-2022-22108,0.00050,0.16378
CVE-2022-22109,0.00050,0.16378
CVE-2022-2211,0.00089,0.37607
CVE-2022-22110,0.00133,0.48411
CVE-2022-22111,0.00104,0.42274
CVE-2022-22112,0.00053,0.18833
CVE-2022-22113,0.00098,0.40432
CVE-2022-22114,0.00173,0.54521
CVE-2022-22115,0.00096,0.39810
CVE-2022-22116,0.00053,0.18833
CVE-2022-22117,0.00053,0.18833
CVE-2022-2212,0.00169,0.53928
CVE-2022-22120,0.00068,0.28323
CVE-2022-22121,0.00096,0.39810
CVE-2022-22123,0.00062,0.24442
CVE-2022-22124,0.00062,0.24442
CVE-2022-22125,0.00063,0.24955
CVE-2022-22126,0.00072,0.29847
CVE-2022-22127,0.00080,0.33322
CVE-2022-22128,0.00584,0.75871
CVE-2022-2213,0.00054,0.20290
CVE-2022-22137,0.00086,0.35887
CVE-2022-22138,0.00086,0.35887
CVE-2022-22139,0.00044,0.10161
CVE-2022-2214,0.00322,0.67665
CVE-2022-22140,0.00257,0.63594
CVE-2022-22141,0.00044,0.10161
CVE-2022-22142,0.00083,0.34302
CVE-2022-22143,0.00235,0.61613
CVE-2022-22144,0.00252,0.63173
CVE-2022-22145,0.00081,0.33872
CVE-2022-22146,0.00123,0.46611
CVE-2022-22148,0.00044,0.10161
CVE-2022-22149,0.00389,0.70611
CVE-2022-2215,0.00056,0.20979
CVE-2022-22150,0.00485,0.73508
CVE-2022-22151,0.00081,0.33872
CVE-2022-22152,0.00065,0.26756
CVE-2022-22153,0.00089,0.37607
CVE-2022-22154,0.00062,0.24373
CVE-2022-22155,0.00050,0.16871
CVE-2022-22156,0.00143,0.50129
CVE-2022-22157,0.00147,0.50632
CVE-2022-22159,0.00089,0.37607
CVE-2022-2216,0.00194,0.57318
CVE-2022-22160,0.00050,0.16871
CVE-2022-22161,0.00095,0.39739
CVE-2022-22162,0.00044,0.10161
CVE-2022-22163,0.00054,0.19327
CVE-2022-22164,0.00072,0.29847
CVE-2022-22166,0.00050,0.16871
CVE-2022-22167,0.00197,0.57609
CVE-2022-22168,0.00050,0.16871
CVE-2022-22169,0.00089,0.37607
CVE-2022-2217,0.00068,0.28323
CVE-2022-22170,0.00089,0.37607
CVE-2022-22171,0.00089,0.37607
CVE-2022-22172,0.00050,0.16871
CVE-2022-22173,0.00089,0.37607
CVE-2022-22174,0.00089,0.37607
CVE-2022-22175,0.00089,0.37607
CVE-2022-22176,0.00054,0.19327
CVE-2022-22177,0.00101,0.41058
CVE-2022-22178,0.00087,0.35949
CVE-2022-22179,0.00054,0.19327
CVE-2022-2218,0.00068,0.28323
CVE-2022-22180,0.00089,0.37607
CVE-2022-22181,0.00054,0.20290
CVE-2022-22182,0.00093,0.39063
CVE-2022-22183,0.00080,0.33210
CVE-2022-22184,0.00078,0.32333
CVE-2022-22185,0.00095,0.39739
CVE-2022-22186,0.00072,0.29847
CVE-2022-22187,0.00042,0.05722
CVE-2022-22188,0.00131,0.48049
CVE-2022-22189,0.00044,0.10161
CVE-2022-2219,0.00182,0.55596
CVE-2022-22190,0.00150,0.51158
CVE-2022-22191,0.00050,0.16871
CVE-2022-22192,0.00086,0.35713
CVE-2022-22193,0.00044,0.10161
CVE-2022-22194,0.00089,0.37607
CVE-2022-22195,0.00089,0.37607
CVE-2022-22196,0.00054,0.19327
CVE-2022-22197,0.00089,0.37607
CVE-2022-22198,0.00089,0.37607
CVE-2022-22201,0.00078,0.32333
CVE-2022-22202,0.00069,0.28711
CVE-2022-22203,0.00076,0.31396
CVE-2022-22204,0.00077,0.31720
CVE-2022-22205,0.00095,0.39623
CVE-2022-22206,0.00095,0.39623
CVE-2022-22207,0.00086,0.35826
CVE-2022-22208,0.00078,0.32333
CVE-2022-22209,0.00131,0.47933
CVE-2022-2221,0.00065,0.26756
CVE-2022-22210,0.00049,0.15038
CVE-2022-22211,0.00078,0.32333
CVE-2022-22212,0.00095,0.39623
CVE-2022-22213,0.00086,0.35826
CVE-2022-22214,0.00049,0.15038
CVE-2022-22215,0.00043,0.06775
CVE-2022-22216,0.00054,0.19192
CVE-2022-22217,0.00054,0.19192
CVE-2022-22218,0.00086,0.35713
CVE-2022-22219,0.00078,0.32333
CVE-2022-2222,0.00068,0.27973
CVE-2022-22220,0.00086,0.35713
CVE-2022-22221,0.00043,0.06775
CVE-2022-22223,0.00075,0.30816
CVE-2022-22224,0.00044,0.10345
CVE-2022-22225,0.00086,0.35713
CVE-2022-22226,0.00050,0.16034
CVE-2022-22227,0.00069,0.28764
CVE-2022-22228,0.00078,0.32333
CVE-2022-22229,0.00087,0.36438
CVE-2022-2223,0.00072,0.29867
CVE-2022-22230,0.00049,0.14855
CVE-2022-22231,0.00077,0.31712
CVE-2022-22232,0.00077,0.31712
CVE-2022-22233,0.00043,0.06775
CVE-2022-22234,0.00043,0.06775
CVE-2022-22235,0.00078,0.32333
CVE-2022-22236,0.00078,0.32333
CVE-2022-22237,0.00063,0.25287
CVE-2022-22238,0.00044,0.10345
CVE-2022-22239,0.00042,0.05722
CVE-2022-2224,0.00084,0.35133
CVE-2022-22240,0.00042,0.05722
CVE-2022-22241,0.00140,0.49674
CVE-2022-22242,0.04391,0.91578
CVE-2022-22243,0.00053,0.18436
CVE-2022-22244,0.00069,0.28744
CVE-2022-22245,0.00067,0.27658
CVE-2022-22246,0.00088,0.36964
CVE-2022-22247,0.00086,0.35713
CVE-2022-22248,0.00042,0.05722
CVE-2022-22249,0.00063,0.25008
CVE-2022-2225,0.00043,0.06775
CVE-2022-22250,0.00044,0.10345
CVE-2022-22251,0.00042,0.05722
CVE-2022-22252,0.00101,0.41058
CVE-2022-22253,0.00079,0.33063
CVE-2022-22254,0.00148,0.50904
CVE-2022-22255,0.00101,0.41058
CVE-2022-22256,0.00158,0.52341
CVE-2022-22257,0.00079,0.33063
CVE-2022-22258,0.00236,0.61757
CVE-2022-22259,0.00062,0.24373
CVE-2022-2226,0.00069,0.28630
CVE-2022-22260,0.00102,0.41484
CVE-2022-22261,0.00101,0.41058
CVE-2022-22262,0.00052,0.18143
CVE-2022-22263,0.00044,0.10161
CVE-2022-22264,0.00042,0.05722
CVE-2022-22265,0.00069,0.28588
CVE-2022-22266,0.00044,0.10161
CVE-2022-22267,0.00044,0.10161
CVE-2022-22268,0.00048,0.14695
CVE-2022-22269,0.00044,0.10161
CVE-2022-2227,0.00081,0.33734
CVE-2022-22270,0.00046,0.12655
CVE-2022-22271,0.00044,0.10161
CVE-2022-22272,0.00044,0.10161
CVE-2022-22273,0.00199,0.57786
CVE-2022-22274,0.00366,0.69654
CVE-2022-22275,0.00089,0.37607
CVE-2022-22276,0.00072,0.29847
CVE-2022-22277,0.00072,0.29847
CVE-2022-22278,0.00089,0.37607
CVE-2022-22279,0.00065,0.27063
CVE-2022-2228,0.00064,0.26201
CVE-2022-22280,0.00137,0.49189
CVE-2022-22281,0.00060,0.23520
CVE-2022-22282,0.00238,0.61983
CVE-2022-22283,0.00042,0.05722
CVE-2022-22284,0.00042,0.05722
CVE-2022-22285,0.00042,0.05722
CVE-2022-22286,0.00042,0.05722
CVE-2022-22287,0.00057,0.21342
CVE-2022-22288,0.00064,0.26406
CVE-2022-22289,0.00063,0.25674
CVE-2022-2229,0.00171,0.54221
CVE-2022-22290,0.00064,0.26406
CVE-2022-22291,0.00044,0.10161
CVE-2022-22292,0.00044,0.10161
CVE-2022-22293,0.00054,0.19309
CVE-2022-22294,0.00198,0.57747
CVE-2022-22295,0.00172,0.54442
CVE-2022-22296,0.00072,0.29847
CVE-2022-22297,0.00043,0.06775
CVE-2022-22298,0.00043,0.07443
CVE-2022-22299,0.00042,0.05859
CVE-2022-2230,0.00115,0.45187
CVE-2022-22300,0.00104,0.42231
CVE-2022-22301,0.00044,0.10504
CVE-2022-22302,0.00043,0.06775
CVE-2022-22303,0.00044,0.10161
CVE-2022-22304,0.00089,0.37428
CVE-2022-22305,0.00049,0.14855
CVE-2022-22306,0.00046,0.13837
CVE-2022-22307,0.00042,0.05722
CVE-2022-22308,0.00058,0.22016
CVE-2022-22309,0.00053,0.19083
CVE-2022-2231,0.00099,0.40683
CVE-2022-22310,0.00127,0.47237
CVE-2022-22311,0.00098,0.40463
CVE-2022-22312,0.00071,0.29175
CVE-2022-22313,0.00074,0.30453
CVE-2022-22314,0.00043,0.06775
CVE-2022-22315,0.00093,0.39184
CVE-2022-22316,0.00076,0.31433
CVE-2022-22317,0.00148,0.50862
CVE-2022-22318,0.00148,0.50862
CVE-2022-22319,0.00116,0.45261
CVE-2022-22320,0.00050,0.16691
CVE-2022-22321,0.00044,0.10161
CVE-2022-22322,0.00050,0.16691
CVE-2022-22323,0.00071,0.29175
CVE-2022-22325,0.00042,0.05722
CVE-2022-22326,0.00045,0.12069
CVE-2022-22327,0.00106,0.42794
CVE-2022-22328,0.00047,0.14208
CVE-2022-22329,0.00061,0.23847
CVE-2022-2233,0.00104,0.42348
CVE-2022-22330,0.00091,0.38436
CVE-2022-22331,0.00094,0.39337
CVE-2022-22332,0.00089,0.37433
CVE-2022-22333,0.00042,0.05757
CVE-2022-22334,0.00048,0.14834
CVE-2022-22336,0.00126,0.47092
CVE-2022-22337,0.00060,0.23373
CVE-2022-22338,0.00084,0.35185
CVE-2022-22339,0.00078,0.32237
CVE-2022-2234,0.00097,0.40198
CVE-2022-22344,0.00063,0.24969
CVE-2022-22345,0.00050,0.16691
CVE-2022-22346,0.00067,0.27737
CVE-2022-22348,0.00046,0.12649
CVE-2022-22349,0.00050,0.16491
CVE-2022-2235,0.00115,0.45187
CVE-2022-22350,0.00042,0.05722
CVE-2022-22351,0.00083,0.34308
CVE-2022-22352,0.00048,0.14834
CVE-2022-22353,0.00057,0.21364
CVE-2022-22354,0.00126,0.47119
CVE-2022-22355,0.00078,0.32237
CVE-2022-22356,0.00057,0.21364
CVE-2022-22358,0.00099,0.40590
CVE-2022-22359,0.00049,0.15786
CVE-2022-22360,0.00105,0.42421
CVE-2022-22361,0.00051,0.17096
CVE-2022-22365,0.00058,0.22025
CVE-2022-22366,0.00042,0.05722
CVE-2022-22367,0.00042,0.05722
CVE-2022-22368,0.00106,0.42794
CVE-2022-22369,0.00042,0.05722
CVE-2022-2237,0.00046,0.13740
CVE-2022-22370,0.00050,0.16691
CVE-2022-22371,0.00048,0.14834
CVE-2022-22373,0.00050,0.16691
CVE-2022-22374,0.00117,0.45631
CVE-2022-22375,0.00056,0.20755
CVE-2022-22377,0.00073,0.30306
CVE-2022-2238,0.00061,0.23945
CVE-2022-22380,0.00044,0.10521
CVE-2022-22384,0.00044,0.10565
CVE-2022-22385,0.00074,0.30453
CVE-2022-22386,0.00076,0.31293
CVE-2022-22387,0.00048,0.14834
CVE-2022-22389,0.00097,0.40208
CVE-2022-2239,0.00056,0.20979
CVE-2022-22390,0.00117,0.45638
CVE-2022-22391,0.00050,0.16492
CVE-2022-22392,0.00063,0.25101
CVE-2022-22393,0.00057,0.21364
CVE-2022-22394,0.00160,0.52625
CVE-2022-22396,0.00083,0.34310
CVE-2022-2240,0.00331,0.68174
CVE-2022-22401,0.00079,0.33131
CVE-2022-22402,0.00044,0.10454
CVE-2022-22404,0.00076,0.31433
CVE-2022-22405,0.00076,0.31293
CVE-2022-22409,0.00058,0.22604
CVE-2022-2241,0.00075,0.31080
CVE-2022-22410,0.00100,0.41011
CVE-2022-22411,0.00048,0.14834
CVE-2022-22412,0.00048,0.14799
CVE-2022-22413,0.00112,0.44487
CVE-2022-22414,0.00042,0.05722
CVE-2022-22415,0.00057,0.21364
CVE-2022-22416,0.00048,0.14834
CVE-2022-22417,0.00048,0.14834
CVE-2022-2242,0.00230,0.61272
CVE-2022-22423,0.00042,0.05722
CVE-2022-22424,0.00042,0.05722
CVE-2022-22425,0.00137,0.49116
CVE-2022-22426,0.00042,0.05722
CVE-2022-22427,0.00063,0.24969
CVE-2022-2243,0.00081,0.33734
CVE-2022-22433,0.00107,0.43220
CVE-2022-22434,0.00047,0.14208
CVE-2022-22435,0.00050,0.16691
CVE-2022-22436,0.00050,0.16691
CVE-2022-2244,0.00081,0.33734
CVE-2022-22441,0.00057,0.21364
CVE-2022-22442,0.00059,0.22847
CVE-2022-22443,0.00050,0.16691
CVE-2022-22444,0.00042,0.05722
CVE-2022-22445,0.00048,0.14834
CVE-2022-22447,0.00105,0.42678
CVE-2022-22449,0.00091,0.38436
CVE-2022-2245,0.00094,0.39374
CVE-2022-22450,0.00048,0.14834
CVE-2022-22452,0.00124,0.46789
CVE-2022-22453,0.00102,0.41494
CVE-2022-22454,0.00044,0.10161
CVE-2022-22455,0.00143,0.50160
CVE-2022-22456,0.00061,0.23847
CVE-2022-22457,0.00042,0.05722
CVE-2022-22458,0.00081,0.33765
CVE-2022-22460,0.00102,0.41494
CVE-2022-22461,0.00111,0.44249
CVE-2022-22462,0.00103,0.41752
CVE-2022-22463,0.00084,0.35122
CVE-2022-22464,0.00106,0.42794
CVE-2022-22465,0.00042,0.05722
CVE-2022-22466,0.00057,0.21530
CVE-2022-22470,0.00042,0.05722
CVE-2022-22472,0.00155,0.51882
CVE-2022-22473,0.00091,0.38436
CVE-2022-22474,0.00083,0.34308
CVE-2022-22475,0.00050,0.16691
CVE-2022-22476,0.00093,0.39184
CVE-2022-22477,0.00061,0.23847
CVE-2022-22478,0.00042,0.05722
CVE-2022-22479,0.00067,0.27737
CVE-2022-22480,0.00111,0.44249
CVE-2022-22481,0.00073,0.30154
CVE-2022-22482,0.00076,0.31433
CVE-2022-22483,0.00087,0.35940
CVE-2022-22484,0.00042,0.05722
CVE-2022-22485,0.00160,0.52616
CVE-2022-22486,0.00083,0.34311
CVE-2022-22487,0.00214,0.59522
CVE-2022-22488,0.00068,0.28351
CVE-2022-22489,0.00143,0.50109
CVE-2022-2249,0.00043,0.06775
CVE-2022-22490,0.00055,0.20507
CVE-2022-22493,0.00060,0.23227
CVE-2022-22494,0.00081,0.33778
CVE-2022-22495,0.00105,0.42692
CVE-2022-22496,0.00050,0.16485
CVE-2022-22497,0.00106,0.42794
CVE-2022-2250,0.00089,0.37463
CVE-2022-22502,0.00050,0.16691
CVE-2022-22503,0.00078,0.32610
CVE-2022-22505,0.00102,0.41494
CVE-2022-22508,0.00056,0.21074
CVE-2022-22509,0.00104,0.42231
CVE-2022-2251,0.00352,0.69064
CVE-2022-22510,0.00094,0.39330
CVE-2022-22511,0.00054,0.20290
CVE-2022-22512,0.00091,0.38380
CVE-2022-22513,0.00142,0.49886
CVE-2022-22514,0.00142,0.49886
CVE-2022-22515,0.00116,0.45265
CVE-2022-22516,0.00044,0.10161
CVE-2022-22517,0.00178,0.55117
CVE-2022-22518,0.00072,0.29847
CVE-2022-22519,0.00301,0.66478
CVE-2022-2252,0.00068,0.28323
CVE-2022-22520,0.00078,0.32098
CVE-2022-22521,0.00095,0.39723
CVE-2022-22522,0.00274,0.64773
CVE-2022-22523,0.00132,0.48268
CVE-2022-22524,0.00202,0.58175
CVE-2022-22525,0.00114,0.44796
CVE-2022-22526,0.00170,0.54075
CVE-2022-22528,0.00044,0.10161
CVE-2022-22529,0.00078,0.32206
CVE-2022-2253,0.00118,0.45802
CVE-2022-22530,0.00081,0.33872
CVE-2022-22531,0.00065,0.26756
CVE-2022-22532,0.00264,0.64128
CVE-2022-22533,0.00101,0.41058
CVE-2022-22534,0.00083,0.34426
CVE-2022-22535,0.00065,0.26756
CVE-2022-22536,0.95569,0.99272
CVE-2022-22537,0.00101,0.41058
CVE-2022-22538,0.00085,0.35452
CVE-2022-22539,0.00067,0.27868
CVE-2022-2254,0.00054,0.20290
CVE-2022-22540,0.00158,0.52341
CVE-2022-22541,0.00065,0.26756
CVE-2022-22542,0.00065,0.26756
CVE-2022-22543,0.00174,0.54640
CVE-2022-22544,0.00080,0.33237
CVE-2022-22545,0.00065,0.26756
CVE-2022-22546,0.00054,0.20290
CVE-2022-22547,0.00450,0.72528
CVE-2022-22549,0.00213,0.59291
CVE-2022-2255,0.00089,0.37266
CVE-2022-22550,0.00042,0.05722
CVE-2022-22551,0.00062,0.24373
CVE-2022-22552,0.00111,0.44241
CVE-2022-22553,0.00201,0.58090
CVE-2022-22554,0.00042,0.05722
CVE-2022-22555,0.00042,0.05844
CVE-2022-22556,0.00178,0.55117
CVE-2022-22557,0.00044,0.10161
CVE-2022-22558,0.00044,0.10161
CVE-2022-22559,0.00153,0.51542
CVE-2022-2256,0.00053,0.18436
CVE-2022-22560,0.00042,0.05722
CVE-2022-22561,0.00347,0.68832
CVE-2022-22562,0.00089,0.37607
CVE-2022-22563,0.00044,0.10161
CVE-2022-22564,0.00108,0.43495
CVE-2022-22565,0.00054,0.20290
CVE-2022-22566,0.00044,0.10161
CVE-2022-22567,0.00044,0.10161
CVE-2022-2257,0.00079,0.33069
CVE-2022-22570,0.00226,0.60930
CVE-2022-22571,0.00054,0.20290
CVE-2022-22572,0.00104,0.42231
CVE-2022-22576,0.00241,0.62173
CVE-2022-22577,0.00523,0.74478
CVE-2022-22578,0.00065,0.27122
CVE-2022-22579,0.00127,0.47229
CVE-2022-2258,0.00045,0.11801
CVE-2022-22582,0.00042,0.05722
CVE-2022-22583,0.00052,0.17895
CVE-2022-22584,0.00089,0.37308
CVE-2022-22585,0.00177,0.54870
CVE-2022-22586,0.00261,0.63880
CVE-2022-22587,0.00263,0.64045
CVE-2022-22588,0.00050,0.16871
CVE-2022-22589,0.00286,0.65546
CVE-2022-2259,0.00045,0.11801
CVE-2022-22590,0.00352,0.69061
CVE-2022-22591,0.00065,0.26849
CVE-2022-22592,0.00133,0.48433
CVE-2022-22593,0.00106,0.42732
CVE-2022-22594,0.00140,0.49703
CVE-2022-22596,0.00044,0.10161
CVE-2022-22597,0.00089,0.37308
CVE-2022-22598,0.00042,0.05722
CVE-2022-22599,0.00055,0.20612
CVE-2022-2260,0.00058,0.22624
CVE-2022-22600,0.00064,0.26492
CVE-2022-22601,0.00065,0.26849
CVE-2022-22602,0.00065,0.26849
CVE-2022-22603,0.00065,0.26849
CVE-2022-22604,0.00065,0.26849
CVE-2022-22605,0.00065,0.26849
CVE-2022-22606,0.00065,0.26849
CVE-2022-22607,0.00065,0.26849
CVE-2022-22608,0.00065,0.26849
CVE-2022-22609,0.00117,0.45647
CVE-2022-2261,0.00077,0.31687
CVE-2022-22610,0.00218,0.59846
CVE-2022-22611,0.00102,0.41570
CVE-2022-22612,0.00099,0.40571
CVE-2022-22613,0.00108,0.43507
CVE-2022-22614,0.00108,0.43507
CVE-2022-22615,0.00108,0.43507
CVE-2022-22616,0.00056,0.20758
CVE-2022-22617,0.00042,0.05722
CVE-2022-22618,0.00044,0.10161
CVE-2022-2262,0.00114,0.44946
CVE-2022-22620,0.00243,0.62334
CVE-2022-22621,0.00062,0.24508
CVE-2022-22622,0.00061,0.23842
CVE-2022-22624,0.00220,0.59978
CVE-2022-22625,0.00069,0.28528
CVE-2022-22626,0.00069,0.28528
CVE-2022-22627,0.00069,0.28528
CVE-2022-22628,0.00229,0.61203
CVE-2022-22629,0.00234,0.61518
CVE-2022-2263,0.00098,0.40432
CVE-2022-22630,0.00258,0.63627
CVE-2022-22631,0.00044,0.10161
CVE-2022-22632,0.00178,0.55105
CVE-2022-22633,0.00102,0.41570
CVE-2022-22634,0.00076,0.31271
CVE-2022-22635,0.00221,0.60385
CVE-2022-22636,0.00076,0.31271
CVE-2022-22637,0.00138,0.49298
CVE-2022-22638,0.00353,0.69124
CVE-2022-22639,0.00065,0.26980
CVE-2022-2264,0.00089,0.37200
CVE-2022-22640,0.00082,0.34231
CVE-2022-22641,0.00262,0.64006
CVE-2022-22642,0.00197,0.57609
CVE-2022-22643,0.00091,0.38109
CVE-2022-22644,0.00061,0.23842
CVE-2022-22646,0.00045,0.12108
CVE-2022-22647,0.00067,0.27808
CVE-2022-22648,0.00418,0.71542
CVE-2022-2265,0.00144,0.50233
CVE-2022-22650,0.00047,0.13943
CVE-2022-22651,0.00174,0.54640
CVE-2022-22652,0.00062,0.24373
CVE-2022-22653,0.00146,0.50532
CVE-2022-22654,0.00078,0.32206
CVE-2022-22655,0.00052,0.18120
CVE-2022-22656,0.00042,0.05722
CVE-2022-22657,0.00071,0.29331
CVE-2022-22658,0.00078,0.32333
CVE-2022-22659,0.00046,0.13834
CVE-2022-2266,0.00063,0.25287
CVE-2022-22660,0.00051,0.17428
CVE-2022-22661,0.00086,0.35770
CVE-2022-22662,0.00145,0.50349
CVE-2022-22663,0.00053,0.18887
CVE-2022-22664,0.00071,0.29331
CVE-2022-22665,0.00091,0.38090
CVE-2022-22666,0.00065,0.26876
CVE-2022-22667,0.00065,0.26849
CVE-2022-22668,0.00052,0.18120
CVE-2022-22669,0.00044,0.10161
CVE-2022-2267,0.00056,0.20979
CVE-2022-22670,0.00058,0.21958
CVE-2022-22671,0.00061,0.23842
CVE-2022-22672,0.00082,0.34231
CVE-2022-22673,0.00089,0.37607
CVE-2022-22674,0.00062,0.24611
CVE-2022-22675,0.00140,0.49545
CVE-2022-22676,0.00050,0.16454
CVE-2022-22677,0.00066,0.27487
CVE-2022-22679,0.00063,0.25051
CVE-2022-2268,0.00104,0.42382
CVE-2022-22680,0.00120,0.46139
CVE-2022-22681,0.00083,0.34502
CVE-2022-22682,0.00054,0.19461
CVE-2022-22683,0.00153,0.51596
CVE-2022-22684,0.00070,0.29098
CVE-2022-22685,0.00063,0.24958
CVE-2022-22686,0.00050,0.16457
CVE-2022-22687,0.00133,0.48328
CVE-2022-22688,0.00066,0.27447
CVE-2022-22689,0.00116,0.45253
CVE-2022-2269,0.00153,0.51562
CVE-2022-22690,0.00078,0.32649
CVE-2022-22691,0.00201,0.57981
CVE-2022-2270,0.00089,0.37463
CVE-2022-22700,0.00087,0.35933
CVE-2022-22701,0.00085,0.35466
CVE-2022-22702,0.00054,0.19309
CVE-2022-22703,0.00044,0.10161
CVE-2022-22704,0.00237,0.61897
CVE-2022-22706,0.71247,0.97795
CVE-2022-22707,0.02251,0.88484
CVE-2022-22709,0.00251,0.63141
CVE-2022-2271,0.00053,0.18436
CVE-2022-22710,0.00043,0.07315
CVE-2022-22711,0.00043,0.07693
CVE-2022-22712,0.00043,0.07315
CVE-2022-22713,0.00043,0.07315
CVE-2022-22715,0.00043,0.07425
CVE-2022-22716,0.00066,0.27165
CVE-2022-22717,0.00043,0.07315
CVE-2022-22718,0.00165,0.53222
CVE-2022-22719,0.42278,0.97000
CVE-2022-2272,0.00513,0.74248
CVE-2022-22720,0.01182,0.83619
CVE-2022-22721,0.00356,0.69221
CVE-2022-22722,0.00062,0.24373
CVE-2022-22723,0.00073,0.30179
CVE-2022-22724,0.00089,0.37607
CVE-2022-22725,0.00073,0.30179
CVE-2022-22726,0.00063,0.25750
CVE-2022-22727,0.00201,0.58090
CVE-2022-22728,0.01048,0.82477
CVE-2022-22729,0.00104,0.42231
CVE-2022-2273,0.00086,0.35672
CVE-2022-22730,0.00200,0.57947
CVE-2022-22731,0.00265,0.64249
CVE-2022-22732,0.00096,0.39916
CVE-2022-22733,0.13598,0.95132
CVE-2022-22734,0.00095,0.39559
CVE-2022-22735,0.00088,0.36822
CVE-2022-22736,0.00042,0.05722
CVE-2022-22737,0.00122,0.46526
CVE-2022-22738,0.00132,0.48244
CVE-2022-22739,0.00100,0.40927
CVE-2022-2274,0.00984,0.81889
CVE-2022-22740,0.00132,0.48244
CVE-2022-22741,0.00097,0.40078
CVE-2022-22742,0.00097,0.40222
CVE-2022-22743,0.00084,0.35139
CVE-2022-22744,0.00103,0.41784
CVE-2022-22745,0.00110,0.44016
CVE-2022-22746,0.00130,0.47815
CVE-2022-22747,0.00097,0.40222
CVE-2022-22748,0.00100,0.40927
CVE-2022-22749,0.00075,0.31076
CVE-2022-2275,0.00058,0.22624
CVE-2022-22750,0.00152,0.51404
CVE-2022-22751,0.00138,0.49326
CVE-2022-22752,0.00157,0.52107
CVE-2022-22753,0.00106,0.42772
CVE-2022-22754,0.00091,0.38564
CVE-2022-22755,0.00157,0.52107
CVE-2022-22756,0.00132,0.48244
CVE-2022-22757,0.00069,0.28630
CVE-2022-22758,0.00157,0.52107
CVE-2022-22759,0.00145,0.50366
CVE-2022-2276,0.00073,0.30271
CVE-2022-22760,0.00128,0.47460
CVE-2022-22761,0.00145,0.50366
CVE-2022-22762,0.00068,0.28132
CVE-2022-22763,0.00145,0.50366
CVE-2022-22764,0.00136,0.49018
CVE-2022-22765,0.00044,0.08189
CVE-2022-22766,0.00044,0.08189
CVE-2022-22767,0.00062,0.24373
CVE-2022-22769,0.00104,0.42274
CVE-2022-2277,0.00078,0.32333
CVE-2022-22770,0.00221,0.60385
CVE-2022-22771,0.00128,0.47453
CVE-2022-22772,0.00190,0.56585
CVE-2022-22773,0.00054,0.19618
CVE-2022-22774,0.00109,0.43790
CVE-2022-22775,0.00054,0.20290
CVE-2022-22776,0.00054,0.20290
CVE-2022-22777,0.00083,0.34426
CVE-2022-22778,0.00073,0.30411
CVE-2022-22779,0.00072,0.29847
CVE-2022-2278,0.00056,0.20979
CVE-2022-22780,0.00089,0.37607
CVE-2022-22781,0.00073,0.30380
CVE-2022-22782,0.00045,0.12491
CVE-2022-22783,0.00150,0.51158
CVE-2022-22784,0.00065,0.26756
CVE-2022-22785,0.00152,0.51511
CVE-2022-22786,0.00201,0.58090
CVE-2022-22787,0.00099,0.40660
CVE-2022-22788,0.00062,0.24373
CVE-2022-22789,0.00044,0.10161
CVE-2022-2279,0.00057,0.21445
CVE-2022-22790,0.00140,0.49500
CVE-2022-22791,0.00054,0.19451
CVE-2022-22792,0.00137,0.49041
CVE-2022-22793,0.00144,0.50194
CVE-2022-22794,0.00135,0.48657
CVE-2022-22795,0.00198,0.57713
CVE-2022-22796,0.00197,0.57609
CVE-2022-22797,0.00072,0.29847
CVE-2022-22798,0.00087,0.35903
CVE-2022-2280,0.00053,0.18833
CVE-2022-22804,0.00054,0.20290
CVE-2022-22805,0.00440,0.72238
CVE-2022-22806,0.00197,0.57609
CVE-2022-22807,0.00073,0.30380
CVE-2022-22808,0.00115,0.45136
CVE-2022-22809,0.00072,0.29847
CVE-2022-2281,0.00089,0.37463
CVE-2022-22810,0.00201,0.58090
CVE-2022-22811,0.00053,0.19044
CVE-2022-22812,0.00072,0.29847
CVE-2022-22813,0.00201,0.58090
CVE-2022-22814,0.00201,0.58090
CVE-2022-22815,0.00140,0.49713
CVE-2022-22816,0.00155,0.51772
CVE-2022-22817,0.00225,0.60853
CVE-2022-22818,0.00313,0.67194
CVE-2022-22819,0.00110,0.44067
CVE-2022-22820,0.00050,0.16871
CVE-2022-22821,0.00044,0.07794
CVE-2022-22822,0.00340,0.68522
CVE-2022-22823,0.00494,0.73722
CVE-2022-22824,0.00410,0.71277
CVE-2022-22825,0.00368,0.69766
CVE-2022-22826,0.00368,0.69766
CVE-2022-22827,0.00384,0.70389
CVE-2022-22828,0.00333,0.68243
CVE-2022-22831,0.03235,0.90303
CVE-2022-22832,0.07402,0.93466
CVE-2022-22833,0.02535,0.89132
CVE-2022-22834,0.01259,0.84204
CVE-2022-22835,0.00111,0.44188
CVE-2022-22836,0.00311,0.67068
CVE-2022-2284,0.00089,0.37200
CVE-2022-22844,0.00075,0.31103
CVE-2022-22845,0.00175,0.54756
CVE-2022-22846,0.00072,0.29847
CVE-2022-22847,0.00201,0.58090
CVE-2022-2285,0.00089,0.37427
CVE-2022-22850,0.00053,0.18833
CVE-2022-22851,0.00054,0.20290
CVE-2022-22852,0.00053,0.18833
CVE-2022-22853,0.00062,0.24442
CVE-2022-22854,0.00109,0.43621
CVE-2022-2286,0.00079,0.33069
CVE-2022-22868,0.00062,0.24442
CVE-2022-2287,0.00078,0.32129
CVE-2022-2288,0.00084,0.34864
CVE-2022-22880,0.00172,0.54442
CVE-2022-22881,0.00172,0.54442
CVE-2022-22885,0.00133,0.48415
CVE-2022-22888,0.00081,0.33577
CVE-2022-2289,0.00084,0.34864
CVE-2022-22890,0.00051,0.17017
CVE-2022-22891,0.00051,0.17017
CVE-2022-22892,0.00051,0.17017
CVE-2022-22893,0.00081,0.33577
CVE-2022-22894,0.00081,0.33577
CVE-2022-22895,0.00074,0.30513
CVE-2022-22897,0.04685,0.91844
CVE-2022-22899,0.00071,0.29212
CVE-2022-2290,0.00100,0.40911
CVE-2022-22901,0.00084,0.34965
CVE-2022-22908,0.00048,0.14460
CVE-2022-22909,0.01488,0.85500
CVE-2022-2291,0.00087,0.35933
CVE-2022-22912,0.00433,0.72007
CVE-2022-22914,0.00183,0.55648
CVE-2022-22916,0.00497,0.73799
CVE-2022-22919,0.00095,0.39559
CVE-2022-2292,0.00058,0.22585
CVE-2022-22922,0.00172,0.54308
CVE-2022-22928,0.00395,0.70811
CVE-2022-22929,0.00298,0.66351
CVE-2022-2293,0.00058,0.22585
CVE-2022-22930,0.00673,0.77757
CVE-2022-22931,0.00053,0.18473
CVE-2022-22932,0.00046,0.13789
CVE-2022-22934,0.00108,0.43392
CVE-2022-22935,0.00119,0.45859
CVE-2022-22936,0.00108,0.43392
CVE-2022-22938,0.00044,0.10161
CVE-2022-22939,0.00063,0.24912
CVE-2022-2294,0.00613,0.76491
CVE-2022-22941,0.00363,0.69531
CVE-2022-22942,0.00072,0.29860
CVE-2022-22943,0.00044,0.10161
CVE-2022-22944,0.00054,0.20290
CVE-2022-22945,0.00044,0.10504
CVE-2022-22946,0.00045,0.12178
CVE-2022-22947,0.97472,0.99962
CVE-2022-22948,0.01417,0.85153
CVE-2022-2295,0.00466,0.72949
CVE-2022-22950,0.00081,0.33872
CVE-2022-22951,0.00134,0.48551
CVE-2022-22952,0.00105,0.42562
CVE-2022-22953,0.00063,0.24912
CVE-2022-22954,0.97348,0.99880
CVE-2022-22955,0.00162,0.52896
CVE-2022-22956,0.00205,0.58489
CVE-2022-22957,0.02748,0.89559
CVE-2022-22958,0.00222,0.60403
CVE-2022-22959,0.00052,0.18053
CVE-2022-2296,0.00466,0.72949
CVE-2022-22960,0.00078,0.32143
CVE-2022-22961,0.00072,0.29675
CVE-2022-22962,0.00042,0.05722
CVE-2022-22963,0.97526,0.99991
CVE-2022-22964,0.00042,0.05722
CVE-2022-22965,0.97438,0.99941
CVE-2022-22966,0.00222,0.60612
CVE-2022-22967,0.00297,0.66274
CVE-2022-22968,0.00065,0.27081
CVE-2022-22969,0.00081,0.33498
CVE-2022-2297,0.00104,0.42382
CVE-2022-22970,0.00157,0.52128
CVE-2022-22971,0.00629,0.76841
CVE-2022-22972,0.73013,0.97840
CVE-2022-22973,0.00044,0.10161
CVE-2022-22975,0.00101,0.41077
CVE-2022-22976,0.00153,0.51514
CVE-2022-22977,0.00042,0.05780
CVE-2022-22978,0.00854,0.80482
CVE-2022-22979,0.00089,0.37656
CVE-2022-2298,0.00157,0.52076
CVE-2022-22980,0.00449,0.72479
CVE-2022-22982,0.00119,0.45897
CVE-2022-22983,0.00042,0.05722
CVE-2022-22984,0.00401,0.70980
CVE-2022-22985,0.00188,0.56427
CVE-2022-22986,0.00124,0.46766
CVE-2022-22987,0.00193,0.57259
CVE-2022-22988,0.00152,0.51511
CVE-2022-22989,0.00200,0.57957
CVE-2022-2299,0.00056,0.20979
CVE-2022-22990,0.05116,0.92208
CVE-2022-22991,0.00074,0.30710
CVE-2022-22992,0.00358,0.69328
CVE-2022-22993,0.00110,0.44028
CVE-2022-22994,0.03345,0.90455
CVE-2022-22995,0.00663,0.77561
CVE-2022-22996,0.00065,0.26849
CVE-2022-22997,0.00341,0.68584
CVE-2022-22998,0.00150,0.51158
CVE-2022-22999,0.00053,0.18436
CVE-2022-2300,0.00053,0.18833
CVE-2022-23000,0.00042,0.05722
CVE-2022-23001,0.00077,0.31720
CVE-2022-23002,0.00077,0.31720
CVE-2022-23003,0.00077,0.31720
CVE-2022-23004,0.00077,0.31720
CVE-2022-23005,0.00069,0.28585
CVE-2022-23006,0.00059,0.22824
CVE-2022-23008,0.00054,0.20290
CVE-2022-23009,0.00104,0.42231
CVE-2022-2301,0.00057,0.21445
CVE-2022-23010,0.00089,0.37607
CVE-2022-23011,0.00089,0.37607
CVE-2022-23012,0.00089,0.37607
CVE-2022-23013,0.00201,0.58090
CVE-2022-23014,0.00107,0.43158
CVE-2022-23015,0.00089,0.37607
CVE-2022-23016,0.00089,0.37607
CVE-2022-23017,0.00089,0.37607
CVE-2022-23018,0.00089,0.37607
CVE-2022-23019,0.00089,0.37607
CVE-2022-2302,0.00315,0.67266
CVE-2022-23020,0.00089,0.37607
CVE-2022-23021,0.00089,0.37607
CVE-2022-23022,0.00089,0.37607
CVE-2022-23023,0.00081,0.33872
CVE-2022-23024,0.00089,0.37607
CVE-2022-23025,0.00089,0.37607
CVE-2022-23026,0.00072,0.29893
CVE-2022-23027,0.00079,0.33173
CVE-2022-23028,0.00079,0.33173
CVE-2022-23029,0.00079,0.33173
CVE-2022-2303,0.00080,0.33230
CVE-2022-23030,0.00079,0.33173
CVE-2022-23031,0.00065,0.26756
CVE-2022-23032,0.00072,0.29847
CVE-2022-23033,0.00045,0.11966
CVE-2022-23034,0.00045,0.11966
CVE-2022-23035,0.00083,0.34388
CVE-2022-23036,0.00044,0.10161
CVE-2022-23037,0.00044,0.10161
CVE-2022-23038,0.00044,0.10161
CVE-2022-23039,0.00044,0.10161
CVE-2022-2304,0.00094,0.39382
CVE-2022-23040,0.00044,0.10161
CVE-2022-23041,0.00044,0.10161
CVE-2022-23042,0.00044,0.10161
CVE-2022-23043,0.00116,0.45354
CVE-2022-23044,0.00282,0.65351
CVE-2022-23045,0.00053,0.18833
CVE-2022-23046,0.01463,0.85401
CVE-2022-23047,0.00060,0.23743
CVE-2022-23048,0.00220,0.60010
CVE-2022-23049,0.00060,0.23743
CVE-2022-2305,0.00056,0.20979
CVE-2022-23050,0.00160,0.52658
CVE-2022-23051,0.00054,0.19309
CVE-2022-23052,0.00070,0.29105
CVE-2022-23053,0.00072,0.29847
CVE-2022-23054,0.00072,0.29847
CVE-2022-23055,0.00045,0.12337
CVE-2022-23056,0.00044,0.10445
CVE-2022-23057,0.00053,0.18833
CVE-2022-23058,0.00044,0.10445
CVE-2022-23059,0.00053,0.18833
CVE-2022-2306,0.00069,0.28703
CVE-2022-23060,0.00053,0.18833
CVE-2022-23061,0.00074,0.30525
CVE-2022-23063,0.00098,0.40432
CVE-2022-23064,0.00189,0.56518
CVE-2022-23065,0.00053,0.18833
CVE-2022-23066,0.00210,0.58984
CVE-2022-23067,0.00203,0.58327
CVE-2022-23068,0.00053,0.18833
CVE-2022-2307,0.00053,0.18436
CVE-2022-23071,0.00070,0.28854
CVE-2022-23072,0.00044,0.10445
CVE-2022-23073,0.00044,0.10445
CVE-2022-23074,0.00044,0.10445
CVE-2022-23077,0.00044,0.10445
CVE-2022-23078,0.00063,0.25176
CVE-2022-23079,0.00044,0.10445
CVE-2022-2308,0.00043,0.06775
CVE-2022-23080,0.00053,0.18833
CVE-2022-23081,0.00044,0.10445
CVE-2022-23082,0.00230,0.61222
CVE-2022-23083,0.00073,0.30025
CVE-2022-2309,0.00313,0.67184
CVE-2022-23094,0.00585,0.75887
CVE-2022-23095,0.00066,0.27494
CVE-2022-23096,0.00279,0.65106
CVE-2022-23097,0.00279,0.65106
CVE-2022-23098,0.00187,0.56287
CVE-2022-23099,0.00056,0.20979
CVE-2022-2310,0.00292,0.65995
CVE-2022-23100,0.00236,0.61822
CVE-2022-23101,0.00083,0.34475
CVE-2022-23102,0.00366,0.69685
CVE-2022-23103,0.00202,0.58215
CVE-2022-23104,0.00065,0.27033
CVE-2022-23105,0.00064,0.26289
CVE-2022-23106,0.00078,0.32206
CVE-2022-23107,0.00093,0.39033
CVE-2022-23108,0.00054,0.19618
CVE-2022-23109,0.00065,0.26756
CVE-2022-2311,0.00082,0.34119
CVE-2022-23110,0.00054,0.19618
CVE-2022-23111,0.00088,0.37184
CVE-2022-23112,0.00054,0.19618
CVE-2022-23113,0.00089,0.37434
CVE-2022-23114,0.00044,0.10161
CVE-2022-23115,0.00062,0.24613
CVE-2022-23116,0.00158,0.52341
CVE-2022-23117,0.00158,0.52341
CVE-2022-23118,0.00104,0.42231
CVE-2022-23119,0.00193,0.57228
CVE-2022-2312,0.00051,0.17162
CVE-2022-23120,0.00048,0.14460
CVE-2022-23121,0.02503,0.89064
CVE-2022-23122,0.00892,0.80909
CVE-2022-23123,0.01819,0.86937
CVE-2022-23124,0.01235,0.84021
CVE-2022-23125,0.01126,0.83157
CVE-2022-23126,0.00243,0.62341
CVE-2022-23127,0.00150,0.51182
CVE-2022-23128,0.00848,0.80399
CVE-2022-23129,0.00043,0.05916
CVE-2022-2313,0.00042,0.05722
CVE-2022-23130,0.00103,0.41725
CVE-2022-23131,0.96952,0.99674
CVE-2022-23132,0.00103,0.41721
CVE-2022-23133,0.00065,0.27108
CVE-2022-23134,0.34559,0.96723
CVE-2022-23135,0.00089,0.37443
CVE-2022-23136,0.00054,0.20290
CVE-2022-23137,0.00072,0.29847
CVE-2022-23138,0.00150,0.51158
CVE-2022-23139,0.00087,0.35903
CVE-2022-2314,0.26874,0.96353
CVE-2022-23141,0.00145,0.50349
CVE-2022-23142,0.00077,0.31720
CVE-2022-23143,0.00061,0.23822
CVE-2022-23144,0.00094,0.39399
CVE-2022-2315,0.00127,0.47355
CVE-2022-23155,0.00105,0.42644
CVE-2022-23156,0.00044,0.10161
CVE-2022-23157,0.00044,0.10161
CVE-2022-23158,0.00042,0.05722
CVE-2022-23159,0.00081,0.33872
CVE-2022-2316,0.00054,0.20290
CVE-2022-23160,0.00054,0.20290
CVE-2022-23161,0.00089,0.37607
CVE-2022-23163,0.00044,0.10161
CVE-2022-23165,0.00072,0.29847
CVE-2022-23166,0.00176,0.54853
CVE-2022-23167,0.00201,0.58090
CVE-2022-23168,0.00142,0.49961
CVE-2022-23169,0.00104,0.42231
CVE-2022-2317,0.00252,0.63173
CVE-2022-23170,0.00201,0.58090
CVE-2022-23171,0.00104,0.42231
CVE-2022-23172,0.00054,0.20290
CVE-2022-23173,0.00072,0.29893
CVE-2022-23176,0.01564,0.85916
CVE-2022-23178,0.03228,0.90288
CVE-2022-23179,0.00045,0.11801
CVE-2022-2318,0.00042,0.05722
CVE-2022-23180,0.00045,0.11801
CVE-2022-23181,0.00043,0.07608
CVE-2022-23182,0.00061,0.24176
CVE-2022-23183,0.00185,0.55827
CVE-2022-23184,0.00072,0.29847
CVE-2022-23186,0.00103,0.41760
CVE-2022-23187,0.00224,0.60743
CVE-2022-23188,0.00161,0.52687
CVE-2022-23189,0.00070,0.28936
CVE-2022-2319,0.00048,0.14641
CVE-2022-23190,0.00913,0.81134
CVE-2022-23191,0.00913,0.81134
CVE-2022-23192,0.00913,0.81134
CVE-2022-23193,0.00913,0.81134
CVE-2022-23194,0.00913,0.81134
CVE-2022-23195,0.00913,0.81134
CVE-2022-23196,0.00913,0.81134
CVE-2022-23197,0.00913,0.81134
CVE-2022-23198,0.00070,0.28936
CVE-2022-23199,0.00070,0.28936
CVE-2022-2320,0.00048,0.14641
CVE-2022-23200,0.00056,0.20818
CVE-2022-23201,0.00069,0.28458
CVE-2022-23202,0.00086,0.35674
CVE-2022-23203,0.00224,0.60743
CVE-2022-23204,0.00226,0.60914
CVE-2022-23205,0.00169,0.53831
CVE-2022-23206,0.00085,0.35234
CVE-2022-2321,0.00194,0.57318
CVE-2022-23218,0.00455,0.72666
CVE-2022-23219,0.00455,0.72666
CVE-2022-23220,0.00045,0.11981
CVE-2022-23221,0.06282,0.92941
CVE-2022-23222,0.00042,0.05722
CVE-2022-23223,0.00172,0.54450
CVE-2022-23227,0.01316,0.84574
CVE-2022-23228,0.00178,0.55117
CVE-2022-2323,0.00172,0.54461
CVE-2022-23232,0.00065,0.26756
CVE-2022-23233,0.00089,0.37607
CVE-2022-23234,0.00042,0.05722
CVE-2022-23235,0.00063,0.25287
CVE-2022-23236,0.00044,0.10161
CVE-2022-23237,0.00072,0.29847
CVE-2022-23238,0.00123,0.46597
CVE-2022-23239,0.00048,0.14685
CVE-2022-2324,0.00099,0.40699
CVE-2022-23240,0.00048,0.14685
CVE-2022-23241,0.00124,0.46700
CVE-2022-23242,0.00042,0.05722
CVE-2022-2325,0.00056,0.20979
CVE-2022-23252,0.00048,0.14572
CVE-2022-23253,0.00208,0.58743
CVE-2022-23254,0.00788,0.79621
CVE-2022-23255,0.00043,0.07315
CVE-2022-23256,0.00107,0.43201
CVE-2022-23257,0.00083,0.34369
CVE-2022-23258,0.00107,0.43201
CVE-2022-23259,0.01126,0.83158
CVE-2022-2326,0.00170,0.53983
CVE-2022-23261,0.00107,0.43201
CVE-2022-23262,0.00152,0.51412
CVE-2022-23263,0.00060,0.23705
CVE-2022-23264,0.00063,0.25174
CVE-2022-23265,0.02157,0.88229
CVE-2022-23266,0.00059,0.23066
CVE-2022-23267,0.00178,0.54977
CVE-2022-23268,0.00043,0.07315
CVE-2022-23269,0.00053,0.18650
CVE-2022-2327,0.00042,0.05722
CVE-2022-23270,0.00839,0.80302
CVE-2022-23271,0.00141,0.49761
CVE-2022-23272,0.00065,0.26906
CVE-2022-23273,0.00064,0.26271
CVE-2022-23274,0.01048,0.82475
CVE-2022-23276,0.00043,0.07315
CVE-2022-23277,0.02361,0.88760
CVE-2022-23278,0.00088,0.37080
CVE-2022-23279,0.00043,0.07315
CVE-2022-2328,0.00056,0.20979
CVE-2022-23280,0.00116,0.45389
CVE-2022-23281,0.00061,0.23894
CVE-2022-23282,0.00234,0.61582
CVE-2022-23283,0.00043,0.07315
CVE-2022-23284,0.00148,0.50773
CVE-2022-23285,0.01727,0.86584
CVE-2022-23286,0.00043,0.07315
CVE-2022-23287,0.00043,0.07315
CVE-2022-23288,0.00043,0.07315
CVE-2022-2329,0.00290,0.65855
CVE-2022-23290,0.00043,0.07315
CVE-2022-23291,0.00043,0.07315
CVE-2022-23292,0.00049,0.15057
CVE-2022-23293,0.00043,0.07315
CVE-2022-23294,0.01254,0.84148
CVE-2022-23295,0.00234,0.61582
CVE-2022-23296,0.00043,0.07315
CVE-2022-23297,0.00044,0.08022
CVE-2022-23298,0.00043,0.07315
CVE-2022-23299,0.00059,0.23066
CVE-2022-2330,0.00092,0.38752
CVE-2022-23300,0.00234,0.61582
CVE-2022-23301,0.00234,0.61582
CVE-2022-23302,0.00610,0.76420
CVE-2022-23303,0.00264,0.64090
CVE-2022-23304,0.00264,0.64090
CVE-2022-23305,0.00490,0.73631
CVE-2022-23307,0.00949,0.81522
CVE-2022-23308,0.00409,0.71251
CVE-2022-23312,0.00072,0.29847
CVE-2022-23314,0.00172,0.54442
CVE-2022-23315,0.00283,0.65421
CVE-2022-23316,0.00076,0.31357
CVE-2022-23317,0.00205,0.58568
CVE-2022-23318,0.00073,0.30031
CVE-2022-23319,0.00059,0.22858
CVE-2022-2332,0.00042,0.05859
CVE-2022-23320,0.00106,0.42735
CVE-2022-23321,0.00067,0.27713
CVE-2022-23327,0.00087,0.36265
CVE-2022-23328,0.00087,0.36265
CVE-2022-23329,0.00260,0.63825
CVE-2022-2333,0.00087,0.36463
CVE-2022-23330,0.00344,0.68693
CVE-2022-23331,0.00081,0.33691
CVE-2022-23332,0.00810,0.79946
CVE-2022-23334,0.00079,0.33064
CVE-2022-23335,0.00172,0.54442
CVE-2022-23336,0.00172,0.54442
CVE-2022-23337,0.00207,0.58699
CVE-2022-2334,0.00121,0.46373
CVE-2022-23340,0.00354,0.69172
CVE-2022-23342,0.00087,0.35933
CVE-2022-23345,0.00124,0.46754
CVE-2022-23346,0.00201,0.58126
CVE-2022-23347,0.14680,0.95292
CVE-2022-23348,0.00425,0.71763
CVE-2022-23349,0.00142,0.49988
CVE-2022-2335,0.00253,0.63259
CVE-2022-23350,0.00064,0.26497
CVE-2022-23352,0.00094,0.39315
CVE-2022-23357,0.00092,0.38909
CVE-2022-23358,0.00172,0.54442
CVE-2022-2336,0.00230,0.61212
CVE-2022-23363,0.00172,0.54442
CVE-2022-23364,0.00172,0.54442
CVE-2022-23365,0.00172,0.54442
CVE-2022-23366,0.00663,0.77569
CVE-2022-23367,0.00078,0.32739
CVE-2022-2337,0.00178,0.55127
CVE-2022-23375,0.00750,0.79056
CVE-2022-23376,0.00083,0.34473
CVE-2022-23377,0.01982,0.87607
CVE-2022-23378,0.00058,0.22585
CVE-2022-23379,0.00172,0.54442
CVE-2022-2338,0.00061,0.23893
CVE-2022-23380,0.00088,0.36822
CVE-2022-23382,0.00045,0.12108
CVE-2022-23383,0.00116,0.45381
CVE-2022-23384,0.00106,0.42853
CVE-2022-23387,0.00148,0.50831
CVE-2022-23389,0.01296,0.84454
CVE-2022-2339,0.00148,0.50784
CVE-2022-23390,0.00283,0.65421
CVE-2022-23391,0.00078,0.32739
CVE-2022-23395,0.00068,0.28323
CVE-2022-23397,0.00072,0.29847
CVE-2022-23399,0.00202,0.58215
CVE-2022-2340,0.00085,0.35343
CVE-2022-23400,0.00079,0.33127
CVE-2022-23401,0.00062,0.24373
CVE-2022-23402,0.00201,0.58090
CVE-2022-23403,0.00043,0.06775
CVE-2022-23408,0.00135,0.48814
CVE-2022-23409,0.00411,0.71294
CVE-2022-2341,0.00085,0.35343
CVE-2022-23410,0.00111,0.44153
CVE-2022-2342,0.00053,0.18833
CVE-2022-23425,0.00109,0.43874
CVE-2022-23426,0.00044,0.10161
CVE-2022-23427,0.00042,0.05722
CVE-2022-23428,0.00044,0.10161
CVE-2022-23429,0.00044,0.10161
CVE-2022-2343,0.00084,0.34805
CVE-2022-23431,0.00044,0.10161
CVE-2022-23432,0.00044,0.10161
CVE-2022-23433,0.00063,0.25674
CVE-2022-23434,0.00042,0.05722
CVE-2022-23435,0.00091,0.38427
CVE-2022-23437,0.00530,0.74664
CVE-2022-23438,0.00077,0.31669
CVE-2022-2344,0.00084,0.34805
CVE-2022-23440,0.00042,0.05722
CVE-2022-23441,0.00152,0.51511
CVE-2022-23442,0.00053,0.18436
CVE-2022-23443,0.00280,0.65165
CVE-2022-23446,0.00044,0.10161
CVE-2022-23447,0.00116,0.45357
CVE-2022-23448,0.00044,0.10161
CVE-2022-23449,0.00042,0.05722
CVE-2022-2345,0.00079,0.33069
CVE-2022-23450,0.00293,0.66069
CVE-2022-23451,0.00102,0.41438
CVE-2022-23452,0.00114,0.44804
CVE-2022-23453,0.00043,0.06775
CVE-2022-23454,0.00043,0.06775
CVE-2022-23455,0.00043,0.06775
CVE-2022-23456,0.00044,0.10161
CVE-2022-23457,0.00294,0.66082
CVE-2022-23458,0.00059,0.23145
CVE-2022-23459,0.00244,0.62508
CVE-2022-2346,0.00045,0.11801
CVE-2022-23460,0.00083,0.34307
CVE-2022-23461,0.00068,0.28174
CVE-2022-23462,0.00060,0.23593
CVE-2022-23463,0.00402,0.71020
CVE-2022-23464,0.00166,0.53354
CVE-2022-23465,0.00061,0.23930
CVE-2022-23466,0.00048,0.14636
CVE-2022-23467,0.00052,0.18120
CVE-2022-23468,0.00167,0.53469
CVE-2022-23469,0.00095,0.39632
CVE-2022-2347,0.00054,0.19659
CVE-2022-23470,0.00131,0.48024
CVE-2022-23471,0.00068,0.28225
CVE-2022-23472,0.00105,0.42396
CVE-2022-23473,0.00064,0.26362
CVE-2022-23474,0.00075,0.30873
CVE-2022-23475,0.00103,0.41775
CVE-2022-23476,0.00088,0.36931
CVE-2022-23477,0.00167,0.53469
CVE-2022-23478,0.00167,0.53469
CVE-2022-23479,0.00167,0.53469
CVE-2022-23480,0.00167,0.53469
CVE-2022-23481,0.00164,0.53114
CVE-2022-23482,0.00164,0.53114
CVE-2022-23483,0.00164,0.53114
CVE-2022-23484,0.00167,0.53469
CVE-2022-23485,0.00063,0.25287
CVE-2022-23486,0.00078,0.32333
CVE-2022-23487,0.00078,0.32333
CVE-2022-23488,0.00120,0.46101
CVE-2022-23490,0.00048,0.14636
CVE-2022-23491,0.00049,0.15906
CVE-2022-23492,0.00130,0.47816
CVE-2022-23493,0.00164,0.53114
CVE-2022-23494,0.00174,0.54597
CVE-2022-23495,0.00208,0.58814
CVE-2022-23496,0.00079,0.33154
CVE-2022-23497,0.00239,0.62067
CVE-2022-23498,0.00056,0.21131
CVE-2022-23499,0.00079,0.33052
CVE-2022-2350,0.00083,0.34317
CVE-2022-23500,0.00078,0.32333
CVE-2022-23501,0.00066,0.27228
CVE-2022-23502,0.00051,0.17405
CVE-2022-23503,0.00077,0.31946
CVE-2022-23504,0.00088,0.37041
CVE-2022-23505,0.00157,0.52087
CVE-2022-23506,0.00111,0.44193
CVE-2022-23507,0.00063,0.25287
CVE-2022-23508,0.00042,0.05722
CVE-2022-23509,0.00045,0.12069
CVE-2022-2351,0.00056,0.20979
CVE-2022-23510,0.00136,0.48984
CVE-2022-23511,0.00081,0.33755
CVE-2022-23512,0.00072,0.29863
CVE-2022-23513,0.01667,0.86356
CVE-2022-23514,0.00088,0.36998
CVE-2022-23515,0.00133,0.48341
CVE-2022-23516,0.00088,0.36991
CVE-2022-23517,0.00077,0.31974
CVE-2022-23518,0.00096,0.39861
CVE-2022-23519,0.00096,0.39769
CVE-2022-2352,0.00085,0.35505
CVE-2022-23520,0.00096,0.39769
CVE-2022-23521,0.00910,0.81108
CVE-2022-23522,0.00049,0.15925
CVE-2022-23523,0.00043,0.06775
CVE-2022-23524,0.00078,0.32333
CVE-2022-23525,0.00079,0.33154
CVE-2022-23526,0.00079,0.33154
CVE-2022-23527,0.00092,0.38911
CVE-2022-2353,0.00068,0.28323
CVE-2022-23530,0.00091,0.38455
CVE-2022-23531,0.00057,0.21251
CVE-2022-23532,0.00057,0.21507
CVE-2022-23535,0.00084,0.34796
CVE-2022-23536,0.00082,0.33930
CVE-2022-23537,0.00134,0.48476
CVE-2022-23538,0.00099,0.40713
CVE-2022-23539,0.00062,0.24527
CVE-2022-2354,0.00086,0.35672
CVE-2022-23540,0.00065,0.26817
CVE-2022-23541,0.00079,0.32934
CVE-2022-23542,0.00148,0.50887
CVE-2022-23543,0.00053,0.18436
CVE-2022-23544,0.00094,0.39263
CVE-2022-23546,0.00052,0.18120
CVE-2022-23547,0.00150,0.51223
CVE-2022-23548,0.00056,0.21026
CVE-2022-23549,0.00064,0.26139
CVE-2022-2355,0.00059,0.23007
CVE-2022-23551,0.00066,0.27224
CVE-2022-23552,0.00152,0.51407
CVE-2022-23553,0.00099,0.40645
CVE-2022-23554,0.00084,0.34806
CVE-2022-23555,0.00225,0.60818
CVE-2022-23556,0.00060,0.23626
CVE-2022-23557,0.00119,0.46018
CVE-2022-23558,0.00388,0.70522
CVE-2022-23559,0.00190,0.56674
CVE-2022-2356,0.00086,0.35672
CVE-2022-23560,0.00218,0.59834
CVE-2022-23561,0.00104,0.42274
CVE-2022-23562,0.00141,0.49784
CVE-2022-23563,0.00042,0.05722
CVE-2022-23564,0.00076,0.31394
CVE-2022-23565,0.00076,0.31394
CVE-2022-23566,0.00449,0.72488
CVE-2022-23567,0.00181,0.55374
CVE-2022-23568,0.00171,0.54206
CVE-2022-23569,0.00076,0.31394
CVE-2022-2357,0.00259,0.63770
CVE-2022-23570,0.00143,0.50021
CVE-2022-23571,0.00076,0.31394
CVE-2022-23572,0.00143,0.50021
CVE-2022-23573,0.00223,0.60662
CVE-2022-23574,0.00218,0.59834
CVE-2022-23575,0.00119,0.46018
CVE-2022-23576,0.00119,0.46018
CVE-2022-23577,0.00119,0.46018
CVE-2022-23578,0.00086,0.35743
CVE-2022-23579,0.00119,0.46018
CVE-2022-23580,0.00119,0.46018
CVE-2022-23581,0.00192,0.57152
CVE-2022-23582,0.00119,0.46018
CVE-2022-23583,0.00119,0.46018
CVE-2022-23584,0.00119,0.46018
CVE-2022-23585,0.00171,0.54222
CVE-2022-23586,0.00173,0.54558
CVE-2022-23587,0.00235,0.61646
CVE-2022-23588,0.00133,0.48414
CVE-2022-23589,0.00201,0.58092
CVE-2022-23590,0.00128,0.47382
CVE-2022-23591,0.00088,0.37072
CVE-2022-23592,0.00218,0.59834
CVE-2022-23593,0.00128,0.47382
CVE-2022-23594,0.00044,0.10161
CVE-2022-23595,0.00119,0.46018
CVE-2022-23596,0.00141,0.49770
CVE-2022-23597,0.00294,0.66078
CVE-2022-23598,0.00164,0.53043
CVE-2022-23599,0.00061,0.24174
CVE-2022-23600,0.00063,0.25077
CVE-2022-23601,0.00101,0.41190
CVE-2022-23602,0.00089,0.37380
CVE-2022-23603,0.00071,0.29203
CVE-2022-23604,0.00169,0.53904
CVE-2022-23605,0.00044,0.10161
CVE-2022-23606,0.00076,0.31394
CVE-2022-23607,0.00230,0.61286
CVE-2022-23608,0.01307,0.84518
CVE-2022-23609,0.00091,0.38562
CVE-2022-2361,0.00056,0.20979
CVE-2022-23610,0.00210,0.58948
CVE-2022-23611,0.00142,0.49897
CVE-2022-23612,0.00096,0.39812
CVE-2022-23613,0.00050,0.16831
CVE-2022-23614,0.02709,0.89480
CVE-2022-23615,0.00060,0.23686
CVE-2022-23616,0.00499,0.73850
CVE-2022-23617,0.00097,0.40117
CVE-2022-23618,0.00071,0.29242
CVE-2022-23619,0.00114,0.44988
CVE-2022-2362,0.00183,0.55621
CVE-2022-23620,0.00111,0.44236
CVE-2022-23621,0.00100,0.40819
CVE-2022-23622,0.00071,0.29363
CVE-2022-23623,0.00097,0.40228
CVE-2022-23624,0.00097,0.40228
CVE-2022-23625,0.00097,0.40146
CVE-2022-23626,0.01694,0.86451
CVE-2022-23627,0.00102,0.41297
CVE-2022-23628,0.00094,0.39344
CVE-2022-2363,0.00054,0.20290
CVE-2022-23630,0.00320,0.67561
CVE-2022-23631,0.00368,0.69768
CVE-2022-23632,0.00085,0.35232
CVE-2022-23633,0.00213,0.59368
CVE-2022-23634,0.00190,0.56641
CVE-2022-23635,0.00121,0.46286
CVE-2022-23636,0.00213,0.59400
CVE-2022-23637,0.00050,0.16378
CVE-2022-23638,0.00061,0.24174
CVE-2022-23639,0.00240,0.62115
CVE-2022-2364,0.00054,0.20290
CVE-2022-23640,0.00197,0.57590
CVE-2022-23641,0.00097,0.40065
CVE-2022-23642,0.93952,0.98983
CVE-2022-23643,0.00063,0.25077
CVE-2022-23644,0.00104,0.42231
CVE-2022-23645,0.00045,0.11966
CVE-2022-23646,0.00118,0.45830
CVE-2022-23647,0.00071,0.29203
CVE-2022-23648,0.00340,0.68525
CVE-2022-23649,0.00044,0.10161
CVE-2022-2365,0.00053,0.18833
CVE-2022-23650,0.00118,0.45830
CVE-2022-23651,0.00042,0.05722
CVE-2022-23652,0.00223,0.60662
CVE-2022-23653,0.00042,0.05722
CVE-2022-23654,0.00050,0.16378
CVE-2022-23655,0.00123,0.46534
CVE-2022-23656,0.00050,0.16481
CVE-2022-23657,0.00460,0.72799
CVE-2022-23658,0.00460,0.72799
CVE-2022-23659,0.00072,0.29847
CVE-2022-2366,0.00072,0.29847
CVE-2022-23660,0.00460,0.72799
CVE-2022-23661,0.00172,0.54303
CVE-2022-23662,0.00172,0.54303
CVE-2022-23663,0.00172,0.54303
CVE-2022-23664,0.00172,0.54303
CVE-2022-23665,0.00172,0.54303
CVE-2022-23666,0.00172,0.54303
CVE-2022-23667,0.00193,0.57219
CVE-2022-23668,0.00106,0.42947
CVE-2022-23669,0.00258,0.63646
CVE-2022-2367,0.00178,0.55135
CVE-2022-23670,0.00106,0.42947
CVE-2022-23671,0.00199,0.57804
CVE-2022-23672,0.00157,0.52152
CVE-2022-23673,0.00157,0.52152
CVE-2022-23674,0.00066,0.27429
CVE-2022-23675,0.00066,0.27429
CVE-2022-23676,0.00435,0.72074
CVE-2022-23677,0.00292,0.65948
CVE-2022-23678,0.00149,0.50947
CVE-2022-23679,0.00062,0.24582
CVE-2022-2368,0.00191,0.56723
CVE-2022-23680,0.00062,0.24582
CVE-2022-23681,0.00043,0.07443
CVE-2022-23682,0.00043,0.07443
CVE-2022-23683,0.00109,0.43759
CVE-2022-23684,0.00162,0.52851
CVE-2022-23685,0.00081,0.33774
CVE-2022-23686,0.00044,0.10345
CVE-2022-23687,0.00044,0.10345
CVE-2022-23688,0.00044,0.10345
CVE-2022-23689,0.00044,0.10345
CVE-2022-2369,0.00056,0.20979
CVE-2022-23690,0.00111,0.44217
CVE-2022-23691,0.00053,0.19001
CVE-2022-23692,0.00087,0.35910
CVE-2022-23693,0.00087,0.35910
CVE-2022-23694,0.00087,0.35910
CVE-2022-23695,0.00087,0.35910
CVE-2022-23696,0.00087,0.35910
CVE-2022-23697,0.00057,0.21516
CVE-2022-23698,0.00166,0.53250
CVE-2022-23699,0.00042,0.05722
CVE-2022-2370,0.00068,0.27973
CVE-2022-23700,0.00044,0.10161
CVE-2022-23701,0.00072,0.29847
CVE-2022-23702,0.00044,0.10161
CVE-2022-23703,0.00073,0.30380
CVE-2022-23704,0.00627,0.76806
CVE-2022-23705,0.00076,0.31394
CVE-2022-23706,0.00057,0.21516
CVE-2022-23707,0.00054,0.20290
CVE-2022-23708,0.00054,0.20290
CVE-2022-23709,0.00054,0.20290
CVE-2022-2371,0.00056,0.20979
CVE-2022-23710,0.00078,0.32206
CVE-2022-23711,0.00072,0.29847
CVE-2022-23712,0.00177,0.54938
CVE-2022-23713,0.00078,0.32206
CVE-2022-23714,0.00042,0.05722
CVE-2022-23715,0.00064,0.25824
CVE-2022-23716,0.00068,0.28132
CVE-2022-23717,0.00044,0.10161
CVE-2022-23718,0.00274,0.64778
CVE-2022-23719,0.00047,0.13905
CVE-2022-2372,0.00056,0.20979
CVE-2022-23720,0.00044,0.10161
CVE-2022-23721,0.00043,0.06775
CVE-2022-23722,0.00054,0.20290
CVE-2022-23723,0.00065,0.26756
CVE-2022-23724,0.00059,0.22937
CVE-2022-23725,0.00044,0.10161
CVE-2022-23726,0.00064,0.25824
CVE-2022-23727,0.00042,0.05722
CVE-2022-23728,0.00046,0.13837
CVE-2022-23729,0.00044,0.10161
CVE-2022-2373,0.00328,0.68000
CVE-2022-23730,0.00233,0.61479
CVE-2022-23731,0.00044,0.10161
CVE-2022-23732,0.00186,0.55989
CVE-2022-23733,0.00080,0.33418
CVE-2022-23734,0.00677,0.77873
CVE-2022-23737,0.00125,0.46914
CVE-2022-23738,0.00124,0.46783
CVE-2022-23739,0.00135,0.48698
CVE-2022-2374,0.00056,0.20979
CVE-2022-23740,0.00185,0.55867
CVE-2022-23741,0.00180,0.55311
CVE-2022-23742,0.00044,0.10161
CVE-2022-23743,0.00042,0.05722
CVE-2022-23744,0.00044,0.10161
CVE-2022-23745,0.00086,0.35826
CVE-2022-23746,0.00135,0.48776
CVE-2022-23747,0.00230,0.61286
CVE-2022-23748,0.00060,0.23528
CVE-2022-2375,0.00072,0.29616
CVE-2022-2376,0.04103,0.91329
CVE-2022-23763,0.00317,0.67392
CVE-2022-23764,0.00383,0.70324
CVE-2022-23765,0.00086,0.35791
CVE-2022-23766,0.00284,0.65478
CVE-2022-23767,0.00156,0.51907
CVE-2022-23768,0.00286,0.65544
CVE-2022-23769,0.00399,0.70944
CVE-2022-2377,0.00051,0.17162
CVE-2022-23770,0.00244,0.62536
CVE-2022-23771,0.00063,0.25721
CVE-2022-23772,0.00368,0.69772
CVE-2022-23773,0.00081,0.33588
CVE-2022-23774,0.00121,0.46328
CVE-2022-23775,0.00330,0.68106
CVE-2022-23779,0.01637,0.86244
CVE-2022-2378,0.00091,0.38465
CVE-2022-2379,0.02367,0.88772
CVE-2022-23790,0.00046,0.13740
CVE-2022-23791,0.00046,0.13740
CVE-2022-23793,0.00200,0.57941
CVE-2022-23794,0.00124,0.46723
CVE-2022-23795,0.00201,0.58090
CVE-2022-23796,0.00185,0.55862
CVE-2022-23797,0.00142,0.49961
CVE-2022-23798,0.00124,0.46723
CVE-2022-23799,0.00201,0.58090
CVE-2022-2380,0.00042,0.05722
CVE-2022-23800,0.00250,0.63011
CVE-2022-23801,0.00250,0.63011
CVE-2022-23802,0.00150,0.51158
CVE-2022-23803,0.00133,0.48431
CVE-2022-23804,0.00134,0.48507
CVE-2022-23805,0.00045,0.12491
CVE-2022-23806,0.00339,0.68499
CVE-2022-23807,0.00054,0.20290
CVE-2022-23808,0.00743,0.78954
CVE-2022-2381,0.00094,0.39374
CVE-2022-23810,0.00090,0.37977
CVE-2022-23812,0.00584,0.75881
CVE-2022-23813,0.00063,0.25287
CVE-2022-23814,0.00063,0.25287
CVE-2022-23818,0.00047,0.13955
CVE-2022-2382,0.00051,0.17162
CVE-2022-23820,0.02351,0.88726
CVE-2022-23821,0.00134,0.48641
CVE-2022-23822,0.00068,0.28059
CVE-2022-23823,0.00065,0.26756
CVE-2022-23824,0.00054,0.19248
CVE-2022-23825,0.00049,0.15003
CVE-2022-2383,0.00141,0.49832
CVE-2022-23830,0.00046,0.13740
CVE-2022-23831,0.00078,0.32333
CVE-2022-23833,0.00917,0.81187
CVE-2022-23835,0.00189,0.56445
CVE-2022-23837,0.00250,0.63061
CVE-2022-2384,0.00056,0.20979
CVE-2022-23848,0.00201,0.58090
CVE-2022-23849,0.00044,0.10161
CVE-2022-2385,0.00087,0.36091
CVE-2022-23850,0.00074,0.30513
CVE-2022-23852,0.01008,0.82105
CVE-2022-23853,0.00075,0.30862
CVE-2022-23854,0.68865,0.97712
CVE-2022-23855,0.00209,0.58835
CVE-2022-23856,0.00070,0.28862
CVE-2022-23857,0.00063,0.25077
CVE-2022-23858,0.00104,0.42231
CVE-2022-2386,0.00091,0.38465
CVE-2022-23863,0.00755,0.79138
CVE-2022-23865,0.00255,0.63478
CVE-2022-23868,0.00081,0.33577
CVE-2022-23869,0.00051,0.16927
CVE-2022-2387,0.00053,0.18445
CVE-2022-23871,0.00053,0.18833
CVE-2022-23872,0.00053,0.18833
CVE-2022-23873,0.00098,0.40432
CVE-2022-23878,0.00335,0.68364
CVE-2022-2388,0.00059,0.23007
CVE-2022-23880,0.00250,0.63021
CVE-2022-23881,0.19726,0.95894
CVE-2022-23882,0.00172,0.54442
CVE-2022-23884,0.00354,0.69157
CVE-2022-23887,0.00062,0.24284
CVE-2022-23888,0.00106,0.42853
CVE-2022-23889,0.00077,0.31772
CVE-2022-2389,0.00051,0.17162
CVE-2022-23896,0.00058,0.22585
CVE-2022-23898,0.02266,0.88534
CVE-2022-23899,0.00172,0.54442
CVE-2022-2390,0.00043,0.06775
CVE-2022-23900,0.00478,0.73299
CVE-2022-23901,0.00234,0.61568
CVE-2022-23902,0.00172,0.54442
CVE-2022-23903,0.00058,0.22585
CVE-2022-23904,0.00074,0.30590
CVE-2022-23906,0.00217,0.59688
CVE-2022-23907,0.00078,0.32739
CVE-2022-23909,0.00045,0.12509
CVE-2022-2391,0.00056,0.20979
CVE-2022-23911,0.00086,0.35789
CVE-2022-23912,0.00068,0.28323
CVE-2022-23913,0.00144,0.50187
CVE-2022-23915,0.00294,0.66086
CVE-2022-23916,0.00112,0.44364
CVE-2022-23918,0.00202,0.58215
CVE-2022-23919,0.00202,0.58215
CVE-2022-2392,0.00068,0.27973
CVE-2022-23921,0.00042,0.00438
CVE-2022-23922,0.00065,0.27033
CVE-2022-23923,0.00293,0.66016
CVE-2022-23924,0.00044,0.10161
CVE-2022-23925,0.00044,0.10161
CVE-2022-23926,0.00044,0.10161
CVE-2022-23927,0.00044,0.10161
CVE-2022-23928,0.00044,0.10161
CVE-2022-23929,0.00044,0.10161
CVE-2022-2393,0.00043,0.06775
CVE-2022-23930,0.00044,0.10161
CVE-2022-23931,0.00044,0.10161
CVE-2022-23932,0.00044,0.10161
CVE-2022-23933,0.00044,0.10161
CVE-2022-23934,0.00044,0.10161
CVE-2022-23935,0.00056,0.20765
CVE-2022-23937,0.00101,0.41058
CVE-2022-2394,0.00053,0.18436
CVE-2022-23940,0.00278,0.65060
CVE-2022-23942,0.00120,0.46125
CVE-2022-23943,0.19086,0.95831
CVE-2022-23944,0.45887,0.97112
CVE-2022-23945,0.00422,0.71672
CVE-2022-23946,0.00134,0.48507
CVE-2022-23947,0.00216,0.59619
CVE-2022-23948,0.00090,0.37775
CVE-2022-23949,0.00113,0.44660
CVE-2022-2395,0.00056,0.20979
CVE-2022-23950,0.00076,0.31196
CVE-2022-23951,0.00049,0.15168
CVE-2022-23952,0.00108,0.43479
CVE-2022-23953,0.00044,0.10161
CVE-2022-23954,0.00044,0.10161
CVE-2022-23955,0.00044,0.10161
CVE-2022-23956,0.00044,0.10161
CVE-2022-23957,0.00044,0.10161
CVE-2022-23958,0.00044,0.10161
CVE-2022-23959,0.00431,0.71912
CVE-2022-2396,0.00056,0.20979
CVE-2022-23960,0.00055,0.20491
CVE-2022-23968,0.00163,0.52956
CVE-2022-23970,0.00051,0.17021
CVE-2022-23971,0.00051,0.17021
CVE-2022-23972,0.00062,0.24373
CVE-2022-23973,0.00073,0.30179
CVE-2022-23974,0.00110,0.44016
CVE-2022-23975,0.00053,0.19044
CVE-2022-23976,0.00053,0.19044
CVE-2022-23979,0.00050,0.16378
CVE-2022-2398,0.00056,0.20979
CVE-2022-23980,0.00061,0.24174
CVE-2022-23981,0.00050,0.16378
CVE-2022-23982,0.00133,0.48411
CVE-2022-23983,0.00073,0.30411
CVE-2022-23984,0.00158,0.52341
CVE-2022-23985,0.00178,0.55100
CVE-2022-23986,0.00095,0.39726
CVE-2022-23987,0.00058,0.22585
CVE-2022-23988,0.00117,0.45540
CVE-2022-23989,0.00089,0.37607
CVE-2022-2399,0.00950,0.81535
CVE-2022-23990,0.00319,0.67543
CVE-2022-23992,0.00291,0.65903
CVE-2022-23993,0.00093,0.39243
CVE-2022-23994,0.00048,0.14768
CVE-2022-23995,0.00048,0.14768
CVE-2022-23996,0.00048,0.14768
CVE-2022-23997,0.00048,0.14768
CVE-2022-23998,0.00057,0.21342
CVE-2022-23999,0.00042,0.05722
CVE-2022-2400,0.00077,0.31826
CVE-2022-24000,0.00042,0.05722
CVE-2022-24001,0.00047,0.14185
CVE-2022-24002,0.00063,0.25674
CVE-2022-24003,0.00063,0.25674
CVE-2022-24004,0.00058,0.22585
CVE-2022-24005,0.00208,0.58798
CVE-2022-24006,0.00208,0.58798
CVE-2022-24007,0.00208,0.58798
CVE-2022-24008,0.00208,0.58798
CVE-2022-24009,0.00208,0.58798
CVE-2022-2401,0.00062,0.24822
CVE-2022-24010,0.00192,0.56898
CVE-2022-24011,0.00192,0.56898
CVE-2022-24012,0.00192,0.56898
CVE-2022-24013,0.00192,0.56898
CVE-2022-24014,0.00192,0.56898
CVE-2022-24015,0.00192,0.56898
CVE-2022-24016,0.00208,0.58798
CVE-2022-24017,0.00192,0.56898
CVE-2022-24018,0.00192,0.56898
CVE-2022-24019,0.00192,0.56898
CVE-2022-2402,0.00061,0.23810
CVE-2022-24020,0.00208,0.58798
CVE-2022-24021,0.00192,0.56898
CVE-2022-24022,0.00192,0.56898
CVE-2022-24023,0.00072,0.29601
CVE-2022-24024,0.00192,0.56898
CVE-2022-24025,0.00192,0.56898
CVE-2022-24026,0.00192,0.56898
CVE-2022-24027,0.00192,0.56898
CVE-2022-24028,0.00208,0.58798
CVE-2022-24029,0.00208,0.58798
CVE-2022-2403,0.00064,0.25824
CVE-2022-24030,0.00042,0.05722
CVE-2022-24031,0.00042,0.05722
CVE-2022-24032,0.00095,0.39559
CVE-2022-24035,0.00065,0.26763
CVE-2022-24036,0.00125,0.46872
CVE-2022-24037,0.00240,0.62135
CVE-2022-24038,0.00123,0.46541
CVE-2022-24039,0.00092,0.38813
CVE-2022-2404,0.00082,0.34119
CVE-2022-24040,0.00081,0.33872
CVE-2022-24041,0.00057,0.21513
CVE-2022-24042,0.00117,0.45563
CVE-2022-24043,0.00072,0.29847
CVE-2022-24044,0.00115,0.45174
CVE-2022-24045,0.00057,0.21513
CVE-2022-24046,0.00086,0.35617
CVE-2022-24047,0.02178,0.88285
CVE-2022-24048,0.00048,0.14650
CVE-2022-24049,0.00874,0.80691
CVE-2022-2405,0.00051,0.17162
CVE-2022-24050,0.00048,0.14650
CVE-2022-24051,0.00045,0.11971
CVE-2022-24052,0.00048,0.14650
CVE-2022-24055,0.00087,0.35967
CVE-2022-24056,0.00109,0.43541
CVE-2022-24057,0.00109,0.43541
CVE-2022-24058,0.00109,0.43541
CVE-2022-24059,0.00109,0.43541
CVE-2022-2406,0.00076,0.31172
CVE-2022-24060,0.00087,0.35967
CVE-2022-24061,0.00087,0.35967
CVE-2022-24062,0.00109,0.43541
CVE-2022-24063,0.00109,0.43541
CVE-2022-24064,0.00109,0.43541
CVE-2022-24065,0.00516,0.74304
CVE-2022-24066,0.00305,0.66702
CVE-2022-24069,0.00054,0.19411
CVE-2022-2407,0.00056,0.20979
CVE-2022-24070,0.00144,0.50215
CVE-2022-24071,0.00072,0.29847
CVE-2022-24072,0.00072,0.29847
CVE-2022-24073,0.00079,0.33173
CVE-2022-24074,0.00201,0.58090
CVE-2022-24075,0.00150,0.51158
CVE-2022-24077,0.00065,0.26849
CVE-2022-2408,0.00053,0.18436
CVE-2022-24082,0.02555,0.89161
CVE-2022-24083,0.00188,0.56431
CVE-2022-24086,0.28865,0.96466
CVE-2022-2409,0.00056,0.20979
CVE-2022-24090,0.00913,0.81134
CVE-2022-24091,0.00365,0.69630
CVE-2022-24092,0.00177,0.54954
CVE-2022-24093,0.00105,0.42456
CVE-2022-24094,0.00482,0.73421
CVE-2022-24095,0.00482,0.73421
CVE-2022-24096,0.00378,0.70135
CVE-2022-24097,0.00103,0.41760
CVE-2022-24098,0.00503,0.73983
CVE-2022-24099,0.00074,0.30552
CVE-2022-2410,0.00056,0.20979
CVE-2022-24101,0.00137,0.49180
CVE-2022-24102,0.37536,0.96841
CVE-2022-24103,0.09913,0.94346
CVE-2022-24104,0.09913,0.94346
CVE-2022-24105,0.00169,0.53831
CVE-2022-24106,0.00060,0.23528
CVE-2022-24107,0.00060,0.23528
CVE-2022-24108,0.02789,0.89622
CVE-2022-24109,0.00077,0.31747
CVE-2022-2411,0.00056,0.20979
CVE-2022-24110,0.00054,0.20290
CVE-2022-24111,0.00078,0.32206
CVE-2022-24112,0.97261,0.99824
CVE-2022-24113,0.00042,0.05722
CVE-2022-24114,0.00042,0.05722
CVE-2022-24115,0.00042,0.05722
CVE-2022-24116,0.00115,0.45123
CVE-2022-24117,0.00170,0.54075
CVE-2022-24118,0.00079,0.33122
CVE-2022-24119,0.00170,0.54075
CVE-2022-2412,0.00056,0.20979
CVE-2022-24120,0.00053,0.19079
CVE-2022-24121,0.00164,0.53110
CVE-2022-24122,0.00074,0.30704
CVE-2022-24123,0.00234,0.61585
CVE-2022-24124,0.07543,0.93517
CVE-2022-24125,0.00307,0.66844
CVE-2022-24126,0.00695,0.78174
CVE-2022-24127,0.00058,0.22585
CVE-2022-24128,0.00144,0.50210
CVE-2022-24129,0.00647,0.77182
CVE-2022-2413,0.00045,0.11801
CVE-2022-24130,0.00082,0.34095
CVE-2022-24131,0.00079,0.33115
CVE-2022-24132,0.00086,0.35887
CVE-2022-24135,0.00078,0.32739
CVE-2022-24136,0.00237,0.61897
CVE-2022-24138,0.00045,0.12326
CVE-2022-24139,0.00044,0.10161
CVE-2022-2414,0.01256,0.84163
CVE-2022-24140,0.00432,0.71960
CVE-2022-24141,0.00078,0.32276
CVE-2022-24142,0.00117,0.45605
CVE-2022-24143,0.00117,0.45605
CVE-2022-24144,0.00250,0.63062
CVE-2022-24145,0.00117,0.45605
CVE-2022-24146,0.00117,0.45605
CVE-2022-24147,0.00117,0.45605
CVE-2022-24148,0.00250,0.63062
CVE-2022-24149,0.00117,0.45605
CVE-2022-2415,0.00245,0.62595
CVE-2022-24150,0.00250,0.63062
CVE-2022-24151,0.00117,0.45605
CVE-2022-24152,0.00117,0.45605
CVE-2022-24153,0.00117,0.45605
CVE-2022-24154,0.00117,0.45605
CVE-2022-24155,0.00117,0.45605
CVE-2022-24156,0.00117,0.45605
CVE-2022-24157,0.00117,0.45605
CVE-2022-24158,0.00117,0.45605
CVE-2022-24159,0.00117,0.45605
CVE-2022-2416,0.00045,0.11801
CVE-2022-24160,0.00117,0.45605
CVE-2022-24161,0.00117,0.45605
CVE-2022-24162,0.00117,0.45605
CVE-2022-24163,0.00117,0.45605
CVE-2022-24164,0.00117,0.45605
CVE-2022-24165,0.00217,0.59691
CVE-2022-24166,0.00117,0.45605
CVE-2022-24167,0.00152,0.51492
CVE-2022-24168,0.00152,0.51492
CVE-2022-24169,0.00117,0.45605
CVE-2022-2417,0.00053,0.18436
CVE-2022-24170,0.00217,0.59691
CVE-2022-24171,0.00217,0.59691
CVE-2022-24172,0.00117,0.45605
CVE-2022-24177,0.00078,0.32739
CVE-2022-2418,0.00043,0.06775
CVE-2022-24181,0.00170,0.54075
CVE-2022-24187,0.00140,0.49667
CVE-2022-24188,0.00153,0.51593
CVE-2022-24189,0.00164,0.53078
CVE-2022-2419,0.00043,0.06775
CVE-2022-24190,0.00114,0.44864
CVE-2022-24191,0.00057,0.21445
CVE-2022-24193,0.00914,0.81149
CVE-2022-24196,0.00141,0.49802
CVE-2022-24197,0.00191,0.56779
CVE-2022-24198,0.00091,0.38427
CVE-2022-2420,0.00043,0.06775
CVE-2022-24206,0.00172,0.54442
CVE-2022-2421,0.00261,0.63930
CVE-2022-24218,0.00088,0.37003
CVE-2022-24219,0.00172,0.54442
CVE-2022-2422,0.00152,0.51438
CVE-2022-24220,0.00172,0.54442
CVE-2022-24221,0.00172,0.54442
CVE-2022-24222,0.00172,0.54442
CVE-2022-24223,0.23640,0.96174
CVE-2022-24226,0.00189,0.56471
CVE-2022-24227,0.00077,0.31899
CVE-2022-24229,0.00116,0.45457
CVE-2022-2423,0.00056,0.20979
CVE-2022-24231,0.00212,0.59203
CVE-2022-24232,0.00075,0.30774
CVE-2022-24235,0.00109,0.43866
CVE-2022-24236,0.00051,0.16927
CVE-2022-24237,0.02027,0.87764
CVE-2022-24238,0.00089,0.37659
CVE-2022-24239,0.00224,0.60772
CVE-2022-2424,0.00056,0.20979
CVE-2022-24240,0.00162,0.52904
CVE-2022-24241,0.00137,0.49109
CVE-2022-24247,0.00352,0.69071
CVE-2022-24248,0.00336,0.68392
CVE-2022-24249,0.00051,0.17017
CVE-2022-2425,0.00056,0.20979
CVE-2022-24251,0.00208,0.58827
CVE-2022-24252,0.01390,0.85017
CVE-2022-24253,0.00208,0.58827
CVE-2022-24254,0.01113,0.83043
CVE-2022-24255,0.00198,0.57738
CVE-2022-24259,0.00228,0.61100
CVE-2022-2426,0.00056,0.20979
CVE-2022-24260,0.28138,0.96433
CVE-2022-24262,0.00288,0.65682
CVE-2022-24263,0.06081,0.92811
CVE-2022-24264,0.04717,0.91869
CVE-2022-24265,0.04717,0.91869
CVE-2022-24266,0.03180,0.90212
CVE-2022-24272,0.00094,0.39397
CVE-2022-24278,0.00141,0.49758
CVE-2022-24279,0.00069,0.28703
CVE-2022-2428,0.00209,0.58922
CVE-2022-24280,0.00057,0.21310
CVE-2022-24281,0.00114,0.44803
CVE-2022-24282,0.00088,0.36849
CVE-2022-24285,0.00042,0.05722
CVE-2022-24286,0.00042,0.05722
CVE-2022-24287,0.00044,0.10161
CVE-2022-24288,0.91095,0.98661
CVE-2022-24289,0.00052,0.17515
CVE-2022-2429,0.00108,0.43428
CVE-2022-24290,0.00084,0.34820
CVE-2022-24291,0.00514,0.74253
CVE-2022-24292,0.00444,0.72332
CVE-2022-24293,0.00444,0.72332
CVE-2022-24294,0.00091,0.38651
CVE-2022-24295,0.00109,0.43887
CVE-2022-24296,0.00205,0.58518
CVE-2022-24297,0.00044,0.10161
CVE-2022-24298,0.00088,0.36958
CVE-2022-24299,0.00302,0.66529
CVE-2022-2430,0.00048,0.14636
CVE-2022-24300,0.00300,0.66407
CVE-2022-24301,0.00140,0.49515
CVE-2022-24302,0.00255,0.63497
CVE-2022-24303,0.00219,0.59888
CVE-2022-24305,0.00788,0.79624
CVE-2022-24306,0.00558,0.75302
CVE-2022-24307,0.00213,0.59400
CVE-2022-24308,0.00044,0.10161
CVE-2022-24309,0.00065,0.26756
CVE-2022-2431,0.01336,0.84680
CVE-2022-24310,0.00516,0.74302
CVE-2022-24311,0.00835,0.80254
CVE-2022-24312,0.00835,0.80254
CVE-2022-24313,0.01153,0.83371
CVE-2022-24314,0.00089,0.37607
CVE-2022-24315,0.00256,0.63510
CVE-2022-24316,0.00307,0.66847
CVE-2022-24317,0.00348,0.68914
CVE-2022-24318,0.00095,0.39657
CVE-2022-24319,0.00107,0.43205
CVE-2022-2432,0.00089,0.37483
CVE-2022-24320,0.00107,0.43205
CVE-2022-24321,0.00089,0.37607
CVE-2022-24322,0.00073,0.30380
CVE-2022-24323,0.00073,0.30380
CVE-2022-24324,0.00291,0.65883
CVE-2022-24327,0.00158,0.52341
CVE-2022-24328,0.00081,0.33872
CVE-2022-24329,0.00077,0.31760
CVE-2022-2433,0.00249,0.62895
CVE-2022-24330,0.00078,0.32206
CVE-2022-24331,0.00221,0.60385
CVE-2022-24332,0.00078,0.32206
CVE-2022-24333,0.00065,0.26756
CVE-2022-24334,0.00078,0.32206
CVE-2022-24335,0.00221,0.60385
CVE-2022-24336,0.00083,0.34426
CVE-2022-24337,0.00065,0.26756
CVE-2022-24338,0.00078,0.32206
CVE-2022-24339,0.00054,0.20290
CVE-2022-2434,0.00153,0.51525
CVE-2022-24340,0.00217,0.59770
CVE-2022-24341,0.00079,0.33063
CVE-2022-24342,0.00073,0.30411
CVE-2022-24343,0.00054,0.20290
CVE-2022-24344,0.00054,0.20290
CVE-2022-24345,0.00042,0.05722
CVE-2022-24346,0.00042,0.05722
CVE-2022-24347,0.00054,0.20290
CVE-2022-24348,0.00077,0.31692
CVE-2022-24349,0.00086,0.35844
CVE-2022-2435,0.00119,0.45982
CVE-2022-24350,0.00043,0.06775
CVE-2022-24351,0.00043,0.06775
CVE-2022-24352,0.00050,0.15947
CVE-2022-24353,0.00050,0.15947
CVE-2022-24354,0.00084,0.35111
CVE-2022-24355,0.00091,0.38068
CVE-2022-24356,0.01355,0.84818
CVE-2022-24357,0.01588,0.86027
CVE-2022-24358,0.01355,0.84818
CVE-2022-24359,0.01588,0.86027
CVE-2022-2436,0.00193,0.57262
CVE-2022-24360,0.01588,0.86027
CVE-2022-24361,0.01322,0.84596
CVE-2022-24362,0.01322,0.84600
CVE-2022-24363,0.01588,0.86027
CVE-2022-24364,0.01588,0.86027
CVE-2022-24365,0.01588,0.86027
CVE-2022-24366,0.01588,0.86027
CVE-2022-24367,0.01588,0.86027
CVE-2022-24368,0.01142,0.83276
CVE-2022-24369,0.01322,0.84596
CVE-2022-2437,0.00379,0.70208
CVE-2022-24370,0.00973,0.81782
CVE-2022-24372,0.00073,0.30308
CVE-2022-24373,0.00095,0.39580
CVE-2022-24374,0.00112,0.44364
CVE-2022-24375,0.00339,0.68502
CVE-2022-24376,0.00859,0.80529
CVE-2022-24377,0.00153,0.51567
CVE-2022-24378,0.00043,0.06775
CVE-2022-24379,0.00043,0.06775
CVE-2022-2438,0.00173,0.54539
CVE-2022-24381,0.00086,0.35826
CVE-2022-24382,0.00044,0.10161
CVE-2022-24383,0.00062,0.24571
CVE-2022-24384,0.00084,0.34940
CVE-2022-24385,0.00098,0.40352
CVE-2022-24386,0.00061,0.23902
CVE-2022-24387,0.00124,0.46832
CVE-2022-24388,0.00212,0.59243
CVE-2022-24389,0.00212,0.59243
CVE-2022-24390,0.00212,0.59243
CVE-2022-24391,0.00087,0.36089
CVE-2022-24392,0.00100,0.40921
CVE-2022-24393,0.00100,0.40921
CVE-2022-24394,0.00100,0.40921
CVE-2022-24395,0.00078,0.32206
CVE-2022-24396,0.00076,0.31164
CVE-2022-24397,0.00078,0.32669
CVE-2022-24398,0.00065,0.26756
CVE-2022-24399,0.00167,0.53448
CVE-2022-24400,0.00045,0.12108
CVE-2022-24401,0.00053,0.19001
CVE-2022-24402,0.00048,0.14563
CVE-2022-24403,0.00044,0.10345
CVE-2022-24404,0.00048,0.14563
CVE-2022-24405,0.00236,0.61822
CVE-2022-24406,0.00056,0.20979
CVE-2022-24407,0.00290,0.65863
CVE-2022-24408,0.00042,0.05722
CVE-2022-24409,0.00078,0.32769
CVE-2022-2441,0.01459,0.85389
CVE-2022-24410,0.00052,0.18022
CVE-2022-24411,0.00042,0.05722
CVE-2022-24412,0.00089,0.37607
CVE-2022-24413,0.00042,0.05722
CVE-2022-24414,0.00065,0.26756
CVE-2022-24415,0.00042,0.05722
CVE-2022-24416,0.00042,0.05722
CVE-2022-24417,0.00042,0.05722
CVE-2022-24418,0.00042,0.05722
CVE-2022-24419,0.00042,0.05722
CVE-2022-2442,0.00233,0.61440
CVE-2022-24420,0.00042,0.05722
CVE-2022-24421,0.00042,0.05722
CVE-2022-24422,0.00347,0.68832
CVE-2022-24423,0.00186,0.55986
CVE-2022-24424,0.00240,0.62097
CVE-2022-24426,0.00042,0.05722
CVE-2022-24428,0.00078,0.32769
CVE-2022-24429,0.00108,0.43369
CVE-2022-2443,0.00185,0.55834
CVE-2022-24431,0.01588,0.86031
CVE-2022-24432,0.00061,0.23871
CVE-2022-24433,0.00558,0.75304
CVE-2022-24434,0.00236,0.61792
CVE-2022-24435,0.00083,0.34302
CVE-2022-24436,0.00065,0.26756
CVE-2022-24437,0.00155,0.51871
CVE-2022-24439,0.01058,0.82561
CVE-2022-2444,0.00193,0.57190
CVE-2022-24440,0.00158,0.52231
CVE-2022-24441,0.01361,0.84861
CVE-2022-24442,0.00221,0.60385
CVE-2022-24444,0.00179,0.55242
CVE-2022-24446,0.00076,0.31163
CVE-2022-24447,0.00076,0.31624
CVE-2022-24448,0.00049,0.15003
CVE-2022-24449,0.00221,0.60385
CVE-2022-24450,0.00087,0.35903
CVE-2022-24451,0.00234,0.61582
CVE-2022-24452,0.00234,0.61582
CVE-2022-24453,0.00221,0.60233
CVE-2022-24454,0.00043,0.07315
CVE-2022-24455,0.00059,0.23066
CVE-2022-24456,0.00221,0.60233
CVE-2022-24457,0.00221,0.60233
CVE-2022-24459,0.00043,0.07315
CVE-2022-24460,0.00060,0.23705
CVE-2022-24461,0.00335,0.68349
CVE-2022-24462,0.00089,0.37218
CVE-2022-24463,0.00179,0.55229
CVE-2022-24464,0.00200,0.57959
CVE-2022-24465,0.00044,0.10167
CVE-2022-24466,0.00043,0.07315
CVE-2022-24467,0.01254,0.84148
CVE-2022-24468,0.01254,0.84148
CVE-2022-24469,0.00065,0.26906
CVE-2022-2447,0.00072,0.29461
CVE-2022-24470,0.01254,0.84148
CVE-2022-24471,0.01254,0.84148
CVE-2022-24472,0.00124,0.46754
CVE-2022-24473,0.00238,0.61912
CVE-2022-24474,0.00043,0.07315
CVE-2022-24475,0.00235,0.61682
CVE-2022-24477,0.00099,0.40664
CVE-2022-24479,0.00059,0.23066
CVE-2022-2448,0.00056,0.20979
CVE-2022-24480,0.00043,0.07315
CVE-2022-24481,0.00099,0.40594
CVE-2022-24482,0.00043,0.07315
CVE-2022-24483,0.00043,0.07315
CVE-2022-24484,0.00043,0.07315
CVE-2022-24485,0.00502,0.73967
CVE-2022-24486,0.00043,0.07315
CVE-2022-24487,0.01254,0.84148
CVE-2022-24488,0.00043,0.07315
CVE-2022-24489,0.00043,0.07315
CVE-2022-2449,0.00054,0.19132
CVE-2022-24490,0.00827,0.80150
CVE-2022-24491,0.01624,0.86202
CVE-2022-24492,0.01727,0.86584
CVE-2022-24493,0.00043,0.07315
CVE-2022-24494,0.00043,0.07315
CVE-2022-24495,0.00114,0.44780
CVE-2022-24496,0.00043,0.07315
CVE-2022-24497,0.01624,0.86202
CVE-2022-24498,0.01927,0.87419
CVE-2022-24499,0.00059,0.23066
CVE-2022-2450,0.00056,0.20979
CVE-2022-24500,0.01727,0.86584
CVE-2022-24501,0.00234,0.61582
CVE-2022-24502,0.00116,0.45389
CVE-2022-24503,0.00220,0.60162
CVE-2022-24504,0.00534,0.74754
CVE-2022-24505,0.00043,0.07315
CVE-2022-24506,0.00210,0.58998
CVE-2022-24507,0.00043,0.07315
CVE-2022-24508,0.01254,0.84148
CVE-2022-24509,0.00335,0.68349
CVE-2022-24510,0.00335,0.68349
CVE-2022-24511,0.00089,0.37218
CVE-2022-24512,0.00506,0.74073
CVE-2022-24513,0.00059,0.23066
CVE-2022-24515,0.00210,0.58998
CVE-2022-24516,0.00099,0.40664
CVE-2022-24517,0.01254,0.84148
CVE-2022-24518,0.00210,0.58998
CVE-2022-24519,0.00210,0.58998
CVE-2022-24520,0.01254,0.84148
CVE-2022-24521,0.00051,0.16927
CVE-2022-24522,0.00813,0.79967
CVE-2022-24523,0.00107,0.43201
CVE-2022-24525,0.00043,0.07315
CVE-2022-24526,0.00087,0.35917
CVE-2022-24527,0.00043,0.07315
CVE-2022-24528,0.01727,0.86584
CVE-2022-2453,0.00066,0.27219
CVE-2022-24530,0.00043,0.07315
CVE-2022-24532,0.00238,0.61912
CVE-2022-24533,0.01785,0.86791
CVE-2022-24534,0.00502,0.73967
CVE-2022-24536,0.01254,0.84148
CVE-2022-24537,0.00074,0.30741
CVE-2022-24538,0.00208,0.58743
CVE-2022-24539,0.00827,0.80150
CVE-2022-2454,0.00062,0.24451
CVE-2022-24540,0.00043,0.07315
CVE-2022-24541,0.01727,0.86584
CVE-2022-24542,0.00061,0.24042
CVE-2022-24543,0.00238,0.61912
CVE-2022-24544,0.00043,0.07315
CVE-2022-24545,0.00903,0.81034
CVE-2022-24546,0.00043,0.07315
CVE-2022-24547,0.00043,0.07315
CVE-2022-24548,0.00091,0.38100
CVE-2022-24549,0.00043,0.07315
CVE-2022-2455,0.00087,0.36571
CVE-2022-24550,0.00059,0.23066
CVE-2022-24551,0.00099,0.40756
CVE-2022-24552,0.00492,0.73686
CVE-2022-24553,0.00759,0.79220
CVE-2022-2456,0.00079,0.32939
CVE-2022-24562,0.33933,0.96694
CVE-2022-24563,0.00063,0.24955
CVE-2022-24564,0.00072,0.29847
CVE-2022-24565,0.00054,0.20290
CVE-2022-24566,0.00054,0.20290
CVE-2022-24568,0.00237,0.61897
CVE-2022-2457,0.00163,0.52942
CVE-2022-24571,0.00177,0.54917
CVE-2022-24572,0.00078,0.32739
CVE-2022-24573,0.00083,0.34426
CVE-2022-24574,0.00057,0.21445
CVE-2022-24575,0.00088,0.36992
CVE-2022-24576,0.00057,0.21445
CVE-2022-24577,0.00106,0.42899
CVE-2022-24578,0.00074,0.30513
CVE-2022-2458,0.00145,0.50349
CVE-2022-24581,0.00143,0.50098
CVE-2022-24582,0.00054,0.20290
CVE-2022-24584,0.00120,0.46040
CVE-2022-24585,0.00054,0.19309
CVE-2022-24586,0.00054,0.19309
CVE-2022-24587,0.00054,0.19309
CVE-2022-24588,0.00054,0.19309
CVE-2022-24589,0.00069,0.28663
CVE-2022-2459,0.00079,0.32939
CVE-2022-24590,0.00054,0.19309
CVE-2022-24594,0.00068,0.28323
CVE-2022-24595,0.00915,0.81168
CVE-2022-24599,0.00263,0.64066
CVE-2022-2460,0.00247,0.62783
CVE-2022-24600,0.00172,0.54442
CVE-2022-24601,0.00180,0.55264
CVE-2022-24602,0.00172,0.54442
CVE-2022-24603,0.00172,0.54442
CVE-2022-24604,0.00172,0.54442
CVE-2022-24605,0.00172,0.54442
CVE-2022-24606,0.00172,0.54442
CVE-2022-24607,0.00172,0.54442
CVE-2022-24608,0.00078,0.32739
CVE-2022-24609,0.00259,0.63743
CVE-2022-2461,0.00467,0.72980
CVE-2022-24610,0.00150,0.51158
CVE-2022-24611,0.00054,0.19622
CVE-2022-24612,0.00058,0.22585
CVE-2022-24613,0.00052,0.18018
CVE-2022-24614,0.00051,0.17017
CVE-2022-24615,0.00059,0.22801
CVE-2022-24618,0.00042,0.05722
CVE-2022-2462,0.02279,0.88570
CVE-2022-24620,0.00058,0.22585
CVE-2022-24627,0.00109,0.43556
CVE-2022-24628,0.00050,0.16285
CVE-2022-24629,0.00208,0.58820
CVE-2022-2463,0.00197,0.57590
CVE-2022-24630,0.00049,0.15812
CVE-2022-24631,0.00045,0.11801
CVE-2022-24632,0.00047,0.14215
CVE-2022-24633,0.00072,0.29847
CVE-2022-24637,0.92037,0.98757
CVE-2022-2464,0.00049,0.15823
CVE-2022-24643,0.00207,0.58693
CVE-2022-24644,0.00517,0.74331
CVE-2022-24646,0.00156,0.51995
CVE-2022-24647,0.00068,0.28146
CVE-2022-2465,0.00060,0.23661
CVE-2022-24651,0.10639,0.94552
CVE-2022-24652,0.10639,0.94552
CVE-2022-24654,0.00125,0.46908
CVE-2022-24655,0.00144,0.50258
CVE-2022-24656,0.00078,0.32739
CVE-2022-24657,0.00154,0.51729
CVE-2022-24659,0.00125,0.46909
CVE-2022-2466,0.00158,0.52283
CVE-2022-24660,0.00117,0.45550
CVE-2022-24661,0.00053,0.18673
CVE-2022-24663,0.00108,0.43488
CVE-2022-24664,0.00108,0.43488
CVE-2022-24665,0.00132,0.48259
CVE-2022-24666,0.00179,0.55159
CVE-2022-24667,0.00086,0.35830
CVE-2022-24668,0.00069,0.28569
CVE-2022-24669,0.00057,0.21455
CVE-2022-2467,0.01679,0.86399
CVE-2022-24670,0.00064,0.25824
CVE-2022-24671,0.00045,0.12491
CVE-2022-24672,0.00052,0.17787
CVE-2022-24673,0.01472,0.85433
CVE-2022-24674,0.00058,0.21988
CVE-2022-24675,0.00420,0.71603
CVE-2022-24676,0.00104,0.42382
CVE-2022-24677,0.00564,0.75449
CVE-2022-24678,0.00406,0.71151
CVE-2022-24679,0.00045,0.12491
CVE-2022-2468,0.00080,0.33488
CVE-2022-24680,0.00045,0.12491
CVE-2022-24681,0.00155,0.51848
CVE-2022-24682,0.01933,0.87438
CVE-2022-24683,0.00136,0.48980
CVE-2022-24684,0.00224,0.60780
CVE-2022-24685,0.00293,0.66016
CVE-2022-24686,0.00091,0.38109
CVE-2022-24687,0.00224,0.60780
CVE-2022-24688,0.00078,0.32131
CVE-2022-24689,0.00161,0.52772
CVE-2022-2469,0.00160,0.52610
CVE-2022-24690,0.00308,0.66933
CVE-2022-24691,0.00061,0.23988
CVE-2022-24692,0.00061,0.24185
CVE-2022-24693,0.00355,0.69210
CVE-2022-24694,0.00058,0.22585
CVE-2022-24695,0.00056,0.21135
CVE-2022-24696,0.00042,0.05722
CVE-2022-24697,0.05437,0.92447
CVE-2022-2470,0.00066,0.27216
CVE-2022-24700,0.00093,0.39001
CVE-2022-24701,0.00048,0.14460
CVE-2022-24702,0.00267,0.64319
CVE-2022-24704,0.00226,0.60930
CVE-2022-24705,0.00226,0.60930
CVE-2022-24706,0.97384,0.99903
CVE-2022-24707,0.00367,0.69722
CVE-2022-24708,0.00050,0.16378
CVE-2022-24709,0.00078,0.32206
CVE-2022-2471,0.00299,0.66382
CVE-2022-24710,0.00096,0.39780
CVE-2022-24711,0.00195,0.57470
CVE-2022-24712,0.00132,0.48095
CVE-2022-24713,0.00357,0.69288
CVE-2022-24714,0.00071,0.29203
CVE-2022-24715,0.00294,0.66090
CVE-2022-24716,0.22439,0.96091
CVE-2022-24717,0.00078,0.32751
CVE-2022-24718,0.00067,0.27669
CVE-2022-24719,0.00091,0.38454
CVE-2022-2472,0.00042,0.05722
CVE-2022-24720,0.00282,0.65341
CVE-2022-24721,0.00115,0.45143
CVE-2022-24722,0.00111,0.44223
CVE-2022-24723,0.00096,0.39932
CVE-2022-24724,0.03939,0.91158
CVE-2022-24725,0.00113,0.44715
CVE-2022-24726,0.00121,0.46286
CVE-2022-24728,0.00158,0.52309
CVE-2022-24729,0.00302,0.66524
CVE-2022-2473,0.00976,0.81800
CVE-2022-24730,0.00065,0.27063
CVE-2022-24731,0.00065,0.27063
CVE-2022-24732,0.00104,0.42274
CVE-2022-24733,0.00155,0.51840
CVE-2022-24734,0.44418,0.97061
CVE-2022-24735,0.00218,0.59844
CVE-2022-24736,0.00064,0.26352
CVE-2022-24737,0.00167,0.53385
CVE-2022-24738,0.00150,0.51179
CVE-2022-24739,0.00078,0.32630
CVE-2022-2474,0.00042,0.05859
CVE-2022-24740,0.00104,0.42274
CVE-2022-24741,0.00188,0.56364
CVE-2022-24742,0.00074,0.30646
CVE-2022-24743,0.00080,0.33421
CVE-2022-24744,0.00054,0.20290
CVE-2022-24745,0.00072,0.29847
CVE-2022-24746,0.00071,0.29242
CVE-2022-24747,0.00071,0.29242
CVE-2022-24748,0.00062,0.24806
CVE-2022-24749,0.00099,0.40700
CVE-2022-2475,0.00074,0.30555
CVE-2022-24750,0.00042,0.05722
CVE-2022-24751,0.00116,0.45381
CVE-2022-24752,0.00184,0.55791
CVE-2022-24753,0.00044,0.10504
CVE-2022-24754,0.00253,0.63244
CVE-2022-24755,0.00281,0.65225
CVE-2022-24756,0.00211,0.59026
CVE-2022-24757,0.00133,0.48411
CVE-2022-24758,0.00150,0.51158
CVE-2022-24759,0.00099,0.40691
CVE-2022-2476,0.00054,0.19503
CVE-2022-24760,0.06451,0.93034
CVE-2022-24761,0.00211,0.59045
CVE-2022-24762,0.00106,0.42699
CVE-2022-24763,0.00429,0.71854
CVE-2022-24764,0.00220,0.60162
CVE-2022-24765,0.00046,0.13778
CVE-2022-24766,0.00191,0.56754
CVE-2022-24767,0.00089,0.37299
CVE-2022-24768,0.00133,0.48422
CVE-2022-24769,0.00092,0.38745
CVE-2022-2477,0.00185,0.55851
CVE-2022-24770,0.00212,0.59097
CVE-2022-24771,0.00062,0.24806
CVE-2022-24772,0.00072,0.29685
CVE-2022-24773,0.00071,0.29203
CVE-2022-24774,0.00120,0.46176
CVE-2022-24775,0.00095,0.39678
CVE-2022-24776,0.00071,0.29203
CVE-2022-24777,0.00087,0.36048
CVE-2022-24778,0.00341,0.68577
CVE-2022-2478,0.00420,0.71624
CVE-2022-24780,0.01897,0.87302
CVE-2022-24781,0.00060,0.23686
CVE-2022-24782,0.00060,0.23686
CVE-2022-24783,0.00197,0.57609
CVE-2022-24784,0.00071,0.29203
CVE-2022-24785,0.00330,0.68106
CVE-2022-24786,0.00400,0.70958
CVE-2022-24787,0.00062,0.24806
CVE-2022-24788,0.00154,0.51667
CVE-2022-24789,0.00067,0.27674
CVE-2022-2479,0.00116,0.45260
CVE-2022-24790,0.00473,0.73146
CVE-2022-24791,0.00213,0.59400
CVE-2022-24792,0.00237,0.61865
CVE-2022-24793,0.00305,0.66682
CVE-2022-24794,0.00061,0.24174
CVE-2022-24795,0.01003,0.82076
CVE-2022-24796,0.00490,0.73626
CVE-2022-24797,0.00176,0.54796
CVE-2022-24798,0.00114,0.44926
CVE-2022-24799,0.00071,0.29203
CVE-2022-2480,0.02605,0.89267
CVE-2022-24800,0.00405,0.71122
CVE-2022-24801,0.00743,0.78959
CVE-2022-24802,0.00212,0.59097
CVE-2022-24803,0.00350,0.68980
CVE-2022-24804,0.00061,0.24174
CVE-2022-2481,0.00466,0.72949
CVE-2022-24811,0.00062,0.24442
CVE-2022-24812,0.00205,0.58531
CVE-2022-24813,0.00071,0.29242
CVE-2022-24814,0.00082,0.33995
CVE-2022-24815,0.00163,0.52968
CVE-2022-24816,0.86507,0.98357
CVE-2022-24817,0.00090,0.38030
CVE-2022-24818,0.00140,0.49653
CVE-2022-24819,0.00068,0.28323
CVE-2022-2482,0.00042,0.00438
CVE-2022-24820,0.00068,0.28323
CVE-2022-24821,0.00070,0.28854
CVE-2022-24822,0.00170,0.54088
CVE-2022-24823,0.00044,0.08116
CVE-2022-24824,0.00091,0.38427
CVE-2022-24825,0.00058,0.21555
CVE-2022-24826,0.00076,0.31271
CVE-2022-24827,0.00173,0.54500
CVE-2022-24828,0.00252,0.63180
CVE-2022-24829,0.00213,0.59400
CVE-2022-2483,0.00042,0.05859
CVE-2022-24830,0.00418,0.71532
CVE-2022-24831,0.00180,0.55301
CVE-2022-24832,0.00147,0.50719
CVE-2022-24833,0.00070,0.28943
CVE-2022-24834,0.00329,0.68050
CVE-2022-24836,0.00546,0.75070
CVE-2022-24837,0.00071,0.29203
CVE-2022-24838,0.00158,0.52231
CVE-2022-24839,0.00194,0.57374
CVE-2022-2484,0.00042,0.00438
CVE-2022-24840,0.00286,0.65577
CVE-2022-24841,0.00063,0.25077
CVE-2022-24842,0.00223,0.60662
CVE-2022-24843,0.00126,0.47177
CVE-2022-24844,0.00098,0.40432
CVE-2022-24845,0.00194,0.57318
CVE-2022-24846,0.00121,0.46221
CVE-2022-24847,0.00098,0.40497
CVE-2022-24848,0.00253,0.63249
CVE-2022-24849,0.00150,0.51158
CVE-2022-2485,0.00131,0.48025
CVE-2022-24850,0.00054,0.20290
CVE-2022-24851,0.00081,0.33708
CVE-2022-24853,0.00113,0.44737
CVE-2022-24854,0.00146,0.50435
CVE-2022-24855,0.00050,0.16378
CVE-2022-24856,0.07548,0.93519
CVE-2022-24857,0.00139,0.49385
CVE-2022-24858,0.00103,0.41678
CVE-2022-24859,0.00071,0.29433
CVE-2022-2486,0.97301,0.99852
CVE-2022-24860,0.00615,0.76540
CVE-2022-24861,0.00661,0.77509
CVE-2022-24862,0.00061,0.24115
CVE-2022-24863,0.00163,0.53015
CVE-2022-24864,0.00060,0.23686
CVE-2022-24865,0.00106,0.42737
CVE-2022-24866,0.00050,0.16378
CVE-2022-24867,0.00133,0.48411
CVE-2022-24868,0.00050,0.16378
CVE-2022-24869,0.00073,0.30267
CVE-2022-2487,0.97404,0.99918
CVE-2022-24870,0.00062,0.24442
CVE-2022-24871,0.00103,0.41725
CVE-2022-24872,0.00103,0.41725
CVE-2022-24873,0.00089,0.37463
CVE-2022-24875,0.00133,0.48411
CVE-2022-24876,0.00050,0.16378
CVE-2022-24877,0.00090,0.37856
CVE-2022-24878,0.00080,0.33454
CVE-2022-24879,0.00061,0.24094
CVE-2022-2488,0.97392,0.99910
CVE-2022-24880,0.00081,0.33521
CVE-2022-24881,0.01011,0.82133
CVE-2022-24882,0.00308,0.66915
CVE-2022-24883,0.00456,0.72684
CVE-2022-24884,0.00277,0.64947
CVE-2022-24885,0.00061,0.24013
CVE-2022-24886,0.00047,0.13943
CVE-2022-24887,0.00079,0.32893
CVE-2022-24888,0.00153,0.51523
CVE-2022-24889,0.00099,0.40700
CVE-2022-2489,0.00080,0.33488
CVE-2022-24890,0.00126,0.47084
CVE-2022-24891,0.00184,0.55773
CVE-2022-24892,0.00265,0.64256
CVE-2022-24893,0.00088,0.36831
CVE-2022-24894,0.00073,0.30322
CVE-2022-24895,0.00073,0.30165
CVE-2022-24896,0.00077,0.31667
CVE-2022-24897,0.00210,0.58944
CVE-2022-24898,0.00110,0.44013
CVE-2022-24899,0.00342,0.68613
CVE-2022-2490,0.00080,0.33488
CVE-2022-24900,0.00999,0.82039
CVE-2022-24901,0.00103,0.41791
CVE-2022-24902,0.00091,0.38427
CVE-2022-24903,0.10741,0.94585
CVE-2022-24904,0.00114,0.44955
CVE-2022-24905,0.00082,0.33975
CVE-2022-24906,0.00063,0.24955
CVE-2022-24907,0.00089,0.37252
CVE-2022-24908,0.00089,0.37252
CVE-2022-2491,0.00080,0.33488
CVE-2022-24910,0.00099,0.40646
CVE-2022-24912,0.00146,0.50519
CVE-2022-24913,0.00045,0.12069
CVE-2022-24915,0.00187,0.56255
CVE-2022-24916,0.00138,0.49287
CVE-2022-24917,0.00097,0.40243
CVE-2022-24918,0.00065,0.27020
CVE-2022-24919,0.00097,0.40243
CVE-2022-2492,0.00085,0.35188
CVE-2022-24921,0.00186,0.55995
CVE-2022-24923,0.00042,0.05722
CVE-2022-24924,0.00063,0.25674
CVE-2022-24925,0.00076,0.31275
CVE-2022-24926,0.00048,0.14332
CVE-2022-24927,0.00124,0.46724
CVE-2022-24928,0.00044,0.10161
CVE-2022-24929,0.00044,0.10161
CVE-2022-2493,0.00220,0.59977
CVE-2022-24930,0.00048,0.14768
CVE-2022-24931,0.00044,0.10161
CVE-2022-24932,0.00044,0.10727
CVE-2022-24934,0.00883,0.80787
CVE-2022-24935,0.00091,0.38471
CVE-2022-24936,0.00077,0.31717
CVE-2022-24937,0.00131,0.47975
CVE-2022-24938,0.00062,0.24250
CVE-2022-24939,0.00050,0.16034
CVE-2022-2494,0.02069,0.87913
CVE-2022-24942,0.00472,0.73119
CVE-2022-24946,0.00292,0.65967
CVE-2022-24947,0.00091,0.38651
CVE-2022-24948,0.00272,0.64641
CVE-2022-24949,0.00058,0.21963
CVE-2022-2495,0.00051,0.17233
CVE-2022-24950,0.00153,0.51534
CVE-2022-24951,0.00042,0.05722
CVE-2022-24952,0.00065,0.26870
CVE-2022-24953,0.00061,0.24174
CVE-2022-24954,0.00214,0.59505
CVE-2022-24955,0.00201,0.58090
CVE-2022-24956,0.00078,0.32612
CVE-2022-24957,0.00053,0.18833
CVE-2022-24958,0.00045,0.11966
CVE-2022-24959,0.00045,0.11966
CVE-2022-24960,0.00068,0.28059
CVE-2022-24961,0.00217,0.59768
CVE-2022-24963,0.02566,0.89182
CVE-2022-24967,0.00054,0.20290
CVE-2022-24968,0.00079,0.33063
CVE-2022-24969,0.00137,0.49045
CVE-2022-2497,0.00080,0.33250
CVE-2022-24971,0.01128,0.83168
CVE-2022-24972,0.00046,0.12705
CVE-2022-24973,0.00051,0.17029
CVE-2022-24974,0.00072,0.29847
CVE-2022-24975,0.00224,0.60728
CVE-2022-24976,0.00135,0.48834
CVE-2022-24977,0.01278,0.84308
CVE-2022-24978,0.00160,0.52622
CVE-2022-24979,0.00083,0.34426
CVE-2022-2498,0.00088,0.37159
CVE-2022-24980,0.00158,0.52341
CVE-2022-24981,0.00102,0.41532
CVE-2022-24982,0.00200,0.57962
CVE-2022-24983,0.00916,0.81173
CVE-2022-24984,0.02234,0.88446
CVE-2022-24985,0.00442,0.72288
CVE-2022-24986,0.00044,0.10161
CVE-2022-24988,0.00226,0.60930
CVE-2022-24989,0.00324,0.67749
CVE-2022-2499,0.00079,0.32939
CVE-2022-24990,0.91953,0.98748
CVE-2022-24992,0.00278,0.65058
CVE-2022-24995,0.00234,0.61568
CVE-2022-24999,0.00835,0.80249
CVE-2022-2500,0.00113,0.44739
CVE-2022-25003,0.00177,0.54909
CVE-2022-25004,0.00177,0.54917
CVE-2022-25008,0.00156,0.51904
CVE-2022-2501,0.00158,0.52265
CVE-2022-25010,0.00152,0.51511
CVE-2022-25012,0.00075,0.30910
CVE-2022-25013,0.00078,0.32739
CVE-2022-25014,0.00078,0.32739
CVE-2022-25015,0.00058,0.22585
CVE-2022-25016,0.00298,0.66351
CVE-2022-25017,0.00277,0.64976
CVE-2022-25018,0.00989,0.81956
CVE-2022-2502,0.00046,0.13740
CVE-2022-25020,0.00099,0.40760
CVE-2022-25022,0.00123,0.46654
CVE-2022-25023,0.00192,0.56914
CVE-2022-25024,0.00055,0.20401
CVE-2022-25026,0.00268,0.64440
CVE-2022-25027,0.00157,0.52087
CVE-2022-25028,0.00078,0.32739
CVE-2022-2503,0.00042,0.05722
CVE-2022-25031,0.00044,0.10161
CVE-2022-2504,0.00089,0.37298
CVE-2022-25041,0.00160,0.52517
CVE-2022-25044,0.00074,0.30513
CVE-2022-25045,0.00230,0.61290
CVE-2022-25046,0.01266,0.84245
CVE-2022-25047,0.00078,0.32649
CVE-2022-25048,0.00252,0.63195
CVE-2022-2505,0.00115,0.45216
CVE-2022-25050,0.00094,0.39267
CVE-2022-25051,0.00066,0.27265
CVE-2022-25060,0.01702,0.86474
CVE-2022-25061,0.01702,0.86474
CVE-2022-25062,0.00441,0.72260
CVE-2022-25064,0.01034,0.82344
CVE-2022-25069,0.00361,0.69469
CVE-2022-2507,0.00046,0.13740
CVE-2022-25072,0.00172,0.54268
CVE-2022-25073,0.00172,0.54268
CVE-2022-25074,0.00172,0.54268
CVE-2022-25075,0.00365,0.69646
CVE-2022-25076,0.00365,0.69646
CVE-2022-25077,0.00365,0.69646
CVE-2022-25078,0.00365,0.69646
CVE-2022-25079,0.00365,0.69646
CVE-2022-2508,0.00063,0.25287
CVE-2022-25080,0.00365,0.69646
CVE-2022-25081,0.00365,0.69646
CVE-2022-25082,0.04170,0.91384
CVE-2022-25083,0.00365,0.69646
CVE-2022-25084,0.00365,0.69646
CVE-2022-25089,0.05842,0.92686
CVE-2022-2509,0.00128,0.47438
CVE-2022-25090,0.05343,0.92372
CVE-2022-25091,0.00062,0.24550
CVE-2022-25094,0.01667,0.86355
CVE-2022-25095,0.01098,0.82924
CVE-2022-25096,0.00499,0.73851
CVE-2022-25098,0.00091,0.38389
CVE-2022-25099,0.00085,0.35300
CVE-2022-2510,0.00070,0.28928
CVE-2022-25101,0.00085,0.35300
CVE-2022-25104,0.00205,0.58568
CVE-2022-25106,0.00082,0.34198
CVE-2022-25108,0.00052,0.17725
CVE-2022-2511,0.00070,0.28928
CVE-2022-25114,0.00078,0.32739
CVE-2022-25115,0.00129,0.47597
CVE-2022-2512,0.00077,0.32072
CVE-2022-25125,0.02266,0.88534
CVE-2022-2513,0.00043,0.06775
CVE-2022-25130,0.14009,0.95196
CVE-2022-25131,0.14009,0.95196
CVE-2022-25132,0.14009,0.95196
CVE-2022-25133,0.14009,0.95196
CVE-2022-25134,0.14009,0.95196
CVE-2022-25135,0.14009,0.95196
CVE-2022-25136,0.14009,0.95196
CVE-2022-25137,0.14009,0.95196
CVE-2022-25138,0.00058,0.22585
CVE-2022-25139,0.00240,0.62115
CVE-2022-2514,0.00066,0.27216
CVE-2022-25146,0.00072,0.29679
CVE-2022-25147,0.00126,0.47129
CVE-2022-25148,0.35726,0.96767
CVE-2022-25149,0.34697,0.96730
CVE-2022-2515,0.00068,0.27930
CVE-2022-25150,0.00044,0.10161
CVE-2022-25151,0.00176,0.54806
CVE-2022-25152,0.00124,0.46846
CVE-2022-25153,0.00044,0.10161
CVE-2022-25154,0.00042,0.05722
CVE-2022-25155,0.00421,0.71642
CVE-2022-25156,0.00421,0.71642
CVE-2022-25157,0.00198,0.57717
CVE-2022-25158,0.00188,0.56362
CVE-2022-25159,0.00421,0.71642
CVE-2022-2516,0.00048,0.14636
CVE-2022-25160,0.00179,0.55160
CVE-2022-25161,0.00649,0.77235
CVE-2022-25162,0.00151,0.51338
CVE-2022-25163,0.00336,0.68398
CVE-2022-25164,0.01145,0.83305
CVE-2022-25165,0.00048,0.14460
CVE-2022-25166,0.00048,0.14460
CVE-2022-25167,0.00283,0.65389
CVE-2022-25168,0.00405,0.71097
CVE-2022-25169,0.00055,0.20315
CVE-2022-2517,0.00053,0.18436
CVE-2022-25170,0.00140,0.49683
CVE-2022-25171,0.00093,0.39160
CVE-2022-25172,0.00101,0.41119
CVE-2022-25173,0.00097,0.40142
CVE-2022-25174,0.00118,0.45658
CVE-2022-25175,0.00118,0.45658
CVE-2022-25176,0.00065,0.26756
CVE-2022-25177,0.00065,0.26756
CVE-2022-25178,0.00065,0.27063
CVE-2022-25179,0.00065,0.26756
CVE-2022-2518,0.00104,0.42290
CVE-2022-25180,0.00054,0.19618
CVE-2022-25181,0.00105,0.42575
CVE-2022-25182,0.00104,0.42287
CVE-2022-25183,0.00104,0.42296
CVE-2022-25184,0.00065,0.26756
CVE-2022-25185,0.00054,0.19618
CVE-2022-25186,0.00065,0.26756
CVE-2022-25187,0.00065,0.26756
CVE-2022-25188,0.00063,0.24927
CVE-2022-25189,0.00054,0.19618
CVE-2022-2519,0.00077,0.31653
CVE-2022-25190,0.00054,0.19618
CVE-2022-25191,0.00054,0.19618
CVE-2022-25192,0.00075,0.30903
CVE-2022-25193,0.00065,0.26756
CVE-2022-25194,0.00075,0.30903
CVE-2022-25195,0.00054,0.19618
CVE-2022-25196,0.00054,0.19618
CVE-2022-25197,0.00065,0.26756
CVE-2022-25198,0.00075,0.30903
CVE-2022-25199,0.00087,0.36023
CVE-2022-2520,0.00077,0.31653
CVE-2022-25200,0.00079,0.33092
CVE-2022-25201,0.00065,0.26756
CVE-2022-25202,0.00054,0.19618
CVE-2022-25203,0.00054,0.19618
CVE-2022-25204,0.00054,0.19618
CVE-2022-25205,0.00075,0.30903
CVE-2022-25206,0.00087,0.36023
CVE-2022-25207,0.00079,0.33092
CVE-2022-25208,0.00104,0.42231
CVE-2022-25209,0.00104,0.42231
CVE-2022-2521,0.00077,0.31653
CVE-2022-25210,0.00065,0.26756
CVE-2022-25211,0.00104,0.42231
CVE-2022-25212,0.00075,0.30903
CVE-2022-25213,0.00082,0.34066
CVE-2022-25214,0.00675,0.77788
CVE-2022-25215,0.00249,0.62868
CVE-2022-25216,0.01312,0.84543
CVE-2022-25217,0.00057,0.21265
CVE-2022-25218,0.00231,0.61296
CVE-2022-25219,0.00093,0.39196
CVE-2022-2522,0.00084,0.34805
CVE-2022-25220,0.00054,0.19309
CVE-2022-25221,0.00095,0.39559
CVE-2022-25222,0.00327,0.67942
CVE-2022-25223,0.00058,0.22585
CVE-2022-25224,0.00058,0.22585
CVE-2022-25225,0.00316,0.67372
CVE-2022-25226,0.00318,0.67485
CVE-2022-25227,0.00392,0.70691
CVE-2022-25228,0.00068,0.27973
CVE-2022-25229,0.00054,0.19309
CVE-2022-2523,0.00066,0.27216
CVE-2022-25230,0.00064,0.26402
CVE-2022-25231,0.00097,0.40201
CVE-2022-25234,0.00060,0.23234
CVE-2022-25235,0.01288,0.84399
CVE-2022-25236,0.02481,0.89031
CVE-2022-25237,0.31567,0.96599
CVE-2022-25238,0.00119,0.45973
CVE-2022-25241,0.00260,0.63834
CVE-2022-25242,0.00073,0.30411
CVE-2022-25243,0.00112,0.44367
CVE-2022-25244,0.00065,0.26756
CVE-2022-25245,0.00105,0.42534
CVE-2022-25246,0.00378,0.70149
CVE-2022-25247,0.00632,0.76896
CVE-2022-25248,0.00075,0.30857
CVE-2022-25249,0.00183,0.55662
CVE-2022-2525,0.00107,0.43228
CVE-2022-25250,0.00199,0.57834
CVE-2022-25251,0.00348,0.68894
CVE-2022-25252,0.00199,0.57834
CVE-2022-25255,0.00045,0.11966
CVE-2022-25256,0.00089,0.37659
CVE-2022-25258,0.00125,0.46953
CVE-2022-25259,0.00078,0.32206
CVE-2022-2526,0.00180,0.55345
CVE-2022-25260,0.00161,0.52726
CVE-2022-25261,0.00078,0.32206
CVE-2022-25262,0.00221,0.60385
CVE-2022-25263,0.00149,0.50931
CVE-2022-25264,0.00158,0.52341
CVE-2022-25265,0.00096,0.39897
CVE-2022-25266,0.00089,0.37467
CVE-2022-25267,0.00127,0.47237
CVE-2022-25268,0.00073,0.30411
CVE-2022-25269,0.00078,0.32206
CVE-2022-2527,0.00201,0.58001
CVE-2022-25270,0.00065,0.26756
CVE-2022-25271,0.00093,0.39116
CVE-2022-25273,0.00047,0.13955
CVE-2022-25274,0.00045,0.11801
CVE-2022-25275,0.00087,0.36261
CVE-2022-25276,0.00046,0.13740
CVE-2022-25277,0.00095,0.39753
CVE-2022-25278,0.00046,0.12619
CVE-2022-2528,0.00053,0.18436
CVE-2022-2529,0.00078,0.32333
CVE-2022-25290,0.00106,0.42947
CVE-2022-25291,0.00186,0.55931
CVE-2022-25292,0.00286,0.65606
CVE-2022-25293,0.00286,0.65606
CVE-2022-25294,0.00044,0.10161
CVE-2022-25295,0.00059,0.23145
CVE-2022-25296,0.00095,0.39559
CVE-2022-25297,0.00260,0.63828
CVE-2022-25298,0.00134,0.48569
CVE-2022-25299,0.00087,0.35938
CVE-2022-25301,0.00293,0.66016
CVE-2022-25302,0.00086,0.35826
CVE-2022-25303,0.00071,0.29363
CVE-2022-25304,0.00097,0.40201
CVE-2022-25305,0.00159,0.52492
CVE-2022-25306,0.00159,0.52492
CVE-2022-25307,0.00159,0.52492
CVE-2022-25308,0.00060,0.23299
CVE-2022-25309,0.00049,0.15168
CVE-2022-2531,0.00106,0.42705
CVE-2022-25310,0.00044,0.08101
CVE-2022-25311,0.00044,0.10161
CVE-2022-25312,0.00178,0.55132
CVE-2022-25313,0.00452,0.72582
CVE-2022-25314,0.00629,0.76845
CVE-2022-25315,0.01422,0.85175
CVE-2022-25317,0.00078,0.32206
CVE-2022-25318,0.00050,0.16378
CVE-2022-25319,0.00079,0.32893
CVE-2022-2532,0.00091,0.38465
CVE-2022-25320,0.00061,0.24174
CVE-2022-25321,0.00094,0.39344
CVE-2022-25322,0.00170,0.53970
CVE-2022-25323,0.00115,0.45114
CVE-2022-25324,0.00088,0.37038
CVE-2022-25325,0.00064,0.26402
CVE-2022-25326,0.00044,0.10161
CVE-2022-25327,0.00042,0.05722
CVE-2022-25328,0.00042,0.05844
CVE-2022-25329,0.00382,0.70311
CVE-2022-2533,0.00169,0.53913
CVE-2022-25330,0.00681,0.77930
CVE-2022-25331,0.00203,0.58329
CVE-2022-25332,0.00043,0.06775
CVE-2022-25333,0.00042,0.05722
CVE-2022-25334,0.00042,0.05722
CVE-2022-25335,0.00153,0.51533
CVE-2022-25336,0.00072,0.29847
CVE-2022-25337,0.00201,0.58090
CVE-2022-25338,0.00062,0.24373
CVE-2022-25339,0.00042,0.05722
CVE-2022-2534,0.00075,0.31049
CVE-2022-25342,0.00067,0.27742
CVE-2022-25343,0.00092,0.38919
CVE-2022-25344,0.00078,0.32739
CVE-2022-25345,0.00088,0.37038
CVE-2022-25347,0.00081,0.33875
CVE-2022-25348,0.00076,0.31271
CVE-2022-25349,0.00080,0.33350
CVE-2022-2535,0.00263,0.64060
CVE-2022-25350,0.00045,0.12361
CVE-2022-25352,0.00240,0.62115
CVE-2022-25354,0.00240,0.62115
CVE-2022-25355,0.00103,0.41691
CVE-2022-25356,0.00425,0.71755
CVE-2022-25357,0.00070,0.28928
CVE-2022-25358,0.00070,0.28951
CVE-2022-25359,0.02661,0.89378
CVE-2022-2536,0.00766,0.79293
CVE-2022-25360,0.00220,0.60015
CVE-2022-25361,0.00207,0.58656
CVE-2022-25363,0.00090,0.37751
CVE-2022-25364,0.00221,0.60385
CVE-2022-25365,0.00044,0.10161
CVE-2022-25366,0.00044,0.10161
CVE-2022-25368,0.00056,0.21022
CVE-2022-2537,0.00082,0.34119
CVE-2022-25370,0.00361,0.69463
CVE-2022-25371,0.01427,0.85201
CVE-2022-25372,0.00042,0.05722
CVE-2022-25373,0.00068,0.27923
CVE-2022-25374,0.00158,0.52341
CVE-2022-25375,0.00049,0.15003
CVE-2022-2538,0.00082,0.34119
CVE-2022-25389,0.00150,0.51158
CVE-2022-2539,0.00075,0.31049
CVE-2022-25390,0.00273,0.64696
CVE-2022-25393,0.00180,0.55264
CVE-2022-25394,0.00172,0.54442
CVE-2022-25395,0.00190,0.56595
CVE-2022-25396,0.00172,0.54442
CVE-2022-25398,0.00172,0.54442
CVE-2022-25399,0.00172,0.54442
CVE-2022-2540,0.00104,0.42348
CVE-2022-25401,0.00205,0.58568
CVE-2022-25402,0.00213,0.59277
CVE-2022-25403,0.00172,0.54442
CVE-2022-25404,0.00163,0.53007
CVE-2022-25405,0.00163,0.53007
CVE-2022-25406,0.00163,0.53007
CVE-2022-25407,0.00058,0.22585
CVE-2022-25408,0.00058,0.22585
CVE-2022-25409,0.00058,0.22585
CVE-2022-2541,0.00091,0.38408
CVE-2022-25410,0.00058,0.22585
CVE-2022-25411,0.00412,0.71342
CVE-2022-25412,0.00068,0.28146
CVE-2022-25413,0.00058,0.22585
CVE-2022-25414,0.00234,0.61568
CVE-2022-25417,0.00234,0.61568
CVE-2022-25418,0.00234,0.61568
CVE-2022-2542,0.00091,0.38408
CVE-2022-25420,0.00384,0.70356
CVE-2022-25427,0.00208,0.58768
CVE-2022-25428,0.00208,0.58768
CVE-2022-25429,0.00208,0.58768
CVE-2022-2543,0.00120,0.46167
CVE-2022-25431,0.00208,0.58768
CVE-2022-25433,0.00208,0.58768
CVE-2022-25434,0.00208,0.58768
CVE-2022-25435,0.00208,0.58768
CVE-2022-25437,0.00208,0.58768
CVE-2022-25438,0.00413,0.71384
CVE-2022-25439,0.00208,0.58768
CVE-2022-2544,0.00775,0.79449
CVE-2022-25440,0.00208,0.58768
CVE-2022-25441,0.00413,0.71384
CVE-2022-25445,0.00234,0.61568
CVE-2022-25446,0.00234,0.61568
CVE-2022-25447,0.00234,0.61568
CVE-2022-25448,0.00234,0.61568
CVE-2022-25449,0.00234,0.61568
CVE-2022-25450,0.00234,0.61568
CVE-2022-25451,0.00234,0.61568
CVE-2022-25452,0.00234,0.61568
CVE-2022-25453,0.00234,0.61568
CVE-2022-25454,0.00234,0.61568
CVE-2022-25455,0.00234,0.61568
CVE-2022-25456,0.00234,0.61568
CVE-2022-25457,0.00234,0.61568
CVE-2022-25458,0.00234,0.61568
CVE-2022-25459,0.00234,0.61568
CVE-2022-2546,0.00165,0.53204
CVE-2022-25460,0.00234,0.61568
CVE-2022-25461,0.00234,0.61568
CVE-2022-25462,0.00072,0.29919
CVE-2022-25464,0.00058,0.22585
CVE-2022-25465,0.00081,0.33577
CVE-2022-2547,0.00178,0.55127
CVE-2022-25471,0.00155,0.51830
CVE-2022-25481,0.01311,0.84537
CVE-2022-25484,0.00051,0.17017
CVE-2022-25485,0.00648,0.77191
CVE-2022-25486,0.01775,0.86749
CVE-2022-25487,0.86029,0.98329
CVE-2022-25488,0.02031,0.87783
CVE-2022-25489,0.00134,0.48540
CVE-2022-2549,0.00055,0.20462
CVE-2022-25490,0.00172,0.54442
CVE-2022-25491,0.00180,0.55264
CVE-2022-25492,0.00172,0.54442
CVE-2022-25493,0.00078,0.32739
CVE-2022-25494,0.00172,0.54442
CVE-2022-25495,0.00250,0.63021
CVE-2022-25497,0.00508,0.74122
CVE-2022-25498,0.00460,0.72793
CVE-2022-2550,0.00164,0.53069
CVE-2022-25505,0.00172,0.54442
CVE-2022-25506,0.00076,0.31357
CVE-2022-25507,0.00058,0.22585
CVE-2022-25508,0.00110,0.43990
CVE-2022-2551,0.74810,0.97895
CVE-2022-25510,0.00103,0.41718
CVE-2022-25511,0.00058,0.22585
CVE-2022-25512,0.00205,0.58568
CVE-2022-25514,0.00098,0.40477
CVE-2022-25515,0.00104,0.41992
CVE-2022-25516,0.00104,0.41992
CVE-2022-25517,0.00172,0.54442
CVE-2022-25518,0.00065,0.26756
CVE-2022-2552,0.01996,0.87658
CVE-2022-25521,0.00262,0.63999
CVE-2022-25523,0.00157,0.52201
CVE-2022-2553,0.00119,0.45913
CVE-2022-2554,0.00058,0.22625
CVE-2022-25546,0.00117,0.45605
CVE-2022-25547,0.00117,0.45605
CVE-2022-25548,0.00117,0.45605
CVE-2022-25549,0.00117,0.45605
CVE-2022-2555,0.00059,0.23007
CVE-2022-25550,0.00117,0.45605
CVE-2022-25551,0.00117,0.45605
CVE-2022-25552,0.00117,0.45605
CVE-2022-25553,0.00117,0.45605
CVE-2022-25554,0.00117,0.45605
CVE-2022-25555,0.00117,0.45605
CVE-2022-25556,0.00117,0.45605
CVE-2022-25557,0.00117,0.45605
CVE-2022-25558,0.00117,0.45605
CVE-2022-2556,0.00056,0.20979
CVE-2022-25560,0.00117,0.45605
CVE-2022-25561,0.00117,0.45605
CVE-2022-25566,0.00117,0.45605
CVE-2022-25568,0.01838,0.87045
CVE-2022-25569,0.00386,0.70471
CVE-2022-2557,0.00078,0.32124
CVE-2022-25570,0.00067,0.27742
CVE-2022-25571,0.00189,0.56448
CVE-2022-25574,0.00054,0.20290
CVE-2022-25575,0.00078,0.32739
CVE-2022-25576,0.00053,0.18833
CVE-2022-25577,0.00246,0.62688
CVE-2022-25578,0.00141,0.49790
CVE-2022-2558,0.00091,0.38465
CVE-2022-25581,0.00075,0.31083
CVE-2022-25582,0.00058,0.22585
CVE-2022-25584,0.00205,0.58568
CVE-2022-25585,0.00058,0.22585
CVE-2022-2559,0.00072,0.29591
CVE-2022-25590,0.00129,0.47657
CVE-2022-25591,0.00523,0.74497
CVE-2022-25594,0.00136,0.49009
CVE-2022-25595,0.00050,0.16871
CVE-2022-25596,0.00073,0.30179
CVE-2022-25597,0.00049,0.14987
CVE-2022-25598,0.00179,0.55177
CVE-2022-25599,0.00052,0.18167
CVE-2022-2560,0.01521,0.85705
CVE-2022-25600,0.00126,0.47122
CVE-2022-25601,0.00159,0.52501
CVE-2022-25602,0.00104,0.42231
CVE-2022-25603,0.00054,0.20290
CVE-2022-25604,0.00054,0.20290
CVE-2022-25605,0.00054,0.20290
CVE-2022-25606,0.00050,0.16378
CVE-2022-25607,0.00087,0.36089
CVE-2022-25608,0.00052,0.18167
CVE-2022-25609,0.00054,0.20290
CVE-2022-2561,0.00096,0.39932
CVE-2022-25610,0.00061,0.24174
CVE-2022-25611,0.00050,0.16378
CVE-2022-25612,0.00050,0.16378
CVE-2022-25613,0.00050,0.16378
CVE-2022-25614,0.00053,0.18302
CVE-2022-25615,0.00053,0.18302
CVE-2022-25617,0.00078,0.32206
CVE-2022-25618,0.00050,0.16378
CVE-2022-25619,0.00044,0.10161
CVE-2022-25620,0.00104,0.42283
CVE-2022-25621,0.00366,0.69677
CVE-2022-25622,0.00089,0.37607
CVE-2022-25623,0.00045,0.11828
CVE-2022-25625,0.00097,0.40244
CVE-2022-25626,0.00069,0.28744
CVE-2022-25627,0.00049,0.15142
CVE-2022-25628,0.00097,0.40244
CVE-2022-25629,0.00053,0.18257
CVE-2022-2563,0.00056,0.20979
CVE-2022-25630,0.00052,0.17662
CVE-2022-25631,0.00043,0.06775
CVE-2022-25634,0.00194,0.57368
CVE-2022-25635,0.00055,0.20528
CVE-2022-25636,0.00044,0.10362
CVE-2022-25638,0.00104,0.42351
CVE-2022-2564,0.00299,0.66363
CVE-2022-25640,0.00073,0.30380
CVE-2022-25641,0.00045,0.12206
CVE-2022-25642,0.00299,0.66372
CVE-2022-25643,0.00411,0.71305
CVE-2022-25644,0.00445,0.72377
CVE-2022-25645,0.00486,0.73532
CVE-2022-25646,0.00068,0.28210
CVE-2022-25647,0.00247,0.62757
CVE-2022-25648,0.00182,0.55595
CVE-2022-25649,0.00087,0.35937
CVE-2022-2565,0.00143,0.50120
CVE-2022-25650,0.00065,0.26756
CVE-2022-25651,0.00171,0.54152
CVE-2022-25652,0.00043,0.06775
CVE-2022-25653,0.00043,0.06775
CVE-2022-25654,0.00043,0.06775
CVE-2022-25655,0.00043,0.06775
CVE-2022-25656,0.00043,0.06775
CVE-2022-25657,0.00162,0.52912
CVE-2022-25658,0.00144,0.50254
CVE-2022-25659,0.00156,0.52045
CVE-2022-2566,0.00071,0.29432
CVE-2022-25660,0.00043,0.06775
CVE-2022-25661,0.00043,0.06775
CVE-2022-25662,0.00115,0.45025
CVE-2022-25663,0.00043,0.06775
CVE-2022-25664,0.00043,0.06775
CVE-2022-25665,0.00043,0.06775
CVE-2022-25666,0.00043,0.06775
CVE-2022-25667,0.00089,0.37426
CVE-2022-25668,0.00139,0.49404
CVE-2022-25669,0.00075,0.30823
CVE-2022-2567,0.00056,0.20979
CVE-2022-25670,0.00078,0.32333
CVE-2022-25671,0.00078,0.32333
CVE-2022-25672,0.00078,0.32333
CVE-2022-25673,0.00078,0.32333
CVE-2022-25674,0.00144,0.50254
CVE-2022-25675,0.00043,0.06775
CVE-2022-25676,0.00045,0.12206
CVE-2022-25677,0.00043,0.06775
CVE-2022-25678,0.00077,0.31825
CVE-2022-25679,0.00043,0.06775
CVE-2022-2568,0.00088,0.37184
CVE-2022-25680,0.00043,0.06775
CVE-2022-25681,0.00043,0.06775
CVE-2022-25682,0.00043,0.06775
CVE-2022-25685,0.00078,0.32333
CVE-2022-25686,0.00162,0.52912
CVE-2022-25687,0.00156,0.52045
CVE-2022-25688,0.00156,0.52045
CVE-2022-25689,0.00078,0.32333
CVE-2022-2569,0.00042,0.05859
CVE-2022-25690,0.00112,0.44589
CVE-2022-25691,0.00078,0.32333
CVE-2022-25692,0.00078,0.32333
CVE-2022-25693,0.00043,0.06775
CVE-2022-25694,0.00043,0.06775
CVE-2022-25695,0.00043,0.06775
CVE-2022-25696,0.00043,0.06775
CVE-2022-25697,0.00043,0.06775
CVE-2022-25698,0.00043,0.06775
CVE-2022-25702,0.00078,0.32333
CVE-2022-25705,0.00043,0.06775
CVE-2022-25706,0.00115,0.45025
CVE-2022-25708,0.00139,0.49404
CVE-2022-25709,0.00043,0.06775
CVE-2022-2571,0.00066,0.27219
CVE-2022-25710,0.00077,0.31712
CVE-2022-25711,0.00043,0.06775
CVE-2022-25712,0.00043,0.06775
CVE-2022-25713,0.00043,0.06775
CVE-2022-25715,0.00043,0.06775
CVE-2022-25716,0.00043,0.06775
CVE-2022-25717,0.00043,0.06775
CVE-2022-25718,0.00144,0.50254
CVE-2022-25719,0.00142,0.49918
CVE-2022-2572,0.00170,0.54075
CVE-2022-25720,0.00144,0.50254
CVE-2022-25721,0.00043,0.06775
CVE-2022-25722,0.00043,0.06775
CVE-2022-25723,0.00043,0.06775
CVE-2022-25724,0.00043,0.06775
CVE-2022-25725,0.00043,0.06775
CVE-2022-25726,0.00074,0.30551
CVE-2022-25727,0.00144,0.50254
CVE-2022-25728,0.00080,0.33288
CVE-2022-25729,0.00089,0.37687
CVE-2022-25730,0.00074,0.30551
CVE-2022-25731,0.00074,0.30551
CVE-2022-25732,0.00080,0.33288
CVE-2022-25733,0.00055,0.20446
CVE-2022-25734,0.00055,0.20446
CVE-2022-25735,0.00055,0.20446
CVE-2022-25736,0.00078,0.32333
CVE-2022-25737,0.00074,0.30551
CVE-2022-25738,0.00080,0.33288
CVE-2022-25739,0.00046,0.13740
CVE-2022-2574,0.00056,0.20979
CVE-2022-25740,0.00077,0.31825
CVE-2022-25741,0.00077,0.31712
CVE-2022-25742,0.00075,0.30823
CVE-2022-25743,0.00043,0.06775
CVE-2022-25745,0.00077,0.31825
CVE-2022-25746,0.00043,0.06775
CVE-2022-25747,0.00078,0.32281
CVE-2022-25748,0.00156,0.52045
CVE-2022-25749,0.00075,0.30823
CVE-2022-2575,0.00056,0.20979
CVE-2022-25750,0.00054,0.20300
CVE-2022-25751,0.00186,0.55986
CVE-2022-25752,0.00319,0.67506
CVE-2022-25753,0.00158,0.52230
CVE-2022-25754,0.00085,0.35314
CVE-2022-25755,0.00199,0.57804
CVE-2022-25756,0.00072,0.29847
CVE-2022-25757,0.00415,0.71466
CVE-2022-25758,0.00082,0.34124
CVE-2022-25759,0.09442,0.94202
CVE-2022-2576,0.00091,0.38637
CVE-2022-25760,0.00676,0.77815
CVE-2022-25761,0.00278,0.65037
CVE-2022-25762,0.00606,0.76339
CVE-2022-25763,0.00603,0.76279
CVE-2022-25765,0.23876,0.96187
CVE-2022-25766,0.00270,0.64538
CVE-2022-25767,0.00477,0.73242
CVE-2022-2577,0.00072,0.29641
CVE-2022-25772,0.00354,0.69136
CVE-2022-25778,0.00075,0.30903
CVE-2022-25779,0.00054,0.20290
CVE-2022-2578,0.00310,0.67011
CVE-2022-25780,0.00054,0.20290
CVE-2022-25781,0.00072,0.29847
CVE-2022-25782,0.00054,0.20290
CVE-2022-25783,0.00054,0.20290
CVE-2022-25784,0.00054,0.20290
CVE-2022-25785,0.00085,0.35408
CVE-2022-25786,0.00065,0.26756
CVE-2022-25787,0.00044,0.10161
CVE-2022-25788,0.00076,0.31150
CVE-2022-25789,0.00146,0.50575
CVE-2022-2579,0.00053,0.18436
CVE-2022-25790,0.00076,0.31150
CVE-2022-25791,0.00076,0.31150
CVE-2022-25792,0.00076,0.31150
CVE-2022-25793,0.00093,0.39085
CVE-2022-25794,0.00065,0.27105
CVE-2022-25795,0.00206,0.58609
CVE-2022-25796,0.00065,0.27105
CVE-2022-25797,0.00094,0.39362
CVE-2022-25799,0.00066,0.27216
CVE-2022-2580,0.00066,0.27219
CVE-2022-25800,0.00127,0.47351
CVE-2022-25801,0.00127,0.47351
CVE-2022-25802,0.00082,0.34030
CVE-2022-25803,0.00071,0.29126
CVE-2022-25804,0.00042,0.05722
CVE-2022-25805,0.00076,0.31357
CVE-2022-25806,0.00123,0.46620
CVE-2022-25807,0.00057,0.21265
CVE-2022-25809,0.00352,0.69073
CVE-2022-2581,0.00066,0.27219
CVE-2022-25810,0.00056,0.20979
CVE-2022-25811,0.00072,0.29641
CVE-2022-25812,0.00093,0.38952
CVE-2022-25813,0.00683,0.77973
CVE-2022-25814,0.00042,0.05722
CVE-2022-25815,0.00042,0.05722
CVE-2022-25816,0.00046,0.13837
CVE-2022-25817,0.00044,0.10161
CVE-2022-25818,0.00170,0.54121
CVE-2022-25819,0.00044,0.10161
CVE-2022-2582,0.00051,0.17233
CVE-2022-25820,0.00047,0.14185
CVE-2022-25821,0.00044,0.10161
CVE-2022-25822,0.00046,0.12575
CVE-2022-25823,0.00042,0.05722
CVE-2022-25824,0.00042,0.05722
CVE-2022-25825,0.00044,0.10161
CVE-2022-25826,0.00042,0.05722
CVE-2022-25827,0.00042,0.05722
CVE-2022-25828,0.00042,0.05722
CVE-2022-25829,0.00042,0.05722
CVE-2022-2583,0.00054,0.19178
CVE-2022-25830,0.00042,0.05722
CVE-2022-25831,0.00047,0.14185
CVE-2022-25832,0.00048,0.14695
CVE-2022-25833,0.00044,0.10161
CVE-2022-25834,0.00042,0.05722
CVE-2022-25836,0.00053,0.19001
CVE-2022-25837,0.00053,0.19001
CVE-2022-25838,0.00168,0.53807
CVE-2022-25839,0.00066,0.27165
CVE-2022-2584,0.00088,0.36991
CVE-2022-25841,0.00043,0.06775
CVE-2022-25842,0.01722,0.86565
CVE-2022-25844,0.01132,0.83204
CVE-2022-25845,0.02204,0.88349
CVE-2022-25847,0.00053,0.18466
CVE-2022-25848,0.00180,0.55345
CVE-2022-25849,0.00068,0.28174
CVE-2022-2585,0.00042,0.05758
CVE-2022-25850,0.00148,0.50784
CVE-2022-25851,0.00241,0.62163
CVE-2022-25852,0.00074,0.30544
CVE-2022-25853,0.00045,0.12361
CVE-2022-25854,0.00108,0.43415
CVE-2022-25855,0.00045,0.12361
CVE-2022-25856,0.00142,0.49980
CVE-2022-25857,0.00081,0.33740
CVE-2022-25858,0.00122,0.46405
CVE-2022-2586,0.00044,0.08000
CVE-2022-25860,0.01397,0.85057
CVE-2022-25862,0.00069,0.28703
CVE-2022-25863,0.00613,0.76506
CVE-2022-25864,0.00043,0.06775
CVE-2022-25865,0.00162,0.52905
CVE-2022-25866,0.00134,0.48581
CVE-2022-25867,0.00134,0.48604
CVE-2022-25869,0.00440,0.72238
CVE-2022-2587,0.00114,0.44907
CVE-2022-25871,0.00205,0.58568
CVE-2022-25872,0.00068,0.28323
CVE-2022-25873,0.00108,0.43345
CVE-2022-25875,0.00080,0.33350
CVE-2022-25876,0.00070,0.28978
CVE-2022-25878,0.00146,0.50438
CVE-2022-2588,0.00054,0.19352
CVE-2022-25880,0.00137,0.49064
CVE-2022-25881,0.00059,0.23004
CVE-2022-25882,0.00139,0.49476
CVE-2022-25883,0.00091,0.38534
CVE-2022-25885,0.00097,0.40235
CVE-2022-25887,0.00112,0.44505
CVE-2022-25888,0.00097,0.40201
CVE-2022-2589,0.00066,0.27216
CVE-2022-25890,0.00190,0.56649
CVE-2022-25891,0.00159,0.52511
CVE-2022-25892,0.00158,0.52254
CVE-2022-25893,0.00180,0.55308
CVE-2022-25894,0.01227,0.83950
CVE-2022-25895,0.00133,0.48390
CVE-2022-25896,0.00071,0.29203
CVE-2022-25897,0.00169,0.53835
CVE-2022-25898,0.00687,0.78042
CVE-2022-25899,0.00196,0.57526
CVE-2022-2590,0.00042,0.05722
CVE-2022-25900,0.00245,0.62587
CVE-2022-25901,0.00125,0.46923
CVE-2022-25903,0.00088,0.36931
CVE-2022-25904,0.00237,0.61852
CVE-2022-25905,0.00043,0.06775
CVE-2022-25906,0.00045,0.12361
CVE-2022-25907,0.00147,0.50671
CVE-2022-25908,0.00190,0.56649
CVE-2022-2591,0.00623,0.76730
CVE-2022-25912,0.01193,0.83693
CVE-2022-25914,0.01140,0.83266
CVE-2022-25915,0.00068,0.28059
CVE-2022-25916,0.00043,0.07685
CVE-2022-25917,0.00043,0.06775
CVE-2022-25918,0.00113,0.44636
CVE-2022-2592,0.00083,0.34390
CVE-2022-25921,0.00445,0.72377
CVE-2022-25922,0.00087,0.36465
CVE-2022-25923,0.00144,0.50193
CVE-2022-25926,0.00043,0.07685
CVE-2022-25927,0.00068,0.28076
CVE-2022-25929,0.00097,0.40191
CVE-2022-2593,0.00061,0.24207
CVE-2022-25931,0.00133,0.48348
CVE-2022-25932,0.00187,0.56249
CVE-2022-25936,0.00081,0.33764
CVE-2022-25937,0.00057,0.21344
CVE-2022-2594,0.00273,0.64740
CVE-2022-25940,0.00073,0.30152
CVE-2022-25942,0.00075,0.30774
CVE-2022-25943,0.00071,0.29169
CVE-2022-25946,0.00065,0.26756
CVE-2022-25948,0.00103,0.41572
CVE-2022-25949,0.00043,0.07361
CVE-2022-2595,0.00172,0.54307
CVE-2022-25952,0.00085,0.35527
CVE-2022-25959,0.00126,0.47218
CVE-2022-2596,0.00085,0.35219
CVE-2022-25962,0.00124,0.46697
CVE-2022-25966,0.00043,0.06775
CVE-2022-25967,0.00245,0.62623
CVE-2022-25969,0.00076,0.31271
CVE-2022-2597,0.00056,0.20979
CVE-2022-25972,0.00075,0.30774
CVE-2022-25973,0.00042,0.05722
CVE-2022-25976,0.00043,0.06775
CVE-2022-25978,0.00060,0.23301
CVE-2022-25979,0.00059,0.23153
CVE-2022-2598,0.00052,0.18142
CVE-2022-25980,0.00137,0.49064
CVE-2022-25986,0.00076,0.31282
CVE-2022-25987,0.00112,0.44588
CVE-2022-25989,0.00079,0.33095
CVE-2022-2599,0.00119,0.46008
CVE-2022-25990,0.00072,0.29847
CVE-2022-25992,0.00043,0.06775
CVE-2022-25995,0.00152,0.51512
CVE-2022-25996,0.00202,0.58215
CVE-2022-25999,0.00043,0.06775
CVE-2022-2600,0.00091,0.38465
CVE-2022-26002,0.00306,0.66754
CVE-2022-26006,0.00043,0.06775
CVE-2022-26007,0.00183,0.55652
CVE-2022-26009,0.00202,0.58215
CVE-2022-2601,0.00057,0.21251
CVE-2022-26013,0.00137,0.49064
CVE-2022-26017,0.00043,0.06775
CVE-2022-26019,0.00216,0.59662
CVE-2022-2602,0.00046,0.12522
CVE-2022-26020,0.00090,0.37810
CVE-2022-26022,0.00150,0.51018
CVE-2022-26023,0.00055,0.20522
CVE-2022-26024,0.00043,0.06775
CVE-2022-26026,0.00086,0.35887
CVE-2022-26028,0.00043,0.06775
CVE-2022-2603,0.00248,0.62842
CVE-2022-26032,0.00043,0.06775
CVE-2022-26034,0.00161,0.52726
CVE-2022-2604,0.00221,0.60219
CVE-2022-26041,0.00129,0.47566
CVE-2022-26042,0.00183,0.55652
CVE-2022-26043,0.00078,0.32649
CVE-2022-26045,0.00043,0.06775
CVE-2022-26047,0.00049,0.14855
CVE-2022-26049,0.00481,0.73370
CVE-2022-2605,0.00209,0.58850
CVE-2022-26051,0.00082,0.34183
CVE-2022-26052,0.00043,0.06775
CVE-2022-26054,0.00082,0.34183
CVE-2022-26057,0.00044,0.10161
CVE-2022-26059,0.00137,0.49064
CVE-2022-2606,0.00221,0.60219
CVE-2022-26061,0.00075,0.30774
CVE-2022-26062,0.00043,0.06775
CVE-2022-26065,0.00137,0.49064
CVE-2022-26067,0.00205,0.58568
CVE-2022-26068,0.00135,0.48648
CVE-2022-26069,0.00137,0.49064
CVE-2022-2607,0.00262,0.64005
CVE-2022-26070,0.00054,0.20290
CVE-2022-26071,0.00138,0.49372
CVE-2022-26073,0.00051,0.17017
CVE-2022-26074,0.00043,0.06775
CVE-2022-26075,0.00289,0.65734
CVE-2022-26076,0.00043,0.06775
CVE-2022-26077,0.00205,0.58568
CVE-2022-26078,0.00089,0.37607
CVE-2022-26079,0.00043,0.06775
CVE-2022-2608,0.00254,0.63290
CVE-2022-26080,0.00045,0.11801
CVE-2022-26081,0.00076,0.31271
CVE-2022-26082,0.00420,0.71603
CVE-2022-26085,0.01922,0.87401
CVE-2022-26086,0.00043,0.06775
CVE-2022-26088,0.00079,0.32905
CVE-2022-2609,0.00254,0.63290
CVE-2022-26090,0.00044,0.10161
CVE-2022-26091,0.00047,0.14022
CVE-2022-26092,0.00044,0.10161
CVE-2022-26093,0.00125,0.46987
CVE-2022-26094,0.00125,0.46987
CVE-2022-26095,0.00125,0.46987
CVE-2022-26096,0.00125,0.46987
CVE-2022-26097,0.00119,0.45888
CVE-2022-26098,0.00136,0.48913
CVE-2022-26099,0.00117,0.45546
CVE-2022-2610,0.00209,0.58850
CVE-2022-26100,0.00221,0.60385
CVE-2022-26101,0.00167,0.53448
CVE-2022-26102,0.00054,0.20290
CVE-2022-26103,0.00065,0.27095
CVE-2022-26104,0.00065,0.27095
CVE-2022-26105,0.00084,0.34802
CVE-2022-26106,0.00085,0.35452
CVE-2022-26107,0.00085,0.35452
CVE-2022-26108,0.00085,0.35452
CVE-2022-26109,0.00085,0.35452
CVE-2022-2611,0.00142,0.49968
CVE-2022-26110,0.00125,0.47077
CVE-2022-26111,0.00284,0.65438
CVE-2022-26112,0.00192,0.56853
CVE-2022-26113,0.00042,0.05722
CVE-2022-26114,0.00069,0.28744
CVE-2022-26115,0.00094,0.39422
CVE-2022-26116,0.00087,0.36089
CVE-2022-26117,0.00093,0.39019
CVE-2022-26118,0.00043,0.06775
CVE-2022-26119,0.00042,0.05722
CVE-2022-2612,0.00147,0.50676
CVE-2022-26120,0.00078,0.32150
CVE-2022-26121,0.00108,0.43412
CVE-2022-26122,0.00064,0.26338
CVE-2022-26124,0.00043,0.06775
CVE-2022-26125,0.00081,0.33577
CVE-2022-26126,0.00081,0.33884
CVE-2022-26127,0.00081,0.33577
CVE-2022-26128,0.00081,0.33577
CVE-2022-26129,0.00081,0.33577
CVE-2022-2613,0.00254,0.63290
CVE-2022-26130,0.00079,0.33173
CVE-2022-26131,0.00193,0.57259
CVE-2022-26133,0.00998,0.82033
CVE-2022-26134,0.97528,0.99991
CVE-2022-26135,0.00618,0.76624
CVE-2022-26136,0.00551,0.75161
CVE-2022-26137,0.00234,0.61577
CVE-2022-26138,0.96608,0.99550
CVE-2022-2614,0.00221,0.60219
CVE-2022-26143,0.05917,0.92735
CVE-2022-26144,0.00073,0.30263
CVE-2022-26146,0.00054,0.20290
CVE-2022-26147,0.00385,0.70426
CVE-2022-26148,0.15727,0.95445
CVE-2022-26149,0.01035,0.82348
CVE-2022-2615,0.00209,0.58850
CVE-2022-26151,0.00297,0.66287
CVE-2022-26155,0.00078,0.32206
CVE-2022-26156,0.00078,0.32206
CVE-2022-26157,0.00078,0.32206
CVE-2022-26158,0.00078,0.32206
CVE-2022-26159,0.00597,0.76149
CVE-2022-2616,0.00097,0.40078
CVE-2022-26169,0.00172,0.54442
CVE-2022-2617,0.00110,0.44026
CVE-2022-26170,0.00172,0.54442
CVE-2022-26171,0.00172,0.54442
CVE-2022-26173,0.00173,0.54500
CVE-2022-26174,0.00811,0.79950
CVE-2022-2618,0.00148,0.50865
CVE-2022-26180,0.00176,0.54790
CVE-2022-26181,0.00104,0.41986
CVE-2022-26183,0.00209,0.58916
CVE-2022-26184,0.00212,0.59097
CVE-2022-26186,0.44862,0.97079
CVE-2022-26187,0.44862,0.97079
CVE-2022-26188,0.44862,0.97079
CVE-2022-26189,0.44862,0.97079
CVE-2022-2619,0.00083,0.34240
CVE-2022-26197,0.00058,0.22585
CVE-2022-26198,0.00436,0.72116
CVE-2022-2620,0.00254,0.63290
CVE-2022-26201,0.00170,0.53970
CVE-2022-26205,0.00416,0.71493
CVE-2022-26206,0.11573,0.94781
CVE-2022-26207,0.11573,0.94781
CVE-2022-26208,0.01702,0.86476
CVE-2022-26209,0.11573,0.94781
CVE-2022-2621,0.00107,0.43274
CVE-2022-26210,0.11573,0.94781
CVE-2022-26211,0.11573,0.94781
CVE-2022-26212,0.11573,0.94781
CVE-2022-26213,0.11573,0.94781
CVE-2022-26214,0.01502,0.85605
CVE-2022-2622,0.00152,0.51445
CVE-2022-2623,0.00254,0.63290
CVE-2022-26233,0.00654,0.77331
CVE-2022-26235,0.00043,0.06775
CVE-2022-26236,0.00043,0.06775
CVE-2022-26237,0.00043,0.06775
CVE-2022-26238,0.00043,0.06775
CVE-2022-26239,0.00043,0.06775
CVE-2022-2624,0.00179,0.55176
CVE-2022-26240,0.00064,0.25824
CVE-2022-26243,0.00082,0.34141
CVE-2022-26244,0.00058,0.22585
CVE-2022-26245,0.00172,0.54442
CVE-2022-26246,0.00078,0.32739
CVE-2022-26247,0.00068,0.28325
CVE-2022-26249,0.00335,0.68364
CVE-2022-2625,0.00205,0.58478
CVE-2022-26250,0.00076,0.31164
CVE-2022-26251,0.00375,0.70003
CVE-2022-26252,0.00278,0.65012
CVE-2022-26254,0.00117,0.45540
CVE-2022-26255,0.00274,0.64777
CVE-2022-26258,0.45615,0.97104
CVE-2022-26259,0.00048,0.14460
CVE-2022-2626,0.00080,0.33488
CVE-2022-26260,0.00237,0.61897
CVE-2022-26263,0.00147,0.50640
CVE-2022-26265,0.00352,0.69073
CVE-2022-26266,0.00088,0.36822
CVE-2022-26267,0.00205,0.58568
CVE-2022-26268,0.00172,0.54442
CVE-2022-26269,0.00062,0.24337
CVE-2022-2627,0.00119,0.46008
CVE-2022-26271,0.00205,0.58568
CVE-2022-26272,0.01147,0.83321
CVE-2022-26273,0.00115,0.45157
CVE-2022-26276,0.00083,0.34406
CVE-2022-26278,0.00234,0.61568
CVE-2022-26279,0.00318,0.67454
CVE-2022-2628,0.00056,0.20979
CVE-2022-26280,0.00141,0.49802
CVE-2022-26281,0.00108,0.43410
CVE-2022-26283,0.00285,0.65487
CVE-2022-26284,0.00285,0.65487
CVE-2022-26285,0.00285,0.65487
CVE-2022-26289,0.00475,0.73195
CVE-2022-2629,0.00056,0.20979
CVE-2022-26290,0.00475,0.73195
CVE-2022-26291,0.00060,0.23585
CVE-2022-26293,0.00663,0.77569
CVE-2022-26295,0.00091,0.38085
CVE-2022-26296,0.00042,0.05722
CVE-2022-2630,0.00073,0.30186
CVE-2022-26300,0.00117,0.45605
CVE-2022-26301,0.00172,0.54442
CVE-2022-26302,0.00076,0.31271
CVE-2022-26303,0.00078,0.32649
CVE-2022-26305,0.00248,0.62800
CVE-2022-26306,0.00163,0.53004
CVE-2022-26307,0.00146,0.50528
CVE-2022-26308,0.00053,0.18436
CVE-2022-26309,0.00071,0.29269
CVE-2022-2631,0.00080,0.33488
CVE-2022-26310,0.00093,0.39019
CVE-2022-26311,0.00158,0.52341
CVE-2022-26313,0.00201,0.58090
CVE-2022-26314,0.00319,0.67506
CVE-2022-26315,0.00099,0.40580
CVE-2022-26317,0.00065,0.27084
CVE-2022-26318,0.03712,0.90911
CVE-2022-26319,0.00042,0.05722
CVE-2022-26320,0.00167,0.53408
CVE-2022-26325,0.00072,0.29847
CVE-2022-26326,0.00072,0.29847
CVE-2022-26329,0.00063,0.25287
CVE-2022-2633,0.02343,0.88705
CVE-2022-26330,0.00143,0.50015
CVE-2022-26331,0.00068,0.28132
CVE-2022-26332,0.00075,0.30782
CVE-2022-26334,0.00178,0.55117
CVE-2022-26335,0.00178,0.55117
CVE-2022-26336,0.00049,0.15160
CVE-2022-26337,0.00062,0.24373
CVE-2022-26338,0.00137,0.49064
CVE-2022-2634,0.00187,0.56222
CVE-2022-26340,0.00065,0.26756
CVE-2022-26341,0.00089,0.37248
CVE-2022-26342,0.00208,0.58798
CVE-2022-26343,0.00043,0.06775
CVE-2022-26344,0.00043,0.06775
CVE-2022-26345,0.00043,0.06775
CVE-2022-26346,0.00252,0.63173
CVE-2022-26348,0.00044,0.10161
CVE-2022-26349,0.00137,0.49064
CVE-2022-2635,0.00056,0.20979
CVE-2022-26352,0.97526,0.99990
CVE-2022-26353,0.00187,0.56284
CVE-2022-26354,0.00046,0.12736
CVE-2022-26355,0.00044,0.10161
CVE-2022-26356,0.00045,0.11966
CVE-2022-26357,0.00045,0.11966
CVE-2022-26358,0.00063,0.25782
CVE-2022-26359,0.00063,0.25782
CVE-2022-2636,0.00096,0.39801
CVE-2022-26360,0.00063,0.25782
CVE-2022-26361,0.00063,0.25782
CVE-2022-26362,0.00045,0.11966
CVE-2022-26363,0.00063,0.25782
CVE-2022-26364,0.00121,0.46371
CVE-2022-26365,0.00063,0.25782
CVE-2022-26366,0.00063,0.25721
CVE-2022-26367,0.00043,0.06775
CVE-2022-26368,0.00082,0.34183
CVE-2022-26369,0.00043,0.06775
CVE-2022-2637,0.00153,0.51532
CVE-2022-26370,0.00089,0.37607
CVE-2022-26372,0.00089,0.37607
CVE-2022-26373,0.00045,0.11839
CVE-2022-26374,0.00043,0.06775
CVE-2022-26375,0.00053,0.18436
CVE-2022-26376,0.00484,0.73479
CVE-2022-26377,0.00903,0.81038
CVE-2022-2638,0.00070,0.28965
CVE-2022-26380,0.00089,0.37607
CVE-2022-26381,0.00389,0.70548
CVE-2022-26382,0.00075,0.31076
CVE-2022-26383,0.00084,0.35139
CVE-2022-26384,0.00163,0.52962
CVE-2022-26385,0.00071,0.29215
CVE-2022-26386,0.00107,0.43203
CVE-2022-26387,0.00122,0.46526
CVE-2022-2639,0.00042,0.05722
CVE-2022-26390,0.00053,0.19079
CVE-2022-26392,0.00064,0.25824
CVE-2022-26393,0.00089,0.37248
CVE-2022-26394,0.00044,0.08224
CVE-2022-2640,0.00086,0.35620
CVE-2022-2641,0.00146,0.50568
CVE-2022-26413,0.00042,0.05844
CVE-2022-26414,0.00042,0.05722
CVE-2022-26415,0.00092,0.38813
CVE-2022-26417,0.00099,0.40568
CVE-2022-26419,0.00832,0.80220
CVE-2022-2642,0.00135,0.48776
CVE-2022-26420,0.00289,0.65734
CVE-2022-26421,0.00043,0.06775
CVE-2022-26423,0.00166,0.53303
CVE-2022-26425,0.00043,0.06775
CVE-2022-26426,0.00042,0.05722
CVE-2022-26427,0.00042,0.05722
CVE-2022-26428,0.00042,0.05722
CVE-2022-26429,0.00042,0.05722
CVE-2022-2643,0.00377,0.70098
CVE-2022-26430,0.00042,0.05722
CVE-2022-26431,0.00042,0.05722
CVE-2022-26432,0.00042,0.05722
CVE-2022-26433,0.00042,0.05722
CVE-2022-26434,0.00042,0.05722
CVE-2022-26435,0.00042,0.05722
CVE-2022-26436,0.00042,0.05722
CVE-2022-26437,0.00393,0.70728
CVE-2022-26438,0.00042,0.05722
CVE-2022-26439,0.00042,0.05722
CVE-2022-2644,0.00377,0.70098
CVE-2022-26440,0.00042,0.05722
CVE-2022-26441,0.00042,0.05722
CVE-2022-26442,0.00042,0.05722
CVE-2022-26443,0.00042,0.05722
CVE-2022-26444,0.00042,0.05722
CVE-2022-26445,0.00042,0.05722
CVE-2022-26446,0.00157,0.52190
CVE-2022-26447,0.00121,0.46215
CVE-2022-26448,0.00042,0.05722
CVE-2022-26449,0.00042,0.05722
CVE-2022-2645,0.00074,0.30476
CVE-2022-26450,0.00042,0.05722
CVE-2022-26451,0.00042,0.05722
CVE-2022-26452,0.00042,0.05722
CVE-2022-26453,0.00042,0.05722
CVE-2022-26454,0.00043,0.07409
CVE-2022-26455,0.00042,0.05722
CVE-2022-26456,0.00042,0.05722
CVE-2022-26457,0.00042,0.05722
CVE-2022-26458,0.00042,0.05722
CVE-2022-26459,0.00043,0.07409
CVE-2022-2646,0.00139,0.49491
CVE-2022-26460,0.00042,0.05722
CVE-2022-26461,0.00042,0.05722
CVE-2022-26462,0.00042,0.05722
CVE-2022-26463,0.00042,0.05722
CVE-2022-26464,0.00042,0.05722
CVE-2022-26465,0.00042,0.05722
CVE-2022-26466,0.00043,0.07409
CVE-2022-26467,0.00042,0.05722
CVE-2022-26468,0.00048,0.14308
CVE-2022-26469,0.00042,0.05722
CVE-2022-2647,0.00266,0.64305
CVE-2022-26470,0.00042,0.05722
CVE-2022-26471,0.00042,0.05722
CVE-2022-26472,0.00042,0.05722
CVE-2022-26473,0.00042,0.05722
CVE-2022-26474,0.00042,0.05722
CVE-2022-26475,0.00042,0.05722
CVE-2022-26476,0.00053,0.18903
CVE-2022-26477,0.00122,0.46463
CVE-2022-26479,0.00159,0.52368
CVE-2022-2648,0.00377,0.70098
CVE-2022-26481,0.00195,0.57473
CVE-2022-26482,0.00221,0.60291
CVE-2022-26483,0.00054,0.20290
CVE-2022-26484,0.00120,0.46183
CVE-2022-26485,0.01351,0.84773
CVE-2022-26486,0.00392,0.70709
CVE-2022-26488,0.00042,0.05722
CVE-2022-26490,0.00050,0.15960
CVE-2022-26491,0.00267,0.64352
CVE-2022-26493,0.00104,0.42231
CVE-2022-26494,0.00054,0.20290
CVE-2022-26495,0.00343,0.68647
CVE-2022-26496,0.00639,0.77034
CVE-2022-26497,0.00062,0.24442
CVE-2022-26498,0.02940,0.89852
CVE-2022-26499,0.00687,0.78044
CVE-2022-2650,0.00157,0.52119
CVE-2022-26500,0.05223,0.92283
CVE-2022-26501,0.02357,0.88742
CVE-2022-26503,0.00044,0.10366
CVE-2022-26504,0.00112,0.44292
CVE-2022-26505,0.00329,0.68036
CVE-2022-26507,0.00213,0.59400
CVE-2022-26508,0.00139,0.49424
CVE-2022-26509,0.00043,0.06775
CVE-2022-2651,0.01865,0.87142
CVE-2022-26510,0.00049,0.15143
CVE-2022-26511,0.00068,0.28059
CVE-2022-26512,0.00043,0.06775
CVE-2022-26513,0.00056,0.21064
CVE-2022-26514,0.00137,0.49064
CVE-2022-26516,0.00068,0.28098
CVE-2022-26517,0.00089,0.37607
CVE-2022-26518,0.00289,0.65734
CVE-2022-26519,0.00042,0.05722
CVE-2022-2652,0.00042,0.05859
CVE-2022-26520,0.00225,0.60853
CVE-2022-26521,0.01035,0.82348
CVE-2022-26526,0.00042,0.05722
CVE-2022-26527,0.00055,0.20528
CVE-2022-26528,0.00055,0.20528
CVE-2022-26529,0.00055,0.20528
CVE-2022-2653,0.00063,0.25289
CVE-2022-26530,0.00187,0.56164
CVE-2022-26531,0.00042,0.05722
CVE-2022-26532,0.00051,0.17102
CVE-2022-26533,0.00078,0.32739
CVE-2022-26534,0.00072,0.29919
CVE-2022-26536,0.00475,0.73195
CVE-2022-2654,0.00082,0.34119
CVE-2022-26546,0.00151,0.51239
CVE-2022-2655,0.00082,0.34119
CVE-2022-26555,0.00058,0.22585
CVE-2022-2656,0.00151,0.51252
CVE-2022-26562,0.01539,0.85787
CVE-2022-26563,0.00100,0.40796
CVE-2022-26564,0.00097,0.40162
CVE-2022-26565,0.00054,0.19309
CVE-2022-2657,0.00051,0.17162
CVE-2022-26572,0.00150,0.51158
CVE-2022-26573,0.00078,0.32739
CVE-2022-26579,0.00043,0.06775
CVE-2022-2658,0.00056,0.20979
CVE-2022-26580,0.00059,0.22826
CVE-2022-26581,0.00065,0.26814
CVE-2022-26582,0.00043,0.07443
CVE-2022-26585,0.00172,0.54442
CVE-2022-26588,0.00102,0.41524
CVE-2022-26589,0.00053,0.19044
CVE-2022-26591,0.00237,0.61902
CVE-2022-26592,0.00087,0.36569
CVE-2022-26593,0.00066,0.27429
CVE-2022-26594,0.00112,0.44364
CVE-2022-26595,0.00082,0.34183
CVE-2022-26596,0.00104,0.42018
CVE-2022-26597,0.00104,0.42018
CVE-2022-2660,0.00183,0.55624
CVE-2022-26605,0.00087,0.36582
CVE-2022-26607,0.01210,0.83831
CVE-2022-2661,0.00093,0.39019
CVE-2022-26612,0.01514,0.85661
CVE-2022-26613,0.00175,0.54747
CVE-2022-26615,0.00058,0.22585
CVE-2022-26616,0.00063,0.25786
CVE-2022-26619,0.00078,0.32649
CVE-2022-2662,0.00183,0.55663
CVE-2022-26624,0.00068,0.28323
CVE-2022-26627,0.00241,0.62192
CVE-2022-26628,0.00172,0.54442
CVE-2022-26629,0.00184,0.55732
CVE-2022-2663,0.00151,0.51277
CVE-2022-26630,0.00087,0.36582
CVE-2022-26631,0.00180,0.55301
CVE-2022-26632,0.00255,0.63478
CVE-2022-26633,0.00255,0.63478
CVE-2022-26634,0.00063,0.25208
CVE-2022-26635,0.00283,0.65421
CVE-2022-26639,0.00092,0.38761
CVE-2022-2664,0.00194,0.57362
CVE-2022-26640,0.00092,0.38761
CVE-2022-26641,0.00092,0.38761
CVE-2022-26642,0.00092,0.38761
CVE-2022-26643,0.00099,0.40721
CVE-2022-26644,0.00087,0.35933
CVE-2022-26645,0.06780,0.93218
CVE-2022-26646,0.00228,0.61100
CVE-2022-26647,0.00277,0.64946
CVE-2022-26648,0.00060,0.23660
CVE-2022-26649,0.00129,0.47662
CVE-2022-2665,0.00078,0.32150
CVE-2022-26650,0.00130,0.47793
CVE-2022-26651,0.00740,0.78912
CVE-2022-26652,0.00079,0.33107
CVE-2022-26653,0.00265,0.64200
CVE-2022-26654,0.00164,0.53109
CVE-2022-26655,0.00171,0.54252
CVE-2022-26656,0.00164,0.53109
CVE-2022-26657,0.00164,0.53109
CVE-2022-26659,0.00044,0.10161
CVE-2022-2666,0.00374,0.69989
CVE-2022-26660,0.00095,0.39657
CVE-2022-26661,0.00214,0.59479
CVE-2022-26662,0.00307,0.66832
CVE-2022-26665,0.00195,0.57464
CVE-2022-26666,0.00137,0.49064
CVE-2022-26667,0.00137,0.49064
CVE-2022-26668,0.00150,0.51182
CVE-2022-26669,0.00080,0.33357
CVE-2022-2667,0.00080,0.33488
CVE-2022-26670,0.00050,0.15983
CVE-2022-26671,0.00150,0.51182
CVE-2022-26672,0.00366,0.69659
CVE-2022-26673,0.00066,0.27429
CVE-2022-26674,0.00977,0.81812
CVE-2022-26675,0.00230,0.61211
CVE-2022-26676,0.00366,0.69659
CVE-2022-2668,0.00078,0.32110
CVE-2022-26688,0.00045,0.12491
CVE-2022-2669,0.00082,0.34119
CVE-2022-26690,0.00051,0.17428
CVE-2022-26691,0.00063,0.25782
CVE-2022-26693,0.00152,0.51511
CVE-2022-26694,0.00152,0.51511
CVE-2022-26696,0.00082,0.34034
CVE-2022-26697,0.00069,0.28528
CVE-2022-26698,0.00069,0.28528
CVE-2022-26699,0.00044,0.10345
CVE-2022-26700,0.00218,0.59846
CVE-2022-26701,0.00286,0.65612
CVE-2022-26702,0.00102,0.41570
CVE-2022-26703,0.00050,0.16871
CVE-2022-26704,0.00084,0.35111
CVE-2022-26706,0.00073,0.30269
CVE-2022-26707,0.00043,0.06775
CVE-2022-26708,0.00251,0.63144
CVE-2022-26709,0.00209,0.58901
CVE-2022-2671,0.00078,0.32150
CVE-2022-26710,0.00215,0.59556
CVE-2022-26711,0.01239,0.84052
CVE-2022-26712,0.00055,0.20607
CVE-2022-26714,0.00108,0.43507
CVE-2022-26715,0.00075,0.30862
CVE-2022-26716,0.00199,0.57827
CVE-2022-26717,0.00237,0.61853
CVE-2022-26718,0.00068,0.28059
CVE-2022-26719,0.00199,0.57827
CVE-2022-2672,0.00078,0.32150
CVE-2022-26720,0.00086,0.35770
CVE-2022-26721,0.00075,0.30862
CVE-2022-26722,0.00075,0.30862
CVE-2022-26723,0.00306,0.66754
CVE-2022-26724,0.00042,0.05722
CVE-2022-26725,0.00065,0.26867
CVE-2022-26726,0.00104,0.42309
CVE-2022-26727,0.00055,0.20607
CVE-2022-26728,0.00065,0.26779
CVE-2022-2673,0.00078,0.32150
CVE-2022-26730,0.00249,0.62895
CVE-2022-26731,0.00114,0.44814
CVE-2022-26736,0.00086,0.35770
CVE-2022-26737,0.00086,0.35770
CVE-2022-26738,0.00086,0.35770
CVE-2022-26739,0.00086,0.35770
CVE-2022-2674,0.00137,0.49189
CVE-2022-26740,0.00086,0.35770
CVE-2022-26741,0.00073,0.30179
CVE-2022-26742,0.00073,0.30179
CVE-2022-26743,0.00044,0.10161
CVE-2022-26744,0.00086,0.35770
CVE-2022-26745,0.00061,0.23842
CVE-2022-26746,0.00074,0.30570
CVE-2022-26747,0.00062,0.24373
CVE-2022-26748,0.00296,0.66213
CVE-2022-26749,0.00073,0.30179
CVE-2022-2675,0.00054,0.19473
CVE-2022-26750,0.00073,0.30179
CVE-2022-26751,0.00110,0.44075
CVE-2022-26752,0.00073,0.30179
CVE-2022-26753,0.00073,0.30179
CVE-2022-26754,0.00073,0.30179
CVE-2022-26755,0.00059,0.22851
CVE-2022-26756,0.00086,0.35770
CVE-2022-26757,0.00110,0.43930
CVE-2022-2676,0.00151,0.51252
CVE-2022-26760,0.00105,0.42673
CVE-2022-26761,0.00076,0.31271
CVE-2022-26762,0.00065,0.26814
CVE-2022-26763,0.00110,0.43960
CVE-2022-26764,0.00057,0.21546
CVE-2022-26765,0.00045,0.12312
CVE-2022-26766,0.00073,0.30160
CVE-2022-26767,0.00060,0.23528
CVE-2022-26768,0.00108,0.43507
CVE-2022-26769,0.00086,0.35770
CVE-2022-2677,0.00151,0.51252
CVE-2022-26770,0.00086,0.35770
CVE-2022-26771,0.00086,0.35770
CVE-2022-26772,0.00065,0.26849
CVE-2022-26773,0.01329,0.84637
CVE-2022-26774,0.00042,0.05722
CVE-2022-26775,0.00374,0.69971
CVE-2022-26776,0.00312,0.67103
CVE-2022-26777,0.00265,0.64200
CVE-2022-26778,0.00065,0.26756
CVE-2022-26779,0.00366,0.69668
CVE-2022-2678,0.00080,0.33488
CVE-2022-26780,0.00345,0.68774
CVE-2022-26781,0.00345,0.68774
CVE-2022-26782,0.00345,0.68774
CVE-2022-26783,0.01927,0.87419
CVE-2022-26784,0.00208,0.58743
CVE-2022-26785,0.01927,0.87419
CVE-2022-26786,0.00043,0.07315
CVE-2022-26787,0.00043,0.07315
CVE-2022-26788,0.00043,0.07315
CVE-2022-26789,0.00043,0.07315
CVE-2022-2679,0.00151,0.51252
CVE-2022-26790,0.00043,0.07315
CVE-2022-26791,0.00043,0.07315
CVE-2022-26792,0.00043,0.07315
CVE-2022-26793,0.00043,0.07315
CVE-2022-26794,0.00043,0.07315
CVE-2022-26795,0.00043,0.07315
CVE-2022-26796,0.00043,0.07315
CVE-2022-26797,0.00043,0.07315
CVE-2022-26798,0.00043,0.07315
CVE-2022-2680,0.00080,0.33488
CVE-2022-26801,0.00043,0.07315
CVE-2022-26802,0.00043,0.07315
CVE-2022-26803,0.00043,0.07315
CVE-2022-26804,0.00400,0.70976
CVE-2022-26805,0.00270,0.64533
CVE-2022-26806,0.00270,0.64533
CVE-2022-26807,0.00043,0.07315
CVE-2022-26808,0.00043,0.07315
CVE-2022-26809,0.01624,0.86202
CVE-2022-2681,0.00066,0.27216
CVE-2022-26810,0.00043,0.07315
CVE-2022-26811,0.01254,0.84148
CVE-2022-26812,0.01254,0.84148
CVE-2022-26813,0.01254,0.84148
CVE-2022-26814,0.00712,0.78469
CVE-2022-26815,0.01254,0.84148
CVE-2022-26816,0.01157,0.83402
CVE-2022-26817,0.00712,0.78469
CVE-2022-26818,0.00827,0.80152
CVE-2022-26819,0.00712,0.78469
CVE-2022-2682,0.00077,0.31952
CVE-2022-26820,0.00712,0.78469
CVE-2022-26821,0.00712,0.78469
CVE-2022-26822,0.00712,0.78469
CVE-2022-26823,0.01254,0.84148
CVE-2022-26824,0.01254,0.84148
CVE-2022-26825,0.01254,0.84148
CVE-2022-26826,0.01254,0.84148
CVE-2022-26827,0.00043,0.07315
CVE-2022-26828,0.00043,0.07315
CVE-2022-26829,0.00712,0.78469
CVE-2022-2683,0.00081,0.33706
CVE-2022-26830,0.00502,0.73967
CVE-2022-26831,0.00129,0.47645
CVE-2022-26832,0.00127,0.47315
CVE-2022-26833,0.03208,0.90254
CVE-2022-26834,0.00230,0.61251
CVE-2022-26835,0.00065,0.27063
CVE-2022-26836,0.00137,0.49064
CVE-2022-26837,0.00043,0.06775
CVE-2022-26838,0.00065,0.26805
CVE-2022-26839,0.00044,0.08189
CVE-2022-2684,0.00081,0.33706
CVE-2022-26840,0.00043,0.06775
CVE-2022-26841,0.00043,0.06775
CVE-2022-26842,0.00143,0.50056
CVE-2022-26843,0.00112,0.44588
CVE-2022-26844,0.00043,0.06775
CVE-2022-26845,0.00123,0.46656
CVE-2022-26846,0.00273,0.64694
CVE-2022-26847,0.00119,0.45858
CVE-2022-2685,0.00140,0.49652
CVE-2022-26850,0.00046,0.13850
CVE-2022-26851,0.00091,0.38389
CVE-2022-26852,0.00347,0.68832
CVE-2022-26854,0.00201,0.58090
CVE-2022-26855,0.00044,0.10161
CVE-2022-26856,0.00042,0.05722
CVE-2022-26857,0.00220,0.60015
CVE-2022-26858,0.00043,0.06775
CVE-2022-26859,0.00042,0.05722
CVE-2022-2686,0.00051,0.17233
CVE-2022-26860,0.00060,0.23520
CVE-2022-26861,0.00042,0.05722
CVE-2022-26862,0.00044,0.10161
CVE-2022-26863,0.00044,0.10161
CVE-2022-26864,0.00044,0.10161
CVE-2022-26865,0.00060,0.23639
CVE-2022-26866,0.00054,0.20290
CVE-2022-26867,0.00104,0.42231
CVE-2022-26868,0.00044,0.10504
CVE-2022-26869,0.00340,0.68542
CVE-2022-2687,0.00151,0.51252
CVE-2022-26870,0.00327,0.67887
CVE-2022-26871,0.16792,0.95571
CVE-2022-26872,0.00105,0.42673
CVE-2022-26873,0.00042,0.05722
CVE-2022-26874,0.00149,0.51014
CVE-2022-26877,0.00202,0.58250
CVE-2022-26878,0.00045,0.11966
CVE-2022-2688,0.00137,0.49189
CVE-2022-26884,0.00047,0.13972
CVE-2022-26885,0.00122,0.46498
CVE-2022-26887,0.00137,0.49064
CVE-2022-26888,0.00048,0.14685
CVE-2022-26889,0.00276,0.64907
CVE-2022-2689,0.00051,0.17233
CVE-2022-26890,0.00089,0.37607
CVE-2022-26891,0.00235,0.61682
CVE-2022-26894,0.00235,0.61682
CVE-2022-26895,0.00235,0.61682
CVE-2022-26896,0.00969,0.81742
CVE-2022-26897,0.00969,0.81742
CVE-2022-26898,0.01254,0.84148
CVE-2022-26899,0.00107,0.43274
CVE-2022-2690,0.00051,0.17233
CVE-2022-26900,0.00235,0.61682
CVE-2022-26901,0.00383,0.70321
CVE-2022-26903,0.00238,0.61912
CVE-2022-26904,0.00102,0.41251
CVE-2022-26905,0.00117,0.45513
CVE-2022-26907,0.00637,0.76974
CVE-2022-26908,0.00235,0.61682
CVE-2022-26909,0.00235,0.61682
CVE-2022-2691,0.00051,0.17233
CVE-2022-26910,0.00112,0.44600
CVE-2022-26911,0.01927,0.87419
CVE-2022-26912,0.00235,0.61682
CVE-2022-26913,0.00128,0.47495
CVE-2022-26914,0.00043,0.07315
CVE-2022-26915,0.00129,0.47645
CVE-2022-26916,0.00226,0.60920
CVE-2022-26917,0.00238,0.61912
CVE-2022-26918,0.00238,0.61912
CVE-2022-26919,0.00903,0.81034
CVE-2022-2692,0.00051,0.17233
CVE-2022-26920,0.00043,0.07315
CVE-2022-26921,0.00047,0.14022
CVE-2022-26923,0.10802,0.94597
CVE-2022-26924,0.00129,0.47645
CVE-2022-26925,0.91432,0.98691
CVE-2022-26926,0.00238,0.61912
CVE-2022-26927,0.01619,0.86175
CVE-2022-26928,0.00043,0.07425
CVE-2022-26929,0.00118,0.45679
CVE-2022-2693,0.00080,0.33488
CVE-2022-26930,0.00043,0.07315
CVE-2022-26931,0.00161,0.52719
CVE-2022-26932,0.00043,0.07315
CVE-2022-26933,0.00043,0.07315
CVE-2022-26934,0.00284,0.65436
CVE-2022-26935,0.00058,0.22644
CVE-2022-26936,0.01688,0.86428
CVE-2022-26937,0.83326,0.98201
CVE-2022-26938,0.00043,0.07315
CVE-2022-26939,0.00043,0.07315
CVE-2022-2694,0.00080,0.33488
CVE-2022-26940,0.01688,0.86428
CVE-2022-26941,0.00055,0.20609
CVE-2022-26942,0.00042,0.05722
CVE-2022-26943,0.00053,0.19001
CVE-2022-26944,0.00065,0.26756
CVE-2022-26945,0.00231,0.61336
CVE-2022-26947,0.00066,0.27429
CVE-2022-26948,0.00158,0.52341
CVE-2022-26949,0.00106,0.42947
CVE-2022-2695,0.00053,0.18436
CVE-2022-26950,0.00078,0.32206
CVE-2022-26951,0.00078,0.32206
CVE-2022-26952,0.00190,0.56662
CVE-2022-26953,0.00188,0.56365
CVE-2022-26954,0.00082,0.34022
CVE-2022-26959,0.00160,0.52659
CVE-2022-2696,0.00057,0.21517
CVE-2022-26960,0.88417,0.98462
CVE-2022-26964,0.00135,0.48776
CVE-2022-26965,0.02447,0.88958
CVE-2022-26966,0.00045,0.11839
CVE-2022-26967,0.00074,0.30513
CVE-2022-26969,0.00155,0.51826
CVE-2022-2697,0.00115,0.45146
CVE-2022-26971,0.00078,0.32206
CVE-2022-26972,0.00078,0.32206
CVE-2022-26973,0.00078,0.32206
CVE-2022-26974,0.00078,0.32206
CVE-2022-26975,0.00158,0.52341
CVE-2022-26976,0.00054,0.20290
CVE-2022-26977,0.00078,0.32206
CVE-2022-26978,0.00078,0.32206
CVE-2022-26979,0.00092,0.38780
CVE-2022-2698,0.00151,0.51252
CVE-2022-26980,0.00068,0.28323
CVE-2022-26981,0.00104,0.42004
CVE-2022-26982,0.01301,0.84476
CVE-2022-26986,0.00115,0.45037
CVE-2022-26987,0.00187,0.56212
CVE-2022-26988,0.00187,0.56212
CVE-2022-2699,0.00115,0.45146
CVE-2022-26990,0.00208,0.58779
CVE-2022-26991,0.00208,0.58779
CVE-2022-26992,0.00208,0.58779
CVE-2022-26993,0.00208,0.58779
CVE-2022-26994,0.00208,0.58779
CVE-2022-26995,0.00331,0.68197
CVE-2022-26996,0.00331,0.68197
CVE-2022-26997,0.00331,0.68197
CVE-2022-26998,0.00331,0.68197
CVE-2022-26999,0.00331,0.68197
CVE-2022-2700,0.00080,0.33488
CVE-2022-27000,0.00331,0.68197
CVE-2022-27001,0.00331,0.68197
CVE-2022-27002,0.00519,0.74381
CVE-2022-27003,0.11573,0.94781
CVE-2022-27004,0.11573,0.94781
CVE-2022-27005,0.11573,0.94781
CVE-2022-27007,0.00240,0.62115
CVE-2022-27008,0.00205,0.58476
CVE-2022-2701,0.00066,0.27216
CVE-2022-27016,0.00234,0.61568
CVE-2022-2702,0.00051,0.17233
CVE-2022-27022,0.00234,0.61568
CVE-2022-2703,0.00080,0.33488
CVE-2022-2704,0.00132,0.48077
CVE-2022-27041,0.00205,0.58515
CVE-2022-27043,0.00238,0.61955
CVE-2022-27044,0.00192,0.56914
CVE-2022-27046,0.00273,0.64696
CVE-2022-27047,0.00168,0.53807
CVE-2022-27048,0.00135,0.48754
CVE-2022-27049,0.00044,0.10445
CVE-2022-2705,0.00151,0.51252
CVE-2022-27050,0.00048,0.14460
CVE-2022-27052,0.00042,0.05722
CVE-2022-27055,0.00162,0.52809
CVE-2022-2706,0.00151,0.51252
CVE-2022-27061,0.00882,0.80782
CVE-2022-27062,0.00156,0.52011
CVE-2022-27063,0.00527,0.74600
CVE-2022-27064,0.00882,0.80782
CVE-2022-2707,0.00151,0.51252
CVE-2022-27076,0.00475,0.73195
CVE-2022-27077,0.00475,0.73195
CVE-2022-27078,0.00475,0.73195
CVE-2022-27079,0.00475,0.73195
CVE-2022-2708,0.00137,0.49189
CVE-2022-27080,0.00475,0.73195
CVE-2022-27081,0.00475,0.73195
CVE-2022-27082,0.00475,0.73195
CVE-2022-27083,0.00475,0.73195
CVE-2022-27088,0.00042,0.05722
CVE-2022-27089,0.00042,0.05722
CVE-2022-2709,0.00056,0.20979
CVE-2022-27090,0.00058,0.22585
CVE-2022-27094,0.00065,0.27111
CVE-2022-27095,0.00063,0.24905
CVE-2022-2710,0.00056,0.20979
CVE-2022-27103,0.00080,0.33310
CVE-2022-27104,0.00179,0.55191
CVE-2022-27105,0.00055,0.20604
CVE-2022-27107,0.00058,0.22585
CVE-2022-27108,0.00058,0.22585
CVE-2022-27109,0.00058,0.22585
CVE-2022-2711,0.00077,0.32057
CVE-2022-27110,0.00058,0.22585
CVE-2022-27111,0.00058,0.22585
CVE-2022-27114,0.00060,0.23585
CVE-2022-27115,0.01203,0.83772
CVE-2022-2712,0.00203,0.58296
CVE-2022-27123,0.00172,0.54442
CVE-2022-27124,0.00172,0.54442
CVE-2022-27125,0.00072,0.29847
CVE-2022-27126,0.00179,0.55171
CVE-2022-27127,0.00072,0.29847
CVE-2022-27128,0.00299,0.66394
CVE-2022-27129,0.00291,0.65927
CVE-2022-2713,0.00172,0.54307
CVE-2022-27131,0.00291,0.65927
CVE-2022-27133,0.00091,0.38389
CVE-2022-27134,0.00152,0.51368
CVE-2022-27135,0.00114,0.44828
CVE-2022-27139,0.00273,0.64711
CVE-2022-2714,0.00187,0.56249
CVE-2022-27140,0.00557,0.75284
CVE-2022-27145,0.00077,0.31982
CVE-2022-27146,0.00069,0.28512
CVE-2022-27147,0.00057,0.21445
CVE-2022-27148,0.00051,0.17017
CVE-2022-2715,0.00377,0.70098
CVE-2022-27152,0.00044,0.10161
CVE-2022-27156,0.00058,0.22585
CVE-2022-27157,0.00201,0.58090
CVE-2022-27158,0.00208,0.58809
CVE-2022-2716,0.00053,0.18436
CVE-2022-27161,0.00172,0.54442
CVE-2022-27162,0.00172,0.54442
CVE-2022-27163,0.00172,0.54442
CVE-2022-27164,0.00172,0.54442
CVE-2022-27165,0.00172,0.54442
CVE-2022-27166,0.00365,0.69628
CVE-2022-27167,0.00044,0.10161
CVE-2022-27168,0.00114,0.44882
CVE-2022-27169,0.00205,0.58568
CVE-2022-2717,0.00129,0.47624
CVE-2022-27170,0.00043,0.06775
CVE-2022-27172,0.00148,0.50754
CVE-2022-27174,0.00063,0.24910
CVE-2022-27175,0.00137,0.49064
CVE-2022-27176,0.00068,0.28059
CVE-2022-27177,0.00365,0.69652
CVE-2022-27178,0.00252,0.63173
CVE-2022-27179,0.00065,0.26756
CVE-2022-2718,0.00129,0.47624
CVE-2022-27180,0.00043,0.06775
CVE-2022-27181,0.00079,0.33173
CVE-2022-27182,0.00079,0.33173
CVE-2022-27183,0.00078,0.32206
CVE-2022-27184,0.00061,0.24209
CVE-2022-27185,0.00083,0.34451
CVE-2022-27187,0.00043,0.06775
CVE-2022-27188,0.00044,0.10504
CVE-2022-27189,0.00089,0.37607
CVE-2022-2719,0.00049,0.15038
CVE-2022-27191,0.00253,0.63229
CVE-2022-27192,0.00158,0.52341
CVE-2022-27193,0.00061,0.23842
CVE-2022-27194,0.00178,0.55117
CVE-2022-27195,0.00044,0.10161
CVE-2022-27196,0.00077,0.32019
CVE-2022-27197,0.00077,0.32019
CVE-2022-27198,0.00068,0.28221
CVE-2022-27199,0.00054,0.19618
CVE-2022-2720,0.00063,0.25287
CVE-2022-27200,0.00057,0.21262
CVE-2022-27201,0.00065,0.27084
CVE-2022-27202,0.00077,0.32019
CVE-2022-27203,0.00093,0.39033
CVE-2022-27204,0.00079,0.33092
CVE-2022-27205,0.00054,0.19618
CVE-2022-27206,0.00065,0.26756
CVE-2022-27207,0.00057,0.21262
CVE-2022-27208,0.00093,0.39033
CVE-2022-27209,0.00065,0.26756
CVE-2022-2721,0.00135,0.48776
CVE-2022-27210,0.00110,0.43916
CVE-2022-27211,0.00065,0.26756
CVE-2022-27212,0.00077,0.32019
CVE-2022-27213,0.00077,0.32019
CVE-2022-27214,0.00100,0.40925
CVE-2022-27215,0.00054,0.19618
CVE-2022-27216,0.00065,0.26756
CVE-2022-27217,0.00065,0.26756
CVE-2022-27218,0.00054,0.19618
CVE-2022-27219,0.00072,0.29847
CVE-2022-2722,0.00377,0.70098
CVE-2022-27220,0.00072,0.29847
CVE-2022-27221,0.00129,0.47598
CVE-2022-27223,0.00130,0.47797
CVE-2022-27224,0.01322,0.84605
CVE-2022-27225,0.00150,0.51158
CVE-2022-27226,0.06558,0.93091
CVE-2022-27227,0.00260,0.63843
CVE-2022-27228,0.00590,0.76026
CVE-2022-27229,0.00044,0.08212
CVE-2022-2723,0.00377,0.70098
CVE-2022-27230,0.00072,0.29847
CVE-2022-27231,0.00108,0.43480
CVE-2022-27233,0.00139,0.49424
CVE-2022-27234,0.00052,0.18157
CVE-2022-27235,0.00087,0.35937
CVE-2022-27237,0.00072,0.29847
CVE-2022-27238,0.00054,0.20290
CVE-2022-27239,0.00095,0.39578
CVE-2022-2724,0.00377,0.70098
CVE-2022-27240,0.00165,0.53213
CVE-2022-27241,0.00199,0.57804
CVE-2022-27242,0.00044,0.10161
CVE-2022-27243,0.00059,0.22979
CVE-2022-27244,0.00054,0.20290
CVE-2022-27245,0.00201,0.58090
CVE-2022-27246,0.00072,0.29847
CVE-2022-27247,0.00068,0.28323
CVE-2022-27248,0.00177,0.54914
CVE-2022-27249,0.00232,0.61380
CVE-2022-2725,0.00070,0.28928
CVE-2022-27250,0.00189,0.56444
CVE-2022-27254,0.00117,0.45513
CVE-2022-27255,0.07442,0.93483
CVE-2022-27256,0.00101,0.41073
CVE-2022-27257,0.00180,0.55271
CVE-2022-27258,0.00107,0.43133
CVE-2022-2726,0.00190,0.56670
CVE-2022-27260,0.00401,0.71009
CVE-2022-27261,0.00088,0.36838
CVE-2022-27262,0.00343,0.68665
CVE-2022-27263,0.00363,0.69558
CVE-2022-27268,0.00730,0.78772
CVE-2022-27269,0.00730,0.78772
CVE-2022-2727,0.00151,0.51252
CVE-2022-27270,0.00730,0.78772
CVE-2022-27271,0.00730,0.78772
CVE-2022-27272,0.00730,0.78772
CVE-2022-27273,0.00730,0.78772
CVE-2022-27274,0.00730,0.78772
CVE-2022-27275,0.00730,0.78772
CVE-2022-27276,0.00730,0.78772
CVE-2022-27277,0.00102,0.41444
CVE-2022-27279,0.00218,0.59798
CVE-2022-2728,0.00151,0.51252
CVE-2022-27280,0.00054,0.20290
CVE-2022-27286,0.00132,0.48090
CVE-2022-27287,0.00132,0.48090
CVE-2022-27288,0.00132,0.48090
CVE-2022-27289,0.00132,0.48090
CVE-2022-2729,0.00318,0.67472
CVE-2022-27290,0.00132,0.48090
CVE-2022-27291,0.00132,0.48090
CVE-2022-27292,0.00100,0.41000
CVE-2022-27293,0.00132,0.48090
CVE-2022-27294,0.00132,0.48090
CVE-2022-27295,0.00132,0.48090
CVE-2022-27299,0.00172,0.54442
CVE-2022-2730,0.00149,0.50978
CVE-2022-27304,0.00172,0.54442
CVE-2022-27305,0.00186,0.55898
CVE-2022-27308,0.00125,0.46988
CVE-2022-2731,0.00192,0.56862
CVE-2022-27311,0.00212,0.59097
CVE-2022-27313,0.00089,0.37607
CVE-2022-2732,0.00180,0.55272
CVE-2022-2733,0.00190,0.56636
CVE-2022-27330,0.00058,0.22585
CVE-2022-27331,0.00054,0.20290
CVE-2022-27332,0.00076,0.31195
CVE-2022-27333,0.00066,0.27236
CVE-2022-27336,0.00552,0.75184
CVE-2022-27337,0.00187,0.56267
CVE-2022-2734,0.00130,0.47888
CVE-2022-27340,0.00125,0.46935
CVE-2022-27341,0.00172,0.54442
CVE-2022-27342,0.00172,0.54442
CVE-2022-27346,0.00791,0.79729
CVE-2022-27348,0.00217,0.59768
CVE-2022-27349,0.00882,0.80782
CVE-2022-2735,0.00042,0.05722
CVE-2022-27351,0.01338,0.84699
CVE-2022-27352,0.00882,0.80782
CVE-2022-27357,0.02020,0.87745
CVE-2022-27359,0.00057,0.21445
CVE-2022-2736,0.00198,0.57767
CVE-2022-27360,0.00171,0.54197
CVE-2022-27365,0.00088,0.36822
CVE-2022-27366,0.00088,0.36822
CVE-2022-27367,0.00088,0.36822
CVE-2022-27368,0.00088,0.36822
CVE-2022-27369,0.00088,0.36822
CVE-2022-2737,0.00056,0.20979
CVE-2022-27373,0.00199,0.57902
CVE-2022-27374,0.00061,0.23796
CVE-2022-27375,0.00061,0.23796
CVE-2022-27376,0.00107,0.43020
CVE-2022-27377,0.00107,0.43020
CVE-2022-27378,0.00129,0.47576
CVE-2022-27379,0.00129,0.47576
CVE-2022-2738,0.00251,0.63121
CVE-2022-27380,0.00129,0.47576
CVE-2022-27381,0.00129,0.47576
CVE-2022-27382,0.00081,0.33923
CVE-2022-27383,0.00107,0.43020
CVE-2022-27384,0.00129,0.47576
CVE-2022-27385,0.00081,0.33923
CVE-2022-27386,0.00129,0.47576
CVE-2022-27387,0.00098,0.40374
CVE-2022-2739,0.00062,0.24527
CVE-2022-2740,0.00198,0.57767
CVE-2022-27404,0.00760,0.79223
CVE-2022-27405,0.00205,0.58532
CVE-2022-27406,0.00280,0.65184
CVE-2022-2741,0.00078,0.32333
CVE-2022-27411,0.44862,0.97079
CVE-2022-27412,0.00249,0.62946
CVE-2022-27413,0.00172,0.54442
CVE-2022-27416,0.00074,0.30513
CVE-2022-27418,0.00074,0.30513
CVE-2022-27419,0.00069,0.28512
CVE-2022-2742,0.00102,0.41487
CVE-2022-27420,0.00172,0.54442
CVE-2022-27421,0.00104,0.42231
CVE-2022-27422,0.00072,0.29847
CVE-2022-27423,0.00142,0.49961
CVE-2022-27425,0.00072,0.29847
CVE-2022-27426,0.00104,0.42231
CVE-2022-27428,0.00058,0.22585
CVE-2022-27429,0.00237,0.61897
CVE-2022-2743,0.00102,0.41538
CVE-2022-27431,0.00172,0.54442
CVE-2022-27432,0.00112,0.44368
CVE-2022-27434,0.00140,0.49597
CVE-2022-27435,0.00367,0.69758
CVE-2022-27436,0.00060,0.23743
CVE-2022-27438,0.05859,0.92701
CVE-2022-2744,0.00194,0.57362
CVE-2022-27441,0.00059,0.22808
CVE-2022-27442,0.00169,0.53896
CVE-2022-27444,0.00081,0.33923
CVE-2022-27445,0.00107,0.43020
CVE-2022-27446,0.00081,0.33923
CVE-2022-27447,0.00107,0.43020
CVE-2022-27448,0.00095,0.39563
CVE-2022-27449,0.00095,0.39563
CVE-2022-2745,0.00137,0.49189
CVE-2022-27451,0.00088,0.37038
CVE-2022-27452,0.00095,0.39563
CVE-2022-27455,0.00088,0.37038
CVE-2022-27456,0.00095,0.39563
CVE-2022-27457,0.00088,0.37038
CVE-2022-27458,0.00095,0.39563
CVE-2022-2746,0.00198,0.57767
CVE-2022-27461,0.00087,0.35933
CVE-2022-27462,0.00078,0.32206
CVE-2022-27463,0.00078,0.32206
CVE-2022-27466,0.00172,0.54442
CVE-2022-27468,0.00343,0.68665
CVE-2022-27469,0.00326,0.67856
CVE-2022-2747,0.00140,0.49701
CVE-2022-27470,0.00117,0.45509
CVE-2022-27472,0.00170,0.53970
CVE-2022-27473,0.00170,0.53970
CVE-2022-27474,0.00321,0.67622
CVE-2022-27475,0.00063,0.25009
CVE-2022-27476,0.00078,0.32739
CVE-2022-27477,0.00237,0.61897
CVE-2022-27478,0.00260,0.63836
CVE-2022-27479,0.00985,0.81898
CVE-2022-2748,0.00074,0.30476
CVE-2022-27480,0.00187,0.56281
CVE-2022-27481,0.00050,0.16871
CVE-2022-27482,0.00043,0.07443
CVE-2022-27483,0.00157,0.52156
CVE-2022-27484,0.00052,0.18122
CVE-2022-27485,0.00050,0.16473
CVE-2022-27487,0.00068,0.28011
CVE-2022-27488,0.00068,0.28347
CVE-2022-27489,0.00062,0.24618
CVE-2022-2749,0.00080,0.33488
CVE-2022-27490,0.00049,0.14986
CVE-2022-27491,0.00086,0.35713
CVE-2022-27492,0.00083,0.34595
CVE-2022-27493,0.00043,0.06775
CVE-2022-27494,0.00054,0.19416
CVE-2022-27495,0.00051,0.17428
CVE-2022-27496,0.00083,0.34302
CVE-2022-27497,0.00085,0.35252
CVE-2022-27498,0.00141,0.49816
CVE-2022-27499,0.00043,0.06775
CVE-2022-2750,0.00198,0.57767
CVE-2022-27500,0.00043,0.06775
CVE-2022-27502,0.00042,0.05722
CVE-2022-27503,0.00072,0.29847
CVE-2022-27505,0.00072,0.29847
CVE-2022-27506,0.00054,0.19386
CVE-2022-27507,0.00073,0.30137
CVE-2022-27508,0.00078,0.32333
CVE-2022-27509,0.00070,0.28928
CVE-2022-2751,0.00198,0.57767
CVE-2022-27510,0.00170,0.54114
CVE-2022-27511,0.00291,0.65916
CVE-2022-27512,0.00079,0.33173
CVE-2022-27513,0.00170,0.54075
CVE-2022-27516,0.00166,0.53343
CVE-2022-27518,0.04296,0.91498
CVE-2022-2752,0.00042,0.05722
CVE-2022-27523,0.00062,0.24381
CVE-2022-27524,0.00062,0.24381
CVE-2022-27525,0.00065,0.26849
CVE-2022-27526,0.00065,0.26849
CVE-2022-27527,0.00065,0.26849
CVE-2022-27528,0.00146,0.50575
CVE-2022-27529,0.00069,0.28568
CVE-2022-2753,0.00143,0.50120
CVE-2022-27530,0.00073,0.30179
CVE-2022-27531,0.00069,0.28568
CVE-2022-27532,0.00076,0.31150
CVE-2022-27534,0.00328,0.67949
CVE-2022-27535,0.00042,0.05722
CVE-2022-27536,0.00261,0.63929
CVE-2022-27537,0.00042,0.05722
CVE-2022-27538,0.00042,0.05722
CVE-2022-27539,0.00042,0.05722
CVE-2022-2754,0.00227,0.60978
CVE-2022-27541,0.00042,0.05722
CVE-2022-27544,0.00062,0.24822
CVE-2022-27545,0.00053,0.18436
CVE-2022-27546,0.00086,0.35844
CVE-2022-27547,0.00135,0.48776
CVE-2022-27548,0.00042,0.05722
CVE-2022-27549,0.00044,0.10161
CVE-2022-27551,0.00062,0.24822
CVE-2022-27558,0.00135,0.48776
CVE-2022-2756,0.00949,0.81525
CVE-2022-27560,0.00064,0.25824
CVE-2022-27561,0.00053,0.18436
CVE-2022-27563,0.00086,0.35713
CVE-2022-27567,0.00119,0.45888
CVE-2022-27568,0.00136,0.48913
CVE-2022-27569,0.00136,0.48913
CVE-2022-2757,0.00137,0.49139
CVE-2022-27570,0.00136,0.48913
CVE-2022-27571,0.00136,0.48913
CVE-2022-27572,0.00136,0.48913
CVE-2022-27573,0.00085,0.35223
CVE-2022-27574,0.00085,0.35223
CVE-2022-27575,0.00046,0.12575
CVE-2022-27576,0.00046,0.12575
CVE-2022-27577,0.00198,0.57713
CVE-2022-27578,0.00044,0.10161
CVE-2022-27579,0.00077,0.31672
CVE-2022-2758,0.00135,0.48776
CVE-2022-27580,0.00077,0.31672
CVE-2022-27581,0.00086,0.35757
CVE-2022-27582,0.00271,0.64598
CVE-2022-27583,0.00079,0.33122
CVE-2022-27584,0.00271,0.64598
CVE-2022-27585,0.00271,0.64598
CVE-2022-27586,0.00271,0.64598
CVE-2022-27588,0.00160,0.52668
CVE-2022-2759,0.00135,0.48776
CVE-2022-27593,0.44245,0.97057
CVE-2022-27596,0.00163,0.52989
CVE-2022-27597,0.00056,0.21111
CVE-2022-27598,0.00056,0.21111
CVE-2022-27599,0.00042,0.05722
CVE-2022-2760,0.00053,0.18436
CVE-2022-27607,0.00189,0.56457
CVE-2022-27608,0.00044,0.10161
CVE-2022-27609,0.00044,0.10161
CVE-2022-2761,0.00079,0.32802
CVE-2022-27610,0.00063,0.24958
CVE-2022-27611,0.00063,0.24958
CVE-2022-27612,0.00077,0.32065
CVE-2022-27613,0.00068,0.28386
CVE-2022-27614,0.00121,0.46315
CVE-2022-27615,0.00063,0.24958
CVE-2022-27616,0.00070,0.29098
CVE-2022-27617,0.00063,0.25741
CVE-2022-27618,0.00063,0.24958
CVE-2022-27619,0.00100,0.41002
CVE-2022-2762,0.00054,0.19132
CVE-2022-27620,0.00069,0.28547
CVE-2022-27621,0.00063,0.25741
CVE-2022-27622,0.00054,0.20300
CVE-2022-27623,0.00113,0.44624
CVE-2022-27624,0.00078,0.32663
CVE-2022-27625,0.00078,0.32663
CVE-2022-27626,0.00114,0.44804
CVE-2022-27627,0.00112,0.44364
CVE-2022-27628,0.00047,0.13955
CVE-2022-27629,0.00189,0.56496
CVE-2022-2763,0.00056,0.20979
CVE-2022-27630,0.00183,0.55621
CVE-2022-27631,0.00655,0.77351
CVE-2022-27632,0.00083,0.34398
CVE-2022-27633,0.00168,0.53631
CVE-2022-27634,0.00272,0.64630
CVE-2022-27635,0.00042,0.05722
CVE-2022-27636,0.00044,0.10161
CVE-2022-27637,0.00103,0.41679
CVE-2022-27638,0.00043,0.06775
CVE-2022-27639,0.00043,0.06775
CVE-2022-2764,0.00061,0.23945
CVE-2022-27640,0.00050,0.16871
CVE-2022-27641,0.00054,0.19339
CVE-2022-27642,0.00052,0.17787
CVE-2022-27643,0.00051,0.16933
CVE-2022-27644,0.00052,0.17787
CVE-2022-27645,0.00282,0.65322
CVE-2022-27646,0.00058,0.21988
CVE-2022-27647,0.00048,0.14807
CVE-2022-27648,0.00148,0.50734
CVE-2022-27649,0.00246,0.62646
CVE-2022-2765,0.00741,0.78924
CVE-2022-27650,0.00232,0.61411
CVE-2022-27651,0.00134,0.48503
CVE-2022-27652,0.00044,0.10161
CVE-2022-27653,0.00057,0.21392
CVE-2022-27654,0.00085,0.35452
CVE-2022-27655,0.00085,0.35452
CVE-2022-27656,0.00078,0.32206
CVE-2022-27657,0.00646,0.77149
CVE-2022-27658,0.00189,0.56481
CVE-2022-27659,0.00054,0.20290
CVE-2022-2766,0.00377,0.70098
CVE-2022-27660,0.00166,0.53280
CVE-2022-27661,0.00082,0.34183
CVE-2022-27662,0.00054,0.20290
CVE-2022-27664,0.00187,0.56255
CVE-2022-27665,0.00070,0.28966
CVE-2022-27666,0.00042,0.05722
CVE-2022-27667,0.00158,0.52341
CVE-2022-27668,0.00576,0.75710
CVE-2022-27669,0.00189,0.56481
CVE-2022-2767,0.00139,0.49491
CVE-2022-27670,0.00081,0.33872
CVE-2022-27671,0.00158,0.52341
CVE-2022-27672,0.00043,0.06775
CVE-2022-27673,0.00135,0.48776
CVE-2022-27674,0.00078,0.32333
CVE-2022-27677,0.00042,0.05722
CVE-2022-2768,0.00070,0.28928
CVE-2022-2769,0.00052,0.18122
CVE-2022-2770,0.00140,0.49701
CVE-2022-2771,0.00137,0.49189
CVE-2022-2772,0.00137,0.49189
CVE-2022-2773,0.00070,0.28928
CVE-2022-2774,0.00140,0.49701
CVE-2022-2775,0.00056,0.20979
CVE-2022-2776,0.00084,0.35141
CVE-2022-2777,0.00051,0.17233
CVE-2022-27772,0.00048,0.14460
CVE-2022-27773,0.00166,0.53343
CVE-2022-27774,0.00203,0.58307
CVE-2022-27775,0.00201,0.58112
CVE-2022-27776,0.00274,0.64750
CVE-2022-27777,0.00080,0.33492
CVE-2022-27778,0.00206,0.58579
CVE-2022-27779,0.00079,0.32893
CVE-2022-2778,0.00166,0.53343
CVE-2022-27780,0.00080,0.33421
CVE-2022-27781,0.00187,0.56287
CVE-2022-27782,0.00191,0.56779
CVE-2022-27783,0.77678,0.97977
CVE-2022-27784,0.77678,0.97977
CVE-2022-27785,0.09913,0.94346
CVE-2022-27786,0.09913,0.94346
CVE-2022-27787,0.00169,0.53831
CVE-2022-27788,0.00169,0.53831
CVE-2022-27789,0.09913,0.94346
CVE-2022-2779,0.00208,0.58811
CVE-2022-27790,0.09913,0.94346
CVE-2022-27791,0.03617,0.90792
CVE-2022-27792,0.00169,0.53831
CVE-2022-27793,0.00169,0.53831
CVE-2022-27794,0.00587,0.75952
CVE-2022-27795,0.09913,0.94346
CVE-2022-27796,0.09913,0.94346
CVE-2022-27797,0.09913,0.94346
CVE-2022-27798,0.00169,0.53831
CVE-2022-27799,0.09913,0.94346
CVE-2022-2780,0.00170,0.54075
CVE-2022-27800,0.09913,0.94346
CVE-2022-27801,0.09913,0.94346
CVE-2022-27802,0.09913,0.94346
CVE-2022-27803,0.00082,0.34183
CVE-2022-27804,0.00753,0.79098
CVE-2022-27805,0.00168,0.53624
CVE-2022-27806,0.00088,0.36880
CVE-2022-27807,0.00082,0.34183
CVE-2022-27808,0.00043,0.06775
CVE-2022-2781,0.00059,0.23001
CVE-2022-27810,0.00078,0.32333
CVE-2022-27811,0.00368,0.69774
CVE-2022-27812,0.00078,0.32333
CVE-2022-27813,0.00042,0.05722
CVE-2022-27814,0.00044,0.10445
CVE-2022-27815,0.00046,0.13753
CVE-2022-27816,0.00048,0.14794
CVE-2022-27817,0.00044,0.10445
CVE-2022-27818,0.00208,0.58801
CVE-2022-27819,0.00068,0.28046
CVE-2022-2782,0.00137,0.49139
CVE-2022-27820,0.00071,0.29203
CVE-2022-27821,0.00046,0.12575
CVE-2022-27822,0.00044,0.10161
CVE-2022-27823,0.00047,0.14185
CVE-2022-27824,0.00047,0.14185
CVE-2022-27825,0.00047,0.14185
CVE-2022-27826,0.00044,0.10161
CVE-2022-27827,0.00044,0.10161
CVE-2022-27828,0.00044,0.10161
CVE-2022-27829,0.00044,0.10161
CVE-2022-2783,0.00063,0.25287
CVE-2022-27830,0.00044,0.10161
CVE-2022-27831,0.00044,0.10161
CVE-2022-27832,0.00044,0.10161
CVE-2022-27833,0.00044,0.10161
CVE-2022-27834,0.00044,0.10161
CVE-2022-27835,0.00048,0.14695
CVE-2022-27836,0.00044,0.07794
CVE-2022-27837,0.00059,0.22806
CVE-2022-27838,0.00042,0.05722
CVE-2022-27839,0.00048,0.14768
CVE-2022-27840,0.00042,0.05722
CVE-2022-27841,0.00057,0.21342
CVE-2022-27842,0.00058,0.21956
CVE-2022-27843,0.00058,0.21956
CVE-2022-27844,0.00152,0.51368
CVE-2022-27845,0.00050,0.16378
CVE-2022-27846,0.00053,0.18302
CVE-2022-27847,0.00053,0.18302
CVE-2022-27848,0.00050,0.16378
CVE-2022-27849,0.00732,0.78814
CVE-2022-2785,0.00043,0.06775
CVE-2022-27850,0.00052,0.18167
CVE-2022-27851,0.00052,0.18167
CVE-2022-27852,0.00072,0.29847
CVE-2022-27853,0.00054,0.20290
CVE-2022-27854,0.00048,0.14250
CVE-2022-27855,0.00046,0.12710
CVE-2022-27856,0.00045,0.11801
CVE-2022-27858,0.00170,0.54075
CVE-2022-27859,0.00058,0.22585
CVE-2022-27860,0.00053,0.18302
CVE-2022-27861,0.00046,0.13740
CVE-2022-27862,0.00221,0.60385
CVE-2022-27863,0.00078,0.32206
CVE-2022-27864,0.00393,0.70728
CVE-2022-27865,0.00066,0.27452
CVE-2022-27866,0.00066,0.27452
CVE-2022-27867,0.00065,0.26849
CVE-2022-27868,0.00146,0.50575
CVE-2022-27869,0.00069,0.28568
CVE-2022-2787,0.00189,0.56526
CVE-2022-27870,0.00069,0.28568
CVE-2022-27871,0.00069,0.28568
CVE-2022-27872,0.00071,0.29151
CVE-2022-27873,0.00060,0.23233
CVE-2022-27874,0.00043,0.06775
CVE-2022-27875,0.00061,0.23842
CVE-2022-27878,0.00104,0.42231
CVE-2022-27879,0.00043,0.06775
CVE-2022-2788,0.00045,0.11995
CVE-2022-27880,0.00054,0.20290
CVE-2022-27881,0.00119,0.45903
CVE-2022-27882,0.00176,0.54805
CVE-2022-27883,0.00045,0.12491
CVE-2022-27884,0.00078,0.32739
CVE-2022-27885,0.00078,0.32739
CVE-2022-27886,0.00078,0.32739
CVE-2022-27887,0.00078,0.32739
CVE-2022-27888,0.00044,0.10161
CVE-2022-27889,0.00091,0.38389
CVE-2022-2789,0.00048,0.14237
CVE-2022-27890,0.00064,0.26127
CVE-2022-27891,0.00050,0.16429
CVE-2022-27892,0.00055,0.20446
CVE-2022-27893,0.00043,0.06775
CVE-2022-27894,0.00053,0.18436
CVE-2022-27895,0.00135,0.48776
CVE-2022-27896,0.00135,0.48776
CVE-2022-27897,0.00055,0.20446
CVE-2022-2790,0.00042,0.05859
CVE-2022-27903,0.00135,0.48683
CVE-2022-27904,0.00044,0.10161
CVE-2022-27905,0.00104,0.42231
CVE-2022-27906,0.00090,0.37788
CVE-2022-27907,0.00079,0.33118
CVE-2022-27908,0.00188,0.56362
CVE-2022-27909,0.00082,0.34183
CVE-2022-2791,0.00042,0.05859
CVE-2022-27910,0.00072,0.29847
CVE-2022-27911,0.00127,0.47253
CVE-2022-27912,0.00108,0.43441
CVE-2022-27913,0.00310,0.67019
CVE-2022-27914,0.00310,0.67019
CVE-2022-27919,0.00331,0.68162
CVE-2022-2792,0.00139,0.49498
CVE-2022-27920,0.00071,0.29363
CVE-2022-27924,0.09665,0.94267
CVE-2022-27925,0.96714,0.99585
CVE-2022-27926,0.91445,0.98691
CVE-2022-27927,0.06730,0.93193
CVE-2022-27928,0.00164,0.53109
CVE-2022-27929,0.00171,0.54252
CVE-2022-2793,0.00057,0.21456
CVE-2022-27930,0.00171,0.54252
CVE-2022-27931,0.00171,0.54252
CVE-2022-27932,0.00171,0.54252
CVE-2022-27933,0.00144,0.50297
CVE-2022-27934,0.00171,0.54252
CVE-2022-27935,0.00171,0.54252
CVE-2022-27936,0.00171,0.54252
CVE-2022-27937,0.00164,0.53109
CVE-2022-27938,0.00051,0.17017
CVE-2022-27939,0.00126,0.47116
CVE-2022-2794,0.00093,0.38959
CVE-2022-27940,0.00123,0.46668
CVE-2022-27941,0.00123,0.46668
CVE-2022-27942,0.00123,0.46668
CVE-2022-27943,0.00061,0.23944
CVE-2022-27944,0.00092,0.38780
CVE-2022-27945,0.00311,0.67032
CVE-2022-27946,0.00311,0.67032
CVE-2022-27947,0.00311,0.67032
CVE-2022-27948,0.00060,0.23760
CVE-2022-27949,0.00124,0.46790
CVE-2022-2795,0.00161,0.52709
CVE-2022-27950,0.00042,0.05722
CVE-2022-27952,0.00363,0.69558
CVE-2022-27958,0.00058,0.22585
CVE-2022-2796,0.00051,0.17233
CVE-2022-27960,0.00058,0.22585
CVE-2022-27961,0.00058,0.22585
CVE-2022-27962,0.00172,0.54442
CVE-2022-27963,0.00048,0.14460
CVE-2022-27964,0.00042,0.05722
CVE-2022-27965,0.00042,0.05722
CVE-2022-27966,0.00042,0.05722
CVE-2022-27967,0.00075,0.31076
CVE-2022-27968,0.00075,0.31076
CVE-2022-27969,0.00075,0.31076
CVE-2022-2797,0.00140,0.49701
CVE-2022-27978,0.00057,0.21319
CVE-2022-27979,0.00045,0.11801
CVE-2022-2798,0.00085,0.35505
CVE-2022-27982,0.00468,0.73012
CVE-2022-27983,0.00150,0.51158
CVE-2022-27984,0.02618,0.89293
CVE-2022-27985,0.02343,0.88706
CVE-2022-2799,0.00056,0.20979
CVE-2022-27991,0.00076,0.31357
CVE-2022-27992,0.00187,0.56076
CVE-2022-2800,0.00139,0.49491
CVE-2022-28000,0.00187,0.56076
CVE-2022-28001,0.00588,0.75983
CVE-2022-28002,0.00533,0.74740
CVE-2022-28005,0.01493,0.85536
CVE-2022-28006,0.00151,0.51346
CVE-2022-28007,0.00088,0.36822
CVE-2022-28008,0.00088,0.36822
CVE-2022-28009,0.00088,0.36822
CVE-2022-2801,0.00140,0.49701
CVE-2022-28010,0.00088,0.36822
CVE-2022-28011,0.00088,0.36822
CVE-2022-28012,0.00088,0.36822
CVE-2022-28013,0.00088,0.36822
CVE-2022-28014,0.00088,0.36822
CVE-2022-28015,0.00088,0.36822
CVE-2022-28016,0.00088,0.36822
CVE-2022-28017,0.00088,0.36822
CVE-2022-28018,0.00088,0.36822
CVE-2022-28019,0.00088,0.36822
CVE-2022-2802,0.00237,0.61849
CVE-2022-28020,0.00088,0.36822
CVE-2022-28021,0.00491,0.73658
CVE-2022-28022,0.02031,0.87783
CVE-2022-28023,0.02031,0.87783
CVE-2022-28024,0.00172,0.54442
CVE-2022-28025,0.00172,0.54442
CVE-2022-28026,0.00172,0.54442
CVE-2022-28028,0.00172,0.54442
CVE-2022-28029,0.00172,0.54442
CVE-2022-2803,0.00377,0.70098
CVE-2022-28030,0.00172,0.54442
CVE-2022-28032,0.02031,0.87783
CVE-2022-28033,0.00172,0.54442
CVE-2022-28034,0.00172,0.54442
CVE-2022-28035,0.00172,0.54442
CVE-2022-28036,0.00172,0.54442
CVE-2022-2804,0.00742,0.78942
CVE-2022-28041,0.00352,0.69058
CVE-2022-28042,0.00277,0.64966
CVE-2022-28044,0.00119,0.45841
CVE-2022-28048,0.00281,0.65225
CVE-2022-28049,0.00084,0.34926
CVE-2022-2805,0.00064,0.25824
CVE-2022-28051,0.00062,0.24442
CVE-2022-28052,0.00273,0.64702
CVE-2022-28053,0.00105,0.42468
CVE-2022-28054,0.00349,0.68947
CVE-2022-28055,0.00112,0.44287
CVE-2022-28056,0.00247,0.62745
CVE-2022-28058,0.00074,0.30468
CVE-2022-28059,0.00074,0.30468
CVE-2022-2806,0.00043,0.06775
CVE-2022-28060,0.00132,0.48268
CVE-2022-28062,0.00104,0.42034
CVE-2022-28063,0.00085,0.35466
CVE-2022-28067,0.00075,0.30828
CVE-2022-28068,0.00046,0.13740
CVE-2022-28069,0.00046,0.13740
CVE-2022-2807,0.00085,0.35276
CVE-2022-28070,0.00046,0.13740
CVE-2022-28071,0.00046,0.13740
CVE-2022-28072,0.00046,0.13740
CVE-2022-28073,0.00046,0.13740
CVE-2022-28074,0.00054,0.20290
CVE-2022-28076,0.00278,0.65046
CVE-2022-28077,0.00065,0.27095
CVE-2022-28078,0.00065,0.27095
CVE-2022-28079,0.80212,0.98056
CVE-2022-2808,0.00065,0.27007
CVE-2022-28080,0.01488,0.85501
CVE-2022-28081,0.00072,0.29847
CVE-2022-28082,0.00234,0.61568
CVE-2022-28085,0.00078,0.32081
CVE-2022-2809,0.00078,0.32333
CVE-2022-28090,0.00095,0.39559
CVE-2022-28093,0.00133,0.48353
CVE-2022-28094,0.00079,0.32923
CVE-2022-28096,0.00270,0.64528
CVE-2022-28099,0.00151,0.51346
CVE-2022-28101,0.00112,0.44342
CVE-2022-28102,0.00058,0.22585
CVE-2022-28104,0.00571,0.75573
CVE-2022-28105,0.00172,0.54442
CVE-2022-28106,0.00283,0.65421
CVE-2022-28108,0.00165,0.53169
CVE-2022-28109,0.00260,0.63853
CVE-2022-2811,0.00139,0.49491
CVE-2022-28110,0.00221,0.60385
CVE-2022-28111,0.00599,0.76176
CVE-2022-28113,0.00306,0.66765
CVE-2022-28114,0.00088,0.37003
CVE-2022-28115,0.00172,0.54442
CVE-2022-28116,0.00172,0.54442
CVE-2022-28117,0.03048,0.90018
CVE-2022-28118,0.00388,0.70520
CVE-2022-2812,0.00377,0.70098
CVE-2022-28120,0.00201,0.58090
CVE-2022-28126,0.00043,0.06775
CVE-2022-28127,0.00090,0.37982
CVE-2022-28128,0.00076,0.31271
CVE-2022-28129,0.00190,0.56644
CVE-2022-2813,0.00132,0.48238
CVE-2022-28131,0.00146,0.50513
CVE-2022-28133,0.00077,0.32019
CVE-2022-28134,0.00054,0.19618
CVE-2022-28135,0.00065,0.26756
CVE-2022-28136,0.00079,0.33092
CVE-2022-28137,0.00054,0.19618
CVE-2022-28138,0.00121,0.46221
CVE-2022-28139,0.00054,0.19618
CVE-2022-2814,0.00295,0.66164
CVE-2022-28140,0.00065,0.26756
CVE-2022-28141,0.00065,0.26756
CVE-2022-28142,0.00079,0.33063
CVE-2022-28143,0.00070,0.29107
CVE-2022-28144,0.00054,0.19618
CVE-2022-28145,0.00077,0.32019
CVE-2022-28146,0.00093,0.39033
CVE-2022-28147,0.00054,0.19618
CVE-2022-28148,0.00093,0.39033
CVE-2022-28149,0.00077,0.32019
CVE-2022-2815,0.00062,0.24290
CVE-2022-28150,0.00079,0.33092
CVE-2022-28151,0.00055,0.20629
CVE-2022-28152,0.00121,0.46221
CVE-2022-28153,0.00077,0.32019
CVE-2022-28154,0.00065,0.26756
CVE-2022-28155,0.00065,0.26756
CVE-2022-28156,0.00093,0.39033
CVE-2022-28157,0.00063,0.24927
CVE-2022-28158,0.00065,0.26756
CVE-2022-28159,0.00077,0.32019
CVE-2022-2816,0.00062,0.24451
CVE-2022-28160,0.00065,0.26756
CVE-2022-28161,0.00042,0.05722
CVE-2022-28162,0.00044,0.10161
CVE-2022-28163,0.00142,0.49961
CVE-2022-28164,0.00060,0.23722
CVE-2022-28165,0.00148,0.50873
CVE-2022-28166,0.00158,0.52341
CVE-2022-28167,0.00065,0.26756
CVE-2022-28168,0.00158,0.52341
CVE-2022-28169,0.00097,0.40244
CVE-2022-2817,0.00062,0.24451
CVE-2022-28170,0.00042,0.05722
CVE-2022-28171,0.22769,0.96111
CVE-2022-28172,0.00082,0.34089
CVE-2022-28173,0.00142,0.49888
CVE-2022-2818,0.00080,0.33488
CVE-2022-28181,0.00190,0.56653
CVE-2022-28182,0.00084,0.34819
CVE-2022-28183,0.00044,0.10161
CVE-2022-28184,0.00044,0.10161
CVE-2022-28185,0.00044,0.10161
CVE-2022-28186,0.00044,0.10161
CVE-2022-28187,0.00044,0.10161
CVE-2022-28188,0.00044,0.10161
CVE-2022-28189,0.00044,0.10161
CVE-2022-2819,0.00062,0.24451
CVE-2022-28190,0.00044,0.10161
CVE-2022-28191,0.00044,0.10161
CVE-2022-28192,0.00044,0.10161
CVE-2022-28193,0.00042,0.05722
CVE-2022-28194,0.00042,0.05722
CVE-2022-28195,0.00043,0.07409
CVE-2022-28196,0.00042,0.05722
CVE-2022-28197,0.00043,0.07409
CVE-2022-28198,0.00065,0.26849
CVE-2022-28199,0.00173,0.54555
CVE-2022-2820,0.00131,0.48031
CVE-2022-28200,0.00042,0.05722
CVE-2022-28201,0.00042,0.05722
CVE-2022-28202,0.00292,0.65937
CVE-2022-28203,0.00077,0.31688
CVE-2022-28204,0.00063,0.25189
CVE-2022-28205,0.00257,0.63554
CVE-2022-28206,0.00300,0.66408
CVE-2022-28209,0.00281,0.65251
CVE-2022-2821,0.00131,0.48031
CVE-2022-28213,0.00820,0.80061
CVE-2022-28214,0.00044,0.10161
CVE-2022-28215,0.00083,0.34426
CVE-2022-28216,0.00083,0.34426
CVE-2022-28217,0.00081,0.33872
CVE-2022-28218,0.00042,0.05722
CVE-2022-28219,0.97362,0.99888
CVE-2022-2822,0.00131,0.48031
CVE-2022-28220,0.00174,0.54633
CVE-2022-28221,0.00072,0.29847
CVE-2022-28222,0.00078,0.32739
CVE-2022-28223,0.00104,0.42231
CVE-2022-28224,0.00076,0.31275
CVE-2022-28225,0.00042,0.05722
CVE-2022-28226,0.00042,0.05722
CVE-2022-28228,0.00167,0.53451
CVE-2022-28229,0.00152,0.51432
CVE-2022-2823,0.00056,0.20979
CVE-2022-28230,0.09913,0.94346
CVE-2022-28231,0.00204,0.58373
CVE-2022-28232,0.09913,0.94346
CVE-2022-28233,0.09913,0.94346
CVE-2022-28234,0.00544,0.75024
CVE-2022-28235,0.09913,0.94346
CVE-2022-28236,0.00335,0.68368
CVE-2022-28237,0.09913,0.94346
CVE-2022-28238,0.09913,0.94346
CVE-2022-28239,0.00165,0.53175
CVE-2022-2824,0.00182,0.55569
CVE-2022-28240,0.37536,0.96841
CVE-2022-28241,0.00165,0.53175
CVE-2022-28242,0.37536,0.96841
CVE-2022-28243,0.00165,0.53175
CVE-2022-28244,0.00177,0.54955
CVE-2022-28245,0.00661,0.77519
CVE-2022-28246,0.00661,0.77519
CVE-2022-28247,0.00049,0.15828
CVE-2022-28248,0.00661,0.77519
CVE-2022-28249,0.00661,0.77519
CVE-2022-2825,0.00267,0.64377
CVE-2022-28250,0.00262,0.63938
CVE-2022-28251,0.00661,0.77519
CVE-2022-28252,0.00141,0.49734
CVE-2022-28253,0.00661,0.77519
CVE-2022-28254,0.00661,0.77519
CVE-2022-28255,0.00661,0.77519
CVE-2022-28256,0.00262,0.63938
CVE-2022-28257,0.00661,0.77519
CVE-2022-28258,0.00661,0.77519
CVE-2022-28259,0.00661,0.77519
CVE-2022-2826,0.00204,0.58459
CVE-2022-28260,0.00661,0.77519
CVE-2022-28261,0.00661,0.77519
CVE-2022-28262,0.00661,0.77519
CVE-2022-28263,0.00661,0.77519
CVE-2022-28264,0.00661,0.77519
CVE-2022-28265,0.00661,0.77519
CVE-2022-28266,0.00661,0.77519
CVE-2022-28267,0.00661,0.77519
CVE-2022-28268,0.00050,0.16692
CVE-2022-28269,0.02031,0.87783
CVE-2022-2827,0.00135,0.48776
CVE-2022-28270,0.00169,0.53831
CVE-2022-28271,0.09913,0.94346
CVE-2022-28272,0.00169,0.53831
CVE-2022-28273,0.00169,0.53831
CVE-2022-28274,0.00083,0.34297
CVE-2022-28275,0.00169,0.53831
CVE-2022-28276,0.00169,0.53831
CVE-2022-28277,0.00169,0.53831
CVE-2022-28278,0.00335,0.68368
CVE-2022-28279,0.09913,0.94346
CVE-2022-2828,0.00064,0.25824
CVE-2022-28281,0.00129,0.47681
CVE-2022-28282,0.00094,0.39470
CVE-2022-28283,0.00181,0.55365
CVE-2022-28284,0.00157,0.52107
CVE-2022-28285,0.00116,0.45331
CVE-2022-28286,0.00089,0.37311
CVE-2022-28287,0.00071,0.29215
CVE-2022-28288,0.00157,0.52107
CVE-2022-28289,0.00138,0.49326
CVE-2022-2829,0.00051,0.17233
CVE-2022-28290,0.00088,0.36972
CVE-2022-28291,0.00067,0.27847
CVE-2022-2830,0.00224,0.60733
CVE-2022-28300,0.00061,0.24024
CVE-2022-28301,0.00061,0.24024
CVE-2022-28302,0.00061,0.24024
CVE-2022-28303,0.00061,0.24024
CVE-2022-28304,0.00065,0.27128
CVE-2022-28305,0.00065,0.27128
CVE-2022-28306,0.00065,0.27128
CVE-2022-28307,0.00061,0.24024
CVE-2022-28308,0.00053,0.18667
CVE-2022-28309,0.00053,0.18667
CVE-2022-2831,0.00111,0.44123
CVE-2022-28310,0.00061,0.24024
CVE-2022-28311,0.00061,0.24024
CVE-2022-28312,0.00053,0.18667
CVE-2022-28313,0.00053,0.18667
CVE-2022-28314,0.00061,0.24024
CVE-2022-28315,0.00065,0.27128
CVE-2022-28316,0.00061,0.24024
CVE-2022-28317,0.00061,0.24024
CVE-2022-28318,0.00061,0.24024
CVE-2022-28319,0.00061,0.24024
CVE-2022-2832,0.00110,0.43953
CVE-2022-28320,0.00061,0.24024
CVE-2022-28321,0.00139,0.49425
CVE-2022-28323,0.00136,0.48980
CVE-2022-28327,0.00380,0.70250
CVE-2022-28328,0.00089,0.37607
CVE-2022-28329,0.00050,0.16871
CVE-2022-2833,0.00078,0.32274
CVE-2022-28330,0.00156,0.51913
CVE-2022-28331,0.02566,0.89182
CVE-2022-2834,0.00082,0.34119
CVE-2022-28345,0.00306,0.66762
CVE-2022-28346,0.00296,0.66209
CVE-2022-28347,0.00317,0.67445
CVE-2022-28348,0.00221,0.60385
CVE-2022-28349,0.00221,0.60385
CVE-2022-2835,0.00043,0.06775
CVE-2022-28350,0.00221,0.60385
CVE-2022-28352,0.00070,0.28862
CVE-2022-28353,0.00054,0.19245
CVE-2022-28354,0.00055,0.20513
CVE-2022-28355,0.00130,0.47862
CVE-2022-28356,0.00063,0.25680
CVE-2022-28357,0.00091,0.38629
CVE-2022-28363,0.00237,0.61851
CVE-2022-28364,0.00097,0.40091
CVE-2022-28365,0.00689,0.78069
CVE-2022-28366,0.00109,0.43524
CVE-2022-28367,0.00061,0.24174
CVE-2022-28368,0.22386,0.96087
CVE-2022-28369,0.00435,0.72078
CVE-2022-2837,0.00050,0.16429
CVE-2022-28370,0.00085,0.35251
CVE-2022-28371,0.00117,0.45572
CVE-2022-28372,0.00085,0.35251
CVE-2022-28373,0.00696,0.78187
CVE-2022-28374,0.00277,0.64966
CVE-2022-28375,0.00624,0.76742
CVE-2022-28376,0.00234,0.61593
CVE-2022-28377,0.00167,0.53449
CVE-2022-28378,0.00072,0.29847
CVE-2022-28379,0.00053,0.18833
CVE-2022-2838,0.00131,0.47942
CVE-2022-28380,0.00152,0.51368
CVE-2022-28381,0.85081,0.98284
CVE-2022-28382,0.00438,0.72186
CVE-2022-28383,0.00146,0.50529
CVE-2022-28384,0.00087,0.35913
CVE-2022-28385,0.00094,0.39468
CVE-2022-28386,0.00100,0.40898
CVE-2022-28387,0.00094,0.39468
CVE-2022-28388,0.00045,0.11966
CVE-2022-28389,0.00045,0.11966
CVE-2022-2839,0.00072,0.29616
CVE-2022-28390,0.00045,0.11966
CVE-2022-28391,0.01132,0.83191
CVE-2022-28394,0.00075,0.30862
CVE-2022-28397,0.00813,0.79975
CVE-2022-2840,0.00288,0.65711
CVE-2022-2841,0.02216,0.88389
CVE-2022-28410,0.00172,0.54442
CVE-2022-28411,0.00172,0.54442
CVE-2022-28412,0.00172,0.54442
CVE-2022-28413,0.00172,0.54442
CVE-2022-28414,0.00172,0.54442
CVE-2022-28415,0.00172,0.54442
CVE-2022-28416,0.00172,0.54442
CVE-2022-28417,0.00172,0.54442
CVE-2022-2842,0.00151,0.51252
CVE-2022-28420,0.00172,0.54442
CVE-2022-28421,0.00172,0.54442
CVE-2022-28422,0.00172,0.54442
CVE-2022-28423,0.00172,0.54442
CVE-2022-28424,0.00172,0.54442
CVE-2022-28425,0.00172,0.54442
CVE-2022-28426,0.00172,0.54442
CVE-2022-28427,0.00172,0.54442
CVE-2022-28429,0.00172,0.54442
CVE-2022-2843,0.00074,0.30476
CVE-2022-28431,0.00172,0.54442
CVE-2022-28432,0.00172,0.54442
CVE-2022-28433,0.00172,0.54442
CVE-2022-28434,0.00119,0.45993
CVE-2022-28435,0.00172,0.54442
CVE-2022-28436,0.00172,0.54442
CVE-2022-28437,0.00172,0.54442
CVE-2022-28438,0.00172,0.54442
CVE-2022-28439,0.00172,0.54442
CVE-2022-2844,0.00070,0.28928
CVE-2022-28440,0.00125,0.46970
CVE-2022-28443,0.00064,0.26126
CVE-2022-28444,0.00238,0.61955
CVE-2022-28445,0.00076,0.31357
CVE-2022-28448,0.00058,0.22585
CVE-2022-28449,0.00078,0.32739
CVE-2022-2845,0.00071,0.29395
CVE-2022-28450,0.00072,0.29718
CVE-2022-28451,0.00152,0.51368
CVE-2022-28452,0.00248,0.62835
CVE-2022-28454,0.00079,0.32923
CVE-2022-2846,0.00232,0.61367
CVE-2022-28461,0.00172,0.54442
CVE-2022-28462,0.00205,0.58568
CVE-2022-28463,0.00077,0.31674
CVE-2022-28464,0.00217,0.59760
CVE-2022-28467,0.00172,0.54442
CVE-2022-28468,0.00172,0.54442
CVE-2022-2847,0.00445,0.72375
CVE-2022-28470,0.00356,0.69275
CVE-2022-28471,0.00086,0.35887
CVE-2022-28477,0.00068,0.28323
CVE-2022-28478,0.00081,0.33880
CVE-2022-28479,0.00058,0.22585
CVE-2022-2848,0.00329,0.68035
CVE-2022-28480,0.00258,0.63638
CVE-2022-28481,0.00252,0.63186
CVE-2022-28487,0.00146,0.50460
CVE-2022-28488,0.00216,0.59622
CVE-2022-2849,0.00062,0.24451
CVE-2022-28491,0.15822,0.95463
CVE-2022-28492,0.00327,0.67894
CVE-2022-28493,0.01921,0.87393
CVE-2022-28494,0.15822,0.95463
CVE-2022-28495,0.01334,0.84670
CVE-2022-28496,0.09864,0.94323
CVE-2022-28497,0.09864,0.94323
CVE-2022-2850,0.00080,0.33457
CVE-2022-28505,0.00088,0.36822
CVE-2022-28506,0.00084,0.34970
CVE-2022-28507,0.00053,0.18833
CVE-2022-28508,0.00079,0.32923
CVE-2022-28512,0.00170,0.53970
CVE-2022-2852,0.00827,0.80148
CVE-2022-28521,0.00293,0.66016
CVE-2022-28522,0.00054,0.19309
CVE-2022-28523,0.00081,0.33880
CVE-2022-28524,0.00179,0.55171
CVE-2022-28525,0.00130,0.47892
CVE-2022-28527,0.00081,0.33880
CVE-2022-28528,0.00104,0.42382
CVE-2022-2853,0.00211,0.59068
CVE-2022-28530,0.00190,0.56614
CVE-2022-28531,0.00244,0.62389
CVE-2022-28533,0.00190,0.56614
CVE-2022-2854,0.00296,0.66196
CVE-2022-28541,0.00044,0.07794
CVE-2022-28542,0.00042,0.05722
CVE-2022-28543,0.00044,0.07794
CVE-2022-28544,0.00044,0.07794
CVE-2022-28545,0.00050,0.16378
CVE-2022-2855,0.00296,0.66196
CVE-2022-28550,0.00087,0.36569
CVE-2022-28552,0.00088,0.36822
CVE-2022-28556,0.00086,0.35887
CVE-2022-28557,0.00594,0.76096
CVE-2022-2856,0.00373,0.69949
CVE-2022-28560,0.00234,0.61568
CVE-2022-28561,0.00234,0.61568
CVE-2022-28568,0.01843,0.87064
CVE-2022-2857,0.00296,0.66196
CVE-2022-28571,0.00214,0.59441
CVE-2022-28572,0.00246,0.62636
CVE-2022-28573,0.00219,0.59943
CVE-2022-28575,0.01502,0.85605
CVE-2022-28577,0.01502,0.85605
CVE-2022-28578,0.01502,0.85605
CVE-2022-28579,0.01502,0.85605
CVE-2022-2858,0.00296,0.66196
CVE-2022-28580,0.01502,0.85605
CVE-2022-28581,0.01502,0.85605
CVE-2022-28582,0.01502,0.85605
CVE-2022-28583,0.01502,0.85605
CVE-2022-28584,0.01502,0.85605
CVE-2022-28585,0.00172,0.54442
CVE-2022-28586,0.00078,0.32739
CVE-2022-28588,0.00058,0.22585
CVE-2022-28589,0.00058,0.22585
CVE-2022-2859,0.00296,0.66196
CVE-2022-28590,0.00280,0.65188
CVE-2022-28598,0.00105,0.42654
CVE-2022-28599,0.00058,0.22585
CVE-2022-2860,0.00180,0.55296
CVE-2022-28601,0.00095,0.39629
CVE-2022-28605,0.00393,0.70730
CVE-2022-28606,0.00243,0.62357
CVE-2022-28607,0.00166,0.53354
CVE-2022-2861,0.00081,0.33499
CVE-2022-28611,0.00043,0.06775
CVE-2022-28612,0.00050,0.16378
CVE-2022-28613,0.00090,0.37693
CVE-2022-28614,0.00346,0.68801
CVE-2022-28615,0.01475,0.85445
CVE-2022-28616,0.00175,0.54725
CVE-2022-28617,0.00337,0.68401
CVE-2022-28618,0.00107,0.43213
CVE-2022-28619,0.00042,0.05722
CVE-2022-2862,0.00062,0.24451
CVE-2022-28620,0.00365,0.69629
CVE-2022-28621,0.00199,0.57804
CVE-2022-28622,0.00255,0.63487
CVE-2022-28623,0.00142,0.49961
CVE-2022-28624,0.00054,0.20290
CVE-2022-28625,0.00042,0.05722
CVE-2022-28626,0.00042,0.05722
CVE-2022-28627,0.00062,0.24544
CVE-2022-28628,0.00062,0.24544
CVE-2022-28629,0.00042,0.05722
CVE-2022-2863,0.54582,0.97362
CVE-2022-28630,0.00062,0.24544
CVE-2022-28631,0.00062,0.24544
CVE-2022-28632,0.00062,0.24544
CVE-2022-28633,0.00058,0.22019
CVE-2022-28634,0.00042,0.05722
CVE-2022-28635,0.00062,0.24544
CVE-2022-28636,0.00062,0.24544
CVE-2022-28637,0.00042,0.05722
CVE-2022-28638,0.00042,0.05722
CVE-2022-28639,0.00055,0.20546
CVE-2022-2864,0.00162,0.52799
CVE-2022-28640,0.00055,0.20546
CVE-2022-28641,0.00061,0.24024
CVE-2022-28642,0.00061,0.24024
CVE-2022-28643,0.00061,0.24024
CVE-2022-28644,0.00061,0.24024
CVE-2022-28645,0.00053,0.18667
CVE-2022-28646,0.00061,0.24024
CVE-2022-28647,0.00061,0.24024
CVE-2022-28648,0.00054,0.20290
CVE-2022-28649,0.00054,0.20290
CVE-2022-2865,0.00102,0.41534
CVE-2022-28650,0.00054,0.20290
CVE-2022-28651,0.00044,0.10161
CVE-2022-2866,0.00077,0.32066
CVE-2022-28660,0.00221,0.60385
CVE-2022-28661,0.00179,0.55153
CVE-2022-28662,0.00115,0.45174
CVE-2022-28663,0.00076,0.31218
CVE-2022-28664,0.00604,0.76316
CVE-2022-28665,0.00655,0.77351
CVE-2022-28666,0.00070,0.28928
CVE-2022-28667,0.00049,0.14855
CVE-2022-28668,0.00068,0.28061
CVE-2022-28669,0.00510,0.74171
CVE-2022-2867,0.00052,0.18169
CVE-2022-28670,0.00504,0.74022
CVE-2022-28671,0.00510,0.74171
CVE-2022-28672,0.00510,0.74171
CVE-2022-28673,0.00510,0.74171
CVE-2022-28674,0.00510,0.74171
CVE-2022-28675,0.00510,0.74171
CVE-2022-28676,0.00510,0.74171
CVE-2022-28677,0.00510,0.74171
CVE-2022-28678,0.00510,0.74171
CVE-2022-28679,0.00510,0.74171
CVE-2022-2868,0.00052,0.18169
CVE-2022-28680,0.00510,0.74171
CVE-2022-28681,0.00353,0.69099
CVE-2022-28682,0.00504,0.74022
CVE-2022-28683,0.00510,0.74171
CVE-2022-28684,0.01222,0.83923
CVE-2022-28685,0.00073,0.30214
CVE-2022-28686,0.00096,0.39932
CVE-2022-28687,0.00096,0.39932
CVE-2022-28688,0.00096,0.39932
CVE-2022-28689,0.00089,0.37248
CVE-2022-2869,0.00052,0.18169
CVE-2022-28690,0.00061,0.24209
CVE-2022-28691,0.00089,0.37607
CVE-2022-28692,0.00082,0.34183
CVE-2022-28695,0.00134,0.48542
CVE-2022-28696,0.00043,0.06775
CVE-2022-28697,0.00068,0.27934
CVE-2022-28699,0.00043,0.06775
CVE-2022-2870,0.00142,0.49922
CVE-2022-28700,0.00085,0.35316
CVE-2022-28701,0.00089,0.37607
CVE-2022-28702,0.00063,0.25013
CVE-2022-28703,0.00179,0.55183
CVE-2022-28704,0.00184,0.55770
CVE-2022-28705,0.00089,0.37607
CVE-2022-28706,0.00089,0.37607
CVE-2022-28707,0.00054,0.20290
CVE-2022-28708,0.00089,0.37607
CVE-2022-28709,0.00043,0.06775
CVE-2022-2871,0.00051,0.17233
CVE-2022-28710,0.00069,0.28633
CVE-2022-28711,0.00118,0.45809
CVE-2022-28712,0.00064,0.26301
CVE-2022-28713,0.00140,0.49512
CVE-2022-28714,0.00062,0.24373
CVE-2022-28715,0.00095,0.39725
CVE-2022-28716,0.00201,0.58090
CVE-2022-28717,0.00066,0.27429
CVE-2022-28718,0.00082,0.34183
CVE-2022-28719,0.00664,0.77591
CVE-2022-2872,0.00051,0.17233
CVE-2022-28721,0.00369,0.69805
CVE-2022-28722,0.00166,0.53381
CVE-2022-2873,0.00042,0.05722
CVE-2022-28730,0.00365,0.69628
CVE-2022-28731,0.00063,0.25097
CVE-2022-28732,0.00365,0.69628
CVE-2022-28733,0.00063,0.25553
CVE-2022-28734,0.00046,0.13791
CVE-2022-28735,0.00042,0.05722
CVE-2022-28736,0.00043,0.07702
CVE-2022-28737,0.00055,0.20747
CVE-2022-28738,0.00318,0.67458
CVE-2022-28739,0.00387,0.70506
CVE-2022-2874,0.00054,0.19503
CVE-2022-28740,0.00143,0.50015
CVE-2022-28741,0.00185,0.55879
CVE-2022-28742,0.00143,0.50015
CVE-2022-28743,0.00194,0.57376
CVE-2022-28747,0.00606,0.76346
CVE-2022-28749,0.00054,0.20290
CVE-2022-28750,0.00263,0.64035
CVE-2022-28751,0.00042,0.05722
CVE-2022-28752,0.00042,0.05722
CVE-2022-28753,0.00053,0.18436
CVE-2022-28754,0.00053,0.18436
CVE-2022-28755,0.00102,0.41360
CVE-2022-28756,0.00042,0.05722
CVE-2022-28757,0.00042,0.05722
CVE-2022-28758,0.00135,0.48776
CVE-2022-28759,0.00149,0.50917
CVE-2022-2876,0.00151,0.51252
CVE-2022-28760,0.00064,0.25824
CVE-2022-28761,0.00061,0.23822
CVE-2022-28762,0.00043,0.06775
CVE-2022-28763,0.00241,0.62183
CVE-2022-28764,0.00042,0.05722
CVE-2022-28766,0.00042,0.05722
CVE-2022-28768,0.00042,0.05722
CVE-2022-2877,0.00067,0.27728
CVE-2022-28770,0.00084,0.34802
CVE-2022-28771,0.00107,0.43241
CVE-2022-28772,0.00096,0.39980
CVE-2022-28773,0.00101,0.41058
CVE-2022-28774,0.00044,0.10161
CVE-2022-28775,0.00042,0.05722
CVE-2022-28776,0.00042,0.05722
CVE-2022-28777,0.00042,0.05722
CVE-2022-28778,0.00042,0.05722
CVE-2022-28779,0.00042,0.05722
CVE-2022-28780,0.00044,0.10161
CVE-2022-28781,0.00042,0.05722
CVE-2022-28782,0.00046,0.13837
CVE-2022-28783,0.00042,0.05722
CVE-2022-28784,0.00044,0.07794
CVE-2022-28785,0.00042,0.05722
CVE-2022-28786,0.00042,0.05722
CVE-2022-28787,0.00042,0.05722
CVE-2022-28788,0.00042,0.05722
CVE-2022-28789,0.00042,0.05722
CVE-2022-2879,0.00122,0.46441
CVE-2022-28790,0.00042,0.05722
CVE-2022-28791,0.00042,0.05722
CVE-2022-28792,0.00061,0.23860
CVE-2022-28793,0.00042,0.05722
CVE-2022-28794,0.00042,0.05722
CVE-2022-28795,0.00150,0.51158
CVE-2022-28796,0.00044,0.10161
CVE-2022-28799,0.00212,0.59097
CVE-2022-2880,0.00163,0.52974
CVE-2022-28802,0.00082,0.34029
CVE-2022-28803,0.00054,0.20290
CVE-2022-28805,0.00279,0.65108
CVE-2022-28806,0.00078,0.32747
CVE-2022-28807,0.00062,0.24544
CVE-2022-28808,0.00062,0.24544
CVE-2022-28809,0.00088,0.37076
CVE-2022-2881,0.00082,0.34067
CVE-2022-28810,0.94749,0.99108
CVE-2022-28811,0.00246,0.62665
CVE-2022-28812,0.00274,0.64773
CVE-2022-28813,0.00147,0.50606
CVE-2022-28814,0.00278,0.65017
CVE-2022-28815,0.00053,0.18436
CVE-2022-28816,0.00063,0.25287
CVE-2022-28818,0.00079,0.32800
CVE-2022-28819,0.00169,0.53831
CVE-2022-2882,0.00078,0.32100
CVE-2022-28820,0.00079,0.32800
CVE-2022-28821,0.00169,0.53831
CVE-2022-28822,0.00169,0.53831
CVE-2022-28823,0.09913,0.94346
CVE-2022-28824,0.09913,0.94346
CVE-2022-28825,0.00169,0.53831
CVE-2022-28826,0.00335,0.68368
CVE-2022-28827,0.00169,0.53831
CVE-2022-28828,0.00169,0.53831
CVE-2022-28829,0.00169,0.53831
CVE-2022-2883,0.00055,0.20446
CVE-2022-28830,0.00280,0.65164
CVE-2022-28831,0.00194,0.57324
CVE-2022-28832,0.00077,0.31675
CVE-2022-28833,0.00194,0.57324
CVE-2022-28834,0.02782,0.89608
CVE-2022-28835,0.12295,0.94921
CVE-2022-28836,0.02782,0.89608
CVE-2022-28837,0.00262,0.63938
CVE-2022-28838,0.37536,0.96841
CVE-2022-28839,0.00086,0.35625
CVE-2022-2884,0.00554,0.75229
CVE-2022-28840,0.00086,0.35625
CVE-2022-28841,0.00086,0.35625
CVE-2022-28842,0.00610,0.76422
CVE-2022-28843,0.00086,0.35625
CVE-2022-28844,0.00096,0.39970
CVE-2022-28845,0.00086,0.35625
CVE-2022-28846,0.00086,0.35625
CVE-2022-28847,0.00086,0.35625
CVE-2022-28848,0.00086,0.35625
CVE-2022-28849,0.00335,0.68373
CVE-2022-2885,0.00051,0.17233
CVE-2022-28850,0.00222,0.60591
CVE-2022-28851,0.00052,0.17591
CVE-2022-28852,0.00159,0.52504
CVE-2022-28853,0.00159,0.52504
CVE-2022-28854,0.00111,0.44168
CVE-2022-28855,0.00111,0.44168
CVE-2022-28856,0.00111,0.44168
CVE-2022-28857,0.00111,0.44168
CVE-2022-28858,0.00043,0.06775
CVE-2022-28859,0.00065,0.26756
CVE-2022-2886,0.00139,0.49391
CVE-2022-28860,0.00112,0.44454
CVE-2022-28861,0.00112,0.44454
CVE-2022-28862,0.00180,0.55301
CVE-2022-28863,0.00088,0.36672
CVE-2022-28864,0.00050,0.16285
CVE-2022-28865,0.00045,0.11801
CVE-2022-28866,0.00091,0.38529
CVE-2022-28867,0.00045,0.11801
CVE-2022-28868,0.00078,0.32206
CVE-2022-28869,0.00078,0.32206
CVE-2022-2887,0.00056,0.20979
CVE-2022-28870,0.00078,0.32206
CVE-2022-28871,0.00101,0.41058
CVE-2022-28872,0.00201,0.58090
CVE-2022-28873,0.00078,0.32206
CVE-2022-28874,0.00101,0.41058
CVE-2022-28875,0.00101,0.41058
CVE-2022-28876,0.00097,0.40227
CVE-2022-28877,0.00042,0.05722
CVE-2022-28878,0.00097,0.40227
CVE-2022-28879,0.00097,0.40227
CVE-2022-2888,0.00043,0.06775
CVE-2022-28880,0.00068,0.28081
CVE-2022-28881,0.00097,0.40227
CVE-2022-28882,0.00086,0.35826
CVE-2022-28883,0.00086,0.35826
CVE-2022-28884,0.00088,0.36991
CVE-2022-28885,0.00084,0.34982
CVE-2022-28886,0.00050,0.16034
CVE-2022-28887,0.00088,0.36991
CVE-2022-28888,0.03697,0.90897
CVE-2022-28889,0.00313,0.67136
CVE-2022-2889,0.00062,0.24451
CVE-2022-28890,0.04049,0.91263
CVE-2022-28892,0.00073,0.30411
CVE-2022-28893,0.00045,0.11966
CVE-2022-28895,0.00214,0.59441
CVE-2022-28896,0.00214,0.59441
CVE-2022-2890,0.00051,0.17233
CVE-2022-28901,0.00214,0.59441
CVE-2022-28905,0.44862,0.97079
CVE-2022-28906,0.44862,0.97079
CVE-2022-28907,0.44862,0.97079
CVE-2022-28908,0.44862,0.97079
CVE-2022-28909,0.04847,0.91998
CVE-2022-2891,0.00166,0.53354
CVE-2022-28910,0.44862,0.97079
CVE-2022-28911,0.44862,0.97079
CVE-2022-28912,0.44862,0.97079
CVE-2022-28913,0.44862,0.97079
CVE-2022-28915,0.00214,0.59441
CVE-2022-28917,0.00117,0.45605
CVE-2022-28918,0.00079,0.32837
CVE-2022-28919,0.00109,0.43811
CVE-2022-2892,0.00080,0.33496
CVE-2022-28920,0.00058,0.22585
CVE-2022-28921,0.00095,0.39696
CVE-2022-28923,0.00742,0.78942
CVE-2022-28924,0.00076,0.31357
CVE-2022-28927,0.00422,0.71674
CVE-2022-28929,0.00172,0.54442
CVE-2022-2893,0.00067,0.27745
CVE-2022-28930,0.00172,0.54442
CVE-2022-28932,0.00447,0.72422
CVE-2022-28935,0.00706,0.78348
CVE-2022-28936,0.00075,0.30828
CVE-2022-28937,0.00086,0.35739
CVE-2022-2894,0.00062,0.24780
CVE-2022-28940,0.00086,0.35887
CVE-2022-28944,0.01242,0.84075
CVE-2022-28945,0.00138,0.49304
CVE-2022-28946,0.00089,0.37607
CVE-2022-28948,0.00088,0.37038
CVE-2022-2895,0.00093,0.39004
CVE-2022-28955,0.02487,0.89040
CVE-2022-28956,0.00813,0.79968
CVE-2022-28959,0.00132,0.48288
CVE-2022-2896,0.00161,0.52766
CVE-2022-28960,0.00207,0.58720
CVE-2022-28961,0.00139,0.49408
CVE-2022-28962,0.00244,0.62389
CVE-2022-28964,0.00058,0.21951
CVE-2022-28965,0.00044,0.10161
CVE-2022-28966,0.00069,0.28512
CVE-2022-28969,0.00117,0.45605
CVE-2022-2897,0.00046,0.12648
CVE-2022-28970,0.00117,0.45605
CVE-2022-28971,0.00117,0.45605
CVE-2022-28972,0.00117,0.45605
CVE-2022-28973,0.00117,0.45605
CVE-2022-28975,0.00045,0.11801
CVE-2022-28977,0.00100,0.40923
CVE-2022-28978,0.00061,0.23927
CVE-2022-28979,0.00079,0.33077
CVE-2022-2898,0.00046,0.12648
CVE-2022-28980,0.00068,0.28132
CVE-2022-28981,0.00200,0.57971
CVE-2022-28982,0.00068,0.28132
CVE-2022-28985,0.00058,0.22585
CVE-2022-28986,0.00110,0.44045
CVE-2022-28987,0.00101,0.41107
CVE-2022-28990,0.00048,0.14460
CVE-2022-28991,0.00136,0.48996
CVE-2022-28992,0.00118,0.45710
CVE-2022-28993,0.00339,0.68506
CVE-2022-28994,0.00509,0.74144
CVE-2022-28995,0.00499,0.73843
CVE-2022-28997,0.01420,0.85163
CVE-2022-28998,0.01680,0.86400
CVE-2022-28999,0.00125,0.46970
CVE-2022-2900,0.00122,0.46391
CVE-2022-29001,0.00087,0.36582
CVE-2022-29002,0.00106,0.42853
CVE-2022-29004,0.00218,0.59841
CVE-2022-29005,0.00150,0.51192
CVE-2022-29006,0.15861,0.95472
CVE-2022-29007,0.15861,0.95472
CVE-2022-29008,0.00387,0.70490
CVE-2022-29009,0.15861,0.95472
CVE-2022-2901,0.00051,0.17233
CVE-2022-29013,0.83838,0.98220
CVE-2022-29014,0.77285,0.97962
CVE-2022-29017,0.00051,0.17017
CVE-2022-29020,0.00078,0.32739
CVE-2022-29021,0.00184,0.55769
CVE-2022-29022,0.00184,0.55769
CVE-2022-29023,0.00152,0.51381
CVE-2022-29028,0.00050,0.16871
CVE-2022-29029,0.00050,0.16871
CVE-2022-2903,0.00085,0.35505
CVE-2022-29030,0.00050,0.16871
CVE-2022-29031,0.00050,0.16871
CVE-2022-29032,0.00053,0.18903
CVE-2022-29033,0.00053,0.18903
CVE-2022-29034,0.00114,0.44865
CVE-2022-29035,0.00050,0.16378
CVE-2022-29036,0.00077,0.32019
CVE-2022-29037,0.00077,0.32019
CVE-2022-29038,0.00077,0.32019
CVE-2022-29039,0.00077,0.32019
CVE-2022-2904,0.00157,0.52148
CVE-2022-29040,0.00077,0.32019
CVE-2022-29041,0.00077,0.32019
CVE-2022-29042,0.00077,0.32019
CVE-2022-29043,0.00077,0.32019
CVE-2022-29044,0.00077,0.32019
CVE-2022-29045,0.00077,0.32019
CVE-2022-29046,0.00101,0.41062
CVE-2022-29047,0.00072,0.29847
CVE-2022-29048,0.00091,0.38488
CVE-2022-29049,0.00054,0.19618
CVE-2022-2905,0.00042,0.05722
CVE-2022-29050,0.00075,0.30903
CVE-2022-29051,0.00054,0.19618
CVE-2022-29052,0.00054,0.19618
CVE-2022-29053,0.00043,0.06775
CVE-2022-29054,0.00043,0.06775
CVE-2022-29055,0.00078,0.32333
CVE-2022-29056,0.00073,0.30201
CVE-2022-29057,0.00061,0.23927
CVE-2022-29058,0.00043,0.06775
CVE-2022-2906,0.00082,0.34067
CVE-2022-29060,0.00194,0.57362
CVE-2022-29061,0.00148,0.50741
CVE-2022-29062,0.00087,0.35997
CVE-2022-29063,0.02206,0.88355
CVE-2022-2907,0.00200,0.57955
CVE-2022-29071,0.00043,0.06775
CVE-2022-29072,0.00141,0.49722
CVE-2022-29077,0.00229,0.61151
CVE-2022-29078,0.37395,0.96835
CVE-2022-2908,0.00103,0.41785
CVE-2022-29080,0.00202,0.58210
CVE-2022-29081,0.51714,0.97285
CVE-2022-29082,0.00079,0.33175
CVE-2022-29083,0.00060,0.23540
CVE-2022-29084,0.00347,0.68832
CVE-2022-29085,0.00044,0.10161
CVE-2022-29089,0.00095,0.39499
CVE-2022-2909,0.00080,0.33488
CVE-2022-29090,0.00062,0.24822
CVE-2022-29091,0.00136,0.48999
CVE-2022-29092,0.00044,0.10161
CVE-2022-29093,0.00044,0.07794
CVE-2022-29094,0.00044,0.07794
CVE-2022-29095,0.00232,0.61381
CVE-2022-29096,0.00058,0.21556
CVE-2022-29097,0.00131,0.48048
CVE-2022-29098,0.00199,0.57804
CVE-2022-29102,0.00043,0.07315
CVE-2022-29103,0.00043,0.07315
CVE-2022-29104,0.00059,0.23066
CVE-2022-29105,0.00270,0.64502
CVE-2022-29106,0.00043,0.07315
CVE-2022-29107,0.00078,0.32131
CVE-2022-29108,0.06997,0.93320
CVE-2022-29109,0.00238,0.61912
CVE-2022-29110,0.00238,0.61912
CVE-2022-29111,0.00238,0.61912
CVE-2022-29112,0.00284,0.65436
CVE-2022-29113,0.00043,0.07315
CVE-2022-29114,0.00059,0.23066
CVE-2022-29115,0.00238,0.61912
CVE-2022-29116,0.00043,0.07315
CVE-2022-29117,0.00178,0.54977
CVE-2022-29119,0.00238,0.61912
CVE-2022-2912,0.00067,0.27728
CVE-2022-29120,0.00043,0.07315
CVE-2022-29121,0.00063,0.25751
CVE-2022-29122,0.00043,0.07315
CVE-2022-29123,0.00043,0.07315
CVE-2022-29125,0.00043,0.07315
CVE-2022-29126,0.00043,0.07315
CVE-2022-29127,0.00054,0.19662
CVE-2022-29128,0.01294,0.84440
CVE-2022-29129,0.01294,0.84440
CVE-2022-2913,0.00067,0.27728
CVE-2022-29130,0.01128,0.83172
CVE-2022-29131,0.01294,0.84440
CVE-2022-29132,0.00043,0.07315
CVE-2022-29133,0.00043,0.07315
CVE-2022-29134,0.00043,0.07315
CVE-2022-29135,0.00043,0.07315
CVE-2022-29137,0.01294,0.84440
CVE-2022-29138,0.00043,0.07315
CVE-2022-29139,0.01608,0.86128
CVE-2022-29140,0.00059,0.23066
CVE-2022-29141,0.01294,0.84440
CVE-2022-29142,0.00043,0.07315
CVE-2022-29143,0.01257,0.84165
CVE-2022-29144,0.00103,0.41974
CVE-2022-29145,0.00178,0.54977
CVE-2022-29146,0.00103,0.41974
CVE-2022-29147,0.00063,0.25174
CVE-2022-29148,0.00270,0.64502
CVE-2022-29149,0.00043,0.07315
CVE-2022-2915,0.00168,0.53578
CVE-2022-29150,0.00043,0.07315
CVE-2022-29151,0.00043,0.07315
CVE-2022-29152,0.00078,0.32206
CVE-2022-29153,0.02619,0.89294
CVE-2022-29154,0.00090,0.37764
CVE-2022-29155,0.01103,0.82966
CVE-2022-29156,0.00044,0.10161
CVE-2022-29158,0.00140,0.49597
CVE-2022-29159,0.00063,0.24955
CVE-2022-29160,0.00047,0.14002
CVE-2022-29161,0.00219,0.59915
CVE-2022-29162,0.00045,0.11966
CVE-2022-29163,0.00077,0.31667
CVE-2022-29164,0.00240,0.62075
CVE-2022-29165,0.00549,0.75137
CVE-2022-29166,0.00221,0.60385
CVE-2022-29167,0.00083,0.34391
CVE-2022-29168,0.00103,0.41754
CVE-2022-29169,0.00146,0.50570
CVE-2022-29170,0.00140,0.49506
CVE-2022-29171,0.00262,0.63941
CVE-2022-29172,0.00061,0.24174
CVE-2022-29173,0.00197,0.57590
CVE-2022-29174,0.00262,0.63984
CVE-2022-29176,0.00359,0.69380
CVE-2022-29177,0.00091,0.38427
CVE-2022-29178,0.00042,0.05722
CVE-2022-29179,0.00042,0.05722
CVE-2022-29180,0.00197,0.57590
CVE-2022-29181,0.00285,0.65491
CVE-2022-29182,0.00086,0.35776
CVE-2022-29183,0.00123,0.46551
CVE-2022-29184,0.00474,0.73173
CVE-2022-29185,0.00124,0.46803
CVE-2022-29186,0.00178,0.55096
CVE-2022-29187,0.00046,0.13778
CVE-2022-29188,0.00081,0.33689
CVE-2022-29189,0.00432,0.71961
CVE-2022-29190,0.00121,0.46286
CVE-2022-29191,0.00076,0.31182
CVE-2022-29192,0.00076,0.31182
CVE-2022-29193,0.00076,0.31182
CVE-2022-29194,0.00076,0.31182
CVE-2022-29195,0.00072,0.29651
CVE-2022-29196,0.00076,0.31182
CVE-2022-29197,0.00072,0.29651
CVE-2022-29198,0.00072,0.29651
CVE-2022-29199,0.00072,0.29651
CVE-2022-29200,0.00076,0.31182
CVE-2022-29201,0.00076,0.31182
CVE-2022-29202,0.00076,0.31182
CVE-2022-29203,0.00076,0.31182
CVE-2022-29204,0.00072,0.29651
CVE-2022-29205,0.00076,0.31182
CVE-2022-29206,0.00076,0.31323
CVE-2022-29207,0.00076,0.31182
CVE-2022-29208,0.00072,0.29651
CVE-2022-29209,0.00078,0.32073
CVE-2022-2921,0.00080,0.33488
CVE-2022-29210,0.00045,0.11966
CVE-2022-29211,0.00076,0.31182
CVE-2022-29212,0.00076,0.31182
CVE-2022-29213,0.00072,0.29651
CVE-2022-29214,0.00061,0.24174
CVE-2022-29215,0.00091,0.38427
CVE-2022-29216,0.00074,0.30480
CVE-2022-29217,0.00116,0.45320
CVE-2022-29218,0.00068,0.28156
CVE-2022-29219,0.00072,0.29685
CVE-2022-2922,0.00063,0.25057
CVE-2022-29220,0.00060,0.23686
CVE-2022-29221,0.00299,0.66367
CVE-2022-29222,0.00072,0.29685
CVE-2022-29223,0.00260,0.63866
CVE-2022-29224,0.00099,0.40643
CVE-2022-29225,0.00088,0.37038
CVE-2022-29226,0.00135,0.48814
CVE-2022-29227,0.00091,0.38427
CVE-2022-29228,0.00091,0.38427
CVE-2022-29229,0.00104,0.42274
CVE-2022-2923,0.00054,0.19503
CVE-2022-29230,0.00060,0.23686
CVE-2022-29232,0.00069,0.28714
CVE-2022-29233,0.00067,0.27871
CVE-2022-29234,0.00077,0.32047
CVE-2022-29235,0.00100,0.40844
CVE-2022-29236,0.00077,0.32047
CVE-2022-29237,0.00050,0.16378
CVE-2022-29238,0.00054,0.19333
CVE-2022-2924,0.00051,0.17233
CVE-2022-29240,0.00148,0.50887
CVE-2022-29241,0.00104,0.42231
CVE-2022-29242,0.00153,0.51523
CVE-2022-29243,0.00125,0.46944
CVE-2022-29244,0.00201,0.58121
CVE-2022-29245,0.00142,0.49969
CVE-2022-29246,0.00790,0.79698
CVE-2022-29247,0.00261,0.63880
CVE-2022-29248,0.00228,0.61080
CVE-2022-29249,0.00133,0.48411
CVE-2022-2925,0.00051,0.17233
CVE-2022-29250,0.00054,0.20290
CVE-2022-29251,0.00071,0.29242
CVE-2022-29252,0.00071,0.29242
CVE-2022-29253,0.00095,0.39606
CVE-2022-29254,0.00061,0.24174
CVE-2022-29255,0.00062,0.24376
CVE-2022-29256,0.00042,0.05844
CVE-2022-29257,0.00095,0.39710
CVE-2022-29258,0.00071,0.29242
CVE-2022-2926,0.00054,0.19499
CVE-2022-29262,0.00043,0.06775
CVE-2022-29263,0.00044,0.10161
CVE-2022-29264,0.00306,0.66754
CVE-2022-29265,0.00127,0.47319
CVE-2022-29266,0.00126,0.47130
CVE-2022-29269,0.00095,0.39700
CVE-2022-2927,0.00172,0.54307
CVE-2022-29270,0.00100,0.40845
CVE-2022-29271,0.00100,0.40845
CVE-2022-29272,0.00239,0.62052
CVE-2022-29273,0.00066,0.27164
CVE-2022-29275,0.00043,0.06775
CVE-2022-29276,0.00043,0.06775
CVE-2022-29277,0.00043,0.06775
CVE-2022-29278,0.00043,0.06775
CVE-2022-29279,0.00043,0.06775
CVE-2022-2928,0.00085,0.35507
CVE-2022-29281,0.00361,0.69465
CVE-2022-29286,0.00164,0.53109
CVE-2022-29287,0.00067,0.27742
CVE-2022-2929,0.00079,0.33159
CVE-2022-29296,0.00094,0.39375
CVE-2022-29298,0.13740,0.95151
CVE-2022-2930,0.00043,0.06775
CVE-2022-29302,0.00048,0.14460
CVE-2022-29303,0.95299,0.99210
CVE-2022-29304,0.00087,0.36089
CVE-2022-29305,0.00172,0.54442
CVE-2022-29306,0.00172,0.54442
CVE-2022-29307,0.00558,0.75303
CVE-2022-29309,0.00205,0.58568
CVE-2022-2931,0.00087,0.36267
CVE-2022-29315,0.00229,0.61147
CVE-2022-29316,0.00142,0.49961
CVE-2022-29317,0.00141,0.49815
CVE-2022-29318,0.00125,0.46970
CVE-2022-2932,0.00066,0.27216
CVE-2022-29320,0.00063,0.24905
CVE-2022-29321,0.00202,0.58160
CVE-2022-29322,0.00202,0.58160
CVE-2022-29323,0.00202,0.58160
CVE-2022-29324,0.00202,0.58160
CVE-2022-29325,0.00202,0.58160
CVE-2022-29326,0.00202,0.58160
CVE-2022-29327,0.00202,0.58160
CVE-2022-29328,0.00202,0.58160
CVE-2022-29329,0.00202,0.58160
CVE-2022-2933,0.00137,0.49043
CVE-2022-29330,0.00067,0.27742
CVE-2022-29332,0.00085,0.35214
CVE-2022-29333,0.00111,0.44129
CVE-2022-29334,0.00237,0.61897
CVE-2022-29337,0.00521,0.74447
CVE-2022-29339,0.00088,0.37038
CVE-2022-2934,0.00053,0.18436
CVE-2022-29340,0.00088,0.37038
CVE-2022-29347,0.00379,0.70215
CVE-2022-29349,0.01698,0.86466
CVE-2022-2935,0.00048,0.14636
CVE-2022-29351,0.00374,0.69978
CVE-2022-29353,0.00298,0.66351
CVE-2022-29354,0.00298,0.66351
CVE-2022-29358,0.00051,0.17017
CVE-2022-29359,0.00068,0.28323
CVE-2022-2936,0.00048,0.14636
CVE-2022-29360,0.00065,0.27120
CVE-2022-29361,0.00113,0.44767
CVE-2022-29362,0.00058,0.22585
CVE-2022-29363,0.00162,0.52828
CVE-2022-29368,0.00073,0.30031
CVE-2022-29369,0.00091,0.38427
CVE-2022-2937,0.00048,0.14636
CVE-2022-29376,0.00125,0.46970
CVE-2022-29377,0.00117,0.45605
CVE-2022-29379,0.00240,0.62115
CVE-2022-2938,0.00043,0.06775
CVE-2022-29380,0.00091,0.38085
CVE-2022-29383,0.50359,0.97249
CVE-2022-2939,0.00078,0.32126
CVE-2022-29391,0.00214,0.59497
CVE-2022-29392,0.00214,0.59497
CVE-2022-29393,0.00214,0.59497
CVE-2022-29394,0.00214,0.59497
CVE-2022-29395,0.00214,0.59497
CVE-2022-29396,0.00214,0.59497
CVE-2022-29397,0.00214,0.59497
CVE-2022-29398,0.00214,0.59497
CVE-2022-29399,0.00214,0.59497
CVE-2022-29402,0.00099,0.40601
CVE-2022-29404,0.04521,0.91686
CVE-2022-29405,0.00055,0.20557
CVE-2022-29406,0.00058,0.22585
CVE-2022-29408,0.00078,0.32206
CVE-2022-2941,0.00232,0.61364
CVE-2022-29410,0.00095,0.39615
CVE-2022-29411,0.00180,0.55301
CVE-2022-29412,0.00068,0.28008
CVE-2022-29413,0.00053,0.18302
CVE-2022-29414,0.00053,0.18302
CVE-2022-29415,0.00061,0.24174
CVE-2022-29416,0.00050,0.16429
CVE-2022-29417,0.00050,0.16378
CVE-2022-29418,0.00054,0.20290
CVE-2022-29419,0.00104,0.42274
CVE-2022-29420,0.00050,0.16378
CVE-2022-29421,0.00061,0.24174
CVE-2022-29422,0.00050,0.16378
CVE-2022-29423,0.00199,0.57868
CVE-2022-29424,0.00054,0.20290
CVE-2022-29425,0.00078,0.32206
CVE-2022-29426,0.00054,0.20290
CVE-2022-29427,0.00073,0.30411
CVE-2022-29428,0.00054,0.20290
CVE-2022-29429,0.00142,0.49887
CVE-2022-2943,0.00086,0.35746
CVE-2022-29430,0.00052,0.18167
CVE-2022-29431,0.00052,0.18167
CVE-2022-29432,0.00054,0.20290
CVE-2022-29433,0.00050,0.16378
CVE-2022-29434,0.00068,0.28007
CVE-2022-29435,0.00052,0.18167
CVE-2022-29436,0.00053,0.18302
CVE-2022-29437,0.00073,0.30411
CVE-2022-29438,0.00054,0.20290
CVE-2022-29439,0.00052,0.18167
CVE-2022-29440,0.00054,0.20290
CVE-2022-29441,0.00052,0.18167
CVE-2022-29442,0.00054,0.20290
CVE-2022-29443,0.00054,0.20290
CVE-2022-29444,0.00050,0.16378
CVE-2022-29445,0.00099,0.40756
CVE-2022-29446,0.00099,0.40756
CVE-2022-29447,0.00099,0.40756
CVE-2022-29448,0.00062,0.24461
CVE-2022-29449,0.00054,0.20290
CVE-2022-2945,0.00147,0.50682
CVE-2022-29450,0.00073,0.30411
CVE-2022-29451,0.00092,0.38934
CVE-2022-29452,0.00054,0.20290
CVE-2022-29453,0.00053,0.18302
CVE-2022-29454,0.00051,0.17026
CVE-2022-29455,0.00190,0.56596
CVE-2022-29457,0.01072,0.82721
CVE-2022-29458,0.00102,0.41568
CVE-2022-2946,0.00066,0.27610
CVE-2022-29464,0.97235,0.99814
CVE-2022-29465,0.00252,0.63173
CVE-2022-29466,0.00043,0.06775
CVE-2022-29467,0.00082,0.34183
CVE-2022-29468,0.00109,0.43830
CVE-2022-2947,0.00089,0.37199
CVE-2022-29470,0.00043,0.06775
CVE-2022-29471,0.00082,0.34183
CVE-2022-29472,0.00753,0.79098
CVE-2022-29473,0.00089,0.37607
CVE-2022-29474,0.00063,0.24943
CVE-2022-29475,0.00183,0.55686
CVE-2022-29476,0.00075,0.31049
CVE-2022-29477,0.00233,0.61493
CVE-2022-29479,0.00079,0.33173
CVE-2022-2948,0.00067,0.27834
CVE-2022-29480,0.00079,0.33173
CVE-2022-29481,0.00055,0.20522
CVE-2022-29482,0.00065,0.27077
CVE-2022-29483,0.00063,0.25013
CVE-2022-29484,0.00158,0.52252
CVE-2022-29485,0.00115,0.45028
CVE-2022-29486,0.00175,0.54717
CVE-2022-29487,0.00095,0.39725
CVE-2022-29488,0.00061,0.24209
CVE-2022-29489,0.00046,0.12710
CVE-2022-2949,0.00090,0.37828
CVE-2022-29490,0.00089,0.37248
CVE-2022-29491,0.00089,0.37607
CVE-2022-29492,0.00078,0.32333
CVE-2022-29493,0.00044,0.10862
CVE-2022-29494,0.00044,0.10862
CVE-2022-29495,0.00051,0.17097
CVE-2022-29496,0.00223,0.60626
CVE-2022-29498,0.00073,0.30380
CVE-2022-29499,0.03545,0.90707
CVE-2022-2950,0.00090,0.37828
CVE-2022-29500,0.00489,0.73609
CVE-2022-29501,0.00185,0.55885
CVE-2022-29502,0.00742,0.78944
CVE-2022-29503,0.00229,0.61192
CVE-2022-29505,0.00062,0.24373
CVE-2022-29506,0.00146,0.50575
CVE-2022-29507,0.00043,0.06775
CVE-2022-29508,0.00043,0.06775
CVE-2022-29509,0.00257,0.63563
CVE-2022-2951,0.00113,0.44768
CVE-2022-29510,0.00043,0.06775
CVE-2022-29511,0.00130,0.47825
CVE-2022-29512,0.00088,0.36834
CVE-2022-29513,0.00066,0.27429
CVE-2022-29514,0.00112,0.44588
CVE-2022-29515,0.00043,0.06775
CVE-2022-29516,0.00403,0.71058
CVE-2022-29517,0.00232,0.61374
CVE-2022-29518,0.00042,0.05722
CVE-2022-29519,0.00093,0.39237
CVE-2022-2952,0.00052,0.18028
CVE-2022-29520,0.00241,0.62162
CVE-2022-29522,0.00076,0.31271
CVE-2022-29523,0.00043,0.06775
CVE-2022-29524,0.00086,0.35770
CVE-2022-29525,0.00653,0.77313
CVE-2022-29526,0.00244,0.62531
CVE-2022-29527,0.00042,0.05722
CVE-2022-29528,0.00279,0.65096
CVE-2022-29529,0.00081,0.33551
CVE-2022-2953,0.00045,0.11801
CVE-2022-29530,0.00081,0.33551
CVE-2022-29531,0.00081,0.33551
CVE-2022-29532,0.00081,0.33551
CVE-2022-29533,0.00071,0.29281
CVE-2022-29534,0.00106,0.42944
CVE-2022-29535,0.08882,0.94012
CVE-2022-29536,0.00289,0.65811
CVE-2022-29537,0.00057,0.21445
CVE-2022-29538,0.00076,0.31338
CVE-2022-29539,0.00121,0.46212
CVE-2022-29540,0.00147,0.50619
CVE-2022-29546,0.00086,0.35830
CVE-2022-29547,0.00091,0.38109
CVE-2022-29548,0.00299,0.66389
CVE-2022-29549,0.00045,0.11966
CVE-2022-29550,0.00045,0.12069
CVE-2022-29555,0.00073,0.30411
CVE-2022-29556,0.00221,0.60385
CVE-2022-29557,0.00056,0.21102
CVE-2022-29558,0.00078,0.32759
CVE-2022-2956,0.00066,0.27216
CVE-2022-29560,0.00088,0.36880
CVE-2022-29561,0.00057,0.21259
CVE-2022-29562,0.00073,0.30201
CVE-2022-29564,0.00158,0.52341
CVE-2022-29566,0.00216,0.59644
CVE-2022-29567,0.00158,0.52341
CVE-2022-2957,0.00373,0.69956
CVE-2022-29577,0.00140,0.49678
CVE-2022-29578,0.00106,0.42899
CVE-2022-2958,0.00072,0.29591
CVE-2022-29580,0.00061,0.24210
CVE-2022-29581,0.00042,0.05722
CVE-2022-29582,0.00042,0.05722
CVE-2022-29583,0.00044,0.10161
CVE-2022-29584,0.00054,0.20290
CVE-2022-29585,0.00158,0.52341
CVE-2022-29586,0.00044,0.10161
CVE-2022-29587,0.00048,0.14460
CVE-2022-29588,0.00204,0.58368
CVE-2022-29589,0.00061,0.24174
CVE-2022-2959,0.00045,0.12491
CVE-2022-29591,0.00253,0.63221
CVE-2022-29592,0.00475,0.73195
CVE-2022-29593,0.00315,0.67249
CVE-2022-29594,0.00048,0.14460
CVE-2022-29596,0.00229,0.61127
CVE-2022-29597,0.00061,0.24190
CVE-2022-29598,0.00087,0.35933
CVE-2022-29599,0.02317,0.88653
CVE-2022-29600,0.00180,0.55301
CVE-2022-29601,0.00180,0.55301
CVE-2022-29602,0.00050,0.16378
CVE-2022-29603,0.00084,0.34873
CVE-2022-29604,0.00097,0.40294
CVE-2022-29605,0.00067,0.27817
CVE-2022-29606,0.00095,0.39650
CVE-2022-29607,0.00067,0.27817
CVE-2022-29608,0.00065,0.26763
CVE-2022-29609,0.00065,0.26763
CVE-2022-2961,0.00042,0.05722
CVE-2022-29610,0.00054,0.20290
CVE-2022-29611,0.00104,0.42231
CVE-2022-29612,0.00054,0.20290
CVE-2022-29613,0.00054,0.20290
CVE-2022-29614,0.00052,0.18029
CVE-2022-29615,0.00044,0.10161
CVE-2022-29616,0.00086,0.35723
CVE-2022-29617,0.00081,0.33872
CVE-2022-29618,0.00084,0.34802
CVE-2022-29619,0.00065,0.26756
CVE-2022-2962,0.00043,0.06775
CVE-2022-29620,0.00158,0.52311
CVE-2022-29622,0.00393,0.70739
CVE-2022-29623,0.00094,0.39442
CVE-2022-29624,0.00105,0.42468
CVE-2022-29627,0.00058,0.22585
CVE-2022-29628,0.00058,0.22585
CVE-2022-2963,0.00085,0.35210
CVE-2022-29631,0.00070,0.29105
CVE-2022-29632,0.00250,0.63021
CVE-2022-29633,0.00238,0.61983
CVE-2022-29637,0.00084,0.35146
CVE-2022-29638,0.00117,0.45605
CVE-2022-29639,0.03089,0.90076
CVE-2022-2964,0.00043,0.06775
CVE-2022-29640,0.00117,0.45605
CVE-2022-29641,0.00132,0.48172
CVE-2022-29642,0.00117,0.45605
CVE-2022-29643,0.00117,0.45605
CVE-2022-29644,0.01444,0.85303
CVE-2022-29645,0.02820,0.89676
CVE-2022-29646,0.00095,0.39559
CVE-2022-29647,0.00106,0.42853
CVE-2022-29648,0.00058,0.22585
CVE-2022-29649,0.00068,0.28132
CVE-2022-2965,0.00066,0.27216
CVE-2022-29650,0.00142,0.49961
CVE-2022-29651,0.00105,0.42644
CVE-2022-29652,0.00206,0.58600
CVE-2022-29653,0.00072,0.29847
CVE-2022-29654,0.00044,0.08085
CVE-2022-29655,0.00125,0.46970
CVE-2022-29656,0.00142,0.49961
CVE-2022-29659,0.00461,0.72818
CVE-2022-2966,0.00135,0.48776
CVE-2022-29660,0.00172,0.54442
CVE-2022-29661,0.00088,0.36822
CVE-2022-29662,0.00088,0.36822
CVE-2022-29663,0.00088,0.36822
CVE-2022-29664,0.00088,0.36822
CVE-2022-29665,0.00088,0.36822
CVE-2022-29666,0.00088,0.36822
CVE-2022-29667,0.00088,0.36822
CVE-2022-29669,0.00088,0.36822
CVE-2022-2967,0.00132,0.48268
CVE-2022-29670,0.00088,0.36822
CVE-2022-29676,0.00088,0.36822
CVE-2022-29680,0.00088,0.36822
CVE-2022-29681,0.00088,0.36822
CVE-2022-29682,0.00088,0.36822
CVE-2022-29683,0.00088,0.36822
CVE-2022-29684,0.00088,0.36822
CVE-2022-29685,0.00088,0.36822
CVE-2022-29686,0.00088,0.36822
CVE-2022-29687,0.00088,0.36822
CVE-2022-29688,0.00088,0.36822
CVE-2022-29689,0.00088,0.36822
CVE-2022-2969,0.00160,0.52666
CVE-2022-29692,0.00081,0.33577
CVE-2022-29693,0.00088,0.37038
CVE-2022-29694,0.00128,0.47438
CVE-2022-29695,0.00081,0.33923
CVE-2022-2970,0.00237,0.61858
CVE-2022-29700,0.00089,0.37607
CVE-2022-29701,0.00089,0.37607
CVE-2022-29704,0.00158,0.52225
CVE-2022-29709,0.00340,0.68521
CVE-2022-2971,0.00078,0.32333
CVE-2022-29710,0.00072,0.29847
CVE-2022-29711,0.00061,0.24174
CVE-2022-29712,0.00112,0.44287
CVE-2022-29718,0.00120,0.46138
CVE-2022-2972,0.00267,0.64335
CVE-2022-29720,0.00205,0.58568
CVE-2022-29721,0.00180,0.55264
CVE-2022-29725,0.00105,0.42468
CVE-2022-29727,0.00097,0.40126
CVE-2022-29728,0.00078,0.32206
CVE-2022-29729,0.00188,0.56356
CVE-2022-2973,0.00077,0.31712
CVE-2022-29730,0.00306,0.66746
CVE-2022-29731,0.00054,0.20290
CVE-2022-29732,0.00087,0.35933
CVE-2022-29733,0.00148,0.50785
CVE-2022-29734,0.00054,0.20290
CVE-2022-29735,0.00188,0.56361
CVE-2022-29738,0.00172,0.54442
CVE-2022-29739,0.00172,0.54442
CVE-2022-29741,0.00172,0.54442
CVE-2022-29745,0.00172,0.54442
CVE-2022-29746,0.00172,0.54442
CVE-2022-29747,0.00172,0.54442
CVE-2022-29748,0.00172,0.54442
CVE-2022-29749,0.00172,0.54442
CVE-2022-2975,0.00042,0.05722
CVE-2022-29750,0.00172,0.54442
CVE-2022-29751,0.00172,0.54442
CVE-2022-29767,0.00066,0.27231
CVE-2022-2977,0.00042,0.05722
CVE-2022-29770,0.00058,0.22585
CVE-2022-29773,0.00081,0.33776
CVE-2022-29774,0.03476,0.90630
CVE-2022-29775,0.01088,0.82842
CVE-2022-29776,0.00211,0.59075
CVE-2022-29777,0.00211,0.59075
CVE-2022-29778,0.00122,0.46457
CVE-2022-29779,0.00044,0.10445
CVE-2022-2978,0.00042,0.05722
CVE-2022-29780,0.00044,0.10445
CVE-2022-29784,0.00068,0.28323
CVE-2022-29788,0.00088,0.36953
CVE-2022-29789,0.00101,0.41058
CVE-2022-2979,0.00074,0.30470
CVE-2022-29790,0.00101,0.41058
CVE-2022-29791,0.00101,0.41058
CVE-2022-29792,0.00158,0.52341
CVE-2022-29793,0.00143,0.50026
CVE-2022-29794,0.00221,0.60385
CVE-2022-29795,0.00099,0.40643
CVE-2022-29796,0.00101,0.41058
CVE-2022-29797,0.00226,0.60930
CVE-2022-29798,0.00089,0.37607
CVE-2022-29799,0.00043,0.07315
CVE-2022-2980,0.00049,0.15810
CVE-2022-29800,0.00051,0.17404
CVE-2022-29801,0.00115,0.45174
CVE-2022-29804,0.00154,0.51736
CVE-2022-29805,0.00543,0.74981
CVE-2022-29806,0.38120,0.96863
CVE-2022-29807,0.00174,0.54679
CVE-2022-29808,0.00153,0.51574
CVE-2022-2981,0.00067,0.27847
CVE-2022-29810,0.00042,0.05722
CVE-2022-29811,0.00054,0.20290
CVE-2022-29812,0.00044,0.10161
CVE-2022-29813,0.00042,0.05722
CVE-2022-29814,0.00042,0.05722
CVE-2022-29815,0.00042,0.05722
CVE-2022-29816,0.00044,0.10161
CVE-2022-29817,0.00072,0.29847
CVE-2022-29818,0.00044,0.10161
CVE-2022-29819,0.00042,0.05722
CVE-2022-2982,0.00056,0.21221
CVE-2022-29820,0.00044,0.10161
CVE-2022-29821,0.00042,0.05722
CVE-2022-29822,0.00152,0.51438
CVE-2022-29823,0.00518,0.74348
CVE-2022-29824,0.00150,0.51084
CVE-2022-29825,0.01241,0.84065
CVE-2022-29826,0.00895,0.80938
CVE-2022-29827,0.00632,0.76891
CVE-2022-29828,0.00632,0.76891
CVE-2022-29829,0.01265,0.84238
CVE-2022-2983,0.00056,0.20979
CVE-2022-29830,0.00718,0.78590
CVE-2022-29831,0.00632,0.76891
CVE-2022-29832,0.00829,0.80175
CVE-2022-29833,0.00829,0.80175
CVE-2022-29834,0.00170,0.54114
CVE-2022-29835,0.00063,0.25287
CVE-2022-29836,0.00063,0.25636
CVE-2022-29837,0.00045,0.12178
CVE-2022-29838,0.00054,0.19140
CVE-2022-29839,0.00043,0.06775
CVE-2022-2984,0.00042,0.05722
CVE-2022-29840,0.00046,0.12677
CVE-2022-29841,0.00144,0.50225
CVE-2022-29842,0.00127,0.47375
CVE-2022-29843,0.00184,0.55760
CVE-2022-29844,0.00712,0.78464
CVE-2022-29845,0.00048,0.14756
CVE-2022-29846,0.00061,0.24043
CVE-2022-29847,0.00102,0.41495
CVE-2022-29848,0.00048,0.14756
CVE-2022-29849,0.00042,0.05722
CVE-2022-2985,0.00042,0.05722
CVE-2022-29850,0.00150,0.51173
CVE-2022-29851,0.00203,0.58354
CVE-2022-29852,0.00053,0.18436
CVE-2022-29853,0.00053,0.18436
CVE-2022-29854,0.00308,0.66889
CVE-2022-29855,0.00308,0.66889
CVE-2022-29856,0.00222,0.60561
CVE-2022-29858,0.00084,0.34940
CVE-2022-29859,0.00213,0.59400
CVE-2022-2986,0.00062,0.24582
CVE-2022-29862,0.00174,0.54640
CVE-2022-29863,0.00174,0.54640
CVE-2022-29864,0.00193,0.57163
CVE-2022-29865,0.01031,0.82294
CVE-2022-29866,0.00201,0.58136
CVE-2022-29868,0.00044,0.10161
CVE-2022-29869,0.00382,0.70297
CVE-2022-2987,0.00115,0.45011
CVE-2022-29871,0.00043,0.06775
CVE-2022-29872,0.00119,0.45930
CVE-2022-29873,0.00154,0.51718
CVE-2022-29874,0.00115,0.45174
CVE-2022-29875,0.00211,0.59038
CVE-2022-29876,0.00072,0.29847
CVE-2022-29877,0.00072,0.29847
CVE-2022-29878,0.00219,0.59930
CVE-2022-29879,0.00054,0.20290
CVE-2022-2988,0.00094,0.39422
CVE-2022-29880,0.00054,0.20290
CVE-2022-29881,0.00072,0.29847
CVE-2022-29882,0.00072,0.29847
CVE-2022-29883,0.00072,0.29847
CVE-2022-29884,0.00178,0.55117
CVE-2022-29885,0.03898,0.91122
CVE-2022-29886,0.00076,0.31254
CVE-2022-29887,0.00102,0.41513
CVE-2022-29888,0.00069,0.28585
CVE-2022-29889,0.00277,0.64952
CVE-2022-2989,0.00043,0.06775
CVE-2022-29890,0.00070,0.28928
CVE-2022-29891,0.00076,0.31282
CVE-2022-29892,0.00142,0.49886
CVE-2022-29893,0.00066,0.27275
CVE-2022-29894,0.00075,0.31099
CVE-2022-29897,0.00095,0.39731
CVE-2022-29898,0.00104,0.42283
CVE-2022-2990,0.00043,0.06775
CVE-2022-29900,0.00047,0.14042
CVE-2022-29901,0.00067,0.27678
CVE-2022-29903,0.00068,0.28158
CVE-2022-29904,0.00158,0.52225
CVE-2022-29905,0.00068,0.28158
CVE-2022-29906,0.00214,0.59505
CVE-2022-29907,0.00087,0.35933
CVE-2022-29908,0.00042,0.05722
CVE-2022-29909,0.00145,0.50366
CVE-2022-2991,0.00050,0.16489
CVE-2022-29910,0.00075,0.31076
CVE-2022-29911,0.00128,0.47439
CVE-2022-29912,0.00124,0.46844
CVE-2022-29913,0.00069,0.28630
CVE-2022-29914,0.00097,0.40078
CVE-2022-29915,0.00075,0.31076
CVE-2022-29916,0.00116,0.45331
CVE-2022-29917,0.00126,0.47122
CVE-2022-29918,0.00157,0.52107
CVE-2022-29919,0.00043,0.06775
CVE-2022-2992,0.04168,0.91382
CVE-2022-29922,0.00078,0.32333
CVE-2022-29923,0.00053,0.18436
CVE-2022-29925,0.00076,0.31271
CVE-2022-29927,0.00072,0.29847
CVE-2022-29928,0.00065,0.26756
CVE-2022-29929,0.00072,0.29847
CVE-2022-2993,0.00170,0.54075
CVE-2022-29930,0.00065,0.26756
CVE-2022-29931,0.00072,0.29847
CVE-2022-29932,0.00472,0.73106
CVE-2022-29933,0.00695,0.78166
CVE-2022-29934,0.00048,0.14460
CVE-2022-29935,0.00205,0.58568
CVE-2022-29936,0.00242,0.62303
CVE-2022-29937,0.00447,0.72426
CVE-2022-29938,0.00151,0.51346
CVE-2022-29939,0.00062,0.24442
CVE-2022-29940,0.00062,0.24442
CVE-2022-29942,0.00065,0.26756
CVE-2022-29943,0.00065,0.26756
CVE-2022-29944,0.00065,0.26763
CVE-2022-29945,0.00115,0.45211
CVE-2022-29947,0.00061,0.24174
CVE-2022-29948,0.00077,0.32072
CVE-2022-2995,0.00043,0.06775
CVE-2022-29950,0.00092,0.38802
CVE-2022-29951,0.00081,0.33667
CVE-2022-29952,0.00081,0.33667
CVE-2022-29953,0.00156,0.51905
CVE-2022-29957,0.00042,0.05859
CVE-2022-29958,0.00141,0.49736
CVE-2022-29959,0.00042,0.05859
CVE-2022-2996,0.00099,0.40571
CVE-2022-29960,0.00045,0.11982
CVE-2022-29962,0.00042,0.05859
CVE-2022-29963,0.00042,0.05859
CVE-2022-29964,0.00042,0.05859
CVE-2022-29965,0.00042,0.05859
CVE-2022-29967,0.00153,0.51592
CVE-2022-29968,0.00045,0.11966
CVE-2022-29969,0.00068,0.28323
CVE-2022-2997,0.00080,0.33382
CVE-2022-29970,0.00228,0.61059
CVE-2022-29971,0.00045,0.11981
CVE-2022-29972,0.00045,0.11981
CVE-2022-29973,0.00042,0.05722
CVE-2022-29975,0.00054,0.20290
CVE-2022-29976,0.00054,0.20290
CVE-2022-29977,0.00126,0.47139
CVE-2022-29978,0.00126,0.47139
CVE-2022-29979,0.00172,0.54442
CVE-2022-2998,0.00653,0.77321
CVE-2022-29980,0.00172,0.54442
CVE-2022-29981,0.00172,0.54442
CVE-2022-29982,0.00172,0.54442
CVE-2022-29983,0.00172,0.54442
CVE-2022-29984,0.00172,0.54442
CVE-2022-29985,0.00172,0.54442
CVE-2022-29986,0.00172,0.54442
CVE-2022-29987,0.00172,0.54442
CVE-2022-29988,0.00172,0.54442
CVE-2022-29989,0.00172,0.54442
CVE-2022-29990,0.00172,0.54442
CVE-2022-29992,0.00172,0.54442
CVE-2022-29993,0.00172,0.54442
CVE-2022-29994,0.00172,0.54442
CVE-2022-29995,0.00172,0.54442
CVE-2022-29998,0.00172,0.54442
CVE-2022-29999,0.00172,0.54442
CVE-2022-3000,0.00051,0.17233
CVE-2022-30000,0.00172,0.54442
CVE-2022-30001,0.00172,0.54442
CVE-2022-30002,0.00088,0.36822
CVE-2022-30003,0.00069,0.28570
CVE-2022-30004,0.00175,0.54692
CVE-2022-30007,0.00087,0.36582
CVE-2022-3001,0.00093,0.39121
CVE-2022-30011,0.00170,0.53970
CVE-2022-30012,0.00129,0.47746
CVE-2022-30013,0.00053,0.18833
CVE-2022-30014,0.00169,0.53860
CVE-2022-30015,0.00054,0.19309
CVE-2022-30016,0.00077,0.31658
CVE-2022-30017,0.00058,0.22585
CVE-2022-30018,0.00104,0.42382
CVE-2022-3002,0.00051,0.17233
CVE-2022-30023,0.00168,0.53631
CVE-2022-30024,0.00788,0.79628
CVE-2022-30025,0.00059,0.22849
CVE-2022-30028,0.00073,0.30380
CVE-2022-30033,0.00082,0.34141
CVE-2022-30034,0.00151,0.51351
CVE-2022-30036,0.00066,0.27219
CVE-2022-30037,0.00050,0.16785
CVE-2022-3004,0.00051,0.17233
CVE-2022-30040,0.00100,0.40927
CVE-2022-30045,0.00084,0.34633
CVE-2022-30047,0.00172,0.54442
CVE-2022-30048,0.00172,0.54442
CVE-2022-30049,0.00205,0.58568
CVE-2022-3005,0.00051,0.17233
CVE-2022-30050,0.00078,0.32739
CVE-2022-30052,0.00172,0.54442
CVE-2022-30053,0.00172,0.54442
CVE-2022-30054,0.00172,0.54442
CVE-2022-30055,0.05116,0.92208
CVE-2022-30057,0.00058,0.22585
CVE-2022-30058,0.00099,0.40580
CVE-2022-30059,0.00081,0.33880
CVE-2022-30060,0.00104,0.42382
CVE-2022-30061,0.00087,0.36460
CVE-2022-30062,0.00087,0.36460
CVE-2022-30063,0.00335,0.68364
CVE-2022-30065,0.00067,0.27739
CVE-2022-30067,0.00054,0.19503
CVE-2022-3007,0.00049,0.15833
CVE-2022-30072,0.00063,0.24955
CVE-2022-30073,0.00205,0.58481
CVE-2022-30075,0.45650,0.97104
CVE-2022-30076,0.00054,0.19245
CVE-2022-30078,0.00268,0.64410
CVE-2022-30079,0.00340,0.68531
CVE-2022-3008,0.00229,0.61160
CVE-2022-30083,0.00657,0.77373
CVE-2022-3010,0.00064,0.26487
CVE-2022-30105,0.01427,0.85202
CVE-2022-30110,0.00072,0.29847
CVE-2022-30111,0.00106,0.42899
CVE-2022-30113,0.00190,0.56670
CVE-2022-30114,0.00060,0.23386
CVE-2022-30115,0.00139,0.49393
CVE-2022-30117,0.00132,0.48239
CVE-2022-30118,0.00086,0.35771
CVE-2022-30119,0.00086,0.35771
CVE-2022-3012,0.00080,0.33382
CVE-2022-30120,0.00086,0.35771
CVE-2022-30121,0.00043,0.06775
CVE-2022-30122,0.00077,0.31974
CVE-2022-30123,0.00303,0.66566
CVE-2022-30124,0.00065,0.26946
CVE-2022-30126,0.00131,0.47959
CVE-2022-30127,0.00251,0.63085
CVE-2022-30128,0.00251,0.63085
CVE-2022-30129,0.68729,0.97709
CVE-2022-3013,0.00120,0.46156
CVE-2022-30130,0.00129,0.47602
CVE-2022-30131,0.00043,0.07315
CVE-2022-30132,0.00043,0.07315
CVE-2022-30133,0.01006,0.82093
CVE-2022-30134,0.01288,0.84400
CVE-2022-30135,0.00043,0.07315
CVE-2022-30136,0.88256,0.98451
CVE-2022-30137,0.00129,0.47731
CVE-2022-30138,0.00059,0.23066
CVE-2022-30139,0.00854,0.80476
CVE-2022-3014,0.00059,0.23145
CVE-2022-30140,0.00467,0.72964
CVE-2022-30141,0.00839,0.80302
CVE-2022-30142,0.00467,0.72964
CVE-2022-30143,0.00467,0.72964
CVE-2022-30144,0.00181,0.55362
CVE-2022-30145,0.00854,0.80476
CVE-2022-30146,0.00467,0.72964
CVE-2022-30147,0.00043,0.07315
CVE-2022-30148,0.00043,0.07315
CVE-2022-30149,0.00467,0.72964
CVE-2022-3015,0.00063,0.25287
CVE-2022-30150,0.00130,0.47875
CVE-2022-30151,0.00043,0.07315
CVE-2022-30152,0.00127,0.47315
CVE-2022-30153,0.01608,0.86128
CVE-2022-30154,0.00050,0.16810
CVE-2022-30155,0.00091,0.38089
CVE-2022-30157,0.01581,0.86001
CVE-2022-30158,0.01294,0.84440
CVE-2022-30159,0.00118,0.45819
CVE-2022-3016,0.00056,0.21221
CVE-2022-30160,0.00043,0.07315
CVE-2022-30161,0.01608,0.86128
CVE-2022-30162,0.00043,0.07315
CVE-2022-30163,0.00677,0.77874
CVE-2022-30164,0.00043,0.07315
CVE-2022-30165,0.00121,0.46245
CVE-2022-30166,0.00046,0.12643
CVE-2022-30167,0.00238,0.61912
CVE-2022-30168,0.00238,0.61912
CVE-2022-3017,0.00076,0.31619
CVE-2022-30170,0.00044,0.08097
CVE-2022-30171,0.00118,0.45819
CVE-2022-30172,0.00118,0.45819
CVE-2022-30173,0.00238,0.61912
CVE-2022-30174,0.00238,0.61912
CVE-2022-30175,0.00197,0.57656
CVE-2022-30176,0.00197,0.57656
CVE-2022-30177,0.00238,0.61912
CVE-2022-30178,0.00238,0.61912
CVE-2022-30179,0.00238,0.61912
CVE-2022-3018,0.00110,0.43926
CVE-2022-30180,0.00065,0.26829
CVE-2022-30181,0.00123,0.46651
CVE-2022-30184,0.00265,0.64201
CVE-2022-30187,0.00043,0.07693
CVE-2022-30188,0.00238,0.61912
CVE-2022-30189,0.00138,0.49219
CVE-2022-3019,0.00157,0.52119
CVE-2022-30190,0.96798,0.99621
CVE-2022-30192,0.00356,0.69246
CVE-2022-30193,0.00238,0.61912
CVE-2022-30194,0.01089,0.82853
CVE-2022-30196,0.00201,0.57984
CVE-2022-30197,0.00043,0.07315
CVE-2022-30198,0.00534,0.74754
CVE-2022-30200,0.00118,0.45679
CVE-2022-30202,0.00043,0.07315
CVE-2022-30203,0.00043,0.07315
CVE-2022-30205,0.00148,0.50773
CVE-2022-30206,0.00043,0.07315
CVE-2022-30208,0.00208,0.58743
CVE-2022-30209,0.00107,0.43014
CVE-2022-3021,0.00056,0.20979
CVE-2022-30211,0.00827,0.80152
CVE-2022-30212,0.00043,0.07315
CVE-2022-30213,0.00043,0.07315
CVE-2022-30214,0.00712,0.78469
CVE-2022-30215,0.00121,0.46245
CVE-2022-30216,0.71469,0.97800
CVE-2022-30220,0.00043,0.07315
CVE-2022-30221,0.01707,0.86499
CVE-2022-30222,0.00210,0.59023
CVE-2022-30223,0.00043,0.07693
CVE-2022-30224,0.00043,0.07315
CVE-2022-30225,0.00043,0.07315
CVE-2022-30226,0.00043,0.07315
CVE-2022-30228,0.00073,0.30380
CVE-2022-30229,0.00077,0.31886
CVE-2022-3023,0.00180,0.55345
CVE-2022-30230,0.00154,0.51718
CVE-2022-30231,0.00054,0.20290
CVE-2022-30232,0.00204,0.58367
CVE-2022-30233,0.00073,0.30380
CVE-2022-30234,0.00201,0.58090
CVE-2022-30235,0.00201,0.58090
CVE-2022-30236,0.00150,0.51158
CVE-2022-30237,0.00095,0.39657
CVE-2022-30238,0.00104,0.42231
CVE-2022-30239,0.00045,0.11981
CVE-2022-3024,0.00051,0.17162
CVE-2022-30240,0.00045,0.11981
CVE-2022-30241,0.00061,0.24174
CVE-2022-30242,0.00087,0.35937
CVE-2022-30243,0.00149,0.50931
CVE-2022-30244,0.00159,0.52509
CVE-2022-30245,0.00110,0.44061
CVE-2022-3025,0.00051,0.17162
CVE-2022-30256,0.00113,0.44618
CVE-2022-30257,0.00170,0.54075
CVE-2022-30258,0.00170,0.54075
CVE-2022-3026,0.00184,0.55735
CVE-2022-30260,0.00060,0.23365
CVE-2022-30262,0.00042,0.05859
CVE-2022-30264,0.00187,0.56166
CVE-2022-30269,0.00077,0.32021
CVE-2022-3027,0.00045,0.11989
CVE-2022-30270,0.00144,0.50244
CVE-2022-30271,0.00144,0.50244
CVE-2022-30272,0.00077,0.32021
CVE-2022-30273,0.00112,0.44591
CVE-2022-30274,0.00097,0.40295
CVE-2022-30275,0.00116,0.45386
CVE-2022-30276,0.00054,0.20312
CVE-2022-30277,0.00044,0.10161
CVE-2022-30278,0.00136,0.48883
CVE-2022-30279,0.00088,0.36953
CVE-2022-3028,0.00042,0.05722
CVE-2022-30280,0.00081,0.33582
CVE-2022-30283,0.00043,0.06775
CVE-2022-30284,0.02904,0.89807
CVE-2022-30285,0.00214,0.59471
CVE-2022-30286,0.01545,0.85817
CVE-2022-30287,0.01064,0.82644
CVE-2022-30288,0.00141,0.49770
CVE-2022-30289,0.00050,0.16378
CVE-2022-3029,0.00078,0.32333
CVE-2022-30290,0.00062,0.24806
CVE-2022-30292,0.00529,0.74648
CVE-2022-30293,0.00509,0.74134
CVE-2022-30295,0.00120,0.46185
CVE-2022-30296,0.00149,0.50997
CVE-2022-30297,0.00043,0.06775
CVE-2022-30298,0.00043,0.06775
CVE-2022-30299,0.00057,0.21525
CVE-2022-3030,0.00073,0.30186
CVE-2022-30300,0.00085,0.35388
CVE-2022-30301,0.00044,0.08212
CVE-2022-30302,0.00075,0.30905
CVE-2022-30303,0.00062,0.24618
CVE-2022-30304,0.00068,0.28020
CVE-2022-30305,0.00110,0.43948
CVE-2022-30306,0.00062,0.24584
CVE-2022-30307,0.00168,0.53604
CVE-2022-30308,0.00198,0.57708
CVE-2022-30309,0.00139,0.49421
CVE-2022-3031,0.00166,0.53358
CVE-2022-30310,0.00198,0.57708
CVE-2022-30311,0.00198,0.57708
CVE-2022-30312,0.00056,0.21180
CVE-2022-30313,0.00054,0.20312
CVE-2022-30314,0.00048,0.14701
CVE-2022-30315,0.00618,0.76617
CVE-2022-30316,0.00146,0.50512
CVE-2022-30317,0.00063,0.24900
CVE-2022-30318,0.00312,0.67085
CVE-2022-30319,0.00053,0.18880
CVE-2022-3032,0.00125,0.46859
CVE-2022-30320,0.00045,0.10872
CVE-2022-30321,0.00129,0.47617
CVE-2022-30322,0.00168,0.53603
CVE-2022-30323,0.00168,0.53603
CVE-2022-30324,0.00221,0.60385
CVE-2022-30325,0.00068,0.28059
CVE-2022-30326,0.00050,0.16378
CVE-2022-30327,0.00069,0.28703
CVE-2022-30328,0.00053,0.19081
CVE-2022-30329,0.00174,0.54661
CVE-2022-3033,0.00136,0.48904
CVE-2022-30330,0.00091,0.38506
CVE-2022-30331,0.00183,0.55687
CVE-2022-30332,0.00108,0.43412
CVE-2022-30333,0.83792,0.98219
CVE-2022-30334,0.00113,0.44701
CVE-2022-30335,0.00126,0.47198
CVE-2022-30337,0.00051,0.17097
CVE-2022-30338,0.00043,0.06775
CVE-2022-30339,0.00043,0.06775
CVE-2022-3034,0.00079,0.33077
CVE-2022-30349,0.00078,0.32739
CVE-2022-3035,0.00051,0.17233
CVE-2022-30350,0.00084,0.34921
CVE-2022-30351,0.00087,0.36261
CVE-2022-30352,0.00391,0.70651
CVE-2022-3036,0.00056,0.20979
CVE-2022-30367,0.00079,0.32837
CVE-2022-3037,0.00067,0.27791
CVE-2022-30370,0.00172,0.54442
CVE-2022-30371,0.00088,0.36822
CVE-2022-30372,0.00088,0.36822
CVE-2022-30373,0.00088,0.36822
CVE-2022-30374,0.00088,0.36822
CVE-2022-30375,0.00079,0.32837
CVE-2022-30376,0.00088,0.36822
CVE-2022-30378,0.00088,0.36822
CVE-2022-30379,0.00088,0.36822
CVE-2022-3038,0.03829,0.91046
CVE-2022-30381,0.00079,0.32837
CVE-2022-30384,0.00172,0.54442
CVE-2022-30385,0.00172,0.54442
CVE-2022-30386,0.00172,0.54442
CVE-2022-30387,0.00179,0.55171
CVE-2022-3039,0.00299,0.66402
CVE-2022-30391,0.00172,0.54442
CVE-2022-30392,0.00172,0.54442
CVE-2022-30393,0.00088,0.36822
CVE-2022-30395,0.00172,0.54442
CVE-2022-30396,0.00088,0.36822
CVE-2022-30398,0.00088,0.36822
CVE-2022-30399,0.00088,0.36822
CVE-2022-3040,0.00211,0.59043
CVE-2022-30400,0.00088,0.36822
CVE-2022-30401,0.00088,0.36822
CVE-2022-30402,0.00088,0.36822
CVE-2022-30403,0.00088,0.36822
CVE-2022-30404,0.00109,0.43913
CVE-2022-30407,0.00172,0.54442
CVE-2022-30408,0.00079,0.32837
CVE-2022-3041,0.00299,0.66402
CVE-2022-30411,0.00088,0.36822
CVE-2022-30412,0.00088,0.36822
CVE-2022-30413,0.00172,0.54442
CVE-2022-30414,0.00088,0.36822
CVE-2022-30415,0.00088,0.36822
CVE-2022-30417,0.00088,0.36822
CVE-2022-3042,0.00374,0.69995
CVE-2022-30421,0.00042,0.05722
CVE-2022-30422,0.00653,0.77324
CVE-2022-30423,0.00298,0.66351
CVE-2022-30425,0.01631,0.86222
CVE-2022-30426,0.00052,0.17539
CVE-2022-30427,0.00238,0.61955
CVE-2022-30428,0.00205,0.58568
CVE-2022-30429,0.00058,0.22585
CVE-2022-3043,0.00211,0.59068
CVE-2022-3044,0.00209,0.58903
CVE-2022-30448,0.00283,0.65421
CVE-2022-30449,0.00172,0.54442
CVE-2022-3045,0.00211,0.59068
CVE-2022-30450,0.00594,0.76098
CVE-2022-30451,0.00125,0.46970
CVE-2022-30452,0.00088,0.36822
CVE-2022-30453,0.00283,0.65421
CVE-2022-30454,0.00172,0.54442
CVE-2022-30455,0.00172,0.54442
CVE-2022-30456,0.00058,0.22585
CVE-2022-30458,0.00058,0.22585
CVE-2022-30459,0.00088,0.36822
CVE-2022-3046,0.00130,0.47847
CVE-2022-30460,0.00058,0.22585
CVE-2022-30461,0.00172,0.54442
CVE-2022-30462,0.00058,0.22585
CVE-2022-30463,0.00088,0.36822
CVE-2022-30464,0.00058,0.22585
CVE-2022-30466,0.00052,0.17520
CVE-2022-30467,0.00128,0.47461
CVE-2022-30469,0.00077,0.31886
CVE-2022-3047,0.00126,0.47128
CVE-2022-30470,0.00468,0.73012
CVE-2022-30472,0.00234,0.61568
CVE-2022-30473,0.00117,0.45605
CVE-2022-30474,0.00234,0.61568
CVE-2022-30475,0.00117,0.45605
CVE-2022-30476,0.00234,0.61568
CVE-2022-30477,0.00234,0.61568
CVE-2022-30478,0.00163,0.52968
CVE-2022-3048,0.00052,0.17557
CVE-2022-30481,0.00163,0.52968
CVE-2022-30482,0.00062,0.24442
CVE-2022-30489,0.00088,0.36972
CVE-2022-3049,0.00374,0.69995
CVE-2022-30490,0.00158,0.52225
CVE-2022-30493,0.00146,0.50585
CVE-2022-30494,0.00072,0.29718
CVE-2022-30495,0.00296,0.66188
CVE-2022-30496,0.00174,0.54626
CVE-2022-3050,0.00211,0.59068
CVE-2022-30500,0.00172,0.54442
CVE-2022-30503,0.00044,0.10161
CVE-2022-30506,0.00298,0.66351
CVE-2022-30508,0.00069,0.28475
CVE-2022-3051,0.00211,0.59068
CVE-2022-30510,0.00158,0.52225
CVE-2022-30511,0.00158,0.52225
CVE-2022-30512,0.02624,0.89310
CVE-2022-30513,0.00097,0.40162
CVE-2022-30514,0.00097,0.40162
CVE-2022-30515,0.00075,0.31076
CVE-2022-30516,0.00172,0.54442
CVE-2022-30517,0.00078,0.32739
CVE-2022-30518,0.00501,0.73891
CVE-2022-30519,0.00107,0.43061
CVE-2022-3052,0.00211,0.59068
CVE-2022-30521,0.00306,0.66772
CVE-2022-30522,0.42311,0.97001
CVE-2022-30523,0.00045,0.12491
CVE-2022-30524,0.00113,0.44692
CVE-2022-30525,0.97456,0.99952
CVE-2022-30526,0.00118,0.45821
CVE-2022-30527,0.00042,0.05722
CVE-2022-30528,0.00151,0.51324
CVE-2022-30529,0.00085,0.35505
CVE-2022-3053,0.00160,0.52648
CVE-2022-30530,0.00043,0.06775
CVE-2022-30531,0.00043,0.06775
CVE-2022-30532,0.00070,0.28928
CVE-2022-30533,0.00054,0.20290
CVE-2022-30534,0.02889,0.89786
CVE-2022-30535,0.00061,0.24130
CVE-2022-30536,0.00048,0.14636
CVE-2022-30538,0.00076,0.31271
CVE-2022-30539,0.00043,0.06775
CVE-2022-3054,0.00163,0.52953
CVE-2022-30540,0.00069,0.28684
CVE-2022-30541,0.00241,0.62162
CVE-2022-30542,0.00043,0.06775
CVE-2022-30543,0.00085,0.35505
CVE-2022-30544,0.00062,0.24582
CVE-2022-30545,0.00048,0.14636
CVE-2022-30546,0.00076,0.31271
CVE-2022-30547,0.00109,0.43557
CVE-2022-30548,0.00043,0.06775
CVE-2022-30549,0.00103,0.41677
CVE-2022-3055,0.00251,0.63113
CVE-2022-30550,0.00213,0.59283
CVE-2022-30551,0.00508,0.74125
CVE-2022-30552,0.00044,0.10161
CVE-2022-30556,0.00453,0.72626
CVE-2022-30557,0.00090,0.37832
CVE-2022-3056,0.00209,0.58903
CVE-2022-30560,0.00164,0.53102
CVE-2022-30561,0.00133,0.48340
CVE-2022-30562,0.00065,0.27077
CVE-2022-30563,0.00135,0.48754
CVE-2022-30564,0.00050,0.16429
CVE-2022-3057,0.00163,0.52953
CVE-2022-30570,0.00062,0.24822
CVE-2022-30571,0.00053,0.18436
CVE-2022-30572,0.00066,0.27281
CVE-2022-30573,0.00093,0.39019
CVE-2022-30574,0.00042,0.05722
CVE-2022-30575,0.00053,0.18436
CVE-2022-30576,0.00053,0.18436
CVE-2022-30577,0.00089,0.37248
CVE-2022-30578,0.00172,0.54444
CVE-2022-30579,0.00079,0.32915
CVE-2022-3058,0.00299,0.66402
CVE-2022-30580,0.00045,0.11966
CVE-2022-30584,0.00087,0.35903
CVE-2022-30585,0.00106,0.42947
CVE-2022-30586,0.00088,0.36966
CVE-2022-30587,0.00158,0.52341
CVE-2022-3059,0.00114,0.44829
CVE-2022-30591,0.00086,0.35887
CVE-2022-30592,0.00213,0.59400
CVE-2022-30594,0.00109,0.43832
CVE-2022-30595,0.00171,0.54137
CVE-2022-30596,0.00092,0.38737
CVE-2022-30597,0.00148,0.50871
CVE-2022-30598,0.00090,0.37811
CVE-2022-30599,0.00315,0.67297
CVE-2022-3060,0.00148,0.50743
CVE-2022-30600,0.00293,0.66042
CVE-2022-30601,0.00294,0.66119
CVE-2022-30602,0.00158,0.52252
CVE-2022-30603,0.00216,0.59625
CVE-2022-30604,0.00095,0.39725
CVE-2022-30605,0.00151,0.51305
CVE-2022-30607,0.00062,0.24558
CVE-2022-30608,0.00063,0.25721
CVE-2022-3061,0.00042,0.05722
CVE-2022-30610,0.00050,0.16691
CVE-2022-30611,0.00061,0.23996
CVE-2022-30613,0.00043,0.06775
CVE-2022-30614,0.00159,0.52431
CVE-2022-30615,0.00049,0.14997
CVE-2022-30616,0.00083,0.34596
CVE-2022-30617,0.00104,0.42231
CVE-2022-30618,0.00104,0.42231
CVE-2022-30619,0.00104,0.42231
CVE-2022-3062,0.00120,0.46102
CVE-2022-30620,0.00093,0.39019
CVE-2022-30621,0.00097,0.40149
CVE-2022-30622,0.00043,0.06775
CVE-2022-30623,0.00190,0.56646
CVE-2022-30624,0.00071,0.29245
CVE-2022-30625,0.00070,0.28928
CVE-2022-30626,0.00145,0.50349
CVE-2022-30627,0.00145,0.50349
CVE-2022-30628,0.00043,0.06775
CVE-2022-30629,0.00124,0.46846
CVE-2022-30630,0.00140,0.49505
CVE-2022-30631,0.00140,0.49505
CVE-2022-30632,0.00140,0.49505
CVE-2022-30633,0.00140,0.49505
CVE-2022-30634,0.00123,0.46627
CVE-2022-30635,0.00140,0.49505
CVE-2022-30637,0.00089,0.37260
CVE-2022-30638,0.00089,0.37260
CVE-2022-30639,0.00089,0.37260
CVE-2022-3064,0.00381,0.70255
CVE-2022-30640,0.00089,0.37260
CVE-2022-30641,0.00093,0.38948
CVE-2022-30642,0.00089,0.37260
CVE-2022-30643,0.00089,0.37260
CVE-2022-30644,0.00120,0.46074
CVE-2022-30645,0.00093,0.38948
CVE-2022-30646,0.00089,0.37260
CVE-2022-30647,0.00610,0.76422
CVE-2022-30648,0.00610,0.76422
CVE-2022-30649,0.00100,0.40883
CVE-2022-3065,0.00076,0.31619
CVE-2022-30650,0.01174,0.83545
CVE-2022-30651,0.00083,0.34297
CVE-2022-30652,0.00169,0.53831
CVE-2022-30653,0.00169,0.53831
CVE-2022-30654,0.01174,0.83545
CVE-2022-30655,0.10573,0.94527
CVE-2022-30656,0.00335,0.68368
CVE-2022-30657,0.10573,0.94527
CVE-2022-30658,0.00949,0.81524
CVE-2022-30659,0.00170,0.54085
CVE-2022-3066,0.00073,0.30299
CVE-2022-30660,0.00085,0.35407
CVE-2022-30661,0.00949,0.81524
CVE-2022-30662,0.00085,0.35407
CVE-2022-30663,0.00085,0.35407
CVE-2022-30664,0.00169,0.53831
CVE-2022-30665,0.00085,0.35407
CVE-2022-30666,0.00295,0.66166
CVE-2022-30667,0.00295,0.66166
CVE-2022-30668,0.00295,0.66166
CVE-2022-30669,0.00295,0.66166
CVE-2022-3067,0.00147,0.50639
CVE-2022-30670,0.00057,0.21506
CVE-2022-30671,0.00111,0.44168
CVE-2022-30672,0.00111,0.44168
CVE-2022-30673,0.00111,0.44168
CVE-2022-30674,0.00165,0.53217
CVE-2022-30675,0.00111,0.44168
CVE-2022-30676,0.00111,0.44168
CVE-2022-30677,0.00052,0.17591
CVE-2022-30678,0.00052,0.17591
CVE-2022-30679,0.00052,0.17591
CVE-2022-3068,0.00080,0.33382
CVE-2022-30680,0.00052,0.17591
CVE-2022-30681,0.00052,0.17591
CVE-2022-30682,0.00052,0.17591
CVE-2022-30683,0.00073,0.29999
CVE-2022-30684,0.00052,0.17591
CVE-2022-30685,0.00052,0.17591
CVE-2022-30686,0.00052,0.17591
CVE-2022-30687,0.00045,0.12491
CVE-2022-30688,0.00042,0.05722
CVE-2022-30689,0.00071,0.29242
CVE-2022-3069,0.00056,0.20979
CVE-2022-30690,0.00510,0.74181
CVE-2022-30691,0.00043,0.06775
CVE-2022-30692,0.00062,0.24582
CVE-2022-30693,0.00124,0.46765
CVE-2022-30694,0.00074,0.30517
CVE-2022-30695,0.00042,0.05722
CVE-2022-30696,0.00059,0.22979
CVE-2022-30697,0.00042,0.05722
CVE-2022-30698,0.00131,0.48030
CVE-2022-30699,0.00131,0.48030
CVE-2022-3070,0.00056,0.20979
CVE-2022-30700,0.00045,0.12491
CVE-2022-30701,0.00045,0.12491
CVE-2022-30702,0.00063,0.25013
CVE-2022-30703,0.00066,0.27224
CVE-2022-30704,0.00043,0.06775
CVE-2022-30705,0.00058,0.21913
CVE-2022-30706,0.00114,0.44878
CVE-2022-30707,0.00084,0.34875
CVE-2022-30708,0.01851,0.87090
CVE-2022-30709,0.00065,0.26507
CVE-2022-3071,0.00374,0.69995
CVE-2022-30710,0.00083,0.34341
CVE-2022-30711,0.00083,0.34341
CVE-2022-30712,0.00083,0.34341
CVE-2022-30713,0.00083,0.34341
CVE-2022-30714,0.00042,0.05722
CVE-2022-30715,0.00065,0.27077
CVE-2022-30716,0.00065,0.27077
CVE-2022-30717,0.00066,0.27591
CVE-2022-30719,0.00065,0.26507
CVE-2022-3072,0.00051,0.17233
CVE-2022-30720,0.00065,0.26507
CVE-2022-30721,0.00065,0.26507
CVE-2022-30722,0.00107,0.43144
CVE-2022-30723,0.00046,0.12575
CVE-2022-30724,0.00046,0.12575
CVE-2022-30725,0.00046,0.12575
CVE-2022-30726,0.00042,0.05722
CVE-2022-30727,0.00042,0.05722
CVE-2022-30728,0.00042,0.05722
CVE-2022-30729,0.00047,0.14185
CVE-2022-3073,0.00086,0.35844
CVE-2022-30730,0.00057,0.21342
CVE-2022-30731,0.00042,0.05722
CVE-2022-30732,0.00102,0.41294
CVE-2022-30733,0.00063,0.25674
CVE-2022-30734,0.00063,0.25674
CVE-2022-30735,0.00102,0.41294
CVE-2022-30736,0.00063,0.25674
CVE-2022-30737,0.00063,0.25674
CVE-2022-30738,0.00063,0.25674
CVE-2022-30739,0.00048,0.14332
CVE-2022-3074,0.00056,0.20979
CVE-2022-30740,0.00042,0.05722
CVE-2022-30741,0.00042,0.05722
CVE-2022-30742,0.00042,0.05722
CVE-2022-30743,0.00063,0.25674
CVE-2022-30744,0.00061,0.23860
CVE-2022-30745,0.00042,0.05722
CVE-2022-30746,0.00121,0.46350
CVE-2022-30747,0.00042,0.05722
CVE-2022-30748,0.00042,0.05722
CVE-2022-30749,0.00042,0.05722
CVE-2022-3075,0.00838,0.80287
CVE-2022-30750,0.00044,0.10161
CVE-2022-30751,0.00044,0.10161
CVE-2022-30752,0.00044,0.10161
CVE-2022-30753,0.00042,0.05722
CVE-2022-30754,0.00044,0.10161
CVE-2022-30755,0.00044,0.10161
CVE-2022-30756,0.00044,0.10161
CVE-2022-30757,0.00044,0.10161
CVE-2022-30758,0.00044,0.10161
CVE-2022-30759,0.00057,0.21543
CVE-2022-3076,0.00085,0.35505
CVE-2022-30760,0.00092,0.38802
CVE-2022-30763,0.00108,0.43414
CVE-2022-30765,0.00180,0.55301
CVE-2022-30767,0.00280,0.65181
CVE-2022-30768,0.00053,0.18436
CVE-2022-30769,0.00053,0.18436
CVE-2022-3077,0.00042,0.05722
CVE-2022-30770,0.00188,0.56429
CVE-2022-30771,0.00043,0.06775
CVE-2022-30772,0.00043,0.06775
CVE-2022-30773,0.00043,0.06775
CVE-2022-30774,0.00042,0.05722
CVE-2022-30775,0.00051,0.17017
CVE-2022-30776,0.00112,0.44599
CVE-2022-30777,0.00087,0.36093
CVE-2022-3078,0.00043,0.06775
CVE-2022-30780,0.42168,0.96997
CVE-2022-30781,0.37244,0.96830
CVE-2022-30782,0.00133,0.48411
CVE-2022-30783,0.00045,0.11966
CVE-2022-30784,0.00045,0.11966
CVE-2022-30785,0.00045,0.11966
CVE-2022-30786,0.00050,0.15960
CVE-2022-30787,0.00045,0.11966
CVE-2022-30788,0.00050,0.15960
CVE-2022-30789,0.00050,0.15960
CVE-2022-3079,0.00078,0.32333
CVE-2022-30790,0.00048,0.14460
CVE-2022-30791,0.00089,0.37607
CVE-2022-30792,0.00089,0.37607
CVE-2022-30794,0.00087,0.36089
CVE-2022-30795,0.00088,0.36822
CVE-2022-30797,0.00172,0.54442
CVE-2022-30798,0.00088,0.36822
CVE-2022-30799,0.00088,0.36822
CVE-2022-3080,0.00232,0.61417
CVE-2022-30804,0.00079,0.32837
CVE-2022-30808,0.00298,0.66351
CVE-2022-30809,0.00172,0.54442
CVE-2022-30810,0.00172,0.54442
CVE-2022-30813,0.00172,0.54442
CVE-2022-30814,0.00172,0.54442
CVE-2022-30815,0.00172,0.54442
CVE-2022-30816,0.00172,0.54442
CVE-2022-30817,0.00172,0.54442
CVE-2022-30818,0.00088,0.36822
CVE-2022-30819,0.00104,0.42382
CVE-2022-3082,0.00051,0.17143
CVE-2022-30820,0.00104,0.42382
CVE-2022-30821,0.00104,0.42382
CVE-2022-30822,0.00104,0.42382
CVE-2022-30823,0.00088,0.36822
CVE-2022-30825,0.00088,0.36822
CVE-2022-30826,0.00088,0.36822
CVE-2022-30827,0.00088,0.36822
CVE-2022-30828,0.00088,0.36822
CVE-2022-30829,0.00088,0.36822
CVE-2022-3083,0.00055,0.20446
CVE-2022-30830,0.00088,0.36822
CVE-2022-30831,0.00088,0.36822
CVE-2022-30832,0.00088,0.36822
CVE-2022-30833,0.00088,0.36822
CVE-2022-30834,0.00088,0.36822
CVE-2022-30835,0.00088,0.36822
CVE-2022-30836,0.00088,0.36822
CVE-2022-30837,0.00058,0.22585
CVE-2022-30838,0.00172,0.54442
CVE-2022-30839,0.00078,0.32739
CVE-2022-3084,0.00052,0.18028
CVE-2022-30842,0.00058,0.22585
CVE-2022-30843,0.00088,0.36822
CVE-2022-3085,0.00058,0.21989
CVE-2022-30852,0.00062,0.24442
CVE-2022-30858,0.00046,0.13740
CVE-2022-3086,0.00055,0.20546
CVE-2022-30860,0.00260,0.63836
CVE-2022-30861,0.00058,0.22585
CVE-2022-30863,0.00058,0.22585
CVE-2022-3087,0.00103,0.41764
CVE-2022-30874,0.00063,0.24955
CVE-2022-30875,0.00078,0.32206
CVE-2022-30877,0.00500,0.73875
CVE-2022-3088,0.00042,0.00438
CVE-2022-30882,0.00350,0.68986
CVE-2022-30885,0.00221,0.60320
CVE-2022-30886,0.00190,0.56614
CVE-2022-30887,0.01474,0.85443
CVE-2022-3089,0.00105,0.42673
CVE-2022-30898,0.00097,0.40193
CVE-2022-30899,0.00054,0.20290
CVE-2022-3090,0.00076,0.31216
CVE-2022-30903,0.00058,0.22585
CVE-2022-30904,0.00053,0.19001
CVE-2022-30909,0.00234,0.61568
CVE-2022-3091,0.00137,0.49102
CVE-2022-30910,0.00234,0.61568
CVE-2022-30912,0.00234,0.61568
CVE-2022-30913,0.00234,0.61568
CVE-2022-30914,0.00234,0.61568
CVE-2022-30915,0.00234,0.61568
CVE-2022-30916,0.00234,0.61568
CVE-2022-30917,0.00234,0.61568
CVE-2022-30918,0.00234,0.61568
CVE-2022-30919,0.00234,0.61568
CVE-2022-3092,0.00052,0.18028
CVE-2022-30920,0.00234,0.61568
CVE-2022-30921,0.00234,0.61568
CVE-2022-30922,0.00234,0.61568
CVE-2022-30923,0.00234,0.61568
CVE-2022-30924,0.00234,0.61568
CVE-2022-30925,0.00234,0.61568
CVE-2022-30926,0.00234,0.61568
CVE-2022-30927,0.00151,0.51337
CVE-2022-30929,0.00076,0.31251
CVE-2022-3093,0.00052,0.17787
CVE-2022-30930,0.00068,0.28158
CVE-2022-30931,0.00069,0.28650
CVE-2022-30935,0.00157,0.52214
CVE-2022-30937,0.00078,0.32146
CVE-2022-30938,0.00078,0.32146
CVE-2022-3094,0.00078,0.32105
CVE-2022-30943,0.00082,0.34183
CVE-2022-30944,0.00043,0.06775
CVE-2022-30945,0.00104,0.42231
CVE-2022-30946,0.00064,0.26231
CVE-2022-30947,0.00158,0.52341
CVE-2022-30948,0.00158,0.52341
CVE-2022-30949,0.00078,0.32206
CVE-2022-3095,0.00181,0.55356
CVE-2022-30950,0.00094,0.39456
CVE-2022-30951,0.00087,0.35903
CVE-2022-30952,0.00065,0.26756
CVE-2022-30953,0.00060,0.23261
CVE-2022-30954,0.00054,0.19618
CVE-2022-30955,0.00065,0.26756
CVE-2022-30956,0.00077,0.32019
CVE-2022-30957,0.00054,0.19618
CVE-2022-30958,0.00075,0.30903
CVE-2022-30959,0.00065,0.26756
CVE-2022-3096,0.00056,0.20979
CVE-2022-30960,0.00077,0.32019
CVE-2022-30961,0.00077,0.32019
CVE-2022-30962,0.00077,0.32019
CVE-2022-30963,0.00077,0.32019
CVE-2022-30964,0.00077,0.32019
CVE-2022-30965,0.00077,0.32019
CVE-2022-30966,0.00077,0.32019
CVE-2022-30967,0.00077,0.32019
CVE-2022-30968,0.00077,0.32019
CVE-2022-30969,0.00085,0.35309
CVE-2022-3097,0.00068,0.28102
CVE-2022-30970,0.00077,0.32019
CVE-2022-30971,0.00104,0.42231
CVE-2022-30972,0.00075,0.30903
CVE-2022-30973,0.00104,0.42307
CVE-2022-30974,0.00078,0.32760
CVE-2022-30975,0.00078,0.32760
CVE-2022-30976,0.00102,0.41284
CVE-2022-3098,0.00053,0.18445
CVE-2022-30981,0.00116,0.45329
CVE-2022-30982,0.00056,0.20979
CVE-2022-30984,0.00042,0.05722
CVE-2022-3099,0.00076,0.31213
CVE-2022-30990,0.00150,0.51158
CVE-2022-30991,0.00072,0.29847
CVE-2022-30992,0.00072,0.29847
CVE-2022-30993,0.00150,0.51158
CVE-2022-30994,0.00150,0.51158
CVE-2022-30995,0.00087,0.36261
CVE-2022-30997,0.00126,0.47142
CVE-2022-30998,0.00085,0.35316
CVE-2022-30999,0.00084,0.34873
CVE-2022-3100,0.00064,0.25824
CVE-2022-31000,0.00070,0.28943
CVE-2022-31001,0.00155,0.51821
CVE-2022-31002,0.00155,0.51821
CVE-2022-31003,0.02743,0.89543
CVE-2022-31004,0.00216,0.59647
CVE-2022-31005,0.00151,0.51328
CVE-2022-31006,0.00079,0.33154
CVE-2022-31007,0.00095,0.39615
CVE-2022-31008,0.00098,0.40335
CVE-2022-31009,0.00076,0.31394
CVE-2022-3101,0.00046,0.12525
CVE-2022-31011,0.00044,0.10161
CVE-2022-31012,0.00044,0.10161
CVE-2022-31013,0.00193,0.57269
CVE-2022-31014,0.00063,0.24923
CVE-2022-31015,0.00145,0.50311
CVE-2022-31016,0.00081,0.33872
CVE-2022-31017,0.00048,0.14229
CVE-2022-31018,0.00166,0.53268
CVE-2022-31019,0.00058,0.21991
CVE-2022-31020,0.00373,0.69929
CVE-2022-31021,0.00046,0.13740
CVE-2022-31022,0.00044,0.10161
CVE-2022-31023,0.00165,0.53181
CVE-2022-31024,0.00072,0.29685
CVE-2022-31025,0.00090,0.37770
CVE-2022-31026,0.00133,0.48411
CVE-2022-31027,0.00065,0.26756
CVE-2022-31028,0.00178,0.54979
CVE-2022-31029,0.00050,0.16378
CVE-2022-3103,0.00043,0.06775
CVE-2022-31030,0.00045,0.11966
CVE-2022-31031,0.00343,0.68670
CVE-2022-31032,0.00091,0.38449
CVE-2022-31033,0.00099,0.40600
CVE-2022-31034,0.00349,0.68964
CVE-2022-31035,0.00070,0.28941
CVE-2022-31036,0.00050,0.16378
CVE-2022-31037,0.00053,0.18436
CVE-2022-31038,0.00063,0.24935
CVE-2022-31039,0.00061,0.24174
CVE-2022-3104,0.00043,0.06775
CVE-2022-31040,0.00061,0.24174
CVE-2022-31041,0.00050,0.16378
CVE-2022-31042,0.00224,0.60758
CVE-2022-31043,0.00224,0.60758
CVE-2022-31044,0.00095,0.39657
CVE-2022-31045,0.00278,0.65043
CVE-2022-31046,0.00059,0.22981
CVE-2022-31047,0.00097,0.40262
CVE-2022-31048,0.00059,0.22981
CVE-2022-31049,0.00059,0.22981
CVE-2022-3105,0.00043,0.06775
CVE-2022-31050,0.00217,0.59765
CVE-2022-31051,0.00202,0.58254
CVE-2022-31052,0.00136,0.48908
CVE-2022-31053,0.00270,0.64514
CVE-2022-31054,0.00148,0.50867
CVE-2022-31055,0.00065,0.27064
CVE-2022-31056,0.00237,0.61856
CVE-2022-31057,0.00078,0.32277
CVE-2022-31058,0.00195,0.57481
CVE-2022-31059,0.00060,0.23686
CVE-2022-3106,0.00043,0.06775
CVE-2022-31060,0.00071,0.29203
CVE-2022-31061,0.00180,0.55301
CVE-2022-31062,0.00498,0.73834
CVE-2022-31063,0.00077,0.31667
CVE-2022-31064,0.00213,0.59339
CVE-2022-31065,0.00071,0.29203
CVE-2022-31066,0.00042,0.05722
CVE-2022-31068,0.00227,0.60994
CVE-2022-31069,0.00133,0.48411
CVE-2022-3107,0.00043,0.06775
CVE-2022-31070,0.00133,0.48411
CVE-2022-31071,0.00044,0.10161
CVE-2022-31072,0.00044,0.10161
CVE-2022-31073,0.00106,0.42980
CVE-2022-31074,0.00081,0.33872
CVE-2022-31075,0.00081,0.33715
CVE-2022-31076,0.00044,0.10445
CVE-2022-31077,0.00091,0.38637
CVE-2022-31078,0.00081,0.33872
CVE-2022-31079,0.00081,0.33872
CVE-2022-3108,0.00043,0.06775
CVE-2022-31080,0.00081,0.33872
CVE-2022-31081,0.00199,0.57923
CVE-2022-31082,0.00180,0.55301
CVE-2022-31083,0.00084,0.34865
CVE-2022-31084,0.00334,0.68289
CVE-2022-31085,0.00136,0.48945
CVE-2022-31086,0.00480,0.73353
CVE-2022-31087,0.00045,0.12326
CVE-2022-31088,0.00136,0.48945
CVE-2022-31089,0.00091,0.38427
CVE-2022-3109,0.00125,0.46874
CVE-2022-31090,0.00113,0.44730
CVE-2022-31091,0.00113,0.44730
CVE-2022-31092,0.00196,0.57507
CVE-2022-31093,0.00143,0.50094
CVE-2022-31094,0.00071,0.29203
CVE-2022-31095,0.00065,0.26756
CVE-2022-31096,0.00065,0.26756
CVE-2022-31097,0.00485,0.73491
CVE-2022-31098,0.00158,0.52265
CVE-2022-31099,0.00071,0.29145
CVE-2022-3110,0.00043,0.06775
CVE-2022-31100,0.00073,0.30245
CVE-2022-31101,0.00462,0.72840
CVE-2022-31102,0.00071,0.29281
CVE-2022-31103,0.00115,0.45015
CVE-2022-31104,0.00194,0.57319
CVE-2022-31105,0.00150,0.51019
CVE-2022-31106,0.00194,0.57318
CVE-2022-31107,0.00153,0.51567
CVE-2022-31108,0.00068,0.28323
CVE-2022-31109,0.00079,0.32912
CVE-2022-3111,0.00043,0.06775
CVE-2022-31110,0.00116,0.45460
CVE-2022-31111,0.00079,0.33081
CVE-2022-31112,0.00150,0.51049
CVE-2022-31113,0.00061,0.24174
CVE-2022-31115,0.00162,0.52809
CVE-2022-31116,0.00108,0.43370
CVE-2022-31117,0.00163,0.52955
CVE-2022-31118,0.00059,0.23111
CVE-2022-31119,0.00098,0.40380
CVE-2022-3112,0.00043,0.06775
CVE-2022-31120,0.00059,0.23151
CVE-2022-31121,0.00168,0.53606
CVE-2022-31122,0.00170,0.54075
CVE-2022-31123,0.00057,0.21554
CVE-2022-31124,0.00144,0.50259
CVE-2022-31125,0.02093,0.88002
CVE-2022-31126,0.85981,0.98326
CVE-2022-31127,0.00114,0.44977
CVE-2022-31128,0.00079,0.32804
CVE-2022-31129,0.00268,0.64418
CVE-2022-3113,0.00043,0.06775
CVE-2022-31130,0.00102,0.41325
CVE-2022-31131,0.00062,0.24442
CVE-2022-31132,0.00194,0.57362
CVE-2022-31133,0.00094,0.39430
CVE-2022-31134,0.00119,0.46027
CVE-2022-31135,0.00108,0.43345
CVE-2022-31136,0.00061,0.24174
CVE-2022-31137,0.95406,0.99232
CVE-2022-31138,0.00142,0.49996
CVE-2022-31139,0.00114,0.44926
CVE-2022-3114,0.00043,0.06775
CVE-2022-31140,0.00203,0.58312
CVE-2022-31142,0.00124,0.46781
CVE-2022-31143,0.00054,0.19178
CVE-2022-31144,0.00489,0.73615
CVE-2022-31145,0.00059,0.22806
CVE-2022-31146,0.00228,0.61093
CVE-2022-31147,0.00097,0.40201
CVE-2022-31148,0.00059,0.23151
CVE-2022-31149,0.00132,0.48071
CVE-2022-3115,0.00043,0.06775
CVE-2022-31150,0.00117,0.45468
CVE-2022-31151,0.00088,0.36921
CVE-2022-31152,0.00097,0.40276
CVE-2022-31153,0.00174,0.54632
CVE-2022-31154,0.00048,0.14636
CVE-2022-31155,0.00048,0.14636
CVE-2022-31156,0.00053,0.18436
CVE-2022-31157,0.00071,0.29245
CVE-2022-31158,0.00071,0.29245
CVE-2022-31159,0.00051,0.17018
CVE-2022-3116,0.00046,0.13740
CVE-2022-31160,0.00196,0.57583
CVE-2022-31161,0.02150,0.88219
CVE-2022-31162,0.00129,0.47569
CVE-2022-31163,0.00263,0.64071
CVE-2022-31164,0.00060,0.23618
CVE-2022-31166,0.00176,0.54808
CVE-2022-31167,0.00065,0.27120
CVE-2022-31168,0.00152,0.51446
CVE-2022-31169,0.00071,0.29173
CVE-2022-31170,0.00060,0.23618
CVE-2022-31172,0.00060,0.23618
CVE-2022-31173,0.00118,0.45661
CVE-2022-31175,0.00093,0.39158
CVE-2022-31176,0.00174,0.54669
CVE-2022-31177,0.00048,0.14636
CVE-2022-31178,0.00053,0.18436
CVE-2022-31179,0.00204,0.58385
CVE-2022-3118,0.00137,0.49132
CVE-2022-31180,0.00191,0.56826
CVE-2022-31181,0.00204,0.58428
CVE-2022-31182,0.00088,0.36958
CVE-2022-31183,0.00127,0.47317
CVE-2022-31184,0.00088,0.36958
CVE-2022-31185,0.00059,0.23111
CVE-2022-31186,0.00045,0.12069
CVE-2022-31187,0.00048,0.14636
CVE-2022-31188,0.01114,0.83049
CVE-2022-31189,0.00059,0.23111
CVE-2022-3119,0.00115,0.45011
CVE-2022-31190,0.00070,0.28778
CVE-2022-31191,0.00099,0.40598
CVE-2022-31192,0.00070,0.28899
CVE-2022-31193,0.00070,0.28778
CVE-2022-31194,0.00152,0.51446
CVE-2022-31195,0.00152,0.51446
CVE-2022-31196,0.00108,0.43479
CVE-2022-31197,0.00117,0.45560
CVE-2022-31198,0.00060,0.23618
CVE-2022-31199,0.51002,0.97268
CVE-2022-3120,0.00132,0.48286
CVE-2022-31200,0.00045,0.12348
CVE-2022-31201,0.00056,0.20979
CVE-2022-31202,0.00062,0.24529
CVE-2022-31204,0.00102,0.41489
CVE-2022-31205,0.00150,0.51189
CVE-2022-31206,0.00269,0.64456
CVE-2022-31207,0.00247,0.62714
CVE-2022-31208,0.00091,0.38519
CVE-2022-31209,0.00219,0.59892
CVE-2022-3121,0.00063,0.25721
CVE-2022-31210,0.00194,0.57362
CVE-2022-31211,0.00252,0.63173
CVE-2022-31212,0.00094,0.39284
CVE-2022-31213,0.00094,0.39284
CVE-2022-31214,0.00042,0.05722
CVE-2022-31215,0.00092,0.38802
CVE-2022-31216,0.00046,0.12738
CVE-2022-31217,0.00046,0.12738
CVE-2022-31218,0.00046,0.12738
CVE-2022-31219,0.00046,0.12738
CVE-2022-3122,0.00132,0.48286
CVE-2022-31220,0.00042,0.05722
CVE-2022-31221,0.00042,0.05722
CVE-2022-31222,0.00042,0.05722
CVE-2022-31223,0.00042,0.05722
CVE-2022-31224,0.00044,0.10345
CVE-2022-31225,0.00042,0.05722
CVE-2022-31226,0.00044,0.08116
CVE-2022-31228,0.00260,0.63833
CVE-2022-31229,0.00068,0.27940
CVE-2022-3123,0.00090,0.37694
CVE-2022-31230,0.00201,0.58090
CVE-2022-31232,0.00232,0.61418
CVE-2022-31233,0.00043,0.06775
CVE-2022-31234,0.00284,0.65472
CVE-2022-31237,0.00042,0.05722
CVE-2022-31238,0.00043,0.06775
CVE-2022-31239,0.00042,0.05722
CVE-2022-3124,0.00120,0.46167
CVE-2022-31243,0.00042,0.05722
CVE-2022-31244,0.00043,0.06775
CVE-2022-31245,0.00520,0.74411
CVE-2022-31246,0.00064,0.26289
CVE-2022-31247,0.00071,0.29134
CVE-2022-31248,0.00183,0.55693
CVE-2022-31249,0.00136,0.48907
CVE-2022-3125,0.00085,0.35505
CVE-2022-31250,0.00042,0.05722
CVE-2022-31251,0.00042,0.05722
CVE-2022-31252,0.00042,0.05722
CVE-2022-31253,0.00043,0.06775
CVE-2022-31254,0.00042,0.05722
CVE-2022-31255,0.00093,0.39132
CVE-2022-31256,0.00042,0.05722
CVE-2022-31257,0.00073,0.30380
CVE-2022-31258,0.00044,0.10161
CVE-2022-31259,0.00168,0.53562
CVE-2022-3126,0.00053,0.18445
CVE-2022-31260,0.00083,0.34475
CVE-2022-31261,0.00128,0.47491
CVE-2022-31262,0.00047,0.14010
CVE-2022-31263,0.00067,0.27739
CVE-2022-31264,0.00072,0.29611
CVE-2022-31265,0.00457,0.72706
CVE-2022-31266,0.00314,0.67219
CVE-2022-31267,0.00206,0.58621
CVE-2022-31268,0.00618,0.76619
CVE-2022-31269,0.00174,0.54576
CVE-2022-3127,0.00059,0.23145
CVE-2022-31273,0.00253,0.63221
CVE-2022-31277,0.00081,0.33577
CVE-2022-3128,0.00056,0.20979
CVE-2022-31282,0.00051,0.17017
CVE-2022-31285,0.00051,0.17017
CVE-2022-31287,0.00051,0.17017
CVE-2022-3129,0.00882,0.80781
CVE-2022-31290,0.00077,0.32065
CVE-2022-31291,0.00069,0.28611
CVE-2022-31294,0.00074,0.30594
CVE-2022-31295,0.00074,0.30594
CVE-2022-31296,0.00157,0.52076
CVE-2022-31298,0.00082,0.33961
CVE-2022-31299,0.00209,0.58906
CVE-2022-3130,0.00316,0.67387
CVE-2022-31300,0.00082,0.33961
CVE-2022-31301,0.00082,0.33961
CVE-2022-31302,0.00058,0.22585
CVE-2022-31303,0.00058,0.22585
CVE-2022-31306,0.00057,0.21445
CVE-2022-31307,0.00057,0.21445
CVE-2022-31308,0.00236,0.61749
CVE-2022-31309,0.00236,0.61749
CVE-2022-3131,0.00072,0.29591
CVE-2022-31311,0.00194,0.57330
CVE-2022-31313,0.00380,0.70220
CVE-2022-3132,0.00056,0.20979
CVE-2022-31321,0.00210,0.59020
CVE-2022-31322,0.00043,0.06775
CVE-2022-31324,0.00064,0.25824
CVE-2022-31325,0.00855,0.80487
CVE-2022-31327,0.00172,0.54442
CVE-2022-31328,0.00172,0.54442
CVE-2022-31329,0.00172,0.54442
CVE-2022-3133,0.00066,0.27146
CVE-2022-31335,0.00172,0.54442
CVE-2022-31336,0.00172,0.54442
CVE-2022-31337,0.00172,0.54442
CVE-2022-31338,0.00172,0.54442
CVE-2022-31339,0.00088,0.36822
CVE-2022-3134,0.00056,0.21221
CVE-2022-31340,0.00172,0.54442
CVE-2022-31342,0.00079,0.32837
CVE-2022-31343,0.00172,0.54442
CVE-2022-31344,0.00172,0.54442
CVE-2022-31345,0.00172,0.54442
CVE-2022-31346,0.00172,0.54442
CVE-2022-31347,0.00172,0.54442
CVE-2022-31348,0.00172,0.54442
CVE-2022-3135,0.00056,0.20979
CVE-2022-31350,0.00172,0.54442
CVE-2022-31351,0.00172,0.54442
CVE-2022-31352,0.00172,0.54442
CVE-2022-31353,0.00172,0.54442
CVE-2022-31354,0.00172,0.54442
CVE-2022-31355,0.00172,0.54442
CVE-2022-31356,0.00172,0.54442
CVE-2022-31357,0.00172,0.54442
CVE-2022-31358,0.00124,0.46782
CVE-2022-3136,0.00056,0.20979
CVE-2022-31361,0.00208,0.58821
CVE-2022-31362,0.00098,0.40432
CVE-2022-31363,0.00055,0.20747
CVE-2022-31364,0.00055,0.20747
CVE-2022-31366,0.00114,0.44848
CVE-2022-31367,0.00126,0.47148
CVE-2022-3137,0.00056,0.20979
CVE-2022-31372,0.00153,0.51592
CVE-2022-31373,0.00088,0.36972
CVE-2022-31374,0.00298,0.66351
CVE-2022-3138,0.00059,0.23145
CVE-2022-31382,0.00160,0.52604
CVE-2022-31383,0.00160,0.52604
CVE-2022-31384,0.00160,0.52604
CVE-2022-31386,0.00209,0.58874
CVE-2022-3139,0.00056,0.20979
CVE-2022-31390,0.00209,0.58874
CVE-2022-31393,0.00209,0.58874
CVE-2022-31394,0.00061,0.23897
CVE-2022-31395,0.00082,0.34136
CVE-2022-31398,0.00058,0.22585
CVE-2022-3140,0.00129,0.47746
CVE-2022-31400,0.00058,0.22585
CVE-2022-31402,0.00079,0.32923
CVE-2022-31403,0.00099,0.40721
CVE-2022-31405,0.00080,0.33324
CVE-2022-3141,0.00125,0.46866
CVE-2022-31414,0.00463,0.72855
CVE-2022-31415,0.00076,0.31357
CVE-2022-3142,0.00318,0.67463
CVE-2022-3143,0.00134,0.48588
CVE-2022-3144,0.00073,0.30267
CVE-2022-31446,0.07280,0.93429
CVE-2022-31447,0.00188,0.56356
CVE-2022-3145,0.00063,0.25287
CVE-2022-31454,0.00046,0.13740
CVE-2022-31455,0.00046,0.13740
CVE-2022-31456,0.00046,0.13740
CVE-2022-31457,0.00090,0.37805
CVE-2022-31458,0.00046,0.13740
CVE-2022-31459,0.00065,0.26757
CVE-2022-3146,0.00046,0.12525
CVE-2022-31460,0.00062,0.24337
CVE-2022-31461,0.00062,0.24337
CVE-2022-31462,0.00097,0.40280
CVE-2022-31463,0.00065,0.26757
CVE-2022-31464,0.00048,0.14460
CVE-2022-31465,0.00042,0.05722
CVE-2022-31466,0.00042,0.05722
CVE-2022-31467,0.00042,0.05722
CVE-2022-31468,0.00074,0.30476
CVE-2022-31469,0.00075,0.31076
CVE-2022-3147,0.00073,0.30137
CVE-2022-31470,0.00116,0.45354
CVE-2022-31471,0.00180,0.55318
CVE-2022-31472,0.00082,0.34183
CVE-2022-31473,0.00061,0.24042
CVE-2022-31474,0.00531,0.74684
CVE-2022-31475,0.00061,0.23928
CVE-2022-31476,0.00043,0.06775
CVE-2022-31477,0.00043,0.06775
CVE-2022-31478,0.00054,0.20290
CVE-2022-31479,0.00197,0.57683
CVE-2022-3148,0.00059,0.23145
CVE-2022-31480,0.00095,0.39739
CVE-2022-31481,0.00261,0.63880
CVE-2022-31482,0.00095,0.39739
CVE-2022-31483,0.00090,0.37856
CVE-2022-31484,0.00095,0.39739
CVE-2022-31485,0.00077,0.31886
CVE-2022-31486,0.00239,0.62047
CVE-2022-31487,0.00189,0.56471
CVE-2022-31488,0.00180,0.55264
CVE-2022-31489,0.00180,0.55264
CVE-2022-3149,0.00065,0.26858
CVE-2022-31492,0.00093,0.39152
CVE-2022-31493,0.00093,0.39152
CVE-2022-31494,0.00079,0.32893
CVE-2022-31495,0.00093,0.39152
CVE-2022-31496,0.00196,0.57574
CVE-2022-31497,0.00071,0.29281
CVE-2022-31498,0.00093,0.39152
CVE-2022-31499,0.55105,0.97380
CVE-2022-3150,0.00072,0.29591
CVE-2022-31500,0.00044,0.10161
CVE-2022-31501,0.00216,0.59655
CVE-2022-31502,0.00173,0.54525
CVE-2022-31503,0.00150,0.51023
CVE-2022-31504,0.00268,0.64435
CVE-2022-31505,0.00238,0.61955
CVE-2022-31506,0.00173,0.54525
CVE-2022-31507,0.00157,0.52161
CVE-2022-31508,0.00173,0.54525
CVE-2022-31509,0.00238,0.61955
CVE-2022-3151,0.00053,0.18445
CVE-2022-31510,0.00173,0.54525
CVE-2022-31511,0.00238,0.61955
CVE-2022-31512,0.00238,0.61955
CVE-2022-31513,0.00238,0.61955
CVE-2022-31514,0.00238,0.61955
CVE-2022-31515,0.00238,0.61955
CVE-2022-31516,0.00238,0.61955
CVE-2022-31517,0.00238,0.61955
CVE-2022-31518,0.00238,0.61955
CVE-2022-31519,0.00238,0.61955
CVE-2022-3152,0.00080,0.33382
CVE-2022-31520,0.00238,0.61955
CVE-2022-31521,0.00238,0.61955
CVE-2022-31522,0.00238,0.61955
CVE-2022-31523,0.00238,0.61955
CVE-2022-31524,0.00238,0.61955
CVE-2022-31525,0.00238,0.61955
CVE-2022-31526,0.00238,0.61955
CVE-2022-31527,0.00238,0.61955
CVE-2022-31528,0.00238,0.61955
CVE-2022-31529,0.00238,0.61955
CVE-2022-3153,0.00049,0.15810
CVE-2022-31530,0.00238,0.61955
CVE-2022-31531,0.00238,0.61955
CVE-2022-31532,0.00238,0.61955
CVE-2022-31533,0.00238,0.61955
CVE-2022-31534,0.00238,0.61955
CVE-2022-31535,0.00238,0.61955
CVE-2022-31536,0.00238,0.61955
CVE-2022-31537,0.00238,0.61955
CVE-2022-31538,0.00238,0.61955
CVE-2022-31539,0.00238,0.61955
CVE-2022-3154,0.00054,0.19132
CVE-2022-31540,0.00238,0.61955
CVE-2022-31541,0.00238,0.61955
CVE-2022-31542,0.00238,0.61955
CVE-2022-31543,0.00238,0.61955
CVE-2022-31544,0.00238,0.61955
CVE-2022-31545,0.00238,0.61955
CVE-2022-31546,0.00238,0.61955
CVE-2022-31547,0.00238,0.61955
CVE-2022-31548,0.00238,0.61955
CVE-2022-31549,0.00216,0.59655
CVE-2022-3155,0.00060,0.23528
CVE-2022-31550,0.00238,0.61955
CVE-2022-31551,0.00238,0.61955
CVE-2022-31552,0.00238,0.61955
CVE-2022-31553,0.00238,0.61955
CVE-2022-31554,0.00238,0.61955
CVE-2022-31555,0.00238,0.61955
CVE-2022-31556,0.00238,0.61955
CVE-2022-31557,0.00156,0.51985
CVE-2022-31558,0.00156,0.51985
CVE-2022-31559,0.00156,0.51985
CVE-2022-3156,0.00060,0.23661
CVE-2022-31560,0.00156,0.51985
CVE-2022-31561,0.00156,0.51985
CVE-2022-31562,0.00156,0.51985
CVE-2022-31563,0.00156,0.51985
CVE-2022-31564,0.00207,0.58734
CVE-2022-31565,0.00156,0.51985
CVE-2022-31566,0.00153,0.51592
CVE-2022-31567,0.00238,0.61955
CVE-2022-31568,0.00238,0.61955
CVE-2022-3157,0.00053,0.18879
CVE-2022-31570,0.00148,0.50765
CVE-2022-31571,0.00238,0.61955
CVE-2022-31572,0.00238,0.61955
CVE-2022-31573,0.00238,0.61955
CVE-2022-31574,0.00238,0.61955
CVE-2022-31575,0.00238,0.61955
CVE-2022-31576,0.00238,0.61955
CVE-2022-31577,0.00156,0.51985
CVE-2022-31578,0.00238,0.61955
CVE-2022-31579,0.00156,0.51985
CVE-2022-3158,0.00102,0.41392
CVE-2022-31580,0.00238,0.61955
CVE-2022-31581,0.00217,0.59689
CVE-2022-31582,0.00238,0.61955
CVE-2022-31583,0.00238,0.61955
CVE-2022-31584,0.00238,0.61955
CVE-2022-31585,0.00238,0.61955
CVE-2022-31586,0.00238,0.61955
CVE-2022-31587,0.00238,0.61955
CVE-2022-31588,0.00238,0.61955
CVE-2022-31589,0.00065,0.26756
CVE-2022-3159,0.00058,0.22612
CVE-2022-31590,0.00044,0.10161
CVE-2022-31591,0.00042,0.05722
CVE-2022-31592,0.00054,0.20290
CVE-2022-31593,0.00104,0.42231
CVE-2022-31594,0.00044,0.10161
CVE-2022-31595,0.00104,0.42231
CVE-2022-31596,0.00065,0.26817
CVE-2022-31597,0.00054,0.20290
CVE-2022-31598,0.00054,0.20290
CVE-2022-31599,0.00042,0.05722
CVE-2022-3160,0.00052,0.17704
CVE-2022-31600,0.00045,0.11968
CVE-2022-31601,0.00042,0.05722
CVE-2022-31602,0.00044,0.10161
CVE-2022-31603,0.00044,0.10161
CVE-2022-31604,0.00261,0.63886
CVE-2022-31605,0.00261,0.63886
CVE-2022-31606,0.00043,0.06775
CVE-2022-31607,0.00042,0.05722
CVE-2022-31608,0.00042,0.05722
CVE-2022-31609,0.00043,0.06775
CVE-2022-3161,0.00054,0.19150
CVE-2022-31610,0.00042,0.05722
CVE-2022-31611,0.00042,0.05722
CVE-2022-31612,0.00042,0.05722
CVE-2022-31613,0.00042,0.05722
CVE-2022-31614,0.00042,0.05722
CVE-2022-31615,0.00042,0.05722
CVE-2022-31616,0.00042,0.05722
CVE-2022-31617,0.00042,0.05722
CVE-2022-31618,0.00043,0.06775
CVE-2022-31619,0.00222,0.60403
CVE-2022-3162,0.00072,0.29901
CVE-2022-31620,0.00080,0.33459
CVE-2022-31621,0.00042,0.05722
CVE-2022-31622,0.00042,0.05722
CVE-2022-31623,0.00042,0.05722
CVE-2022-31624,0.00042,0.05722
CVE-2022-31625,0.00280,0.65178
CVE-2022-31626,0.00435,0.72084
CVE-2022-31627,0.00147,0.50671
CVE-2022-31628,0.00069,0.28597
CVE-2022-31629,0.00130,0.47841
CVE-2022-31630,0.00064,0.26501
CVE-2022-31635,0.00042,0.05722
CVE-2022-31636,0.00042,0.05722
CVE-2022-31637,0.00042,0.05722
CVE-2022-31638,0.00042,0.05722
CVE-2022-31639,0.00042,0.05722
CVE-2022-31640,0.00042,0.05722
CVE-2022-31641,0.00042,0.05722
CVE-2022-31642,0.00042,0.05722
CVE-2022-31643,0.00043,0.06775
CVE-2022-31644,0.00042,0.05722
CVE-2022-31645,0.00042,0.05722
CVE-2022-31646,0.00042,0.05722
CVE-2022-31647,0.00043,0.06775
CVE-2022-31648,0.00078,0.32206
CVE-2022-31649,0.00136,0.48980
CVE-2022-3165,0.00104,0.42310
CVE-2022-31650,0.00132,0.48224
CVE-2022-31651,0.00093,0.39038
CVE-2022-31654,0.00054,0.20290
CVE-2022-31655,0.00054,0.20290
CVE-2022-31656,0.81964,0.98135
CVE-2022-31657,0.00153,0.51540
CVE-2022-31658,0.00185,0.55867
CVE-2022-31659,0.00185,0.55867
CVE-2022-3166,0.00053,0.18879
CVE-2022-31660,0.00090,0.37976
CVE-2022-31661,0.00042,0.05722
CVE-2022-31662,0.00122,0.46380
CVE-2022-31663,0.00069,0.28583
CVE-2022-31664,0.00042,0.05722
CVE-2022-31665,0.00185,0.55867
CVE-2022-3167,0.00157,0.52119
CVE-2022-31672,0.00089,0.37464
CVE-2022-31673,0.00166,0.53282
CVE-2022-31674,0.00052,0.17898
CVE-2022-31675,0.00071,0.29182
CVE-2022-31676,0.00042,0.05722
CVE-2022-31677,0.00052,0.17898
CVE-2022-31678,0.00171,0.54172
CVE-2022-31679,0.00089,0.37281
CVE-2022-31680,0.00112,0.44338
CVE-2022-31681,0.00042,0.05722
CVE-2022-31682,0.00060,0.23385
CVE-2022-31683,0.00056,0.20979
CVE-2022-31684,0.00070,0.28886
CVE-2022-31685,0.00178,0.55104
CVE-2022-31686,0.00174,0.54604
CVE-2022-31687,0.00206,0.58610
CVE-2022-31688,0.00062,0.24831
CVE-2022-31689,0.00174,0.54604
CVE-2022-3169,0.00043,0.06775
CVE-2022-31690,0.00413,0.71373
CVE-2022-31691,0.00413,0.71379
CVE-2022-31692,0.00903,0.81039
CVE-2022-31693,0.00042,0.05722
CVE-2022-31694,0.00043,0.06775
CVE-2022-31696,0.00052,0.17733
CVE-2022-31697,0.00042,0.05722
CVE-2022-31698,0.00083,0.34296
CVE-2022-31699,0.00042,0.05722
CVE-2022-3170,0.00042,0.05722
CVE-2022-31700,0.00171,0.54224
CVE-2022-31701,0.00062,0.24831
CVE-2022-31702,0.00124,0.46715
CVE-2022-31703,0.00130,0.47807
CVE-2022-31704,0.00360,0.69423
CVE-2022-31705,0.00043,0.07632
CVE-2022-31706,0.00510,0.74159
CVE-2022-31707,0.00148,0.50826
CVE-2022-31708,0.00084,0.35131
CVE-2022-3171,0.00072,0.29491
CVE-2022-31710,0.00094,0.39435
CVE-2022-31711,0.00111,0.44181
CVE-2022-3172,0.00064,0.26487
CVE-2022-3173,0.00051,0.17233
CVE-2022-31733,0.00065,0.26854
CVE-2022-31734,0.00078,0.32206
CVE-2022-31735,0.00054,0.19178
CVE-2022-31736,0.00145,0.50366
CVE-2022-31737,0.00135,0.48660
CVE-2022-31738,0.00095,0.39652
CVE-2022-31739,0.00145,0.50366
CVE-2022-3174,0.00121,0.46236
CVE-2022-31740,0.00145,0.50366
CVE-2022-31741,0.00136,0.49018
CVE-2022-31742,0.00110,0.44016
CVE-2022-31743,0.00069,0.28630
CVE-2022-31744,0.00091,0.38564
CVE-2022-31745,0.00068,0.28132
CVE-2022-31746,0.00069,0.28630
CVE-2022-31747,0.00138,0.49326
CVE-2022-31748,0.00235,0.61670
CVE-2022-3175,0.00059,0.23145
CVE-2022-31751,0.00044,0.10161
CVE-2022-31752,0.00044,0.10161
CVE-2022-31753,0.00101,0.41058
CVE-2022-31754,0.00071,0.29420
CVE-2022-31755,0.00044,0.10161
CVE-2022-31756,0.00044,0.10161
CVE-2022-31757,0.00158,0.52341
CVE-2022-31758,0.00044,0.10161
CVE-2022-31759,0.00044,0.10161
CVE-2022-3176,0.00045,0.11966
CVE-2022-31760,0.00161,0.52726
CVE-2022-31761,0.00150,0.51158
CVE-2022-31762,0.00044,0.10161
CVE-2022-31763,0.00044,0.10161
CVE-2022-31765,0.00077,0.31947
CVE-2022-31766,0.00142,0.49986
CVE-2022-31767,0.00372,0.69928
CVE-2022-31768,0.00112,0.44487
CVE-2022-31769,0.00099,0.40577
CVE-2022-31770,0.00076,0.31433
CVE-2022-31772,0.00068,0.28351
CVE-2022-31773,0.00060,0.23227
CVE-2022-31774,0.00048,0.14834
CVE-2022-31775,0.00143,0.50109
CVE-2022-31776,0.00083,0.34596
CVE-2022-31777,0.00065,0.26851
CVE-2022-31778,0.00216,0.59649
CVE-2022-31779,0.00270,0.64527
CVE-2022-3178,0.00060,0.23390
CVE-2022-31780,0.00190,0.56644
CVE-2022-31781,0.00305,0.66731
CVE-2022-31782,0.00069,0.28735
CVE-2022-31783,0.00093,0.38963
CVE-2022-31784,0.00306,0.66754
CVE-2022-31786,0.00078,0.32739
CVE-2022-31787,0.00212,0.59203
CVE-2022-31788,0.00212,0.59203
CVE-2022-31789,0.00377,0.70085
CVE-2022-3179,0.00080,0.33382
CVE-2022-31790,0.00338,0.68477
CVE-2022-31791,0.00042,0.05722
CVE-2022-31792,0.00061,0.23927
CVE-2022-31793,0.26923,0.96356
CVE-2022-31794,0.00440,0.72237
CVE-2022-31795,0.00440,0.72237
CVE-2022-31796,0.00091,0.38427
CVE-2022-31798,0.00120,0.46199
CVE-2022-31799,0.00690,0.78092
CVE-2022-31800,0.00618,0.76623
CVE-2022-31801,0.00274,0.64801
CVE-2022-31802,0.00201,0.58090
CVE-2022-31803,0.00085,0.35329
CVE-2022-31804,0.00095,0.39739
CVE-2022-31805,0.00150,0.51158
CVE-2022-31806,0.00201,0.58090
CVE-2022-31808,0.00043,0.06775
CVE-2022-3181,0.00078,0.32333
CVE-2022-31810,0.00121,0.46208
CVE-2022-31813,0.01063,0.82635
CVE-2022-31814,0.96552,0.99531
CVE-2022-3182,0.00043,0.06775
CVE-2022-31827,0.00209,0.58874
CVE-2022-3183,0.00126,0.47191
CVE-2022-31830,0.00209,0.58874
CVE-2022-31836,0.00145,0.50326
CVE-2022-3184,0.00160,0.52659
CVE-2022-31845,0.00874,0.80692
CVE-2022-31846,0.00874,0.80692
CVE-2022-31847,0.01311,0.84537
CVE-2022-31849,0.00260,0.63836
CVE-2022-3185,0.00063,0.25287
CVE-2022-31854,0.13158,0.95063
CVE-2022-31856,0.00255,0.63478
CVE-2022-3186,0.00135,0.48776
CVE-2022-31860,0.00166,0.53361
CVE-2022-31861,0.00056,0.20979
CVE-2022-3187,0.00063,0.25287
CVE-2022-31873,0.00078,0.32739
CVE-2022-31874,0.01258,0.84198
CVE-2022-31875,0.00078,0.32739
CVE-2022-31876,0.00087,0.35933
CVE-2022-31877,0.00085,0.35505
CVE-2022-31879,0.05244,0.92295
CVE-2022-3188,0.00069,0.28744
CVE-2022-31883,0.00237,0.61840
CVE-2022-31884,0.00062,0.24442
CVE-2022-31885,0.00379,0.70187
CVE-2022-31886,0.00137,0.49077
CVE-2022-31887,0.00200,0.57950
CVE-2022-31888,0.00063,0.25553
CVE-2022-31889,0.00046,0.13740
CVE-2022-3189,0.00063,0.25287
CVE-2022-31890,0.00076,0.31600
CVE-2022-31897,0.00136,0.49028
CVE-2022-31898,0.00045,0.12361
CVE-2022-3190,0.00052,0.17558
CVE-2022-31901,0.00075,0.31036
CVE-2022-31902,0.00044,0.10345
CVE-2022-31904,0.00089,0.37659
CVE-2022-31906,0.00058,0.22585
CVE-2022-31908,0.00088,0.36822
CVE-2022-3191,0.00042,0.05722
CVE-2022-31910,0.00058,0.22585
CVE-2022-31911,0.00088,0.36822
CVE-2022-31912,0.00088,0.36822
CVE-2022-31913,0.00058,0.22585
CVE-2022-31914,0.00058,0.22585
CVE-2022-3192,0.00046,0.13740
CVE-2022-3193,0.00063,0.25287
CVE-2022-31937,0.00166,0.53313
CVE-2022-3194,0.00045,0.11801
CVE-2022-31941,0.00172,0.54442
CVE-2022-31943,0.00247,0.62737
CVE-2022-31945,0.00088,0.37003
CVE-2022-31946,0.00172,0.54442
CVE-2022-31948,0.00172,0.54442
CVE-2022-3195,0.00172,0.54463
CVE-2022-31951,0.00172,0.54442
CVE-2022-31952,0.00172,0.54442
CVE-2022-31953,0.00172,0.54442
CVE-2022-31956,0.00172,0.54442
CVE-2022-31957,0.00172,0.54442
CVE-2022-31959,0.00172,0.54442
CVE-2022-3196,0.00256,0.63529
CVE-2022-31961,0.00172,0.54442
CVE-2022-31962,0.00172,0.54442
CVE-2022-31964,0.00172,0.54442
CVE-2022-31965,0.00172,0.54442
CVE-2022-31966,0.00079,0.32837
CVE-2022-31969,0.00172,0.54442
CVE-2022-3197,0.00256,0.63529
CVE-2022-31970,0.00088,0.36822
CVE-2022-31971,0.00088,0.36822
CVE-2022-31973,0.00079,0.32837
CVE-2022-31974,0.01429,0.85222
CVE-2022-31975,0.01429,0.85222
CVE-2022-31976,0.02036,0.87796
CVE-2022-31977,0.02036,0.87796
CVE-2022-31978,0.02036,0.87796
CVE-2022-3198,0.00256,0.63529
CVE-2022-31980,0.01429,0.85222
CVE-2022-31981,0.01429,0.85222
CVE-2022-31982,0.01429,0.85222
CVE-2022-31983,0.01429,0.85222
CVE-2022-31984,0.01429,0.85222
CVE-2022-31985,0.00088,0.36822
CVE-2022-31986,0.00088,0.36822
CVE-2022-31988,0.00088,0.36822
CVE-2022-31989,0.00172,0.54442
CVE-2022-3199,0.00714,0.78496
CVE-2022-31990,0.00172,0.54442
CVE-2022-31991,0.00172,0.54442
CVE-2022-31992,0.00088,0.36822
CVE-2022-31993,0.00172,0.54442
CVE-2022-31994,0.00088,0.36822
CVE-2022-31996,0.00088,0.36822
CVE-2022-31998,0.00088,0.36822
CVE-2022-3200,0.00223,0.60669
CVE-2022-32000,0.00088,0.36822
CVE-2022-32001,0.00088,0.36822
CVE-2022-32002,0.00179,0.55171
CVE-2022-32003,0.00088,0.36822
CVE-2022-32004,0.00088,0.36822
CVE-2022-32005,0.00109,0.43913
CVE-2022-32006,0.00088,0.36822
CVE-2022-32007,0.01429,0.85222
CVE-2022-32008,0.00088,0.36822
CVE-2022-3201,0.00280,0.65190
CVE-2022-32010,0.00088,0.36822
CVE-2022-32011,0.00088,0.36822
CVE-2022-32012,0.00088,0.36822
CVE-2022-32013,0.00088,0.36822
CVE-2022-32014,0.00088,0.36822
CVE-2022-32015,0.01429,0.85222
CVE-2022-32016,0.00088,0.36822
CVE-2022-32017,0.00088,0.36822
CVE-2022-32018,0.01429,0.85222
CVE-2022-32019,0.00298,0.66351
CVE-2022-3202,0.00042,0.05722
CVE-2022-32020,0.00335,0.68364
CVE-2022-32021,0.00088,0.36822
CVE-2022-32022,0.01537,0.85782
CVE-2022-32024,0.01429,0.85222
CVE-2022-32025,0.01429,0.85222
CVE-2022-32026,0.01429,0.85222
CVE-2022-32027,0.00088,0.36822
CVE-2022-32028,0.01429,0.85222
CVE-2022-3203,0.00229,0.61192
CVE-2022-32030,0.00086,0.35887
CVE-2022-32031,0.00086,0.35887
CVE-2022-32032,0.00234,0.61568
CVE-2022-32033,0.00117,0.45605
CVE-2022-32034,0.00117,0.45605
CVE-2022-32035,0.00117,0.45605
CVE-2022-32036,0.00117,0.45605
CVE-2022-32037,0.00086,0.35887
CVE-2022-32039,0.00086,0.35887
CVE-2022-3204,0.00232,0.61381
CVE-2022-32040,0.00086,0.35887
CVE-2022-32041,0.00086,0.35887
CVE-2022-32043,0.00086,0.35887
CVE-2022-32044,0.00086,0.35887
CVE-2022-32045,0.00086,0.35887
CVE-2022-32046,0.00086,0.35887
CVE-2022-32047,0.00086,0.35887
CVE-2022-32048,0.00086,0.35887
CVE-2022-32049,0.00086,0.35887
CVE-2022-3205,0.00068,0.28132
CVE-2022-32050,0.00086,0.35887
CVE-2022-32051,0.00086,0.35887
CVE-2022-32052,0.00086,0.35887
CVE-2022-32053,0.00086,0.35887
CVE-2022-32054,0.00927,0.81303
CVE-2022-32055,0.00180,0.55264
CVE-2022-32056,0.00172,0.54442
CVE-2022-32058,0.00086,0.35887
CVE-2022-3206,0.00166,0.53354
CVE-2022-32060,0.00054,0.19412
CVE-2022-32061,0.00082,0.33961
CVE-2022-32065,0.00129,0.47576
CVE-2022-3207,0.00056,0.20979
CVE-2022-32073,0.00201,0.58090
CVE-2022-32074,0.00060,0.23686
CVE-2022-3208,0.00054,0.19132
CVE-2022-32081,0.00182,0.55576
CVE-2022-32082,0.00182,0.55576
CVE-2022-32083,0.00087,0.35990
CVE-2022-32084,0.00197,0.57661
CVE-2022-32085,0.00087,0.35963
CVE-2022-32086,0.00088,0.37038
CVE-2022-32087,0.00087,0.35963
CVE-2022-32088,0.00087,0.35963
CVE-2022-32089,0.00182,0.55576
CVE-2022-3209,0.00068,0.28174
CVE-2022-32091,0.00205,0.58510
CVE-2022-32092,0.00214,0.59441
CVE-2022-32093,0.00172,0.54442
CVE-2022-32094,0.01192,0.83682
CVE-2022-32095,0.00172,0.54442
CVE-2022-32096,0.00072,0.29453
CVE-2022-3210,0.00079,0.33066
CVE-2022-32101,0.00172,0.54442
CVE-2022-3211,0.00051,0.17233
CVE-2022-32114,0.00215,0.59581
CVE-2022-32115,0.00079,0.32923
CVE-2022-32117,0.00081,0.33577
CVE-2022-32118,0.00083,0.34475
CVE-2022-32119,0.00117,0.45466
CVE-2022-3212,0.00066,0.27614
CVE-2022-32124,0.00078,0.32739
CVE-2022-32125,0.00078,0.32739
CVE-2022-32126,0.00078,0.32739
CVE-2022-32127,0.00078,0.32739
CVE-2022-32128,0.00078,0.32739
CVE-2022-32129,0.00078,0.32739
CVE-2022-3213,0.00052,0.17712
CVE-2022-32130,0.00078,0.32739
CVE-2022-32131,0.00078,0.32739
CVE-2022-32136,0.00142,0.49886
CVE-2022-32137,0.00232,0.61423
CVE-2022-32138,0.00258,0.63646
CVE-2022-32139,0.00142,0.49886
CVE-2022-3214,0.00378,0.70148
CVE-2022-32140,0.00131,0.47983
CVE-2022-32141,0.00142,0.49886
CVE-2022-32142,0.00158,0.52252
CVE-2022-32143,0.00251,0.63116
CVE-2022-32145,0.00072,0.29847
CVE-2022-32148,0.00137,0.49110
CVE-2022-32149,0.00115,0.45116
CVE-2022-3215,0.00064,0.26338
CVE-2022-32151,0.00136,0.49020
CVE-2022-32152,0.00346,0.68782
CVE-2022-32153,0.00758,0.79198
CVE-2022-32154,0.00268,0.64428
CVE-2022-32155,0.00138,0.49339
CVE-2022-32156,0.00152,0.51457
CVE-2022-32157,0.00159,0.52449
CVE-2022-32158,0.00306,0.66754
CVE-2022-32159,0.00044,0.10161
CVE-2022-3216,0.00175,0.54717
CVE-2022-32166,0.00064,0.26253
CVE-2022-32167,0.00056,0.20979
CVE-2022-32168,0.00060,0.23390
CVE-2022-32169,0.00043,0.06775
CVE-2022-3217,0.00234,0.61535
CVE-2022-32170,0.00043,0.06775
CVE-2022-32171,0.00043,0.06775
CVE-2022-32172,0.00043,0.06775
CVE-2022-32173,0.00051,0.17233
CVE-2022-32174,0.00352,0.69072
CVE-2022-32175,0.00066,0.27614
CVE-2022-32176,0.00102,0.41279
CVE-2022-32177,0.00102,0.41279
CVE-2022-3218,0.69160,0.97720
CVE-2022-32189,0.00141,0.49756
CVE-2022-3219,0.00044,0.08044
CVE-2022-32190,0.00154,0.51744
CVE-2022-32192,0.00158,0.52341
CVE-2022-32193,0.00065,0.26756
CVE-2022-32195,0.00112,0.44599
CVE-2022-32199,0.00046,0.12703
CVE-2022-3220,0.00056,0.20979
CVE-2022-32200,0.00104,0.41986
CVE-2022-32201,0.00057,0.21445
CVE-2022-32202,0.00057,0.21445
CVE-2022-32205,0.00197,0.57632
CVE-2022-32206,0.00308,0.66889
CVE-2022-32207,0.00279,0.65075
CVE-2022-32208,0.00296,0.66237
CVE-2022-32209,0.00126,0.47085
CVE-2022-3221,0.00103,0.41775
CVE-2022-32210,0.00106,0.42867
CVE-2022-32211,0.00072,0.29591
CVE-2022-32212,0.00105,0.42423
CVE-2022-32213,0.00732,0.78801
CVE-2022-32214,0.00304,0.66614
CVE-2022-32215,0.00450,0.72527
CVE-2022-32217,0.00082,0.34119
CVE-2022-32218,0.00056,0.20979
CVE-2022-32219,0.00056,0.20979
CVE-2022-3222,0.00049,0.15810
CVE-2022-32220,0.00067,0.27847
CVE-2022-32221,0.00343,0.68672
CVE-2022-32222,0.00058,0.22624
CVE-2022-32223,0.00043,0.07702
CVE-2022-32224,0.00114,0.44901
CVE-2022-32225,0.00079,0.32783
CVE-2022-32226,0.00055,0.20749
CVE-2022-32227,0.00067,0.27847
CVE-2022-32228,0.00056,0.20979
CVE-2022-32229,0.00056,0.20979
CVE-2022-3223,0.00059,0.23145
CVE-2022-32230,0.00247,0.62756
CVE-2022-32231,0.00043,0.06775
CVE-2022-32234,0.00292,0.65972
CVE-2022-32235,0.00053,0.18677
CVE-2022-32236,0.00053,0.18677
CVE-2022-32237,0.00057,0.21336
CVE-2022-32238,0.00053,0.18677
CVE-2022-32239,0.00057,0.21336
CVE-2022-3224,0.00059,0.23145
CVE-2022-32240,0.00053,0.18677
CVE-2022-32241,0.00057,0.21336
CVE-2022-32242,0.00053,0.18677
CVE-2022-32243,0.00057,0.21336
CVE-2022-32244,0.00043,0.06775
CVE-2022-32245,0.00193,0.57194
CVE-2022-32246,0.00054,0.20290
CVE-2022-32247,0.00084,0.34802
CVE-2022-32248,0.00078,0.32206
CVE-2022-32249,0.00158,0.52341
CVE-2022-3225,0.00051,0.17233
CVE-2022-32250,0.00170,0.54043
CVE-2022-32251,0.00154,0.51718
CVE-2022-32252,0.00053,0.18903
CVE-2022-32253,0.00090,0.37861
CVE-2022-32254,0.00115,0.45174
CVE-2022-32255,0.00072,0.29847
CVE-2022-32256,0.00057,0.21513
CVE-2022-32258,0.00117,0.45628
CVE-2022-32259,0.00072,0.29847
CVE-2022-3226,0.00118,0.45671
CVE-2022-32260,0.00151,0.51310
CVE-2022-32261,0.00073,0.30380
CVE-2022-32262,0.00152,0.51471
CVE-2022-32263,0.00164,0.53109
CVE-2022-32264,0.00088,0.36991
CVE-2022-32265,0.00071,0.29203
CVE-2022-32266,0.00043,0.06775
CVE-2022-32267,0.00043,0.06775
CVE-2022-32268,0.00239,0.62037
CVE-2022-32269,0.00373,0.69951
CVE-2022-32270,0.00567,0.75494
CVE-2022-32271,0.00406,0.71146
CVE-2022-32272,0.03854,0.91069
CVE-2022-32273,0.00054,0.20290
CVE-2022-32274,0.00058,0.22585
CVE-2022-32275,0.00226,0.60917
CVE-2022-32276,0.00252,0.63215
CVE-2022-32277,0.00057,0.21455
CVE-2022-32278,0.00390,0.70631
CVE-2022-3228,0.00073,0.30306
CVE-2022-32280,0.00054,0.20290
CVE-2022-32282,0.00082,0.34021
CVE-2022-32283,0.00076,0.31282
CVE-2022-32284,0.00785,0.79586
CVE-2022-32285,0.00150,0.51158
CVE-2022-32286,0.00072,0.29847
CVE-2022-32287,0.00087,0.36031
CVE-2022-32289,0.00051,0.17097
CVE-2022-3229,0.01731,0.86595
CVE-2022-32290,0.00051,0.17245
CVE-2022-32291,0.00281,0.65230
CVE-2022-32292,0.00982,0.81858
CVE-2022-32293,0.00261,0.63917
CVE-2022-32294,0.00249,0.62891
CVE-2022-32295,0.00243,0.62361
CVE-2022-32296,0.00048,0.14480
CVE-2022-32297,0.00150,0.51019
CVE-2022-32298,0.00068,0.28436
CVE-2022-32299,0.00088,0.36822
CVE-2022-32300,0.00088,0.36822
CVE-2022-32301,0.00172,0.54442
CVE-2022-32302,0.00088,0.36822
CVE-2022-32308,0.00104,0.42018
CVE-2022-3231,0.00051,0.17233
CVE-2022-32310,0.00289,0.65782
CVE-2022-32311,0.00190,0.56614
CVE-2022-32317,0.00054,0.19463
CVE-2022-32318,0.00052,0.18122
CVE-2022-3232,0.00059,0.23145
CVE-2022-32320,0.00110,0.43924
CVE-2022-32323,0.00066,0.27231
CVE-2022-32324,0.00196,0.57563
CVE-2022-32325,0.00081,0.33923
CVE-2022-32328,0.00088,0.37003
CVE-2022-3233,0.00059,0.23145
CVE-2022-32330,0.00088,0.36822
CVE-2022-32331,0.00088,0.36822
CVE-2022-32332,0.00088,0.36822
CVE-2022-32333,0.00088,0.36822
CVE-2022-32334,0.00088,0.36822
CVE-2022-32335,0.00088,0.36822
CVE-2022-32336,0.00172,0.54442
CVE-2022-32337,0.00172,0.54442
CVE-2022-32338,0.00088,0.36822
CVE-2022-32339,0.00088,0.36822
CVE-2022-3234,0.00080,0.33351
CVE-2022-32340,0.00088,0.36822
CVE-2022-32341,0.00088,0.36822
CVE-2022-32342,0.00088,0.36822
CVE-2022-32343,0.00088,0.36822
CVE-2022-32344,0.00088,0.36822
CVE-2022-32345,0.00088,0.36822
CVE-2022-32346,0.00109,0.43913
CVE-2022-32347,0.00088,0.36822
CVE-2022-32348,0.00088,0.36822
CVE-2022-32349,0.00088,0.36822
CVE-2022-3235,0.00076,0.31213
CVE-2022-32350,0.00088,0.36822
CVE-2022-32351,0.00088,0.36822
CVE-2022-32352,0.00172,0.54442
CVE-2022-32353,0.00088,0.36822
CVE-2022-32354,0.00088,0.36822
CVE-2022-32355,0.00088,0.36822
CVE-2022-32358,0.00088,0.36822
CVE-2022-32359,0.00088,0.36822
CVE-2022-3236,0.11577,0.94783
CVE-2022-32362,0.00088,0.36822
CVE-2022-32363,0.00088,0.36822
CVE-2022-32364,0.00088,0.36822
CVE-2022-32365,0.00088,0.36822
CVE-2022-32366,0.00088,0.36822
CVE-2022-32367,0.00088,0.36822
CVE-2022-32368,0.00088,0.36822
CVE-2022-3237,0.00056,0.20979
CVE-2022-32370,0.00088,0.36822
CVE-2022-32371,0.00088,0.36822
CVE-2022-32372,0.00088,0.36822
CVE-2022-32373,0.00088,0.36822
CVE-2022-32374,0.00088,0.36822
CVE-2022-32375,0.00088,0.36822
CVE-2022-32376,0.00088,0.36822
CVE-2022-32377,0.00088,0.36822
CVE-2022-32378,0.00088,0.36822
CVE-2022-32379,0.00088,0.36822
CVE-2022-3238,0.00042,0.05722
CVE-2022-32380,0.00088,0.36822
CVE-2022-32381,0.00088,0.36822
CVE-2022-32383,0.00203,0.58330
CVE-2022-32384,0.00070,0.28999
CVE-2022-32385,0.00227,0.61041
CVE-2022-32386,0.00141,0.49789
CVE-2022-32387,0.00086,0.35826
CVE-2022-32389,0.00098,0.40389
CVE-2022-3239,0.00042,0.05722
CVE-2022-32391,0.00098,0.40432
CVE-2022-32392,0.00098,0.40432
CVE-2022-32393,0.00098,0.40432
CVE-2022-32394,0.00098,0.40432
CVE-2022-32395,0.00098,0.40432
CVE-2022-32396,0.00098,0.40432
CVE-2022-32397,0.00098,0.40432
CVE-2022-32398,0.00098,0.40432
CVE-2022-32399,0.00098,0.40432
CVE-2022-3240,0.00133,0.48395
CVE-2022-32400,0.00098,0.40432
CVE-2022-32401,0.00098,0.40432
CVE-2022-32402,0.00098,0.40432
CVE-2022-32403,0.00098,0.40432
CVE-2022-32404,0.00098,0.40432
CVE-2022-32405,0.00098,0.40432
CVE-2022-32406,0.00049,0.15038
CVE-2022-32407,0.00075,0.31076
CVE-2022-32409,0.52510,0.97310
CVE-2022-3241,0.00160,0.52634
CVE-2022-32411,0.00087,0.36582
CVE-2022-32412,0.00087,0.36582
CVE-2022-32413,0.00298,0.66351
CVE-2022-32414,0.00057,0.21445
CVE-2022-32415,0.00072,0.29641
CVE-2022-32416,0.00072,0.29641
CVE-2022-32417,0.63460,0.97582
CVE-2022-3242,0.02400,0.88845
CVE-2022-32420,0.00435,0.72088
CVE-2022-32425,0.00070,0.28928
CVE-2022-32427,0.00062,0.24254
CVE-2022-32429,0.08982,0.94046
CVE-2022-3243,0.00061,0.24099
CVE-2022-32430,0.00229,0.61157
CVE-2022-32433,0.00125,0.46970
CVE-2022-32434,0.00066,0.27219
CVE-2022-3244,0.00053,0.18881
CVE-2022-32441,0.00069,0.28512
CVE-2022-32442,0.00078,0.32739
CVE-2022-32444,0.00237,0.61899
CVE-2022-32449,0.17797,0.95705
CVE-2022-3245,0.00074,0.30490
CVE-2022-32450,0.00043,0.07658
CVE-2022-32453,0.00119,0.45983
CVE-2022-32454,0.00395,0.70819
CVE-2022-32455,0.00086,0.35826
CVE-2022-32456,0.00267,0.64339
CVE-2022-32457,0.00103,0.41791
CVE-2022-32458,0.00148,0.50841
CVE-2022-3246,0.00072,0.29591
CVE-2022-32469,0.00043,0.06775
CVE-2022-3247,0.00056,0.20979
CVE-2022-32470,0.00043,0.06775
CVE-2022-32471,0.00043,0.06775
CVE-2022-32473,0.00043,0.06775
CVE-2022-32474,0.00043,0.06775
CVE-2022-32475,0.00043,0.06775
CVE-2022-32476,0.00043,0.06775
CVE-2022-32477,0.00043,0.06775
CVE-2022-32478,0.00043,0.06775
CVE-2022-3248,0.00048,0.14563
CVE-2022-32480,0.00092,0.38752
CVE-2022-32481,0.00044,0.10161
CVE-2022-32482,0.00042,0.05722
CVE-2022-32483,0.00042,0.05722
CVE-2022-32484,0.00042,0.05722
CVE-2022-32485,0.00042,0.05722
CVE-2022-32486,0.00042,0.05722
CVE-2022-32487,0.00042,0.05722
CVE-2022-32488,0.00042,0.05722
CVE-2022-32489,0.00042,0.05722
CVE-2022-3249,0.00072,0.29591
CVE-2022-32490,0.00042,0.05722
CVE-2022-32491,0.00042,0.05722
CVE-2022-32492,0.00042,0.05722
CVE-2022-32493,0.00045,0.12249
CVE-2022-32498,0.00061,0.23860
CVE-2022-3250,0.00060,0.23378
CVE-2022-3251,0.00060,0.23378
CVE-2022-32511,0.00223,0.60639
CVE-2022-32512,0.00095,0.39680
CVE-2022-32513,0.00093,0.38951
CVE-2022-32514,0.00093,0.38951
CVE-2022-32515,0.00105,0.42673
CVE-2022-32516,0.00046,0.13740
CVE-2022-32517,0.00051,0.16932
CVE-2022-32518,0.00105,0.42673
CVE-2022-32519,0.00105,0.42673
CVE-2022-3252,0.00078,0.32333
CVE-2022-32520,0.00105,0.42673
CVE-2022-32521,0.00061,0.24096
CVE-2022-32522,0.00248,0.62794
CVE-2022-32523,0.00248,0.62794
CVE-2022-32524,0.00248,0.62794
CVE-2022-32525,0.00248,0.62794
CVE-2022-32526,0.00248,0.62794
CVE-2022-32527,0.00248,0.62794
CVE-2022-32528,0.00091,0.38451
CVE-2022-32529,0.00248,0.62794
CVE-2022-32530,0.00062,0.24373
CVE-2022-32531,0.00109,0.43901
CVE-2022-32532,0.03968,0.91178
CVE-2022-32533,0.01748,0.86659
CVE-2022-32534,0.00191,0.56830
CVE-2022-32535,0.00201,0.58090
CVE-2022-32536,0.00104,0.42231
CVE-2022-32537,0.00042,0.05859
CVE-2022-3254,0.00227,0.60978
CVE-2022-32540,0.00103,0.41973
CVE-2022-32543,0.00076,0.31254
CVE-2022-32544,0.00076,0.31282
CVE-2022-32545,0.00076,0.31220
CVE-2022-32546,0.00076,0.31220
CVE-2022-32547,0.00076,0.31220
CVE-2022-32548,0.00147,0.50668
CVE-2022-32549,0.00220,0.60017
CVE-2022-3255,0.00051,0.17233
CVE-2022-32550,0.00072,0.29847
CVE-2022-32551,0.01596,0.86058
CVE-2022-32552,0.00104,0.42231
CVE-2022-32553,0.00104,0.42231
CVE-2022-32554,0.00201,0.58090
CVE-2022-32555,0.00062,0.24582
CVE-2022-32556,0.00134,0.48490
CVE-2022-32557,0.00076,0.31297
CVE-2022-32558,0.00136,0.48980
CVE-2022-32559,0.00258,0.63647
CVE-2022-3256,0.00076,0.31213
CVE-2022-32560,0.00091,0.38109
CVE-2022-32561,0.00081,0.33707
CVE-2022-32562,0.00244,0.62430
CVE-2022-32563,0.00150,0.51053
CVE-2022-32564,0.00136,0.48980
CVE-2022-32565,0.00136,0.48980
CVE-2022-32567,0.00053,0.18833
CVE-2022-32569,0.00043,0.06775
CVE-2022-3257,0.00070,0.28965
CVE-2022-32570,0.00043,0.06775
CVE-2022-32572,0.02520,0.89106
CVE-2022-32573,0.00232,0.61374
CVE-2022-32574,0.00061,0.23929
CVE-2022-32575,0.00043,0.06775
CVE-2022-32576,0.00043,0.06775
CVE-2022-32577,0.00043,0.06775
CVE-2022-32578,0.00043,0.06775
CVE-2022-32579,0.00043,0.06775
CVE-2022-3258,0.00054,0.20300
CVE-2022-32582,0.00043,0.06775
CVE-2022-32583,0.00076,0.31282
CVE-2022-32585,0.00269,0.64484
CVE-2022-32586,0.00216,0.59625
CVE-2022-32587,0.00046,0.12710
CVE-2022-32588,0.00066,0.27184
CVE-2022-32589,0.00115,0.45208
CVE-2022-3259,0.00132,0.48225
CVE-2022-32590,0.00042,0.05722
CVE-2022-32591,0.00103,0.41640
CVE-2022-32592,0.00042,0.05722
CVE-2022-32593,0.00042,0.05722
CVE-2022-32594,0.00042,0.05722
CVE-2022-32595,0.00042,0.05722
CVE-2022-32596,0.00042,0.05722
CVE-2022-32597,0.00042,0.05722
CVE-2022-32598,0.00042,0.05722
CVE-2022-32599,0.00042,0.05722
CVE-2022-3260,0.00056,0.20979
CVE-2022-32601,0.00042,0.05722
CVE-2022-32602,0.00042,0.05722
CVE-2022-32603,0.00042,0.05722
CVE-2022-32605,0.00042,0.05722
CVE-2022-32607,0.00042,0.05722
CVE-2022-32608,0.00042,0.05722
CVE-2022-32609,0.00042,0.05722
CVE-2022-3261,0.00087,0.36261
CVE-2022-32610,0.00042,0.05722
CVE-2022-32611,0.00042,0.05722
CVE-2022-32612,0.00042,0.05722
CVE-2022-32613,0.00042,0.05722
CVE-2022-32614,0.00042,0.05722
CVE-2022-32615,0.00042,0.05722
CVE-2022-32616,0.00042,0.05722
CVE-2022-32617,0.00048,0.14308
CVE-2022-32618,0.00048,0.14308
CVE-2022-32619,0.00042,0.05722
CVE-2022-3262,0.00074,0.30692
CVE-2022-32620,0.00042,0.05722
CVE-2022-32621,0.00042,0.05722
CVE-2022-32622,0.00042,0.05722
CVE-2022-32623,0.00042,0.05722
CVE-2022-32624,0.00042,0.05722
CVE-2022-32625,0.00042,0.05722
CVE-2022-32626,0.00042,0.05722
CVE-2022-32628,0.00042,0.05722
CVE-2022-32629,0.00042,0.05722
CVE-2022-3263,0.00046,0.12687
CVE-2022-32630,0.00042,0.05722
CVE-2022-32631,0.00042,0.05722
CVE-2022-32632,0.00042,0.05722
CVE-2022-32633,0.00042,0.05722
CVE-2022-32634,0.00042,0.05722
CVE-2022-32635,0.00042,0.05722
CVE-2022-32636,0.00043,0.07409
CVE-2022-32637,0.00042,0.05722
CVE-2022-32638,0.00042,0.05722
CVE-2022-32639,0.00042,0.05722
CVE-2022-32640,0.00042,0.05722
CVE-2022-32641,0.00042,0.05722
CVE-2022-32642,0.00042,0.05722
CVE-2022-32643,0.00042,0.05722
CVE-2022-32644,0.00042,0.05722
CVE-2022-32645,0.00042,0.05722
CVE-2022-32646,0.00042,0.05722
CVE-2022-32647,0.00042,0.05722
CVE-2022-32648,0.00042,0.05722
CVE-2022-32649,0.00042,0.05722
CVE-2022-3265,0.00157,0.52148
CVE-2022-32650,0.00042,0.05722
CVE-2022-32651,0.00042,0.05722
CVE-2022-32652,0.00042,0.05722
CVE-2022-32653,0.00042,0.05722
CVE-2022-32654,0.00042,0.05722
CVE-2022-32655,0.00042,0.05722
CVE-2022-32656,0.00042,0.05722
CVE-2022-32657,0.00042,0.05722
CVE-2022-32658,0.00042,0.05722
CVE-2022-32659,0.00042,0.05722
CVE-2022-3266,0.00052,0.17731
CVE-2022-32663,0.00092,0.38757
CVE-2022-32664,0.00372,0.69908
CVE-2022-32665,0.00372,0.69908
CVE-2022-32666,0.00080,0.33210
CVE-2022-3267,0.00059,0.23145
CVE-2022-3268,0.00157,0.52119
CVE-2022-3269,0.00157,0.52119
CVE-2022-3270,0.00274,0.64773
CVE-2022-3272,0.00076,0.31619
CVE-2022-3273,0.00157,0.52119
CVE-2022-32739,0.00072,0.29847
CVE-2022-3274,0.00051,0.17233
CVE-2022-32740,0.00072,0.29847
CVE-2022-32741,0.00072,0.29847
CVE-2022-32742,0.02916,0.89819
CVE-2022-32743,0.00101,0.41118
CVE-2022-32744,0.00089,0.37481
CVE-2022-32745,0.00185,0.55871
CVE-2022-32746,0.00065,0.27021
CVE-2022-32747,0.00045,0.12309
CVE-2022-32748,0.00046,0.13766
CVE-2022-32749,0.00221,0.60290
CVE-2022-3275,0.00143,0.50180
CVE-2022-32750,0.00048,0.14834
CVE-2022-32752,0.00066,0.27175
CVE-2022-32755,0.00069,0.28751
CVE-2022-32757,0.00079,0.33131
CVE-2022-3276,0.00106,0.42713
CVE-2022-32760,0.00075,0.31036
CVE-2022-32761,0.00069,0.28633
CVE-2022-32763,0.00116,0.45326
CVE-2022-32764,0.00043,0.06775
CVE-2022-32765,0.00213,0.59284
CVE-2022-32766,0.00043,0.06775
CVE-2022-32768,0.00052,0.17720
CVE-2022-32769,0.00052,0.17720
CVE-2022-3277,0.00065,0.26805
CVE-2022-32770,0.00146,0.50586
CVE-2022-32771,0.00080,0.33224
CVE-2022-32772,0.00080,0.33224
CVE-2022-32773,0.00241,0.62162
CVE-2022-32774,0.00118,0.45812
CVE-2022-32775,0.00074,0.30750
CVE-2022-32776,0.00048,0.14636
CVE-2022-32777,0.00189,0.56499
CVE-2022-32778,0.00174,0.54656
CVE-2022-3278,0.00059,0.22805
CVE-2022-32781,0.00045,0.12069
CVE-2022-32782,0.00043,0.06775
CVE-2022-32783,0.00045,0.12108
CVE-2022-32784,0.00094,0.39422
CVE-2022-32785,0.00052,0.17731
CVE-2022-32786,0.00051,0.17146
CVE-2022-32787,0.00251,0.63103
CVE-2022-32788,0.00501,0.73940
CVE-2022-32789,0.00052,0.18120
CVE-2022-3279,0.00082,0.34037
CVE-2022-32790,0.00432,0.71967
CVE-2022-32792,0.00229,0.61203
CVE-2022-32793,0.00185,0.55863
CVE-2022-32794,0.00057,0.21251
CVE-2022-32795,0.00120,0.46146
CVE-2022-32796,0.00055,0.20546
CVE-2022-32797,0.00060,0.23378
CVE-2022-32798,0.00054,0.20300
CVE-2022-32799,0.00143,0.50015
CVE-2022-3280,0.00079,0.32802
CVE-2022-32800,0.00051,0.17146
CVE-2022-32801,0.00054,0.20300
CVE-2022-32802,0.00063,0.25587
CVE-2022-32805,0.00057,0.21274
CVE-2022-32807,0.00053,0.18317
CVE-2022-3281,0.00116,0.45266
CVE-2022-32810,0.00063,0.25587
CVE-2022-32811,0.00063,0.25587
CVE-2022-32812,0.00063,0.25587
CVE-2022-32813,0.00045,0.11966
CVE-2022-32814,0.00045,0.11966
CVE-2022-32815,0.00079,0.32773
CVE-2022-32816,0.00137,0.49140
CVE-2022-32817,0.00057,0.21274
CVE-2022-32818,0.00054,0.19140
CVE-2022-32819,0.00072,0.29685
CVE-2022-3282,0.00056,0.20979
CVE-2022-32820,0.00079,0.32773
CVE-2022-32821,0.00063,0.25587
CVE-2022-32823,0.00073,0.30150
CVE-2022-32824,0.00045,0.12069
CVE-2022-32825,0.00068,0.28332
CVE-2022-32826,0.00076,0.31400
CVE-2022-32827,0.00048,0.14346
CVE-2022-32828,0.00057,0.21274
CVE-2022-32829,0.00065,0.26814
CVE-2022-3283,0.00077,0.31825
CVE-2022-32830,0.00094,0.39422
CVE-2022-32831,0.00056,0.20764
CVE-2022-32832,0.00045,0.11966
CVE-2022-32833,0.00074,0.30686
CVE-2022-32834,0.00057,0.21274
CVE-2022-32835,0.00048,0.14239
CVE-2022-32836,0.00094,0.39422
CVE-2022-32837,0.00060,0.23303
CVE-2022-32838,0.00057,0.21274
CVE-2022-32839,0.01159,0.83414
CVE-2022-3284,0.00087,0.36261
CVE-2022-32840,0.00063,0.25587
CVE-2022-32841,0.00057,0.21274
CVE-2022-32842,0.00060,0.23528
CVE-2022-32843,0.00056,0.20764
CVE-2022-32844,0.00045,0.12312
CVE-2022-32845,0.00166,0.53313
CVE-2022-32846,0.00083,0.34315
CVE-2022-32847,0.00488,0.73569
CVE-2022-32848,0.00057,0.21257
CVE-2022-32849,0.00073,0.30150
CVE-2022-3285,0.00088,0.36991
CVE-2022-32851,0.00056,0.20764
CVE-2022-32852,0.00054,0.19140
CVE-2022-32853,0.00056,0.20764
CVE-2022-32854,0.00048,0.14836
CVE-2022-32855,0.00043,0.06775
CVE-2022-32857,0.00064,0.26451
CVE-2022-32858,0.00057,0.21274
CVE-2022-32859,0.00059,0.23001
CVE-2022-3286,0.00077,0.31950
CVE-2022-32860,0.00063,0.25587
CVE-2022-32861,0.00064,0.26237
CVE-2022-32862,0.00057,0.21274
CVE-2022-32863,0.00217,0.59781
CVE-2022-32864,0.00050,0.16811
CVE-2022-32865,0.00065,0.26814
CVE-2022-32866,0.00061,0.24236
CVE-2022-32867,0.00048,0.14239
CVE-2022-32868,0.00179,0.55230
CVE-2022-3287,0.00064,0.25824
CVE-2022-32870,0.00050,0.16486
CVE-2022-32871,0.00044,0.10345
CVE-2022-32872,0.00050,0.16486
CVE-2022-32875,0.00045,0.12069
CVE-2022-32876,0.00043,0.06775
CVE-2022-32877,0.00057,0.21274
CVE-2022-32879,0.00050,0.16486
CVE-2022-3288,0.00079,0.32939
CVE-2022-32880,0.00135,0.48776
CVE-2022-32881,0.00054,0.19150
CVE-2022-32882,0.00187,0.56249
CVE-2022-32883,0.00050,0.16500
CVE-2022-32885,0.00078,0.32756
CVE-2022-32886,0.00220,0.60010
CVE-2022-32887,0.00055,0.20546
CVE-2022-32888,0.00325,0.67823
CVE-2022-32889,0.00065,0.26814
CVE-2022-32890,0.00060,0.23551
CVE-2022-32891,0.00126,0.47154
CVE-2022-32892,0.00137,0.49140
CVE-2022-32893,0.00315,0.67239
CVE-2022-32894,0.00108,0.43398
CVE-2022-32895,0.00045,0.12108
CVE-2022-32896,0.00043,0.06775
CVE-2022-32898,0.00063,0.25587
CVE-2022-32899,0.00063,0.25587
CVE-2022-3290,0.00076,0.31619
CVE-2022-32900,0.00043,0.06775
CVE-2022-32902,0.00045,0.12312
CVE-2022-32903,0.00063,0.25587
CVE-2022-32904,0.00057,0.21274
CVE-2022-32905,0.00055,0.20546
CVE-2022-32906,0.00078,0.32082
CVE-2022-32907,0.00051,0.16923
CVE-2022-32908,0.00045,0.11966
CVE-2022-32909,0.00054,0.19140
CVE-2022-3291,0.00110,0.43926
CVE-2022-32910,0.00086,0.35840
CVE-2022-32911,0.00045,0.11966
CVE-2022-32912,0.00293,0.66037
CVE-2022-32913,0.00045,0.12336
CVE-2022-32914,0.00065,0.27019
CVE-2022-32915,0.00063,0.25587
CVE-2022-32916,0.00054,0.19140
CVE-2022-32917,0.00062,0.24828
CVE-2022-32918,0.00055,0.20496
CVE-2022-32919,0.00046,0.13740
CVE-2022-3292,0.00059,0.22972
CVE-2022-32920,0.00055,0.20555
CVE-2022-32922,0.00310,0.66986
CVE-2022-32923,0.00181,0.55377
CVE-2022-32924,0.00054,0.19141
CVE-2022-32925,0.00050,0.16476
CVE-2022-32926,0.00042,0.05722
CVE-2022-32927,0.00088,0.36991
CVE-2022-32928,0.00111,0.44217
CVE-2022-32929,0.00057,0.21274
CVE-2022-3293,0.00053,0.18436
CVE-2022-32931,0.00052,0.18120
CVE-2022-32932,0.00063,0.25587
CVE-2022-32934,0.00425,0.71760
CVE-2022-32935,0.00057,0.21274
CVE-2022-32936,0.00054,0.19140
CVE-2022-32938,0.00065,0.27052
CVE-2022-32939,0.00065,0.26814
CVE-2022-3294,0.00071,0.29423
CVE-2022-32940,0.00063,0.25587
CVE-2022-32941,0.00214,0.59433
CVE-2022-32942,0.00065,0.27019
CVE-2022-32943,0.00084,0.35150
CVE-2022-32944,0.00062,0.24532
CVE-2022-32945,0.00064,0.26237
CVE-2022-32946,0.00045,0.12108
CVE-2022-32947,0.00063,0.25587
CVE-2022-32948,0.00065,0.26814
CVE-2022-32949,0.00055,0.20747
CVE-2022-3295,0.00076,0.31619
CVE-2022-32953,0.00043,0.06775
CVE-2022-32954,0.00043,0.06775
CVE-2022-32955,0.00043,0.06775
CVE-2022-32958,0.00127,0.47325
CVE-2022-32959,0.00060,0.23657
CVE-2022-3296,0.00075,0.30953
CVE-2022-32960,0.00060,0.23657
CVE-2022-32961,0.00060,0.23657
CVE-2022-32962,0.00054,0.19144
CVE-2022-32963,0.00176,0.54834
CVE-2022-32964,0.00267,0.64339
CVE-2022-32965,0.00414,0.71423
CVE-2022-32966,0.00049,0.14855
CVE-2022-32967,0.00049,0.14855
CVE-2022-32969,0.00114,0.44926
CVE-2022-3297,0.00071,0.29365
CVE-2022-32970,0.00045,0.11801
CVE-2022-32971,0.00058,0.22690
CVE-2022-32972,0.00042,0.05722
CVE-2022-32973,0.00104,0.42231
CVE-2022-32974,0.00065,0.26756
CVE-2022-32978,0.00088,0.37038
CVE-2022-3298,0.00076,0.31619
CVE-2022-32981,0.00048,0.14460
CVE-2022-32983,0.00078,0.32206
CVE-2022-32984,0.00106,0.42927
CVE-2022-32985,0.00230,0.61282
CVE-2022-32987,0.00053,0.18833
CVE-2022-32988,0.00077,0.31627
CVE-2022-3299,0.00073,0.30289
CVE-2022-32990,0.00051,0.17017
CVE-2022-32991,0.00088,0.36822
CVE-2022-32992,0.00088,0.36822
CVE-2022-32993,0.00784,0.79581
CVE-2022-32994,0.00237,0.61897
CVE-2022-32995,0.00237,0.61897
CVE-2022-32996,0.00205,0.58502
CVE-2022-32997,0.00205,0.58502
CVE-2022-32998,0.00205,0.58502
CVE-2022-32999,0.00205,0.58502
CVE-2022-3300,0.00072,0.29591
CVE-2022-33000,0.00205,0.58502
CVE-2022-33001,0.00205,0.58502
CVE-2022-33002,0.00205,0.58502
CVE-2022-33003,0.00205,0.58502
CVE-2022-33004,0.00205,0.58502
CVE-2022-33005,0.00078,0.32739
CVE-2022-33007,0.00081,0.33577
CVE-2022-33009,0.00062,0.24442
CVE-2022-3301,0.00051,0.17233
CVE-2022-33011,0.00217,0.59694
CVE-2022-33012,0.00143,0.50078
CVE-2022-3302,0.00072,0.29591
CVE-2022-33021,0.00201,0.58024
CVE-2022-33023,0.00073,0.30380
CVE-2022-33024,0.00072,0.29919
CVE-2022-33025,0.00081,0.33577
CVE-2022-33026,0.00081,0.33577
CVE-2022-33027,0.00081,0.33577
CVE-2022-33028,0.00081,0.33577
CVE-2022-3303,0.00042,0.05722
CVE-2022-33032,0.00081,0.33577
CVE-2022-33033,0.00081,0.33577
CVE-2022-33034,0.00081,0.33577
CVE-2022-33035,0.00042,0.05722
CVE-2022-33036,0.00085,0.35300
CVE-2022-33037,0.00085,0.35300
CVE-2022-3304,0.00111,0.44179
CVE-2022-33042,0.00088,0.36822
CVE-2022-33043,0.00058,0.22585
CVE-2022-33047,0.00155,0.51836
CVE-2022-33048,0.00088,0.36822
CVE-2022-33049,0.00088,0.36822
CVE-2022-3305,0.00111,0.44179
CVE-2022-33055,0.00088,0.36822
CVE-2022-33056,0.00088,0.36822
CVE-2022-33057,0.00088,0.36822
CVE-2022-33058,0.00088,0.36822
CVE-2022-33059,0.00088,0.36822
CVE-2022-3306,0.00111,0.44179
CVE-2022-33060,0.00088,0.36822
CVE-2022-33061,0.00087,0.36089
CVE-2022-33064,0.00055,0.20747
CVE-2022-33065,0.00053,0.19001
CVE-2022-33067,0.00051,0.17017
CVE-2022-33068,0.00099,0.40683
CVE-2022-33069,0.00051,0.17017
CVE-2022-3307,0.00111,0.44179
CVE-2022-33070,0.00070,0.28974
CVE-2022-33075,0.00090,0.38035
CVE-2022-33077,0.00069,0.28630
CVE-2022-3308,0.00121,0.46301
CVE-2022-33082,0.00086,0.35887
CVE-2022-33085,0.00231,0.61308
CVE-2022-33087,0.00089,0.37391
CVE-2022-3309,0.00120,0.46189
CVE-2022-33092,0.00180,0.55264
CVE-2022-33093,0.00180,0.55264
CVE-2022-33094,0.00180,0.55264
CVE-2022-33095,0.00180,0.55264
CVE-2022-33096,0.00180,0.55264
CVE-2022-33097,0.00180,0.55264
CVE-2022-33098,0.00069,0.28632
CVE-2022-33099,0.00287,0.65671
CVE-2022-3310,0.00077,0.31636
CVE-2022-33103,0.00044,0.10161
CVE-2022-33105,0.00448,0.72457
CVE-2022-33106,0.00210,0.58979
CVE-2022-33107,0.00201,0.58134
CVE-2022-33108,0.00088,0.37149
CVE-2022-3311,0.00105,0.42475
CVE-2022-33113,0.00058,0.22585
CVE-2022-33114,0.00088,0.36822
CVE-2022-33116,0.00076,0.31208
CVE-2022-33119,0.02148,0.88198
CVE-2022-3312,0.00045,0.12183
CVE-2022-33121,0.00062,0.24284
CVE-2022-33122,0.00058,0.22585
CVE-2022-33124,0.00051,0.17017
CVE-2022-33127,0.00193,0.57228
CVE-2022-33128,0.00108,0.43397
CVE-2022-3313,0.00101,0.41223
CVE-2022-33137,0.00175,0.54763
CVE-2022-33138,0.00186,0.56065
CVE-2022-33139,0.00170,0.54085
CVE-2022-3314,0.00105,0.42475
CVE-2022-33140,0.00166,0.53254
CVE-2022-33142,0.00062,0.24786
CVE-2022-33146,0.00148,0.50747
CVE-2022-33147,0.00092,0.38940
CVE-2022-33148,0.00092,0.38940
CVE-2022-33149,0.00092,0.38940
CVE-2022-3315,0.00133,0.48337
CVE-2022-33150,0.00241,0.62162
CVE-2022-33151,0.00095,0.39725
CVE-2022-33154,0.00054,0.20290
CVE-2022-33155,0.00054,0.20290
CVE-2022-33156,0.00072,0.29847
CVE-2022-33157,0.00072,0.29847
CVE-2022-33158,0.00045,0.12491
CVE-2022-33159,0.00049,0.15916
CVE-2022-3316,0.00114,0.44874
CVE-2022-33160,0.00074,0.30453
CVE-2022-33161,0.00067,0.27855
CVE-2022-33163,0.00049,0.15916
CVE-2022-33164,0.00082,0.34096
CVE-2022-33165,0.00055,0.20554
CVE-2022-33166,0.00049,0.15859
CVE-2022-33168,0.00044,0.10521
CVE-2022-33169,0.00055,0.20507
CVE-2022-3317,0.00114,0.44874
CVE-2022-33171,0.00255,0.63445
CVE-2022-33172,0.00043,0.06775
CVE-2022-33173,0.00136,0.48980
CVE-2022-33174,0.00891,0.80892
CVE-2022-33175,0.00283,0.65421
CVE-2022-33176,0.00043,0.06775
CVE-2022-33177,0.00046,0.12685
CVE-2022-33178,0.00397,0.70895
CVE-2022-33179,0.00042,0.05722
CVE-2022-3318,0.00118,0.45823
CVE-2022-33180,0.00042,0.05722
CVE-2022-33181,0.00042,0.05722
CVE-2022-33182,0.00042,0.05722
CVE-2022-33183,0.00173,0.54502
CVE-2022-33184,0.00042,0.05722
CVE-2022-33185,0.00042,0.05722
CVE-2022-33186,0.00234,0.61598
CVE-2022-33187,0.00064,0.25824
CVE-2022-33189,0.00241,0.62162
CVE-2022-33190,0.00043,0.06775
CVE-2022-33191,0.00048,0.14636
CVE-2022-33192,0.00241,0.62162
CVE-2022-33193,0.00303,0.66576
CVE-2022-33194,0.00241,0.62162
CVE-2022-33195,0.00241,0.62162
CVE-2022-33196,0.00043,0.06775
CVE-2022-33198,0.00059,0.23111
CVE-2022-3320,0.00140,0.49501
CVE-2022-33201,0.00098,0.40374
CVE-2022-33202,0.00061,0.24004
CVE-2022-33203,0.00086,0.35826
CVE-2022-33204,0.00216,0.59625
CVE-2022-33205,0.00373,0.69952
CVE-2022-33206,0.00216,0.59625
CVE-2022-33207,0.00216,0.59625
CVE-2022-33208,0.00578,0.75737
CVE-2022-33209,0.00043,0.06775
CVE-2022-3321,0.00059,0.23117
CVE-2022-33210,0.00045,0.12206
CVE-2022-33211,0.00077,0.31825
CVE-2022-33213,0.00050,0.16785
CVE-2022-33214,0.00043,0.06775
CVE-2022-33216,0.00045,0.12206
CVE-2022-33217,0.00043,0.06775
CVE-2022-33218,0.00043,0.06775
CVE-2022-33219,0.00043,0.06775
CVE-2022-3322,0.00054,0.19265
CVE-2022-33220,0.00043,0.06775
CVE-2022-33221,0.00042,0.05722
CVE-2022-33222,0.00078,0.32281
CVE-2022-33223,0.00046,0.13740
CVE-2022-33224,0.00043,0.06775
CVE-2022-33225,0.00043,0.06775
CVE-2022-33226,0.00043,0.06775
CVE-2022-33227,0.00043,0.06775
CVE-2022-33228,0.00074,0.30551
CVE-2022-33229,0.00080,0.33288
CVE-2022-3323,0.00187,0.56227
CVE-2022-33230,0.00043,0.06775
CVE-2022-33231,0.00043,0.06775
CVE-2022-33232,0.00043,0.06775
CVE-2022-33233,0.00043,0.06775
CVE-2022-33234,0.00144,0.50254
CVE-2022-33235,0.00112,0.44589
CVE-2022-33236,0.00075,0.30823
CVE-2022-33237,0.00078,0.32333
CVE-2022-33238,0.00078,0.32333
CVE-2022-33239,0.00075,0.30823
CVE-2022-3324,0.00080,0.33351
CVE-2022-33240,0.00043,0.06775
CVE-2022-33242,0.00043,0.06775
CVE-2022-33243,0.00043,0.06775
CVE-2022-33244,0.00046,0.13740
CVE-2022-33245,0.00043,0.06775
CVE-2022-33246,0.00043,0.06775
CVE-2022-33248,0.00043,0.06775
CVE-2022-3325,0.00053,0.18436
CVE-2022-33250,0.00046,0.13740
CVE-2022-33251,0.00046,0.13740
CVE-2022-33252,0.00052,0.18120
CVE-2022-33253,0.00045,0.12244
CVE-2022-33254,0.00046,0.13740
CVE-2022-33255,0.00052,0.18120
CVE-2022-33256,0.00077,0.31825
CVE-2022-33257,0.00043,0.06775
CVE-2022-33258,0.00074,0.30551
CVE-2022-33259,0.00077,0.31825
CVE-2022-3326,0.00051,0.17233
CVE-2022-33260,0.00043,0.06775
CVE-2022-33263,0.00043,0.06775
CVE-2022-33264,0.00045,0.12206
CVE-2022-33265,0.00141,0.49792
CVE-2022-33266,0.00043,0.06775
CVE-2022-33267,0.00043,0.06775
CVE-2022-33268,0.00054,0.19140
CVE-2022-33269,0.00043,0.06775
CVE-2022-3327,0.00180,0.55345
CVE-2022-33270,0.00046,0.13740
CVE-2022-33271,0.00084,0.35143
CVE-2022-33272,0.00046,0.13740
CVE-2022-33273,0.00042,0.05722
CVE-2022-33274,0.00043,0.06775
CVE-2022-33275,0.00043,0.06775
CVE-2022-33276,0.00043,0.06775
CVE-2022-33277,0.00043,0.06775
CVE-2022-33278,0.00043,0.06775
CVE-2022-33279,0.00089,0.37687
CVE-2022-3328,0.00043,0.06775
CVE-2022-33280,0.00053,0.19001
CVE-2022-33281,0.00043,0.06775
CVE-2022-33282,0.00043,0.06775
CVE-2022-33283,0.00059,0.22980
CVE-2022-33284,0.00059,0.22980
CVE-2022-33285,0.00045,0.12244
CVE-2022-33286,0.00044,0.10345
CVE-2022-33287,0.00074,0.30551
CVE-2022-33288,0.00043,0.06775
CVE-2022-33289,0.00053,0.19001
CVE-2022-33290,0.00077,0.31712
CVE-2022-33291,0.00074,0.30551
CVE-2022-33292,0.00043,0.06775
CVE-2022-33294,0.00046,0.13740
CVE-2022-33295,0.00078,0.32281
CVE-2022-33296,0.00045,0.12206
CVE-2022-33297,0.00043,0.06775
CVE-2022-33298,0.00043,0.06775
CVE-2022-33299,0.00077,0.31712
CVE-2022-3330,0.00053,0.18436
CVE-2022-33300,0.00043,0.06775
CVE-2022-33301,0.00043,0.06775
CVE-2022-33302,0.00043,0.06775
CVE-2022-33303,0.00043,0.06775
CVE-2022-33304,0.00046,0.13740
CVE-2022-33305,0.00046,0.13740
CVE-2022-33306,0.00055,0.20446
CVE-2022-33307,0.00043,0.06775
CVE-2022-33309,0.00044,0.10188
CVE-2022-3331,0.00064,0.26456
CVE-2022-33311,0.00076,0.31282
CVE-2022-33312,0.00259,0.63705
CVE-2022-33313,0.00259,0.63705
CVE-2022-33314,0.00259,0.63705
CVE-2022-33315,0.00072,0.29473
CVE-2022-33316,0.00072,0.29473
CVE-2022-33317,0.00066,0.27290
CVE-2022-33318,0.00215,0.59586
CVE-2022-33319,0.00184,0.55727
CVE-2022-3332,0.00137,0.49132
CVE-2022-33320,0.00072,0.29473
CVE-2022-33321,0.00249,0.62957
CVE-2022-33322,0.00163,0.52980
CVE-2022-33323,0.00122,0.46396
CVE-2022-33324,0.00153,0.51523
CVE-2022-33325,0.00259,0.63705
CVE-2022-33326,0.00259,0.63705
CVE-2022-33327,0.00259,0.63705
CVE-2022-33328,0.00259,0.63705
CVE-2022-33329,0.00259,0.63705
CVE-2022-3333,0.00051,0.17233
CVE-2022-3334,0.00085,0.35505
CVE-2022-3335,0.00085,0.35505
CVE-2022-3336,0.00067,0.27728
CVE-2022-3337,0.00065,0.26817
CVE-2022-3338,0.00104,0.42386
CVE-2022-3339,0.00117,0.45521
CVE-2022-3340,0.00162,0.52851
CVE-2022-3341,0.00083,0.34379
CVE-2022-3342,0.00077,0.31662
CVE-2022-3343,0.00056,0.20979
CVE-2022-3344,0.00043,0.06775
CVE-2022-3346,0.00069,0.28630
CVE-2022-3347,0.00069,0.28630
CVE-2022-3348,0.00062,0.24290
CVE-2022-3349,0.00054,0.19135
CVE-2022-3350,0.00056,0.20979
CVE-2022-3351,0.00079,0.32939
CVE-2022-3352,0.00076,0.31213
CVE-2022-3353,0.00182,0.55559
CVE-2022-3354,0.00076,0.31619
CVE-2022-3355,0.00051,0.17233
CVE-2022-3357,0.00085,0.35505
CVE-2022-3358,0.00078,0.32661
CVE-2022-3359,0.00170,0.54075
CVE-2022-3360,0.00677,0.77822
CVE-2022-3361,0.00194,0.57325
CVE-2022-3362,0.00157,0.52119
CVE-2022-3363,0.00158,0.52356
CVE-2022-33631,0.00047,0.14022
CVE-2022-33632,0.00089,0.37218
CVE-2022-33633,0.01103,0.82964
CVE-2022-33634,0.00534,0.74754
CVE-2022-33635,0.00183,0.55654
CVE-2022-33636,0.00607,0.76360
CVE-2022-33637,0.00059,0.23225
CVE-2022-33638,0.00356,0.69246
CVE-2022-33639,0.00356,0.69246
CVE-2022-3364,0.00076,0.31619
CVE-2022-33640,0.00043,0.07315
CVE-2022-33641,0.00103,0.41783
CVE-2022-33642,0.00093,0.38974
CVE-2022-33643,0.00103,0.41783
CVE-2022-33644,0.00043,0.07315
CVE-2022-33645,0.00139,0.49428
CVE-2022-33646,0.00043,0.07315
CVE-2022-33647,0.00145,0.50422
CVE-2022-33648,0.00197,0.57656
CVE-2022-33649,0.00175,0.54691
CVE-2022-33650,0.00093,0.38974
CVE-2022-33651,0.00093,0.38974
CVE-2022-33652,0.00093,0.38974
CVE-2022-33653,0.00093,0.38974
CVE-2022-33654,0.00093,0.38974
CVE-2022-33655,0.00103,0.41783
CVE-2022-33656,0.00103,0.41783
CVE-2022-33657,0.00103,0.41783
CVE-2022-33658,0.00093,0.38974
CVE-2022-33659,0.00093,0.38974
CVE-2022-3366,0.00085,0.35505
CVE-2022-33660,0.00093,0.38974
CVE-2022-33661,0.00103,0.41783
CVE-2022-33662,0.00103,0.41783
CVE-2022-33663,0.00103,0.41783
CVE-2022-33664,0.00093,0.38974
CVE-2022-33665,0.00103,0.41783
CVE-2022-33666,0.00107,0.43208
CVE-2022-33667,0.00107,0.43208
CVE-2022-33668,0.00086,0.35604
CVE-2022-33669,0.00086,0.35604
CVE-2022-33670,0.00043,0.07494
CVE-2022-33671,0.00086,0.35604
CVE-2022-33672,0.00107,0.43208
CVE-2022-33673,0.00107,0.43208
CVE-2022-33674,0.00057,0.21407
CVE-2022-33675,0.00044,0.08140
CVE-2022-33676,0.01849,0.87084
CVE-2022-33677,0.00156,0.52046
CVE-2022-33678,0.01849,0.87084
CVE-2022-33679,0.00406,0.71159
CVE-2022-3368,0.00089,0.37248
CVE-2022-33680,0.00186,0.55936
CVE-2022-33681,0.00065,0.26767
CVE-2022-33682,0.00091,0.38631
CVE-2022-33683,0.00065,0.26767
CVE-2022-33684,0.00089,0.37257
CVE-2022-33685,0.00044,0.10161
CVE-2022-33686,0.00042,0.05722
CVE-2022-33687,0.00042,0.05722
CVE-2022-33688,0.00042,0.05722
CVE-2022-33689,0.00044,0.10161
CVE-2022-3369,0.00045,0.12108
CVE-2022-33690,0.00044,0.07794
CVE-2022-33691,0.00042,0.05722
CVE-2022-33692,0.00042,0.05722
CVE-2022-33693,0.00042,0.05722
CVE-2022-33694,0.00042,0.05722
CVE-2022-33695,0.00044,0.10161
CVE-2022-33696,0.00042,0.05722
CVE-2022-33697,0.00042,0.05722
CVE-2022-33698,0.00042,0.05722
CVE-2022-33699,0.00042,0.05722
CVE-2022-3370,0.00133,0.48301
CVE-2022-33700,0.00042,0.05722
CVE-2022-33701,0.00044,0.10161
CVE-2022-33702,0.00042,0.05722
CVE-2022-33703,0.00044,0.10161
CVE-2022-33704,0.00044,0.10161
CVE-2022-33705,0.00042,0.05722
CVE-2022-33706,0.00048,0.14768
CVE-2022-33707,0.00059,0.23124
CVE-2022-33708,0.00042,0.05722
CVE-2022-33709,0.00042,0.05722
CVE-2022-3371,0.00068,0.28076
CVE-2022-33710,0.00042,0.05722
CVE-2022-33711,0.00042,0.05722
CVE-2022-33712,0.00063,0.25674
CVE-2022-33713,0.00102,0.41294
CVE-2022-33714,0.00043,0.06775
CVE-2022-33715,0.00044,0.07794
CVE-2022-33716,0.00042,0.05722
CVE-2022-33717,0.00042,0.05722
CVE-2022-33718,0.00043,0.06775
CVE-2022-33719,0.00119,0.45883
CVE-2022-3372,0.00069,0.28708
CVE-2022-33720,0.00044,0.10345
CVE-2022-33721,0.00043,0.06775
CVE-2022-33722,0.00043,0.06775
CVE-2022-33723,0.00063,0.25287
CVE-2022-33724,0.00042,0.05722
CVE-2022-33725,0.00043,0.06775
CVE-2022-33726,0.00043,0.06775
CVE-2022-33727,0.00063,0.25287
CVE-2022-33728,0.00042,0.05722
CVE-2022-33729,0.00043,0.06775
CVE-2022-3373,0.00133,0.48337
CVE-2022-33730,0.00054,0.19194
CVE-2022-33731,0.00043,0.06775
CVE-2022-33732,0.00042,0.05722
CVE-2022-33733,0.00043,0.06775
CVE-2022-33734,0.00043,0.06775
CVE-2022-33735,0.00054,0.19140
CVE-2022-33736,0.00178,0.55117
CVE-2022-33737,0.00150,0.51158
CVE-2022-33738,0.00151,0.51307
CVE-2022-33739,0.00199,0.57804
CVE-2022-3374,0.00085,0.35505
CVE-2022-33740,0.00063,0.25782
CVE-2022-33741,0.00063,0.25782
CVE-2022-33742,0.00063,0.25782
CVE-2022-33743,0.00042,0.05722
CVE-2022-33744,0.00045,0.11966
CVE-2022-33745,0.00045,0.11966
CVE-2022-33746,0.00045,0.11966
CVE-2022-33747,0.00048,0.14343
CVE-2022-33748,0.00045,0.11966
CVE-2022-33749,0.00089,0.37272
CVE-2022-3375,0.00052,0.17563
CVE-2022-33750,0.00205,0.58533
CVE-2022-33751,0.00199,0.57804
CVE-2022-33752,0.00400,0.70975
CVE-2022-33753,0.00114,0.44823
CVE-2022-33754,0.00400,0.70975
CVE-2022-33755,0.00129,0.47756
CVE-2022-33756,0.00199,0.57804
CVE-2022-33757,0.00064,0.25824
CVE-2022-3376,0.00059,0.23145
CVE-2022-3377,0.00052,0.18028
CVE-2022-3378,0.00052,0.18028
CVE-2022-3379,0.00052,0.18028
CVE-2022-3380,0.00085,0.35505
CVE-2022-3381,0.00052,0.17563
CVE-2022-3382,0.00078,0.32333
CVE-2022-3383,0.00361,0.69466
CVE-2022-3384,0.00361,0.69466
CVE-2022-3385,0.00452,0.72575
CVE-2022-33859,0.00170,0.54075
CVE-2022-3386,0.00452,0.72575
CVE-2022-33869,0.00065,0.27080
CVE-2022-3387,0.00328,0.67994
CVE-2022-33870,0.00043,0.07443
CVE-2022-33871,0.00062,0.24584
CVE-2022-33872,0.00256,0.63516
CVE-2022-33873,0.00151,0.51314
CVE-2022-33874,0.00256,0.63516
CVE-2022-33875,0.00074,0.30736
CVE-2022-33876,0.00062,0.24845
CVE-2022-33877,0.00042,0.05722
CVE-2022-33878,0.00042,0.05722
CVE-2022-33879,0.00076,0.31437
CVE-2022-3388,0.00061,0.23821
CVE-2022-33880,0.00139,0.49473
CVE-2022-33881,0.00065,0.27105
CVE-2022-33882,0.00265,0.64204
CVE-2022-33883,0.00055,0.20546
CVE-2022-33884,0.00211,0.59039
CVE-2022-33885,0.00073,0.30221
CVE-2022-33886,0.00065,0.26799
CVE-2022-33887,0.00063,0.25379
CVE-2022-33888,0.00055,0.20546
CVE-2022-33889,0.00055,0.20546
CVE-2022-3389,0.00123,0.46685
CVE-2022-33890,0.00055,0.20546
CVE-2022-33891,0.97069,0.99723
CVE-2022-33892,0.00044,0.08212
CVE-2022-33894,0.00043,0.06775
CVE-2022-33896,0.00066,0.27492
CVE-2022-33897,0.00095,0.39491
CVE-2022-33898,0.00043,0.06775
CVE-2022-33900,0.00093,0.39079
CVE-2022-33901,0.00879,0.80746
CVE-2022-33902,0.00043,0.06775
CVE-2022-33903,0.00115,0.45120
CVE-2022-33905,0.00043,0.06775
CVE-2022-33906,0.00042,0.05722
CVE-2022-33907,0.00042,0.05722
CVE-2022-33908,0.00043,0.06775
CVE-2022-33909,0.00043,0.06775
CVE-2022-3391,0.00056,0.20979
CVE-2022-33910,0.00082,0.33992
CVE-2022-33911,0.00089,0.37463
CVE-2022-33912,0.00042,0.05722
CVE-2022-33913,0.00205,0.58568
CVE-2022-33915,0.00042,0.05722
CVE-2022-33916,0.00314,0.67211
CVE-2022-33917,0.00051,0.17175
CVE-2022-33918,0.00043,0.06775
CVE-2022-33919,0.00043,0.06775
CVE-2022-3392,0.00056,0.20979
CVE-2022-33920,0.00042,0.05722
CVE-2022-33921,0.00042,0.05722
CVE-2022-33922,0.00042,0.05722
CVE-2022-33923,0.00042,0.05844
CVE-2022-33924,0.00070,0.28928
CVE-2022-33925,0.00092,0.38752
CVE-2022-33926,0.00062,0.24822
CVE-2022-33927,0.00077,0.31704
CVE-2022-33928,0.00076,0.31220
CVE-2022-33929,0.00111,0.44161
CVE-2022-3393,0.00229,0.61192
CVE-2022-33930,0.00152,0.51411
CVE-2022-33931,0.00070,0.28928
CVE-2022-33932,0.00077,0.31720
CVE-2022-33934,0.00052,0.18016
CVE-2022-33935,0.00053,0.18436
CVE-2022-33936,0.00201,0.58090
CVE-2022-33937,0.00044,0.07794
CVE-2022-33938,0.00229,0.61192
CVE-2022-33939,0.00115,0.45120
CVE-2022-3394,0.00123,0.46600
CVE-2022-33941,0.00171,0.54160
CVE-2022-33942,0.00056,0.21064
CVE-2022-33943,0.00048,0.14636
CVE-2022-33944,0.00062,0.24822
CVE-2022-33945,0.00043,0.06775
CVE-2022-33946,0.00043,0.06775
CVE-2022-33947,0.00073,0.30137
CVE-2022-33948,0.00055,0.20388
CVE-2022-3395,0.00072,0.29591
CVE-2022-33953,0.00050,0.16485
CVE-2022-33955,0.00087,0.35941
CVE-2022-33959,0.00075,0.30924
CVE-2022-3396,0.00298,0.66328
CVE-2022-33960,0.00085,0.35316
CVE-2022-33961,0.00044,0.10753
CVE-2022-33962,0.00043,0.06775
CVE-2022-33963,0.00043,0.06775
CVE-2022-33964,0.00112,0.44588
CVE-2022-33965,0.01509,0.85641
CVE-2022-33967,0.00079,0.33133
CVE-2022-33968,0.00062,0.24822
CVE-2022-33969,0.00079,0.33037
CVE-2022-3397,0.00298,0.66328
CVE-2022-33970,0.00086,0.35860
CVE-2022-33971,0.00070,0.28980
CVE-2022-33972,0.00043,0.06775
CVE-2022-33973,0.00043,0.06775
CVE-2022-33974,0.00058,0.21913
CVE-2022-33977,0.00242,0.62301
CVE-2022-33978,0.00068,0.28132
CVE-2022-3398,0.00298,0.66328
CVE-2022-33980,0.46202,0.97117
CVE-2022-33981,0.00059,0.23048
CVE-2022-33982,0.00042,0.05722
CVE-2022-33983,0.00043,0.06775
CVE-2022-33984,0.00042,0.05722
CVE-2022-33985,0.00043,0.06775
CVE-2022-33986,0.00043,0.06775
CVE-2022-33987,0.00071,0.29203
CVE-2022-33988,0.00109,0.43527
CVE-2022-33989,0.00082,0.33946
CVE-2022-33990,0.00101,0.41072
CVE-2022-33991,0.00077,0.31766
CVE-2022-33992,0.00071,0.29204
CVE-2022-33993,0.00085,0.35243
CVE-2022-33994,0.00051,0.17233
CVE-2022-33995,0.00084,0.35188
CVE-2022-33996,0.00104,0.42231
CVE-2022-3400,0.00053,0.18436
CVE-2022-34000,0.00088,0.37038
CVE-2022-34001,0.00068,0.27973
CVE-2022-34002,0.00062,0.24780
CVE-2022-34005,0.00435,0.72074
CVE-2022-34006,0.00044,0.10161
CVE-2022-34007,0.00465,0.72924
CVE-2022-34008,0.00048,0.14460
CVE-2022-34009,0.00055,0.20462
CVE-2022-3401,0.00222,0.60584
CVE-2022-34011,0.00058,0.22585
CVE-2022-34012,0.00051,0.16927
CVE-2022-34013,0.00058,0.22585
CVE-2022-3402,0.00076,0.31340
CVE-2022-34020,0.00103,0.41775
CVE-2022-34021,0.00056,0.20979
CVE-2022-34022,0.00072,0.29591
CVE-2022-34023,0.00115,0.45211
CVE-2022-34024,0.00086,0.35672
CVE-2022-34025,0.00075,0.31080
CVE-2022-34026,0.00143,0.50017
CVE-2022-34027,0.00070,0.28874
CVE-2022-34028,0.00083,0.34451
CVE-2022-34029,0.00200,0.57958
CVE-2022-34030,0.00070,0.28874
CVE-2022-34031,0.00070,0.28874
CVE-2022-34032,0.00070,0.28874
CVE-2022-34033,0.00093,0.39240
CVE-2022-34035,0.00093,0.39240
CVE-2022-34037,0.00070,0.28874
CVE-2022-34038,0.00135,0.48808
CVE-2022-34042,0.00072,0.29641
CVE-2022-34043,0.00048,0.14460
CVE-2022-34045,0.04333,0.91529
CVE-2022-34046,0.18248,0.95740
CVE-2022-34047,0.19689,0.95891
CVE-2022-34048,0.00107,0.43214
CVE-2022-34049,0.15181,0.95362
CVE-2022-3405,0.00055,0.20747
CVE-2022-34053,0.00220,0.59995
CVE-2022-34054,0.00205,0.58502
CVE-2022-34055,0.00205,0.58502
CVE-2022-34056,0.00205,0.58502
CVE-2022-34057,0.00214,0.59510
CVE-2022-34059,0.00221,0.60320
CVE-2022-34060,0.00221,0.60320
CVE-2022-34061,0.00221,0.60320
CVE-2022-34064,0.00214,0.59510
CVE-2022-34065,0.00221,0.60320
CVE-2022-34066,0.00221,0.60320
CVE-2022-34067,0.00160,0.52516
CVE-2022-3407,0.00044,0.10345
CVE-2022-3408,0.00056,0.20979
CVE-2022-3409,0.00078,0.32333
CVE-2022-34092,0.00173,0.54540
CVE-2022-34093,0.00274,0.64788
CVE-2022-34094,0.00274,0.64788
CVE-2022-34100,0.00089,0.37248
CVE-2022-34101,0.00065,0.26814
CVE-2022-34102,0.00074,0.30555
CVE-2022-34108,0.00050,0.16475
CVE-2022-34109,0.00044,0.10565
CVE-2022-3411,0.00057,0.21514
CVE-2022-34110,0.00045,0.12069
CVE-2022-34112,0.00049,0.14997
CVE-2022-34113,0.00382,0.70312
CVE-2022-34114,0.00072,0.29641
CVE-2022-34115,0.00217,0.59789
CVE-2022-34120,0.00228,0.61069
CVE-2022-34121,0.72485,0.97820
CVE-2022-34125,0.00517,0.74326
CVE-2022-34126,0.00075,0.30945
CVE-2022-34127,0.00919,0.81208
CVE-2022-34128,0.00671,0.77734
CVE-2022-3413,0.00053,0.18436
CVE-2022-34132,0.00170,0.53970
CVE-2022-34133,0.00061,0.24174
CVE-2022-34134,0.00101,0.41190
CVE-2022-34138,0.00094,0.39422
CVE-2022-3414,0.00137,0.49132
CVE-2022-34140,0.00246,0.62645
CVE-2022-34144,0.00046,0.13740
CVE-2022-34145,0.00053,0.18256
CVE-2022-34146,0.00053,0.18256
CVE-2022-34147,0.00043,0.06775
CVE-2022-34148,0.00045,0.11801
CVE-2022-34149,0.00151,0.51294
CVE-2022-3415,0.00143,0.50120
CVE-2022-34150,0.00053,0.18436
CVE-2022-34151,0.00637,0.76971
CVE-2022-34152,0.00043,0.06775
CVE-2022-34153,0.00043,0.06775
CVE-2022-34154,0.00078,0.32074
CVE-2022-34155,0.00050,0.16285
CVE-2022-34156,0.00063,0.25287
CVE-2022-34157,0.00043,0.06775
CVE-2022-34158,0.00393,0.70738
CVE-2022-3416,0.00085,0.35505
CVE-2022-34160,0.00116,0.45408
CVE-2022-34161,0.00103,0.41971
CVE-2022-34162,0.00092,0.38735
CVE-2022-34163,0.00072,0.29903
CVE-2022-34164,0.00042,0.05722
CVE-2022-34165,0.00048,0.14834
CVE-2022-34166,0.00057,0.21292
CVE-2022-34167,0.00057,0.21254
CVE-2022-34169,0.00197,0.57694
CVE-2022-3417,0.00154,0.51710
CVE-2022-34170,0.00077,0.32019
CVE-2022-34171,0.00077,0.32019
CVE-2022-34172,0.00077,0.32019
CVE-2022-34173,0.00077,0.32019
CVE-2022-34174,0.00150,0.51158
CVE-2022-34175,0.00147,0.50632
CVE-2022-34176,0.00077,0.32019
CVE-2022-34177,0.00084,0.35188
CVE-2022-34178,0.00072,0.29847
CVE-2022-34179,0.00153,0.51592
CVE-2022-3418,0.00092,0.38873
CVE-2022-34180,0.00150,0.51158
CVE-2022-34181,0.00150,0.51052
CVE-2022-34182,0.00072,0.29847
CVE-2022-34183,0.00077,0.32019
CVE-2022-34184,0.00077,0.32019
CVE-2022-34185,0.00077,0.32019
CVE-2022-34186,0.00077,0.32019
CVE-2022-34187,0.00077,0.32019
CVE-2022-34188,0.00077,0.32019
CVE-2022-34189,0.00077,0.32019
CVE-2022-3419,0.00051,0.17162
CVE-2022-34190,0.00077,0.32019
CVE-2022-34191,0.00077,0.32019
CVE-2022-34192,0.00077,0.32019
CVE-2022-34193,0.00077,0.32019
CVE-2022-34194,0.00077,0.32019
CVE-2022-34195,0.00077,0.32019
CVE-2022-34196,0.00077,0.32019
CVE-2022-34197,0.00077,0.32019
CVE-2022-34198,0.00077,0.32019
CVE-2022-34199,0.00065,0.26756
CVE-2022-3420,0.00056,0.20979
CVE-2022-34200,0.00075,0.30903
CVE-2022-34201,0.00054,0.19618
CVE-2022-34202,0.00065,0.26756
CVE-2022-34203,0.00075,0.30903
CVE-2022-34204,0.00054,0.19618
CVE-2022-34205,0.00053,0.19044
CVE-2022-34206,0.00054,0.19618
CVE-2022-34207,0.00053,0.19044
CVE-2022-34208,0.00054,0.19618
CVE-2022-34209,0.00053,0.19044
CVE-2022-3421,0.00043,0.06775
CVE-2022-34210,0.00054,0.19618
CVE-2022-34211,0.00053,0.19044
CVE-2022-34212,0.00054,0.19618
CVE-2022-34213,0.00065,0.26756
CVE-2022-34215,0.00142,0.49994
CVE-2022-34216,0.39613,0.96920
CVE-2022-34217,0.00518,0.74351
CVE-2022-34218,0.00052,0.17591
CVE-2022-34219,0.39613,0.96920
CVE-2022-3422,0.00120,0.46064
CVE-2022-34220,0.39613,0.96920
CVE-2022-34221,0.00180,0.55305
CVE-2022-34222,0.00142,0.49994
CVE-2022-34223,0.39613,0.96920
CVE-2022-34224,0.05318,0.92353
CVE-2022-34225,0.39613,0.96920
CVE-2022-34226,0.00142,0.49994
CVE-2022-34227,0.05318,0.92353
CVE-2022-34228,0.00521,0.74444
CVE-2022-34229,0.39613,0.96920
CVE-2022-3423,0.00066,0.27252
CVE-2022-34230,0.01140,0.83261
CVE-2022-34232,0.00657,0.77379
CVE-2022-34233,0.00657,0.77379
CVE-2022-34234,0.00657,0.77379
CVE-2022-34235,0.00050,0.16404
CVE-2022-34236,0.00247,0.62735
CVE-2022-34237,0.00657,0.77379
CVE-2022-34238,0.00066,0.27475
CVE-2022-34239,0.00247,0.62735
CVE-2022-3424,0.00042,0.05722
CVE-2022-34241,0.00185,0.55877
CVE-2022-34242,0.00078,0.32139
CVE-2022-34243,0.46849,0.97146
CVE-2022-34244,0.00172,0.54304
CVE-2022-34245,0.00614,0.76517
CVE-2022-34246,0.00643,0.77110
CVE-2022-34247,0.00241,0.62218
CVE-2022-34248,0.00114,0.44919
CVE-2022-34249,0.00643,0.77110
CVE-2022-3425,0.00085,0.35505
CVE-2022-34250,0.00643,0.77110
CVE-2022-34251,0.00476,0.73217
CVE-2022-34252,0.00244,0.62535
CVE-2022-34253,0.00220,0.59996
CVE-2022-34254,0.00094,0.39342
CVE-2022-34255,0.00061,0.24092
CVE-2022-34256,0.00320,0.67575
CVE-2022-34257,0.00086,0.35775
CVE-2022-34258,0.02349,0.88723
CVE-2022-34259,0.00100,0.40929
CVE-2022-3426,0.00056,0.20979
CVE-2022-34260,0.00097,0.40289
CVE-2022-34261,0.00194,0.57329
CVE-2022-34262,0.00194,0.57329
CVE-2022-34263,0.00391,0.70654
CVE-2022-34264,0.00194,0.57329
CVE-2022-34265,0.00559,0.75313
CVE-2022-34266,0.00055,0.20495
CVE-2022-34267,0.00106,0.42831
CVE-2022-34268,0.00141,0.49750
CVE-2022-34269,0.00044,0.10171
CVE-2022-3427,0.00086,0.35694
CVE-2022-34270,0.00043,0.06775
CVE-2022-34271,0.00084,0.34985
CVE-2022-34272,0.00060,0.23306
CVE-2022-34273,0.00060,0.23250
CVE-2022-34274,0.00060,0.23250
CVE-2022-34275,0.00060,0.23250
CVE-2022-34276,0.00060,0.23250
CVE-2022-34277,0.00060,0.23306
CVE-2022-34278,0.00060,0.23306
CVE-2022-34279,0.00060,0.23306
CVE-2022-34280,0.00060,0.23306
CVE-2022-34281,0.00060,0.23306
CVE-2022-34282,0.00056,0.21034
CVE-2022-34283,0.00056,0.21034
CVE-2022-34284,0.00060,0.23250
CVE-2022-34285,0.00056,0.21034
CVE-2022-34286,0.00060,0.23250
CVE-2022-34287,0.00106,0.42735
CVE-2022-34288,0.00056,0.21034
CVE-2022-34289,0.00060,0.23250
CVE-2022-3429,0.00044,0.10862
CVE-2022-34290,0.00106,0.42735
CVE-2022-34291,0.00106,0.42735
CVE-2022-34292,0.00043,0.06775
CVE-2022-34293,0.00148,0.50870
CVE-2022-34294,0.00345,0.68742
CVE-2022-34295,0.00106,0.42699
CVE-2022-34296,0.00078,0.32649
CVE-2022-34297,0.00056,0.20979
CVE-2022-34298,0.00071,0.29203
CVE-2022-34299,0.00186,0.56052
CVE-2022-3430,0.00043,0.06775
CVE-2022-34300,0.00260,0.63850
CVE-2022-34301,0.00054,0.19360
CVE-2022-34302,0.00054,0.19360
CVE-2022-34303,0.00054,0.19360
CVE-2022-34305,0.00154,0.51674
CVE-2022-34306,0.00060,0.23254
CVE-2022-34307,0.00085,0.35352
CVE-2022-34308,0.00042,0.05722
CVE-2022-3431,0.00043,0.06775
CVE-2022-34312,0.00045,0.12069
CVE-2022-34313,0.00076,0.31407
CVE-2022-34314,0.00042,0.05722
CVE-2022-34315,0.00058,0.22679
CVE-2022-34316,0.00078,0.32650
CVE-2022-34317,0.00058,0.22679
CVE-2022-34318,0.00092,0.38735
CVE-2022-34319,0.00108,0.43403
CVE-2022-3432,0.00043,0.06775
CVE-2022-34320,0.00108,0.43403
CVE-2022-34322,0.00085,0.35505
CVE-2022-34323,0.00055,0.20522
CVE-2022-34324,0.00071,0.29396
CVE-2022-34325,0.00043,0.06775
CVE-2022-34326,0.00088,0.36991
CVE-2022-34328,0.00088,0.36972
CVE-2022-34329,0.00105,0.42684
CVE-2022-3433,0.00130,0.47828
CVE-2022-34330,0.00056,0.21114
CVE-2022-34331,0.00250,0.63069
CVE-2022-34333,0.00074,0.30453
CVE-2022-34334,0.00048,0.14834
CVE-2022-34335,0.00068,0.28351
CVE-2022-34336,0.00048,0.14834
CVE-2022-34338,0.00055,0.20507
CVE-2022-34339,0.00059,0.22847
CVE-2022-3434,0.00081,0.33706
CVE-2022-34344,0.00050,0.16285
CVE-2022-34345,0.00043,0.06775
CVE-2022-34346,0.00043,0.06775
CVE-2022-34347,0.00098,0.40374
CVE-2022-34348,0.00099,0.40590
CVE-2022-3435,0.00194,0.57294
CVE-2022-34350,0.00058,0.22013
CVE-2022-34351,0.00074,0.30453
CVE-2022-34352,0.00049,0.15916
CVE-2022-34354,0.00043,0.06775
CVE-2022-34355,0.00043,0.06775
CVE-2022-34356,0.00042,0.05722
CVE-2022-34358,0.00050,0.16691
CVE-2022-3436,0.00138,0.49220
CVE-2022-34361,0.00111,0.44249
CVE-2022-34362,0.00044,0.10565
CVE-2022-34364,0.00043,0.06775
CVE-2022-34365,0.00066,0.27281
CVE-2022-34366,0.00052,0.18157
CVE-2022-34367,0.00089,0.37272
CVE-2022-34368,0.00064,0.25824
CVE-2022-34369,0.00135,0.48776
CVE-2022-3437,0.00721,0.78638
CVE-2022-34371,0.00170,0.54075
CVE-2022-34372,0.00156,0.51910
CVE-2022-34373,0.00044,0.08212
CVE-2022-34374,0.00163,0.53018
CVE-2022-34375,0.00114,0.44791
CVE-2022-34376,0.00042,0.05722
CVE-2022-34377,0.00042,0.05722
CVE-2022-34378,0.00044,0.07794
CVE-2022-34379,0.00341,0.68573
CVE-2022-3438,0.00059,0.23145
CVE-2022-34380,0.00042,0.05722
CVE-2022-34382,0.00042,0.05722
CVE-2022-34383,0.00042,0.05844
CVE-2022-34384,0.00042,0.05722
CVE-2022-34385,0.00043,0.06775
CVE-2022-34386,0.00043,0.06775
CVE-2022-34387,0.00042,0.05722
CVE-2022-34388,0.00043,0.06775
CVE-2022-34389,0.00053,0.18668
CVE-2022-3439,0.00180,0.55345
CVE-2022-34390,0.00042,0.05722
CVE-2022-34391,0.00042,0.05722
CVE-2022-34392,0.00043,0.06775
CVE-2022-34393,0.00042,0.05722
CVE-2022-34394,0.00143,0.50042
CVE-2022-34396,0.00042,0.05722
CVE-2022-34397,0.00043,0.06775
CVE-2022-34398,0.00042,0.05722
CVE-2022-34399,0.00043,0.06775
CVE-2022-3440,0.00082,0.34119
CVE-2022-34400,0.00042,0.05722
CVE-2022-34401,0.00045,0.12249
CVE-2022-34402,0.00073,0.30137
CVE-2022-34403,0.00045,0.12249
CVE-2022-34404,0.00042,0.05722
CVE-2022-34405,0.00042,0.05722
CVE-2022-34406,0.00042,0.05722
CVE-2022-34407,0.00042,0.05722
CVE-2022-34408,0.00042,0.05722
CVE-2022-34409,0.00042,0.05722
CVE-2022-3441,0.00056,0.20979
CVE-2022-34410,0.00042,0.05722
CVE-2022-34411,0.00042,0.05722
CVE-2022-34412,0.00042,0.05722
CVE-2022-34413,0.00042,0.05722
CVE-2022-34414,0.00042,0.05722
CVE-2022-34415,0.00042,0.05722
CVE-2022-34416,0.00042,0.05722
CVE-2022-34417,0.00042,0.05722
CVE-2022-34418,0.00042,0.05722
CVE-2022-34419,0.00042,0.05722
CVE-2022-3442,0.00053,0.18466
CVE-2022-34420,0.00042,0.05722
CVE-2022-34421,0.00042,0.05722
CVE-2022-34422,0.00042,0.05722
CVE-2022-34423,0.00042,0.05722
CVE-2022-34424,0.00078,0.32333
CVE-2022-34425,0.00208,0.58773
CVE-2022-34426,0.00135,0.48868
CVE-2022-34427,0.00126,0.47199
CVE-2022-34428,0.00065,0.26817
CVE-2022-34429,0.00044,0.08212
CVE-2022-3443,0.00181,0.55508
CVE-2022-34430,0.00077,0.31902
CVE-2022-34431,0.00073,0.30137
CVE-2022-34432,0.00071,0.29155
CVE-2022-34434,0.00043,0.06775
CVE-2022-34435,0.00053,0.18436
CVE-2022-34436,0.00053,0.18436
CVE-2022-34437,0.00043,0.07443
CVE-2022-34438,0.00042,0.05722
CVE-2022-34439,0.00153,0.51574
CVE-2022-3444,0.00143,0.50037
CVE-2022-34440,0.00166,0.53343
CVE-2022-34441,0.00166,0.53343
CVE-2022-34442,0.00166,0.53343
CVE-2022-34443,0.00042,0.05722
CVE-2022-34444,0.00113,0.44713
CVE-2022-34445,0.00042,0.05722
CVE-2022-34446,0.00073,0.30429
CVE-2022-34447,0.00065,0.26797
CVE-2022-34448,0.00056,0.21102
CVE-2022-34449,0.00043,0.06775
CVE-2022-3445,0.00174,0.54668
CVE-2022-34450,0.00042,0.05722
CVE-2022-34451,0.00048,0.14685
CVE-2022-34452,0.00048,0.14685
CVE-2022-34453,0.00044,0.10862
CVE-2022-34454,0.00043,0.06775
CVE-2022-34456,0.00106,0.42975
CVE-2022-34457,0.00043,0.06775
CVE-2022-34458,0.00043,0.06775
CVE-2022-34459,0.00042,0.05722
CVE-2022-3446,0.00175,0.54703
CVE-2022-34460,0.00042,0.05722
CVE-2022-34462,0.00043,0.06775
CVE-2022-34464,0.00044,0.10161
CVE-2022-34465,0.00057,0.21302
CVE-2022-34466,0.00092,0.38731
CVE-2022-34467,0.00081,0.33872
CVE-2022-34468,0.00145,0.50366
CVE-2022-34469,0.00092,0.38765
CVE-2022-3447,0.00138,0.49293
CVE-2022-34470,0.00145,0.50366
CVE-2022-34471,0.00069,0.28630
CVE-2022-34472,0.00084,0.35139
CVE-2022-34473,0.00068,0.28132
CVE-2022-34474,0.00068,0.28132
CVE-2022-34475,0.00075,0.30831
CVE-2022-34476,0.00227,0.61011
CVE-2022-34477,0.00143,0.50015
CVE-2022-34478,0.00111,0.44116
CVE-2022-34479,0.00097,0.40078
CVE-2022-3448,0.00208,0.58808
CVE-2022-34480,0.00157,0.52107
CVE-2022-34481,0.00145,0.50366
CVE-2022-34482,0.00157,0.52107
CVE-2022-34483,0.00157,0.52107
CVE-2022-34484,0.00126,0.47122
CVE-2022-34485,0.00235,0.61670
CVE-2022-34486,0.00156,0.51911
CVE-2022-34487,0.00059,0.23111
CVE-2022-34488,0.00043,0.06775
CVE-2022-3449,0.00107,0.43137
CVE-2022-34494,0.00044,0.10161
CVE-2022-34495,0.00044,0.10161
CVE-2022-34496,0.00296,0.66220
CVE-2022-3450,0.00174,0.54668
CVE-2022-34500,0.00159,0.52413
CVE-2022-34501,0.00159,0.52512
CVE-2022-34502,0.00049,0.15038
CVE-2022-34503,0.00070,0.28874
CVE-2022-34509,0.00159,0.52413
CVE-2022-3451,0.00051,0.17162
CVE-2022-3452,0.00053,0.18436
CVE-2022-34520,0.00049,0.15038
CVE-2022-34526,0.00221,0.60397
CVE-2022-34527,0.00071,0.29251
CVE-2022-34528,0.00086,0.35672
CVE-2022-34529,0.00049,0.15038
CVE-2022-3453,0.00053,0.18436
CVE-2022-34530,0.00063,0.25380
CVE-2022-34531,0.00519,0.74388
CVE-2022-34534,0.00145,0.50349
CVE-2022-34535,0.00149,0.50997
CVE-2022-34536,0.00145,0.50349
CVE-2022-34537,0.00053,0.18436
CVE-2022-34538,0.00078,0.32759
CVE-2022-34539,0.00078,0.32759
CVE-2022-34540,0.00078,0.32759
CVE-2022-34549,0.00121,0.46360
CVE-2022-34550,0.00051,0.17233
CVE-2022-34551,0.00063,0.25289
CVE-2022-34555,0.00422,0.71696
CVE-2022-34556,0.00055,0.20462
CVE-2022-34557,0.00072,0.29641
CVE-2022-34558,0.00277,0.64993
CVE-2022-3456,0.00187,0.56249
CVE-2022-34567,0.00136,0.48980
CVE-2022-34568,0.00078,0.32741
CVE-2022-3457,0.00180,0.55345
CVE-2022-34570,0.00165,0.53247
CVE-2022-34571,0.00042,0.05722
CVE-2022-34572,0.00042,0.05722
CVE-2022-34573,0.00042,0.05722
CVE-2022-34574,0.00042,0.05722
CVE-2022-34575,0.00042,0.05722
CVE-2022-34576,0.03037,0.90007
CVE-2022-34577,0.00962,0.81664
CVE-2022-34578,0.00086,0.35672
CVE-2022-3458,0.00170,0.54075
CVE-2022-34580,0.00056,0.20979
CVE-2022-34586,0.00072,0.29641
CVE-2022-34588,0.00072,0.29641
CVE-2022-34590,0.00817,0.80020
CVE-2022-34592,0.00373,0.69935
CVE-2022-34593,0.00145,0.50349
CVE-2022-34594,0.00056,0.20979
CVE-2022-34595,0.05581,0.92550
CVE-2022-34596,0.05581,0.92550
CVE-2022-34597,0.05581,0.92550
CVE-2022-34598,0.00218,0.59852
CVE-2022-34599,0.00208,0.58798
CVE-2022-3460,0.00132,0.48268
CVE-2022-34600,0.00208,0.58798
CVE-2022-34601,0.00208,0.58798
CVE-2022-34602,0.00208,0.58798
CVE-2022-34603,0.00208,0.58798
CVE-2022-34604,0.00208,0.58798
CVE-2022-34605,0.00208,0.58798
CVE-2022-34606,0.00208,0.58798
CVE-2022-34607,0.00208,0.58798
CVE-2022-34608,0.00208,0.58798
CVE-2022-34609,0.00208,0.58798
CVE-2022-3461,0.00061,0.24177
CVE-2022-34610,0.00208,0.58798
CVE-2022-34611,0.00063,0.25163
CVE-2022-34612,0.00054,0.19463
CVE-2022-34613,0.00296,0.66202
CVE-2022-34615,0.00166,0.53278
CVE-2022-34618,0.00120,0.46178
CVE-2022-34619,0.00120,0.46178
CVE-2022-3462,0.00056,0.20979
CVE-2022-34621,0.00103,0.41763
CVE-2022-34623,0.00093,0.39144
CVE-2022-34624,0.00094,0.39398
CVE-2022-34625,0.00140,0.49526
CVE-2022-3463,0.00229,0.61192
CVE-2022-34632,0.00114,0.44948
CVE-2022-34633,0.00043,0.06775
CVE-2022-34634,0.00043,0.06775
CVE-2022-34635,0.00211,0.59051
CVE-2022-34636,0.00043,0.06775
CVE-2022-34637,0.00043,0.06775
CVE-2022-34639,0.00043,0.06775
CVE-2022-3464,0.00074,0.30476
CVE-2022-34640,0.00043,0.06775
CVE-2022-34641,0.00042,0.05722
CVE-2022-34642,0.00043,0.06775
CVE-2022-34643,0.00043,0.06775
CVE-2022-34648,0.00048,0.14636
CVE-2022-3465,0.00190,0.56610
CVE-2022-34650,0.00048,0.14636
CVE-2022-34651,0.00086,0.35826
CVE-2022-34652,0.00092,0.38940
CVE-2022-34654,0.00063,0.25721
CVE-2022-34655,0.00086,0.35826
CVE-2022-34656,0.00053,0.18436
CVE-2022-34657,0.00043,0.06775
CVE-2022-34658,0.00102,0.41386
CVE-2022-34659,0.00111,0.44235
CVE-2022-3466,0.00045,0.12069
CVE-2022-34660,0.00286,0.65538
CVE-2022-34661,0.00086,0.35826
CVE-2022-34662,0.00048,0.14344
CVE-2022-34663,0.00110,0.44032
CVE-2022-34665,0.00042,0.05722
CVE-2022-34666,0.00042,0.05722
CVE-2022-34667,0.00066,0.27476
CVE-2022-34668,0.00299,0.66392
CVE-2022-34669,0.00042,0.05722
CVE-2022-3467,0.00152,0.51438
CVE-2022-34670,0.00042,0.05722
CVE-2022-34671,0.00140,0.49679
CVE-2022-34672,0.00043,0.06775
CVE-2022-34673,0.00043,0.06775
CVE-2022-34674,0.00045,0.11839
CVE-2022-34675,0.00043,0.06775
CVE-2022-34676,0.00043,0.06775
CVE-2022-34677,0.00042,0.05722
CVE-2022-34678,0.00043,0.06775
CVE-2022-34679,0.00043,0.06775
CVE-2022-34680,0.00042,0.05722
CVE-2022-34681,0.00043,0.06775
CVE-2022-34682,0.00043,0.06775
CVE-2022-34683,0.00043,0.06775
CVE-2022-34684,0.00043,0.06775
CVE-2022-34685,0.00083,0.34476
CVE-2022-34686,0.00083,0.34476
CVE-2022-34687,0.00197,0.57656
CVE-2022-34689,0.00152,0.51447
CVE-2022-3469,0.00056,0.20979
CVE-2022-34690,0.00043,0.07315
CVE-2022-34691,0.00147,0.50725
CVE-2022-34692,0.00102,0.41394
CVE-2022-34696,0.00070,0.28885
CVE-2022-34699,0.00043,0.07494
CVE-2022-3470,0.00062,0.24290
CVE-2022-34700,0.00649,0.77235
CVE-2022-34701,0.00130,0.47804
CVE-2022-34702,0.00459,0.72756
CVE-2022-34703,0.00043,0.07494
CVE-2022-34704,0.00043,0.07315
CVE-2022-34705,0.00061,0.23769
CVE-2022-34706,0.00043,0.07315
CVE-2022-34707,0.00061,0.23769
CVE-2022-34708,0.00043,0.07315
CVE-2022-34709,0.00043,0.07315
CVE-2022-3471,0.00062,0.24290
CVE-2022-34710,0.00043,0.07315
CVE-2022-34711,0.00043,0.07315
CVE-2022-34712,0.00043,0.07315
CVE-2022-34713,0.56861,0.97416
CVE-2022-34714,0.00850,0.80428
CVE-2022-34715,0.01278,0.84308
CVE-2022-34716,0.00107,0.43219
CVE-2022-34717,0.01785,0.86793
CVE-2022-34718,0.36634,0.96801
CVE-2022-34719,0.00043,0.07315
CVE-2022-3472,0.00062,0.24290
CVE-2022-34720,0.00201,0.57984
CVE-2022-34721,0.01059,0.82574
CVE-2022-34722,0.01059,0.82574
CVE-2022-34723,0.00050,0.16468
CVE-2022-34724,0.00201,0.57984
CVE-2022-34725,0.00043,0.07315
CVE-2022-34726,0.01878,0.87208
CVE-2022-34727,0.01878,0.87208
CVE-2022-34728,0.00050,0.16468
CVE-2022-34729,0.00043,0.07315
CVE-2022-3473,0.00062,0.24290
CVE-2022-34730,0.01878,0.87208
CVE-2022-34731,0.01878,0.87208
CVE-2022-34732,0.01878,0.87208
CVE-2022-34733,0.01878,0.87208
CVE-2022-34734,0.01878,0.87208
CVE-2022-34735,0.00099,0.40643
CVE-2022-34736,0.00099,0.40643
CVE-2022-34737,0.00161,0.52726
CVE-2022-34738,0.00079,0.33063
CVE-2022-34739,0.00158,0.52341
CVE-2022-3474,0.00053,0.18436
CVE-2022-34740,0.00055,0.20607
CVE-2022-34741,0.00055,0.20607
CVE-2022-34742,0.00136,0.48980
CVE-2022-34743,0.00101,0.41058
CVE-2022-34746,0.00101,0.41129
CVE-2022-34747,0.00399,0.70944
CVE-2022-34748,0.00073,0.30236
CVE-2022-34749,0.00097,0.40232
CVE-2022-34750,0.00136,0.48889
CVE-2022-34753,0.96446,0.99488
CVE-2022-34754,0.00062,0.24373
CVE-2022-34755,0.00042,0.05722
CVE-2022-34756,0.00417,0.71518
CVE-2022-34757,0.00072,0.29847
CVE-2022-34758,0.00054,0.20290
CVE-2022-34759,0.00086,0.35830
CVE-2022-34760,0.00089,0.37607
CVE-2022-34761,0.00085,0.35330
CVE-2022-34762,0.00084,0.35188
CVE-2022-34763,0.00073,0.30380
CVE-2022-34764,0.00086,0.35830
CVE-2022-34765,0.00072,0.29847
CVE-2022-34767,0.00190,0.56646
CVE-2022-34768,0.00071,0.29245
CVE-2022-34769,0.00043,0.06775
CVE-2022-3477,0.00373,0.69941
CVE-2022-34770,0.00122,0.46407
CVE-2022-34771,0.00053,0.18436
CVE-2022-34772,0.00093,0.39019
CVE-2022-34773,0.00194,0.57362
CVE-2022-34774,0.00070,0.28928
CVE-2022-34775,0.00145,0.50349
CVE-2022-34776,0.00145,0.50349
CVE-2022-34777,0.00077,0.32019
CVE-2022-34778,0.00077,0.32019
CVE-2022-34779,0.00054,0.19618
CVE-2022-3478,0.00072,0.29625
CVE-2022-34780,0.00053,0.19044
CVE-2022-34781,0.00065,0.26756
CVE-2022-34782,0.00054,0.19618
CVE-2022-34783,0.00077,0.32019
CVE-2022-34784,0.00077,0.32019
CVE-2022-34785,0.00054,0.19618
CVE-2022-34786,0.00077,0.32019
CVE-2022-34787,0.00077,0.32019
CVE-2022-34788,0.00077,0.32019
CVE-2022-34789,0.00053,0.19044
CVE-2022-3479,0.00066,0.27591
CVE-2022-34790,0.00077,0.32019
CVE-2022-34791,0.00077,0.32019
CVE-2022-34792,0.00063,0.25574
CVE-2022-34793,0.00104,0.42231
CVE-2022-34794,0.00054,0.19618
CVE-2022-34795,0.00077,0.32019
CVE-2022-34796,0.00054,0.19618
CVE-2022-34797,0.00052,0.18167
CVE-2022-34798,0.00054,0.19618
CVE-2022-34799,0.00054,0.19618
CVE-2022-3480,0.00161,0.52767
CVE-2022-34800,0.00054,0.19618
CVE-2022-34801,0.00054,0.19618
CVE-2022-34802,0.00054,0.19618
CVE-2022-34803,0.00054,0.19618
CVE-2022-34804,0.00054,0.19618
CVE-2022-34805,0.00065,0.26756
CVE-2022-34806,0.00065,0.26756
CVE-2022-34807,0.00065,0.26756
CVE-2022-34808,0.00054,0.19618
CVE-2022-34809,0.00065,0.26756
CVE-2022-3481,0.00227,0.60978
CVE-2022-34810,0.00065,0.26756
CVE-2022-34811,0.00054,0.19618
CVE-2022-34812,0.00052,0.18167
CVE-2022-34813,0.00054,0.19618
CVE-2022-34814,0.00054,0.19618
CVE-2022-34815,0.00052,0.18167
CVE-2022-34816,0.00065,0.26756
CVE-2022-34817,0.00052,0.18167
CVE-2022-34818,0.00054,0.19618
CVE-2022-34819,0.00225,0.60889
CVE-2022-3482,0.00077,0.31982
CVE-2022-34820,0.00047,0.13905
CVE-2022-34821,0.00044,0.10161
CVE-2022-34822,0.00372,0.69904
CVE-2022-34823,0.00376,0.70055
CVE-2022-34824,0.00372,0.69904
CVE-2022-34825,0.00372,0.69904
CVE-2022-34826,0.00145,0.50349
CVE-2022-34827,0.00080,0.33382
CVE-2022-34829,0.00147,0.50613
CVE-2022-3483,0.00110,0.44068
CVE-2022-34830,0.00089,0.37248
CVE-2022-34831,0.00127,0.47220
CVE-2022-34832,0.00048,0.14814
CVE-2022-34833,0.00045,0.11801
CVE-2022-34834,0.00045,0.11801
CVE-2022-34835,0.00194,0.57376
CVE-2022-34836,0.00144,0.50233
CVE-2022-34837,0.00043,0.06775
CVE-2022-34838,0.00043,0.06775
CVE-2022-34839,0.00206,0.58619
CVE-2022-3484,0.00119,0.46008
CVE-2022-34840,0.00048,0.14798
CVE-2022-34841,0.00043,0.06775
CVE-2022-34843,0.00043,0.06775
CVE-2022-34844,0.00086,0.35826
CVE-2022-34845,0.00056,0.20979
CVE-2022-34848,0.00043,0.06775
CVE-2022-34849,0.00043,0.06775
CVE-2022-3485,0.00274,0.64773
CVE-2022-34850,0.00187,0.56210
CVE-2022-34851,0.00073,0.30137
CVE-2022-34853,0.00048,0.14636
CVE-2022-34854,0.00043,0.06775
CVE-2022-34855,0.00044,0.08212
CVE-2022-34857,0.00059,0.23111
CVE-2022-34858,0.00242,0.62222
CVE-2022-3486,0.00079,0.32802
CVE-2022-34862,0.00083,0.34451
CVE-2022-34864,0.00043,0.06775
CVE-2022-34865,0.00147,0.50716
CVE-2022-34866,0.00043,0.06775
CVE-2022-34867,0.00076,0.31379
CVE-2022-34868,0.00048,0.14636
CVE-2022-34869,0.00270,0.64513
CVE-2022-34870,0.00062,0.24478
CVE-2022-34871,0.00171,0.54253
CVE-2022-34872,0.00126,0.47136
CVE-2022-34873,0.00302,0.66528
CVE-2022-34874,0.00302,0.66528
CVE-2022-34875,0.00302,0.66528
CVE-2022-34876,0.00189,0.56506
CVE-2022-34877,0.00189,0.56506
CVE-2022-34878,0.00189,0.56506
CVE-2022-34879,0.00072,0.29847
CVE-2022-3488,0.00107,0.43224
CVE-2022-34881,0.00042,0.05722
CVE-2022-34882,0.00087,0.36467
CVE-2022-34883,0.00155,0.51810
CVE-2022-34884,0.00053,0.18614
CVE-2022-34885,0.00042,0.05722
CVE-2022-34886,0.00096,0.39811
CVE-2022-34887,0.00045,0.11801
CVE-2022-34888,0.00048,0.14685
CVE-2022-34889,0.00045,0.12491
CVE-2022-3489,0.00113,0.44633
CVE-2022-34890,0.00045,0.12491
CVE-2022-34891,0.00045,0.12491
CVE-2022-34892,0.00045,0.12491
CVE-2022-34893,0.00046,0.12677
CVE-2022-34894,0.00072,0.29847
CVE-2022-34899,0.00045,0.12491
CVE-2022-3490,0.00085,0.35505
CVE-2022-34900,0.00045,0.12491
CVE-2022-34901,0.00045,0.12491
CVE-2022-34902,0.00045,0.12491
CVE-2022-34903,0.00422,0.71689
CVE-2022-34906,0.00129,0.47668
CVE-2022-34907,0.00190,0.56660
CVE-2022-34908,0.00094,0.39422
CVE-2022-34909,0.00081,0.33544
CVE-2022-3491,0.00056,0.21221
CVE-2022-34910,0.00043,0.06775
CVE-2022-34911,0.00283,0.65380
CVE-2022-34912,0.00133,0.48385
CVE-2022-34913,0.00201,0.58090
CVE-2022-34914,0.00221,0.60385
CVE-2022-34916,0.00213,0.59290
CVE-2022-34917,0.00127,0.47325
CVE-2022-34918,0.00687,0.78040
CVE-2022-34919,0.00188,0.56349
CVE-2022-3492,0.00106,0.42713
CVE-2022-34924,0.00192,0.56975
CVE-2022-34927,0.00058,0.22659
CVE-2022-34928,0.00072,0.29641
CVE-2022-3493,0.00053,0.18436
CVE-2022-34937,0.00118,0.45726
CVE-2022-3494,0.00085,0.35505
CVE-2022-34945,0.00153,0.51562
CVE-2022-34946,0.00153,0.51562
CVE-2022-34947,0.00153,0.51562
CVE-2022-34948,0.00153,0.51562
CVE-2022-34949,0.00152,0.51425
CVE-2022-3495,0.00080,0.33382
CVE-2022-34950,0.00153,0.51562
CVE-2022-34951,0.00153,0.51562
CVE-2022-34952,0.00153,0.51562
CVE-2022-34953,0.00153,0.51562
CVE-2022-34954,0.00153,0.51562
CVE-2022-34955,0.00153,0.51562
CVE-2022-34956,0.00153,0.51562
CVE-2022-3496,0.00074,0.30555
CVE-2022-34960,0.00264,0.64109
CVE-2022-34961,0.00146,0.50462
CVE-2022-34962,0.00146,0.50462
CVE-2022-34963,0.00146,0.50462
CVE-2022-34964,0.00075,0.30780
CVE-2022-34965,0.00184,0.55720
CVE-2022-34966,0.00191,0.56751
CVE-2022-34967,0.00070,0.28874
CVE-2022-34968,0.00070,0.28874
CVE-2022-34969,0.00068,0.28436
CVE-2022-3497,0.00053,0.18436
CVE-2022-34970,0.00194,0.57331
CVE-2022-34971,0.00096,0.39802
CVE-2022-34972,0.00190,0.56614
CVE-2022-34973,0.00093,0.39236
CVE-2022-34974,0.00190,0.56630
CVE-2022-34981,0.00138,0.49364
CVE-2022-34982,0.00159,0.52413
CVE-2022-34983,0.00138,0.49364
CVE-2022-34988,0.00056,0.20979
CVE-2022-34989,0.00153,0.51562
CVE-2022-3499,0.00064,0.25824
CVE-2022-34991,0.00056,0.20979
CVE-2022-34992,0.00072,0.29601
CVE-2022-34993,0.01951,0.87499
CVE-2022-34998,0.00072,0.29601
CVE-2022-34999,0.00069,0.28711
CVE-2022-3500,0.00052,0.17731
CVE-2022-35000,0.00049,0.15038
CVE-2022-35002,0.00049,0.15038
CVE-2022-35003,0.00072,0.29601
CVE-2022-35004,0.00049,0.15038
CVE-2022-35007,0.00083,0.34451
CVE-2022-35008,0.00083,0.34451
CVE-2022-35009,0.00083,0.34451
CVE-2022-3501,0.00161,0.52760
CVE-2022-35010,0.00083,0.34451
CVE-2022-35011,0.00203,0.58343
CVE-2022-35012,0.00083,0.34451
CVE-2022-35013,0.00083,0.34451
CVE-2022-35014,0.00062,0.24453
CVE-2022-35015,0.00062,0.24455
CVE-2022-35016,0.00062,0.24455
CVE-2022-35017,0.00062,0.24455
CVE-2022-35018,0.00062,0.24453
CVE-2022-35019,0.00062,0.24453
CVE-2022-3502,0.00051,0.17233
CVE-2022-35020,0.00062,0.24455
CVE-2022-35021,0.00060,0.23593
CVE-2022-35022,0.00076,0.31619
CVE-2022-35023,0.00076,0.31619
CVE-2022-35024,0.00076,0.31619
CVE-2022-35025,0.00076,0.31619
CVE-2022-35026,0.00076,0.31619
CVE-2022-35027,0.00076,0.31619
CVE-2022-35028,0.00076,0.31619
CVE-2022-35029,0.00076,0.31619
CVE-2022-3503,0.00051,0.17233
CVE-2022-35030,0.00076,0.31619
CVE-2022-35031,0.00076,0.31619
CVE-2022-35032,0.00076,0.31619
CVE-2022-35034,0.00076,0.31619
CVE-2022-35035,0.00076,0.31619
CVE-2022-35036,0.00076,0.31619
CVE-2022-35037,0.00076,0.31619
CVE-2022-35038,0.00076,0.31619
CVE-2022-35039,0.00076,0.31619
CVE-2022-3504,0.00137,0.49132
CVE-2022-35040,0.00059,0.23075
CVE-2022-35041,0.00059,0.23075
CVE-2022-35042,0.00059,0.23075
CVE-2022-35043,0.00059,0.23075
CVE-2022-35044,0.00059,0.23075
CVE-2022-35045,0.00059,0.23075
CVE-2022-35046,0.00059,0.23075
CVE-2022-35047,0.00059,0.23075
CVE-2022-35048,0.00059,0.23075
CVE-2022-35049,0.00059,0.23075
CVE-2022-3505,0.00051,0.17233
CVE-2022-35050,0.00059,0.23075
CVE-2022-35051,0.00059,0.23075
CVE-2022-35052,0.00059,0.23075
CVE-2022-35053,0.00059,0.23075
CVE-2022-35054,0.00059,0.23075
CVE-2022-35055,0.00059,0.23075
CVE-2022-35056,0.00059,0.23075
CVE-2022-35058,0.00059,0.23075
CVE-2022-35059,0.00059,0.23075
CVE-2022-3506,0.00192,0.56852
CVE-2022-35060,0.00064,0.26365
CVE-2022-35061,0.00064,0.26365
CVE-2022-35062,0.00064,0.26365
CVE-2022-35063,0.00076,0.31619
CVE-2022-35064,0.00076,0.31619
CVE-2022-35065,0.00076,0.31619
CVE-2022-35066,0.00076,0.31619
CVE-2022-35067,0.00076,0.31619
CVE-2022-35068,0.00076,0.31619
CVE-2022-35069,0.00076,0.31619
CVE-2022-35070,0.00076,0.31619
CVE-2022-35080,0.00050,0.16005
CVE-2022-35081,0.00050,0.16005
CVE-2022-35085,0.00050,0.16005
CVE-2022-35086,0.00044,0.10453
CVE-2022-35087,0.00044,0.10453
CVE-2022-35088,0.00050,0.16005
CVE-2022-35089,0.00050,0.16005
CVE-2022-3509,0.00075,0.30823
CVE-2022-35090,0.00050,0.16005
CVE-2022-35091,0.00071,0.29148
CVE-2022-35092,0.00050,0.16005
CVE-2022-35093,0.00050,0.16005
CVE-2022-35094,0.00050,0.16005
CVE-2022-35095,0.00050,0.16005
CVE-2022-35096,0.00050,0.16005
CVE-2022-35097,0.00050,0.16005
CVE-2022-35098,0.00050,0.16005
CVE-2022-35099,0.00050,0.16005
CVE-2022-3510,0.00075,0.30823
CVE-2022-35100,0.00070,0.28874
CVE-2022-35101,0.00049,0.15038
CVE-2022-35104,0.00049,0.15038
CVE-2022-35105,0.00049,0.15038
CVE-2022-35106,0.00049,0.15038
CVE-2022-35107,0.00049,0.15038
CVE-2022-35108,0.00049,0.15038
CVE-2022-35109,0.00049,0.15038
CVE-2022-3511,0.00067,0.27847
CVE-2022-35110,0.00049,0.15038
CVE-2022-35111,0.00049,0.15038
CVE-2022-35113,0.00049,0.15038
CVE-2022-35114,0.00049,0.15038
CVE-2022-35115,0.00151,0.51342
CVE-2022-35117,0.00056,0.20979
CVE-2022-35118,0.00075,0.31049
CVE-2022-3512,0.00089,0.37248
CVE-2022-35120,0.00043,0.06775
CVE-2022-35121,0.00153,0.51562
CVE-2022-35122,0.00351,0.69024
CVE-2022-3513,0.00128,0.47383
CVE-2022-35131,0.00112,0.44349
CVE-2022-35132,0.00228,0.61091
CVE-2022-35133,0.00070,0.28928
CVE-2022-35134,0.00056,0.20979
CVE-2022-35135,0.00085,0.35505
CVE-2022-35136,0.00056,0.20979
CVE-2022-35137,0.00051,0.17233
CVE-2022-3514,0.00080,0.33428
CVE-2022-35142,0.00113,0.44694
CVE-2022-35143,0.00141,0.49837
CVE-2022-35144,0.00072,0.29450
CVE-2022-35147,0.00137,0.49067
CVE-2022-35148,0.00068,0.27973
CVE-2022-3515,0.00358,0.69351
CVE-2022-35150,0.00307,0.66819
CVE-2022-35151,0.03708,0.90907
CVE-2022-35153,0.00117,0.45475
CVE-2022-35154,0.00153,0.51562
CVE-2022-35155,0.00079,0.32780
CVE-2022-35156,0.00245,0.62590
CVE-2022-35158,0.00070,0.28874
CVE-2022-3516,0.00054,0.19178
CVE-2022-35161,0.00174,0.54655
CVE-2022-35162,0.00056,0.20979
CVE-2022-35163,0.00056,0.20979
CVE-2022-35164,0.00174,0.54655
CVE-2022-35165,0.00049,0.15038
CVE-2022-35166,0.00049,0.15038
CVE-2022-35167,0.00135,0.48678
CVE-2022-35168,0.00101,0.41058
CVE-2022-35169,0.00092,0.38890
CVE-2022-3517,0.00112,0.44432
CVE-2022-35170,0.00078,0.32206
CVE-2022-35171,0.00057,0.21336
CVE-2022-35172,0.00078,0.32206
CVE-2022-35173,0.00093,0.39240
CVE-2022-35174,0.00051,0.17233
CVE-2022-35175,0.00153,0.51562
CVE-2022-3518,0.00048,0.14636
CVE-2022-3519,0.00063,0.25287
CVE-2022-35191,0.00500,0.73880
CVE-2022-35192,0.00138,0.49332
CVE-2022-35193,0.00080,0.33382
CVE-2022-35194,0.00051,0.17233
CVE-2022-35195,0.00080,0.33382
CVE-2022-35196,0.00103,0.41775
CVE-2022-35198,0.00183,0.55621
CVE-2022-3520,0.00134,0.48520
CVE-2022-35201,0.00494,0.73718
CVE-2022-35203,0.00180,0.55246
CVE-2022-35204,0.00077,0.31766
CVE-2022-35205,0.00044,0.10345
CVE-2022-35206,0.00044,0.10345
CVE-2022-3521,0.00045,0.11839
CVE-2022-35212,0.00070,0.28928
CVE-2022-35213,0.00066,0.27216
CVE-2022-35216,0.00176,0.54834
CVE-2022-35217,0.00042,0.05722
CVE-2022-35218,0.00043,0.06775
CVE-2022-35219,0.00043,0.06775
CVE-2022-35220,0.00127,0.47325
CVE-2022-35221,0.00098,0.40525
CVE-2022-35222,0.00070,0.28938
CVE-2022-35223,0.00447,0.72430
CVE-2022-35224,0.00078,0.32669
CVE-2022-35225,0.00078,0.32206
CVE-2022-35226,0.00068,0.28132
CVE-2022-35227,0.00112,0.44364
CVE-2022-35228,0.00073,0.30411
CVE-2022-35229,0.00065,0.27108
CVE-2022-3523,0.00073,0.30137
CVE-2022-35230,0.00054,0.20290
CVE-2022-35234,0.00046,0.12677
CVE-2022-35235,0.00061,0.23928
CVE-2022-35236,0.00086,0.35826
CVE-2022-35238,0.00054,0.19178
CVE-2022-35239,0.00287,0.65617
CVE-2022-3524,0.00042,0.05722
CVE-2022-35240,0.00086,0.35826
CVE-2022-35241,0.00073,0.30137
CVE-2022-35242,0.00059,0.23111
CVE-2022-35243,0.00093,0.39019
CVE-2022-35244,0.00229,0.61192
CVE-2022-35245,0.00086,0.35826
CVE-2022-35246,0.00056,0.20979
CVE-2022-35247,0.00056,0.20979
CVE-2022-35248,0.00072,0.29461
CVE-2022-35249,0.00056,0.20979
CVE-2022-3525,0.00112,0.44400
CVE-2022-35250,0.00049,0.14997
CVE-2022-35251,0.00056,0.20979
CVE-2022-35252,0.00139,0.49482
CVE-2022-35254,0.00086,0.35713
CVE-2022-35255,0.00121,0.46336
CVE-2022-35256,0.00319,0.67501
CVE-2022-35257,0.00042,0.05722
CVE-2022-35258,0.00086,0.35713
CVE-2022-35259,0.00054,0.20300
CVE-2022-3526,0.00088,0.36991
CVE-2022-35260,0.00142,0.49962
CVE-2022-35261,0.00062,0.24466
CVE-2022-35262,0.00062,0.24466
CVE-2022-35263,0.00062,0.24466
CVE-2022-35264,0.00062,0.24466
CVE-2022-35265,0.00075,0.31036
CVE-2022-35266,0.00062,0.24466
CVE-2022-35267,0.00075,0.31036
CVE-2022-35268,0.00075,0.31036
CVE-2022-35269,0.00075,0.31036
CVE-2022-35270,0.00075,0.31036
CVE-2022-35271,0.00075,0.31036
CVE-2022-35272,0.00043,0.06775
CVE-2022-35273,0.00153,0.51603
CVE-2022-35275,0.00053,0.18436
CVE-2022-35276,0.00043,0.06775
CVE-2022-35277,0.00062,0.24582
CVE-2022-35278,0.00276,0.64898
CVE-2022-35279,0.00049,0.14997
CVE-2022-35280,0.00254,0.63306
CVE-2022-35281,0.00130,0.47858
CVE-2022-35282,0.00048,0.14359
CVE-2022-35283,0.00068,0.28351
CVE-2022-35284,0.00102,0.41494
CVE-2022-35285,0.00065,0.26862
CVE-2022-35286,0.00065,0.26862
CVE-2022-35287,0.00075,0.30870
CVE-2022-35288,0.00060,0.23381
CVE-2022-35289,0.00292,0.65972
CVE-2022-35290,0.00153,0.51574
CVE-2022-35291,0.00062,0.24822
CVE-2022-35292,0.00060,0.23528
CVE-2022-35293,0.00191,0.56757
CVE-2022-35294,0.00053,0.18436
CVE-2022-35295,0.00210,0.58964
CVE-2022-35296,0.00064,0.25824
CVE-2022-35297,0.00053,0.18436
CVE-2022-35298,0.00075,0.30831
CVE-2022-35299,0.00172,0.54303
CVE-2022-3533,0.00043,0.06775
CVE-2022-3534,0.00043,0.06775
CVE-2022-3536,0.00065,0.26909
CVE-2022-3537,0.00062,0.24550
CVE-2022-3538,0.00115,0.45011
CVE-2022-3539,0.00056,0.20979
CVE-2022-3540,0.00090,0.38007
CVE-2022-35401,0.00218,0.59815
CVE-2022-35403,0.00230,0.61284
CVE-2022-35404,0.00394,0.70782
CVE-2022-35405,0.97461,0.99956
CVE-2022-35406,0.00072,0.29847
CVE-2022-35407,0.00042,0.05722
CVE-2022-35408,0.00043,0.07702
CVE-2022-35409,0.00143,0.50070
CVE-2022-3541,0.00042,0.05722
CVE-2022-35410,0.00148,0.50796
CVE-2022-35411,0.03819,0.91036
CVE-2022-35412,0.00044,0.10161
CVE-2022-35413,0.64302,0.97602
CVE-2022-35414,0.00047,0.13971
CVE-2022-35415,0.00043,0.06775
CVE-2022-35416,0.00088,0.36972
CVE-2022-35421,0.00072,0.29641
CVE-2022-35422,0.00153,0.51562
CVE-2022-35426,0.00252,0.63173
CVE-2022-3543,0.00043,0.06775
CVE-2022-35433,0.00070,0.28874
CVE-2022-35434,0.00069,0.28711
CVE-2022-3544,0.00043,0.06775
CVE-2022-35447,0.00083,0.34451
CVE-2022-35448,0.00083,0.34451
CVE-2022-35449,0.00083,0.34451
CVE-2022-3545,0.00045,0.11966
CVE-2022-35450,0.00083,0.34451
CVE-2022-35451,0.00083,0.34451
CVE-2022-35452,0.00083,0.34451
CVE-2022-35453,0.00083,0.34451
CVE-2022-35454,0.00083,0.34451
CVE-2022-35455,0.00083,0.34451
CVE-2022-35456,0.00083,0.34451
CVE-2022-35458,0.00083,0.34451
CVE-2022-35459,0.00083,0.34451
CVE-2022-3546,0.00048,0.14636
CVE-2022-35460,0.00083,0.34451
CVE-2022-35461,0.00083,0.34451
CVE-2022-35462,0.00083,0.34451
CVE-2022-35463,0.00083,0.34451
CVE-2022-35464,0.00083,0.34451
CVE-2022-35465,0.00083,0.34451
CVE-2022-35466,0.00083,0.34451
CVE-2022-35467,0.00083,0.34451
CVE-2022-35468,0.00083,0.34451
CVE-2022-35469,0.00083,0.34451
CVE-2022-3547,0.00051,0.17233
CVE-2022-35470,0.00083,0.34451
CVE-2022-35471,0.00083,0.34451
CVE-2022-35472,0.00083,0.34451
CVE-2022-35473,0.00083,0.34451
CVE-2022-35474,0.00083,0.34451
CVE-2022-35475,0.00083,0.34451
CVE-2022-35476,0.00083,0.34451
CVE-2022-35477,0.00083,0.34451
CVE-2022-35478,0.00083,0.34451
CVE-2022-35479,0.00083,0.34451
CVE-2022-3548,0.00051,0.17233
CVE-2022-35481,0.00083,0.34451
CVE-2022-35482,0.00083,0.34451
CVE-2022-35483,0.00083,0.34451
CVE-2022-35484,0.00083,0.34451
CVE-2022-35485,0.00083,0.34451
CVE-2022-35486,0.00083,0.34451
CVE-2022-35487,0.00149,0.50997
CVE-2022-35488,0.00086,0.35826
CVE-2022-35489,0.00062,0.24822
CVE-2022-3549,0.00089,0.37280
CVE-2022-35490,0.00194,0.57362
CVE-2022-35491,0.01415,0.85135
CVE-2022-35493,0.00157,0.52200
CVE-2022-3550,0.00470,0.73053
CVE-2022-35500,0.00053,0.18436
CVE-2022-35501,0.00053,0.18436
CVE-2022-35505,0.00070,0.28874
CVE-2022-35506,0.00070,0.28874
CVE-2022-35507,0.00145,0.50331
CVE-2022-35508,0.00146,0.50550
CVE-2022-35509,0.00056,0.20979
CVE-2022-3551,0.00235,0.61606
CVE-2022-35513,0.01141,0.83268
CVE-2022-35516,0.00915,0.81161
CVE-2022-35517,0.00085,0.35456
CVE-2022-35518,0.01886,0.87250
CVE-2022-35519,0.01886,0.87250
CVE-2022-3552,0.00611,0.76447
CVE-2022-35520,0.01886,0.87250
CVE-2022-35521,0.01886,0.87250
CVE-2022-35522,0.01886,0.87250
CVE-2022-35523,0.01886,0.87250
CVE-2022-35524,0.01358,0.84844
CVE-2022-35525,0.01886,0.87250
CVE-2022-35526,0.01886,0.87250
CVE-2022-3553,0.00145,0.50426
CVE-2022-35533,0.01886,0.87250
CVE-2022-35534,0.01886,0.87250
CVE-2022-35535,0.01886,0.87250
CVE-2022-35536,0.01886,0.87250
CVE-2022-35537,0.01886,0.87250
CVE-2022-35538,0.01886,0.87250
CVE-2022-35540,0.00262,0.63963
CVE-2022-35554,0.00078,0.32663
CVE-2022-35555,0.00587,0.75914
CVE-2022-35557,0.00083,0.34451
CVE-2022-35558,0.00083,0.34451
CVE-2022-35559,0.00274,0.64753
CVE-2022-35560,0.00083,0.34451
CVE-2022-35561,0.00083,0.34451
CVE-2022-35569,0.00056,0.20979
CVE-2022-35572,0.00166,0.53354
CVE-2022-3558,0.00093,0.39099
CVE-2022-35582,0.00074,0.30555
CVE-2022-35583,0.01213,0.83845
CVE-2022-35585,0.00069,0.28691
CVE-2022-35587,0.00069,0.28691
CVE-2022-35589,0.00069,0.28691
CVE-2022-3559,0.00429,0.71871
CVE-2022-35590,0.00069,0.28691
CVE-2022-35598,0.00174,0.54609
CVE-2022-35599,0.00174,0.54609
CVE-2022-3560,0.00044,0.08212
CVE-2022-35601,0.00174,0.54609
CVE-2022-35602,0.00174,0.54609
CVE-2022-35603,0.00151,0.51342
CVE-2022-35604,0.00174,0.54609
CVE-2022-35605,0.00151,0.51342
CVE-2022-35606,0.00151,0.51342
CVE-2022-3561,0.00054,0.19178
CVE-2022-35611,0.00053,0.18445
CVE-2022-35612,0.00056,0.20979
CVE-2022-35613,0.00063,0.25721
CVE-2022-35619,0.00620,0.76656
CVE-2022-3562,0.00048,0.14636
CVE-2022-35620,0.00620,0.76656
CVE-2022-35621,0.00130,0.47797
CVE-2022-35623,0.00072,0.29601
CVE-2022-35624,0.00072,0.29601
CVE-2022-35628,0.00142,0.49961
CVE-2022-35629,0.00053,0.18436
CVE-2022-3563,0.00043,0.06775
CVE-2022-35630,0.00070,0.28928
CVE-2022-35631,0.00043,0.06775
CVE-2022-35632,0.00053,0.18436
CVE-2022-35637,0.00083,0.34364
CVE-2022-35638,0.00054,0.19329
CVE-2022-35639,0.00080,0.33276
CVE-2022-3564,0.00045,0.11966
CVE-2022-35642,0.00049,0.14997
CVE-2022-35643,0.00116,0.45254
CVE-2022-35645,0.00052,0.17602
CVE-2022-35646,0.00048,0.14834
CVE-2022-35648,0.00069,0.28587
CVE-2022-35649,0.01628,0.86211
CVE-2022-3565,0.00042,0.05722
CVE-2022-35650,0.00273,0.64692
CVE-2022-35651,0.00224,0.60742
CVE-2022-35652,0.00169,0.53920
CVE-2022-35653,0.00815,0.79993
CVE-2022-35654,0.00077,0.31704
CVE-2022-35655,0.00070,0.28928
CVE-2022-35656,0.00044,0.10707
CVE-2022-3566,0.00043,0.06775
CVE-2022-35664,0.00052,0.17591
CVE-2022-35665,0.01100,0.82944
CVE-2022-35666,0.00277,0.64989
CVE-2022-35667,0.00365,0.69630
CVE-2022-35668,0.00137,0.49091
CVE-2022-35669,0.00244,0.62535
CVE-2022-3567,0.00050,0.16034
CVE-2022-35670,0.00334,0.68317
CVE-2022-35671,0.00247,0.62735
CVE-2022-35672,0.00142,0.49994
CVE-2022-35673,0.00078,0.32139
CVE-2022-35674,0.00078,0.32139
CVE-2022-35675,0.00391,0.70654
CVE-2022-35676,0.00185,0.55877
CVE-2022-35677,0.00185,0.55877
CVE-2022-35678,0.00247,0.62735
CVE-2022-3568,0.00059,0.23048
CVE-2022-35689,0.00074,0.30518
CVE-2022-3569,0.00171,0.54193
CVE-2022-35690,0.00534,0.74745
CVE-2022-35691,0.00057,0.21313
CVE-2022-35692,0.00069,0.28458
CVE-2022-35693,0.00052,0.17591
CVE-2022-35694,0.00052,0.17591
CVE-2022-35695,0.00052,0.17591
CVE-2022-35696,0.00052,0.17591
CVE-2022-35697,0.00052,0.17591
CVE-2022-35698,0.00064,0.26405
CVE-2022-35699,0.00094,0.39406
CVE-2022-3570,0.00056,0.21103
CVE-2022-35700,0.00094,0.39406
CVE-2022-35701,0.00094,0.39406
CVE-2022-35702,0.00075,0.30968
CVE-2022-35703,0.00075,0.30968
CVE-2022-35704,0.00378,0.70129
CVE-2022-35705,0.00075,0.30968
CVE-2022-35706,0.00179,0.55195
CVE-2022-35707,0.00075,0.30968
CVE-2022-35708,0.00179,0.55195
CVE-2022-35709,0.00121,0.46333
CVE-2022-35710,0.00534,0.74745
CVE-2022-35711,0.00598,0.76169
CVE-2022-35712,0.00598,0.76169
CVE-2022-35713,0.00413,0.71362
CVE-2022-35714,0.00048,0.14834
CVE-2022-35715,0.00124,0.46789
CVE-2022-35716,0.00078,0.32614
CVE-2022-35717,0.00043,0.07443
CVE-2022-35719,0.00042,0.05722
CVE-2022-3572,0.00108,0.43425
CVE-2022-35720,0.00042,0.05722
CVE-2022-35721,0.00048,0.14834
CVE-2022-35722,0.00048,0.14834
CVE-2022-35724,0.00115,0.45028
CVE-2022-35725,0.00053,0.18436
CVE-2022-35726,0.00214,0.59471
CVE-2022-35728,0.00194,0.57362
CVE-2022-35729,0.00052,0.17889
CVE-2022-3573,0.00157,0.52148
CVE-2022-35730,0.00047,0.13909
CVE-2022-35733,0.00313,0.67172
CVE-2022-35734,0.00145,0.50349
CVE-2022-35735,0.00093,0.39019
CVE-2022-35737,0.00184,0.55728
CVE-2022-35739,0.00075,0.31076
CVE-2022-3574,0.00229,0.61192
CVE-2022-35740,0.00100,0.40993
CVE-2022-35741,0.00444,0.72348
CVE-2022-35742,0.00095,0.39744
CVE-2022-35743,0.00108,0.43317
CVE-2022-35744,0.41264,0.96971
CVE-2022-35745,0.02744,0.89546
CVE-2022-35746,0.00192,0.56863
CVE-2022-35747,0.00090,0.37706
CVE-2022-35748,0.00090,0.37706
CVE-2022-35749,0.00192,0.56863
CVE-2022-3575,0.00170,0.54075
CVE-2022-35750,0.00136,0.48917
CVE-2022-35751,0.00136,0.48917
CVE-2022-35752,0.02744,0.89546
CVE-2022-35753,0.02744,0.89546
CVE-2022-35754,0.00054,0.19472
CVE-2022-35755,0.00094,0.39363
CVE-2022-35756,0.00101,0.41112
CVE-2022-35757,0.00094,0.39363
CVE-2022-35758,0.00054,0.19472
CVE-2022-35759,0.00150,0.51081
CVE-2022-3576,0.00111,0.44146
CVE-2022-35760,0.00060,0.23705
CVE-2022-35761,0.00043,0.07315
CVE-2022-35762,0.00043,0.07315
CVE-2022-35763,0.00043,0.07315
CVE-2022-35764,0.00043,0.07315
CVE-2022-35765,0.00043,0.07315
CVE-2022-35766,0.00399,0.70933
CVE-2022-35767,0.00850,0.80428
CVE-2022-35768,0.00043,0.07315
CVE-2022-35769,0.00130,0.47804
CVE-2022-3577,0.00042,0.05722
CVE-2022-35770,0.00148,0.50802
CVE-2022-35771,0.00043,0.07315
CVE-2022-35772,0.00834,0.80238
CVE-2022-35773,0.00140,0.49681
CVE-2022-35774,0.00090,0.38006
CVE-2022-35775,0.00082,0.34212
CVE-2022-35776,0.00044,0.08192
CVE-2022-35777,0.01355,0.84814
CVE-2022-35779,0.00140,0.49681
CVE-2022-3578,0.00119,0.46008
CVE-2022-35780,0.00082,0.34212
CVE-2022-35781,0.00082,0.34212
CVE-2022-35782,0.00082,0.34212
CVE-2022-35783,0.00078,0.32761
CVE-2022-35784,0.00082,0.34212
CVE-2022-35785,0.00082,0.34212
CVE-2022-35786,0.00082,0.34212
CVE-2022-35787,0.00090,0.38006
CVE-2022-35788,0.00082,0.34212
CVE-2022-35789,0.00082,0.34212
CVE-2022-3579,0.00137,0.49132
CVE-2022-35790,0.00082,0.34212
CVE-2022-35791,0.00082,0.34212
CVE-2022-35792,0.00043,0.07315
CVE-2022-35793,0.00047,0.14022
CVE-2022-35794,0.00850,0.80428
CVE-2022-35795,0.00044,0.08140
CVE-2022-35796,0.00173,0.54526
CVE-2022-35797,0.00055,0.20642
CVE-2022-35798,0.00096,0.39894
CVE-2022-35799,0.00082,0.34212
CVE-2022-3580,0.00063,0.25287
CVE-2022-35800,0.00090,0.38006
CVE-2022-35801,0.00082,0.34212
CVE-2022-35802,0.00061,0.23878
CVE-2022-35803,0.00043,0.07315
CVE-2022-35804,0.01785,0.86793
CVE-2022-35805,0.00738,0.78883
CVE-2022-35806,0.00197,0.57656
CVE-2022-35807,0.00082,0.34212
CVE-2022-35808,0.00082,0.34212
CVE-2022-35809,0.00082,0.34212
CVE-2022-3581,0.00063,0.25287
CVE-2022-35810,0.00082,0.34212
CVE-2022-35811,0.00082,0.34212
CVE-2022-35812,0.00090,0.38006
CVE-2022-35813,0.00082,0.34212
CVE-2022-35814,0.00082,0.34212
CVE-2022-35815,0.00082,0.34212
CVE-2022-35816,0.00082,0.34212
CVE-2022-35817,0.00082,0.34212
CVE-2022-35818,0.00082,0.34212
CVE-2022-35819,0.00082,0.34212
CVE-2022-3582,0.00051,0.17233
CVE-2022-35820,0.00043,0.07494
CVE-2022-35821,0.00043,0.07315
CVE-2022-35822,0.00061,0.23815
CVE-2022-35823,0.01630,0.86221
CVE-2022-35824,0.00947,0.81513
CVE-2022-35825,0.02527,0.89118
CVE-2022-35826,0.01785,0.86793
CVE-2022-35827,0.01785,0.86793
CVE-2022-35828,0.00043,0.07315
CVE-2022-35829,0.00053,0.18650
CVE-2022-3583,0.00127,0.47366
CVE-2022-35830,0.00957,0.81619
CVE-2022-35831,0.00050,0.16468
CVE-2022-35832,0.00043,0.07315
CVE-2022-35833,0.00155,0.51829
CVE-2022-35834,0.01878,0.87208
CVE-2022-35835,0.01426,0.85196
CVE-2022-35836,0.01426,0.85196
CVE-2022-35837,0.00495,0.73743
CVE-2022-35838,0.00155,0.51829
CVE-2022-3584,0.00080,0.33382
CVE-2022-35840,0.01878,0.87208
CVE-2022-35841,0.00649,0.77235
CVE-2022-35842,0.00162,0.52856
CVE-2022-35843,0.00171,0.54209
CVE-2022-35844,0.00109,0.43858
CVE-2022-35845,0.00109,0.43759
CVE-2022-35846,0.00175,0.54717
CVE-2022-35847,0.00100,0.40915
CVE-2022-35849,0.00052,0.17710
CVE-2022-3585,0.00059,0.23145
CVE-2022-35850,0.00063,0.25005
CVE-2022-35851,0.00053,0.18436
CVE-2022-35857,0.00319,0.67502
CVE-2022-35858,0.00043,0.06775
CVE-2022-3586,0.00046,0.12623
CVE-2022-35860,0.00052,0.17669
CVE-2022-35861,0.00044,0.07794
CVE-2022-35864,0.00132,0.48258
CVE-2022-35865,0.03190,0.90228
CVE-2022-35866,0.00437,0.72153
CVE-2022-35867,0.00065,0.26793
CVE-2022-35868,0.00043,0.06775
CVE-2022-35869,0.01113,0.83045
CVE-2022-3587,0.00051,0.17233
CVE-2022-35870,0.01767,0.86724
CVE-2022-35871,0.95372,0.99224
CVE-2022-35872,0.00264,0.64109
CVE-2022-35873,0.00292,0.65962
CVE-2022-35874,0.00211,0.59079
CVE-2022-35875,0.00211,0.59079
CVE-2022-35876,0.00211,0.59079
CVE-2022-35877,0.00211,0.59079
CVE-2022-35878,0.00065,0.27126
CVE-2022-35879,0.00065,0.27126
CVE-2022-35880,0.00065,0.27126
CVE-2022-35881,0.00065,0.27126
CVE-2022-35882,0.00048,0.14636
CVE-2022-35883,0.00043,0.06775
CVE-2022-35884,0.00065,0.26891
CVE-2022-35885,0.00065,0.26891
CVE-2022-35886,0.00065,0.26891
CVE-2022-35887,0.00065,0.26891
CVE-2022-35888,0.00131,0.48052
CVE-2022-3589,0.00064,0.25824
CVE-2022-35890,0.00270,0.64558
CVE-2022-35893,0.00042,0.05722
CVE-2022-35894,0.00045,0.12069
CVE-2022-35895,0.00043,0.07702
CVE-2022-35896,0.00045,0.12069
CVE-2022-35897,0.00065,0.26814
CVE-2022-35898,0.00091,0.38380
CVE-2022-35899,0.00045,0.12509
CVE-2022-3590,0.00120,0.46097
CVE-2022-35900,0.00050,0.16433
CVE-2022-35901,0.00050,0.16433
CVE-2022-35902,0.00050,0.16433
CVE-2022-35903,0.00050,0.16433
CVE-2022-35904,0.00050,0.16433
CVE-2022-35905,0.00050,0.16433
CVE-2022-35906,0.00050,0.16433
CVE-2022-35908,0.00050,0.16285
CVE-2022-35909,0.00126,0.47211
CVE-2022-3591,0.00057,0.21251
CVE-2022-35910,0.00061,0.24122
CVE-2022-35911,0.00663,0.77570
CVE-2022-35912,0.00530,0.74652
CVE-2022-35913,0.00071,0.29374
CVE-2022-35914,0.96894,0.99653
CVE-2022-35915,0.00088,0.36958
CVE-2022-35916,0.00059,0.23111
CVE-2022-35917,0.00080,0.33418
CVE-2022-35918,0.00153,0.51570
CVE-2022-35919,0.00170,0.54078
CVE-2022-3592,0.00189,0.56475
CVE-2022-35920,0.00119,0.45904
CVE-2022-35921,0.00048,0.14636
CVE-2022-35922,0.00105,0.42478
CVE-2022-35923,0.00093,0.39240
CVE-2022-35924,0.00318,0.67457
CVE-2022-35925,0.00147,0.50671
CVE-2022-35926,0.00117,0.45622
CVE-2022-35927,0.00114,0.44955
CVE-2022-35928,0.00043,0.06775
CVE-2022-35929,0.00215,0.59555
CVE-2022-35930,0.00152,0.51446
CVE-2022-35931,0.00048,0.14636
CVE-2022-35932,0.00206,0.58586
CVE-2022-35933,0.00054,0.19178
CVE-2022-35934,0.00079,0.33154
CVE-2022-35935,0.00079,0.33154
CVE-2022-35936,0.00099,0.40733
CVE-2022-35937,0.00126,0.47169
CVE-2022-35938,0.00126,0.47169
CVE-2022-35939,0.00128,0.47496
CVE-2022-3594,0.00392,0.70684
CVE-2022-35940,0.00088,0.36931
CVE-2022-35941,0.00088,0.36931
CVE-2022-35942,0.00174,0.54609
CVE-2022-35943,0.00111,0.44187
CVE-2022-35944,0.00077,0.31946
CVE-2022-35945,0.00054,0.19178
CVE-2022-35946,0.00062,0.24527
CVE-2022-35947,0.00152,0.51438
CVE-2022-35948,0.00077,0.31766
CVE-2022-35949,0.00157,0.52195
CVE-2022-3595,0.00043,0.06775
CVE-2022-35950,0.00045,0.11801
CVE-2022-35951,0.01175,0.83548
CVE-2022-35952,0.00088,0.36931
CVE-2022-35953,0.00067,0.27635
CVE-2022-35954,0.00048,0.14636
CVE-2022-35956,0.00174,0.54609
CVE-2022-35957,0.00234,0.61511
CVE-2022-35959,0.00079,0.33154
CVE-2022-3596,0.00236,0.61738
CVE-2022-35960,0.00088,0.36931
CVE-2022-35961,0.00060,0.23320
CVE-2022-35962,0.00127,0.47367
CVE-2022-35963,0.00079,0.33154
CVE-2022-35964,0.00073,0.30017
CVE-2022-35965,0.00079,0.33154
CVE-2022-35966,0.00073,0.30017
CVE-2022-35967,0.00073,0.30017
CVE-2022-35968,0.00079,0.33154
CVE-2022-35969,0.00079,0.33154
CVE-2022-3597,0.00121,0.46246
CVE-2022-35970,0.00073,0.30017
CVE-2022-35971,0.00079,0.33154
CVE-2022-35972,0.00073,0.30017
CVE-2022-35973,0.00073,0.30017
CVE-2022-35974,0.00073,0.30017
CVE-2022-35975,0.00390,0.70640
CVE-2022-35976,0.00282,0.65319
CVE-2022-35977,0.00042,0.05722
CVE-2022-35978,0.00183,0.55682
CVE-2022-35979,0.00073,0.30017
CVE-2022-3598,0.00098,0.40396
CVE-2022-35980,0.00097,0.40197
CVE-2022-35981,0.00079,0.33154
CVE-2022-35982,0.00073,0.30017
CVE-2022-35983,0.00079,0.33154
CVE-2022-35984,0.00079,0.33154
CVE-2022-35985,0.00079,0.33154
CVE-2022-35986,0.00073,0.30017
CVE-2022-35987,0.00079,0.33154
CVE-2022-35988,0.00079,0.33154
CVE-2022-35989,0.00079,0.33154
CVE-2022-3599,0.00085,0.35397
CVE-2022-35990,0.00079,0.33154
CVE-2022-35991,0.00079,0.33154
CVE-2022-35992,0.00079,0.33154
CVE-2022-35993,0.00079,0.33154
CVE-2022-35994,0.00079,0.33154
CVE-2022-35995,0.00079,0.33154
CVE-2022-35996,0.00079,0.33154
CVE-2022-35997,0.00079,0.33154
CVE-2022-35998,0.00079,0.33154
CVE-2022-35999,0.00079,0.33154
CVE-2022-3600,0.00229,0.61192
CVE-2022-36000,0.00079,0.33154
CVE-2022-36001,0.00079,0.33154
CVE-2022-36002,0.00079,0.33154
CVE-2022-36003,0.00079,0.33154
CVE-2022-36004,0.00079,0.33154
CVE-2022-36005,0.00079,0.33154
CVE-2022-36006,0.00311,0.67059
CVE-2022-36007,0.00045,0.12069
CVE-2022-36008,0.00079,0.33080
CVE-2022-36009,0.00164,0.53076
CVE-2022-3601,0.00056,0.20979
CVE-2022-36010,0.00208,0.58811
CVE-2022-36011,0.00079,0.33154
CVE-2022-36012,0.00088,0.36931
CVE-2022-36013,0.00088,0.36931
CVE-2022-36014,0.00104,0.42238
CVE-2022-36015,0.00088,0.36931
CVE-2022-36016,0.00088,0.36931
CVE-2022-36017,0.00073,0.30017
CVE-2022-36018,0.00079,0.33154
CVE-2022-36019,0.00079,0.33154
CVE-2022-3602,0.02785,0.89613
CVE-2022-36020,0.00118,0.45802
CVE-2022-36021,0.00043,0.06775
CVE-2022-36022,0.00072,0.29626
CVE-2022-36023,0.00199,0.57883
CVE-2022-36024,0.00068,0.28225
CVE-2022-36025,0.00090,0.37888
CVE-2022-36026,0.00079,0.33154
CVE-2022-36027,0.00066,0.27229
CVE-2022-3603,0.00229,0.61192
CVE-2022-36030,0.00137,0.49189
CVE-2022-36031,0.00070,0.28965
CVE-2022-36032,0.00078,0.32653
CVE-2022-36033,0.00089,0.37373
CVE-2022-36034,0.00079,0.33154
CVE-2022-36035,0.00044,0.08212
CVE-2022-36036,0.00043,0.06775
CVE-2022-36037,0.00063,0.25062
CVE-2022-36038,0.00133,0.48464
CVE-2022-36039,0.00067,0.27826
CVE-2022-3604,0.00053,0.19001
CVE-2022-36040,0.00070,0.28967
CVE-2022-36041,0.00075,0.30784
CVE-2022-36042,0.00063,0.25587
CVE-2022-36043,0.00084,0.34820
CVE-2022-36044,0.00070,0.28967
CVE-2022-36045,0.00148,0.50887
CVE-2022-36046,0.00068,0.28225
CVE-2022-36048,0.00053,0.18436
CVE-2022-36049,0.00100,0.40986
CVE-2022-3605,0.00054,0.20300
CVE-2022-36051,0.00145,0.50420
CVE-2022-36052,0.00076,0.31399
CVE-2022-36053,0.00112,0.44290
CVE-2022-36054,0.00076,0.31399
CVE-2022-36055,0.00068,0.28225
CVE-2022-36056,0.00043,0.06775
CVE-2022-36057,0.00048,0.14636
CVE-2022-36058,0.00060,0.23610
CVE-2022-36059,0.00046,0.13740
CVE-2022-3606,0.00043,0.06775
CVE-2022-36060,0.00046,0.13740
CVE-2022-36061,0.00134,0.48520
CVE-2022-36062,0.00053,0.18436
CVE-2022-36063,0.03043,0.90014
CVE-2022-36064,0.00103,0.41654
CVE-2022-36065,0.00111,0.44241
CVE-2022-36066,0.00596,0.76124
CVE-2022-36067,0.00938,0.81410
CVE-2022-36068,0.00059,0.23151
CVE-2022-36069,0.00042,0.05722
CVE-2022-3607,0.00043,0.06775
CVE-2022-36070,0.00043,0.07702
CVE-2022-36071,0.00062,0.24290
CVE-2022-36072,0.00064,0.26338
CVE-2022-36073,0.00089,0.37280
CVE-2022-36074,0.00120,0.46101
CVE-2022-36075,0.00048,0.14636
CVE-2022-36076,0.00101,0.41193
CVE-2022-36077,0.00063,0.25287
CVE-2022-36078,0.00103,0.41654
CVE-2022-36079,0.00149,0.50915
CVE-2022-3608,0.00080,0.33382
CVE-2022-36080,0.00054,0.19178
CVE-2022-36081,0.00143,0.50000
CVE-2022-36082,0.00054,0.19178
CVE-2022-36083,0.00090,0.37755
CVE-2022-36084,0.00157,0.52136
CVE-2022-36085,0.00137,0.49038
CVE-2022-36086,0.00140,0.49603
CVE-2022-36087,0.00133,0.48414
CVE-2022-36088,0.00042,0.05722
CVE-2022-36089,0.00180,0.55345
CVE-2022-3609,0.00053,0.18436
CVE-2022-36090,0.00099,0.40691
CVE-2022-36091,0.00170,0.54100
CVE-2022-36092,0.00104,0.42335
CVE-2022-36093,0.00060,0.23320
CVE-2022-36094,0.00406,0.71143
CVE-2022-36095,0.00054,0.19376
CVE-2022-36096,0.00175,0.54721
CVE-2022-36097,0.00374,0.69998
CVE-2022-36098,0.00275,0.64834
CVE-2022-36099,0.00450,0.72506
CVE-2022-3610,0.00056,0.20979
CVE-2022-36100,0.00219,0.59892
CVE-2022-36101,0.00073,0.30010
CVE-2022-36102,0.00159,0.52505
CVE-2022-36103,0.00175,0.54722
CVE-2022-36104,0.00095,0.39605
CVE-2022-36105,0.00063,0.25193
CVE-2022-36106,0.00058,0.21989
CVE-2022-36107,0.00058,0.21989
CVE-2022-36108,0.00063,0.25193
CVE-2022-36109,0.00118,0.45776
CVE-2022-3611,0.00087,0.36261
CVE-2022-36110,0.00089,0.37280
CVE-2022-36111,0.00107,0.43235
CVE-2022-36112,0.00054,0.19178
CVE-2022-36113,0.00256,0.63521
CVE-2022-36114,0.00095,0.39500
CVE-2022-36115,0.00176,0.54815
CVE-2022-36116,0.00078,0.32630
CVE-2022-36117,0.00078,0.32630
CVE-2022-36118,0.00078,0.32630
CVE-2022-36119,0.00347,0.68843
CVE-2022-36120,0.00195,0.57449
CVE-2022-36121,0.00063,0.24935
CVE-2022-36122,0.00043,0.06775
CVE-2022-36123,0.00047,0.13971
CVE-2022-36124,0.00221,0.60290
CVE-2022-36125,0.00115,0.45028
CVE-2022-36126,0.00686,0.78024
CVE-2022-36127,0.00092,0.38672
CVE-2022-36129,0.00114,0.44860
CVE-2022-3613,0.00085,0.35333
CVE-2022-36130,0.00089,0.37248
CVE-2022-36131,0.00083,0.34475
CVE-2022-36133,0.00529,0.74635
CVE-2022-36136,0.00051,0.17233
CVE-2022-36137,0.00051,0.17233
CVE-2022-36139,0.00072,0.29601
CVE-2022-3614,0.00063,0.25287
CVE-2022-36140,0.00049,0.15038
CVE-2022-36141,0.00049,0.15038
CVE-2022-36142,0.00072,0.29601
CVE-2022-36143,0.00072,0.29601
CVE-2022-36144,0.00072,0.29601
CVE-2022-36145,0.00049,0.15038
CVE-2022-36146,0.00049,0.15038
CVE-2022-36148,0.00069,0.28711
CVE-2022-36149,0.00049,0.15038
CVE-2022-36150,0.00049,0.15038
CVE-2022-36151,0.00049,0.15038
CVE-2022-36152,0.00049,0.15038
CVE-2022-36153,0.00049,0.15038
CVE-2022-36155,0.00049,0.15038
CVE-2022-36157,0.00078,0.32110
CVE-2022-36158,0.00042,0.05722
CVE-2022-36159,0.00050,0.16759
CVE-2022-3616,0.00078,0.32333
CVE-2022-36161,0.00153,0.51562
CVE-2022-36168,0.00053,0.19090
CVE-2022-36170,0.00067,0.27753
CVE-2022-36171,0.00058,0.22647
CVE-2022-36173,0.00183,0.55686
CVE-2022-36174,0.00210,0.58979
CVE-2022-36179,0.00218,0.59814
CVE-2022-3618,0.00056,0.20979
CVE-2022-36180,0.00218,0.59814
CVE-2022-36182,0.00080,0.33462
CVE-2022-36186,0.00068,0.28436
CVE-2022-3619,0.00050,0.16005
CVE-2022-36190,0.00186,0.56061
CVE-2022-36191,0.00055,0.20462
CVE-2022-36193,0.00109,0.43569
CVE-2022-36194,0.00081,0.33746
CVE-2022-36197,0.00066,0.27167
CVE-2022-36198,0.00188,0.56368
CVE-2022-3620,0.00221,0.60329
CVE-2022-36200,0.00323,0.67719
CVE-2022-36201,0.00508,0.74107
CVE-2022-36202,0.00153,0.51594
CVE-2022-36203,0.00210,0.58965
CVE-2022-3621,0.00136,0.48897
CVE-2022-36215,0.00217,0.59755
CVE-2022-36216,0.00417,0.71513
CVE-2022-3622,0.00052,0.17600
CVE-2022-36220,0.00275,0.64871
CVE-2022-36221,0.00062,0.24387
CVE-2022-36222,0.00066,0.27184
CVE-2022-36223,0.00063,0.25287
CVE-2022-36224,0.00094,0.39374
CVE-2022-36225,0.00094,0.39374
CVE-2022-36226,0.00107,0.43272
CVE-2022-36227,0.00492,0.73681
CVE-2022-36228,0.00045,0.12108
CVE-2022-3623,0.00170,0.54105
CVE-2022-36231,0.00138,0.49361
CVE-2022-36233,0.00043,0.06775
CVE-2022-36234,0.00070,0.28874
CVE-2022-3624,0.00043,0.06775
CVE-2022-36242,0.00137,0.49189
CVE-2022-36243,0.00047,0.14215
CVE-2022-36244,0.00045,0.11801
CVE-2022-36246,0.00091,0.38380
CVE-2022-36247,0.00091,0.38380
CVE-2022-36249,0.00045,0.11801
CVE-2022-3625,0.00042,0.05722
CVE-2022-36250,0.00058,0.21913
CVE-2022-36251,0.00075,0.31080
CVE-2022-36254,0.00059,0.23222
CVE-2022-36255,0.00133,0.48348
CVE-2022-36256,0.00133,0.48348
CVE-2022-36257,0.00133,0.48348
CVE-2022-36258,0.00133,0.48348
CVE-2022-36259,0.00108,0.43479
CVE-2022-3626,0.00069,0.28552
CVE-2022-36261,0.00098,0.40488
CVE-2022-36262,0.00309,0.66963
CVE-2022-36263,0.00042,0.05722
CVE-2022-36264,0.00152,0.51401
CVE-2022-36265,0.00074,0.30433
CVE-2022-36266,0.00077,0.31942
CVE-2022-36267,0.46949,0.97148
CVE-2022-3627,0.00137,0.49109
CVE-2022-36270,0.00331,0.68177
CVE-2022-36271,0.00060,0.23390
CVE-2022-36272,0.00153,0.51562
CVE-2022-36273,0.05000,0.92112
CVE-2022-36276,0.00059,0.22864
CVE-2022-36277,0.00046,0.13740
CVE-2022-36278,0.00043,0.06775
CVE-2022-36279,0.00149,0.50944
CVE-2022-3628,0.00042,0.05722
CVE-2022-36280,0.00042,0.05722
CVE-2022-36282,0.00053,0.18436
CVE-2022-36284,0.00048,0.14636
CVE-2022-36285,0.00093,0.39019
CVE-2022-36287,0.00043,0.06775
CVE-2022-36288,0.00071,0.29269
CVE-2022-36289,0.00043,0.06775
CVE-2022-3629,0.00045,0.11839
CVE-2022-36292,0.00098,0.40374
CVE-2022-36293,0.00124,0.46698
CVE-2022-36296,0.00070,0.28928
CVE-2022-3630,0.00043,0.06775
CVE-2022-36301,0.00172,0.54292
CVE-2022-36302,0.00053,0.18436
CVE-2022-36303,0.00075,0.31080
CVE-2022-36304,0.00075,0.31080
CVE-2022-36305,0.00075,0.31080
CVE-2022-36306,0.00068,0.27973
CVE-2022-36307,0.00066,0.27225
CVE-2022-36308,0.00156,0.51891
CVE-2022-36309,0.00169,0.53847
CVE-2022-3631,0.00056,0.20979
CVE-2022-36310,0.00105,0.42397
CVE-2022-36311,0.00070,0.28928
CVE-2022-36312,0.00073,0.29997
CVE-2022-36313,0.00057,0.21543
CVE-2022-36314,0.00051,0.17146
CVE-2022-36315,0.00068,0.28132
CVE-2022-36316,0.00068,0.28132
CVE-2022-36317,0.00074,0.30462
CVE-2022-36318,0.00125,0.46990
CVE-2022-36319,0.00103,0.41726
CVE-2022-3632,0.00054,0.19132
CVE-2022-36320,0.00235,0.61670
CVE-2022-36321,0.00062,0.24822
CVE-2022-36322,0.00093,0.39019
CVE-2022-36323,0.00144,0.50274
CVE-2022-36324,0.00169,0.53918
CVE-2022-36325,0.00065,0.27085
CVE-2022-36326,0.00063,0.24970
CVE-2022-36327,0.00580,0.75793
CVE-2022-36328,0.00099,0.40690
CVE-2022-36329,0.00046,0.13740
CVE-2022-3633,0.00045,0.11839
CVE-2022-36330,0.00149,0.50922
CVE-2022-36331,0.00107,0.43054
CVE-2022-36336,0.00045,0.12491
CVE-2022-36337,0.00042,0.05722
CVE-2022-36338,0.00043,0.07702
CVE-2022-36339,0.00043,0.06775
CVE-2022-3634,0.00189,0.56440
CVE-2022-36340,0.00057,0.21455
CVE-2022-36341,0.00053,0.18436
CVE-2022-36343,0.00048,0.14636
CVE-2022-36344,0.00214,0.59471
CVE-2022-36345,0.00058,0.21913
CVE-2022-36346,0.00098,0.40374
CVE-2022-36347,0.00048,0.14636
CVE-2022-36348,0.00043,0.06775
CVE-2022-36349,0.00043,0.06775
CVE-2022-3635,0.00042,0.05774
CVE-2022-36350,0.00061,0.23927
CVE-2022-36351,0.00049,0.15804
CVE-2022-36352,0.00050,0.16285
CVE-2022-36354,0.00065,0.27124
CVE-2022-36355,0.00048,0.14636
CVE-2022-36356,0.00053,0.18436
CVE-2022-36357,0.00063,0.25287
CVE-2022-36358,0.00046,0.12685
CVE-2022-36359,0.00319,0.67556
CVE-2022-3636,0.00042,0.05722
CVE-2022-36360,0.00064,0.26338
CVE-2022-36361,0.00144,0.50246
CVE-2022-36362,0.00160,0.52580
CVE-2022-36363,0.00063,0.25287
CVE-2022-36364,0.00109,0.43525
CVE-2022-36365,0.00056,0.20979
CVE-2022-36367,0.00043,0.06775
CVE-2022-36368,0.00112,0.44418
CVE-2022-36369,0.00043,0.06775
CVE-2022-3637,0.00043,0.06775
CVE-2022-36370,0.00043,0.06775
CVE-2022-36372,0.00043,0.06775
CVE-2022-36373,0.00103,0.41775
CVE-2022-36374,0.00043,0.06775
CVE-2022-36375,0.00079,0.33037
CVE-2022-36376,0.00335,0.68341
CVE-2022-36377,0.00043,0.06775
CVE-2022-36378,0.00048,0.14636
CVE-2022-36379,0.00098,0.40374
CVE-2022-36380,0.00043,0.06775
CVE-2022-36381,0.00110,0.44083
CVE-2022-36382,0.00043,0.06775
CVE-2022-36383,0.00053,0.18436
CVE-2022-36384,0.00043,0.06775
CVE-2022-36385,0.00054,0.19491
CVE-2022-36386,0.00118,0.45762
CVE-2022-36387,0.00168,0.53803
CVE-2022-36388,0.00085,0.35527
CVE-2022-36389,0.00098,0.40374
CVE-2022-3639,0.00103,0.41579
CVE-2022-36390,0.00053,0.18436
CVE-2022-36391,0.00043,0.06775
CVE-2022-36392,0.00052,0.17889
CVE-2022-36394,0.00085,0.35316
CVE-2022-36396,0.00043,0.06775
CVE-2022-36397,0.00043,0.06775
CVE-2022-36398,0.00043,0.06775
CVE-2022-36399,0.00087,0.36261
CVE-2022-3640,0.00120,0.46169
CVE-2022-36400,0.00044,0.08212
CVE-2022-36401,0.00056,0.21102
CVE-2022-36402,0.00042,0.05722
CVE-2022-36403,0.00060,0.23528
CVE-2022-36404,0.00044,0.10522
CVE-2022-36405,0.00048,0.14636
CVE-2022-3641,0.00089,0.37248
CVE-2022-36412,0.00879,0.80749
CVE-2022-36413,0.05168,0.92245
CVE-2022-36414,0.00043,0.06775
CVE-2022-36415,0.00060,0.23233
CVE-2022-36416,0.00042,0.05722
CVE-2022-36417,0.00046,0.12685
CVE-2022-36418,0.00091,0.38380
CVE-2022-36422,0.00053,0.18436
CVE-2022-36423,0.00045,0.12244
CVE-2022-36424,0.00058,0.21913
CVE-2022-36425,0.00260,0.63829
CVE-2022-36427,0.00168,0.53803
CVE-2022-36428,0.00048,0.14636
CVE-2022-36429,0.00065,0.26780
CVE-2022-3643,0.00042,0.05722
CVE-2022-36431,0.00281,0.65214
CVE-2022-36432,0.00056,0.20979
CVE-2022-36433,0.00063,0.25579
CVE-2022-36436,0.00476,0.73225
CVE-2022-36437,0.00173,0.54563
CVE-2022-36438,0.00042,0.05722
CVE-2022-36439,0.00042,0.05722
CVE-2022-3644,0.00043,0.06775
CVE-2022-36440,0.00073,0.30262
CVE-2022-36441,0.00043,0.06775
CVE-2022-36442,0.00043,0.06775
CVE-2022-36443,0.00043,0.06775
CVE-2022-36444,0.00363,0.69557
CVE-2022-36446,0.96951,0.99673
CVE-2022-36447,0.00076,0.31620
CVE-2022-36448,0.00042,0.05722
CVE-2022-36449,0.00618,0.76629
CVE-2022-36450,0.00553,0.75220
CVE-2022-36451,0.00089,0.37248
CVE-2022-36452,0.00292,0.65972
CVE-2022-36453,0.00089,0.37248
CVE-2022-36454,0.00064,0.25824
CVE-2022-36455,0.00245,0.62610
CVE-2022-36456,0.00245,0.62610
CVE-2022-36458,0.00245,0.62610
CVE-2022-36459,0.00245,0.62610
CVE-2022-3646,0.00143,0.50179
CVE-2022-36460,0.00245,0.62610
CVE-2022-36461,0.00245,0.62610
CVE-2022-36462,0.00043,0.07679
CVE-2022-36463,0.00043,0.07679
CVE-2022-36464,0.00043,0.07679
CVE-2022-36465,0.00043,0.07679
CVE-2022-36466,0.00043,0.07679
CVE-2022-36467,0.00043,0.06775
CVE-2022-36468,0.00043,0.06775
CVE-2022-36469,0.00043,0.06775
CVE-2022-3647,0.00043,0.06775
CVE-2022-36470,0.00043,0.06775
CVE-2022-36471,0.00043,0.06775
CVE-2022-36472,0.00043,0.06775
CVE-2022-36473,0.00043,0.06775
CVE-2022-36474,0.00043,0.06775
CVE-2022-36475,0.00043,0.06775
CVE-2022-36477,0.00043,0.06775
CVE-2022-36478,0.00043,0.06775
CVE-2022-36479,0.00245,0.62610
CVE-2022-36480,0.00043,0.07679
CVE-2022-36481,0.00245,0.62610
CVE-2022-36482,0.00245,0.62610
CVE-2022-36483,0.00043,0.07679
CVE-2022-36484,0.00043,0.07679
CVE-2022-36485,0.00245,0.62610
CVE-2022-36486,0.00245,0.62610
CVE-2022-36487,0.00245,0.62610
CVE-2022-36488,0.00043,0.07679
CVE-2022-36489,0.00043,0.06775
CVE-2022-3649,0.00045,0.11966
CVE-2022-36490,0.00043,0.06775
CVE-2022-36491,0.00043,0.06775
CVE-2022-36492,0.00043,0.06775
CVE-2022-36493,0.00043,0.06775
CVE-2022-36494,0.00043,0.06775
CVE-2022-36495,0.00043,0.06775
CVE-2022-36496,0.00043,0.06775
CVE-2022-36497,0.00043,0.06775
CVE-2022-36498,0.00043,0.06775
CVE-2022-36499,0.00043,0.06775
CVE-2022-3650,0.00042,0.05722
CVE-2022-36500,0.00043,0.06775
CVE-2022-36501,0.00043,0.06775
CVE-2022-36502,0.00043,0.06775
CVE-2022-36503,0.00043,0.06775
CVE-2022-36504,0.00043,0.06775
CVE-2022-36505,0.00043,0.06775
CVE-2022-36506,0.00043,0.06775
CVE-2022-36507,0.00043,0.06775
CVE-2022-36508,0.00043,0.06775
CVE-2022-36509,0.00043,0.06775
CVE-2022-36510,0.00043,0.06775
CVE-2022-36511,0.00190,0.56585
CVE-2022-36513,0.00190,0.56585
CVE-2022-36514,0.00190,0.56585
CVE-2022-36515,0.00190,0.56585
CVE-2022-36516,0.00190,0.56585
CVE-2022-36517,0.00190,0.56585
CVE-2022-36518,0.00190,0.56585
CVE-2022-36519,0.00190,0.56585
CVE-2022-3652,0.00111,0.44232
CVE-2022-36520,0.00190,0.56585
CVE-2022-36521,0.00102,0.41544
CVE-2022-36522,0.00059,0.22938
CVE-2022-36523,0.00117,0.45470
CVE-2022-36524,0.00168,0.53618
CVE-2022-36525,0.00253,0.63241
CVE-2022-36526,0.00084,0.34985
CVE-2022-36527,0.00056,0.20979
CVE-2022-36529,0.00071,0.29396
CVE-2022-3653,0.00111,0.44232
CVE-2022-36530,0.00088,0.36995
CVE-2022-36532,0.00275,0.64869
CVE-2022-36533,0.00063,0.25163
CVE-2022-36534,0.17348,0.95651
CVE-2022-36536,0.02014,0.87728
CVE-2022-36537,0.89401,0.98533
CVE-2022-36539,0.00120,0.46097
CVE-2022-3654,0.00174,0.54668
CVE-2022-36542,0.00062,0.24527
CVE-2022-36543,0.00137,0.49132
CVE-2022-36544,0.00137,0.49132
CVE-2022-36545,0.00137,0.49132
CVE-2022-36546,0.00103,0.41775
CVE-2022-36547,0.00068,0.28132
CVE-2022-36548,0.00053,0.18436
CVE-2022-3655,0.00094,0.39391
CVE-2022-36551,0.00563,0.75427
CVE-2022-36552,0.00105,0.42402
CVE-2022-36553,0.46383,0.97135
CVE-2022-36554,0.00103,0.41618
CVE-2022-36555,0.00209,0.58856
CVE-2022-36556,0.00113,0.44622
CVE-2022-36557,0.00367,0.69734
CVE-2022-36558,0.00235,0.61670
CVE-2022-36559,0.00113,0.44622
CVE-2022-3656,0.00154,0.51659
CVE-2022-36560,0.00235,0.61670
CVE-2022-36561,0.00044,0.10345
CVE-2022-36562,0.00124,0.46769
CVE-2022-36563,0.00124,0.46769
CVE-2022-36564,0.00124,0.46769
CVE-2022-36565,0.00124,0.46769
CVE-2022-36566,0.00196,0.57528
CVE-2022-36568,0.00085,0.35505
CVE-2022-36569,0.00085,0.35505
CVE-2022-3657,0.00094,0.39391
CVE-2022-36570,0.00085,0.35505
CVE-2022-36571,0.00085,0.35505
CVE-2022-36572,0.00528,0.74616
CVE-2022-36573,0.00068,0.28174
CVE-2022-36577,0.00094,0.39374
CVE-2022-36578,0.00153,0.51562
CVE-2022-36579,0.00094,0.39374
CVE-2022-3658,0.00091,0.38094
CVE-2022-36580,0.00114,0.44848
CVE-2022-36581,0.00145,0.50413
CVE-2022-36582,0.00114,0.44848
CVE-2022-36583,0.00068,0.28174
CVE-2022-36584,0.00235,0.61670
CVE-2022-36585,0.00235,0.61670
CVE-2022-36586,0.00235,0.61670
CVE-2022-36587,0.00235,0.61670
CVE-2022-36588,0.00209,0.58856
CVE-2022-3659,0.00111,0.44179
CVE-2022-36593,0.00084,0.34618
CVE-2022-36594,0.00139,0.49473
CVE-2022-36599,0.00153,0.51562
CVE-2022-3660,0.00118,0.45706
CVE-2022-36600,0.00056,0.20979
CVE-2022-36601,0.00275,0.64835
CVE-2022-36602,0.00226,0.60953
CVE-2022-36603,0.00228,0.61069
CVE-2022-36604,0.00102,0.41544
CVE-2022-36605,0.00153,0.51562
CVE-2022-36606,0.00153,0.51562
CVE-2022-36609,0.00151,0.51317
CVE-2022-3661,0.00100,0.40844
CVE-2022-36610,0.00121,0.46347
CVE-2022-36611,0.00121,0.46347
CVE-2022-36612,0.00121,0.46347
CVE-2022-36613,0.00121,0.46347
CVE-2022-36614,0.00121,0.46347
CVE-2022-36615,0.00121,0.46347
CVE-2022-36616,0.00121,0.46347
CVE-2022-36617,0.00060,0.23229
CVE-2022-36619,0.00085,0.35191
CVE-2022-3662,0.00050,0.16834
CVE-2022-36620,0.00100,0.40911
CVE-2022-36621,0.00393,0.70729
CVE-2022-36622,0.00299,0.66373
CVE-2022-3663,0.00049,0.15168
CVE-2022-36633,0.02496,0.89050
CVE-2022-36634,0.00310,0.67000
CVE-2022-36635,0.00142,0.49887
CVE-2022-36636,0.00072,0.29591
CVE-2022-36637,0.00056,0.20979
CVE-2022-36638,0.00083,0.34466
CVE-2022-36639,0.00056,0.20979
CVE-2022-3664,0.00050,0.16834
CVE-2022-36640,0.00431,0.71910
CVE-2022-36642,0.70666,0.97769
CVE-2022-36647,0.00044,0.10345
CVE-2022-36648,0.00207,0.58660
CVE-2022-3665,0.00050,0.16834
CVE-2022-36657,0.00056,0.20979
CVE-2022-36659,0.00069,0.28552
CVE-2022-3666,0.00050,0.16834
CVE-2022-36660,0.00190,0.56585
CVE-2022-36661,0.00069,0.28552
CVE-2022-36663,0.00187,0.56249
CVE-2022-36664,0.00117,0.45545
CVE-2022-36667,0.00231,0.61357
CVE-2022-36668,0.00051,0.17233
CVE-2022-36669,0.00661,0.77498
CVE-2022-3667,0.00062,0.24477
CVE-2022-36670,0.00043,0.06775
CVE-2022-36671,0.00166,0.53354
CVE-2022-36672,0.00229,0.61192
CVE-2022-36674,0.00072,0.29591
CVE-2022-36675,0.00072,0.29591
CVE-2022-36676,0.00072,0.29591
CVE-2022-36677,0.00042,0.05722
CVE-2022-36678,0.00139,0.49473
CVE-2022-36679,0.00139,0.49473
CVE-2022-3668,0.00049,0.15168
CVE-2022-36680,0.00139,0.49473
CVE-2022-36681,0.00139,0.49473
CVE-2022-36682,0.00139,0.49473
CVE-2022-36683,0.00139,0.49473
CVE-2022-36686,0.00072,0.29591
CVE-2022-36687,0.00061,0.24009
CVE-2022-36688,0.00072,0.29591
CVE-2022-36689,0.00072,0.29591
CVE-2022-3669,0.00049,0.15810
CVE-2022-36690,0.00072,0.29591
CVE-2022-36692,0.00139,0.49473
CVE-2022-36693,0.00139,0.49473
CVE-2022-36695,0.00139,0.49473
CVE-2022-36696,0.00139,0.49473
CVE-2022-36697,0.00139,0.49473
CVE-2022-36698,0.00072,0.29591
CVE-2022-36699,0.00072,0.29591
CVE-2022-3670,0.00050,0.16834
CVE-2022-36700,0.00072,0.29591
CVE-2022-36701,0.00072,0.29591
CVE-2022-36703,0.00072,0.29591
CVE-2022-36704,0.00072,0.29591
CVE-2022-36705,0.00139,0.49473
CVE-2022-36706,0.00139,0.49473
CVE-2022-36708,0.00139,0.49473
CVE-2022-36709,0.00139,0.49473
CVE-2022-3671,0.00134,0.48520
CVE-2022-36711,0.00139,0.49473
CVE-2022-36712,0.00139,0.49473
CVE-2022-36713,0.00139,0.49473
CVE-2022-36714,0.00139,0.49473
CVE-2022-36715,0.00139,0.49473
CVE-2022-36716,0.00139,0.49473
CVE-2022-36719,0.00139,0.49473
CVE-2022-3672,0.00063,0.25287
CVE-2022-36720,0.00072,0.29591
CVE-2022-36721,0.00072,0.29591
CVE-2022-36722,0.00153,0.51562
CVE-2022-36725,0.00153,0.51562
CVE-2022-36727,0.00153,0.51562
CVE-2022-36728,0.00153,0.51562
CVE-2022-36729,0.00153,0.51562
CVE-2022-3673,0.00063,0.25287
CVE-2022-36730,0.00139,0.49473
CVE-2022-36731,0.00139,0.49473
CVE-2022-36732,0.00139,0.49473
CVE-2022-36733,0.00139,0.49473
CVE-2022-36734,0.00139,0.49473
CVE-2022-36735,0.00139,0.49473
CVE-2022-36736,0.00068,0.28132
CVE-2022-3674,0.00170,0.54075
CVE-2022-36745,0.00063,0.25287
CVE-2022-36746,0.00063,0.25287
CVE-2022-36747,0.00060,0.23599
CVE-2022-36748,0.00068,0.28174
CVE-2022-36749,0.00233,0.61492
CVE-2022-3675,0.00045,0.12069
CVE-2022-36750,0.00153,0.51562
CVE-2022-36752,0.00055,0.20462
CVE-2022-36754,0.00072,0.29591
CVE-2022-36755,0.00163,0.52986
CVE-2022-36756,0.00196,0.57505
CVE-2022-36759,0.00120,0.46156
CVE-2022-3676,0.00084,0.34931
CVE-2022-36760,0.02058,0.87876
CVE-2022-36763,0.00043,0.06775
CVE-2022-36764,0.00043,0.06775
CVE-2022-36765,0.00043,0.06775
CVE-2022-36768,0.00042,0.05722
CVE-2022-36769,0.00049,0.15134
CVE-2022-3677,0.00068,0.28102
CVE-2022-36771,0.00060,0.23373
CVE-2022-36772,0.00060,0.23373
CVE-2022-36773,0.00167,0.53516
CVE-2022-36774,0.00043,0.06775
CVE-2022-36775,0.00044,0.10521
CVE-2022-36776,0.00048,0.14834
CVE-2022-36777,0.00049,0.15916
CVE-2022-36778,0.00052,0.18122
CVE-2022-36779,0.00142,0.49893
CVE-2022-36780,0.00097,0.40165
CVE-2022-36781,0.00063,0.25287
CVE-2022-36782,0.00197,0.57584
CVE-2022-36783,0.00053,0.18436
CVE-2022-36784,0.00397,0.70863
CVE-2022-36785,0.00124,0.46824
CVE-2022-36786,0.00079,0.32814
CVE-2022-36787,0.00120,0.46156
CVE-2022-36788,0.00053,0.19001
CVE-2022-36789,0.00043,0.06775
CVE-2022-3679,0.00154,0.51710
CVE-2022-36791,0.00048,0.14636
CVE-2022-36793,0.00083,0.34503
CVE-2022-36794,0.00043,0.06775
CVE-2022-36795,0.00078,0.32333
CVE-2022-36796,0.00046,0.12710
CVE-2022-36797,0.00042,0.05722
CVE-2022-36798,0.00062,0.24582
CVE-2022-36799,0.00123,0.46626
CVE-2022-36800,0.00076,0.31282
CVE-2022-36801,0.00096,0.39761
CVE-2022-36802,0.00159,0.52436
CVE-2022-36803,0.00121,0.46320
CVE-2022-36804,0.97171,0.99772
CVE-2022-3681,0.00052,0.18120
CVE-2022-3682,0.00050,0.16785
CVE-2022-36829,0.00042,0.05722
CVE-2022-3683,0.00087,0.36261
CVE-2022-36830,0.00042,0.05722
CVE-2022-36831,0.00044,0.08212
CVE-2022-36832,0.00043,0.06775
CVE-2022-36833,0.00042,0.05722
CVE-2022-36834,0.00042,0.05722
CVE-2022-36835,0.00043,0.06775
CVE-2022-36836,0.00043,0.06775
CVE-2022-36837,0.00043,0.06775
CVE-2022-36838,0.00057,0.21525
CVE-2022-36839,0.00043,0.06775
CVE-2022-3684,0.00046,0.13740
CVE-2022-36840,0.00061,0.23860
CVE-2022-36841,0.00043,0.06775
CVE-2022-36842,0.00043,0.06775
CVE-2022-36843,0.00043,0.06775
CVE-2022-36844,0.00043,0.06775
CVE-2022-36845,0.00043,0.06775
CVE-2022-36846,0.00043,0.06775
CVE-2022-36847,0.00043,0.06775
CVE-2022-36848,0.00042,0.05722
CVE-2022-36849,0.00043,0.06775
CVE-2022-3685,0.00050,0.16785
CVE-2022-36850,0.00044,0.08212
CVE-2022-36851,0.00052,0.18120
CVE-2022-36852,0.00042,0.05722
CVE-2022-36853,0.00081,0.33744
CVE-2022-36854,0.00043,0.06775
CVE-2022-36855,0.00043,0.06775
CVE-2022-36856,0.00043,0.06775
CVE-2022-36857,0.00044,0.10345
CVE-2022-36858,0.00043,0.06775
CVE-2022-36859,0.00043,0.06775
CVE-2022-3686,0.00091,0.38380
CVE-2022-36860,0.00043,0.06775
CVE-2022-36861,0.00043,0.06775
CVE-2022-36862,0.00043,0.06775
CVE-2022-36863,0.00043,0.06775
CVE-2022-36864,0.00043,0.06775
CVE-2022-36865,0.00043,0.06775
CVE-2022-36866,0.00043,0.06775
CVE-2022-36867,0.00043,0.06775
CVE-2022-36868,0.00043,0.06775
CVE-2022-36869,0.00043,0.06775
CVE-2022-36870,0.00043,0.06775
CVE-2022-36871,0.00043,0.06775
CVE-2022-36872,0.00043,0.06775
CVE-2022-36873,0.00052,0.18120
CVE-2022-36874,0.00052,0.18120
CVE-2022-36875,0.00043,0.06775
CVE-2022-36876,0.00044,0.10345
CVE-2022-36877,0.00042,0.05722
CVE-2022-36878,0.00042,0.05722
CVE-2022-36879,0.00045,0.11966
CVE-2022-3688,0.00190,0.56585
CVE-2022-36880,0.00070,0.28928
CVE-2022-36881,0.00161,0.52784
CVE-2022-36882,0.00077,0.31655
CVE-2022-36883,0.01328,0.84635
CVE-2022-36884,0.00083,0.34319
CVE-2022-36885,0.00075,0.31049
CVE-2022-36886,0.00062,0.24374
CVE-2022-36887,0.00062,0.24374
CVE-2022-36888,0.00062,0.24822
CVE-2022-36889,0.00084,0.34939
CVE-2022-3689,0.00072,0.29591
CVE-2022-36890,0.00063,0.25578
CVE-2022-36891,0.00053,0.18285
CVE-2022-36892,0.00053,0.18285
CVE-2022-36893,0.00053,0.18285
CVE-2022-36894,0.00053,0.18285
CVE-2022-36895,0.00053,0.18285
CVE-2022-36896,0.00062,0.24822
CVE-2022-36897,0.00053,0.18285
CVE-2022-36898,0.00053,0.18285
CVE-2022-36899,0.00088,0.37140
CVE-2022-3690,0.00056,0.20979
CVE-2022-36900,0.00088,0.37140
CVE-2022-36901,0.00062,0.24822
CVE-2022-36902,0.00075,0.30816
CVE-2022-36903,0.00053,0.18285
CVE-2022-36904,0.00053,0.18285
CVE-2022-36905,0.00075,0.30816
CVE-2022-36906,0.00058,0.21930
CVE-2022-36907,0.00053,0.18285
CVE-2022-36908,0.00058,0.21930
CVE-2022-36909,0.00053,0.18285
CVE-2022-3691,0.00192,0.57133
CVE-2022-36910,0.00053,0.18285
CVE-2022-36911,0.00058,0.21930
CVE-2022-36912,0.00053,0.18285
CVE-2022-36913,0.00053,0.18285
CVE-2022-36914,0.00053,0.18285
CVE-2022-36915,0.00053,0.18285
CVE-2022-36916,0.00061,0.23990
CVE-2022-36917,0.00053,0.18285
CVE-2022-36918,0.00053,0.18285
CVE-2022-36919,0.00053,0.18285
CVE-2022-36920,0.00077,0.31655
CVE-2022-36921,0.00062,0.24822
CVE-2022-36922,0.00075,0.31049
CVE-2022-36923,0.00328,0.67986
CVE-2022-36924,0.00042,0.05722
CVE-2022-36925,0.00042,0.05722
CVE-2022-36926,0.00042,0.05844
CVE-2022-36927,0.00042,0.05722
CVE-2022-36928,0.00055,0.20526
CVE-2022-36929,0.00042,0.05722
CVE-2022-3693,0.00097,0.40102
CVE-2022-36930,0.00042,0.05722
CVE-2022-36934,0.00399,0.70944
CVE-2022-36937,0.00091,0.38380
CVE-2022-36938,0.00338,0.68450
CVE-2022-3694,0.00166,0.53354
CVE-2022-36943,0.00079,0.32931
CVE-2022-36944,0.00561,0.75348
CVE-2022-36945,0.00197,0.57654
CVE-2022-36946,0.00292,0.65992
CVE-2022-36947,0.00180,0.55289
CVE-2022-36948,0.00053,0.18436
CVE-2022-36949,0.00042,0.05722
CVE-2022-3695,0.00046,0.13740
CVE-2022-36950,0.00222,0.60563
CVE-2022-36951,0.00284,0.65472
CVE-2022-36952,0.00194,0.57362
CVE-2022-36953,0.00078,0.32635
CVE-2022-36954,0.00076,0.31282
CVE-2022-36955,0.00060,0.23233
CVE-2022-36956,0.00103,0.41651
CVE-2022-36957,0.00113,0.44629
CVE-2022-36958,0.00113,0.44629
CVE-2022-3696,0.00105,0.42478
CVE-2022-36960,0.00105,0.42432
CVE-2022-36961,0.00285,0.65504
CVE-2022-36962,0.00166,0.53254
CVE-2022-36963,0.00069,0.28715
CVE-2022-36964,0.00151,0.51340
CVE-2022-36965,0.00068,0.28132
CVE-2022-36966,0.00053,0.18436
CVE-2022-36967,0.00137,0.49133
CVE-2022-36968,0.00051,0.17026
CVE-2022-36969,0.00613,0.76507
CVE-2022-3697,0.00143,0.50015
CVE-2022-36970,0.00096,0.39756
CVE-2022-36971,0.04683,0.91843
CVE-2022-36972,0.15319,0.95378
CVE-2022-36973,0.10696,0.94566
CVE-2022-36974,0.15190,0.95363
CVE-2022-36975,0.15319,0.95378
CVE-2022-36976,0.15319,0.95378
CVE-2022-36977,0.18574,0.95778
CVE-2022-36978,0.18574,0.95778
CVE-2022-36979,0.15319,0.95378
CVE-2022-3698,0.00042,0.05722
CVE-2022-36980,0.00623,0.76723
CVE-2022-36981,0.09582,0.94246
CVE-2022-36982,0.01130,0.83183
CVE-2022-36983,0.00573,0.75614
CVE-2022-36984,0.00073,0.30137
CVE-2022-36985,0.00043,0.06775
CVE-2022-36986,0.00172,0.54298
CVE-2022-36987,0.00053,0.18436
CVE-2022-36988,0.00091,0.38519
CVE-2022-36989,0.00091,0.38519
CVE-2022-3699,0.00159,0.52380
CVE-2022-36990,0.00053,0.18436
CVE-2022-36991,0.00053,0.18436
CVE-2022-36992,0.00091,0.38519
CVE-2022-36993,0.00091,0.38519
CVE-2022-36994,0.00062,0.24822
CVE-2022-36995,0.00053,0.18436
CVE-2022-36996,0.00062,0.24822
CVE-2022-36997,0.00093,0.39019
CVE-2022-36998,0.00073,0.30137
CVE-2022-36999,0.00062,0.24822
CVE-2022-3700,0.00042,0.05722
CVE-2022-37000,0.00062,0.24822
CVE-2022-37001,0.00086,0.35826
CVE-2022-37002,0.00214,0.59471
CVE-2022-37003,0.00214,0.59471
CVE-2022-37004,0.00097,0.40227
CVE-2022-37005,0.00153,0.51574
CVE-2022-37006,0.00097,0.40227
CVE-2022-37007,0.00097,0.40227
CVE-2022-37008,0.00097,0.40227
CVE-2022-37009,0.00042,0.05722
CVE-2022-3701,0.00042,0.05722
CVE-2022-37010,0.00043,0.06775
CVE-2022-37011,0.00280,0.65150
CVE-2022-37012,0.00159,0.52508
CVE-2022-37013,0.00224,0.60772
CVE-2022-37015,0.00144,0.50280
CVE-2022-37016,0.00186,0.56053
CVE-2022-37017,0.00064,0.26338
CVE-2022-37018,0.00055,0.20546
CVE-2022-3702,0.00042,0.05722
CVE-2022-37021,0.04255,0.91459
CVE-2022-37022,0.00181,0.55368
CVE-2022-37023,0.00086,0.35703
CVE-2022-37024,0.00592,0.76070
CVE-2022-37025,0.00042,0.05722
CVE-2022-37026,0.00169,0.53952
CVE-2022-37027,0.00299,0.66386
CVE-2022-37028,0.00053,0.18436
CVE-2022-3703,0.00170,0.54075
CVE-2022-37030,0.00042,0.05722
CVE-2022-37032,0.00183,0.55679
CVE-2022-37033,0.00052,0.18157
CVE-2022-37034,0.00055,0.20446
CVE-2022-37035,0.00531,0.74679
CVE-2022-3704,0.00053,0.18308
CVE-2022-37041,0.00076,0.31620
CVE-2022-37042,0.97458,0.99953
CVE-2022-37043,0.00044,0.10707
CVE-2022-37044,0.00075,0.31049
CVE-2022-37047,0.00084,0.34805
CVE-2022-37048,0.00084,0.34805
CVE-2022-37049,0.00084,0.34805
CVE-2022-3705,0.00453,0.72627
CVE-2022-37050,0.00047,0.14205
CVE-2022-37051,0.00047,0.14205
CVE-2022-37052,0.00046,0.13740
CVE-2022-37053,0.00196,0.57505
CVE-2022-37055,0.00163,0.52986
CVE-2022-37056,0.00150,0.51198
CVE-2022-37057,0.00150,0.51198
CVE-2022-37059,0.00056,0.20979
CVE-2022-3706,0.00053,0.18436
CVE-2022-37060,0.58589,0.97455
CVE-2022-37061,0.97453,0.99949
CVE-2022-37062,0.00488,0.73560
CVE-2022-37063,0.00086,0.35833
CVE-2022-37066,0.00190,0.56585
CVE-2022-37067,0.00190,0.56585
CVE-2022-37068,0.00190,0.56585
CVE-2022-37069,0.00190,0.56585
CVE-2022-3707,0.00042,0.05722
CVE-2022-37070,0.01588,0.86031
CVE-2022-37071,0.00190,0.56585
CVE-2022-37072,0.00190,0.56585
CVE-2022-37073,0.00190,0.56585
CVE-2022-37074,0.00043,0.06775
CVE-2022-37075,0.00043,0.07679
CVE-2022-37076,0.00245,0.62610
CVE-2022-37077,0.00043,0.07679
CVE-2022-37078,0.00245,0.62610
CVE-2022-37079,0.00245,0.62610
CVE-2022-3708,0.00104,0.42316
CVE-2022-37080,0.00043,0.07679
CVE-2022-37081,0.00245,0.62610
CVE-2022-37082,0.00245,0.62610
CVE-2022-37083,0.00245,0.62610
CVE-2022-37084,0.00043,0.07679
CVE-2022-37085,0.00190,0.56585
CVE-2022-37086,0.00190,0.56585
CVE-2022-37087,0.00190,0.56585
CVE-2022-37088,0.00190,0.56585
CVE-2022-37089,0.00190,0.56585
CVE-2022-3709,0.00089,0.37248
CVE-2022-37090,0.00190,0.56585
CVE-2022-37091,0.00190,0.56585
CVE-2022-37092,0.00190,0.56585
CVE-2022-37093,0.00190,0.56585
CVE-2022-37094,0.00190,0.56585
CVE-2022-37095,0.00190,0.56585
CVE-2022-37096,0.00190,0.56585
CVE-2022-37097,0.00190,0.56585
CVE-2022-37098,0.00190,0.56585
CVE-2022-37099,0.00190,0.56585
CVE-2022-3710,0.00053,0.18436
CVE-2022-37100,0.00190,0.56585
CVE-2022-37108,0.00114,0.44848
CVE-2022-37109,0.00545,0.75049
CVE-2022-3711,0.00053,0.18436
CVE-2022-37111,0.00153,0.51562
CVE-2022-37112,0.00153,0.51562
CVE-2022-37113,0.00153,0.51562
CVE-2022-37122,0.01543,0.85808
CVE-2022-37123,0.00072,0.29859
CVE-2022-37125,0.00196,0.57505
CVE-2022-37128,0.00197,0.57693
CVE-2022-37129,0.00072,0.29859
CVE-2022-3713,0.00046,0.12686
CVE-2022-37130,0.00099,0.40661
CVE-2022-37133,0.00093,0.39236
CVE-2022-37134,0.00179,0.55197
CVE-2022-37137,0.00056,0.20979
CVE-2022-37138,0.00137,0.49132
CVE-2022-37139,0.00051,0.17233
CVE-2022-3714,0.00120,0.46156
CVE-2022-37140,0.00303,0.66575
CVE-2022-37144,0.00176,0.54779
CVE-2022-37145,0.00180,0.55310
CVE-2022-37146,0.00125,0.46863
CVE-2022-37149,0.00338,0.68460
CVE-2022-3715,0.00043,0.06775
CVE-2022-37150,0.00056,0.20979
CVE-2022-37151,0.00152,0.51450
CVE-2022-37152,0.00127,0.47366
CVE-2022-37153,0.00099,0.40639
CVE-2022-37155,0.00454,0.72628
CVE-2022-37158,0.00192,0.56999
CVE-2022-37159,0.00592,0.76067
CVE-2022-3716,0.00053,0.18436
CVE-2022-37160,0.00056,0.20979
CVE-2022-37161,0.00068,0.28174
CVE-2022-37162,0.00062,0.24445
CVE-2022-37163,0.00180,0.55345
CVE-2022-37164,0.00155,0.51826
CVE-2022-37172,0.00042,0.05722
CVE-2022-37173,0.00042,0.05722
CVE-2022-37175,0.00206,0.58619
CVE-2022-37176,0.00116,0.45371
CVE-2022-37177,0.00152,0.51450
CVE-2022-37178,0.00072,0.29591
CVE-2022-37181,0.00192,0.56999
CVE-2022-37183,0.00068,0.28174
CVE-2022-37184,0.00085,0.35505
CVE-2022-37185,0.00157,0.52085
CVE-2022-37186,0.00054,0.19372
CVE-2022-37189,0.00112,0.44505
CVE-2022-37190,0.02018,0.87738
CVE-2022-37191,0.46328,0.97126
CVE-2022-37193,0.00145,0.50335
CVE-2022-37197,0.00051,0.17457
CVE-2022-37199,0.00153,0.51562
CVE-2022-3720,0.00085,0.35505
CVE-2022-37201,0.00080,0.33382
CVE-2022-37202,0.00084,0.34969
CVE-2022-37203,0.00137,0.49132
CVE-2022-37204,0.00137,0.49132
CVE-2022-37205,0.00080,0.33382
CVE-2022-37207,0.00080,0.33382
CVE-2022-37208,0.00080,0.33382
CVE-2022-37209,0.00084,0.34969
CVE-2022-3721,0.00048,0.14636
CVE-2022-37223,0.00153,0.51562
CVE-2022-3723,0.01705,0.86486
CVE-2022-37232,0.00166,0.53313
CVE-2022-37234,0.00042,0.05722
CVE-2022-37235,0.00166,0.53313
CVE-2022-37237,0.00065,0.27123
CVE-2022-37238,0.00056,0.20979
CVE-2022-37239,0.00056,0.20979
CVE-2022-3724,0.00084,0.35113
CVE-2022-37240,0.00210,0.58979
CVE-2022-37241,0.00056,0.20979
CVE-2022-37242,0.00210,0.58979
CVE-2022-37243,0.00056,0.20979
CVE-2022-37244,0.00056,0.20979
CVE-2022-37245,0.00056,0.20979
CVE-2022-37246,0.00048,0.14636
CVE-2022-37247,0.00048,0.14636
CVE-2022-37248,0.00051,0.17233
CVE-2022-3725,0.00119,0.45972
CVE-2022-37250,0.00051,0.17233
CVE-2022-37251,0.00053,0.18436
CVE-2022-37253,0.00073,0.30153
CVE-2022-37254,0.00056,0.20979
CVE-2022-37255,0.02424,0.88906
CVE-2022-37257,0.00337,0.68405
CVE-2022-37258,0.00141,0.49739
CVE-2022-37259,0.00088,0.36931
CVE-2022-3726,0.00275,0.64855
CVE-2022-37260,0.00088,0.36931
CVE-2022-37262,0.00088,0.36931
CVE-2022-37264,0.00148,0.50887
CVE-2022-37265,0.00148,0.50887
CVE-2022-37266,0.00148,0.50887
CVE-2022-3728,0.00053,0.19001
CVE-2022-3729,0.00120,0.46156
CVE-2022-37290,0.00042,0.05722
CVE-2022-37292,0.00043,0.06775
CVE-2022-37298,0.00166,0.53322
CVE-2022-37299,0.00593,0.76076
CVE-2022-3730,0.00120,0.46156
CVE-2022-37300,0.00170,0.54075
CVE-2022-37301,0.00078,0.32333
CVE-2022-37302,0.00044,0.10345
CVE-2022-37305,0.00197,0.57654
CVE-2022-37306,0.00054,0.19245
CVE-2022-37307,0.00075,0.31076
CVE-2022-37308,0.00075,0.31076
CVE-2022-37309,0.00075,0.31076
CVE-2022-3731,0.00120,0.46156
CVE-2022-37310,0.00075,0.31076
CVE-2022-37311,0.00075,0.31076
CVE-2022-37312,0.00075,0.31076
CVE-2022-37313,0.00075,0.31076
CVE-2022-37315,0.00070,0.28874
CVE-2022-37316,0.00064,0.25824
CVE-2022-37317,0.00061,0.23927
CVE-2022-37318,0.00068,0.28132
CVE-2022-3732,0.00120,0.46156
CVE-2022-37325,0.00222,0.60570
CVE-2022-37326,0.00043,0.06775
CVE-2022-37327,0.00043,0.06775
CVE-2022-37328,0.00048,0.14636
CVE-2022-37329,0.00043,0.06775
CVE-2022-3733,0.00080,0.33382
CVE-2022-37330,0.00053,0.18436
CVE-2022-37331,0.00055,0.20747
CVE-2022-37332,0.00118,0.45812
CVE-2022-37333,0.00100,0.41010
CVE-2022-37334,0.00043,0.06775
CVE-2022-37335,0.00053,0.18436
CVE-2022-37336,0.00043,0.06775
CVE-2022-37337,0.00070,0.28904
CVE-2022-37338,0.00053,0.18436
CVE-2022-37339,0.00053,0.18436
CVE-2022-3734,0.00180,0.55345
CVE-2022-37340,0.00043,0.06775
CVE-2022-37342,0.00053,0.18436
CVE-2022-37343,0.00043,0.06775
CVE-2022-37344,0.00207,0.58686
CVE-2022-37345,0.00043,0.06775
CVE-2022-37346,0.00286,0.65610
CVE-2022-37347,0.00046,0.12677
CVE-2022-37348,0.00046,0.12677
CVE-2022-37349,0.00415,0.71471
CVE-2022-3735,0.00201,0.58125
CVE-2022-37350,0.00415,0.71471
CVE-2022-37351,0.00274,0.64787
CVE-2022-37352,0.00274,0.64787
CVE-2022-37353,0.00274,0.64787
CVE-2022-37354,0.00371,0.69890
CVE-2022-37355,0.00091,0.38511
CVE-2022-37356,0.00091,0.38511
CVE-2022-37357,0.00371,0.69890
CVE-2022-37358,0.00371,0.69890
CVE-2022-37359,0.00316,0.67332
CVE-2022-3736,0.00078,0.32105
CVE-2022-37360,0.00067,0.27780
CVE-2022-37361,0.00067,0.27780
CVE-2022-37362,0.00371,0.69890
CVE-2022-37363,0.00316,0.67332
CVE-2022-37364,0.00371,0.69890
CVE-2022-37365,0.03180,0.90213
CVE-2022-37366,0.00102,0.41358
CVE-2022-37367,0.00415,0.71471
CVE-2022-37368,0.00319,0.67537
CVE-2022-37369,0.00371,0.69890
CVE-2022-3737,0.00054,0.20300
CVE-2022-37370,0.00274,0.64787
CVE-2022-37371,0.00371,0.69890
CVE-2022-37372,0.00371,0.69890
CVE-2022-37373,0.00274,0.64787
CVE-2022-37374,0.00316,0.67332
CVE-2022-37375,0.00274,0.64787
CVE-2022-37376,0.00072,0.29462
CVE-2022-37377,0.00100,0.40970
CVE-2022-37378,0.00120,0.46093
CVE-2022-37379,0.00092,0.38779
CVE-2022-3738,0.00161,0.52719
CVE-2022-37380,0.00092,0.38779
CVE-2022-37381,0.00304,0.66606
CVE-2022-37382,0.00092,0.38779
CVE-2022-37383,0.00092,0.38779
CVE-2022-37384,0.00120,0.46093
CVE-2022-37385,0.00120,0.46093
CVE-2022-37386,0.00092,0.38779
CVE-2022-37387,0.00120,0.46093
CVE-2022-37388,0.00089,0.37252
CVE-2022-37389,0.00120,0.46093
CVE-2022-3739,0.00045,0.11801
CVE-2022-37390,0.00120,0.46093
CVE-2022-37391,0.00120,0.46093
CVE-2022-37392,0.00134,0.48513
CVE-2022-37393,0.00053,0.18459
CVE-2022-37394,0.00045,0.12069
CVE-2022-37395,0.00078,0.32333
CVE-2022-37396,0.00042,0.05722
CVE-2022-37397,0.00190,0.56646
CVE-2022-37398,0.00082,0.34102
CVE-2022-3740,0.00190,0.56652
CVE-2022-37400,0.00103,0.41579
CVE-2022-37401,0.00103,0.41579
CVE-2022-37402,0.00045,0.11801
CVE-2022-37403,0.00053,0.18436
CVE-2022-37404,0.00053,0.18436
CVE-2022-37405,0.00062,0.24582
CVE-2022-37406,0.00099,0.40684
CVE-2022-37407,0.00053,0.18436
CVE-2022-37409,0.00043,0.06775
CVE-2022-3741,0.00157,0.52119
CVE-2022-37411,0.00062,0.24582
CVE-2022-37412,0.00053,0.18436
CVE-2022-37415,0.00043,0.06775
CVE-2022-37416,0.00076,0.31203
CVE-2022-37418,0.00197,0.57654
CVE-2022-3742,0.00042,0.05722
CVE-2022-37421,0.00075,0.30920
CVE-2022-37422,0.00163,0.52998
CVE-2022-37423,0.00154,0.51745
CVE-2022-37424,0.00064,0.25824
CVE-2022-37425,0.00102,0.41490
CVE-2022-37426,0.00064,0.26338
CVE-2022-37428,0.00115,0.45022
CVE-2022-37429,0.00075,0.30920
CVE-2022-3743,0.00042,0.05722
CVE-2022-37430,0.00075,0.30920
CVE-2022-37431,0.00070,0.28928
CVE-2022-37434,0.00382,0.70293
CVE-2022-37435,0.00098,0.40464
CVE-2022-37436,0.00080,0.33289
CVE-2022-37437,0.00131,0.48055
CVE-2022-37438,0.00053,0.18436
CVE-2022-37439,0.00043,0.06775
CVE-2022-3744,0.00042,0.05722
CVE-2022-3745,0.00042,0.05722
CVE-2022-37450,0.00101,0.41072
CVE-2022-37451,0.00265,0.64258
CVE-2022-37452,0.00307,0.66803
CVE-2022-37453,0.00088,0.36991
CVE-2022-37454,0.01043,0.82436
CVE-2022-37458,0.00183,0.55706
CVE-2022-37459,0.00042,0.05722
CVE-2022-3746,0.00042,0.05722
CVE-2022-37461,0.00088,0.36832
CVE-2022-37462,0.00052,0.17702
CVE-2022-3747,0.00122,0.46459
CVE-2022-3748,0.00068,0.28208
CVE-2022-3750,0.00053,0.18445
CVE-2022-3751,0.00152,0.51438
CVE-2022-3752,0.00053,0.18879
CVE-2022-3753,0.00056,0.20979
CVE-2022-3754,0.00157,0.52119
CVE-2022-3758,0.00052,0.17717
CVE-2022-3759,0.00058,0.21992
CVE-2022-37598,0.00273,0.64725
CVE-2022-37599,0.00112,0.44505
CVE-2022-3760,0.00076,0.31600
CVE-2022-37601,0.00298,0.66333
CVE-2022-37602,0.00141,0.49739
CVE-2022-37603,0.00231,0.61331
CVE-2022-37609,0.00148,0.50887
CVE-2022-3761,0.00085,0.35522
CVE-2022-37611,0.00148,0.50887
CVE-2022-37614,0.00134,0.48520
CVE-2022-37616,0.00208,0.58803
CVE-2022-37617,0.00175,0.54688
CVE-2022-3762,0.00067,0.27847
CVE-2022-37620,0.00071,0.29291
CVE-2022-37621,0.00148,0.50887
CVE-2022-37623,0.00175,0.54688
CVE-2022-3763,0.00076,0.31438
CVE-2022-3764,0.00050,0.16285
CVE-2022-3765,0.00051,0.17233
CVE-2022-3766,0.00059,0.23145
CVE-2022-37661,0.08401,0.93831
CVE-2022-3767,0.00067,0.27630
CVE-2022-37679,0.00056,0.20979
CVE-2022-3768,0.01715,0.86534
CVE-2022-37680,0.00088,0.36991
CVE-2022-37681,0.00152,0.51431
CVE-2022-3769,0.00084,0.34969
CVE-2022-3770,0.00080,0.33382
CVE-2022-37700,0.00139,0.49433
CVE-2022-37703,0.00049,0.15003
CVE-2022-37704,0.00042,0.05722
CVE-2022-37705,0.00044,0.10166
CVE-2022-37706,0.00079,0.33097
CVE-2022-37709,0.00047,0.13920
CVE-2022-3771,0.00243,0.62334
CVE-2022-37710,0.00043,0.06775
CVE-2022-37718,0.00418,0.71551
CVE-2022-37719,0.00094,0.39271
CVE-2022-37720,0.00134,0.48549
CVE-2022-37721,0.00089,0.37248
CVE-2022-37724,0.00053,0.18466
CVE-2022-37730,0.00088,0.36680
CVE-2022-37731,0.00068,0.28174
CVE-2022-37734,0.00113,0.44636
CVE-2022-3774,0.00086,0.35750
CVE-2022-3775,0.00042,0.05722
CVE-2022-3776,0.00209,0.58915
CVE-2022-37767,0.00303,0.66580
CVE-2022-37768,0.00070,0.28874
CVE-2022-37769,0.00070,0.28874
CVE-2022-37770,0.00070,0.28874
CVE-2022-37771,0.00043,0.06775
CVE-2022-37772,0.00263,0.64057
CVE-2022-37773,0.00067,0.27847
CVE-2022-37774,0.00068,0.28132
CVE-2022-37775,0.00096,0.39851
CVE-2022-37777,0.00198,0.57746
CVE-2022-37778,0.00198,0.57746
CVE-2022-37779,0.00198,0.57746
CVE-2022-37780,0.00198,0.57746
CVE-2022-37781,0.00072,0.29601
CVE-2022-37783,0.00152,0.51450
CVE-2022-37785,0.00120,0.46097
CVE-2022-37786,0.00076,0.31619
CVE-2022-37787,0.00066,0.27494
CVE-2022-37794,0.00139,0.49473
CVE-2022-37796,0.00056,0.20979
CVE-2022-37797,0.00126,0.47143
CVE-2022-37798,0.00190,0.56585
CVE-2022-37799,0.00190,0.56585
CVE-2022-3780,0.00135,0.48776
CVE-2022-37800,0.00190,0.56585
CVE-2022-37801,0.00190,0.56585
CVE-2022-37802,0.00190,0.56585
CVE-2022-37803,0.00190,0.56585
CVE-2022-37804,0.00190,0.56585
CVE-2022-37805,0.00190,0.56585
CVE-2022-37806,0.00190,0.56585
CVE-2022-37807,0.00190,0.56585
CVE-2022-37808,0.00190,0.56585
CVE-2022-37809,0.00190,0.56585
CVE-2022-3781,0.00064,0.25824
CVE-2022-37810,0.05037,0.92148
CVE-2022-37811,0.00190,0.56585
CVE-2022-37812,0.00190,0.56585
CVE-2022-37813,0.00190,0.56585
CVE-2022-37814,0.00190,0.56585
CVE-2022-37815,0.00190,0.56585
CVE-2022-37816,0.00190,0.56585
CVE-2022-37817,0.00043,0.06775
CVE-2022-37818,0.00043,0.06775
CVE-2022-37819,0.00043,0.06775
CVE-2022-3782,0.00151,0.51311
CVE-2022-37820,0.00043,0.06775
CVE-2022-37821,0.00043,0.06775
CVE-2022-37822,0.00043,0.06775
CVE-2022-37823,0.00043,0.06775
CVE-2022-37824,0.00043,0.06775
CVE-2022-3783,0.00154,0.51697
CVE-2022-37830,0.00087,0.36569
CVE-2022-37832,0.00170,0.54075
CVE-2022-37835,0.00143,0.50015
CVE-2022-37839,0.00217,0.59763
CVE-2022-3784,0.00050,0.16834
CVE-2022-37840,0.00217,0.59763
CVE-2022-37841,0.00151,0.51306
CVE-2022-37842,0.00217,0.59763
CVE-2022-37843,0.01635,0.86241
CVE-2022-3785,0.00050,0.16834
CVE-2022-37857,0.00118,0.45670
CVE-2022-3786,0.00075,0.30952
CVE-2022-37860,0.00246,0.62642
CVE-2022-37861,0.00630,0.76865
CVE-2022-37864,0.00071,0.29146
CVE-2022-37865,0.00127,0.47281
CVE-2022-37866,0.00167,0.53434
CVE-2022-3787,0.00042,0.05722
CVE-2022-37877,0.00042,0.05722
CVE-2022-37878,0.00277,0.64988
CVE-2022-37879,0.00137,0.49179
CVE-2022-37880,0.00137,0.49179
CVE-2022-37881,0.00137,0.49179
CVE-2022-37882,0.00137,0.49179
CVE-2022-37883,0.00137,0.49179
CVE-2022-37884,0.00086,0.35713
CVE-2022-37885,0.00511,0.74200
CVE-2022-37886,0.00511,0.74200
CVE-2022-37887,0.00511,0.74200
CVE-2022-37888,0.00428,0.71849
CVE-2022-37889,0.00511,0.74200
CVE-2022-3789,0.00316,0.67387
CVE-2022-37890,0.00220,0.60179
CVE-2022-37891,0.00220,0.60179
CVE-2022-37892,0.00082,0.34090
CVE-2022-37893,0.00043,0.06775
CVE-2022-37894,0.00050,0.16034
CVE-2022-37895,0.00073,0.30137
CVE-2022-37896,0.00093,0.39128
CVE-2022-37897,0.00326,0.67874
CVE-2022-37898,0.00109,0.43759
CVE-2022-37899,0.00109,0.43759
CVE-2022-37900,0.00109,0.43759
CVE-2022-37901,0.00109,0.43759
CVE-2022-37902,0.00109,0.43759
CVE-2022-37903,0.00089,0.37248
CVE-2022-37904,0.00100,0.40915
CVE-2022-37905,0.00100,0.40915
CVE-2022-37906,0.00075,0.30905
CVE-2022-37907,0.00078,0.32333
CVE-2022-37908,0.00053,0.18436
CVE-2022-37909,0.00054,0.19140
CVE-2022-37910,0.00073,0.30137
CVE-2022-37911,0.00073,0.30137
CVE-2022-37912,0.00109,0.43759
CVE-2022-37913,0.00234,0.61513
CVE-2022-37914,0.00234,0.61513
CVE-2022-37915,0.00189,0.56479
CVE-2022-37916,0.00083,0.34346
CVE-2022-37917,0.00083,0.34346
CVE-2022-37918,0.00083,0.34346
CVE-2022-37919,0.00086,0.35713
CVE-2022-3792,0.00150,0.51048
CVE-2022-37920,0.00114,0.44796
CVE-2022-37921,0.00114,0.44796
CVE-2022-37922,0.00114,0.44796
CVE-2022-37923,0.00114,0.44796
CVE-2022-37924,0.00114,0.44796
CVE-2022-37925,0.00086,0.35844
CVE-2022-37926,0.00061,0.23927
CVE-2022-37927,0.00063,0.25287
CVE-2022-37928,0.00053,0.18436
CVE-2022-37929,0.00043,0.06775
CVE-2022-3793,0.00068,0.28132
CVE-2022-37930,0.00042,0.05722
CVE-2022-37931,0.00043,0.06775
CVE-2022-37932,0.00182,0.55539
CVE-2022-37933,0.00043,0.06775
CVE-2022-37934,0.00222,0.60571
CVE-2022-37935,0.00043,0.06775
CVE-2022-37936,0.00084,0.34796
CVE-2022-37937,0.00105,0.42673
CVE-2022-37938,0.00105,0.42673
CVE-2022-37939,0.00043,0.06775
CVE-2022-3794,0.00059,0.23153
CVE-2022-37940,0.00046,0.13740
CVE-2022-37952,0.00063,0.25287
CVE-2022-37953,0.00063,0.25287
CVE-2022-37954,0.00043,0.07494
CVE-2022-37955,0.00055,0.20401
CVE-2022-37956,0.00043,0.07315
CVE-2022-37957,0.00043,0.07315
CVE-2022-37958,0.00705,0.78321
CVE-2022-37959,0.00119,0.45842
CVE-2022-37961,0.00738,0.78883
CVE-2022-37962,0.00199,0.57807
CVE-2022-37963,0.00199,0.57807
CVE-2022-37964,0.00043,0.07315
CVE-2022-37965,0.00139,0.49428
CVE-2022-37966,0.07588,0.93528
CVE-2022-37967,0.28345,0.96446
CVE-2022-37968,0.00158,0.52295
CVE-2022-37969,0.00128,0.47552
CVE-2022-3797,0.00059,0.23145
CVE-2022-37970,0.00043,0.07315
CVE-2022-37971,0.00043,0.07422
CVE-2022-37972,0.00089,0.37668
CVE-2022-37973,0.00086,0.35630
CVE-2022-37974,0.00248,0.62840
CVE-2022-37975,0.00120,0.46182
CVE-2022-37976,0.00120,0.46182
CVE-2022-37977,0.00122,0.46406
CVE-2022-37978,0.00120,0.46182
CVE-2022-37979,0.00043,0.07315
CVE-2022-3798,0.00089,0.37280
CVE-2022-37980,0.00043,0.07315
CVE-2022-37981,0.00117,0.45522
CVE-2022-37982,0.01938,0.87452
CVE-2022-37983,0.00043,0.07315
CVE-2022-37984,0.00043,0.07315
CVE-2022-37985,0.00076,0.31221
CVE-2022-37986,0.00043,0.07494
CVE-2022-37987,0.00043,0.07494
CVE-2022-37988,0.00046,0.12643
CVE-2022-37989,0.00043,0.07494
CVE-2022-3799,0.00089,0.37280
CVE-2022-37990,0.00043,0.07315
CVE-2022-37991,0.00046,0.12643
CVE-2022-37992,0.00043,0.07315
CVE-2022-37993,0.00043,0.07315
CVE-2022-37994,0.00043,0.07315
CVE-2022-37995,0.00043,0.07315
CVE-2022-37996,0.00043,0.07315
CVE-2022-37997,0.00043,0.07494
CVE-2022-37998,0.00086,0.35630
CVE-2022-37999,0.00043,0.07315
CVE-2022-3800,0.05903,0.92724
CVE-2022-38000,0.00534,0.74754
CVE-2022-38001,0.00123,0.46542
CVE-2022-38003,0.00043,0.07315
CVE-2022-38004,0.00118,0.45679
CVE-2022-38005,0.00043,0.07315
CVE-2022-38006,0.00495,0.73743
CVE-2022-38007,0.00043,0.07315
CVE-2022-38008,0.00738,0.78883
CVE-2022-38009,0.00738,0.78883
CVE-2022-3801,0.00089,0.37280
CVE-2022-38010,0.00118,0.45679
CVE-2022-38011,0.00068,0.27944
CVE-2022-38012,0.00091,0.38118
CVE-2022-38013,0.00318,0.67478
CVE-2022-38014,0.00043,0.07315
CVE-2022-38015,0.00043,0.07315
CVE-2022-38016,0.00043,0.07315
CVE-2022-38017,0.00052,0.17990
CVE-2022-38019,0.00118,0.45679
CVE-2022-3802,0.00089,0.37280
CVE-2022-38020,0.00047,0.14022
CVE-2022-38021,0.00043,0.07315
CVE-2022-38022,0.00043,0.07315
CVE-2022-38023,0.05669,0.92594
CVE-2022-38025,0.00043,0.07315
CVE-2022-38026,0.00043,0.07315
CVE-2022-38027,0.00043,0.07315
CVE-2022-38028,0.00043,0.07315
CVE-2022-38029,0.00043,0.07315
CVE-2022-3803,0.00071,0.29157
CVE-2022-38030,0.00043,0.07315
CVE-2022-38031,0.01938,0.87452
CVE-2022-38032,0.00043,0.07315
CVE-2022-38033,0.03226,0.90283
CVE-2022-38034,0.00120,0.46182
CVE-2022-38036,0.00139,0.49428
CVE-2022-38037,0.00046,0.12643
CVE-2022-38038,0.00046,0.12643
CVE-2022-38039,0.00043,0.07315
CVE-2022-3804,0.00071,0.29157
CVE-2022-38040,0.01938,0.87452
CVE-2022-38041,0.00139,0.49428
CVE-2022-38042,0.00085,0.35252
CVE-2022-38043,0.00043,0.07315
CVE-2022-38044,0.00128,0.47410
CVE-2022-38045,0.00120,0.46182
CVE-2022-38046,0.00127,0.47247
CVE-2022-38047,0.00534,0.74754
CVE-2022-38048,0.00128,0.47410
CVE-2022-38049,0.00183,0.55654
CVE-2022-3805,0.00123,0.46616
CVE-2022-38050,0.00043,0.07315
CVE-2022-38051,0.00043,0.07315
CVE-2022-38053,0.00762,0.79253
CVE-2022-38054,0.04373,0.91559
CVE-2022-38056,0.00043,0.06775
CVE-2022-38058,0.00053,0.18436
CVE-2022-38059,0.00054,0.19373
CVE-2022-3806,0.00187,0.56078
CVE-2022-38060,0.00043,0.06775
CVE-2022-38061,0.00053,0.18436
CVE-2022-38062,0.00058,0.21913
CVE-2022-38063,0.00058,0.21913
CVE-2022-38064,0.00042,0.05722
CVE-2022-38065,0.00085,0.35505
CVE-2022-38066,0.00131,0.48048
CVE-2022-38067,0.00068,0.28132
CVE-2022-38068,0.00053,0.18436
CVE-2022-38069,0.00054,0.19491
CVE-2022-3807,0.00085,0.35210
CVE-2022-38070,0.00083,0.34306
CVE-2022-38072,0.00081,0.33498
CVE-2022-38073,0.00053,0.18436
CVE-2022-38074,0.00054,0.19122
CVE-2022-38075,0.00046,0.12685
CVE-2022-38076,0.00042,0.05722
CVE-2022-38077,0.00058,0.21913
CVE-2022-38078,0.00215,0.59530
CVE-2022-38079,0.00078,0.32279
CVE-2022-38080,0.00092,0.38707
CVE-2022-38081,0.00043,0.06775
CVE-2022-38083,0.00043,0.06775
CVE-2022-38085,0.00078,0.32279
CVE-2022-38086,0.00046,0.12710
CVE-2022-38087,0.00043,0.06775
CVE-2022-38088,0.00077,0.31628
CVE-2022-38089,0.00092,0.38707
CVE-2022-3809,0.00071,0.29291
CVE-2022-38090,0.00043,0.06775
CVE-2022-38093,0.00063,0.25721
CVE-2022-38094,0.00153,0.51603
CVE-2022-38095,0.00046,0.12685
CVE-2022-38096,0.00042,0.05722
CVE-2022-38097,0.00098,0.40518
CVE-2022-38099,0.00043,0.06775
CVE-2022-3810,0.00071,0.29291
CVE-2022-38100,0.00078,0.32333
CVE-2022-38101,0.00043,0.06775
CVE-2022-38102,0.00043,0.06775
CVE-2022-38103,0.00043,0.06775
CVE-2022-38104,0.00083,0.34334
CVE-2022-38105,0.00111,0.44199
CVE-2022-38106,0.00080,0.33219
CVE-2022-38107,0.00068,0.28132
CVE-2022-38108,0.01760,0.86699
CVE-2022-3811,0.00056,0.20979
CVE-2022-38110,0.00049,0.15832
CVE-2022-38111,0.00092,0.38726
CVE-2022-38112,0.00124,0.46763
CVE-2022-38113,0.00068,0.28132
CVE-2022-38114,0.00068,0.28132
CVE-2022-38115,0.00068,0.28132
CVE-2022-38116,0.00274,0.64773
CVE-2022-38117,0.00055,0.20667
CVE-2022-38118,0.00156,0.51989
CVE-2022-38119,0.00268,0.64427
CVE-2022-3812,0.00085,0.35210
CVE-2022-38120,0.00111,0.44189
CVE-2022-38121,0.00097,0.40149
CVE-2022-38122,0.00171,0.54144
CVE-2022-38123,0.00087,0.36438
CVE-2022-38124,0.00073,0.30137
CVE-2022-38125,0.00043,0.06775
CVE-2022-38129,0.00938,0.81404
CVE-2022-3813,0.00088,0.36931
CVE-2022-38130,0.00299,0.66403
CVE-2022-38131,0.00060,0.23599
CVE-2022-38132,0.00043,0.07443
CVE-2022-38133,0.00070,0.28928
CVE-2022-38134,0.00087,0.35972
CVE-2022-38135,0.00048,0.14636
CVE-2022-38136,0.00043,0.06775
CVE-2022-38137,0.00085,0.35527
CVE-2022-38138,0.00078,0.32333
CVE-2022-38139,0.00063,0.25721
CVE-2022-3814,0.00085,0.35210
CVE-2022-38140,0.00089,0.37248
CVE-2022-38141,0.00046,0.12619
CVE-2022-38142,0.00220,0.59978
CVE-2022-38143,0.00254,0.63287
CVE-2022-38144,0.00062,0.24582
CVE-2022-38145,0.00088,0.36955
CVE-2022-38146,0.00111,0.44160
CVE-2022-38147,0.00075,0.30920
CVE-2022-38148,0.00176,0.54811
CVE-2022-38149,0.00153,0.51574
CVE-2022-3815,0.00085,0.35210
CVE-2022-38150,0.00128,0.47471
CVE-2022-38152,0.00247,0.62700
CVE-2022-38153,0.00205,0.58506
CVE-2022-38155,0.00068,0.27920
CVE-2022-38156,0.00092,0.38885
CVE-2022-3816,0.00085,0.35210
CVE-2022-38161,0.00062,0.24468
CVE-2022-38162,0.00117,0.45547
CVE-2022-38163,0.00097,0.40265
CVE-2022-38164,0.00088,0.36991
CVE-2022-38165,0.00175,0.54717
CVE-2022-38166,0.00078,0.32333
CVE-2022-38167,0.00068,0.28132
CVE-2022-38168,0.00313,0.67143
CVE-2022-3817,0.00085,0.35210
CVE-2022-38170,0.00042,0.05722
CVE-2022-38171,0.00119,0.45850
CVE-2022-38172,0.00070,0.28928
CVE-2022-38176,0.00042,0.05722
CVE-2022-38177,0.00186,0.56038
CVE-2022-38178,0.00258,0.63635
CVE-2022-38179,0.00075,0.31049
CVE-2022-3818,0.00075,0.30873
CVE-2022-38180,0.00153,0.51574
CVE-2022-38181,0.26568,0.96334
CVE-2022-38183,0.00157,0.52215
CVE-2022-38184,0.00177,0.54929
CVE-2022-38186,0.00096,0.39761
CVE-2022-38187,0.00125,0.46994
CVE-2022-38188,0.00096,0.39761
CVE-2022-38189,0.00061,0.23927
CVE-2022-3819,0.00068,0.28132
CVE-2022-38190,0.00129,0.47664
CVE-2022-38191,0.00061,0.23927
CVE-2022-38192,0.00061,0.23927
CVE-2022-38193,0.00253,0.63238
CVE-2022-38194,0.00042,0.05722
CVE-2022-38195,0.00063,0.25287
CVE-2022-38196,0.00124,0.46700
CVE-2022-38197,0.00096,0.39774
CVE-2022-38198,0.00117,0.45521
CVE-2022-38199,0.00093,0.39091
CVE-2022-3820,0.00056,0.20979
CVE-2022-38200,0.00063,0.25287
CVE-2022-38201,0.00095,0.39698
CVE-2022-38202,0.00195,0.57497
CVE-2022-38203,0.00162,0.52856
CVE-2022-38204,0.00117,0.45521
CVE-2022-38205,0.00195,0.57497
CVE-2022-38206,0.00117,0.45521
CVE-2022-38207,0.00117,0.45521
CVE-2022-38208,0.00096,0.39774
CVE-2022-38209,0.00117,0.45521
CVE-2022-3821,0.00042,0.05722
CVE-2022-38210,0.00117,0.45521
CVE-2022-38211,0.00162,0.52856
CVE-2022-38212,0.00162,0.52856
CVE-2022-38216,0.00086,0.35826
CVE-2022-3822,0.00056,0.20979
CVE-2022-38220,0.00054,0.19377
CVE-2022-38221,0.00389,0.70593
CVE-2022-38222,0.00072,0.29601
CVE-2022-38223,0.00062,0.24451
CVE-2022-38227,0.00072,0.29601
CVE-2022-38228,0.00072,0.29601
CVE-2022-38229,0.00072,0.29601
CVE-2022-3823,0.00053,0.18436
CVE-2022-38230,0.00069,0.28711
CVE-2022-38231,0.00072,0.29601
CVE-2022-38233,0.00049,0.15038
CVE-2022-38234,0.00049,0.15038
CVE-2022-38235,0.00049,0.15038
CVE-2022-38236,0.00072,0.29601
CVE-2022-38237,0.00072,0.29601
CVE-2022-38238,0.00072,0.29601
CVE-2022-3824,0.00056,0.20979
CVE-2022-38247,0.00201,0.58137
CVE-2022-38248,0.00167,0.53387
CVE-2022-38249,0.00167,0.53387
CVE-2022-3825,0.00062,0.24290
CVE-2022-38250,0.00178,0.55049
CVE-2022-38251,0.00201,0.58137
CVE-2022-38254,0.00167,0.53387
CVE-2022-38255,0.00072,0.29591
CVE-2022-38256,0.00053,0.18436
CVE-2022-38258,0.00085,0.35241
CVE-2022-3826,0.00062,0.24290
CVE-2022-38260,0.00072,0.29591
CVE-2022-38265,0.00072,0.29591
CVE-2022-38266,0.00119,0.45968
CVE-2022-38267,0.00072,0.29591
CVE-2022-38268,0.00072,0.29591
CVE-2022-38269,0.00072,0.29591
CVE-2022-3827,0.00186,0.55899
CVE-2022-38272,0.00072,0.29591
CVE-2022-38273,0.00072,0.29591
CVE-2022-38274,0.00072,0.29591
CVE-2022-38275,0.00072,0.29591
CVE-2022-38276,0.00072,0.29591
CVE-2022-38277,0.00072,0.29591
CVE-2022-38278,0.00072,0.29591
CVE-2022-38279,0.00072,0.29591
CVE-2022-3828,0.00056,0.20979
CVE-2022-38280,0.00072,0.29591
CVE-2022-38281,0.00072,0.29591
CVE-2022-38282,0.00072,0.29591
CVE-2022-38283,0.00072,0.29591
CVE-2022-38284,0.00072,0.29591
CVE-2022-38285,0.00072,0.29591
CVE-2022-38286,0.00072,0.29591
CVE-2022-3829,0.00045,0.11801
CVE-2022-38291,0.00068,0.28174
CVE-2022-38292,0.00192,0.56999
CVE-2022-38295,0.00269,0.64453
CVE-2022-38296,0.02351,0.88727
CVE-2022-38297,0.00229,0.61192
CVE-2022-38298,0.00074,0.30692
CVE-2022-38299,0.00053,0.18436
CVE-2022-3830,0.00056,0.20979
CVE-2022-38301,0.00116,0.45391
CVE-2022-38302,0.00072,0.29591
CVE-2022-38303,0.00072,0.29591
CVE-2022-38304,0.00072,0.29591
CVE-2022-38305,0.00095,0.39728
CVE-2022-38306,0.00066,0.27184
CVE-2022-38307,0.00044,0.10345
CVE-2022-38308,0.00655,0.77354
CVE-2022-38309,0.00190,0.56585
CVE-2022-3831,0.00056,0.20979
CVE-2022-38310,0.00190,0.56585
CVE-2022-38311,0.00190,0.56585
CVE-2022-38312,0.00190,0.56585
CVE-2022-38313,0.00190,0.56585
CVE-2022-38314,0.00190,0.56585
CVE-2022-3832,0.00056,0.20979
CVE-2022-38323,0.00114,0.44848
CVE-2022-38325,0.00190,0.56585
CVE-2022-38326,0.00190,0.56585
CVE-2022-38329,0.00059,0.23075
CVE-2022-3833,0.00056,0.20979
CVE-2022-38333,0.00191,0.56838
CVE-2022-38334,0.00050,0.16005
CVE-2022-38335,0.00065,0.27120
CVE-2022-38336,0.00272,0.64635
CVE-2022-38337,0.00184,0.55741
CVE-2022-38339,0.00068,0.28132
CVE-2022-3834,0.00056,0.20979
CVE-2022-38340,0.00139,0.49422
CVE-2022-38341,0.00064,0.25824
CVE-2022-38342,0.00064,0.25824
CVE-2022-38349,0.00046,0.13740
CVE-2022-3835,0.00056,0.20979
CVE-2022-38351,0.00084,0.34969
CVE-2022-38352,0.00148,0.50858
CVE-2022-38355,0.00042,0.05859
CVE-2022-38356,0.00058,0.21913
CVE-2022-38357,0.00203,0.58343
CVE-2022-38358,0.00091,0.38465
CVE-2022-38359,0.00109,0.43528
CVE-2022-3836,0.00045,0.11801
CVE-2022-38362,0.00072,0.29719
CVE-2022-38367,0.00063,0.25047
CVE-2022-38368,0.00093,0.39019
CVE-2022-38369,0.01141,0.83266
CVE-2022-3837,0.00056,0.20979
CVE-2022-38370,0.00254,0.63301
CVE-2022-38371,0.00145,0.50410
CVE-2022-38372,0.00042,0.05722
CVE-2022-38373,0.00053,0.18436
CVE-2022-38374,0.00063,0.25287
CVE-2022-38375,0.00150,0.51083
CVE-2022-38376,0.00048,0.14462
CVE-2022-38377,0.00053,0.18436
CVE-2022-38378,0.00043,0.06775
CVE-2022-38379,0.00053,0.18436
CVE-2022-3838,0.00056,0.20979
CVE-2022-38380,0.00076,0.31282
CVE-2022-38381,0.00137,0.49205
CVE-2022-38385,0.00084,0.34816
CVE-2022-38387,0.00126,0.47153
CVE-2022-38388,0.00042,0.05722
CVE-2022-38389,0.00083,0.34311
CVE-2022-3839,0.00056,0.20979
CVE-2022-38390,0.00048,0.14834
CVE-2022-38391,0.00111,0.44249
CVE-2022-38392,0.00054,0.19622
CVE-2022-38393,0.00075,0.31036
CVE-2022-38394,0.00263,0.64039
CVE-2022-38395,0.00054,0.20300
CVE-2022-38396,0.00157,0.52211
CVE-2022-38398,0.00272,0.64632
CVE-2022-38399,0.00057,0.21251
CVE-2022-3840,0.00056,0.20979
CVE-2022-38400,0.00419,0.71558
CVE-2022-38401,0.00755,0.79133
CVE-2022-38402,0.00662,0.77548
CVE-2022-38403,0.00662,0.77548
CVE-2022-38404,0.00755,0.79133
CVE-2022-38405,0.00755,0.79133
CVE-2022-38406,0.00247,0.62749
CVE-2022-38407,0.00247,0.62749
CVE-2022-38408,0.00657,0.77389
CVE-2022-38409,0.00247,0.62749
CVE-2022-3841,0.00044,0.08105
CVE-2022-38410,0.00247,0.62749
CVE-2022-38411,0.00755,0.79133
CVE-2022-38412,0.00196,0.57524
CVE-2022-38413,0.00451,0.72554
CVE-2022-38414,0.00451,0.72554
CVE-2022-38415,0.00451,0.72554
CVE-2022-38416,0.00149,0.50910
CVE-2022-38417,0.00149,0.50910
CVE-2022-38418,0.00475,0.73197
CVE-2022-38419,0.00186,0.55919
CVE-2022-3842,0.00102,0.41487
CVE-2022-38420,0.00092,0.38695
CVE-2022-38421,0.00195,0.57479
CVE-2022-38422,0.00290,0.65866
CVE-2022-38423,0.00218,0.59839
CVE-2022-38424,0.00134,0.48556
CVE-2022-38425,0.00121,0.46333
CVE-2022-38426,0.00885,0.80812
CVE-2022-38427,0.00885,0.80812
CVE-2022-38428,0.00267,0.64333
CVE-2022-38429,0.00196,0.57524
CVE-2022-3843,0.00158,0.52253
CVE-2022-38430,0.00196,0.57524
CVE-2022-38431,0.00196,0.57524
CVE-2022-38432,0.00755,0.79133
CVE-2022-38433,0.00755,0.79133
CVE-2022-38434,0.51439,0.97279
CVE-2022-38435,0.00657,0.77389
CVE-2022-38436,0.00196,0.57524
CVE-2022-38437,0.00374,0.69964
CVE-2022-38438,0.00052,0.17591
CVE-2022-38439,0.00052,0.17591
CVE-2022-3844,0.00216,0.59649
CVE-2022-38440,0.00075,0.30968
CVE-2022-38441,0.00075,0.30968
CVE-2022-38442,0.00378,0.70129
CVE-2022-38443,0.00138,0.49306
CVE-2022-38444,0.00378,0.70129
CVE-2022-38445,0.00378,0.70129
CVE-2022-38446,0.00378,0.70129
CVE-2022-38447,0.00378,0.70129
CVE-2022-38448,0.00378,0.70129
CVE-2022-38449,0.00247,0.62749
CVE-2022-3845,0.00063,0.25093
CVE-2022-38450,0.06677,0.93167
CVE-2022-38451,0.00252,0.63165
CVE-2022-38452,0.00065,0.26780
CVE-2022-38453,0.00042,0.05859
CVE-2022-38454,0.00078,0.32279
CVE-2022-38456,0.00087,0.36261
CVE-2022-38457,0.00042,0.05722
CVE-2022-38458,0.00082,0.34199
CVE-2022-38459,0.00149,0.50944
CVE-2022-3846,0.00166,0.53354
CVE-2022-38460,0.00053,0.18436
CVE-2022-38461,0.00053,0.18436
CVE-2022-38462,0.00074,0.30686
CVE-2022-38463,0.00184,0.55719
CVE-2022-38465,0.00043,0.06775
CVE-2022-38466,0.00042,0.05722
CVE-2022-38467,0.00094,0.39400
CVE-2022-38468,0.00046,0.13740
CVE-2022-38469,0.00132,0.48268
CVE-2022-3847,0.00060,0.23599
CVE-2022-38470,0.00078,0.32279
CVE-2022-38472,0.00108,0.43497
CVE-2022-38473,0.00180,0.55346
CVE-2022-38474,0.00064,0.26249
CVE-2022-38475,0.00069,0.28630
CVE-2022-38476,0.00129,0.47620
CVE-2022-38477,0.00116,0.45299
CVE-2022-38478,0.00144,0.50239
CVE-2022-3848,0.00084,0.34969
CVE-2022-38481,0.00063,0.25287
CVE-2022-38482,0.00063,0.25287
CVE-2022-38484,0.00075,0.31109
CVE-2022-38485,0.00090,0.38034
CVE-2022-38488,0.00150,0.51050
CVE-2022-38489,0.00053,0.18436
CVE-2022-3849,0.00084,0.34969
CVE-2022-38490,0.00074,0.30736
CVE-2022-38491,0.00132,0.48268
CVE-2022-38492,0.00074,0.30736
CVE-2022-38493,0.00086,0.35826
CVE-2022-38495,0.00066,0.27184
CVE-2022-38496,0.00044,0.10345
CVE-2022-38497,0.00044,0.10345
CVE-2022-3850,0.00067,0.27728
CVE-2022-38509,0.00139,0.49473
CVE-2022-38510,0.00043,0.06775
CVE-2022-38511,0.00245,0.62610
CVE-2022-38512,0.00143,0.50015
CVE-2022-3852,0.00078,0.32089
CVE-2022-38527,0.00068,0.28174
CVE-2022-38528,0.00089,0.37206
CVE-2022-38529,0.00066,0.27184
CVE-2022-3853,0.00044,0.10707
CVE-2022-38530,0.00060,0.23390
CVE-2022-38531,0.00199,0.57902
CVE-2022-38532,0.00043,0.06775
CVE-2022-38533,0.00067,0.27680
CVE-2022-38534,0.00228,0.61069
CVE-2022-38535,0.00228,0.61069
CVE-2022-38537,0.00148,0.50887
CVE-2022-38538,0.00148,0.50887
CVE-2022-38539,0.00148,0.50887
CVE-2022-3854,0.00046,0.13740
CVE-2022-38540,0.00148,0.50887
CVE-2022-38541,0.00134,0.48520
CVE-2022-38542,0.00148,0.50887
CVE-2022-38545,0.00306,0.66775
CVE-2022-38546,0.00175,0.54717
CVE-2022-38547,0.00062,0.24618
CVE-2022-3855,0.00056,0.20979
CVE-2022-38550,0.00056,0.20979
CVE-2022-38553,0.00218,0.59812
CVE-2022-38555,0.00173,0.54563
CVE-2022-38556,0.00229,0.61192
CVE-2022-38557,0.00176,0.54804
CVE-2022-3856,0.00090,0.37901
CVE-2022-38562,0.00075,0.31036
CVE-2022-38563,0.00075,0.31036
CVE-2022-38564,0.00075,0.31036
CVE-2022-38565,0.00075,0.31036
CVE-2022-38566,0.00075,0.31036
CVE-2022-38567,0.00150,0.51088
CVE-2022-38568,0.00075,0.31036
CVE-2022-38569,0.00150,0.51088
CVE-2022-3857,0.00044,0.10345
CVE-2022-38570,0.00075,0.31036
CVE-2022-38571,0.00075,0.31036
CVE-2022-38573,0.00610,0.76426
CVE-2022-38576,0.00072,0.29591
CVE-2022-38577,0.00277,0.64951
CVE-2022-3858,0.00072,0.29591
CVE-2022-38580,0.01204,0.83778
CVE-2022-38582,0.00056,0.20979
CVE-2022-38583,0.00042,0.05722
CVE-2022-3859,0.00043,0.06775
CVE-2022-38594,0.00072,0.29591
CVE-2022-38595,0.00072,0.29591
CVE-2022-38599,0.00067,0.27847
CVE-2022-3860,0.00072,0.29591
CVE-2022-38600,0.00044,0.10345
CVE-2022-38604,0.00043,0.07658
CVE-2022-38605,0.00072,0.29591
CVE-2022-38606,0.00072,0.29591
CVE-2022-3861,0.00122,0.46460
CVE-2022-38610,0.00072,0.29591
CVE-2022-38611,0.00066,0.27492
CVE-2022-38613,0.00108,0.43346
CVE-2022-38614,0.00117,0.45512
CVE-2022-38615,0.00112,0.44399
CVE-2022-38616,0.00136,0.48915
CVE-2022-38617,0.00113,0.44619
CVE-2022-38618,0.00152,0.51432
CVE-2022-38619,0.00134,0.48549
CVE-2022-3862,0.00056,0.20979
CVE-2022-38621,0.00443,0.72317
CVE-2022-38625,0.00222,0.60573
CVE-2022-38627,0.00178,0.55108
CVE-2022-38628,0.00067,0.27876
CVE-2022-3863,0.00093,0.39035
CVE-2022-38633,0.00055,0.20546
CVE-2022-38637,0.01367,0.84899
CVE-2022-38638,0.00054,0.19251
CVE-2022-38639,0.00056,0.20979
CVE-2022-3864,0.00044,0.10862
CVE-2022-38648,0.00299,0.66369
CVE-2022-38649,0.00771,0.79389
CVE-2022-3865,0.00084,0.34969
CVE-2022-38650,0.00102,0.41292
CVE-2022-38651,0.00174,0.54604
CVE-2022-38652,0.00084,0.34806
CVE-2022-38653,0.00053,0.18436
CVE-2022-38654,0.00043,0.06775
CVE-2022-38655,0.00063,0.25287
CVE-2022-38656,0.00271,0.64598
CVE-2022-38657,0.00048,0.14685
CVE-2022-38658,0.00135,0.48776
CVE-2022-38659,0.00043,0.06775
CVE-2022-3866,0.00053,0.18436
CVE-2022-38660,0.00065,0.27072
CVE-2022-38661,0.00042,0.05722
CVE-2022-38662,0.00063,0.25287
CVE-2022-38663,0.00062,0.24822
CVE-2022-38664,0.00075,0.30816
CVE-2022-38665,0.00062,0.24822
CVE-2022-38666,0.00069,0.28630
CVE-2022-38667,0.00231,0.61347
CVE-2022-38668,0.00146,0.50519
CVE-2022-38669,0.00042,0.05722
CVE-2022-3867,0.00053,0.18436
CVE-2022-38670,0.00042,0.05722
CVE-2022-38671,0.00042,0.05722
CVE-2022-38672,0.00060,0.23520
CVE-2022-38673,0.00042,0.05722
CVE-2022-38674,0.00042,0.05722
CVE-2022-38675,0.00042,0.05722
CVE-2022-38676,0.00042,0.05722
CVE-2022-38677,0.00042,0.05722
CVE-2022-38678,0.00042,0.05722
CVE-2022-38679,0.00042,0.05722
CVE-2022-3868,0.00152,0.51438
CVE-2022-38680,0.00042,0.05722
CVE-2022-38681,0.00042,0.05722
CVE-2022-38682,0.00042,0.05722
CVE-2022-38683,0.00042,0.05722
CVE-2022-38684,0.00042,0.05722
CVE-2022-38685,0.00042,0.05722
CVE-2022-38686,0.00042,0.05722
CVE-2022-38687,0.00042,0.05722
CVE-2022-38688,0.00042,0.05722
CVE-2022-38689,0.00042,0.05722
CVE-2022-3869,0.00074,0.30490
CVE-2022-38690,0.00042,0.05722
CVE-2022-38697,0.00042,0.05722
CVE-2022-38698,0.00042,0.05722
CVE-2022-38699,0.00043,0.06775
CVE-2022-3870,0.00089,0.37373
CVE-2022-38700,0.00053,0.19001
CVE-2022-38701,0.00042,0.05722
CVE-2022-38702,0.00091,0.38380
CVE-2022-38703,0.00053,0.18436
CVE-2022-38704,0.00046,0.12685
CVE-2022-38705,0.00091,0.38090
CVE-2022-38707,0.00042,0.05722
CVE-2022-38708,0.00111,0.44218
CVE-2022-38709,0.00061,0.23847
CVE-2022-38710,0.00058,0.22692
CVE-2022-38712,0.00083,0.34350
CVE-2022-38715,0.00153,0.51575
CVE-2022-38716,0.00058,0.21913
CVE-2022-3872,0.00071,0.29374
CVE-2022-38723,0.00141,0.49767
CVE-2022-38724,0.00072,0.29467
CVE-2022-38725,0.00625,0.76767
CVE-2022-3873,0.00059,0.23145
CVE-2022-38730,0.00043,0.06775
CVE-2022-38731,0.00057,0.21525
CVE-2022-38732,0.00135,0.48776
CVE-2022-38733,0.00078,0.32333
CVE-2022-38734,0.00055,0.20446
CVE-2022-3874,0.00051,0.17105
CVE-2022-38742,0.00164,0.53110
CVE-2022-38743,0.00061,0.24041
CVE-2022-38744,0.00055,0.20422
CVE-2022-38745,0.00060,0.23666
CVE-2022-38749,0.00098,0.40332
CVE-2022-3875,0.01520,0.85704
CVE-2022-38750,0.00048,0.14330
CVE-2022-38751,0.00098,0.40332
CVE-2022-38752,0.00125,0.46972
CVE-2022-38753,0.00065,0.26817
CVE-2022-38754,0.00078,0.32630
CVE-2022-38755,0.00117,0.45567
CVE-2022-38756,0.00079,0.33077
CVE-2022-38757,0.00160,0.52551
CVE-2022-38758,0.00063,0.25287
CVE-2022-3876,0.00079,0.33099
CVE-2022-38764,0.00045,0.12491
CVE-2022-38765,0.00064,0.25824
CVE-2022-38766,0.00045,0.12108
CVE-2022-38767,0.00088,0.36991
CVE-2022-38768,0.00299,0.66370
CVE-2022-38769,0.00166,0.53308
CVE-2022-3877,0.00117,0.45474
CVE-2022-38770,0.00116,0.45459
CVE-2022-38771,0.00299,0.66370
CVE-2022-38772,0.00679,0.77894
CVE-2022-38773,0.00048,0.14473
CVE-2022-38774,0.00043,0.06775
CVE-2022-38775,0.00043,0.06775
CVE-2022-38777,0.00043,0.06775
CVE-2022-38778,0.00053,0.18614
CVE-2022-38779,0.00050,0.16429
CVE-2022-3878,0.00137,0.49132
CVE-2022-38784,0.00106,0.42865
CVE-2022-38786,0.00043,0.06775
CVE-2022-38787,0.00043,0.06775
CVE-2022-38788,0.00050,0.16005
CVE-2022-38789,0.00145,0.50335
CVE-2022-3879,0.00051,0.17162
CVE-2022-38790,0.00066,0.27286
CVE-2022-38791,0.00042,0.05722
CVE-2022-38792,0.00196,0.57577
CVE-2022-38794,0.00536,0.74812
CVE-2022-38795,0.00052,0.17989
CVE-2022-38796,0.00082,0.34119
CVE-2022-3880,0.00076,0.31326
CVE-2022-38801,0.00053,0.18436
CVE-2022-38802,0.00067,0.27847
CVE-2022-38803,0.00067,0.27847
CVE-2022-38808,0.00072,0.29591
CVE-2022-3881,0.00051,0.17162
CVE-2022-38812,0.00076,0.31136
CVE-2022-38813,0.00132,0.48224
CVE-2022-38814,0.00054,0.19380
CVE-2022-38817,0.01019,0.82207
CVE-2022-3882,0.00051,0.17162
CVE-2022-38823,0.05163,0.92243
CVE-2022-38826,0.06399,0.93009
CVE-2022-38827,0.00243,0.62375
CVE-2022-38828,0.64028,0.97599
CVE-2022-38829,0.00190,0.56585
CVE-2022-3883,0.00051,0.17162
CVE-2022-38830,0.00190,0.56585
CVE-2022-38831,0.00190,0.56585
CVE-2022-38832,0.00072,0.29591
CVE-2022-38833,0.00072,0.29591
CVE-2022-3884,0.00042,0.05722
CVE-2022-38840,0.21306,0.96015
CVE-2022-38841,0.01052,0.82508
CVE-2022-38843,0.00085,0.35505
CVE-2022-38844,0.00125,0.46913
CVE-2022-38845,0.00151,0.51232
CVE-2022-38846,0.00133,0.48331
CVE-2022-3885,0.00175,0.54727
CVE-2022-38850,0.00048,0.14478
CVE-2022-38851,0.00048,0.14478
CVE-2022-38853,0.00044,0.10345
CVE-2022-38855,0.00048,0.14478
CVE-2022-38856,0.00044,0.10345
CVE-2022-38858,0.00048,0.14478
CVE-2022-3886,0.00175,0.54727
CVE-2022-38860,0.00048,0.14478
CVE-2022-38861,0.00048,0.14478
CVE-2022-38862,0.00066,0.27184
CVE-2022-38863,0.00048,0.14478
CVE-2022-38864,0.00048,0.14478
CVE-2022-38865,0.00048,0.14478
CVE-2022-38866,0.00048,0.14572
CVE-2022-38867,0.00062,0.24777
CVE-2022-38868,0.00062,0.24777
CVE-2022-3887,0.00175,0.54727
CVE-2022-38870,0.01064,0.82648
CVE-2022-38871,0.00063,0.25189
CVE-2022-38873,0.00140,0.49712
CVE-2022-38877,0.00114,0.44848
CVE-2022-38878,0.00072,0.29591
CVE-2022-3888,0.00175,0.54727
CVE-2022-38880,0.00197,0.57699
CVE-2022-38881,0.00153,0.51522
CVE-2022-38882,0.00153,0.51522
CVE-2022-38883,0.00153,0.51522
CVE-2022-38884,0.00153,0.51522
CVE-2022-38885,0.00153,0.51522
CVE-2022-38886,0.00153,0.51522
CVE-2022-38887,0.00153,0.51522
CVE-2022-3889,0.00175,0.54752
CVE-2022-38890,0.00044,0.10345
CVE-2022-3890,0.00171,0.54145
CVE-2022-38900,0.00190,0.56620
CVE-2022-38901,0.00071,0.29384
CVE-2022-38902,0.00071,0.29384
CVE-2022-3891,0.00058,0.21950
CVE-2022-38916,0.00192,0.56999
CVE-2022-3892,0.00056,0.20979
CVE-2022-38922,0.00068,0.28208
CVE-2022-38923,0.00068,0.28208
CVE-2022-38928,0.00066,0.27184
CVE-2022-3893,0.00053,0.18436
CVE-2022-38931,0.00142,0.49889
CVE-2022-38932,0.00096,0.39777
CVE-2022-38934,0.00045,0.12244
CVE-2022-38935,0.00056,0.21131
CVE-2022-38936,0.00063,0.25189
CVE-2022-3894,0.00046,0.13740
CVE-2022-3895,0.00063,0.25287
CVE-2022-38955,0.00163,0.52993
CVE-2022-38956,0.00064,0.26338
CVE-2022-3896,0.00075,0.30853
CVE-2022-3897,0.00053,0.18436
CVE-2022-38970,0.00120,0.46042
CVE-2022-38971,0.00045,0.11801
CVE-2022-38972,0.00160,0.52673
CVE-2022-38973,0.00043,0.06775
CVE-2022-38974,0.00053,0.18436
CVE-2022-38975,0.00056,0.20775
CVE-2022-38977,0.00064,0.26338
CVE-2022-38978,0.00143,0.50015
CVE-2022-38979,0.00143,0.50015
CVE-2022-3898,0.00051,0.17436
CVE-2022-38980,0.00191,0.56778
CVE-2022-38981,0.00135,0.48776
CVE-2022-38982,0.00108,0.43435
CVE-2022-38983,0.00292,0.65972
CVE-2022-38984,0.00143,0.50015
CVE-2022-38985,0.00143,0.50015
CVE-2022-38986,0.00184,0.55741
CVE-2022-38987,0.00088,0.36991
CVE-2022-38988,0.00143,0.50015
CVE-2022-38989,0.00088,0.36991
CVE-2022-3899,0.00048,0.14563
CVE-2022-38990,0.00088,0.36991
CVE-2022-38991,0.00143,0.50015
CVE-2022-38992,0.00143,0.50015
CVE-2022-38993,0.00088,0.36991
CVE-2022-38994,0.00143,0.50015
CVE-2022-38995,0.00088,0.36991
CVE-2022-38996,0.00088,0.36991
CVE-2022-38997,0.00143,0.50015
CVE-2022-38998,0.00143,0.50015
CVE-2022-38999,0.00187,0.56249
CVE-2022-3900,0.00373,0.69941
CVE-2022-39000,0.00187,0.56249
CVE-2022-39001,0.00159,0.52431
CVE-2022-39002,0.00187,0.56249
CVE-2022-39003,0.00155,0.51769
CVE-2022-39004,0.00088,0.36991
CVE-2022-39005,0.00088,0.36991
CVE-2022-39006,0.00088,0.36991
CVE-2022-39007,0.00187,0.56249
CVE-2022-39008,0.00115,0.45158
CVE-2022-39009,0.00187,0.56249
CVE-2022-3901,0.00050,0.16429
CVE-2022-39010,0.00143,0.50015
CVE-2022-39011,0.00134,0.48491
CVE-2022-39012,0.00078,0.32333
CVE-2022-39013,0.00079,0.32915
CVE-2022-39014,0.00068,0.28132
CVE-2022-39015,0.00064,0.25824
CVE-2022-39016,0.00087,0.36438
CVE-2022-39017,0.00053,0.18436
CVE-2022-39018,0.00139,0.49424
CVE-2022-39019,0.00071,0.29146
CVE-2022-3902,0.00064,0.26456
CVE-2022-39020,0.00063,0.25287
CVE-2022-39021,0.00096,0.39774
CVE-2022-39022,0.00120,0.46080
CVE-2022-39023,0.00120,0.46080
CVE-2022-39024,0.00117,0.45521
CVE-2022-39025,0.00117,0.45521
CVE-2022-39026,0.00061,0.23927
CVE-2022-39027,0.00061,0.23927
CVE-2022-39028,0.00118,0.45704
CVE-2022-39029,0.00097,0.40149
CVE-2022-3903,0.00049,0.15814
CVE-2022-39030,0.00171,0.54144
CVE-2022-39031,0.00114,0.44806
CVE-2022-39032,0.00183,0.55684
CVE-2022-39033,0.00261,0.63890
CVE-2022-39034,0.00111,0.44189
CVE-2022-39035,0.00117,0.45521
CVE-2022-39036,0.00492,0.73683
CVE-2022-39037,0.00175,0.54689
CVE-2022-39038,0.00174,0.54601
CVE-2022-39039,0.00354,0.69147
CVE-2022-3904,0.00101,0.41105
CVE-2022-39040,0.00221,0.60390
CVE-2022-39041,0.00249,0.62909
CVE-2022-39042,0.01076,0.82751
CVE-2022-39043,0.00049,0.14855
CVE-2022-39044,0.00043,0.06775
CVE-2022-39045,0.00093,0.39090
CVE-2022-39046,0.00070,0.28860
CVE-2022-39047,0.00121,0.46301
CVE-2022-39048,0.01306,0.84508
CVE-2022-39049,0.00082,0.34098
CVE-2022-39050,0.00053,0.18436
CVE-2022-39051,0.00170,0.54075
CVE-2022-39052,0.00078,0.32333
CVE-2022-39053,0.00117,0.45521
CVE-2022-39054,0.00117,0.45521
CVE-2022-39055,0.00124,0.46770
CVE-2022-39056,0.00199,0.57893
CVE-2022-39057,0.00210,0.58963
CVE-2022-39058,0.00217,0.59759
CVE-2022-39059,0.00143,0.50019
CVE-2022-3906,0.00053,0.18436
CVE-2022-39060,0.00150,0.51175
CVE-2022-39061,0.00092,0.38676
CVE-2022-39062,0.00043,0.06775
CVE-2022-39063,0.00072,0.29670
CVE-2022-39064,0.00045,0.12108
CVE-2022-39065,0.00044,0.10345
CVE-2022-39066,0.00074,0.30736
CVE-2022-39067,0.00073,0.30137
CVE-2022-39069,0.00063,0.25287
CVE-2022-3907,0.00166,0.53354
CVE-2022-39070,0.00321,0.67650
CVE-2022-39071,0.00045,0.11989
CVE-2022-39072,0.00053,0.18436
CVE-2022-39073,0.00100,0.40913
CVE-2022-39074,0.00044,0.08224
CVE-2022-39075,0.00045,0.11989
CVE-2022-3908,0.00119,0.46008
CVE-2022-39080,0.00042,0.05722
CVE-2022-39081,0.00042,0.05722
CVE-2022-39082,0.00042,0.05722
CVE-2022-39083,0.00042,0.05722
CVE-2022-39084,0.00042,0.05722
CVE-2022-39085,0.00042,0.05722
CVE-2022-39086,0.00042,0.05722
CVE-2022-39087,0.00042,0.05722
CVE-2022-39088,0.00042,0.05722
CVE-2022-39089,0.00042,0.05722
CVE-2022-3909,0.00056,0.20979
CVE-2022-39090,0.00042,0.05722
CVE-2022-39091,0.00042,0.05722
CVE-2022-39092,0.00042,0.05722
CVE-2022-39093,0.00042,0.05722
CVE-2022-39094,0.00042,0.05722
CVE-2022-39095,0.00042,0.05722
CVE-2022-39096,0.00042,0.05722
CVE-2022-39097,0.00042,0.05722
CVE-2022-39098,0.00042,0.05722
CVE-2022-39099,0.00042,0.05722
CVE-2022-3910,0.00043,0.06775
CVE-2022-39100,0.00042,0.05722
CVE-2022-39101,0.00042,0.05722
CVE-2022-39102,0.00042,0.05722
CVE-2022-39103,0.00042,0.05722
CVE-2022-39104,0.00042,0.05722
CVE-2022-39105,0.00042,0.05722
CVE-2022-39106,0.00060,0.23520
CVE-2022-39107,0.00042,0.05722
CVE-2022-39108,0.00042,0.05722
CVE-2022-39109,0.00042,0.05722
CVE-2022-3911,0.00062,0.24550
CVE-2022-39110,0.00042,0.05722
CVE-2022-39111,0.00042,0.05722
CVE-2022-39112,0.00042,0.05722
CVE-2022-39113,0.00042,0.05722
CVE-2022-39114,0.00042,0.05722
CVE-2022-39115,0.00042,0.05722
CVE-2022-39116,0.00060,0.23520
CVE-2022-39117,0.00042,0.05722
CVE-2022-39118,0.00042,0.05722
CVE-2022-39119,0.00042,0.05722
CVE-2022-3912,0.00146,0.50444
CVE-2022-39120,0.00042,0.05722
CVE-2022-39121,0.00042,0.05722
CVE-2022-39122,0.00042,0.05722
CVE-2022-39123,0.00042,0.05722
CVE-2022-39124,0.00042,0.05722
CVE-2022-39125,0.00042,0.05722
CVE-2022-39126,0.00042,0.05722
CVE-2022-39127,0.00042,0.05722
CVE-2022-39128,0.00042,0.05722
CVE-2022-39129,0.00060,0.23520
CVE-2022-3913,0.00064,0.26178
CVE-2022-39130,0.00042,0.05722
CVE-2022-39131,0.00042,0.05722
CVE-2022-39132,0.00042,0.05722
CVE-2022-39133,0.00042,0.05722
CVE-2022-39134,0.00042,0.05722
CVE-2022-39135,0.00376,0.70040
CVE-2022-39136,0.00051,0.17035
CVE-2022-39137,0.00052,0.17892
CVE-2022-39138,0.00099,0.40777
CVE-2022-39139,0.00099,0.40777
CVE-2022-39140,0.00099,0.40777
CVE-2022-39141,0.00052,0.17892
CVE-2022-39142,0.00099,0.40777
CVE-2022-39143,0.00099,0.40777
CVE-2022-39144,0.00099,0.40777
CVE-2022-39145,0.00055,0.20416
CVE-2022-39146,0.00055,0.20375
CVE-2022-39147,0.00055,0.20375
CVE-2022-39148,0.00099,0.40777
CVE-2022-39149,0.00099,0.40777
CVE-2022-3915,0.00227,0.60978
CVE-2022-39150,0.00099,0.40777
CVE-2022-39151,0.00099,0.40777
CVE-2022-39152,0.00099,0.40777
CVE-2022-39153,0.00055,0.20416
CVE-2022-39154,0.00099,0.40777
CVE-2022-39155,0.00099,0.40777
CVE-2022-39156,0.00055,0.20416
CVE-2022-39157,0.00060,0.23616
CVE-2022-39158,0.00134,0.48496
CVE-2022-3916,0.00088,0.36825
CVE-2022-39160,0.00061,0.23847
CVE-2022-39161,0.00045,0.12357
CVE-2022-39164,0.00048,0.14236
CVE-2022-39165,0.00048,0.14236
CVE-2022-39166,0.00060,0.23373
CVE-2022-39167,0.00095,0.39588
CVE-2022-39168,0.00111,0.44249
CVE-2022-3917,0.00042,0.05722
CVE-2022-39170,0.00148,0.50887
CVE-2022-39172,0.00052,0.17688
CVE-2022-39173,0.00308,0.66900
CVE-2022-39176,0.00060,0.23303
CVE-2022-39177,0.00060,0.23303
CVE-2022-39178,0.00079,0.33097
CVE-2022-39179,0.00097,0.40167
CVE-2022-3918,0.00088,0.36692
CVE-2022-39180,0.00120,0.46156
CVE-2022-39181,0.00063,0.25287
CVE-2022-39182,0.00089,0.37248
CVE-2022-39183,0.00063,0.25287
CVE-2022-39184,0.00166,0.53343
CVE-2022-39185,0.00166,0.53343
CVE-2022-39186,0.00043,0.06775
CVE-2022-39187,0.00063,0.25287
CVE-2022-39188,0.00045,0.11966
CVE-2022-39189,0.00045,0.11966
CVE-2022-3919,0.00056,0.20979
CVE-2022-39190,0.00045,0.11966
CVE-2022-39193,0.00067,0.27728
CVE-2022-39194,0.00070,0.28965
CVE-2022-39195,0.00174,0.54594
CVE-2022-39196,0.00120,0.46042
CVE-2022-39197,0.00899,0.80993
CVE-2022-39198,0.00576,0.75711
CVE-2022-39199,0.00054,0.20312
CVE-2022-3920,0.00161,0.52760
CVE-2022-39200,0.00054,0.19178
CVE-2022-39201,0.00092,0.38933
CVE-2022-39202,0.00090,0.37992
CVE-2022-39203,0.00089,0.37248
CVE-2022-39205,0.00228,0.61046
CVE-2022-39206,0.00173,0.54568
CVE-2022-39207,0.00061,0.23815
CVE-2022-39208,0.00136,0.49002
CVE-2022-39209,0.00141,0.49816
CVE-2022-3921,0.00373,0.69941
CVE-2022-39210,0.00044,0.08212
CVE-2022-39211,0.00063,0.25093
CVE-2022-39212,0.00054,0.19178
CVE-2022-39213,0.00082,0.33968
CVE-2022-39214,0.00079,0.32936
CVE-2022-39215,0.00083,0.34247
CVE-2022-39216,0.00068,0.28208
CVE-2022-39217,0.00166,0.53322
CVE-2022-39218,0.00206,0.58598
CVE-2022-39219,0.00061,0.23946
CVE-2022-3922,0.00056,0.20979
CVE-2022-39220,0.00086,0.35844
CVE-2022-39221,0.00143,0.50000
CVE-2022-39222,0.00120,0.46064
CVE-2022-39224,0.00068,0.28014
CVE-2022-39225,0.00053,0.18436
CVE-2022-39226,0.00414,0.71431
CVE-2022-39227,0.00089,0.37269
CVE-2022-39228,0.00062,0.24389
CVE-2022-39229,0.00119,0.45983
CVE-2022-3923,0.00056,0.20979
CVE-2022-39230,0.00064,0.25824
CVE-2022-39231,0.00063,0.25287
CVE-2022-39232,0.00146,0.50464
CVE-2022-39233,0.00063,0.25669
CVE-2022-39234,0.00089,0.37248
CVE-2022-39236,0.00169,0.53938
CVE-2022-39237,0.00148,0.50887
CVE-2022-39238,0.00089,0.37248
CVE-2022-39239,0.00053,0.18436
CVE-2022-3924,0.00078,0.32105
CVE-2022-39240,0.00071,0.29151
CVE-2022-39241,0.00064,0.25824
CVE-2022-39242,0.00079,0.33154
CVE-2022-39243,0.00136,0.48885
CVE-2022-39244,0.00221,0.60335
CVE-2022-39245,0.00042,0.05722
CVE-2022-39246,0.00096,0.39860
CVE-2022-39248,0.00081,0.33896
CVE-2022-39249,0.00108,0.43433
CVE-2022-3925,0.00090,0.37901
CVE-2022-39250,0.00093,0.39005
CVE-2022-39251,0.00093,0.39005
CVE-2022-39252,0.00081,0.33896
CVE-2022-39253,0.00093,0.39111
CVE-2022-39254,0.00048,0.14636
CVE-2022-39255,0.00081,0.33896
CVE-2022-39256,0.00392,0.70717
CVE-2022-39257,0.00081,0.33896
CVE-2022-39258,0.00120,0.46064
CVE-2022-39259,0.00044,0.10345
CVE-2022-3926,0.00054,0.19132
CVE-2022-39260,0.00700,0.78248
CVE-2022-39261,0.00288,0.65678
CVE-2022-39262,0.00051,0.17233
CVE-2022-39263,0.00172,0.54453
CVE-2022-39264,0.00100,0.40859
CVE-2022-39265,0.00404,0.71086
CVE-2022-39266,0.00157,0.52073
CVE-2022-39267,0.00089,0.37248
CVE-2022-39268,0.00072,0.29671
CVE-2022-39269,0.00121,0.46225
CVE-2022-3927,0.00166,0.53343
CVE-2022-39270,0.00048,0.14636
CVE-2022-39271,0.00061,0.24212
CVE-2022-39272,0.00068,0.28225
CVE-2022-39273,0.00087,0.36038
CVE-2022-39274,0.00125,0.47021
CVE-2022-39275,0.00048,0.14636
CVE-2022-39276,0.00059,0.23145
CVE-2022-39277,0.00051,0.17233
CVE-2022-39278,0.00112,0.44401
CVE-2022-39279,0.00048,0.14636
CVE-2022-3928,0.00043,0.06775
CVE-2022-39280,0.00100,0.41002
CVE-2022-39281,0.00145,0.50411
CVE-2022-39282,0.00190,0.56655
CVE-2022-39283,0.00160,0.52556
CVE-2022-39284,0.00077,0.31625
CVE-2022-39285,0.00075,0.30880
CVE-2022-39286,0.00296,0.66227
CVE-2022-39287,0.00120,0.46101
CVE-2022-39288,0.00120,0.46164
CVE-2022-39289,0.00060,0.23626
CVE-2022-3929,0.00166,0.53343
CVE-2022-39290,0.00070,0.28887
CVE-2022-39291,0.00075,0.31112
CVE-2022-39292,0.00120,0.46101
CVE-2022-39293,0.00192,0.56889
CVE-2022-39294,0.00078,0.32333
CVE-2022-39295,0.00059,0.23145
CVE-2022-39296,0.00137,0.49137
CVE-2022-39297,0.00291,0.65889
CVE-2022-39298,0.00291,0.65889
CVE-2022-39299,0.00747,0.79007
CVE-2022-3930,0.00056,0.20979
CVE-2022-39300,0.00249,0.62870
CVE-2022-39301,0.00056,0.20979
CVE-2022-39302,0.00048,0.14636
CVE-2022-39303,0.00152,0.51438
CVE-2022-39304,0.00045,0.12069
CVE-2022-39305,0.00223,0.60655
CVE-2022-39306,0.00145,0.50335
CVE-2022-39307,0.00075,0.30853
CVE-2022-39308,0.00102,0.41325
CVE-2022-39309,0.00085,0.35332
CVE-2022-39310,0.00102,0.41476
CVE-2022-39311,0.00455,0.72654
CVE-2022-39312,0.00094,0.39385
CVE-2022-39313,0.00078,0.32333
CVE-2022-39314,0.00063,0.25287
CVE-2022-39315,0.00096,0.39914
CVE-2022-39316,0.00116,0.45283
CVE-2022-39317,0.00128,0.47431
CVE-2022-39318,0.00113,0.44629
CVE-2022-39319,0.00157,0.52072
CVE-2022-39320,0.00128,0.47431
CVE-2022-39321,0.00119,0.45931
CVE-2022-39322,0.00157,0.52119
CVE-2022-39323,0.00120,0.46156
CVE-2022-39324,0.00139,0.49429
CVE-2022-39325,0.00063,0.25193
CVE-2022-39326,0.00162,0.52810
CVE-2022-39327,0.00333,0.68283
CVE-2022-39328,0.00179,0.55149
CVE-2022-39329,0.00063,0.25093
CVE-2022-3933,0.00092,0.38682
CVE-2022-39330,0.00084,0.34949
CVE-2022-39331,0.00060,0.23655
CVE-2022-39332,0.00060,0.23655
CVE-2022-39333,0.00070,0.28860
CVE-2022-39334,0.00045,0.12069
CVE-2022-39335,0.00072,0.29899
CVE-2022-39337,0.00054,0.20304
CVE-2022-39338,0.00056,0.20767
CVE-2022-39339,0.00059,0.23151
CVE-2022-3934,0.00092,0.38682
CVE-2022-39340,0.00063,0.25093
CVE-2022-39341,0.00148,0.50887
CVE-2022-39342,0.00148,0.50887
CVE-2022-39343,0.00054,0.19411
CVE-2022-39344,0.00425,0.71761
CVE-2022-39345,0.00114,0.44776
CVE-2022-39346,0.00387,0.70504
CVE-2022-39347,0.00111,0.44197
CVE-2022-39348,0.00180,0.55284
CVE-2022-39349,0.00043,0.06775
CVE-2022-3935,0.00056,0.20979
CVE-2022-39350,0.00074,0.30584
CVE-2022-39351,0.00045,0.12069
CVE-2022-39352,0.00166,0.53343
CVE-2022-39353,0.00134,0.48523
CVE-2022-39354,0.00054,0.20312
CVE-2022-39355,0.00180,0.55345
CVE-2022-39356,0.00090,0.37773
CVE-2022-39357,0.00329,0.68059
CVE-2022-39358,0.00064,0.25824
CVE-2022-39359,0.00062,0.24527
CVE-2022-3936,0.00056,0.20979
CVE-2022-39360,0.00048,0.14636
CVE-2022-39361,0.00190,0.56668
CVE-2022-39362,0.00089,0.37280
CVE-2022-39364,0.00089,0.37198
CVE-2022-39365,0.01133,0.83213
CVE-2022-39366,0.00235,0.61734
CVE-2022-39367,0.00060,0.23655
CVE-2022-39368,0.00094,0.39384
CVE-2022-39369,0.00218,0.59847
CVE-2022-3937,0.00056,0.20979
CVE-2022-39370,0.00053,0.18436
CVE-2022-39371,0.00053,0.18436
CVE-2022-39372,0.00053,0.18436
CVE-2022-39373,0.00053,0.18436
CVE-2022-39374,0.00054,0.19153
CVE-2022-39375,0.00053,0.18436
CVE-2022-39376,0.00053,0.18436
CVE-2022-39377,0.00300,0.66442
CVE-2022-39378,0.00063,0.25287
CVE-2022-39379,0.01197,0.83728
CVE-2022-39380,0.00069,0.28764
CVE-2022-39381,0.00049,0.15168
CVE-2022-39382,0.00134,0.48520
CVE-2022-39383,0.00062,0.24527
CVE-2022-39384,0.00135,0.48649
CVE-2022-39385,0.00062,0.24527
CVE-2022-39386,0.00078,0.32333
CVE-2022-39387,0.00139,0.49435
CVE-2022-39388,0.00045,0.12069
CVE-2022-39389,0.00076,0.31408
CVE-2022-3939,0.00156,0.51907
CVE-2022-39392,0.00122,0.46427
CVE-2022-39393,0.00120,0.46101
CVE-2022-39394,0.00180,0.55345
CVE-2022-39395,0.00186,0.55988
CVE-2022-39396,0.00455,0.72670
CVE-2022-39397,0.00048,0.14636
CVE-2022-39398,0.00054,0.19178
CVE-2022-39399,0.00079,0.32901
CVE-2022-3940,0.00156,0.51907
CVE-2022-39400,0.00069,0.28726
CVE-2022-39401,0.00043,0.07727
CVE-2022-39402,0.00049,0.15906
CVE-2022-39403,0.00043,0.07727
CVE-2022-39404,0.00043,0.07727
CVE-2022-39405,0.00069,0.28744
CVE-2022-39406,0.00062,0.24293
CVE-2022-39407,0.00043,0.07727
CVE-2022-39408,0.00106,0.42977
CVE-2022-39409,0.00047,0.14055
CVE-2022-3941,0.00071,0.29157
CVE-2022-39410,0.00106,0.42977
CVE-2022-39411,0.00062,0.24293
CVE-2022-39412,0.00209,0.58921
CVE-2022-39417,0.00043,0.07727
CVE-2022-39419,0.00053,0.18436
CVE-2022-3942,0.00102,0.41311
CVE-2022-39420,0.00053,0.18436
CVE-2022-39421,0.00043,0.07727
CVE-2022-39422,0.00057,0.21457
CVE-2022-39423,0.00044,0.08088
CVE-2022-39424,0.00327,0.67885
CVE-2022-39425,0.00327,0.67885
CVE-2022-39426,0.00327,0.67885
CVE-2022-39427,0.00060,0.23380
CVE-2022-39428,0.00817,0.80021
CVE-2022-39429,0.00047,0.14055
CVE-2022-3943,0.00048,0.14636
CVE-2022-3944,0.00080,0.33382
CVE-2022-3945,0.00059,0.23145
CVE-2022-3946,0.00051,0.17162
CVE-2022-3947,0.00141,0.49739
CVE-2022-3948,0.00141,0.49739
CVE-2022-3949,0.00063,0.25287
CVE-2022-3950,0.00054,0.19178
CVE-2022-3952,0.00045,0.12069
CVE-2022-3955,0.00223,0.60646
CVE-2022-3956,0.00223,0.60646
CVE-2022-3957,0.00173,0.54471
CVE-2022-3958,0.00053,0.18436
CVE-2022-3959,0.00313,0.67143
CVE-2022-3960,0.00044,0.10862
CVE-2022-3961,0.00067,0.27847
CVE-2022-3962,0.00052,0.17770
CVE-2022-3963,0.00048,0.14636
CVE-2022-3964,0.00142,0.49898
CVE-2022-3965,0.00142,0.49898
CVE-2022-3966,0.00120,0.46202
CVE-2022-3967,0.00043,0.06775
CVE-2022-3968,0.00054,0.19178
CVE-2022-3969,0.00045,0.12069
CVE-2022-3970,0.00178,0.55109
CVE-2022-3971,0.00154,0.51680
CVE-2022-3972,0.00137,0.49132
CVE-2022-3973,0.00137,0.49132
CVE-2022-3974,0.00117,0.45476
CVE-2022-3975,0.00063,0.25093
CVE-2022-3976,0.00057,0.21251
CVE-2022-3977,0.00042,0.05722
CVE-2022-3978,0.00083,0.34357
CVE-2022-3979,0.00162,0.52812
CVE-2022-39799,0.00068,0.28132
CVE-2022-3980,0.49036,0.97221
CVE-2022-39800,0.00080,0.33273
CVE-2022-39801,0.00074,0.30555
CVE-2022-39802,0.00179,0.55154
CVE-2022-39803,0.00115,0.45036
CVE-2022-39804,0.00115,0.45036
CVE-2022-39805,0.00115,0.45036
CVE-2022-39806,0.00115,0.45036
CVE-2022-39807,0.00053,0.19117
CVE-2022-39808,0.00115,0.45036
CVE-2022-39809,0.00063,0.25287
CVE-2022-3981,0.00074,0.30736
CVE-2022-39810,0.00063,0.25287
CVE-2022-39811,0.00137,0.49209
CVE-2022-39812,0.00130,0.47800
CVE-2022-39813,0.00067,0.27728
CVE-2022-39814,0.00063,0.25287
CVE-2022-39815,0.00209,0.58937
CVE-2022-39816,0.00064,0.25824
CVE-2022-39817,0.00074,0.30555
CVE-2022-39818,0.00064,0.26395
CVE-2022-39819,0.00109,0.43759
CVE-2022-3982,0.15593,0.95429
CVE-2022-39820,0.00083,0.34508
CVE-2022-39821,0.00135,0.48776
CVE-2022-39822,0.00050,0.16285
CVE-2022-39823,0.00088,0.36991
CVE-2022-39824,0.00099,0.40644
CVE-2022-39828,0.00251,0.63089
CVE-2022-39829,0.00251,0.63089
CVE-2022-3983,0.00056,0.20979
CVE-2022-39830,0.00251,0.63089
CVE-2022-39831,0.00056,0.21221
CVE-2022-39832,0.00056,0.21221
CVE-2022-39833,0.00199,0.57791
CVE-2022-39834,0.00053,0.18436
CVE-2022-39835,0.00068,0.28132
CVE-2022-39836,0.00050,0.16005
CVE-2022-39837,0.00050,0.16005
CVE-2022-39838,0.00347,0.68819
CVE-2022-39839,0.00055,0.20522
CVE-2022-3984,0.00056,0.20979
CVE-2022-39840,0.00056,0.20979
CVE-2022-39842,0.00050,0.15960
CVE-2022-39843,0.00061,0.23869
CVE-2022-39844,0.00042,0.05722
CVE-2022-39845,0.00042,0.05722
CVE-2022-39846,0.00054,0.19335
CVE-2022-39847,0.00043,0.06775
CVE-2022-39848,0.00042,0.05722
CVE-2022-39849,0.00043,0.06775
CVE-2022-3985,0.00056,0.20979
CVE-2022-39850,0.00043,0.06775
CVE-2022-39851,0.00042,0.05722
CVE-2022-39852,0.00042,0.05722
CVE-2022-39853,0.00043,0.06775
CVE-2022-39854,0.00043,0.06775
CVE-2022-39855,0.00044,0.08085
CVE-2022-39856,0.00042,0.05722
CVE-2022-39857,0.00043,0.06775
CVE-2022-39858,0.00044,0.08212
CVE-2022-39859,0.00043,0.06775
CVE-2022-3986,0.00056,0.20979
CVE-2022-39860,0.00044,0.10345
CVE-2022-39861,0.00043,0.06775
CVE-2022-39862,0.00109,0.43811
CVE-2022-39863,0.00058,0.21957
CVE-2022-39864,0.00096,0.39772
CVE-2022-39865,0.00096,0.39772
CVE-2022-39866,0.00096,0.39772
CVE-2022-39867,0.00096,0.39772
CVE-2022-39868,0.00096,0.39772
CVE-2022-39869,0.00098,0.40306
CVE-2022-3987,0.00056,0.20979
CVE-2022-39870,0.00098,0.40306
CVE-2022-39871,0.00098,0.40306
CVE-2022-39872,0.00043,0.06775
CVE-2022-39873,0.00045,0.12108
CVE-2022-39874,0.00043,0.06775
CVE-2022-39875,0.00043,0.06775
CVE-2022-39876,0.00043,0.06775
CVE-2022-39877,0.00058,0.21957
CVE-2022-39878,0.00043,0.06775
CVE-2022-39879,0.00042,0.05722
CVE-2022-3988,0.00126,0.47217
CVE-2022-39880,0.00042,0.05722
CVE-2022-39881,0.00144,0.50185
CVE-2022-39882,0.00042,0.05722
CVE-2022-39883,0.00042,0.05722
CVE-2022-39884,0.00042,0.05722
CVE-2022-39885,0.00042,0.05722
CVE-2022-39886,0.00042,0.05722
CVE-2022-39887,0.00042,0.05722
CVE-2022-39889,0.00043,0.06775
CVE-2022-3989,0.00085,0.35505
CVE-2022-39890,0.00096,0.39772
CVE-2022-39891,0.00096,0.39772
CVE-2022-39892,0.00129,0.47759
CVE-2022-39893,0.00042,0.05722
CVE-2022-39894,0.00043,0.06775
CVE-2022-39895,0.00043,0.06775
CVE-2022-39896,0.00043,0.06775
CVE-2022-39897,0.00043,0.06775
CVE-2022-39898,0.00043,0.06775
CVE-2022-39899,0.00044,0.10345
CVE-2022-3990,0.00043,0.06775
CVE-2022-39900,0.00046,0.13804
CVE-2022-39901,0.00071,0.29374
CVE-2022-39902,0.00113,0.44644
CVE-2022-39903,0.00042,0.05722
CVE-2022-39904,0.00042,0.05722
CVE-2022-39905,0.00043,0.06775
CVE-2022-39906,0.00043,0.06775
CVE-2022-39907,0.00042,0.05722
CVE-2022-39908,0.00047,0.13910
CVE-2022-39909,0.00042,0.05722
CVE-2022-3991,0.00051,0.17233
CVE-2022-39910,0.00052,0.18120
CVE-2022-39911,0.00053,0.19001
CVE-2022-39912,0.00042,0.05722
CVE-2022-39913,0.00042,0.05722
CVE-2022-39914,0.00042,0.05722
CVE-2022-39915,0.00043,0.06775
CVE-2022-3992,0.00063,0.25287
CVE-2022-3993,0.00157,0.52119
CVE-2022-3994,0.00062,0.24786
CVE-2022-39944,0.00223,0.60705
CVE-2022-39945,0.00064,0.25824
CVE-2022-39946,0.00068,0.28011
CVE-2022-39947,0.00106,0.42713
CVE-2022-39948,0.00068,0.27996
CVE-2022-39949,0.00043,0.06775
CVE-2022-3995,0.00048,0.14636
CVE-2022-39950,0.00053,0.18436
CVE-2022-39951,0.00054,0.19496
CVE-2022-39952,0.88721,0.98482
CVE-2022-39953,0.00043,0.06775
CVE-2022-39954,0.00104,0.42034
CVE-2022-39955,0.00631,0.76882
CVE-2022-39956,0.00244,0.62434
CVE-2022-39957,0.00178,0.54977
CVE-2022-39958,0.00183,0.55644
CVE-2022-39959,0.00043,0.06775
CVE-2022-3996,0.00103,0.41690
CVE-2022-39960,0.21270,0.96012
CVE-2022-3997,0.00059,0.23145
CVE-2022-39974,0.00063,0.25189
CVE-2022-39975,0.00053,0.18436
CVE-2022-39976,0.00139,0.49473
CVE-2022-39977,0.00114,0.44848
CVE-2022-39978,0.00114,0.44848
CVE-2022-3998,0.00137,0.49132
CVE-2022-39983,0.00160,0.52615
CVE-2022-39986,0.83220,0.98198
CVE-2022-39987,0.00048,0.14225
CVE-2022-39988,0.00048,0.14834
CVE-2022-39989,0.00063,0.25553
CVE-2022-3999,0.00051,0.17143
CVE-2022-4000,0.00056,0.20979
CVE-2022-40000,0.00069,0.28691
CVE-2022-40001,0.00069,0.28691
CVE-2022-40002,0.00069,0.28691
CVE-2022-40004,0.00191,0.56758
CVE-2022-40005,0.00185,0.55870
CVE-2022-40008,0.00190,0.56585
CVE-2022-40009,0.00229,0.61192
CVE-2022-40010,0.00044,0.10565
CVE-2022-40011,0.00073,0.30295
CVE-2022-40016,0.00053,0.18524
CVE-2022-40021,0.00101,0.41065
CVE-2022-40022,0.84680,0.98264
CVE-2022-40023,0.00136,0.48880
CVE-2022-40026,0.00072,0.29591
CVE-2022-40027,0.00070,0.28896
CVE-2022-40028,0.00060,0.23655
CVE-2022-40029,0.00060,0.23655
CVE-2022-40030,0.00134,0.48520
CVE-2022-40032,0.00174,0.54641
CVE-2022-40034,0.00062,0.24445
CVE-2022-40035,0.00074,0.30464
CVE-2022-40036,0.00067,0.27847
CVE-2022-40037,0.00189,0.56452
CVE-2022-4004,0.00056,0.20979
CVE-2022-40043,0.00080,0.33382
CVE-2022-40044,0.00051,0.17233
CVE-2022-40047,0.00535,0.74789
CVE-2022-40048,0.00249,0.62948
CVE-2022-40049,0.00104,0.42388
CVE-2022-4005,0.00056,0.20979
CVE-2022-40050,0.00229,0.61192
CVE-2022-40055,0.00136,0.48886
CVE-2022-4006,0.00108,0.43479
CVE-2022-40067,0.00075,0.31036
CVE-2022-40068,0.00075,0.31036
CVE-2022-40069,0.00075,0.31036
CVE-2022-4007,0.00172,0.54448
CVE-2022-40070,0.00075,0.31036
CVE-2022-40071,0.00075,0.31036
CVE-2022-40072,0.00075,0.31036
CVE-2022-40073,0.00075,0.31036
CVE-2022-40074,0.00075,0.31036
CVE-2022-40075,0.00075,0.31036
CVE-2022-40076,0.00075,0.31036
CVE-2022-4008,0.00044,0.10345
CVE-2022-40080,0.00042,0.05722
CVE-2022-40082,0.00123,0.46685
CVE-2022-40083,0.02120,0.88073
CVE-2022-40084,0.00075,0.31076
CVE-2022-40087,0.00230,0.61266
CVE-2022-40088,0.00088,0.36832
CVE-2022-40089,0.01112,0.83040
CVE-2022-4009,0.00049,0.15831
CVE-2022-40090,0.00046,0.13740
CVE-2022-40091,0.00072,0.29591
CVE-2022-40092,0.00072,0.29591
CVE-2022-40093,0.00072,0.29591
CVE-2022-40097,0.00072,0.29591
CVE-2022-40098,0.00072,0.29591
CVE-2022-40099,0.00072,0.29591
CVE-2022-4010,0.00056,0.20979
CVE-2022-40100,0.00141,0.49833
CVE-2022-40101,0.00078,0.32333
CVE-2022-40102,0.00078,0.32333
CVE-2022-40103,0.00044,0.10345
CVE-2022-40104,0.00078,0.32333
CVE-2022-40105,0.00078,0.32333
CVE-2022-40106,0.00078,0.32333
CVE-2022-40107,0.00078,0.32333
CVE-2022-40109,0.01589,0.86033
CVE-2022-4011,0.00141,0.49739
CVE-2022-40110,0.00077,0.32025
CVE-2022-40111,0.01589,0.86033
CVE-2022-40112,0.00077,0.32025
CVE-2022-40113,0.00171,0.54245
CVE-2022-40114,0.00171,0.54245
CVE-2022-40115,0.00171,0.54245
CVE-2022-40116,0.00171,0.54245
CVE-2022-40117,0.00171,0.54245
CVE-2022-40118,0.00171,0.54245
CVE-2022-40119,0.00171,0.54245
CVE-2022-4012,0.00137,0.49132
CVE-2022-40120,0.00171,0.54245
CVE-2022-40121,0.00171,0.54245
CVE-2022-40122,0.00171,0.54245
CVE-2022-40123,0.00062,0.24387
CVE-2022-40126,0.00043,0.06775
CVE-2022-40127,0.15600,0.95431
CVE-2022-40128,0.00065,0.27055
CVE-2022-40129,0.00118,0.45812
CVE-2022-4013,0.00103,0.41775
CVE-2022-40130,0.00048,0.14636
CVE-2022-40131,0.00046,0.12710
CVE-2022-40132,0.00046,0.12685
CVE-2022-40133,0.00042,0.05722
CVE-2022-40134,0.00042,0.05722
CVE-2022-40135,0.00042,0.05722
CVE-2022-40136,0.00042,0.05722
CVE-2022-40137,0.00042,0.05722
CVE-2022-40138,0.00292,0.65972
CVE-2022-40139,0.01353,0.84792
CVE-2022-4014,0.00046,0.12685
CVE-2022-40140,0.00045,0.12491
CVE-2022-40141,0.00135,0.48776
CVE-2022-40142,0.00045,0.12491
CVE-2022-40143,0.00045,0.12491
CVE-2022-40144,0.00167,0.53459
CVE-2022-40145,0.00075,0.30769
CVE-2022-40146,0.00138,0.49307
CVE-2022-40147,0.00116,0.45351
CVE-2022-40149,0.00091,0.38563
CVE-2022-4015,0.00137,0.49132
CVE-2022-40150,0.00064,0.26346
CVE-2022-40151,0.00270,0.64499
CVE-2022-40152,0.00246,0.62689
CVE-2022-40159,0.00063,0.25740
CVE-2022-4016,0.00068,0.28102
CVE-2022-40160,0.00063,0.25740
CVE-2022-4017,0.00166,0.53343
CVE-2022-40176,0.00138,0.49298
CVE-2022-40177,0.00089,0.37205
CVE-2022-40178,0.00061,0.23927
CVE-2022-40179,0.00077,0.32021
CVE-2022-4018,0.00076,0.31619
CVE-2022-40180,0.00070,0.29113
CVE-2022-40181,0.00158,0.52303
CVE-2022-40182,0.00077,0.31947
CVE-2022-40183,0.00063,0.25287
CVE-2022-40184,0.00053,0.18436
CVE-2022-40186,0.00127,0.47227
CVE-2022-40187,0.00042,0.05722
CVE-2022-40188,0.00315,0.67317
CVE-2022-40189,0.00464,0.72878
CVE-2022-4019,0.00073,0.30137
CVE-2022-40190,0.00170,0.54075
CVE-2022-40191,0.00053,0.18436
CVE-2022-40192,0.00063,0.25721
CVE-2022-40193,0.00054,0.19178
CVE-2022-40194,0.00179,0.55228
CVE-2022-40195,0.00048,0.14636
CVE-2022-40196,0.00043,0.06775
CVE-2022-40198,0.00046,0.13740
CVE-2022-40199,0.00088,0.37174
CVE-2022-4020,0.00043,0.06775
CVE-2022-40200,0.00081,0.33757
CVE-2022-40201,0.00054,0.19259
CVE-2022-40202,0.00386,0.70445
CVE-2022-40203,0.00050,0.16285
CVE-2022-40204,0.00053,0.18436
CVE-2022-40205,0.00048,0.14636
CVE-2022-40206,0.00048,0.14636
CVE-2022-40207,0.00043,0.06775
CVE-2022-40208,0.00045,0.11801
CVE-2022-40209,0.00063,0.25287
CVE-2022-4021,0.00051,0.16916
CVE-2022-40210,0.00043,0.06775
CVE-2022-40213,0.00053,0.18436
CVE-2022-40215,0.00053,0.18436
CVE-2022-40216,0.00048,0.14636
CVE-2022-40217,0.00089,0.37248
CVE-2022-40219,0.00046,0.12710
CVE-2022-4022,0.00048,0.14636
CVE-2022-40220,0.00187,0.56210
CVE-2022-40222,0.00234,0.61505
CVE-2022-40223,0.00053,0.18436
CVE-2022-40224,0.00088,0.37172
CVE-2022-40226,0.00055,0.20627
CVE-2022-40227,0.00160,0.52580
CVE-2022-40228,0.00048,0.14834
CVE-2022-4023,0.00110,0.43956
CVE-2022-40230,0.00049,0.14997
CVE-2022-40231,0.00059,0.23222
CVE-2022-40232,0.00059,0.23222
CVE-2022-40233,0.00048,0.14236
CVE-2022-40234,0.00087,0.36264
CVE-2022-40235,0.00069,0.28466
CVE-2022-40237,0.00053,0.18492
CVE-2022-40238,0.00133,0.48305
CVE-2022-4024,0.00115,0.45011
CVE-2022-40242,0.00170,0.54075
CVE-2022-40246,0.00043,0.06775
CVE-2022-40248,0.00053,0.18436
CVE-2022-4025,0.00105,0.42684
CVE-2022-40250,0.00042,0.05722
CVE-2022-40257,0.00053,0.18436
CVE-2022-40258,0.00050,0.16429
CVE-2022-40259,0.00249,0.62895
CVE-2022-40261,0.00042,0.05722
CVE-2022-40262,0.00043,0.06775
CVE-2022-40263,0.00043,0.06775
CVE-2022-40264,0.00071,0.29287
CVE-2022-40265,0.00180,0.55276
CVE-2022-40266,0.00126,0.47169
CVE-2022-40267,0.00291,0.65875
CVE-2022-40268,0.00068,0.28020
CVE-2022-40269,0.00150,0.51057
CVE-2022-4027,0.00050,0.15935
CVE-2022-40274,0.00061,0.23869
CVE-2022-40276,0.00059,0.22972
CVE-2022-40277,0.00053,0.19001
CVE-2022-40278,0.00287,0.65667
CVE-2022-40279,0.00251,0.63089
CVE-2022-4028,0.00048,0.14636
CVE-2022-40280,0.00281,0.65259
CVE-2022-40281,0.00303,0.66597
CVE-2022-40282,0.00129,0.47758
CVE-2022-40284,0.00042,0.05722
CVE-2022-40287,0.00089,0.37248
CVE-2022-40288,0.00089,0.37248
CVE-2022-40289,0.00089,0.37248
CVE-2022-4029,0.00059,0.22964
CVE-2022-40290,0.00063,0.25287
CVE-2022-40291,0.00063,0.25721
CVE-2022-40292,0.00069,0.28744
CVE-2022-40293,0.00170,0.54075
CVE-2022-40294,0.00089,0.37248
CVE-2022-40295,0.00064,0.25824
CVE-2022-40296,0.00170,0.54075
CVE-2022-40297,0.00043,0.06775
CVE-2022-40298,0.00089,0.37248
CVE-2022-40299,0.00042,0.05722
CVE-2022-4030,0.00151,0.51307
CVE-2022-40300,0.32957,0.96650
CVE-2022-40302,0.00050,0.16044
CVE-2022-40303,0.00250,0.63024
CVE-2022-40304,0.00094,0.39292
CVE-2022-40305,0.00229,0.61192
CVE-2022-40306,0.00085,0.35234
CVE-2022-40307,0.00042,0.05722
CVE-2022-40308,0.00180,0.55287
CVE-2022-40309,0.00078,0.32630
CVE-2022-4031,0.00057,0.21507
CVE-2022-40310,0.00053,0.18436
CVE-2022-40311,0.00048,0.14636
CVE-2022-40312,0.00049,0.14986
CVE-2022-40313,0.00078,0.32623
CVE-2022-40314,0.00509,0.74126
CVE-2022-40315,0.00132,0.48286
CVE-2022-40316,0.00053,0.18436
CVE-2022-40317,0.00051,0.17233
CVE-2022-40318,0.00050,0.16044
CVE-2022-40319,0.01838,0.87045
CVE-2022-4032,0.00059,0.22964
CVE-2022-40320,0.00143,0.50099
CVE-2022-40322,0.00063,0.25287
CVE-2022-40323,0.00063,0.25287
CVE-2022-40324,0.00063,0.25287
CVE-2022-40325,0.00063,0.25287
CVE-2022-4033,0.00071,0.29170
CVE-2022-40337,0.00227,0.61041
CVE-2022-4034,0.00065,0.26814
CVE-2022-40341,0.00114,0.44848
CVE-2022-40347,0.00129,0.47665
CVE-2022-40348,0.00066,0.27299
CVE-2022-4035,0.00059,0.22964
CVE-2022-40352,0.00072,0.29591
CVE-2022-40353,0.00072,0.29591
CVE-2022-40354,0.00072,0.29591
CVE-2022-40357,0.00260,0.63804
CVE-2022-40358,0.00051,0.17233
CVE-2022-40359,0.00109,0.43858
CVE-2022-4036,0.00071,0.29170
CVE-2022-40361,0.00050,0.16906
CVE-2022-40363,0.00050,0.16005
CVE-2022-40365,0.00066,0.27494
CVE-2022-4037,0.00490,0.73624
CVE-2022-40373,0.00069,0.28691
CVE-2022-4039,0.00068,0.28208
CVE-2022-40402,0.00072,0.29591
CVE-2022-40403,0.00072,0.29591
CVE-2022-40404,0.00072,0.29591
CVE-2022-40405,0.00114,0.44829
CVE-2022-40407,0.00141,0.49798
CVE-2022-40408,0.00056,0.20979
CVE-2022-4041,0.00097,0.40264
CVE-2022-4042,0.00056,0.20979
CVE-2022-40424,0.00197,0.57699
CVE-2022-40425,0.00235,0.61666
CVE-2022-40426,0.00235,0.61666
CVE-2022-40427,0.00197,0.57699
CVE-2022-40428,0.00235,0.61666
CVE-2022-40429,0.00235,0.61666
CVE-2022-4043,0.00085,0.35505
CVE-2022-40430,0.00235,0.61666
CVE-2022-40431,0.00235,0.61666
CVE-2022-40432,0.00153,0.51522
CVE-2022-40433,0.00127,0.47218
CVE-2022-40434,0.00148,0.50851
CVE-2022-40435,0.00058,0.22600
CVE-2022-40438,0.00063,0.25189
CVE-2022-40439,0.00063,0.25189
CVE-2022-4044,0.00070,0.28965
CVE-2022-40440,0.00088,0.36832
CVE-2022-40443,0.00090,0.37735
CVE-2022-40444,0.00090,0.37735
CVE-2022-40446,0.00072,0.29591
CVE-2022-40447,0.00072,0.29591
CVE-2022-4045,0.00073,0.30137
CVE-2022-4046,0.00109,0.43531
CVE-2022-40468,0.00162,0.52827
CVE-2022-40469,0.00669,0.77683
CVE-2022-4047,0.00373,0.69941
CVE-2022-40470,0.00056,0.20979
CVE-2022-40471,0.02345,0.88712
CVE-2022-40472,0.00114,0.44848
CVE-2022-40475,0.64028,0.97599
CVE-2022-40476,0.00042,0.05722
CVE-2022-4048,0.00046,0.12712
CVE-2022-40480,0.00044,0.10345
CVE-2022-40482,0.00063,0.25037
CVE-2022-40483,0.00139,0.49473
CVE-2022-40484,0.00139,0.49473
CVE-2022-40485,0.00139,0.49473
CVE-2022-40486,0.00194,0.57371
CVE-2022-40487,0.00068,0.28132
CVE-2022-40488,0.00047,0.13909
CVE-2022-40489,0.00088,0.36680
CVE-2022-4049,0.03472,0.90627
CVE-2022-40494,0.00264,0.64109
CVE-2022-40497,0.00202,0.58224
CVE-2022-4050,0.04217,0.91418
CVE-2022-40502,0.00055,0.20446
CVE-2022-40503,0.00074,0.30551
CVE-2022-40504,0.00046,0.13740
CVE-2022-40505,0.00078,0.32281
CVE-2022-40507,0.00043,0.06775
CVE-2022-40508,0.00046,0.13740
CVE-2022-4051,0.00223,0.60646
CVE-2022-40510,0.00077,0.31825
CVE-2022-40512,0.00055,0.20446
CVE-2022-40513,0.00055,0.20446
CVE-2022-40514,0.00089,0.37687
CVE-2022-40515,0.00077,0.31825
CVE-2022-40516,0.00043,0.06775
CVE-2022-40517,0.00043,0.06775
CVE-2022-40518,0.00043,0.06775
CVE-2022-40519,0.00043,0.06775
CVE-2022-4052,0.00148,0.50847
CVE-2022-40520,0.00043,0.06775
CVE-2022-40521,0.00046,0.13740
CVE-2022-40522,0.00043,0.06775
CVE-2022-40523,0.00043,0.06775
CVE-2022-40524,0.00043,0.06775
CVE-2022-40525,0.00043,0.06775
CVE-2022-40527,0.00046,0.13740
CVE-2022-40529,0.00043,0.06775
CVE-2022-4053,0.00081,0.33706
CVE-2022-40530,0.00043,0.06775
CVE-2022-40531,0.00043,0.06775
CVE-2022-40532,0.00043,0.06775
CVE-2022-40533,0.00043,0.06775
CVE-2022-40534,0.00043,0.06775
CVE-2022-40535,0.00046,0.13740
CVE-2022-40536,0.00046,0.13740
CVE-2022-40537,0.00077,0.31825
CVE-2022-40538,0.00046,0.13740
CVE-2022-40539,0.00043,0.06775
CVE-2022-4054,0.00064,0.26456
CVE-2022-40540,0.00043,0.06775
CVE-2022-4055,0.00064,0.26295
CVE-2022-4057,0.00129,0.47645
CVE-2022-4058,0.00056,0.20979
CVE-2022-4059,0.01515,0.85667
CVE-2022-4060,0.02591,0.89232
CVE-2022-40602,0.00253,0.63224
CVE-2022-40603,0.00063,0.25287
CVE-2022-40604,0.00182,0.55566
CVE-2022-40605,0.00063,0.25287
CVE-2022-40606,0.00063,0.25287
CVE-2022-40607,0.00055,0.20447
CVE-2022-40608,0.00103,0.41680
CVE-2022-40609,0.00182,0.55598
CVE-2022-4061,0.00146,0.50444
CVE-2022-40615,0.00084,0.35185
CVE-2022-40616,0.00065,0.26775
CVE-2022-40617,0.00148,0.50803
CVE-2022-4062,0.00045,0.12221
CVE-2022-40621,0.00085,0.35241
CVE-2022-40622,0.00065,0.26946
CVE-2022-40623,0.00119,0.45884
CVE-2022-40624,0.00608,0.76374
CVE-2022-40626,0.00075,0.30853
CVE-2022-40628,0.00813,0.79976
CVE-2022-40629,0.00204,0.58393
CVE-2022-4063,0.03443,0.90592
CVE-2022-40630,0.00284,0.65477
CVE-2022-40631,0.00063,0.25287
CVE-2022-40632,0.00059,0.23113
CVE-2022-40633,0.00052,0.18030
CVE-2022-40634,0.00089,0.37248
CVE-2022-40635,0.00089,0.37248
CVE-2022-40636,0.00066,0.27563
CVE-2022-40637,0.00066,0.27563
CVE-2022-40638,0.00066,0.27563
CVE-2022-40639,0.00066,0.27563
CVE-2022-4064,0.00072,0.29866
CVE-2022-40640,0.00066,0.27563
CVE-2022-40641,0.00066,0.27563
CVE-2022-40642,0.00066,0.27563
CVE-2022-40643,0.00066,0.27563
CVE-2022-40644,0.00066,0.27563
CVE-2022-40645,0.00066,0.27563
CVE-2022-40646,0.00066,0.27563
CVE-2022-40647,0.00066,0.27563
CVE-2022-40648,0.00066,0.27563
CVE-2022-40649,0.00066,0.27563
CVE-2022-4065,0.00060,0.23712
CVE-2022-40650,0.00066,0.27563
CVE-2022-40651,0.00066,0.27563
CVE-2022-40652,0.00066,0.27563
CVE-2022-40653,0.00066,0.27563
CVE-2022-40654,0.00066,0.27563
CVE-2022-40655,0.00066,0.27563
CVE-2022-40656,0.00066,0.27563
CVE-2022-40657,0.00066,0.27563
CVE-2022-40658,0.00066,0.27563
CVE-2022-40659,0.00066,0.27563
CVE-2022-4066,0.00085,0.35210
CVE-2022-40660,0.00066,0.27563
CVE-2022-40661,0.00066,0.27563
CVE-2022-40662,0.00066,0.27563
CVE-2022-40663,0.00066,0.27563
CVE-2022-40664,0.01315,0.84569
CVE-2022-4067,0.00048,0.14636
CVE-2022-40671,0.00046,0.12685
CVE-2022-40672,0.00048,0.14636
CVE-2022-40673,0.00047,0.13971
CVE-2022-40674,0.00570,0.75548
CVE-2022-40675,0.00096,0.39800
CVE-2022-40676,0.00044,0.10565
CVE-2022-40677,0.00058,0.22690
CVE-2022-40678,0.00042,0.05722
CVE-2022-40679,0.00043,0.07443
CVE-2022-4068,0.00051,0.17233
CVE-2022-40680,0.00053,0.18436
CVE-2022-40681,0.00043,0.06775
CVE-2022-40682,0.00043,0.06775
CVE-2022-40683,0.00043,0.06775
CVE-2022-40684,0.95976,0.99355
CVE-2022-40685,0.00049,0.14986
CVE-2022-40686,0.00063,0.25721
CVE-2022-40687,0.00063,0.25721
CVE-2022-4069,0.00048,0.14636
CVE-2022-40690,0.00096,0.39775
CVE-2022-40691,0.00090,0.37740
CVE-2022-40692,0.00056,0.21102
CVE-2022-40693,0.00096,0.40025
CVE-2022-40694,0.00053,0.18436
CVE-2022-40695,0.00085,0.35527
CVE-2022-40696,0.00087,0.36261
CVE-2022-40697,0.00053,0.18436
CVE-2022-40698,0.00063,0.25287
CVE-2022-40699,0.00046,0.13740
CVE-2022-4070,0.00180,0.55345
CVE-2022-40700,0.13562,0.95127
CVE-2022-40701,0.00086,0.35859
CVE-2022-40702,0.00045,0.11801
CVE-2022-40703,0.00055,0.20417
CVE-2022-40704,0.00053,0.18466
CVE-2022-40705,0.00254,0.63301
CVE-2022-40707,0.00045,0.12491
CVE-2022-40708,0.00045,0.12491
CVE-2022-40709,0.00045,0.12491
CVE-2022-40710,0.00045,0.12491
CVE-2022-40711,0.00056,0.20979
CVE-2022-40712,0.00063,0.25287
CVE-2022-40713,0.00120,0.46080
CVE-2022-40714,0.00063,0.25287
CVE-2022-40715,0.00120,0.46080
CVE-2022-40716,0.00133,0.48434
CVE-2022-40717,0.00076,0.31292
CVE-2022-40718,0.00076,0.31292
CVE-2022-40719,0.00077,0.31760
CVE-2022-40720,0.00079,0.33066
CVE-2022-40721,0.00160,0.52652
CVE-2022-40722,0.00046,0.12619
CVE-2022-40723,0.00046,0.12619
CVE-2022-40724,0.00058,0.21913
CVE-2022-40725,0.00043,0.06775
CVE-2022-40734,0.01726,0.86580
CVE-2022-40735,0.00480,0.73361
CVE-2022-40736,0.00063,0.25189
CVE-2022-40737,0.00063,0.25189
CVE-2022-40738,0.00062,0.24532
CVE-2022-40739,0.00061,0.23927
CVE-2022-40740,0.00198,0.57753
CVE-2022-40741,0.00246,0.62665
CVE-2022-40742,0.00127,0.47249
CVE-2022-40743,0.00189,0.56475
CVE-2022-40746,0.00042,0.05722
CVE-2022-40747,0.00185,0.55860
CVE-2022-40748,0.00048,0.14834
CVE-2022-40750,0.00048,0.14834
CVE-2022-40751,0.00060,0.23373
CVE-2022-40752,0.00107,0.43170
CVE-2022-40753,0.00048,0.14834
CVE-2022-40754,0.00152,0.51380
CVE-2022-40755,0.00044,0.10345
CVE-2022-40756,0.00089,0.37248
CVE-2022-40757,0.00067,0.27816
CVE-2022-40758,0.00067,0.27816
CVE-2022-40759,0.00067,0.27816
CVE-2022-40760,0.00382,0.70311
CVE-2022-40761,0.00542,0.74974
CVE-2022-40762,0.00067,0.27816
CVE-2022-40764,0.00062,0.24390
CVE-2022-40765,0.00201,0.58129
CVE-2022-40766,0.00127,0.47366
CVE-2022-40768,0.00042,0.05722
CVE-2022-40769,0.00105,0.42396
CVE-2022-40770,0.00104,0.42035
CVE-2022-40771,0.00051,0.17437
CVE-2022-40772,0.00056,0.21019
CVE-2022-40773,0.00127,0.47319
CVE-2022-40774,0.00044,0.10345
CVE-2022-40775,0.00044,0.10345
CVE-2022-40777,0.00085,0.35505
CVE-2022-40778,0.00053,0.18436
CVE-2022-40784,0.00089,0.37248
CVE-2022-40785,0.00151,0.51332
CVE-2022-40797,0.04101,0.91326
CVE-2022-40798,0.00120,0.46097
CVE-2022-40799,0.00085,0.35505
CVE-2022-40805,0.00197,0.57699
CVE-2022-40806,0.00197,0.57699
CVE-2022-40807,0.00197,0.57699
CVE-2022-40808,0.00197,0.57699
CVE-2022-40809,0.00282,0.65317
CVE-2022-40810,0.00282,0.65317
CVE-2022-40811,0.00197,0.57699
CVE-2022-40812,0.00282,0.65317
CVE-2022-40816,0.00048,0.14330
CVE-2022-40817,0.00053,0.18436
CVE-2022-40824,0.00139,0.49473
CVE-2022-40825,0.00139,0.49473
CVE-2022-40826,0.00139,0.49473
CVE-2022-40827,0.00139,0.49473
CVE-2022-40828,0.00139,0.49473
CVE-2022-40829,0.00139,0.49473
CVE-2022-40830,0.00139,0.49473
CVE-2022-40831,0.00139,0.49473
CVE-2022-40832,0.00139,0.49473
CVE-2022-40833,0.00139,0.49473
CVE-2022-40834,0.00139,0.49473
CVE-2022-40835,0.00139,0.49473
CVE-2022-40839,0.00178,0.55046
CVE-2022-40840,0.00063,0.25579
CVE-2022-40841,0.00075,0.31076
CVE-2022-40842,0.00163,0.53004
CVE-2022-40843,0.33771,0.96686
CVE-2022-40844,0.00055,0.20522
CVE-2022-40845,0.00067,0.27847
CVE-2022-40846,0.00055,0.20522
CVE-2022-40847,0.00058,0.22693
CVE-2022-40849,0.00056,0.20979
CVE-2022-40851,0.00190,0.56585
CVE-2022-40853,0.00190,0.56585
CVE-2022-40854,0.00190,0.56585
CVE-2022-40855,0.00395,0.70819
CVE-2022-40860,0.00190,0.56585
CVE-2022-40861,0.00085,0.35505
CVE-2022-40862,0.00164,0.53129
CVE-2022-40864,0.00164,0.53129
CVE-2022-40865,0.00164,0.53129
CVE-2022-40866,0.00190,0.56585
CVE-2022-40867,0.00190,0.56585
CVE-2022-40868,0.00190,0.56585
CVE-2022-40869,0.00164,0.53129
CVE-2022-4087,0.00048,0.14636
CVE-2022-40870,0.00324,0.67756
CVE-2022-40871,0.00229,0.61192
CVE-2022-40872,0.00139,0.49473
CVE-2022-40874,0.00075,0.31036
CVE-2022-40875,0.00075,0.31036
CVE-2022-40876,0.00666,0.77614
CVE-2022-40877,0.00167,0.53518
CVE-2022-40878,0.00461,0.72826
CVE-2022-40879,0.00918,0.81205
CVE-2022-4088,0.00137,0.49132
CVE-2022-40881,0.96166,0.99400
CVE-2022-40884,0.00050,0.16034
CVE-2022-40885,0.00050,0.16034
CVE-2022-40886,0.00122,0.46494
CVE-2022-40887,0.00139,0.49473
CVE-2022-40889,0.00129,0.47675
CVE-2022-4089,0.00059,0.23145
CVE-2022-40890,0.00075,0.31036
CVE-2022-40895,0.00296,0.66231
CVE-2022-40896,0.00044,0.08085
CVE-2022-40897,0.00323,0.67715
CVE-2022-40898,0.00249,0.62876
CVE-2022-40899,0.00338,0.68462
CVE-2022-4090,0.00103,0.41775
CVE-2022-40903,0.00059,0.22828
CVE-2022-4091,0.00059,0.23145
CVE-2022-40912,0.00068,0.28174
CVE-2022-40918,0.00472,0.73119
CVE-2022-4092,0.00188,0.56340
CVE-2022-40921,0.00122,0.46494
CVE-2022-40922,0.00063,0.25189
CVE-2022-40923,0.00063,0.25189
CVE-2022-40924,0.00085,0.35505
CVE-2022-40925,0.00085,0.35505
CVE-2022-40926,0.00072,0.29591
CVE-2022-40927,0.00072,0.29591
CVE-2022-40928,0.00072,0.29591
CVE-2022-40929,0.00206,0.58600
CVE-2022-4093,0.00137,0.49132
CVE-2022-40931,0.00059,0.23145
CVE-2022-40932,0.00085,0.35505
CVE-2022-40933,0.00072,0.29591
CVE-2022-40934,0.00072,0.29591
CVE-2022-40935,0.00072,0.29591
CVE-2022-40939,0.00067,0.27847
CVE-2022-40942,0.00190,0.56585
CVE-2022-40943,0.00132,0.48286
CVE-2022-40944,0.00124,0.46836
CVE-2022-40946,0.00326,0.67853
CVE-2022-4095,0.00042,0.05722
CVE-2022-40954,0.00060,0.23596
CVE-2022-40955,0.00312,0.67084
CVE-2022-40956,0.00120,0.46133
CVE-2022-40957,0.00097,0.40222
CVE-2022-40958,0.00097,0.40078
CVE-2022-40959,0.00104,0.42332
CVE-2022-4096,0.00062,0.24290
CVE-2022-40960,0.00097,0.40222
CVE-2022-40961,0.00074,0.30462
CVE-2022-40962,0.00174,0.54573
CVE-2022-40963,0.00048,0.14636
CVE-2022-40964,0.00042,0.05722
CVE-2022-40965,0.00053,0.18436
CVE-2022-40966,0.00060,0.23528
CVE-2022-40967,0.00074,0.30736
CVE-2022-40968,0.00063,0.25287
CVE-2022-40969,0.00131,0.48048
CVE-2022-4097,0.00067,0.27728
CVE-2022-40971,0.00043,0.06775
CVE-2022-40972,0.00043,0.06775
CVE-2022-40974,0.00043,0.06775
CVE-2022-40976,0.00049,0.15009
CVE-2022-40977,0.00134,0.48522
CVE-2022-40978,0.00054,0.20300
CVE-2022-40979,0.00063,0.25287
CVE-2022-4098,0.00055,0.20600
CVE-2022-40980,0.00095,0.39642
CVE-2022-40981,0.00170,0.54075
CVE-2022-40982,0.00111,0.44133
CVE-2022-40983,0.00212,0.59245
CVE-2022-40984,0.00187,0.56249
CVE-2022-40985,0.00244,0.62404
CVE-2022-40986,0.00244,0.62404
CVE-2022-40987,0.00244,0.62404
CVE-2022-40988,0.00244,0.62404
CVE-2022-40989,0.00244,0.62404
CVE-2022-4099,0.00160,0.52634
CVE-2022-40990,0.00244,0.62404
CVE-2022-40991,0.00244,0.62404
CVE-2022-40992,0.00244,0.62404
CVE-2022-40993,0.00244,0.62404
CVE-2022-40994,0.00244,0.62404
CVE-2022-40995,0.00244,0.62404
CVE-2022-40996,0.00244,0.62404
CVE-2022-40997,0.00244,0.62404
CVE-2022-40998,0.00244,0.62404
CVE-2022-40999,0.00244,0.62404
CVE-2022-41000,0.00294,0.66103
CVE-2022-41001,0.00294,0.66103
CVE-2022-41002,0.00294,0.66103
CVE-2022-41003,0.00294,0.66103
CVE-2022-41004,0.00294,0.66103
CVE-2022-41005,0.00294,0.66103
CVE-2022-41006,0.00294,0.66103
CVE-2022-41007,0.00294,0.66103
CVE-2022-41008,0.00294,0.66103
CVE-2022-41009,0.00294,0.66103
CVE-2022-4101,0.00138,0.49297
CVE-2022-41010,0.00294,0.66103
CVE-2022-41011,0.00294,0.66103
CVE-2022-41012,0.00294,0.66103
CVE-2022-41013,0.00294,0.66103
CVE-2022-41014,0.00294,0.66103
CVE-2022-41015,0.00294,0.66103
CVE-2022-41016,0.00294,0.66103
CVE-2022-41017,0.00294,0.66103
CVE-2022-41018,0.00294,0.66103
CVE-2022-41019,0.00294,0.66103
CVE-2022-4102,0.00051,0.17162
CVE-2022-41020,0.00117,0.45572
CVE-2022-41021,0.00117,0.45572
CVE-2022-41022,0.00117,0.45572
CVE-2022-41023,0.00117,0.45572
CVE-2022-41024,0.00117,0.45572
CVE-2022-41025,0.00117,0.45572
CVE-2022-41026,0.00117,0.45572
CVE-2022-41027,0.00117,0.45572
CVE-2022-41028,0.00117,0.45572
CVE-2022-41029,0.00117,0.45572
CVE-2022-4103,0.00051,0.17162
CVE-2022-41030,0.00294,0.66103
CVE-2022-41031,0.00183,0.55654
CVE-2022-41032,0.00048,0.14351
CVE-2022-41033,0.00255,0.63478
CVE-2022-41034,0.00434,0.72027
CVE-2022-41035,0.00093,0.39258
CVE-2022-41036,0.00762,0.79253
CVE-2022-41037,0.00762,0.79253
CVE-2022-41038,0.00762,0.79253
CVE-2022-41039,0.00517,0.74335
CVE-2022-4104,0.00044,0.10345
CVE-2022-41040,0.95526,0.99264
CVE-2022-41042,0.00216,0.59627
CVE-2022-41043,0.00043,0.07315
CVE-2022-41044,0.00517,0.74335
CVE-2022-41045,0.00043,0.07315
CVE-2022-41047,0.01878,0.87208
CVE-2022-41048,0.01878,0.87208
CVE-2022-41049,0.00278,0.65044
CVE-2022-4105,0.00051,0.17233
CVE-2022-41050,0.00043,0.07315
CVE-2022-41051,0.00139,0.49438
CVE-2022-41052,0.00169,0.53836
CVE-2022-41053,0.00111,0.44186
CVE-2022-41054,0.00043,0.07315
CVE-2022-41055,0.00043,0.07315
CVE-2022-41056,0.00111,0.44186
CVE-2022-41057,0.00043,0.07315
CVE-2022-41058,0.00111,0.44186
CVE-2022-4106,0.00199,0.57815
CVE-2022-41060,0.00075,0.30768
CVE-2022-41061,0.00139,0.49438
CVE-2022-41062,0.00738,0.78883
CVE-2022-41063,0.00139,0.49438
CVE-2022-41064,0.00043,0.07315
CVE-2022-41066,0.00308,0.66936
CVE-2022-4107,0.00192,0.56915
CVE-2022-41073,0.00217,0.59764
CVE-2022-41074,0.00043,0.07315
CVE-2022-41076,0.00869,0.80627
CVE-2022-41077,0.00043,0.07315
CVE-2022-41078,0.00056,0.21072
CVE-2022-41079,0.00056,0.21072
CVE-2022-4108,0.00067,0.27847
CVE-2022-41080,0.01894,0.87277
CVE-2022-41081,0.00988,0.81938
CVE-2022-41082,0.36711,0.96805
CVE-2022-41083,0.00043,0.07315
CVE-2022-41085,0.00052,0.17990
CVE-2022-41086,0.00043,0.07315
CVE-2022-41088,0.00517,0.74335
CVE-2022-41089,0.00223,0.60675
CVE-2022-4109,0.00056,0.20979
CVE-2022-41090,0.00155,0.51829
CVE-2022-41091,0.00313,0.67126
CVE-2022-41092,0.00043,0.07494
CVE-2022-41093,0.00043,0.07315
CVE-2022-41094,0.00043,0.07315
CVE-2022-41095,0.00043,0.07315
CVE-2022-41096,0.00043,0.07315
CVE-2022-41097,0.01275,0.84289
CVE-2022-41098,0.00075,0.30768
CVE-2022-41099,0.00148,0.50845
CVE-2022-4110,0.00056,0.20979
CVE-2022-41100,0.00043,0.07315
CVE-2022-41101,0.00043,0.07315
CVE-2022-41102,0.00043,0.07315
CVE-2022-41103,0.00075,0.30768
CVE-2022-41104,0.00072,0.29902
CVE-2022-41105,0.00075,0.30768
CVE-2022-41106,0.00738,0.78883
CVE-2022-41107,0.00169,0.53836
CVE-2022-41109,0.00043,0.07315
CVE-2022-4111,0.00066,0.27252
CVE-2022-41113,0.00043,0.07315
CVE-2022-41114,0.00043,0.07315
CVE-2022-41115,0.00192,0.57134
CVE-2022-41116,0.00155,0.51829
CVE-2022-41118,0.00468,0.73014
CVE-2022-41119,0.00139,0.49438
CVE-2022-4112,0.00056,0.20979
CVE-2022-41120,0.00044,0.08140
CVE-2022-41121,0.00043,0.07494
CVE-2022-41122,0.00118,0.45709
CVE-2022-41123,0.00043,0.07494
CVE-2022-41125,0.00043,0.05860
CVE-2022-41127,0.00622,0.76703
CVE-2022-41128,0.21792,0.96046
CVE-2022-41131,0.00060,0.23596
CVE-2022-41132,0.00063,0.25287
CVE-2022-41133,0.00074,0.30736
CVE-2022-41134,0.00056,0.21102
CVE-2022-41135,0.00063,0.25287
CVE-2022-41136,0.00085,0.35527
CVE-2022-41138,0.00163,0.52952
CVE-2022-41139,0.00062,0.24445
CVE-2022-4114,0.00056,0.20979
CVE-2022-41140,0.00076,0.31292
CVE-2022-41141,0.00045,0.12491
CVE-2022-41142,0.00170,0.54083
CVE-2022-41143,0.00073,0.30214
CVE-2022-41144,0.00073,0.30214
CVE-2022-41145,0.00063,0.25703
CVE-2022-41146,0.00063,0.25703
CVE-2022-41147,0.00073,0.30214
CVE-2022-41148,0.00073,0.30214
CVE-2022-41149,0.00073,0.30214
CVE-2022-4115,0.00045,0.11801
CVE-2022-41150,0.00073,0.30214
CVE-2022-41151,0.00073,0.30214
CVE-2022-41152,0.00073,0.30214
CVE-2022-41153,0.00063,0.25703
CVE-2022-41154,0.00117,0.45566
CVE-2022-41155,0.00180,0.55345
CVE-2022-41156,0.00066,0.27253
CVE-2022-41157,0.00170,0.54075
CVE-2022-41158,0.01273,0.84273
CVE-2022-4116,0.00473,0.73143
CVE-2022-41166,0.00053,0.19117
CVE-2022-41167,0.00115,0.45036
CVE-2022-41168,0.00115,0.45036
CVE-2022-41169,0.00053,0.19117
CVE-2022-4117,0.03868,0.91082
CVE-2022-41170,0.00115,0.45036
CVE-2022-41171,0.00053,0.19117
CVE-2022-41172,0.00115,0.45036
CVE-2022-41173,0.00053,0.19117
CVE-2022-41174,0.00050,0.16034
CVE-2022-41175,0.00115,0.45036
CVE-2022-41176,0.00053,0.19117
CVE-2022-41177,0.00115,0.45036
CVE-2022-41178,0.00053,0.19117
CVE-2022-41179,0.00115,0.45036
CVE-2022-4118,0.00109,0.43556
CVE-2022-41180,0.00115,0.45036
CVE-2022-41181,0.00053,0.19117
CVE-2022-41182,0.00053,0.19117
CVE-2022-41183,0.00053,0.19117
CVE-2022-41184,0.00115,0.45036
CVE-2022-41185,0.00108,0.43326
CVE-2022-41186,0.00148,0.50732
CVE-2022-41187,0.00148,0.50732
CVE-2022-41188,0.00065,0.26797
CVE-2022-41189,0.00148,0.50732
CVE-2022-4119,0.00056,0.20979
CVE-2022-41190,0.00148,0.50732
CVE-2022-41191,0.00148,0.50732
CVE-2022-41192,0.00065,0.26797
CVE-2022-41193,0.00148,0.50732
CVE-2022-41194,0.00060,0.23528
CVE-2022-41195,0.00148,0.50732
CVE-2022-41196,0.00148,0.50732
CVE-2022-41197,0.00065,0.26797
CVE-2022-41198,0.00148,0.50732
CVE-2022-41199,0.00148,0.50732
CVE-2022-4120,0.00229,0.61192
CVE-2022-41200,0.00148,0.50732
CVE-2022-41201,0.00130,0.47880
CVE-2022-41202,0.00148,0.50732
CVE-2022-41203,0.00093,0.39083
CVE-2022-41204,0.00187,0.56249
CVE-2022-41205,0.00043,0.06775
CVE-2022-41206,0.00053,0.18436
CVE-2022-41207,0.00075,0.30853
CVE-2022-41208,0.00053,0.18436
CVE-2022-41209,0.00049,0.15140
CVE-2022-4121,0.00051,0.16935
CVE-2022-41210,0.00057,0.21257
CVE-2022-41211,0.00081,0.33507
CVE-2022-41212,0.00062,0.24614
CVE-2022-41214,0.00073,0.30137
CVE-2022-41215,0.00075,0.30853
CVE-2022-41216,0.00059,0.22984
CVE-2022-41217,0.00105,0.42673
CVE-2022-41218,0.00043,0.07627
CVE-2022-4122,0.00054,0.19178
CVE-2022-41220,0.00229,0.61192
CVE-2022-41221,0.00052,0.18120
CVE-2022-41222,0.00059,0.22961
CVE-2022-41223,0.00201,0.58129
CVE-2022-41224,0.00075,0.30816
CVE-2022-41225,0.00075,0.30816
CVE-2022-41226,0.00170,0.54075
CVE-2022-41227,0.00063,0.25721
CVE-2022-41228,0.00089,0.37248
CVE-2022-41229,0.00075,0.30816
CVE-2022-4123,0.00044,0.08212
CVE-2022-41230,0.00053,0.18285
CVE-2022-41231,0.00063,0.25578
CVE-2022-41232,0.00054,0.19373
CVE-2022-41233,0.00053,0.18285
CVE-2022-41234,0.00089,0.37248
CVE-2022-41235,0.00063,0.25287
CVE-2022-41236,0.00063,0.25721
CVE-2022-41237,0.00397,0.70863
CVE-2022-41238,0.00209,0.58835
CVE-2022-41239,0.00075,0.30816
CVE-2022-4124,0.00113,0.44633
CVE-2022-41240,0.00075,0.30816
CVE-2022-41241,0.00137,0.49139
CVE-2022-41242,0.00053,0.18285
CVE-2022-41243,0.00163,0.52993
CVE-2022-41244,0.00163,0.52993
CVE-2022-41245,0.00081,0.33716
CVE-2022-41246,0.00071,0.29448
CVE-2022-41247,0.00053,0.18285
CVE-2022-41248,0.00068,0.28132
CVE-2022-41249,0.00067,0.27731
CVE-2022-4125,0.00113,0.44633
CVE-2022-41250,0.00064,0.25824
CVE-2022-41251,0.00053,0.18285
CVE-2022-41252,0.00053,0.18285
CVE-2022-41253,0.00067,0.27731
CVE-2022-41254,0.00064,0.25824
CVE-2022-41255,0.00064,0.25824
CVE-2022-41258,0.00065,0.26817
CVE-2022-41259,0.00073,0.30137
CVE-2022-4126,0.00091,0.38380
CVE-2022-41260,0.00075,0.30853
CVE-2022-41261,0.00043,0.06775
CVE-2022-41262,0.00075,0.30853
CVE-2022-41263,0.00044,0.10707
CVE-2022-41264,0.00094,0.39433
CVE-2022-41266,0.00075,0.30928
CVE-2022-41267,0.00089,0.37248
CVE-2022-41268,0.00089,0.37248
CVE-2022-4127,0.00042,0.05722
CVE-2022-41271,0.00154,0.51675
CVE-2022-41272,0.00201,0.58118
CVE-2022-41273,0.00068,0.28132
CVE-2022-41274,0.00064,0.25824
CVE-2022-41275,0.00075,0.30853
CVE-2022-41278,0.00045,0.12244
CVE-2022-41279,0.00045,0.12244
CVE-2022-4128,0.00042,0.05722
CVE-2022-41280,0.00045,0.12244
CVE-2022-41281,0.00051,0.17150
CVE-2022-41282,0.00051,0.17150
CVE-2022-41283,0.00051,0.17035
CVE-2022-41284,0.00051,0.17150
CVE-2022-41285,0.00051,0.17035
CVE-2022-41286,0.00051,0.17035
CVE-2022-41287,0.00045,0.12244
CVE-2022-41288,0.00045,0.12244
CVE-2022-4129,0.00042,0.05722
CVE-2022-41290,0.00050,0.16467
CVE-2022-41291,0.00048,0.14834
CVE-2022-41294,0.00061,0.23847
CVE-2022-41296,0.00060,0.23227
CVE-2022-41297,0.00044,0.10355
CVE-2022-41299,0.00048,0.14834
CVE-2022-4130,0.00053,0.18436
CVE-2022-41301,0.00055,0.20546
CVE-2022-41302,0.00055,0.20546
CVE-2022-41303,0.00054,0.20300
CVE-2022-41304,0.00055,0.20546
CVE-2022-41305,0.00055,0.20546
CVE-2022-41306,0.00055,0.20546
CVE-2022-41307,0.00055,0.20546
CVE-2022-41308,0.00055,0.20546
CVE-2022-41309,0.00055,0.20546
CVE-2022-4131,0.00080,0.33428
CVE-2022-41310,0.00055,0.20546
CVE-2022-41311,0.00069,0.28766
CVE-2022-41312,0.00069,0.28441
CVE-2022-41313,0.00069,0.28441
CVE-2022-41314,0.00043,0.06775
CVE-2022-41315,0.00053,0.18436
CVE-2022-41316,0.00079,0.33077
CVE-2022-41317,0.00105,0.42417
CVE-2022-41318,0.00091,0.38392
CVE-2022-41319,0.00063,0.25287
CVE-2022-4132,0.00046,0.13740
CVE-2022-41320,0.00064,0.25824
CVE-2022-41322,0.00083,0.34343
CVE-2022-41323,0.00272,0.64626
CVE-2022-41325,0.00071,0.29226
CVE-2022-41326,0.00431,0.71934
CVE-2022-41327,0.00043,0.06775
CVE-2022-41328,0.05859,0.92700
CVE-2022-41329,0.00067,0.27693
CVE-2022-41330,0.00047,0.13991
CVE-2022-41331,0.00147,0.50724
CVE-2022-41333,0.00052,0.17889
CVE-2022-41334,0.00068,0.28020
CVE-2022-41335,0.00121,0.46294
CVE-2022-41336,0.00061,0.23927
CVE-2022-41339,0.00045,0.12308
CVE-2022-4134,0.00057,0.21535
CVE-2022-41340,0.00083,0.34453
CVE-2022-41342,0.00043,0.06775
CVE-2022-41343,0.00244,0.62440
CVE-2022-41347,0.00042,0.05722
CVE-2022-41348,0.00068,0.28132
CVE-2022-41349,0.00068,0.28132
CVE-2022-4135,0.01766,0.86719
CVE-2022-41350,0.00068,0.28132
CVE-2022-41351,0.00068,0.28132
CVE-2022-41352,0.96272,0.99429
CVE-2022-41354,0.00053,0.19001
CVE-2022-41355,0.00072,0.29591
CVE-2022-41358,0.00409,0.71244
CVE-2022-4136,0.00157,0.52119
CVE-2022-4137,0.00062,0.24806
CVE-2022-41376,0.00068,0.28174
CVE-2022-41377,0.00072,0.29591
CVE-2022-41378,0.00072,0.29591
CVE-2022-41379,0.00114,0.44848
CVE-2022-4138,0.00078,0.32242
CVE-2022-41380,0.00242,0.62240
CVE-2022-41381,0.00242,0.62240
CVE-2022-41382,0.00242,0.62240
CVE-2022-41383,0.00242,0.62240
CVE-2022-41384,0.00242,0.62240
CVE-2022-41385,0.00242,0.62240
CVE-2022-41386,0.00242,0.62240
CVE-2022-41387,0.00242,0.62240
CVE-2022-4139,0.00042,0.05722
CVE-2022-41390,0.00139,0.49473
CVE-2022-41391,0.00139,0.49473
CVE-2022-41392,0.00059,0.22987
CVE-2022-41395,0.00058,0.22617
CVE-2022-41396,0.00058,0.22619
CVE-2022-41397,0.00091,0.38380
CVE-2022-41398,0.00087,0.36261
CVE-2022-41399,0.00087,0.36261
CVE-2022-4140,0.01317,0.84579
CVE-2022-41400,0.00091,0.38380
CVE-2022-41401,0.00063,0.25738
CVE-2022-41403,0.00141,0.49796
CVE-2022-41404,0.00069,0.28682
CVE-2022-41406,0.00114,0.44848
CVE-2022-41407,0.00072,0.29591
CVE-2022-41408,0.00101,0.41121
CVE-2022-41409,0.00046,0.13740
CVE-2022-4141,0.00064,0.26290
CVE-2022-41412,0.00120,0.46101
CVE-2022-41413,0.00074,0.30667
CVE-2022-41414,0.00053,0.18608
CVE-2022-41415,0.00160,0.52609
CVE-2022-41416,0.00072,0.29591
CVE-2022-41417,0.00148,0.50755
CVE-2022-41418,0.00161,0.52710
CVE-2022-41419,0.00063,0.25189
CVE-2022-4142,0.00056,0.20979
CVE-2022-41420,0.00044,0.10345
CVE-2022-41423,0.00063,0.25189
CVE-2022-41424,0.00063,0.25189
CVE-2022-41425,0.00063,0.25189
CVE-2022-41426,0.00063,0.25189
CVE-2022-41427,0.00063,0.25189
CVE-2022-41428,0.00159,0.52381
CVE-2022-41429,0.00159,0.52381
CVE-2022-4143,0.00051,0.17406
CVE-2022-41430,0.00159,0.52381
CVE-2022-41431,0.00098,0.40338
CVE-2022-41432,0.00053,0.18436
CVE-2022-41433,0.00053,0.18436
CVE-2022-41434,0.00063,0.25287
CVE-2022-41435,0.00051,0.17233
CVE-2022-41436,0.00275,0.64860
CVE-2022-41437,0.00085,0.35505
CVE-2022-41439,0.00085,0.35505
CVE-2022-4144,0.00042,0.05722
CVE-2022-41440,0.00085,0.35505
CVE-2022-41441,0.00138,0.49335
CVE-2022-41442,0.00059,0.23145
CVE-2022-41443,0.00229,0.61192
CVE-2022-41444,0.00046,0.13740
CVE-2022-41445,0.00100,0.40994
CVE-2022-41446,0.00092,0.38845
CVE-2022-4145,0.00073,0.30201
CVE-2022-4146,0.00129,0.47657
CVE-2022-4147,0.00170,0.54075
CVE-2022-41471,0.00049,0.14997
CVE-2022-41472,0.00056,0.20979
CVE-2022-41473,0.01051,0.82501
CVE-2022-41474,0.00054,0.19132
CVE-2022-41475,0.00088,0.36680
CVE-2022-41477,0.00241,0.62195
CVE-2022-41479,0.00166,0.53354
CVE-2022-4148,0.00045,0.11801
CVE-2022-41480,0.00088,0.36991
CVE-2022-41481,0.00088,0.36991
CVE-2022-41482,0.00088,0.36991
CVE-2022-41483,0.00088,0.36991
CVE-2022-41484,0.00088,0.36991
CVE-2022-41485,0.00088,0.36991
CVE-2022-41489,0.00054,0.19132
CVE-2022-4149,0.00042,0.05722
CVE-2022-41495,0.00229,0.61192
CVE-2022-41496,0.00229,0.61192
CVE-2022-41497,0.00229,0.61192
CVE-2022-41498,0.00072,0.29591
CVE-2022-4150,0.00076,0.31136
CVE-2022-41500,0.00088,0.36680
CVE-2022-41504,0.00114,0.44848
CVE-2022-41505,0.00062,0.24380
CVE-2022-4151,0.00076,0.31136
CVE-2022-41512,0.00114,0.44848
CVE-2022-41513,0.00072,0.29591
CVE-2022-41514,0.00072,0.29591
CVE-2022-41515,0.00072,0.29591
CVE-2022-41517,0.00085,0.35442
CVE-2022-41518,0.64028,0.97599
CVE-2022-4152,0.00076,0.31136
CVE-2022-41520,0.00085,0.35442
CVE-2022-41521,0.00085,0.35442
CVE-2022-41522,0.00198,0.57734
CVE-2022-41523,0.00085,0.35442
CVE-2022-41524,0.00085,0.35442
CVE-2022-41525,0.18906,0.95813
CVE-2022-41526,0.00085,0.35442
CVE-2022-41527,0.00085,0.35442
CVE-2022-41528,0.00085,0.35442
CVE-2022-4153,0.00076,0.31136
CVE-2022-41530,0.00072,0.29591
CVE-2022-41532,0.00072,0.29591
CVE-2022-41533,0.00114,0.44848
CVE-2022-41534,0.00114,0.44848
CVE-2022-41535,0.00072,0.29591
CVE-2022-41536,0.00072,0.29591
CVE-2022-41537,0.00114,0.44848
CVE-2022-41538,0.00114,0.44848
CVE-2022-41539,0.00114,0.44848
CVE-2022-4154,0.00076,0.31136
CVE-2022-41540,0.00070,0.28865
CVE-2022-41541,0.00118,0.45659
CVE-2022-41542,0.00137,0.49050
CVE-2022-41544,0.01342,0.84712
CVE-2022-41547,0.00176,0.54856
CVE-2022-4155,0.00076,0.31136
CVE-2022-41550,0.00065,0.27123
CVE-2022-41551,0.00072,0.29591
CVE-2022-41552,0.00170,0.54075
CVE-2022-41553,0.00042,0.05722
CVE-2022-41554,0.00045,0.11801
CVE-2022-41555,0.00053,0.18436
CVE-2022-41556,0.00168,0.53815
CVE-2022-41558,0.00053,0.18436
CVE-2022-41559,0.00141,0.49837
CVE-2022-4156,0.00175,0.54713
CVE-2022-41560,0.00073,0.30137
CVE-2022-41561,0.00198,0.57767
CVE-2022-41562,0.00089,0.37248
CVE-2022-41563,0.00053,0.18285
CVE-2022-41564,0.00052,0.18157
CVE-2022-41565,0.00048,0.14685
CVE-2022-41566,0.00048,0.14685
CVE-2022-41567,0.00048,0.14685
CVE-2022-41568,0.00078,0.32333
CVE-2022-4157,0.00076,0.31136
CVE-2022-41570,0.00120,0.46156
CVE-2022-41571,0.00141,0.49765
CVE-2022-41574,0.00118,0.45818
CVE-2022-41575,0.00166,0.53308
CVE-2022-41576,0.00043,0.06775
CVE-2022-41577,0.00043,0.06775
CVE-2022-41578,0.00187,0.56249
CVE-2022-41579,0.00063,0.25287
CVE-2022-4158,0.00175,0.54713
CVE-2022-41580,0.00187,0.56249
CVE-2022-41581,0.00145,0.50335
CVE-2022-41582,0.00088,0.36991
CVE-2022-41583,0.00069,0.28630
CVE-2022-41584,0.00043,0.06775
CVE-2022-41585,0.00043,0.06775
CVE-2022-41586,0.00143,0.50015
CVE-2022-41587,0.00069,0.28764
CVE-2022-41588,0.00065,0.26878
CVE-2022-41589,0.00088,0.36991
CVE-2022-4159,0.00076,0.31136
CVE-2022-41590,0.00043,0.06775
CVE-2022-41591,0.00152,0.51431
CVE-2022-41592,0.00043,0.06775
CVE-2022-41593,0.00043,0.06775
CVE-2022-41594,0.00043,0.06775
CVE-2022-41595,0.00043,0.06775
CVE-2022-41596,0.00073,0.29996
CVE-2022-41597,0.00043,0.06775
CVE-2022-41598,0.00043,0.06775
CVE-2022-41599,0.00187,0.56079
CVE-2022-4160,0.00076,0.31136
CVE-2022-41600,0.00043,0.06775
CVE-2022-41601,0.00043,0.06775
CVE-2022-41602,0.00043,0.06775
CVE-2022-41603,0.00043,0.06775
CVE-2022-41604,0.00042,0.05722
CVE-2022-41606,0.00073,0.30137
CVE-2022-41607,0.00144,0.50233
CVE-2022-41608,0.00058,0.21913
CVE-2022-41609,0.00089,0.37280
CVE-2022-4161,0.00076,0.31136
CVE-2022-41610,0.00043,0.06775
CVE-2022-41611,0.00053,0.18436
CVE-2022-41612,0.00045,0.11801
CVE-2022-41613,0.00075,0.30765
CVE-2022-41614,0.00043,0.06775
CVE-2022-41615,0.00046,0.12710
CVE-2022-41616,0.00091,0.38380
CVE-2022-41617,0.00143,0.50180
CVE-2022-41618,0.00054,0.19178
CVE-2022-41619,0.00046,0.12619
CVE-2022-4162,0.00076,0.31136
CVE-2022-41620,0.00056,0.21102
CVE-2022-41621,0.00043,0.06775
CVE-2022-41622,0.42249,0.96999
CVE-2022-41623,0.00143,0.50015
CVE-2022-41624,0.00078,0.32333
CVE-2022-41627,0.00044,0.08224
CVE-2022-41628,0.00043,0.06775
CVE-2022-41629,0.00161,0.52746
CVE-2022-4163,0.00076,0.31136
CVE-2022-41633,0.00058,0.21913
CVE-2022-41634,0.00085,0.35527
CVE-2022-41635,0.00058,0.21913
CVE-2022-41636,0.00135,0.48776
CVE-2022-41638,0.00048,0.14636
CVE-2022-41639,0.00337,0.68417
CVE-2022-4164,0.00076,0.31136
CVE-2022-41640,0.00045,0.11801
CVE-2022-41642,0.00338,0.68477
CVE-2022-41643,0.00048,0.14636
CVE-2022-41644,0.00094,0.39263
CVE-2022-41645,0.00046,0.12577
CVE-2022-41646,0.00044,0.08105
CVE-2022-41648,0.00170,0.54075
CVE-2022-41649,0.00152,0.51433
CVE-2022-4165,0.00076,0.31136
CVE-2022-41651,0.00053,0.18436
CVE-2022-41652,0.00166,0.53343
CVE-2022-41653,0.00170,0.54075
CVE-2022-41654,0.00045,0.12185
CVE-2022-41655,0.00062,0.24527
CVE-2022-41657,0.00378,0.70148
CVE-2022-41658,0.00043,0.06775
CVE-2022-41659,0.00043,0.06775
CVE-2022-4166,0.00076,0.31136
CVE-2022-41660,0.00051,0.17035
CVE-2022-41661,0.00051,0.17150
CVE-2022-41662,0.00051,0.17150
CVE-2022-41663,0.00051,0.17035
CVE-2022-41664,0.00057,0.21458
CVE-2022-41665,0.00087,0.36444
CVE-2022-41666,0.00045,0.11807
CVE-2022-41667,0.00046,0.12732
CVE-2022-41668,0.00045,0.11807
CVE-2022-41669,0.00045,0.11807
CVE-2022-4167,0.00231,0.61301
CVE-2022-41670,0.00046,0.12732
CVE-2022-41671,0.00045,0.11807
CVE-2022-41672,0.00068,0.28343
CVE-2022-41674,0.00093,0.38946
CVE-2022-41675,0.00183,0.55629
CVE-2022-41676,0.00061,0.23927
CVE-2022-41677,0.00052,0.17889
CVE-2022-41678,0.00103,0.41722
CVE-2022-41679,0.00086,0.35844
CVE-2022-41680,0.00064,0.25824
CVE-2022-41681,0.00143,0.50095
CVE-2022-41684,0.00051,0.16938
CVE-2022-41685,0.00092,0.38941
CVE-2022-41686,0.00043,0.06775
CVE-2022-41687,0.00043,0.06775
CVE-2022-41688,0.00199,0.57779
CVE-2022-41689,0.00043,0.06775
CVE-2022-4169,0.00078,0.32126
CVE-2022-41690,0.00043,0.06775
CVE-2022-41691,0.00078,0.32333
CVE-2022-41692,0.00089,0.37248
CVE-2022-41693,0.00043,0.06775
CVE-2022-41694,0.00073,0.30137
CVE-2022-41695,0.00046,0.12619
CVE-2022-41696,0.00056,0.21165
CVE-2022-41697,0.00162,0.52802
CVE-2022-41699,0.00043,0.06775
CVE-2022-4170,0.00513,0.74232
CVE-2022-41700,0.00043,0.06775
CVE-2022-41701,0.00053,0.18436
CVE-2022-41702,0.00053,0.18436
CVE-2022-41703,0.00070,0.29106
CVE-2022-41704,0.00614,0.76519
CVE-2022-41705,0.00591,0.76049
CVE-2022-41706,0.00152,0.51404
CVE-2022-41707,0.00062,0.24290
CVE-2022-41708,0.00051,0.17233
CVE-2022-41709,0.00061,0.23869
CVE-2022-4171,0.00079,0.32947
CVE-2022-41710,0.00059,0.22972
CVE-2022-41711,0.00512,0.74216
CVE-2022-41712,0.00062,0.24387
CVE-2022-41713,0.00075,0.31076
CVE-2022-41714,0.00075,0.31076
CVE-2022-41715,0.00129,0.47663
CVE-2022-41716,0.00095,0.39481
CVE-2022-41717,0.00199,0.57891
CVE-2022-41719,0.00085,0.35210
CVE-2022-4172,0.00042,0.05722
CVE-2022-41720,0.00154,0.51744
CVE-2022-41721,0.00116,0.45385
CVE-2022-41722,0.00070,0.28887
CVE-2022-41723,0.01030,0.82291
CVE-2022-41724,0.00066,0.27484
CVE-2022-41725,0.00068,0.28039
CVE-2022-41727,0.00053,0.18900
CVE-2022-4173,0.00089,0.37248
CVE-2022-41731,0.00062,0.24452
CVE-2022-41732,0.00042,0.05722
CVE-2022-41733,0.00067,0.27714
CVE-2022-41734,0.00079,0.33131
CVE-2022-41735,0.00061,0.23847
CVE-2022-41736,0.00042,0.05722
CVE-2022-41739,0.00043,0.06775
CVE-2022-4174,0.00177,0.54924
CVE-2022-41740,0.00045,0.12115
CVE-2022-41741,0.00042,0.05722
CVE-2022-41742,0.00042,0.05722
CVE-2022-41743,0.00042,0.05722
CVE-2022-41744,0.00045,0.12491
CVE-2022-41745,0.00048,0.14316
CVE-2022-41746,0.00137,0.49108
CVE-2022-41747,0.00045,0.12491
CVE-2022-41748,0.00042,0.05722
CVE-2022-41749,0.00045,0.12491
CVE-2022-4175,0.00177,0.54882
CVE-2022-41751,0.00180,0.55302
CVE-2022-41757,0.00089,0.37248
CVE-2022-4176,0.00173,0.54477
CVE-2022-41760,0.00140,0.49675
CVE-2022-41761,0.00099,0.40582
CVE-2022-41762,0.00046,0.13740
CVE-2022-41763,0.00099,0.40717
CVE-2022-41765,0.00075,0.30928
CVE-2022-41766,0.00045,0.11801
CVE-2022-41767,0.00081,0.33729
CVE-2022-41769,0.00043,0.06775
CVE-2022-4177,0.00109,0.43763
CVE-2022-41770,0.00073,0.30137
CVE-2022-41771,0.00043,0.06775
CVE-2022-41772,0.00378,0.70148
CVE-2022-41773,0.00074,0.30736
CVE-2022-41775,0.00074,0.30736
CVE-2022-41776,0.00250,0.63060
CVE-2022-41777,0.00412,0.71334
CVE-2022-41778,0.00158,0.52282
CVE-2022-41779,0.00270,0.64524
CVE-2022-4178,0.00177,0.54882
CVE-2022-41780,0.00044,0.08212
CVE-2022-41781,0.00188,0.56338
CVE-2022-41783,0.00043,0.06775
CVE-2022-41784,0.00043,0.06775
CVE-2022-41785,0.00045,0.11801
CVE-2022-41786,0.00091,0.38380
CVE-2022-41787,0.00078,0.32333
CVE-2022-41788,0.00053,0.18436
CVE-2022-41789,0.00053,0.18436
CVE-2022-4179,0.00109,0.43763
CVE-2022-41790,0.00050,0.16285
CVE-2022-41791,0.00089,0.37248
CVE-2022-41793,0.00055,0.20747
CVE-2022-41794,0.00420,0.71606
CVE-2022-41796,0.00060,0.23528
CVE-2022-41797,0.00156,0.52034
CVE-2022-41798,0.00099,0.40693
CVE-2022-41799,0.00088,0.37172
CVE-2022-4180,0.00109,0.43763
CVE-2022-41800,0.01081,0.82782
CVE-2022-41801,0.00043,0.06775
CVE-2022-41802,0.00043,0.06775
CVE-2022-41804,0.00042,0.05722
CVE-2022-41805,0.00046,0.12685
CVE-2022-41806,0.00078,0.32333
CVE-2022-41807,0.00087,0.35997
CVE-2022-41808,0.00043,0.06775
CVE-2022-4181,0.00177,0.54882
CVE-2022-41813,0.00073,0.30137
CVE-2022-41814,0.00053,0.18436
CVE-2022-4182,0.00177,0.54941
CVE-2022-41828,0.00180,0.55345
CVE-2022-4183,0.00177,0.54941
CVE-2022-41830,0.00114,0.44972
CVE-2022-41831,0.00045,0.11801
CVE-2022-41832,0.00078,0.32333
CVE-2022-41833,0.00078,0.32333
CVE-2022-41835,0.00042,0.05722
CVE-2022-41836,0.00078,0.32333
CVE-2022-41837,0.00102,0.41361
CVE-2022-41838,0.00452,0.72588
CVE-2022-41839,0.00063,0.25287
CVE-2022-4184,0.00177,0.54941
CVE-2022-41840,0.00738,0.78880
CVE-2022-41841,0.00044,0.10345
CVE-2022-41842,0.00050,0.16005
CVE-2022-41843,0.00043,0.06775
CVE-2022-41844,0.00049,0.15810
CVE-2022-41845,0.00050,0.16005
CVE-2022-41846,0.00050,0.16005
CVE-2022-41847,0.00050,0.16808
CVE-2022-41848,0.00050,0.16034
CVE-2022-41849,0.00048,0.14236
CVE-2022-4185,0.00160,0.52648
CVE-2022-41850,0.00042,0.05722
CVE-2022-41851,0.00055,0.20375
CVE-2022-41853,0.00758,0.79191
CVE-2022-41854,0.00102,0.41353
CVE-2022-41858,0.00043,0.06775
CVE-2022-41859,0.00137,0.49191
CVE-2022-4186,0.00086,0.35655
CVE-2022-41860,0.00073,0.30146
CVE-2022-41861,0.00072,0.29619
CVE-2022-41862,0.00051,0.17142
CVE-2022-4187,0.00180,0.55315
CVE-2022-41870,0.00075,0.30888
CVE-2022-41873,0.00048,0.14239
CVE-2022-41874,0.00059,0.23001
CVE-2022-41875,0.01111,0.83035
CVE-2022-41876,0.00049,0.15146
CVE-2022-41877,0.00140,0.49523
CVE-2022-41878,0.00193,0.57274
CVE-2022-41879,0.00182,0.55539
CVE-2022-4188,0.00146,0.50577
CVE-2022-41880,0.00114,0.44807
CVE-2022-41881,0.00138,0.49224
CVE-2022-41882,0.00062,0.24620
CVE-2022-41883,0.00097,0.40079
CVE-2022-41884,0.00076,0.31619
CVE-2022-41885,0.00085,0.35210
CVE-2022-41886,0.00085,0.35210
CVE-2022-41887,0.00097,0.40079
CVE-2022-41888,0.00068,0.27968
CVE-2022-41889,0.00085,0.35210
CVE-2022-4189,0.00106,0.42984
CVE-2022-41890,0.00085,0.35210
CVE-2022-41891,0.00068,0.27968
CVE-2022-41892,0.00120,0.46156
CVE-2022-41893,0.00085,0.35210
CVE-2022-41894,0.00091,0.38113
CVE-2022-41895,0.00085,0.35210
CVE-2022-41896,0.00068,0.27968
CVE-2022-41897,0.00085,0.35210
CVE-2022-41898,0.00068,0.27968
CVE-2022-41899,0.00068,0.27968
CVE-2022-4190,0.00245,0.62549
CVE-2022-41900,0.00147,0.50727
CVE-2022-41901,0.00068,0.27968
CVE-2022-41902,0.00126,0.47169
CVE-2022-41903,0.00214,0.59522
CVE-2022-41904,0.00054,0.19178
CVE-2022-41905,0.00054,0.19178
CVE-2022-41906,0.00100,0.40831
CVE-2022-41907,0.00085,0.35210
CVE-2022-41908,0.00068,0.27968
CVE-2022-41909,0.00076,0.31169
CVE-2022-4191,0.00177,0.54882
CVE-2022-41910,0.00126,0.47169
CVE-2022-41911,0.00088,0.36931
CVE-2022-41912,0.00581,0.75814
CVE-2022-41913,0.00048,0.14636
CVE-2022-41914,0.00054,0.19178
CVE-2022-41915,0.00167,0.53442
CVE-2022-41916,0.00169,0.53855
CVE-2022-41917,0.00048,0.14636
CVE-2022-41918,0.00068,0.28225
CVE-2022-41919,0.00096,0.39846
CVE-2022-4192,0.00177,0.54882
CVE-2022-41920,0.00132,0.48248
CVE-2022-41921,0.00064,0.26139
CVE-2022-41922,0.00385,0.70409
CVE-2022-41923,0.00192,0.56888
CVE-2022-41924,0.00184,0.55723
CVE-2022-41925,0.00049,0.15074
CVE-2022-41926,0.00056,0.21215
CVE-2022-41927,0.00047,0.13920
CVE-2022-41928,0.00102,0.41310
CVE-2022-41929,0.00059,0.23156
CVE-2022-4193,0.00177,0.54924
CVE-2022-41930,0.00091,0.38577
CVE-2022-41931,0.00176,0.54802
CVE-2022-41932,0.00068,0.28132
CVE-2022-41933,0.00111,0.44182
CVE-2022-41934,0.00186,0.56056
CVE-2022-41935,0.00061,0.24122
CVE-2022-41936,0.00105,0.42421
CVE-2022-41937,0.00100,0.40831
CVE-2022-41938,0.00059,0.23151
CVE-2022-41939,0.00099,0.40679
CVE-2022-4194,0.00177,0.54882
CVE-2022-41940,0.00079,0.32782
CVE-2022-41941,0.00053,0.18436
CVE-2022-41942,0.00043,0.07443
CVE-2022-41943,0.00087,0.36453
CVE-2022-41944,0.00048,0.14636
CVE-2022-41945,0.00199,0.57922
CVE-2022-41946,0.00045,0.11839
CVE-2022-41947,0.00048,0.14636
CVE-2022-41948,0.00089,0.37248
CVE-2022-41949,0.00048,0.14636
CVE-2022-4195,0.00177,0.54941
CVE-2022-41950,0.00043,0.06775
CVE-2022-41951,0.00223,0.60658
CVE-2022-41952,0.00141,0.49752
CVE-2022-41953,0.00050,0.16759
CVE-2022-41954,0.00042,0.05722
CVE-2022-41955,0.00233,0.61458
CVE-2022-41956,0.00143,0.50161
CVE-2022-41957,0.00088,0.36931
CVE-2022-41958,0.00042,0.05722
CVE-2022-4196,0.00056,0.20979
CVE-2022-41960,0.00084,0.34874
CVE-2022-41961,0.00059,0.23151
CVE-2022-41962,0.00059,0.23151
CVE-2022-41963,0.00048,0.14636
CVE-2022-41964,0.00062,0.24527
CVE-2022-41965,0.00054,0.19178
CVE-2022-41966,0.00159,0.52503
CVE-2022-41967,0.00054,0.20312
CVE-2022-41968,0.00093,0.39135
CVE-2022-41969,0.00084,0.34949
CVE-2022-4197,0.00056,0.20979
CVE-2022-41970,0.00063,0.25093
CVE-2022-41971,0.00124,0.46816
CVE-2022-41972,0.00050,0.16034
CVE-2022-41973,0.00044,0.08000
CVE-2022-41974,0.00044,0.08000
CVE-2022-41975,0.00042,0.05722
CVE-2022-41976,0.00142,0.49963
CVE-2022-41977,0.00052,0.17999
CVE-2022-41978,0.00152,0.51454
CVE-2022-41979,0.00050,0.16285
CVE-2022-4198,0.00056,0.20979
CVE-2022-41980,0.00048,0.14636
CVE-2022-41981,0.00179,0.55192
CVE-2022-41982,0.00043,0.06775
CVE-2022-41983,0.00063,0.25287
CVE-2022-41984,0.00043,0.06775
CVE-2022-41985,0.00046,0.13740
CVE-2022-41986,0.00120,0.46101
CVE-2022-41987,0.00058,0.21913
CVE-2022-41988,0.00133,0.48463
CVE-2022-41989,0.00239,0.62024
CVE-2022-4199,0.00056,0.20979
CVE-2022-41990,0.00058,0.21913
CVE-2022-41991,0.00142,0.49939
CVE-2022-41992,0.00096,0.39777
CVE-2022-41993,0.00133,0.48451
CVE-2022-41994,0.00061,0.23927
CVE-2022-41996,0.00075,0.30903
CVE-2022-41998,0.00043,0.06775
CVE-2022-41999,0.00062,0.24830
CVE-2022-4200,0.00056,0.20979
CVE-2022-42000,0.00053,0.18436
CVE-2022-42001,0.00053,0.18436
CVE-2022-42002,0.00098,0.40511
CVE-2022-42003,0.00173,0.54485
CVE-2022-42004,0.00181,0.55367
CVE-2022-42009,0.00047,0.13946
CVE-2022-4201,0.00067,0.27728
CVE-2022-42010,0.00106,0.42967
CVE-2022-42011,0.00140,0.49515
CVE-2022-42012,0.00090,0.37856
CVE-2022-4202,0.00162,0.52801
CVE-2022-42021,0.00139,0.49473
CVE-2022-42029,0.00074,0.30453
CVE-2022-4203,0.00044,0.10862
CVE-2022-42034,0.00114,0.44848
CVE-2022-42036,0.00242,0.62240
CVE-2022-42037,0.00242,0.62240
CVE-2022-42038,0.00165,0.53159
CVE-2022-42039,0.00242,0.62240
CVE-2022-42040,0.00242,0.62240
CVE-2022-42041,0.00242,0.62240
CVE-2022-42042,0.00242,0.62240
CVE-2022-42043,0.00242,0.62240
CVE-2022-42044,0.00242,0.62240
CVE-2022-42045,0.00043,0.06775
CVE-2022-42046,0.00042,0.05722
CVE-2022-4205,0.00068,0.28102
CVE-2022-42053,0.00058,0.22693
CVE-2022-42054,0.00056,0.20979
CVE-2022-42055,0.00057,0.21371
CVE-2022-42058,0.00188,0.56366
CVE-2022-4206,0.00076,0.31401
CVE-2022-42060,0.00128,0.47468
CVE-2022-42064,0.00141,0.49796
CVE-2022-42066,0.00138,0.49291
CVE-2022-42067,0.00062,0.24595
CVE-2022-42069,0.00069,0.28570
CVE-2022-4207,0.00058,0.22695
CVE-2022-42070,0.00178,0.55088
CVE-2022-42071,0.00097,0.40165
CVE-2022-42073,0.00072,0.29591
CVE-2022-42074,0.00072,0.29591
CVE-2022-42075,0.00197,0.57610
CVE-2022-42077,0.00053,0.18445
CVE-2022-42078,0.00053,0.18445
CVE-2022-42079,0.00075,0.31036
CVE-2022-4208,0.00084,0.35122
CVE-2022-42080,0.00075,0.31036
CVE-2022-42081,0.00075,0.31036
CVE-2022-42086,0.00053,0.18445
CVE-2022-42087,0.00053,0.18445
CVE-2022-4209,0.00084,0.35122
CVE-2022-42092,0.00247,0.62787
CVE-2022-42094,0.00341,0.68562
CVE-2022-42095,0.00340,0.68534
CVE-2022-42096,0.00415,0.71464
CVE-2022-42097,0.00097,0.40191
CVE-2022-42098,0.00117,0.45565
CVE-2022-42099,0.00051,0.17233
CVE-2022-4210,0.00084,0.35122
CVE-2022-42100,0.00051,0.17233
CVE-2022-42109,0.00132,0.48286
CVE-2022-4211,0.00084,0.35122
CVE-2022-42110,0.00093,0.39128
CVE-2022-42111,0.00061,0.23927
CVE-2022-42112,0.00061,0.23927
CVE-2022-42113,0.00093,0.39128
CVE-2022-42114,0.00061,0.23927
CVE-2022-42115,0.00061,0.23927
CVE-2022-42116,0.00093,0.39128
CVE-2022-42117,0.00093,0.39128
CVE-2022-42118,0.00117,0.45547
CVE-2022-42119,0.00080,0.33356
CVE-2022-4212,0.00084,0.35122
CVE-2022-42120,0.00139,0.49486
CVE-2022-42121,0.00152,0.51511
CVE-2022-42122,0.00139,0.49486
CVE-2022-42123,0.00106,0.42772
CVE-2022-42124,0.00222,0.60401
CVE-2022-42125,0.00106,0.42772
CVE-2022-42126,0.00123,0.46536
CVE-2022-42127,0.00161,0.52705
CVE-2022-42128,0.00161,0.52705
CVE-2022-42129,0.00124,0.46695
CVE-2022-4213,0.00059,0.22964
CVE-2022-42130,0.00124,0.46695
CVE-2022-42131,0.00079,0.33077
CVE-2022-42132,0.00113,0.44732
CVE-2022-42136,0.00059,0.22870
CVE-2022-42139,0.00174,0.54664
CVE-2022-4214,0.00084,0.35122
CVE-2022-42140,0.00188,0.56353
CVE-2022-42141,0.00056,0.20979
CVE-2022-42142,0.00114,0.44848
CVE-2022-42143,0.00072,0.29591
CVE-2022-42147,0.00063,0.25287
CVE-2022-42149,0.00214,0.59408
CVE-2022-4215,0.00084,0.35122
CVE-2022-42150,0.00069,0.28590
CVE-2022-42154,0.00257,0.63573
CVE-2022-42156,0.00072,0.29859
CVE-2022-42159,0.00056,0.20811
CVE-2022-4216,0.00068,0.28213
CVE-2022-42160,0.00072,0.29859
CVE-2022-42161,0.00072,0.29859
CVE-2022-42163,0.00190,0.56585
CVE-2022-42164,0.00190,0.56585
CVE-2022-42165,0.00190,0.56585
CVE-2022-42166,0.00190,0.56585
CVE-2022-42167,0.00190,0.56585
CVE-2022-42168,0.00190,0.56585
CVE-2022-42169,0.00190,0.56585
CVE-2022-4217,0.00068,0.28213
CVE-2022-42170,0.00190,0.56585
CVE-2022-42171,0.00190,0.56585
CVE-2022-42175,0.00064,0.26137
CVE-2022-42176,0.00043,0.06775
CVE-2022-4218,0.00084,0.35122
CVE-2022-42182,0.00047,0.14215
CVE-2022-42183,0.00087,0.36569
CVE-2022-42187,0.00068,0.28174
CVE-2022-42188,0.00154,0.51659
CVE-2022-42189,0.00228,0.61069
CVE-2022-4219,0.00084,0.35122
CVE-2022-42197,0.00056,0.20979
CVE-2022-42198,0.00085,0.35505
CVE-2022-42199,0.00122,0.46397
CVE-2022-4220,0.00089,0.37661
CVE-2022-42200,0.00056,0.20979
CVE-2022-42201,0.00085,0.35505
CVE-2022-42202,0.00064,0.26249
CVE-2022-42205,0.00056,0.20979
CVE-2022-42206,0.00056,0.20979
CVE-2022-4221,0.82097,0.98137
CVE-2022-42218,0.00072,0.29591
CVE-2022-4222,0.00316,0.67387
CVE-2022-42221,0.00072,0.29617
CVE-2022-42225,0.00058,0.22606
CVE-2022-42227,0.00066,0.27614
CVE-2022-42229,0.00114,0.44848
CVE-2022-4223,0.01385,0.84992
CVE-2022-42230,0.00074,0.30736
CVE-2022-42232,0.00072,0.29591
CVE-2022-42233,0.87277,0.98400
CVE-2022-42234,0.00072,0.29461
CVE-2022-42235,0.00056,0.20979
CVE-2022-42236,0.00053,0.18436
CVE-2022-42237,0.00139,0.49473
CVE-2022-42238,0.00085,0.35505
CVE-2022-4224,0.00095,0.39752
CVE-2022-42241,0.00072,0.29591
CVE-2022-42242,0.00072,0.29591
CVE-2022-42243,0.00072,0.29591
CVE-2022-42245,0.00157,0.52214
CVE-2022-42246,0.00088,0.36680
CVE-2022-42247,0.00094,0.39457
CVE-2022-42248,0.00045,0.11801
CVE-2022-42249,0.00072,0.29591
CVE-2022-42250,0.00072,0.29591
CVE-2022-42252,0.00347,0.68825
CVE-2022-42254,0.00043,0.06775
CVE-2022-42255,0.00043,0.06775
CVE-2022-42256,0.00043,0.06775
CVE-2022-42257,0.00042,0.05722
CVE-2022-42258,0.00042,0.05722
CVE-2022-42259,0.00042,0.05722
CVE-2022-4226,0.00056,0.20979
CVE-2022-42260,0.00042,0.05722
CVE-2022-42261,0.00043,0.06775
CVE-2022-42262,0.00043,0.06775
CVE-2022-42263,0.00043,0.06775
CVE-2022-42264,0.00043,0.07318
CVE-2022-42265,0.00043,0.06775
CVE-2022-42266,0.00043,0.06775
CVE-2022-42267,0.00042,0.05722
CVE-2022-42268,0.00070,0.29097
CVE-2022-42269,0.00042,0.05722
CVE-2022-4227,0.00063,0.25287
CVE-2022-42270,0.00060,0.23520
CVE-2022-42271,0.00042,0.05722
CVE-2022-42272,0.00100,0.40915
CVE-2022-42273,0.00099,0.40590
CVE-2022-42274,0.00042,0.05722
CVE-2022-42275,0.00043,0.06775
CVE-2022-42276,0.00060,0.23520
CVE-2022-42277,0.00060,0.23520
CVE-2022-42278,0.00042,0.05722
CVE-2022-42279,0.00094,0.39436
CVE-2022-4228,0.00861,0.80546
CVE-2022-42280,0.00044,0.08212
CVE-2022-42281,0.00042,0.05722
CVE-2022-42282,0.00046,0.12712
CVE-2022-42283,0.00042,0.05722
CVE-2022-42284,0.00043,0.06775
CVE-2022-42285,0.00043,0.06775
CVE-2022-42286,0.00042,0.05722
CVE-2022-42287,0.00046,0.12712
CVE-2022-42288,0.00063,0.25287
CVE-2022-42289,0.00094,0.39436
CVE-2022-4229,0.00134,0.48520
CVE-2022-42290,0.00094,0.39436
CVE-2022-42291,0.00045,0.12108
CVE-2022-42292,0.00043,0.06775
CVE-2022-42299,0.00078,0.32333
CVE-2022-4230,0.00072,0.29591
CVE-2022-42300,0.00073,0.30137
CVE-2022-42301,0.00089,0.37248
CVE-2022-42302,0.00120,0.46156
CVE-2022-42303,0.00120,0.46156
CVE-2022-42304,0.00120,0.46156
CVE-2022-42305,0.00144,0.50233
CVE-2022-42306,0.00042,0.05722
CVE-2022-42307,0.00170,0.54075
CVE-2022-42308,0.00044,0.07794
CVE-2022-42309,0.00042,0.05722
CVE-2022-4231,0.00059,0.23145
CVE-2022-42310,0.00042,0.05722
CVE-2022-42311,0.00042,0.05722
CVE-2022-42312,0.00042,0.05722
CVE-2022-42313,0.00042,0.05722
CVE-2022-42314,0.00042,0.05722
CVE-2022-42315,0.00042,0.05722
CVE-2022-42316,0.00042,0.05722
CVE-2022-42317,0.00042,0.05722
CVE-2022-42318,0.00042,0.05722
CVE-2022-42319,0.00042,0.05722
CVE-2022-4232,0.00170,0.54075
CVE-2022-42320,0.00042,0.05722
CVE-2022-42321,0.00042,0.05722
CVE-2022-42322,0.00042,0.05722
CVE-2022-42323,0.00042,0.05722
CVE-2022-42324,0.00042,0.05722
CVE-2022-42325,0.00042,0.05722
CVE-2022-42326,0.00042,0.05722
CVE-2022-42327,0.00045,0.12312
CVE-2022-42328,0.00042,0.05722
CVE-2022-42329,0.00042,0.05722
CVE-2022-4233,0.00063,0.25287
CVE-2022-42330,0.00078,0.32333
CVE-2022-42331,0.00045,0.12336
CVE-2022-42332,0.00042,0.05722
CVE-2022-42333,0.00069,0.28594
CVE-2022-42334,0.00042,0.05722
CVE-2022-42335,0.00042,0.05722
CVE-2022-42336,0.00043,0.06775
CVE-2022-42339,0.06677,0.93167
CVE-2022-4234,0.00059,0.23145
CVE-2022-42340,0.00144,0.50229
CVE-2022-42341,0.00136,0.48989
CVE-2022-42342,0.00247,0.62749
CVE-2022-42343,0.00062,0.24557
CVE-2022-42344,0.00142,0.49916
CVE-2022-42345,0.00052,0.17591
CVE-2022-42346,0.00052,0.17591
CVE-2022-42348,0.00052,0.17591
CVE-2022-42349,0.00052,0.17591
CVE-2022-4235,0.00069,0.28691
CVE-2022-42350,0.00052,0.17591
CVE-2022-42351,0.00052,0.17591
CVE-2022-42352,0.00052,0.17591
CVE-2022-42354,0.00052,0.17591
CVE-2022-42356,0.00052,0.17591
CVE-2022-42357,0.00052,0.17591
CVE-2022-4236,0.00067,0.27847
CVE-2022-42360,0.00052,0.17591
CVE-2022-42362,0.00052,0.17591
CVE-2022-42364,0.00052,0.17591
CVE-2022-42365,0.00052,0.17591
CVE-2022-42366,0.00052,0.17591
CVE-2022-42367,0.00052,0.17591
CVE-2022-42369,0.00063,0.25703
CVE-2022-4237,0.00085,0.35505
CVE-2022-42370,0.00073,0.30214
CVE-2022-42371,0.00073,0.30214
CVE-2022-42372,0.00073,0.30214
CVE-2022-42373,0.00073,0.30214
CVE-2022-42374,0.00073,0.30214
CVE-2022-42375,0.00063,0.25703
CVE-2022-42376,0.00063,0.25703
CVE-2022-42377,0.00073,0.30214
CVE-2022-42378,0.00073,0.30214
CVE-2022-42379,0.00073,0.30214
CVE-2022-42380,0.00073,0.30214
CVE-2022-42381,0.00073,0.30214
CVE-2022-42382,0.00073,0.30214
CVE-2022-42383,0.00063,0.25703
CVE-2022-42384,0.00063,0.25703
CVE-2022-42385,0.00063,0.25703
CVE-2022-42386,0.00063,0.25703
CVE-2022-42387,0.00063,0.25703
CVE-2022-42388,0.00063,0.25703
CVE-2022-42389,0.00063,0.25703
CVE-2022-4239,0.00056,0.20979
CVE-2022-42390,0.00063,0.25703
CVE-2022-42391,0.00063,0.25703
CVE-2022-42392,0.00063,0.25703
CVE-2022-42393,0.00063,0.25703
CVE-2022-42394,0.00073,0.30214
CVE-2022-42395,0.00073,0.30214
CVE-2022-42396,0.00073,0.30214
CVE-2022-42397,0.00063,0.25703
CVE-2022-42398,0.00063,0.25703
CVE-2022-42399,0.00073,0.30214
CVE-2022-4240,0.00087,0.36261
CVE-2022-42400,0.00073,0.30214
CVE-2022-42401,0.00063,0.25703
CVE-2022-42402,0.00073,0.30214
CVE-2022-42403,0.00073,0.30214
CVE-2022-42404,0.00063,0.25703
CVE-2022-42405,0.00073,0.30214
CVE-2022-42406,0.00063,0.25703
CVE-2022-42407,0.00063,0.25703
CVE-2022-42408,0.00067,0.27780
CVE-2022-42409,0.00063,0.25703
CVE-2022-42410,0.00073,0.30214
CVE-2022-42411,0.00063,0.25703
CVE-2022-42412,0.00063,0.25703
CVE-2022-42413,0.00063,0.25703
CVE-2022-42414,0.00067,0.27780
CVE-2022-42415,0.00091,0.38511
CVE-2022-42416,0.00091,0.38511
CVE-2022-42417,0.00077,0.32023
CVE-2022-42418,0.00077,0.32023
CVE-2022-42419,0.00091,0.38511
CVE-2022-4242,0.00056,0.20979
CVE-2022-42420,0.00091,0.38511
CVE-2022-42421,0.00091,0.38511
CVE-2022-42423,0.00091,0.38511
CVE-2022-42424,0.00224,0.60741
CVE-2022-42425,0.00224,0.60741
CVE-2022-42426,0.00224,0.60741
CVE-2022-42427,0.00224,0.60741
CVE-2022-42428,0.00224,0.60741
CVE-2022-42429,0.00224,0.60741
CVE-2022-4243,0.00056,0.20979
CVE-2022-42430,0.00048,0.14349
CVE-2022-42431,0.00045,0.12491
CVE-2022-42432,0.00045,0.12491
CVE-2022-42433,0.00048,0.14807
CVE-2022-42435,0.00060,0.23227
CVE-2022-42436,0.00042,0.05722
CVE-2022-42438,0.00059,0.23222
CVE-2022-42439,0.00049,0.15916
CVE-2022-4244,0.00064,0.26393
CVE-2022-42442,0.00043,0.06775
CVE-2022-42444,0.00067,0.27693
CVE-2022-42445,0.00064,0.25824
CVE-2022-42446,0.00063,0.25287
CVE-2022-42447,0.00069,0.28708
CVE-2022-4245,0.00053,0.18547
CVE-2022-42451,0.00042,0.05722
CVE-2022-42452,0.00045,0.11801
CVE-2022-42453,0.00053,0.18436
CVE-2022-42454,0.00062,0.24822
CVE-2022-42455,0.00042,0.05722
CVE-2022-42457,0.00510,0.74163
CVE-2022-42458,0.00286,0.65610
CVE-2022-42459,0.00083,0.34334
CVE-2022-4246,0.00079,0.32807
CVE-2022-42460,0.00048,0.14636
CVE-2022-42461,0.00069,0.28569
CVE-2022-42462,0.00053,0.18436
CVE-2022-42463,0.00053,0.19001
CVE-2022-42464,0.00042,0.05722
CVE-2022-42465,0.00043,0.06775
CVE-2022-42466,0.00289,0.65785
CVE-2022-42467,0.00289,0.65785
CVE-2022-42468,0.00310,0.66996
CVE-2022-42469,0.00045,0.11801
CVE-2022-4247,0.00137,0.49132
CVE-2022-42470,0.00044,0.08212
CVE-2022-42471,0.00104,0.42313
CVE-2022-42472,0.00061,0.23899
CVE-2022-42473,0.00043,0.06775
CVE-2022-42474,0.00063,0.25288
CVE-2022-42475,0.38820,0.96904
CVE-2022-42476,0.00044,0.08212
CVE-2022-42477,0.00043,0.06775
CVE-2022-42478,0.00050,0.16285
CVE-2022-4248,0.00137,0.49132
CVE-2022-42484,0.00337,0.68403
CVE-2022-42485,0.00045,0.11801
CVE-2022-42486,0.00061,0.23927
CVE-2022-42488,0.00043,0.06775
CVE-2022-4249,0.00059,0.23145
CVE-2022-42490,0.00262,0.63955
CVE-2022-42491,0.00262,0.63955
CVE-2022-42492,0.00262,0.63955
CVE-2022-42493,0.00262,0.63955
CVE-2022-42494,0.00064,0.25824
CVE-2022-42496,0.00338,0.68477
CVE-2022-42497,0.00282,0.65317
CVE-2022-42498,0.00092,0.38672
CVE-2022-42499,0.00092,0.38672
CVE-2022-4250,0.00059,0.23145
CVE-2022-42500,0.00042,0.05722
CVE-2022-42501,0.00042,0.05722
CVE-2022-42502,0.00042,0.05722
CVE-2022-42503,0.00042,0.05722
CVE-2022-42504,0.00042,0.05722
CVE-2022-42505,0.00042,0.05722
CVE-2022-42506,0.00042,0.05722
CVE-2022-42507,0.00042,0.05722
CVE-2022-42508,0.00042,0.05722
CVE-2022-42509,0.00042,0.05722
CVE-2022-4251,0.00051,0.17233
CVE-2022-42510,0.00042,0.05722
CVE-2022-42511,0.00042,0.05722
CVE-2022-42512,0.00042,0.05722
CVE-2022-42513,0.00042,0.05722
CVE-2022-42514,0.00042,0.05722
CVE-2022-42515,0.00042,0.05722
CVE-2022-42516,0.00042,0.05722
CVE-2022-42517,0.00042,0.05722
CVE-2022-42518,0.00042,0.05722
CVE-2022-42519,0.00042,0.05722
CVE-2022-4252,0.00059,0.23145
CVE-2022-42520,0.00042,0.05722
CVE-2022-42521,0.00042,0.05722
CVE-2022-42522,0.00042,0.05722
CVE-2022-42523,0.00042,0.05722
CVE-2022-42524,0.00123,0.46671
CVE-2022-42525,0.00042,0.05722
CVE-2022-42526,0.00042,0.05722
CVE-2022-42527,0.00115,0.45012
CVE-2022-42528,0.00042,0.05722
CVE-2022-42529,0.00102,0.41377
CVE-2022-4253,0.00051,0.17233
CVE-2022-42530,0.00042,0.05722
CVE-2022-42531,0.00042,0.05722
CVE-2022-42532,0.00042,0.05722
CVE-2022-42533,0.00043,0.07409
CVE-2022-42534,0.00042,0.05722
CVE-2022-42535,0.00042,0.05722
CVE-2022-42536,0.00091,0.38440
CVE-2022-42537,0.00091,0.38440
CVE-2022-42538,0.00061,0.24201
CVE-2022-42539,0.00059,0.22950
CVE-2022-4254,0.00084,0.34615
CVE-2022-42540,0.00061,0.24201
CVE-2022-42541,0.00091,0.38440
CVE-2022-42542,0.00042,0.05722
CVE-2022-42543,0.00042,0.05722
CVE-2022-42544,0.00042,0.05722
CVE-2022-4255,0.00063,0.25287
CVE-2022-4256,0.00056,0.20979
CVE-2022-4257,0.00220,0.60210
CVE-2022-4258,0.00042,0.05722
CVE-2022-4259,0.00050,0.16285
CVE-2022-4260,0.00092,0.38935
CVE-2022-4261,0.00071,0.29176
CVE-2022-4262,0.00407,0.71183
CVE-2022-4264,0.00053,0.18436
CVE-2022-4265,0.00050,0.16785
CVE-2022-4266,0.00068,0.28102
CVE-2022-4267,0.00082,0.34119
CVE-2022-4268,0.00077,0.31954
CVE-2022-4269,0.00042,0.05722
CVE-2022-42698,0.00207,0.58716
CVE-2022-42699,0.00219,0.59889
CVE-2022-4270,0.00053,0.18436
CVE-2022-42703,0.00042,0.05774
CVE-2022-42704,0.00061,0.23927
CVE-2022-42705,0.00209,0.58833
CVE-2022-42706,0.00153,0.51609
CVE-2022-42707,0.00143,0.50015
CVE-2022-4271,0.00051,0.17233
CVE-2022-42710,0.00056,0.20979
CVE-2022-42711,0.00262,0.63975
CVE-2022-42715,0.00091,0.38161
CVE-2022-42716,0.00090,0.38034
CVE-2022-42717,0.00042,0.05722
CVE-2022-42718,0.00043,0.06775
CVE-2022-42719,0.00224,0.60716
CVE-2022-4272,0.00607,0.76363
CVE-2022-42720,0.00042,0.05722
CVE-2022-42721,0.00042,0.05722
CVE-2022-42722,0.00042,0.05722
CVE-2022-42724,0.00053,0.18436
CVE-2022-42725,0.00164,0.53067
CVE-2022-4273,0.00752,0.79080
CVE-2022-42731,0.00071,0.29217
CVE-2022-42732,0.00102,0.41320
CVE-2022-42733,0.00102,0.41320
CVE-2022-42734,0.00064,0.26338
CVE-2022-42735,0.00093,0.39020
CVE-2022-4274,0.00223,0.60646
CVE-2022-42743,0.00075,0.31076
CVE-2022-42744,0.00210,0.58979
CVE-2022-42745,0.00152,0.51450
CVE-2022-42746,0.00109,0.43617
CVE-2022-42747,0.00109,0.43617
CVE-2022-42748,0.00109,0.43617
CVE-2022-42749,0.00109,0.43617
CVE-2022-4275,0.00223,0.60646
CVE-2022-42750,0.00218,0.59830
CVE-2022-42751,0.00101,0.41090
CVE-2022-42753,0.00075,0.31076
CVE-2022-42754,0.00042,0.05722
CVE-2022-42755,0.00042,0.05722
CVE-2022-42756,0.00042,0.05722
CVE-2022-42757,0.00042,0.05722
CVE-2022-42758,0.00042,0.05722
CVE-2022-42759,0.00042,0.05722
CVE-2022-4276,0.00531,0.74675
CVE-2022-42760,0.00042,0.05722
CVE-2022-42761,0.00042,0.05722
CVE-2022-42762,0.00042,0.05722
CVE-2022-42763,0.00042,0.05722
CVE-2022-42764,0.00042,0.05722
CVE-2022-42765,0.00042,0.05722
CVE-2022-42766,0.00042,0.05722
CVE-2022-42767,0.00042,0.05722
CVE-2022-42768,0.00064,0.26308
CVE-2022-42769,0.00042,0.05722
CVE-2022-4277,0.00316,0.67387
CVE-2022-42770,0.00042,0.05722
CVE-2022-42771,0.00042,0.05722
CVE-2022-42772,0.00042,0.05722
CVE-2022-42773,0.00042,0.05722
CVE-2022-42774,0.00042,0.05722
CVE-2022-42775,0.00042,0.05722
CVE-2022-42776,0.00042,0.05722
CVE-2022-42777,0.00042,0.05722
CVE-2022-42778,0.00042,0.05722
CVE-2022-42779,0.00042,0.05722
CVE-2022-4278,0.00148,0.50847
CVE-2022-42780,0.00042,0.05722
CVE-2022-42781,0.00042,0.05722
CVE-2022-42782,0.00042,0.05722
CVE-2022-42783,0.00042,0.05722
CVE-2022-42784,0.00046,0.13766
CVE-2022-42785,0.00280,0.65150
CVE-2022-42786,0.00061,0.23927
CVE-2022-42787,0.00230,0.61275
CVE-2022-42788,0.00054,0.19140
CVE-2022-42789,0.00057,0.21274
CVE-2022-4279,0.00139,0.49491
CVE-2022-42790,0.00045,0.12069
CVE-2022-42791,0.00065,0.26814
CVE-2022-42792,0.00052,0.18120
CVE-2022-42793,0.00048,0.14650
CVE-2022-42795,0.00215,0.59556
CVE-2022-42796,0.00060,0.23528
CVE-2022-42797,0.00053,0.19001
CVE-2022-42798,0.00087,0.36436
CVE-2022-42799,0.00155,0.51777
CVE-2022-4280,0.00354,0.69170
CVE-2022-42800,0.00042,0.05722
CVE-2022-42801,0.00051,0.16923
CVE-2022-42803,0.00065,0.27019
CVE-2022-42805,0.00065,0.26814
CVE-2022-42806,0.00065,0.26814
CVE-2022-42807,0.00044,0.10862
CVE-2022-42808,0.00501,0.73940
CVE-2022-42809,0.00055,0.20546
CVE-2022-4281,0.00089,0.37248
CVE-2022-42810,0.00057,0.21274
CVE-2022-42811,0.00057,0.21274
CVE-2022-42813,0.00142,0.49896
CVE-2022-42814,0.00052,0.18120
CVE-2022-42815,0.00054,0.19140
CVE-2022-42816,0.00045,0.12108
CVE-2022-42817,0.00140,0.49704
CVE-2022-42818,0.00143,0.50015
CVE-2022-42819,0.00057,0.21274
CVE-2022-4282,0.00080,0.33382
CVE-2022-42820,0.00065,0.26814
CVE-2022-42821,0.00058,0.22648
CVE-2022-42823,0.00278,0.65055
CVE-2022-42824,0.00125,0.46874
CVE-2022-42825,0.00054,0.19150
CVE-2022-42826,0.00102,0.41370
CVE-2022-42827,0.00081,0.33798
CVE-2022-42828,0.00134,0.48641
CVE-2022-42829,0.00042,0.05722
CVE-2022-4283,0.00234,0.61575
CVE-2022-42830,0.00042,0.05722
CVE-2022-42831,0.00042,0.05722
CVE-2022-42832,0.00042,0.05722
CVE-2022-42833,0.00055,0.20747
CVE-2022-42834,0.00046,0.13848
CVE-2022-42837,0.00996,0.82022
CVE-2022-42838,0.00043,0.06775
CVE-2022-42839,0.00044,0.10345
CVE-2022-42840,0.00065,0.27019
CVE-2022-42841,0.00065,0.27019
CVE-2022-42842,0.00774,0.79433
CVE-2022-42843,0.00064,0.26305
CVE-2022-42844,0.00060,0.23528
CVE-2022-42845,0.00277,0.64948
CVE-2022-42846,0.00054,0.19190
CVE-2022-42847,0.00065,0.26814
CVE-2022-42848,0.00061,0.24236
CVE-2022-42849,0.00063,0.25675
CVE-2022-4285,0.00045,0.12244
CVE-2022-42850,0.00065,0.26814
CVE-2022-42851,0.00060,0.23253
CVE-2022-42852,0.00277,0.64995
CVE-2022-42853,0.00051,0.17146
CVE-2022-42854,0.00057,0.21274
CVE-2022-42855,0.00056,0.20759
CVE-2022-42856,0.00260,0.63813
CVE-2022-42858,0.00055,0.20747
CVE-2022-42859,0.00067,0.27825
CVE-2022-4286,0.00064,0.26295
CVE-2022-42860,0.00047,0.14033
CVE-2022-42861,0.00042,0.05722
CVE-2022-42862,0.00065,0.26862
CVE-2022-42863,0.00237,0.61841
CVE-2022-42864,0.00064,0.26299
CVE-2022-42865,0.00066,0.27166
CVE-2022-42866,0.00064,0.26305
CVE-2022-42867,0.01658,0.86320
CVE-2022-4287,0.00089,0.37248
CVE-2022-42878,0.00043,0.06775
CVE-2022-42879,0.00043,0.06775
CVE-2022-42880,0.00046,0.13740
CVE-2022-42882,0.00091,0.38380
CVE-2022-42883,0.00135,0.48776
CVE-2022-42884,0.00050,0.16285
CVE-2022-42885,0.00055,0.20747
CVE-2022-42888,0.00089,0.37248
CVE-2022-42889,0.96656,0.99562
CVE-2022-4289,0.00052,0.17717
CVE-2022-42890,0.00724,0.78677
CVE-2022-42891,0.00064,0.26338
CVE-2022-42892,0.00076,0.31216
CVE-2022-42893,0.00064,0.26338
CVE-2022-42894,0.00102,0.41320
CVE-2022-42895,0.00057,0.21257
CVE-2022-42896,0.00107,0.43056
CVE-2022-42897,0.00113,0.44622
CVE-2022-42898,0.00491,0.73660
CVE-2022-42899,0.00062,0.24571
CVE-2022-4290,0.00050,0.16285
CVE-2022-42900,0.00055,0.20546
CVE-2022-42901,0.00062,0.24571
CVE-2022-42902,0.00157,0.52072
CVE-2022-42903,0.00060,0.23520
CVE-2022-42904,0.00105,0.42491
CVE-2022-42905,0.00141,0.49785
CVE-2022-42906,0.00059,0.23117
CVE-2022-42908,0.00048,0.14685
CVE-2022-42909,0.00048,0.14685
CVE-2022-4291,0.00166,0.53343
CVE-2022-42915,0.00450,0.72508
CVE-2022-42916,0.00125,0.46897
CVE-2022-42919,0.00044,0.08000
CVE-2022-4292,0.00060,0.23712
CVE-2022-42920,0.03822,0.91041
CVE-2022-42923,0.00074,0.30736
CVE-2022-42924,0.00064,0.25824
CVE-2022-42925,0.00143,0.50095
CVE-2022-42927,0.00126,0.47163
CVE-2022-42928,0.00138,0.49326
CVE-2022-42929,0.00103,0.41656
CVE-2022-4293,0.00070,0.28956
CVE-2022-42930,0.00074,0.30692
CVE-2022-42931,0.00043,0.06775
CVE-2022-42932,0.00174,0.54573
CVE-2022-42933,0.00055,0.20546
CVE-2022-42934,0.00055,0.20546
CVE-2022-42935,0.00055,0.20546
CVE-2022-42936,0.00055,0.20546
CVE-2022-42937,0.00055,0.20546
CVE-2022-42938,0.00055,0.20546
CVE-2022-42939,0.00055,0.20546
CVE-2022-4294,0.00043,0.06775
CVE-2022-42940,0.00055,0.20546
CVE-2022-42941,0.00055,0.20546
CVE-2022-42942,0.00055,0.20546
CVE-2022-42943,0.00055,0.20546
CVE-2022-42944,0.00055,0.20546
CVE-2022-42945,0.00083,0.34611
CVE-2022-42946,0.00060,0.23592
CVE-2022-42947,0.00073,0.30221
CVE-2022-42948,0.02183,0.88298
CVE-2022-42949,0.00069,0.28630
CVE-2022-4295,0.00097,0.40211
CVE-2022-42950,0.00238,0.61957
CVE-2022-42951,0.00073,0.30322
CVE-2022-42953,0.05674,0.92598
CVE-2022-42954,0.00053,0.18436
CVE-2022-42955,0.00143,0.50015
CVE-2022-42956,0.00143,0.50015
CVE-2022-4296,0.00043,0.06775
CVE-2022-42960,0.00063,0.25287
CVE-2022-42961,0.00063,0.25287
CVE-2022-42964,0.00075,0.31036
CVE-2022-42965,0.00075,0.31036
CVE-2022-42966,0.00075,0.31036
CVE-2022-42967,0.00212,0.59245
CVE-2022-42968,0.00148,0.50887
CVE-2022-42969,0.00365,0.69637
CVE-2022-4297,0.00971,0.81763
CVE-2022-42970,0.00147,0.50718
CVE-2022-42971,0.00309,0.66978
CVE-2022-42972,0.00045,0.12491
CVE-2022-42973,0.00045,0.12491
CVE-2022-42975,0.00064,0.26338
CVE-2022-42977,0.00135,0.48758
CVE-2022-42978,0.00162,0.52797
CVE-2022-42979,0.00166,0.53343
CVE-2022-4298,0.00263,0.64067
CVE-2022-42980,0.00192,0.56999
CVE-2022-42982,0.00088,0.36991
CVE-2022-42983,0.00199,0.57791
CVE-2022-42984,0.00132,0.48286
CVE-2022-42985,0.00048,0.14636
CVE-2022-42989,0.00112,0.44399
CVE-2022-4299,0.00056,0.20979
CVE-2022-42990,0.00072,0.29591
CVE-2022-42991,0.00063,0.25163
CVE-2022-42992,0.00063,0.25163
CVE-2022-42993,0.00063,0.25163
CVE-2022-42998,0.00163,0.52986
CVE-2022-42999,0.00129,0.47624
CVE-2022-4300,0.00153,0.51584
CVE-2022-43000,0.00163,0.52986
CVE-2022-43001,0.00163,0.52986
CVE-2022-43002,0.00163,0.52986
CVE-2022-43003,0.00163,0.52986
CVE-2022-4301,0.00100,0.40867
CVE-2022-43014,0.00099,0.40639
CVE-2022-43015,0.00099,0.40639
CVE-2022-43016,0.00099,0.40639
CVE-2022-43017,0.00099,0.40639
CVE-2022-43018,0.00099,0.40639
CVE-2022-43019,0.00357,0.69308
CVE-2022-4302,0.00085,0.35505
CVE-2022-43020,0.00067,0.27847
CVE-2022-43021,0.00067,0.27847
CVE-2022-43022,0.00067,0.27847
CVE-2022-43023,0.00067,0.27847
CVE-2022-43024,0.00191,0.56778
CVE-2022-43025,0.00191,0.56778
CVE-2022-43026,0.00191,0.56778
CVE-2022-43027,0.00191,0.56778
CVE-2022-43028,0.00191,0.56778
CVE-2022-43029,0.00191,0.56778
CVE-2022-4303,0.00067,0.27692
CVE-2022-43030,0.00336,0.68376
CVE-2022-43031,0.00098,0.40556
CVE-2022-43032,0.00063,0.25189
CVE-2022-43033,0.00063,0.25189
CVE-2022-43034,0.00063,0.25189
CVE-2022-43035,0.00063,0.25189
CVE-2022-43037,0.00063,0.25189
CVE-2022-43038,0.00063,0.25189
CVE-2022-43039,0.00044,0.10345
CVE-2022-4304,0.00127,0.47318
CVE-2022-43040,0.00066,0.27184
CVE-2022-43042,0.00066,0.27184
CVE-2022-43043,0.00044,0.10345
CVE-2022-43044,0.00044,0.10345
CVE-2022-43045,0.00044,0.10345
CVE-2022-43046,0.00056,0.20979
CVE-2022-43049,0.00072,0.29591
CVE-2022-4305,0.04093,0.91318
CVE-2022-43050,0.00114,0.44848
CVE-2022-43051,0.00072,0.29591
CVE-2022-43052,0.00072,0.29591
CVE-2022-43058,0.00151,0.51317
CVE-2022-4306,0.00086,0.35636
CVE-2022-43061,0.00114,0.44848
CVE-2022-43062,0.00072,0.29591
CVE-2022-43063,0.00072,0.29591
CVE-2022-43066,0.00072,0.29591
CVE-2022-43068,0.00072,0.29591
CVE-2022-4307,0.00101,0.41105
CVE-2022-43071,0.00044,0.10345
CVE-2022-43074,0.00257,0.63573
CVE-2022-43076,0.00056,0.20979
CVE-2022-43078,0.00056,0.20979
CVE-2022-43079,0.00068,0.28174
CVE-2022-4308,0.00043,0.06775
CVE-2022-43081,0.00145,0.50413
CVE-2022-43082,0.00068,0.28174
CVE-2022-43083,0.00114,0.44848
CVE-2022-43084,0.00056,0.20979
CVE-2022-43085,0.00114,0.44848
CVE-2022-43086,0.00067,0.27847
CVE-2022-4309,0.00067,0.27728
CVE-2022-43096,0.00059,0.23165
CVE-2022-43097,0.00053,0.18436
CVE-2022-4310,0.00101,0.41105
CVE-2022-43101,0.00190,0.56585
CVE-2022-43102,0.00190,0.56585
CVE-2022-43103,0.00190,0.56585
CVE-2022-43104,0.00190,0.56585
CVE-2022-43105,0.00190,0.56585
CVE-2022-43106,0.00190,0.56585
CVE-2022-43107,0.00190,0.56585
CVE-2022-43108,0.00190,0.56585
CVE-2022-43109,0.00201,0.58006
CVE-2022-4311,0.00064,0.25824
CVE-2022-43117,0.00052,0.17601
CVE-2022-43118,0.00082,0.34119
CVE-2022-43119,0.00082,0.34119
CVE-2022-4312,0.00043,0.06775
CVE-2022-43120,0.00082,0.34119
CVE-2022-43121,0.00082,0.34119
CVE-2022-43124,0.00072,0.29591
CVE-2022-43125,0.00072,0.29591
CVE-2022-43126,0.00072,0.29591
CVE-2022-43127,0.00072,0.29591
CVE-2022-4313,0.00049,0.15849
CVE-2022-43135,0.00139,0.49473
CVE-2022-43138,0.01220,0.83906
CVE-2022-4314,0.00157,0.52119
CVE-2022-43140,0.15211,0.95366
CVE-2022-43142,0.00068,0.28174
CVE-2022-43143,0.00131,0.48063
CVE-2022-43144,0.00065,0.27120
CVE-2022-43146,0.00100,0.40915
CVE-2022-43148,0.00044,0.10345
CVE-2022-4315,0.00074,0.30762
CVE-2022-43151,0.00044,0.10345
CVE-2022-43152,0.00044,0.10345
CVE-2022-43162,0.00072,0.29591
CVE-2022-43163,0.00072,0.29591
CVE-2022-43164,0.00163,0.53009
CVE-2022-43165,0.00163,0.53009
CVE-2022-43166,0.00163,0.53009
CVE-2022-43167,0.00163,0.53009
CVE-2022-43168,0.00139,0.49473
CVE-2022-43169,0.00163,0.53009
CVE-2022-4317,0.00052,0.17563
CVE-2022-43170,0.16930,0.95594
CVE-2022-43171,0.00075,0.31036
CVE-2022-43179,0.00072,0.29591
CVE-2022-4318,0.00042,0.05722
CVE-2022-43183,0.00072,0.29461
CVE-2022-43184,0.00113,0.44622
CVE-2022-43185,0.29316,0.96494
CVE-2022-43192,0.00042,0.05722
CVE-2022-43196,0.00095,0.39642
CVE-2022-4320,0.00097,0.40211
CVE-2022-4321,0.00078,0.32658
CVE-2022-43212,0.00132,0.48286
CVE-2022-43213,0.00132,0.48286
CVE-2022-43214,0.00132,0.48286
CVE-2022-43215,0.00132,0.48286
CVE-2022-4322,0.00126,0.47148
CVE-2022-43221,0.00075,0.31036
CVE-2022-43222,0.00075,0.31036
CVE-2022-43223,0.00075,0.31036
CVE-2022-43226,0.00072,0.29591
CVE-2022-43227,0.00072,0.29591
CVE-2022-43228,0.00072,0.29591
CVE-2022-43229,0.00147,0.50672
CVE-2022-4323,0.00085,0.35505
CVE-2022-43230,0.00072,0.29591
CVE-2022-43231,0.00095,0.39657
CVE-2022-43232,0.00072,0.29591
CVE-2022-43233,0.00072,0.29591
CVE-2022-43234,0.00257,0.63573
CVE-2022-43235,0.00077,0.31653
CVE-2022-43236,0.00077,0.31653
CVE-2022-43237,0.00077,0.31653
CVE-2022-43238,0.00077,0.31653
CVE-2022-43239,0.00077,0.31653
CVE-2022-4324,0.00085,0.35505
CVE-2022-43240,0.00077,0.31653
CVE-2022-43241,0.00077,0.31653
CVE-2022-43242,0.00077,0.31653
CVE-2022-43243,0.00077,0.31653
CVE-2022-43244,0.00077,0.31653
CVE-2022-43245,0.00077,0.31653
CVE-2022-43248,0.00077,0.31653
CVE-2022-43249,0.00077,0.31653
CVE-2022-4325,0.00100,0.40867
CVE-2022-43250,0.00077,0.31653
CVE-2022-43252,0.00077,0.31653
CVE-2022-43253,0.00077,0.31653
CVE-2022-43254,0.00044,0.10345
CVE-2022-43255,0.00050,0.16005
CVE-2022-43256,0.00139,0.49473
CVE-2022-43259,0.00075,0.31036
CVE-2022-4326,0.00042,0.05722
CVE-2022-43260,0.00190,0.56585
CVE-2022-43262,0.00139,0.49473
CVE-2022-43263,0.00068,0.28174
CVE-2022-43264,0.00154,0.51659
CVE-2022-43265,0.00323,0.67739
CVE-2022-43271,0.00053,0.18436
CVE-2022-43272,0.00109,0.43862
CVE-2022-43275,0.00114,0.44848
CVE-2022-43276,0.00072,0.29591
CVE-2022-43277,0.00085,0.35505
CVE-2022-43278,0.00085,0.35505
CVE-2022-43279,0.00072,0.29591
CVE-2022-4328,0.17372,0.95653
CVE-2022-43280,0.00064,0.26501
CVE-2022-43281,0.00066,0.27184
CVE-2022-43282,0.00064,0.26501
CVE-2022-43283,0.00044,0.10345
CVE-2022-43284,0.00066,0.27614
CVE-2022-43285,0.00063,0.25189
CVE-2022-43286,0.00157,0.52119
CVE-2022-43288,0.00072,0.29591
CVE-2022-43289,0.00060,0.23390
CVE-2022-4329,0.00067,0.27728
CVE-2022-43290,0.00085,0.35505
CVE-2022-43291,0.00085,0.35505
CVE-2022-43292,0.00085,0.35505
CVE-2022-43293,0.00095,0.39743
CVE-2022-43294,0.00166,0.53322
CVE-2022-43295,0.00044,0.10345
CVE-2022-4330,0.00056,0.20979
CVE-2022-43303,0.00169,0.53894
CVE-2022-43304,0.00169,0.53894
CVE-2022-43305,0.00169,0.53894
CVE-2022-43306,0.00177,0.54889
CVE-2022-43308,0.00043,0.06775
CVE-2022-43309,0.00045,0.12069
CVE-2022-4331,0.00083,0.34387
CVE-2022-43310,0.00290,0.65871
CVE-2022-43317,0.00068,0.28174
CVE-2022-43318,0.00072,0.29591
CVE-2022-43319,0.00166,0.53354
CVE-2022-4332,0.00077,0.31672
CVE-2022-43320,0.00082,0.34119
CVE-2022-43321,0.00075,0.31076
CVE-2022-43323,0.00088,0.36680
CVE-2022-43325,0.05213,0.92275
CVE-2022-43326,0.00068,0.28102
CVE-2022-43328,0.00074,0.30736
CVE-2022-43329,0.00074,0.30736
CVE-2022-4333,0.00141,0.49721
CVE-2022-43330,0.00074,0.30736
CVE-2022-43331,0.00074,0.30736
CVE-2022-43332,0.00063,0.25287
CVE-2022-43333,0.00528,0.74616
CVE-2022-43340,0.00116,0.45298
CVE-2022-43342,0.00056,0.20979
CVE-2022-43343,0.00063,0.25189
CVE-2022-4335,0.00064,0.26456
CVE-2022-43350,0.00072,0.29591
CVE-2022-43351,0.00070,0.28965
CVE-2022-43352,0.00072,0.29591
CVE-2022-43353,0.00072,0.29591
CVE-2022-43354,0.00072,0.29591
CVE-2022-43355,0.00072,0.29591
CVE-2022-43357,0.00053,0.18664
CVE-2022-43358,0.00053,0.18664
CVE-2022-43359,0.00096,0.39777
CVE-2022-4336,0.00053,0.18436
CVE-2022-43361,0.00056,0.20979
CVE-2022-43362,0.00072,0.29591
CVE-2022-43363,0.00075,0.31076
CVE-2022-43364,0.00146,0.50444
CVE-2022-43365,0.00075,0.31036
CVE-2022-43366,0.00199,0.57815
CVE-2022-43367,0.01588,0.86031
CVE-2022-43369,0.00068,0.28132
CVE-2022-4337,0.00124,0.46712
CVE-2022-43372,0.00056,0.20979
CVE-2022-43376,0.00046,0.13740
CVE-2022-43377,0.00087,0.36261
CVE-2022-43378,0.00048,0.14563
CVE-2022-4338,0.00124,0.46712
CVE-2022-43380,0.00048,0.14236
CVE-2022-43381,0.00048,0.14236
CVE-2022-43382,0.00042,0.05722
CVE-2022-43389,0.00172,0.54449
CVE-2022-43390,0.00119,0.45833
CVE-2022-43391,0.00072,0.29902
CVE-2022-43392,0.00073,0.30137
CVE-2022-43393,0.00086,0.35713
CVE-2022-43396,0.00139,0.49496
CVE-2022-43397,0.00091,0.38452
CVE-2022-43398,0.00141,0.49773
CVE-2022-4340,0.00067,0.27728
CVE-2022-43400,0.00260,0.63833
CVE-2022-43401,0.00123,0.46592
CVE-2022-43402,0.00123,0.46592
CVE-2022-43403,0.00204,0.58409
CVE-2022-43404,0.00118,0.45740
CVE-2022-43405,0.00118,0.45740
CVE-2022-43406,0.00118,0.45740
CVE-2022-43407,0.00067,0.27731
CVE-2022-43408,0.00052,0.17992
CVE-2022-43409,0.00075,0.30816
CVE-2022-4341,0.00059,0.23145
CVE-2022-43410,0.00068,0.28132
CVE-2022-43411,0.00068,0.28132
CVE-2022-43412,0.00068,0.28132
CVE-2022-43413,0.00053,0.18285
CVE-2022-43414,0.00068,0.28132
CVE-2022-43415,0.00143,0.50015
CVE-2022-43416,0.00089,0.37248
CVE-2022-43417,0.00053,0.18285
CVE-2022-43418,0.00054,0.19259
CVE-2022-43419,0.00064,0.25824
CVE-2022-4342,0.00112,0.44497
CVE-2022-43420,0.00075,0.30816
CVE-2022-43421,0.00063,0.25047
CVE-2022-43422,0.00068,0.28132
CVE-2022-43423,0.00068,0.28132
CVE-2022-43424,0.00068,0.28132
CVE-2022-43425,0.00075,0.30816
CVE-2022-43426,0.00068,0.28132
CVE-2022-43427,0.00053,0.18285
CVE-2022-43428,0.00068,0.28132
CVE-2022-43429,0.00143,0.50015
CVE-2022-4343,0.00045,0.11801
CVE-2022-43430,0.00143,0.50015
CVE-2022-43431,0.00053,0.18285
CVE-2022-43432,0.00053,0.18285
CVE-2022-43433,0.00053,0.18285
CVE-2022-43434,0.00068,0.28132
CVE-2022-43435,0.00068,0.28132
CVE-2022-43436,0.00148,0.50804
CVE-2022-43437,0.00171,0.54139
CVE-2022-43438,0.00171,0.54139
CVE-2022-43439,0.00332,0.68222
CVE-2022-4344,0.00117,0.45530
CVE-2022-43440,0.00043,0.06775
CVE-2022-43441,0.00143,0.50070
CVE-2022-43442,0.00057,0.21274
CVE-2022-43443,0.00061,0.24239
CVE-2022-43447,0.00074,0.30736
CVE-2022-43448,0.00055,0.20747
CVE-2022-43449,0.00042,0.05722
CVE-2022-4345,0.00094,0.39338
CVE-2022-43450,0.00049,0.14986
CVE-2022-43451,0.00044,0.07794
CVE-2022-43452,0.00074,0.30736
CVE-2022-43455,0.00073,0.30137
CVE-2022-43456,0.00043,0.06775
CVE-2022-43457,0.00074,0.30736
CVE-2022-43458,0.00045,0.11801
CVE-2022-43459,0.00056,0.21102
CVE-2022-4346,0.00067,0.27728
CVE-2022-43460,0.00094,0.39422
CVE-2022-43461,0.00045,0.11801
CVE-2022-43462,0.00074,0.30736
CVE-2022-43463,0.00053,0.18436
CVE-2022-43464,0.00162,0.52851
CVE-2022-43465,0.00043,0.06775
CVE-2022-43466,0.00043,0.07443
CVE-2022-43467,0.00055,0.20747
CVE-2022-43468,0.00091,0.38507
CVE-2022-43469,0.00056,0.21102
CVE-2022-4347,0.00051,0.17233
CVE-2022-43470,0.00044,0.10727
CVE-2022-43473,0.01086,0.82828
CVE-2022-43474,0.00043,0.06775
CVE-2022-43475,0.00043,0.06775
CVE-2022-43477,0.00043,0.06775
CVE-2022-43479,0.00189,0.56492
CVE-2022-4348,0.00059,0.23145
CVE-2022-43480,0.00045,0.11801
CVE-2022-43481,0.00046,0.12710
CVE-2022-43482,0.00089,0.37248
CVE-2022-43483,0.00162,0.52845
CVE-2022-43484,0.00050,0.16759
CVE-2022-43485,0.00049,0.14986
CVE-2022-43486,0.00043,0.06775
CVE-2022-43487,0.00160,0.52673
CVE-2022-43488,0.00046,0.12710
CVE-2022-4349,0.00080,0.33313
CVE-2022-43490,0.00058,0.21913
CVE-2022-43491,0.00046,0.12710
CVE-2022-43492,0.00089,0.37280
CVE-2022-43494,0.00064,0.25824
CVE-2022-43495,0.00078,0.32333
CVE-2022-43497,0.00160,0.52673
CVE-2022-43499,0.00105,0.42563
CVE-2022-4350,0.00059,0.23145
CVE-2022-43500,0.00160,0.52673
CVE-2022-43501,0.00096,0.39800
CVE-2022-43504,0.00157,0.52129
CVE-2022-43505,0.00043,0.06775
CVE-2022-43506,0.00074,0.30736
CVE-2022-43507,0.00050,0.16285
CVE-2022-43508,0.00112,0.44417
CVE-2022-43509,0.00199,0.57890
CVE-2022-4351,0.00080,0.33382
CVE-2022-43512,0.00056,0.21165
CVE-2022-43513,0.00113,0.44689
CVE-2022-43514,0.00424,0.71727
CVE-2022-43515,0.00245,0.62588
CVE-2022-43516,0.00213,0.59292
CVE-2022-43517,0.00042,0.05722
CVE-2022-43518,0.00067,0.27745
CVE-2022-43519,0.00078,0.32136
CVE-2022-4352,0.00080,0.33382
CVE-2022-43520,0.00078,0.32136
CVE-2022-43521,0.00078,0.32136
CVE-2022-43522,0.00078,0.32136
CVE-2022-43523,0.00078,0.32136
CVE-2022-43524,0.00061,0.23927
CVE-2022-43525,0.00086,0.35844
CVE-2022-43526,0.00086,0.35844
CVE-2022-43527,0.00086,0.35844
CVE-2022-43528,0.00063,0.25287
CVE-2022-43529,0.00076,0.31282
CVE-2022-4353,0.00051,0.17233
CVE-2022-43530,0.00087,0.35910
CVE-2022-43531,0.00087,0.35910
CVE-2022-43532,0.00061,0.23927
CVE-2022-43533,0.00042,0.05722
CVE-2022-43534,0.00042,0.05722
CVE-2022-43535,0.00042,0.05722
CVE-2022-43536,0.00313,0.67142
CVE-2022-43537,0.00313,0.67142
CVE-2022-43538,0.00313,0.67142
CVE-2022-43539,0.00043,0.06775
CVE-2022-4354,0.00157,0.52119
CVE-2022-43540,0.00042,0.05722
CVE-2022-43541,0.00114,0.44796
CVE-2022-43542,0.00114,0.44796
CVE-2022-43543,0.00084,0.35139
CVE-2022-43545,0.00506,0.74055
CVE-2022-43546,0.00506,0.74055
CVE-2022-43548,0.00287,0.65614
CVE-2022-43549,0.00166,0.53343
CVE-2022-4355,0.00089,0.37280
CVE-2022-43550,0.00238,0.61998
CVE-2022-43551,0.00092,0.38846
CVE-2022-43552,0.00058,0.21963
CVE-2022-43553,0.00184,0.55737
CVE-2022-43554,0.00133,0.48468
CVE-2022-43555,0.00133,0.48468
CVE-2022-43556,0.00074,0.30686
CVE-2022-43557,0.00044,0.10345
CVE-2022-4356,0.00089,0.37280
CVE-2022-43561,0.00068,0.28352
CVE-2022-43562,0.00065,0.27085
CVE-2022-43563,0.00166,0.53343
CVE-2022-43564,0.00121,0.46239
CVE-2022-43565,0.00166,0.53343
CVE-2022-43566,0.00083,0.34593
CVE-2022-43567,0.00085,0.35505
CVE-2022-43568,0.00075,0.31076
CVE-2022-43569,0.00056,0.20979
CVE-2022-4357,0.00128,0.47433
CVE-2022-43570,0.00064,0.25824
CVE-2022-43571,0.00127,0.47289
CVE-2022-43572,0.00061,0.23822
CVE-2022-43573,0.00056,0.21114
CVE-2022-43574,0.00059,0.23151
CVE-2022-43578,0.00044,0.10565
CVE-2022-43579,0.00044,0.10565
CVE-2022-4358,0.00080,0.33382
CVE-2022-43581,0.00125,0.46994
CVE-2022-43588,0.00043,0.06775
CVE-2022-43589,0.00043,0.06775
CVE-2022-4359,0.00080,0.33382
CVE-2022-43590,0.00043,0.06775
CVE-2022-43591,0.00212,0.59245
CVE-2022-43592,0.00133,0.48463
CVE-2022-43593,0.00062,0.24830
CVE-2022-43594,0.00066,0.27311
CVE-2022-43595,0.00066,0.27448
CVE-2022-43596,0.00133,0.48463
CVE-2022-43597,0.00283,0.65400
CVE-2022-43598,0.00283,0.65400
CVE-2022-43599,0.00452,0.72588
CVE-2022-4360,0.00080,0.33382
CVE-2022-43600,0.00452,0.72588
CVE-2022-43601,0.00478,0.73308
CVE-2022-43602,0.00478,0.73308
CVE-2022-43603,0.00062,0.24830
CVE-2022-43604,0.00272,0.64668
CVE-2022-43605,0.00272,0.64668
CVE-2022-43606,0.00046,0.13740
CVE-2022-43607,0.00055,0.20747
CVE-2022-43608,0.00054,0.19339
CVE-2022-43609,0.00061,0.24024
CVE-2022-4361,0.00046,0.13740
CVE-2022-43610,0.00055,0.20341
CVE-2022-43611,0.00055,0.20341
CVE-2022-43612,0.00055,0.20341
CVE-2022-43613,0.00127,0.47310
CVE-2022-43614,0.00063,0.25060
CVE-2022-43615,0.00055,0.20341
CVE-2022-43616,0.00063,0.25060
CVE-2022-43617,0.00063,0.25060
CVE-2022-43618,0.00063,0.25060
CVE-2022-43619,0.00048,0.14650
CVE-2022-4362,0.00056,0.20979
CVE-2022-43620,0.00067,0.27638
CVE-2022-43621,0.00175,0.54767
CVE-2022-43622,0.00074,0.30527
CVE-2022-43623,0.00048,0.14650
CVE-2022-43624,0.00052,0.17519
CVE-2022-43625,0.00050,0.16490
CVE-2022-43626,0.00052,0.17519
CVE-2022-43627,0.00052,0.17519
CVE-2022-43628,0.00052,0.17519
CVE-2022-43629,0.00052,0.17519
CVE-2022-43630,0.00074,0.30527
CVE-2022-43631,0.00052,0.17519
CVE-2022-43632,0.00052,0.17519
CVE-2022-43633,0.00052,0.17519
CVE-2022-43634,0.02775,0.89599
CVE-2022-43635,0.00046,0.12705
CVE-2022-43636,0.00046,0.12677
CVE-2022-43637,0.00089,0.37252
CVE-2022-43638,0.00089,0.37252
CVE-2022-43639,0.00089,0.37252
CVE-2022-4364,0.00190,0.56605
CVE-2022-43640,0.00077,0.31773
CVE-2022-43641,0.00089,0.37252
CVE-2022-43642,0.00071,0.29220
CVE-2022-43643,0.00071,0.29220
CVE-2022-43644,0.00071,0.29220
CVE-2022-43645,0.00071,0.29220
CVE-2022-43646,0.00071,0.29220
CVE-2022-43647,0.00071,0.29220
CVE-2022-43648,0.00070,0.29116
CVE-2022-43649,0.00120,0.46093
CVE-2022-4365,0.00079,0.32939
CVE-2022-43650,0.00077,0.32065
CVE-2022-4366,0.00120,0.46064
CVE-2022-43660,0.00162,0.52851
CVE-2022-43662,0.00043,0.06775
CVE-2022-43663,0.00087,0.36569
CVE-2022-43664,0.00100,0.41022
CVE-2022-43665,0.00044,0.10357
CVE-2022-43666,0.00043,0.06775
CVE-2022-43667,0.00112,0.44417
CVE-2022-43668,0.00068,0.28132
CVE-2022-43670,0.00063,0.25752
CVE-2022-43671,0.04290,0.91494
CVE-2022-43672,0.04290,0.91494
CVE-2022-43673,0.00043,0.06775
CVE-2022-43675,0.00046,0.13740
CVE-2022-43677,0.00050,0.16005
CVE-2022-43679,0.00063,0.25287
CVE-2022-4368,0.00067,0.27728
CVE-2022-43680,0.00518,0.74357
CVE-2022-43681,0.00050,0.16044
CVE-2022-43684,0.00117,0.45508
CVE-2022-43685,0.00091,0.38540
CVE-2022-43686,0.00107,0.43214
CVE-2022-43687,0.00087,0.36266
CVE-2022-43688,0.00099,0.40725
CVE-2022-43689,0.00087,0.36266
CVE-2022-4369,0.00067,0.27728
CVE-2022-43690,0.00100,0.40919
CVE-2022-43691,0.00087,0.36266
CVE-2022-43692,0.00114,0.44851
CVE-2022-43693,0.00100,0.40848
CVE-2022-43694,0.00114,0.44851
CVE-2022-43695,0.00099,0.40725
CVE-2022-43696,0.00046,0.13740
CVE-2022-43697,0.00046,0.13740
CVE-2022-43698,0.00045,0.11801
CVE-2022-43699,0.00045,0.11801
CVE-2022-4370,0.00084,0.34969
CVE-2022-43701,0.00051,0.16912
CVE-2022-43702,0.00051,0.17175
CVE-2022-43703,0.00051,0.17175
CVE-2022-43704,0.00068,0.28102
CVE-2022-43705,0.00082,0.34135
CVE-2022-43706,0.00053,0.18436
CVE-2022-43707,0.00093,0.39128
CVE-2022-43708,0.00068,0.28132
CVE-2022-43709,0.00066,0.27226
CVE-2022-4371,0.00105,0.42399
CVE-2022-43710,0.00058,0.21913
CVE-2022-43711,0.00046,0.13740
CVE-2022-43712,0.00046,0.12619
CVE-2022-43713,0.00047,0.13955
CVE-2022-43716,0.00046,0.13740
CVE-2022-43717,0.00076,0.31198
CVE-2022-43718,0.00076,0.31198
CVE-2022-43719,0.00519,0.74387
CVE-2022-4372,0.00105,0.42399
CVE-2022-43720,0.00082,0.34014
CVE-2022-43721,0.00117,0.45467
CVE-2022-43722,0.00047,0.14009
CVE-2022-43723,0.00160,0.52580
CVE-2022-43724,0.00260,0.63833
CVE-2022-4373,0.00072,0.29591
CVE-2022-4374,0.00067,0.27728
CVE-2022-43740,0.00056,0.21083
CVE-2022-43747,0.00397,0.70863
CVE-2022-43748,0.00089,0.37191
CVE-2022-43749,0.00068,0.28097
CVE-2022-4375,0.00263,0.64046
CVE-2022-43750,0.00045,0.11966
CVE-2022-43751,0.00065,0.26814
CVE-2022-43752,0.00043,0.06775
CVE-2022-43753,0.00103,0.41622
CVE-2022-43754,0.00061,0.23927
CVE-2022-43755,0.00105,0.42673
CVE-2022-43756,0.00088,0.36960
CVE-2022-43757,0.00056,0.21131
CVE-2022-43758,0.00069,0.28445
CVE-2022-43759,0.00056,0.21131
CVE-2022-4376,0.00052,0.17717
CVE-2022-43760,0.00050,0.16285
CVE-2022-43761,0.00051,0.16932
CVE-2022-43762,0.00105,0.42673
CVE-2022-43763,0.00055,0.20446
CVE-2022-43764,0.00156,0.52022
CVE-2022-43765,0.00055,0.20446
CVE-2022-43766,0.00178,0.55108
CVE-2022-43767,0.00046,0.13740
CVE-2022-43768,0.00046,0.13740
CVE-2022-43769,0.38320,0.96873
CVE-2022-4377,0.00062,0.24293
CVE-2022-43770,0.00048,0.14814
CVE-2022-43771,0.00050,0.15975
CVE-2022-43772,0.00049,0.14986
CVE-2022-43773,0.00050,0.16285
CVE-2022-43774,0.00161,0.52698
CVE-2022-43775,0.00161,0.52698
CVE-2022-43776,0.00067,0.27847
CVE-2022-43777,0.00042,0.05722
CVE-2022-43778,0.00042,0.05722
CVE-2022-43779,0.00042,0.05722
CVE-2022-4378,0.00042,0.05722
CVE-2022-43780,0.00093,0.38959
CVE-2022-43781,0.64609,0.97608
CVE-2022-43782,0.00157,0.52202
CVE-2022-4379,0.00112,0.44449
CVE-2022-4381,0.00056,0.20979
CVE-2022-4382,0.00053,0.19001
CVE-2022-4383,0.00160,0.52634
CVE-2022-43831,0.00042,0.05722
CVE-2022-4384,0.00056,0.20780
CVE-2022-43843,0.00096,0.39947
CVE-2022-43844,0.00075,0.31107
CVE-2022-43848,0.00048,0.14236
CVE-2022-43849,0.00048,0.14236
CVE-2022-4385,0.00051,0.17337
CVE-2022-43857,0.00066,0.27285
CVE-2022-43858,0.00066,0.27285
CVE-2022-43859,0.00048,0.14834
CVE-2022-4386,0.00053,0.18524
CVE-2022-43860,0.00048,0.14834
CVE-2022-43863,0.00050,0.16005
CVE-2022-43864,0.00127,0.47270
CVE-2022-43866,0.00044,0.10565
CVE-2022-43867,0.00042,0.05844
CVE-2022-43868,0.00044,0.10521
CVE-2022-43869,0.00061,0.24232
CVE-2022-43870,0.00049,0.15916
CVE-2022-43871,0.00044,0.10565
CVE-2022-43872,0.00061,0.23847
CVE-2022-43873,0.00077,0.31983
CVE-2022-43874,0.00044,0.10521
CVE-2022-43875,0.00043,0.06775
CVE-2022-43877,0.00043,0.06775
CVE-2022-43883,0.00061,0.23768
CVE-2022-43887,0.00061,0.23847
CVE-2022-43889,0.00044,0.10521
CVE-2022-43891,0.00058,0.22604
CVE-2022-43892,0.00044,0.10521
CVE-2022-43893,0.00043,0.06775
CVE-2022-4390,0.00173,0.54563
CVE-2022-43900,0.00042,0.05722
CVE-2022-43901,0.00042,0.05722
CVE-2022-43902,0.00044,0.10521
CVE-2022-43903,0.00044,0.10465
CVE-2022-43904,0.00074,0.30453
CVE-2022-43906,0.00044,0.10521
CVE-2022-43907,0.00066,0.27175
CVE-2022-43908,0.00044,0.10465
CVE-2022-43909,0.00044,0.10565
CVE-2022-4391,0.00056,0.20979
CVE-2022-43910,0.00042,0.05722
CVE-2022-43914,0.00044,0.10565
CVE-2022-43917,0.00103,0.41752
CVE-2022-43919,0.00044,0.10465
CVE-2022-4392,0.00056,0.20979
CVE-2022-43920,0.00075,0.31107
CVE-2022-43922,0.00049,0.15916
CVE-2022-43923,0.00042,0.05722
CVE-2022-43927,0.00074,0.30453
CVE-2022-43928,0.00049,0.15916
CVE-2022-43929,0.00053,0.18492
CVE-2022-4393,0.00056,0.20979
CVE-2022-43930,0.00074,0.30453
CVE-2022-43931,0.00078,0.32663
CVE-2022-43932,0.00078,0.32335
CVE-2022-43938,0.00049,0.15052
CVE-2022-43939,0.00091,0.38380
CVE-2022-4394,0.00056,0.20979
CVE-2022-43940,0.00050,0.16285
CVE-2022-43941,0.00049,0.14986
CVE-2022-43945,0.00104,0.42286
CVE-2022-43946,0.00127,0.47280
CVE-2022-43947,0.00050,0.16285
CVE-2022-43948,0.00043,0.07443
CVE-2022-43949,0.00105,0.42431
CVE-2022-4395,0.00165,0.53221
CVE-2022-43950,0.00052,0.17889
CVE-2022-43951,0.00068,0.28220
CVE-2022-43952,0.00044,0.10565
CVE-2022-43953,0.00042,0.05859
CVE-2022-43954,0.00073,0.30429
CVE-2022-43955,0.00059,0.23047
CVE-2022-43958,0.00043,0.06775
CVE-2022-43959,0.00104,0.42296
CVE-2022-4396,0.00059,0.23151
CVE-2022-43967,0.00114,0.44851
CVE-2022-43968,0.00114,0.44851
CVE-2022-43969,0.00096,0.39800
CVE-2022-4397,0.00083,0.34594
CVE-2022-43970,0.00227,0.61011
CVE-2022-43971,0.00144,0.50275
CVE-2022-43972,0.00081,0.33716
CVE-2022-43973,0.00149,0.51010
CVE-2022-43974,0.00937,0.81390
CVE-2022-43975,0.00141,0.49767
CVE-2022-43976,0.00166,0.53343
CVE-2022-43977,0.00197,0.57651
CVE-2022-43978,0.00052,0.18029
CVE-2022-43979,0.00399,0.70949
CVE-2022-4398,0.00060,0.23528
CVE-2022-43980,0.00044,0.10707
CVE-2022-43982,0.00096,0.39944
CVE-2022-43983,0.00152,0.51404
CVE-2022-43984,0.00152,0.51404
CVE-2022-43985,0.00152,0.51380
CVE-2022-43989,0.00119,0.45890
CVE-2022-4399,0.00270,0.64525
CVE-2022-43990,0.00119,0.45890
CVE-2022-43995,0.00042,0.05722
CVE-2022-43996,0.00053,0.18436
CVE-2022-43997,0.00042,0.05722
CVE-2022-43999,0.00190,0.56610
CVE-2022-4400,0.00080,0.33462
CVE-2022-44000,0.00190,0.56610
CVE-2022-44001,0.00190,0.56610
CVE-2022-44002,0.00063,0.25287
CVE-2022-44003,0.00137,0.49132
CVE-2022-44004,0.00244,0.62433
CVE-2022-44005,0.00059,0.23145
CVE-2022-44006,0.00512,0.74216
CVE-2022-44007,0.00143,0.50115
CVE-2022-44008,0.00062,0.24387
CVE-2022-44009,0.00161,0.52760
CVE-2022-4401,0.00051,0.17233
CVE-2022-44010,0.00044,0.10521
CVE-2022-44011,0.00044,0.10862
CVE-2022-44012,0.00056,0.20979
CVE-2022-44013,0.00169,0.53904
CVE-2022-44014,0.00067,0.27847
CVE-2022-44015,0.00195,0.57490
CVE-2022-44016,0.00154,0.51659
CVE-2022-44017,0.00166,0.53354
CVE-2022-44018,0.00077,0.31712
CVE-2022-44019,0.00219,0.59923
CVE-2022-4402,0.00181,0.55509
CVE-2022-44020,0.00048,0.14480
CVE-2022-44022,0.00159,0.52513
CVE-2022-44023,0.00159,0.52513
CVE-2022-44024,0.00063,0.25287
CVE-2022-44025,0.00063,0.25287
CVE-2022-44026,0.00063,0.25287
CVE-2022-44027,0.00063,0.25287
CVE-2022-44028,0.00063,0.25287
CVE-2022-44029,0.00063,0.25287
CVE-2022-4403,0.00080,0.33382
CVE-2022-44030,0.00143,0.50015
CVE-2022-44031,0.00063,0.25287
CVE-2022-44032,0.00060,0.23528
CVE-2022-44033,0.00060,0.23528
CVE-2022-44034,0.00060,0.23528
CVE-2022-44036,0.00072,0.29461
CVE-2022-44037,0.00066,0.27184
CVE-2022-44038,0.00528,0.74616
CVE-2022-44039,0.00232,0.61402
CVE-2022-44048,0.00169,0.53894
CVE-2022-44049,0.00169,0.53894
CVE-2022-44050,0.00169,0.53894
CVE-2022-44051,0.00169,0.53894
CVE-2022-44052,0.00169,0.53894
CVE-2022-44053,0.00169,0.53894
CVE-2022-44054,0.00182,0.55588
CVE-2022-44069,0.00056,0.20979
CVE-2022-4407,0.00054,0.19178
CVE-2022-44070,0.00056,0.20979
CVE-2022-44071,0.00056,0.20979
CVE-2022-44073,0.00056,0.20979
CVE-2022-44079,0.00044,0.10345
CVE-2022-4408,0.00051,0.17233
CVE-2022-44081,0.00044,0.10345
CVE-2022-44087,0.00630,0.76865
CVE-2022-44088,0.00630,0.76865
CVE-2022-44089,0.00630,0.76865
CVE-2022-4409,0.00121,0.46236
CVE-2022-44096,0.00192,0.56999
CVE-2022-44097,0.00192,0.56999
CVE-2022-4410,0.00048,0.14636
CVE-2022-44108,0.00157,0.52119
CVE-2022-44109,0.00157,0.52119
CVE-2022-44117,0.00120,0.46156
CVE-2022-44118,0.00397,0.70863
CVE-2022-44120,0.00120,0.46156
CVE-2022-4413,0.00059,0.23145
CVE-2022-44136,0.00229,0.61192
CVE-2022-44137,0.00072,0.29591
CVE-2022-44139,0.00139,0.49473
CVE-2022-4414,0.00054,0.19178
CVE-2022-44140,0.00072,0.29591
CVE-2022-44149,0.02553,0.89158
CVE-2022-4415,0.00043,0.06775
CVE-2022-44151,0.00139,0.49473
CVE-2022-44153,0.00068,0.28174
CVE-2022-44156,0.00075,0.31036
CVE-2022-44158,0.00075,0.31036
CVE-2022-4416,0.00080,0.33382
CVE-2022-44163,0.00075,0.31036
CVE-2022-44167,0.00075,0.31036
CVE-2022-44168,0.00075,0.31036
CVE-2022-44169,0.00075,0.31036
CVE-2022-4417,0.00067,0.27728
CVE-2022-44171,0.00240,0.62148
CVE-2022-44172,0.00240,0.62148
CVE-2022-44174,0.00240,0.62148
CVE-2022-44175,0.00240,0.62148
CVE-2022-44176,0.00240,0.62148
CVE-2022-44177,0.00240,0.62148
CVE-2022-44178,0.00240,0.62148
CVE-2022-4418,0.00042,0.05722
CVE-2022-44180,0.00240,0.62148
CVE-2022-44183,0.00240,0.62148
CVE-2022-44184,0.00210,0.58979
CVE-2022-44186,0.00210,0.58979
CVE-2022-44187,0.00210,0.58979
CVE-2022-44188,0.00210,0.58979
CVE-2022-44190,0.00210,0.58979
CVE-2022-44191,0.00210,0.58979
CVE-2022-44193,0.00210,0.58979
CVE-2022-44194,0.00143,0.49998
CVE-2022-44196,0.00210,0.58979
CVE-2022-44197,0.00210,0.58979
CVE-2022-44198,0.00210,0.58979
CVE-2022-44199,0.00210,0.58979
CVE-2022-44200,0.00210,0.58979
CVE-2022-44201,0.00231,0.61308
CVE-2022-44202,0.00197,0.57693
CVE-2022-44204,0.00163,0.52986
CVE-2022-4421,0.00054,0.19178
CVE-2022-44211,0.00153,0.51579
CVE-2022-44212,0.00159,0.52369
CVE-2022-44213,0.00056,0.20979
CVE-2022-44215,0.00046,0.13740
CVE-2022-44216,0.00057,0.21523
CVE-2022-4422,0.00085,0.35394
CVE-2022-44232,0.00046,0.13740
CVE-2022-44235,0.00068,0.28174
CVE-2022-44236,0.00192,0.56999
CVE-2022-44244,0.00080,0.33382
CVE-2022-44249,0.64028,0.97599
CVE-2022-44250,0.64028,0.97599
CVE-2022-44251,0.64028,0.97599
CVE-2022-44252,0.64028,0.97599
CVE-2022-44253,0.00085,0.35442
CVE-2022-44254,0.00085,0.35442
CVE-2022-44255,0.00171,0.54222
CVE-2022-44256,0.00085,0.35442
CVE-2022-44257,0.00085,0.35442
CVE-2022-44258,0.00085,0.35442
CVE-2022-44259,0.00085,0.35442
CVE-2022-4426,0.00067,0.27728
CVE-2022-44260,0.00085,0.35442
CVE-2022-44261,0.00053,0.18524
CVE-2022-44262,0.00443,0.72317
CVE-2022-44263,0.00043,0.06775
CVE-2022-44264,0.00043,0.06775
CVE-2022-44267,0.00937,0.81391
CVE-2022-44268,0.01712,0.86524
CVE-2022-4427,0.00132,0.48286
CVE-2022-44276,0.00087,0.36569
CVE-2022-44277,0.00072,0.29591
CVE-2022-44278,0.00072,0.29591
CVE-2022-44279,0.00068,0.28174
CVE-2022-4428,0.00087,0.36438
CVE-2022-44280,0.00061,0.24009
CVE-2022-44283,0.00273,0.64708
CVE-2022-44284,0.00048,0.14834
CVE-2022-44289,0.00058,0.22020
CVE-2022-4429,0.00043,0.06775
CVE-2022-44290,0.01189,0.83663
CVE-2022-44291,0.01189,0.83663
CVE-2022-44294,0.00072,0.29591
CVE-2022-44295,0.00072,0.29591
CVE-2022-44296,0.00072,0.29591
CVE-2022-44297,0.00113,0.44725
CVE-2022-44298,0.00113,0.44725
CVE-2022-44299,0.00057,0.21344
CVE-2022-44303,0.00073,0.29998
CVE-2022-4431,0.00052,0.17601
CVE-2022-44310,0.00098,0.40508
CVE-2022-44311,0.00156,0.52027
CVE-2022-44312,0.00050,0.16005
CVE-2022-44313,0.00050,0.16005
CVE-2022-44314,0.00050,0.16005
CVE-2022-44315,0.00050,0.16005
CVE-2022-44316,0.00050,0.16005
CVE-2022-44317,0.00050,0.16005
CVE-2022-44318,0.00050,0.16005
CVE-2022-44319,0.00050,0.16005
CVE-2022-4432,0.00042,0.05722
CVE-2022-44320,0.00050,0.16005
CVE-2022-44321,0.00050,0.16005
CVE-2022-4433,0.00042,0.05722
CVE-2022-4434,0.00042,0.05722
CVE-2022-44343,0.00094,0.39422
CVE-2022-44345,0.00072,0.29591
CVE-2022-44347,0.00072,0.29591
CVE-2022-44348,0.00072,0.29591
CVE-2022-44349,0.00045,0.11801
CVE-2022-4435,0.00042,0.05722
CVE-2022-44351,0.00131,0.47956
CVE-2022-44354,0.00229,0.61192
CVE-2022-44355,0.00068,0.28174
CVE-2022-44356,0.00199,0.57815
CVE-2022-4436,0.00211,0.59043
CVE-2022-44361,0.00056,0.20979
CVE-2022-44362,0.00190,0.56585
CVE-2022-44363,0.00191,0.56778
CVE-2022-44365,0.00190,0.56585
CVE-2022-44366,0.00190,0.56585
CVE-2022-44367,0.00190,0.56585
CVE-2022-44368,0.00044,0.10345
CVE-2022-44369,0.00044,0.10345
CVE-2022-4437,0.00211,0.59043
CVE-2022-44370,0.00053,0.19001
CVE-2022-44371,0.00236,0.61742
CVE-2022-44373,0.00222,0.60570
CVE-2022-44378,0.00085,0.35505
CVE-2022-44379,0.00072,0.29591
CVE-2022-4438,0.00211,0.59043
CVE-2022-44380,0.00056,0.20979
CVE-2022-44381,0.00082,0.34119
CVE-2022-44384,0.00359,0.69372
CVE-2022-44387,0.00063,0.25721
CVE-2022-44389,0.00047,0.13909
CVE-2022-4439,0.00211,0.59043
CVE-2022-44390,0.00053,0.18436
CVE-2022-44393,0.00072,0.29591
CVE-2022-44399,0.00139,0.49473
CVE-2022-4440,0.00211,0.59043
CVE-2022-44400,0.00229,0.61192
CVE-2022-44401,0.00229,0.61192
CVE-2022-44402,0.00072,0.29591
CVE-2022-44403,0.00072,0.29591
CVE-2022-4441,0.00097,0.40264
CVE-2022-44411,0.00166,0.53354
CVE-2022-44413,0.00072,0.29591
CVE-2022-44414,0.00072,0.29591
CVE-2022-44415,0.00072,0.29591
CVE-2022-44419,0.00042,0.05722
CVE-2022-4442,0.00056,0.20979
CVE-2022-44420,0.00042,0.05722
CVE-2022-44421,0.00043,0.06775
CVE-2022-44422,0.00042,0.05722
CVE-2022-44423,0.00042,0.05722
CVE-2022-44424,0.00042,0.05722
CVE-2022-44425,0.00042,0.05722
CVE-2022-44426,0.00042,0.05722
CVE-2022-44427,0.00042,0.05722
CVE-2022-44428,0.00042,0.05722
CVE-2022-44429,0.00042,0.05722
CVE-2022-4443,0.00068,0.28102
CVE-2022-44430,0.00042,0.05722
CVE-2022-44431,0.00042,0.05722
CVE-2022-44432,0.00042,0.05722
CVE-2022-44433,0.00042,0.05722
CVE-2022-44434,0.00042,0.05722
CVE-2022-44435,0.00042,0.05722
CVE-2022-44436,0.00042,0.05722
CVE-2022-44437,0.00042,0.05722
CVE-2022-44438,0.00042,0.05722
CVE-2022-44439,0.00042,0.05722
CVE-2022-4444,0.00063,0.25093
CVE-2022-44440,0.00042,0.05722
CVE-2022-44441,0.00042,0.05722
CVE-2022-44442,0.00042,0.05722
CVE-2022-44443,0.00042,0.05722
CVE-2022-44444,0.00042,0.05722
CVE-2022-44445,0.00042,0.05722
CVE-2022-44446,0.00042,0.05722
CVE-2022-44447,0.00042,0.05722
CVE-2022-44448,0.00042,0.05722
CVE-2022-44449,0.00110,0.43952
CVE-2022-4445,0.00120,0.46068
CVE-2022-44451,0.00055,0.20747
CVE-2022-44455,0.00042,0.05722
CVE-2022-44456,0.00597,0.76154
CVE-2022-44457,0.00170,0.54075
CVE-2022-4446,0.00307,0.66831
CVE-2022-44462,0.00052,0.17591
CVE-2022-44463,0.00052,0.17591
CVE-2022-44465,0.00052,0.17591
CVE-2022-44466,0.00052,0.17591
CVE-2022-44467,0.00052,0.17591
CVE-2022-44468,0.00052,0.17591
CVE-2022-44469,0.00052,0.17591
CVE-2022-4447,0.03472,0.90627
CVE-2022-44470,0.00052,0.17591
CVE-2022-44471,0.00052,0.17591
CVE-2022-44473,0.00052,0.17591
CVE-2022-44474,0.00052,0.17591
CVE-2022-4448,0.00051,0.17337
CVE-2022-44488,0.00052,0.17591
CVE-2022-4449,0.00056,0.20979
CVE-2022-44498,0.00236,0.61762
CVE-2022-44499,0.00236,0.61762
CVE-2022-4450,0.00053,0.18260
CVE-2022-44500,0.00236,0.61762
CVE-2022-44502,0.00138,0.49306
CVE-2022-4451,0.00056,0.20979
CVE-2022-44510,0.00052,0.17591
CVE-2022-4452,0.00062,0.24811
CVE-2022-4453,0.00056,0.20979
CVE-2022-44532,0.00067,0.27745
CVE-2022-44533,0.00137,0.49179
CVE-2022-44534,0.00113,0.44728
CVE-2022-44535,0.00190,0.56629
CVE-2022-4454,0.00152,0.51438
CVE-2022-44542,0.00194,0.57373
CVE-2022-44543,0.00046,0.13740
CVE-2022-44544,0.00157,0.52107
CVE-2022-44546,0.00088,0.36991
CVE-2022-44547,0.00088,0.36991
CVE-2022-44548,0.00048,0.14239
CVE-2022-44549,0.00145,0.50423
CVE-2022-4455,0.00054,0.19178
CVE-2022-44550,0.00088,0.36991
CVE-2022-44551,0.00187,0.56249
CVE-2022-44552,0.00088,0.36991
CVE-2022-44553,0.00068,0.28132
CVE-2022-44554,0.00088,0.36991
CVE-2022-44555,0.00088,0.36991
CVE-2022-44556,0.00088,0.36991
CVE-2022-44557,0.00143,0.50015
CVE-2022-44558,0.00188,0.56312
CVE-2022-44559,0.00188,0.56312
CVE-2022-4456,0.00054,0.19178
CVE-2022-44560,0.00068,0.28132
CVE-2022-44561,0.00069,0.28630
CVE-2022-44562,0.00240,0.62085
CVE-2022-44563,0.00143,0.50015
CVE-2022-44564,0.00044,0.08212
CVE-2022-44565,0.00063,0.25287
CVE-2022-44566,0.00053,0.18524
CVE-2022-44567,0.00326,0.67874
CVE-2022-44569,0.00043,0.06775
CVE-2022-4457,0.00052,0.18120
CVE-2022-44570,0.00061,0.23988
CVE-2022-44571,0.00061,0.23988
CVE-2022-44572,0.00056,0.21221
CVE-2022-44574,0.03503,0.90656
CVE-2022-44575,0.00063,0.25287
CVE-2022-44576,0.00048,0.14636
CVE-2022-4458,0.00051,0.17337
CVE-2022-44580,0.00050,0.16785
CVE-2022-44582,0.00045,0.11801
CVE-2022-44583,0.00120,0.46101
CVE-2022-44584,0.00097,0.40118
CVE-2022-44585,0.00056,0.21102
CVE-2022-44586,0.00048,0.14636
CVE-2022-44588,0.00170,0.54075
CVE-2022-44589,0.00087,0.36261
CVE-2022-4459,0.00051,0.17337
CVE-2022-44590,0.00048,0.14636
CVE-2022-44591,0.00053,0.18436
CVE-2022-44594,0.00045,0.11801
CVE-2022-4460,0.00056,0.20979
CVE-2022-44606,0.00163,0.53018
CVE-2022-44608,0.00167,0.53507
CVE-2022-44610,0.00050,0.16285
CVE-2022-44611,0.00043,0.06775
CVE-2022-44612,0.00043,0.06775
CVE-2022-44617,0.00075,0.31111
CVE-2022-44619,0.00043,0.06775
CVE-2022-4462,0.00052,0.17717
CVE-2022-44620,0.00162,0.52851
CVE-2022-44621,0.00384,0.70384
CVE-2022-44622,0.00063,0.25287
CVE-2022-44623,0.00135,0.48776
CVE-2022-44624,0.00135,0.48776
CVE-2022-44625,0.00045,0.11801
CVE-2022-44627,0.00059,0.23113
CVE-2022-44628,0.00048,0.14636
CVE-2022-44629,0.00045,0.11801
CVE-2022-44631,0.00045,0.11801
CVE-2022-44632,0.00045,0.11801
CVE-2022-44634,0.00062,0.24527
CVE-2022-44635,0.00060,0.23235
CVE-2022-44636,0.00044,0.10345
CVE-2022-44637,0.00063,0.25287
CVE-2022-44638,0.00231,0.61355
CVE-2022-4464,0.00056,0.20979
CVE-2022-44640,0.01374,0.84937
CVE-2022-44641,0.00050,0.16826
CVE-2022-44643,0.00074,0.30555
CVE-2022-44644,0.00045,0.12298
CVE-2022-44645,0.00138,0.49224
CVE-2022-44646,0.00063,0.25287
CVE-2022-44647,0.00045,0.12491
CVE-2022-44648,0.00045,0.12491
CVE-2022-44649,0.00045,0.12491
CVE-2022-4465,0.00056,0.20979
CVE-2022-44650,0.00045,0.12491
CVE-2022-44651,0.00045,0.12491
CVE-2022-44652,0.00045,0.12491
CVE-2022-44653,0.00048,0.14340
CVE-2022-44654,0.00078,0.32333
CVE-2022-4466,0.00045,0.11801
CVE-2022-44666,0.01112,0.83041
CVE-2022-44667,0.00178,0.55085
CVE-2022-44668,0.00580,0.75795
CVE-2022-44669,0.00043,0.07315
CVE-2022-4467,0.00056,0.20979
CVE-2022-44670,0.00517,0.74335
CVE-2022-44671,0.00043,0.07494
CVE-2022-44673,0.00043,0.07315
CVE-2022-44674,0.00043,0.07315
CVE-2022-44675,0.00043,0.07315
CVE-2022-44676,0.00517,0.74335
CVE-2022-44677,0.00043,0.07315
CVE-2022-44678,0.00043,0.07315
CVE-2022-44679,0.00043,0.07315
CVE-2022-4468,0.00056,0.20979
CVE-2022-44680,0.00043,0.07315
CVE-2022-44681,0.00043,0.07315
CVE-2022-44682,0.00043,0.07315
CVE-2022-44683,0.00061,0.23769
CVE-2022-44684,0.00057,0.21323
CVE-2022-44687,0.00172,0.54272
CVE-2022-44688,0.00201,0.57987
CVE-2022-44689,0.00043,0.07315
CVE-2022-4469,0.00056,0.20979
CVE-2022-44690,0.00738,0.78883
CVE-2022-44691,0.00223,0.60675
CVE-2022-44692,0.00270,0.64533
CVE-2022-44693,0.00738,0.78883
CVE-2022-44694,0.00270,0.64533
CVE-2022-44695,0.00270,0.64533
CVE-2022-44696,0.00270,0.64533
CVE-2022-44697,0.00043,0.07494
CVE-2022-44698,0.01492,0.85521
CVE-2022-44699,0.00043,0.07425
CVE-2022-4470,0.00051,0.17337
CVE-2022-44702,0.00223,0.60675
CVE-2022-44704,0.00043,0.07315
CVE-2022-44707,0.00120,0.46045
CVE-2022-44708,0.00200,0.57953
CVE-2022-4471,0.00050,0.16476
CVE-2022-44710,0.00053,0.18851
CVE-2022-44713,0.00089,0.37668
CVE-2022-44715,0.00162,0.52851
CVE-2022-44717,0.00053,0.18436
CVE-2022-44718,0.00053,0.18436
CVE-2022-44719,0.00084,0.34921
CVE-2022-4472,0.00051,0.17337
CVE-2022-44720,0.00119,0.45912
CVE-2022-44724,0.00069,0.28691
CVE-2022-44725,0.00043,0.06775
CVE-2022-44726,0.00045,0.11801
CVE-2022-44727,0.00110,0.44057
CVE-2022-44729,0.00097,0.40167
CVE-2022-4473,0.00051,0.17337
CVE-2022-44730,0.00139,0.49477
CVE-2022-44731,0.00076,0.31282
CVE-2022-44732,0.00042,0.05722
CVE-2022-44733,0.00042,0.05722
CVE-2022-44734,0.00045,0.11801
CVE-2022-44735,0.00045,0.11801
CVE-2022-44736,0.00053,0.18436
CVE-2022-44737,0.00063,0.25721
CVE-2022-44738,0.00091,0.38380
CVE-2022-44739,0.00058,0.21913
CVE-2022-4474,0.00056,0.20979
CVE-2022-44740,0.00085,0.35527
CVE-2022-44741,0.00085,0.35527
CVE-2022-44742,0.00045,0.11801
CVE-2022-44743,0.00045,0.11801
CVE-2022-44744,0.00042,0.05722
CVE-2022-44745,0.00043,0.06775
CVE-2022-44746,0.00043,0.06775
CVE-2022-44747,0.00042,0.05722
CVE-2022-44748,0.00236,0.61758
CVE-2022-44749,0.00183,0.55630
CVE-2022-4475,0.00056,0.20979
CVE-2022-44750,0.00084,0.35155
CVE-2022-44751,0.00084,0.35155
CVE-2022-44752,0.00084,0.35155
CVE-2022-44753,0.00084,0.35155
CVE-2022-44754,0.00084,0.35155
CVE-2022-44755,0.00084,0.35155
CVE-2022-44756,0.00062,0.24845
CVE-2022-44757,0.00087,0.36261
CVE-2022-44758,0.00046,0.13740
CVE-2022-4476,0.00118,0.45818
CVE-2022-4477,0.00056,0.20979
CVE-2022-4478,0.00056,0.20979
CVE-2022-44784,0.00195,0.57473
CVE-2022-44785,0.00225,0.60871
CVE-2022-44786,0.00165,0.53169
CVE-2022-44787,0.00068,0.28174
CVE-2022-44788,0.00166,0.53302
CVE-2022-44789,0.00920,0.81223
CVE-2022-4479,0.00056,0.20979
CVE-2022-44790,0.00117,0.45611
CVE-2022-44792,0.00490,0.73645
CVE-2022-44793,0.00490,0.73645
CVE-2022-44794,0.00174,0.54601
CVE-2022-44795,0.00063,0.25100
CVE-2022-44796,0.00170,0.54075
CVE-2022-44797,0.00129,0.47723
CVE-2022-4480,0.00056,0.20979
CVE-2022-44801,0.00197,0.57693
CVE-2022-44804,0.00197,0.57693
CVE-2022-44806,0.00197,0.57693
CVE-2022-44807,0.00197,0.57693
CVE-2022-44808,0.00185,0.55831
CVE-2022-4481,0.00056,0.20979
CVE-2022-4482,0.00056,0.20979
CVE-2022-44820,0.00072,0.29591
CVE-2022-4483,0.00056,0.20979
CVE-2022-44830,0.00066,0.27492
CVE-2022-44832,0.00196,0.57505
CVE-2022-44838,0.00072,0.29591
CVE-2022-4484,0.00056,0.20979
CVE-2022-44840,0.00053,0.19001
CVE-2022-44843,0.64028,0.97599
CVE-2022-44844,0.64028,0.97599
CVE-2022-44849,0.00088,0.36680
CVE-2022-4485,0.00056,0.20979
CVE-2022-44858,0.00072,0.29591
CVE-2022-44859,0.00072,0.29591
CVE-2022-4486,0.00056,0.20979
CVE-2022-44860,0.00072,0.29591
CVE-2022-4487,0.00056,0.20979
CVE-2022-44870,0.00054,0.19134
CVE-2022-44874,0.00044,0.10345
CVE-2022-44875,0.00051,0.17337
CVE-2022-44877,0.97451,0.99948
CVE-2022-4488,0.00051,0.17337
CVE-2022-4489,0.00056,0.21131
CVE-2022-44897,0.00053,0.18524
CVE-2022-44898,0.00042,0.05722
CVE-2022-44900,0.00755,0.79139
CVE-2022-4491,0.00056,0.20979
CVE-2022-44910,0.00066,0.27184
CVE-2022-4492,0.00057,0.21523
CVE-2022-44928,0.01125,0.83145
CVE-2022-44929,0.00442,0.72290
CVE-2022-4493,0.00186,0.56044
CVE-2022-44930,0.01588,0.86031
CVE-2022-44931,0.00075,0.31036
CVE-2022-44932,0.00146,0.50444
CVE-2022-44937,0.00054,0.19132
CVE-2022-44938,0.00229,0.61192
CVE-2022-44939,0.00055,0.20747
CVE-2022-4494,0.00186,0.56044
CVE-2022-44940,0.00186,0.56062
CVE-2022-44942,0.00061,0.23773
CVE-2022-44944,0.00091,0.38544
CVE-2022-44945,0.00135,0.48657
CVE-2022-44946,0.00091,0.38544
CVE-2022-44947,0.00109,0.43512
CVE-2022-44948,0.00091,0.38544
CVE-2022-44949,0.00091,0.38544
CVE-2022-4495,0.00079,0.33077
CVE-2022-44950,0.00091,0.38544
CVE-2022-44951,0.00091,0.38544
CVE-2022-44952,0.07295,0.93433
CVE-2022-44953,0.00056,0.20979
CVE-2022-44954,0.00056,0.20979
CVE-2022-44955,0.00056,0.20979
CVE-2022-44956,0.00056,0.20979
CVE-2022-44957,0.00091,0.38544
CVE-2022-44959,0.00056,0.20979
CVE-2022-4496,0.00056,0.21141
CVE-2022-44960,0.00056,0.20979
CVE-2022-44961,0.00056,0.20979
CVE-2022-44962,0.00056,0.20979
CVE-2022-4497,0.00056,0.20979
CVE-2022-4498,0.00211,0.59026
CVE-2022-4499,0.00512,0.74217
CVE-2022-45003,0.00046,0.13740
CVE-2022-45004,0.00046,0.13740
CVE-2022-45005,0.01588,0.86031
CVE-2022-45008,0.00056,0.20979
CVE-2022-45009,0.00114,0.44848
CVE-2022-4501,0.00048,0.14636
CVE-2022-45010,0.00139,0.49473
CVE-2022-45012,0.00074,0.30584
CVE-2022-45013,0.00074,0.30584
CVE-2022-45014,0.00074,0.30584
CVE-2022-45015,0.00074,0.30584
CVE-2022-45016,0.00074,0.30584
CVE-2022-45017,0.00060,0.23655
CVE-2022-45019,0.00145,0.50413
CVE-2022-4502,0.00480,0.73355
CVE-2022-45020,0.00077,0.31630
CVE-2022-45025,0.00795,0.79783
CVE-2022-45026,0.00171,0.54247
CVE-2022-45027,0.00075,0.31076
CVE-2022-45028,0.00060,0.23599
CVE-2022-4503,0.00480,0.73355
CVE-2022-45030,0.00065,0.27082
CVE-2022-45033,0.00056,0.20979
CVE-2022-45036,0.00056,0.20979
CVE-2022-45037,0.00092,0.38682
CVE-2022-45038,0.00092,0.38682
CVE-2022-45039,0.00114,0.44848
CVE-2022-4504,0.00139,0.49440
CVE-2022-45040,0.00056,0.20979
CVE-2022-45041,0.00167,0.53493
CVE-2022-45043,0.00206,0.58573
CVE-2022-45044,0.00069,0.28764
CVE-2022-45045,0.00135,0.48865
CVE-2022-45047,0.00345,0.68755
CVE-2022-45048,0.00047,0.13946
CVE-2022-45049,0.00056,0.20756
CVE-2022-4505,0.00182,0.55569
CVE-2022-45050,0.00060,0.23379
CVE-2022-45051,0.00056,0.20756
CVE-2022-45052,0.00061,0.24184
CVE-2022-45059,0.00113,0.44672
CVE-2022-4506,0.00107,0.43232
CVE-2022-45060,0.00195,0.57484
CVE-2022-45061,0.00300,0.66432
CVE-2022-45062,0.00899,0.80987
CVE-2022-45063,0.00210,0.59021
CVE-2022-45064,0.00129,0.47726
CVE-2022-45065,0.00046,0.13740
CVE-2022-45066,0.00069,0.28569
CVE-2022-45067,0.00056,0.21102
CVE-2022-45068,0.00056,0.21102
CVE-2022-45069,0.00083,0.34306
CVE-2022-4507,0.00056,0.20979
CVE-2022-45071,0.00063,0.25721
CVE-2022-45072,0.00046,0.12685
CVE-2022-45073,0.00063,0.25721
CVE-2022-45074,0.00058,0.21913
CVE-2022-45076,0.00058,0.21913
CVE-2022-45077,0.00089,0.37248
CVE-2022-45078,0.00050,0.16285
CVE-2022-45079,0.00058,0.21913
CVE-2022-4508,0.00056,0.20979
CVE-2022-45080,0.00058,0.21913
CVE-2022-45082,0.00048,0.14636
CVE-2022-45083,0.00052,0.17780
CVE-2022-45084,0.00046,0.13740
CVE-2022-45085,0.00052,0.18157
CVE-2022-45086,0.00048,0.14685
CVE-2022-45087,0.00050,0.16429
CVE-2022-45088,0.00104,0.42386
CVE-2022-45089,0.00058,0.22690
CVE-2022-4509,0.00056,0.20979
CVE-2022-45090,0.00058,0.22690
CVE-2022-45091,0.00048,0.14685
CVE-2022-45092,0.00167,0.53474
CVE-2022-45093,0.00167,0.53474
CVE-2022-45094,0.00170,0.54092
CVE-2022-45095,0.00043,0.06775
CVE-2022-45096,0.00109,0.43814
CVE-2022-45097,0.00058,0.22690
CVE-2022-45098,0.00042,0.05722
CVE-2022-45099,0.00042,0.05722
CVE-2022-4510,0.11781,0.94830
CVE-2022-45100,0.00127,0.47246
CVE-2022-45101,0.00215,0.59543
CVE-2022-45102,0.00068,0.28020
CVE-2022-45103,0.00092,0.38752
CVE-2022-45104,0.00086,0.35840
CVE-2022-45109,0.00043,0.06775
CVE-2022-4511,0.00124,0.46705
CVE-2022-45112,0.00043,0.06775
CVE-2022-45113,0.00118,0.45660
CVE-2022-45115,0.00096,0.39852
CVE-2022-45118,0.00043,0.06775
CVE-2022-4512,0.00051,0.17337
CVE-2022-45121,0.00056,0.21165
CVE-2022-45122,0.00126,0.47155
CVE-2022-45124,0.00084,0.34921
CVE-2022-45126,0.00043,0.06775
CVE-2022-45127,0.00047,0.13909
CVE-2022-45128,0.00043,0.06775
CVE-2022-45129,0.00189,0.56497
CVE-2022-4513,0.00063,0.25093
CVE-2022-45130,0.00075,0.30916
CVE-2022-45132,0.00784,0.79566
CVE-2022-45135,0.00782,0.79545
CVE-2022-45136,0.04481,0.91652
CVE-2022-45137,0.00050,0.16429
CVE-2022-45138,0.00112,0.44588
CVE-2022-45139,0.00050,0.16429
CVE-2022-4514,0.00063,0.25093
CVE-2022-45140,0.00256,0.63500
CVE-2022-45141,0.00062,0.24454
CVE-2022-45142,0.00048,0.14563
CVE-2022-45143,0.00450,0.72509
CVE-2022-45144,0.00052,0.17989
CVE-2022-45145,0.00243,0.62330
CVE-2022-45146,0.00043,0.06775
CVE-2022-45149,0.00198,0.57718
CVE-2022-4515,0.00077,0.31904
CVE-2022-45150,0.00096,0.39853
CVE-2022-45151,0.00106,0.42900
CVE-2022-45152,0.00179,0.55176
CVE-2022-45153,0.00042,0.05722
CVE-2022-45154,0.00043,0.06775
CVE-2022-45155,0.00043,0.06775
CVE-2022-45163,0.00059,0.22975
CVE-2022-45164,0.00053,0.18436
CVE-2022-45165,0.00074,0.30736
CVE-2022-45166,0.00053,0.18436
CVE-2022-45167,0.00053,0.18436
CVE-2022-45170,0.00049,0.14986
CVE-2022-45172,0.00091,0.38474
CVE-2022-45173,0.00106,0.42831
CVE-2022-45174,0.00106,0.42831
CVE-2022-45175,0.00050,0.16035
CVE-2022-45178,0.00050,0.16285
CVE-2022-45180,0.00049,0.14986
CVE-2022-45182,0.00167,0.53459
CVE-2022-45183,0.00172,0.54444
CVE-2022-45184,0.00150,0.51060
CVE-2022-45188,0.00097,0.40220
CVE-2022-4519,0.00053,0.18436
CVE-2022-45190,0.00045,0.12108
CVE-2022-45191,0.00044,0.10345
CVE-2022-45192,0.00044,0.10345
CVE-2022-45193,0.00077,0.31950
CVE-2022-45194,0.00063,0.25287
CVE-2022-45195,0.00084,0.35185
CVE-2022-45196,0.00076,0.31619
CVE-2022-45197,0.00083,0.34453
CVE-2022-45198,0.00184,0.55749
CVE-2022-45199,0.00124,0.46747
CVE-2022-4520,0.00083,0.34357
CVE-2022-45202,0.00060,0.23390
CVE-2022-45204,0.00044,0.10345
CVE-2022-45205,0.00075,0.31076
CVE-2022-45206,0.00127,0.47366
CVE-2022-45207,0.00127,0.47366
CVE-2022-45208,0.00056,0.20979
CVE-2022-4521,0.00080,0.33283
CVE-2022-45210,0.00056,0.20979
CVE-2022-45213,0.00075,0.31076
CVE-2022-45214,0.00068,0.28174
CVE-2022-45215,0.00053,0.18436
CVE-2022-45217,0.00056,0.20979
CVE-2022-45218,0.00068,0.28132
CVE-2022-4522,0.00063,0.25093
CVE-2022-45221,0.00053,0.18436
CVE-2022-45223,0.00053,0.18436
CVE-2022-45224,0.00053,0.18436
CVE-2022-45225,0.00063,0.25287
CVE-2022-45227,0.00166,0.53354
CVE-2022-45228,0.00051,0.17162
CVE-2022-4523,0.00063,0.25093
CVE-2022-4524,0.00093,0.39092
CVE-2022-4525,0.00079,0.33077
CVE-2022-4526,0.00063,0.25093
CVE-2022-45269,0.00154,0.51659
CVE-2022-4527,0.00063,0.25093
CVE-2022-45275,0.00114,0.44848
CVE-2022-45276,0.00373,0.69941
CVE-2022-45278,0.00072,0.29591
CVE-2022-45280,0.00056,0.20979
CVE-2022-45283,0.00060,0.23390
CVE-2022-45285,0.00053,0.18524
CVE-2022-45287,0.00060,0.23237
CVE-2022-45290,0.00095,0.39491
CVE-2022-45291,0.00125,0.46956
CVE-2022-45292,0.00067,0.27728
CVE-2022-45297,0.00129,0.47614
CVE-2022-45299,0.00171,0.54195
CVE-2022-45301,0.00053,0.18436
CVE-2022-45304,0.00053,0.18436
CVE-2022-45305,0.00053,0.18436
CVE-2022-45306,0.00053,0.18436
CVE-2022-45307,0.00053,0.18436
CVE-2022-45313,0.00114,0.44848
CVE-2022-45315,0.00307,0.66811
CVE-2022-45326,0.00095,0.39608
CVE-2022-45328,0.00072,0.29591
CVE-2022-45329,0.00145,0.50413
CVE-2022-45330,0.00167,0.53493
CVE-2022-45331,0.00167,0.53493
CVE-2022-45332,0.00066,0.27184
CVE-2022-45337,0.00075,0.31036
CVE-2022-45338,0.00055,0.20546
CVE-2022-45343,0.00060,0.23390
CVE-2022-45347,0.02790,0.89626
CVE-2022-45348,0.00050,0.16285
CVE-2022-45350,0.00091,0.38380
CVE-2022-45353,0.00064,0.25824
CVE-2022-45354,0.00553,0.75217
CVE-2022-45355,0.00050,0.16785
CVE-2022-45357,0.00091,0.38380
CVE-2022-45358,0.00045,0.11801
CVE-2022-45359,0.00170,0.54075
CVE-2022-45360,0.00091,0.38380
CVE-2022-45361,0.00045,0.11801
CVE-2022-45362,0.00177,0.54896
CVE-2022-45363,0.00053,0.18436
CVE-2022-45364,0.00058,0.21913
CVE-2022-45365,0.00096,0.39899
CVE-2022-45366,0.00046,0.13740
CVE-2022-45367,0.00058,0.21913
CVE-2022-45369,0.00053,0.18436
CVE-2022-4537,0.00053,0.18315
CVE-2022-45370,0.00091,0.38380
CVE-2022-45371,0.00058,0.21913
CVE-2022-45372,0.00058,0.21913
CVE-2022-45373,0.00076,0.31600
CVE-2022-45375,0.00053,0.18436
CVE-2022-45376,0.00058,0.21913
CVE-2022-45377,0.00091,0.38380
CVE-2022-45378,0.01173,0.83539
CVE-2022-45379,0.00143,0.50015
CVE-2022-45380,0.00075,0.30816
CVE-2022-45381,0.00067,0.27745
CVE-2022-45382,0.00075,0.30816
CVE-2022-45383,0.00064,0.25824
CVE-2022-45384,0.00064,0.25824
CVE-2022-45385,0.00064,0.26258
CVE-2022-45386,0.00057,0.21257
CVE-2022-45387,0.00075,0.30816
CVE-2022-45388,0.00147,0.50630
CVE-2022-45389,0.00063,0.25047
CVE-2022-45390,0.00053,0.18285
CVE-2022-45391,0.00069,0.28630
CVE-2022-45392,0.00064,0.25824
CVE-2022-45393,0.00051,0.17345
CVE-2022-45394,0.00053,0.18285
CVE-2022-45395,0.00187,0.56249
CVE-2022-45396,0.00187,0.56249
CVE-2022-45397,0.00187,0.56249
CVE-2022-45398,0.00056,0.20809
CVE-2022-45399,0.00053,0.18285
CVE-2022-45400,0.00187,0.56249
CVE-2022-45401,0.00075,0.30816
CVE-2022-45402,0.00558,0.75300
CVE-2022-45403,0.00110,0.44016
CVE-2022-45404,0.00097,0.40078
CVE-2022-45405,0.00097,0.40222
CVE-2022-45406,0.00145,0.50366
CVE-2022-45407,0.00074,0.30462
CVE-2022-45408,0.00097,0.40078
CVE-2022-45409,0.00145,0.50366
CVE-2022-45410,0.00097,0.40078
CVE-2022-45411,0.00120,0.46133
CVE-2022-45412,0.00145,0.50366
CVE-2022-45413,0.00068,0.28132
CVE-2022-45414,0.00148,0.50785
CVE-2022-45415,0.00060,0.23528
CVE-2022-45416,0.00110,0.44016
CVE-2022-45417,0.00068,0.28132
CVE-2022-45418,0.00120,0.46133
CVE-2022-45419,0.00069,0.28630
CVE-2022-4542,0.00056,0.20979
CVE-2022-45420,0.00097,0.40078
CVE-2022-45421,0.00116,0.45299
CVE-2022-45422,0.00054,0.19355
CVE-2022-45423,0.00135,0.48776
CVE-2022-45424,0.00063,0.25287
CVE-2022-45425,0.00135,0.48776
CVE-2022-45426,0.00064,0.25824
CVE-2022-45427,0.00089,0.37248
CVE-2022-45428,0.00053,0.18436
CVE-2022-45429,0.00135,0.48776
CVE-2022-4543,0.00042,0.05722
CVE-2022-45430,0.00063,0.25287
CVE-2022-45431,0.00093,0.38953
CVE-2022-45432,0.00063,0.25287
CVE-2022-45433,0.00063,0.25287
CVE-2022-45434,0.00093,0.38953
CVE-2022-45435,0.00048,0.14685
CVE-2022-45436,0.00048,0.14685
CVE-2022-45437,0.00048,0.14685
CVE-2022-45438,0.00389,0.70535
CVE-2022-45439,0.00054,0.19496
CVE-2022-4544,0.00056,0.20979
CVE-2022-45440,0.00042,0.05722
CVE-2022-45441,0.00050,0.16429
CVE-2022-45442,0.00153,0.51526
CVE-2022-45444,0.00244,0.62423
CVE-2022-45447,0.00050,0.15975
CVE-2022-45448,0.00046,0.13740
CVE-2022-4545,0.00056,0.20979
CVE-2022-45450,0.00087,0.36261
CVE-2022-45451,0.00042,0.05722
CVE-2022-45452,0.00042,0.05722
CVE-2022-45453,0.00087,0.36261
CVE-2022-45454,0.00094,0.39422
CVE-2022-45455,0.00042,0.05722
CVE-2022-45456,0.00046,0.13740
CVE-2022-45457,0.00087,0.36261
CVE-2022-45458,0.00087,0.36261
CVE-2022-45459,0.00087,0.36261
CVE-2022-4546,0.00056,0.21131
CVE-2022-45460,0.00214,0.59490
CVE-2022-45461,0.00101,0.41070
CVE-2022-45462,0.00839,0.80303
CVE-2022-45468,0.00056,0.21165
CVE-2022-45469,0.00043,0.06775
CVE-2022-4547,0.00090,0.37901
CVE-2022-45470,0.00126,0.47179
CVE-2022-45471,0.00078,0.32333
CVE-2022-45472,0.00053,0.18436
CVE-2022-45473,0.00043,0.06775
CVE-2022-45474,0.00157,0.52119
CVE-2022-45475,0.00241,0.62164
CVE-2022-45476,0.00210,0.58979
CVE-2022-45477,0.00361,0.69471
CVE-2022-45478,0.00130,0.47801
CVE-2022-45479,0.00361,0.69471
CVE-2022-4548,0.00054,0.19132
CVE-2022-45480,0.00130,0.47801
CVE-2022-45481,0.00361,0.69471
CVE-2022-45482,0.00170,0.54050
CVE-2022-45483,0.00130,0.47801
CVE-2022-45484,0.00046,0.12522
CVE-2022-4549,0.00067,0.27728
CVE-2022-45491,0.00043,0.06775
CVE-2022-45492,0.00043,0.06775
CVE-2022-45493,0.00043,0.06775
CVE-2022-45494,0.00050,0.16759
CVE-2022-45496,0.00043,0.06775
CVE-2022-45497,0.05037,0.92148
CVE-2022-45498,0.00083,0.34415
CVE-2022-45499,0.00075,0.31036
CVE-2022-4550,0.00053,0.18467
CVE-2022-45501,0.00075,0.31036
CVE-2022-45503,0.00075,0.31036
CVE-2022-45504,0.00083,0.34415
CVE-2022-45505,0.00075,0.31036
CVE-2022-45506,0.05037,0.92148
CVE-2022-45507,0.00075,0.31036
CVE-2022-45508,0.00075,0.31036
CVE-2022-45509,0.00075,0.31036
CVE-2022-4551,0.00051,0.17337
CVE-2022-45510,0.00075,0.31036
CVE-2022-45511,0.00075,0.31036
CVE-2022-45512,0.00075,0.31036
CVE-2022-45513,0.00075,0.31036
CVE-2022-45514,0.00075,0.31036
CVE-2022-45515,0.00075,0.31036
CVE-2022-45516,0.00075,0.31036
CVE-2022-45517,0.00075,0.31036
CVE-2022-45518,0.00075,0.31036
CVE-2022-45519,0.00075,0.31036
CVE-2022-4552,0.00053,0.18524
CVE-2022-45520,0.00075,0.31036
CVE-2022-45521,0.00075,0.31036
CVE-2022-45522,0.00075,0.31036
CVE-2022-45523,0.00075,0.31036
CVE-2022-45524,0.00075,0.31036
CVE-2022-45525,0.00075,0.31036
CVE-2022-45526,0.00106,0.42901
CVE-2022-45527,0.00118,0.45816
CVE-2022-45529,0.00085,0.35307
CVE-2022-4553,0.00053,0.18524
CVE-2022-45535,0.00076,0.31136
CVE-2022-45536,0.00076,0.31136
CVE-2022-45537,0.00067,0.27728
CVE-2022-45538,0.00067,0.27728
CVE-2022-45539,0.00067,0.27728
CVE-2022-4554,0.00047,0.14169
CVE-2022-45540,0.00067,0.27728
CVE-2022-45541,0.00067,0.27728
CVE-2022-45542,0.00056,0.20979
CVE-2022-45543,0.00055,0.20378
CVE-2022-45544,0.00072,0.29895
CVE-2022-45546,0.00096,0.40025
CVE-2022-45548,0.00072,0.29461
CVE-2022-4555,0.00055,0.20601
CVE-2022-45550,0.00579,0.75764
CVE-2022-45551,0.00113,0.44607
CVE-2022-45552,0.00064,0.26406
CVE-2022-45553,0.00066,0.27609
CVE-2022-45557,0.00074,0.30598
CVE-2022-45558,0.00074,0.30598
CVE-2022-4556,0.00063,0.25093
CVE-2022-45562,0.00088,0.36993
CVE-2022-45564,0.00086,0.35613
CVE-2022-4557,0.00089,0.37298
CVE-2022-4558,0.00063,0.25093
CVE-2022-45582,0.00052,0.17638
CVE-2022-45586,0.00044,0.08085
CVE-2022-45587,0.00044,0.08085
CVE-2022-45588,0.00043,0.07425
CVE-2022-45589,0.00058,0.22690
CVE-2022-4559,0.00063,0.25093
CVE-2022-45597,0.00055,0.20387
CVE-2022-45598,0.00055,0.20378
CVE-2022-45599,0.00118,0.45816
CVE-2022-4560,0.00079,0.33077
CVE-2022-45600,0.00118,0.45688
CVE-2022-45608,0.00070,0.28882
CVE-2022-4561,0.00054,0.19178
CVE-2022-45611,0.00063,0.25553
CVE-2022-45613,0.00056,0.20979
CVE-2022-4562,0.00051,0.17337
CVE-2022-4563,0.00042,0.05722
CVE-2022-45634,0.00045,0.11801
CVE-2022-45635,0.00084,0.34921
CVE-2022-45636,0.00063,0.25756
CVE-2022-45637,0.00091,0.38380
CVE-2022-45639,0.00380,0.70217
CVE-2022-4564,0.00067,0.27774
CVE-2022-45640,0.00128,0.47468
CVE-2022-45641,0.00075,0.31036
CVE-2022-45643,0.00075,0.31036
CVE-2022-45644,0.00075,0.31036
CVE-2022-45645,0.00075,0.31036
CVE-2022-45646,0.00075,0.31036
CVE-2022-45647,0.00075,0.31036
CVE-2022-45648,0.00075,0.31036
CVE-2022-45649,0.00075,0.31036
CVE-2022-4565,0.00076,0.31619
CVE-2022-45650,0.00075,0.31036
CVE-2022-45651,0.00075,0.31036
CVE-2022-45652,0.00075,0.31036
CVE-2022-45653,0.00075,0.31036
CVE-2022-45654,0.00075,0.31036
CVE-2022-45655,0.00075,0.31036
CVE-2022-45656,0.00075,0.31036
CVE-2022-45657,0.00075,0.31036
CVE-2022-45658,0.00075,0.31036
CVE-2022-45659,0.00075,0.31036
CVE-2022-4566,0.00133,0.48345
CVE-2022-45660,0.00075,0.31036
CVE-2022-45661,0.00075,0.31036
CVE-2022-45663,0.00075,0.31036
CVE-2022-45664,0.00075,0.31036
CVE-2022-45665,0.00075,0.31036
CVE-2022-45666,0.00075,0.31036
CVE-2022-45667,0.00053,0.18445
CVE-2022-45668,0.00053,0.18445
CVE-2022-45669,0.00075,0.31036
CVE-2022-4567,0.00151,0.51298
CVE-2022-45670,0.00075,0.31036
CVE-2022-45671,0.00075,0.31036
CVE-2022-45672,0.00075,0.31036
CVE-2022-45673,0.00053,0.18445
CVE-2022-45674,0.00053,0.18445
CVE-2022-45677,0.00086,0.35613
CVE-2022-4568,0.00043,0.06775
CVE-2022-45685,0.00066,0.27311
CVE-2022-45688,0.00064,0.26365
CVE-2022-45689,0.00063,0.25189
CVE-2022-4569,0.00042,0.05722
CVE-2022-45690,0.00064,0.26365
CVE-2022-45693,0.00062,0.24793
CVE-2022-45697,0.00043,0.06775
CVE-2022-45699,0.00123,0.46687
CVE-2022-4570,0.00056,0.20979
CVE-2022-45701,0.01431,0.85227
CVE-2022-45703,0.00053,0.19001
CVE-2022-45706,0.00191,0.56778
CVE-2022-45707,0.00191,0.56778
CVE-2022-45708,0.00191,0.56778
CVE-2022-45709,0.00126,0.47191
CVE-2022-4571,0.00056,0.20979
CVE-2022-45710,0.00191,0.56778
CVE-2022-45711,0.00234,0.61511
CVE-2022-45712,0.00191,0.56778
CVE-2022-45714,0.00191,0.56778
CVE-2022-45715,0.00191,0.56778
CVE-2022-45716,0.00191,0.56778
CVE-2022-45717,0.00126,0.47191
CVE-2022-45718,0.00191,0.56778
CVE-2022-45719,0.00191,0.56778
CVE-2022-4572,0.00053,0.18561
CVE-2022-45720,0.00191,0.56778
CVE-2022-45721,0.00191,0.56778
CVE-2022-45722,0.00050,0.16429
CVE-2022-45724,0.00090,0.37719
CVE-2022-45725,0.00215,0.59529
CVE-2022-45728,0.00063,0.25287
CVE-2022-45729,0.00063,0.25287
CVE-2022-4573,0.00042,0.05722
CVE-2022-45730,0.00063,0.25287
CVE-2022-4574,0.00042,0.05722
CVE-2022-45748,0.00129,0.47666
CVE-2022-4575,0.00043,0.06775
CVE-2022-45755,0.00056,0.21038
CVE-2022-45756,0.00063,0.25287
CVE-2022-45758,0.00056,0.20979
CVE-2022-45759,0.00072,0.29461
CVE-2022-4576,0.00056,0.20979
CVE-2022-45760,0.00072,0.29461
CVE-2022-45766,0.00158,0.52253
CVE-2022-45768,0.00072,0.29896
CVE-2022-45769,0.00068,0.28174
CVE-2022-4577,0.00051,0.17337
CVE-2022-45770,0.00042,0.05722
CVE-2022-45771,0.00095,0.39728
CVE-2022-45778,0.00139,0.49391
CVE-2022-4578,0.00056,0.20979
CVE-2022-45781,0.00050,0.16285
CVE-2022-45782,0.00105,0.42673
CVE-2022-45783,0.00081,0.33765
CVE-2022-45786,0.00071,0.29285
CVE-2022-45787,0.00042,0.05722
CVE-2022-45788,0.00131,0.48003
CVE-2022-45789,0.00128,0.47549
CVE-2022-45790,0.00062,0.24809
CVE-2022-45792,0.00055,0.20641
CVE-2022-45793,0.00043,0.07316
CVE-2022-45794,0.00087,0.36261
CVE-2022-45796,0.00205,0.58541
CVE-2022-45797,0.00042,0.05722
CVE-2022-45798,0.00045,0.12491
CVE-2022-4580,0.00051,0.17337
CVE-2022-45801,0.00088,0.37171
CVE-2022-45802,0.00469,0.73020
CVE-2022-45804,0.00046,0.13740
CVE-2022-45805,0.00403,0.71051
CVE-2022-45807,0.00056,0.21102
CVE-2022-45808,0.00122,0.46454
CVE-2022-45809,0.00046,0.13740
CVE-2022-4581,0.00054,0.19178
CVE-2022-45810,0.00091,0.38380
CVE-2022-45812,0.00045,0.11801
CVE-2022-45814,0.00045,0.11801
CVE-2022-45815,0.00058,0.21913
CVE-2022-45816,0.00053,0.18436
CVE-2022-45817,0.00046,0.13740
CVE-2022-45818,0.00045,0.11801
CVE-2022-4582,0.00063,0.25093
CVE-2022-45820,0.00080,0.33382
CVE-2022-45821,0.00045,0.11801
CVE-2022-45822,0.00120,0.46156
CVE-2022-45823,0.00058,0.21913
CVE-2022-45824,0.00047,0.13909
CVE-2022-45825,0.00046,0.13740
CVE-2022-45827,0.00045,0.11801
CVE-2022-45828,0.00058,0.21913
CVE-2022-45829,0.00075,0.30905
CVE-2022-4583,0.00134,0.48520
CVE-2022-45831,0.00046,0.13740
CVE-2022-45833,0.00067,0.27745
CVE-2022-45835,0.00297,0.66288
CVE-2022-45836,0.00046,0.13740
CVE-2022-45837,0.00046,0.13740
CVE-2022-45838,0.00046,0.13740
CVE-2022-45839,0.00045,0.11801
CVE-2022-4584,0.00316,0.67385
CVE-2022-45842,0.00063,0.25287
CVE-2022-45843,0.00045,0.11801
CVE-2022-45845,0.00052,0.17780
CVE-2022-45846,0.00058,0.21913
CVE-2022-45848,0.00063,0.25287
CVE-2022-45849,0.00045,0.11801
CVE-2022-4585,0.00063,0.25093
CVE-2022-45853,0.00042,0.05722
CVE-2022-45854,0.00044,0.10345
CVE-2022-45855,0.00065,0.26878
CVE-2022-45857,0.00078,0.32333
CVE-2022-45858,0.00089,0.37448
CVE-2022-45859,0.00042,0.05722
CVE-2022-4586,0.00063,0.25093
CVE-2022-45860,0.00093,0.39078
CVE-2022-45861,0.00065,0.26805
CVE-2022-45866,0.00200,0.57975
CVE-2022-45867,0.00166,0.53259
CVE-2022-45868,0.00042,0.05722
CVE-2022-45869,0.00043,0.06775
CVE-2022-4587,0.00059,0.23151
CVE-2022-45871,0.00075,0.30823
CVE-2022-45872,0.00170,0.54075
CVE-2022-45873,0.00042,0.05722
CVE-2022-45874,0.00043,0.06775
CVE-2022-45875,0.00127,0.47232
CVE-2022-45876,0.00054,0.19197
CVE-2022-45877,0.00052,0.18120
CVE-2022-4588,0.00063,0.25093
CVE-2022-45884,0.00042,0.05722
CVE-2022-45885,0.00042,0.05722
CVE-2022-45886,0.00042,0.05722
CVE-2022-45887,0.00042,0.05722
CVE-2022-45888,0.00060,0.23528
CVE-2022-45889,0.00205,0.58541
CVE-2022-4589,0.00073,0.30010
CVE-2022-45890,0.00068,0.28174
CVE-2022-45891,0.00195,0.57495
CVE-2022-45892,0.00056,0.20979
CVE-2022-45893,0.00085,0.35505
CVE-2022-45894,0.00062,0.24387
CVE-2022-45895,0.00067,0.27847
CVE-2022-45896,0.00270,0.64534
CVE-2022-45897,0.00052,0.18157
CVE-2022-4590,0.00063,0.25093
CVE-2022-45907,0.00210,0.58957
CVE-2022-45908,0.00225,0.60841
CVE-2022-45909,0.00146,0.50474
CVE-2022-4591,0.00063,0.25093
CVE-2022-45910,0.00114,0.44973
CVE-2022-45911,0.00063,0.25287
CVE-2022-45912,0.00203,0.58352
CVE-2022-45913,0.00063,0.25287
CVE-2022-45914,0.00062,0.24398
CVE-2022-45915,0.00414,0.71427
CVE-2022-45916,0.00108,0.43318
CVE-2022-45917,0.00221,0.60317
CVE-2022-45918,0.00252,0.63191
CVE-2022-45919,0.00043,0.06775
CVE-2022-4592,0.00152,0.51438
CVE-2022-45920,0.00078,0.32333
CVE-2022-45921,0.00152,0.51431
CVE-2022-45922,0.00269,0.64479
CVE-2022-45923,0.00189,0.56520
CVE-2022-45924,0.00084,0.34929
CVE-2022-45925,0.00266,0.64277
CVE-2022-45926,0.00269,0.64479
CVE-2022-45927,0.00305,0.66730
CVE-2022-45928,0.00239,0.62035
CVE-2022-4593,0.00054,0.19178
CVE-2022-45930,0.00060,0.23626
CVE-2022-45931,0.00054,0.20312
CVE-2022-45932,0.00060,0.23626
CVE-2022-45933,0.00808,0.79929
CVE-2022-45934,0.00042,0.05722
CVE-2022-45935,0.00042,0.05722
CVE-2022-45936,0.00092,0.38752
CVE-2022-45937,0.00055,0.20627
CVE-2022-45938,0.00105,0.42555
CVE-2022-45939,0.00061,0.23807
CVE-2022-4594,0.00186,0.56044
CVE-2022-45942,0.00393,0.70743
CVE-2022-4595,0.00063,0.25093
CVE-2022-45956,0.00112,0.44329
CVE-2022-45957,0.00075,0.31036
CVE-2022-4596,0.00061,0.23856
CVE-2022-45962,0.00093,0.38968
CVE-2022-45963,0.00166,0.53343
CVE-2022-45966,0.00192,0.56999
CVE-2022-45968,0.00085,0.35505
CVE-2022-45969,0.00146,0.50434
CVE-2022-4597,0.00060,0.23655
CVE-2022-45970,0.00056,0.20979
CVE-2022-45977,0.00206,0.58573
CVE-2022-45979,0.00075,0.31036
CVE-2022-4598,0.00074,0.30584
CVE-2022-45980,0.00088,0.36680
CVE-2022-45982,0.00092,0.38852
CVE-2022-45988,0.00042,0.05722
CVE-2022-4599,0.00074,0.30584
CVE-2022-45990,0.00068,0.28174
CVE-2022-45995,0.00212,0.59245
CVE-2022-45996,0.00206,0.58644
CVE-2022-45997,0.00085,0.35505
CVE-2022-4600,0.00074,0.30584
CVE-2022-4601,0.00074,0.30584
CVE-2022-4602,0.00074,0.30584
CVE-2022-46020,0.01740,0.86633
CVE-2022-46021,0.00073,0.30355
CVE-2022-46025,0.00110,0.43920
CVE-2022-4603,0.00122,0.46442
CVE-2022-4604,0.00096,0.39846
CVE-2022-46047,0.00067,0.27847
CVE-2022-4605,0.00051,0.17233
CVE-2022-46051,0.00072,0.29591
CVE-2022-46058,0.00056,0.20979
CVE-2022-46059,0.00054,0.19132
CVE-2022-4606,0.00307,0.66831
CVE-2022-46061,0.00082,0.34119
CVE-2022-46062,0.00051,0.17162
CVE-2022-4607,0.00155,0.51826
CVE-2022-46071,0.01295,0.84441
CVE-2022-46072,0.00171,0.54245
CVE-2022-46073,0.00094,0.39271
CVE-2022-46074,0.00182,0.55561
CVE-2022-46076,0.00143,0.50100
CVE-2022-4608,0.00046,0.13740
CVE-2022-46080,0.00279,0.65117
CVE-2022-46081,0.00111,0.44199
CVE-2022-46087,0.00051,0.17337
CVE-2022-4609,0.00051,0.17233
CVE-2022-46093,0.00118,0.45767
CVE-2022-46095,0.00075,0.31076
CVE-2022-46096,0.00075,0.31104
CVE-2022-4610,0.00045,0.12069
CVE-2022-46101,0.00085,0.35527
CVE-2022-46102,0.00192,0.56999
CVE-2022-46109,0.00075,0.31036
CVE-2022-4611,0.00091,0.38534
CVE-2022-46117,0.00072,0.29591
CVE-2022-46118,0.00072,0.29591
CVE-2022-46119,0.00072,0.29591
CVE-2022-4612,0.00117,0.45464
CVE-2022-46120,0.00072,0.29591
CVE-2022-46121,0.00072,0.29591
CVE-2022-46122,0.00072,0.29591
CVE-2022-46123,0.00072,0.29591
CVE-2022-46124,0.00072,0.29591
CVE-2022-46125,0.00072,0.29591
CVE-2022-46126,0.00072,0.29591
CVE-2022-46127,0.00072,0.29591
CVE-2022-46128,0.00063,0.25287
CVE-2022-4613,0.00133,0.48348
CVE-2022-46135,0.00085,0.35505
CVE-2022-46137,0.00161,0.52700
CVE-2022-46139,0.00078,0.32333
CVE-2022-4614,0.00051,0.17233
CVE-2022-46140,0.00052,0.17668
CVE-2022-46141,0.00042,0.05722
CVE-2022-46142,0.00046,0.13804
CVE-2022-46143,0.00053,0.18436
CVE-2022-46144,0.00073,0.30137
CVE-2022-46145,0.00159,0.52493
CVE-2022-46146,0.00349,0.68941
CVE-2022-46147,0.00083,0.34357
CVE-2022-46148,0.00053,0.18436
CVE-2022-46149,0.00114,0.44901
CVE-2022-4615,0.00480,0.73355
CVE-2022-46150,0.00048,0.14636
CVE-2022-46151,0.00054,0.19178
CVE-2022-46152,0.00043,0.05916
CVE-2022-46153,0.00113,0.44766
CVE-2022-46154,0.00147,0.50629
CVE-2022-46155,0.00165,0.53197
CVE-2022-46156,0.00054,0.19359
CVE-2022-46157,0.00319,0.67515
CVE-2022-46158,0.00048,0.14636
CVE-2022-46159,0.00063,0.25197
CVE-2022-4616,0.00386,0.70453
CVE-2022-46160,0.00064,0.26362
CVE-2022-46161,0.00372,0.69900
CVE-2022-46162,0.00173,0.54563
CVE-2022-46163,0.00122,0.46530
CVE-2022-46164,0.00166,0.53322
CVE-2022-46165,0.00051,0.17146
CVE-2022-46166,0.00184,0.55810
CVE-2022-46167,0.00118,0.45832
CVE-2022-46168,0.00048,0.14636
CVE-2022-46169,0.96540,0.99526
CVE-2022-4617,0.00059,0.23145
CVE-2022-46170,0.00180,0.55345
CVE-2022-46171,0.00095,0.39632
CVE-2022-46172,0.00062,0.24786
CVE-2022-46173,0.00093,0.39135
CVE-2022-46174,0.00084,0.34949
CVE-2022-46175,0.00515,0.74274
CVE-2022-46176,0.00093,0.38944
CVE-2022-46177,0.00099,0.40589
CVE-2022-46178,0.00110,0.44006
CVE-2022-46179,0.00043,0.06775
CVE-2022-46180,0.00059,0.23151
CVE-2022-46181,0.00058,0.21965
CVE-2022-4619,0.00048,0.14636
CVE-2022-4621,0.00062,0.24582
CVE-2022-4622,0.00051,0.17337
CVE-2022-4623,0.00045,0.11801
CVE-2022-4624,0.00056,0.20979
CVE-2022-4625,0.00056,0.20979
CVE-2022-46255,0.00399,0.70944
CVE-2022-46256,0.00730,0.78768
CVE-2022-46257,0.00068,0.28213
CVE-2022-46258,0.00125,0.46914
CVE-2022-4626,0.00051,0.17337
CVE-2022-46265,0.00049,0.15146
CVE-2022-4627,0.00056,0.20979
CVE-2022-46279,0.00043,0.06775
CVE-2022-4628,0.00051,0.17337
CVE-2022-46280,0.00055,0.20747
CVE-2022-46282,0.00046,0.12578
CVE-2022-46285,0.00376,0.70035
CVE-2022-46286,0.00056,0.21165
CVE-2022-46287,0.00133,0.48451
CVE-2022-46288,0.00109,0.43783
CVE-2022-46289,0.00055,0.20747
CVE-2022-4629,0.00056,0.20979
CVE-2022-46290,0.00055,0.20747
CVE-2022-46291,0.00084,0.35118
CVE-2022-46292,0.00084,0.35118
CVE-2022-46293,0.00084,0.35118
CVE-2022-46294,0.00084,0.35118
CVE-2022-46295,0.00084,0.35118
CVE-2022-46298,0.00043,0.06775
CVE-2022-46299,0.00043,0.06775
CVE-2022-4630,0.00052,0.17557
CVE-2022-46300,0.00056,0.21165
CVE-2022-46301,0.00043,0.06775
CVE-2022-46302,0.00054,0.19375
CVE-2022-46303,0.00062,0.24807
CVE-2022-46304,0.00250,0.63072
CVE-2022-46305,0.00046,0.13798
CVE-2022-46306,0.00117,0.45616
CVE-2022-46307,0.00100,0.40796
CVE-2022-46308,0.00100,0.40796
CVE-2022-46309,0.00114,0.44974
CVE-2022-4631,0.00054,0.19178
CVE-2022-46310,0.00135,0.48776
CVE-2022-46311,0.00064,0.26338
CVE-2022-46312,0.00069,0.28630
CVE-2022-46313,0.00069,0.28764
CVE-2022-46314,0.00078,0.32333
CVE-2022-46315,0.00104,0.42286
CVE-2022-46316,0.00170,0.54075
CVE-2022-46317,0.00088,0.36991
CVE-2022-46318,0.00064,0.26237
CVE-2022-46319,0.00245,0.62573
CVE-2022-4632,0.00063,0.25093
CVE-2022-46320,0.00245,0.62573
CVE-2022-46321,0.00187,0.56079
CVE-2022-46322,0.00088,0.36991
CVE-2022-46323,0.00245,0.62573
CVE-2022-46324,0.00245,0.62573
CVE-2022-46325,0.00245,0.62573
CVE-2022-46326,0.00245,0.62573
CVE-2022-46327,0.00245,0.62573
CVE-2022-46328,0.00187,0.56079
CVE-2022-46329,0.00042,0.05722
CVE-2022-4633,0.00096,0.39846
CVE-2022-46330,0.00057,0.21251
CVE-2022-46331,0.00073,0.30137
CVE-2022-46332,0.00170,0.54075
CVE-2022-46333,0.00090,0.37829
CVE-2022-46334,0.00043,0.06775
CVE-2022-46337,0.00233,0.61441
CVE-2022-46338,0.00179,0.55196
CVE-2022-4634,0.00059,0.22857
CVE-2022-46340,0.01880,0.87219
CVE-2022-46341,0.02685,0.89438
CVE-2022-46342,0.02685,0.89438
CVE-2022-46343,0.02685,0.89438
CVE-2022-46344,0.02444,0.88950
CVE-2022-46345,0.00090,0.37853
CVE-2022-46346,0.00090,0.37853
CVE-2022-46347,0.00090,0.37853
CVE-2022-46348,0.00090,0.37853
CVE-2022-46349,0.00060,0.23616
CVE-2022-46350,0.00063,0.25287
CVE-2022-46351,0.00043,0.06775
CVE-2022-46352,0.00078,0.32333
CVE-2022-46353,0.00260,0.63833
CVE-2022-46354,0.00108,0.43412
CVE-2022-46355,0.00102,0.41320
CVE-2022-46356,0.00042,0.05722
CVE-2022-46357,0.00042,0.05722
CVE-2022-46358,0.00042,0.05722
CVE-2022-46359,0.00042,0.05722
CVE-2022-4636,0.00140,0.49522
CVE-2022-46360,0.00055,0.20747
CVE-2022-46361,0.00056,0.20981
CVE-2022-46363,0.00088,0.37164
CVE-2022-46364,0.02850,0.89729
CVE-2022-46365,0.00062,0.24572
CVE-2022-46366,0.04529,0.91692
CVE-2022-46367,0.00062,0.24582
CVE-2022-46368,0.00062,0.24582
CVE-2022-46369,0.00053,0.18436
CVE-2022-4637,0.00073,0.30010
CVE-2022-46370,0.00064,0.26338
CVE-2022-46371,0.00063,0.25287
CVE-2022-46372,0.00103,0.41972
CVE-2022-46377,0.00046,0.13754
CVE-2022-46378,0.00046,0.13754
CVE-2022-4638,0.00054,0.19178
CVE-2022-46381,0.00099,0.40639
CVE-2022-46382,0.00089,0.37248
CVE-2022-46383,0.00222,0.60564
CVE-2022-46387,0.00091,0.38380
CVE-2022-46389,0.00063,0.25005
CVE-2022-4639,0.00145,0.50317
CVE-2022-46391,0.00239,0.62032
CVE-2022-46392,0.00102,0.41386
CVE-2022-46393,0.00163,0.53026
CVE-2022-46394,0.00050,0.16785
CVE-2022-46395,0.00066,0.27451
CVE-2022-46396,0.00051,0.17175
CVE-2022-46397,0.00087,0.36261
CVE-2022-46399,0.00056,0.21221
CVE-2022-4640,0.00051,0.17233
CVE-2022-46400,0.00053,0.18450
CVE-2022-46401,0.00052,0.17999
CVE-2022-46402,0.00049,0.15810
CVE-2022-46403,0.00091,0.38457
CVE-2022-46404,0.00116,0.45324
CVE-2022-46405,0.00076,0.31619
CVE-2022-46407,0.00045,0.11801
CVE-2022-46408,0.00098,0.40530
CVE-2022-4641,0.00076,0.31417
CVE-2022-46410,0.00089,0.37248
CVE-2022-46411,0.00089,0.37248
CVE-2022-46412,0.00089,0.37248
CVE-2022-46413,0.00131,0.47916
CVE-2022-46414,0.00253,0.63276
CVE-2022-46415,0.00147,0.50701
CVE-2022-46416,0.00114,0.44774
CVE-2022-4642,0.00079,0.32804
CVE-2022-46421,0.00556,0.75263
CVE-2022-46422,0.00073,0.30137
CVE-2022-46423,0.00164,0.53047
CVE-2022-46424,0.00164,0.53047
CVE-2022-46428,0.00080,0.33266
CVE-2022-4643,0.00164,0.53113
CVE-2022-46430,0.00080,0.33266
CVE-2022-46432,0.00147,0.50676
CVE-2022-46434,0.00180,0.55279
CVE-2022-46435,0.00214,0.59476
CVE-2022-46438,0.00056,0.20979
CVE-2022-4644,0.00059,0.23145
CVE-2022-46440,0.00044,0.10345
CVE-2022-46442,0.00156,0.52043
CVE-2022-46443,0.05010,0.92127
CVE-2022-46449,0.00075,0.31036
CVE-2022-4645,0.00042,0.05722
CVE-2022-46456,0.00044,0.10345
CVE-2022-46457,0.00044,0.10345
CVE-2022-4646,0.00059,0.23113
CVE-2022-46463,0.01384,0.84981
CVE-2022-4647,0.00054,0.19178
CVE-2022-46471,0.00113,0.44725
CVE-2022-46472,0.00072,0.29591
CVE-2022-46475,0.00145,0.50356
CVE-2022-46476,0.01297,0.84460
CVE-2022-46478,0.00110,0.43955
CVE-2022-4648,0.00056,0.20979
CVE-2022-46480,0.00053,0.19001
CVE-2022-46484,0.00087,0.36261
CVE-2022-46485,0.00046,0.13740
CVE-2022-46486,0.00054,0.19452
CVE-2022-46487,0.00045,0.12247
CVE-2022-46489,0.00044,0.10345
CVE-2022-4649,0.00051,0.17337
CVE-2022-46490,0.00044,0.10345
CVE-2022-46491,0.00054,0.19132
CVE-2022-46492,0.00086,0.35675
CVE-2022-46493,0.00192,0.56999
CVE-2022-46496,0.00064,0.26178
CVE-2022-4650,0.00056,0.20979
CVE-2022-46501,0.00089,0.37298
CVE-2022-46502,0.00113,0.44725
CVE-2022-46503,0.00056,0.20979
CVE-2022-46505,0.00161,0.52778
CVE-2022-4651,0.00051,0.17337
CVE-2022-4652,0.00045,0.11801
CVE-2022-46527,0.00046,0.13740
CVE-2022-4653,0.00053,0.18436
CVE-2022-46530,0.00075,0.31036
CVE-2022-46531,0.00075,0.31036
CVE-2022-46532,0.00075,0.31036
CVE-2022-46533,0.00075,0.31036
CVE-2022-46534,0.00075,0.31036
CVE-2022-46535,0.00075,0.31036
CVE-2022-46536,0.00075,0.31036
CVE-2022-46537,0.00075,0.31036
CVE-2022-46538,0.05037,0.92148
CVE-2022-46539,0.00075,0.31036
CVE-2022-4654,0.00051,0.17337
CVE-2022-46540,0.00075,0.31036
CVE-2022-46541,0.00075,0.31036
CVE-2022-46542,0.00075,0.31036
CVE-2022-46543,0.00075,0.31036
CVE-2022-46544,0.00075,0.31036
CVE-2022-46545,0.00075,0.31036
CVE-2022-46546,0.00075,0.31036
CVE-2022-46547,0.00075,0.31036
CVE-2022-46548,0.00075,0.31036
CVE-2022-46549,0.00075,0.31036
CVE-2022-4655,0.00056,0.20979
CVE-2022-46550,0.00075,0.31036
CVE-2022-46551,0.00075,0.31036
CVE-2022-46552,0.05191,0.92264
CVE-2022-4656,0.00051,0.17337
CVE-2022-46560,0.00231,0.61311
CVE-2022-46561,0.00231,0.61311
CVE-2022-46562,0.00185,0.55847
CVE-2022-46563,0.00185,0.55847
CVE-2022-46566,0.00185,0.55847
CVE-2022-46568,0.00185,0.55847
CVE-2022-46569,0.00185,0.55847
CVE-2022-4657,0.00051,0.17337
CVE-2022-46570,0.00231,0.61311
CVE-2022-4658,0.00056,0.20979
CVE-2022-46580,0.00190,0.56585
CVE-2022-46581,0.00190,0.56585
CVE-2022-46582,0.00190,0.56585
CVE-2022-46583,0.00190,0.56585
CVE-2022-46584,0.00190,0.56585
CVE-2022-46585,0.00190,0.56585
CVE-2022-46586,0.00190,0.56585
CVE-2022-46588,0.00190,0.56585
CVE-2022-46589,0.00190,0.56585
CVE-2022-46590,0.00190,0.56585
CVE-2022-46591,0.00190,0.56585
CVE-2022-46592,0.00190,0.56585
CVE-2022-46593,0.00190,0.56585
CVE-2022-46594,0.00190,0.56585
CVE-2022-46596,0.00190,0.56585
CVE-2022-46597,0.01588,0.86031
CVE-2022-46598,0.01588,0.86031
CVE-2022-46599,0.00190,0.56585
CVE-2022-46600,0.00190,0.56585
CVE-2022-46601,0.00190,0.56585
CVE-2022-46603,0.00070,0.28975
CVE-2022-46604,0.00129,0.47641
CVE-2022-46609,0.00166,0.53361
CVE-2022-4661,0.00045,0.11801
CVE-2022-46610,0.00095,0.39728
CVE-2022-4662,0.00042,0.05722
CVE-2022-46622,0.00063,0.25287
CVE-2022-46623,0.00043,0.06775
CVE-2022-46624,0.00063,0.25287
CVE-2022-4663,0.00053,0.18466
CVE-2022-46631,0.64028,0.97599
CVE-2022-46634,0.64028,0.97599
CVE-2022-46637,0.00329,0.68047
CVE-2022-46639,0.00141,0.49767
CVE-2022-4664,0.00051,0.17337
CVE-2022-46640,0.00075,0.30764
CVE-2022-46641,0.00072,0.29859
CVE-2022-46642,0.00072,0.29859
CVE-2022-46645,0.00043,0.06775
CVE-2022-46646,0.00043,0.06775
CVE-2022-46647,0.00043,0.06775
CVE-2022-46648,0.00194,0.57322
CVE-2022-46649,0.00174,0.54662
CVE-2022-4665,0.00080,0.33382
CVE-2022-46650,0.00074,0.30737
CVE-2022-46651,0.00046,0.12688
CVE-2022-46656,0.00043,0.06775
CVE-2022-46658,0.00338,0.68446
CVE-2022-4666,0.00051,0.17337
CVE-2022-46660,0.00053,0.18436
CVE-2022-46662,0.00096,0.39890
CVE-2022-46663,0.00097,0.40112
CVE-2022-46664,0.00092,0.38752
CVE-2022-4667,0.00051,0.17337
CVE-2022-46670,0.00061,0.24206
CVE-2022-46675,0.00056,0.21163
CVE-2022-46676,0.00053,0.18614
CVE-2022-46677,0.00053,0.18614
CVE-2022-46678,0.00053,0.18614
CVE-2022-46679,0.00097,0.40118
CVE-2022-4668,0.00056,0.20979
CVE-2022-46680,0.00107,0.43016
CVE-2022-46682,0.00170,0.54075
CVE-2022-46683,0.00063,0.25287
CVE-2022-46684,0.00075,0.30816
CVE-2022-46685,0.00053,0.18436
CVE-2022-46686,0.00075,0.30816
CVE-2022-46687,0.00075,0.30816
CVE-2022-46688,0.00062,0.24809
CVE-2022-46689,0.00455,0.72655
CVE-2022-4669,0.00048,0.14685
CVE-2022-46690,0.00065,0.27019
CVE-2022-46691,0.00172,0.54468
CVE-2022-46692,0.00074,0.30499
CVE-2022-46693,0.00065,0.27019
CVE-2022-46694,0.00069,0.28713
CVE-2022-46695,0.00414,0.71443
CVE-2022-46696,0.00181,0.55354
CVE-2022-46697,0.00065,0.26814
CVE-2022-46698,0.00272,0.64628
CVE-2022-46699,0.00195,0.57495
CVE-2022-4670,0.00051,0.17337
CVE-2022-46700,0.00176,0.54834
CVE-2022-46701,0.00042,0.05722
CVE-2022-46702,0.00057,0.21257
CVE-2022-46703,0.00052,0.18141
CVE-2022-46704,0.00047,0.14033
CVE-2022-46705,0.00177,0.54927
CVE-2022-46706,0.00054,0.19430
CVE-2022-46709,0.00134,0.48641
CVE-2022-4671,0.00051,0.17337
CVE-2022-46710,0.00052,0.18120
CVE-2022-46712,0.00055,0.20747
CVE-2022-46713,0.00047,0.14033
CVE-2022-46715,0.00052,0.18120
CVE-2022-46716,0.00048,0.14563
CVE-2022-46717,0.00044,0.10345
CVE-2022-46718,0.00052,0.18141
CVE-2022-4672,0.00056,0.20979
CVE-2022-46720,0.00053,0.19001
CVE-2022-46721,0.00055,0.20747
CVE-2022-46722,0.00045,0.12108
CVE-2022-46723,0.00142,0.49892
CVE-2022-46724,0.00044,0.10345
CVE-2022-46725,0.00046,0.13740
CVE-2022-4673,0.00056,0.20979
CVE-2022-46732,0.00166,0.53343
CVE-2022-46733,0.00166,0.53343
CVE-2022-46738,0.00091,0.38380
CVE-2022-4674,0.00051,0.17337
CVE-2022-46740,0.00044,0.10345
CVE-2022-46741,0.00186,0.56062
CVE-2022-46742,0.00241,0.62218
CVE-2022-4675,0.00056,0.20979
CVE-2022-46751,0.00120,0.46093
CVE-2022-46752,0.00049,0.14855
CVE-2022-46754,0.00052,0.18157
CVE-2022-46755,0.00053,0.18614
CVE-2022-46756,0.00042,0.05722
CVE-2022-4676,0.00045,0.11801
CVE-2022-46761,0.00064,0.26338
CVE-2022-46762,0.00097,0.40093
CVE-2022-46763,0.00211,0.59037
CVE-2022-46764,0.00621,0.76683
CVE-2022-46768,0.00183,0.55624
CVE-2022-46769,0.00089,0.37621
CVE-2022-4677,0.00051,0.17337
CVE-2022-46770,0.34446,0.96717
CVE-2022-46771,0.00048,0.14834
CVE-2022-46773,0.00053,0.19051
CVE-2022-46774,0.00044,0.10565
CVE-2022-4678,0.00051,0.17337
CVE-2022-46781,0.00051,0.17175
CVE-2022-46782,0.00043,0.06775
CVE-2022-46783,0.00046,0.13740
CVE-2022-46784,0.00050,0.16429
CVE-2022-46785,0.00050,0.16429
CVE-2022-46786,0.00048,0.14685
CVE-2022-4679,0.00051,0.17337
CVE-2022-46792,0.00119,0.45900
CVE-2022-46793,0.00058,0.21913
CVE-2022-46794,0.00058,0.21913
CVE-2022-46797,0.00046,0.13740
CVE-2022-46798,0.00046,0.13740
CVE-2022-46799,0.00046,0.13740
CVE-2022-4680,0.00056,0.21131
CVE-2022-46800,0.00058,0.21913
CVE-2022-46801,0.00091,0.38380
CVE-2022-46802,0.00091,0.38380
CVE-2022-46803,0.00091,0.38380
CVE-2022-46804,0.00050,0.16285
CVE-2022-46805,0.00046,0.13740
CVE-2022-46806,0.00046,0.13740
CVE-2022-46808,0.00076,0.31600
CVE-2022-46809,0.00091,0.38380
CVE-2022-4681,0.00120,0.46068
CVE-2022-46810,0.00058,0.21913
CVE-2022-46812,0.00058,0.21913
CVE-2022-46813,0.00058,0.21913
CVE-2022-46814,0.00058,0.21913
CVE-2022-46815,0.00056,0.21102
CVE-2022-46816,0.00058,0.21913
CVE-2022-46817,0.00045,0.11801
CVE-2022-46818,0.00076,0.31600
CVE-2022-46819,0.00045,0.11801
CVE-2022-4682,0.00051,0.17337
CVE-2022-46820,0.00058,0.21913
CVE-2022-46821,0.00050,0.16285
CVE-2022-46822,0.00046,0.13740
CVE-2022-46823,0.00063,0.25287
CVE-2022-46824,0.00043,0.06775
CVE-2022-46825,0.00043,0.06775
CVE-2022-46826,0.00044,0.08212
CVE-2022-46827,0.00043,0.06775
CVE-2022-46828,0.00043,0.06775
CVE-2022-46829,0.00170,0.54075
CVE-2022-4683,0.00062,0.24596
CVE-2022-46830,0.00063,0.25287
CVE-2022-46831,0.00064,0.25824
CVE-2022-46832,0.00086,0.35757
CVE-2022-46833,0.00086,0.35757
CVE-2022-46834,0.00086,0.35757
CVE-2022-46835,0.00112,0.44427
CVE-2022-46836,0.00054,0.19329
CVE-2022-46839,0.00091,0.38380
CVE-2022-4684,0.00080,0.33382
CVE-2022-46841,0.00058,0.21913
CVE-2022-46842,0.00056,0.21102
CVE-2022-46843,0.00046,0.13740
CVE-2022-46844,0.00045,0.11801
CVE-2022-46848,0.00045,0.11801
CVE-2022-46849,0.00076,0.31600
CVE-2022-46850,0.00046,0.12561
CVE-2022-46851,0.00058,0.21913
CVE-2022-46852,0.00045,0.11801
CVE-2022-46853,0.00058,0.21913
CVE-2022-46854,0.00058,0.21913
CVE-2022-46855,0.00045,0.11801
CVE-2022-46856,0.00058,0.21913
CVE-2022-46857,0.00058,0.21913
CVE-2022-46858,0.00046,0.13740
CVE-2022-46859,0.00076,0.31600
CVE-2022-4686,0.00157,0.52119
CVE-2022-46860,0.00076,0.31600
CVE-2022-46861,0.00045,0.11801
CVE-2022-46862,0.00056,0.21102
CVE-2022-46863,0.00045,0.11801
CVE-2022-46864,0.00046,0.13740
CVE-2022-46865,0.00058,0.21913
CVE-2022-46866,0.00058,0.21913
CVE-2022-46867,0.00058,0.21913
CVE-2022-46868,0.00042,0.05722
CVE-2022-46869,0.00042,0.05722
CVE-2022-4687,0.00062,0.24290
CVE-2022-46870,0.00189,0.56489
CVE-2022-46871,0.00305,0.66674
CVE-2022-46872,0.00115,0.45026
CVE-2022-46873,0.00198,0.57751
CVE-2022-46874,0.00509,0.74139
CVE-2022-46875,0.00107,0.43154
CVE-2022-46877,0.00113,0.44711
CVE-2022-46878,0.00292,0.65995
CVE-2022-46879,0.00249,0.62903
CVE-2022-4688,0.00080,0.33382
CVE-2022-46880,0.00172,0.54446
CVE-2022-46881,0.00244,0.62532
CVE-2022-46882,0.00276,0.64889
CVE-2022-46883,0.00132,0.48078
CVE-2022-46884,0.00091,0.38380
CVE-2022-46885,0.00132,0.48078
CVE-2022-46886,0.00046,0.13740
CVE-2022-46887,0.00101,0.41125
CVE-2022-46888,0.00127,0.47249
CVE-2022-46889,0.00052,0.17990
CVE-2022-4689,0.00080,0.33382
CVE-2022-46890,0.00078,0.32751
CVE-2022-46891,0.00089,0.37248
CVE-2022-46892,0.00105,0.42673
CVE-2022-46898,0.00091,0.38629
CVE-2022-46899,0.00048,0.14563
CVE-2022-4690,0.00051,0.17233
CVE-2022-46900,0.00046,0.12730
CVE-2022-46901,0.00054,0.19476
CVE-2022-46902,0.00090,0.37805
CVE-2022-46903,0.00053,0.18436
CVE-2022-46904,0.00053,0.18436
CVE-2022-46905,0.00069,0.28744
CVE-2022-46906,0.00053,0.18436
CVE-2022-46907,0.00185,0.55890
CVE-2022-46908,0.00045,0.12069
CVE-2022-4691,0.00051,0.17233
CVE-2022-46910,0.00214,0.59476
CVE-2022-46912,0.00214,0.59476
CVE-2022-46914,0.00214,0.59476
CVE-2022-4692,0.00051,0.17233
CVE-2022-4693,0.00261,0.63930
CVE-2022-46934,0.02259,0.88512
CVE-2022-4694,0.00051,0.17233
CVE-2022-46945,0.00063,0.25738
CVE-2022-46946,0.00072,0.29591
CVE-2022-46947,0.00072,0.29591
CVE-2022-46949,0.00072,0.29591
CVE-2022-4695,0.00051,0.17233
CVE-2022-46950,0.00072,0.29591
CVE-2022-46951,0.00072,0.29591
CVE-2022-46952,0.00072,0.29591
CVE-2022-46953,0.00072,0.29591
CVE-2022-46954,0.00099,0.40593
CVE-2022-46955,0.00099,0.40593
CVE-2022-46956,0.00072,0.29591
CVE-2022-46957,0.00063,0.25287
CVE-2022-46959,0.00058,0.22625
CVE-2022-4696,0.00043,0.06775
CVE-2022-46965,0.00075,0.30804
CVE-2022-46966,0.00099,0.40740
CVE-2022-46967,0.00226,0.60921
CVE-2022-46968,0.00048,0.14834
CVE-2022-4697,0.00048,0.14636
CVE-2022-46973,0.00118,0.45816
CVE-2022-4698,0.00048,0.14636
CVE-2022-4699,0.00051,0.17337
CVE-2022-46996,0.00165,0.53159
CVE-2022-46997,0.00165,0.53159
CVE-2022-46998,0.00187,0.56078
CVE-2022-46999,0.00113,0.44725
CVE-2022-4700,0.00170,0.54080
CVE-2022-47002,0.03466,0.90616
CVE-2022-47003,0.02341,0.88698
CVE-2022-47007,0.00044,0.10345
CVE-2022-47008,0.00044,0.10345
CVE-2022-4701,0.00170,0.54080
CVE-2022-47010,0.00044,0.10345
CVE-2022-47011,0.00044,0.10345
CVE-2022-47012,0.00063,0.25189
CVE-2022-47015,0.00107,0.43033
CVE-2022-4702,0.00088,0.37070
CVE-2022-47021,0.00042,0.05722
CVE-2022-47022,0.00043,0.06775
CVE-2022-47024,0.00042,0.05722
CVE-2022-47027,0.00078,0.32613
CVE-2022-47028,0.00044,0.10345
CVE-2022-47029,0.00053,0.19001
CVE-2022-4703,0.00088,0.37070
CVE-2022-47034,0.00105,0.42673
CVE-2022-47035,0.00140,0.49669
CVE-2022-4704,0.00088,0.37070
CVE-2022-47040,0.00043,0.06775
CVE-2022-47042,0.00072,0.29461
CVE-2022-4705,0.00072,0.29849
CVE-2022-47052,0.00101,0.41105
CVE-2022-47053,0.00049,0.15110
CVE-2022-4706,0.00056,0.20979
CVE-2022-47065,0.00085,0.35505
CVE-2022-47069,0.00053,0.19001
CVE-2022-4707,0.00072,0.29632
CVE-2022-47070,0.00096,0.40025
CVE-2022-47071,0.00139,0.49491
CVE-2022-47073,0.00052,0.18122
CVE-2022-47075,0.00576,0.75705
CVE-2022-47076,0.00069,0.28706
CVE-2022-4708,0.00072,0.29849
CVE-2022-47083,0.00085,0.35505
CVE-2022-47085,0.00046,0.13740
CVE-2022-47086,0.00044,0.10345
CVE-2022-47087,0.00053,0.19001
CVE-2022-47088,0.00053,0.19001
CVE-2022-47089,0.00053,0.19001
CVE-2022-4709,0.00072,0.29849
CVE-2022-47091,0.00053,0.19001
CVE-2022-47092,0.00045,0.12108
CVE-2022-47093,0.00053,0.19001
CVE-2022-47094,0.00053,0.19001
CVE-2022-47095,0.00053,0.19001
CVE-2022-4710,0.00071,0.29154
CVE-2022-47100,0.00062,0.24466
CVE-2022-47102,0.00056,0.20979
CVE-2022-47105,0.00113,0.44725
CVE-2022-4711,0.00059,0.22869
CVE-2022-47115,0.00190,0.56585
CVE-2022-47116,0.00075,0.31036
CVE-2022-47117,0.00190,0.56585
CVE-2022-47118,0.00190,0.56585
CVE-2022-47119,0.00190,0.56585
CVE-2022-4712,0.00052,0.17889
CVE-2022-47120,0.00190,0.56585
CVE-2022-47121,0.00190,0.56585
CVE-2022-47122,0.00190,0.56585
CVE-2022-47123,0.00190,0.56585
CVE-2022-47124,0.00190,0.56585
CVE-2022-47125,0.00190,0.56585
CVE-2022-47126,0.00190,0.56585
CVE-2022-47127,0.00190,0.56585
CVE-2022-47128,0.00190,0.56585
CVE-2022-47129,0.00276,0.64906
CVE-2022-47130,0.00070,0.29122
CVE-2022-47131,0.00096,0.39930
CVE-2022-47132,0.00065,0.26507
CVE-2022-47134,0.00058,0.21913
CVE-2022-47135,0.00058,0.21913
CVE-2022-47136,0.00058,0.21913
CVE-2022-47137,0.00045,0.11801
CVE-2022-47138,0.00058,0.21913
CVE-2022-47139,0.00058,0.21913
CVE-2022-4714,0.00051,0.17337
CVE-2022-47140,0.00046,0.13740
CVE-2022-47141,0.00058,0.21913
CVE-2022-47142,0.00058,0.21913
CVE-2022-47143,0.00058,0.21913
CVE-2022-47144,0.00058,0.21913
CVE-2022-47145,0.00046,0.13740
CVE-2022-47146,0.00046,0.13740
CVE-2022-47147,0.00058,0.21913
CVE-2022-47148,0.00046,0.13740
CVE-2022-47149,0.00058,0.21913
CVE-2022-4715,0.00056,0.20979
CVE-2022-47152,0.00058,0.21913
CVE-2022-47154,0.00058,0.21913
CVE-2022-47155,0.00058,0.21913
CVE-2022-47157,0.00045,0.11801
CVE-2022-47158,0.00045,0.11801
CVE-2022-47159,0.00058,0.21913
CVE-2022-4716,0.00056,0.20979
CVE-2022-47160,0.00049,0.14986
CVE-2022-47161,0.00058,0.21913
CVE-2022-47162,0.00058,0.21913
CVE-2022-47163,0.00058,0.21913
CVE-2022-47164,0.00058,0.21913
CVE-2022-47165,0.00058,0.21913
CVE-2022-47166,0.00058,0.21913
CVE-2022-47167,0.00058,0.21913
CVE-2022-47169,0.00051,0.16921
CVE-2022-4717,0.00051,0.17337
CVE-2022-47170,0.00045,0.11801
CVE-2022-47171,0.00045,0.11801
CVE-2022-47172,0.00058,0.21913
CVE-2022-47173,0.00045,0.11801
CVE-2022-47174,0.00058,0.21913
CVE-2022-47175,0.00058,0.21913
CVE-2022-47177,0.00058,0.21913
CVE-2022-47178,0.00058,0.21913
CVE-2022-47179,0.00046,0.13740
CVE-2022-4718,0.00056,0.20979
CVE-2022-47180,0.00058,0.21913
CVE-2022-47181,0.00058,0.21913
CVE-2022-47183,0.00058,0.21913
CVE-2022-47184,0.00062,0.24382
CVE-2022-47185,0.00188,0.56323
CVE-2022-47186,0.00048,0.14563
CVE-2022-47187,0.00046,0.13740
CVE-2022-47188,0.00063,0.25013
CVE-2022-47189,0.00052,0.18157
CVE-2022-4719,0.00148,0.50762
CVE-2022-47190,0.00195,0.57477
CVE-2022-47191,0.00087,0.36025
CVE-2022-47192,0.00087,0.36025
CVE-2022-47194,0.00056,0.20979
CVE-2022-47195,0.00056,0.20979
CVE-2022-47196,0.00056,0.20979
CVE-2022-47197,0.00056,0.20979
CVE-2022-4720,0.00059,0.23145
CVE-2022-47208,0.00045,0.12301
CVE-2022-47209,0.00066,0.27184
CVE-2022-4721,0.00059,0.23145
CVE-2022-47210,0.00043,0.06775
CVE-2022-47211,0.00190,0.56650
CVE-2022-47212,0.00270,0.64533
CVE-2022-47213,0.00270,0.64533
CVE-2022-4722,0.00080,0.33382
CVE-2022-4723,0.00066,0.27252
CVE-2022-4724,0.00157,0.52119
CVE-2022-4725,0.00152,0.51361
CVE-2022-4726,0.00120,0.46156
CVE-2022-4727,0.00080,0.33283
CVE-2022-4728,0.00094,0.39267
CVE-2022-4729,0.00094,0.39267
CVE-2022-4730,0.00094,0.39267
CVE-2022-4731,0.00075,0.30886
CVE-2022-47311,0.00050,0.16285
CVE-2022-47317,0.00046,0.12577
CVE-2022-47318,0.00253,0.63278
CVE-2022-4732,0.00080,0.33382
CVE-2022-47320,0.00050,0.16404
CVE-2022-47322,0.00042,0.05722
CVE-2022-47323,0.00042,0.05722
CVE-2022-47324,0.00042,0.05722
CVE-2022-47325,0.00042,0.05722
CVE-2022-47326,0.00042,0.05722
CVE-2022-47327,0.00042,0.05722
CVE-2022-47328,0.00042,0.05722
CVE-2022-47329,0.00042,0.05722
CVE-2022-4733,0.01022,0.82227
CVE-2022-47330,0.00042,0.05722
CVE-2022-47331,0.00042,0.05722
CVE-2022-47332,0.00042,0.05722
CVE-2022-47333,0.00042,0.05722
CVE-2022-47334,0.00042,0.05722
CVE-2022-47335,0.00042,0.05722
CVE-2022-47336,0.00042,0.05722
CVE-2022-47337,0.00042,0.05722
CVE-2022-47338,0.00042,0.05722
CVE-2022-47339,0.00042,0.05844
CVE-2022-4734,0.00051,0.17233
CVE-2022-47340,0.00042,0.05722
CVE-2022-47341,0.00042,0.05722
CVE-2022-47342,0.00042,0.05722
CVE-2022-47343,0.00042,0.05722
CVE-2022-47344,0.00042,0.05722
CVE-2022-47345,0.00042,0.05722
CVE-2022-47346,0.00042,0.05722
CVE-2022-47347,0.00042,0.05722
CVE-2022-47348,0.00042,0.05722
CVE-2022-4735,0.00073,0.30010
CVE-2022-47350,0.00042,0.05722
CVE-2022-47351,0.00042,0.05722
CVE-2022-47352,0.00042,0.05722
CVE-2022-47353,0.00042,0.05722
CVE-2022-47354,0.00042,0.05722
CVE-2022-47355,0.00042,0.05722
CVE-2022-47356,0.00042,0.05722
CVE-2022-47357,0.00042,0.05722
CVE-2022-47358,0.00042,0.05722
CVE-2022-47359,0.00042,0.05722
CVE-2022-4736,0.00073,0.30010
CVE-2022-47360,0.00042,0.05722
CVE-2022-47361,0.00042,0.05722
CVE-2022-47362,0.00042,0.05722
CVE-2022-47363,0.00042,0.05722
CVE-2022-47364,0.00042,0.05722
CVE-2022-47365,0.00042,0.05722
CVE-2022-47366,0.00042,0.05722
CVE-2022-47367,0.00042,0.05722
CVE-2022-47368,0.00042,0.05722
CVE-2022-47369,0.00042,0.05722
CVE-2022-4737,0.00152,0.51438
CVE-2022-47370,0.00042,0.05722
CVE-2022-47371,0.00042,0.05722
CVE-2022-47372,0.00045,0.11801
CVE-2022-47373,0.00046,0.13740
CVE-2022-47374,0.00046,0.13740
CVE-2022-47375,0.00046,0.13740
CVE-2022-47376,0.00043,0.06775
CVE-2022-47377,0.00271,0.64598
CVE-2022-47378,0.00067,0.27874
CVE-2022-47379,0.00092,0.38705
CVE-2022-4738,0.00054,0.19178
CVE-2022-47380,0.00092,0.38705
CVE-2022-47381,0.00092,0.38705
CVE-2022-47382,0.00092,0.38705
CVE-2022-47383,0.00092,0.38705
CVE-2022-47384,0.00092,0.38705
CVE-2022-47385,0.00092,0.38705
CVE-2022-47386,0.00092,0.38705
CVE-2022-47387,0.00092,0.38705
CVE-2022-47388,0.00092,0.38705
CVE-2022-47389,0.00092,0.38705
CVE-2022-4739,0.00152,0.51438
CVE-2022-47390,0.00092,0.38705
CVE-2022-47391,0.00080,0.33312
CVE-2022-47392,0.00067,0.27874
CVE-2022-47393,0.00065,0.26805
CVE-2022-47395,0.00047,0.13909
CVE-2022-4740,0.00070,0.28860
CVE-2022-47406,0.00170,0.54075
CVE-2022-47407,0.00063,0.25287
CVE-2022-47408,0.00134,0.48588
CVE-2022-47409,0.00064,0.26338
CVE-2022-4741,0.00114,0.44916
CVE-2022-47410,0.00138,0.49297
CVE-2022-47411,0.00138,0.49297
CVE-2022-47412,0.00051,0.17337
CVE-2022-47413,0.00051,0.17337
CVE-2022-47414,0.00051,0.17337
CVE-2022-47415,0.00051,0.17249
CVE-2022-47416,0.00051,0.17249
CVE-2022-47417,0.00051,0.17249
CVE-2022-47418,0.00051,0.17249
CVE-2022-47419,0.00051,0.17337
CVE-2022-4742,0.00296,0.66198
CVE-2022-47420,0.00076,0.31600
CVE-2022-47421,0.00045,0.11801
CVE-2022-47422,0.00058,0.21913
CVE-2022-47423,0.00045,0.11801
CVE-2022-47426,0.00076,0.31600
CVE-2022-47427,0.00058,0.21913
CVE-2022-47428,0.00076,0.31600
CVE-2022-4743,0.00153,0.51547
CVE-2022-47430,0.00076,0.31600
CVE-2022-47431,0.00046,0.13740
CVE-2022-47432,0.00076,0.31600
CVE-2022-47433,0.00046,0.13740
CVE-2022-47434,0.00045,0.11801
CVE-2022-47435,0.00045,0.11801
CVE-2022-47436,0.00045,0.11801
CVE-2022-47437,0.00045,0.11801
CVE-2022-47438,0.00045,0.11801
CVE-2022-47439,0.00046,0.13740
CVE-2022-4744,0.00042,0.05722
CVE-2022-47440,0.00058,0.21913
CVE-2022-47441,0.00046,0.13740
CVE-2022-47442,0.00091,0.38380
CVE-2022-47443,0.00058,0.21913
CVE-2022-47444,0.00046,0.13740
CVE-2022-47445,0.00076,0.31600
CVE-2022-47446,0.00058,0.21913
CVE-2022-47447,0.00058,0.21913
CVE-2022-47448,0.00058,0.21913
CVE-2022-47449,0.00046,0.13740
CVE-2022-4745,0.00096,0.39938
CVE-2022-47450,0.00042,0.05722
CVE-2022-47451,0.00042,0.05722
CVE-2022-47452,0.00042,0.05722
CVE-2022-47453,0.00042,0.05722
CVE-2022-47454,0.00042,0.05722
CVE-2022-47455,0.00042,0.05722
CVE-2022-47456,0.00042,0.05722
CVE-2022-47457,0.00042,0.05722
CVE-2022-47458,0.00042,0.05722
CVE-2022-47459,0.00042,0.05722
CVE-2022-4746,0.00067,0.27692
CVE-2022-47460,0.00042,0.05722
CVE-2022-47461,0.00042,0.05722
CVE-2022-47462,0.00042,0.05722
CVE-2022-47463,0.00042,0.05722
CVE-2022-47464,0.00042,0.05722
CVE-2022-47465,0.00042,0.05722
CVE-2022-47466,0.00042,0.05722
CVE-2022-47467,0.00042,0.05722
CVE-2022-47468,0.00042,0.05722
CVE-2022-47469,0.00042,0.05722
CVE-2022-4747,0.00051,0.17337
CVE-2022-47470,0.00042,0.05722
CVE-2022-47471,0.00042,0.05722
CVE-2022-47472,0.00042,0.05722
CVE-2022-47473,0.00042,0.05722
CVE-2022-47474,0.00042,0.05722
CVE-2022-47475,0.00042,0.05722
CVE-2022-47476,0.00042,0.05722
CVE-2022-47477,0.00042,0.05722
CVE-2022-47478,0.00042,0.05722
CVE-2022-47479,0.00042,0.05722
CVE-2022-4748,0.00154,0.51702
CVE-2022-47480,0.00042,0.05722
CVE-2022-47481,0.00042,0.05722
CVE-2022-47482,0.00042,0.05722
CVE-2022-47483,0.00042,0.05722
CVE-2022-47484,0.00042,0.05722
CVE-2022-47485,0.00042,0.05722
CVE-2022-47486,0.00042,0.05722
CVE-2022-47487,0.00042,0.05722
CVE-2022-47488,0.00042,0.05722
CVE-2022-47489,0.00042,0.05722
CVE-2022-4749,0.00051,0.17337
CVE-2022-47490,0.00042,0.05722
CVE-2022-47491,0.00042,0.05722
CVE-2022-47492,0.00042,0.05722
CVE-2022-47493,0.00042,0.05722
CVE-2022-47494,0.00042,0.05722
CVE-2022-47495,0.00042,0.05722
CVE-2022-47496,0.00042,0.05722
CVE-2022-47497,0.00042,0.05722
CVE-2022-47498,0.00042,0.05722
CVE-2022-47499,0.00042,0.05722
CVE-2022-4750,0.00051,0.17337
CVE-2022-47500,0.00136,0.48965
CVE-2022-47501,0.12161,0.94904
CVE-2022-47502,0.00065,0.27020
CVE-2022-47503,0.00092,0.38726
CVE-2022-47504,0.00092,0.38726
CVE-2022-47505,0.00051,0.17024
CVE-2022-47506,0.00189,0.56486
CVE-2022-47507,0.00092,0.38726
CVE-2022-47508,0.00094,0.39422
CVE-2022-47509,0.00046,0.13740
CVE-2022-4751,0.00056,0.20979
CVE-2022-47512,0.00043,0.06775
CVE-2022-47514,0.00142,0.49889
CVE-2022-47515,0.00155,0.51841
CVE-2022-47516,0.00315,0.67264
CVE-2022-47517,0.00323,0.67736
CVE-2022-47518,0.00042,0.05722
CVE-2022-47519,0.00045,0.12206
CVE-2022-4752,0.00051,0.17337
CVE-2022-47520,0.00045,0.12206
CVE-2022-47521,0.00045,0.12206
CVE-2022-47522,0.00052,0.17537
CVE-2022-47523,0.24865,0.96246
CVE-2022-47524,0.00063,0.25287
CVE-2022-47525,0.00081,0.33588
CVE-2022-47526,0.00271,0.64585
CVE-2022-47529,0.00052,0.18046
CVE-2022-4753,0.00056,0.20979
CVE-2022-47531,0.00049,0.15075
CVE-2022-47532,0.00076,0.31600
CVE-2022-4754,0.00051,0.17337
CVE-2022-47542,0.00050,0.16285
CVE-2022-47543,0.00059,0.23001
CVE-2022-47544,0.00166,0.53343
CVE-2022-47547,0.00094,0.39340
CVE-2022-47549,0.00061,0.23869
CVE-2022-4755,0.00088,0.36940
CVE-2022-47551,0.00064,0.25824
CVE-2022-47553,0.00103,0.41798
CVE-2022-47554,0.00103,0.41798
CVE-2022-47555,0.00046,0.13852
CVE-2022-47556,0.00044,0.10862
CVE-2022-47557,0.00043,0.06775
CVE-2022-47558,0.00091,0.38380
CVE-2022-47559,0.00058,0.21913
CVE-2022-4756,0.00051,0.17337
CVE-2022-47560,0.00087,0.36261
CVE-2022-47561,0.00043,0.06775
CVE-2022-47562,0.00081,0.33588
CVE-2022-4757,0.00051,0.17337
CVE-2022-47577,0.00045,0.12308
CVE-2022-47578,0.00045,0.12308
CVE-2022-4758,0.00056,0.20979
CVE-2022-47581,0.00078,0.32333
CVE-2022-47583,0.00143,0.50070
CVE-2022-47586,0.00076,0.31600
CVE-2022-47587,0.00045,0.11801
CVE-2022-47588,0.00076,0.31600
CVE-2022-47589,0.00045,0.11801
CVE-2022-4759,0.00051,0.17337
CVE-2022-47590,0.00046,0.13740
CVE-2022-47591,0.00046,0.13740
CVE-2022-47592,0.00046,0.13740
CVE-2022-47593,0.00049,0.14986
CVE-2022-47595,0.00050,0.15975
CVE-2022-47596,0.00045,0.11801
CVE-2022-47597,0.00087,0.36261
CVE-2022-47598,0.00045,0.11801
CVE-2022-47599,0.00052,0.17780
CVE-2022-4760,0.00056,0.20979
CVE-2022-47600,0.00046,0.13740
CVE-2022-47602,0.00045,0.11801
CVE-2022-47603,0.00046,0.13740
CVE-2022-47605,0.00050,0.16285
CVE-2022-47606,0.00045,0.11801
CVE-2022-47607,0.00045,0.11801
CVE-2022-47608,0.00045,0.11801
CVE-2022-47609,0.00058,0.21913
CVE-2022-4761,0.00051,0.17337
CVE-2022-47610,0.00045,0.11801
CVE-2022-47611,0.00058,0.21913
CVE-2022-47612,0.00046,0.13740
CVE-2022-47613,0.00045,0.11801
CVE-2022-47614,0.00073,0.30355
CVE-2022-47615,0.00982,0.81858
CVE-2022-47616,0.00076,0.31385
CVE-2022-47617,0.00093,0.38967
CVE-2022-47618,0.00354,0.69147
CVE-2022-4762,0.00051,0.17337
CVE-2022-47629,0.00148,0.50842
CVE-2022-4763,0.00051,0.17337
CVE-2022-47630,0.00119,0.46018
CVE-2022-47631,0.00043,0.07658
CVE-2022-47632,0.00060,0.23587
CVE-2022-47633,0.00127,0.47343
CVE-2022-47634,0.00064,0.25824
CVE-2022-47635,0.00170,0.54075
CVE-2022-47636,0.00066,0.27261
CVE-2022-47637,0.00042,0.05722
CVE-2022-4764,0.00051,0.17337
CVE-2022-47648,0.00049,0.15829
CVE-2022-4765,0.00051,0.17337
CVE-2022-47653,0.00053,0.19001
CVE-2022-47654,0.00053,0.19001
CVE-2022-47655,0.00050,0.16759
CVE-2022-47656,0.00053,0.19001
CVE-2022-47657,0.00053,0.19001
CVE-2022-47658,0.00053,0.19001
CVE-2022-47659,0.00053,0.19001
CVE-2022-4766,0.00065,0.27126
CVE-2022-47660,0.00053,0.19001
CVE-2022-47661,0.00053,0.19001
CVE-2022-47662,0.00044,0.10345
CVE-2022-47663,0.00053,0.19001
CVE-2022-47664,0.00053,0.19001
CVE-2022-47665,0.00053,0.19001
CVE-2022-4767,0.00076,0.31619
CVE-2022-47673,0.00053,0.19001
CVE-2022-4768,0.00291,0.65873
CVE-2022-4769,0.00045,0.11801
CVE-2022-47695,0.00053,0.19001
CVE-2022-47696,0.00053,0.19001
CVE-2022-47697,0.00105,0.42673
CVE-2022-47698,0.00050,0.16429
CVE-2022-47699,0.00105,0.42673
CVE-2022-4770,0.00045,0.11801
CVE-2022-47700,0.00051,0.16932
CVE-2022-47701,0.00050,0.16429
CVE-2022-47703,0.00096,0.40025
CVE-2022-4771,0.00046,0.13740
CVE-2022-47714,0.00104,0.42031
CVE-2022-47715,0.00053,0.18524
CVE-2022-47717,0.00098,0.40508
CVE-2022-4772,0.00042,0.05722
CVE-2022-4773,0.00045,0.12069
CVE-2022-47732,0.00129,0.47722
CVE-2022-4774,0.00708,0.78385
CVE-2022-47740,0.00113,0.44725
CVE-2022-47745,0.00084,0.34969
CVE-2022-47747,0.00125,0.46957
CVE-2022-4775,0.00056,0.20979
CVE-2022-47757,0.00392,0.70725
CVE-2022-47758,0.00095,0.39632
CVE-2022-4776,0.00051,0.17337
CVE-2022-47762,0.00099,0.40764
CVE-2022-47766,0.00072,0.29461
CVE-2022-47767,0.00187,0.56078
CVE-2022-47768,0.00099,0.40764
CVE-2022-47769,0.00165,0.53221
CVE-2022-4777,0.00051,0.17337
CVE-2022-47770,0.00122,0.46403
CVE-2022-4778,0.00067,0.27745
CVE-2022-47780,0.00086,0.35613
CVE-2022-4779,0.00159,0.52373
CVE-2022-47790,0.00113,0.44725
CVE-2022-4780,0.00043,0.06775
CVE-2022-4781,0.00051,0.17337
CVE-2022-4782,0.00045,0.11801
CVE-2022-4783,0.00051,0.17337
CVE-2022-4784,0.00051,0.17337
CVE-2022-47848,0.00116,0.45349
CVE-2022-4785,0.00051,0.17337
CVE-2022-47853,0.66740,0.97655
CVE-2022-47854,0.00155,0.51839
CVE-2022-47859,0.00113,0.44725
CVE-2022-4786,0.00051,0.17337
CVE-2022-47860,0.00113,0.44725
CVE-2022-47861,0.00122,0.46454
CVE-2022-47862,0.00122,0.46454
CVE-2022-47864,0.00122,0.46454
CVE-2022-47865,0.00122,0.46454
CVE-2022-47866,0.00113,0.44725
CVE-2022-4787,0.00051,0.17337
CVE-2022-47870,0.00056,0.21020
CVE-2022-47872,0.00056,0.21131
CVE-2022-47873,0.00105,0.42673
CVE-2022-47874,0.01846,0.87073
CVE-2022-47875,0.00781,0.79534
CVE-2022-47876,0.01810,0.86898
CVE-2022-47877,0.00104,0.42235
CVE-2022-47878,0.00818,0.80031
CVE-2022-47879,0.00265,0.64205
CVE-2022-4788,0.00051,0.17337
CVE-2022-47880,0.00213,0.59336
CVE-2022-47881,0.00117,0.45477
CVE-2022-4789,0.00056,0.20979
CVE-2022-47891,0.00050,0.16285
CVE-2022-47892,0.00110,0.44056
CVE-2022-47893,0.00237,0.61839
CVE-2022-47895,0.00135,0.48776
CVE-2022-47896,0.00043,0.06775
CVE-2022-4790,0.00056,0.20979
CVE-2022-47908,0.00046,0.12577
CVE-2022-47909,0.00043,0.06775
CVE-2022-4791,0.00051,0.17337
CVE-2022-47911,0.00162,0.52845
CVE-2022-47915,0.00055,0.20747
CVE-2022-47917,0.00073,0.30137
CVE-2022-4792,0.00051,0.17337
CVE-2022-47924,0.00042,0.05722
CVE-2022-47925,0.00089,0.37617
CVE-2022-47926,0.00192,0.56999
CVE-2022-47927,0.00042,0.05722
CVE-2022-47928,0.00054,0.19178
CVE-2022-47929,0.00042,0.05774
CVE-2022-4793,0.00051,0.17337
CVE-2022-47930,0.00050,0.16404
CVE-2022-47931,0.00137,0.49181
CVE-2022-47932,0.00138,0.49295
CVE-2022-47933,0.00187,0.56216
CVE-2022-47934,0.00187,0.56216
CVE-2022-47935,0.00059,0.22837
CVE-2022-47936,0.00101,0.41060
CVE-2022-47937,0.00494,0.73716
CVE-2022-47938,0.00203,0.58344
CVE-2022-47939,0.00721,0.78628
CVE-2022-4794,0.00096,0.40025
CVE-2022-47940,0.00116,0.45247
CVE-2022-47941,0.00269,0.64487
CVE-2022-47942,0.00485,0.73510
CVE-2022-47943,0.00199,0.57836
CVE-2022-47945,0.04153,0.91370
CVE-2022-47946,0.00042,0.05774
CVE-2022-47949,0.00344,0.68708
CVE-2022-4795,0.00051,0.17337
CVE-2022-47950,0.00080,0.33248
CVE-2022-47951,0.00305,0.66704
CVE-2022-47952,0.00042,0.05722
CVE-2022-4796,0.00066,0.27252
CVE-2022-47965,0.00055,0.20747
CVE-2022-47966,0.97118,0.99748
CVE-2022-47967,0.00050,0.16056
CVE-2022-47968,0.00051,0.17233
CVE-2022-4797,0.00051,0.17233
CVE-2022-47974,0.00044,0.10345
CVE-2022-47975,0.00092,0.38884
CVE-2022-47976,0.00078,0.32333
CVE-2022-47977,0.00050,0.16056
CVE-2022-4798,0.00059,0.23145
CVE-2022-47983,0.00044,0.10565
CVE-2022-47984,0.00052,0.17670
CVE-2022-47986,0.93081,0.98879
CVE-2022-4799,0.00076,0.31619
CVE-2022-47990,0.00042,0.05722
CVE-2022-4800,0.00060,0.23626
CVE-2022-48006,0.00160,0.52615
CVE-2022-48007,0.00056,0.20979
CVE-2022-48008,0.00257,0.63564
CVE-2022-4801,0.00059,0.23145
CVE-2022-48010,0.00053,0.18881
CVE-2022-48011,0.00122,0.46454
CVE-2022-48012,0.00100,0.40889
CVE-2022-48013,0.00051,0.17233
CVE-2022-48019,0.00042,0.05722
CVE-2022-4802,0.00051,0.17233
CVE-2022-48020,0.00052,0.17989
CVE-2022-48021,0.00156,0.52022
CVE-2022-48022,0.00048,0.14685
CVE-2022-48023,0.00048,0.14685
CVE-2022-4803,0.00080,0.33382
CVE-2022-4804,0.00059,0.23145
CVE-2022-4805,0.00051,0.17233
CVE-2022-4806,0.00059,0.23145
CVE-2022-48063,0.00044,0.08085
CVE-2022-48064,0.00046,0.13797
CVE-2022-48065,0.00044,0.08011
CVE-2022-48066,0.00619,0.76639
CVE-2022-48067,0.00042,0.05722
CVE-2022-48069,0.00375,0.70003
CVE-2022-4807,0.00051,0.17233
CVE-2022-48070,0.00045,0.12361
CVE-2022-48071,0.00135,0.48807
CVE-2022-48072,0.00045,0.12361
CVE-2022-48073,0.00135,0.48807
CVE-2022-48074,0.00044,0.10345
CVE-2022-48077,0.00055,0.20747
CVE-2022-48078,0.00098,0.40363
CVE-2022-48079,0.00160,0.52615
CVE-2022-4808,0.00080,0.33382
CVE-2022-48082,0.00089,0.37298
CVE-2022-48085,0.00068,0.28364
CVE-2022-4809,0.00080,0.33382
CVE-2022-48090,0.00067,0.27847
CVE-2022-48091,0.00056,0.20979
CVE-2022-48093,0.00177,0.54900
CVE-2022-48094,0.00056,0.20780
CVE-2022-4810,0.00051,0.17233
CVE-2022-48107,0.00174,0.54598
CVE-2022-48108,0.00174,0.54598
CVE-2022-4811,0.00051,0.17233
CVE-2022-48110,0.00053,0.18900
CVE-2022-48111,0.00052,0.17598
CVE-2022-48113,0.07272,0.93425
CVE-2022-48114,0.00086,0.35613
CVE-2022-48115,0.00053,0.18524
CVE-2022-48116,0.00190,0.56620
CVE-2022-48118,0.00067,0.27728
CVE-2022-4812,0.00051,0.17233
CVE-2022-48120,0.00140,0.49705
CVE-2022-48121,0.66740,0.97655
CVE-2022-48122,0.66740,0.97655
CVE-2022-48123,0.66740,0.97655
CVE-2022-48124,0.66740,0.97655
CVE-2022-48125,0.66740,0.97655
CVE-2022-48126,0.66740,0.97655
CVE-2022-4813,0.00051,0.17233
CVE-2022-48130,0.00098,0.40363
CVE-2022-4814,0.00051,0.17233
CVE-2022-48140,0.00051,0.17337
CVE-2022-48149,0.00089,0.37298
CVE-2022-4815,0.00050,0.16285
CVE-2022-48150,0.00046,0.13740
CVE-2022-48152,0.00140,0.49705
CVE-2022-4816,0.00042,0.05722
CVE-2022-48161,0.00096,0.40025
CVE-2022-48164,0.00120,0.46066
CVE-2022-48165,0.04111,0.91332
CVE-2022-48166,0.00110,0.44028
CVE-2022-4817,0.00042,0.05722
CVE-2022-48174,0.00134,0.48641
CVE-2022-48175,0.00432,0.71954
CVE-2022-48176,0.00042,0.05722
CVE-2022-48177,0.00044,0.10565
CVE-2022-48178,0.00044,0.10565
CVE-2022-4818,0.00098,0.40345
CVE-2022-48181,0.00042,0.05722
CVE-2022-48182,0.00053,0.19001
CVE-2022-48183,0.00053,0.19001
CVE-2022-48186,0.00059,0.22950
CVE-2022-48188,0.00042,0.05722
CVE-2022-48189,0.00042,0.05722
CVE-2022-4819,0.00063,0.25093
CVE-2022-48191,0.00046,0.12677
CVE-2022-48192,0.00046,0.13740
CVE-2022-48193,0.00087,0.36261
CVE-2022-48194,0.01584,0.86011
CVE-2022-48195,0.00170,0.54075
CVE-2022-48196,0.00180,0.55295
CVE-2022-48197,0.00193,0.57158
CVE-2022-48198,0.00202,0.58255
CVE-2022-48199,0.00118,0.45762
CVE-2022-4820,0.00073,0.30010
CVE-2022-4821,0.00073,0.30010
CVE-2022-48216,0.00121,0.46362
CVE-2022-48217,0.00156,0.52047
CVE-2022-4822,0.00088,0.36940
CVE-2022-48221,0.00055,0.20491
CVE-2022-48222,0.00042,0.05722
CVE-2022-48223,0.00043,0.06775
CVE-2022-48224,0.00042,0.05722
CVE-2022-48225,0.00043,0.06775
CVE-2022-48226,0.00042,0.05722
CVE-2022-48227,0.00043,0.06775
CVE-2022-48228,0.00043,0.06775
CVE-2022-4823,0.00105,0.42396
CVE-2022-48230,0.00055,0.20446
CVE-2022-48231,0.00042,0.05722
CVE-2022-48232,0.00042,0.05722
CVE-2022-48233,0.00042,0.05722
CVE-2022-48234,0.00042,0.05722
CVE-2022-48235,0.00042,0.05722
CVE-2022-48236,0.00042,0.05722
CVE-2022-48237,0.00042,0.05722
CVE-2022-48238,0.00042,0.05722
CVE-2022-48239,0.00042,0.05722
CVE-2022-4824,0.00051,0.17337
CVE-2022-48240,0.00042,0.05722
CVE-2022-48241,0.00042,0.05722
CVE-2022-48242,0.00042,0.05722
CVE-2022-48243,0.00042,0.05722
CVE-2022-48244,0.00042,0.05722
CVE-2022-48245,0.00042,0.05722
CVE-2022-48246,0.00042,0.05722
CVE-2022-48247,0.00042,0.05722
CVE-2022-48248,0.00042,0.05722
CVE-2022-48249,0.00042,0.05722
CVE-2022-4825,0.00051,0.17337
CVE-2022-48250,0.00042,0.05722
CVE-2022-48251,0.00098,0.40477
CVE-2022-48252,0.00425,0.71758
CVE-2022-48253,0.00208,0.58775
CVE-2022-48254,0.00052,0.18120
CVE-2022-48255,0.00319,0.67517
CVE-2022-48256,0.00078,0.32333
CVE-2022-48257,0.00062,0.24553
CVE-2022-48258,0.00062,0.24553
CVE-2022-48259,0.00101,0.41065
CVE-2022-4826,0.00051,0.17337
CVE-2022-48260,0.00055,0.20446
CVE-2022-48261,0.00055,0.20446
CVE-2022-4827,0.00045,0.11801
CVE-2022-48279,0.00165,0.53188
CVE-2022-4828,0.00051,0.17337
CVE-2022-48281,0.00045,0.11973
CVE-2022-48282,0.00065,0.26782
CVE-2022-48283,0.00105,0.42673
CVE-2022-48284,0.00105,0.42673
CVE-2022-48285,0.00468,0.72993
CVE-2022-48286,0.00094,0.39422
CVE-2022-48287,0.00051,0.16932
CVE-2022-48288,0.00094,0.39422
CVE-2022-48289,0.00094,0.39422
CVE-2022-4829,0.00051,0.17337
CVE-2022-48290,0.00084,0.34942
CVE-2022-48291,0.00052,0.18120
CVE-2022-48292,0.00052,0.18120
CVE-2022-48293,0.00052,0.18120
CVE-2022-48294,0.00094,0.39422
CVE-2022-48295,0.00051,0.16932
CVE-2022-48296,0.00050,0.16429
CVE-2022-48297,0.00095,0.39683
CVE-2022-48298,0.00095,0.39683
CVE-2022-48299,0.00094,0.39422
CVE-2022-4830,0.00051,0.17337
CVE-2022-48300,0.00094,0.39422
CVE-2022-48301,0.00051,0.16932
CVE-2022-48302,0.00094,0.39422
CVE-2022-48303,0.00044,0.08085
CVE-2022-48305,0.00043,0.06775
CVE-2022-48306,0.00052,0.17513
CVE-2022-48307,0.00048,0.14685
CVE-2022-48308,0.00048,0.14685
CVE-2022-48309,0.00046,0.13740
CVE-2022-4831,0.00051,0.17337
CVE-2022-48310,0.00043,0.06775
CVE-2022-48311,0.00056,0.21131
CVE-2022-48312,0.00091,0.38380
CVE-2022-48313,0.00052,0.18120
CVE-2022-48314,0.00052,0.18120
CVE-2022-48317,0.00105,0.42673
CVE-2022-48318,0.00050,0.16429
CVE-2022-48319,0.00043,0.06775
CVE-2022-4832,0.00056,0.20979
CVE-2022-48320,0.00046,0.13740
CVE-2022-48321,0.00043,0.06775
CVE-2022-48322,0.00105,0.42673
CVE-2022-48323,0.01110,0.83021
CVE-2022-48324,0.00064,0.26278
CVE-2022-48325,0.00064,0.26278
CVE-2022-48326,0.00064,0.26278
CVE-2022-48327,0.00064,0.26278
CVE-2022-48328,0.00087,0.36046
CVE-2022-48329,0.00073,0.30322
CVE-2022-4833,0.00051,0.17337
CVE-2022-48330,0.00043,0.06775
CVE-2022-48331,0.00087,0.36569
CVE-2022-48332,0.00087,0.36569
CVE-2022-48333,0.00087,0.36569
CVE-2022-48334,0.00087,0.36569
CVE-2022-48335,0.00087,0.36569
CVE-2022-48336,0.00087,0.36569
CVE-2022-48337,0.00082,0.34070
CVE-2022-48338,0.00042,0.05722
CVE-2022-48339,0.00043,0.07730
CVE-2022-4834,0.00051,0.17337
CVE-2022-48340,0.00053,0.18524
CVE-2022-48341,0.00102,0.41247
CVE-2022-48342,0.00105,0.42673
CVE-2022-48343,0.00050,0.16429
CVE-2022-48344,0.00050,0.16429
CVE-2022-48345,0.00050,0.16429
CVE-2022-48346,0.00076,0.31441
CVE-2022-48347,0.00087,0.36261
CVE-2022-48348,0.00091,0.38380
CVE-2022-48349,0.00087,0.36261
CVE-2022-4835,0.00051,0.17337
CVE-2022-48350,0.00087,0.36261
CVE-2022-48351,0.00046,0.13740
CVE-2022-48352,0.00046,0.13740
CVE-2022-48353,0.00091,0.38380
CVE-2022-48354,0.00044,0.10345
CVE-2022-48355,0.00044,0.10345
CVE-2022-48356,0.00046,0.13740
CVE-2022-48357,0.00046,0.13740
CVE-2022-48358,0.00046,0.13740
CVE-2022-48359,0.00087,0.36261
CVE-2022-4836,0.00051,0.17337
CVE-2022-48360,0.00087,0.36261
CVE-2022-48361,0.00047,0.14215
CVE-2022-48362,0.01234,0.84016
CVE-2022-48363,0.00059,0.23004
CVE-2022-48364,0.00050,0.16761
CVE-2022-48365,0.00077,0.31670
CVE-2022-48366,0.00052,0.17989
CVE-2022-48367,0.00091,0.38380
CVE-2022-48368,0.00042,0.05722
CVE-2022-48369,0.00042,0.05722
CVE-2022-4837,0.00051,0.17337
CVE-2022-48370,0.00042,0.05722
CVE-2022-48371,0.00042,0.05722
CVE-2022-48372,0.00042,0.05722
CVE-2022-48373,0.00042,0.05722
CVE-2022-48374,0.00042,0.05722
CVE-2022-48375,0.00042,0.05722
CVE-2022-48376,0.00042,0.05722
CVE-2022-48377,0.00042,0.05722
CVE-2022-48378,0.00042,0.05722
CVE-2022-48379,0.00042,0.05722
CVE-2022-4838,0.00051,0.17337
CVE-2022-48380,0.00042,0.05722
CVE-2022-48381,0.00042,0.05722
CVE-2022-48382,0.00042,0.05722
CVE-2022-48383,0.00042,0.05722
CVE-2022-48384,0.00042,0.05722
CVE-2022-48385,0.00042,0.05722
CVE-2022-48386,0.00042,0.05722
CVE-2022-48387,0.00042,0.05722
CVE-2022-48388,0.00042,0.05722
CVE-2022-48389,0.00042,0.05722
CVE-2022-4839,0.00051,0.17233
CVE-2022-48390,0.00042,0.05722
CVE-2022-48391,0.00042,0.05722
CVE-2022-48392,0.00042,0.05722
CVE-2022-4840,0.00051,0.17233
CVE-2022-4841,0.00051,0.17233
CVE-2022-4842,0.00042,0.05722
CVE-2022-48422,0.00053,0.18549
CVE-2022-48423,0.00042,0.05722
CVE-2022-48424,0.00042,0.05722
CVE-2022-48425,0.00042,0.05722
CVE-2022-48426,0.00045,0.11801
CVE-2022-48427,0.00045,0.11801
CVE-2022-48428,0.00045,0.11801
CVE-2022-48429,0.00045,0.11801
CVE-2022-4843,0.00095,0.39499
CVE-2022-48430,0.00087,0.36261
CVE-2022-48431,0.00043,0.06775
CVE-2022-48432,0.00043,0.06775
CVE-2022-48433,0.00087,0.36261
CVE-2022-48434,0.00099,0.40689
CVE-2022-48435,0.00043,0.06775
CVE-2022-48437,0.00052,0.17989
CVE-2022-48438,0.00042,0.05722
CVE-2022-48439,0.00042,0.05722
CVE-2022-4844,0.00103,0.41775
CVE-2022-48440,0.00042,0.05722
CVE-2022-48441,0.00042,0.05722
CVE-2022-48442,0.00042,0.05722
CVE-2022-48443,0.00042,0.05722
CVE-2022-48444,0.00042,0.05722
CVE-2022-48445,0.00042,0.05722
CVE-2022-48446,0.00042,0.05722
CVE-2022-48447,0.00042,0.05722
CVE-2022-48448,0.00042,0.05722
CVE-2022-4845,0.00059,0.23145
CVE-2022-48450,0.00042,0.05722
CVE-2022-48451,0.00042,0.05722
CVE-2022-48452,0.00042,0.05722
CVE-2022-48453,0.00042,0.05722
CVE-2022-48454,0.00042,0.05722
CVE-2022-48455,0.00042,0.05722
CVE-2022-48456,0.00042,0.05722
CVE-2022-48457,0.00042,0.05722
CVE-2022-48458,0.00042,0.05722
CVE-2022-48459,0.00042,0.05722
CVE-2022-4846,0.00060,0.23626
CVE-2022-48460,0.00042,0.05722
CVE-2022-48461,0.00042,0.05722
CVE-2022-48462,0.00042,0.05722
CVE-2022-48463,0.00042,0.05722
CVE-2022-48464,0.00042,0.05722
CVE-2022-48468,0.00042,0.05722
CVE-2022-48469,0.00063,0.25691
CVE-2022-4847,0.00060,0.23626
CVE-2022-48471,0.00046,0.13740
CVE-2022-48472,0.00243,0.62355
CVE-2022-48473,0.00046,0.13740
CVE-2022-48474,0.00046,0.13740
CVE-2022-48475,0.00091,0.38380
CVE-2022-48476,0.00090,0.37805
CVE-2022-48477,0.00091,0.38380
CVE-2022-48478,0.00091,0.38380
CVE-2022-48479,0.00091,0.38380
CVE-2022-4848,0.00051,0.17233
CVE-2022-48480,0.00087,0.36261
CVE-2022-48481,0.00043,0.06775
CVE-2022-48482,0.00114,0.44985
CVE-2022-48483,0.00114,0.44985
CVE-2022-48486,0.00046,0.13740
CVE-2022-48487,0.00046,0.13740
CVE-2022-48488,0.00046,0.13740
CVE-2022-48489,0.00046,0.13740
CVE-2022-4849,0.00060,0.23626
CVE-2022-48490,0.00046,0.13740
CVE-2022-48491,0.00046,0.13740
CVE-2022-48492,0.00046,0.13740
CVE-2022-48493,0.00046,0.13740
CVE-2022-48494,0.00048,0.14563
CVE-2022-48495,0.00046,0.13740
CVE-2022-48496,0.00048,0.14563
CVE-2022-48497,0.00046,0.13740
CVE-2022-48498,0.00046,0.13740
CVE-2022-48499,0.00046,0.13740
CVE-2022-4850,0.00060,0.23626
CVE-2022-48500,0.00046,0.13740
CVE-2022-48501,0.00046,0.13740
CVE-2022-48502,0.00042,0.05722
CVE-2022-48503,0.00085,0.35472
CVE-2022-48504,0.00052,0.18120
CVE-2022-48505,0.00045,0.12108
CVE-2022-48506,0.00046,0.13799
CVE-2022-48507,0.00087,0.36261
CVE-2022-48508,0.00048,0.14563
CVE-2022-48509,0.00046,0.13740
CVE-2022-4851,0.00059,0.23145
CVE-2022-48510,0.00091,0.38380
CVE-2022-48511,0.00091,0.38380
CVE-2022-48512,0.00091,0.38380
CVE-2022-48513,0.00127,0.47258
CVE-2022-48514,0.00087,0.36261
CVE-2022-48515,0.00087,0.36261
CVE-2022-48516,0.00087,0.36261
CVE-2022-48517,0.00046,0.13740
CVE-2022-48518,0.00045,0.12108
CVE-2022-48519,0.00087,0.36261
CVE-2022-48520,0.00087,0.36261
CVE-2022-48521,0.00073,0.30005
CVE-2022-48522,0.00285,0.65515
CVE-2022-48538,0.00045,0.12348
CVE-2022-48541,0.00129,0.47735
CVE-2022-48545,0.00044,0.10345
CVE-2022-48547,0.00148,0.50798
CVE-2022-4855,0.00134,0.48520
CVE-2022-48554,0.00042,0.05757
CVE-2022-4856,0.00056,0.21221
CVE-2022-48560,0.00062,0.24592
CVE-2022-48564,0.00058,0.21929
CVE-2022-48565,0.00129,0.47596
CVE-2022-48566,0.00057,0.21365
CVE-2022-4857,0.00056,0.21221
CVE-2022-48570,0.00046,0.13740
CVE-2022-48571,0.00046,0.13740
CVE-2022-48577,0.00052,0.18120
CVE-2022-48579,0.00087,0.36261
CVE-2022-4858,0.00170,0.54079
CVE-2022-48580,0.00050,0.16721
CVE-2022-48581,0.00050,0.16721
CVE-2022-48582,0.00050,0.16721
CVE-2022-48583,0.00050,0.16721
CVE-2022-48584,0.00050,0.16721
CVE-2022-48585,0.00050,0.15944
CVE-2022-48586,0.00050,0.15944
CVE-2022-48587,0.00050,0.15944
CVE-2022-48588,0.00050,0.15944
CVE-2022-48589,0.00050,0.15944
CVE-2022-4859,0.00093,0.39092
CVE-2022-48590,0.00050,0.15944
CVE-2022-48591,0.00050,0.15944
CVE-2022-48592,0.00050,0.15944
CVE-2022-48593,0.00050,0.15944
CVE-2022-48594,0.00050,0.15944
CVE-2022-48595,0.00050,0.15944
CVE-2022-48596,0.00050,0.15944
CVE-2022-48597,0.00050,0.15944
CVE-2022-48598,0.00050,0.15944
CVE-2022-48599,0.00050,0.15944
CVE-2022-4860,0.00125,0.46989
CVE-2022-48600,0.00050,0.15944
CVE-2022-48601,0.00050,0.15944
CVE-2022-48602,0.00050,0.15944
CVE-2022-48603,0.00050,0.15944
CVE-2022-48604,0.00050,0.15944
CVE-2022-48605,0.00089,0.37678
CVE-2022-48606,0.00046,0.13740
CVE-2022-4861,0.00080,0.33284
CVE-2022-48612,0.00064,0.26167
CVE-2022-48613,0.00087,0.36261
CVE-2022-48614,0.00046,0.13740
CVE-2022-48615,0.00046,0.12619
CVE-2022-48616,0.00071,0.29283
CVE-2022-48618,0.00693,0.78135
CVE-2022-48619,0.00043,0.06775
CVE-2022-4862,0.00049,0.14986
CVE-2022-48620,0.00063,0.25553
CVE-2022-48622,0.00064,0.26361
CVE-2022-4863,0.00066,0.27252
CVE-2022-4864,0.00051,0.17233
CVE-2022-4865,0.00080,0.33382
CVE-2022-4866,0.00080,0.33382
CVE-2022-4867,0.00059,0.23145
CVE-2022-4868,0.00051,0.17233
CVE-2022-4869,0.00115,0.45240
CVE-2022-4870,0.00046,0.13740
CVE-2022-4871,0.00160,0.52675
CVE-2022-4872,0.00079,0.32807
CVE-2022-4873,0.00154,0.51710
CVE-2022-4874,0.00140,0.49682
CVE-2022-4875,0.00078,0.32637
CVE-2022-4876,0.00086,0.35787
CVE-2022-4877,0.00074,0.30651
CVE-2022-4878,0.00074,0.30651
CVE-2022-4879,0.00088,0.36828
CVE-2022-4880,0.00117,0.45610
CVE-2022-4881,0.00079,0.32815
CVE-2022-4882,0.00086,0.35787
CVE-2022-4883,0.00078,0.32335
CVE-2022-4884,0.00063,0.25636
CVE-2022-4885,0.00094,0.39269
CVE-2022-4886,0.00075,0.30763
CVE-2022-4888,0.00048,0.14563
CVE-2022-4889,0.00105,0.42560
CVE-2022-4890,0.00137,0.49096
CVE-2022-4891,0.00152,0.51358
CVE-2022-4892,0.00073,0.30417
CVE-2022-4894,0.00043,0.06775
CVE-2022-4895,0.00070,0.28958
CVE-2022-4896,0.00046,0.13740
CVE-2022-4897,0.00319,0.67558
CVE-2022-4898,0.00048,0.14685
CVE-2022-4899,0.00052,0.17532
CVE-2022-4900,0.00065,0.26971
CVE-2022-4901,0.00050,0.16429
CVE-2022-4902,0.00070,0.28999
CVE-2022-4903,0.00074,0.30701
CVE-2022-4904,0.00052,0.17733
CVE-2022-4905,0.00060,0.23296
CVE-2022-4906,0.00083,0.34242
CVE-2022-4907,0.00360,0.69414
CVE-2022-4908,0.00087,0.35964
CVE-2022-4909,0.00084,0.35153
CVE-2022-4910,0.00084,0.35153
CVE-2022-4911,0.00085,0.35433
CVE-2022-4912,0.00083,0.34242
CVE-2022-4913,0.00090,0.37995
CVE-2022-4914,0.00059,0.22803
CVE-2022-4915,0.00128,0.47498
CVE-2022-4916,0.00082,0.34138
CVE-2022-4917,0.00087,0.35964
CVE-2022-4918,0.00082,0.34138
CVE-2022-4919,0.00082,0.34138
CVE-2022-4920,0.00080,0.33448
CVE-2022-4921,0.00084,0.34800
CVE-2022-4922,0.00092,0.38710
CVE-2022-4923,0.00050,0.16825
CVE-2022-4924,0.00082,0.33974
CVE-2022-4925,0.00089,0.37305
CVE-2022-4926,0.00089,0.37653
CVE-2022-4927,0.00060,0.23296
CVE-2022-4928,0.00060,0.23296
CVE-2022-4929,0.00060,0.23296
CVE-2022-4930,0.00052,0.18012
CVE-2022-4931,0.00045,0.11801
CVE-2022-4932,0.00045,0.11801
CVE-2022-4933,0.00058,0.22658
CVE-2022-4934,0.00055,0.20339
CVE-2022-4935,0.00050,0.16285
CVE-2022-4936,0.00096,0.39760
CVE-2022-4937,0.00075,0.30881
CVE-2022-4938,0.00096,0.39760
CVE-2022-4939,0.00096,0.39760
CVE-2022-4940,0.00064,0.26246
CVE-2022-4941,0.00078,0.32745
CVE-2022-4942,0.00052,0.17638
CVE-2022-4943,0.00052,0.17889
CVE-2022-4944,0.00108,0.43416
CVE-2022-4945,0.00042,0.05859
CVE-2022-4946,0.00045,0.11801
CVE-2022-4948,0.00045,0.11801
CVE-2022-4949,0.00112,0.44443
CVE-2022-4950,0.00138,0.49329
CVE-2022-4952,0.00052,0.17532
CVE-2022-4953,0.00331,0.68166
CVE-2022-4954,0.00045,0.11801
CVE-2022-4955,0.00048,0.14563
CVE-2022-4956,0.00042,0.05722
CVE-2022-4957,0.00052,0.17638
CVE-2022-4958,0.00051,0.17093
CVE-2022-4959,0.00052,0.17770
CVE-2022-4960,0.00051,0.17093
CVE-2022-4961,0.00068,0.28208
CVE-2022-4962,0.00051,0.17093
CVE-2022-4964,0.00045,0.12069
CVE-2023-0001,0.00043,0.06775
CVE-2023-0002,0.00042,0.05722
CVE-2023-0003,0.00116,0.45294
CVE-2023-0004,0.00068,0.28069
CVE-2023-0005,0.00049,0.14986
CVE-2023-0006,0.00042,0.05722
CVE-2023-0007,0.00045,0.11801
CVE-2023-0008,0.00068,0.28095
CVE-2023-0009,0.00042,0.05722
CVE-2023-0010,0.00045,0.11801
CVE-2023-0011,0.00053,0.18454
CVE-2023-0012,0.00043,0.06775
CVE-2023-0013,0.00063,0.25287
CVE-2023-0014,0.00170,0.53980
CVE-2023-0015,0.00053,0.18436
CVE-2023-0016,0.00074,0.30736
CVE-2023-0017,0.00204,0.58429
CVE-2023-0018,0.00063,0.25287
CVE-2023-0019,0.00052,0.18157
CVE-2023-0020,0.00052,0.18157
CVE-2023-0021,0.00052,0.17889
CVE-2023-0022,0.00094,0.39433
CVE-2023-0023,0.00064,0.25824
CVE-2023-0024,0.00048,0.14685
CVE-2023-0025,0.00048,0.14685
CVE-2023-0026,0.00046,0.13740
CVE-2023-0027,0.00045,0.11801
CVE-2023-0028,0.00056,0.20979
CVE-2023-0029,0.00088,0.36931
CVE-2023-0030,0.00042,0.05722
CVE-2023-0033,0.00051,0.17337
CVE-2023-0034,0.00051,0.17337
CVE-2023-0035,0.00042,0.05722
CVE-2023-0036,0.00042,0.05722
CVE-2023-0037,0.00162,0.52798
CVE-2023-0038,0.00079,0.33119
CVE-2023-0040,0.00060,0.23551
CVE-2023-0041,0.00049,0.15859
CVE-2023-0042,0.00063,0.25287
CVE-2023-0043,0.00053,0.18524
CVE-2023-0044,0.00050,0.16429
CVE-2023-0045,0.00129,0.47593
CVE-2023-0046,0.00080,0.33382
CVE-2023-0048,0.00098,0.40305
CVE-2023-0049,0.00054,0.19123
CVE-2023-0050,0.00218,0.59824
CVE-2023-0051,0.00050,0.16759
CVE-2023-0052,0.00118,0.45762
CVE-2023-0053,0.00094,0.39422
CVE-2023-0054,0.00053,0.18859
CVE-2023-0055,0.00053,0.18466
CVE-2023-0056,0.00065,0.26805
CVE-2023-0057,0.00050,0.16290
CVE-2023-0058,0.00046,0.13740
CVE-2023-0059,0.00051,0.17337
CVE-2023-0060,0.00051,0.17337
CVE-2023-0061,0.00051,0.17337
CVE-2023-0062,0.00051,0.17337
CVE-2023-0063,0.00045,0.11801
CVE-2023-0064,0.00045,0.11801
CVE-2023-0065,0.00045,0.11801
CVE-2023-0066,0.00045,0.11801
CVE-2023-0067,0.00051,0.17337
CVE-2023-0068,0.00045,0.11801
CVE-2023-0069,0.00045,0.11801
CVE-2023-0070,0.00051,0.17337
CVE-2023-0071,0.00051,0.17337
CVE-2023-0072,0.00051,0.17337
CVE-2023-0073,0.00045,0.11801
CVE-2023-0074,0.00051,0.17337
CVE-2023-0075,0.00051,0.17337
CVE-2023-0076,0.00045,0.11801
CVE-2023-0077,0.00080,0.33314
CVE-2023-0078,0.00045,0.11801
CVE-2023-0079,0.00045,0.11801
CVE-2023-0080,0.00056,0.21131
CVE-2023-0081,0.00051,0.17337
CVE-2023-0082,0.00051,0.17337
CVE-2023-0083,0.00042,0.05722
CVE-2023-0084,0.00340,0.68548
CVE-2023-0085,0.00071,0.29207
CVE-2023-0086,0.00056,0.20760
CVE-2023-0087,0.00051,0.17233
CVE-2023-0088,0.00119,0.45856
CVE-2023-0089,0.00049,0.15831
CVE-2023-0090,0.00066,0.27187
CVE-2023-0091,0.00053,0.18436
CVE-2023-0093,0.00066,0.27162
CVE-2023-0094,0.00045,0.11801
CVE-2023-0095,0.00051,0.17337
CVE-2023-0096,0.00051,0.17337
CVE-2023-0097,0.00051,0.17337
CVE-2023-0098,0.00056,0.21131
CVE-2023-0099,0.00078,0.32658
CVE-2023-0100,0.00049,0.15001
CVE-2023-0101,0.00089,0.37248
CVE-2023-0102,0.00067,0.27675
CVE-2023-0103,0.00120,0.46189
CVE-2023-0104,0.00056,0.21065
CVE-2023-0105,0.00069,0.28764
CVE-2023-0106,0.00051,0.17233
CVE-2023-0107,0.00051,0.17233
CVE-2023-0108,0.00051,0.17233
CVE-2023-0110,0.00051,0.17233
CVE-2023-0111,0.00051,0.17233
CVE-2023-0112,0.00051,0.17233
CVE-2023-0113,0.00238,0.61972
CVE-2023-0114,0.00043,0.06775
CVE-2023-0116,0.00046,0.13740
CVE-2023-0117,0.00046,0.13740
CVE-2023-0118,0.00084,0.35124
CVE-2023-0119,0.00053,0.18483
CVE-2023-0120,0.00045,0.11801
CVE-2023-0121,0.00049,0.15007
CVE-2023-0122,0.00092,0.38709
CVE-2023-0123,0.00059,0.22857
CVE-2023-0124,0.00082,0.33967
CVE-2023-0125,0.00058,0.22667
CVE-2023-0126,0.02552,0.89156
CVE-2023-0127,0.00176,0.54805
CVE-2023-0128,0.00177,0.54947
CVE-2023-0129,0.00109,0.43862
CVE-2023-0130,0.00151,0.51308
CVE-2023-0131,0.00147,0.50641
CVE-2023-0132,0.00156,0.52059
CVE-2023-0133,0.00107,0.43223
CVE-2023-0134,0.00131,0.47911
CVE-2023-0135,0.00131,0.47911
CVE-2023-0136,0.00212,0.59198
CVE-2023-0137,0.00092,0.38735
CVE-2023-0138,0.00149,0.50948
CVE-2023-0139,0.00104,0.42382
CVE-2023-0140,0.00107,0.43223
CVE-2023-0141,0.00149,0.50905
CVE-2023-0142,0.00052,0.17899
CVE-2023-0143,0.00051,0.17337
CVE-2023-0144,0.00051,0.17337
CVE-2023-0145,0.00045,0.11801
CVE-2023-0146,0.00051,0.17337
CVE-2023-0147,0.00051,0.17337
CVE-2023-0148,0.00051,0.17337
CVE-2023-0149,0.00051,0.17337
CVE-2023-0150,0.00051,0.17337
CVE-2023-0151,0.00051,0.17337
CVE-2023-0152,0.00045,0.11801
CVE-2023-0153,0.00051,0.17337
CVE-2023-0154,0.00051,0.17337
CVE-2023-0155,0.00051,0.17400
CVE-2023-0156,0.00049,0.14986
CVE-2023-0157,0.00045,0.11801
CVE-2023-0158,0.00078,0.32333
CVE-2023-0159,0.00099,0.40666
CVE-2023-0160,0.00042,0.05722
CVE-2023-0162,0.00048,0.14636
CVE-2023-0164,0.00102,0.41394
CVE-2023-0165,0.00045,0.11801
CVE-2023-0166,0.00050,0.16823
CVE-2023-0167,0.00045,0.11801
CVE-2023-0168,0.00051,0.17337
CVE-2023-0169,0.01224,0.83933
CVE-2023-0170,0.00051,0.17337
CVE-2023-0171,0.00051,0.17337
CVE-2023-0172,0.00045,0.11801
CVE-2023-0173,0.00051,0.17337
CVE-2023-0174,0.00051,0.17337
CVE-2023-0175,0.00045,0.11801
CVE-2023-0176,0.00051,0.17337
CVE-2023-0177,0.00051,0.17337
CVE-2023-0178,0.00051,0.17337
CVE-2023-0179,0.00042,0.05722
CVE-2023-0180,0.00043,0.06775
CVE-2023-0181,0.00043,0.06775
CVE-2023-0182,0.00043,0.06775
CVE-2023-0183,0.00043,0.06775
CVE-2023-0184,0.00043,0.06775
CVE-2023-0185,0.00043,0.06775
CVE-2023-0186,0.00043,0.06775
CVE-2023-0187,0.00043,0.06775
CVE-2023-0188,0.00043,0.06775
CVE-2023-0189,0.00042,0.05722
CVE-2023-0190,0.00043,0.06775
CVE-2023-0191,0.00043,0.06775
CVE-2023-0192,0.00043,0.06775
CVE-2023-0193,0.00042,0.05722
CVE-2023-0194,0.00044,0.10345
CVE-2023-0195,0.00044,0.10345
CVE-2023-0196,0.00042,0.05722
CVE-2023-0197,0.00043,0.06775
CVE-2023-0198,0.00043,0.06775
CVE-2023-0199,0.00043,0.06775
CVE-2023-0200,0.00060,0.23520
CVE-2023-0201,0.00042,0.05722
CVE-2023-0202,0.00043,0.06775
CVE-2023-0203,0.00044,0.10862
CVE-2023-0204,0.00044,0.10862
CVE-2023-0205,0.00044,0.10862
CVE-2023-0206,0.00043,0.06775
CVE-2023-0207,0.00043,0.06775
CVE-2023-0208,0.00043,0.06775
CVE-2023-0209,0.00045,0.11981
CVE-2023-0210,0.00159,0.52435
CVE-2023-0212,0.00045,0.11801
CVE-2023-0213,0.00043,0.06775
CVE-2023-0214,0.00103,0.41696
CVE-2023-0215,0.00127,0.47310
CVE-2023-0216,0.00054,0.19363
CVE-2023-0217,0.00054,0.19363
CVE-2023-0219,0.00045,0.11801
CVE-2023-0220,0.00056,0.21131
CVE-2023-0221,0.00042,0.05722
CVE-2023-0223,0.00052,0.17563
CVE-2023-0224,0.00264,0.64154
CVE-2023-0225,0.00088,0.37178
CVE-2023-0227,0.00062,0.24290
CVE-2023-0228,0.00056,0.21062
CVE-2023-0229,0.00065,0.26817
CVE-2023-0230,0.00051,0.17337
CVE-2023-0231,0.00051,0.17337
CVE-2023-0232,0.00098,0.40363
CVE-2023-0233,0.00045,0.11801
CVE-2023-0234,0.00073,0.30181
CVE-2023-0236,0.00078,0.32658
CVE-2023-0238,0.00043,0.06775
CVE-2023-0240,0.00042,0.05722
CVE-2023-0241,0.00046,0.12657
CVE-2023-0242,0.00089,0.37248
CVE-2023-0243,0.00119,0.45938
CVE-2023-0244,0.00119,0.45938
CVE-2023-0245,0.00119,0.45938
CVE-2023-0246,0.00060,0.23655
CVE-2023-0247,0.00053,0.19001
CVE-2023-0248,0.00052,0.18030
CVE-2023-0249,0.00082,0.33967
CVE-2023-0250,0.00059,0.22857
CVE-2023-0251,0.00057,0.21544
CVE-2023-0252,0.00051,0.17337
CVE-2023-0253,0.00056,0.20778
CVE-2023-0254,0.00062,0.24527
CVE-2023-0255,0.00056,0.21131
CVE-2023-0256,0.00135,0.48782
CVE-2023-0257,0.00160,0.52664
CVE-2023-0258,0.00050,0.16290
CVE-2023-0259,0.00056,0.21131
CVE-2023-0260,0.00056,0.21131
CVE-2023-0261,0.07530,0.93513
CVE-2023-0262,0.00056,0.21131
CVE-2023-0263,0.00056,0.21131
CVE-2023-0264,0.00089,0.37428
CVE-2023-0265,0.00066,0.27456
CVE-2023-0266,0.00082,0.34007
CVE-2023-0267,0.00045,0.11801
CVE-2023-0268,0.00045,0.11801
CVE-2023-0270,0.00051,0.17337
CVE-2023-0271,0.00051,0.17337
CVE-2023-0272,0.00045,0.11801
CVE-2023-0273,0.00045,0.11801
CVE-2023-0274,0.00045,0.11801
CVE-2023-0275,0.00051,0.17337
CVE-2023-0276,0.00045,0.11801
CVE-2023-0277,0.00050,0.16285
CVE-2023-0278,0.00058,0.22690
CVE-2023-0279,0.00058,0.22690
CVE-2023-0280,0.00045,0.11801
CVE-2023-0281,0.00119,0.45938
CVE-2023-0282,0.00051,0.17337
CVE-2023-0283,0.00119,0.45938
CVE-2023-0284,0.00073,0.30137
CVE-2023-0285,0.00051,0.17337
CVE-2023-0286,0.00089,0.37192
CVE-2023-0287,0.00060,0.23655
CVE-2023-0288,0.00050,0.16759
CVE-2023-0289,0.00051,0.17233
CVE-2023-0290,0.00063,0.25636
CVE-2023-0291,0.00103,0.41599
CVE-2023-0292,0.00158,0.52300
CVE-2023-0293,0.00048,0.14636
CVE-2023-0294,0.00055,0.20393
CVE-2023-0295,0.00048,0.14636
CVE-2023-0296,0.00063,0.25287
CVE-2023-0297,0.52654,0.97314
CVE-2023-0298,0.00051,0.17233
CVE-2023-0299,0.00115,0.45178
CVE-2023-0300,0.00051,0.17233
CVE-2023-0301,0.00051,0.17233
CVE-2023-0302,0.00053,0.19001
CVE-2023-0303,0.00096,0.40001
CVE-2023-0304,0.00096,0.40001
CVE-2023-0305,0.00096,0.40001
CVE-2023-0306,0.00048,0.14636
CVE-2023-0307,0.00160,0.52664
CVE-2023-0308,0.00048,0.14636
CVE-2023-0309,0.00048,0.14636
CVE-2023-0310,0.00048,0.14636
CVE-2023-0311,0.00160,0.52664
CVE-2023-0312,0.00050,0.16290
CVE-2023-0313,0.00048,0.14636
CVE-2023-0314,0.00050,0.16290
CVE-2023-0315,0.56908,0.97417
CVE-2023-0316,0.00043,0.06775
CVE-2023-0317,0.00049,0.14986
CVE-2023-0319,0.00052,0.17563
CVE-2023-0320,0.00045,0.11801
CVE-2023-0321,0.00108,0.43463
CVE-2023-0322,0.00046,0.13740
CVE-2023-0323,0.00051,0.17233
CVE-2023-0324,0.00119,0.45938
CVE-2023-0325,0.00104,0.42306
CVE-2023-0326,0.00050,0.16472
CVE-2023-0327,0.00058,0.22667
CVE-2023-0328,0.00045,0.11801
CVE-2023-0329,0.00050,0.16285
CVE-2023-0330,0.00044,0.10451
CVE-2023-0331,0.00099,0.40666
CVE-2023-0332,0.00264,0.64081
CVE-2023-0333,0.00051,0.17337
CVE-2023-0334,0.00078,0.32658
CVE-2023-0335,0.00046,0.12619
CVE-2023-0336,0.00046,0.12619
CVE-2023-0337,0.00053,0.18466
CVE-2023-0338,0.00053,0.18466
CVE-2023-0339,0.00091,0.38629
CVE-2023-0340,0.00050,0.16785
CVE-2023-0341,0.00302,0.66517
CVE-2023-0342,0.00046,0.13740
CVE-2023-0343,0.00087,0.36261
CVE-2023-0344,0.00048,0.14563
CVE-2023-0345,0.00091,0.38380
CVE-2023-0346,0.00087,0.36261
CVE-2023-0347,0.00046,0.13740
CVE-2023-0348,0.00048,0.14563
CVE-2023-0349,0.00091,0.38380
CVE-2023-0350,0.00046,0.12619
CVE-2023-0351,0.00048,0.14576
CVE-2023-0352,0.00091,0.38380
CVE-2023-0353,0.00061,0.24201
CVE-2023-0354,0.00091,0.38380
CVE-2023-0355,0.00087,0.36261
CVE-2023-0356,0.00084,0.34823
CVE-2023-0357,0.00104,0.42306
CVE-2023-0358,0.00053,0.19001
CVE-2023-0359,0.00046,0.13740
CVE-2023-0360,0.00051,0.17337
CVE-2023-0361,0.00104,0.42313
CVE-2023-0362,0.00051,0.17337
CVE-2023-0363,0.00045,0.11801
CVE-2023-0364,0.00045,0.11801
CVE-2023-0365,0.00045,0.11801
CVE-2023-0366,0.00051,0.17337
CVE-2023-0367,0.00045,0.11801
CVE-2023-0368,0.00045,0.11801
CVE-2023-0369,0.00045,0.11801
CVE-2023-0370,0.00045,0.11801
CVE-2023-0371,0.00051,0.17337
CVE-2023-0372,0.00051,0.17337
CVE-2023-0373,0.00051,0.17337
CVE-2023-0374,0.00045,0.11801
CVE-2023-0375,0.00051,0.17337
CVE-2023-0376,0.00045,0.11801
CVE-2023-0377,0.00045,0.11801
CVE-2023-0378,0.00051,0.17337
CVE-2023-0379,0.00051,0.17337
CVE-2023-0380,0.00051,0.17337
CVE-2023-0381,0.00056,0.21131
CVE-2023-0382,0.00044,0.10862
CVE-2023-0383,0.00046,0.13740
CVE-2023-0384,0.00046,0.13740
CVE-2023-0385,0.00055,0.20643
CVE-2023-0386,0.00042,0.05722
CVE-2023-0388,0.00050,0.16285
CVE-2023-0389,0.00045,0.11801
CVE-2023-0391,0.00080,0.33471
CVE-2023-0392,0.00042,0.05722
CVE-2023-0394,0.00042,0.05722
CVE-2023-0395,0.00045,0.11801
CVE-2023-0396,0.00053,0.19001
CVE-2023-0397,0.00044,0.10345
CVE-2023-0398,0.00054,0.19154
CVE-2023-0399,0.00045,0.11801
CVE-2023-0400,0.00042,0.05722
CVE-2023-0401,0.00155,0.51858
CVE-2023-0402,0.00070,0.28944
CVE-2023-0403,0.00093,0.39258
CVE-2023-0404,0.00048,0.14636
CVE-2023-0405,0.00051,0.17337
CVE-2023-0406,0.00053,0.18466
CVE-2023-0410,0.00050,0.16290
CVE-2023-0411,0.00077,0.32051
CVE-2023-0412,0.00058,0.21935
CVE-2023-0413,0.00093,0.39010
CVE-2023-0414,0.00084,0.35113
CVE-2023-0415,0.00093,0.39010
CVE-2023-0416,0.00084,0.35113
CVE-2023-0417,0.00076,0.31276
CVE-2023-0418,0.00045,0.11801
CVE-2023-0419,0.00051,0.17337
CVE-2023-0420,0.00045,0.11801
CVE-2023-0421,0.00069,0.28451
CVE-2023-0422,0.00045,0.11801
CVE-2023-0423,0.00045,0.11801
CVE-2023-0424,0.00045,0.11801
CVE-2023-0425,0.00046,0.13740
CVE-2023-0426,0.00046,0.13740
CVE-2023-0428,0.00053,0.18524
CVE-2023-0429,0.00051,0.17337
CVE-2023-0430,0.00048,0.14563
CVE-2023-0431,0.00045,0.11801
CVE-2023-0432,0.00048,0.14578
CVE-2023-0433,0.00057,0.21302
CVE-2023-0434,0.00062,0.24621
CVE-2023-0435,0.00139,0.49484
CVE-2023-0436,0.00087,0.36261
CVE-2023-0437,0.00046,0.13740
CVE-2023-0438,0.00054,0.19154
CVE-2023-0439,0.00045,0.11801
CVE-2023-0440,0.00053,0.18466
CVE-2023-0441,0.00050,0.16404
CVE-2023-0442,0.00053,0.18524
CVE-2023-0443,0.00046,0.13740
CVE-2023-0444,0.00089,0.37248
CVE-2023-0446,0.00048,0.14636
CVE-2023-0447,0.00058,0.22678
CVE-2023-0448,0.00097,0.40211
CVE-2023-0450,0.00074,0.30551
CVE-2023-0451,0.00132,0.48268
CVE-2023-0452,0.00063,0.25287
CVE-2023-0453,0.00051,0.17337
CVE-2023-0454,0.00053,0.18457
CVE-2023-0455,0.00468,0.73007
CVE-2023-0456,0.00084,0.34921
CVE-2023-0457,0.00216,0.59678
CVE-2023-0458,0.00045,0.11839
CVE-2023-0459,0.00043,0.06775
CVE-2023-0460,0.00043,0.06775
CVE-2023-0461,0.00042,0.05722
CVE-2023-0462,0.00054,0.19314
CVE-2023-0463,0.00043,0.06775
CVE-2023-0464,0.00219,0.59925
CVE-2023-0465,0.00132,0.48277
CVE-2023-0466,0.00132,0.48253
CVE-2023-0467,0.00046,0.12531
CVE-2023-0468,0.00043,0.06775
CVE-2023-0469,0.00043,0.06775
CVE-2023-0470,0.00051,0.17233
CVE-2023-0471,0.00129,0.47671
CVE-2023-0472,0.00129,0.47671
CVE-2023-0473,0.00118,0.45721
CVE-2023-0474,0.00103,0.41619
CVE-2023-0475,0.00055,0.20446
CVE-2023-0476,0.00053,0.18436
CVE-2023-0477,0.00050,0.16785
CVE-2023-0479,0.00046,0.13740
CVE-2023-0480,0.00058,0.21913
CVE-2023-0481,0.00042,0.05722
CVE-2023-0482,0.00042,0.05722
CVE-2023-0483,0.00052,0.17717
CVE-2023-0484,0.00046,0.13740
CVE-2023-0485,0.00077,0.32068
CVE-2023-0486,0.00046,0.13740
CVE-2023-0487,0.00056,0.21131
CVE-2023-0488,0.00051,0.17233
CVE-2023-0489,0.00045,0.11801
CVE-2023-0490,0.00045,0.11801
CVE-2023-0491,0.00045,0.11801
CVE-2023-0492,0.00051,0.17337
CVE-2023-0493,0.00666,0.77613
CVE-2023-0494,0.00100,0.40983
CVE-2023-0495,0.00046,0.13740
CVE-2023-0496,0.00046,0.13740
CVE-2023-0497,0.00046,0.13740
CVE-2023-0498,0.00046,0.13740
CVE-2023-0499,0.00046,0.13740
CVE-2023-0500,0.00048,0.14563
CVE-2023-0501,0.00048,0.14563
CVE-2023-0502,0.00048,0.14563
CVE-2023-0503,0.00046,0.13740
CVE-2023-0504,0.00046,0.13740
CVE-2023-0505,0.00046,0.13740
CVE-2023-0506,0.00050,0.16285
CVE-2023-0507,0.00063,0.25691
CVE-2023-0508,0.00052,0.17563
CVE-2023-0509,0.00076,0.31255
CVE-2023-0511,0.00091,0.38629
CVE-2023-0512,0.00057,0.21302
CVE-2023-0513,0.00078,0.32632
CVE-2023-0514,0.00071,0.29228
CVE-2023-0515,0.00282,0.65320
CVE-2023-0516,0.00282,0.65320
CVE-2023-0518,0.00058,0.21992
CVE-2023-0519,0.00051,0.17233
CVE-2023-0520,0.00045,0.11801
CVE-2023-0522,0.00048,0.14563
CVE-2023-0523,0.00128,0.47383
CVE-2023-0524,0.00058,0.22690
CVE-2023-0525,0.00101,0.41204
CVE-2023-0526,0.00045,0.11801
CVE-2023-0527,0.00458,0.72727
CVE-2023-0528,0.00078,0.32121
CVE-2023-0529,0.00078,0.32121
CVE-2023-0530,0.00132,0.48219
CVE-2023-0531,0.00078,0.32121
CVE-2023-0532,0.00078,0.32121
CVE-2023-0533,0.00078,0.32121
CVE-2023-0534,0.00078,0.32121
CVE-2023-0535,0.00051,0.17337
CVE-2023-0536,0.00045,0.11801
CVE-2023-0537,0.00045,0.11801
CVE-2023-0538,0.00045,0.11801
CVE-2023-0539,0.00051,0.17337
CVE-2023-0540,0.00051,0.17337
CVE-2023-0541,0.00051,0.17337
CVE-2023-0542,0.00045,0.11801
CVE-2023-0543,0.00051,0.17337
CVE-2023-0544,0.00045,0.11801
CVE-2023-0545,0.00045,0.11801
CVE-2023-0546,0.00045,0.11801
CVE-2023-0547,0.00048,0.14563
CVE-2023-0548,0.00051,0.17337
CVE-2023-0549,0.00095,0.39492
CVE-2023-0550,0.00058,0.21965
CVE-2023-0551,0.00044,0.10862
CVE-2023-0552,0.00086,0.35636
CVE-2023-0553,0.00058,0.21965
CVE-2023-0554,0.00071,0.29154
CVE-2023-0555,0.00058,0.22678
CVE-2023-0556,0.00076,0.31156
CVE-2023-0557,0.00075,0.30874
CVE-2023-0558,0.00218,0.59803
CVE-2023-0559,0.00051,0.17337
CVE-2023-0560,0.00075,0.30804
CVE-2023-0561,0.00075,0.30804
CVE-2023-0562,0.02592,0.89236
CVE-2023-0563,0.00354,0.69138
CVE-2023-0564,0.00054,0.19230
CVE-2023-0565,0.00051,0.17249
CVE-2023-0566,0.00051,0.17337
CVE-2023-0567,0.00045,0.12108
CVE-2023-0568,0.00101,0.41206
CVE-2023-0569,0.00052,0.18157
CVE-2023-0570,0.00073,0.30322
CVE-2023-0571,0.00058,0.22631
CVE-2023-0572,0.00053,0.18524
CVE-2023-0574,0.00105,0.42673
CVE-2023-0575,0.00076,0.31327
CVE-2023-0577,0.00050,0.16429
CVE-2023-0578,0.00050,0.16429
CVE-2023-0579,0.00050,0.16285
CVE-2023-0580,0.00091,0.38380
CVE-2023-0581,0.00056,0.21163
CVE-2023-0583,0.00045,0.11801
CVE-2023-0584,0.00045,0.11801
CVE-2023-0585,0.00067,0.27788
CVE-2023-0586,0.00056,0.20778
CVE-2023-0587,0.00104,0.41994
CVE-2023-0588,0.00046,0.13740
CVE-2023-0589,0.00045,0.11801
CVE-2023-0590,0.00043,0.06775
CVE-2023-0591,0.00046,0.13802
CVE-2023-0592,0.00046,0.13802
CVE-2023-0593,0.00046,0.13802
CVE-2023-0594,0.00048,0.14685
CVE-2023-0595,0.00047,0.14049
CVE-2023-0597,0.00042,0.05722
CVE-2023-0598,0.00082,0.34007
CVE-2023-0599,0.00048,0.14645
CVE-2023-0600,0.03073,0.90055
CVE-2023-0602,0.00064,0.26255
CVE-2023-0603,0.00087,0.36569
CVE-2023-0604,0.00045,0.11801
CVE-2023-0605,0.00045,0.11801
CVE-2023-0606,0.00053,0.18524
CVE-2023-0607,0.00051,0.17337
CVE-2023-0608,0.00051,0.17337
CVE-2023-0609,0.00051,0.17337
CVE-2023-0610,0.00051,0.17337
CVE-2023-0611,0.00053,0.18672
CVE-2023-0612,0.00055,0.20446
CVE-2023-0613,0.00053,0.18524
CVE-2023-0614,0.00069,0.28480
CVE-2023-0615,0.00042,0.05722
CVE-2023-0616,0.00046,0.13740
CVE-2023-0617,0.00053,0.18524
CVE-2023-0618,0.00053,0.18524
CVE-2023-0619,0.00048,0.14685
CVE-2023-0620,0.00043,0.06775
CVE-2023-0621,0.00053,0.18307
CVE-2023-0622,0.00053,0.18307
CVE-2023-0623,0.00053,0.18307
CVE-2023-0624,0.00053,0.18524
CVE-2023-0625,0.00093,0.39148
CVE-2023-0626,0.00093,0.39148
CVE-2023-0627,0.00042,0.05722
CVE-2023-0628,0.00053,0.19001
CVE-2023-0629,0.00043,0.06775
CVE-2023-0630,0.05275,0.92317
CVE-2023-0631,0.00050,0.16785
CVE-2023-0632,0.00046,0.13740
CVE-2023-0633,0.00042,0.05722
CVE-2023-0635,0.00091,0.38380
CVE-2023-0636,0.00075,0.31110
CVE-2023-0637,0.00072,0.29996
CVE-2023-0638,0.00071,0.29166
CVE-2023-0639,0.00050,0.16429
CVE-2023-0640,0.00651,0.77290
CVE-2023-0641,0.00075,0.30915
CVE-2023-0642,0.00053,0.18524
CVE-2023-0643,0.00053,0.18524
CVE-2023-0644,0.00046,0.13740
CVE-2023-0645,0.00114,0.44886
CVE-2023-0646,0.00060,0.23530
CVE-2023-0647,0.00060,0.23530
CVE-2023-0648,0.00060,0.23530
CVE-2023-0649,0.00060,0.23530
CVE-2023-0650,0.00073,0.30270
CVE-2023-0651,0.00073,0.30165
CVE-2023-0652,0.00042,0.05722
CVE-2023-0654,0.00045,0.11801
CVE-2023-0655,0.00070,0.28994
CVE-2023-0656,0.00137,0.49210
CVE-2023-0658,0.00094,0.39422
CVE-2023-0659,0.00094,0.39422
CVE-2023-0660,0.00045,0.11801
CVE-2023-0661,0.00052,0.18157
CVE-2023-0662,0.00046,0.13740
CVE-2023-0663,0.00071,0.29162
CVE-2023-0664,0.00042,0.05722
CVE-2023-0665,0.00046,0.13740
CVE-2023-0666,0.00069,0.28608
CVE-2023-0667,0.00089,0.37387
CVE-2023-0668,0.00068,0.28348
CVE-2023-0669,0.96821,0.99627
CVE-2023-0670,0.00092,0.38705
CVE-2023-0671,0.00068,0.28360
CVE-2023-0673,0.00089,0.37298
CVE-2023-0674,0.00061,0.23900
CVE-2023-0675,0.00075,0.30804
CVE-2023-0676,0.00053,0.18524
CVE-2023-0677,0.00053,0.18524
CVE-2023-0678,0.00053,0.18524
CVE-2023-0679,0.00073,0.30322
CVE-2023-0681,0.00046,0.13740
CVE-2023-0683,0.00048,0.14657
CVE-2023-0684,0.00056,0.21079
CVE-2023-0685,0.00142,0.49914
CVE-2023-0686,0.00089,0.37298
CVE-2023-0687,0.00073,0.30165
CVE-2023-0688,0.00064,0.26400
CVE-2023-0689,0.00051,0.17507
CVE-2023-0690,0.00043,0.06775
CVE-2023-0691,0.00051,0.17507
CVE-2023-0692,0.00051,0.17507
CVE-2023-0693,0.00051,0.17507
CVE-2023-0694,0.00051,0.17507
CVE-2023-0695,0.00045,0.11801
CVE-2023-0696,0.00096,0.40021
CVE-2023-0697,0.00086,0.35805
CVE-2023-0698,0.00080,0.33226
CVE-2023-0699,0.00096,0.39935
CVE-2023-0700,0.00086,0.35805
CVE-2023-0701,0.00096,0.40021
CVE-2023-0702,0.00096,0.40021
CVE-2023-0703,0.00096,0.40021
CVE-2023-0704,0.00084,0.34941
CVE-2023-0705,0.00096,0.40021
CVE-2023-0706,0.00058,0.22690
CVE-2023-0707,0.00071,0.29403
CVE-2023-0708,0.00051,0.17507
CVE-2023-0709,0.00051,0.17507
CVE-2023-0710,0.00045,0.11801
CVE-2023-0711,0.00056,0.21079
CVE-2023-0712,0.00056,0.21079
CVE-2023-0713,0.00056,0.21079
CVE-2023-0715,0.00056,0.21079
CVE-2023-0716,0.00056,0.21079
CVE-2023-0717,0.00056,0.21079
CVE-2023-0718,0.00056,0.21079
CVE-2023-0719,0.00056,0.21079
CVE-2023-0720,0.00056,0.21079
CVE-2023-0721,0.00063,0.25208
CVE-2023-0722,0.00070,0.28985
CVE-2023-0723,0.00070,0.28985
CVE-2023-0724,0.00070,0.28985
CVE-2023-0725,0.00070,0.28985
CVE-2023-0726,0.00070,0.28985
CVE-2023-0727,0.00070,0.28985
CVE-2023-0728,0.00070,0.28985
CVE-2023-0729,0.00065,0.26944
CVE-2023-0730,0.00070,0.28985
CVE-2023-0731,0.00048,0.14685
CVE-2023-0732,0.00050,0.16429
CVE-2023-0733,0.00069,0.28451
CVE-2023-0734,0.00053,0.18524
CVE-2023-0735,0.00054,0.19230
CVE-2023-0736,0.00051,0.17337
CVE-2023-0738,0.00046,0.13740
CVE-2023-0739,0.00056,0.21019
CVE-2023-0740,0.00056,0.21131
CVE-2023-0741,0.00056,0.21131
CVE-2023-0742,0.00056,0.21131
CVE-2023-0743,0.00056,0.21131
CVE-2023-0744,0.01982,0.87607
CVE-2023-0745,0.00109,0.43567
CVE-2023-0746,0.00046,0.13740
CVE-2023-0747,0.00051,0.17337
CVE-2023-0748,0.00053,0.18524
CVE-2023-0749,0.00049,0.14986
CVE-2023-0750,0.00091,0.38380
CVE-2023-0751,0.00052,0.17894
CVE-2023-0754,0.00108,0.43413
CVE-2023-0755,0.00127,0.47255
CVE-2023-0756,0.00360,0.69446
CVE-2023-0757,0.00155,0.51866
CVE-2023-0758,0.00073,0.30322
CVE-2023-0759,0.00056,0.21131
CVE-2023-0760,0.00050,0.16759
CVE-2023-0761,0.00046,0.13740
CVE-2023-0762,0.00046,0.13740
CVE-2023-0763,0.00046,0.13740
CVE-2023-0764,0.00045,0.11801
CVE-2023-0765,0.00050,0.16285
CVE-2023-0766,0.00087,0.36569
CVE-2023-0767,0.00066,0.27443
CVE-2023-0768,0.00050,0.16285
CVE-2023-0769,0.00046,0.13740
CVE-2023-0770,0.00050,0.16759
CVE-2023-0771,0.00056,0.21131
CVE-2023-0772,0.00049,0.14986
CVE-2023-0773,0.00078,0.32111
CVE-2023-0774,0.00061,0.24093
CVE-2023-0775,0.00044,0.10345
CVE-2023-0776,0.00146,0.50522
CVE-2023-0777,0.07913,0.93660
CVE-2023-0778,0.00050,0.16404
CVE-2023-0779,0.00047,0.13955
CVE-2023-0780,0.00053,0.18524
CVE-2023-0781,0.00071,0.29162
CVE-2023-0782,0.00069,0.28562
CVE-2023-0783,0.00071,0.29162
CVE-2023-0784,0.00071,0.29162
CVE-2023-0785,0.00060,0.23301
CVE-2023-0786,0.00051,0.17337
CVE-2023-0787,0.00051,0.17337
CVE-2023-0788,0.00076,0.31327
CVE-2023-0789,0.00101,0.41065
CVE-2023-0790,0.00056,0.21131
CVE-2023-0791,0.00048,0.14685
CVE-2023-0792,0.00063,0.25691
CVE-2023-0793,0.00056,0.21131
CVE-2023-0794,0.00048,0.14685
CVE-2023-0795,0.00045,0.12237
CVE-2023-0796,0.00045,0.12237
CVE-2023-0797,0.00042,0.05757
CVE-2023-0798,0.00045,0.12237
CVE-2023-0799,0.00048,0.14325
CVE-2023-0800,0.00048,0.14325
CVE-2023-0801,0.00048,0.14325
CVE-2023-0802,0.00048,0.14325
CVE-2023-0803,0.00048,0.14325
CVE-2023-0804,0.00048,0.14325
CVE-2023-0805,0.00080,0.33260
CVE-2023-0808,0.00050,0.16759
CVE-2023-0809,0.00044,0.10729
CVE-2023-0810,0.00051,0.17337
CVE-2023-0811,0.00048,0.14563
CVE-2023-0812,0.00084,0.34921
CVE-2023-0813,0.00064,0.26487
CVE-2023-0814,0.00052,0.18157
CVE-2023-0815,0.00052,0.18157
CVE-2023-0816,0.00046,0.13740
CVE-2023-0817,0.00053,0.19001
CVE-2023-0818,0.00044,0.08085
CVE-2023-0819,0.00050,0.16759
CVE-2023-0820,0.00087,0.36569
CVE-2023-0821,0.00053,0.18614
CVE-2023-0822,0.00058,0.22690
CVE-2023-0823,0.00045,0.11801
CVE-2023-0824,0.00048,0.14563
CVE-2023-0827,0.00073,0.30140
CVE-2023-0828,0.00046,0.13740
CVE-2023-0829,0.00050,0.16285
CVE-2023-0830,0.01257,0.84165
CVE-2023-0831,0.00052,0.17889
CVE-2023-0832,0.00052,0.17889
CVE-2023-0833,0.00045,0.12069
CVE-2023-0834,0.00091,0.38380
CVE-2023-0835,0.00084,0.34859
CVE-2023-0836,0.00087,0.36261
CVE-2023-0837,0.00043,0.06775
CVE-2023-0838,0.00052,0.17717
CVE-2023-0839,0.00091,0.38380
CVE-2023-0840,0.00057,0.21448
CVE-2023-0841,0.00071,0.29162
CVE-2023-0842,0.00046,0.13740
CVE-2023-0844,0.00045,0.11801
CVE-2023-0845,0.00059,0.22958
CVE-2023-0846,0.00050,0.16429
CVE-2023-0847,0.00215,0.59533
CVE-2023-0848,0.00066,0.27493
CVE-2023-0849,0.00150,0.51226
CVE-2023-0850,0.00062,0.24785
CVE-2023-0851,0.00218,0.59818
CVE-2023-0852,0.00096,0.39923
CVE-2023-0853,0.00096,0.39923
CVE-2023-0854,0.00218,0.59818
CVE-2023-0855,0.00096,0.39923
CVE-2023-0856,0.00096,0.39923
CVE-2023-0857,0.00054,0.19372
CVE-2023-0858,0.00052,0.17638
CVE-2023-0859,0.00052,0.17638
CVE-2023-0860,0.00053,0.18524
CVE-2023-0861,0.00083,0.34509
CVE-2023-0862,0.00087,0.35911
CVE-2023-0863,0.00056,0.21062
CVE-2023-0864,0.00044,0.10345
CVE-2023-0865,0.00050,0.16785
CVE-2023-0866,0.00050,0.16759
CVE-2023-0867,0.00050,0.16429
CVE-2023-0868,0.00050,0.16429
CVE-2023-0869,0.00050,0.16429
CVE-2023-0870,0.00043,0.06775
CVE-2023-0871,0.00044,0.10345
CVE-2023-0872,0.00043,0.06775
CVE-2023-0873,0.00045,0.11801
CVE-2023-0874,0.00045,0.11801
CVE-2023-0875,0.00050,0.16785
CVE-2023-0876,0.00046,0.13740
CVE-2023-0877,0.00068,0.28360
CVE-2023-0878,0.00053,0.18524
CVE-2023-0879,0.00051,0.17337
CVE-2023-0880,0.00051,0.17337
CVE-2023-0882,0.00058,0.22690
CVE-2023-0883,0.00073,0.30322
CVE-2023-0887,0.00043,0.06775
CVE-2023-0888,0.00049,0.15831
CVE-2023-0889,0.00046,0.12619
CVE-2023-0890,0.00049,0.14986
CVE-2023-0891,0.00045,0.11801
CVE-2023-0892,0.00045,0.11801
CVE-2023-0893,0.00045,0.11801
CVE-2023-0894,0.00045,0.11801
CVE-2023-0895,0.00052,0.18157
CVE-2023-0896,0.00053,0.18549
CVE-2023-0897,0.00091,0.38380
CVE-2023-0898,0.00042,0.00438
CVE-2023-0899,0.00046,0.13740
CVE-2023-0900,0.01339,0.84700
CVE-2023-0901,0.00053,0.18524
CVE-2023-0902,0.00205,0.58509
CVE-2023-0903,0.00075,0.30804
CVE-2023-0904,0.00075,0.31119
CVE-2023-0905,0.00272,0.64675
CVE-2023-0906,0.00105,0.42673
CVE-2023-0907,0.00042,0.05722
CVE-2023-0908,0.00042,0.05722
CVE-2023-0909,0.00042,0.05722
CVE-2023-0910,0.00089,0.37298
CVE-2023-0911,0.00049,0.14986
CVE-2023-0912,0.00069,0.28685
CVE-2023-0913,0.00069,0.28685
CVE-2023-0914,0.00053,0.18524
CVE-2023-0915,0.00075,0.31119
CVE-2023-0916,0.00729,0.78766
CVE-2023-0917,0.00071,0.29162
CVE-2023-0918,0.00073,0.30322
CVE-2023-0919,0.00051,0.17337
CVE-2023-0921,0.00051,0.17234
CVE-2023-0922,0.00073,0.30260
CVE-2023-0923,0.00068,0.28208
CVE-2023-0924,0.00050,0.16285
CVE-2023-0925,0.00080,0.33310
CVE-2023-0927,0.00096,0.39935
CVE-2023-0928,0.00096,0.39935
CVE-2023-0929,0.00096,0.39935
CVE-2023-0930,0.00096,0.40021
CVE-2023-0931,0.00096,0.39935
CVE-2023-0932,0.00096,0.39935
CVE-2023-0933,0.00096,0.40021
CVE-2023-0934,0.00051,0.17337
CVE-2023-0935,0.00333,0.68264
CVE-2023-0936,0.00052,0.17543
CVE-2023-0937,0.00046,0.13740
CVE-2023-0938,0.00093,0.39145
CVE-2023-0939,0.00089,0.37298
CVE-2023-0940,0.00050,0.16785
CVE-2023-0941,0.00096,0.39935
CVE-2023-0942,0.00384,0.70398
CVE-2023-0943,0.00419,0.71572
CVE-2023-0944,0.00045,0.11801
CVE-2023-0945,0.00048,0.14685
CVE-2023-0946,0.00089,0.37298
CVE-2023-0947,0.01353,0.84790
CVE-2023-0948,0.00071,0.29251
CVE-2023-0949,0.00051,0.17337
CVE-2023-0950,0.00050,0.16759
CVE-2023-0951,0.00058,0.22690
CVE-2023-0952,0.00052,0.18157
CVE-2023-0953,0.00058,0.22690
CVE-2023-0954,0.00091,0.38380
CVE-2023-0955,0.00054,0.19122
CVE-2023-0956,0.00076,0.31380
CVE-2023-0957,0.00145,0.50318
CVE-2023-0958,0.00096,0.39786
CVE-2023-0959,0.00074,0.30741
CVE-2023-0960,0.00071,0.29385
CVE-2023-0961,0.00129,0.47680
CVE-2023-0962,0.00108,0.43338
CVE-2023-0963,0.01096,0.82902
CVE-2023-0964,0.00107,0.43059
CVE-2023-0965,0.00087,0.36261
CVE-2023-0966,0.00071,0.29162
CVE-2023-0967,0.00049,0.14986
CVE-2023-0968,0.00239,0.62042
CVE-2023-0969,0.00043,0.06775
CVE-2023-0970,0.00055,0.20747
CVE-2023-0971,0.00046,0.13766
CVE-2023-0972,0.00055,0.20747
CVE-2023-0973,0.00047,0.14186
CVE-2023-0975,0.00053,0.18549
CVE-2023-0976,0.00054,0.19363
CVE-2023-0977,0.00065,0.26805
CVE-2023-0978,0.00042,0.05722
CVE-2023-0979,0.00076,0.31600
CVE-2023-0980,0.00107,0.43059
CVE-2023-0981,0.00107,0.43059
CVE-2023-0982,0.00107,0.43059
CVE-2023-0983,0.00046,0.13740
CVE-2023-0985,0.00109,0.43531
CVE-2023-0986,0.00107,0.43059
CVE-2023-0987,0.00058,0.21980
CVE-2023-0988,0.00113,0.44635
CVE-2023-0989,0.00067,0.27630
CVE-2023-0992,0.00065,0.26944
CVE-2023-0993,0.00051,0.17507
CVE-2023-0994,0.00094,0.39402
CVE-2023-0995,0.00051,0.17337
CVE-2023-0996,0.00154,0.51655
CVE-2023-0997,0.00103,0.41577
CVE-2023-0998,0.00099,0.40612
CVE-2023-0999,0.00113,0.44635
CVE-2023-1002,0.00142,0.49920
CVE-2023-1003,0.00052,0.18022
CVE-2023-1004,0.00052,0.18022
CVE-2023-1005,0.00052,0.18022
CVE-2023-1006,0.00060,0.23599
CVE-2023-1007,0.00042,0.05722
CVE-2023-1008,0.00042,0.05722
CVE-2023-1009,0.00045,0.12069
CVE-2023-1010,0.00044,0.08085
CVE-2023-1011,0.00046,0.13740
CVE-2023-1013,0.00046,0.13740
CVE-2023-1014,0.00087,0.36261
CVE-2023-1016,0.00050,0.16285
CVE-2023-1017,0.00044,0.08093
CVE-2023-1018,0.00045,0.12313
CVE-2023-1019,0.00045,0.11801
CVE-2023-1020,0.16196,0.95508
CVE-2023-1021,0.00045,0.11801
CVE-2023-1022,0.00056,0.20778
CVE-2023-1023,0.00056,0.20778
CVE-2023-1024,0.00056,0.20778
CVE-2023-1025,0.00045,0.11801
CVE-2023-1026,0.00056,0.20778
CVE-2023-1027,0.00056,0.20778
CVE-2023-1028,0.00070,0.29071
CVE-2023-1029,0.00052,0.17889
CVE-2023-1030,0.00070,0.28856
CVE-2023-1031,0.00108,0.43389
CVE-2023-1032,0.00042,0.05722
CVE-2023-1033,0.00064,0.26495
CVE-2023-1034,0.00056,0.21131
CVE-2023-1035,0.00075,0.30804
CVE-2023-1036,0.00070,0.28856
CVE-2023-1037,0.00096,0.39885
CVE-2023-1038,0.00096,0.39885
CVE-2023-1039,0.00075,0.30804
CVE-2023-1040,0.00073,0.30322
CVE-2023-1041,0.00060,0.23301
CVE-2023-1042,0.00060,0.23301
CVE-2023-1043,0.00058,0.22631
CVE-2023-1044,0.00066,0.27284
CVE-2023-1045,0.00055,0.20415
CVE-2023-1046,0.00075,0.30804
CVE-2023-1047,0.00042,0.05722
CVE-2023-1048,0.00042,0.05722
CVE-2023-1049,0.00045,0.12491
CVE-2023-1050,0.00076,0.31600
CVE-2023-1051,0.00046,0.13740
CVE-2023-1053,0.00089,0.37298
CVE-2023-1054,0.00089,0.37298
CVE-2023-1055,0.00043,0.06775
CVE-2023-1056,0.00075,0.30804
CVE-2023-1057,0.00075,0.30804
CVE-2023-1058,0.00075,0.30804
CVE-2023-1059,0.00075,0.30804
CVE-2023-1060,0.00046,0.13740
CVE-2023-1061,0.00075,0.30804
CVE-2023-1062,0.00075,0.30804
CVE-2023-1063,0.00075,0.30804
CVE-2023-1064,0.00089,0.37298
CVE-2023-1065,0.00058,0.22658
CVE-2023-1067,0.00073,0.30140
CVE-2023-1068,0.00056,0.21163
CVE-2023-1069,0.00045,0.11801
CVE-2023-1070,0.00051,0.17249
CVE-2023-1071,0.00045,0.11801
CVE-2023-1072,0.00046,0.13740
CVE-2023-1073,0.00042,0.05722
CVE-2023-1074,0.00042,0.05722
CVE-2023-1075,0.00043,0.06775
CVE-2023-1076,0.00045,0.12312
CVE-2023-1077,0.00042,0.05722
CVE-2023-1078,0.00042,0.05722
CVE-2023-1079,0.00050,0.16759
CVE-2023-1080,0.00239,0.62042
CVE-2023-1081,0.00048,0.14685
CVE-2023-1084,0.00052,0.17717
CVE-2023-1086,0.00046,0.13740
CVE-2023-1087,0.00046,0.13740
CVE-2023-1088,0.00046,0.13740
CVE-2023-1089,0.00046,0.13740
CVE-2023-1090,0.00045,0.11801
CVE-2023-1091,0.00103,0.41771
CVE-2023-1092,0.00055,0.20448
CVE-2023-1093,0.00048,0.14563
CVE-2023-1094,0.00108,0.43389
CVE-2023-1095,0.00043,0.06775
CVE-2023-1096,0.00147,0.50724
CVE-2023-1097,0.00124,0.46791
CVE-2023-1098,0.00077,0.32068
CVE-2023-1099,0.00073,0.30322
CVE-2023-1100,0.00071,0.29162
CVE-2023-1101,0.00052,0.17593
CVE-2023-1104,0.00051,0.17337
CVE-2023-1105,0.00050,0.16472
CVE-2023-1106,0.00052,0.17557
CVE-2023-1107,0.00050,0.16476
CVE-2023-1108,0.00125,0.47074
CVE-2023-1109,0.00049,0.15925
CVE-2023-1110,0.00045,0.11801
CVE-2023-1112,0.00073,0.30381
CVE-2023-1113,0.00058,0.22631
CVE-2023-1114,0.00105,0.42673
CVE-2023-1115,0.00073,0.30140
CVE-2023-1116,0.00073,0.30140
CVE-2023-1117,0.00073,0.30140
CVE-2023-1118,0.00042,0.05722
CVE-2023-1119,0.00046,0.13740
CVE-2023-1120,0.00045,0.11801
CVE-2023-1121,0.00045,0.11801
CVE-2023-1122,0.00045,0.11801
CVE-2023-1124,0.00050,0.16285
CVE-2023-1125,0.00046,0.12619
CVE-2023-1126,0.00045,0.11801
CVE-2023-1127,0.00050,0.16759
CVE-2023-1129,0.00046,0.12619
CVE-2023-1130,0.00205,0.58569
CVE-2023-1131,0.00113,0.44651
CVE-2023-1132,0.00087,0.36261
CVE-2023-1133,0.06081,0.92810
CVE-2023-1134,0.00142,0.49943
CVE-2023-1135,0.00051,0.17025
CVE-2023-1136,0.00487,0.73541
CVE-2023-1137,0.00094,0.39384
CVE-2023-1138,0.00169,0.53896
CVE-2023-1139,0.00295,0.66137
CVE-2023-1140,0.00390,0.70616
CVE-2023-1141,0.00124,0.46775
CVE-2023-1142,0.00172,0.54271
CVE-2023-1143,0.00140,0.49666
CVE-2023-1144,0.00094,0.39384
CVE-2023-1145,0.00084,0.34822
CVE-2023-1146,0.00051,0.17337
CVE-2023-1147,0.00051,0.17337
CVE-2023-1148,0.00051,0.17337
CVE-2023-1149,0.00051,0.17337
CVE-2023-1150,0.00086,0.35599
CVE-2023-1151,0.00071,0.29162
CVE-2023-1152,0.00076,0.31600
CVE-2023-1153,0.00103,0.41771
CVE-2023-1154,0.00046,0.13740
CVE-2023-1155,0.00048,0.14685
CVE-2023-1156,0.00060,0.23271
CVE-2023-1157,0.00044,0.08011
CVE-2023-1158,0.00045,0.11801
CVE-2023-1159,0.00045,0.11801
CVE-2023-1160,0.00043,0.06775
CVE-2023-1161,0.00049,0.15813
CVE-2023-1162,0.00116,0.45339
CVE-2023-1163,0.00100,0.40847
CVE-2023-1164,0.00042,0.05722
CVE-2023-1165,0.00103,0.41577
CVE-2023-1166,0.00045,0.11801
CVE-2023-1167,0.00046,0.13740
CVE-2023-1168,0.00092,0.38878
CVE-2023-1169,0.00053,0.18547
CVE-2023-1170,0.00044,0.08085
CVE-2023-1172,0.00052,0.17889
CVE-2023-1174,0.00091,0.38380
CVE-2023-1175,0.00046,0.13797
CVE-2023-1176,0.00043,0.06775
CVE-2023-1177,0.02668,0.89393
CVE-2023-1178,0.00053,0.18907
CVE-2023-1179,0.00058,0.21980
CVE-2023-1180,0.00070,0.28895
CVE-2023-1181,0.00051,0.17337
CVE-2023-1183,0.00047,0.14033
CVE-2023-1184,0.00115,0.45184
CVE-2023-1185,0.00115,0.45184
CVE-2023-1186,0.00042,0.05722
CVE-2023-1187,0.00042,0.05722
CVE-2023-1188,0.00042,0.05722
CVE-2023-1189,0.00042,0.05722
CVE-2023-1190,0.00050,0.16759
CVE-2023-1191,0.00097,0.40192
CVE-2023-1192,0.00050,0.16044
CVE-2023-1193,0.00050,0.16044
CVE-2023-1194,0.00066,0.27226
CVE-2023-1195,0.00043,0.06775
CVE-2023-1196,0.00055,0.20413
CVE-2023-1197,0.00045,0.11801
CVE-2023-1198,0.00076,0.31600
CVE-2023-1200,0.00051,0.17093
CVE-2023-1201,0.00049,0.14986
CVE-2023-1202,0.00046,0.12619
CVE-2023-1203,0.00049,0.14986
CVE-2023-1204,0.00052,0.17717
CVE-2023-1205,0.00058,0.21913
CVE-2023-1206,0.00042,0.05722
CVE-2023-1207,0.00050,0.16285
CVE-2023-1208,0.00150,0.51224
CVE-2023-1209,0.00045,0.11801
CVE-2023-1210,0.00045,0.11801
CVE-2023-1211,0.00050,0.16785
CVE-2023-1212,0.00045,0.11801
CVE-2023-1213,0.00062,0.24620
CVE-2023-1214,0.00062,0.24811
CVE-2023-1215,0.00062,0.24811
CVE-2023-1216,0.00062,0.24620
CVE-2023-1217,0.00062,0.24519
CVE-2023-1218,0.00068,0.28340
CVE-2023-1219,0.00083,0.34376
CVE-2023-1220,0.00083,0.34376
CVE-2023-1221,0.00046,0.13740
CVE-2023-1222,0.00062,0.24811
CVE-2023-1223,0.00059,0.22968
CVE-2023-1224,0.00057,0.21391
CVE-2023-1225,0.00057,0.21391
CVE-2023-1226,0.00059,0.23160
CVE-2023-1227,0.00062,0.24620
CVE-2023-1228,0.00057,0.21391
CVE-2023-1229,0.00057,0.21391
CVE-2023-1230,0.00046,0.13740
CVE-2023-1231,0.00059,0.22968
CVE-2023-1232,0.00059,0.22968
CVE-2023-1233,0.00046,0.13740
CVE-2023-1234,0.00059,0.22968
CVE-2023-1235,0.00059,0.22968
CVE-2023-1236,0.00059,0.22968
CVE-2023-1237,0.00045,0.11801
CVE-2023-1238,0.00045,0.11801
CVE-2023-1239,0.00045,0.11801
CVE-2023-1240,0.00045,0.11801
CVE-2023-1241,0.00045,0.11801
CVE-2023-1242,0.00045,0.11801
CVE-2023-1243,0.00045,0.11801
CVE-2023-1244,0.00045,0.11801
CVE-2023-1245,0.00045,0.11801
CVE-2023-1246,0.00087,0.36261
CVE-2023-1248,0.00046,0.13740
CVE-2023-1249,0.00042,0.05722
CVE-2023-1250,0.00042,0.05722
CVE-2023-1251,0.00076,0.31600
CVE-2023-1252,0.00042,0.05722
CVE-2023-1253,0.00063,0.25553
CVE-2023-1254,0.00051,0.17093
CVE-2023-1255,0.00066,0.27287
CVE-2023-1256,0.00102,0.41513
CVE-2023-1257,0.00053,0.18860
CVE-2023-1258,0.05214,0.92278
CVE-2023-1259,0.00045,0.11801
CVE-2023-1260,0.00277,0.64950
CVE-2023-1261,0.00046,0.13740
CVE-2023-1262,0.00046,0.13740
CVE-2023-1263,0.00254,0.63285
CVE-2023-1264,0.00044,0.08085
CVE-2023-1265,0.00077,0.32068
CVE-2023-1267,0.00076,0.31600
CVE-2023-1269,0.00087,0.36569
CVE-2023-1270,0.00045,0.11801
CVE-2023-1273,0.00050,0.16285
CVE-2023-1274,0.00049,0.14986
CVE-2023-1275,0.00052,0.17989
CVE-2023-1276,0.00067,0.27684
CVE-2023-1277,0.00046,0.12693
CVE-2023-1278,0.00052,0.17989
CVE-2023-1279,0.00046,0.13740
CVE-2023-1281,0.00042,0.05722
CVE-2023-1282,0.00046,0.13740
CVE-2023-1283,0.00090,0.37757
CVE-2023-1285,0.00081,0.33789
CVE-2023-1286,0.00045,0.11974
CVE-2023-1287,0.00286,0.65594
CVE-2023-1288,0.00087,0.36261
CVE-2023-1289,0.00079,0.32934
CVE-2023-1290,0.00068,0.28208
CVE-2023-1291,0.00068,0.28208
CVE-2023-1292,0.00068,0.28208
CVE-2023-1293,0.00063,0.25553
CVE-2023-1294,0.00068,0.28208
CVE-2023-1295,0.00042,0.05722
CVE-2023-1296,0.00046,0.13740
CVE-2023-1297,0.00046,0.13740
CVE-2023-1298,0.00046,0.13740
CVE-2023-1299,0.00050,0.16785
CVE-2023-1300,0.00063,0.25553
CVE-2023-1301,0.00063,0.25553
CVE-2023-1302,0.00052,0.17989
CVE-2023-1303,0.00249,0.62954
CVE-2023-1304,0.00049,0.15831
CVE-2023-1305,0.00050,0.16404
CVE-2023-1306,0.00065,0.26505
CVE-2023-1307,0.00087,0.36569
CVE-2023-1308,0.00063,0.25553
CVE-2023-1309,0.00063,0.25553
CVE-2023-1310,0.00063,0.25553
CVE-2023-1311,0.00063,0.25553
CVE-2023-1312,0.00067,0.27865
CVE-2023-1313,0.00050,0.16785
CVE-2023-1314,0.00042,0.05722
CVE-2023-1315,0.00045,0.11801
CVE-2023-1316,0.00045,0.11801
CVE-2023-1317,0.00045,0.11801
CVE-2023-1318,0.00045,0.11801
CVE-2023-1319,0.00045,0.11801
CVE-2023-1320,0.00046,0.13740
CVE-2023-1321,0.00076,0.31600
CVE-2023-1322,0.00076,0.31600
CVE-2023-1323,0.00045,0.11801
CVE-2023-1324,0.00046,0.13740
CVE-2023-1325,0.00045,0.11801
CVE-2023-1326,0.00042,0.05722
CVE-2023-1327,0.00102,0.41513
CVE-2023-1328,0.00067,0.27684
CVE-2023-1329,0.00217,0.59759
CVE-2023-1330,0.00048,0.14563
CVE-2023-1331,0.00048,0.14563
CVE-2023-1333,0.00045,0.11801
CVE-2023-1334,0.00045,0.11801
CVE-2023-1335,0.00045,0.11801
CVE-2023-1336,0.00045,0.11801
CVE-2023-1337,0.00045,0.11801
CVE-2023-1338,0.00045,0.11801
CVE-2023-1339,0.00045,0.11801
CVE-2023-1340,0.00052,0.17889
CVE-2023-1341,0.00052,0.17889
CVE-2023-1342,0.00052,0.17889
CVE-2023-1343,0.00052,0.17889
CVE-2023-1344,0.00052,0.17889
CVE-2023-1345,0.00052,0.17889
CVE-2023-1346,0.00052,0.17889
CVE-2023-1347,0.00050,0.16285
CVE-2023-1349,0.00104,0.42354
CVE-2023-1350,0.00110,0.43921
CVE-2023-1351,0.00077,0.31941
CVE-2023-1352,0.00077,0.31941
CVE-2023-1353,0.00052,0.17989
CVE-2023-1354,0.00052,0.17989
CVE-2023-1355,0.00044,0.08085
CVE-2023-1356,0.00046,0.13740
CVE-2023-1357,0.00076,0.31600
CVE-2023-1358,0.00063,0.25553
CVE-2023-1359,0.00051,0.17093
CVE-2023-1360,0.00063,0.25738
CVE-2023-1361,0.00049,0.14986
CVE-2023-1362,0.00296,0.66244
CVE-2023-1363,0.00051,0.17093
CVE-2023-1364,0.00064,0.26393
CVE-2023-1365,0.00064,0.26393
CVE-2023-1366,0.00067,0.27684
CVE-2023-1367,0.00045,0.11801
CVE-2023-1368,0.00063,0.25553
CVE-2023-1369,0.00042,0.05722
CVE-2023-1370,0.00046,0.13740
CVE-2023-1371,0.00049,0.14986
CVE-2023-1372,0.00052,0.17989
CVE-2023-1373,0.00046,0.13740
CVE-2023-1374,0.00051,0.17093
CVE-2023-1375,0.00051,0.17507
CVE-2023-1377,0.00046,0.13740
CVE-2023-1378,0.00063,0.25553
CVE-2023-1379,0.00068,0.28208
CVE-2023-1380,0.00042,0.05722
CVE-2023-1381,0.00124,0.46750
CVE-2023-1382,0.00043,0.06775
CVE-2023-1383,0.00044,0.10345
CVE-2023-1384,0.00046,0.13740
CVE-2023-1385,0.00053,0.19001
CVE-2023-1386,0.00042,0.05722
CVE-2023-1387,0.00085,0.35305
CVE-2023-1388,0.00068,0.28016
CVE-2023-1389,0.05011,0.92128
CVE-2023-1390,0.00121,0.46286
CVE-2023-1391,0.00063,0.25553
CVE-2023-1392,0.00063,0.25553
CVE-2023-1393,0.00045,0.12491
CVE-2023-1394,0.00063,0.25553
CVE-2023-1395,0.00052,0.17770
CVE-2023-1396,0.00052,0.17770
CVE-2023-1397,0.00052,0.17770
CVE-2023-1398,0.00093,0.38965
CVE-2023-1399,0.00285,0.65488
CVE-2023-1400,0.00045,0.11801
CVE-2023-1401,0.00045,0.11801
CVE-2023-1402,0.00045,0.11801
CVE-2023-1403,0.00045,0.11801
CVE-2023-1404,0.00045,0.11801
CVE-2023-1405,0.00048,0.14563
CVE-2023-1406,0.00107,0.43009
CVE-2023-1407,0.00067,0.27684
CVE-2023-1408,0.00947,0.81513
CVE-2023-1409,0.00054,0.19490
CVE-2023-1410,0.00051,0.17093
CVE-2023-1412,0.00042,0.05722
CVE-2023-1413,0.00046,0.13740
CVE-2023-1414,0.00045,0.11801
CVE-2023-1415,0.00067,0.27684
CVE-2023-1416,0.00068,0.28208
CVE-2023-1417,0.00052,0.17717
CVE-2023-1418,0.00052,0.17989
CVE-2023-1420,0.00046,0.13740
CVE-2023-1421,0.00046,0.13740
CVE-2023-1424,0.00516,0.74306
CVE-2023-1425,0.00050,0.16285
CVE-2023-1426,0.00049,0.14986
CVE-2023-1427,0.00046,0.12619
CVE-2023-1428,0.00046,0.13740
CVE-2023-1429,0.00090,0.37876
CVE-2023-1430,0.00052,0.17889
CVE-2023-1431,0.00052,0.17889
CVE-2023-1432,0.00091,0.38380
CVE-2023-1433,0.00072,0.29671
CVE-2023-1435,0.00046,0.13740
CVE-2023-1436,0.00046,0.13740
CVE-2023-1437,0.00089,0.37448
CVE-2023-1439,0.00077,0.31941
CVE-2023-1440,0.00083,0.34239
CVE-2023-1441,0.00077,0.31941
CVE-2023-1442,0.00101,0.41147
CVE-2023-1443,0.00362,0.69511
CVE-2023-1444,0.00092,0.38733
CVE-2023-1445,0.00060,0.23520
CVE-2023-1446,0.00060,0.23520
CVE-2023-1447,0.00056,0.20802
CVE-2023-1448,0.00052,0.18062
CVE-2023-1449,0.00042,0.05722
CVE-2023-1450,0.00060,0.23520
CVE-2023-1451,0.00060,0.23520
CVE-2023-1452,0.00052,0.18062
CVE-2023-1453,0.00042,0.05722
CVE-2023-1454,0.03944,0.91159
CVE-2023-1455,0.00090,0.37725
CVE-2023-1456,0.00090,0.37766
CVE-2023-1457,0.00090,0.37766
CVE-2023-1458,0.00105,0.42420
CVE-2023-1459,0.00077,0.31941
CVE-2023-1460,0.00168,0.53535
CVE-2023-1461,0.00077,0.31941
CVE-2023-1462,0.00050,0.16785
CVE-2023-1463,0.00044,0.10862
CVE-2023-1464,0.00168,0.53535
CVE-2023-1465,0.00046,0.13740
CVE-2023-1466,0.00090,0.37725
CVE-2023-1467,0.00113,0.44653
CVE-2023-1468,0.00090,0.37725
CVE-2023-1469,0.00045,0.11801
CVE-2023-1470,0.00045,0.11801
CVE-2023-1471,0.00064,0.26400
CVE-2023-1472,0.00052,0.17889
CVE-2023-1473,0.00046,0.13740
CVE-2023-1474,0.00077,0.31941
CVE-2023-1475,0.00077,0.31941
CVE-2023-1476,0.00042,0.05722
CVE-2023-1477,0.00050,0.16285
CVE-2023-1478,0.00106,0.42831
CVE-2023-1479,0.00063,0.25553
CVE-2023-1480,0.00063,0.25553
CVE-2023-1481,0.00052,0.17770
CVE-2023-1482,0.00091,0.38446
CVE-2023-1483,0.00063,0.25553
CVE-2023-1484,0.00068,0.28208
CVE-2023-1485,0.00052,0.17770
CVE-2023-1486,0.00042,0.05722
CVE-2023-1487,0.00042,0.05722
CVE-2023-1488,0.00042,0.05722
CVE-2023-1489,0.00042,0.05722
CVE-2023-1490,0.00045,0.12069
CVE-2023-1491,0.00045,0.12069
CVE-2023-1492,0.00042,0.05722
CVE-2023-1493,0.00042,0.05722
CVE-2023-1494,0.00063,0.25553
CVE-2023-1495,0.00074,0.30490
CVE-2023-1496,0.00077,0.31887
CVE-2023-1497,0.00063,0.25553
CVE-2023-1498,0.00063,0.25553
CVE-2023-1499,0.00063,0.25553
CVE-2023-1500,0.00052,0.17989
CVE-2023-1501,0.00067,0.27684
CVE-2023-1502,0.00100,0.40975
CVE-2023-1503,0.00100,0.40975
CVE-2023-1504,0.00100,0.40975
CVE-2023-1505,0.00100,0.40975
CVE-2023-1506,0.00076,0.31600
CVE-2023-1507,0.00046,0.13740
CVE-2023-1508,0.00076,0.31600
CVE-2023-1509,0.00263,0.64038
CVE-2023-1513,0.00045,0.12069
CVE-2023-1514,0.00048,0.14563
CVE-2023-1515,0.00090,0.37876
CVE-2023-1516,0.00042,0.00438
CVE-2023-1517,0.00067,0.27865
CVE-2023-1518,0.00087,0.36261
CVE-2023-1522,0.00050,0.16285
CVE-2023-1523,0.00064,0.26496
CVE-2023-1524,0.00049,0.14986
CVE-2023-1525,0.00045,0.11801
CVE-2023-1526,0.00052,0.18120
CVE-2023-1527,0.00045,0.11801
CVE-2023-1528,0.00162,0.52853
CVE-2023-1529,0.00172,0.54449
CVE-2023-1530,0.00162,0.52853
CVE-2023-1531,0.00213,0.59362
CVE-2023-1532,0.00173,0.54548
CVE-2023-1533,0.00136,0.48894
CVE-2023-1534,0.00171,0.54145
CVE-2023-1535,0.00045,0.11801
CVE-2023-1536,0.00045,0.11801
CVE-2023-1537,0.00087,0.36569
CVE-2023-1538,0.00046,0.13740
CVE-2023-1539,0.00046,0.13740
CVE-2023-1540,0.00046,0.13740
CVE-2023-1541,0.00044,0.10862
CVE-2023-1542,0.00044,0.10862
CVE-2023-1543,0.00087,0.36569
CVE-2023-1544,0.00044,0.08085
CVE-2023-1545,0.00073,0.30355
CVE-2023-1546,0.00071,0.29228
CVE-2023-1547,0.00103,0.41771
CVE-2023-1548,0.00045,0.11807
CVE-2023-1549,0.00050,0.16285
CVE-2023-1550,0.00042,0.05722
CVE-2023-1552,0.00055,0.20747
CVE-2023-1554,0.00045,0.11801
CVE-2023-1555,0.00045,0.11801
CVE-2023-1556,0.00063,0.25553
CVE-2023-1557,0.00091,0.38380
CVE-2023-1558,0.00063,0.25553
CVE-2023-1559,0.00067,0.27684
CVE-2023-1560,0.00044,0.08011
CVE-2023-1561,0.00063,0.25553
CVE-2023-1562,0.00045,0.11801
CVE-2023-1563,0.00063,0.25553
CVE-2023-1564,0.00063,0.25553
CVE-2023-1565,0.00051,0.17093
CVE-2023-1566,0.00055,0.20387
CVE-2023-1567,0.00052,0.17989
CVE-2023-1568,0.00051,0.17093
CVE-2023-1569,0.00045,0.11801
CVE-2023-1570,0.00045,0.11984
CVE-2023-1571,0.00063,0.25553
CVE-2023-1572,0.00050,0.16761
CVE-2023-1573,0.00052,0.17598
CVE-2023-1574,0.00049,0.14986
CVE-2023-1575,0.00045,0.11801
CVE-2023-1578,0.00050,0.16785
CVE-2023-1579,0.00050,0.16759
CVE-2023-1580,0.00046,0.13740
CVE-2023-1582,0.00042,0.05722
CVE-2023-1583,0.00043,0.06775
CVE-2023-1584,0.00060,0.23687
CVE-2023-1585,0.00043,0.06775
CVE-2023-1586,0.00043,0.06775
CVE-2023-1587,0.00043,0.06775
CVE-2023-1589,0.00077,0.31941
CVE-2023-1590,0.00077,0.31941
CVE-2023-1591,0.00090,0.37725
CVE-2023-1592,0.00090,0.37725
CVE-2023-1593,0.00056,0.20802
CVE-2023-1594,0.00077,0.31941
CVE-2023-1595,0.00083,0.34239
CVE-2023-1596,0.00046,0.13740
CVE-2023-1597,0.00183,0.55702
CVE-2023-1602,0.00051,0.17507
CVE-2023-1603,0.00046,0.12619
CVE-2023-1605,0.00046,0.13740
CVE-2023-1606,0.00063,0.25553
CVE-2023-1607,0.00067,0.27684
CVE-2023-1608,0.00063,0.25553
CVE-2023-1609,0.00051,0.17093
CVE-2023-1610,0.00063,0.25553
CVE-2023-1611,0.00042,0.05722
CVE-2023-1612,0.00068,0.28208
CVE-2023-1613,0.00052,0.17770
CVE-2023-1614,0.00045,0.11801
CVE-2023-1615,0.00061,0.24039
CVE-2023-1616,0.00051,0.17093
CVE-2023-1617,0.00091,0.38380
CVE-2023-1618,0.00112,0.44297
CVE-2023-1619,0.00071,0.29353
CVE-2023-1620,0.00071,0.29353
CVE-2023-1621,0.00053,0.18907
CVE-2023-1623,0.00084,0.34859
CVE-2023-1624,0.00048,0.14563
CVE-2023-1625,0.00066,0.27227
CVE-2023-1626,0.00042,0.05722
CVE-2023-1627,0.00042,0.05722
CVE-2023-1628,0.00042,0.05722
CVE-2023-1629,0.00042,0.05722
CVE-2023-1630,0.00042,0.05722
CVE-2023-1631,0.00042,0.05722
CVE-2023-1633,0.00042,0.05722
CVE-2023-1634,0.00063,0.25553
CVE-2023-1635,0.00052,0.17770
CVE-2023-1636,0.00045,0.11801
CVE-2023-1637,0.00042,0.05722
CVE-2023-1638,0.00042,0.05722
CVE-2023-1639,0.00042,0.05722
CVE-2023-1640,0.00042,0.05722
CVE-2023-1641,0.00042,0.05722
CVE-2023-1642,0.00042,0.05722
CVE-2023-1643,0.00042,0.05722
CVE-2023-1644,0.00042,0.05722
CVE-2023-1645,0.00042,0.05722
CVE-2023-1646,0.00042,0.05722
CVE-2023-1647,0.00050,0.16785
CVE-2023-1649,0.00045,0.11801
CVE-2023-1650,0.00105,0.42465
CVE-2023-1651,0.00045,0.11801
CVE-2023-1652,0.00042,0.05722
CVE-2023-1654,0.00042,0.05722
CVE-2023-1655,0.00053,0.19001
CVE-2023-1656,0.00087,0.36261
CVE-2023-1660,0.00069,0.28451
CVE-2023-1661,0.00045,0.11801
CVE-2023-1663,0.00046,0.13740
CVE-2023-1664,0.00046,0.13740
CVE-2023-1665,0.00087,0.36569
CVE-2023-1666,0.00063,0.25553
CVE-2023-1667,0.00078,0.32128
CVE-2023-1668,0.00092,0.38883
CVE-2023-1669,0.00050,0.16285
CVE-2023-1670,0.00042,0.05722
CVE-2023-1671,0.95313,0.99213
CVE-2023-1672,0.00052,0.18050
CVE-2023-1674,0.00063,0.25553
CVE-2023-1675,0.00063,0.25553
CVE-2023-1676,0.00042,0.05722
CVE-2023-1677,0.00042,0.05722
CVE-2023-1678,0.00042,0.05722
CVE-2023-1679,0.00042,0.05722
CVE-2023-1680,0.00064,0.26393
CVE-2023-1681,0.00064,0.26487
CVE-2023-1682,0.00064,0.26393
CVE-2023-1683,0.00064,0.26393
CVE-2023-1684,0.00063,0.25553
CVE-2023-1685,0.00063,0.25060
CVE-2023-1686,0.00052,0.17770
CVE-2023-1687,0.00046,0.13740
CVE-2023-1688,0.00046,0.13740
CVE-2023-1689,0.00046,0.13740
CVE-2023-1690,0.00046,0.13740
CVE-2023-1691,0.00048,0.14563
CVE-2023-1692,0.00115,0.45014
CVE-2023-1693,0.00087,0.36261
CVE-2023-1694,0.00087,0.36261
CVE-2023-1695,0.00048,0.14563
CVE-2023-1696,0.00046,0.13740
CVE-2023-1697,0.00049,0.14855
CVE-2023-1698,0.47065,0.97149
CVE-2023-1699,0.00091,0.38380
CVE-2023-1701,0.00090,0.37876
CVE-2023-1702,0.00090,0.37876
CVE-2023-1703,0.00090,0.37876
CVE-2023-1704,0.00090,0.37876
CVE-2023-1705,0.00043,0.06775
CVE-2023-1707,0.00087,0.36261
CVE-2023-1708,0.00122,0.46527
CVE-2023-1709,0.00044,0.08096
CVE-2023-1710,0.00052,0.17563
CVE-2023-1711,0.00058,0.22705
CVE-2023-1712,0.00087,0.36569
CVE-2023-1713,0.00099,0.40717
CVE-2023-1714,0.00112,0.44298
CVE-2023-1715,0.00044,0.10862
CVE-2023-1716,0.00087,0.36569
CVE-2023-1717,0.00119,0.45962
CVE-2023-1718,0.00148,0.50846
CVE-2023-1719,0.02807,0.89654
CVE-2023-1720,0.00087,0.35996
CVE-2023-1721,0.00049,0.15075
CVE-2023-1722,0.00058,0.21913
CVE-2023-1723,0.00076,0.31600
CVE-2023-1724,0.00045,0.11801
CVE-2023-1725,0.00091,0.38380
CVE-2023-1726,0.00045,0.11801
CVE-2023-1728,0.00062,0.24826
CVE-2023-1729,0.00070,0.29118
CVE-2023-1730,0.16196,0.95508
CVE-2023-1731,0.00053,0.18608
CVE-2023-1732,0.00047,0.13955
CVE-2023-1733,0.00049,0.15007
CVE-2023-1734,0.00091,0.38380
CVE-2023-1735,0.00076,0.31600
CVE-2023-1736,0.00050,0.16759
CVE-2023-1737,0.00076,0.31600
CVE-2023-1738,0.00076,0.31600
CVE-2023-1739,0.00063,0.25553
CVE-2023-1740,0.00063,0.25553
CVE-2023-1741,0.00063,0.25553
CVE-2023-1742,0.00061,0.24091
CVE-2023-1743,0.00052,0.17770
CVE-2023-1744,0.00061,0.24091
CVE-2023-1745,0.00050,0.16759
CVE-2023-1746,0.00051,0.17093
CVE-2023-1747,0.00061,0.24091
CVE-2023-1748,0.00091,0.38380
CVE-2023-1749,0.00046,0.12619
CVE-2023-1750,0.00049,0.14986
CVE-2023-1751,0.00046,0.13740
CVE-2023-1752,0.00045,0.11801
CVE-2023-1753,0.00087,0.36569
CVE-2023-1754,0.00044,0.10862
CVE-2023-1755,0.00045,0.11801
CVE-2023-1756,0.00045,0.11801
CVE-2023-1757,0.00045,0.11801
CVE-2023-1758,0.00045,0.11801
CVE-2023-1759,0.00045,0.11801
CVE-2023-1760,0.00045,0.11801
CVE-2023-1761,0.00045,0.11801
CVE-2023-1762,0.00050,0.16285
CVE-2023-1763,0.00052,0.18120
CVE-2023-1764,0.00052,0.18120
CVE-2023-1765,0.00076,0.31600
CVE-2023-1766,0.00046,0.13740
CVE-2023-1767,0.00046,0.12524
CVE-2023-1768,0.00046,0.13740
CVE-2023-1769,0.00064,0.26393
CVE-2023-1770,0.00063,0.25553
CVE-2023-1771,0.00052,0.17770
CVE-2023-1772,0.00051,0.17093
CVE-2023-1773,0.00075,0.30956
CVE-2023-1774,0.00045,0.11801
CVE-2023-1775,0.00049,0.14986
CVE-2023-1776,0.00045,0.11801
CVE-2023-1777,0.00046,0.13740
CVE-2023-1778,0.00108,0.43457
CVE-2023-1779,0.00059,0.23052
CVE-2023-1780,0.00071,0.29251
CVE-2023-1782,0.00102,0.41513
CVE-2023-1783,0.00049,0.14986
CVE-2023-1784,0.00063,0.25553
CVE-2023-1785,0.00063,0.25553
CVE-2023-1786,0.00045,0.12069
CVE-2023-1787,0.00046,0.13740
CVE-2023-1788,0.00091,0.38380
CVE-2023-1789,0.00089,0.37678
CVE-2023-1790,0.00064,0.26487
CVE-2023-1791,0.00063,0.25553
CVE-2023-1792,0.00063,0.25553
CVE-2023-1793,0.00063,0.25553
CVE-2023-1794,0.00052,0.17770
CVE-2023-1795,0.00052,0.17770
CVE-2023-1796,0.00051,0.17093
CVE-2023-1797,0.00063,0.25553
CVE-2023-1798,0.00051,0.17093
CVE-2023-1799,0.00051,0.17093
CVE-2023-1800,0.00063,0.25553
CVE-2023-1801,0.00079,0.32794
CVE-2023-1802,0.00084,0.34921
CVE-2023-1803,0.00091,0.38380
CVE-2023-1804,0.00046,0.13740
CVE-2023-1805,0.00046,0.13740
CVE-2023-1806,0.00046,0.13740
CVE-2023-1807,0.00052,0.17889
CVE-2023-1809,0.00084,0.34921
CVE-2023-1810,0.00205,0.58538
CVE-2023-1811,0.00175,0.54699
CVE-2023-1812,0.00175,0.54699
CVE-2023-1813,0.00060,0.23262
CVE-2023-1814,0.00115,0.45021
CVE-2023-1815,0.00175,0.54699
CVE-2023-1816,0.00133,0.48343
CVE-2023-1817,0.00132,0.48241
CVE-2023-1818,0.00175,0.54699
CVE-2023-1819,0.00115,0.45021
CVE-2023-1820,0.00172,0.54299
CVE-2023-1821,0.00102,0.41534
CVE-2023-1822,0.00133,0.48343
CVE-2023-1823,0.00132,0.48241
CVE-2023-1825,0.00045,0.11801
CVE-2023-1826,0.00344,0.68723
CVE-2023-1827,0.00063,0.25553
CVE-2023-1829,0.00046,0.13868
CVE-2023-1831,0.00087,0.36261
CVE-2023-1832,0.00048,0.14814
CVE-2023-1833,0.00091,0.38380
CVE-2023-1834,0.00069,0.28705
CVE-2023-1835,0.00071,0.29228
CVE-2023-1836,0.00108,0.43476
CVE-2023-1837,0.00050,0.16285
CVE-2023-1838,0.00042,0.05722
CVE-2023-1839,0.00045,0.11801
CVE-2023-1840,0.00045,0.11801
CVE-2023-1843,0.00065,0.26944
CVE-2023-1844,0.00053,0.18547
CVE-2023-1845,0.00077,0.31941
CVE-2023-1846,0.00077,0.31941
CVE-2023-1847,0.00077,0.31941
CVE-2023-1848,0.00077,0.31941
CVE-2023-1849,0.00077,0.31941
CVE-2023-1850,0.00077,0.31941
CVE-2023-1851,0.00060,0.23646
CVE-2023-1852,0.00060,0.23646
CVE-2023-1853,0.00060,0.23646
CVE-2023-1854,0.00164,0.53071
CVE-2023-1855,0.00042,0.05722
CVE-2023-1856,0.00077,0.31941
CVE-2023-1857,0.00060,0.23646
CVE-2023-1858,0.00117,0.45624
CVE-2023-1859,0.00042,0.05722
CVE-2023-1860,0.00056,0.20802
CVE-2023-1861,0.00045,0.11801
CVE-2023-1862,0.00052,0.17989
CVE-2023-1863,0.00103,0.41771
CVE-2023-1864,0.00090,0.37805
CVE-2023-1865,0.00065,0.26944
CVE-2023-1866,0.00052,0.17889
CVE-2023-1867,0.00065,0.26944
CVE-2023-1868,0.00065,0.26944
CVE-2023-1869,0.00051,0.17507
CVE-2023-1870,0.00065,0.26944
CVE-2023-1871,0.00065,0.26944
CVE-2023-1872,0.00042,0.05722
CVE-2023-1873,0.00076,0.31600
CVE-2023-1874,0.00077,0.31627
CVE-2023-1875,0.00045,0.11801
CVE-2023-1877,0.00091,0.38396
CVE-2023-1878,0.00045,0.11801
CVE-2023-1879,0.00045,0.11801
CVE-2023-1880,0.00071,0.29125
CVE-2023-1881,0.00045,0.11801
CVE-2023-1882,0.00045,0.11801
CVE-2023-1883,0.00045,0.11801
CVE-2023-1884,0.00046,0.13740
CVE-2023-1885,0.00045,0.11801
CVE-2023-1886,0.00087,0.36569
CVE-2023-1887,0.00044,0.10862
CVE-2023-1888,0.00048,0.14313
CVE-2023-1889,0.00046,0.12619
CVE-2023-1890,0.00302,0.66533
CVE-2023-1891,0.00046,0.13740
CVE-2023-1892,0.00087,0.36569
CVE-2023-1893,0.00046,0.13740
CVE-2023-1894,0.00046,0.13740
CVE-2023-1895,0.00050,0.16404
CVE-2023-1897,0.00087,0.36261
CVE-2023-1898,0.00087,0.36261
CVE-2023-1899,0.00087,0.36261
CVE-2023-1900,0.00045,0.12491
CVE-2023-1901,0.00043,0.06775
CVE-2023-1902,0.00043,0.06775
CVE-2023-1903,0.00045,0.11801
CVE-2023-1904,0.00087,0.36261
CVE-2023-1905,0.00045,0.11801
CVE-2023-1906,0.00046,0.13797
CVE-2023-1908,0.00063,0.25553
CVE-2023-1909,0.00065,0.26951
CVE-2023-1910,0.00045,0.11801
CVE-2023-1911,0.00045,0.11801
CVE-2023-1912,0.00091,0.38128
CVE-2023-1913,0.00045,0.11801
CVE-2023-1915,0.00046,0.13740
CVE-2023-1916,0.00044,0.08085
CVE-2023-1917,0.00051,0.17450
CVE-2023-1918,0.00052,0.17889
CVE-2023-1919,0.00052,0.17889
CVE-2023-1920,0.00052,0.17889
CVE-2023-1921,0.00052,0.17889
CVE-2023-1922,0.00052,0.17889
CVE-2023-1923,0.00052,0.17889
CVE-2023-1924,0.00052,0.17889
CVE-2023-1925,0.00052,0.17889
CVE-2023-1926,0.00052,0.17889
CVE-2023-1927,0.00052,0.17889
CVE-2023-1928,0.00045,0.11801
CVE-2023-1929,0.00045,0.11801
CVE-2023-1930,0.00045,0.11801
CVE-2023-1931,0.00045,0.11801
CVE-2023-1934,0.00127,0.47301
CVE-2023-1935,0.00048,0.14563
CVE-2023-1936,0.00045,0.11801
CVE-2023-1937,0.00052,0.17989
CVE-2023-1938,0.00087,0.36569
CVE-2023-1939,0.00045,0.11801
CVE-2023-1940,0.00067,0.27762
CVE-2023-1941,0.00063,0.25553
CVE-2023-1942,0.00076,0.31622
CVE-2023-1943,0.00053,0.19001
CVE-2023-1944,0.00043,0.06775
CVE-2023-1945,0.00053,0.18664
CVE-2023-1946,0.00046,0.13740
CVE-2023-1947,0.00075,0.30956
CVE-2023-1948,0.00052,0.17989
CVE-2023-1949,0.00063,0.25553
CVE-2023-1950,0.00063,0.25553
CVE-2023-1951,0.00063,0.25553
CVE-2023-1952,0.00063,0.25553
CVE-2023-1953,0.00061,0.24091
CVE-2023-1954,0.00061,0.24091
CVE-2023-1955,0.00063,0.25553
CVE-2023-1956,0.00085,0.35304
CVE-2023-1957,0.00061,0.24091
CVE-2023-1958,0.00063,0.25553
CVE-2023-1959,0.00061,0.24091
CVE-2023-1960,0.00061,0.24091
CVE-2023-1961,0.00052,0.17989
CVE-2023-1962,0.00063,0.25553
CVE-2023-1963,0.00063,0.25553
CVE-2023-1964,0.00061,0.23796
CVE-2023-1965,0.00077,0.31679
CVE-2023-1966,0.00128,0.47446
CVE-2023-1967,0.00126,0.47152
CVE-2023-1968,0.00087,0.36261
CVE-2023-1969,0.00063,0.25553
CVE-2023-1970,0.00061,0.24091
CVE-2023-1971,0.00063,0.25738
CVE-2023-1972,0.00048,0.14357
CVE-2023-1974,0.00084,0.34859
CVE-2023-1975,0.00084,0.34859
CVE-2023-1976,0.00087,0.36569
CVE-2023-1977,0.00050,0.16285
CVE-2023-1978,0.00052,0.17889
CVE-2023-1979,0.00049,0.14986
CVE-2023-1980,0.00046,0.12619
CVE-2023-1981,0.00042,0.05722
CVE-2023-1982,0.00045,0.11801
CVE-2023-1983,0.00063,0.25553
CVE-2023-1984,0.00063,0.25553
CVE-2023-1985,0.00061,0.24091
CVE-2023-1986,0.00061,0.24091
CVE-2023-1987,0.00061,0.24091
CVE-2023-1988,0.00051,0.17093
CVE-2023-1989,0.00042,0.05722
CVE-2023-1990,0.00042,0.05722
CVE-2023-1992,0.00062,0.24808
CVE-2023-1993,0.00066,0.27163
CVE-2023-1994,0.00066,0.27163
CVE-2023-1995,0.00048,0.14563
CVE-2023-1996,0.00046,0.13740
CVE-2023-1997,0.00051,0.17105
CVE-2023-1998,0.00045,0.12246
CVE-2023-1999,0.00046,0.13740
CVE-2023-2000,0.00045,0.11801
CVE-2023-20002,0.00042,0.05722
CVE-2023-20003,0.00053,0.19001
CVE-2023-20005,0.00063,0.25005
CVE-2023-20006,0.00063,0.24922
CVE-2023-20007,0.00142,0.49977
CVE-2023-20008,0.00042,0.05722
CVE-2023-20009,0.00070,0.28797
CVE-2023-2001,0.00052,0.17563
CVE-2023-20010,0.00083,0.34375
CVE-2023-20011,0.00071,0.29375
CVE-2023-20012,0.00049,0.14855
CVE-2023-20013,0.00058,0.21953
CVE-2023-20014,0.00075,0.30770
CVE-2023-20015,0.00042,0.05844
CVE-2023-20016,0.00042,0.05722
CVE-2023-20017,0.00058,0.21953
CVE-2023-20018,0.00095,0.39747
CVE-2023-20019,0.00117,0.45521
CVE-2023-2002,0.00043,0.07732
CVE-2023-20020,0.00114,0.44883
CVE-2023-20021,0.00042,0.05844
CVE-2023-20022,0.00042,0.05844
CVE-2023-20023,0.00042,0.05844
CVE-2023-20024,0.00061,0.24099
CVE-2023-20025,0.00253,0.63230
CVE-2023-20026,0.00080,0.33237
CVE-2023-20027,0.00063,0.25056
CVE-2023-20028,0.00048,0.14756
CVE-2023-20029,0.00042,0.05722
CVE-2023-2003,0.00134,0.48545
CVE-2023-20030,0.00058,0.21933
CVE-2023-20031,0.00063,0.24922
CVE-2023-20032,0.00177,0.54926
CVE-2023-20033,0.00063,0.25056
CVE-2023-20034,0.00067,0.27657
CVE-2023-20035,0.00042,0.05722
CVE-2023-20037,0.00061,0.23927
CVE-2023-20038,0.00042,0.05722
CVE-2023-20040,0.00093,0.39122
CVE-2023-20041,0.00063,0.25005
CVE-2023-20042,0.00063,0.25056
CVE-2023-20043,0.00042,0.05722
CVE-2023-20044,0.00042,0.05722
CVE-2023-20045,0.00093,0.38954
CVE-2023-20046,0.00065,0.26971
CVE-2023-20047,0.00044,0.10345
CVE-2023-20048,0.00065,0.27065
CVE-2023-20049,0.00063,0.24922
CVE-2023-2005,0.00050,0.16285
CVE-2023-20050,0.00042,0.05844
CVE-2023-20051,0.00063,0.24922
CVE-2023-20052,0.00064,0.26309
CVE-2023-20053,0.00068,0.28020
CVE-2023-20055,0.00066,0.27238
CVE-2023-20056,0.00042,0.05844
CVE-2023-20057,0.00095,0.39747
CVE-2023-20058,0.00117,0.45521
CVE-2023-20059,0.00058,0.21972
CVE-2023-2006,0.00046,0.13870
CVE-2023-20061,0.00063,0.24906
CVE-2023-20062,0.00054,0.19358
CVE-2023-20063,0.00042,0.05722
CVE-2023-20064,0.00054,0.19496
CVE-2023-20065,0.00042,0.05722
CVE-2023-20066,0.00060,0.23268
CVE-2023-20067,0.00044,0.10345
CVE-2023-20068,0.00063,0.25005
CVE-2023-20069,0.00052,0.18016
CVE-2023-2007,0.00046,0.13870
CVE-2023-20070,0.00065,0.27010
CVE-2023-20071,0.00063,0.24922
CVE-2023-20072,0.00063,0.25056
CVE-2023-20073,0.52411,0.97309
CVE-2023-20074,0.00063,0.25005
CVE-2023-20075,0.00047,0.14190
CVE-2023-20076,0.00104,0.42352
CVE-2023-20077,0.00072,0.29854
CVE-2023-20078,0.00197,0.57635
CVE-2023-20079,0.00104,0.41994
CVE-2023-2008,0.00076,0.31442
CVE-2023-20080,0.00063,0.24922
CVE-2023-20081,0.00089,0.37432
CVE-2023-20082,0.00052,0.17996
CVE-2023-20083,0.00060,0.23735
CVE-2023-20084,0.00042,0.05722
CVE-2023-20085,0.00068,0.28020
CVE-2023-20086,0.00063,0.25056
CVE-2023-20087,0.00072,0.29854
CVE-2023-20088,0.00075,0.30770
CVE-2023-20089,0.00045,0.12244
CVE-2023-2009,0.00078,0.32661
CVE-2023-20095,0.00053,0.18686
CVE-2023-20096,0.00052,0.17688
CVE-2023-20097,0.00042,0.05722
CVE-2023-20098,0.00044,0.07794
CVE-2023-2010,0.00045,0.11801
CVE-2023-20100,0.00063,0.25056
CVE-2023-20101,0.00102,0.41322
CVE-2023-20102,0.00068,0.27937
CVE-2023-20103,0.00058,0.22699
CVE-2023-20104,0.00068,0.28020
CVE-2023-20105,0.00050,0.16463
CVE-2023-20106,0.00045,0.11801
CVE-2023-20107,0.00093,0.39098
CVE-2023-20108,0.00063,0.24922
CVE-2023-20109,0.00752,0.79087
CVE-2023-20110,0.00058,0.22662
CVE-2023-20111,0.00058,0.21972
CVE-2023-20112,0.00044,0.10345
CVE-2023-20113,0.00071,0.29416
CVE-2023-20114,0.00055,0.20600
CVE-2023-20115,0.00050,0.16454
CVE-2023-20116,0.00048,0.14585
CVE-2023-20117,0.00058,0.22698
CVE-2023-20118,0.00074,0.30674
CVE-2023-20119,0.00063,0.25005
CVE-2023-20120,0.00059,0.23047
CVE-2023-20121,0.00042,0.05844
CVE-2023-20122,0.00042,0.05844
CVE-2023-20123,0.00054,0.19496
CVE-2023-20124,0.00060,0.23379
CVE-2023-20126,0.00268,0.64426
CVE-2023-20127,0.00058,0.21972
CVE-2023-20128,0.00058,0.22698
CVE-2023-20129,0.00064,0.26162
CVE-2023-2013,0.00052,0.17563
CVE-2023-20130,0.00061,0.24236
CVE-2023-20131,0.00048,0.14756
CVE-2023-20132,0.00048,0.14756
CVE-2023-20133,0.00048,0.14756
CVE-2023-20134,0.00050,0.16463
CVE-2023-20135,0.00042,0.05722
CVE-2023-20136,0.00051,0.17394
CVE-2023-20137,0.00053,0.18601
CVE-2023-20138,0.00053,0.18601
CVE-2023-20139,0.00053,0.18601
CVE-2023-2014,0.00045,0.11801
CVE-2023-20140,0.00053,0.18601
CVE-2023-20141,0.00053,0.18601
CVE-2023-20142,0.00053,0.18601
CVE-2023-20143,0.00053,0.18601
CVE-2023-20144,0.00053,0.18601
CVE-2023-20145,0.00053,0.18601
CVE-2023-20146,0.00053,0.18601
CVE-2023-20147,0.00053,0.18601
CVE-2023-20148,0.00053,0.18601
CVE-2023-20149,0.00053,0.18601
CVE-2023-2015,0.00295,0.66142
CVE-2023-20150,0.00053,0.18601
CVE-2023-20151,0.00053,0.18601
CVE-2023-20152,0.00042,0.05844
CVE-2023-20153,0.00042,0.05844
CVE-2023-20155,0.00053,0.18551
CVE-2023-20156,0.00179,0.55207
CVE-2023-20157,0.00179,0.55207
CVE-2023-20158,0.00179,0.55207
CVE-2023-20159,0.00179,0.55207
CVE-2023-20160,0.00179,0.55207
CVE-2023-20161,0.00179,0.55207
CVE-2023-20162,0.00179,0.55207
CVE-2023-20163,0.00050,0.16721
CVE-2023-20164,0.00050,0.16721
CVE-2023-20166,0.00044,0.08212
CVE-2023-20167,0.00050,0.15975
CVE-2023-20168,0.00059,0.22997
CVE-2023-20169,0.00189,0.56520
CVE-2023-2017,0.00563,0.75430
CVE-2023-20170,0.00042,0.05844
CVE-2023-20171,0.00045,0.11801
CVE-2023-20172,0.00048,0.14697
CVE-2023-20173,0.00058,0.21972
CVE-2023-20174,0.00051,0.17394
CVE-2023-20175,0.00042,0.05844
CVE-2023-20176,0.00063,0.25056
CVE-2023-20177,0.00063,0.24922
CVE-2023-20178,0.00060,0.23520
CVE-2023-20179,0.00048,0.14756
CVE-2023-20180,0.00062,0.24851
CVE-2023-20181,0.00063,0.25005
CVE-2023-20182,0.00082,0.34025
CVE-2023-20183,0.00046,0.12679
CVE-2023-20184,0.00046,0.12679
CVE-2023-20185,0.00077,0.31674
CVE-2023-20186,0.00065,0.26971
CVE-2023-20187,0.00063,0.24922
CVE-2023-20188,0.00048,0.14756
CVE-2023-20189,0.00179,0.55207
CVE-2023-2019,0.00045,0.12491
CVE-2023-20190,0.00151,0.51281
CVE-2023-20191,0.00069,0.28573
CVE-2023-20192,0.00045,0.11801
CVE-2023-20193,0.00042,0.05844
CVE-2023-20194,0.00058,0.21972
CVE-2023-20195,0.00065,0.26971
CVE-2023-20196,0.00065,0.26971
CVE-2023-20197,0.00063,0.24922
CVE-2023-20198,0.92407,0.98803
CVE-2023-20199,0.00043,0.06775
CVE-2023-2020,0.00045,0.11801
CVE-2023-20200,0.00050,0.16479
CVE-2023-20201,0.00048,0.14756
CVE-2023-20202,0.00044,0.10345
CVE-2023-20203,0.00048,0.14756
CVE-2023-20204,0.00048,0.14756
CVE-2023-20205,0.00048,0.14756
CVE-2023-20206,0.00063,0.25005
CVE-2023-20207,0.00068,0.28071
CVE-2023-20208,0.00048,0.14756
CVE-2023-20209,0.00071,0.29261
CVE-2023-2021,0.00045,0.11801
CVE-2023-20210,0.00042,0.05722
CVE-2023-20211,0.00055,0.20586
CVE-2023-20212,0.00063,0.24922
CVE-2023-20213,0.00044,0.10345
CVE-2023-20214,0.00102,0.41545
CVE-2023-20215,0.00053,0.18554
CVE-2023-20216,0.00042,0.05722
CVE-2023-20217,0.00042,0.05722
CVE-2023-20218,0.00059,0.23047
CVE-2023-20219,0.00068,0.28333
CVE-2023-2022,0.00045,0.11801
CVE-2023-20220,0.00068,0.27926
CVE-2023-20221,0.00060,0.23669
CVE-2023-20222,0.00063,0.25005
CVE-2023-20223,0.00093,0.39098
CVE-2023-20224,0.00042,0.05722
CVE-2023-20226,0.00063,0.24922
CVE-2023-20227,0.00063,0.24922
CVE-2023-20228,0.00063,0.25005
CVE-2023-20229,0.00044,0.07794
CVE-2023-2023,0.00071,0.29251
CVE-2023-20230,0.00050,0.16463
CVE-2023-20231,0.00057,0.21457
CVE-2023-20232,0.00055,0.20404
CVE-2023-20233,0.00060,0.23669
CVE-2023-20234,0.00042,0.05722
CVE-2023-20235,0.00065,0.26971
CVE-2023-20236,0.00042,0.05722
CVE-2023-20237,0.00044,0.10345
CVE-2023-20238,0.00143,0.50116
CVE-2023-2024,0.00124,0.46748
CVE-2023-20240,0.00042,0.05722
CVE-2023-20241,0.00042,0.05722
CVE-2023-20242,0.00063,0.25005
CVE-2023-20243,0.00063,0.25056
CVE-2023-20244,0.00063,0.25056
CVE-2023-20245,0.00063,0.24922
CVE-2023-20246,0.00063,0.24922
CVE-2023-20247,0.00050,0.16463
CVE-2023-2025,0.00049,0.14986
CVE-2023-20250,0.00068,0.27937
CVE-2023-20251,0.00044,0.10345
CVE-2023-20252,0.00200,0.57940
CVE-2023-20253,0.00042,0.05722
CVE-2023-20254,0.00084,0.34616
CVE-2023-20255,0.00055,0.20404
CVE-2023-20256,0.00063,0.24922
CVE-2023-20257,0.00048,0.14756
CVE-2023-20258,0.00083,0.34465
CVE-2023-20259,0.00053,0.18554
CVE-2023-2026,0.00045,0.11801
CVE-2023-20260,0.00042,0.05722
CVE-2023-20261,0.00058,0.21972
CVE-2023-20262,0.00063,0.24922
CVE-2023-20263,0.00063,0.25005
CVE-2023-20264,0.00063,0.25005
CVE-2023-20265,0.00048,0.14756
CVE-2023-20266,0.00065,0.26971
CVE-2023-20267,0.00063,0.24922
CVE-2023-20268,0.00044,0.10345
CVE-2023-20269,0.02588,0.89229
CVE-2023-2027,0.00102,0.41513
CVE-2023-20270,0.00063,0.24922
CVE-2023-20271,0.00052,0.18051
CVE-2023-20272,0.00065,0.26971
CVE-2023-20273,0.02605,0.89267
CVE-2023-20274,0.00042,0.05722
CVE-2023-20275,0.00050,0.16463
CVE-2023-2028,0.00045,0.11801
CVE-2023-2029,0.00045,0.12327
CVE-2023-2030,0.00046,0.13740
CVE-2023-2031,0.00051,0.17507
CVE-2023-2032,0.00076,0.31600
CVE-2023-2033,0.02250,0.88481
CVE-2023-2034,0.00061,0.24007
CVE-2023-2035,0.00079,0.32925
CVE-2023-2036,0.00064,0.26487
CVE-2023-2037,0.00063,0.25553
CVE-2023-2038,0.00064,0.26487
CVE-2023-2039,0.00061,0.24091
CVE-2023-2040,0.00061,0.24091
CVE-2023-2041,0.00061,0.24091
CVE-2023-2042,0.00064,0.26303
CVE-2023-2043,0.00094,0.39343
CVE-2023-2044,0.00046,0.13740
CVE-2023-2045,0.00076,0.31600
CVE-2023-2046,0.00076,0.31600
CVE-2023-2047,0.00064,0.26487
CVE-2023-2048,0.00064,0.26487
CVE-2023-2049,0.00064,0.26487
CVE-2023-2050,0.00063,0.25553
CVE-2023-2051,0.00063,0.25553
CVE-2023-20519,0.00043,0.06775
CVE-2023-2052,0.00063,0.25553
CVE-2023-20520,0.00134,0.48641
CVE-2023-20521,0.00052,0.18120
CVE-2023-20522,0.00078,0.32333
CVE-2023-20523,0.00045,0.12108
CVE-2023-20524,0.00048,0.14563
CVE-2023-20525,0.00073,0.30012
CVE-2023-20526,0.00052,0.18120
CVE-2023-20527,0.00073,0.30012
CVE-2023-20528,0.00044,0.10345
CVE-2023-20529,0.00078,0.32333
CVE-2023-2053,0.00064,0.26393
CVE-2023-20530,0.00078,0.32333
CVE-2023-20531,0.00078,0.32333
CVE-2023-20532,0.00069,0.28764
CVE-2023-20533,0.00046,0.13740
CVE-2023-2054,0.00064,0.26393
CVE-2023-2055,0.00052,0.17770
CVE-2023-20555,0.00042,0.05722
CVE-2023-20556,0.00043,0.06775
CVE-2023-20558,0.00050,0.16785
CVE-2023-20559,0.00050,0.16785
CVE-2023-2056,0.00075,0.30956
CVE-2023-20560,0.00043,0.06775
CVE-2023-20561,0.00043,0.06775
CVE-2023-20562,0.00042,0.05722
CVE-2023-20563,0.00043,0.06775
CVE-2023-20564,0.00042,0.05722
CVE-2023-20565,0.00043,0.06775
CVE-2023-20566,0.00048,0.14563
CVE-2023-20567,0.00042,0.05722
CVE-2023-20568,0.00042,0.05722
CVE-2023-20569,0.00042,0.05722
CVE-2023-2057,0.00052,0.17770
CVE-2023-20571,0.00091,0.38380
CVE-2023-20573,0.00043,0.06775
CVE-2023-20575,0.00054,0.19149
CVE-2023-2058,0.00052,0.17770
CVE-2023-20583,0.00043,0.06775
CVE-2023-20586,0.00091,0.38380
CVE-2023-20588,0.00048,0.14233
CVE-2023-20589,0.00055,0.20747
CVE-2023-2059,0.00052,0.17770
CVE-2023-20592,0.00046,0.12619
CVE-2023-20593,0.00057,0.21293
CVE-2023-20594,0.00043,0.06775
CVE-2023-20596,0.00134,0.48641
CVE-2023-20597,0.00043,0.06775
CVE-2023-20598,0.00042,0.05722
CVE-2023-2060,0.00105,0.42431
CVE-2023-20602,0.00043,0.07409
CVE-2023-20604,0.00042,0.05722
CVE-2023-20605,0.00042,0.05722
CVE-2023-20606,0.00042,0.05722
CVE-2023-20607,0.00042,0.05722
CVE-2023-20608,0.00042,0.05722
CVE-2023-20609,0.00042,0.05722
CVE-2023-2061,0.00105,0.42431
CVE-2023-20610,0.00042,0.05722
CVE-2023-20611,0.00042,0.05722
CVE-2023-20612,0.00042,0.05722
CVE-2023-20613,0.00042,0.05722
CVE-2023-20614,0.00042,0.05722
CVE-2023-20615,0.00042,0.05722
CVE-2023-20616,0.00042,0.05722
CVE-2023-20618,0.00042,0.05722
CVE-2023-20619,0.00042,0.05722
CVE-2023-2062,0.00072,0.29616
CVE-2023-20620,0.00042,0.05722
CVE-2023-20621,0.00042,0.05722
CVE-2023-20623,0.00042,0.05722
CVE-2023-20624,0.00042,0.05722
CVE-2023-20625,0.00042,0.05722
CVE-2023-20626,0.00042,0.05722
CVE-2023-20627,0.00042,0.05722
CVE-2023-20628,0.00042,0.05722
CVE-2023-2063,0.00073,0.30201
CVE-2023-20630,0.00042,0.05722
CVE-2023-20632,0.00042,0.05722
CVE-2023-20633,0.00042,0.05722
CVE-2023-20634,0.00042,0.05722
CVE-2023-20635,0.00043,0.07409
CVE-2023-20636,0.00042,0.05722
CVE-2023-20637,0.00042,0.05722
CVE-2023-20638,0.00042,0.05722
CVE-2023-20639,0.00042,0.05722
CVE-2023-2064,0.00076,0.31600
CVE-2023-20640,0.00042,0.05722
CVE-2023-20641,0.00042,0.05722
CVE-2023-20642,0.00042,0.05722
CVE-2023-20643,0.00042,0.05722
CVE-2023-20644,0.00042,0.05722
CVE-2023-20645,0.00042,0.05722
CVE-2023-20646,0.00042,0.05722
CVE-2023-20647,0.00042,0.05722
CVE-2023-20648,0.00042,0.05722
CVE-2023-20649,0.00042,0.05722
CVE-2023-2065,0.00050,0.16285
CVE-2023-20650,0.00042,0.05722
CVE-2023-20651,0.00042,0.05722
CVE-2023-20652,0.00042,0.05722
CVE-2023-20653,0.00042,0.05722
CVE-2023-20654,0.00042,0.05722
CVE-2023-20655,0.00042,0.05722
CVE-2023-20656,0.00042,0.05722
CVE-2023-20657,0.00042,0.05722
CVE-2023-20658,0.00042,0.05722
CVE-2023-20659,0.00042,0.05722
CVE-2023-2066,0.00051,0.17507
CVE-2023-20660,0.00043,0.07409
CVE-2023-20661,0.00043,0.07409
CVE-2023-20662,0.00043,0.07409
CVE-2023-20663,0.00043,0.07409
CVE-2023-20664,0.00042,0.05722
CVE-2023-20665,0.00042,0.05722
CVE-2023-20666,0.00042,0.05722
CVE-2023-2067,0.00065,0.26944
CVE-2023-20670,0.00042,0.05722
CVE-2023-20673,0.00042,0.05722
CVE-2023-20674,0.00042,0.05722
CVE-2023-20675,0.00042,0.05722
CVE-2023-20676,0.00042,0.05722
CVE-2023-20677,0.00042,0.05722
CVE-2023-20679,0.00042,0.05722
CVE-2023-2068,0.28819,0.96463
CVE-2023-20680,0.00042,0.05722
CVE-2023-20681,0.00042,0.05722
CVE-2023-20682,0.00043,0.07409
CVE-2023-20684,0.00042,0.05722
CVE-2023-20685,0.00042,0.05722
CVE-2023-20686,0.00042,0.05722
CVE-2023-20687,0.00042,0.05722
CVE-2023-20688,0.00042,0.05722
CVE-2023-20689,0.00058,0.22672
CVE-2023-2069,0.00052,0.17717
CVE-2023-20690,0.00058,0.22672
CVE-2023-20691,0.00058,0.22672
CVE-2023-20692,0.00058,0.22672
CVE-2023-20693,0.00058,0.22672
CVE-2023-20694,0.00042,0.05722
CVE-2023-20695,0.00042,0.05722
CVE-2023-20696,0.00042,0.05722
CVE-2023-20697,0.00042,0.05722
CVE-2023-20698,0.00042,0.05722
CVE-2023-20699,0.00042,0.05722
CVE-2023-20700,0.00042,0.05722
CVE-2023-20701,0.00042,0.05722
CVE-2023-20702,0.00080,0.33210
CVE-2023-20703,0.00042,0.05722
CVE-2023-20704,0.00042,0.05722
CVE-2023-20705,0.00042,0.05722
CVE-2023-20706,0.00042,0.05722
CVE-2023-20707,0.00042,0.05722
CVE-2023-20708,0.00042,0.05722
CVE-2023-20709,0.00042,0.05722
CVE-2023-2071,0.00075,0.30969
CVE-2023-20710,0.00042,0.05722
CVE-2023-20711,0.00042,0.05722
CVE-2023-20712,0.00042,0.05722
CVE-2023-20715,0.00042,0.05722
CVE-2023-20716,0.00042,0.05722
CVE-2023-20717,0.00042,0.05722
CVE-2023-20718,0.00042,0.05722
CVE-2023-20719,0.00042,0.05722
CVE-2023-2072,0.00130,0.47779
CVE-2023-20720,0.00042,0.05722
CVE-2023-20721,0.00042,0.05722
CVE-2023-20722,0.00042,0.05722
CVE-2023-20723,0.00042,0.05722
CVE-2023-20724,0.00042,0.05722
CVE-2023-20725,0.00042,0.05722
CVE-2023-20726,0.00042,0.05722
CVE-2023-20727,0.00042,0.05722
CVE-2023-20728,0.00042,0.05722
CVE-2023-20729,0.00042,0.05722
CVE-2023-2073,0.00064,0.26487
CVE-2023-20730,0.00042,0.05722
CVE-2023-20731,0.00042,0.05722
CVE-2023-20732,0.00042,0.05722
CVE-2023-20733,0.00042,0.05722
CVE-2023-20734,0.00042,0.05722
CVE-2023-20735,0.00042,0.05722
CVE-2023-20736,0.00042,0.05722
CVE-2023-20737,0.00042,0.05722
CVE-2023-20738,0.00042,0.05722
CVE-2023-20739,0.00042,0.05722
CVE-2023-2074,0.00064,0.26487
CVE-2023-20740,0.00042,0.05722
CVE-2023-20741,0.00042,0.05722
CVE-2023-20742,0.00042,0.05722
CVE-2023-20743,0.00042,0.05722
CVE-2023-20744,0.00042,0.05722
CVE-2023-20745,0.00042,0.05722
CVE-2023-20746,0.00042,0.05722
CVE-2023-20747,0.00042,0.05722
CVE-2023-20748,0.00042,0.05722
CVE-2023-20749,0.00042,0.05722
CVE-2023-2075,0.00063,0.25553
CVE-2023-20750,0.00042,0.05722
CVE-2023-20751,0.00042,0.05722
CVE-2023-20752,0.00042,0.05722
CVE-2023-20753,0.00042,0.05722
CVE-2023-20754,0.00043,0.07409
CVE-2023-20755,0.00043,0.07409
CVE-2023-20756,0.00043,0.07409
CVE-2023-20757,0.00042,0.05722
CVE-2023-20758,0.00042,0.05722
CVE-2023-20759,0.00042,0.05722
CVE-2023-2076,0.00052,0.17770
CVE-2023-20760,0.00042,0.05722
CVE-2023-20761,0.00042,0.05722
CVE-2023-20766,0.00042,0.05722
CVE-2023-20767,0.00042,0.05722
CVE-2023-20768,0.00042,0.05722
CVE-2023-2077,0.00052,0.17770
CVE-2023-20771,0.00042,0.05722
CVE-2023-20772,0.00042,0.05722
CVE-2023-20773,0.00042,0.05722
CVE-2023-20774,0.00042,0.05722
CVE-2023-20775,0.00042,0.05722
CVE-2023-2078,0.00049,0.15840
CVE-2023-20780,0.00042,0.05722
CVE-2023-20781,0.00042,0.05722
CVE-2023-20782,0.00042,0.05722
CVE-2023-20783,0.00042,0.05722
CVE-2023-20784,0.00042,0.05722
CVE-2023-20785,0.00042,0.05722
CVE-2023-20786,0.00042,0.05722
CVE-2023-20787,0.00042,0.05722
CVE-2023-20788,0.00042,0.05722
CVE-2023-20789,0.00042,0.05722
CVE-2023-2079,0.00068,0.28151
CVE-2023-20790,0.00042,0.05722
CVE-2023-20793,0.00042,0.05722
CVE-2023-20795,0.00042,0.05722
CVE-2023-20796,0.00042,0.05722
CVE-2023-20797,0.00042,0.05722
CVE-2023-20798,0.00042,0.05722
CVE-2023-2080,0.00076,0.31600
CVE-2023-20800,0.00042,0.05722
CVE-2023-20801,0.00042,0.05722
CVE-2023-20802,0.00042,0.05722
CVE-2023-20803,0.00042,0.05722
CVE-2023-20804,0.00042,0.05722
CVE-2023-20805,0.00042,0.05722
CVE-2023-20806,0.00042,0.05722
CVE-2023-20807,0.00042,0.05722
CVE-2023-20808,0.00042,0.05722
CVE-2023-20809,0.00042,0.05722
CVE-2023-20810,0.00042,0.05722
CVE-2023-20811,0.00042,0.05722
CVE-2023-20812,0.00042,0.05722
CVE-2023-20813,0.00042,0.05722
CVE-2023-20814,0.00042,0.05722
CVE-2023-20815,0.00042,0.05722
CVE-2023-20816,0.00042,0.05722
CVE-2023-20817,0.00042,0.05722
CVE-2023-20818,0.00042,0.05722
CVE-2023-20819,0.00237,0.61839
CVE-2023-2082,0.00049,0.15840
CVE-2023-20820,0.00081,0.33707
CVE-2023-20821,0.00042,0.05722
CVE-2023-20822,0.00042,0.05722
CVE-2023-20823,0.00042,0.05722
CVE-2023-20824,0.00042,0.05722
CVE-2023-20825,0.00042,0.05722
CVE-2023-20826,0.00042,0.05722
CVE-2023-20827,0.00042,0.05722
CVE-2023-20828,0.00042,0.05722
CVE-2023-20829,0.00042,0.05722
CVE-2023-2083,0.00053,0.18547
CVE-2023-20830,0.00042,0.05722
CVE-2023-20831,0.00042,0.05722
CVE-2023-20832,0.00042,0.05722
CVE-2023-20833,0.00042,0.05722
CVE-2023-20834,0.00042,0.05722
CVE-2023-20835,0.00042,0.05722
CVE-2023-20836,0.00042,0.05722
CVE-2023-20837,0.00042,0.05722
CVE-2023-20838,0.00042,0.05722
CVE-2023-20839,0.00042,0.05722
CVE-2023-2084,0.00045,0.11801
CVE-2023-20840,0.00042,0.05722
CVE-2023-20841,0.00042,0.05722
CVE-2023-20842,0.00042,0.05722
CVE-2023-20843,0.00042,0.05722
CVE-2023-20844,0.00042,0.05722
CVE-2023-20845,0.00042,0.05722
CVE-2023-20846,0.00042,0.05722
CVE-2023-20847,0.00042,0.05722
CVE-2023-20848,0.00042,0.05722
CVE-2023-20849,0.00050,0.16474
CVE-2023-2085,0.00053,0.18547
CVE-2023-20850,0.00042,0.05722
CVE-2023-20851,0.00042,0.05722
CVE-2023-20852,0.00116,0.45461
CVE-2023-20853,0.00116,0.45461
CVE-2023-20854,0.00042,0.05722
CVE-2023-20855,0.00114,0.44892
CVE-2023-20856,0.00076,0.31249
CVE-2023-20857,0.00078,0.32747
CVE-2023-20858,0.00055,0.20603
CVE-2023-20859,0.00042,0.05722
CVE-2023-2086,0.00053,0.18547
CVE-2023-20860,0.00082,0.33931
CVE-2023-20861,0.00062,0.24848
CVE-2023-20862,0.00061,0.23896
CVE-2023-20863,0.00248,0.62826
CVE-2023-20864,0.37551,0.96841
CVE-2023-20865,0.00111,0.44251
CVE-2023-20866,0.00046,0.12731
CVE-2023-20867,0.00159,0.52436
CVE-2023-20868,0.00060,0.23284
CVE-2023-20869,0.00164,0.53071
CVE-2023-2087,0.00065,0.26944
CVE-2023-20870,0.00102,0.41356
CVE-2023-20871,0.00042,0.05722
CVE-2023-20872,0.00042,0.05722
CVE-2023-20873,0.00386,0.70472
CVE-2023-20877,0.00052,0.18254
CVE-2023-20878,0.00047,0.14056
CVE-2023-20879,0.00042,0.05722
CVE-2023-2088,0.00088,0.36993
CVE-2023-20880,0.00042,0.05722
CVE-2023-20881,0.00046,0.12561
CVE-2023-20882,0.00046,0.13740
CVE-2023-20883,0.00072,0.29452
CVE-2023-20884,0.00053,0.18437
CVE-2023-20885,0.00049,0.14986
CVE-2023-20886,0.00045,0.11970
CVE-2023-20887,0.96266,0.99425
CVE-2023-20888,0.35911,0.96776
CVE-2023-20889,0.09004,0.94050
CVE-2023-2089,0.00064,0.26137
CVE-2023-20890,0.00088,0.36954
CVE-2023-20891,0.00045,0.12179
CVE-2023-20892,0.00110,0.44017
CVE-2023-20893,0.00110,0.44017
CVE-2023-20894,0.00151,0.51241
CVE-2023-20895,0.00130,0.47851
CVE-2023-20896,0.00068,0.28332
CVE-2023-20897,0.00046,0.13740
CVE-2023-20898,0.00042,0.05722
CVE-2023-20899,0.00184,0.55812
CVE-2023-2090,0.00107,0.43045
CVE-2023-20900,0.00113,0.44620
CVE-2023-20902,0.00084,0.34921
CVE-2023-20903,0.00045,0.11801
CVE-2023-20904,0.00042,0.05722
CVE-2023-20905,0.00042,0.05722
CVE-2023-20906,0.00042,0.05722
CVE-2023-20908,0.00042,0.05722
CVE-2023-20909,0.00042,0.05722
CVE-2023-2091,0.00065,0.27091
CVE-2023-20910,0.00042,0.05722
CVE-2023-20911,0.00042,0.05722
CVE-2023-20912,0.00042,0.05722
CVE-2023-20913,0.00042,0.05722
CVE-2023-20914,0.00042,0.05722
CVE-2023-20915,0.00042,0.05722
CVE-2023-20916,0.00042,0.05722
CVE-2023-20917,0.00042,0.05722
CVE-2023-20918,0.00076,0.31256
CVE-2023-20919,0.00042,0.05722
CVE-2023-2092,0.00063,0.25553
CVE-2023-20920,0.00042,0.05722
CVE-2023-20921,0.00042,0.05722
CVE-2023-20922,0.00042,0.05722
CVE-2023-20923,0.00042,0.05722
CVE-2023-20924,0.00048,0.14473
CVE-2023-20925,0.00042,0.05722
CVE-2023-20926,0.00048,0.14473
CVE-2023-20927,0.00042,0.05722
CVE-2023-20928,0.00042,0.05722
CVE-2023-20929,0.00042,0.05722
CVE-2023-2093,0.00063,0.25553
CVE-2023-20930,0.00042,0.05722
CVE-2023-20931,0.00042,0.05722
CVE-2023-20932,0.00042,0.05722
CVE-2023-20933,0.00042,0.05722
CVE-2023-20934,0.00042,0.05722
CVE-2023-20935,0.00042,0.05722
CVE-2023-20936,0.00042,0.05722
CVE-2023-20937,0.00042,0.05722
CVE-2023-20938,0.00042,0.05722
CVE-2023-20939,0.00042,0.05722
CVE-2023-2094,0.00063,0.25553
CVE-2023-20940,0.00042,0.05722
CVE-2023-20941,0.00048,0.14473
CVE-2023-20942,0.00042,0.05722
CVE-2023-20943,0.00044,0.07794
CVE-2023-20944,0.00042,0.05722
CVE-2023-20945,0.00042,0.05722
CVE-2023-20946,0.00106,0.42949
CVE-2023-20947,0.00042,0.05722
CVE-2023-20948,0.00095,0.39696
CVE-2023-20949,0.00042,0.05722
CVE-2023-2095,0.00078,0.32083
CVE-2023-20950,0.00042,0.05722
CVE-2023-20951,0.00092,0.38672
CVE-2023-20952,0.00042,0.05722
CVE-2023-20953,0.00048,0.14473
CVE-2023-20954,0.00092,0.38672
CVE-2023-20955,0.00042,0.05722
CVE-2023-20956,0.00042,0.05722
CVE-2023-20957,0.00042,0.05722
CVE-2023-20958,0.00042,0.05722
CVE-2023-20959,0.00042,0.05722
CVE-2023-2096,0.00063,0.25553
CVE-2023-20960,0.00068,0.27940
CVE-2023-20962,0.00042,0.05722
CVE-2023-20963,0.00224,0.60773
CVE-2023-20964,0.00042,0.05722
CVE-2023-20965,0.00189,0.56473
CVE-2023-20966,0.00042,0.05722
CVE-2023-20967,0.00042,0.05722
CVE-2023-20968,0.00042,0.05722
CVE-2023-20969,0.00042,0.05722
CVE-2023-2097,0.00063,0.25553
CVE-2023-20970,0.00042,0.05722
CVE-2023-20971,0.00042,0.05722
CVE-2023-20972,0.00042,0.05722
CVE-2023-20973,0.00042,0.05722
CVE-2023-20974,0.00042,0.05722
CVE-2023-20975,0.00042,0.05722
CVE-2023-20976,0.00042,0.05722
CVE-2023-20977,0.00042,0.05722
CVE-2023-20979,0.00042,0.05722
CVE-2023-2098,0.00052,0.17989
CVE-2023-20980,0.00042,0.05722
CVE-2023-20981,0.00042,0.05722
CVE-2023-20982,0.00042,0.05722
CVE-2023-20983,0.00042,0.05722
CVE-2023-20984,0.00042,0.05722
CVE-2023-20985,0.00042,0.05722
CVE-2023-20986,0.00042,0.05722
CVE-2023-20987,0.00042,0.05722
CVE-2023-20988,0.00042,0.05722
CVE-2023-20989,0.00042,0.05722
CVE-2023-2099,0.00052,0.17989
CVE-2023-20990,0.00042,0.05722
CVE-2023-20991,0.00042,0.05722
CVE-2023-20992,0.00042,0.05722
CVE-2023-20993,0.00042,0.05722
CVE-2023-20994,0.00042,0.05722
CVE-2023-20995,0.00042,0.05722
CVE-2023-20996,0.00042,0.05722
CVE-2023-20997,0.00042,0.05722
CVE-2023-20998,0.00042,0.05722
CVE-2023-20999,0.00042,0.05722
CVE-2023-2100,0.00052,0.17989
CVE-2023-21000,0.00042,0.05722
CVE-2023-21001,0.00042,0.05722
CVE-2023-21002,0.00042,0.05722
CVE-2023-21003,0.00042,0.05722
CVE-2023-21004,0.00042,0.05722
CVE-2023-21005,0.00042,0.05722
CVE-2023-21006,0.00042,0.05722
CVE-2023-21007,0.00042,0.05722
CVE-2023-21008,0.00042,0.05722
CVE-2023-21009,0.00042,0.05722
CVE-2023-2101,0.00077,0.31943
CVE-2023-21010,0.00042,0.05722
CVE-2023-21011,0.00042,0.05722
CVE-2023-21012,0.00042,0.05722
CVE-2023-21013,0.00042,0.05722
CVE-2023-21014,0.00042,0.05722
CVE-2023-21015,0.00042,0.05722
CVE-2023-21016,0.00042,0.05722
CVE-2023-21017,0.00042,0.05722
CVE-2023-21018,0.00042,0.05722
CVE-2023-21019,0.00042,0.05722
CVE-2023-2102,0.00045,0.11801
CVE-2023-21020,0.00042,0.05722
CVE-2023-21021,0.00042,0.05722
CVE-2023-21022,0.00042,0.05722
CVE-2023-21024,0.00042,0.05722
CVE-2023-21025,0.00042,0.05722
CVE-2023-21026,0.00042,0.05722
CVE-2023-21027,0.00093,0.38945
CVE-2023-21028,0.00088,0.37067
CVE-2023-21029,0.00042,0.05722
CVE-2023-2103,0.00045,0.11801
CVE-2023-21030,0.00042,0.05722
CVE-2023-21031,0.00042,0.05722
CVE-2023-21032,0.00042,0.05722
CVE-2023-21033,0.00042,0.05722
CVE-2023-21034,0.00042,0.05722
CVE-2023-21035,0.00042,0.05722
CVE-2023-21036,0.00043,0.06775
CVE-2023-21038,0.00042,0.05722
CVE-2023-21039,0.00042,0.05722
CVE-2023-2104,0.00045,0.11801
CVE-2023-21040,0.00042,0.05722
CVE-2023-21041,0.00042,0.05722
CVE-2023-21042,0.00042,0.05722
CVE-2023-21043,0.00042,0.05722
CVE-2023-21044,0.00042,0.05722
CVE-2023-21045,0.00042,0.05722
CVE-2023-21046,0.00042,0.05722
CVE-2023-21047,0.00042,0.05722
CVE-2023-21048,0.00042,0.05722
CVE-2023-21049,0.00042,0.05722
CVE-2023-2105,0.00087,0.36569
CVE-2023-21050,0.00042,0.05722
CVE-2023-21051,0.00042,0.05722
CVE-2023-21052,0.00042,0.05722
CVE-2023-21053,0.00088,0.37067
CVE-2023-21054,0.00052,0.17662
CVE-2023-21055,0.00042,0.05722
CVE-2023-21056,0.00042,0.05722
CVE-2023-21057,0.00092,0.38672
CVE-2023-21058,0.00092,0.38672
CVE-2023-21059,0.00088,0.37067
CVE-2023-2106,0.00087,0.36569
CVE-2023-21060,0.00088,0.37067
CVE-2023-21061,0.00046,0.13740
CVE-2023-21062,0.00042,0.05722
CVE-2023-21063,0.00042,0.05722
CVE-2023-21064,0.00042,0.05722
CVE-2023-21065,0.00043,0.07409
CVE-2023-21066,0.00092,0.38672
CVE-2023-21067,0.00059,0.22950
CVE-2023-21068,0.00042,0.05722
CVE-2023-21069,0.00042,0.05722
CVE-2023-2107,0.00063,0.25553
CVE-2023-21070,0.00042,0.05722
CVE-2023-21071,0.00042,0.05722
CVE-2023-21072,0.00042,0.05722
CVE-2023-21073,0.00042,0.05722
CVE-2023-21075,0.00042,0.05722
CVE-2023-21076,0.00042,0.05722
CVE-2023-21077,0.00042,0.05722
CVE-2023-21078,0.00042,0.05722
CVE-2023-21079,0.00042,0.05722
CVE-2023-2108,0.00063,0.25553
CVE-2023-21080,0.00042,0.05722
CVE-2023-21081,0.00042,0.05722
CVE-2023-21082,0.00042,0.05722
CVE-2023-21083,0.00042,0.05722
CVE-2023-21084,0.00042,0.05722
CVE-2023-21085,0.00048,0.14473
CVE-2023-21086,0.00042,0.05722
CVE-2023-21087,0.00042,0.05722
CVE-2023-21088,0.00042,0.05722
CVE-2023-21089,0.00042,0.05722
CVE-2023-2109,0.00057,0.21243
CVE-2023-21090,0.00045,0.12206
CVE-2023-21091,0.00042,0.05722
CVE-2023-21092,0.00042,0.05722
CVE-2023-21093,0.00044,0.07794
CVE-2023-21094,0.00042,0.05722
CVE-2023-21095,0.00042,0.05722
CVE-2023-21096,0.00092,0.38672
CVE-2023-21097,0.00042,0.05722
CVE-2023-21098,0.00042,0.05722
CVE-2023-21099,0.00042,0.05722
CVE-2023-2110,0.00055,0.20526
CVE-2023-21100,0.00042,0.05722
CVE-2023-21101,0.00042,0.05722
CVE-2023-21102,0.00042,0.05722
CVE-2023-21103,0.00045,0.12206
CVE-2023-21104,0.00042,0.05722
CVE-2023-21105,0.00042,0.05722
CVE-2023-21106,0.00042,0.05722
CVE-2023-21107,0.00042,0.05722
CVE-2023-21108,0.00062,0.24251
CVE-2023-21109,0.00042,0.05722
CVE-2023-2111,0.00049,0.14986
CVE-2023-21110,0.00042,0.05722
CVE-2023-21111,0.00042,0.05722
CVE-2023-21112,0.00042,0.05722
CVE-2023-21115,0.00048,0.14473
CVE-2023-21116,0.00042,0.05722
CVE-2023-21117,0.00042,0.05722
CVE-2023-21118,0.00042,0.05722
CVE-2023-2112,0.00043,0.06775
CVE-2023-21120,0.00042,0.05722
CVE-2023-21121,0.00042,0.05722
CVE-2023-21122,0.00042,0.05722
CVE-2023-21123,0.00042,0.05722
CVE-2023-21124,0.00042,0.05722
CVE-2023-21126,0.00042,0.05722
CVE-2023-21127,0.00092,0.38672
CVE-2023-21128,0.00042,0.05722
CVE-2023-21129,0.00048,0.14473
CVE-2023-2113,0.00045,0.11801
CVE-2023-21130,0.00092,0.38672
CVE-2023-21131,0.00042,0.05722
CVE-2023-21132,0.00048,0.14473
CVE-2023-21133,0.00048,0.14473
CVE-2023-21134,0.00048,0.14473
CVE-2023-21135,0.00042,0.05722
CVE-2023-21136,0.00042,0.05722
CVE-2023-21137,0.00045,0.12206
CVE-2023-21138,0.00042,0.05722
CVE-2023-21139,0.00042,0.05722
CVE-2023-2114,0.00050,0.16285
CVE-2023-21140,0.00048,0.14473
CVE-2023-21141,0.00042,0.05722
CVE-2023-21142,0.00042,0.05722
CVE-2023-21143,0.00042,0.05722
CVE-2023-21144,0.00058,0.21986
CVE-2023-21145,0.00042,0.05722
CVE-2023-21146,0.00042,0.05722
CVE-2023-21147,0.00042,0.05722
CVE-2023-21148,0.00042,0.05722
CVE-2023-21149,0.00042,0.05722
CVE-2023-21150,0.00042,0.05722
CVE-2023-21151,0.00042,0.05722
CVE-2023-21152,0.00042,0.05722
CVE-2023-21153,0.00042,0.05722
CVE-2023-21154,0.00042,0.05722
CVE-2023-21155,0.00042,0.05722
CVE-2023-21156,0.00042,0.05722
CVE-2023-21157,0.00042,0.05722
CVE-2023-21158,0.00042,0.05722
CVE-2023-21159,0.00042,0.05722
CVE-2023-21160,0.00042,0.05722
CVE-2023-21161,0.00042,0.05722
CVE-2023-21162,0.00074,0.30568
CVE-2023-21163,0.00074,0.30568
CVE-2023-21164,0.00074,0.30568
CVE-2023-21166,0.00074,0.30568
CVE-2023-21167,0.00042,0.05722
CVE-2023-21168,0.00042,0.05722
CVE-2023-21169,0.00042,0.05722
CVE-2023-2117,0.00045,0.11801
CVE-2023-21170,0.00042,0.05722
CVE-2023-21171,0.00042,0.05722
CVE-2023-21172,0.00042,0.05722
CVE-2023-21173,0.00042,0.05722
CVE-2023-21174,0.00042,0.05722
CVE-2023-21175,0.00042,0.05722
CVE-2023-21176,0.00042,0.05722
CVE-2023-21177,0.00042,0.05722
CVE-2023-21178,0.00042,0.05722
CVE-2023-21179,0.00042,0.05722
CVE-2023-2118,0.00045,0.11801
CVE-2023-21180,0.00088,0.37067
CVE-2023-21181,0.00042,0.05722
CVE-2023-21182,0.00045,0.12206
CVE-2023-21183,0.00042,0.05722
CVE-2023-21184,0.00042,0.05722
CVE-2023-21185,0.00042,0.05722
CVE-2023-21186,0.00058,0.22672
CVE-2023-21187,0.00042,0.05722
CVE-2023-21188,0.00042,0.05722
CVE-2023-21189,0.00042,0.05722
CVE-2023-2119,0.00065,0.26944
CVE-2023-21190,0.00042,0.05722
CVE-2023-21191,0.00042,0.05722
CVE-2023-21192,0.00042,0.05722
CVE-2023-21193,0.00088,0.37067
CVE-2023-21194,0.00042,0.05722
CVE-2023-21195,0.00042,0.05722
CVE-2023-21196,0.00042,0.05722
CVE-2023-21197,0.00088,0.37067
CVE-2023-21198,0.00042,0.05722
CVE-2023-21199,0.00042,0.05722
CVE-2023-2120,0.00065,0.26944
CVE-2023-21200,0.00042,0.05722
CVE-2023-21201,0.00058,0.22672
CVE-2023-21202,0.00042,0.05722
CVE-2023-21203,0.00042,0.05722
CVE-2023-21204,0.00042,0.05722
CVE-2023-21205,0.00042,0.05722
CVE-2023-21206,0.00042,0.05722
CVE-2023-21207,0.00042,0.05722
CVE-2023-21208,0.00042,0.05722
CVE-2023-21209,0.00042,0.05722
CVE-2023-2121,0.00045,0.11801
CVE-2023-21210,0.00042,0.05722
CVE-2023-21211,0.00042,0.05722
CVE-2023-21212,0.00042,0.05722
CVE-2023-21213,0.00042,0.05722
CVE-2023-21214,0.00042,0.05722
CVE-2023-21215,0.00074,0.30568
CVE-2023-21216,0.00074,0.30568
CVE-2023-21217,0.00074,0.30568
CVE-2023-21218,0.00074,0.30568
CVE-2023-21219,0.00088,0.37067
CVE-2023-2122,0.00064,0.26255
CVE-2023-21220,0.00088,0.37067
CVE-2023-21222,0.00042,0.05722
CVE-2023-21223,0.00088,0.37067
CVE-2023-21224,0.00088,0.37067
CVE-2023-21225,0.00042,0.05722
CVE-2023-21226,0.00088,0.37067
CVE-2023-21227,0.00069,0.28530
CVE-2023-21228,0.00074,0.30568
CVE-2023-21229,0.00042,0.05722
CVE-2023-2123,0.00046,0.13740
CVE-2023-21230,0.00042,0.05722
CVE-2023-21231,0.00042,0.05722
CVE-2023-21232,0.00042,0.05722
CVE-2023-21233,0.00074,0.30701
CVE-2023-21234,0.00042,0.05722
CVE-2023-21235,0.00042,0.05722
CVE-2023-21236,0.00042,0.05722
CVE-2023-21237,0.00042,0.05722
CVE-2023-21238,0.00042,0.05722
CVE-2023-21239,0.00042,0.05722
CVE-2023-2124,0.00042,0.05722
CVE-2023-21240,0.00042,0.05722
CVE-2023-21241,0.00042,0.05722
CVE-2023-21242,0.00091,0.38440
CVE-2023-21243,0.00044,0.08085
CVE-2023-21244,0.00042,0.05722
CVE-2023-21245,0.00042,0.05722
CVE-2023-21246,0.00042,0.05722
CVE-2023-21247,0.00042,0.05722
CVE-2023-21248,0.00042,0.05722
CVE-2023-21249,0.00042,0.05722
CVE-2023-21250,0.00092,0.38672
CVE-2023-21251,0.00042,0.05722
CVE-2023-21252,0.00042,0.05722
CVE-2023-21253,0.00042,0.05722
CVE-2023-21254,0.00042,0.05722
CVE-2023-21255,0.00042,0.05722
CVE-2023-21256,0.00048,0.14473
CVE-2023-21257,0.00042,0.05722
CVE-2023-21260,0.00045,0.12108
CVE-2023-21262,0.00046,0.13740
CVE-2023-21263,0.00074,0.30568
CVE-2023-21264,0.00042,0.05722
CVE-2023-21265,0.00088,0.37067
CVE-2023-21266,0.00042,0.05722
CVE-2023-21267,0.00042,0.05722
CVE-2023-21268,0.00044,0.07794
CVE-2023-21269,0.00042,0.05722
CVE-2023-21271,0.00042,0.05722
CVE-2023-21272,0.00042,0.05722
CVE-2023-21273,0.00048,0.14473
CVE-2023-21274,0.00042,0.05722
CVE-2023-21275,0.00042,0.05722
CVE-2023-21276,0.00042,0.05722
CVE-2023-21277,0.00042,0.05722
CVE-2023-21278,0.00042,0.05722
CVE-2023-21279,0.00042,0.05722
CVE-2023-21280,0.00042,0.05722
CVE-2023-21281,0.00042,0.05722
CVE-2023-21282,0.00099,0.40564
CVE-2023-21283,0.00043,0.07734
CVE-2023-21284,0.00042,0.05722
CVE-2023-21285,0.00042,0.05722
CVE-2023-21286,0.00042,0.05722
CVE-2023-21287,0.00092,0.38672
CVE-2023-21288,0.00042,0.05722
CVE-2023-21289,0.00042,0.05722
CVE-2023-21290,0.00042,0.05722
CVE-2023-21291,0.00042,0.05722
CVE-2023-21292,0.00042,0.05722
CVE-2023-21293,0.00042,0.05722
CVE-2023-21294,0.00042,0.05722
CVE-2023-21295,0.00042,0.05722
CVE-2023-21296,0.00046,0.12632
CVE-2023-21297,0.00042,0.05722
CVE-2023-21298,0.00042,0.05722
CVE-2023-21299,0.00042,0.05722
CVE-2023-2130,0.03066,0.90044
CVE-2023-21300,0.00042,0.05722
CVE-2023-21301,0.00042,0.05722
CVE-2023-21302,0.00042,0.05722
CVE-2023-21303,0.00042,0.05722
CVE-2023-21304,0.00042,0.05722
CVE-2023-21305,0.00042,0.05722
CVE-2023-21306,0.00042,0.05722
CVE-2023-21307,0.00042,0.05722
CVE-2023-21308,0.00042,0.05722
CVE-2023-21309,0.00042,0.05722
CVE-2023-2131,0.00227,0.60968
CVE-2023-21310,0.00042,0.05722
CVE-2023-21311,0.00042,0.05722
CVE-2023-21312,0.00042,0.05722
CVE-2023-21313,0.00042,0.05722
CVE-2023-21314,0.00042,0.05722
CVE-2023-21315,0.00046,0.12632
CVE-2023-21316,0.00042,0.05722
CVE-2023-21317,0.00042,0.05722
CVE-2023-21318,0.00042,0.05722
CVE-2023-21319,0.00042,0.05722
CVE-2023-2132,0.00049,0.15007
CVE-2023-21320,0.00042,0.05722
CVE-2023-21321,0.00042,0.05722
CVE-2023-21323,0.00042,0.05722
CVE-2023-21324,0.00042,0.05722
CVE-2023-21325,0.00042,0.05722
CVE-2023-21326,0.00042,0.05722
CVE-2023-21327,0.00042,0.05722
CVE-2023-21328,0.00042,0.05722
CVE-2023-21329,0.00042,0.05722
CVE-2023-2133,0.00257,0.63601
CVE-2023-21330,0.00042,0.05722
CVE-2023-21331,0.00042,0.05722
CVE-2023-21332,0.00042,0.05722
CVE-2023-21333,0.00042,0.05722
CVE-2023-21334,0.00042,0.05722
CVE-2023-21335,0.00042,0.05722
CVE-2023-21336,0.00042,0.05722
CVE-2023-21337,0.00042,0.05722
CVE-2023-21338,0.00042,0.05722
CVE-2023-21339,0.00058,0.21986
CVE-2023-2134,0.00257,0.63601
CVE-2023-21340,0.00042,0.05722
CVE-2023-21341,0.00042,0.05722
CVE-2023-21342,0.00042,0.05722
CVE-2023-21343,0.00042,0.05722
CVE-2023-21344,0.00042,0.05722
CVE-2023-21345,0.00042,0.05722
CVE-2023-21346,0.00042,0.05722
CVE-2023-21347,0.00088,0.37067
CVE-2023-21348,0.00042,0.05722
CVE-2023-21349,0.00042,0.05722
CVE-2023-2135,0.00257,0.63601
CVE-2023-21350,0.00042,0.05722
CVE-2023-21351,0.00042,0.05722
CVE-2023-21352,0.00042,0.05722
CVE-2023-21353,0.00088,0.37067
CVE-2023-21354,0.00042,0.05722
CVE-2023-21355,0.00042,0.05722
CVE-2023-21356,0.00048,0.14473
CVE-2023-21357,0.00042,0.05722
CVE-2023-21358,0.00042,0.05722
CVE-2023-21359,0.00042,0.05722
CVE-2023-2136,0.00529,0.74639
CVE-2023-21360,0.00042,0.05722
CVE-2023-21361,0.00048,0.14473
CVE-2023-21362,0.00042,0.05722
CVE-2023-21364,0.00042,0.05722
CVE-2023-21365,0.00042,0.05722
CVE-2023-21366,0.00042,0.05722
CVE-2023-21367,0.00042,0.05722
CVE-2023-21368,0.00042,0.05722
CVE-2023-21369,0.00042,0.05722
CVE-2023-2137,0.00295,0.66134
CVE-2023-21370,0.00043,0.07409
CVE-2023-21371,0.00043,0.07409
CVE-2023-21372,0.00042,0.05722
CVE-2023-21373,0.00042,0.05722
CVE-2023-21374,0.00042,0.05722
CVE-2023-21375,0.00042,0.05722
CVE-2023-21376,0.00042,0.05722
CVE-2023-21377,0.00042,0.05722
CVE-2023-21378,0.00042,0.05722
CVE-2023-21379,0.00042,0.05722
CVE-2023-2138,0.00091,0.38380
CVE-2023-21380,0.00042,0.05722
CVE-2023-21381,0.00042,0.05722
CVE-2023-21382,0.00042,0.05722
CVE-2023-21383,0.00046,0.12632
CVE-2023-21384,0.00042,0.05722
CVE-2023-21385,0.00042,0.05722
CVE-2023-21387,0.00042,0.05722
CVE-2023-21388,0.00042,0.05722
CVE-2023-21389,0.00042,0.05722
CVE-2023-2139,0.00046,0.13740
CVE-2023-21390,0.00042,0.05722
CVE-2023-21391,0.00052,0.17703
CVE-2023-21392,0.00048,0.14473
CVE-2023-21393,0.00042,0.05722
CVE-2023-21394,0.00042,0.05722
CVE-2023-21395,0.00061,0.23878
CVE-2023-21396,0.00042,0.05722
CVE-2023-21397,0.00042,0.05722
CVE-2023-21398,0.00042,0.05722
CVE-2023-21399,0.00042,0.05722
CVE-2023-2140,0.00057,0.21528
CVE-2023-21400,0.00042,0.05722
CVE-2023-21401,0.00074,0.30568
CVE-2023-21402,0.00074,0.30568
CVE-2023-21403,0.00074,0.30568
CVE-2023-21404,0.00065,0.27143
CVE-2023-21405,0.00127,0.47267
CVE-2023-21406,0.00055,0.20747
CVE-2023-21407,0.00071,0.29168
CVE-2023-21408,0.00129,0.47657
CVE-2023-21409,0.00129,0.47657
CVE-2023-2141,0.00093,0.39019
CVE-2023-21410,0.00111,0.44175
CVE-2023-21411,0.00111,0.44175
CVE-2023-21412,0.00071,0.29168
CVE-2023-21413,0.00081,0.33917
CVE-2023-21414,0.00153,0.51602
CVE-2023-21415,0.00065,0.27097
CVE-2023-21416,0.00128,0.47440
CVE-2023-21417,0.00065,0.27097
CVE-2023-21418,0.00065,0.27097
CVE-2023-21419,0.00056,0.20996
CVE-2023-21420,0.00042,0.00438
CVE-2023-21421,0.00043,0.06775
CVE-2023-21422,0.00043,0.06775
CVE-2023-21423,0.00043,0.06775
CVE-2023-21424,0.00043,0.06775
CVE-2023-21425,0.00042,0.05722
CVE-2023-21426,0.00043,0.06775
CVE-2023-21427,0.00045,0.12108
CVE-2023-21428,0.00043,0.06775
CVE-2023-21429,0.00043,0.06775
CVE-2023-2143,0.00045,0.11801
CVE-2023-21430,0.00043,0.06775
CVE-2023-21431,0.00043,0.06775
CVE-2023-21432,0.00043,0.06775
CVE-2023-21433,0.00042,0.05722
CVE-2023-21434,0.00045,0.12305
CVE-2023-21435,0.00043,0.06775
CVE-2023-21436,0.00043,0.06775
CVE-2023-21437,0.00042,0.05722
CVE-2023-21438,0.00044,0.10345
CVE-2023-21439,0.00043,0.06775
CVE-2023-2144,0.00063,0.25553
CVE-2023-21440,0.00052,0.18120
CVE-2023-21441,0.00042,0.05722
CVE-2023-21442,0.00042,0.05722
CVE-2023-21443,0.00053,0.19001
CVE-2023-21444,0.00053,0.19001
CVE-2023-21445,0.00054,0.19317
CVE-2023-21446,0.00042,0.05722
CVE-2023-21447,0.00042,0.05722
CVE-2023-21448,0.00044,0.08212
CVE-2023-21449,0.00042,0.05722
CVE-2023-2145,0.00063,0.25553
CVE-2023-21450,0.00044,0.10345
CVE-2023-21451,0.00043,0.06775
CVE-2023-21452,0.00043,0.06775
CVE-2023-21453,0.00042,0.05722
CVE-2023-21454,0.00044,0.10345
CVE-2023-21455,0.00071,0.29268
CVE-2023-21456,0.00044,0.08212
CVE-2023-21457,0.00045,0.12108
CVE-2023-21458,0.00043,0.06775
CVE-2023-21459,0.00071,0.29268
CVE-2023-2146,0.00063,0.25553
CVE-2023-21460,0.00043,0.06775
CVE-2023-21461,0.00042,0.05722
CVE-2023-21462,0.00042,0.05722
CVE-2023-21463,0.00042,0.05722
CVE-2023-21464,0.00042,0.05722
CVE-2023-21465,0.00052,0.18120
CVE-2023-2147,0.00063,0.25553
CVE-2023-2148,0.00063,0.25553
CVE-2023-21484,0.00042,0.05722
CVE-2023-21485,0.00052,0.18120
CVE-2023-21486,0.00052,0.18120
CVE-2023-21487,0.00042,0.05722
CVE-2023-21488,0.00042,0.05722
CVE-2023-21489,0.00055,0.20747
CVE-2023-2149,0.00063,0.25553
CVE-2023-21490,0.00042,0.05722
CVE-2023-21491,0.00042,0.05722
CVE-2023-21492,0.00083,0.34570
CVE-2023-21493,0.00042,0.05722
CVE-2023-21494,0.00090,0.37899
CVE-2023-21495,0.00043,0.06775
CVE-2023-21496,0.00043,0.06775
CVE-2023-21497,0.00042,0.00438
CVE-2023-21498,0.00042,0.05722
CVE-2023-21499,0.00042,0.05722
CVE-2023-2150,0.00061,0.24091
CVE-2023-21500,0.00042,0.05722
CVE-2023-21501,0.00042,0.05722
CVE-2023-21502,0.00042,0.05722
CVE-2023-21503,0.00090,0.37899
CVE-2023-21504,0.00090,0.37899
CVE-2023-21505,0.00048,0.14227
CVE-2023-21506,0.00042,0.05722
CVE-2023-21507,0.00042,0.05722
CVE-2023-21508,0.00042,0.05722
CVE-2023-21509,0.00042,0.05722
CVE-2023-2151,0.00063,0.25553
CVE-2023-21510,0.00042,0.05722
CVE-2023-21511,0.00042,0.05722
CVE-2023-21512,0.00042,0.05722
CVE-2023-21513,0.00053,0.19001
CVE-2023-21514,0.00089,0.37436
CVE-2023-21515,0.00089,0.37436
CVE-2023-21516,0.00089,0.37436
CVE-2023-21517,0.00201,0.58107
CVE-2023-21518,0.00043,0.06775
CVE-2023-2152,0.00063,0.25553
CVE-2023-21520,0.00046,0.13740
CVE-2023-21521,0.00050,0.16285
CVE-2023-21522,0.00046,0.13740
CVE-2023-21523,0.00045,0.11801
CVE-2023-21524,0.00048,0.14323
CVE-2023-21525,0.00116,0.45384
CVE-2023-21526,0.00129,0.47559
CVE-2023-21527,0.00111,0.44186
CVE-2023-21528,0.00066,0.27470
CVE-2023-21529,0.00937,0.81389
CVE-2023-2153,0.00052,0.17770
CVE-2023-21531,0.00051,0.17396
CVE-2023-21532,0.00048,0.14574
CVE-2023-21535,0.01082,0.82804
CVE-2023-21536,0.00044,0.08093
CVE-2023-21537,0.00048,0.14323
CVE-2023-21538,0.00111,0.44186
CVE-2023-21539,0.11341,0.94726
CVE-2023-2154,0.00061,0.24091
CVE-2023-21540,0.00047,0.14046
CVE-2023-21541,0.00054,0.19472
CVE-2023-21542,0.00051,0.17396
CVE-2023-21543,0.01082,0.82804
CVE-2023-21546,0.00585,0.75888
CVE-2023-21547,0.00116,0.45334
CVE-2023-21548,0.01082,0.82804
CVE-2023-21549,0.00091,0.38570
CVE-2023-2155,0.00051,0.17093
CVE-2023-21550,0.00047,0.14046
CVE-2023-21551,0.00053,0.18851
CVE-2023-21552,0.00053,0.19083
CVE-2023-21553,0.00732,0.78803
CVE-2023-21554,0.96122,0.99389
CVE-2023-21555,0.01082,0.82804
CVE-2023-21556,0.01082,0.82804
CVE-2023-21557,0.00155,0.51829
CVE-2023-21558,0.00048,0.14323
CVE-2023-21559,0.00047,0.14046
CVE-2023-2156,0.00664,0.77577
CVE-2023-21560,0.00043,0.07315
CVE-2023-21561,0.00053,0.18851
CVE-2023-21563,0.00051,0.17136
CVE-2023-21564,0.00049,0.15841
CVE-2023-21565,0.00045,0.12365
CVE-2023-21566,0.00049,0.15016
CVE-2023-21567,0.00053,0.19091
CVE-2023-21568,0.00066,0.27470
CVE-2023-21569,0.00049,0.15824
CVE-2023-2157,0.00044,0.10345
CVE-2023-21570,0.00050,0.15981
CVE-2023-21571,0.00050,0.15981
CVE-2023-21572,0.00059,0.22982
CVE-2023-21573,0.00050,0.15981
CVE-2023-21574,0.00605,0.76335
CVE-2023-21575,0.00482,0.73415
CVE-2023-21576,0.00482,0.73415
CVE-2023-21577,0.00174,0.54616
CVE-2023-21578,0.00174,0.54616
CVE-2023-21579,0.01011,0.82130
CVE-2023-2158,0.00091,0.38380
CVE-2023-21581,0.00174,0.54616
CVE-2023-21582,0.00518,0.74344
CVE-2023-21583,0.00174,0.54616
CVE-2023-21584,0.00322,0.67663
CVE-2023-21585,0.00174,0.54616
CVE-2023-21587,0.00512,0.74203
CVE-2023-21588,0.00321,0.67637
CVE-2023-21589,0.00192,0.56921
CVE-2023-2159,0.00053,0.18315
CVE-2023-21590,0.00192,0.56921
CVE-2023-21591,0.00122,0.46513
CVE-2023-21592,0.00122,0.46513
CVE-2023-21593,0.00057,0.21313
CVE-2023-21594,0.00744,0.78970
CVE-2023-21595,0.00482,0.73415
CVE-2023-21596,0.00605,0.76335
CVE-2023-21597,0.00482,0.73415
CVE-2023-21598,0.00322,0.67663
CVE-2023-21599,0.00174,0.54616
CVE-2023-2160,0.00087,0.36569
CVE-2023-21601,0.00136,0.48916
CVE-2023-21603,0.00097,0.40194
CVE-2023-21604,0.02840,0.89713
CVE-2023-21605,0.00744,0.78970
CVE-2023-21606,0.00482,0.73415
CVE-2023-21607,0.00605,0.76335
CVE-2023-21608,0.01579,0.85993
CVE-2023-21609,0.00482,0.73415
CVE-2023-2161,0.00042,0.05780
CVE-2023-21610,0.02840,0.89713
CVE-2023-21611,0.00066,0.27247
CVE-2023-21612,0.00064,0.26458
CVE-2023-21613,0.00174,0.54616
CVE-2023-21614,0.00174,0.54616
CVE-2023-21615,0.00047,0.14158
CVE-2023-21616,0.00047,0.14158
CVE-2023-21618,0.00152,0.51364
CVE-2023-21619,0.00482,0.73415
CVE-2023-2162,0.00045,0.12069
CVE-2023-21620,0.00174,0.54616
CVE-2023-21621,0.00605,0.76335
CVE-2023-21622,0.00482,0.73415
CVE-2023-21624,0.00043,0.06775
CVE-2023-21625,0.00074,0.30551
CVE-2023-21626,0.00043,0.06775
CVE-2023-21627,0.00042,0.05722
CVE-2023-21628,0.00043,0.06775
CVE-2023-21629,0.00078,0.32133
CVE-2023-2163,0.00043,0.06775
CVE-2023-21630,0.00043,0.06775
CVE-2023-21631,0.00077,0.31825
CVE-2023-21632,0.00043,0.06775
CVE-2023-21633,0.00043,0.06775
CVE-2023-21634,0.00043,0.06775
CVE-2023-21635,0.00043,0.06775
CVE-2023-21636,0.00043,0.06775
CVE-2023-21637,0.00043,0.06775
CVE-2023-21638,0.00043,0.06775
CVE-2023-21639,0.00043,0.06775
CVE-2023-2164,0.00045,0.11801
CVE-2023-21640,0.00043,0.06775
CVE-2023-21641,0.00043,0.06775
CVE-2023-21642,0.00043,0.06775
CVE-2023-21643,0.00043,0.06775
CVE-2023-21644,0.00043,0.06775
CVE-2023-21646,0.00046,0.13740
CVE-2023-21647,0.00048,0.14697
CVE-2023-21648,0.00043,0.06775
CVE-2023-21649,0.00043,0.06775
CVE-2023-21650,0.00043,0.06775
CVE-2023-21651,0.00043,0.06775
CVE-2023-21652,0.00043,0.06775
CVE-2023-21653,0.00046,0.13740
CVE-2023-21654,0.00043,0.06775
CVE-2023-21655,0.00043,0.06775
CVE-2023-21656,0.00043,0.06775
CVE-2023-21657,0.00043,0.06775
CVE-2023-21658,0.00046,0.13740
CVE-2023-21659,0.00046,0.13740
CVE-2023-2166,0.00042,0.05722
CVE-2023-21660,0.00044,0.10188
CVE-2023-21661,0.00044,0.10188
CVE-2023-21662,0.00043,0.06775
CVE-2023-21663,0.00043,0.06775
CVE-2023-21664,0.00043,0.06775
CVE-2023-21665,0.00043,0.06775
CVE-2023-21666,0.00043,0.06775
CVE-2023-21667,0.00044,0.10345
CVE-2023-21669,0.00074,0.30551
CVE-2023-21670,0.00042,0.05722
CVE-2023-21671,0.00043,0.06775
CVE-2023-21672,0.00043,0.06775
CVE-2023-21673,0.00043,0.06775
CVE-2023-21674,0.00099,0.40613
CVE-2023-21675,0.00048,0.14323
CVE-2023-21676,0.00663,0.77572
CVE-2023-21677,0.00111,0.44186
CVE-2023-21678,0.00048,0.14323
CVE-2023-21679,0.00585,0.75888
CVE-2023-2168,0.00051,0.17507
CVE-2023-21680,0.00048,0.14574
CVE-2023-21681,0.02268,0.88536
CVE-2023-21682,0.00092,0.38906
CVE-2023-21683,0.00111,0.44186
CVE-2023-21684,0.00431,0.71908
CVE-2023-21685,0.02826,0.89684
CVE-2023-21686,0.02826,0.89684
CVE-2023-21687,0.00062,0.24599
CVE-2023-21688,0.00044,0.08140
CVE-2023-21689,0.46593,0.97142
CVE-2023-2169,0.00051,0.17507
CVE-2023-21690,0.46593,0.97142
CVE-2023-21691,0.00127,0.47286
CVE-2023-21692,0.46593,0.97142
CVE-2023-21693,0.00064,0.26143
CVE-2023-21694,0.00066,0.27470
CVE-2023-21695,0.06451,0.93033
CVE-2023-21697,0.00048,0.14315
CVE-2023-21699,0.00066,0.27479
CVE-2023-2170,0.00051,0.17507
CVE-2023-21700,0.00075,0.31096
CVE-2023-21701,0.00075,0.31096
CVE-2023-21702,0.00075,0.31096
CVE-2023-21703,0.00431,0.71908
CVE-2023-21704,0.00066,0.27470
CVE-2023-21705,0.00431,0.71908
CVE-2023-21706,0.00431,0.71908
CVE-2023-21707,0.44996,0.97085
CVE-2023-21708,0.01051,0.82503
CVE-2023-21709,0.00324,0.67757
CVE-2023-2171,0.00045,0.11801
CVE-2023-21710,0.00609,0.76398
CVE-2023-21712,0.00942,0.81446
CVE-2023-21713,0.00431,0.71908
CVE-2023-21714,0.00213,0.59327
CVE-2023-21715,0.00111,0.44115
CVE-2023-21716,0.46345,0.97134
CVE-2023-21717,0.00056,0.20822
CVE-2023-21718,0.00113,0.44762
CVE-2023-21719,0.00306,0.66755
CVE-2023-2172,0.00051,0.17450
CVE-2023-21720,0.00075,0.30885
CVE-2023-21721,0.00051,0.17032
CVE-2023-21722,0.00043,0.07728
CVE-2023-21724,0.00048,0.14323
CVE-2023-21725,0.00043,0.07315
CVE-2023-21726,0.00044,0.08140
CVE-2023-21727,0.00440,0.72241
CVE-2023-21728,0.00111,0.44186
CVE-2023-21729,0.00065,0.26960
CVE-2023-2173,0.00051,0.17450
CVE-2023-21730,0.00053,0.18851
CVE-2023-21732,0.02268,0.88536
CVE-2023-21733,0.00043,0.07315
CVE-2023-21734,0.00210,0.58992
CVE-2023-21735,0.00210,0.58992
CVE-2023-21736,0.00210,0.58992
CVE-2023-21737,0.00210,0.58992
CVE-2023-21738,0.00155,0.51815
CVE-2023-21739,0.00044,0.08140
CVE-2023-2174,0.00045,0.11801
CVE-2023-21740,0.00113,0.44762
CVE-2023-21741,0.00147,0.50718
CVE-2023-21742,0.00663,0.77572
CVE-2023-21743,0.00091,0.38436
CVE-2023-21744,0.00663,0.77572
CVE-2023-21745,0.00056,0.21072
CVE-2023-21746,0.00782,0.79552
CVE-2023-21747,0.00048,0.14323
CVE-2023-21748,0.00048,0.14323
CVE-2023-21749,0.00048,0.14323
CVE-2023-21750,0.00048,0.14323
CVE-2023-21751,0.00051,0.17106
CVE-2023-21752,0.01557,0.85879
CVE-2023-21753,0.00047,0.14046
CVE-2023-21754,0.00048,0.14323
CVE-2023-21755,0.00053,0.18851
CVE-2023-21756,0.00044,0.08140
CVE-2023-21757,0.00111,0.44186
CVE-2023-21758,0.00116,0.45334
CVE-2023-21759,0.00049,0.15133
CVE-2023-2176,0.00042,0.05722
CVE-2023-21760,0.00048,0.14323
CVE-2023-21761,0.00123,0.46591
CVE-2023-21762,0.00050,0.16292
CVE-2023-21763,0.00048,0.14574
CVE-2023-21764,0.00048,0.14574
CVE-2023-21765,0.00048,0.14323
CVE-2023-21766,0.00043,0.07315
CVE-2023-21767,0.00048,0.14323
CVE-2023-21768,0.01182,0.83618
CVE-2023-21769,0.00065,0.26960
CVE-2023-2177,0.00042,0.05722
CVE-2023-21771,0.00043,0.07315
CVE-2023-21772,0.00053,0.18851
CVE-2023-21773,0.00053,0.18851
CVE-2023-21774,0.00053,0.18851
CVE-2023-21775,0.01340,0.84704
CVE-2023-21776,0.00044,0.10361
CVE-2023-21777,0.00081,0.33882
CVE-2023-21778,0.00517,0.74336
CVE-2023-21779,0.00173,0.54569
CVE-2023-2178,0.00078,0.32661
CVE-2023-21780,0.00148,0.50771
CVE-2023-21781,0.00148,0.50771
CVE-2023-21782,0.00148,0.50771
CVE-2023-21783,0.00148,0.50771
CVE-2023-21784,0.00148,0.50771
CVE-2023-21785,0.00148,0.50771
CVE-2023-21786,0.00148,0.50771
CVE-2023-21787,0.00148,0.50771
CVE-2023-21788,0.00148,0.50771
CVE-2023-21789,0.00148,0.50771
CVE-2023-2179,0.00048,0.14563
CVE-2023-21790,0.00179,0.55190
CVE-2023-21791,0.00179,0.55190
CVE-2023-21792,0.00148,0.50771
CVE-2023-21793,0.00179,0.55190
CVE-2023-21794,0.00082,0.33942
CVE-2023-21795,0.00136,0.48902
CVE-2023-21796,0.00132,0.48240
CVE-2023-21797,0.02826,0.89684
CVE-2023-21798,0.02826,0.89684
CVE-2023-21799,0.02826,0.89684
CVE-2023-2180,0.00086,0.35786
CVE-2023-21800,0.00142,0.49926
CVE-2023-21801,0.00066,0.27470
CVE-2023-21802,0.00114,0.44961
CVE-2023-21803,0.01136,0.83241
CVE-2023-21804,0.00049,0.15016
CVE-2023-21805,0.00114,0.44961
CVE-2023-21806,0.00052,0.18040
CVE-2023-21807,0.00045,0.12304
CVE-2023-21808,0.00113,0.44762
CVE-2023-21809,0.00051,0.16943
CVE-2023-2181,0.00053,0.18907
CVE-2023-21811,0.00075,0.31096
CVE-2023-21812,0.00049,0.15016
CVE-2023-21813,0.00075,0.31096
CVE-2023-21815,0.00066,0.27470
CVE-2023-21816,0.00075,0.31096
CVE-2023-21817,0.00122,0.46506
CVE-2023-21818,0.00075,0.31096
CVE-2023-21819,0.00063,0.25174
CVE-2023-2182,0.00068,0.28219
CVE-2023-21820,0.00066,0.27470
CVE-2023-21822,0.00049,0.15004
CVE-2023-21823,0.94006,0.98992
CVE-2023-21824,0.00043,0.07727
CVE-2023-21825,0.00069,0.28744
CVE-2023-21826,0.00088,0.37174
CVE-2023-21827,0.00053,0.18436
CVE-2023-21828,0.00062,0.24293
CVE-2023-21829,0.00053,0.18436
CVE-2023-2183,0.00051,0.17093
CVE-2023-21830,0.00098,0.40481
CVE-2023-21831,0.00069,0.28744
CVE-2023-21832,0.00149,0.51003
CVE-2023-21834,0.00053,0.18436
CVE-2023-21835,0.00054,0.19277
CVE-2023-21836,0.00053,0.18875
CVE-2023-21837,0.00116,0.45333
CVE-2023-21838,0.00125,0.46897
CVE-2023-21839,0.95798,0.99318
CVE-2023-2184,0.00052,0.17889
CVE-2023-21840,0.00053,0.18875
CVE-2023-21841,0.00116,0.45333
CVE-2023-21842,0.00116,0.45333
CVE-2023-21843,0.00077,0.31656
CVE-2023-21844,0.00053,0.18436
CVE-2023-21845,0.00053,0.18436
CVE-2023-21846,0.00149,0.51003
CVE-2023-21847,0.00053,0.18436
CVE-2023-21848,0.00149,0.51003
CVE-2023-21849,0.00069,0.28679
CVE-2023-21850,0.00069,0.28679
CVE-2023-21851,0.00069,0.28679
CVE-2023-21852,0.00069,0.28679
CVE-2023-21853,0.00069,0.28679
CVE-2023-21854,0.00069,0.28679
CVE-2023-21855,0.00069,0.28679
CVE-2023-21856,0.00069,0.28679
CVE-2023-21857,0.00069,0.28679
CVE-2023-21858,0.00069,0.28679
CVE-2023-21859,0.00043,0.07727
CVE-2023-2186,0.00142,0.49931
CVE-2023-21860,0.00179,0.55210
CVE-2023-21861,0.00053,0.18436
CVE-2023-21862,0.00152,0.51411
CVE-2023-21863,0.00053,0.18875
CVE-2023-21864,0.00053,0.18875
CVE-2023-21865,0.00053,0.18875
CVE-2023-21866,0.00053,0.18875
CVE-2023-21867,0.00053,0.18875
CVE-2023-21868,0.00053,0.18875
CVE-2023-21869,0.00053,0.18875
CVE-2023-2187,0.00052,0.17889
CVE-2023-21870,0.00053,0.18875
CVE-2023-21871,0.00053,0.18875
CVE-2023-21872,0.00053,0.18875
CVE-2023-21873,0.00053,0.18875
CVE-2023-21874,0.00047,0.14055
CVE-2023-21875,0.00053,0.18875
CVE-2023-21876,0.00053,0.18875
CVE-2023-21877,0.00053,0.18875
CVE-2023-21878,0.00053,0.18875
CVE-2023-21879,0.00053,0.18875
CVE-2023-2188,0.00065,0.26892
CVE-2023-21880,0.00078,0.32118
CVE-2023-21881,0.00053,0.18875
CVE-2023-21882,0.00053,0.18436
CVE-2023-21883,0.00053,0.18875
CVE-2023-21884,0.00043,0.07727
CVE-2023-21885,0.00043,0.07727
CVE-2023-21886,0.00261,0.63921
CVE-2023-21887,0.00053,0.18875
CVE-2023-21888,0.00053,0.18436
CVE-2023-21889,0.00043,0.07727
CVE-2023-2189,0.00045,0.11801
CVE-2023-21890,0.00371,0.69878
CVE-2023-21891,0.00053,0.18436
CVE-2023-21892,0.00053,0.18436
CVE-2023-21893,0.00231,0.61298
CVE-2023-21894,0.00043,0.07727
CVE-2023-21896,0.00043,0.07727
CVE-2023-21898,0.00043,0.07727
CVE-2023-21899,0.00043,0.07727
CVE-2023-2190,0.00067,0.27630
CVE-2023-21900,0.00047,0.14055
CVE-2023-21901,0.00044,0.10862
CVE-2023-21902,0.00045,0.11801
CVE-2023-21903,0.00067,0.27688
CVE-2023-21904,0.00067,0.27688
CVE-2023-21905,0.00048,0.14699
CVE-2023-21906,0.00048,0.14699
CVE-2023-21907,0.00067,0.27688
CVE-2023-21908,0.00067,0.27688
CVE-2023-21909,0.00047,0.13999
CVE-2023-2191,0.00045,0.11801
CVE-2023-21910,0.00047,0.13999
CVE-2023-21911,0.00055,0.20325
CVE-2023-21912,0.00052,0.17889
CVE-2023-21913,0.00044,0.10862
CVE-2023-21915,0.00045,0.11801
CVE-2023-21916,0.00052,0.17889
CVE-2023-21917,0.00044,0.10862
CVE-2023-21918,0.00044,0.10862
CVE-2023-21919,0.00055,0.20325
CVE-2023-21920,0.00055,0.20325
CVE-2023-21921,0.00045,0.11801
CVE-2023-21922,0.00114,0.44859
CVE-2023-21923,0.00068,0.28437
CVE-2023-21924,0.00044,0.10862
CVE-2023-21925,0.00052,0.17889
CVE-2023-21926,0.00064,0.26169
CVE-2023-21927,0.00045,0.11801
CVE-2023-21928,0.00043,0.07727
CVE-2023-21929,0.00055,0.20325
CVE-2023-2193,0.00091,0.38380
CVE-2023-21930,0.00121,0.46224
CVE-2023-21931,0.00622,0.76693
CVE-2023-21932,0.00146,0.50498
CVE-2023-21933,0.00055,0.20325
CVE-2023-21934,0.00048,0.14699
CVE-2023-21935,0.00055,0.20325
CVE-2023-21936,0.00045,0.11801
CVE-2023-21937,0.00064,0.26240
CVE-2023-21938,0.00064,0.26240
CVE-2023-21939,0.00057,0.21521
CVE-2023-2194,0.00042,0.05722
CVE-2023-21940,0.00051,0.16918
CVE-2023-21941,0.00045,0.11801
CVE-2023-21942,0.00105,0.42578
CVE-2023-21943,0.00105,0.42578
CVE-2023-21944,0.00105,0.42578
CVE-2023-21945,0.00055,0.20325
CVE-2023-21946,0.00084,0.34625
CVE-2023-21947,0.00051,0.16918
CVE-2023-21948,0.00043,0.07727
CVE-2023-21949,0.00052,0.17889
CVE-2023-2195,0.00044,0.10753
CVE-2023-21950,0.00044,0.10862
CVE-2023-21952,0.00047,0.13999
CVE-2023-21953,0.00055,0.20325
CVE-2023-21954,0.00106,0.42985
CVE-2023-21955,0.00055,0.20325
CVE-2023-21956,0.00052,0.17889
CVE-2023-21959,0.00045,0.11801
CVE-2023-2196,0.00046,0.12690
CVE-2023-21960,0.00052,0.17889
CVE-2023-21961,0.00043,0.07727
CVE-2023-21962,0.00055,0.20325
CVE-2023-21963,0.00044,0.10862
CVE-2023-21964,0.00052,0.17889
CVE-2023-21965,0.00047,0.13999
CVE-2023-21966,0.00044,0.10862
CVE-2023-21967,0.00055,0.20750
CVE-2023-21968,0.00064,0.26240
CVE-2023-21969,0.00043,0.07727
CVE-2023-2197,0.00043,0.06775
CVE-2023-21970,0.00047,0.13999
CVE-2023-21971,0.00098,0.40530
CVE-2023-21972,0.00044,0.10862
CVE-2023-21973,0.00045,0.11801
CVE-2023-21974,0.00048,0.14660
CVE-2023-21975,0.00048,0.14660
CVE-2023-21976,0.00044,0.10862
CVE-2023-21977,0.00044,0.10862
CVE-2023-21978,0.00044,0.10862
CVE-2023-21979,0.00144,0.50188
CVE-2023-2198,0.00049,0.15007
CVE-2023-21980,0.00068,0.28437
CVE-2023-21981,0.00047,0.13999
CVE-2023-21982,0.00044,0.10862
CVE-2023-21983,0.00052,0.17889
CVE-2023-21984,0.00044,0.10862
CVE-2023-21985,0.00043,0.07727
CVE-2023-21986,0.00049,0.15906
CVE-2023-21987,0.00175,0.54689
CVE-2023-21988,0.00055,0.20500
CVE-2023-21989,0.00044,0.08088
CVE-2023-2199,0.00049,0.15007
CVE-2023-21990,0.00078,0.32238
CVE-2023-21991,0.00057,0.21319
CVE-2023-21992,0.00045,0.11801
CVE-2023-21993,0.00047,0.13999
CVE-2023-21994,0.00089,0.37287
CVE-2023-21996,0.00052,0.17889
CVE-2023-21997,0.00045,0.11801
CVE-2023-21998,0.00043,0.07727
CVE-2023-21999,0.00043,0.07727
CVE-2023-2200,0.00063,0.25691
CVE-2023-22000,0.00043,0.07727
CVE-2023-22001,0.00043,0.07727
CVE-2023-22002,0.00043,0.07727
CVE-2023-22003,0.00049,0.15906
CVE-2023-22004,0.00052,0.17889
CVE-2023-22005,0.00077,0.31889
CVE-2023-22006,0.00055,0.20638
CVE-2023-22007,0.00044,0.10862
CVE-2023-22008,0.00083,0.34461
CVE-2023-22009,0.00045,0.11801
CVE-2023-2201,0.00050,0.16285
CVE-2023-22010,0.00045,0.11801
CVE-2023-22011,0.00044,0.10862
CVE-2023-22012,0.00045,0.11801
CVE-2023-22013,0.00045,0.11801
CVE-2023-22014,0.00089,0.37483
CVE-2023-22015,0.00044,0.10862
CVE-2023-22016,0.00043,0.07727
CVE-2023-22017,0.00043,0.07727
CVE-2023-22018,0.00191,0.56696
CVE-2023-22019,0.00104,0.42298
CVE-2023-2202,0.00049,0.14986
CVE-2023-22020,0.00045,0.11801
CVE-2023-22021,0.00044,0.10862
CVE-2023-22022,0.00047,0.13999
CVE-2023-22023,0.00043,0.07727
CVE-2023-22024,0.00043,0.07608
CVE-2023-22025,0.00065,0.26944
CVE-2023-22026,0.00044,0.10862
CVE-2023-22027,0.00044,0.10862
CVE-2023-22028,0.00044,0.10862
CVE-2023-22029,0.00052,0.17889
CVE-2023-2203,0.00088,0.37147
CVE-2023-22031,0.00045,0.11801
CVE-2023-22032,0.00044,0.10862
CVE-2023-22033,0.00077,0.31889
CVE-2023-22034,0.00046,0.12619
CVE-2023-22035,0.00052,0.17889
CVE-2023-22036,0.00059,0.22840
CVE-2023-22037,0.00044,0.10862
CVE-2023-22038,0.00077,0.32063
CVE-2023-22039,0.00045,0.11801
CVE-2023-2204,0.00064,0.26393
CVE-2023-22040,0.00046,0.12620
CVE-2023-22041,0.00062,0.24477
CVE-2023-22042,0.00052,0.17889
CVE-2023-22043,0.00056,0.21171
CVE-2023-22044,0.00059,0.22809
CVE-2023-22045,0.00055,0.20638
CVE-2023-22046,0.00083,0.34461
CVE-2023-22047,0.00104,0.42298
CVE-2023-22048,0.00117,0.45553
CVE-2023-22049,0.00055,0.20749
CVE-2023-2205,0.00064,0.26393
CVE-2023-22050,0.00045,0.11801
CVE-2023-22051,0.00052,0.17889
CVE-2023-22052,0.00045,0.11801
CVE-2023-22053,0.00110,0.44013
CVE-2023-22054,0.00083,0.34461
CVE-2023-22055,0.00052,0.17889
CVE-2023-22056,0.00083,0.34461
CVE-2023-22057,0.00083,0.34461
CVE-2023-22058,0.00077,0.31889
CVE-2023-22059,0.00044,0.10862
CVE-2023-2206,0.00063,0.25553
CVE-2023-22060,0.00048,0.14660
CVE-2023-22061,0.00045,0.11801
CVE-2023-22062,0.00049,0.15053
CVE-2023-22064,0.00044,0.10862
CVE-2023-22065,0.00044,0.10862
CVE-2023-22066,0.00044,0.10862
CVE-2023-22067,0.00065,0.26944
CVE-2023-22068,0.00044,0.10862
CVE-2023-22069,0.00137,0.49040
CVE-2023-2207,0.00064,0.26393
CVE-2023-22070,0.00044,0.10862
CVE-2023-22071,0.00044,0.10862
CVE-2023-22072,0.00137,0.49040
CVE-2023-22073,0.00049,0.15906
CVE-2023-22074,0.00044,0.10465
CVE-2023-22075,0.00044,0.10862
CVE-2023-22076,0.00052,0.17889
CVE-2023-22077,0.00044,0.10862
CVE-2023-22078,0.00044,0.10862
CVE-2023-22079,0.00044,0.10862
CVE-2023-2208,0.00064,0.26393
CVE-2023-22080,0.00052,0.17889
CVE-2023-22081,0.00065,0.27056
CVE-2023-22082,0.00045,0.11801
CVE-2023-22083,0.00052,0.17889
CVE-2023-22084,0.00061,0.24000
CVE-2023-22085,0.00048,0.14660
CVE-2023-22086,0.00078,0.32132
CVE-2023-22087,0.00048,0.14660
CVE-2023-22088,0.00045,0.11801
CVE-2023-22089,0.00137,0.49040
CVE-2023-2209,0.00064,0.26393
CVE-2023-22090,0.00047,0.13999
CVE-2023-22091,0.00052,0.17889
CVE-2023-22092,0.00044,0.10862
CVE-2023-22093,0.00052,0.17889
CVE-2023-22094,0.00043,0.07727
CVE-2023-22095,0.00044,0.10862
CVE-2023-22096,0.00045,0.11801
CVE-2023-22097,0.00044,0.10862
CVE-2023-22098,0.00043,0.07727
CVE-2023-22099,0.00043,0.07727
CVE-2023-2210,0.00064,0.26393
CVE-2023-22100,0.00043,0.07727
CVE-2023-22101,0.00133,0.48357
CVE-2023-22102,0.00112,0.44604
CVE-2023-22103,0.00044,0.10862
CVE-2023-22104,0.00044,0.10862
CVE-2023-22105,0.00045,0.11801
CVE-2023-22106,0.00047,0.13999
CVE-2023-22107,0.00052,0.17889
CVE-2023-22108,0.00078,0.32132
CVE-2023-22109,0.00045,0.11801
CVE-2023-2211,0.00064,0.26393
CVE-2023-22110,0.00044,0.10862
CVE-2023-22111,0.00044,0.10862
CVE-2023-22112,0.00044,0.10862
CVE-2023-22113,0.00045,0.11801
CVE-2023-22114,0.00044,0.10862
CVE-2023-22115,0.00044,0.10862
CVE-2023-22117,0.00045,0.11801
CVE-2023-22118,0.00044,0.10862
CVE-2023-22119,0.00047,0.13989
CVE-2023-2212,0.00064,0.26393
CVE-2023-22121,0.00052,0.17889
CVE-2023-22122,0.00047,0.13989
CVE-2023-22123,0.00045,0.11801
CVE-2023-22124,0.00045,0.11801
CVE-2023-22125,0.00045,0.11801
CVE-2023-22126,0.00052,0.17889
CVE-2023-22127,0.00044,0.10862
CVE-2023-22128,0.00052,0.17889
CVE-2023-22129,0.00043,0.07727
CVE-2023-2213,0.00064,0.26393
CVE-2023-22130,0.00052,0.17889
CVE-2023-2214,0.00064,0.26393
CVE-2023-2215,0.00131,0.47989
CVE-2023-2216,0.00060,0.23646
CVE-2023-2217,0.00130,0.47773
CVE-2023-2218,0.00130,0.47773
CVE-2023-2219,0.00083,0.34248
CVE-2023-2220,0.00060,0.23704
CVE-2023-2221,0.00050,0.16285
CVE-2023-22226,0.07306,0.93438
CVE-2023-22227,0.00482,0.73415
CVE-2023-22228,0.00605,0.76335
CVE-2023-22229,0.00482,0.73415
CVE-2023-2223,0.00044,0.10565
CVE-2023-22230,0.00252,0.63214
CVE-2023-22231,0.00174,0.54616
CVE-2023-22232,0.12027,0.94876
CVE-2023-22233,0.00174,0.54616
CVE-2023-22234,0.07306,0.93438
CVE-2023-22235,0.00469,0.73025
CVE-2023-22236,0.00411,0.71315
CVE-2023-22237,0.00482,0.73415
CVE-2023-22238,0.00482,0.73415
CVE-2023-22239,0.00605,0.76335
CVE-2023-2224,0.00102,0.41444
CVE-2023-22240,0.00482,0.73415
CVE-2023-22241,0.00482,0.73415
CVE-2023-22242,0.00370,0.69833
CVE-2023-22243,0.07306,0.93438
CVE-2023-22244,0.00441,0.72264
CVE-2023-22246,0.00441,0.72264
CVE-2023-22247,0.00105,0.42537
CVE-2023-22248,0.00151,0.51294
CVE-2023-22249,0.00051,0.17144
CVE-2023-2225,0.00045,0.11801
CVE-2023-22250,0.00053,0.18312
CVE-2023-22251,0.00047,0.14158
CVE-2023-22252,0.00047,0.14158
CVE-2023-22253,0.00047,0.14158
CVE-2023-22254,0.00047,0.14158
CVE-2023-22256,0.00047,0.14158
CVE-2023-22257,0.00047,0.14158
CVE-2023-22258,0.00047,0.14158
CVE-2023-22259,0.00047,0.14158
CVE-2023-2226,0.00044,0.10188
CVE-2023-22260,0.00047,0.14158
CVE-2023-22261,0.00047,0.14158
CVE-2023-22262,0.00047,0.14158
CVE-2023-22263,0.00047,0.14158
CVE-2023-22264,0.00047,0.14158
CVE-2023-22265,0.00047,0.14158
CVE-2023-22266,0.00047,0.14158
CVE-2023-22268,0.00088,0.36840
CVE-2023-22269,0.00047,0.14158
CVE-2023-2227,0.00087,0.36569
CVE-2023-22271,0.00051,0.16937
CVE-2023-22272,0.00136,0.48999
CVE-2023-22273,0.00187,0.56236
CVE-2023-22274,0.00128,0.47495
CVE-2023-22275,0.00128,0.47495
CVE-2023-22276,0.00043,0.06775
CVE-2023-22277,0.00056,0.21001
CVE-2023-22278,0.00113,0.44706
CVE-2023-22279,0.00252,0.63160
CVE-2023-2228,0.00050,0.15988
CVE-2023-22280,0.00180,0.55269
CVE-2023-22281,0.00055,0.20446
CVE-2023-22282,0.00043,0.06775
CVE-2023-22283,0.00043,0.06775
CVE-2023-22285,0.00052,0.17889
CVE-2023-22286,0.00076,0.31340
CVE-2023-22288,0.00045,0.11801
CVE-2023-2229,0.00050,0.16285
CVE-2023-22290,0.00044,0.10862
CVE-2023-22291,0.00085,0.35273
CVE-2023-22292,0.00043,0.06775
CVE-2023-22294,0.00050,0.16285
CVE-2023-22295,0.00082,0.34235
CVE-2023-22296,0.00117,0.45521
CVE-2023-22297,0.00061,0.23810
CVE-2023-22298,0.00089,0.37384
CVE-2023-22299,0.00083,0.34480
CVE-2023-22300,0.00062,0.24851
CVE-2023-22301,0.00087,0.36261
CVE-2023-22302,0.00055,0.20446
CVE-2023-22303,0.00189,0.56525
CVE-2023-22304,0.00043,0.07443
CVE-2023-22305,0.00043,0.06775
CVE-2023-22306,0.00107,0.43155
CVE-2023-22307,0.00042,0.05722
CVE-2023-22308,0.00046,0.13833
CVE-2023-22309,0.00046,0.13740
CVE-2023-2231,0.00282,0.65322
CVE-2023-22310,0.00043,0.06775
CVE-2023-22312,0.00043,0.06775
CVE-2023-22313,0.00043,0.06775
CVE-2023-22314,0.00056,0.21001
CVE-2023-22315,0.00042,0.00438
CVE-2023-22316,0.00052,0.18120
CVE-2023-22317,0.00056,0.21001
CVE-2023-22318,0.00046,0.13740
CVE-2023-22319,0.00076,0.31600
CVE-2023-2232,0.00047,0.13994
CVE-2023-22320,0.00192,0.56899
CVE-2023-22321,0.00082,0.34235
CVE-2023-22322,0.00053,0.18493
CVE-2023-22323,0.00055,0.20446
CVE-2023-22324,0.00078,0.32103
CVE-2023-22325,0.00046,0.13740
CVE-2023-22326,0.00052,0.18157
CVE-2023-22327,0.00043,0.06775
CVE-2023-22329,0.00043,0.06775
CVE-2023-2233,0.00045,0.11801
CVE-2023-22330,0.00043,0.06775
CVE-2023-22331,0.00135,0.48734
CVE-2023-22332,0.00073,0.30429
CVE-2023-22333,0.00068,0.28020
CVE-2023-22334,0.00117,0.45467
CVE-2023-22335,0.00103,0.41580
CVE-2023-22336,0.00159,0.52371
CVE-2023-22337,0.00052,0.17889
CVE-2023-22338,0.00045,0.12069
CVE-2023-22339,0.00165,0.53179
CVE-2023-2234,0.00055,0.20747
CVE-2023-22340,0.00055,0.20446
CVE-2023-22341,0.00055,0.20446
CVE-2023-22344,0.00163,0.52989
CVE-2023-22345,0.00052,0.17690
CVE-2023-22346,0.00052,0.17690
CVE-2023-22347,0.00052,0.17690
CVE-2023-22348,0.00056,0.21111
CVE-2023-22349,0.00052,0.17690
CVE-2023-2235,0.00042,0.05722
CVE-2023-22350,0.00065,0.26885
CVE-2023-22353,0.00065,0.26885
CVE-2023-22354,0.00082,0.34235
CVE-2023-22355,0.00043,0.06775
CVE-2023-22356,0.00043,0.06775
CVE-2023-22357,0.00299,0.66362
CVE-2023-22358,0.00043,0.06775
CVE-2023-22359,0.00045,0.11801
CVE-2023-2236,0.00042,0.05722
CVE-2023-22360,0.00052,0.17690
CVE-2023-22361,0.00090,0.37891
CVE-2023-22362,0.00078,0.32744
CVE-2023-22363,0.00046,0.13740
CVE-2023-22365,0.00063,0.25192
CVE-2023-22366,0.00075,0.30833
CVE-2023-22367,0.00110,0.43990
CVE-2023-22368,0.00053,0.19001
CVE-2023-2237,0.00064,0.26137
CVE-2023-22370,0.00044,0.10345
CVE-2023-22371,0.00130,0.47838
CVE-2023-22372,0.00048,0.14563
CVE-2023-22373,0.00074,0.30484
CVE-2023-22374,0.00058,0.22012
CVE-2023-22375,0.00056,0.21102
CVE-2023-22376,0.00050,0.16429
CVE-2023-22377,0.00096,0.39800
CVE-2023-22378,0.00049,0.14986
CVE-2023-22379,0.00043,0.06775
CVE-2023-22380,0.00062,0.24463
CVE-2023-22381,0.00097,0.40172
CVE-2023-22382,0.00043,0.06775
CVE-2023-22383,0.00043,0.06775
CVE-2023-22384,0.00043,0.06775
CVE-2023-22385,0.00077,0.31825
CVE-2023-22386,0.00043,0.06775
CVE-2023-22387,0.00043,0.06775
CVE-2023-22388,0.00077,0.31825
CVE-2023-22389,0.00052,0.18157
CVE-2023-2239,0.00049,0.14986
CVE-2023-22391,0.00078,0.32333
CVE-2023-22392,0.00049,0.14855
CVE-2023-22393,0.00078,0.32333
CVE-2023-22394,0.00078,0.32333
CVE-2023-22395,0.00044,0.10345
CVE-2023-22396,0.00078,0.32333
CVE-2023-22397,0.00044,0.10345
CVE-2023-22398,0.00042,0.05722
CVE-2023-22399,0.00078,0.32333
CVE-2023-2240,0.00050,0.16285
CVE-2023-22400,0.00078,0.32333
CVE-2023-22401,0.00078,0.32333
CVE-2023-22402,0.00078,0.32333
CVE-2023-22403,0.00086,0.35713
CVE-2023-22404,0.00073,0.30137
CVE-2023-22405,0.00049,0.14855
CVE-2023-22406,0.00049,0.14855
CVE-2023-22407,0.00049,0.14855
CVE-2023-22408,0.00086,0.35713
CVE-2023-22409,0.00042,0.05722
CVE-2023-2241,0.00042,0.05722
CVE-2023-22410,0.00044,0.10345
CVE-2023-22411,0.00078,0.32333
CVE-2023-22412,0.00078,0.32333
CVE-2023-22413,0.00086,0.35713
CVE-2023-22414,0.00049,0.14855
CVE-2023-22415,0.00075,0.31036
CVE-2023-22416,0.00086,0.35713
CVE-2023-22417,0.00086,0.35713
CVE-2023-22418,0.00050,0.16429
CVE-2023-22419,0.00065,0.26885
CVE-2023-2242,0.00061,0.24091
CVE-2023-22421,0.00065,0.26885
CVE-2023-22422,0.00055,0.20446
CVE-2023-22424,0.00065,0.26885
CVE-2023-22425,0.00106,0.42692
CVE-2023-22427,0.00156,0.51980
CVE-2023-22428,0.00046,0.12619
CVE-2023-22429,0.00042,0.05722
CVE-2023-2243,0.00061,0.24091
CVE-2023-22432,0.02526,0.89114
CVE-2023-22435,0.00046,0.13740
CVE-2023-22436,0.00042,0.05722
CVE-2023-22438,0.00068,0.28385
CVE-2023-22439,0.00046,0.13740
CVE-2023-2244,0.00063,0.25553
CVE-2023-22440,0.00043,0.06775
CVE-2023-22441,0.00200,0.57930
CVE-2023-22442,0.00043,0.06775
CVE-2023-22443,0.00043,0.06775
CVE-2023-22444,0.00043,0.06775
CVE-2023-22447,0.00043,0.06775
CVE-2023-22448,0.00050,0.16285
CVE-2023-22449,0.00043,0.06775
CVE-2023-2245,0.00063,0.25553
CVE-2023-22450,0.00075,0.31081
CVE-2023-22451,0.00112,0.44332
CVE-2023-22452,0.00048,0.14636
CVE-2023-22453,0.00050,0.16290
CVE-2023-22454,0.00050,0.16290
CVE-2023-22455,0.00050,0.16290
CVE-2023-22456,0.00081,0.33902
CVE-2023-22457,0.00712,0.78477
CVE-2023-22458,0.00042,0.05722
CVE-2023-2246,0.00499,0.73845
CVE-2023-22460,0.00070,0.28969
CVE-2023-22461,0.00053,0.18466
CVE-2023-22462,0.00115,0.45236
CVE-2023-22463,0.02067,0.87898
CVE-2023-22464,0.00090,0.37695
CVE-2023-22465,0.00067,0.27622
CVE-2023-22466,0.00126,0.47081
CVE-2023-22467,0.00089,0.37446
CVE-2023-22468,0.00053,0.18436
CVE-2023-22469,0.00051,0.17233
CVE-2023-2247,0.00046,0.13740
CVE-2023-22470,0.00063,0.25047
CVE-2023-22471,0.00068,0.28225
CVE-2023-22472,0.00085,0.35527
CVE-2023-22473,0.00047,0.13920
CVE-2023-22474,0.00052,0.18157
CVE-2023-22475,0.00058,0.22667
CVE-2023-22476,0.00051,0.17337
CVE-2023-22477,0.00075,0.30930
CVE-2023-22478,0.03166,0.90188
CVE-2023-22479,0.00063,0.25287
CVE-2023-22480,0.01867,0.87151
CVE-2023-22481,0.00043,0.06775
CVE-2023-22482,0.00089,0.37248
CVE-2023-22483,0.00072,0.29670
CVE-2023-22484,0.00072,0.29670
CVE-2023-22485,0.00064,0.26324
CVE-2023-22486,0.00072,0.29670
CVE-2023-22487,0.00051,0.17233
CVE-2023-22488,0.00048,0.14636
CVE-2023-22489,0.00069,0.28446
CVE-2023-2249,0.00955,0.81602
CVE-2023-22490,0.00052,0.18141
CVE-2023-22491,0.00055,0.20749
CVE-2023-22492,0.00097,0.40170
CVE-2023-22493,0.00096,0.40001
CVE-2023-22495,0.00141,0.49734
CVE-2023-22496,0.00173,0.54564
CVE-2023-22497,0.00110,0.44100
CVE-2023-22499,0.00139,0.49484
CVE-2023-2250,0.00043,0.06775
CVE-2023-22500,0.00137,0.49102
CVE-2023-22501,0.00151,0.51337
CVE-2023-22503,0.00069,0.28553
CVE-2023-22504,0.00058,0.21914
CVE-2023-22505,0.00090,0.37849
CVE-2023-22506,0.00113,0.44689
CVE-2023-22508,0.00090,0.37849
CVE-2023-2251,0.00046,0.13740
CVE-2023-22513,0.00097,0.40207
CVE-2023-22515,0.95682,0.99295
CVE-2023-22516,0.00097,0.40207
CVE-2023-22518,0.96525,0.99518
CVE-2023-2252,0.00112,0.44342
CVE-2023-22521,0.00097,0.40207
CVE-2023-22522,0.00109,0.43583
CVE-2023-22523,0.00104,0.42344
CVE-2023-22524,0.00212,0.59188
CVE-2023-22526,0.00151,0.51330
CVE-2023-22527,0.97301,0.99851
CVE-2023-2253,0.00044,0.10862
CVE-2023-2254,0.00045,0.11801
CVE-2023-2255,0.00070,0.28946
CVE-2023-22551,0.00136,0.48924
CVE-2023-2256,0.00046,0.13740
CVE-2023-2257,0.00043,0.06775
CVE-2023-22572,0.00042,0.05722
CVE-2023-22573,0.00042,0.05722
CVE-2023-22574,0.00058,0.22690
CVE-2023-22575,0.00058,0.22690
CVE-2023-22577,0.00093,0.39078
CVE-2023-22578,0.00089,0.37298
CVE-2023-22579,0.00050,0.16890
CVE-2023-2258,0.00087,0.36569
CVE-2023-22580,0.00087,0.36261
CVE-2023-22581,0.00095,0.39730
CVE-2023-22582,0.00046,0.13740
CVE-2023-22583,0.00076,0.31600
CVE-2023-22584,0.00087,0.36261
CVE-2023-22585,0.00046,0.13740
CVE-2023-22586,0.00093,0.39008
CVE-2023-2259,0.00049,0.15052
CVE-2023-22591,0.00043,0.07327
CVE-2023-22592,0.00042,0.05722
CVE-2023-22593,0.00043,0.06775
CVE-2023-22594,0.00048,0.14834
CVE-2023-22595,0.00045,0.11801
CVE-2023-22597,0.00113,0.44700
CVE-2023-22598,0.00213,0.59370
CVE-2023-22599,0.00163,0.53027
CVE-2023-2260,0.00050,0.16285
CVE-2023-22600,0.00139,0.49391
CVE-2023-22601,0.00132,0.48268
CVE-2023-22602,0.00362,0.69509
CVE-2023-2261,0.00052,0.17703
CVE-2023-22610,0.00055,0.20446
CVE-2023-22611,0.00094,0.39422
CVE-2023-22612,0.00042,0.05722
CVE-2023-22613,0.00042,0.05722
CVE-2023-22614,0.00042,0.05722
CVE-2023-22615,0.00042,0.05722
CVE-2023-22616,0.00042,0.05722
CVE-2023-22617,0.00409,0.71242
CVE-2023-22618,0.00042,0.05722
CVE-2023-2262,0.00138,0.49369
CVE-2023-22620,0.06157,0.92874
CVE-2023-22621,0.00196,0.57568
CVE-2023-22622,0.00067,0.27677
CVE-2023-22624,0.00751,0.79062
CVE-2023-22626,0.00135,0.48807
CVE-2023-22629,0.00245,0.62619
CVE-2023-2263,0.00044,0.10871
CVE-2023-22630,0.00056,0.20979
CVE-2023-22633,0.00052,0.17889
CVE-2023-22635,0.00042,0.05722
CVE-2023-22636,0.00042,0.05722
CVE-2023-22637,0.00082,0.33959
CVE-2023-22638,0.00048,0.14564
CVE-2023-22639,0.00043,0.06775
CVE-2023-2264,0.00043,0.06775
CVE-2023-22640,0.00050,0.16285
CVE-2023-22641,0.00045,0.11801
CVE-2023-22642,0.00068,0.28059
CVE-2023-22643,0.00050,0.16790
CVE-2023-22644,0.00043,0.06775
CVE-2023-22645,0.00050,0.16285
CVE-2023-22647,0.00043,0.06775
CVE-2023-22648,0.00050,0.16285
CVE-2023-2265,0.00052,0.17889
CVE-2023-22651,0.00057,0.21295
CVE-2023-22652,0.00056,0.20790
CVE-2023-22653,0.00083,0.34480
CVE-2023-22654,0.00056,0.21222
CVE-2023-22657,0.00044,0.08100
CVE-2023-22659,0.00083,0.34480
CVE-2023-2266,0.00046,0.13740
CVE-2023-22660,0.00180,0.55346
CVE-2023-22661,0.00043,0.06775
CVE-2023-22663,0.00050,0.16285
CVE-2023-22664,0.00055,0.20446
CVE-2023-22665,0.00129,0.47760
CVE-2023-22666,0.00043,0.06775
CVE-2023-22667,0.00043,0.06775
CVE-2023-22668,0.00043,0.06775
CVE-2023-22669,0.00058,0.22594
CVE-2023-2267,0.00046,0.13740
CVE-2023-22670,0.00058,0.22594
CVE-2023-22671,0.00135,0.48867
CVE-2023-22672,0.00058,0.21913
CVE-2023-22673,0.00058,0.21913
CVE-2023-22674,0.00058,0.21913
CVE-2023-22676,0.00050,0.16285
CVE-2023-22677,0.00049,0.15052
CVE-2023-22678,0.00058,0.21913
CVE-2023-22679,0.00045,0.11801
CVE-2023-2268,0.00123,0.46534
CVE-2023-22680,0.00045,0.11801
CVE-2023-22681,0.00048,0.14563
CVE-2023-22682,0.00046,0.13740
CVE-2023-22683,0.00045,0.11801
CVE-2023-22684,0.00045,0.11801
CVE-2023-22685,0.00045,0.11801
CVE-2023-22686,0.00058,0.21913
CVE-2023-22687,0.00087,0.36261
CVE-2023-22688,0.00058,0.21913
CVE-2023-22689,0.00058,0.21913
CVE-2023-2269,0.00042,0.05722
CVE-2023-22690,0.00045,0.11801
CVE-2023-22691,0.00058,0.21913
CVE-2023-22692,0.00058,0.21913
CVE-2023-22693,0.00058,0.21913
CVE-2023-22694,0.00058,0.21913
CVE-2023-22695,0.00058,0.21913
CVE-2023-22696,0.00045,0.11801
CVE-2023-22698,0.00045,0.11801
CVE-2023-2270,0.00044,0.07794
CVE-2023-22700,0.00046,0.13740
CVE-2023-22702,0.00045,0.11801
CVE-2023-22703,0.00046,0.13740
CVE-2023-22704,0.00046,0.13740
CVE-2023-22705,0.00046,0.13740
CVE-2023-22706,0.00046,0.13740
CVE-2023-22707,0.00045,0.11801
CVE-2023-22709,0.00058,0.21913
CVE-2023-2271,0.00046,0.13740
CVE-2023-22710,0.00046,0.13740
CVE-2023-22711,0.00045,0.11801
CVE-2023-22712,0.00045,0.11801
CVE-2023-22713,0.00094,0.39473
CVE-2023-22714,0.00058,0.21913
CVE-2023-22715,0.00045,0.11801
CVE-2023-22716,0.00045,0.11801
CVE-2023-22717,0.00045,0.11801
CVE-2023-22718,0.00046,0.13740
CVE-2023-22719,0.00091,0.38380
CVE-2023-2272,0.00064,0.26255
CVE-2023-22720,0.00045,0.11801
CVE-2023-22721,0.00053,0.18436
CVE-2023-22722,0.00063,0.25287
CVE-2023-22724,0.00053,0.18436
CVE-2023-22725,0.00053,0.18436
CVE-2023-22726,0.00183,0.55679
CVE-2023-22727,0.00142,0.49978
CVE-2023-22728,0.00045,0.11801
CVE-2023-22729,0.00046,0.13740
CVE-2023-2273,0.00048,0.14771
CVE-2023-22730,0.00059,0.22838
CVE-2023-22731,0.00179,0.55229
CVE-2023-22732,0.00142,0.49978
CVE-2023-22733,0.00099,0.40713
CVE-2023-22734,0.00058,0.22621
CVE-2023-22735,0.00086,0.35652
CVE-2023-22736,0.00089,0.37248
CVE-2023-22737,0.00094,0.39370
CVE-2023-22738,0.00052,0.18157
CVE-2023-22739,0.00074,0.30434
CVE-2023-22740,0.00069,0.28580
CVE-2023-22741,0.00737,0.78871
CVE-2023-22742,0.00098,0.40526
CVE-2023-22743,0.00042,0.05722
CVE-2023-22745,0.00042,0.05722
CVE-2023-22746,0.00070,0.28855
CVE-2023-22747,0.00319,0.67517
CVE-2023-22748,0.00319,0.67517
CVE-2023-22749,0.00319,0.67517
CVE-2023-2275,0.00051,0.17164
CVE-2023-22750,0.00319,0.67517
CVE-2023-22751,0.00230,0.61256
CVE-2023-22752,0.00230,0.61256
CVE-2023-22753,0.00236,0.61745
CVE-2023-22754,0.00236,0.61745
CVE-2023-22755,0.00236,0.61745
CVE-2023-22756,0.00236,0.61745
CVE-2023-22757,0.00236,0.61745
CVE-2023-22758,0.00065,0.26784
CVE-2023-22759,0.00065,0.26784
CVE-2023-2276,0.00091,0.38120
CVE-2023-22760,0.00065,0.26784
CVE-2023-22761,0.00065,0.26784
CVE-2023-22762,0.00056,0.21018
CVE-2023-22763,0.00056,0.21018
CVE-2023-22764,0.00056,0.21018
CVE-2023-22765,0.00056,0.21018
CVE-2023-22766,0.00056,0.21018
CVE-2023-22767,0.00056,0.21018
CVE-2023-22768,0.00056,0.21018
CVE-2023-22769,0.00056,0.21018
CVE-2023-2277,0.00062,0.24836
CVE-2023-22770,0.00056,0.21018
CVE-2023-22771,0.00048,0.14685
CVE-2023-22772,0.00055,0.20405
CVE-2023-22773,0.00055,0.20405
CVE-2023-22774,0.00055,0.20405
CVE-2023-22775,0.00052,0.18157
CVE-2023-22776,0.00062,0.24463
CVE-2023-22777,0.00052,0.18157
CVE-2023-22778,0.00052,0.18016
CVE-2023-22779,0.00203,0.58351
CVE-2023-2278,0.00168,0.53593
CVE-2023-22780,0.00203,0.58351
CVE-2023-22781,0.00203,0.58351
CVE-2023-22782,0.00203,0.58351
CVE-2023-22783,0.00203,0.58351
CVE-2023-22784,0.00203,0.58351
CVE-2023-22785,0.00203,0.58351
CVE-2023-22786,0.00203,0.58351
CVE-2023-22787,0.00045,0.12348
CVE-2023-22788,0.00047,0.13919
CVE-2023-22789,0.00047,0.13919
CVE-2023-2279,0.00065,0.26944
CVE-2023-22790,0.00047,0.13919
CVE-2023-22791,0.00043,0.06775
CVE-2023-22792,0.00055,0.20446
CVE-2023-22794,0.00056,0.21131
CVE-2023-22795,0.00090,0.37740
CVE-2023-22796,0.00055,0.20446
CVE-2023-22797,0.00050,0.16429
CVE-2023-22798,0.00053,0.18524
CVE-2023-22799,0.00055,0.20446
CVE-2023-2280,0.00065,0.26944
CVE-2023-22803,0.00051,0.16932
CVE-2023-22804,0.00105,0.42673
CVE-2023-22805,0.00070,0.29114
CVE-2023-22806,0.00094,0.39422
CVE-2023-22807,0.00105,0.42673
CVE-2023-22808,0.00051,0.17175
CVE-2023-22809,0.00050,0.16786
CVE-2023-2281,0.00045,0.11801
CVE-2023-22812,0.00089,0.37448
CVE-2023-22813,0.00066,0.27595
CVE-2023-22814,0.00127,0.47258
CVE-2023-22815,0.00090,0.37894
CVE-2023-22816,0.00092,0.38885
CVE-2023-22818,0.00055,0.20747
CVE-2023-2282,0.00049,0.14986
CVE-2023-2283,0.00166,0.53372
CVE-2023-22832,0.00079,0.32930
CVE-2023-22833,0.00049,0.14986
CVE-2023-22834,0.00045,0.11801
CVE-2023-22835,0.00044,0.10862
CVE-2023-22836,0.00043,0.06775
CVE-2023-22838,0.00052,0.18016
CVE-2023-22839,0.00055,0.20446
CVE-2023-2284,0.00045,0.11801
CVE-2023-22840,0.00042,0.05722
CVE-2023-22841,0.00043,0.06775
CVE-2023-22842,0.00055,0.20446
CVE-2023-22843,0.00045,0.11801
CVE-2023-22844,0.00106,0.42831
CVE-2023-22845,0.00084,0.34921
CVE-2023-22846,0.00082,0.34235
CVE-2023-22847,0.00052,0.18059
CVE-2023-22849,0.00182,0.55603
CVE-2023-2285,0.00052,0.17889
CVE-2023-22850,0.00085,0.35505
CVE-2023-22851,0.00085,0.35505
CVE-2023-22852,0.00047,0.13909
CVE-2023-22853,0.00094,0.39433
CVE-2023-22854,0.00100,0.41005
CVE-2023-22855,0.01423,0.85183
CVE-2023-22856,0.00045,0.11801
CVE-2023-22857,0.00045,0.11801
CVE-2023-22858,0.00046,0.13740
CVE-2023-2286,0.00065,0.26944
CVE-2023-22860,0.00044,0.10565
CVE-2023-22862,0.00074,0.30453
CVE-2023-22863,0.00095,0.39588
CVE-2023-22868,0.00044,0.10454
CVE-2023-2287,0.00045,0.11801
CVE-2023-22870,0.00068,0.27909
CVE-2023-22874,0.00043,0.07327
CVE-2023-22875,0.00081,0.33648
CVE-2023-22876,0.00049,0.15916
CVE-2023-22877,0.00059,0.22968
CVE-2023-22878,0.00042,0.05722
CVE-2023-2288,0.00052,0.17780
CVE-2023-22880,0.00087,0.36261
CVE-2023-22881,0.00044,0.10188
CVE-2023-22882,0.00044,0.10188
CVE-2023-22883,0.00042,0.05722
CVE-2023-22884,0.00741,0.78933
CVE-2023-22886,0.00045,0.12340
CVE-2023-22887,0.00045,0.12362
CVE-2023-22888,0.00061,0.23774
CVE-2023-22889,0.00282,0.65350
CVE-2023-2289,0.00052,0.17889
CVE-2023-22890,0.00052,0.17889
CVE-2023-22891,0.00046,0.12561
CVE-2023-22892,0.00095,0.39582
CVE-2023-22893,0.00114,0.44870
CVE-2023-22894,0.00076,0.31176
CVE-2023-22895,0.00096,0.39980
CVE-2023-22897,0.03884,0.91107
CVE-2023-22898,0.00078,0.32333
CVE-2023-22899,0.00150,0.51022
CVE-2023-2290,0.00042,0.05722
CVE-2023-22900,0.00171,0.54157
CVE-2023-22901,0.00076,0.31297
CVE-2023-22902,0.00048,0.14756
CVE-2023-22903,0.00197,0.57651
CVE-2023-22906,0.00063,0.25756
CVE-2023-22909,0.00119,0.45890
CVE-2023-2291,0.00060,0.23520
CVE-2023-22910,0.00062,0.24445
CVE-2023-22911,0.00067,0.27728
CVE-2023-22912,0.00063,0.25006
CVE-2023-22913,0.00077,0.31905
CVE-2023-22914,0.00076,0.31327
CVE-2023-22915,0.00062,0.24776
CVE-2023-22916,0.00075,0.30924
CVE-2023-22917,0.00081,0.33789
CVE-2023-22918,0.00063,0.25017
CVE-2023-22919,0.00050,0.16721
CVE-2023-22920,0.00163,0.52989
CVE-2023-22921,0.00049,0.15139
CVE-2023-22922,0.00081,0.33789
CVE-2023-22923,0.00065,0.26805
CVE-2023-22924,0.00065,0.26805
CVE-2023-2293,0.00051,0.17093
CVE-2023-22931,0.00048,0.14685
CVE-2023-22932,0.00050,0.16429
CVE-2023-22933,0.00053,0.18524
CVE-2023-22934,0.00055,0.20750
CVE-2023-22935,0.00111,0.44132
CVE-2023-22936,0.00053,0.18614
CVE-2023-22937,0.00048,0.14685
CVE-2023-22938,0.00048,0.14685
CVE-2023-22939,0.00107,0.43013
CVE-2023-2294,0.00052,0.17770
CVE-2023-22940,0.00052,0.17894
CVE-2023-22941,0.00055,0.20446
CVE-2023-22942,0.00046,0.13740
CVE-2023-22943,0.00050,0.16429
CVE-2023-22945,0.00064,0.26362
CVE-2023-22946,0.00047,0.13946
CVE-2023-22947,0.00043,0.06775
CVE-2023-22948,0.00049,0.14986
CVE-2023-22949,0.00049,0.14986
CVE-2023-2295,0.00176,0.54795
CVE-2023-22950,0.00049,0.14986
CVE-2023-22951,0.00050,0.16285
CVE-2023-22952,0.03611,0.90785
CVE-2023-22953,0.00152,0.51473
CVE-2023-22955,0.00042,0.05722
CVE-2023-22956,0.00106,0.42866
CVE-2023-22957,0.00095,0.39574
CVE-2023-22958,0.00067,0.27728
CVE-2023-22959,0.00080,0.33382
CVE-2023-2296,0.00046,0.13740
CVE-2023-22960,0.00132,0.48268
CVE-2023-22963,0.00050,0.16290
CVE-2023-22964,0.00882,0.80784
CVE-2023-2297,0.00074,0.30479
CVE-2023-22970,0.00142,0.49985
CVE-2023-22971,0.00101,0.41105
CVE-2023-22972,0.00122,0.46529
CVE-2023-22973,0.00562,0.75362
CVE-2023-22974,0.00319,0.67503
CVE-2023-22975,0.00053,0.18524
CVE-2023-2298,0.00065,0.26944
CVE-2023-22984,0.00075,0.30926
CVE-2023-22985,0.00046,0.13740
CVE-2023-2299,0.00065,0.26944
CVE-2023-22995,0.00042,0.05722
CVE-2023-22996,0.00043,0.06775
CVE-2023-22997,0.00043,0.06775
CVE-2023-22998,0.00042,0.05722
CVE-2023-22999,0.00043,0.06775
CVE-2023-2300,0.00051,0.17507
CVE-2023-23000,0.00042,0.05722
CVE-2023-23001,0.00043,0.06775
CVE-2023-23002,0.00043,0.06775
CVE-2023-23003,0.00042,0.05722
CVE-2023-23004,0.00042,0.05722
CVE-2023-23005,0.00042,0.05722
CVE-2023-23006,0.00043,0.06775
CVE-2023-23007,0.00056,0.21131
CVE-2023-23009,0.00114,0.44814
CVE-2023-2301,0.00065,0.26944
CVE-2023-23010,0.00068,0.28435
CVE-2023-23011,0.00053,0.18524
CVE-2023-23012,0.00060,0.23323
CVE-2023-23014,0.00054,0.19134
CVE-2023-23015,0.00067,0.27728
CVE-2023-2302,0.00051,0.17507
CVE-2023-23024,0.00067,0.27728
CVE-2023-23026,0.00058,0.21981
CVE-2023-2303,0.00065,0.26944
CVE-2023-23039,0.00045,0.12108
CVE-2023-2304,0.00051,0.17450
CVE-2023-23040,0.00308,0.66931
CVE-2023-2305,0.00049,0.15840
CVE-2023-23059,0.00201,0.58129
CVE-2023-2306,0.00091,0.38380
CVE-2023-23063,0.00104,0.42289
CVE-2023-23064,0.01145,0.83304
CVE-2023-2307,0.00048,0.14563
CVE-2023-23073,0.00544,0.75021
CVE-2023-23074,0.00544,0.75021
CVE-2023-23075,0.01090,0.82857
CVE-2023-23076,0.00705,0.78320
CVE-2023-23077,0.00544,0.75021
CVE-2023-23078,0.00544,0.75021
CVE-2023-23080,0.04346,0.91541
CVE-2023-23082,0.00052,0.17789
CVE-2023-23086,0.00132,0.48247
CVE-2023-23087,0.00118,0.45816
CVE-2023-23088,0.00132,0.48247
CVE-2023-2309,0.00046,0.13740
CVE-2023-2310,0.00065,0.26975
CVE-2023-23108,0.00053,0.18524
CVE-2023-23109,0.00055,0.20446
CVE-2023-2311,0.00088,0.37045
CVE-2023-23110,0.00204,0.58454
CVE-2023-23119,0.00054,0.19230
CVE-2023-2312,0.00127,0.47337
CVE-2023-23120,0.00054,0.19230
CVE-2023-23126,0.00050,0.16429
CVE-2023-23127,0.00094,0.39422
CVE-2023-23128,0.00050,0.16429
CVE-2023-2313,0.00083,0.34242
CVE-2023-23130,0.00094,0.39422
CVE-2023-23131,0.00094,0.39422
CVE-2023-23132,0.00094,0.39422
CVE-2023-23135,0.00074,0.30435
CVE-2023-23136,0.00053,0.18457
CVE-2023-2314,0.00088,0.37045
CVE-2023-23143,0.00053,0.19001
CVE-2023-23144,0.00044,0.10345
CVE-2023-23145,0.00053,0.19001
CVE-2023-23149,0.00191,0.56758
CVE-2023-2315,0.00092,0.38766
CVE-2023-23150,0.00134,0.48641
CVE-2023-23151,0.00070,0.28965
CVE-2023-23155,0.00071,0.29162
CVE-2023-23156,0.00109,0.43889
CVE-2023-23157,0.00058,0.22631
CVE-2023-23158,0.00058,0.22631
CVE-2023-2316,0.00087,0.35906
CVE-2023-23161,0.00107,0.43203
CVE-2023-23162,0.00076,0.31403
CVE-2023-23163,0.00076,0.31403
CVE-2023-23169,0.00049,0.15170
CVE-2023-2317,0.00087,0.36569
CVE-2023-2318,0.00115,0.45000
CVE-2023-2319,0.00063,0.25553
CVE-2023-23192,0.00050,0.16785
CVE-2023-2320,0.00046,0.13740
CVE-2023-23205,0.00043,0.06775
CVE-2023-23208,0.00046,0.13740
CVE-2023-2321,0.00046,0.13740
CVE-2023-2322,0.00090,0.37876
CVE-2023-2323,0.00090,0.37876
CVE-2023-2324,0.00046,0.13740
CVE-2023-2325,0.00045,0.11801
CVE-2023-2326,0.00048,0.14563
CVE-2023-2327,0.00090,0.37876
CVE-2023-23277,0.00077,0.31777
CVE-2023-23279,0.00086,0.35613
CVE-2023-2328,0.00090,0.37876
CVE-2023-23286,0.00066,0.27274
CVE-2023-2329,0.00087,0.36569
CVE-2023-23294,0.00073,0.30234
CVE-2023-23295,0.00073,0.30234
CVE-2023-23296,0.00051,0.17249
CVE-2023-23298,0.00078,0.32756
CVE-2023-23299,0.00084,0.34921
CVE-2023-2330,0.00087,0.36569
CVE-2023-23300,0.00168,0.53588
CVE-2023-23301,0.00106,0.42831
CVE-2023-23302,0.00168,0.53588
CVE-2023-23303,0.00083,0.34381
CVE-2023-23304,0.00088,0.36685
CVE-2023-23305,0.00118,0.45753
CVE-2023-23306,0.00143,0.50070
CVE-2023-2331,0.00043,0.06775
CVE-2023-23313,0.00065,0.27143
CVE-2023-23314,0.00090,0.37708
CVE-2023-23315,0.00086,0.35613
CVE-2023-23324,0.00091,0.38380
CVE-2023-23325,0.00068,0.27907
CVE-2023-23326,0.00045,0.11801
CVE-2023-23327,0.00049,0.14986
CVE-2023-23328,0.00050,0.16785
CVE-2023-2333,0.00046,0.13740
CVE-2023-23330,0.00086,0.35806
CVE-2023-23331,0.00113,0.44725
CVE-2023-23333,0.44594,0.97064
CVE-2023-23342,0.00043,0.06775
CVE-2023-23343,0.00046,0.13740
CVE-2023-23344,0.00049,0.14986
CVE-2023-23346,0.00043,0.06775
CVE-2023-23347,0.00043,0.06775
CVE-2023-23348,0.00043,0.06775
CVE-2023-2335,0.00087,0.36261
CVE-2023-23355,0.00059,0.22936
CVE-2023-2336,0.00070,0.29122
CVE-2023-23362,0.00053,0.18844
CVE-2023-23363,0.00237,0.61839
CVE-2023-23364,0.00237,0.61839
CVE-2023-23365,0.00050,0.15975
CVE-2023-23366,0.00050,0.15975
CVE-2023-23367,0.00047,0.14002
CVE-2023-23368,0.00068,0.27907
CVE-2023-23369,0.00067,0.27680
CVE-2023-2337,0.00046,0.13740
CVE-2023-23370,0.00042,0.05722
CVE-2023-23371,0.00042,0.05722
CVE-2023-23372,0.00046,0.13740
CVE-2023-23373,0.00047,0.14002
CVE-2023-23374,0.02531,0.89124
CVE-2023-23375,0.00125,0.46890
CVE-2023-23376,0.00069,0.28578
CVE-2023-23377,0.00114,0.44961
CVE-2023-23378,0.00114,0.44961
CVE-2023-23379,0.00054,0.19472
CVE-2023-2338,0.00050,0.16285
CVE-2023-23381,0.00066,0.27470
CVE-2023-23382,0.00072,0.29614
CVE-2023-23383,0.00063,0.25174
CVE-2023-23384,0.00191,0.56831
CVE-2023-23385,0.00049,0.15016
CVE-2023-23388,0.00049,0.15016
CVE-2023-23389,0.00049,0.15016
CVE-2023-2339,0.00090,0.37876
CVE-2023-23390,0.00114,0.44961
CVE-2023-23391,0.00057,0.21305
CVE-2023-23392,0.01051,0.82503
CVE-2023-23393,0.00043,0.07499
CVE-2023-23394,0.00044,0.08087
CVE-2023-23395,0.00063,0.25174
CVE-2023-23396,0.00082,0.33942
CVE-2023-23397,0.90659,0.98614
CVE-2023-23398,0.00050,0.16820
CVE-2023-23399,0.00408,0.71221
CVE-2023-2340,0.00090,0.37876
CVE-2023-23400,0.00362,0.69518
CVE-2023-23401,0.00113,0.44762
CVE-2023-23402,0.00113,0.44762
CVE-2023-23403,0.00377,0.70093
CVE-2023-23404,0.00496,0.73777
CVE-2023-23405,0.00919,0.81207
CVE-2023-23406,0.00377,0.70093
CVE-2023-23407,0.00108,0.43384
CVE-2023-23408,0.00094,0.39284
CVE-2023-23409,0.00044,0.08087
CVE-2023-2341,0.00070,0.28896
CVE-2023-23410,0.00136,0.48917
CVE-2023-23411,0.00043,0.07499
CVE-2023-23412,0.00049,0.15016
CVE-2023-23413,0.00377,0.70093
CVE-2023-23414,0.00106,0.42693
CVE-2023-23415,0.02138,0.88170
CVE-2023-23416,0.00111,0.44255
CVE-2023-23417,0.00049,0.15016
CVE-2023-23418,0.00049,0.15016
CVE-2023-23419,0.00049,0.15016
CVE-2023-2342,0.00090,0.37876
CVE-2023-23420,0.00054,0.19472
CVE-2023-23421,0.00054,0.19472
CVE-2023-23422,0.00044,0.08140
CVE-2023-23423,0.00044,0.08140
CVE-2023-23424,0.00134,0.48641
CVE-2023-23426,0.00043,0.06775
CVE-2023-23427,0.00046,0.13740
CVE-2023-23428,0.00046,0.13740
CVE-2023-23429,0.00046,0.13740
CVE-2023-2343,0.00090,0.37876
CVE-2023-23430,0.00046,0.13740
CVE-2023-23431,0.00043,0.06775
CVE-2023-23432,0.00043,0.06775
CVE-2023-23433,0.00043,0.06775
CVE-2023-23434,0.00043,0.06775
CVE-2023-23435,0.00043,0.06775
CVE-2023-23436,0.00043,0.06775
CVE-2023-23437,0.00043,0.06775
CVE-2023-23438,0.00043,0.06775
CVE-2023-23439,0.00043,0.06775
CVE-2023-2344,0.00077,0.31941
CVE-2023-23440,0.00043,0.06775
CVE-2023-23441,0.00043,0.06775
CVE-2023-23442,0.00043,0.06775
CVE-2023-23443,0.00043,0.06775
CVE-2023-23444,0.00095,0.39703
CVE-2023-23445,0.00115,0.45045
CVE-2023-23446,0.00096,0.39785
CVE-2023-23447,0.00094,0.39277
CVE-2023-23448,0.00092,0.38713
CVE-2023-23449,0.00092,0.38713
CVE-2023-2345,0.00143,0.50041
CVE-2023-23450,0.00097,0.40160
CVE-2023-23451,0.00091,0.38380
CVE-2023-23452,0.00266,0.64315
CVE-2023-23453,0.00266,0.64315
CVE-2023-23454,0.00042,0.05722
CVE-2023-23455,0.00042,0.05722
CVE-2023-23456,0.00044,0.08011
CVE-2023-23457,0.00044,0.08011
CVE-2023-23458,0.00052,0.18157
CVE-2023-23459,0.00120,0.46135
CVE-2023-2346,0.00077,0.31941
CVE-2023-23460,0.00105,0.42673
CVE-2023-23461,0.00105,0.42673
CVE-2023-23462,0.00105,0.42673
CVE-2023-23463,0.00094,0.39422
CVE-2023-23464,0.00094,0.39422
CVE-2023-23465,0.00056,0.21102
CVE-2023-23466,0.00051,0.16932
CVE-2023-23467,0.00050,0.16429
CVE-2023-23468,0.00043,0.06775
CVE-2023-23469,0.00043,0.06775
CVE-2023-2347,0.00077,0.31941
CVE-2023-23470,0.00049,0.15859
CVE-2023-23473,0.00054,0.19329
CVE-2023-23475,0.00045,0.11801
CVE-2023-23476,0.00049,0.15916
CVE-2023-23477,0.00224,0.60738
CVE-2023-2348,0.00077,0.31941
CVE-2023-23480,0.00044,0.10565
CVE-2023-23481,0.00044,0.10565
CVE-2023-23482,0.00076,0.31211
CVE-2023-23487,0.00055,0.20417
CVE-2023-23488,0.05507,0.92500
CVE-2023-23489,0.08904,0.94020
CVE-2023-2349,0.00051,0.17093
CVE-2023-23490,0.00061,0.24099
CVE-2023-23491,0.00097,0.40211
CVE-2023-23492,0.05539,0.92522
CVE-2023-23493,0.00044,0.10345
CVE-2023-23494,0.00044,0.10862
CVE-2023-23495,0.00052,0.18120
CVE-2023-23496,0.00111,0.44149
CVE-2023-23497,0.00050,0.16759
CVE-2023-23498,0.00046,0.13848
CVE-2023-23499,0.00055,0.20563
CVE-2023-2350,0.00051,0.17093
CVE-2023-23500,0.00052,0.18141
CVE-2023-23501,0.00053,0.19110
CVE-2023-23502,0.00052,0.18141
CVE-2023-23503,0.00048,0.14248
CVE-2023-23504,0.00056,0.20986
CVE-2023-23505,0.00049,0.15120
CVE-2023-23506,0.00052,0.18120
CVE-2023-23507,0.00055,0.20747
CVE-2023-23508,0.00048,0.14248
CVE-2023-2351,0.00053,0.19002
CVE-2023-23510,0.00052,0.18120
CVE-2023-23511,0.00048,0.14248
CVE-2023-23512,0.00066,0.27484
CVE-2023-23513,0.00117,0.45558
CVE-2023-23514,0.00053,0.18471
CVE-2023-23516,0.00054,0.19430
CVE-2023-23517,0.00143,0.50173
CVE-2023-23518,0.00143,0.50173
CVE-2023-23519,0.00075,0.30770
CVE-2023-2352,0.00064,0.26246
CVE-2023-23520,0.00099,0.40728
CVE-2023-23522,0.00052,0.18120
CVE-2023-23523,0.00044,0.10345
CVE-2023-23524,0.00056,0.20770
CVE-2023-23525,0.00050,0.16759
CVE-2023-23526,0.00091,0.38380
CVE-2023-23527,0.00045,0.12336
CVE-2023-23528,0.00052,0.18120
CVE-2023-23529,0.00127,0.47219
CVE-2023-2353,0.00060,0.23650
CVE-2023-23530,0.00055,0.20747
CVE-2023-23531,0.00055,0.20747
CVE-2023-23532,0.00042,0.05722
CVE-2023-23533,0.00045,0.12108
CVE-2023-23534,0.00052,0.18120
CVE-2023-23535,0.00058,0.21933
CVE-2023-23536,0.00056,0.20986
CVE-2023-23537,0.00052,0.18141
CVE-2023-23538,0.00045,0.12108
CVE-2023-23539,0.00055,0.20747
CVE-2023-2354,0.00051,0.17450
CVE-2023-23540,0.00054,0.19430
CVE-2023-23541,0.00044,0.10345
CVE-2023-23542,0.00052,0.18141
CVE-2023-23543,0.00066,0.27448
CVE-2023-23545,0.00093,0.39167
CVE-2023-23546,0.00104,0.42253
CVE-2023-23547,0.00050,0.15975
CVE-2023-23548,0.00046,0.13740
CVE-2023-23549,0.00044,0.10862
CVE-2023-2355,0.00042,0.05722
CVE-2023-23550,0.00083,0.34480
CVE-2023-23551,0.00096,0.39790
CVE-2023-23552,0.00055,0.20446
CVE-2023-23553,0.00050,0.16429
CVE-2023-23554,0.00069,0.28756
CVE-2023-23555,0.00055,0.20446
CVE-2023-23556,0.00134,0.48641
CVE-2023-23557,0.00134,0.48641
CVE-2023-23558,0.00042,0.05722
CVE-2023-23559,0.00042,0.05722
CVE-2023-2356,0.00962,0.81664
CVE-2023-23560,0.00237,0.61843
CVE-2023-23561,0.00043,0.06775
CVE-2023-23562,0.00045,0.11801
CVE-2023-23563,0.00078,0.32129
CVE-2023-23564,0.00090,0.38033
CVE-2023-23565,0.00137,0.49116
CVE-2023-23566,0.00140,0.49695
CVE-2023-23567,0.00118,0.45753
CVE-2023-23568,0.00045,0.11801
CVE-2023-23569,0.00043,0.06775
CVE-2023-23570,0.00046,0.12561
CVE-2023-23571,0.00046,0.13740
CVE-2023-23572,0.00048,0.14308
CVE-2023-23573,0.00043,0.06775
CVE-2023-23574,0.00049,0.14986
CVE-2023-23575,0.00122,0.46425
CVE-2023-23576,0.00043,0.06775
CVE-2023-23577,0.00043,0.06775
CVE-2023-23578,0.00115,0.45150
CVE-2023-23579,0.00173,0.54482
CVE-2023-2358,0.00049,0.14986
CVE-2023-23580,0.00043,0.06775
CVE-2023-23581,0.00046,0.13740
CVE-2023-23582,0.00149,0.50911
CVE-2023-23583,0.00042,0.05722
CVE-2023-23584,0.00045,0.11801
CVE-2023-23585,0.00046,0.13740
CVE-2023-23586,0.00043,0.06775
CVE-2023-23588,0.00042,0.05722
CVE-2023-23589,0.00122,0.46445
CVE-2023-2359,0.00081,0.33887
CVE-2023-23590,0.00149,0.50912
CVE-2023-23591,0.00049,0.14986
CVE-2023-23592,0.00106,0.42927
CVE-2023-23594,0.00238,0.61968
CVE-2023-23595,0.00096,0.40055
CVE-2023-23596,0.00670,0.77709
CVE-2023-23597,0.00087,0.36261
CVE-2023-23598,0.00060,0.23760
CVE-2023-23599,0.00057,0.21277
CVE-2023-2360,0.00087,0.36261
CVE-2023-23600,0.00087,0.36261
CVE-2023-23601,0.00109,0.43819
CVE-2023-23602,0.00054,0.19372
CVE-2023-23603,0.00060,0.23760
CVE-2023-23604,0.00059,0.23001
CVE-2023-23605,0.00064,0.26444
CVE-2023-23606,0.00091,0.38380
CVE-2023-23607,0.00285,0.65487
CVE-2023-23608,0.00070,0.28910
CVE-2023-23609,0.00045,0.12108
CVE-2023-2361,0.00090,0.37876
CVE-2023-23610,0.00064,0.25824
CVE-2023-23611,0.00053,0.18436
CVE-2023-23612,0.00081,0.33755
CVE-2023-23613,0.00062,0.24527
CVE-2023-23614,0.00085,0.35505
CVE-2023-23615,0.00050,0.16429
CVE-2023-23616,0.00106,0.42863
CVE-2023-23617,0.00098,0.40481
CVE-2023-23618,0.00050,0.16759
CVE-2023-23619,0.00092,0.38873
CVE-2023-2362,0.00046,0.13740
CVE-2023-23620,0.00058,0.22667
CVE-2023-23621,0.00072,0.29503
CVE-2023-23622,0.00060,0.23650
CVE-2023-23623,0.00091,0.38380
CVE-2023-23624,0.00073,0.30417
CVE-2023-23625,0.00055,0.20446
CVE-2023-23626,0.00053,0.18524
CVE-2023-23627,0.00063,0.25287
CVE-2023-23628,0.00053,0.18436
CVE-2023-23629,0.00064,0.25824
CVE-2023-2363,0.00063,0.25553
CVE-2023-23630,0.00056,0.21141
CVE-2023-23631,0.00066,0.27484
CVE-2023-23632,0.00042,0.05722
CVE-2023-23634,0.00091,0.38180
CVE-2023-23635,0.00058,0.22631
CVE-2023-23636,0.00058,0.22631
CVE-2023-23637,0.00095,0.39632
CVE-2023-23638,0.01048,0.82468
CVE-2023-2364,0.00052,0.17989
CVE-2023-23641,0.00045,0.11801
CVE-2023-23646,0.00058,0.21913
CVE-2023-23647,0.00045,0.11801
CVE-2023-2365,0.00063,0.25553
CVE-2023-23650,0.00045,0.11801
CVE-2023-23651,0.00050,0.16285
CVE-2023-23654,0.00045,0.11801
CVE-2023-23657,0.00045,0.11801
CVE-2023-23659,0.00056,0.21102
CVE-2023-2366,0.00063,0.25553
CVE-2023-23660,0.00050,0.16285
CVE-2023-23664,0.00045,0.11801
CVE-2023-23667,0.00045,0.11801
CVE-2023-23668,0.00045,0.11801
CVE-2023-2367,0.00063,0.25553
CVE-2023-23670,0.00045,0.11801
CVE-2023-23671,0.00048,0.14563
CVE-2023-23673,0.00045,0.11801
CVE-2023-23674,0.00045,0.11801
CVE-2023-23675,0.00045,0.11801
CVE-2023-23676,0.00045,0.11801
CVE-2023-23677,0.00046,0.13740
CVE-2023-23678,0.00050,0.16285
CVE-2023-23679,0.00050,0.16285
CVE-2023-2368,0.00063,0.25553
CVE-2023-23680,0.00058,0.21913
CVE-2023-23681,0.00045,0.11801
CVE-2023-23682,0.00045,0.11801
CVE-2023-23683,0.00045,0.11801
CVE-2023-23684,0.00049,0.14986
CVE-2023-23685,0.00045,0.11801
CVE-2023-23686,0.00045,0.11801
CVE-2023-23687,0.00053,0.18436
CVE-2023-23688,0.00045,0.11801
CVE-2023-23689,0.00055,0.20446
CVE-2023-2369,0.00063,0.25553
CVE-2023-23690,0.00097,0.40110
CVE-2023-23691,0.00086,0.35713
CVE-2023-23692,0.00069,0.28445
CVE-2023-23693,0.00042,0.05844
CVE-2023-23694,0.00042,0.05844
CVE-2023-23695,0.00108,0.43495
CVE-2023-23696,0.00043,0.06775
CVE-2023-23697,0.00043,0.06775
CVE-2023-23698,0.00043,0.06775
CVE-2023-23699,0.00045,0.11801
CVE-2023-2370,0.00077,0.31941
CVE-2023-23701,0.00045,0.11801
CVE-2023-23702,0.00045,0.11801
CVE-2023-23703,0.00045,0.11801
CVE-2023-23704,0.00058,0.21913
CVE-2023-23705,0.00058,0.21913
CVE-2023-23706,0.00058,0.21913
CVE-2023-23707,0.00045,0.11801
CVE-2023-23708,0.00045,0.11801
CVE-2023-23709,0.00045,0.11801
CVE-2023-2371,0.00077,0.31941
CVE-2023-23710,0.00045,0.11801
CVE-2023-23711,0.00046,0.13740
CVE-2023-23712,0.00058,0.21913
CVE-2023-23713,0.00058,0.21913
CVE-2023-23714,0.00058,0.21913
CVE-2023-23717,0.00045,0.11801
CVE-2023-23718,0.00045,0.11801
CVE-2023-23719,0.00058,0.21913
CVE-2023-2372,0.00050,0.16708
CVE-2023-23720,0.00045,0.11801
CVE-2023-23721,0.00058,0.21913
CVE-2023-23722,0.00045,0.11801
CVE-2023-23723,0.00045,0.11801
CVE-2023-23724,0.00058,0.21913
CVE-2023-23727,0.00045,0.11801
CVE-2023-23728,0.00045,0.11801
CVE-2023-2373,0.00058,0.22676
CVE-2023-23731,0.00058,0.21913
CVE-2023-23732,0.00045,0.11801
CVE-2023-23733,0.00045,0.11801
CVE-2023-23734,0.00045,0.11801
CVE-2023-23737,0.00076,0.31600
CVE-2023-2374,0.00058,0.22676
CVE-2023-23749,0.00132,0.48268
CVE-2023-2375,0.00058,0.22676
CVE-2023-23750,0.00060,0.23539
CVE-2023-23751,0.00063,0.25691
CVE-2023-23752,0.96314,0.99445
CVE-2023-23753,0.00076,0.31600
CVE-2023-23754,0.00061,0.24002
CVE-2023-23755,0.00087,0.36031
CVE-2023-23756,0.00046,0.13740
CVE-2023-23757,0.00076,0.31600
CVE-2023-23758,0.00076,0.31600
CVE-2023-23759,0.00046,0.13740
CVE-2023-2376,0.00058,0.22676
CVE-2023-23760,0.00142,0.49990
CVE-2023-23761,0.00086,0.35746
CVE-2023-23762,0.00086,0.35746
CVE-2023-23763,0.00052,0.17638
CVE-2023-23764,0.00054,0.19388
CVE-2023-23765,0.00060,0.23745
CVE-2023-23766,0.00060,0.23745
CVE-2023-2377,0.00058,0.22676
CVE-2023-23770,0.00091,0.38380
CVE-2023-23771,0.00053,0.19001
CVE-2023-23772,0.00055,0.20491
CVE-2023-23773,0.00055,0.20491
CVE-2023-23774,0.00055,0.20747
CVE-2023-23776,0.00056,0.21111
CVE-2023-23777,0.00062,0.24613
CVE-2023-23778,0.00062,0.24463
CVE-2023-23779,0.00062,0.24618
CVE-2023-2378,0.00058,0.22676
CVE-2023-23780,0.00055,0.20552
CVE-2023-23781,0.00062,0.24584
CVE-2023-23782,0.00043,0.06775
CVE-2023-23783,0.00042,0.05859
CVE-2023-23784,0.00065,0.26781
CVE-2023-23785,0.00045,0.11801
CVE-2023-23786,0.00045,0.11801
CVE-2023-23787,0.00058,0.21913
CVE-2023-23788,0.00045,0.11801
CVE-2023-23789,0.00045,0.11801
CVE-2023-2379,0.00049,0.15160
CVE-2023-23790,0.00058,0.21913
CVE-2023-23791,0.00058,0.21913
CVE-2023-23792,0.00058,0.21913
CVE-2023-23793,0.00045,0.11801
CVE-2023-23794,0.00045,0.11801
CVE-2023-23795,0.00058,0.21913
CVE-2023-23796,0.00091,0.38380
CVE-2023-23797,0.00058,0.21913
CVE-2023-23798,0.00045,0.11801
CVE-2023-23799,0.00045,0.11801
CVE-2023-2380,0.00047,0.14044
CVE-2023-23800,0.00049,0.14986
CVE-2023-23801,0.00058,0.21913
CVE-2023-23802,0.00058,0.21913
CVE-2023-23803,0.00058,0.21913
CVE-2023-23804,0.00058,0.21913
CVE-2023-23806,0.00045,0.11801
CVE-2023-23807,0.00045,0.11801
CVE-2023-23808,0.00045,0.11801
CVE-2023-23809,0.00045,0.11801
CVE-2023-2381,0.00050,0.16708
CVE-2023-23810,0.00045,0.11801
CVE-2023-23811,0.00045,0.11801
CVE-2023-23812,0.00045,0.11801
CVE-2023-23813,0.00058,0.21913
CVE-2023-23815,0.00045,0.11801
CVE-2023-23816,0.00045,0.11801
CVE-2023-23817,0.00045,0.11801
CVE-2023-23818,0.00045,0.11801
CVE-2023-23819,0.00045,0.11801
CVE-2023-2382,0.00050,0.16708
CVE-2023-23820,0.00045,0.11801
CVE-2023-23821,0.00045,0.11801
CVE-2023-23822,0.00045,0.11801
CVE-2023-23824,0.00074,0.30736
CVE-2023-23826,0.00045,0.11801
CVE-2023-23827,0.00045,0.11801
CVE-2023-23828,0.00045,0.11801
CVE-2023-23829,0.00045,0.11801
CVE-2023-2383,0.00050,0.16708
CVE-2023-23830,0.00046,0.13740
CVE-2023-23831,0.00045,0.11801
CVE-2023-23832,0.00045,0.11801
CVE-2023-23833,0.00045,0.11801
CVE-2023-23835,0.00094,0.39422
CVE-2023-23836,0.00092,0.38726
CVE-2023-23837,0.00087,0.36261
CVE-2023-23838,0.00050,0.15975
CVE-2023-23839,0.00049,0.14986
CVE-2023-2384,0.00050,0.16708
CVE-2023-23840,0.00137,0.49212
CVE-2023-23841,0.00087,0.36261
CVE-2023-23842,0.00167,0.53406
CVE-2023-23843,0.00137,0.49212
CVE-2023-23844,0.00137,0.49212
CVE-2023-23845,0.00137,0.49212
CVE-2023-23846,0.00053,0.18256
CVE-2023-23847,0.00044,0.10753
CVE-2023-23848,0.00048,0.14645
CVE-2023-23849,0.00050,0.16429
CVE-2023-2385,0.00050,0.16708
CVE-2023-23850,0.00048,0.14645
CVE-2023-23851,0.00048,0.14685
CVE-2023-23852,0.00050,0.16429
CVE-2023-23853,0.00056,0.21163
CVE-2023-23854,0.00053,0.18614
CVE-2023-23855,0.00048,0.14685
CVE-2023-23856,0.00048,0.14685
CVE-2023-23857,0.00052,0.17889
CVE-2023-23858,0.00056,0.21163
CVE-2023-23859,0.00056,0.21163
CVE-2023-2386,0.00050,0.16708
CVE-2023-23860,0.00056,0.21163
CVE-2023-23861,0.00058,0.21913
CVE-2023-23862,0.00045,0.11801
CVE-2023-23863,0.00045,0.11801
CVE-2023-23864,0.00045,0.11801
CVE-2023-23865,0.00046,0.13740
CVE-2023-23866,0.00045,0.11801
CVE-2023-23867,0.00045,0.11801
CVE-2023-23869,0.00058,0.21913
CVE-2023-2387,0.00050,0.16708
CVE-2023-23870,0.00045,0.11801
CVE-2023-23871,0.00045,0.11801
CVE-2023-23873,0.00045,0.11801
CVE-2023-23874,0.00045,0.11801
CVE-2023-23875,0.00045,0.11801
CVE-2023-23876,0.00045,0.11801
CVE-2023-23877,0.00045,0.11801
CVE-2023-23878,0.00045,0.11801
CVE-2023-23879,0.00074,0.30699
CVE-2023-2388,0.00050,0.16708
CVE-2023-23880,0.00045,0.11801
CVE-2023-23881,0.00045,0.11801
CVE-2023-23882,0.00045,0.11801
CVE-2023-23883,0.00045,0.11801
CVE-2023-23884,0.00045,0.11801
CVE-2023-23885,0.00045,0.11801
CVE-2023-23889,0.00045,0.11801
CVE-2023-2389,0.00050,0.16708
CVE-2023-23890,0.00058,0.21913
CVE-2023-23891,0.00045,0.11801
CVE-2023-23892,0.00045,0.11801
CVE-2023-23894,0.00045,0.11801
CVE-2023-23896,0.00050,0.16285
CVE-2023-23897,0.00058,0.21913
CVE-2023-23898,0.00045,0.11801
CVE-2023-23899,0.00046,0.13740
CVE-2023-2390,0.00050,0.16708
CVE-2023-23900,0.00046,0.13740
CVE-2023-23901,0.00133,0.48396
CVE-2023-23902,0.00202,0.58249
CVE-2023-23903,0.00044,0.10862
CVE-2023-23906,0.00194,0.57368
CVE-2023-23907,0.00087,0.35961
CVE-2023-23908,0.00045,0.12302
CVE-2023-23909,0.00043,0.06775
CVE-2023-2391,0.00050,0.16708
CVE-2023-23910,0.00043,0.06775
CVE-2023-23911,0.00059,0.22950
CVE-2023-23912,0.00109,0.43771
CVE-2023-23914,0.00078,0.32118
CVE-2023-23915,0.00056,0.21168
CVE-2023-23916,0.00069,0.28474
CVE-2023-23917,0.00058,0.21940
CVE-2023-23918,0.00087,0.36261
CVE-2023-23919,0.00088,0.37170
CVE-2023-2392,0.00050,0.16708
CVE-2023-23920,0.00045,0.11974
CVE-2023-23921,0.00077,0.32049
CVE-2023-23922,0.00077,0.32049
CVE-2023-23923,0.00124,0.46769
CVE-2023-23924,0.00579,0.75764
CVE-2023-23925,0.00055,0.20446
CVE-2023-23926,0.00086,0.35616
CVE-2023-23927,0.00058,0.22631
CVE-2023-23928,0.00073,0.30322
CVE-2023-23929,0.00058,0.22690
CVE-2023-2393,0.00050,0.16501
CVE-2023-23930,0.00077,0.31975
CVE-2023-23931,0.00055,0.20402
CVE-2023-23932,0.00053,0.18256
CVE-2023-23933,0.00048,0.14685
CVE-2023-23934,0.00046,0.13848
CVE-2023-23935,0.00045,0.11801
CVE-2023-23936,0.00084,0.35141
CVE-2023-23937,0.00069,0.28438
CVE-2023-23938,0.00053,0.18547
CVE-2023-23939,0.00052,0.18047
CVE-2023-2394,0.00050,0.16708
CVE-2023-23940,0.00052,0.18157
CVE-2023-23941,0.00051,0.16932
CVE-2023-23942,0.00056,0.21168
CVE-2023-23943,0.00062,0.24253
CVE-2023-23944,0.00071,0.29402
CVE-2023-23946,0.00066,0.27479
CVE-2023-23947,0.00058,0.22690
CVE-2023-23948,0.00043,0.06775
CVE-2023-23949,0.00053,0.18436
CVE-2023-2395,0.00060,0.23646
CVE-2023-23950,0.00063,0.25287
CVE-2023-23951,0.00063,0.25287
CVE-2023-23952,0.00109,0.43782
CVE-2023-23953,0.00043,0.06775
CVE-2023-23954,0.00045,0.11801
CVE-2023-23955,0.00050,0.16404
CVE-2023-23956,0.00219,0.59898
CVE-2023-23957,0.00046,0.12579
CVE-2023-23958,0.00049,0.15805
CVE-2023-2396,0.00060,0.23646
CVE-2023-23969,0.00307,0.66841
CVE-2023-2397,0.00050,0.16459
CVE-2023-23970,0.00050,0.16285
CVE-2023-23971,0.00045,0.11801
CVE-2023-23972,0.00045,0.11801
CVE-2023-23973,0.00047,0.13955
CVE-2023-23974,0.00046,0.13740
CVE-2023-23977,0.00045,0.11801
CVE-2023-23978,0.00049,0.14986
CVE-2023-23979,0.00046,0.13740
CVE-2023-2398,0.00046,0.13740
CVE-2023-23980,0.00045,0.11801
CVE-2023-23981,0.00045,0.11801
CVE-2023-23982,0.00045,0.11801
CVE-2023-23983,0.00046,0.13740
CVE-2023-23984,0.00046,0.13740
CVE-2023-23987,0.00045,0.11801
CVE-2023-2399,0.00046,0.13740
CVE-2023-23992,0.00046,0.13740
CVE-2023-23993,0.00058,0.21913
CVE-2023-23994,0.00045,0.11801
CVE-2023-23995,0.00045,0.11801
CVE-2023-23996,0.00045,0.11801
CVE-2023-23997,0.00058,0.21913
CVE-2023-23998,0.00045,0.11801
CVE-2023-23999,0.00045,0.11801
CVE-2023-2400,0.00045,0.11801
CVE-2023-24000,0.00076,0.31600
CVE-2023-24001,0.00045,0.11801
CVE-2023-24002,0.00045,0.11801
CVE-2023-24003,0.00045,0.11801
CVE-2023-24004,0.00045,0.11801
CVE-2023-24005,0.00045,0.11801
CVE-2023-24006,0.00045,0.11801
CVE-2023-24007,0.00058,0.21913
CVE-2023-24008,0.00058,0.21913
CVE-2023-24009,0.00045,0.11801
CVE-2023-2401,0.00045,0.11801
CVE-2023-24014,0.00061,0.24128
CVE-2023-24015,0.00044,0.10862
CVE-2023-24016,0.00043,0.06775
CVE-2023-24018,0.00047,0.13990
CVE-2023-24019,0.00087,0.36569
CVE-2023-2402,0.00052,0.17889
CVE-2023-24020,0.00105,0.42673
CVE-2023-24021,0.00175,0.54770
CVE-2023-24022,0.00183,0.55681
CVE-2023-24023,0.00046,0.13766
CVE-2023-24025,0.00097,0.40170
CVE-2023-24026,0.00063,0.25287
CVE-2023-24027,0.00063,0.25287
CVE-2023-24028,0.00197,0.57651
CVE-2023-24029,0.00058,0.22690
CVE-2023-24030,0.00046,0.13740
CVE-2023-24031,0.00046,0.13740
CVE-2023-24032,0.00042,0.05722
CVE-2023-24033,0.00068,0.28208
CVE-2023-24038,0.00074,0.30725
CVE-2023-24039,0.00042,0.05722
CVE-2023-2404,0.00050,0.15935
CVE-2023-24040,0.00045,0.12069
CVE-2023-24042,0.00072,0.29461
CVE-2023-24044,0.00155,0.51772
CVE-2023-24045,0.00056,0.20780
CVE-2023-24046,0.00043,0.06775
CVE-2023-24047,0.00043,0.06775
CVE-2023-24048,0.00058,0.21913
CVE-2023-24049,0.00091,0.38380
CVE-2023-2405,0.00069,0.28536
CVE-2023-24050,0.00045,0.11801
CVE-2023-24051,0.00091,0.38380
CVE-2023-24052,0.00091,0.38380
CVE-2023-24055,0.00052,0.18050
CVE-2023-24056,0.00044,0.08011
CVE-2023-24057,0.00171,0.54195
CVE-2023-24058,0.00144,0.50200
CVE-2023-24059,0.00343,0.68690
CVE-2023-2406,0.00103,0.41661
CVE-2023-24060,0.00056,0.20979
CVE-2023-24065,0.00079,0.33124
CVE-2023-24068,0.00042,0.05722
CVE-2023-24069,0.00045,0.12069
CVE-2023-2407,0.00069,0.28727
CVE-2023-24070,0.00050,0.16290
CVE-2023-24078,0.00372,0.69928
CVE-2023-2408,0.00077,0.31902
CVE-2023-24080,0.00073,0.30322
CVE-2023-24081,0.00058,0.22631
CVE-2023-24084,0.00086,0.35613
CVE-2023-24086,0.00053,0.18524
CVE-2023-2409,0.00077,0.31902
CVE-2023-24093,0.00118,0.45816
CVE-2023-24094,0.00049,0.15801
CVE-2023-24095,0.00085,0.35505
CVE-2023-24096,0.00085,0.35505
CVE-2023-24097,0.00085,0.35505
CVE-2023-24098,0.00085,0.35505
CVE-2023-24099,0.00085,0.35505
CVE-2023-2410,0.00077,0.31902
CVE-2023-24104,0.00109,0.43767
CVE-2023-24107,0.00088,0.36882
CVE-2023-24108,0.00088,0.36882
CVE-2023-2411,0.00077,0.31902
CVE-2023-24114,0.00302,0.66551
CVE-2023-24117,0.00077,0.31965
CVE-2023-24118,0.00077,0.31965
CVE-2023-24119,0.00077,0.31965
CVE-2023-2412,0.00097,0.40095
CVE-2023-24120,0.00077,0.31965
CVE-2023-24121,0.00077,0.31965
CVE-2023-24122,0.00077,0.31965
CVE-2023-24123,0.00077,0.31965
CVE-2023-24124,0.00077,0.31965
CVE-2023-24125,0.00077,0.31965
CVE-2023-24126,0.00077,0.31965
CVE-2023-24127,0.00077,0.31965
CVE-2023-24128,0.00077,0.31965
CVE-2023-24129,0.00077,0.31965
CVE-2023-2413,0.00077,0.31902
CVE-2023-24130,0.00077,0.31965
CVE-2023-24131,0.00077,0.31965
CVE-2023-24132,0.00077,0.31965
CVE-2023-24133,0.00077,0.31965
CVE-2023-24134,0.00077,0.31965
CVE-2023-24135,0.00042,0.05722
CVE-2023-24138,0.72623,0.97828
CVE-2023-24139,0.72623,0.97828
CVE-2023-2414,0.00050,0.15935
CVE-2023-24140,0.72623,0.97828
CVE-2023-24141,0.72623,0.97828
CVE-2023-24142,0.72623,0.97828
CVE-2023-24143,0.72623,0.97828
CVE-2023-24144,0.72623,0.97828
CVE-2023-24145,0.72623,0.97828
CVE-2023-24146,0.72623,0.97828
CVE-2023-24147,0.00241,0.62156
CVE-2023-24148,0.72623,0.97828
CVE-2023-24149,0.09939,0.94351
CVE-2023-2415,0.00049,0.15903
CVE-2023-24150,0.02647,0.89354
CVE-2023-24151,0.02647,0.89354
CVE-2023-24152,0.02647,0.89354
CVE-2023-24153,0.02647,0.89354
CVE-2023-24154,0.72623,0.97828
CVE-2023-24155,0.00845,0.80374
CVE-2023-24156,0.02647,0.89354
CVE-2023-24157,0.02647,0.89354
CVE-2023-24159,0.77670,0.97975
CVE-2023-2416,0.00048,0.14357
CVE-2023-24160,0.77670,0.97975
CVE-2023-24161,0.07696,0.93557
CVE-2023-24162,0.00152,0.51476
CVE-2023-24163,0.00160,0.52615
CVE-2023-24164,0.00166,0.53343
CVE-2023-24165,0.00166,0.53343
CVE-2023-24166,0.00154,0.51710
CVE-2023-24167,0.00166,0.53343
CVE-2023-24169,0.00166,0.53343
CVE-2023-2417,0.00042,0.05722
CVE-2023-24170,0.00166,0.53343
CVE-2023-2418,0.00064,0.26487
CVE-2023-24180,0.00046,0.13740
CVE-2023-24181,0.00051,0.17093
CVE-2023-24182,0.00058,0.22009
CVE-2023-24184,0.03473,0.90628
CVE-2023-24187,0.00055,0.20560
CVE-2023-24188,0.00057,0.21465
CVE-2023-24189,0.00160,0.52615
CVE-2023-2419,0.00061,0.24091
CVE-2023-24191,0.00053,0.18524
CVE-2023-24192,0.00053,0.18524
CVE-2023-24194,0.00053,0.18524
CVE-2023-24195,0.00053,0.18524
CVE-2023-24197,0.00053,0.18524
CVE-2023-24198,0.00086,0.35613
CVE-2023-24199,0.00086,0.35613
CVE-2023-2420,0.00063,0.25553
CVE-2023-24200,0.00086,0.35613
CVE-2023-24201,0.00086,0.35613
CVE-2023-24202,0.00117,0.45620
CVE-2023-24205,0.00261,0.63891
CVE-2023-24206,0.00086,0.35613
CVE-2023-2421,0.00052,0.17989
CVE-2023-24212,0.00098,0.40363
CVE-2023-24217,0.01050,0.82491
CVE-2023-24219,0.00086,0.35613
CVE-2023-2422,0.00086,0.35676
CVE-2023-24220,0.00086,0.35613
CVE-2023-24221,0.00086,0.35613
CVE-2023-24229,0.00042,0.05722
CVE-2023-2423,0.00044,0.10871
CVE-2023-24230,0.00048,0.14685
CVE-2023-24231,0.00048,0.14685
CVE-2023-24232,0.00048,0.14685
CVE-2023-24233,0.00048,0.14685
CVE-2023-24234,0.00048,0.14685
CVE-2023-24236,0.77670,0.97975
CVE-2023-24238,0.77670,0.97975
CVE-2023-2424,0.00062,0.24379
CVE-2023-24241,0.00086,0.35613
CVE-2023-24243,0.00541,0.74937
CVE-2023-24249,0.00085,0.35506
CVE-2023-2425,0.00051,0.17093
CVE-2023-24251,0.00051,0.17337
CVE-2023-24253,0.00089,0.37298
CVE-2023-24256,0.00044,0.08212
CVE-2023-24258,0.00102,0.41438
CVE-2023-2426,0.00042,0.05722
CVE-2023-24261,0.00064,0.26497
CVE-2023-24269,0.00055,0.20491
CVE-2023-2427,0.00045,0.11801
CVE-2023-24276,0.72623,0.97828
CVE-2023-24278,0.00099,0.40732
CVE-2023-24279,0.00052,0.17989
CVE-2023-2428,0.00045,0.11801
CVE-2023-24282,0.00049,0.15110
CVE-2023-2429,0.00091,0.38380
CVE-2023-24294,0.00046,0.13740
CVE-2023-24295,0.00055,0.20747
CVE-2023-2430,0.00042,0.05722
CVE-2023-24304,0.00054,0.19335
CVE-2023-24308,0.00055,0.20747
CVE-2023-2431,0.00045,0.12312
CVE-2023-24317,0.00085,0.35514
CVE-2023-24320,0.00168,0.53556
CVE-2023-24322,0.00090,0.37810
CVE-2023-24323,0.00073,0.30181
CVE-2023-24329,0.00070,0.28861
CVE-2023-2433,0.00053,0.18547
CVE-2023-2434,0.00051,0.17459
CVE-2023-24343,0.00056,0.21131
CVE-2023-24344,0.00056,0.21131
CVE-2023-24345,0.00056,0.21131
CVE-2023-24346,0.00056,0.21131
CVE-2023-24347,0.00056,0.21131
CVE-2023-24348,0.00092,0.38769
CVE-2023-24349,0.00092,0.38769
CVE-2023-2435,0.00098,0.40364
CVE-2023-24350,0.00092,0.38769
CVE-2023-24351,0.00092,0.38769
CVE-2023-24352,0.00092,0.38769
CVE-2023-2436,0.00045,0.11801
CVE-2023-24364,0.00075,0.30804
CVE-2023-24366,0.00066,0.27603
CVE-2023-24369,0.00053,0.18524
CVE-2023-2437,0.00390,0.70640
CVE-2023-24372,0.00045,0.11801
CVE-2023-24374,0.00045,0.11801
CVE-2023-24376,0.00045,0.11801
CVE-2023-24377,0.00056,0.21102
CVE-2023-24378,0.00045,0.11801
CVE-2023-2438,0.00052,0.17889
CVE-2023-24380,0.00058,0.21913
CVE-2023-24381,0.00045,0.11801
CVE-2023-24382,0.00056,0.21102
CVE-2023-24383,0.00045,0.11801
CVE-2023-24384,0.00056,0.21102
CVE-2023-24385,0.00045,0.11801
CVE-2023-24386,0.00045,0.11801
CVE-2023-24387,0.00045,0.11801
CVE-2023-24388,0.00046,0.13740
CVE-2023-24389,0.00045,0.11801
CVE-2023-24390,0.00045,0.11801
CVE-2023-24391,0.00045,0.11801
CVE-2023-24392,0.00046,0.13740
CVE-2023-24393,0.00045,0.11801
CVE-2023-24394,0.00045,0.11801
CVE-2023-24395,0.00058,0.21913
CVE-2023-24396,0.00045,0.11801
CVE-2023-24397,0.00045,0.11801
CVE-2023-24398,0.00045,0.11801
CVE-2023-24399,0.00045,0.11801
CVE-2023-2440,0.00065,0.26909
CVE-2023-24400,0.00045,0.11801
CVE-2023-24401,0.00045,0.11801
CVE-2023-24402,0.00045,0.11801
CVE-2023-24403,0.00045,0.11801
CVE-2023-24404,0.00046,0.13740
CVE-2023-24405,0.00058,0.21913
CVE-2023-24406,0.00045,0.11801
CVE-2023-24408,0.00045,0.11801
CVE-2023-24409,0.00046,0.13740
CVE-2023-24410,0.00076,0.31600
CVE-2023-24411,0.00045,0.11801
CVE-2023-24412,0.00045,0.11801
CVE-2023-24413,0.00046,0.13740
CVE-2023-24414,0.00058,0.21913
CVE-2023-24415,0.00056,0.21102
CVE-2023-24417,0.00048,0.14563
CVE-2023-24418,0.00045,0.11801
CVE-2023-24419,0.00056,0.21102
CVE-2023-2442,0.00421,0.71640
CVE-2023-24420,0.00046,0.13740
CVE-2023-24421,0.00058,0.21913
CVE-2023-24422,0.00042,0.05722
CVE-2023-24423,0.00047,0.13909
CVE-2023-24424,0.00166,0.53343
CVE-2023-24425,0.00064,0.25824
CVE-2023-24426,0.00166,0.53343
CVE-2023-24427,0.00166,0.53343
CVE-2023-24428,0.00044,0.10505
CVE-2023-24429,0.00251,0.63101
CVE-2023-2443,0.00069,0.28705
CVE-2023-24430,0.00166,0.53343
CVE-2023-24431,0.00053,0.18285
CVE-2023-24432,0.00062,0.24582
CVE-2023-24433,0.00064,0.25824
CVE-2023-24434,0.00062,0.24582
CVE-2023-24435,0.00064,0.25824
CVE-2023-24436,0.00053,0.18285
CVE-2023-24437,0.00062,0.24582
CVE-2023-24438,0.00064,0.25824
CVE-2023-24439,0.00043,0.06775
CVE-2023-2444,0.00058,0.21913
CVE-2023-24440,0.00043,0.06775
CVE-2023-24441,0.00166,0.53343
CVE-2023-24442,0.00043,0.06775
CVE-2023-24443,0.00166,0.53343
CVE-2023-24444,0.00166,0.53343
CVE-2023-24445,0.00063,0.25287
CVE-2023-24446,0.00062,0.24582
CVE-2023-24447,0.00062,0.24582
CVE-2023-24448,0.00053,0.18285
CVE-2023-24449,0.00063,0.25578
CVE-2023-2445,0.00049,0.14986
CVE-2023-24450,0.00064,0.25824
CVE-2023-24451,0.00053,0.18285
CVE-2023-24452,0.00062,0.24582
CVE-2023-24453,0.00053,0.18285
CVE-2023-24454,0.00043,0.06775
CVE-2023-24455,0.00063,0.25578
CVE-2023-24456,0.00166,0.53343
CVE-2023-24457,0.00094,0.39465
CVE-2023-24458,0.00062,0.24582
CVE-2023-24459,0.00053,0.18285
CVE-2023-2446,0.00074,0.30592
CVE-2023-24461,0.00048,0.14563
CVE-2023-24464,0.00044,0.10565
CVE-2023-24465,0.00042,0.05722
CVE-2023-24468,0.00091,0.38380
CVE-2023-24469,0.00052,0.17989
CVE-2023-2447,0.00052,0.17889
CVE-2023-24470,0.00065,0.27135
CVE-2023-24471,0.00049,0.14986
CVE-2023-24472,0.00046,0.13740
CVE-2023-24473,0.00084,0.34921
CVE-2023-24474,0.00046,0.13740
CVE-2023-24475,0.00043,0.06775
CVE-2023-24476,0.00042,0.00438
CVE-2023-24477,0.00042,0.05722
CVE-2023-24478,0.00043,0.06775
CVE-2023-24479,0.00093,0.38958
CVE-2023-2448,0.00152,0.51393
CVE-2023-24480,0.00046,0.13740
CVE-2023-24482,0.00133,0.48308
CVE-2023-24483,0.00042,0.05722
CVE-2023-24484,0.00043,0.06775
CVE-2023-24485,0.00043,0.06775
CVE-2023-24486,0.00042,0.05722
CVE-2023-24487,0.00087,0.36261
CVE-2023-24488,0.01244,0.84082
CVE-2023-24489,0.96929,0.99665
CVE-2023-2449,0.00309,0.66982
CVE-2023-24490,0.00045,0.11801
CVE-2023-24491,0.00043,0.06775
CVE-2023-24492,0.00159,0.52415
CVE-2023-24493,0.00062,0.24845
CVE-2023-24494,0.00061,0.23927
CVE-2023-24495,0.00076,0.31282
CVE-2023-24496,0.00044,0.10521
CVE-2023-24497,0.00044,0.10521
CVE-2023-24498,0.00094,0.39422
CVE-2023-24499,0.00052,0.18120
CVE-2023-2450,0.00051,0.17507
CVE-2023-24500,0.00045,0.12108
CVE-2023-24501,0.00091,0.38380
CVE-2023-24502,0.00052,0.18120
CVE-2023-24503,0.00045,0.12108
CVE-2023-24504,0.00045,0.12108
CVE-2023-24505,0.00087,0.36261
CVE-2023-24506,0.00087,0.36261
CVE-2023-24507,0.00091,0.38380
CVE-2023-24508,0.00146,0.50585
CVE-2023-24509,0.00043,0.06775
CVE-2023-2451,0.00063,0.25553
CVE-2023-24510,0.00046,0.13740
CVE-2023-24511,0.00046,0.13740
CVE-2023-24512,0.00046,0.12619
CVE-2023-24513,0.00046,0.13740
CVE-2023-24514,0.00046,0.13740
CVE-2023-24515,0.00087,0.36261
CVE-2023-24516,0.00045,0.11801
CVE-2023-24517,0.00050,0.16285
CVE-2023-24518,0.00048,0.14563
CVE-2023-24519,0.00083,0.34480
CVE-2023-2452,0.00051,0.17507
CVE-2023-24520,0.00083,0.34480
CVE-2023-24521,0.00056,0.21163
CVE-2023-24522,0.00056,0.21163
CVE-2023-24523,0.00042,0.05722
CVE-2023-24524,0.00053,0.18614
CVE-2023-24525,0.00048,0.14685
CVE-2023-24526,0.00046,0.13740
CVE-2023-24527,0.00052,0.17889
CVE-2023-24528,0.00052,0.18157
CVE-2023-24529,0.00050,0.16429
CVE-2023-2453,0.00050,0.16285
CVE-2023-24530,0.00058,0.22690
CVE-2023-24532,0.00052,0.17638
CVE-2023-24533,0.00054,0.19490
CVE-2023-24534,0.00123,0.46603
CVE-2023-24535,0.00047,0.14205
CVE-2023-24536,0.00272,0.64639
CVE-2023-24537,0.00069,0.28535
CVE-2023-24538,0.00084,0.34947
CVE-2023-24539,0.00063,0.25576
CVE-2023-2454,0.00258,0.63652
CVE-2023-24540,0.00109,0.43618
CVE-2023-24544,0.00053,0.19001
CVE-2023-24545,0.00046,0.13740
CVE-2023-24546,0.00050,0.16404
CVE-2023-24547,0.00049,0.14986
CVE-2023-24548,0.00044,0.10345
CVE-2023-24549,0.00101,0.41060
CVE-2023-2455,0.00049,0.15169
CVE-2023-24550,0.00050,0.16056
CVE-2023-24551,0.00050,0.16056
CVE-2023-24552,0.00050,0.16452
CVE-2023-24553,0.00050,0.16452
CVE-2023-24554,0.00050,0.16452
CVE-2023-24555,0.00050,0.16452
CVE-2023-24556,0.00050,0.16452
CVE-2023-24557,0.00050,0.16452
CVE-2023-24558,0.00050,0.16452
CVE-2023-24559,0.00050,0.16452
CVE-2023-24560,0.00050,0.16056
CVE-2023-24561,0.00050,0.16056
CVE-2023-24562,0.00050,0.16056
CVE-2023-24563,0.00050,0.16056
CVE-2023-24564,0.00050,0.16764
CVE-2023-24565,0.00046,0.12522
CVE-2023-24566,0.00075,0.30855
CVE-2023-24567,0.00052,0.18157
CVE-2023-24568,0.00045,0.11801
CVE-2023-24569,0.00042,0.05722
CVE-2023-2457,0.00062,0.24811
CVE-2023-24571,0.00042,0.05722
CVE-2023-24572,0.00043,0.06775
CVE-2023-24573,0.00043,0.06775
CVE-2023-24574,0.00097,0.40118
CVE-2023-24575,0.00042,0.05722
CVE-2023-24576,0.00309,0.66976
CVE-2023-24577,0.00043,0.06775
CVE-2023-24578,0.00045,0.12108
CVE-2023-24579,0.00044,0.10345
CVE-2023-2458,0.00062,0.24620
CVE-2023-24580,0.00105,0.42537
CVE-2023-24581,0.00075,0.30965
CVE-2023-24582,0.00107,0.43272
CVE-2023-24583,0.00348,0.68864
CVE-2023-24584,0.00091,0.38380
CVE-2023-24585,0.00097,0.40294
CVE-2023-24586,0.00104,0.41990
CVE-2023-24587,0.00043,0.06775
CVE-2023-24588,0.00054,0.19496
CVE-2023-2459,0.00165,0.53183
CVE-2023-24590,0.00091,0.38380
CVE-2023-24592,0.00044,0.08212
CVE-2023-24594,0.00046,0.13740
CVE-2023-24595,0.00083,0.34480
CVE-2023-24597,0.00046,0.13740
CVE-2023-24598,0.00045,0.11801
CVE-2023-24599,0.00045,0.11801
CVE-2023-2460,0.00067,0.27619
CVE-2023-24600,0.00045,0.11801
CVE-2023-24601,0.00046,0.13740
CVE-2023-24602,0.00046,0.13740
CVE-2023-24603,0.00044,0.10862
CVE-2023-24604,0.00044,0.10862
CVE-2023-24605,0.00045,0.11801
CVE-2023-24607,0.00107,0.43035
CVE-2023-24609,0.00044,0.10188
CVE-2023-2461,0.00173,0.54475
CVE-2023-24610,0.00112,0.44378
CVE-2023-24612,0.00101,0.41065
CVE-2023-24613,0.00077,0.31778
CVE-2023-24619,0.00042,0.05722
CVE-2023-2462,0.00123,0.46590
CVE-2023-24620,0.00044,0.08011
CVE-2023-24621,0.00050,0.16759
CVE-2023-24622,0.00053,0.18524
CVE-2023-24623,0.00057,0.21523
CVE-2023-24625,0.00133,0.48466
CVE-2023-24626,0.00062,0.24451
CVE-2023-2463,0.00123,0.46590
CVE-2023-2464,0.00078,0.32125
CVE-2023-24641,0.00086,0.35613
CVE-2023-24642,0.00086,0.35613
CVE-2023-24643,0.00086,0.35613
CVE-2023-24646,0.00160,0.52615
CVE-2023-24647,0.00084,0.34976
CVE-2023-24648,0.00053,0.18524
CVE-2023-2465,0.00123,0.46590
CVE-2023-24651,0.00058,0.22631
CVE-2023-24652,0.00075,0.30804
CVE-2023-24653,0.00075,0.30804
CVE-2023-24654,0.00075,0.30804
CVE-2023-24655,0.00070,0.28782
CVE-2023-24656,0.00075,0.30804
CVE-2023-24657,0.01743,0.86646
CVE-2023-2466,0.00123,0.46590
CVE-2023-2467,0.00128,0.47386
CVE-2023-24671,0.00043,0.06775
CVE-2023-24674,0.00042,0.05722
CVE-2023-24675,0.00049,0.15110
CVE-2023-24676,0.00055,0.20491
CVE-2023-24678,0.00046,0.13740
CVE-2023-2468,0.00123,0.46590
CVE-2023-24684,0.00075,0.30804
CVE-2023-24685,0.00147,0.50589
CVE-2023-24686,0.00062,0.24777
CVE-2023-24687,0.00058,0.22631
CVE-2023-24688,0.00079,0.32807
CVE-2023-24689,0.00075,0.30876
CVE-2023-24690,0.00051,0.17337
CVE-2023-24698,0.00090,0.37805
CVE-2023-2470,0.00045,0.11801
CVE-2023-24709,0.00151,0.51340
CVE-2023-2472,0.00046,0.13740
CVE-2023-24720,0.00143,0.50070
CVE-2023-24721,0.00045,0.11801
CVE-2023-24724,0.00063,0.25708
CVE-2023-24726,0.00068,0.28208
CVE-2023-24728,0.00063,0.25761
CVE-2023-24729,0.00063,0.25761
CVE-2023-2473,0.00090,0.38013
CVE-2023-24730,0.00063,0.25761
CVE-2023-24731,0.00063,0.25761
CVE-2023-24732,0.00063,0.25761
CVE-2023-24733,0.00071,0.29171
CVE-2023-24734,0.00143,0.50070
CVE-2023-24735,0.01398,0.85059
CVE-2023-24736,0.00270,0.64555
CVE-2023-24737,0.00071,0.29171
CVE-2023-2474,0.00061,0.23947
CVE-2023-24744,0.00059,0.23047
CVE-2023-24747,0.00045,0.11801
CVE-2023-2475,0.00065,0.26895
CVE-2023-24751,0.00051,0.17251
CVE-2023-24752,0.00043,0.07327
CVE-2023-24754,0.00043,0.07327
CVE-2023-24755,0.00043,0.07327
CVE-2023-24756,0.00043,0.07327
CVE-2023-24757,0.00043,0.07327
CVE-2023-24758,0.00043,0.07327
CVE-2023-2476,0.00065,0.26895
CVE-2023-24760,0.00100,0.40995
CVE-2023-24762,0.00084,0.35140
CVE-2023-24763,0.00050,0.16785
CVE-2023-24769,0.00058,0.22631
CVE-2023-2477,0.00061,0.23947
CVE-2023-24773,0.00076,0.31600
CVE-2023-24774,0.00076,0.31600
CVE-2023-24775,0.00076,0.31600
CVE-2023-24776,0.00270,0.64555
CVE-2023-24777,0.00076,0.31600
CVE-2023-2478,0.00065,0.27136
CVE-2023-24780,0.00076,0.31600
CVE-2023-24781,0.00076,0.31600
CVE-2023-24782,0.00076,0.31600
CVE-2023-24785,0.00044,0.10345
CVE-2023-24788,0.00085,0.35356
CVE-2023-24789,0.00050,0.16785
CVE-2023-2479,0.96478,0.99496
CVE-2023-24795,0.00134,0.48641
CVE-2023-24796,0.00235,0.61663
CVE-2023-24797,0.00106,0.42890
CVE-2023-24798,0.00121,0.46235
CVE-2023-24799,0.00121,0.46235
CVE-2023-2480,0.00053,0.19001
CVE-2023-24800,0.00121,0.46235
CVE-2023-24804,0.00049,0.15812
CVE-2023-24805,0.00528,0.74607
CVE-2023-24807,0.00069,0.28620
CVE-2023-24808,0.00053,0.18524
CVE-2023-24809,0.00043,0.06775
CVE-2023-2481,0.00087,0.36261
CVE-2023-24810,0.00050,0.16429
CVE-2023-24811,0.00050,0.16429
CVE-2023-24812,0.00089,0.37298
CVE-2023-24813,0.00271,0.64601
CVE-2023-24814,0.00235,0.61646
CVE-2023-24815,0.00059,0.22823
CVE-2023-24816,0.00059,0.22953
CVE-2023-24817,0.00046,0.13833
CVE-2023-24818,0.00139,0.49485
CVE-2023-24819,0.00085,0.35235
CVE-2023-2482,0.00050,0.16285
CVE-2023-24820,0.00052,0.17734
CVE-2023-24821,0.00052,0.17734
CVE-2023-24822,0.00053,0.18664
CVE-2023-24823,0.00083,0.34592
CVE-2023-24824,0.00044,0.10188
CVE-2023-24825,0.00146,0.50551
CVE-2023-24826,0.00219,0.59934
CVE-2023-24827,0.00094,0.39402
CVE-2023-24828,0.00058,0.22690
CVE-2023-24829,0.00093,0.39106
CVE-2023-24830,0.00253,0.63262
CVE-2023-24831,0.01312,0.84547
CVE-2023-24832,0.00046,0.13740
CVE-2023-24833,0.00080,0.33413
CVE-2023-24834,0.00072,0.29488
CVE-2023-24835,0.00079,0.32778
CVE-2023-24836,0.00075,0.31109
CVE-2023-24837,0.00086,0.35776
CVE-2023-24838,0.00233,0.61430
CVE-2023-24839,0.00063,0.25005
CVE-2023-2484,0.00065,0.26892
CVE-2023-24840,0.00094,0.39301
CVE-2023-24841,0.00086,0.35776
CVE-2023-24842,0.00077,0.31741
CVE-2023-24843,0.00046,0.13740
CVE-2023-24844,0.00043,0.06775
CVE-2023-24845,0.00077,0.31815
CVE-2023-24847,0.00046,0.13740
CVE-2023-24848,0.00074,0.30551
CVE-2023-24849,0.00072,0.29987
CVE-2023-2485,0.00053,0.18907
CVE-2023-24850,0.00043,0.06775
CVE-2023-24851,0.00045,0.12206
CVE-2023-24852,0.00043,0.06775
CVE-2023-24853,0.00043,0.06775
CVE-2023-24854,0.00045,0.12206
CVE-2023-24855,0.00077,0.31825
CVE-2023-24856,0.00121,0.46255
CVE-2023-24857,0.00047,0.14171
CVE-2023-24858,0.00121,0.46255
CVE-2023-24859,0.00063,0.25638
CVE-2023-24860,0.00065,0.26960
CVE-2023-24861,0.00043,0.07494
CVE-2023-24862,0.00043,0.07499
CVE-2023-24863,0.00052,0.17593
CVE-2023-24864,0.00049,0.15116
CVE-2023-24865,0.00071,0.29402
CVE-2023-24866,0.00052,0.17593
CVE-2023-24867,0.00377,0.70093
CVE-2023-24868,0.00377,0.70093
CVE-2023-24869,0.01049,0.82483
CVE-2023-2487,0.00087,0.36261
CVE-2023-24870,0.00052,0.17593
CVE-2023-24871,0.00113,0.44762
CVE-2023-24872,0.00377,0.70093
CVE-2023-24876,0.00377,0.70093
CVE-2023-24879,0.00050,0.15981
CVE-2023-2488,0.00046,0.13740
CVE-2023-24880,0.00696,0.78196
CVE-2023-24881,0.00106,0.42706
CVE-2023-24882,0.00052,0.18058
CVE-2023-24883,0.00047,0.13962
CVE-2023-24884,0.00383,0.70345
CVE-2023-24885,0.00440,0.72241
CVE-2023-24886,0.00383,0.70345
CVE-2023-24887,0.00383,0.70345
CVE-2023-2489,0.00045,0.11801
CVE-2023-24890,0.00046,0.12650
CVE-2023-24891,0.00050,0.15981
CVE-2023-24892,0.00714,0.78496
CVE-2023-24893,0.00125,0.46890
CVE-2023-24895,0.00125,0.46890
CVE-2023-24896,0.00049,0.15824
CVE-2023-24897,0.00207,0.58673
CVE-2023-24898,0.00090,0.37706
CVE-2023-24899,0.00131,0.48055
CVE-2023-2490,0.00045,0.11801
CVE-2023-24900,0.00134,0.48537
CVE-2023-24901,0.00139,0.49435
CVE-2023-24902,0.00104,0.41991
CVE-2023-24903,0.00942,0.81446
CVE-2023-24904,0.00108,0.43402
CVE-2023-24905,0.00518,0.74367
CVE-2023-24906,0.00052,0.17593
CVE-2023-24907,0.00377,0.70093
CVE-2023-24908,0.00919,0.81207
CVE-2023-24909,0.00377,0.70093
CVE-2023-2491,0.00044,0.10354
CVE-2023-24910,0.00049,0.15016
CVE-2023-24911,0.00049,0.15824
CVE-2023-24912,0.00044,0.08140
CVE-2023-24913,0.00377,0.70093
CVE-2023-24914,0.00054,0.19472
CVE-2023-24919,0.00050,0.15981
CVE-2023-2492,0.00050,0.16285
CVE-2023-24920,0.00050,0.15981
CVE-2023-24921,0.00050,0.15981
CVE-2023-24922,0.00047,0.14171
CVE-2023-24923,0.00052,0.18058
CVE-2023-24924,0.00259,0.63667
CVE-2023-24925,0.00259,0.63667
CVE-2023-24926,0.00259,0.63667
CVE-2023-24927,0.00383,0.70345
CVE-2023-24928,0.00383,0.70345
CVE-2023-24929,0.00383,0.70345
CVE-2023-2493,0.00050,0.16285
CVE-2023-24930,0.00049,0.15016
CVE-2023-24931,0.00065,0.26960
CVE-2023-24932,0.13402,0.95102
CVE-2023-24934,0.00126,0.47084
CVE-2023-24935,0.00084,0.34951
CVE-2023-24936,0.00126,0.47147
CVE-2023-24937,0.00150,0.51081
CVE-2023-24938,0.00150,0.51081
CVE-2023-24939,0.00090,0.37706
CVE-2023-2494,0.00050,0.16285
CVE-2023-24940,0.00090,0.37706
CVE-2023-24941,0.50880,0.97263
CVE-2023-24942,0.00090,0.37706
CVE-2023-24943,0.03824,0.91043
CVE-2023-24944,0.00065,0.26875
CVE-2023-24945,0.00099,0.40713
CVE-2023-24946,0.00108,0.43402
CVE-2023-24947,0.00417,0.71504
CVE-2023-24948,0.00100,0.41025
CVE-2023-24949,0.00089,0.37311
CVE-2023-2495,0.00046,0.13740
CVE-2023-24950,0.00066,0.27490
CVE-2023-24953,0.00509,0.74131
CVE-2023-24954,0.00067,0.27690
CVE-2023-24955,0.35956,0.96778
CVE-2023-24956,0.00056,0.21131
CVE-2023-24957,0.00044,0.10565
CVE-2023-24958,0.00629,0.76840
CVE-2023-24959,0.00074,0.30453
CVE-2023-2496,0.00081,0.33692
CVE-2023-24960,0.00082,0.34126
CVE-2023-24964,0.00042,0.05722
CVE-2023-24965,0.00044,0.10521
CVE-2023-24966,0.00044,0.10521
CVE-2023-2497,0.00065,0.26909
CVE-2023-24971,0.00044,0.10465
CVE-2023-24975,0.00044,0.10521
CVE-2023-24977,0.00112,0.44484
CVE-2023-24978,0.00050,0.16764
CVE-2023-24979,0.00091,0.38663
CVE-2023-2498,0.00045,0.11801
CVE-2023-24980,0.00091,0.38663
CVE-2023-24981,0.00091,0.38663
CVE-2023-24982,0.00091,0.38663
CVE-2023-24983,0.00091,0.38663
CVE-2023-24984,0.00091,0.38663
CVE-2023-24985,0.00091,0.38663
CVE-2023-24986,0.00091,0.38663
CVE-2023-24987,0.00091,0.38663
CVE-2023-24988,0.00091,0.38663
CVE-2023-24989,0.00091,0.38663
CVE-2023-2499,0.00078,0.32083
CVE-2023-24990,0.00091,0.38663
CVE-2023-24991,0.00091,0.38663
CVE-2023-24992,0.00091,0.38663
CVE-2023-24993,0.00091,0.38663
CVE-2023-24994,0.00091,0.38663
CVE-2023-24995,0.00091,0.38663
CVE-2023-24996,0.00091,0.38663
CVE-2023-24997,0.02593,0.89237
CVE-2023-24998,0.00769,0.79357
CVE-2023-24999,0.00046,0.12561
CVE-2023-2500,0.00049,0.15141
CVE-2023-25000,0.00043,0.06775
CVE-2023-25001,0.00121,0.46329
CVE-2023-25002,0.00055,0.20747
CVE-2023-25003,0.00055,0.20747
CVE-2023-25004,0.00056,0.21135
CVE-2023-25005,0.00115,0.45087
CVE-2023-25006,0.00123,0.46608
CVE-2023-25007,0.00060,0.23286
CVE-2023-25008,0.00060,0.23286
CVE-2023-25009,0.00128,0.47459
CVE-2023-25010,0.00060,0.23286
CVE-2023-25011,0.00043,0.06775
CVE-2023-25012,0.00044,0.08085
CVE-2023-25013,0.00057,0.21522
CVE-2023-25014,0.00057,0.21522
CVE-2023-25015,0.00053,0.18636
CVE-2023-25016,0.00070,0.28855
CVE-2023-25017,0.00073,0.30399
CVE-2023-25018,0.00048,0.14756
CVE-2023-25019,0.00046,0.13740
CVE-2023-25020,0.00046,0.13740
CVE-2023-25021,0.00045,0.11801
CVE-2023-25022,0.00045,0.11801
CVE-2023-25023,0.00045,0.11801
CVE-2023-25024,0.00045,0.11801
CVE-2023-25025,0.00058,0.21913
CVE-2023-25027,0.00045,0.11801
CVE-2023-25028,0.00045,0.11801
CVE-2023-25029,0.00058,0.21913
CVE-2023-2503,0.00046,0.13740
CVE-2023-25031,0.00045,0.11801
CVE-2023-25032,0.00045,0.11801
CVE-2023-25033,0.00058,0.21913
CVE-2023-25034,0.00058,0.21913
CVE-2023-25036,0.00058,0.21913
CVE-2023-25038,0.00058,0.21913
CVE-2023-2504,0.00091,0.38380
CVE-2023-25040,0.00045,0.11801
CVE-2023-25041,0.00046,0.13740
CVE-2023-25042,0.00045,0.11801
CVE-2023-25044,0.00045,0.11801
CVE-2023-25045,0.00050,0.16285
CVE-2023-25046,0.00045,0.11801
CVE-2023-25047,0.00050,0.16285
CVE-2023-25049,0.00045,0.11801
CVE-2023-2505,0.00071,0.29174
CVE-2023-25051,0.00058,0.21913
CVE-2023-25052,0.00045,0.11801
CVE-2023-25054,0.00093,0.39148
CVE-2023-25055,0.00058,0.21913
CVE-2023-25056,0.00058,0.21913
CVE-2023-25057,0.00046,0.13740
CVE-2023-25058,0.00058,0.21913
CVE-2023-25059,0.00045,0.11801
CVE-2023-25061,0.00045,0.11801
CVE-2023-25062,0.00045,0.11801
CVE-2023-25063,0.00045,0.11801
CVE-2023-25064,0.00045,0.11801
CVE-2023-25065,0.00056,0.21102
CVE-2023-25066,0.00056,0.21102
CVE-2023-25069,0.00133,0.48390
CVE-2023-2507,0.00064,0.26167
CVE-2023-25070,0.00174,0.54592
CVE-2023-25071,0.00043,0.06775
CVE-2023-25072,0.00136,0.48969
CVE-2023-25074,0.00045,0.11801
CVE-2023-25075,0.00043,0.06775
CVE-2023-25076,0.00198,0.57713
CVE-2023-25077,0.00052,0.18016
CVE-2023-25078,0.00046,0.13740
CVE-2023-2508,0.00107,0.43251
CVE-2023-25080,0.00043,0.06775
CVE-2023-25081,0.00053,0.19078
CVE-2023-25082,0.00053,0.19078
CVE-2023-25083,0.00053,0.19078
CVE-2023-25084,0.00053,0.19078
CVE-2023-25085,0.00053,0.19078
CVE-2023-25086,0.00053,0.19078
CVE-2023-25087,0.00053,0.19078
CVE-2023-25088,0.00053,0.19078
CVE-2023-25089,0.00053,0.19078
CVE-2023-2509,0.00046,0.13740
CVE-2023-25090,0.00053,0.19078
CVE-2023-25091,0.00053,0.19078
CVE-2023-25092,0.00053,0.19078
CVE-2023-25093,0.00053,0.19078
CVE-2023-25094,0.00053,0.19078
CVE-2023-25095,0.00053,0.19078
CVE-2023-25096,0.00053,0.19078
CVE-2023-25097,0.00053,0.19078
CVE-2023-25098,0.00053,0.19078
CVE-2023-25099,0.00053,0.19078
CVE-2023-25100,0.00053,0.19078
CVE-2023-25101,0.00053,0.19078
CVE-2023-25102,0.00053,0.19078
CVE-2023-25103,0.00053,0.19078
CVE-2023-25104,0.00053,0.19078
CVE-2023-25105,0.00053,0.19078
CVE-2023-25106,0.00053,0.19078
CVE-2023-25107,0.00053,0.19078
CVE-2023-25108,0.00053,0.19078
CVE-2023-25109,0.00053,0.19078
CVE-2023-25110,0.00053,0.19078
CVE-2023-25111,0.00053,0.19078
CVE-2023-25112,0.00053,0.19078
CVE-2023-25113,0.00053,0.19078
CVE-2023-25114,0.00053,0.19078
CVE-2023-25115,0.00053,0.19078
CVE-2023-25116,0.00053,0.19078
CVE-2023-25117,0.00053,0.19078
CVE-2023-25118,0.00053,0.19078
CVE-2023-25119,0.00053,0.19078
CVE-2023-2512,0.00091,0.38380
CVE-2023-25120,0.00053,0.19078
CVE-2023-25121,0.00053,0.19078
CVE-2023-25122,0.00053,0.19078
CVE-2023-25123,0.00053,0.19078
CVE-2023-25124,0.00053,0.19078
CVE-2023-2513,0.00042,0.05722
CVE-2023-25131,0.00127,0.47337
CVE-2023-25132,0.00127,0.47337
CVE-2023-25133,0.00127,0.47337
CVE-2023-25134,0.00043,0.06775
CVE-2023-25135,0.55202,0.97382
CVE-2023-25136,0.00656,0.77356
CVE-2023-25139,0.00069,0.28562
CVE-2023-2514,0.00087,0.36261
CVE-2023-25140,0.00050,0.16056
CVE-2023-25141,0.00079,0.32930
CVE-2023-25143,0.00237,0.61839
CVE-2023-25144,0.00045,0.12491
CVE-2023-25145,0.00045,0.12491
CVE-2023-25146,0.00045,0.12491
CVE-2023-25147,0.00043,0.06775
CVE-2023-25148,0.00045,0.12491
CVE-2023-25149,0.00081,0.33545
CVE-2023-2515,0.00050,0.16285
CVE-2023-25150,0.00071,0.29402
CVE-2023-25151,0.00053,0.18524
CVE-2023-25152,0.00058,0.22690
CVE-2023-25153,0.00044,0.08085
CVE-2023-25154,0.00050,0.16429
CVE-2023-25155,0.00088,0.36695
CVE-2023-25156,0.00079,0.32789
CVE-2023-25157,0.49067,0.97223
CVE-2023-25158,0.00145,0.50425
CVE-2023-25159,0.00060,0.23296
CVE-2023-2516,0.00046,0.12524
CVE-2023-25160,0.00056,0.21168
CVE-2023-25161,0.00062,0.24585
CVE-2023-25162,0.00060,0.23622
CVE-2023-25163,0.00099,0.40696
CVE-2023-25164,0.00094,0.39422
CVE-2023-25165,0.00051,0.17337
CVE-2023-25166,0.00058,0.22604
CVE-2023-25167,0.00054,0.19153
CVE-2023-25168,0.00059,0.22992
CVE-2023-25169,0.00046,0.13740
CVE-2023-2517,0.00064,0.26246
CVE-2023-25170,0.00058,0.21913
CVE-2023-25171,0.00061,0.24205
CVE-2023-25172,0.00060,0.23650
CVE-2023-25173,0.00085,0.35455
CVE-2023-25175,0.00043,0.06775
CVE-2023-25177,0.00083,0.34378
CVE-2023-25178,0.00237,0.61839
CVE-2023-25179,0.00043,0.06775
CVE-2023-2518,0.00046,0.13740
CVE-2023-25181,0.00113,0.44713
CVE-2023-25182,0.00043,0.06775
CVE-2023-25183,0.00049,0.15075
CVE-2023-25184,0.00136,0.48969
CVE-2023-25185,0.00043,0.06775
CVE-2023-25186,0.00044,0.08212
CVE-2023-25187,0.00052,0.18001
CVE-2023-25188,0.00043,0.06775
CVE-2023-2519,0.00076,0.31600
CVE-2023-25191,0.00094,0.39422
CVE-2023-25192,0.00050,0.16429
CVE-2023-25193,0.00097,0.40112
CVE-2023-25194,0.91608,0.98707
CVE-2023-25195,0.00065,0.26771
CVE-2023-25196,0.00062,0.24605
CVE-2023-25197,0.00062,0.24592
CVE-2023-2520,0.00075,0.31117
CVE-2023-25201,0.00160,0.52578
CVE-2023-25206,0.00050,0.16785
CVE-2023-25207,0.00076,0.31600
CVE-2023-2521,0.00046,0.13740
CVE-2023-25210,0.00134,0.48641
CVE-2023-25211,0.00134,0.48641
CVE-2023-25212,0.00134,0.48641
CVE-2023-25213,0.00134,0.48641
CVE-2023-25214,0.00134,0.48641
CVE-2023-25215,0.00134,0.48641
CVE-2023-25216,0.00134,0.48641
CVE-2023-25217,0.00134,0.48641
CVE-2023-25218,0.00134,0.48641
CVE-2023-25219,0.00134,0.48641
CVE-2023-2522,0.00064,0.26306
CVE-2023-25220,0.00134,0.48641
CVE-2023-25221,0.00053,0.19001
CVE-2023-25222,0.00098,0.40363
CVE-2023-25223,0.00050,0.16785
CVE-2023-2523,0.00063,0.25635
CVE-2023-25230,0.00044,0.10862
CVE-2023-25231,0.00098,0.40363
CVE-2023-25233,0.00098,0.40363
CVE-2023-25234,0.00098,0.40363
CVE-2023-25235,0.00053,0.18524
CVE-2023-2524,0.00091,0.38380
CVE-2023-25240,0.00132,0.48247
CVE-2023-25241,0.00053,0.18524
CVE-2023-2526,0.00064,0.26246
CVE-2023-25260,0.00059,0.22999
CVE-2023-25261,0.00343,0.68643
CVE-2023-25262,0.00064,0.26487
CVE-2023-25263,0.00045,0.12069
CVE-2023-25264,0.00099,0.40666
CVE-2023-25265,0.00104,0.42289
CVE-2023-25266,0.00155,0.51834
CVE-2023-25267,0.00050,0.16785
CVE-2023-2527,0.00045,0.11801
CVE-2023-25279,0.00097,0.40089
CVE-2023-2528,0.00068,0.28007
CVE-2023-25280,0.00097,0.40089
CVE-2023-25281,0.00046,0.12724
CVE-2023-25282,0.00044,0.10714
CVE-2023-25283,0.00046,0.12724
CVE-2023-25289,0.00559,0.75308
CVE-2023-2529,0.00045,0.11801
CVE-2023-25292,0.00052,0.17989
CVE-2023-25295,0.00046,0.13740
CVE-2023-2530,0.00235,0.61663
CVE-2023-25303,0.00055,0.20526
CVE-2023-25304,0.00055,0.20526
CVE-2023-25305,0.00055,0.20526
CVE-2023-25306,0.00087,0.35961
CVE-2023-25307,0.00055,0.20526
CVE-2023-25309,0.00099,0.40691
CVE-2023-2531,0.00087,0.36569
CVE-2023-25313,0.00290,0.65851
CVE-2023-25314,0.00046,0.13740
CVE-2023-2533,0.00074,0.30699
CVE-2023-25330,0.00063,0.25601
CVE-2023-2534,0.00048,0.14814
CVE-2023-25344,0.00187,0.56276
CVE-2023-25345,0.00087,0.35961
CVE-2023-25346,0.00089,0.37270
CVE-2023-25347,0.00052,0.17702
CVE-2023-25348,0.00055,0.20747
CVE-2023-25350,0.00050,0.16785
CVE-2023-25355,0.00050,0.16285
CVE-2023-25356,0.00088,0.37045
CVE-2023-25358,0.00164,0.53080
CVE-2023-25360,0.00140,0.49697
CVE-2023-25361,0.00140,0.49697
CVE-2023-25362,0.00140,0.49697
CVE-2023-25363,0.00140,0.49697
CVE-2023-25366,0.00091,0.38380
CVE-2023-25367,0.00385,0.70423
CVE-2023-25368,0.00076,0.31145
CVE-2023-25369,0.00046,0.13740
CVE-2023-2538,0.00070,0.29099
CVE-2023-25392,0.00059,0.22950
CVE-2023-25394,0.00042,0.05722
CVE-2023-25395,0.06202,0.92897
CVE-2023-25396,0.00043,0.06775
CVE-2023-25399,0.00042,0.05722
CVE-2023-25402,0.00054,0.19230
CVE-2023-25403,0.00054,0.19230
CVE-2023-25407,0.00050,0.16285
CVE-2023-25409,0.00046,0.12561
CVE-2023-2541,0.00073,0.30201
CVE-2023-25411,0.00046,0.13740
CVE-2023-25413,0.00084,0.34921
CVE-2023-25414,0.00046,0.13740
CVE-2023-25415,0.00046,0.13740
CVE-2023-25428,0.00046,0.12577
CVE-2023-25431,0.00051,0.17337
CVE-2023-25432,0.00056,0.21131
CVE-2023-25433,0.00044,0.08085
CVE-2023-25434,0.00087,0.36569
CVE-2023-25435,0.00044,0.10345
CVE-2023-25437,0.00050,0.16285
CVE-2023-25438,0.00224,0.60762
CVE-2023-25439,0.00066,0.27463
CVE-2023-2544,0.00049,0.14986
CVE-2023-25440,0.00061,0.24207
CVE-2023-25442,0.00045,0.11801
CVE-2023-25443,0.00048,0.14563
CVE-2023-25447,0.00058,0.21913
CVE-2023-25448,0.00058,0.21913
CVE-2023-25449,0.00058,0.21913
CVE-2023-2545,0.00050,0.16285
CVE-2023-25450,0.00058,0.21913
CVE-2023-25451,0.00063,0.25691
CVE-2023-25452,0.00045,0.11801
CVE-2023-25453,0.00046,0.13740
CVE-2023-25456,0.00045,0.11801
CVE-2023-25458,0.00045,0.11801
CVE-2023-25459,0.00045,0.11801
CVE-2023-2546,0.00057,0.21323
CVE-2023-25460,0.00045,0.11801
CVE-2023-25461,0.00045,0.11801
CVE-2023-25462,0.00045,0.11801
CVE-2023-25463,0.00058,0.21913
CVE-2023-25464,0.00045,0.11801
CVE-2023-25465,0.00045,0.11801
CVE-2023-25466,0.00046,0.13740
CVE-2023-25467,0.00058,0.21913
CVE-2023-25468,0.00058,0.21913
CVE-2023-2547,0.00044,0.10862
CVE-2023-25470,0.00058,0.21913
CVE-2023-25471,0.00046,0.13740
CVE-2023-25472,0.00058,0.21913
CVE-2023-25473,0.00058,0.21913
CVE-2023-25474,0.00058,0.21913
CVE-2023-25475,0.00058,0.21913
CVE-2023-25476,0.00046,0.13740
CVE-2023-25477,0.00045,0.11801
CVE-2023-25478,0.00058,0.21913
CVE-2023-25479,0.00045,0.11801
CVE-2023-2548,0.00050,0.16285
CVE-2023-25480,0.00058,0.21913
CVE-2023-25481,0.00058,0.21913
CVE-2023-25482,0.00058,0.21913
CVE-2023-25483,0.00045,0.11801
CVE-2023-25484,0.00045,0.11801
CVE-2023-25485,0.00045,0.11801
CVE-2023-25487,0.00058,0.21913
CVE-2023-25488,0.00045,0.11801
CVE-2023-25489,0.00058,0.21913
CVE-2023-2549,0.00065,0.26909
CVE-2023-25490,0.00045,0.11801
CVE-2023-25491,0.00055,0.20393
CVE-2023-25492,0.00050,0.16285
CVE-2023-25495,0.00049,0.14986
CVE-2023-25496,0.00042,0.05722
CVE-2023-25499,0.00049,0.14986
CVE-2023-2550,0.00045,0.11801
CVE-2023-25500,0.00045,0.11801
CVE-2023-25504,0.00063,0.25740
CVE-2023-25505,0.00042,0.05722
CVE-2023-25506,0.00060,0.23520
CVE-2023-25507,0.00056,0.20762
CVE-2023-25508,0.00046,0.12712
CVE-2023-25509,0.00042,0.05722
CVE-2023-2551,0.00111,0.44180
CVE-2023-25510,0.00042,0.05722
CVE-2023-25511,0.00043,0.06775
CVE-2023-25512,0.00046,0.12671
CVE-2023-25513,0.00046,0.12671
CVE-2023-25514,0.00046,0.12671
CVE-2023-25515,0.00055,0.20747
CVE-2023-25516,0.00043,0.06775
CVE-2023-25517,0.00043,0.06775
CVE-2023-25518,0.00055,0.20747
CVE-2023-25519,0.00043,0.06775
CVE-2023-2552,0.00058,0.21913
CVE-2023-25520,0.00042,0.05722
CVE-2023-25521,0.00042,0.05722
CVE-2023-25522,0.00043,0.06775
CVE-2023-25523,0.00044,0.10345
CVE-2023-25524,0.00046,0.13740
CVE-2023-25525,0.00087,0.36261
CVE-2023-25526,0.00044,0.10345
CVE-2023-25527,0.00042,0.05722
CVE-2023-25528,0.00119,0.45976
CVE-2023-25529,0.00102,0.41513
CVE-2023-2553,0.00045,0.11801
CVE-2023-25530,0.00174,0.54624
CVE-2023-25531,0.00113,0.44670
CVE-2023-25532,0.00087,0.36261
CVE-2023-25533,0.00174,0.54624
CVE-2023-25534,0.00174,0.54624
CVE-2023-25536,0.00042,0.05722
CVE-2023-25537,0.00042,0.05722
CVE-2023-25539,0.00175,0.54761
CVE-2023-2554,0.00050,0.16285
CVE-2023-25540,0.00043,0.06775
CVE-2023-25542,0.00042,0.05722
CVE-2023-25544,0.00052,0.18157
CVE-2023-25545,0.00043,0.06775
CVE-2023-25547,0.00098,0.40530
CVE-2023-25548,0.00049,0.14986
CVE-2023-25549,0.00245,0.62563
CVE-2023-2555,0.00045,0.11801
CVE-2023-25550,0.00245,0.62563
CVE-2023-25551,0.00046,0.13740
CVE-2023-25552,0.00050,0.16404
CVE-2023-25553,0.00046,0.13740
CVE-2023-25554,0.00045,0.12108
CVE-2023-25555,0.00068,0.27907
CVE-2023-25556,0.00053,0.19001
CVE-2023-25557,0.00096,0.39800
CVE-2023-25558,0.00136,0.48949
CVE-2023-25559,0.00052,0.18157
CVE-2023-2556,0.00045,0.11801
CVE-2023-25560,0.00105,0.42673
CVE-2023-25561,0.00112,0.44588
CVE-2023-25562,0.00105,0.42673
CVE-2023-25563,0.00058,0.22691
CVE-2023-25564,0.00057,0.21366
CVE-2023-25565,0.00058,0.22691
CVE-2023-25566,0.00056,0.21178
CVE-2023-25567,0.00058,0.22691
CVE-2023-25568,0.00056,0.20790
CVE-2023-25569,0.00051,0.16942
CVE-2023-2557,0.00045,0.11801
CVE-2023-25570,0.00061,0.24126
CVE-2023-25571,0.00048,0.14685
CVE-2023-25572,0.00073,0.30219
CVE-2023-25573,0.03198,0.90239
CVE-2023-25575,0.00052,0.18157
CVE-2023-25576,0.00065,0.26949
CVE-2023-25577,0.00059,0.22962
CVE-2023-25578,0.00066,0.27290
CVE-2023-25579,0.00060,0.23619
CVE-2023-2558,0.00045,0.11801
CVE-2023-25582,0.00083,0.34480
CVE-2023-25583,0.00083,0.34480
CVE-2023-25584,0.00049,0.15854
CVE-2023-25585,0.00044,0.08085
CVE-2023-25586,0.00044,0.08085
CVE-2023-25588,0.00044,0.08085
CVE-2023-25589,0.00188,0.56370
CVE-2023-25590,0.00042,0.05722
CVE-2023-25591,0.00068,0.28071
CVE-2023-25592,0.00059,0.23047
CVE-2023-25593,0.00059,0.23047
CVE-2023-25594,0.00050,0.16785
CVE-2023-25595,0.00042,0.05722
CVE-2023-25596,0.00049,0.14986
CVE-2023-25597,0.00093,0.39078
CVE-2023-25598,0.00054,0.19316
CVE-2023-25599,0.00125,0.46919
CVE-2023-2560,0.00064,0.26273
CVE-2023-25600,0.00043,0.06775
CVE-2023-25601,0.00191,0.56829
CVE-2023-25602,0.00061,0.23810
CVE-2023-25603,0.00091,0.38380
CVE-2023-25604,0.00042,0.05722
CVE-2023-25605,0.00050,0.16785
CVE-2023-25606,0.00050,0.15975
CVE-2023-25607,0.00043,0.07443
CVE-2023-25608,0.00049,0.14986
CVE-2023-25609,0.00049,0.14986
CVE-2023-2561,0.00045,0.11801
CVE-2023-25611,0.00042,0.05722
CVE-2023-25613,0.00166,0.53264
CVE-2023-25614,0.00056,0.21163
CVE-2023-25615,0.00049,0.14986
CVE-2023-25616,0.00056,0.20774
CVE-2023-25617,0.00106,0.42902
CVE-2023-25618,0.00044,0.10862
CVE-2023-25619,0.00046,0.13740
CVE-2023-2562,0.00045,0.11801
CVE-2023-25620,0.00044,0.10862
CVE-2023-25621,0.00062,0.24605
CVE-2023-2563,0.00065,0.26944
CVE-2023-25632,0.00043,0.06775
CVE-2023-2564,0.00098,0.40403
CVE-2023-25642,0.00044,0.10862
CVE-2023-25643,0.00047,0.13919
CVE-2023-25644,0.00046,0.13740
CVE-2023-25645,0.00045,0.11989
CVE-2023-25647,0.00044,0.08224
CVE-2023-25648,0.00042,0.05859
CVE-2023-25649,0.00146,0.50520
CVE-2023-2565,0.00052,0.17770
CVE-2023-25650,0.00048,0.14697
CVE-2023-25651,0.00042,0.05859
CVE-2023-25652,0.00081,0.33541
CVE-2023-25653,0.00054,0.19378
CVE-2023-25654,0.00641,0.77070
CVE-2023-25655,0.00063,0.24985
CVE-2023-25656,0.00055,0.20446
CVE-2023-25657,0.00289,0.65786
CVE-2023-25658,0.00046,0.13740
CVE-2023-25659,0.00046,0.13740
CVE-2023-2566,0.00992,0.81988
CVE-2023-25660,0.00046,0.13740
CVE-2023-25661,0.00044,0.10862
CVE-2023-25662,0.00046,0.13740
CVE-2023-25663,0.00046,0.13740
CVE-2023-25664,0.00061,0.24201
CVE-2023-25665,0.00046,0.13740
CVE-2023-25666,0.00046,0.13740
CVE-2023-25667,0.00046,0.13740
CVE-2023-25668,0.00092,0.38672
CVE-2023-25669,0.00046,0.13740
CVE-2023-2567,0.00049,0.14986
CVE-2023-25670,0.00046,0.13740
CVE-2023-25671,0.00053,0.18664
CVE-2023-25672,0.00046,0.13740
CVE-2023-25673,0.00046,0.13740
CVE-2023-25674,0.00046,0.13740
CVE-2023-25675,0.00046,0.13740
CVE-2023-25676,0.00046,0.13740
CVE-2023-2568,0.00046,0.13740
CVE-2023-25680,0.00049,0.15916
CVE-2023-25682,0.00042,0.05722
CVE-2023-25683,0.00074,0.30453
CVE-2023-25684,0.00052,0.17670
CVE-2023-25686,0.00042,0.05722
CVE-2023-25687,0.00044,0.10565
CVE-2023-25688,0.00056,0.21157
CVE-2023-25689,0.00056,0.21157
CVE-2023-2569,0.00045,0.11807
CVE-2023-25690,0.01177,0.83577
CVE-2023-25691,0.00080,0.33250
CVE-2023-25692,0.00062,0.24849
CVE-2023-25693,0.00080,0.33421
CVE-2023-25695,0.00088,0.37164
CVE-2023-25696,0.00080,0.33421
CVE-2023-25698,0.00058,0.21913
CVE-2023-2570,0.00045,0.11807
CVE-2023-25700,0.00076,0.31600
CVE-2023-25702,0.00045,0.11801
CVE-2023-25704,0.00045,0.11801
CVE-2023-25705,0.00045,0.11801
CVE-2023-25706,0.00048,0.14563
CVE-2023-25707,0.00058,0.21913
CVE-2023-25708,0.00058,0.21913
CVE-2023-25709,0.00058,0.21913
CVE-2023-2571,0.00046,0.13740
CVE-2023-25710,0.00045,0.11801
CVE-2023-25711,0.00046,0.13740
CVE-2023-25712,0.00045,0.11801
CVE-2023-25713,0.00046,0.13740
CVE-2023-25715,0.00046,0.12619
CVE-2023-25716,0.00045,0.11801
CVE-2023-25717,0.95613,0.99280
CVE-2023-25718,0.00095,0.39482
CVE-2023-25719,0.00065,0.27056
CVE-2023-2572,0.00046,0.13740
CVE-2023-25721,0.00049,0.14986
CVE-2023-25722,0.00042,0.05722
CVE-2023-25725,0.00260,0.63868
CVE-2023-25727,0.00048,0.14685
CVE-2023-25728,0.00060,0.23760
CVE-2023-25729,0.00068,0.27979
CVE-2023-2573,0.00272,0.64664
CVE-2023-25730,0.00077,0.31730
CVE-2023-25731,0.00091,0.38380
CVE-2023-25732,0.00066,0.27443
CVE-2023-25733,0.00046,0.13740
CVE-2023-25734,0.00083,0.34244
CVE-2023-25735,0.00068,0.27979
CVE-2023-25736,0.00091,0.38380
CVE-2023-25737,0.00068,0.27979
CVE-2023-25738,0.00056,0.20790
CVE-2023-25739,0.00068,0.27979
CVE-2023-2574,0.00272,0.64664
CVE-2023-25740,0.00091,0.38380
CVE-2023-25741,0.00060,0.23760
CVE-2023-25742,0.00056,0.20790
CVE-2023-25743,0.00074,0.30681
CVE-2023-25744,0.00068,0.28208
CVE-2023-25745,0.00091,0.38380
CVE-2023-25746,0.00068,0.28208
CVE-2023-25747,0.00046,0.13740
CVE-2023-25748,0.00046,0.13740
CVE-2023-25749,0.00046,0.13740
CVE-2023-2575,0.00147,0.50607
CVE-2023-25750,0.00046,0.13740
CVE-2023-25751,0.00056,0.20790
CVE-2023-25752,0.00054,0.19372
CVE-2023-25753,0.00063,0.24875
CVE-2023-25754,0.00752,0.79086
CVE-2023-25755,0.00045,0.11993
CVE-2023-25756,0.00043,0.06775
CVE-2023-25757,0.00050,0.16285
CVE-2023-25758,0.00052,0.18141
CVE-2023-25759,0.00045,0.12072
CVE-2023-2576,0.00045,0.11801
CVE-2023-25760,0.00050,0.16285
CVE-2023-25761,0.00097,0.40251
CVE-2023-25762,0.00097,0.40251
CVE-2023-25763,0.00097,0.40251
CVE-2023-25764,0.00097,0.40251
CVE-2023-25765,0.00076,0.31381
CVE-2023-25766,0.00048,0.14645
CVE-2023-25767,0.00056,0.21102
CVE-2023-25768,0.00048,0.14645
CVE-2023-25770,0.00046,0.13740
CVE-2023-25771,0.00043,0.06775
CVE-2023-25772,0.00043,0.06775
CVE-2023-25773,0.00043,0.06775
CVE-2023-25774,0.00046,0.13740
CVE-2023-25775,0.00076,0.31196
CVE-2023-25776,0.00043,0.06775
CVE-2023-2578,0.00045,0.11801
CVE-2023-25780,0.00043,0.06775
CVE-2023-25781,0.00045,0.11801
CVE-2023-25782,0.00045,0.11801
CVE-2023-25783,0.00045,0.11801
CVE-2023-25784,0.00045,0.11801
CVE-2023-25786,0.00045,0.11801
CVE-2023-25787,0.00045,0.11801
CVE-2023-25788,0.00058,0.21913
CVE-2023-25789,0.00045,0.11801
CVE-2023-2579,0.00045,0.11801
CVE-2023-25792,0.00045,0.11801
CVE-2023-25793,0.00045,0.11801
CVE-2023-25794,0.00045,0.11801
CVE-2023-25795,0.00045,0.11801
CVE-2023-25796,0.00045,0.11801
CVE-2023-25797,0.00045,0.11801
CVE-2023-25798,0.00045,0.11801
CVE-2023-2580,0.00045,0.11801
CVE-2023-25800,0.00050,0.16285
CVE-2023-25801,0.00043,0.06775
CVE-2023-25802,0.00088,0.37139
CVE-2023-25803,0.00087,0.35961
CVE-2023-25804,0.00047,0.14215
CVE-2023-25805,0.00101,0.41065
CVE-2023-25806,0.00050,0.16429
CVE-2023-25807,0.00056,0.21038
CVE-2023-25809,0.00043,0.06775
CVE-2023-25810,0.00048,0.14685
CVE-2023-25811,0.00051,0.17337
CVE-2023-25812,0.00071,0.29286
CVE-2023-25813,0.00077,0.32062
CVE-2023-25814,0.00050,0.15975
CVE-2023-25815,0.00046,0.12732
CVE-2023-25816,0.00059,0.22985
CVE-2023-25817,0.00046,0.12561
CVE-2023-25818,0.00054,0.19388
CVE-2023-25819,0.00050,0.16429
CVE-2023-2582,0.00050,0.16811
CVE-2023-25820,0.00042,0.05722
CVE-2023-25821,0.00074,0.30493
CVE-2023-25822,0.00076,0.31174
CVE-2023-25823,0.00105,0.42673
CVE-2023-25824,0.00059,0.23173
CVE-2023-25825,0.00059,0.23171
CVE-2023-25826,0.00060,0.23298
CVE-2023-25827,0.00046,0.13740
CVE-2023-25828,0.00130,0.47863
CVE-2023-25829,0.00063,0.25005
CVE-2023-2583,0.00064,0.26281
CVE-2023-25830,0.00063,0.25005
CVE-2023-25831,0.00063,0.25005
CVE-2023-25832,0.00058,0.21913
CVE-2023-25833,0.00048,0.14756
CVE-2023-25834,0.00045,0.11801
CVE-2023-25835,0.00048,0.14756
CVE-2023-25836,0.00048,0.14756
CVE-2023-25837,0.00048,0.14756
CVE-2023-25838,0.00056,0.21006
CVE-2023-25839,0.00042,0.05722
CVE-2023-2584,0.00051,0.17507
CVE-2023-25840,0.00048,0.14756
CVE-2023-25841,0.00063,0.25005
CVE-2023-25848,0.00046,0.13740
CVE-2023-2585,0.00089,0.37187
CVE-2023-25859,0.00427,0.71810
CVE-2023-2586,0.00225,0.60866
CVE-2023-25860,0.00464,0.72875
CVE-2023-25861,0.00464,0.72875
CVE-2023-25862,0.00122,0.46513
CVE-2023-25863,0.00069,0.28620
CVE-2023-25864,0.00115,0.45044
CVE-2023-25865,0.00096,0.39890
CVE-2023-25866,0.00086,0.35655
CVE-2023-25867,0.00096,0.39890
CVE-2023-25868,0.00115,0.45044
CVE-2023-25869,0.00069,0.28620
CVE-2023-2587,0.00140,0.49587
CVE-2023-25870,0.00086,0.35655
CVE-2023-25871,0.00493,0.73700
CVE-2023-25872,0.00115,0.45044
CVE-2023-25873,0.00069,0.28620
CVE-2023-25874,0.00115,0.45044
CVE-2023-25875,0.00086,0.35668
CVE-2023-25876,0.00086,0.35668
CVE-2023-25877,0.00086,0.35668
CVE-2023-25878,0.00086,0.35668
CVE-2023-25879,0.00096,0.39890
CVE-2023-2588,0.00230,0.61213
CVE-2023-25880,0.00086,0.35655
CVE-2023-25881,0.00096,0.39890
CVE-2023-25882,0.00115,0.45044
CVE-2023-25883,0.00115,0.45044
CVE-2023-25884,0.00069,0.28620
CVE-2023-25885,0.00115,0.45044
CVE-2023-25886,0.00069,0.28620
CVE-2023-25887,0.00069,0.28620
CVE-2023-25888,0.00069,0.28620
CVE-2023-25889,0.00069,0.28620
CVE-2023-2589,0.00052,0.17563
CVE-2023-25890,0.00115,0.45044
CVE-2023-25891,0.00069,0.28620
CVE-2023-25892,0.00069,0.28620
CVE-2023-25893,0.00493,0.73700
CVE-2023-25894,0.00493,0.73700
CVE-2023-25895,0.00115,0.45044
CVE-2023-25896,0.00493,0.73700
CVE-2023-25897,0.00115,0.45044
CVE-2023-25898,0.00115,0.45044
CVE-2023-25899,0.00493,0.73700
CVE-2023-2590,0.00045,0.11801
CVE-2023-25900,0.00069,0.28620
CVE-2023-25901,0.00096,0.39890
CVE-2023-25902,0.00069,0.28620
CVE-2023-25903,0.00065,0.26850
CVE-2023-25904,0.00064,0.26167
CVE-2023-25905,0.00086,0.35655
CVE-2023-25906,0.00069,0.28620
CVE-2023-25907,0.00069,0.28620
CVE-2023-25908,0.00086,0.35644
CVE-2023-25909,0.00267,0.64328
CVE-2023-2591,0.00055,0.20393
CVE-2023-25910,0.00073,0.30167
CVE-2023-25911,0.00078,0.32607
CVE-2023-25912,0.00046,0.13740
CVE-2023-25913,0.00087,0.36261
CVE-2023-25914,0.00090,0.37805
CVE-2023-25915,0.00078,0.32075
CVE-2023-2592,0.00050,0.16285
CVE-2023-25923,0.00044,0.10521
CVE-2023-25924,0.00050,0.16469
CVE-2023-25927,0.00044,0.10521
CVE-2023-25928,0.00044,0.10565
CVE-2023-25929,0.00052,0.17672
CVE-2023-25930,0.00054,0.19190
CVE-2023-25931,0.00053,0.19001
CVE-2023-25933,0.00134,0.48641
CVE-2023-25934,0.00048,0.14563
CVE-2023-25936,0.00042,0.05722
CVE-2023-25937,0.00042,0.05722
CVE-2023-25938,0.00042,0.05722
CVE-2023-2594,0.00090,0.37725
CVE-2023-25940,0.00042,0.05722
CVE-2023-25941,0.00042,0.05722
CVE-2023-25942,0.00044,0.10862
CVE-2023-25944,0.00043,0.06775
CVE-2023-25946,0.00053,0.19001
CVE-2023-25947,0.00042,0.05722
CVE-2023-25948,0.00087,0.36261
CVE-2023-25949,0.00043,0.06775
CVE-2023-2595,0.00077,0.31941
CVE-2023-25950,0.00140,0.49680
CVE-2023-25952,0.00043,0.06775
CVE-2023-25953,0.00166,0.53253
CVE-2023-25954,0.00047,0.14033
CVE-2023-25955,0.00045,0.12115
CVE-2023-25956,0.00112,0.44484
CVE-2023-25957,0.00083,0.34505
CVE-2023-25958,0.00045,0.11801
CVE-2023-2596,0.00077,0.31941
CVE-2023-25960,0.00076,0.31600
CVE-2023-25961,0.00046,0.13740
CVE-2023-25962,0.00045,0.11801
CVE-2023-25963,0.00045,0.11801
CVE-2023-25964,0.00045,0.11801
CVE-2023-25967,0.00058,0.21913
CVE-2023-25968,0.00058,0.21913
CVE-2023-2597,0.00087,0.36261
CVE-2023-25970,0.00091,0.38380
CVE-2023-25971,0.00058,0.21913
CVE-2023-25972,0.00045,0.11801
CVE-2023-25973,0.00058,0.21913
CVE-2023-25974,0.00045,0.11801
CVE-2023-25975,0.00058,0.21913
CVE-2023-25976,0.00058,0.21913
CVE-2023-25977,0.00045,0.11801
CVE-2023-25978,0.00045,0.11801
CVE-2023-25979,0.00045,0.11801
CVE-2023-2598,0.00042,0.05722
CVE-2023-25980,0.00058,0.21913
CVE-2023-25981,0.00045,0.11801
CVE-2023-25982,0.00045,0.11801
CVE-2023-25983,0.00050,0.16285
CVE-2023-25984,0.00045,0.11801
CVE-2023-25985,0.00058,0.21913
CVE-2023-25986,0.00058,0.21913
CVE-2023-25987,0.00058,0.21913
CVE-2023-25989,0.00093,0.39130
CVE-2023-2599,0.00053,0.18311
CVE-2023-25990,0.00050,0.16285
CVE-2023-25991,0.00058,0.21913
CVE-2023-25992,0.00045,0.11801
CVE-2023-25994,0.00058,0.21913
CVE-2023-2600,0.00045,0.11801
CVE-2023-26008,0.00045,0.11801
CVE-2023-2601,0.00289,0.65769
CVE-2023-26010,0.00045,0.11801
CVE-2023-26011,0.00058,0.21913
CVE-2023-26012,0.00045,0.11801
CVE-2023-26013,0.00063,0.25691
CVE-2023-26014,0.00058,0.21913
CVE-2023-26015,0.00076,0.31600
CVE-2023-26016,0.00045,0.11801
CVE-2023-26017,0.00045,0.11801
CVE-2023-2602,0.00054,0.19377
CVE-2023-26020,0.00058,0.22690
CVE-2023-26021,0.00074,0.30542
CVE-2023-26022,0.00074,0.30542
CVE-2023-26023,0.00074,0.30453
CVE-2023-26024,0.00047,0.13887
CVE-2023-26026,0.00074,0.30453
CVE-2023-2603,0.00051,0.17254
CVE-2023-26031,0.00060,0.23591
CVE-2023-26032,0.00089,0.37298
CVE-2023-26033,0.00056,0.20808
CVE-2023-26034,0.00136,0.48890
CVE-2023-26035,0.96871,0.99647
CVE-2023-26036,0.00097,0.40164
CVE-2023-26037,0.00089,0.37298
CVE-2023-26038,0.00052,0.18041
CVE-2023-26039,0.00062,0.24618
CVE-2023-2604,0.00052,0.17889
CVE-2023-26040,0.00046,0.13740
CVE-2023-26041,0.00058,0.22631
CVE-2023-26042,0.00060,0.23296
CVE-2023-26043,0.00056,0.20780
CVE-2023-26044,0.00046,0.13740
CVE-2023-26045,0.00063,0.25704
CVE-2023-26046,0.00057,0.21343
CVE-2023-26047,0.00057,0.21343
CVE-2023-26048,0.00131,0.47934
CVE-2023-26049,0.00118,0.45698
CVE-2023-2605,0.00111,0.44174
CVE-2023-26051,0.00083,0.34454
CVE-2023-26052,0.00079,0.33073
CVE-2023-26053,0.00095,0.39483
CVE-2023-26054,0.00060,0.23760
CVE-2023-26055,0.00098,0.40443
CVE-2023-26056,0.00099,0.40579
CVE-2023-26057,0.00049,0.14986
CVE-2023-26058,0.00049,0.14986
CVE-2023-26059,0.00045,0.11801
CVE-2023-2606,0.00045,0.11801
CVE-2023-26060,0.00049,0.15052
CVE-2023-26061,0.00045,0.11801
CVE-2023-26062,0.00043,0.06775
CVE-2023-26063,0.00148,0.50866
CVE-2023-26064,0.00175,0.54757
CVE-2023-26065,0.00211,0.59038
CVE-2023-26066,0.00148,0.50866
CVE-2023-26067,0.09393,0.94183
CVE-2023-26068,0.17877,0.95713
CVE-2023-26069,0.00145,0.50312
CVE-2023-2607,0.00063,0.24899
CVE-2023-26070,0.00089,0.37678
CVE-2023-26071,0.00087,0.36261
CVE-2023-26072,0.00105,0.42577
CVE-2023-26073,0.00105,0.42577
CVE-2023-26074,0.00105,0.42577
CVE-2023-26075,0.00107,0.43045
CVE-2023-26076,0.00068,0.27979
CVE-2023-26077,0.00042,0.05722
CVE-2023-26078,0.00042,0.05722
CVE-2023-2608,0.00053,0.18591
CVE-2023-26081,0.00069,0.28668
CVE-2023-26083,0.06150,0.92870
CVE-2023-26084,0.00046,0.13740
CVE-2023-26085,0.00051,0.17175
CVE-2023-26088,0.00043,0.06775
CVE-2023-26089,0.00068,0.28208
CVE-2023-2609,0.00044,0.08085
CVE-2023-26091,0.00050,0.16429
CVE-2023-26092,0.00150,0.51079
CVE-2023-26093,0.00105,0.42673
CVE-2023-26095,0.00046,0.13740
CVE-2023-26097,0.00043,0.06775
CVE-2023-26098,0.00042,0.05722
CVE-2023-26099,0.00043,0.06775
CVE-2023-2610,0.00053,0.18859
CVE-2023-26100,0.00050,0.16906
CVE-2023-26101,0.00090,0.37805
CVE-2023-26102,0.00053,0.18524
CVE-2023-26103,0.00080,0.33416
CVE-2023-26104,0.00055,0.20550
CVE-2023-26105,0.00053,0.18524
CVE-2023-26106,0.00046,0.13740
CVE-2023-26107,0.00042,0.05722
CVE-2023-26108,0.00052,0.17638
CVE-2023-26109,0.00087,0.36569
CVE-2023-2611,0.00238,0.61968
CVE-2023-26110,0.00087,0.36569
CVE-2023-26111,0.00063,0.25095
CVE-2023-26112,0.00055,0.20401
CVE-2023-26113,0.00120,0.46056
CVE-2023-26114,0.00067,0.27762
CVE-2023-26115,0.00055,0.20372
CVE-2023-26116,0.00098,0.40511
CVE-2023-26117,0.00098,0.40511
CVE-2023-26118,0.00103,0.41792
CVE-2023-26119,0.00538,0.74866
CVE-2023-2612,0.00042,0.05722
CVE-2023-26120,0.00065,0.26763
CVE-2023-26121,0.00071,0.29397
CVE-2023-26122,0.00490,0.73635
CVE-2023-26123,0.00052,0.17638
CVE-2023-26125,0.00054,0.19625
CVE-2023-26126,0.00047,0.14215
CVE-2023-26127,0.00043,0.07443
CVE-2023-26128,0.00046,0.12621
CVE-2023-26129,0.00046,0.12621
CVE-2023-26130,0.00058,0.22658
CVE-2023-26131,0.00052,0.17638
CVE-2023-26132,0.00049,0.15801
CVE-2023-26133,0.00063,0.25553
CVE-2023-26134,0.00126,0.47200
CVE-2023-26135,0.00070,0.28782
CVE-2023-26136,0.00160,0.52641
CVE-2023-26137,0.00046,0.13740
CVE-2023-26138,0.00045,0.11801
CVE-2023-26139,0.00046,0.13740
CVE-2023-2614,0.00090,0.37876
CVE-2023-26140,0.00052,0.17989
CVE-2023-26141,0.00061,0.24106
CVE-2023-26142,0.00046,0.13740
CVE-2023-26143,0.00051,0.17347
CVE-2023-26144,0.00053,0.18847
CVE-2023-26145,0.00055,0.20671
CVE-2023-26146,0.00046,0.13740
CVE-2023-26147,0.00046,0.13740
CVE-2023-26148,0.00046,0.13740
CVE-2023-26149,0.00049,0.15008
CVE-2023-2615,0.00090,0.37876
CVE-2023-26150,0.00063,0.24928
CVE-2023-26151,0.00111,0.44169
CVE-2023-26152,0.00071,0.29212
CVE-2023-26153,0.00074,0.30488
CVE-2023-26154,0.00108,0.43323
CVE-2023-26155,0.00109,0.43511
CVE-2023-26156,0.00067,0.27871
CVE-2023-26157,0.00049,0.15801
CVE-2023-26158,0.00046,0.13740
CVE-2023-26159,0.00051,0.16914
CVE-2023-2616,0.00090,0.37876
CVE-2023-2617,0.00052,0.17532
CVE-2023-2618,0.00052,0.17532
CVE-2023-2619,0.00063,0.25553
CVE-2023-2620,0.00063,0.25691
CVE-2023-26203,0.00043,0.06775
CVE-2023-26204,0.00091,0.38380
CVE-2023-26205,0.00050,0.16285
CVE-2023-26207,0.00049,0.14986
CVE-2023-26208,0.00073,0.30201
CVE-2023-26209,0.00073,0.30201
CVE-2023-2621,0.00046,0.12730
CVE-2023-26210,0.00042,0.05844
CVE-2023-26213,0.00294,0.66111
CVE-2023-26214,0.00048,0.14685
CVE-2023-26215,0.00050,0.15975
CVE-2023-26216,0.00049,0.15925
CVE-2023-26217,0.00050,0.16285
CVE-2023-26218,0.00050,0.16285
CVE-2023-26219,0.00050,0.16285
CVE-2023-2622,0.00045,0.11801
CVE-2023-26220,0.00045,0.11801
CVE-2023-26221,0.00043,0.06775
CVE-2023-26222,0.00045,0.11801
CVE-2023-2623,0.00049,0.14986
CVE-2023-26234,0.00106,0.42713
CVE-2023-26235,0.00050,0.16429
CVE-2023-26236,0.00042,0.05722
CVE-2023-26237,0.00043,0.06775
CVE-2023-26238,0.00043,0.06775
CVE-2023-26239,0.00043,0.06775
CVE-2023-2624,0.00111,0.44174
CVE-2023-26242,0.00043,0.06775
CVE-2023-26243,0.00042,0.05722
CVE-2023-26244,0.00042,0.05722
CVE-2023-26245,0.00042,0.05722
CVE-2023-26246,0.00042,0.05722
CVE-2023-26249,0.00055,0.20446
CVE-2023-2625,0.00043,0.07443
CVE-2023-26253,0.00053,0.18524
CVE-2023-26255,0.15138,0.95354
CVE-2023-26256,0.00663,0.77567
CVE-2023-26257,0.00053,0.18524
CVE-2023-26258,0.00109,0.43514
CVE-2023-2626,0.00046,0.13766
CVE-2023-26260,0.00046,0.13740
CVE-2023-26261,0.00091,0.38380
CVE-2023-26262,0.00066,0.27254
CVE-2023-26263,0.00052,0.18120
CVE-2023-26264,0.00056,0.21073
CVE-2023-26265,0.00059,0.23076
CVE-2023-26266,0.00142,0.49910
CVE-2023-26267,0.00052,0.18157
CVE-2023-26268,0.00053,0.18857
CVE-2023-26269,0.00042,0.05722
CVE-2023-2627,0.00045,0.11801
CVE-2023-26270,0.00202,0.58174
CVE-2023-26271,0.00062,0.24587
CVE-2023-26272,0.00058,0.22604
CVE-2023-26273,0.00044,0.10565
CVE-2023-26274,0.00044,0.10565
CVE-2023-26276,0.00074,0.30453
CVE-2023-26277,0.00042,0.05722
CVE-2023-26278,0.00042,0.05722
CVE-2023-26279,0.00042,0.05722
CVE-2023-2628,0.00087,0.36569
CVE-2023-26281,0.00067,0.27695
CVE-2023-26283,0.00044,0.10565
CVE-2023-26284,0.00051,0.16938
CVE-2023-26285,0.00056,0.21083
CVE-2023-26286,0.00042,0.05722
CVE-2023-2629,0.00053,0.19001
CVE-2023-26290,0.00046,0.13740
CVE-2023-26291,0.00046,0.13740
CVE-2023-26292,0.00046,0.13740
CVE-2023-26293,0.00052,0.17993
CVE-2023-26294,0.00043,0.06775
CVE-2023-26295,0.00135,0.48792
CVE-2023-26296,0.00059,0.22952
CVE-2023-26297,0.00059,0.22952
CVE-2023-26298,0.00059,0.22952
CVE-2023-26299,0.00042,0.05722
CVE-2023-2630,0.00067,0.27865
CVE-2023-26300,0.00043,0.06775
CVE-2023-26301,0.00091,0.38380
CVE-2023-26302,0.00043,0.06775
CVE-2023-26303,0.00043,0.06775
CVE-2023-26309,0.00235,0.61663
CVE-2023-2631,0.00044,0.10753
CVE-2023-26310,0.00109,0.43782
CVE-2023-26311,0.00235,0.61663
CVE-2023-26314,0.00082,0.34031
CVE-2023-26316,0.00046,0.13740
CVE-2023-26317,0.00279,0.65072
CVE-2023-26318,0.00050,0.16285
CVE-2023-26319,0.00048,0.14225
CVE-2023-2632,0.00044,0.10753
CVE-2023-26320,0.00078,0.32611
CVE-2023-26325,0.00055,0.20517
CVE-2023-26326,0.00113,0.44624
CVE-2023-26327,0.00087,0.36441
CVE-2023-26328,0.00086,0.35655
CVE-2023-26329,0.00087,0.36441
CVE-2023-2633,0.00044,0.10753
CVE-2023-26330,0.00086,0.35655
CVE-2023-26331,0.00087,0.36441
CVE-2023-26332,0.00087,0.36441
CVE-2023-26333,0.00069,0.28620
CVE-2023-26334,0.00129,0.47671
CVE-2023-26335,0.00069,0.28620
CVE-2023-26336,0.00493,0.73700
CVE-2023-26337,0.00150,0.51229
CVE-2023-26338,0.00086,0.35668
CVE-2023-26339,0.00086,0.35668
CVE-2023-2634,0.00045,0.11801
CVE-2023-26340,0.00086,0.35668
CVE-2023-26341,0.00122,0.46513
CVE-2023-26342,0.00122,0.46513
CVE-2023-26343,0.00122,0.46513
CVE-2023-26344,0.00122,0.46513
CVE-2023-26345,0.00086,0.35668
CVE-2023-26346,0.00086,0.35668
CVE-2023-26347,0.00466,0.72935
CVE-2023-26348,0.00122,0.46513
CVE-2023-26349,0.00229,0.61140
CVE-2023-2635,0.00045,0.11801
CVE-2023-26350,0.00086,0.35668
CVE-2023-26351,0.00086,0.35668
CVE-2023-26352,0.00086,0.35668
CVE-2023-26353,0.00086,0.35668
CVE-2023-26354,0.00086,0.35668
CVE-2023-26355,0.00086,0.35668
CVE-2023-26356,0.00086,0.35668
CVE-2023-26358,0.00064,0.26458
CVE-2023-26359,0.60002,0.97491
CVE-2023-2636,0.00054,0.19492
CVE-2023-26360,0.94391,0.99052
CVE-2023-26361,0.00110,0.43993
CVE-2023-26364,0.00069,0.28680
CVE-2023-26366,0.00063,0.25776
CVE-2023-26367,0.00063,0.25674
CVE-2023-26368,0.00076,0.31146
CVE-2023-26369,0.03654,0.90837
CVE-2023-2637,0.00043,0.06775
CVE-2023-26370,0.00419,0.71583
CVE-2023-26371,0.00069,0.28620
CVE-2023-26372,0.00087,0.36091
CVE-2023-26373,0.00087,0.36446
CVE-2023-26374,0.00086,0.35668
CVE-2023-26375,0.00086,0.35668
CVE-2023-26376,0.00086,0.35668
CVE-2023-26377,0.00086,0.35668
CVE-2023-26378,0.00086,0.35668
CVE-2023-26379,0.00086,0.35668
CVE-2023-2638,0.00043,0.06775
CVE-2023-26380,0.00086,0.35668
CVE-2023-26381,0.00086,0.35668
CVE-2023-26382,0.00086,0.35668
CVE-2023-26383,0.09346,0.94171
CVE-2023-26384,0.73544,0.97858
CVE-2023-26385,0.00130,0.47810
CVE-2023-26386,0.00130,0.47810
CVE-2023-26387,0.00130,0.47810
CVE-2023-26388,0.00438,0.72177
CVE-2023-26389,0.00134,0.48606
CVE-2023-2639,0.00044,0.10871
CVE-2023-26390,0.09346,0.94171
CVE-2023-26391,0.00132,0.48271
CVE-2023-26392,0.73544,0.97858
CVE-2023-26393,0.00134,0.48606
CVE-2023-26394,0.00850,0.80420
CVE-2023-26395,0.00255,0.63445
CVE-2023-26396,0.00064,0.26458
CVE-2023-26397,0.00078,0.32275
CVE-2023-26398,0.00092,0.38841
CVE-2023-2640,0.00174,0.54627
CVE-2023-26400,0.00086,0.35668
CVE-2023-26401,0.00086,0.35668
CVE-2023-26402,0.00134,0.48606
CVE-2023-26403,0.00130,0.47810
CVE-2023-26404,0.00086,0.35668
CVE-2023-26405,0.00438,0.72177
CVE-2023-26406,0.00547,0.75086
CVE-2023-26407,0.00438,0.72177
CVE-2023-26408,0.00547,0.75086
CVE-2023-26409,0.00092,0.38841
CVE-2023-2641,0.00063,0.25553
CVE-2023-26410,0.54025,0.97346
CVE-2023-26411,0.00092,0.38841
CVE-2023-26412,0.08220,0.93779
CVE-2023-26413,0.00489,0.73601
CVE-2023-26414,0.48633,0.97210
CVE-2023-26415,0.00196,0.57545
CVE-2023-26416,0.00489,0.73601
CVE-2023-26417,0.73544,0.97858
CVE-2023-26418,0.73544,0.97858
CVE-2023-26419,0.73544,0.97858
CVE-2023-2642,0.00063,0.25553
CVE-2023-26420,0.73544,0.97858
CVE-2023-26421,0.00547,0.75086
CVE-2023-26422,0.73544,0.97858
CVE-2023-26423,0.73544,0.97858
CVE-2023-26424,0.73544,0.97858
CVE-2023-26425,0.00134,0.48606
CVE-2023-26426,0.00441,0.72264
CVE-2023-26427,0.00045,0.12069
CVE-2023-26428,0.00074,0.30530
CVE-2023-26429,0.00084,0.34806
CVE-2023-2643,0.00063,0.25553
CVE-2023-26430,0.00074,0.30530
CVE-2023-26431,0.00075,0.30766
CVE-2023-26432,0.00108,0.43341
CVE-2023-26433,0.00108,0.43341
CVE-2023-26434,0.00108,0.43341
CVE-2023-26435,0.00070,0.28972
CVE-2023-26436,0.00057,0.21408
CVE-2023-26437,0.00173,0.54491
CVE-2023-26438,0.00075,0.30766
CVE-2023-26439,0.00042,0.05722
CVE-2023-2644,0.00043,0.06775
CVE-2023-26440,0.00042,0.05722
CVE-2023-26441,0.00045,0.12069
CVE-2023-26442,0.00063,0.25630
CVE-2023-26443,0.00124,0.46725
CVE-2023-26445,0.00065,0.26952
CVE-2023-26446,0.00065,0.26952
CVE-2023-26447,0.00065,0.26952
CVE-2023-26448,0.00065,0.26952
CVE-2023-26449,0.00073,0.30290
CVE-2023-2645,0.00063,0.25553
CVE-2023-26450,0.00073,0.30290
CVE-2023-26451,0.00090,0.37734
CVE-2023-26452,0.00053,0.19001
CVE-2023-26453,0.00053,0.19001
CVE-2023-26454,0.00053,0.19001
CVE-2023-26455,0.00042,0.05722
CVE-2023-26456,0.00049,0.15110
CVE-2023-26457,0.00046,0.13740
CVE-2023-26458,0.00050,0.16404
CVE-2023-26459,0.00044,0.10862
CVE-2023-2646,0.00044,0.10345
CVE-2023-26460,0.00046,0.13740
CVE-2023-26461,0.00049,0.14986
CVE-2023-26462,0.00197,0.57680
CVE-2023-26463,0.00236,0.61740
CVE-2023-26464,0.00089,0.37312
CVE-2023-26465,0.00046,0.13740
CVE-2023-26466,0.00043,0.06775
CVE-2023-26467,0.00046,0.13740
CVE-2023-26468,0.00096,0.39800
CVE-2023-26469,0.92723,0.98842
CVE-2023-2647,0.00058,0.22676
CVE-2023-26470,0.00096,0.39863
CVE-2023-26471,0.00079,0.32893
CVE-2023-26472,0.00087,0.35969
CVE-2023-26473,0.00061,0.24129
CVE-2023-26474,0.00088,0.37053
CVE-2023-26475,0.00105,0.42563
CVE-2023-26476,0.00074,0.30493
CVE-2023-26477,0.00180,0.55352
CVE-2023-26478,0.00067,0.27677
CVE-2023-26479,0.00083,0.34512
CVE-2023-2648,0.04544,0.91704
CVE-2023-26480,0.00095,0.39492
CVE-2023-26481,0.00051,0.16932
CVE-2023-26482,0.00052,0.17710
CVE-2023-26483,0.00065,0.27111
CVE-2023-26484,0.00050,0.16404
CVE-2023-26485,0.00044,0.10188
CVE-2023-26486,0.00058,0.22622
CVE-2023-26487,0.00059,0.22807
CVE-2023-26488,0.00057,0.21448
CVE-2023-26489,0.00067,0.27638
CVE-2023-2649,0.00120,0.46108
CVE-2023-26490,0.00103,0.41652
CVE-2023-26491,0.00055,0.20378
CVE-2023-26492,0.00074,0.30751
CVE-2023-26493,0.00091,0.38118
CVE-2023-26494,0.00052,0.17638
CVE-2023-26495,0.00154,0.51715
CVE-2023-26496,0.00101,0.41088
CVE-2023-26497,0.00068,0.28208
CVE-2023-26498,0.00101,0.41088
CVE-2023-2650,0.00140,0.49667
CVE-2023-26509,0.00092,0.38753
CVE-2023-26510,0.00072,0.29627
CVE-2023-26511,0.00141,0.49721
CVE-2023-26512,0.00489,0.73618
CVE-2023-26513,0.00088,0.37164
CVE-2023-26514,0.00058,0.21913
CVE-2023-26515,0.00045,0.11801
CVE-2023-26516,0.00058,0.21913
CVE-2023-26517,0.00045,0.11801
CVE-2023-26518,0.00058,0.21913
CVE-2023-26519,0.00045,0.11801
CVE-2023-2652,0.00063,0.25553
CVE-2023-26524,0.00058,0.21913
CVE-2023-26525,0.00050,0.16404
CVE-2023-26527,0.00045,0.11801
CVE-2023-26528,0.00045,0.11801
CVE-2023-26529,0.00045,0.11801
CVE-2023-2653,0.00078,0.32083
CVE-2023-26530,0.00046,0.13740
CVE-2023-26531,0.00058,0.21913
CVE-2023-26532,0.00058,0.21913
CVE-2023-26533,0.00049,0.14986
CVE-2023-26534,0.00045,0.11801
CVE-2023-26535,0.00058,0.21913
CVE-2023-26536,0.00045,0.11801
CVE-2023-26537,0.00045,0.11801
CVE-2023-26538,0.00045,0.11801
CVE-2023-26539,0.00045,0.11801
CVE-2023-2654,0.00046,0.13740
CVE-2023-26541,0.00045,0.11801
CVE-2023-26542,0.00058,0.21913
CVE-2023-26543,0.00058,0.21913
CVE-2023-26544,0.00043,0.06775
CVE-2023-26545,0.00042,0.05722
CVE-2023-26546,0.00118,0.45826
CVE-2023-26547,0.00045,0.11830
CVE-2023-26548,0.00048,0.14701
CVE-2023-26549,0.00087,0.36261
CVE-2023-2655,0.00050,0.16285
CVE-2023-26550,0.00086,0.35613
CVE-2023-26551,0.00046,0.13740
CVE-2023-26552,0.00046,0.13740
CVE-2023-26553,0.00046,0.13740
CVE-2023-26554,0.00046,0.13740
CVE-2023-26555,0.00050,0.16759
CVE-2023-26556,0.00063,0.25196
CVE-2023-26557,0.00060,0.23760
CVE-2023-26559,0.00066,0.27312
CVE-2023-2656,0.00077,0.31941
CVE-2023-26560,0.00049,0.14986
CVE-2023-26563,0.00102,0.41531
CVE-2023-26564,0.00102,0.41531
CVE-2023-26567,0.00099,0.40636
CVE-2023-26568,0.00113,0.44700
CVE-2023-26569,0.00113,0.44700
CVE-2023-2657,0.00060,0.23704
CVE-2023-26570,0.00093,0.39078
CVE-2023-26571,0.00057,0.21528
CVE-2023-26572,0.00113,0.44700
CVE-2023-26573,0.00087,0.36261
CVE-2023-26574,0.00093,0.39078
CVE-2023-26575,0.00093,0.39078
CVE-2023-26576,0.00093,0.39078
CVE-2023-26577,0.00045,0.11801
CVE-2023-26578,0.00054,0.19477
CVE-2023-26579,0.00052,0.17889
CVE-2023-2658,0.00077,0.31941
CVE-2023-26580,0.00093,0.39078
CVE-2023-26581,0.00113,0.44700
CVE-2023-26582,0.00113,0.44700
CVE-2023-26583,0.00113,0.44700
CVE-2023-26584,0.00113,0.44700
CVE-2023-26587,0.00043,0.06775
CVE-2023-26588,0.00089,0.37303
CVE-2023-26589,0.00043,0.06775
CVE-2023-2659,0.00077,0.31941
CVE-2023-26590,0.00061,0.23810
CVE-2023-26593,0.00043,0.06775
CVE-2023-26595,0.00065,0.26805
CVE-2023-26597,0.00046,0.13740
CVE-2023-26599,0.00046,0.13740
CVE-2023-2660,0.00077,0.31941
CVE-2023-26600,0.00139,0.49391
CVE-2023-26601,0.00064,0.26202
CVE-2023-26602,0.00600,0.76200
CVE-2023-26604,0.00046,0.13788
CVE-2023-26605,0.00043,0.06775
CVE-2023-26606,0.00043,0.06775
CVE-2023-26607,0.00043,0.06775
CVE-2023-26608,0.00051,0.17337
CVE-2023-26609,0.00364,0.69589
CVE-2023-2661,0.00077,0.31941
CVE-2023-26612,0.00082,0.34087
CVE-2023-26613,0.00120,0.46075
CVE-2023-26615,0.00097,0.40176
CVE-2023-26616,0.00082,0.34087
CVE-2023-2662,0.00044,0.10345
CVE-2023-2663,0.00044,0.10345
CVE-2023-2664,0.00044,0.10345
CVE-2023-2665,0.00087,0.36261
CVE-2023-2666,0.00046,0.13740
CVE-2023-2667,0.00052,0.17991
CVE-2023-2668,0.00063,0.25635
CVE-2023-2669,0.00063,0.25635
CVE-2023-26692,0.00046,0.13740
CVE-2023-2670,0.00061,0.24109
CVE-2023-2671,0.00052,0.17991
CVE-2023-2672,0.00063,0.25635
CVE-2023-2673,0.00046,0.13740
CVE-2023-26733,0.00063,0.25058
CVE-2023-26735,0.00095,0.39624
CVE-2023-2674,0.00344,0.68696
CVE-2023-2675,0.00087,0.36569
CVE-2023-26750,0.00150,0.51199
CVE-2023-26756,0.00084,0.34921
CVE-2023-26758,0.00099,0.40764
CVE-2023-26759,0.00103,0.41652
CVE-2023-2676,0.00088,0.36687
CVE-2023-26760,0.00096,0.40025
CVE-2023-26762,0.00056,0.21131
CVE-2023-26767,0.00087,0.35988
CVE-2023-26768,0.00087,0.35988
CVE-2023-26769,0.00114,0.44774
CVE-2023-2677,0.00084,0.34819
CVE-2023-26773,0.00146,0.50538
CVE-2023-26774,0.00127,0.47250
CVE-2023-26775,0.00275,0.64868
CVE-2023-26776,0.00347,0.68810
CVE-2023-26777,0.00058,0.21557
CVE-2023-26779,0.00240,0.62101
CVE-2023-2678,0.00050,0.16708
CVE-2023-26780,0.00086,0.35613
CVE-2023-26781,0.00063,0.25601
CVE-2023-26782,0.00076,0.31170
CVE-2023-26784,0.00103,0.41771
CVE-2023-26788,0.00046,0.13740
CVE-2023-26789,0.00052,0.17989
CVE-2023-2679,0.00045,0.11801
CVE-2023-2680,0.00042,0.05722
CVE-2023-26800,0.00149,0.50922
CVE-2023-26801,0.01544,0.85816
CVE-2023-26802,0.00151,0.51350
CVE-2023-26805,0.00087,0.36569
CVE-2023-26806,0.00087,0.36569
CVE-2023-2681,0.00056,0.21006
CVE-2023-26813,0.00063,0.25601
CVE-2023-26817,0.00106,0.42858
CVE-2023-26818,0.00043,0.06775
CVE-2023-2682,0.00074,0.30518
CVE-2023-26820,0.00087,0.35961
CVE-2023-26822,0.00593,0.76085
CVE-2023-26829,0.00170,0.54133
CVE-2023-2683,0.00044,0.10345
CVE-2023-26830,0.00055,0.20491
CVE-2023-26839,0.00046,0.13740
CVE-2023-2684,0.00045,0.11801
CVE-2023-26840,0.00048,0.14563
CVE-2023-26841,0.00048,0.14563
CVE-2023-26842,0.00148,0.50766
CVE-2023-26843,0.00146,0.50565
CVE-2023-26845,0.00046,0.13740
CVE-2023-26846,0.00045,0.11801
CVE-2023-26847,0.00045,0.11801
CVE-2023-26848,0.81374,0.98097
CVE-2023-2685,0.00043,0.06775
CVE-2023-26852,0.00088,0.37169
CVE-2023-26855,0.00084,0.34921
CVE-2023-26856,0.00050,0.16285
CVE-2023-26857,0.00055,0.20491
CVE-2023-26858,0.00063,0.25601
CVE-2023-26859,0.00059,0.22864
CVE-2023-2686,0.00091,0.38380
CVE-2023-26860,0.00060,0.23589
CVE-2023-26861,0.00056,0.21181
CVE-2023-26864,0.00063,0.25601
CVE-2023-26865,0.00063,0.25601
CVE-2023-26866,0.00279,0.65072
CVE-2023-2687,0.00043,0.06775
CVE-2023-26876,0.01601,0.86080
CVE-2023-2688,0.00046,0.12619
CVE-2023-2689,0.00103,0.41635
CVE-2023-2690,0.00103,0.41635
CVE-2023-26905,0.00076,0.31600
CVE-2023-2691,0.00050,0.16708
CVE-2023-26911,0.00050,0.16759
CVE-2023-26912,0.00044,0.07751
CVE-2023-26913,0.00046,0.13740
CVE-2023-26916,0.00052,0.17989
CVE-2023-26917,0.00046,0.13740
CVE-2023-26918,0.01746,0.86655
CVE-2023-26919,0.00046,0.13740
CVE-2023-2692,0.00060,0.23704
CVE-2023-26920,0.00063,0.25738
CVE-2023-26921,0.00097,0.40089
CVE-2023-26922,0.00091,0.38180
CVE-2023-26923,0.00055,0.20747
CVE-2023-26924,0.00042,0.05722
CVE-2023-26925,0.00265,0.64236
CVE-2023-2693,0.00095,0.39584
CVE-2023-26930,0.00044,0.10345
CVE-2023-2694,0.00077,0.31941
CVE-2023-26941,0.00045,0.12108
CVE-2023-26942,0.00045,0.12108
CVE-2023-26943,0.00045,0.12108
CVE-2023-26948,0.00084,0.34921
CVE-2023-26949,0.00143,0.50070
CVE-2023-2695,0.00077,0.31941
CVE-2023-26950,0.00045,0.11801
CVE-2023-26951,0.00045,0.11801
CVE-2023-26952,0.00045,0.11801
CVE-2023-26953,0.00045,0.11801
CVE-2023-26954,0.00045,0.11801
CVE-2023-26955,0.00045,0.11801
CVE-2023-26956,0.00084,0.34921
CVE-2023-26957,0.00048,0.14563
CVE-2023-26958,0.00045,0.11801
CVE-2023-26959,0.00076,0.31600
CVE-2023-2696,0.00095,0.39584
CVE-2023-26961,0.00045,0.11801
CVE-2023-26964,0.00049,0.15801
CVE-2023-26965,0.00044,0.08085
CVE-2023-26966,0.00044,0.08085
CVE-2023-26968,0.00106,0.42831
CVE-2023-26969,0.00087,0.35961
CVE-2023-2697,0.00077,0.31941
CVE-2023-26974,0.00044,0.10345
CVE-2023-26976,0.00046,0.13740
CVE-2023-26978,0.81374,0.98097
CVE-2023-26979,0.00044,0.10345
CVE-2023-2698,0.00077,0.31941
CVE-2023-26980,0.00042,0.05722
CVE-2023-26982,0.00051,0.17093
CVE-2023-26984,0.00065,0.26951
CVE-2023-26986,0.00062,0.24375
CVE-2023-26987,0.00066,0.27226
CVE-2023-2699,0.00077,0.31941
CVE-2023-26991,0.00053,0.19001
CVE-2023-26998,0.00088,0.36675
CVE-2023-26999,0.00378,0.70160
CVE-2023-2700,0.00042,0.05722
CVE-2023-27000,0.00129,0.47622
CVE-2023-27008,0.00089,0.37652
CVE-2023-2701,0.00046,0.13740
CVE-2023-27010,0.00043,0.06775
CVE-2023-27012,0.00118,0.45753
CVE-2023-27013,0.00118,0.45753
CVE-2023-27014,0.00118,0.45753
CVE-2023-27015,0.00118,0.45753
CVE-2023-27016,0.00118,0.45753
CVE-2023-27017,0.00118,0.45753
CVE-2023-27018,0.00118,0.45753
CVE-2023-27019,0.00118,0.45753
CVE-2023-2702,0.00050,0.16285
CVE-2023-27020,0.00118,0.45753
CVE-2023-27021,0.00118,0.45753
CVE-2023-27025,0.00084,0.34921
CVE-2023-2703,0.00089,0.37303
CVE-2023-27032,0.00076,0.31600
CVE-2023-27033,0.00087,0.36569
CVE-2023-27034,0.01179,0.83589
CVE-2023-27035,0.00121,0.46217
CVE-2023-27037,0.00108,0.43420
CVE-2023-2704,0.00105,0.42415
CVE-2023-27040,0.01518,0.85690
CVE-2023-27041,0.00076,0.31600
CVE-2023-27042,0.00050,0.16785
CVE-2023-27043,0.00095,0.39744
CVE-2023-2705,0.00046,0.13740
CVE-2023-27052,0.00076,0.31600
CVE-2023-27054,0.00052,0.17989
CVE-2023-27055,0.00090,0.37805
CVE-2023-27059,0.00045,0.11801
CVE-2023-2706,0.00073,0.30260
CVE-2023-27060,0.00289,0.65745
CVE-2023-27061,0.00087,0.36569
CVE-2023-27062,0.00046,0.13740
CVE-2023-27063,0.00087,0.36569
CVE-2023-27064,0.00046,0.13740
CVE-2023-27065,0.00046,0.13740
CVE-2023-27066,0.00094,0.39379
CVE-2023-27067,0.00209,0.58920
CVE-2023-27068,0.00160,0.52634
CVE-2023-27069,0.00051,0.17093
CVE-2023-2707,0.00045,0.11801
CVE-2023-27070,0.00051,0.17093
CVE-2023-27073,0.00048,0.14563
CVE-2023-27074,0.00076,0.31600
CVE-2023-27075,0.00045,0.11801
CVE-2023-27076,0.00123,0.46655
CVE-2023-27077,0.00061,0.23931
CVE-2023-27078,0.00207,0.58718
CVE-2023-27079,0.02692,0.89447
CVE-2023-2708,0.00092,0.38918
CVE-2023-27082,0.00048,0.14756
CVE-2023-27083,0.00100,0.40796
CVE-2023-27084,0.00042,0.05722
CVE-2023-27087,0.00084,0.34921
CVE-2023-27088,0.00050,0.16785
CVE-2023-27089,0.00044,0.10862
CVE-2023-2709,0.00045,0.11801
CVE-2023-27090,0.00045,0.11801
CVE-2023-27091,0.00055,0.20413
CVE-2023-27092,0.00046,0.13740
CVE-2023-27093,0.00046,0.13740
CVE-2023-27094,0.00050,0.16785
CVE-2023-27095,0.00049,0.14986
CVE-2023-27096,0.00049,0.14986
CVE-2023-27098,0.00053,0.18561
CVE-2023-2710,0.00092,0.38918
CVE-2023-27100,0.00117,0.45556
CVE-2023-27102,0.00046,0.13740
CVE-2023-27103,0.00087,0.36569
CVE-2023-27105,0.00107,0.43012
CVE-2023-27107,0.00050,0.16285
CVE-2023-27108,0.00046,0.13740
CVE-2023-2711,0.00045,0.11801
CVE-2023-27114,0.00044,0.10345
CVE-2023-27115,0.00044,0.10345
CVE-2023-27116,0.00044,0.10345
CVE-2023-27117,0.00053,0.19001
CVE-2023-27119,0.00044,0.10345
CVE-2023-2712,0.00062,0.24826
CVE-2023-27121,0.00052,0.17989
CVE-2023-27126,0.00096,0.39779
CVE-2023-2713,0.00091,0.38380
CVE-2023-27130,0.00061,0.23994
CVE-2023-27131,0.00052,0.17688
CVE-2023-27132,0.00131,0.48057
CVE-2023-27133,0.00130,0.47853
CVE-2023-27135,0.86861,0.98382
CVE-2023-2714,0.00102,0.41537
CVE-2023-27148,0.00045,0.11801
CVE-2023-27149,0.00045,0.11801
CVE-2023-2715,0.00063,0.25588
CVE-2023-27150,0.00045,0.11801
CVE-2023-27151,0.00043,0.06775
CVE-2023-27152,0.00106,0.42831
CVE-2023-27159,0.00258,0.63639
CVE-2023-2716,0.00063,0.25588
CVE-2023-27160,0.00083,0.34569
CVE-2023-27161,0.00060,0.23760
CVE-2023-27162,0.00063,0.25196
CVE-2023-27163,0.04409,0.91596
CVE-2023-27164,0.00089,0.37465
CVE-2023-27167,0.00117,0.45637
CVE-2023-27168,0.00081,0.33894
CVE-2023-27169,0.00052,0.17638
CVE-2023-2717,0.00092,0.38860
CVE-2023-27170,0.00049,0.15925
CVE-2023-27172,0.00088,0.36685
CVE-2023-27178,0.00077,0.32061
CVE-2023-27179,0.01173,0.83538
CVE-2023-2718,0.00045,0.11801
CVE-2023-27180,0.00064,0.26487
CVE-2023-2719,0.00050,0.16285
CVE-2023-27191,0.00049,0.15801
CVE-2023-27192,0.00063,0.25553
CVE-2023-27193,0.00042,0.05722
CVE-2023-27197,0.00043,0.06775
CVE-2023-27198,0.00056,0.20981
CVE-2023-27199,0.00043,0.06775
CVE-2023-27202,0.00076,0.31600
CVE-2023-27203,0.00076,0.31600
CVE-2023-27204,0.00076,0.31600
CVE-2023-27205,0.00076,0.31600
CVE-2023-27206,0.00046,0.13740
CVE-2023-27207,0.00076,0.31600
CVE-2023-27208,0.00046,0.13740
CVE-2023-2721,0.00180,0.55333
CVE-2023-27210,0.00076,0.31600
CVE-2023-27211,0.00046,0.13740
CVE-2023-27212,0.00046,0.13740
CVE-2023-27213,0.00076,0.31600
CVE-2023-27214,0.00076,0.31600
CVE-2023-27216,0.00362,0.69510
CVE-2023-27217,0.00107,0.43228
CVE-2023-2722,0.00180,0.55333
CVE-2023-27224,0.00247,0.62738
CVE-2023-27225,0.00044,0.10565
CVE-2023-27229,0.86861,0.98382
CVE-2023-2723,0.00180,0.55333
CVE-2023-27231,0.86861,0.98382
CVE-2023-27232,0.86861,0.98382
CVE-2023-27233,0.00050,0.16285
CVE-2023-27234,0.00048,0.14563
CVE-2023-27235,0.00056,0.20774
CVE-2023-27237,0.00051,0.17152
CVE-2023-27238,0.00091,0.38380
CVE-2023-27239,0.00087,0.36569
CVE-2023-2724,0.00257,0.63555
CVE-2023-27240,0.01475,0.85448
CVE-2023-27241,0.00046,0.13740
CVE-2023-27242,0.00045,0.11801
CVE-2023-27243,0.00076,0.31152
CVE-2023-27245,0.00046,0.13740
CVE-2023-27246,0.00066,0.27254
CVE-2023-27247,0.00043,0.06775
CVE-2023-27249,0.00045,0.11984
CVE-2023-2725,0.00076,0.31623
CVE-2023-27250,0.00076,0.31600
CVE-2023-27253,0.38733,0.96885
CVE-2023-27254,0.00113,0.44700
CVE-2023-27255,0.00113,0.44700
CVE-2023-27256,0.00052,0.17889
CVE-2023-27257,0.00093,0.39078
CVE-2023-27258,0.00093,0.39078
CVE-2023-27259,0.00093,0.39078
CVE-2023-2726,0.00066,0.27298
CVE-2023-27260,0.00113,0.44700
CVE-2023-27261,0.00052,0.17889
CVE-2023-27262,0.00113,0.44700
CVE-2023-27263,0.00051,0.17406
CVE-2023-27264,0.00048,0.14685
CVE-2023-27265,0.00048,0.14685
CVE-2023-27266,0.00048,0.14685
CVE-2023-27267,0.00091,0.38380
CVE-2023-27268,0.00052,0.17889
CVE-2023-27269,0.00046,0.12703
CVE-2023-2727,0.00068,0.28179
CVE-2023-27270,0.00044,0.10862
CVE-2023-27271,0.00046,0.13740
CVE-2023-2728,0.00066,0.27297
CVE-2023-27284,0.00111,0.44198
CVE-2023-27285,0.00042,0.05722
CVE-2023-27286,0.00111,0.44198
CVE-2023-2729,0.00080,0.33488
CVE-2023-27290,0.00086,0.35628
CVE-2023-27292,0.00090,0.37884
CVE-2023-27293,0.00079,0.32807
CVE-2023-27294,0.00051,0.17337
CVE-2023-27295,0.00053,0.18524
CVE-2023-27296,0.00084,0.35125
CVE-2023-27298,0.00102,0.41513
CVE-2023-2730,0.00111,0.44118
CVE-2023-27304,0.00056,0.21111
CVE-2023-27305,0.00043,0.06775
CVE-2023-27306,0.00043,0.06775
CVE-2023-27309,0.00086,0.35598
CVE-2023-2731,0.00062,0.24586
CVE-2023-27310,0.00086,0.35598
CVE-2023-27311,0.00047,0.14215
CVE-2023-27312,0.00045,0.11801
CVE-2023-27313,0.00050,0.16285
CVE-2023-27314,0.00081,0.33789
CVE-2023-27315,0.00042,0.05722
CVE-2023-27316,0.00043,0.06775
CVE-2023-27317,0.00052,0.18120
CVE-2023-27319,0.00052,0.17889
CVE-2023-2732,0.26074,0.96311
CVE-2023-27320,0.00092,0.38762
CVE-2023-2733,0.00142,0.49933
CVE-2023-2734,0.00142,0.49933
CVE-2023-2735,0.00083,0.34237
CVE-2023-27350,0.97227,0.99809
CVE-2023-27351,0.00533,0.74722
CVE-2023-27352,0.00089,0.37372
CVE-2023-27353,0.00052,0.17994
CVE-2023-27354,0.00053,0.18557
CVE-2023-27355,0.00058,0.21988
CVE-2023-2736,0.00059,0.23114
CVE-2023-2737,0.00044,0.08107
CVE-2023-27371,0.00061,0.23820
CVE-2023-27372,0.97042,0.99711
CVE-2023-27373,0.00043,0.06775
CVE-2023-27375,0.00093,0.39078
CVE-2023-27376,0.00093,0.39078
CVE-2023-27377,0.00093,0.39078
CVE-2023-27378,0.00046,0.13740
CVE-2023-27379,0.00238,0.61997
CVE-2023-2738,0.00063,0.25553
CVE-2023-27380,0.00067,0.27791
CVE-2023-27382,0.00043,0.06775
CVE-2023-27383,0.00043,0.06775
CVE-2023-27384,0.00056,0.21111
CVE-2023-27385,0.00054,0.19227
CVE-2023-27386,0.00043,0.06775
CVE-2023-27387,0.00080,0.33254
CVE-2023-27388,0.00103,0.41763
CVE-2023-27389,0.00180,0.55268
CVE-2023-2739,0.00046,0.13740
CVE-2023-27390,0.00055,0.20747
CVE-2023-27391,0.00043,0.06775
CVE-2023-27392,0.00043,0.06775
CVE-2023-27394,0.00071,0.29325
CVE-2023-27395,0.00100,0.40809
CVE-2023-27396,0.00448,0.72458
CVE-2023-27397,0.00129,0.47757
CVE-2023-27398,0.00091,0.38663
CVE-2023-27399,0.00091,0.38663
CVE-2023-2740,0.00052,0.17770
CVE-2023-27400,0.00091,0.38663
CVE-2023-27401,0.00050,0.16823
CVE-2023-27402,0.00050,0.16823
CVE-2023-27403,0.00058,0.22592
CVE-2023-27404,0.00117,0.45643
CVE-2023-27405,0.00050,0.16823
CVE-2023-27406,0.00117,0.45643
CVE-2023-27407,0.00067,0.27807
CVE-2023-27408,0.00043,0.06775
CVE-2023-27409,0.00044,0.08212
CVE-2023-27410,0.00044,0.10862
CVE-2023-27411,0.00056,0.21006
CVE-2023-27412,0.00046,0.13740
CVE-2023-27413,0.00045,0.11801
CVE-2023-27414,0.00046,0.13740
CVE-2023-27415,0.00045,0.11801
CVE-2023-27416,0.00045,0.11801
CVE-2023-27417,0.00058,0.21913
CVE-2023-27418,0.00058,0.21913
CVE-2023-27419,0.00046,0.13740
CVE-2023-2742,0.00045,0.11801
CVE-2023-27420,0.00046,0.13740
CVE-2023-27421,0.00046,0.13740
CVE-2023-27422,0.00045,0.11801
CVE-2023-27423,0.00058,0.21913
CVE-2023-27424,0.00058,0.21913
CVE-2023-27425,0.00045,0.11801
CVE-2023-27426,0.00045,0.11801
CVE-2023-27427,0.00045,0.11801
CVE-2023-27429,0.00045,0.11801
CVE-2023-2743,0.00046,0.13740
CVE-2023-27430,0.00058,0.21913
CVE-2023-27431,0.00058,0.21913
CVE-2023-27432,0.00046,0.13740
CVE-2023-27433,0.00058,0.21913
CVE-2023-27434,0.00058,0.21913
CVE-2023-27435,0.00058,0.21913
CVE-2023-27436,0.00058,0.21913
CVE-2023-27438,0.00058,0.21913
CVE-2023-27439,0.00045,0.11801
CVE-2023-2744,0.00091,0.38467
CVE-2023-27441,0.00058,0.21913
CVE-2023-27442,0.00058,0.21913
CVE-2023-27443,0.00045,0.11801
CVE-2023-27444,0.00058,0.21913
CVE-2023-27445,0.00058,0.21913
CVE-2023-27446,0.00058,0.21913
CVE-2023-27447,0.00105,0.42435
CVE-2023-27448,0.00058,0.21913
CVE-2023-2745,0.00174,0.54641
CVE-2023-27450,0.00046,0.13740
CVE-2023-27451,0.00050,0.16285
CVE-2023-27452,0.00045,0.11801
CVE-2023-27453,0.00058,0.21913
CVE-2023-27455,0.00046,0.13740
CVE-2023-27457,0.00058,0.21913
CVE-2023-27458,0.00058,0.21913
CVE-2023-2746,0.00058,0.21913
CVE-2023-27461,0.00058,0.21913
CVE-2023-27462,0.00054,0.19384
CVE-2023-27463,0.00057,0.21261
CVE-2023-27464,0.00046,0.13740
CVE-2023-27465,0.00047,0.13989
CVE-2023-27469,0.00043,0.06775
CVE-2023-2747,0.00043,0.06775
CVE-2023-27470,0.00043,0.06775
CVE-2023-27471,0.00043,0.06775
CVE-2023-27472,0.00050,0.16906
CVE-2023-27474,0.00053,0.18547
CVE-2023-27475,0.00066,0.27609
CVE-2023-27476,0.00060,0.23324
CVE-2023-27477,0.00086,0.35651
CVE-2023-27478,0.00052,0.17638
CVE-2023-27479,0.00086,0.35807
CVE-2023-27480,0.00064,0.26320
CVE-2023-27481,0.00053,0.18483
CVE-2023-27482,0.06421,0.93022
CVE-2023-27483,0.00046,0.13740
CVE-2023-27484,0.00044,0.10862
CVE-2023-27485,0.00052,0.18012
CVE-2023-27486,0.00070,0.28908
CVE-2023-27487,0.00086,0.35813
CVE-2023-27488,0.00104,0.42338
CVE-2023-27489,0.00045,0.11801
CVE-2023-2749,0.00087,0.36261
CVE-2023-27490,0.00079,0.32945
CVE-2023-27491,0.00061,0.24045
CVE-2023-27492,0.00044,0.10862
CVE-2023-27493,0.00060,0.23760
CVE-2023-27494,0.00046,0.13740
CVE-2023-27495,0.00055,0.20425
CVE-2023-27496,0.00046,0.13740
CVE-2023-27497,0.00091,0.38380
CVE-2023-27498,0.00052,0.17889
CVE-2023-27499,0.00046,0.13740
CVE-2023-2750,0.00076,0.31600
CVE-2023-27500,0.00046,0.12703
CVE-2023-27501,0.00046,0.12703
CVE-2023-27505,0.00043,0.06775
CVE-2023-27506,0.00043,0.06775
CVE-2023-27507,0.00123,0.46573
CVE-2023-27509,0.00043,0.06775
CVE-2023-2751,0.00046,0.13740
CVE-2023-27510,0.00105,0.42431
CVE-2023-27512,0.00093,0.38969
CVE-2023-27513,0.00043,0.06775
CVE-2023-27514,0.00090,0.37771
CVE-2023-27515,0.00102,0.41513
CVE-2023-27516,0.00043,0.06775
CVE-2023-27518,0.00107,0.43225
CVE-2023-27519,0.00043,0.06775
CVE-2023-2752,0.00045,0.11801
CVE-2023-27520,0.00068,0.28046
CVE-2023-27521,0.00090,0.37771
CVE-2023-27522,0.00550,0.75141
CVE-2023-27523,0.00062,0.24605
CVE-2023-27524,0.96182,0.99407
CVE-2023-27525,0.00062,0.24605
CVE-2023-27526,0.00062,0.24605
CVE-2023-27527,0.00087,0.36261
CVE-2023-27529,0.00053,0.19001
CVE-2023-2753,0.00045,0.11801
CVE-2023-27530,0.00050,0.16457
CVE-2023-27532,0.01323,0.84608
CVE-2023-27533,0.00095,0.39566
CVE-2023-27534,0.00134,0.48537
CVE-2023-27535,0.00059,0.22853
CVE-2023-27536,0.00084,0.34626
CVE-2023-27537,0.00049,0.15160
CVE-2023-27538,0.00044,0.08099
CVE-2023-2754,0.00053,0.19004
CVE-2023-27540,0.00056,0.21083
CVE-2023-27554,0.00069,0.28751
CVE-2023-27555,0.00074,0.30542
CVE-2023-27556,0.00065,0.26829
CVE-2023-27557,0.00074,0.30453
CVE-2023-27558,0.00042,0.05722
CVE-2023-27559,0.00074,0.30542
CVE-2023-2756,0.00050,0.16285
CVE-2023-27560,0.00055,0.20446
CVE-2023-27561,0.00042,0.05722
CVE-2023-27562,0.00063,0.25738
CVE-2023-27563,0.00061,0.24091
CVE-2023-27564,0.00066,0.27248
CVE-2023-27566,0.00050,0.16759
CVE-2023-27567,0.00058,0.22712
CVE-2023-27568,0.00093,0.39059
CVE-2023-27569,0.00076,0.31600
CVE-2023-2757,0.00053,0.18896
CVE-2023-27570,0.00076,0.31600
CVE-2023-27571,0.00053,0.18309
CVE-2023-27572,0.00052,0.17989
CVE-2023-27574,0.00105,0.42673
CVE-2023-27576,0.00051,0.17254
CVE-2023-27577,0.00050,0.15975
CVE-2023-27578,0.00054,0.19372
CVE-2023-27579,0.00046,0.13740
CVE-2023-2758,0.00101,0.41086
CVE-2023-27580,0.00065,0.27015
CVE-2023-27581,0.00066,0.27286
CVE-2023-27582,0.00068,0.27979
CVE-2023-27583,0.00066,0.27607
CVE-2023-27585,0.00252,0.63163
CVE-2023-27586,0.00068,0.28081
CVE-2023-27587,0.16394,0.95526
CVE-2023-27588,0.00070,0.28865
CVE-2023-27589,0.00046,0.12561
CVE-2023-2759,0.00050,0.16285
CVE-2023-27590,0.00053,0.18859
CVE-2023-27591,0.00068,0.27969
CVE-2023-27592,0.00075,0.30788
CVE-2023-27593,0.00042,0.05722
CVE-2023-27594,0.00052,0.17997
CVE-2023-27595,0.00063,0.25553
CVE-2023-27596,0.00046,0.13740
CVE-2023-27597,0.00132,0.48292
CVE-2023-27598,0.00049,0.15160
CVE-2023-27599,0.00048,0.14342
CVE-2023-2760,0.00048,0.14814
CVE-2023-27600,0.00057,0.21551
CVE-2023-27601,0.00057,0.21551
CVE-2023-27602,0.02144,0.88182
CVE-2023-27603,0.01037,0.82370
CVE-2023-27604,0.00045,0.12300
CVE-2023-27605,0.00076,0.31600
CVE-2023-27606,0.00058,0.21913
CVE-2023-2761,0.00050,0.16285
CVE-2023-27610,0.00050,0.16285
CVE-2023-27611,0.00058,0.21913
CVE-2023-27612,0.00045,0.11801
CVE-2023-27613,0.00046,0.13740
CVE-2023-27614,0.00045,0.11801
CVE-2023-27615,0.00058,0.21913
CVE-2023-27616,0.00046,0.13740
CVE-2023-27617,0.00045,0.11801
CVE-2023-27618,0.00045,0.11801
CVE-2023-27619,0.00045,0.11801
CVE-2023-2762,0.00081,0.33524
CVE-2023-27620,0.00045,0.11801
CVE-2023-27621,0.00045,0.11801
CVE-2023-27622,0.00045,0.11801
CVE-2023-27623,0.00058,0.21913
CVE-2023-27624,0.00045,0.11801
CVE-2023-27627,0.00046,0.13740
CVE-2023-27628,0.00045,0.11801
CVE-2023-27629,0.00045,0.11801
CVE-2023-2763,0.00115,0.45017
CVE-2023-27631,0.00045,0.11801
CVE-2023-27632,0.00058,0.21913
CVE-2023-27633,0.00058,0.21913
CVE-2023-27634,0.00058,0.21913
CVE-2023-27635,0.00055,0.20747
CVE-2023-27637,0.00063,0.25553
CVE-2023-27638,0.00063,0.25553
CVE-2023-27639,0.02805,0.89651
CVE-2023-2764,0.00051,0.17507
CVE-2023-27640,0.02805,0.89651
CVE-2023-27641,0.00053,0.18524
CVE-2023-27643,0.00147,0.50701
CVE-2023-27645,0.00160,0.52642
CVE-2023-27647,0.00042,0.05722
CVE-2023-27648,0.00401,0.70997
CVE-2023-27649,0.00056,0.20819
CVE-2023-2765,0.00121,0.46309
CVE-2023-27650,0.00436,0.72097
CVE-2023-27651,0.00050,0.16759
CVE-2023-27652,0.00044,0.08085
CVE-2023-27653,0.00049,0.15801
CVE-2023-27654,0.00063,0.25553
CVE-2023-2766,0.05594,0.92554
CVE-2023-27666,0.00052,0.17989
CVE-2023-27667,0.00063,0.25553
CVE-2023-2767,0.00045,0.11801
CVE-2023-2768,0.00050,0.16708
CVE-2023-2769,0.00061,0.24091
CVE-2023-2770,0.00061,0.24091
CVE-2023-27700,0.00046,0.12703
CVE-2023-27701,0.00046,0.12561
CVE-2023-27703,0.00043,0.06775
CVE-2023-27704,0.00042,0.05722
CVE-2023-27705,0.00046,0.13740
CVE-2023-27706,0.00042,0.05722
CVE-2023-27707,0.00073,0.30276
CVE-2023-27709,0.00073,0.30276
CVE-2023-2771,0.00061,0.24091
CVE-2023-27711,0.00061,0.23994
CVE-2023-27716,0.00091,0.38380
CVE-2023-27718,0.00106,0.42890
CVE-2023-27719,0.00106,0.42890
CVE-2023-2772,0.00061,0.24091
CVE-2023-27720,0.00106,0.42890
CVE-2023-27727,0.00046,0.13740
CVE-2023-27728,0.00046,0.13740
CVE-2023-27729,0.00046,0.13740
CVE-2023-2773,0.00064,0.26137
CVE-2023-27730,0.00046,0.13740
CVE-2023-27733,0.00056,0.20775
CVE-2023-27734,0.00042,0.05722
CVE-2023-27739,0.00046,0.13740
CVE-2023-2774,0.00063,0.25553
CVE-2023-27742,0.00076,0.31600
CVE-2023-27744,0.00079,0.32932
CVE-2023-27745,0.00050,0.16285
CVE-2023-27746,0.00063,0.25048
CVE-2023-27747,0.00077,0.31942
CVE-2023-27748,0.00095,0.39487
CVE-2023-2775,0.00061,0.24091
CVE-2023-27754,0.00044,0.10345
CVE-2023-27755,0.00050,0.16285
CVE-2023-27757,0.00143,0.50070
CVE-2023-27759,0.00084,0.34975
CVE-2023-2776,0.00063,0.25553
CVE-2023-27760,0.00067,0.27650
CVE-2023-27761,0.00067,0.27650
CVE-2023-27762,0.00067,0.27650
CVE-2023-27763,0.00067,0.27650
CVE-2023-27764,0.00067,0.27650
CVE-2023-27765,0.00067,0.27650
CVE-2023-27766,0.00067,0.27650
CVE-2023-27767,0.00067,0.27650
CVE-2023-27768,0.00067,0.27650
CVE-2023-27769,0.00067,0.27650
CVE-2023-27770,0.00067,0.27650
CVE-2023-27771,0.00067,0.27650
CVE-2023-27772,0.00046,0.13740
CVE-2023-27775,0.00053,0.18552
CVE-2023-27776,0.00045,0.11801
CVE-2023-27777,0.00045,0.11801
CVE-2023-27779,0.00058,0.22658
CVE-2023-2778,0.00044,0.10871
CVE-2023-27781,0.00053,0.19001
CVE-2023-27783,0.00104,0.42032
CVE-2023-27784,0.00114,0.44878
CVE-2023-27785,0.00114,0.44878
CVE-2023-27786,0.00104,0.42032
CVE-2023-27787,0.00114,0.44878
CVE-2023-27788,0.00114,0.44878
CVE-2023-27789,0.00104,0.42032
CVE-2023-2779,0.00762,0.79246
CVE-2023-27791,0.00167,0.53452
CVE-2023-27792,0.00043,0.06775
CVE-2023-27793,0.00042,0.05722
CVE-2023-27795,0.00042,0.05722
CVE-2023-27796,0.00048,0.14576
CVE-2023-2780,0.02170,0.88261
CVE-2023-27801,0.00044,0.10725
CVE-2023-27802,0.00044,0.10725
CVE-2023-27803,0.00044,0.10725
CVE-2023-27804,0.00044,0.10725
CVE-2023-27805,0.00044,0.10725
CVE-2023-27806,0.00044,0.10725
CVE-2023-27807,0.00044,0.10725
CVE-2023-27808,0.00044,0.10725
CVE-2023-2781,0.00072,0.29645
CVE-2023-27810,0.00044,0.10725
CVE-2023-27812,0.00052,0.18063
CVE-2023-2782,0.00043,0.06775
CVE-2023-27821,0.00361,0.69492
CVE-2023-27823,0.00568,0.75515
CVE-2023-27826,0.00646,0.77150
CVE-2023-2783,0.00045,0.11801
CVE-2023-27830,0.00061,0.24091
CVE-2023-27836,0.04314,0.91511
CVE-2023-27837,0.03579,0.90746
CVE-2023-2784,0.00046,0.12619
CVE-2023-27842,0.00260,0.63802
CVE-2023-27843,0.00063,0.25601
CVE-2023-27844,0.00059,0.22864
CVE-2023-27845,0.00063,0.25601
CVE-2023-27846,0.00059,0.22864
CVE-2023-27847,0.00063,0.25601
CVE-2023-27848,0.00453,0.72623
CVE-2023-27849,0.00275,0.64815
CVE-2023-2785,0.00044,0.10862
CVE-2023-27850,0.00053,0.19001
CVE-2023-27851,0.00066,0.27254
CVE-2023-27852,0.00134,0.48641
CVE-2023-27853,0.00134,0.48641
CVE-2023-27854,0.00049,0.15005
CVE-2023-27855,0.00126,0.47164
CVE-2023-27856,0.00067,0.27681
CVE-2023-27857,0.00047,0.13903
CVE-2023-27858,0.00049,0.15005
CVE-2023-27859,0.00127,0.47323
CVE-2023-2786,0.00045,0.11801
CVE-2023-27860,0.00044,0.10521
CVE-2023-27861,0.00068,0.27909
CVE-2023-27863,0.00049,0.15916
CVE-2023-27864,0.00048,0.14756
CVE-2023-27866,0.00363,0.69555
CVE-2023-27867,0.00154,0.51721
CVE-2023-27868,0.00154,0.51721
CVE-2023-27869,0.00154,0.51721
CVE-2023-2787,0.00049,0.14986
CVE-2023-27870,0.00074,0.30453
CVE-2023-27871,0.00079,0.33131
CVE-2023-27873,0.00065,0.26903
CVE-2023-27874,0.00051,0.16923
CVE-2023-27875,0.00084,0.34867
CVE-2023-27876,0.00059,0.22843
CVE-2023-27877,0.00079,0.33112
CVE-2023-27879,0.00069,0.28648
CVE-2023-2788,0.00050,0.16404
CVE-2023-27881,0.00050,0.16285
CVE-2023-27882,0.00113,0.44713
CVE-2023-27886,0.00071,0.29325
CVE-2023-27887,0.00043,0.06775
CVE-2023-27888,0.00048,0.14756
CVE-2023-27889,0.00078,0.32613
CVE-2023-2789,0.00055,0.20372
CVE-2023-27890,0.00072,0.29620
CVE-2023-27891,0.00087,0.36261
CVE-2023-27892,0.00052,0.18120
CVE-2023-27893,0.00109,0.43768
CVE-2023-27894,0.00067,0.27621
CVE-2023-27895,0.00049,0.14986
CVE-2023-27896,0.00046,0.13740
CVE-2023-27897,0.00068,0.28346
CVE-2023-27898,0.00091,0.38380
CVE-2023-27899,0.00042,0.05722
CVE-2023-2790,0.00045,0.12069
CVE-2023-27900,0.00046,0.13740
CVE-2023-27901,0.00046,0.13740
CVE-2023-27902,0.00044,0.10753
CVE-2023-27903,0.00043,0.06775
CVE-2023-27904,0.00046,0.13740
CVE-2023-27905,0.00091,0.38380
CVE-2023-27906,0.00060,0.23286
CVE-2023-27907,0.00128,0.47459
CVE-2023-27908,0.00083,0.34381
CVE-2023-27909,0.00128,0.47459
CVE-2023-2791,0.00045,0.11801
CVE-2023-27910,0.00055,0.20747
CVE-2023-27911,0.00069,0.28595
CVE-2023-27912,0.00055,0.20747
CVE-2023-27913,0.00056,0.21135
CVE-2023-27914,0.00055,0.20747
CVE-2023-27915,0.00055,0.20747
CVE-2023-27916,0.00053,0.18307
CVE-2023-27917,0.00104,0.42388
CVE-2023-27918,0.00063,0.25005
CVE-2023-27919,0.00074,0.30694
CVE-2023-2792,0.00049,0.14986
CVE-2023-27920,0.00070,0.29120
CVE-2023-27921,0.00052,0.18120
CVE-2023-27922,0.00113,0.44726
CVE-2023-27923,0.00048,0.14756
CVE-2023-27925,0.00048,0.14756
CVE-2023-27926,0.00048,0.14756
CVE-2023-27927,0.00049,0.14986
CVE-2023-27928,0.00049,0.15120
CVE-2023-27929,0.00053,0.18883
CVE-2023-2793,0.00044,0.10862
CVE-2023-27930,0.00054,0.19430
CVE-2023-27931,0.00055,0.20563
CVE-2023-27932,0.00046,0.12658
CVE-2023-27933,0.00042,0.05722
CVE-2023-27934,0.00107,0.43213
CVE-2023-27935,0.00153,0.51602
CVE-2023-27936,0.00050,0.16759
CVE-2023-27937,0.00058,0.21963
CVE-2023-27938,0.00060,0.23376
CVE-2023-27939,0.00058,0.22645
CVE-2023-27940,0.00052,0.18141
CVE-2023-27941,0.00052,0.18141
CVE-2023-27942,0.00055,0.20563
CVE-2023-27943,0.00045,0.12108
CVE-2023-27944,0.00050,0.16759
CVE-2023-27945,0.00052,0.18141
CVE-2023-27946,0.00054,0.19430
CVE-2023-27947,0.00052,0.18120
CVE-2023-27948,0.00052,0.18120
CVE-2023-27949,0.00054,0.19430
CVE-2023-2795,0.00045,0.11801
CVE-2023-27950,0.00052,0.18120
CVE-2023-27951,0.00048,0.14248
CVE-2023-27952,0.00045,0.12108
CVE-2023-27953,0.00097,0.40160
CVE-2023-27954,0.00069,0.28732
CVE-2023-27955,0.00052,0.18141
CVE-2023-27956,0.00052,0.18141
CVE-2023-27957,0.00055,0.20747
CVE-2023-27958,0.00097,0.40292
CVE-2023-27959,0.00055,0.20747
CVE-2023-2796,0.06180,0.92888
CVE-2023-27960,0.00053,0.19001
CVE-2023-27961,0.00055,0.20563
CVE-2023-27962,0.00047,0.14033
CVE-2023-27963,0.00070,0.28879
CVE-2023-27964,0.00044,0.10345
CVE-2023-27965,0.00055,0.20747
CVE-2023-27966,0.00045,0.12108
CVE-2023-27967,0.00055,0.20747
CVE-2023-27968,0.00045,0.12108
CVE-2023-27969,0.00053,0.18471
CVE-2023-2797,0.00049,0.14986
CVE-2023-27970,0.00055,0.20747
CVE-2023-27971,0.00147,0.50600
CVE-2023-27972,0.00549,0.75121
CVE-2023-27973,0.00387,0.70493
CVE-2023-27974,0.00064,0.26487
CVE-2023-27976,0.00237,0.61839
CVE-2023-27977,0.00089,0.37432
CVE-2023-27978,0.00102,0.41442
CVE-2023-27979,0.00119,0.45887
CVE-2023-2798,0.00046,0.13740
CVE-2023-27980,0.00258,0.63662
CVE-2023-27981,0.00280,0.65177
CVE-2023-27982,0.00266,0.64314
CVE-2023-27983,0.00076,0.31195
CVE-2023-27984,0.00174,0.54603
CVE-2023-27985,0.00048,0.14651
CVE-2023-27986,0.00052,0.18022
CVE-2023-27987,0.00642,0.77098
CVE-2023-27988,0.00050,0.16721
CVE-2023-27989,0.00057,0.21252
CVE-2023-2799,0.00063,0.24985
CVE-2023-27990,0.00045,0.11801
CVE-2023-27991,0.00050,0.16721
CVE-2023-27992,0.02427,0.88913
CVE-2023-27993,0.00044,0.08212
CVE-2023-27995,0.00092,0.38705
CVE-2023-27997,0.15407,0.95410
CVE-2023-27998,0.00052,0.17889
CVE-2023-27999,0.00043,0.07443
CVE-2023-2800,0.00043,0.06775
CVE-2023-28000,0.00043,0.07443
CVE-2023-28001,0.00091,0.38380
CVE-2023-28002,0.00042,0.05722
CVE-2023-28003,0.00091,0.38380
CVE-2023-28004,0.00237,0.61839
CVE-2023-28005,0.00046,0.13766
CVE-2023-28006,0.00043,0.06775
CVE-2023-28008,0.00071,0.29186
CVE-2023-28009,0.00071,0.29186
CVE-2023-2801,0.00044,0.10862
CVE-2023-28010,0.00046,0.13740
CVE-2023-28012,0.00048,0.14225
CVE-2023-28013,0.00063,0.25005
CVE-2023-28014,0.00045,0.11801
CVE-2023-28015,0.00046,0.13740
CVE-2023-28016,0.00046,0.13740
CVE-2023-28017,0.00045,0.11801
CVE-2023-28019,0.00050,0.16285
CVE-2023-2802,0.00045,0.11801
CVE-2023-28020,0.00046,0.13740
CVE-2023-28021,0.00087,0.36261
CVE-2023-28022,0.00049,0.14986
CVE-2023-28023,0.00055,0.20586
CVE-2023-28025,0.00045,0.11801
CVE-2023-28026,0.00042,0.05722
CVE-2023-28027,0.00042,0.05722
CVE-2023-28028,0.00042,0.05722
CVE-2023-28029,0.00042,0.05722
CVE-2023-2803,0.00046,0.13740
CVE-2023-28030,0.00042,0.05722
CVE-2023-28031,0.00042,0.05722
CVE-2023-28032,0.00042,0.05722
CVE-2023-28033,0.00042,0.05722
CVE-2023-28034,0.00042,0.05722
CVE-2023-28035,0.00042,0.05722
CVE-2023-28036,0.00042,0.05722
CVE-2023-28039,0.00042,0.05722
CVE-2023-2804,0.00052,0.17532
CVE-2023-28040,0.00042,0.05722
CVE-2023-28041,0.00042,0.05722
CVE-2023-28042,0.00042,0.05722
CVE-2023-28043,0.00049,0.14986
CVE-2023-28044,0.00042,0.05722
CVE-2023-28045,0.00049,0.14986
CVE-2023-28046,0.00042,0.05722
CVE-2023-28047,0.00042,0.05722
CVE-2023-2805,0.00050,0.16285
CVE-2023-28050,0.00042,0.05722
CVE-2023-28051,0.00043,0.06775
CVE-2023-28052,0.00042,0.05722
CVE-2023-28053,0.00073,0.30201
CVE-2023-28054,0.00042,0.05722
CVE-2023-28055,0.00055,0.20747
CVE-2023-28056,0.00042,0.05722
CVE-2023-28058,0.00042,0.05722
CVE-2023-28059,0.00042,0.05722
CVE-2023-2806,0.00103,0.41789
CVE-2023-28060,0.00042,0.05722
CVE-2023-28061,0.00042,0.05722
CVE-2023-28062,0.00088,0.37000
CVE-2023-28064,0.00049,0.14855
CVE-2023-28065,0.00043,0.06775
CVE-2023-28066,0.00042,0.05722
CVE-2023-28068,0.00042,0.05722
CVE-2023-28069,0.00051,0.17398
CVE-2023-2807,0.00103,0.41687
CVE-2023-28070,0.00043,0.06775
CVE-2023-28071,0.00043,0.06775
CVE-2023-28072,0.00045,0.11830
CVE-2023-28073,0.00043,0.06775
CVE-2023-28075,0.00042,0.05722
CVE-2023-28076,0.00105,0.42431
CVE-2023-28079,0.00042,0.05722
CVE-2023-2808,0.00046,0.13740
CVE-2023-28080,0.00042,0.05722
CVE-2023-28081,0.00134,0.48641
CVE-2023-28083,0.00044,0.08128
CVE-2023-28084,0.00043,0.06775
CVE-2023-28085,0.00043,0.06775
CVE-2023-28086,0.00043,0.06775
CVE-2023-28087,0.00043,0.06775
CVE-2023-28088,0.00043,0.06775
CVE-2023-28089,0.00043,0.06775
CVE-2023-2809,0.00237,0.61839
CVE-2023-28090,0.00043,0.06775
CVE-2023-28091,0.00043,0.06775
CVE-2023-28092,0.00053,0.19001
CVE-2023-28093,0.00046,0.12619
CVE-2023-28094,0.00091,0.38380
CVE-2023-28095,0.00052,0.17535
CVE-2023-28096,0.00051,0.17403
CVE-2023-28097,0.00053,0.18664
CVE-2023-28098,0.00048,0.14342
CVE-2023-28099,0.00048,0.14342
CVE-2023-28100,0.00042,0.05722
CVE-2023-28101,0.00063,0.25712
CVE-2023-28102,0.00080,0.33253
CVE-2023-28103,0.00046,0.13740
CVE-2023-28104,0.00059,0.22974
CVE-2023-28105,0.00091,0.38629
CVE-2023-28106,0.00058,0.22009
CVE-2023-28107,0.00066,0.27173
CVE-2023-28108,0.00042,0.05722
CVE-2023-28109,0.00087,0.36261
CVE-2023-2811,0.00045,0.11801
CVE-2023-28110,0.00055,0.20491
CVE-2023-28111,0.00065,0.26948
CVE-2023-28112,0.00060,0.23229
CVE-2023-28113,0.00067,0.27663
CVE-2023-28114,0.00045,0.12069
CVE-2023-28115,0.00744,0.78964
CVE-2023-28116,0.00081,0.33745
CVE-2023-28117,0.00058,0.22598
CVE-2023-28118,0.00053,0.18664
CVE-2023-28119,0.00046,0.13740
CVE-2023-2812,0.00045,0.11801
CVE-2023-28121,0.71629,0.97806
CVE-2023-28122,0.00042,0.05722
CVE-2023-28123,0.00043,0.06775
CVE-2023-28124,0.00043,0.06775
CVE-2023-28125,0.00506,0.74054
CVE-2023-28126,0.00506,0.74054
CVE-2023-28127,0.00361,0.69475
CVE-2023-28128,0.15816,0.95461
CVE-2023-28129,0.00042,0.05722
CVE-2023-2813,0.00183,0.55681
CVE-2023-28130,0.00095,0.39641
CVE-2023-28131,0.00091,0.38380
CVE-2023-28133,0.00053,0.18549
CVE-2023-28134,0.00045,0.12491
CVE-2023-2814,0.00052,0.17770
CVE-2023-28140,0.00053,0.19001
CVE-2023-28141,0.00043,0.06775
CVE-2023-28142,0.00043,0.06775
CVE-2023-28143,0.00042,0.05722
CVE-2023-28144,0.00043,0.06775
CVE-2023-28147,0.00051,0.17175
CVE-2023-2815,0.00063,0.25553
CVE-2023-28150,0.00091,0.38380
CVE-2023-28151,0.00091,0.38380
CVE-2023-28152,0.00091,0.38380
CVE-2023-28153,0.00053,0.19001
CVE-2023-28154,0.00063,0.24985
CVE-2023-28155,0.00063,0.25037
CVE-2023-28158,0.00062,0.24605
CVE-2023-28159,0.00046,0.13740
CVE-2023-2816,0.00046,0.12619
CVE-2023-28160,0.00087,0.36261
CVE-2023-28161,0.00091,0.38380
CVE-2023-28162,0.00068,0.27979
CVE-2023-28163,0.00054,0.19372
CVE-2023-28164,0.00109,0.43819
CVE-2023-28166,0.00046,0.13740
CVE-2023-28167,0.00058,0.21913
CVE-2023-28169,0.00045,0.11801
CVE-2023-2817,0.00045,0.11801
CVE-2023-28170,0.00050,0.16285
CVE-2023-28171,0.00063,0.25691
CVE-2023-28172,0.00058,0.21913
CVE-2023-28173,0.00058,0.21913
CVE-2023-28174,0.00045,0.11801
CVE-2023-28175,0.00061,0.23818
CVE-2023-28176,0.00064,0.26444
CVE-2023-28177,0.00091,0.38380
CVE-2023-28178,0.00048,0.14248
CVE-2023-28179,0.00052,0.18120
CVE-2023-2818,0.00043,0.06775
CVE-2023-28180,0.00044,0.10862
CVE-2023-28181,0.00056,0.20986
CVE-2023-28182,0.00083,0.34330
CVE-2023-28185,0.00046,0.13797
CVE-2023-28187,0.00044,0.10862
CVE-2023-28188,0.00056,0.21074
CVE-2023-28189,0.00052,0.18141
CVE-2023-2819,0.00042,0.05722
CVE-2023-28190,0.00052,0.18120
CVE-2023-28191,0.00055,0.20517
CVE-2023-28192,0.00052,0.18141
CVE-2023-28194,0.00044,0.10345
CVE-2023-28195,0.00044,0.10345
CVE-2023-28197,0.00046,0.13848
CVE-2023-28198,0.00091,0.38091
CVE-2023-28199,0.00052,0.18120
CVE-2023-2820,0.00054,0.19621
CVE-2023-28200,0.00052,0.18141
CVE-2023-28201,0.00457,0.72726
CVE-2023-28202,0.00045,0.12069
CVE-2023-28203,0.00052,0.18120
CVE-2023-28204,0.00147,0.50642
CVE-2023-28205,0.00146,0.50588
CVE-2023-28206,0.00337,0.68429
CVE-2023-28208,0.00044,0.10862
CVE-2023-28209,0.00053,0.19001
CVE-2023-28210,0.00053,0.19001
CVE-2023-28211,0.00053,0.19001
CVE-2023-28212,0.00053,0.19001
CVE-2023-28213,0.00053,0.19001
CVE-2023-28214,0.00053,0.19001
CVE-2023-28215,0.00053,0.19001
CVE-2023-28216,0.00049,0.15016
CVE-2023-28217,0.00065,0.27080
CVE-2023-28218,0.00146,0.50464
CVE-2023-28219,0.01465,0.85408
CVE-2023-2822,0.03659,0.90843
CVE-2023-28220,0.01465,0.85408
CVE-2023-28221,0.00044,0.08140
CVE-2023-28222,0.00602,0.76257
CVE-2023-28223,0.00652,0.77303
CVE-2023-28224,0.00116,0.45325
CVE-2023-28225,0.00044,0.08140
CVE-2023-28226,0.00318,0.67471
CVE-2023-28227,0.00106,0.42954
CVE-2023-28228,0.00057,0.21305
CVE-2023-28229,0.00107,0.43204
CVE-2023-2823,0.00063,0.25553
CVE-2023-28231,0.06938,0.93295
CVE-2023-28232,0.00934,0.81379
CVE-2023-28233,0.00065,0.26960
CVE-2023-28234,0.00065,0.26960
CVE-2023-28235,0.00103,0.41575
CVE-2023-28236,0.00044,0.08140
CVE-2023-28237,0.00120,0.46198
CVE-2023-28238,0.02009,0.87718
CVE-2023-2824,0.00052,0.17770
CVE-2023-28240,0.00125,0.46890
CVE-2023-28241,0.00065,0.27080
CVE-2023-28243,0.00383,0.70345
CVE-2023-28244,0.00389,0.70609
CVE-2023-28246,0.00054,0.19472
CVE-2023-28247,0.00143,0.50078
CVE-2023-28248,0.00044,0.08140
CVE-2023-28249,0.00103,0.41575
CVE-2023-2825,0.06519,0.93075
CVE-2023-28250,0.02598,0.89249
CVE-2023-28251,0.00084,0.35142
CVE-2023-28252,0.01815,0.86917
CVE-2023-28253,0.00048,0.14315
CVE-2023-28254,0.00436,0.72097
CVE-2023-28255,0.00251,0.63106
CVE-2023-28256,0.00251,0.63106
CVE-2023-2826,0.00051,0.17093
CVE-2023-28260,0.00180,0.55265
CVE-2023-28261,0.00062,0.24479
CVE-2023-28262,0.00054,0.19472
CVE-2023-28263,0.00192,0.56863
CVE-2023-28266,0.00048,0.14315
CVE-2023-28267,0.00187,0.56229
CVE-2023-28268,0.00156,0.51920
CVE-2023-28269,0.00051,0.17136
CVE-2023-2827,0.00043,0.06775
CVE-2023-28270,0.00167,0.53427
CVE-2023-28271,0.00048,0.14315
CVE-2023-28272,0.00049,0.15016
CVE-2023-28273,0.00075,0.31050
CVE-2023-28274,0.00095,0.39649
CVE-2023-28275,0.08414,0.93836
CVE-2023-28276,0.00048,0.14315
CVE-2023-28277,0.00047,0.13962
CVE-2023-28278,0.00196,0.57512
CVE-2023-2828,0.00081,0.33712
CVE-2023-28283,0.01965,0.87537
CVE-2023-28284,0.00131,0.48056
CVE-2023-28285,0.00810,0.79943
CVE-2023-28286,0.00093,0.39117
CVE-2023-28287,0.00120,0.46198
CVE-2023-28288,0.00267,0.64336
CVE-2023-2829,0.00044,0.10730
CVE-2023-28290,0.00124,0.46791
CVE-2023-28291,0.00125,0.46890
CVE-2023-28292,0.00125,0.46890
CVE-2023-28293,0.00071,0.29136
CVE-2023-28295,0.00120,0.46198
CVE-2023-28296,0.00125,0.46890
CVE-2023-28297,0.00046,0.12686
CVE-2023-28298,0.00044,0.08140
CVE-2023-28299,0.00078,0.32611
CVE-2023-2830,0.00058,0.21913
CVE-2023-28300,0.00081,0.33507
CVE-2023-28301,0.00065,0.26960
CVE-2023-28302,0.00065,0.26960
CVE-2023-28303,0.00057,0.21319
CVE-2023-28304,0.00125,0.46890
CVE-2023-28305,0.00196,0.57512
CVE-2023-28306,0.00196,0.57512
CVE-2023-28307,0.00196,0.57512
CVE-2023-28308,0.00196,0.57512
CVE-2023-28309,0.00051,0.17147
CVE-2023-2831,0.00044,0.10862
CVE-2023-28310,0.00095,0.39751
CVE-2023-28311,0.01350,0.84768
CVE-2023-28312,0.00052,0.17893
CVE-2023-28313,0.00084,0.34951
CVE-2023-28314,0.00084,0.34951
CVE-2023-28316,0.00091,0.38380
CVE-2023-28317,0.00046,0.13740
CVE-2023-28318,0.00046,0.13740
CVE-2023-28319,0.00113,0.44738
CVE-2023-2832,0.00050,0.16285
CVE-2023-28320,0.00097,0.40238
CVE-2023-28321,0.00075,0.30787
CVE-2023-28322,0.00091,0.38619
CVE-2023-28323,0.00246,0.62691
CVE-2023-28324,0.00156,0.52037
CVE-2023-28325,0.00046,0.13740
CVE-2023-28326,0.02566,0.89182
CVE-2023-28327,0.00042,0.05722
CVE-2023-28328,0.00042,0.05722
CVE-2023-28329,0.00050,0.16785
CVE-2023-2833,0.00068,0.27943
CVE-2023-28330,0.00048,0.14697
CVE-2023-28331,0.00046,0.13740
CVE-2023-28332,0.00046,0.13740
CVE-2023-28333,0.00268,0.64394
CVE-2023-28334,0.00045,0.11801
CVE-2023-28335,0.00058,0.21913
CVE-2023-28336,0.00045,0.11801
CVE-2023-28337,0.00050,0.16785
CVE-2023-28338,0.00046,0.13740
CVE-2023-28339,0.00050,0.16785
CVE-2023-2834,0.00185,0.55862
CVE-2023-28340,0.00122,0.46507
CVE-2023-28341,0.00201,0.58138
CVE-2023-28342,0.00057,0.21409
CVE-2023-28343,0.27469,0.96390
CVE-2023-28344,0.00076,0.31166
CVE-2023-28345,0.00052,0.18120
CVE-2023-28346,0.00075,0.30817
CVE-2023-28347,0.00211,0.59059
CVE-2023-28348,0.00086,0.35736
CVE-2023-28349,0.00146,0.50536
CVE-2023-2835,0.00062,0.24836
CVE-2023-28350,0.00075,0.30791
CVE-2023-28351,0.00042,0.05722
CVE-2023-28352,0.00045,0.12108
CVE-2023-28353,0.00055,0.20747
CVE-2023-28356,0.00046,0.13740
CVE-2023-28357,0.00045,0.11801
CVE-2023-28358,0.00044,0.10188
CVE-2023-28359,0.00052,0.17889
CVE-2023-2836,0.00050,0.15935
CVE-2023-28360,0.00045,0.11801
CVE-2023-28361,0.00055,0.20586
CVE-2023-28364,0.00046,0.13740
CVE-2023-28365,0.00049,0.15812
CVE-2023-28366,0.00098,0.40557
CVE-2023-28367,0.00048,0.14756
CVE-2023-28368,0.00056,0.20993
CVE-2023-28369,0.00046,0.13848
CVE-2023-2837,0.00044,0.08085
CVE-2023-28370,0.00063,0.25005
CVE-2023-28371,0.00096,0.40047
CVE-2023-28372,0.00044,0.10862
CVE-2023-28373,0.00044,0.10862
CVE-2023-28375,0.00087,0.36261
CVE-2023-28376,0.00049,0.14855
CVE-2023-28377,0.00043,0.06775
CVE-2023-28378,0.00043,0.06775
CVE-2023-28379,0.00137,0.49108
CVE-2023-2838,0.00061,0.23858
CVE-2023-28380,0.00102,0.41513
CVE-2023-28381,0.00067,0.27791
CVE-2023-28382,0.00050,0.15975
CVE-2023-28384,0.00052,0.17710
CVE-2023-28385,0.00043,0.06775
CVE-2023-28386,0.00128,0.47446
CVE-2023-28387,0.00042,0.05722
CVE-2023-28388,0.00043,0.06775
CVE-2023-2839,0.00049,0.15801
CVE-2023-28390,0.00043,0.06775
CVE-2023-28391,0.00137,0.49183
CVE-2023-28392,0.00063,0.25008
CVE-2023-28393,0.00085,0.35325
CVE-2023-28394,0.00095,0.39559
CVE-2023-28395,0.00048,0.14563
CVE-2023-28397,0.00043,0.06775
CVE-2023-28398,0.00102,0.41513
CVE-2023-28399,0.00042,0.05722
CVE-2023-2840,0.00063,0.25553
CVE-2023-28400,0.00052,0.17710
CVE-2023-28401,0.00043,0.06775
CVE-2023-28404,0.00043,0.06775
CVE-2023-28405,0.00043,0.06775
CVE-2023-28406,0.00046,0.12730
CVE-2023-28408,0.00132,0.48280
CVE-2023-28409,0.00136,0.48970
CVE-2023-2841,0.00063,0.24899
CVE-2023-28410,0.00043,0.06775
CVE-2023-28411,0.00043,0.06775
CVE-2023-28412,0.00046,0.13740
CVE-2023-28413,0.00139,0.49494
CVE-2023-28414,0.00045,0.11801
CVE-2023-28415,0.00045,0.11801
CVE-2023-28418,0.00045,0.11801
CVE-2023-28419,0.00058,0.21913
CVE-2023-2842,0.00048,0.14563
CVE-2023-28420,0.00058,0.21913
CVE-2023-28421,0.00087,0.36261
CVE-2023-28422,0.00045,0.11801
CVE-2023-28423,0.00045,0.11801
CVE-2023-28424,0.00110,0.43943
CVE-2023-28425,0.00042,0.05722
CVE-2023-28427,0.00107,0.43012
CVE-2023-28428,0.00044,0.10345
CVE-2023-28429,0.00056,0.20753
CVE-2023-2843,0.00050,0.16285
CVE-2023-28430,0.00091,0.38619
CVE-2023-28431,0.00059,0.22974
CVE-2023-28432,0.14173,0.95224
CVE-2023-28433,0.00063,0.25044
CVE-2023-28434,0.03112,0.90113
CVE-2023-28435,0.00046,0.13740
CVE-2023-28436,0.00042,0.05722
CVE-2023-28437,0.00075,0.30905
CVE-2023-28438,0.00066,0.27451
CVE-2023-28439,0.00108,0.43368
CVE-2023-2844,0.00046,0.12619
CVE-2023-28440,0.00045,0.12231
CVE-2023-28441,0.00087,0.36261
CVE-2023-28442,0.00180,0.55293
CVE-2023-28443,0.00045,0.12069
CVE-2023-28444,0.00064,0.26393
CVE-2023-28445,0.00068,0.28208
CVE-2023-28446,0.00068,0.28208
CVE-2023-28447,0.00050,0.16885
CVE-2023-28448,0.00051,0.17455
CVE-2023-2845,0.00050,0.16404
CVE-2023-28450,0.00097,0.40184
CVE-2023-28458,0.00050,0.16761
CVE-2023-28459,0.00058,0.22012
CVE-2023-2846,0.00117,0.45607
CVE-2023-28460,0.00083,0.34291
CVE-2023-28461,0.00196,0.57558
CVE-2023-28462,0.00120,0.46141
CVE-2023-28464,0.00042,0.05722
CVE-2023-28465,0.00064,0.26449
CVE-2023-28466,0.00042,0.05722
CVE-2023-28467,0.00046,0.13740
CVE-2023-28468,0.00043,0.06775
CVE-2023-28469,0.00051,0.17175
CVE-2023-2847,0.00042,0.05722
CVE-2023-28470,0.00052,0.18024
CVE-2023-28471,0.00053,0.18547
CVE-2023-28472,0.00052,0.17989
CVE-2023-28473,0.00053,0.18882
CVE-2023-28474,0.00053,0.18547
CVE-2023-28475,0.00052,0.17989
CVE-2023-28476,0.00053,0.18547
CVE-2023-28477,0.00053,0.18547
CVE-2023-28478,0.00043,0.07703
CVE-2023-28479,0.00050,0.16285
CVE-2023-2848,0.00068,0.28208
CVE-2023-28480,0.00046,0.12619
CVE-2023-28481,0.00050,0.16285
CVE-2023-28482,0.00049,0.14986
CVE-2023-28483,0.00050,0.16285
CVE-2023-28484,0.00050,0.16457
CVE-2023-28485,0.00056,0.20998
CVE-2023-28486,0.00054,0.19479
CVE-2023-28487,0.00054,0.19479
CVE-2023-28488,0.00044,0.08085
CVE-2023-28489,0.00391,0.70657
CVE-2023-28490,0.00046,0.13740
CVE-2023-28491,0.00050,0.16285
CVE-2023-28493,0.00045,0.11801
CVE-2023-28495,0.00058,0.21913
CVE-2023-28496,0.00045,0.11801
CVE-2023-28497,0.00058,0.21913
CVE-2023-28498,0.00058,0.21913
CVE-2023-28499,0.00045,0.11801
CVE-2023-2850,0.00052,0.17989
CVE-2023-28500,0.00109,0.43578
CVE-2023-28501,0.00213,0.59307
CVE-2023-28502,0.19298,0.95854
CVE-2023-28503,0.01522,0.85716
CVE-2023-28504,0.00213,0.59307
CVE-2023-28505,0.00050,0.16785
CVE-2023-28506,0.00050,0.16785
CVE-2023-28507,0.00091,0.38380
CVE-2023-28508,0.00050,0.16785
CVE-2023-28509,0.00059,0.22950
CVE-2023-2851,0.00103,0.41771
CVE-2023-28513,0.00149,0.51005
CVE-2023-28514,0.00042,0.05722
CVE-2023-2852,0.00089,0.37324
CVE-2023-28520,0.00045,0.11801
CVE-2023-28522,0.00049,0.15859
CVE-2023-28523,0.00042,0.05722
CVE-2023-28526,0.00042,0.05722
CVE-2023-28527,0.00042,0.05722
CVE-2023-28528,0.00192,0.57154
CVE-2023-28529,0.00044,0.10565
CVE-2023-2853,0.00046,0.13740
CVE-2023-28530,0.00057,0.21514
CVE-2023-28531,0.00063,0.24985
CVE-2023-28533,0.00045,0.11801
CVE-2023-28534,0.00045,0.11801
CVE-2023-28535,0.00046,0.13740
CVE-2023-28537,0.00043,0.06775
CVE-2023-28538,0.00043,0.06775
CVE-2023-28539,0.00043,0.06775
CVE-2023-2854,0.00053,0.18486
CVE-2023-28540,0.00048,0.14563
CVE-2023-28541,0.00043,0.06775
CVE-2023-28542,0.00043,0.06775
CVE-2023-28543,0.00077,0.31825
CVE-2023-28544,0.00043,0.06775
CVE-2023-28545,0.00043,0.06775
CVE-2023-28546,0.00043,0.06775
CVE-2023-28548,0.00043,0.06775
CVE-2023-28549,0.00045,0.12206
CVE-2023-2855,0.00053,0.18486
CVE-2023-28550,0.00043,0.06775
CVE-2023-28551,0.00043,0.06775
CVE-2023-28553,0.00043,0.06775
CVE-2023-28554,0.00043,0.06775
CVE-2023-28555,0.00046,0.13740
CVE-2023-28556,0.00043,0.06775
CVE-2023-28557,0.00043,0.06775
CVE-2023-28558,0.00043,0.06775
CVE-2023-28559,0.00043,0.06775
CVE-2023-2856,0.00056,0.20770
CVE-2023-28560,0.00043,0.06775
CVE-2023-28561,0.00077,0.31825
CVE-2023-28562,0.00077,0.31825
CVE-2023-28563,0.00043,0.06775
CVE-2023-28564,0.00043,0.06775
CVE-2023-28565,0.00043,0.06775
CVE-2023-28566,0.00043,0.06775
CVE-2023-28567,0.00043,0.06775
CVE-2023-28568,0.00043,0.06775
CVE-2023-28569,0.00043,0.06775
CVE-2023-2857,0.00053,0.18486
CVE-2023-28570,0.00043,0.06775
CVE-2023-28571,0.00043,0.06775
CVE-2023-28572,0.00050,0.16285
CVE-2023-28573,0.00045,0.12206
CVE-2023-28574,0.00043,0.06775
CVE-2023-28575,0.00043,0.06775
CVE-2023-28576,0.00043,0.06775
CVE-2023-28577,0.00043,0.06775
CVE-2023-28579,0.00043,0.06775
CVE-2023-2858,0.00056,0.20770
CVE-2023-28580,0.00043,0.06775
CVE-2023-28581,0.00095,0.39711
CVE-2023-28583,0.00043,0.06775
CVE-2023-28584,0.00046,0.13740
CVE-2023-28585,0.00043,0.06775
CVE-2023-28586,0.00043,0.06775
CVE-2023-28587,0.00045,0.12206
CVE-2023-28588,0.00046,0.13740
CVE-2023-2859,0.00109,0.43512
CVE-2023-28596,0.00042,0.05722
CVE-2023-28597,0.00094,0.39347
CVE-2023-28598,0.00046,0.13740
CVE-2023-28599,0.00046,0.13740
CVE-2023-2860,0.00045,0.12491
CVE-2023-28600,0.00044,0.10862
CVE-2023-28601,0.00046,0.12672
CVE-2023-28602,0.00046,0.12619
CVE-2023-28603,0.00043,0.06775
CVE-2023-28604,0.00046,0.13740
CVE-2023-28606,0.00046,0.13740
CVE-2023-28607,0.00046,0.13740
CVE-2023-28609,0.00091,0.38380
CVE-2023-2861,0.00045,0.12069
CVE-2023-28610,0.00122,0.46458
CVE-2023-28611,0.00091,0.38380
CVE-2023-28613,0.00068,0.27979
CVE-2023-28614,0.00055,0.20379
CVE-2023-28616,0.00087,0.36261
CVE-2023-28617,0.00051,0.17105
CVE-2023-28618,0.00058,0.21913
CVE-2023-2862,0.00052,0.17989
CVE-2023-28620,0.00045,0.11801
CVE-2023-28621,0.00046,0.13740
CVE-2023-28622,0.00045,0.11801
CVE-2023-28623,0.00046,0.13740
CVE-2023-28625,0.00101,0.41166
CVE-2023-28626,0.00054,0.19260
CVE-2023-28627,0.00075,0.30787
CVE-2023-28628,0.00046,0.13740
CVE-2023-28629,0.00056,0.21021
CVE-2023-2863,0.00045,0.12069
CVE-2023-28630,0.00045,0.12069
CVE-2023-28631,0.00133,0.48357
CVE-2023-28632,0.00058,0.22018
CVE-2023-28633,0.00052,0.18012
CVE-2023-28634,0.00060,0.23697
CVE-2023-28635,0.00053,0.18547
CVE-2023-28636,0.00053,0.18547
CVE-2023-28637,0.00108,0.43420
CVE-2023-28638,0.00046,0.13740
CVE-2023-28639,0.00065,0.26944
CVE-2023-2864,0.00052,0.17770
CVE-2023-28640,0.00045,0.11801
CVE-2023-28642,0.00043,0.06775
CVE-2023-28643,0.00058,0.22588
CVE-2023-28644,0.00046,0.13740
CVE-2023-28645,0.00072,0.29900
CVE-2023-28646,0.00044,0.10345
CVE-2023-28647,0.00053,0.19001
CVE-2023-28648,0.00046,0.13740
CVE-2023-28649,0.00047,0.13955
CVE-2023-2865,0.00063,0.25553
CVE-2023-28650,0.00062,0.24851
CVE-2023-28651,0.00053,0.18547
CVE-2023-28652,0.00044,0.10862
CVE-2023-28653,0.00053,0.18307
CVE-2023-28654,0.00091,0.38380
CVE-2023-28655,0.00045,0.11801
CVE-2023-28656,0.00050,0.16404
CVE-2023-28657,0.00069,0.28453
CVE-2023-28658,0.00043,0.06775
CVE-2023-28659,0.00050,0.16785
CVE-2023-2866,0.00054,0.19332
CVE-2023-28660,0.00050,0.16785
CVE-2023-28661,0.00050,0.16785
CVE-2023-28662,0.00076,0.31600
CVE-2023-28663,0.00050,0.16785
CVE-2023-28664,0.00045,0.11801
CVE-2023-28665,0.00091,0.38135
CVE-2023-28666,0.00045,0.11801
CVE-2023-28667,0.00072,0.29664
CVE-2023-28668,0.00091,0.38380
CVE-2023-28669,0.00090,0.37843
CVE-2023-28670,0.00090,0.37843
CVE-2023-28671,0.00046,0.13740
CVE-2023-28672,0.00049,0.14986
CVE-2023-28673,0.00044,0.10753
CVE-2023-28674,0.00058,0.21913
CVE-2023-28675,0.00044,0.10753
CVE-2023-28676,0.00126,0.47128
CVE-2023-28677,0.00155,0.51862
CVE-2023-28678,0.00090,0.37843
CVE-2023-28679,0.00090,0.37843
CVE-2023-2868,0.05351,0.92382
CVE-2023-28680,0.00087,0.36261
CVE-2023-28681,0.00087,0.36261
CVE-2023-28682,0.00087,0.36261
CVE-2023-28683,0.00087,0.36261
CVE-2023-28684,0.00049,0.14986
CVE-2023-28685,0.00049,0.14986
CVE-2023-28686,0.00060,0.23615
CVE-2023-2869,0.00051,0.17507
CVE-2023-28690,0.00045,0.11801
CVE-2023-28692,0.00045,0.11801
CVE-2023-28693,0.00046,0.13740
CVE-2023-28694,0.00058,0.21913
CVE-2023-28695,0.00045,0.11801
CVE-2023-28696,0.00058,0.21913
CVE-2023-28697,0.00155,0.51866
CVE-2023-28698,0.00155,0.51866
CVE-2023-28699,0.00093,0.38967
CVE-2023-2870,0.00042,0.05722
CVE-2023-28700,0.00043,0.06775
CVE-2023-28701,0.00087,0.36046
CVE-2023-28702,0.00076,0.31385
CVE-2023-28703,0.00090,0.37899
CVE-2023-28704,0.00083,0.34369
CVE-2023-28705,0.00059,0.23047
CVE-2023-28706,0.01195,0.83717
CVE-2023-28707,0.00090,0.38044
CVE-2023-28708,0.00089,0.37657
CVE-2023-28709,0.00593,0.76082
CVE-2023-2871,0.00042,0.05722
CVE-2023-28710,0.00087,0.36461
CVE-2023-28711,0.00043,0.06775
CVE-2023-28712,0.00065,0.27021
CVE-2023-28713,0.00068,0.27932
CVE-2023-28714,0.00043,0.06775
CVE-2023-28716,0.00052,0.17710
CVE-2023-28718,0.00050,0.16496
CVE-2023-2872,0.00042,0.05722
CVE-2023-28722,0.00043,0.06775
CVE-2023-28723,0.00043,0.06775
CVE-2023-28724,0.00043,0.06775
CVE-2023-28725,0.00265,0.64234
CVE-2023-28726,0.00086,0.35531
CVE-2023-28727,0.00053,0.19001
CVE-2023-28728,0.00055,0.20747
CVE-2023-28729,0.00055,0.20747
CVE-2023-2873,0.00042,0.05722
CVE-2023-28730,0.00055,0.20747
CVE-2023-28731,0.00184,0.55812
CVE-2023-28732,0.00063,0.24956
CVE-2023-28733,0.00046,0.13740
CVE-2023-28736,0.00043,0.06775
CVE-2023-28737,0.00043,0.06775
CVE-2023-28738,0.00043,0.06775
CVE-2023-2874,0.00042,0.05722
CVE-2023-28740,0.00043,0.06775
CVE-2023-28741,0.00043,0.06775
CVE-2023-28742,0.00053,0.18891
CVE-2023-28743,0.00043,0.06775
CVE-2023-28744,0.00238,0.61997
CVE-2023-28747,0.00058,0.21913
CVE-2023-28748,0.00076,0.31600
CVE-2023-28749,0.00058,0.21913
CVE-2023-2875,0.00042,0.05722
CVE-2023-28750,0.00046,0.13740
CVE-2023-28751,0.00045,0.11801
CVE-2023-28753,0.00084,0.34630
CVE-2023-28754,0.00065,0.27090
CVE-2023-28755,0.00127,0.47278
CVE-2023-28756,0.00127,0.47278
CVE-2023-28758,0.00043,0.06775
CVE-2023-28759,0.00043,0.06775
CVE-2023-2876,0.00046,0.13740
CVE-2023-28761,0.00052,0.17889
CVE-2023-28762,0.00050,0.16285
CVE-2023-28763,0.00044,0.10862
CVE-2023-28764,0.00093,0.39078
CVE-2023-28765,0.00091,0.38380
CVE-2023-28766,0.00081,0.33789
CVE-2023-28767,0.00053,0.18454
CVE-2023-28768,0.00044,0.10345
CVE-2023-28769,0.11966,0.94865
CVE-2023-2877,0.00124,0.46692
CVE-2023-28770,0.03563,0.90723
CVE-2023-28771,0.92380,0.98799
CVE-2023-28772,0.00042,0.05722
CVE-2023-28773,0.00045,0.11801
CVE-2023-28774,0.00045,0.11801
CVE-2023-28776,0.00046,0.13740
CVE-2023-28777,0.00050,0.16285
CVE-2023-28778,0.00045,0.11801
CVE-2023-28779,0.00046,0.13740
CVE-2023-2878,0.00045,0.12069
CVE-2023-28780,0.00058,0.21913
CVE-2023-28781,0.00046,0.13740
CVE-2023-28782,0.00072,0.29664
CVE-2023-28783,0.00045,0.11801
CVE-2023-28784,0.00046,0.13740
CVE-2023-28785,0.00045,0.11801
CVE-2023-28786,0.00046,0.13740
CVE-2023-28788,0.00050,0.16285
CVE-2023-28789,0.00046,0.13740
CVE-2023-2879,0.00077,0.32061
CVE-2023-28790,0.00045,0.11801
CVE-2023-28791,0.00058,0.21913
CVE-2023-28792,0.00046,0.13740
CVE-2023-28793,0.00043,0.06775
CVE-2023-28794,0.00087,0.36261
CVE-2023-28795,0.00043,0.06775
CVE-2023-28796,0.00043,0.06775
CVE-2023-28797,0.00042,0.05722
CVE-2023-28799,0.00054,0.20305
CVE-2023-2880,0.00107,0.43230
CVE-2023-28800,0.00057,0.21345
CVE-2023-28801,0.00091,0.38380
CVE-2023-28802,0.00044,0.10862
CVE-2023-28803,0.00044,0.08226
CVE-2023-28804,0.00046,0.13740
CVE-2023-28805,0.00091,0.38523
CVE-2023-28808,0.00091,0.38380
CVE-2023-28809,0.00091,0.38380
CVE-2023-2881,0.00049,0.15000
CVE-2023-28810,0.00044,0.10345
CVE-2023-28811,0.00044,0.10345
CVE-2023-28812,0.00134,0.48641
CVE-2023-28813,0.00048,0.14563
CVE-2023-28818,0.00046,0.13740
CVE-2023-28819,0.00053,0.18547
CVE-2023-2882,0.00091,0.38380
CVE-2023-28820,0.00045,0.11801
CVE-2023-28821,0.00046,0.13740
CVE-2023-28823,0.00043,0.06775
CVE-2023-28824,0.00067,0.27619
CVE-2023-28828,0.00075,0.30778
CVE-2023-28829,0.00049,0.15055
CVE-2023-2883,0.00050,0.16285
CVE-2023-28830,0.00050,0.16056
CVE-2023-28831,0.00081,0.33789
CVE-2023-28832,0.00081,0.33917
CVE-2023-28833,0.00091,0.38629
CVE-2023-28834,0.00057,0.21465
CVE-2023-28835,0.00087,0.36261
CVE-2023-28836,0.00073,0.30303
CVE-2023-28837,0.00093,0.39080
CVE-2023-28838,0.00060,0.23229
CVE-2023-28839,0.00076,0.31600
CVE-2023-2884,0.00091,0.38380
CVE-2023-28840,0.00179,0.55166
CVE-2023-28841,0.00174,0.54631
CVE-2023-28842,0.00216,0.59619
CVE-2023-28843,0.00063,0.25601
CVE-2023-28844,0.00049,0.14986
CVE-2023-28845,0.00045,0.11801
CVE-2023-28846,0.00166,0.53316
CVE-2023-28847,0.00064,0.26487
CVE-2023-28848,0.00053,0.18315
CVE-2023-28849,0.00045,0.11801
CVE-2023-2885,0.00091,0.38380
CVE-2023-28850,0.00072,0.29851
CVE-2023-28851,0.00045,0.11801
CVE-2023-28852,0.00053,0.18547
CVE-2023-28853,0.00158,0.52351
CVE-2023-28854,0.00058,0.21929
CVE-2023-28855,0.00051,0.17409
CVE-2023-28856,0.00177,0.54869
CVE-2023-28857,0.00065,0.27106
CVE-2023-28858,0.00057,0.21408
CVE-2023-28859,0.00060,0.23659
CVE-2023-2886,0.00046,0.13740
CVE-2023-28862,0.00063,0.25553
CVE-2023-28863,0.00091,0.38380
CVE-2023-28864,0.00042,0.05722
CVE-2023-28866,0.00052,0.17989
CVE-2023-28867,0.00052,0.17532
CVE-2023-28868,0.00046,0.12561
CVE-2023-28869,0.00049,0.14986
CVE-2023-2887,0.00124,0.46702
CVE-2023-28870,0.00046,0.12619
CVE-2023-28871,0.00045,0.11801
CVE-2023-28872,0.00050,0.16285
CVE-2023-28873,0.00045,0.11801
CVE-2023-28874,0.00046,0.13740
CVE-2023-28875,0.00045,0.11801
CVE-2023-28876,0.00045,0.11801
CVE-2023-28877,0.00087,0.36261
CVE-2023-28879,0.00137,0.49033
CVE-2023-2888,0.00061,0.24091
CVE-2023-28882,0.00046,0.13740
CVE-2023-28883,0.00076,0.31600
CVE-2023-28884,0.00046,0.13740
CVE-2023-28885,0.00053,0.19001
CVE-2023-2889,0.00076,0.31600
CVE-2023-28892,0.00043,0.06775
CVE-2023-28895,0.00053,0.19001
CVE-2023-28896,0.00044,0.10345
CVE-2023-28897,0.00091,0.38380
CVE-2023-28898,0.00044,0.10345
CVE-2023-28899,0.00043,0.06775
CVE-2023-28900,0.00046,0.13740
CVE-2023-28901,0.00073,0.30005
CVE-2023-2891,0.00052,0.17889
CVE-2023-2892,0.00052,0.17889
CVE-2023-28929,0.00055,0.20747
CVE-2023-2893,0.00052,0.17889
CVE-2023-28930,0.00058,0.21913
CVE-2023-28931,0.00045,0.11801
CVE-2023-28932,0.00045,0.11801
CVE-2023-28933,0.00045,0.11801
CVE-2023-28934,0.00045,0.11801
CVE-2023-28935,0.00097,0.40294
CVE-2023-28936,0.00087,0.36583
CVE-2023-28937,0.00112,0.44291
CVE-2023-28938,0.00043,0.06775
CVE-2023-2894,0.00052,0.17889
CVE-2023-2895,0.00052,0.17889
CVE-2023-28950,0.00043,0.06775
CVE-2023-28953,0.00073,0.30299
CVE-2023-28955,0.00044,0.10465
CVE-2023-28956,0.00042,0.05722
CVE-2023-28958,0.00045,0.12251
CVE-2023-28959,0.00044,0.10345
CVE-2023-2896,0.00052,0.17889
CVE-2023-28960,0.00042,0.05722
CVE-2023-28961,0.00046,0.13740
CVE-2023-28962,0.00091,0.38380
CVE-2023-28963,0.00046,0.13740
CVE-2023-28964,0.00052,0.17889
CVE-2023-28965,0.00046,0.13740
CVE-2023-28966,0.00042,0.05722
CVE-2023-28967,0.00046,0.13740
CVE-2023-28968,0.00061,0.24007
CVE-2023-2897,0.00046,0.13740
CVE-2023-28970,0.00044,0.10345
CVE-2023-28971,0.00046,0.13740
CVE-2023-28972,0.00053,0.19001
CVE-2023-28973,0.00042,0.05722
CVE-2023-28974,0.00044,0.10345
CVE-2023-28975,0.00049,0.14855
CVE-2023-28976,0.00046,0.13740
CVE-2023-28978,0.00052,0.17889
CVE-2023-28979,0.00049,0.14855
CVE-2023-2898,0.00042,0.05722
CVE-2023-28980,0.00043,0.06775
CVE-2023-28981,0.00044,0.10345
CVE-2023-28982,0.00052,0.17889
CVE-2023-28983,0.00055,0.20596
CVE-2023-28984,0.00044,0.08085
CVE-2023-28985,0.00046,0.13740
CVE-2023-28986,0.00058,0.21913
CVE-2023-28987,0.00058,0.21913
CVE-2023-28988,0.00045,0.11801
CVE-2023-28989,0.00058,0.21913
CVE-2023-2899,0.00045,0.11801
CVE-2023-28991,0.00045,0.11801
CVE-2023-28992,0.00046,0.13740
CVE-2023-28993,0.00046,0.13740
CVE-2023-28994,0.00046,0.13740
CVE-2023-28995,0.00058,0.21913
CVE-2023-28997,0.00079,0.32811
CVE-2023-28998,0.00079,0.32811
CVE-2023-28999,0.00079,0.32790
CVE-2023-2900,0.00064,0.26393
CVE-2023-29000,0.00052,0.17989
CVE-2023-29002,0.00043,0.06775
CVE-2023-29003,0.00085,0.35444
CVE-2023-29004,0.00050,0.15975
CVE-2023-29005,0.00087,0.36261
CVE-2023-29006,0.00050,0.16285
CVE-2023-29007,0.00421,0.71656
CVE-2023-29008,0.00097,0.40119
CVE-2023-29009,0.00052,0.17989
CVE-2023-2901,0.00063,0.25738
CVE-2023-29010,0.00058,0.22598
CVE-2023-29011,0.00053,0.19001
CVE-2023-29012,0.00053,0.19001
CVE-2023-29013,0.00057,0.21407
CVE-2023-29014,0.00050,0.16906
CVE-2023-29015,0.00050,0.16906
CVE-2023-29016,0.00050,0.16906
CVE-2023-29017,0.00714,0.78499
CVE-2023-29018,0.00055,0.20491
CVE-2023-29019,0.00079,0.33078
CVE-2023-2902,0.00063,0.25738
CVE-2023-29020,0.00064,0.26404
CVE-2023-29022,0.00044,0.10862
CVE-2023-29023,0.00044,0.10871
CVE-2023-29024,0.00044,0.10862
CVE-2023-29025,0.00044,0.10862
CVE-2023-29026,0.00044,0.10862
CVE-2023-29027,0.00044,0.10862
CVE-2023-29028,0.00044,0.10862
CVE-2023-29029,0.00044,0.10862
CVE-2023-2903,0.00063,0.25738
CVE-2023-29030,0.00044,0.10871
CVE-2023-29031,0.00044,0.10871
CVE-2023-29032,0.00164,0.53105
CVE-2023-2904,0.00048,0.14814
CVE-2023-29043,0.00046,0.13740
CVE-2023-29044,0.00049,0.15110
CVE-2023-29045,0.00049,0.15110
CVE-2023-29046,0.00044,0.10862
CVE-2023-29047,0.00043,0.06775
CVE-2023-29048,0.00086,0.35600
CVE-2023-29049,0.00081,0.33703
CVE-2023-2905,0.00043,0.07730
CVE-2023-29050,0.00101,0.41217
CVE-2023-29051,0.00050,0.16404
CVE-2023-29052,0.00045,0.11801
CVE-2023-29053,0.00050,0.16452
CVE-2023-29054,0.00077,0.31815
CVE-2023-29055,0.00111,0.44118
CVE-2023-29056,0.00087,0.36261
CVE-2023-29057,0.00050,0.16285
CVE-2023-29058,0.00046,0.12619
CVE-2023-29059,0.00056,0.21079
CVE-2023-2906,0.00055,0.20401
CVE-2023-29060,0.00044,0.10345
CVE-2023-29061,0.00044,0.10345
CVE-2023-29062,0.00044,0.10345
CVE-2023-29063,0.00044,0.10345
CVE-2023-29064,0.00044,0.10345
CVE-2023-29065,0.00044,0.10345
CVE-2023-29066,0.00044,0.10345
CVE-2023-29067,0.00055,0.20747
CVE-2023-29068,0.00055,0.20747
CVE-2023-29069,0.00053,0.19001
CVE-2023-2907,0.00076,0.31600
CVE-2023-29073,0.00136,0.48895
CVE-2023-29074,0.00160,0.52668
CVE-2023-29075,0.00160,0.52668
CVE-2023-29076,0.00136,0.48895
CVE-2023-2908,0.00046,0.13788
CVE-2023-29081,0.00043,0.06775
CVE-2023-29084,0.41573,0.96978
CVE-2023-29085,0.00046,0.12540
CVE-2023-29086,0.00046,0.12540
CVE-2023-29087,0.00046,0.12540
CVE-2023-29088,0.00046,0.12540
CVE-2023-29089,0.00046,0.12540
CVE-2023-2909,0.00091,0.38629
CVE-2023-29090,0.00046,0.12540
CVE-2023-29091,0.00046,0.12540
CVE-2023-29092,0.00043,0.06775
CVE-2023-29093,0.00045,0.11801
CVE-2023-29094,0.00045,0.11801
CVE-2023-29095,0.00050,0.16285
CVE-2023-29096,0.00050,0.16285
CVE-2023-29097,0.00045,0.11801
CVE-2023-29098,0.00046,0.13740
CVE-2023-29099,0.00045,0.11801
CVE-2023-2910,0.00047,0.13919
CVE-2023-29100,0.00046,0.13740
CVE-2023-29101,0.00046,0.13740
CVE-2023-29102,0.00050,0.16285
CVE-2023-29103,0.00045,0.11801
CVE-2023-29104,0.00065,0.26805
CVE-2023-29105,0.00044,0.10188
CVE-2023-29106,0.00105,0.42431
CVE-2023-29107,0.00073,0.30201
CVE-2023-29108,0.00046,0.13740
CVE-2023-29109,0.00045,0.11801
CVE-2023-2911,0.00072,0.29994
CVE-2023-29110,0.00045,0.11801
CVE-2023-29111,0.00045,0.11801
CVE-2023-29112,0.00045,0.11801
CVE-2023-2912,0.00046,0.13740
CVE-2023-29128,0.00056,0.21111
CVE-2023-29129,0.00147,0.50724
CVE-2023-2913,0.00050,0.15975
CVE-2023-29130,0.00077,0.31815
CVE-2023-29131,0.00077,0.31815
CVE-2023-29132,0.00046,0.13740
CVE-2023-29137,0.00045,0.11801
CVE-2023-29139,0.00044,0.10862
CVE-2023-2914,0.00052,0.18017
CVE-2023-29140,0.00046,0.13740
CVE-2023-29141,0.00084,0.34818
CVE-2023-29145,0.00042,0.05722
CVE-2023-29147,0.00043,0.06775
CVE-2023-2915,0.00093,0.39240
CVE-2023-29150,0.00052,0.17710
CVE-2023-29151,0.00043,0.06775
CVE-2023-29152,0.00046,0.12561
CVE-2023-29154,0.00069,0.28453
CVE-2023-29155,0.00091,0.38380
CVE-2023-29156,0.00045,0.12108
CVE-2023-29157,0.00043,0.06775
CVE-2023-29158,0.00048,0.14563
CVE-2023-29159,0.00272,0.64688
CVE-2023-2916,0.00062,0.24529
CVE-2023-29160,0.00053,0.19001
CVE-2023-29161,0.00043,0.06775
CVE-2023-29163,0.00046,0.13740
CVE-2023-29165,0.00043,0.06775
CVE-2023-29166,0.00046,0.13768
CVE-2023-29167,0.00053,0.19001
CVE-2023-29168,0.00087,0.36261
CVE-2023-29169,0.00052,0.17710
CVE-2023-2917,0.00099,0.40699
CVE-2023-29170,0.00045,0.11801
CVE-2023-29171,0.00046,0.13740
CVE-2023-29172,0.00046,0.13740
CVE-2023-29175,0.00052,0.17889
CVE-2023-29177,0.00042,0.05753
CVE-2023-29178,0.00044,0.10465
CVE-2023-29182,0.00042,0.05722
CVE-2023-29183,0.00049,0.15110
CVE-2023-29185,0.00044,0.10862
CVE-2023-29186,0.00082,0.33984
CVE-2023-29187,0.00043,0.06775
CVE-2023-29188,0.00045,0.11801
CVE-2023-29189,0.00045,0.11801
CVE-2023-29192,0.00045,0.11801
CVE-2023-29193,0.00064,0.26487
CVE-2023-29194,0.00049,0.15163
CVE-2023-29195,0.00069,0.28587
CVE-2023-29196,0.00046,0.13740
CVE-2023-29197,0.00152,0.51501
CVE-2023-29198,0.00050,0.16285
CVE-2023-29199,0.00702,0.78271
CVE-2023-29200,0.00058,0.22598
CVE-2023-29201,0.00231,0.61343
CVE-2023-29202,0.00260,0.63853
CVE-2023-29203,0.00052,0.17989
CVE-2023-29204,0.00072,0.29921
CVE-2023-29205,0.00045,0.11801
CVE-2023-29206,0.00083,0.34309
CVE-2023-29207,0.00257,0.63555
CVE-2023-29208,0.00072,0.29896
CVE-2023-29209,0.00070,0.28865
CVE-2023-29210,0.00070,0.28865
CVE-2023-29211,0.00070,0.28865
CVE-2023-29212,0.00070,0.28865
CVE-2023-29213,0.00065,0.26894
CVE-2023-29214,0.00070,0.28865
CVE-2023-29215,0.05304,0.92346
CVE-2023-29216,0.05304,0.92346
CVE-2023-29218,0.00077,0.31664
CVE-2023-2922,0.00052,0.17989
CVE-2023-2923,0.00088,0.36687
CVE-2023-29234,0.04965,0.92082
CVE-2023-29235,0.00058,0.21913
CVE-2023-29236,0.00046,0.13740
CVE-2023-29238,0.00058,0.21913
CVE-2023-2924,0.00063,0.25553
CVE-2023-29240,0.00044,0.10862
CVE-2023-29241,0.00042,0.05722
CVE-2023-29242,0.00043,0.06775
CVE-2023-29243,0.00043,0.06775
CVE-2023-29244,0.00043,0.06775
CVE-2023-29245,0.00113,0.44700
CVE-2023-29246,0.00045,0.12300
CVE-2023-29247,0.00100,0.41000
CVE-2023-2925,0.00051,0.17093
CVE-2023-29255,0.00074,0.30542
CVE-2023-29256,0.00060,0.23711
CVE-2023-29257,0.00154,0.51721
CVE-2023-29258,0.00074,0.30542
CVE-2023-29259,0.00044,0.10521
CVE-2023-2926,0.00047,0.14181
CVE-2023-29260,0.00044,0.10565
CVE-2023-29261,0.00042,0.05722
CVE-2023-29268,0.00145,0.50318
CVE-2023-2927,0.00063,0.25553
CVE-2023-29273,0.00114,0.44892
CVE-2023-29274,0.00332,0.68200
CVE-2023-29275,0.00332,0.68200
CVE-2023-29276,0.00531,0.74678
CVE-2023-29277,0.00210,0.58983
CVE-2023-29278,0.00612,0.76488
CVE-2023-29279,0.00210,0.58983
CVE-2023-2928,0.00087,0.36462
CVE-2023-29280,0.00114,0.44892
CVE-2023-29281,0.00332,0.68200
CVE-2023-29282,0.00951,0.81540
CVE-2023-29283,0.00238,0.61972
CVE-2023-29284,0.02091,0.87994
CVE-2023-29285,0.00951,0.81540
CVE-2023-29286,0.00210,0.58983
CVE-2023-29287,0.00092,0.38938
CVE-2023-29288,0.00047,0.14158
CVE-2023-29289,0.00051,0.16937
CVE-2023-2929,0.00216,0.59661
CVE-2023-29290,0.00065,0.26978
CVE-2023-29291,0.00063,0.25776
CVE-2023-29292,0.00063,0.25776
CVE-2023-29293,0.00063,0.25049
CVE-2023-29294,0.00047,0.14051
CVE-2023-29295,0.00047,0.14158
CVE-2023-29296,0.00047,0.14158
CVE-2023-29297,0.00079,0.32927
CVE-2023-29298,0.75811,0.97919
CVE-2023-29299,0.00073,0.30138
CVE-2023-2930,0.00059,0.22803
CVE-2023-29300,0.93975,0.98987
CVE-2023-29301,0.00118,0.45675
CVE-2023-29302,0.00047,0.14158
CVE-2023-29303,0.00680,0.77921
CVE-2023-29304,0.00047,0.14158
CVE-2023-29305,0.00053,0.18312
CVE-2023-29306,0.00053,0.18312
CVE-2023-29307,0.00047,0.14158
CVE-2023-29308,0.00199,0.57897
CVE-2023-29309,0.00094,0.39390
CVE-2023-2931,0.00082,0.33940
CVE-2023-29310,0.00094,0.39390
CVE-2023-29311,0.00094,0.39390
CVE-2023-29312,0.00094,0.39390
CVE-2023-29313,0.00094,0.39390
CVE-2023-29314,0.00094,0.39390
CVE-2023-29315,0.00094,0.39390
CVE-2023-29316,0.00094,0.39390
CVE-2023-29317,0.00094,0.39390
CVE-2023-29318,0.00094,0.39390
CVE-2023-29319,0.00094,0.39390
CVE-2023-2932,0.00082,0.33940
CVE-2023-29320,0.00157,0.52073
CVE-2023-29321,0.00492,0.73680
CVE-2023-29322,0.00047,0.14158
CVE-2023-29323,0.00042,0.05722
CVE-2023-29324,0.09360,0.94173
CVE-2023-29325,0.02895,0.89791
CVE-2023-29326,0.00125,0.46890
CVE-2023-29328,0.02113,0.88049
CVE-2023-2933,0.00082,0.33940
CVE-2023-29330,0.02113,0.88049
CVE-2023-29331,0.00105,0.42419
CVE-2023-29332,0.00212,0.59240
CVE-2023-29333,0.00100,0.40861
CVE-2023-29334,0.00065,0.26960
CVE-2023-29335,0.00158,0.52245
CVE-2023-29336,0.00147,0.50623
CVE-2023-29337,0.00240,0.62118
CVE-2023-29338,0.00062,0.24846
CVE-2023-2934,0.00127,0.47337
CVE-2023-29340,0.00417,0.71504
CVE-2023-29341,0.00417,0.71504
CVE-2023-29343,0.00403,0.71050
CVE-2023-29344,0.00509,0.74131
CVE-2023-29345,0.00082,0.34065
CVE-2023-29346,0.00251,0.63139
CVE-2023-29347,0.00071,0.29190
CVE-2023-29348,0.00162,0.52858
CVE-2023-29349,0.00125,0.46890
CVE-2023-2935,0.00127,0.47337
CVE-2023-29350,0.00110,0.44009
CVE-2023-29351,0.00061,0.24206
CVE-2023-29352,0.00120,0.46179
CVE-2023-29353,0.00080,0.33286
CVE-2023-29354,0.00090,0.37981
CVE-2023-29355,0.00217,0.59771
CVE-2023-29356,0.00125,0.46890
CVE-2023-29357,0.07865,0.93639
CVE-2023-29358,0.00054,0.19472
CVE-2023-29359,0.00123,0.46594
CVE-2023-2936,0.00127,0.47337
CVE-2023-29360,0.00160,0.52548
CVE-2023-29361,0.00118,0.45820
CVE-2023-29362,0.05651,0.92588
CVE-2023-29363,0.21234,0.96010
CVE-2023-29364,0.00054,0.19472
CVE-2023-29365,0.00125,0.46890
CVE-2023-29366,0.00125,0.46890
CVE-2023-29367,0.00120,0.46198
CVE-2023-29368,0.00054,0.19472
CVE-2023-29369,0.00150,0.51081
CVE-2023-2937,0.00077,0.31992
CVE-2023-29370,0.00125,0.46890
CVE-2023-29371,0.00054,0.19472
CVE-2023-29372,0.08156,0.93756
CVE-2023-29373,0.08156,0.93756
CVE-2023-29374,0.00081,0.33717
CVE-2023-29375,0.00091,0.38380
CVE-2023-29376,0.00045,0.11801
CVE-2023-2938,0.00077,0.31992
CVE-2023-29380,0.00116,0.45285
CVE-2023-29381,0.00119,0.45968
CVE-2023-29382,0.00134,0.48641
CVE-2023-29383,0.00045,0.12069
CVE-2023-29384,0.00091,0.38380
CVE-2023-29385,0.00046,0.13740
CVE-2023-29387,0.00045,0.11801
CVE-2023-29388,0.00046,0.13740
CVE-2023-29389,0.00053,0.19001
CVE-2023-2939,0.00043,0.07730
CVE-2023-2940,0.00054,0.20304
CVE-2023-29400,0.00063,0.25576
CVE-2023-29401,0.00052,0.17638
CVE-2023-29402,0.00135,0.48866
CVE-2023-29403,0.00058,0.21962
CVE-2023-29404,0.00140,0.49653
CVE-2023-29405,0.00126,0.47159
CVE-2023-29406,0.00065,0.27111
CVE-2023-29407,0.00067,0.27797
CVE-2023-29408,0.00067,0.27797
CVE-2023-29409,0.00060,0.23724
CVE-2023-2941,0.00052,0.17638
CVE-2023-29410,0.00048,0.14657
CVE-2023-29411,0.00221,0.60293
CVE-2023-29412,0.00228,0.61058
CVE-2023-29413,0.00110,0.44045
CVE-2023-29414,0.00045,0.11807
CVE-2023-29415,0.00061,0.24203
CVE-2023-29416,0.00058,0.22698
CVE-2023-29417,0.00052,0.17532
CVE-2023-29418,0.00057,0.21260
CVE-2023-29419,0.00057,0.21260
CVE-2023-2942,0.00335,0.68344
CVE-2023-29420,0.00059,0.22965
CVE-2023-29421,0.00061,0.24123
CVE-2023-29423,0.00045,0.11801
CVE-2023-29424,0.00045,0.11801
CVE-2023-29425,0.00058,0.21913
CVE-2023-29426,0.00058,0.21913
CVE-2023-29427,0.00046,0.13740
CVE-2023-29428,0.00058,0.21913
CVE-2023-2943,0.00089,0.37299
CVE-2023-29430,0.00046,0.13740
CVE-2023-29432,0.00076,0.31600
CVE-2023-29434,0.00045,0.11801
CVE-2023-29435,0.00045,0.11801
CVE-2023-29436,0.00045,0.11801
CVE-2023-29437,0.00045,0.11801
CVE-2023-29438,0.00045,0.11801
CVE-2023-29439,0.00087,0.35967
CVE-2023-2944,0.00344,0.68696
CVE-2023-29440,0.00058,0.21913
CVE-2023-29441,0.00046,0.13740
CVE-2023-29442,0.01080,0.82775
CVE-2023-29443,0.00068,0.27987
CVE-2023-29444,0.00042,0.00438
CVE-2023-29445,0.00042,0.00438
CVE-2023-29446,0.00053,0.18562
CVE-2023-29447,0.00053,0.18562
CVE-2023-29449,0.00044,0.10862
CVE-2023-2945,0.00478,0.73311
CVE-2023-29450,0.00087,0.36261
CVE-2023-29451,0.00046,0.13740
CVE-2023-29452,0.00045,0.11801
CVE-2023-29453,0.00093,0.39148
CVE-2023-29454,0.00045,0.11801
CVE-2023-29455,0.00055,0.20330
CVE-2023-29456,0.00045,0.11801
CVE-2023-29457,0.00055,0.20330
CVE-2023-29458,0.00046,0.13740
CVE-2023-29459,0.00054,0.19245
CVE-2023-2946,0.00246,0.62697
CVE-2023-29460,0.00196,0.57517
CVE-2023-29461,0.00196,0.57517
CVE-2023-29462,0.00208,0.58764
CVE-2023-29463,0.00045,0.11801
CVE-2023-29464,0.00070,0.28979
CVE-2023-29465,0.00042,0.05722
CVE-2023-29468,0.00213,0.59307
CVE-2023-29469,0.00050,0.16457
CVE-2023-2947,0.00747,0.79008
CVE-2023-29471,0.00043,0.06775
CVE-2023-29473,0.00098,0.40520
CVE-2023-29474,0.00098,0.40520
CVE-2023-29475,0.00098,0.40520
CVE-2023-29478,0.00477,0.73261
CVE-2023-29479,0.00046,0.13740
CVE-2023-2948,0.00399,0.70938
CVE-2023-29480,0.00087,0.36261
CVE-2023-29484,0.00046,0.12619
CVE-2023-29485,0.00165,0.53248
CVE-2023-29486,0.00165,0.53248
CVE-2023-29487,0.00048,0.14563
CVE-2023-29489,0.00220,0.59952
CVE-2023-2949,0.00399,0.70938
CVE-2023-29491,0.00042,0.05722
CVE-2023-29492,0.03668,0.90858
CVE-2023-29494,0.00043,0.06775
CVE-2023-29495,0.00043,0.06775
CVE-2023-29497,0.00044,0.10345
CVE-2023-29498,0.00052,0.18120
CVE-2023-29499,0.00103,0.41572
CVE-2023-2950,0.00343,0.68678
CVE-2023-29500,0.00043,0.06775
CVE-2023-29501,0.00052,0.17638
CVE-2023-29502,0.00046,0.12730
CVE-2023-29503,0.00055,0.20328
CVE-2023-29504,0.00053,0.19001
CVE-2023-29505,0.00134,0.48512
CVE-2023-29506,0.00072,0.29894
CVE-2023-29507,0.00190,0.56634
CVE-2023-29508,0.00045,0.11801
CVE-2023-29509,0.00063,0.25593
CVE-2023-2951,0.00067,0.27762
CVE-2023-29510,0.00260,0.63866
CVE-2023-29511,0.00072,0.29602
CVE-2023-29512,0.00079,0.32929
CVE-2023-29513,0.00064,0.26157
CVE-2023-29514,0.00260,0.63866
CVE-2023-29515,0.00051,0.17093
CVE-2023-29516,0.00079,0.32929
CVE-2023-29517,0.00068,0.27964
CVE-2023-29518,0.00079,0.32929
CVE-2023-29519,0.00251,0.63147
CVE-2023-2952,0.00063,0.25756
CVE-2023-29520,0.00046,0.12619
CVE-2023-29521,0.00079,0.32929
CVE-2023-29522,0.00260,0.63866
CVE-2023-29523,0.00456,0.72679
CVE-2023-29524,0.00067,0.27822
CVE-2023-29525,0.00290,0.65868
CVE-2023-29526,0.00132,0.48278
CVE-2023-29527,0.00122,0.46496
CVE-2023-29528,0.00269,0.64459
CVE-2023-29529,0.00052,0.17989
CVE-2023-2953,0.00407,0.71195
CVE-2023-29530,0.00050,0.16721
CVE-2023-29531,0.00064,0.26444
CVE-2023-29532,0.00042,0.05722
CVE-2023-29533,0.00077,0.31730
CVE-2023-29534,0.00132,0.48220
CVE-2023-29535,0.00053,0.18595
CVE-2023-29536,0.00064,0.26444
CVE-2023-29537,0.00108,0.43384
CVE-2023-29538,0.00046,0.13740
CVE-2023-29539,0.00081,0.33746
CVE-2023-2954,0.00045,0.11801
CVE-2023-29540,0.00046,0.13740
CVE-2023-29541,0.00068,0.27979
CVE-2023-29542,0.00100,0.40898
CVE-2023-29543,0.00091,0.38380
CVE-2023-29544,0.00046,0.13740
CVE-2023-29545,0.00054,0.19372
CVE-2023-29546,0.00087,0.36261
CVE-2023-29547,0.00048,0.14563
CVE-2023-29548,0.00054,0.19372
CVE-2023-29549,0.00048,0.14563
CVE-2023-2955,0.00063,0.25553
CVE-2023-29550,0.00064,0.26444
CVE-2023-29551,0.00091,0.38380
CVE-2023-29552,0.04337,0.91532
CVE-2023-29562,0.00046,0.13815
CVE-2023-29566,0.00595,0.76120
CVE-2023-29569,0.00078,0.32130
CVE-2023-2957,0.00076,0.31600
CVE-2023-29570,0.00078,0.32130
CVE-2023-29571,0.00078,0.32130
CVE-2023-29573,0.00044,0.10345
CVE-2023-29574,0.00044,0.10345
CVE-2023-29575,0.00044,0.10345
CVE-2023-29576,0.00044,0.10345
CVE-2023-29578,0.00115,0.45000
CVE-2023-29579,0.00044,0.10345
CVE-2023-2958,0.00091,0.38380
CVE-2023-29580,0.00044,0.10345
CVE-2023-29581,0.00044,0.10345
CVE-2023-29582,0.00044,0.10345
CVE-2023-29583,0.00044,0.10345
CVE-2023-29584,0.00115,0.45000
CVE-2023-29586,0.00049,0.14986
CVE-2023-2959,0.00087,0.36261
CVE-2023-29596,0.00055,0.20747
CVE-2023-29597,0.00050,0.16285
CVE-2023-29598,0.00076,0.31600
CVE-2023-2960,0.00046,0.13740
CVE-2023-2961,0.00043,0.06775
CVE-2023-2962,0.00063,0.25553
CVE-2023-29621,0.00055,0.20491
CVE-2023-29622,0.02411,0.88872
CVE-2023-29623,0.00096,0.39811
CVE-2023-29625,0.00055,0.20491
CVE-2023-29626,0.00073,0.30355
CVE-2023-29627,0.00055,0.20491
CVE-2023-29629,0.00076,0.31600
CVE-2023-2963,0.00076,0.31600
CVE-2023-29630,0.00076,0.31600
CVE-2023-29631,0.00091,0.38380
CVE-2023-29632,0.00076,0.31600
CVE-2023-29635,0.00158,0.52217
CVE-2023-29636,0.00045,0.11801
CVE-2023-29637,0.00046,0.13740
CVE-2023-29638,0.00045,0.11801
CVE-2023-29639,0.00045,0.11801
CVE-2023-2964,0.00045,0.11801
CVE-2023-29641,0.00046,0.13740
CVE-2023-29643,0.00049,0.15110
CVE-2023-29656,0.00043,0.06775
CVE-2023-29657,0.00055,0.20491
CVE-2023-29659,0.00049,0.15801
CVE-2023-29665,0.00082,0.34087
CVE-2023-2967,0.00045,0.11801
CVE-2023-2968,0.00052,0.17532
CVE-2023-29680,0.00043,0.06775
CVE-2023-29681,0.00043,0.06775
CVE-2023-29689,0.00591,0.76047
CVE-2023-29693,0.00087,0.36569
CVE-2023-29696,0.00087,0.36569
CVE-2023-2970,0.00075,0.30882
CVE-2023-29707,0.00045,0.11801
CVE-2023-29708,0.00065,0.27066
CVE-2023-29709,0.00048,0.14563
CVE-2023-2971,0.00087,0.35906
CVE-2023-29711,0.00187,0.56276
CVE-2023-29712,0.00159,0.52376
CVE-2023-29713,0.00117,0.45563
CVE-2023-29714,0.00117,0.45563
CVE-2023-2972,0.00087,0.36569
CVE-2023-29720,0.00046,0.13740
CVE-2023-29721,0.00130,0.47847
CVE-2023-29722,0.00088,0.36685
CVE-2023-29723,0.00046,0.13740
CVE-2023-29724,0.00050,0.16759
CVE-2023-29725,0.00044,0.08085
CVE-2023-29726,0.00049,0.15801
CVE-2023-29727,0.00063,0.25553
CVE-2023-29728,0.00063,0.25553
CVE-2023-2973,0.00060,0.23704
CVE-2023-29731,0.00046,0.13740
CVE-2023-29732,0.00106,0.42831
CVE-2023-29733,0.00053,0.19001
CVE-2023-29734,0.00106,0.42831
CVE-2023-29735,0.00042,0.05722
CVE-2023-29736,0.00246,0.62644
CVE-2023-29737,0.00042,0.05722
CVE-2023-29738,0.00042,0.05722
CVE-2023-29739,0.00063,0.25553
CVE-2023-2974,0.00060,0.23229
CVE-2023-29740,0.00055,0.20401
CVE-2023-29741,0.00063,0.25553
CVE-2023-29742,0.00054,0.19430
CVE-2023-29743,0.00049,0.15801
CVE-2023-29745,0.00044,0.10727
CVE-2023-29746,0.00081,0.33894
CVE-2023-29747,0.00063,0.25553
CVE-2023-29748,0.00055,0.20401
CVE-2023-29749,0.00053,0.19001
CVE-2023-2975,0.00278,0.65059
CVE-2023-29751,0.00043,0.06775
CVE-2023-29752,0.00053,0.19001
CVE-2023-29753,0.00042,0.05722
CVE-2023-29755,0.00053,0.19001
CVE-2023-29756,0.00044,0.10345
CVE-2023-29757,0.00053,0.19001
CVE-2023-29758,0.00044,0.10345
CVE-2023-29759,0.00044,0.10345
CVE-2023-2976,0.00043,0.06775
CVE-2023-29761,0.00044,0.10345
CVE-2023-29766,0.00042,0.05722
CVE-2023-29767,0.00042,0.05722
CVE-2023-2977,0.00042,0.05722
CVE-2023-29770,0.00050,0.16285
CVE-2023-29772,0.00062,0.24249
CVE-2023-29774,0.00045,0.11801
CVE-2023-29778,0.00097,0.40089
CVE-2023-29779,0.00084,0.34956
CVE-2023-2978,0.00061,0.24046
CVE-2023-29780,0.00091,0.38098
CVE-2023-2979,0.00142,0.49892
CVE-2023-29790,0.00087,0.36261
CVE-2023-29791,0.00046,0.13740
CVE-2023-29798,0.81374,0.98097
CVE-2023-29799,0.81374,0.98097
CVE-2023-2980,0.00112,0.44501
CVE-2023-29800,0.81374,0.98097
CVE-2023-29801,0.81374,0.98097
CVE-2023-29802,0.81374,0.98097
CVE-2023-29803,0.81374,0.98097
CVE-2023-29804,0.00071,0.29283
CVE-2023-29805,0.00097,0.40089
CVE-2023-29808,0.00068,0.28157
CVE-2023-29809,0.02832,0.89697
CVE-2023-2981,0.00082,0.34220
CVE-2023-29815,0.00058,0.21913
CVE-2023-29818,0.00042,0.05722
CVE-2023-29819,0.00042,0.05722
CVE-2023-2982,0.01383,0.84976
CVE-2023-29820,0.00042,0.05722
CVE-2023-29824,0.00069,0.28590
CVE-2023-29827,0.00087,0.36569
CVE-2023-2983,0.00050,0.16285
CVE-2023-29835,0.00082,0.33993
CVE-2023-29836,0.00063,0.25204
CVE-2023-29837,0.00059,0.23047
CVE-2023-29838,0.00042,0.05722
CVE-2023-29839,0.00051,0.17407
CVE-2023-2984,0.00050,0.16285
CVE-2023-29842,0.00131,0.48018
CVE-2023-29847,0.00045,0.11801
CVE-2023-29848,0.00068,0.28353
CVE-2023-29849,0.00493,0.73707
CVE-2023-2985,0.00042,0.05722
CVE-2023-29850,0.00084,0.34921
CVE-2023-29854,0.00046,0.13740
CVE-2023-29855,0.00077,0.31688
CVE-2023-29856,0.00085,0.35470
CVE-2023-29857,0.00046,0.13740
CVE-2023-2986,0.00364,0.69569
CVE-2023-29860,0.00084,0.34921
CVE-2023-29861,0.00331,0.68163
CVE-2023-29862,0.00331,0.68163
CVE-2023-29863,0.00063,0.25553
CVE-2023-29867,0.00049,0.14986
CVE-2023-29868,0.00046,0.12619
CVE-2023-2987,0.00070,0.28998
CVE-2023-29887,0.00449,0.72473
CVE-2023-2989,0.00048,0.14563
CVE-2023-2990,0.00046,0.13740
CVE-2023-29905,0.00044,0.10725
CVE-2023-29906,0.00044,0.10725
CVE-2023-29907,0.00044,0.10725
CVE-2023-29908,0.00044,0.10725
CVE-2023-29909,0.00044,0.10725
CVE-2023-2991,0.00046,0.13740
CVE-2023-29910,0.00044,0.10725
CVE-2023-29911,0.00044,0.10725
CVE-2023-29912,0.00044,0.10725
CVE-2023-29913,0.00044,0.10725
CVE-2023-29914,0.00044,0.10725
CVE-2023-29915,0.00044,0.10725
CVE-2023-29916,0.00044,0.10725
CVE-2023-29917,0.00044,0.10725
CVE-2023-29918,0.00165,0.53220
CVE-2023-29919,0.01262,0.84221
CVE-2023-2992,0.00046,0.13740
CVE-2023-29921,0.00046,0.13740
CVE-2023-29922,0.01236,0.84028
CVE-2023-29923,0.00664,0.77574
CVE-2023-29924,0.00195,0.57474
CVE-2023-29926,0.00199,0.57789
CVE-2023-29927,0.00045,0.11801
CVE-2023-2993,0.00044,0.10862
CVE-2023-29930,0.00135,0.48682
CVE-2023-29931,0.00105,0.42455
CVE-2023-29932,0.00044,0.10345
CVE-2023-29933,0.00044,0.10345
CVE-2023-29934,0.00044,0.10345
CVE-2023-29935,0.00044,0.10345
CVE-2023-29939,0.00044,0.10345
CVE-2023-29941,0.00044,0.10345
CVE-2023-29942,0.00044,0.10345
CVE-2023-29944,0.00205,0.58514
CVE-2023-2995,0.00045,0.11801
CVE-2023-29950,0.00044,0.10345
CVE-2023-2996,0.00112,0.44289
CVE-2023-29961,0.00082,0.34087
CVE-2023-29962,0.00050,0.15975
CVE-2023-29963,0.00099,0.40561
CVE-2023-29973,0.00420,0.71594
CVE-2023-29974,0.00755,0.79144
CVE-2023-29975,0.00416,0.71488
CVE-2023-2998,0.00046,0.13740
CVE-2023-29983,0.00585,0.75901
CVE-2023-29984,0.00056,0.20790
CVE-2023-29985,0.00076,0.31600
CVE-2023-29986,0.00047,0.14215
CVE-2023-2999,0.00046,0.13740
CVE-2023-29994,0.00046,0.13740
CVE-2023-29995,0.00046,0.13740
CVE-2023-29996,0.00046,0.13740
CVE-2023-29998,0.00052,0.17702
CVE-2023-3000,0.00085,0.35301
CVE-2023-3001,0.00102,0.41442
CVE-2023-30013,0.92570,0.98825
CVE-2023-30014,0.00091,0.38180
CVE-2023-30015,0.00091,0.38180
CVE-2023-30016,0.00091,0.38180
CVE-2023-30018,0.00076,0.31600
CVE-2023-30019,0.00094,0.39400
CVE-2023-30024,0.00061,0.23932
CVE-2023-3003,0.00077,0.31941
CVE-2023-3004,0.00077,0.31941
CVE-2023-3005,0.00060,0.23704
CVE-2023-30053,0.01922,0.87401
CVE-2023-30054,0.01922,0.87401
CVE-2023-30056,0.00132,0.48262
CVE-2023-30057,0.00075,0.30925
CVE-2023-30058,0.00070,0.28782
CVE-2023-3006,0.00043,0.06775
CVE-2023-30061,0.00079,0.32935
CVE-2023-30063,0.00079,0.32935
CVE-2023-30065,0.00106,0.42858
CVE-2023-3007,0.00294,0.66122
CVE-2023-30076,0.00076,0.31600
CVE-2023-30077,0.00076,0.31600
CVE-2023-3008,0.00186,0.55993
CVE-2023-30082,0.00046,0.13740
CVE-2023-30083,0.00042,0.05722
CVE-2023-30084,0.00042,0.05722
CVE-2023-30085,0.00042,0.05722
CVE-2023-30086,0.00042,0.05722
CVE-2023-30087,0.00074,0.30712
CVE-2023-30088,0.00074,0.30712
CVE-2023-3009,0.00045,0.11801
CVE-2023-30090,0.00134,0.48641
CVE-2023-30092,0.00076,0.31600
CVE-2023-30093,0.00046,0.13740
CVE-2023-30094,0.00049,0.15147
CVE-2023-30095,0.00049,0.15147
CVE-2023-30096,0.00049,0.15147
CVE-2023-30097,0.00049,0.15147
CVE-2023-3010,0.00046,0.13740
CVE-2023-30106,0.00052,0.17989
CVE-2023-3011,0.00102,0.41513
CVE-2023-30111,0.00046,0.13740
CVE-2023-30112,0.00073,0.30355
CVE-2023-3012,0.00042,0.05722
CVE-2023-30122,0.00143,0.50070
CVE-2023-30123,0.00045,0.11801
CVE-2023-30124,0.00045,0.11801
CVE-2023-30125,0.00046,0.13740
CVE-2023-3013,0.00043,0.06775
CVE-2023-30130,0.00225,0.60823
CVE-2023-30131,0.00097,0.40294
CVE-2023-30132,0.00043,0.06775
CVE-2023-30135,0.00361,0.69455
CVE-2023-3014,0.00052,0.17989
CVE-2023-30145,0.01546,0.85826
CVE-2023-30146,0.00174,0.54588
CVE-2023-30148,0.00048,0.14756
CVE-2023-30149,0.00063,0.25601
CVE-2023-3015,0.00063,0.25553
CVE-2023-30150,0.02634,0.89332
CVE-2023-30151,0.00061,0.23874
CVE-2023-30153,0.00063,0.25601
CVE-2023-30154,0.00059,0.22864
CVE-2023-3016,0.00052,0.17989
CVE-2023-3017,0.00051,0.17093
CVE-2023-30172,0.00090,0.37805
CVE-2023-30177,0.00046,0.13740
CVE-2023-30179,0.00140,0.49647
CVE-2023-3018,0.00061,0.24091
CVE-2023-30184,0.00045,0.11801
CVE-2023-30185,0.00063,0.25553
CVE-2023-30186,0.00307,0.66802
CVE-2023-30187,0.00362,0.69500
CVE-2023-30188,0.00270,0.64516
CVE-2023-30189,0.00076,0.31600
CVE-2023-3019,0.00042,0.05722
CVE-2023-30191,0.00076,0.31600
CVE-2023-30192,0.00076,0.31600
CVE-2023-30194,0.00076,0.31600
CVE-2023-30195,0.00087,0.36261
CVE-2023-30196,0.00090,0.37805
CVE-2023-30197,0.00090,0.37805
CVE-2023-30198,0.01449,0.85329
CVE-2023-30199,0.00110,0.44041
CVE-2023-3020,0.00046,0.13740
CVE-2023-30200,0.00090,0.37805
CVE-2023-30203,0.00076,0.31600
CVE-2023-30204,0.00076,0.31600
CVE-2023-30205,0.00045,0.11801
CVE-2023-30207,0.00044,0.08085
CVE-2023-3021,0.00045,0.11801
CVE-2023-30210,0.00071,0.29251
CVE-2023-30211,0.00076,0.31600
CVE-2023-30212,0.02740,0.89539
CVE-2023-30216,0.00045,0.11801
CVE-2023-3022,0.00043,0.06775
CVE-2023-30222,0.00082,0.34016
CVE-2023-30223,0.00101,0.41221
CVE-2023-30226,0.00044,0.10345
CVE-2023-3023,0.00050,0.16285
CVE-2023-30237,0.00051,0.17254
CVE-2023-3024,0.00044,0.10345
CVE-2023-30242,0.00063,0.25553
CVE-2023-30243,0.00073,0.30355
CVE-2023-30245,0.00107,0.43017
CVE-2023-30246,0.00107,0.43017
CVE-2023-30247,0.00227,0.60982
CVE-2023-3025,0.00052,0.17889
CVE-2023-30253,0.00297,0.66255
CVE-2023-30256,0.01811,0.86902
CVE-2023-30257,0.00043,0.06775
CVE-2023-30258,0.33440,0.96675
CVE-2023-30259,0.00052,0.18120
CVE-2023-3026,0.00046,0.13740
CVE-2023-30260,0.00089,0.37476
CVE-2023-30261,0.00192,0.56977
CVE-2023-30262,0.00164,0.53120
CVE-2023-30264,0.00091,0.38380
CVE-2023-30265,0.00050,0.15975
CVE-2023-30266,0.00050,0.16285
CVE-2023-30267,0.00046,0.13740
CVE-2023-30268,0.00091,0.38629
CVE-2023-30269,0.00044,0.10862
CVE-2023-3027,0.00043,0.06775
CVE-2023-3028,0.00091,0.38380
CVE-2023-30280,0.00315,0.67300
CVE-2023-30281,0.00049,0.14986
CVE-2023-30282,0.00087,0.36261
CVE-2023-30285,0.00064,0.26487
CVE-2023-3029,0.00055,0.20387
CVE-2023-30297,0.00042,0.05722
CVE-2023-30300,0.00044,0.10345
CVE-2023-3031,0.00050,0.15975
CVE-2023-30319,0.00118,0.45753
CVE-2023-3032,0.00050,0.16285
CVE-2023-30320,0.00055,0.20491
CVE-2023-30321,0.00055,0.20491
CVE-2023-30322,0.00049,0.15110
CVE-2023-30323,0.00073,0.30355
CVE-2023-30325,0.00073,0.30355
CVE-2023-30326,0.00050,0.16906
CVE-2023-30328,0.00139,0.49382
CVE-2023-3033,0.00050,0.16285
CVE-2023-30330,0.10186,0.94434
CVE-2023-30331,0.00139,0.49382
CVE-2023-30333,0.00143,0.50070
CVE-2023-30334,0.00052,0.17638
CVE-2023-30338,0.00045,0.11801
CVE-2023-3034,0.00046,0.13740
CVE-2023-30347,0.00045,0.11801
CVE-2023-30349,0.00270,0.64555
CVE-2023-3035,0.00051,0.17093
CVE-2023-30350,0.00206,0.58572
CVE-2023-30351,0.00059,0.22950
CVE-2023-30352,0.00091,0.38380
CVE-2023-30353,0.00313,0.67171
CVE-2023-30354,0.00091,0.38380
CVE-2023-30356,0.00048,0.14563
CVE-2023-3036,0.00081,0.33588
CVE-2023-30362,0.00084,0.34859
CVE-2023-30363,0.00097,0.40294
CVE-2023-30367,0.00201,0.58127
CVE-2023-30368,0.00091,0.38380
CVE-2023-30369,0.00091,0.38380
CVE-2023-3037,0.00103,0.41798
CVE-2023-30370,0.00091,0.38380
CVE-2023-30371,0.00091,0.38380
CVE-2023-30372,0.00091,0.38380
CVE-2023-30373,0.00091,0.38380
CVE-2023-30375,0.00091,0.38380
CVE-2023-30376,0.00091,0.38380
CVE-2023-30378,0.00091,0.38380
CVE-2023-3038,0.00058,0.22704
CVE-2023-30380,0.00083,0.34244
CVE-2023-30382,0.00060,0.23520
CVE-2023-30383,0.00088,0.36940
CVE-2023-3039,0.00042,0.05722
CVE-2023-30394,0.00052,0.17638
CVE-2023-30399,0.00062,0.24560
CVE-2023-3040,0.00046,0.13740
CVE-2023-30400,0.00578,0.75756
CVE-2023-30402,0.00044,0.10345
CVE-2023-30403,0.00048,0.14563
CVE-2023-30404,0.00209,0.58834
CVE-2023-30405,0.00044,0.10565
CVE-2023-30406,0.00044,0.10345
CVE-2023-30408,0.00044,0.10345
CVE-2023-3041,0.00046,0.13740
CVE-2023-30410,0.00044,0.10345
CVE-2023-30414,0.00044,0.10345
CVE-2023-30415,0.00172,0.54256
CVE-2023-30417,0.00045,0.11801
CVE-2023-3042,0.00046,0.13740
CVE-2023-30428,0.00065,0.27085
CVE-2023-30429,0.00127,0.47314
CVE-2023-3043,0.00059,0.23078
CVE-2023-30431,0.00042,0.05722
CVE-2023-30433,0.00056,0.21036
CVE-2023-30434,0.00042,0.05722
CVE-2023-30435,0.00044,0.10565
CVE-2023-30436,0.00044,0.10565
CVE-2023-30437,0.00044,0.10521
CVE-2023-30438,0.00042,0.05722
CVE-2023-3044,0.00044,0.10345
CVE-2023-30440,0.00042,0.05757
CVE-2023-30441,0.00133,0.48453
CVE-2023-30442,0.00074,0.30542
CVE-2023-30444,0.00049,0.14986
CVE-2023-30445,0.00074,0.30542
CVE-2023-30446,0.00074,0.30542
CVE-2023-30447,0.00074,0.30542
CVE-2023-30448,0.00074,0.30542
CVE-2023-30449,0.00074,0.30542
CVE-2023-3045,0.00076,0.31600
CVE-2023-30450,0.00052,0.18012
CVE-2023-30451,0.00051,0.16914
CVE-2023-30452,0.00045,0.11801
CVE-2023-30453,0.00045,0.11801
CVE-2023-30454,0.00054,0.19245
CVE-2023-30455,0.00054,0.19245
CVE-2023-30456,0.00042,0.05722
CVE-2023-30458,0.00052,0.18014
CVE-2023-30459,0.00165,0.53133
CVE-2023-3046,0.00076,0.31600
CVE-2023-30463,0.00046,0.13740
CVE-2023-30465,0.00164,0.53081
CVE-2023-30466,0.00106,0.42968
CVE-2023-30467,0.00106,0.42968
CVE-2023-30469,0.00046,0.13740
CVE-2023-3047,0.00076,0.31600
CVE-2023-30470,0.00235,0.61612
CVE-2023-30471,0.00046,0.13740
CVE-2023-30472,0.00046,0.13740
CVE-2023-30473,0.00046,0.13740
CVE-2023-30474,0.00058,0.21913
CVE-2023-30475,0.00046,0.13740
CVE-2023-30477,0.00045,0.11801
CVE-2023-30478,0.00058,0.21913
CVE-2023-3048,0.00106,0.42831
CVE-2023-30481,0.00046,0.13740
CVE-2023-30482,0.00045,0.11801
CVE-2023-30483,0.00046,0.13740
CVE-2023-30484,0.00058,0.21913
CVE-2023-30485,0.00046,0.13740
CVE-2023-30487,0.00046,0.13740
CVE-2023-30489,0.00046,0.13740
CVE-2023-3049,0.00646,0.77167
CVE-2023-30491,0.00046,0.13740
CVE-2023-30492,0.00045,0.11801
CVE-2023-30493,0.00046,0.13740
CVE-2023-30494,0.00046,0.13740
CVE-2023-30495,0.00050,0.16404
CVE-2023-30496,0.00046,0.13740
CVE-2023-30497,0.00046,0.13740
CVE-2023-30498,0.00046,0.13740
CVE-2023-30499,0.00046,0.13740
CVE-2023-3050,0.00106,0.42831
CVE-2023-30500,0.00046,0.13740
CVE-2023-30501,0.00061,0.24013
CVE-2023-30502,0.00061,0.24013
CVE-2023-30503,0.00061,0.24013
CVE-2023-30504,0.00061,0.24013
CVE-2023-30505,0.00061,0.24013
CVE-2023-30506,0.00061,0.24013
CVE-2023-30507,0.00050,0.15975
CVE-2023-30508,0.00050,0.15975
CVE-2023-30509,0.00050,0.15975
CVE-2023-3051,0.00053,0.18547
CVE-2023-30510,0.00059,0.23052
CVE-2023-30512,0.00049,0.14986
CVE-2023-30513,0.00087,0.36261
CVE-2023-30514,0.00087,0.36261
CVE-2023-30515,0.00087,0.36261
CVE-2023-30516,0.00059,0.22950
CVE-2023-30517,0.00046,0.13740
CVE-2023-30518,0.00044,0.10753
CVE-2023-30519,0.00052,0.17889
CVE-2023-3052,0.00097,0.40061
CVE-2023-30520,0.00090,0.37843
CVE-2023-30521,0.00052,0.17889
CVE-2023-30522,0.00044,0.10753
CVE-2023-30523,0.00044,0.10753
CVE-2023-30524,0.00044,0.10753
CVE-2023-30525,0.00166,0.53265
CVE-2023-30526,0.00046,0.12546
CVE-2023-30527,0.00044,0.10753
CVE-2023-30528,0.00049,0.14986
CVE-2023-30529,0.00046,0.13740
CVE-2023-3053,0.00051,0.17507
CVE-2023-30530,0.00044,0.10753
CVE-2023-30531,0.00049,0.14986
CVE-2023-30532,0.00046,0.12546
CVE-2023-30533,0.00050,0.16809
CVE-2023-30534,0.09326,0.94167
CVE-2023-30535,0.00212,0.59192
CVE-2023-30536,0.00063,0.25385
CVE-2023-30537,0.00077,0.32068
CVE-2023-30538,0.00045,0.11801
CVE-2023-30539,0.00071,0.29398
CVE-2023-30540,0.00052,0.18059
CVE-2023-30541,0.00052,0.17989
CVE-2023-30542,0.00048,0.14657
CVE-2023-30543,0.00046,0.12619
CVE-2023-30544,0.00053,0.18547
CVE-2023-30545,0.00058,0.22598
CVE-2023-30546,0.00084,0.35149
CVE-2023-30547,0.00102,0.41310
CVE-2023-30548,0.00051,0.17093
CVE-2023-30549,0.00056,0.21179
CVE-2023-3055,0.00052,0.17889
CVE-2023-30550,0.00046,0.12619
CVE-2023-30551,0.00051,0.17403
CVE-2023-30552,0.00054,0.19149
CVE-2023-30553,0.00054,0.19149
CVE-2023-30554,0.00054,0.19149
CVE-2023-30555,0.00054,0.19149
CVE-2023-30556,0.00054,0.19149
CVE-2023-30557,0.00059,0.22975
CVE-2023-30558,0.00054,0.19149
CVE-2023-30559,0.00044,0.10345
CVE-2023-3056,0.00063,0.25553
CVE-2023-30560,0.00053,0.19001
CVE-2023-30561,0.00053,0.19001
CVE-2023-30562,0.00043,0.06775
CVE-2023-30563,0.00087,0.36261
CVE-2023-30564,0.00043,0.06775
CVE-2023-30565,0.00043,0.06775
CVE-2023-3057,0.00063,0.25553
CVE-2023-30570,0.00046,0.13740
CVE-2023-30571,0.00042,0.05722
CVE-2023-30575,0.00125,0.47077
CVE-2023-30576,0.00215,0.59570
CVE-2023-30577,0.00042,0.05722
CVE-2023-3058,0.00051,0.17093
CVE-2023-30581,0.00054,0.19379
CVE-2023-30585,0.00071,0.29431
CVE-2023-30586,0.00054,0.19379
CVE-2023-30588,0.00068,0.28387
CVE-2023-30589,0.00078,0.32125
CVE-2023-3059,0.00063,0.25553
CVE-2023-30590,0.00071,0.29431
CVE-2023-30591,0.00058,0.21986
CVE-2023-3060,0.00051,0.17093
CVE-2023-30601,0.00042,0.05722
CVE-2023-30602,0.00110,0.44056
CVE-2023-30603,0.00155,0.51866
CVE-2023-30604,0.00148,0.50813
CVE-2023-30605,0.00059,0.22975
CVE-2023-30606,0.00045,0.12231
CVE-2023-30607,0.00059,0.22960
CVE-2023-30608,0.00064,0.26297
CVE-2023-30609,0.00052,0.17989
CVE-2023-3061,0.00063,0.25553
CVE-2023-30610,0.00043,0.06775
CVE-2023-30611,0.00046,0.13740
CVE-2023-30612,0.00065,0.27106
CVE-2023-30613,0.00060,0.23697
CVE-2023-30614,0.00046,0.13740
CVE-2023-30615,0.00045,0.11801
CVE-2023-30616,0.00048,0.14563
CVE-2023-30617,0.00050,0.16404
CVE-2023-30618,0.00043,0.06775
CVE-2023-30619,0.00060,0.23650
CVE-2023-3062,0.00063,0.25553
CVE-2023-30620,0.00064,0.26139
CVE-2023-30621,0.00055,0.20379
CVE-2023-30622,0.00043,0.06775
CVE-2023-30623,0.00064,0.26453
CVE-2023-30624,0.00050,0.16285
CVE-2023-30625,0.95054,0.99154
CVE-2023-30626,0.00088,0.37157
CVE-2023-30627,0.00086,0.35619
CVE-2023-30628,0.00071,0.29165
CVE-2023-30629,0.00054,0.19372
CVE-2023-3063,0.00050,0.16285
CVE-2023-30630,0.00043,0.07702
CVE-2023-30631,0.00191,0.56756
CVE-2023-30633,0.00045,0.12108
CVE-2023-30635,0.00087,0.35988
CVE-2023-30636,0.00087,0.35988
CVE-2023-30637,0.00046,0.13740
CVE-2023-30638,0.00087,0.36041
CVE-2023-30639,0.00048,0.14756
CVE-2023-3064,0.00046,0.13740
CVE-2023-30640,0.00042,0.05722
CVE-2023-30641,0.00052,0.18120
CVE-2023-30642,0.00042,0.05722
CVE-2023-30643,0.00042,0.05722
CVE-2023-30644,0.00042,0.05722
CVE-2023-30645,0.00042,0.05722
CVE-2023-30646,0.00042,0.05722
CVE-2023-30647,0.00042,0.05722
CVE-2023-30648,0.00043,0.06775
CVE-2023-30649,0.00042,0.05722
CVE-2023-3065,0.00088,0.36685
CVE-2023-30650,0.00042,0.05722
CVE-2023-30651,0.00042,0.05722
CVE-2023-30652,0.00042,0.05722
CVE-2023-30653,0.00042,0.05722
CVE-2023-30654,0.00042,0.05722
CVE-2023-30655,0.00042,0.05722
CVE-2023-30656,0.00043,0.06775
CVE-2023-30657,0.00042,0.05722
CVE-2023-30658,0.00042,0.05722
CVE-2023-30659,0.00042,0.05722
CVE-2023-3066,0.00050,0.16404
CVE-2023-30660,0.00042,0.05722
CVE-2023-30661,0.00042,0.05722
CVE-2023-30662,0.00042,0.05722
CVE-2023-30663,0.00042,0.05722
CVE-2023-30664,0.00042,0.05722
CVE-2023-30665,0.00042,0.05722
CVE-2023-30666,0.00042,0.05722
CVE-2023-30667,0.00043,0.06775
CVE-2023-30668,0.00042,0.05722
CVE-2023-30669,0.00042,0.05722
CVE-2023-3067,0.00045,0.11801
CVE-2023-30670,0.00042,0.05722
CVE-2023-30671,0.00042,0.05722
CVE-2023-30672,0.00043,0.06775
CVE-2023-30673,0.00042,0.05722
CVE-2023-30674,0.00068,0.28148
CVE-2023-30675,0.00042,0.05722
CVE-2023-30676,0.00052,0.18120
CVE-2023-30677,0.00052,0.18120
CVE-2023-30678,0.00044,0.08212
CVE-2023-30679,0.00042,0.05722
CVE-2023-3068,0.00063,0.25553
CVE-2023-30680,0.00042,0.05722
CVE-2023-30681,0.00043,0.06775
CVE-2023-30682,0.00042,0.05722
CVE-2023-30683,0.00042,0.05722
CVE-2023-30684,0.00042,0.05722
CVE-2023-30685,0.00043,0.06775
CVE-2023-30686,0.00042,0.05722
CVE-2023-30687,0.00042,0.05722
CVE-2023-30688,0.00042,0.05722
CVE-2023-30689,0.00042,0.05722
CVE-2023-3069,0.00087,0.36569
CVE-2023-30690,0.00042,0.05722
CVE-2023-30691,0.00042,0.05722
CVE-2023-30692,0.00042,0.05722
CVE-2023-30693,0.00042,0.05722
CVE-2023-30694,0.00042,0.05722
CVE-2023-30695,0.00042,0.05722
CVE-2023-30696,0.00043,0.06775
CVE-2023-30697,0.00043,0.06775
CVE-2023-30698,0.00042,0.05722
CVE-2023-30699,0.00201,0.58107
CVE-2023-3070,0.00045,0.11801
CVE-2023-30700,0.00042,0.05722
CVE-2023-30701,0.00042,0.05722
CVE-2023-30702,0.00042,0.05722
CVE-2023-30703,0.00046,0.12540
CVE-2023-30704,0.00052,0.18120
CVE-2023-30705,0.00042,0.05722
CVE-2023-30706,0.00049,0.14986
CVE-2023-30707,0.00042,0.05722
CVE-2023-30708,0.00068,0.28148
CVE-2023-30709,0.00042,0.05722
CVE-2023-3071,0.00045,0.11801
CVE-2023-30710,0.00042,0.05722
CVE-2023-30711,0.00043,0.06775
CVE-2023-30712,0.00043,0.06775
CVE-2023-30713,0.00042,0.05722
CVE-2023-30714,0.00045,0.12108
CVE-2023-30715,0.00043,0.06775
CVE-2023-30716,0.00043,0.06775
CVE-2023-30717,0.00043,0.06775
CVE-2023-30718,0.00042,0.05722
CVE-2023-30719,0.00042,0.05722
CVE-2023-3072,0.00045,0.11801
CVE-2023-30720,0.00042,0.05722
CVE-2023-30721,0.00042,0.05722
CVE-2023-30722,0.00042,0.05722
CVE-2023-30723,0.00071,0.29268
CVE-2023-30724,0.00043,0.06775
CVE-2023-30725,0.00043,0.06775
CVE-2023-30726,0.00042,0.05722
CVE-2023-30727,0.00048,0.14227
CVE-2023-30728,0.00052,0.17711
CVE-2023-30729,0.00078,0.32127
CVE-2023-3073,0.00045,0.11801
CVE-2023-30730,0.00042,0.05722
CVE-2023-30731,0.00045,0.12108
CVE-2023-30732,0.00042,0.05722
CVE-2023-30733,0.00114,0.44920
CVE-2023-30734,0.00043,0.06775
CVE-2023-30735,0.00042,0.05722
CVE-2023-30736,0.00046,0.12540
CVE-2023-30737,0.00043,0.06775
CVE-2023-30738,0.00042,0.05722
CVE-2023-30739,0.00042,0.05722
CVE-2023-3074,0.00045,0.11801
CVE-2023-30740,0.00048,0.14814
CVE-2023-30741,0.00052,0.17889
CVE-2023-30742,0.00046,0.13740
CVE-2023-30743,0.00046,0.13740
CVE-2023-30744,0.00102,0.41513
CVE-2023-30745,0.00045,0.11801
CVE-2023-30746,0.00045,0.11801
CVE-2023-30747,0.00046,0.13740
CVE-2023-30749,0.00045,0.11801
CVE-2023-3075,0.00048,0.14563
CVE-2023-30750,0.00050,0.16404
CVE-2023-30751,0.00045,0.11801
CVE-2023-30752,0.00045,0.11801
CVE-2023-30753,0.00046,0.13740
CVE-2023-30754,0.00046,0.13740
CVE-2023-30757,0.00043,0.06775
CVE-2023-30758,0.00065,0.27079
CVE-2023-30759,0.00042,0.05722
CVE-2023-3076,0.00106,0.42831
CVE-2023-30760,0.00043,0.06775
CVE-2023-30762,0.00091,0.38380
CVE-2023-30763,0.00043,0.06775
CVE-2023-30764,0.00084,0.34798
CVE-2023-30765,0.00140,0.49672
CVE-2023-30766,0.00091,0.38380
CVE-2023-30768,0.00043,0.06775
CVE-2023-30769,0.00091,0.38380
CVE-2023-3077,0.00211,0.59036
CVE-2023-30770,0.00167,0.53424
CVE-2023-30771,0.05025,0.92140
CVE-2023-30772,0.00050,0.16759
CVE-2023-30774,0.00046,0.13788
CVE-2023-30775,0.00044,0.08085
CVE-2023-30776,0.00063,0.25740
CVE-2023-30777,0.00368,0.69788
CVE-2023-30778,0.00045,0.11801
CVE-2023-30779,0.00046,0.13740
CVE-2023-3078,0.00042,0.05722
CVE-2023-30780,0.00045,0.11801
CVE-2023-30781,0.00046,0.13740
CVE-2023-30782,0.00046,0.13740
CVE-2023-30784,0.00045,0.11801
CVE-2023-30785,0.00046,0.13740
CVE-2023-30786,0.00045,0.11801
CVE-2023-30787,0.00052,0.17702
CVE-2023-30788,0.00052,0.17702
CVE-2023-30789,0.00052,0.17702
CVE-2023-3079,0.00418,0.71552
CVE-2023-30790,0.00052,0.17702
CVE-2023-30791,0.00045,0.11801
CVE-2023-30792,0.00046,0.13740
CVE-2023-30795,0.00050,0.16452
CVE-2023-30796,0.00050,0.16452
CVE-2023-30797,0.00060,0.23760
CVE-2023-30798,0.00106,0.42965
CVE-2023-30799,0.00055,0.20491
CVE-2023-3080,0.00052,0.17889
CVE-2023-30800,0.00065,0.26758
CVE-2023-30801,0.00116,0.45285
CVE-2023-30802,0.00126,0.47192
CVE-2023-30803,0.00300,0.66430
CVE-2023-30804,0.00113,0.44655
CVE-2023-30805,0.01211,0.83839
CVE-2023-30806,0.01211,0.83839
CVE-2023-3081,0.00065,0.26944
CVE-2023-3082,0.00052,0.17889
CVE-2023-3083,0.00050,0.16404
CVE-2023-30837,0.00048,0.14563
CVE-2023-30838,0.00060,0.23697
CVE-2023-30839,0.00074,0.30675
CVE-2023-3084,0.00087,0.36569
CVE-2023-30840,0.00042,0.05722
CVE-2023-30841,0.00043,0.06775
CVE-2023-30843,0.00049,0.14986
CVE-2023-30844,0.00062,0.24558
CVE-2023-30845,0.00119,0.45971
CVE-2023-30846,0.00249,0.62888
CVE-2023-30847,0.00074,0.30516
CVE-2023-30848,0.00060,0.23697
CVE-2023-30849,0.00060,0.23697
CVE-2023-3085,0.00052,0.17638
CVE-2023-30850,0.00060,0.23697
CVE-2023-30851,0.00060,0.23230
CVE-2023-30852,0.00057,0.21296
CVE-2023-30853,0.00054,0.19149
CVE-2023-30854,0.00138,0.49216
CVE-2023-30855,0.00056,0.21181
CVE-2023-30856,0.00083,0.34237
CVE-2023-30857,0.00046,0.13740
CVE-2023-30858,0.00053,0.18664
CVE-2023-30859,0.00106,0.42831
CVE-2023-3086,0.00050,0.16285
CVE-2023-30860,0.00045,0.11801
CVE-2023-30861,0.00100,0.40871
CVE-2023-30863,0.00042,0.05722
CVE-2023-30864,0.00042,0.05722
CVE-2023-30865,0.00042,0.05722
CVE-2023-30866,0.00042,0.05722
CVE-2023-30867,0.00065,0.26771
CVE-2023-30868,0.00069,0.28446
CVE-2023-30869,0.00091,0.38380
CVE-2023-3087,0.00065,0.26944
CVE-2023-30871,0.00046,0.13740
CVE-2023-30872,0.00050,0.16404
CVE-2023-30874,0.00045,0.11801
CVE-2023-30875,0.00045,0.11801
CVE-2023-30876,0.00045,0.11801
CVE-2023-30877,0.00046,0.13740
CVE-2023-3088,0.00052,0.17889
CVE-2023-3089,0.00087,0.36261
CVE-2023-30897,0.00042,0.05722
CVE-2023-30898,0.00092,0.38705
CVE-2023-30899,0.00092,0.38705
CVE-2023-3090,0.00042,0.05722
CVE-2023-30900,0.00050,0.16056
CVE-2023-30901,0.00057,0.21259
CVE-2023-30902,0.00042,0.05722
CVE-2023-30903,0.00043,0.06775
CVE-2023-30904,0.00042,0.05722
CVE-2023-30905,0.00043,0.06775
CVE-2023-30906,0.00043,0.06775
CVE-2023-30908,0.00309,0.66948
CVE-2023-30909,0.00144,0.50271
CVE-2023-3091,0.00043,0.06775
CVE-2023-30910,0.00045,0.11801
CVE-2023-30911,0.00046,0.13740
CVE-2023-30912,0.00508,0.74108
CVE-2023-30913,0.00042,0.05722
CVE-2023-30914,0.00042,0.05722
CVE-2023-30915,0.00042,0.05722
CVE-2023-30916,0.00042,0.05722
CVE-2023-30917,0.00042,0.05722
CVE-2023-30918,0.00042,0.05722
CVE-2023-30919,0.00042,0.05722
CVE-2023-3092,0.00052,0.17889
CVE-2023-30920,0.00042,0.05722
CVE-2023-30921,0.00042,0.05722
CVE-2023-30922,0.00042,0.05722
CVE-2023-30923,0.00042,0.05722
CVE-2023-30924,0.00042,0.05722
CVE-2023-30925,0.00042,0.05722
CVE-2023-30926,0.00042,0.05722
CVE-2023-30927,0.00042,0.05722
CVE-2023-30928,0.00042,0.05722
CVE-2023-30929,0.00042,0.05722
CVE-2023-3093,0.00052,0.17889
CVE-2023-30930,0.00042,0.05722
CVE-2023-30931,0.00042,0.05722
CVE-2023-30932,0.00042,0.05722
CVE-2023-30933,0.00042,0.05722
CVE-2023-30934,0.00042,0.05722
CVE-2023-30935,0.00042,0.05722
CVE-2023-30936,0.00042,0.05722
CVE-2023-30937,0.00042,0.05722
CVE-2023-30938,0.00042,0.05722
CVE-2023-30939,0.00042,0.05722
CVE-2023-3094,0.00063,0.25553
CVE-2023-30940,0.00042,0.05722
CVE-2023-30941,0.00042,0.05722
CVE-2023-30942,0.00042,0.05722
CVE-2023-30943,0.01757,0.86692
CVE-2023-30944,0.00126,0.47119
CVE-2023-30945,0.00091,0.38629
CVE-2023-30946,0.00045,0.11801
CVE-2023-30948,0.00049,0.14986
CVE-2023-30949,0.00046,0.13740
CVE-2023-3095,0.00049,0.14986
CVE-2023-30950,0.00087,0.36261
CVE-2023-30951,0.00049,0.14986
CVE-2023-30952,0.00045,0.11801
CVE-2023-30954,0.00046,0.13740
CVE-2023-30955,0.00045,0.11801
CVE-2023-30956,0.00049,0.14986
CVE-2023-30958,0.00046,0.13740
CVE-2023-30959,0.00045,0.11801
CVE-2023-3096,0.00042,0.05722
CVE-2023-30960,0.00045,0.11801
CVE-2023-30961,0.00046,0.13740
CVE-2023-30962,0.00045,0.11801
CVE-2023-30963,0.00045,0.11801
CVE-2023-30967,0.00096,0.39850
CVE-2023-30969,0.00046,0.13740
CVE-2023-3097,0.00046,0.12693
CVE-2023-30970,0.00043,0.06775
CVE-2023-3098,0.00042,0.05722
CVE-2023-30985,0.00050,0.16406
CVE-2023-30986,0.00151,0.51319
CVE-2023-30987,0.00074,0.30542
CVE-2023-30988,0.00042,0.05722
CVE-2023-30989,0.00042,0.05722
CVE-2023-3099,0.00042,0.05722
CVE-2023-30990,0.00088,0.37097
CVE-2023-30991,0.00074,0.30542
CVE-2023-30993,0.00074,0.30453
CVE-2023-30994,0.00074,0.30453
CVE-2023-30995,0.00080,0.33248
CVE-2023-3100,0.00063,0.25553
CVE-2023-31001,0.00042,0.05722
CVE-2023-31003,0.00042,0.05722
CVE-2023-31007,0.00063,0.25063
CVE-2023-31008,0.00042,0.05722
CVE-2023-31009,0.00174,0.54624
CVE-2023-31010,0.00048,0.14657
CVE-2023-31011,0.00048,0.14657
CVE-2023-31012,0.00048,0.14657
CVE-2023-31013,0.00048,0.14657
CVE-2023-31014,0.00042,0.05722
CVE-2023-31015,0.00045,0.11981
CVE-2023-31016,0.00055,0.20747
CVE-2023-31017,0.00042,0.05722
CVE-2023-31018,0.00043,0.06775
CVE-2023-31019,0.00043,0.06775
CVE-2023-3102,0.00046,0.13740
CVE-2023-31020,0.00043,0.06775
CVE-2023-31021,0.00043,0.06775
CVE-2023-31022,0.00043,0.06775
CVE-2023-31023,0.00043,0.06775
CVE-2023-31024,0.00119,0.45976
CVE-2023-31025,0.00087,0.36261
CVE-2023-31026,0.00043,0.06775
CVE-2023-31027,0.00043,0.06775
CVE-2023-31029,0.00119,0.45976
CVE-2023-3103,0.00046,0.12547
CVE-2023-31030,0.00119,0.45976
CVE-2023-31031,0.00042,0.05722
CVE-2023-31032,0.00043,0.06775
CVE-2023-31033,0.00079,0.33116
CVE-2023-31034,0.00042,0.05722
CVE-2023-31035,0.00042,0.05722
CVE-2023-31036,0.00057,0.21337
CVE-2023-31037,0.00055,0.20329
CVE-2023-31038,0.00091,0.38382
CVE-2023-31039,0.00348,0.68857
CVE-2023-3104,0.00055,0.20564
CVE-2023-31041,0.00087,0.36261
CVE-2023-31042,0.00044,0.10862
CVE-2023-31043,0.00060,0.23760
CVE-2023-31045,0.00045,0.11801
CVE-2023-31046,0.00058,0.21568
CVE-2023-31047,0.00127,0.47320
CVE-2023-31048,0.00052,0.17989
CVE-2023-3105,0.00050,0.16285
CVE-2023-31056,0.00049,0.14986
CVE-2023-31058,0.00114,0.44900
CVE-2023-31059,0.00531,0.74682
CVE-2023-3106,0.00042,0.05722
CVE-2023-31060,0.00106,0.42831
CVE-2023-31061,0.00058,0.21913
CVE-2023-31062,0.02566,0.89182
CVE-2023-31064,0.00125,0.47077
CVE-2023-31065,0.00226,0.60956
CVE-2023-31066,0.00125,0.47077
CVE-2023-31067,0.01585,0.86014
CVE-2023-31068,0.00799,0.79817
CVE-2023-31069,0.00799,0.79817
CVE-2023-3107,0.00046,0.13740
CVE-2023-31071,0.00046,0.13740
CVE-2023-31072,0.00046,0.13740
CVE-2023-31074,0.00046,0.13740
CVE-2023-31075,0.00058,0.21913
CVE-2023-31076,0.00046,0.13740
CVE-2023-31077,0.00058,0.21913
CVE-2023-31078,0.00058,0.21913
CVE-2023-31079,0.00045,0.11801
CVE-2023-3108,0.00042,0.05722
CVE-2023-31081,0.00043,0.06775
CVE-2023-31082,0.00043,0.06775
CVE-2023-31083,0.00043,0.06775
CVE-2023-31084,0.00042,0.05722
CVE-2023-31085,0.00043,0.06775
CVE-2023-31086,0.00058,0.21913
CVE-2023-31087,0.00058,0.21913
CVE-2023-31088,0.00058,0.21913
CVE-2023-31089,0.00058,0.21913
CVE-2023-3109,0.00045,0.11801
CVE-2023-31091,0.00045,0.11801
CVE-2023-31092,0.00050,0.16404
CVE-2023-31093,0.00058,0.21913
CVE-2023-31094,0.00046,0.13740
CVE-2023-31095,0.00046,0.13740
CVE-2023-31096,0.00042,0.05722
CVE-2023-31098,0.02566,0.89182
CVE-2023-31099,0.00176,0.54824
CVE-2023-3110,0.00055,0.20747
CVE-2023-31100,0.00043,0.06775
CVE-2023-31101,0.00065,0.26771
CVE-2023-31102,0.00048,0.14349
CVE-2023-31103,0.00125,0.47077
CVE-2023-3111,0.00042,0.05722
CVE-2023-31114,0.00071,0.29268
CVE-2023-31115,0.00048,0.14227
CVE-2023-31116,0.00071,0.29268
CVE-2023-3112,0.00042,0.05722
CVE-2023-31122,0.00759,0.79219
CVE-2023-31123,0.00084,0.34630
CVE-2023-31124,0.00052,0.17598
CVE-2023-31125,0.00068,0.28363
CVE-2023-31126,0.00068,0.28208
CVE-2023-31127,0.00060,0.23697
CVE-2023-31128,0.00105,0.42682
CVE-2023-31129,0.00088,0.37068
CVE-2023-3113,0.00087,0.36261
CVE-2023-31130,0.00042,0.05722
CVE-2023-31131,0.00075,0.30975
CVE-2023-31132,0.00060,0.23520
CVE-2023-31133,0.00064,0.26487
CVE-2023-31134,0.00054,0.19423
CVE-2023-31135,0.00054,0.19452
CVE-2023-31136,0.00113,0.44727
CVE-2023-31137,0.00126,0.47151
CVE-2023-31138,0.00059,0.22969
CVE-2023-31139,0.00060,0.23383
CVE-2023-3114,0.00049,0.14986
CVE-2023-31140,0.00086,0.35775
CVE-2023-31141,0.00087,0.36261
CVE-2023-31142,0.00046,0.13740
CVE-2023-31143,0.00091,0.38380
CVE-2023-31144,0.00046,0.13740
CVE-2023-31145,0.00046,0.13740
CVE-2023-31146,0.00048,0.14563
CVE-2023-31147,0.00052,0.17598
CVE-2023-31148,0.00092,0.38738
CVE-2023-31149,0.00092,0.38738
CVE-2023-3115,0.00045,0.11801
CVE-2023-31150,0.00049,0.14986
CVE-2023-31151,0.00070,0.29099
CVE-2023-31152,0.00050,0.16285
CVE-2023-31153,0.00048,0.14756
CVE-2023-31154,0.00048,0.14756
CVE-2023-31155,0.00048,0.14756
CVE-2023-31156,0.00048,0.14756
CVE-2023-31157,0.00048,0.14756
CVE-2023-31158,0.00048,0.14756
CVE-2023-31159,0.00048,0.14756
CVE-2023-3116,0.00042,0.05722
CVE-2023-31160,0.00048,0.14756
CVE-2023-31161,0.00074,0.30656
CVE-2023-31162,0.00056,0.21111
CVE-2023-31163,0.00048,0.14756
CVE-2023-31164,0.00048,0.14756
CVE-2023-31165,0.00048,0.14756
CVE-2023-31166,0.00056,0.21111
CVE-2023-31167,0.00050,0.15975
CVE-2023-31168,0.00048,0.14563
CVE-2023-31169,0.00046,0.12619
CVE-2023-31170,0.00048,0.14563
CVE-2023-31171,0.00048,0.14563
CVE-2023-31172,0.00048,0.14563
CVE-2023-31173,0.00053,0.19001
CVE-2023-31174,0.00048,0.14563
CVE-2023-31175,0.00134,0.48641
CVE-2023-31176,0.00147,0.50724
CVE-2023-31177,0.00050,0.16906
CVE-2023-31178,0.00057,0.21548
CVE-2023-31179,0.00090,0.37805
CVE-2023-3118,0.00046,0.13740
CVE-2023-31180,0.00046,0.13740
CVE-2023-31181,0.00090,0.37805
CVE-2023-31182,0.00091,0.38380
CVE-2023-31183,0.00046,0.13740
CVE-2023-31184,0.00043,0.06775
CVE-2023-31185,0.00087,0.36261
CVE-2023-31186,0.00046,0.13740
CVE-2023-31187,0.00049,0.14986
CVE-2023-31188,0.00051,0.17456
CVE-2023-3119,0.00061,0.24091
CVE-2023-31190,0.00060,0.23614
CVE-2023-31191,0.00045,0.12108
CVE-2023-31192,0.00048,0.14310
CVE-2023-31193,0.00087,0.36261
CVE-2023-31194,0.00053,0.19001
CVE-2023-31195,0.00085,0.35522
CVE-2023-31196,0.00105,0.42431
CVE-2023-31197,0.00043,0.06775
CVE-2023-31198,0.00089,0.37220
CVE-2023-31199,0.00043,0.06775
CVE-2023-3120,0.00065,0.27053
CVE-2023-31200,0.00049,0.15807
CVE-2023-31203,0.00052,0.17889
CVE-2023-31206,0.00125,0.47077
CVE-2023-31207,0.00043,0.06775
CVE-2023-31208,0.00054,0.19351
CVE-2023-31209,0.00054,0.19351
CVE-2023-3121,0.00062,0.24383
CVE-2023-31210,0.00043,0.06775
CVE-2023-31211,0.00046,0.12619
CVE-2023-31212,0.00076,0.31600
CVE-2023-31213,0.00045,0.11801
CVE-2023-31215,0.00050,0.16285
CVE-2023-31216,0.00058,0.21913
CVE-2023-31217,0.00045,0.11801
CVE-2023-31218,0.00046,0.13740
CVE-2023-31219,0.00069,0.28584
CVE-2023-3122,0.00052,0.17889
CVE-2023-31220,0.00046,0.13740
CVE-2023-31221,0.00045,0.11801
CVE-2023-31222,0.00052,0.17780
CVE-2023-31223,0.00045,0.11801
CVE-2023-31224,0.00091,0.38380
CVE-2023-31225,0.00044,0.10345
CVE-2023-31226,0.00087,0.36261
CVE-2023-31227,0.00087,0.36261
CVE-2023-31228,0.00045,0.11801
CVE-2023-31229,0.00046,0.13740
CVE-2023-31230,0.00046,0.13740
CVE-2023-31231,0.00046,0.12619
CVE-2023-31232,0.00045,0.11801
CVE-2023-31233,0.00045,0.11801
CVE-2023-31235,0.00058,0.21913
CVE-2023-31236,0.00045,0.11801
CVE-2023-31237,0.00046,0.13740
CVE-2023-31238,0.00046,0.13740
CVE-2023-31239,0.00055,0.20747
CVE-2023-3124,0.00050,0.16285
CVE-2023-31240,0.00091,0.38380
CVE-2023-31241,0.00091,0.38380
CVE-2023-31242,0.00128,0.47406
CVE-2023-31244,0.00053,0.18447
CVE-2023-31245,0.00046,0.13740
CVE-2023-31246,0.00043,0.06775
CVE-2023-31247,0.00137,0.49183
CVE-2023-31248,0.00045,0.12491
CVE-2023-3125,0.00050,0.16819
CVE-2023-31250,0.00049,0.14986
CVE-2023-3126,0.00049,0.15805
CVE-2023-3127,0.00102,0.41513
CVE-2023-31272,0.00088,0.37081
CVE-2023-31273,0.00102,0.41513
CVE-2023-31274,0.00052,0.17889
CVE-2023-31275,0.00095,0.39680
CVE-2023-31277,0.00087,0.36261
CVE-2023-31278,0.00053,0.18307
CVE-2023-3128,0.00100,0.40849
CVE-2023-31284,0.00042,0.05722
CVE-2023-31285,0.00052,0.17989
CVE-2023-31286,0.00052,0.17989
CVE-2023-31287,0.00042,0.05722
CVE-2023-31289,0.00080,0.33312
CVE-2023-3129,0.00045,0.11801
CVE-2023-31290,0.00054,0.19372
CVE-2023-31292,0.00042,0.05722
CVE-2023-31293,0.00059,0.23052
CVE-2023-31294,0.00089,0.37316
CVE-2023-31295,0.00089,0.37316
CVE-2023-31296,0.00046,0.13740
CVE-2023-31297,0.00045,0.11801
CVE-2023-31298,0.00052,0.17688
CVE-2023-31299,0.00064,0.26154
CVE-2023-3130,0.00045,0.11801
CVE-2023-31300,0.00103,0.41798
CVE-2023-31301,0.00064,0.26154
CVE-2023-31302,0.00064,0.26154
CVE-2023-3131,0.00045,0.11801
CVE-2023-3132,0.00117,0.45556
CVE-2023-31320,0.00046,0.13740
CVE-2023-3133,0.00104,0.42019
CVE-2023-3134,0.00046,0.13740
CVE-2023-3135,0.00052,0.17889
CVE-2023-3136,0.00052,0.17889
CVE-2023-3138,0.00047,0.14190
CVE-2023-3139,0.00046,0.13740
CVE-2023-3140,0.00046,0.13740
CVE-2023-31403,0.00043,0.06775
CVE-2023-31404,0.00045,0.11801
CVE-2023-31405,0.00052,0.17889
CVE-2023-31406,0.00052,0.17889
CVE-2023-31407,0.00045,0.11801
CVE-2023-31408,0.00096,0.39785
CVE-2023-31409,0.00094,0.39277
CVE-2023-3141,0.00042,0.05722
CVE-2023-31410,0.00057,0.21375
CVE-2023-31411,0.00070,0.29078
CVE-2023-31412,0.00064,0.26487
CVE-2023-31413,0.00043,0.06775
CVE-2023-31414,0.00054,0.19314
CVE-2023-31415,0.00054,0.19314
CVE-2023-31416,0.00046,0.13740
CVE-2023-31417,0.00045,0.12069
CVE-2023-31418,0.00066,0.27598
CVE-2023-31419,0.00081,0.33791
CVE-2023-3142,0.00045,0.11801
CVE-2023-31421,0.00059,0.22950
CVE-2023-31422,0.00087,0.36261
CVE-2023-31423,0.00042,0.05722
CVE-2023-31424,0.00190,0.56598
CVE-2023-31425,0.00042,0.05844
CVE-2023-31426,0.00058,0.21574
CVE-2023-31427,0.00044,0.07794
CVE-2023-31428,0.00042,0.05722
CVE-2023-31429,0.00043,0.06775
CVE-2023-3143,0.00051,0.17093
CVE-2023-31430,0.00043,0.06775
CVE-2023-31431,0.00043,0.06775
CVE-2023-31432,0.00043,0.06775
CVE-2023-31433,0.00050,0.16285
CVE-2023-31434,0.00045,0.11801
CVE-2023-31435,0.00050,0.16404
CVE-2023-31436,0.00042,0.05722
CVE-2023-31437,0.00063,0.25385
CVE-2023-31438,0.00063,0.25037
CVE-2023-31439,0.00063,0.25037
CVE-2023-3144,0.00051,0.17093
CVE-2023-31441,0.00044,0.08085
CVE-2023-31442,0.00046,0.13740
CVE-2023-31444,0.00087,0.36261
CVE-2023-31445,0.00052,0.18014
CVE-2023-31446,0.00066,0.27223
CVE-2023-31447,0.00134,0.48641
CVE-2023-31448,0.00046,0.12703
CVE-2023-31449,0.00046,0.12703
CVE-2023-3145,0.00061,0.24091
CVE-2023-31450,0.00046,0.12703
CVE-2023-31452,0.00076,0.31205
CVE-2023-31453,0.00125,0.47077
CVE-2023-31454,0.00125,0.47077
CVE-2023-31455,0.00080,0.33312
CVE-2023-31457,0.00142,0.49931
CVE-2023-31458,0.00102,0.41513
CVE-2023-31459,0.00055,0.20570
CVE-2023-3146,0.00061,0.24091
CVE-2023-31460,0.00048,0.14225
CVE-2023-31461,0.00070,0.29106
CVE-2023-31462,0.00055,0.20491
CVE-2023-31465,0.00841,0.80333
CVE-2023-31466,0.00045,0.11801
CVE-2023-31468,0.00053,0.18315
CVE-2023-31469,0.00065,0.26887
CVE-2023-3147,0.00061,0.24091
CVE-2023-31470,0.00087,0.36569
CVE-2023-31471,0.00106,0.42831
CVE-2023-31472,0.00052,0.18000
CVE-2023-31473,0.00055,0.20392
CVE-2023-31474,0.00084,0.34921
CVE-2023-31475,0.00068,0.28208
CVE-2023-31476,0.00047,0.14202
CVE-2023-31477,0.00087,0.35961
CVE-2023-31478,0.00084,0.34921
CVE-2023-3148,0.00061,0.24091
CVE-2023-31483,0.00048,0.14771
CVE-2023-31484,0.00207,0.58682
CVE-2023-31485,0.00115,0.45160
CVE-2023-31486,0.00240,0.62102
CVE-2023-31488,0.00134,0.48641
CVE-2023-31489,0.00071,0.29206
CVE-2023-3149,0.00061,0.24091
CVE-2023-31490,0.00307,0.66830
CVE-2023-31492,0.00068,0.27987
CVE-2023-31497,0.00043,0.06775
CVE-2023-31498,0.00706,0.78363
CVE-2023-3150,0.00061,0.24091
CVE-2023-31502,0.00107,0.43009
CVE-2023-3151,0.00061,0.24091
CVE-2023-31517,0.00046,0.13740
CVE-2023-31518,0.00044,0.08085
CVE-2023-31519,0.00076,0.31600
CVE-2023-3152,0.00061,0.24091
CVE-2023-31528,0.00048,0.14225
CVE-2023-31529,0.00048,0.14225
CVE-2023-3153,0.00080,0.33414
CVE-2023-31530,0.00048,0.14225
CVE-2023-31531,0.00048,0.14225
CVE-2023-3154,0.00085,0.35402
CVE-2023-31541,0.00063,0.25553
CVE-2023-31543,0.00154,0.51716
CVE-2023-31544,0.00045,0.11801
CVE-2023-31546,0.00087,0.36569
CVE-2023-31548,0.00078,0.32091
CVE-2023-3155,0.00050,0.16285
CVE-2023-31555,0.00046,0.13740
CVE-2023-31556,0.00046,0.13740
CVE-2023-31566,0.00087,0.36569
CVE-2023-31567,0.00087,0.36569
CVE-2023-31568,0.00087,0.36569
CVE-2023-31569,0.00711,0.78459
CVE-2023-31572,0.00050,0.16285
CVE-2023-31576,0.00055,0.20491
CVE-2023-31579,0.00091,0.38380
CVE-2023-3158,0.00052,0.17889
CVE-2023-31580,0.00084,0.34921
CVE-2023-31581,0.00106,0.42831
CVE-2023-31582,0.00048,0.14563
CVE-2023-31584,0.00046,0.13740
CVE-2023-31587,0.00420,0.71601
CVE-2023-3159,0.00042,0.05722
CVE-2023-31594,0.00084,0.34921
CVE-2023-31595,0.00084,0.34921
CVE-2023-31597,0.00046,0.13740
CVE-2023-3160,0.00046,0.12677
CVE-2023-31606,0.00055,0.20401
CVE-2023-31607,0.00046,0.13740
CVE-2023-31608,0.00046,0.13740
CVE-2023-31609,0.00046,0.13740
CVE-2023-3161,0.00043,0.06775
CVE-2023-31610,0.00046,0.13740
CVE-2023-31611,0.00046,0.13740
CVE-2023-31612,0.00046,0.13740
CVE-2023-31613,0.00046,0.13740
CVE-2023-31614,0.00046,0.13740
CVE-2023-31615,0.00046,0.13740
CVE-2023-31616,0.00046,0.13740
CVE-2023-31617,0.00046,0.13740
CVE-2023-31618,0.00046,0.13740
CVE-2023-31619,0.00046,0.13740
CVE-2023-3162,0.00078,0.32745
CVE-2023-31620,0.00046,0.13740
CVE-2023-31621,0.00046,0.13740
CVE-2023-31622,0.00046,0.13740
CVE-2023-31623,0.00046,0.13740
CVE-2023-31624,0.00046,0.13740
CVE-2023-31625,0.00046,0.13740
CVE-2023-31626,0.00046,0.13740
CVE-2023-31627,0.00046,0.13740
CVE-2023-31628,0.00046,0.13740
CVE-2023-31629,0.00046,0.13740
CVE-2023-3163,0.00049,0.15801
CVE-2023-31630,0.00046,0.13740
CVE-2023-31631,0.00046,0.13740
CVE-2023-3164,0.00044,0.08085
CVE-2023-3165,0.00052,0.17989
CVE-2023-31654,0.00106,0.42831
CVE-2023-31655,0.00046,0.13740
CVE-2023-3166,0.00052,0.17889
CVE-2023-31664,0.00052,0.17989
CVE-2023-31669,0.00044,0.10345
CVE-2023-3167,0.00052,0.17889
CVE-2023-31670,0.00046,0.13740
CVE-2023-31671,0.00076,0.31600
CVE-2023-31672,0.00076,0.31600
CVE-2023-31677,0.00084,0.34921
CVE-2023-31678,0.00046,0.13740
CVE-2023-31679,0.00084,0.34921
CVE-2023-3168,0.00052,0.17889
CVE-2023-31689,0.00143,0.50070
CVE-2023-3169,0.00097,0.40301
CVE-2023-31698,0.00067,0.27819
CVE-2023-31699,0.00089,0.37186
CVE-2023-3170,0.00045,0.11801
CVE-2023-31700,0.00151,0.51297
CVE-2023-31701,0.00151,0.51297
CVE-2023-31702,0.00169,0.53848
CVE-2023-31703,0.00195,0.57478
CVE-2023-31704,0.00201,0.58004
CVE-2023-31705,0.00045,0.11801
CVE-2023-31707,0.00076,0.31600
CVE-2023-31708,0.00046,0.13740
CVE-2023-3171,0.00362,0.69495
CVE-2023-31710,0.00050,0.16819
CVE-2023-31714,0.00475,0.73207
CVE-2023-31716,0.00086,0.35806
CVE-2023-31717,0.00064,0.26487
CVE-2023-31718,0.00064,0.26487
CVE-2023-31719,0.00063,0.25553
CVE-2023-3172,0.00100,0.40924
CVE-2023-31722,0.00053,0.19001
CVE-2023-31723,0.00044,0.10345
CVE-2023-31724,0.00063,0.25756
CVE-2023-31725,0.00044,0.10345
CVE-2023-31726,0.00088,0.36698
CVE-2023-31729,0.01132,0.83192
CVE-2023-3173,0.00087,0.36569
CVE-2023-31740,0.00379,0.70185
CVE-2023-31741,0.00379,0.70185
CVE-2023-31742,0.00379,0.70185
CVE-2023-31746,0.00065,0.26871
CVE-2023-31747,0.00052,0.18001
CVE-2023-31748,0.00052,0.18054
CVE-2023-3175,0.00045,0.11801
CVE-2023-31752,0.00076,0.31600
CVE-2023-31753,0.00076,0.31600
CVE-2023-31754,0.00045,0.11801
CVE-2023-31756,0.00069,0.28596
CVE-2023-31757,0.00045,0.11801
CVE-2023-31759,0.00053,0.19001
CVE-2023-3176,0.00061,0.24091
CVE-2023-31761,0.00053,0.19001
CVE-2023-31762,0.00053,0.19001
CVE-2023-31763,0.00053,0.19001
CVE-2023-3177,0.00061,0.24091
CVE-2023-31779,0.00045,0.11801
CVE-2023-3178,0.00046,0.13740
CVE-2023-3179,0.00087,0.36569
CVE-2023-31794,0.00044,0.08085
CVE-2023-31799,0.00044,0.07751
CVE-2023-3180,0.00042,0.05722
CVE-2023-31800,0.00044,0.07751
CVE-2023-31801,0.00045,0.12234
CVE-2023-31802,0.00044,0.07751
CVE-2023-31803,0.00044,0.07751
CVE-2023-31804,0.00044,0.07751
CVE-2023-31805,0.00044,0.07751
CVE-2023-31806,0.00044,0.07751
CVE-2023-31807,0.00044,0.07751
CVE-2023-31808,0.00050,0.16285
CVE-2023-3181,0.00043,0.06775
CVE-2023-31814,0.00085,0.35470
CVE-2023-31816,0.00046,0.13740
CVE-2023-31818,0.00118,0.45827
CVE-2023-31819,0.00117,0.45507
CVE-2023-3182,0.00046,0.13740
CVE-2023-31820,0.00116,0.45349
CVE-2023-31821,0.00116,0.45349
CVE-2023-31822,0.00116,0.45349
CVE-2023-31823,0.00116,0.45349
CVE-2023-31824,0.00144,0.50210
CVE-2023-31825,0.00116,0.45349
CVE-2023-31826,0.00042,0.05722
CVE-2023-3183,0.00051,0.17093
CVE-2023-3184,0.00098,0.40548
CVE-2023-31842,0.00050,0.16285
CVE-2023-31843,0.00050,0.16285
CVE-2023-31844,0.00050,0.16285
CVE-2023-31845,0.00050,0.16285
CVE-2023-31847,0.00049,0.14986
CVE-2023-31848,0.00050,0.16285
CVE-2023-31851,0.00046,0.13740
CVE-2023-31852,0.00046,0.13740
CVE-2023-31853,0.00046,0.13740
CVE-2023-31856,0.00422,0.71682
CVE-2023-31857,0.00303,0.66602
CVE-2023-3186,0.00106,0.42831
CVE-2023-31860,0.00045,0.11801
CVE-2023-31861,0.00087,0.35961
CVE-2023-31862,0.00045,0.11801
CVE-2023-31867,0.00050,0.16285
CVE-2023-31868,0.00045,0.11801
CVE-2023-3187,0.00167,0.53431
CVE-2023-31871,0.00043,0.06775
CVE-2023-31873,0.00053,0.18566
CVE-2023-31874,0.00125,0.46866
CVE-2023-3188,0.00046,0.13740
CVE-2023-3189,0.00052,0.17770
CVE-2023-31890,0.00073,0.30259
CVE-2023-31893,0.00045,0.12348
CVE-2023-3190,0.00045,0.11801
CVE-2023-31902,0.03629,0.90803
CVE-2023-31903,0.00707,0.78367
CVE-2023-31904,0.00890,0.80884
CVE-2023-31906,0.00053,0.19001
CVE-2023-31907,0.00053,0.19001
CVE-2023-31908,0.00053,0.19001
CVE-2023-3191,0.00045,0.11801
CVE-2023-31910,0.00053,0.19001
CVE-2023-31913,0.00044,0.10345
CVE-2023-31914,0.00044,0.10345
CVE-2023-31916,0.00044,0.10345
CVE-2023-31918,0.00044,0.10345
CVE-2023-31919,0.00044,0.10345
CVE-2023-3192,0.00045,0.11801
CVE-2023-31920,0.00044,0.10345
CVE-2023-31921,0.00044,0.10345
CVE-2023-31922,0.00046,0.13740
CVE-2023-31923,0.00050,0.16285
CVE-2023-31925,0.00049,0.14986
CVE-2023-31926,0.00043,0.06775
CVE-2023-31927,0.00073,0.30201
CVE-2023-31928,0.00063,0.25005
CVE-2023-3193,0.00059,0.23047
CVE-2023-31932,0.00060,0.23735
CVE-2023-31933,0.00060,0.23735
CVE-2023-31934,0.00052,0.17702
CVE-2023-31935,0.00056,0.21014
CVE-2023-31936,0.00060,0.23735
CVE-2023-31937,0.00060,0.23735
CVE-2023-31938,0.00060,0.23735
CVE-2023-31939,0.00060,0.23735
CVE-2023-31940,0.00060,0.23735
CVE-2023-31941,0.00116,0.45272
CVE-2023-31942,0.00052,0.17688
CVE-2023-31943,0.00060,0.23735
CVE-2023-31944,0.00060,0.23735
CVE-2023-31945,0.00060,0.23735
CVE-2023-31946,0.00116,0.45272
CVE-2023-3195,0.00053,0.18877
CVE-2023-3196,0.00045,0.11801
CVE-2023-3197,0.00087,0.35965
CVE-2023-31972,0.00044,0.10345
CVE-2023-31973,0.00044,0.10345
CVE-2023-31974,0.00044,0.10345
CVE-2023-31975,0.00066,0.27305
CVE-2023-31976,0.00087,0.36569
CVE-2023-31979,0.00053,0.19001
CVE-2023-3198,0.00065,0.26944
CVE-2023-31981,0.00053,0.19001
CVE-2023-31982,0.00053,0.19001
CVE-2023-31983,0.00164,0.53076
CVE-2023-31985,0.00164,0.53076
CVE-2023-31986,0.00164,0.53076
CVE-2023-3199,0.00065,0.26944
CVE-2023-31994,0.00046,0.13740
CVE-2023-31995,0.00045,0.11801
CVE-2023-31996,0.00048,0.14225
CVE-2023-31997,0.00043,0.06775
CVE-2023-31998,0.00046,0.13740
CVE-2023-31999,0.00055,0.20387
CVE-2023-3200,0.00065,0.26944
CVE-2023-32000,0.00045,0.11801
CVE-2023-32002,0.00091,0.38380
CVE-2023-32003,0.00053,0.18479
CVE-2023-32004,0.00065,0.26875
CVE-2023-32005,0.00083,0.34344
CVE-2023-32006,0.00066,0.27612
CVE-2023-32007,0.00357,0.69295
CVE-2023-32008,0.00125,0.46890
CVE-2023-32009,0.00251,0.63139
CVE-2023-3201,0.00065,0.26944
CVE-2023-32010,0.00054,0.19472
CVE-2023-32011,0.00105,0.42419
CVE-2023-32012,0.00044,0.08140
CVE-2023-32013,0.00146,0.50506
CVE-2023-32014,0.02604,0.89266
CVE-2023-32015,0.02604,0.89266
CVE-2023-32016,0.00044,0.08005
CVE-2023-32017,0.00067,0.27772
CVE-2023-32018,0.00125,0.46890
CVE-2023-32019,0.04877,0.92020
CVE-2023-3202,0.00065,0.26944
CVE-2023-32020,0.00063,0.25174
CVE-2023-32021,0.00100,0.40824
CVE-2023-32022,0.00100,0.40824
CVE-2023-32024,0.00048,0.14361
CVE-2023-32025,0.00125,0.46890
CVE-2023-32026,0.00125,0.46890
CVE-2023-32027,0.00125,0.46890
CVE-2023-32028,0.00125,0.46890
CVE-2023-32029,0.00125,0.46890
CVE-2023-3203,0.00065,0.26944
CVE-2023-32030,0.00105,0.42419
CVE-2023-32031,0.14336,0.95243
CVE-2023-32032,0.00123,0.46594
CVE-2023-32033,0.00213,0.59285
CVE-2023-32034,0.00147,0.50628
CVE-2023-32035,0.00147,0.50628
CVE-2023-32037,0.00052,0.17595
CVE-2023-32038,0.19307,0.95855
CVE-2023-32039,0.00044,0.08140
CVE-2023-32040,0.00044,0.08140
CVE-2023-32041,0.00044,0.08140
CVE-2023-32042,0.00114,0.44870
CVE-2023-32043,0.00104,0.42251
CVE-2023-32044,0.00147,0.50628
CVE-2023-32045,0.00147,0.50628
CVE-2023-32046,0.00115,0.45159
CVE-2023-32047,0.00113,0.44762
CVE-2023-32049,0.00961,0.81657
CVE-2023-3205,0.00044,0.10862
CVE-2023-32050,0.00045,0.11972
CVE-2023-32051,0.00113,0.44762
CVE-2023-32052,0.00070,0.28972
CVE-2023-32053,0.00044,0.10457
CVE-2023-32054,0.00043,0.07728
CVE-2023-32055,0.00048,0.14284
CVE-2023-32056,0.00116,0.45329
CVE-2023-32057,0.08402,0.93832
CVE-2023-32058,0.00046,0.13740
CVE-2023-32059,0.00048,0.14563
CVE-2023-3206,0.00048,0.14837
CVE-2023-32060,0.00049,0.14986
CVE-2023-32061,0.00046,0.13740
CVE-2023-32062,0.00053,0.18896
CVE-2023-32063,0.00053,0.18896
CVE-2023-32064,0.00045,0.11801
CVE-2023-32065,0.00046,0.13740
CVE-2023-32066,0.00045,0.11801
CVE-2023-32067,0.00082,0.34075
CVE-2023-32068,0.00105,0.42471
CVE-2023-32069,0.00063,0.25209
CVE-2023-32070,0.00052,0.17989
CVE-2023-32071,0.00096,0.39851
CVE-2023-32072,0.00060,0.23650
CVE-2023-32073,0.00111,0.44255
CVE-2023-32074,0.00068,0.28208
CVE-2023-32075,0.00060,0.23713
CVE-2023-32076,0.00045,0.12069
CVE-2023-32077,0.00060,0.23760
CVE-2023-32078,0.00054,0.19490
CVE-2023-32079,0.00050,0.16285
CVE-2023-3208,0.00061,0.24091
CVE-2023-32080,0.00060,0.23697
CVE-2023-32081,0.00044,0.10729
CVE-2023-32082,0.00052,0.18012
CVE-2023-32083,0.00045,0.12365
CVE-2023-32084,0.00100,0.40934
CVE-2023-32085,0.00044,0.08140
CVE-2023-32087,0.00046,0.13740
CVE-2023-32088,0.00046,0.13740
CVE-2023-32089,0.00046,0.13740
CVE-2023-3209,0.00045,0.11801
CVE-2023-32090,0.00091,0.38380
CVE-2023-32091,0.00058,0.21913
CVE-2023-32092,0.00058,0.21913
CVE-2023-32093,0.00058,0.21913
CVE-2023-32095,0.00049,0.15052
CVE-2023-32096,0.00087,0.36261
CVE-2023-32097,0.00087,0.36261
CVE-2023-32098,0.00087,0.36261
CVE-2023-32099,0.00087,0.36261
CVE-2023-3210,0.00044,0.10862
CVE-2023-32100,0.00087,0.36261
CVE-2023-32101,0.00046,0.13740
CVE-2023-32102,0.00045,0.11801
CVE-2023-32103,0.00045,0.11801
CVE-2023-32104,0.00048,0.14563
CVE-2023-32105,0.00046,0.13740
CVE-2023-32106,0.00046,0.13740
CVE-2023-32107,0.00046,0.13740
CVE-2023-32108,0.00046,0.13740
CVE-2023-32109,0.00046,0.13740
CVE-2023-3211,0.00373,0.69954
CVE-2023-32111,0.00046,0.13740
CVE-2023-32112,0.00043,0.06775
CVE-2023-32113,0.00091,0.38380
CVE-2023-32114,0.00044,0.10862
CVE-2023-32115,0.00043,0.06775
CVE-2023-32116,0.00045,0.11801
CVE-2023-32118,0.00046,0.13740
CVE-2023-32119,0.00046,0.13740
CVE-2023-3212,0.00042,0.05722
CVE-2023-32121,0.00050,0.16285
CVE-2023-32122,0.00046,0.13740
CVE-2023-32123,0.00046,0.13740
CVE-2023-32124,0.00058,0.21913
CVE-2023-32125,0.00058,0.21913
CVE-2023-32128,0.00050,0.16285
CVE-2023-3213,0.00052,0.17889
CVE-2023-32130,0.00045,0.11801
CVE-2023-3214,0.00229,0.61122
CVE-2023-3215,0.00192,0.56849
CVE-2023-3216,0.00229,0.61122
CVE-2023-32162,0.00045,0.12491
CVE-2023-32163,0.00045,0.12491
CVE-2023-3217,0.00198,0.57713
CVE-2023-3218,0.00046,0.12619
CVE-2023-32181,0.00046,0.13740
CVE-2023-32182,0.00043,0.06775
CVE-2023-32183,0.00043,0.06775
CVE-2023-32184,0.00055,0.20747
CVE-2023-32186,0.00046,0.13740
CVE-2023-32187,0.00046,0.13740
CVE-2023-3219,0.17304,0.95647
CVE-2023-3220,0.00043,0.06775
CVE-2023-32200,0.00156,0.52027
CVE-2023-32201,0.00055,0.20747
CVE-2023-32202,0.00050,0.16285
CVE-2023-32203,0.00053,0.18307
CVE-2023-32204,0.00043,0.06775
CVE-2023-32205,0.00071,0.29183
CVE-2023-32206,0.00065,0.27129
CVE-2023-32207,0.00110,0.44063
CVE-2023-32208,0.00052,0.17989
CVE-2023-32209,0.00053,0.18664
CVE-2023-3221,0.00073,0.30005
CVE-2023-32210,0.00054,0.19490
CVE-2023-32211,0.00066,0.27309
CVE-2023-32212,0.00055,0.20640
CVE-2023-32213,0.00084,0.34981
CVE-2023-32214,0.00076,0.31201
CVE-2023-32215,0.00080,0.33327
CVE-2023-32216,0.00068,0.28208
CVE-2023-32217,0.00050,0.16285
CVE-2023-32218,0.00046,0.13740
CVE-2023-32219,0.00048,0.14563
CVE-2023-3222,0.00076,0.31172
CVE-2023-32220,0.00091,0.38380
CVE-2023-32221,0.00042,0.05722
CVE-2023-32222,0.00085,0.35470
CVE-2023-32223,0.00069,0.28445
CVE-2023-32224,0.00085,0.35470
CVE-2023-32225,0.00050,0.16285
CVE-2023-32226,0.00049,0.14986
CVE-2023-32227,0.00091,0.38380
CVE-2023-32229,0.00044,0.10862
CVE-2023-3223,0.01755,0.86688
CVE-2023-32230,0.00052,0.17889
CVE-2023-32231,0.00060,0.23321
CVE-2023-32232,0.00060,0.23321
CVE-2023-32233,0.00042,0.05722
CVE-2023-32235,0.01887,0.87254
CVE-2023-32236,0.00046,0.13740
CVE-2023-32239,0.00045,0.11801
CVE-2023-3224,0.00090,0.37757
CVE-2023-32241,0.00046,0.13740
CVE-2023-32242,0.00072,0.29664
CVE-2023-32243,0.03567,0.90727
CVE-2023-32245,0.00053,0.18839
CVE-2023-32247,0.00536,0.74824
CVE-2023-32248,0.00378,0.70151
CVE-2023-3225,0.00045,0.11801
CVE-2023-32250,0.00242,0.62245
CVE-2023-32252,0.00552,0.75187
CVE-2023-32254,0.00242,0.62245
CVE-2023-32257,0.00524,0.74510
CVE-2023-32258,0.00242,0.62245
CVE-2023-3226,0.00045,0.11801
CVE-2023-32261,0.00066,0.27434
CVE-2023-32262,0.00066,0.27434
CVE-2023-32263,0.00049,0.14986
CVE-2023-32265,0.00049,0.14986
CVE-2023-32267,0.00050,0.16285
CVE-2023-32268,0.00050,0.16285
CVE-2023-32269,0.00043,0.06775
CVE-2023-3227,0.00046,0.12619
CVE-2023-32270,0.00055,0.20747
CVE-2023-32271,0.00053,0.19057
CVE-2023-32272,0.00043,0.06775
CVE-2023-32273,0.00055,0.20747
CVE-2023-32274,0.00087,0.36261
CVE-2023-32275,0.00043,0.06775
CVE-2023-32276,0.00055,0.20747
CVE-2023-32278,0.00044,0.08212
CVE-2023-32279,0.00119,0.45852
CVE-2023-3228,0.00046,0.12561
CVE-2023-32281,0.00053,0.18307
CVE-2023-32283,0.00043,0.06775
CVE-2023-32284,0.00106,0.42831
CVE-2023-32285,0.00043,0.06775
CVE-2023-32288,0.00055,0.20747
CVE-2023-32289,0.00053,0.18307
CVE-2023-3229,0.00046,0.12561
CVE-2023-32290,0.00064,0.26487
CVE-2023-32291,0.00045,0.11801
CVE-2023-32292,0.00045,0.11801
CVE-2023-32294,0.00045,0.11801
CVE-2023-32296,0.00046,0.13740
CVE-2023-32298,0.00046,0.13740
CVE-2023-3230,0.00048,0.14563
CVE-2023-32300,0.00046,0.13740
CVE-2023-32301,0.00046,0.13740
CVE-2023-32303,0.00045,0.12069
CVE-2023-32305,0.00185,0.55868
CVE-2023-32306,0.00091,0.38380
CVE-2023-32307,0.00047,0.14205
CVE-2023-32308,0.00076,0.31600
CVE-2023-32309,0.00087,0.35906
CVE-2023-3231,0.00056,0.20989
CVE-2023-32310,0.00052,0.18023
CVE-2023-32311,0.00045,0.11801
CVE-2023-32312,0.00052,0.17638
CVE-2023-32313,0.00052,0.17638
CVE-2023-32314,0.00456,0.72681
CVE-2023-32315,0.96329,0.99451
CVE-2023-32316,0.00045,0.11801
CVE-2023-32317,0.00057,0.21545
CVE-2023-32318,0.00043,0.06775
CVE-2023-32319,0.00049,0.14986
CVE-2023-3232,0.00064,0.26317
CVE-2023-32320,0.00064,0.26487
CVE-2023-32321,0.00154,0.51694
CVE-2023-32322,0.00100,0.40992
CVE-2023-32323,0.00059,0.22843
CVE-2023-32324,0.00068,0.27930
CVE-2023-32325,0.00046,0.13740
CVE-2023-3233,0.00061,0.24091
CVE-2023-32332,0.00057,0.21460
CVE-2023-32334,0.00053,0.18550
CVE-2023-32336,0.00234,0.61595
CVE-2023-32337,0.00044,0.10565
CVE-2023-32338,0.00042,0.05722
CVE-2023-32339,0.00052,0.17989
CVE-2023-3234,0.00064,0.26317
CVE-2023-32342,0.00079,0.33131
CVE-2023-32346,0.00046,0.13740
CVE-2023-32347,0.00135,0.48836
CVE-2023-32348,0.00046,0.13740
CVE-2023-32349,0.00055,0.20491
CVE-2023-3235,0.00054,0.19262
CVE-2023-32350,0.00050,0.16721
CVE-2023-32351,0.00043,0.06775
CVE-2023-32352,0.00049,0.15919
CVE-2023-32353,0.00043,0.06775
CVE-2023-32354,0.00052,0.18141
CVE-2023-32355,0.00047,0.14033
CVE-2023-32356,0.00053,0.19001
CVE-2023-32357,0.00056,0.21080
CVE-2023-32358,0.00197,0.57652
CVE-2023-32359,0.00063,0.25589
CVE-2023-3236,0.00054,0.19262
CVE-2023-32360,0.00045,0.12069
CVE-2023-32361,0.00060,0.23279
CVE-2023-32362,0.00087,0.36261
CVE-2023-32363,0.00045,0.12108
CVE-2023-32364,0.00050,0.16809
CVE-2023-32365,0.00044,0.10345
CVE-2023-32366,0.00053,0.18471
CVE-2023-32367,0.00052,0.18120
CVE-2023-32368,0.00052,0.18141
CVE-2023-32369,0.00045,0.12069
CVE-2023-3237,0.00063,0.25553
CVE-2023-32370,0.00052,0.17989
CVE-2023-32371,0.00045,0.12108
CVE-2023-32372,0.00053,0.18883
CVE-2023-32373,0.00111,0.44172
CVE-2023-32375,0.00058,0.22645
CVE-2023-32376,0.00047,0.14033
CVE-2023-32377,0.00055,0.20747
CVE-2023-32378,0.00054,0.19430
CVE-2023-32379,0.00055,0.20747
CVE-2023-3238,0.00063,0.25553
CVE-2023-32380,0.00043,0.07702
CVE-2023-32381,0.00056,0.20986
CVE-2023-32382,0.00045,0.12069
CVE-2023-32383,0.00050,0.16759
CVE-2023-32384,0.00057,0.21505
CVE-2023-32385,0.00044,0.10345
CVE-2023-32386,0.00045,0.12069
CVE-2023-32387,0.00225,0.60868
CVE-2023-32388,0.00049,0.15919
CVE-2023-32389,0.00052,0.18141
CVE-2023-3239,0.00064,0.26487
CVE-2023-32390,0.00046,0.13848
CVE-2023-32391,0.00047,0.14033
CVE-2023-32392,0.00055,0.20563
CVE-2023-32393,0.00085,0.35472
CVE-2023-32394,0.00046,0.13848
CVE-2023-32395,0.00047,0.14033
CVE-2023-32396,0.00057,0.21302
CVE-2023-32397,0.00054,0.19372
CVE-2023-32398,0.00053,0.18855
CVE-2023-32399,0.00052,0.18141
CVE-2023-3240,0.00063,0.25738
CVE-2023-32400,0.00047,0.14033
CVE-2023-32401,0.00090,0.37895
CVE-2023-32402,0.00080,0.33496
CVE-2023-32403,0.00059,0.22935
CVE-2023-32404,0.00048,0.14248
CVE-2023-32405,0.00050,0.16759
CVE-2023-32407,0.00053,0.18478
CVE-2023-32408,0.00055,0.20563
CVE-2023-32409,0.00851,0.80441
CVE-2023-3241,0.00064,0.26449
CVE-2023-32410,0.00052,0.18141
CVE-2023-32411,0.00048,0.14248
CVE-2023-32412,0.00675,0.77786
CVE-2023-32413,0.00067,0.27799
CVE-2023-32414,0.00053,0.19001
CVE-2023-32415,0.00052,0.18141
CVE-2023-32416,0.00052,0.18141
CVE-2023-32417,0.00044,0.10345
CVE-2023-32418,0.00054,0.19430
CVE-2023-32419,0.00235,0.61663
CVE-2023-3242,0.00046,0.13740
CVE-2023-32420,0.00049,0.15854
CVE-2023-32421,0.00052,0.18120
CVE-2023-32422,0.00048,0.14350
CVE-2023-32423,0.00080,0.33496
CVE-2023-32424,0.00046,0.12671
CVE-2023-32425,0.00050,0.16759
CVE-2023-32426,0.00053,0.19001
CVE-2023-32427,0.00048,0.14563
CVE-2023-32428,0.00057,0.21302
CVE-2023-32429,0.00048,0.14248
CVE-2023-3243,0.00124,0.46702
CVE-2023-32432,0.00060,0.23279
CVE-2023-32433,0.00053,0.18855
CVE-2023-32434,0.00073,0.30403
CVE-2023-32435,0.00100,0.40967
CVE-2023-32436,0.00045,0.12108
CVE-2023-32437,0.00050,0.16759
CVE-2023-32438,0.00053,0.18561
CVE-2023-32439,0.00173,0.54512
CVE-2023-3244,0.00045,0.11801
CVE-2023-32441,0.00053,0.18855
CVE-2023-32442,0.00045,0.12108
CVE-2023-32443,0.00065,0.27135
CVE-2023-32444,0.00088,0.37174
CVE-2023-32445,0.00063,0.25751
CVE-2023-32446,0.00042,0.05722
CVE-2023-32447,0.00042,0.05722
CVE-2023-32448,0.00042,0.05722
CVE-2023-32449,0.00053,0.19001
CVE-2023-3245,0.00045,0.11801
CVE-2023-32450,0.00042,0.05722
CVE-2023-32453,0.00043,0.06775
CVE-2023-32455,0.00042,0.05722
CVE-2023-32457,0.00073,0.30167
CVE-2023-32458,0.00043,0.06775
CVE-2023-3246,0.00044,0.10862
CVE-2023-32460,0.00042,0.05722
CVE-2023-32461,0.00043,0.06775
CVE-2023-32463,0.00085,0.35304
CVE-2023-32464,0.00056,0.21111
CVE-2023-32465,0.00050,0.16285
CVE-2023-32468,0.00049,0.14986
CVE-2023-32469,0.00042,0.05722
CVE-2023-3247,0.00045,0.11801
CVE-2023-32470,0.00043,0.06775
CVE-2023-32476,0.00043,0.06775
CVE-2023-32477,0.00043,0.06775
CVE-2023-32478,0.00049,0.14986
CVE-2023-3248,0.00045,0.11801
CVE-2023-32480,0.00054,0.19335
CVE-2023-32481,0.00044,0.10862
CVE-2023-32482,0.00046,0.12619
CVE-2023-32483,0.00043,0.06775
CVE-2023-32485,0.00120,0.46075
CVE-2023-32486,0.00042,0.05722
CVE-2023-32487,0.00042,0.05722
CVE-2023-32488,0.00045,0.11801
CVE-2023-32489,0.00042,0.05722
CVE-2023-3249,0.00091,0.38380
CVE-2023-32490,0.00042,0.05722
CVE-2023-32491,0.00049,0.14986
CVE-2023-32492,0.00042,0.05722
CVE-2023-32493,0.00199,0.57817
CVE-2023-32494,0.00042,0.05722
CVE-2023-32495,0.00042,0.05722
CVE-2023-32496,0.00045,0.11801
CVE-2023-32497,0.00045,0.11801
CVE-2023-32498,0.00045,0.11801
CVE-2023-32499,0.00046,0.13740
CVE-2023-32500,0.00058,0.21913
CVE-2023-32501,0.00058,0.21913
CVE-2023-32502,0.00058,0.21913
CVE-2023-32503,0.00046,0.13740
CVE-2023-32504,0.00058,0.21913
CVE-2023-32505,0.00045,0.11801
CVE-2023-32508,0.00050,0.16285
CVE-2023-32509,0.00046,0.13740
CVE-2023-3251,0.00068,0.28071
CVE-2023-32510,0.00046,0.13740
CVE-2023-32511,0.00046,0.13740
CVE-2023-32512,0.00058,0.21913
CVE-2023-32513,0.00072,0.29664
CVE-2023-32514,0.00058,0.21913
CVE-2023-32515,0.00045,0.11801
CVE-2023-32516,0.00046,0.13740
CVE-2023-32517,0.00046,0.13740
CVE-2023-32518,0.00046,0.13740
CVE-2023-3252,0.00068,0.28016
CVE-2023-32521,0.00202,0.58258
CVE-2023-32522,0.00081,0.33704
CVE-2023-32523,0.00158,0.52298
CVE-2023-32524,0.00158,0.52298
CVE-2023-32525,0.00100,0.40853
CVE-2023-32526,0.00100,0.40853
CVE-2023-32527,0.00803,0.79868
CVE-2023-32528,0.00803,0.79868
CVE-2023-32529,0.00340,0.68538
CVE-2023-3253,0.00056,0.21111
CVE-2023-32530,0.00340,0.68538
CVE-2023-32531,0.00135,0.48738
CVE-2023-32532,0.00135,0.48738
CVE-2023-32533,0.00135,0.48738
CVE-2023-32534,0.00135,0.48738
CVE-2023-32535,0.00135,0.48738
CVE-2023-32536,0.00045,0.11801
CVE-2023-32537,0.00045,0.11801
CVE-2023-32538,0.00055,0.20747
CVE-2023-32539,0.00053,0.18307
CVE-2023-3254,0.00052,0.17889
CVE-2023-32540,0.00081,0.33696
CVE-2023-32541,0.00053,0.19001
CVE-2023-32542,0.00055,0.20747
CVE-2023-32543,0.00043,0.06775
CVE-2023-32544,0.00043,0.06775
CVE-2023-32545,0.00053,0.18307
CVE-2023-32546,0.00043,0.06775
CVE-2023-32547,0.00043,0.06775
CVE-2023-32548,0.00147,0.50635
CVE-2023-32549,0.00084,0.34921
CVE-2023-3255,0.00098,0.40517
CVE-2023-32550,0.00089,0.37303
CVE-2023-32551,0.00046,0.13740
CVE-2023-32552,0.00087,0.36448
CVE-2023-32553,0.00087,0.36448
CVE-2023-32554,0.00045,0.12491
CVE-2023-32555,0.00045,0.12491
CVE-2023-32556,0.00045,0.12491
CVE-2023-32557,0.00215,0.59544
CVE-2023-32558,0.00054,0.19660
CVE-2023-32559,0.00050,0.16285
CVE-2023-3256,0.00178,0.55134
CVE-2023-32560,0.33614,0.96681
CVE-2023-32561,0.00421,0.71646
CVE-2023-32562,0.01193,0.83691
CVE-2023-32563,0.45276,0.97098
CVE-2023-32564,0.01193,0.83691
CVE-2023-32565,0.00421,0.71646
CVE-2023-32566,0.00421,0.71646
CVE-2023-32567,0.01119,0.83098
CVE-2023-32568,0.00052,0.17710
CVE-2023-32569,0.00076,0.31600
CVE-2023-32570,0.00052,0.17532
CVE-2023-32571,0.00143,0.50070
CVE-2023-32572,0.00046,0.12619
CVE-2023-32573,0.00060,0.23620
CVE-2023-32575,0.00045,0.11801
CVE-2023-32576,0.00045,0.11801
CVE-2023-32577,0.00045,0.11801
CVE-2023-32578,0.00045,0.11801
CVE-2023-32579,0.00058,0.21913
CVE-2023-32580,0.00045,0.11801
CVE-2023-32582,0.00045,0.11801
CVE-2023-32583,0.00058,0.21913
CVE-2023-32584,0.00045,0.11801
CVE-2023-32587,0.00058,0.21913
CVE-2023-32588,0.00058,0.21913
CVE-2023-32589,0.00058,0.21913
CVE-2023-3259,0.00072,0.29601
CVE-2023-32590,0.00073,0.30355
CVE-2023-32591,0.00045,0.11801
CVE-2023-32592,0.00058,0.21913
CVE-2023-32594,0.00058,0.21913
CVE-2023-32595,0.00045,0.11801
CVE-2023-32596,0.00045,0.11801
CVE-2023-32597,0.00046,0.13740
CVE-2023-32598,0.00046,0.13740
CVE-2023-3260,0.00050,0.16721
CVE-2023-32600,0.00045,0.11801
CVE-2023-32602,0.00058,0.21913
CVE-2023-32603,0.00046,0.13740
CVE-2023-32604,0.00045,0.11801
CVE-2023-32605,0.00045,0.11801
CVE-2023-32607,0.00048,0.14756
CVE-2023-32608,0.00056,0.21111
CVE-2023-32609,0.00043,0.06775
CVE-2023-3261,0.00052,0.17710
CVE-2023-32610,0.00115,0.45019
CVE-2023-32611,0.00048,0.14836
CVE-2023-32612,0.00050,0.15945
CVE-2023-32613,0.00054,0.19317
CVE-2023-32614,0.00087,0.36569
CVE-2023-32615,0.00046,0.12561
CVE-2023-32616,0.00145,0.50304
CVE-2023-32617,0.00043,0.06775
CVE-2023-32619,0.00052,0.18017
CVE-2023-3262,0.00043,0.06775
CVE-2023-32620,0.00052,0.17711
CVE-2023-32621,0.00050,0.15945
CVE-2023-32622,0.00050,0.15945
CVE-2023-32623,0.00161,0.52704
CVE-2023-32624,0.00063,0.25005
CVE-2023-32625,0.00062,0.24851
CVE-2023-32626,0.00131,0.47926
CVE-2023-32627,0.00060,0.23520
CVE-2023-32628,0.00166,0.53286
CVE-2023-32629,0.00042,0.05722
CVE-2023-3263,0.00121,0.46349
CVE-2023-32632,0.00134,0.48641
CVE-2023-32634,0.00053,0.19001
CVE-2023-32635,0.00052,0.18120
CVE-2023-32636,0.00056,0.20752
CVE-2023-32637,0.00076,0.31395
CVE-2023-32638,0.00043,0.06775
CVE-2023-32639,0.00052,0.18120
CVE-2023-3264,0.00127,0.47228
CVE-2023-32641,0.00053,0.19001
CVE-2023-32643,0.00056,0.20991
CVE-2023-32645,0.00091,0.38380
CVE-2023-32649,0.00052,0.17889
CVE-2023-3265,0.00131,0.47926
CVE-2023-32650,0.00062,0.24591
CVE-2023-32652,0.00046,0.13740
CVE-2023-32653,0.00118,0.45753
CVE-2023-32654,0.00045,0.12225
CVE-2023-32655,0.00044,0.08212
CVE-2023-32656,0.00043,0.06775
CVE-2023-32657,0.00087,0.36261
CVE-2023-32658,0.00043,0.06775
CVE-2023-32659,0.00046,0.13740
CVE-2023-3266,0.00131,0.47926
CVE-2023-32660,0.00043,0.06775
CVE-2023-32661,0.00043,0.06775
CVE-2023-32662,0.00043,0.06775
CVE-2023-32663,0.00043,0.06775
CVE-2023-32664,0.00122,0.46505
CVE-2023-32665,0.00046,0.12656
CVE-2023-32668,0.00063,0.25098
CVE-2023-32669,0.00045,0.11801
CVE-2023-3267,0.00056,0.20762
CVE-2023-32670,0.00044,0.10353
CVE-2023-32671,0.00045,0.11801
CVE-2023-32672,0.00072,0.29989
CVE-2023-32673,0.00091,0.38380
CVE-2023-32674,0.00091,0.38380
CVE-2023-32675,0.00046,0.13740
CVE-2023-32676,0.00057,0.21545
CVE-2023-32677,0.00074,0.30516
CVE-2023-32678,0.00046,0.12619
CVE-2023-32679,0.00123,0.46609
CVE-2023-3268,0.00042,0.05722
CVE-2023-32680,0.00102,0.41249
CVE-2023-32681,0.00074,0.30488
CVE-2023-32682,0.00082,0.34185
CVE-2023-32683,0.00066,0.27278
CVE-2023-32684,0.00046,0.13848
CVE-2023-32685,0.00053,0.18547
CVE-2023-32686,0.00050,0.16824
CVE-2023-32687,0.00058,0.22598
CVE-2023-32688,0.00148,0.50888
CVE-2023-32689,0.00058,0.22598
CVE-2023-3269,0.00060,0.23520
CVE-2023-32690,0.00104,0.42383
CVE-2023-32691,0.00084,0.34921
CVE-2023-32692,0.00116,0.45457
CVE-2023-32693,0.00076,0.31153
CVE-2023-32694,0.00045,0.11801
CVE-2023-32695,0.00110,0.43939
CVE-2023-32696,0.00055,0.20491
CVE-2023-32697,0.00476,0.73233
CVE-2023-32698,0.00054,0.19248
CVE-2023-32699,0.00044,0.10862
CVE-2023-3270,0.00099,0.40723
CVE-2023-32700,0.00071,0.29188
CVE-2023-32701,0.00043,0.06775
CVE-2023-32706,0.00047,0.14018
CVE-2023-32707,0.78081,0.97984
CVE-2023-32708,0.00050,0.16285
CVE-2023-32709,0.00045,0.11801
CVE-2023-3271,0.00097,0.40235
CVE-2023-32710,0.00049,0.14986
CVE-2023-32711,0.00045,0.11801
CVE-2023-32712,0.00050,0.16906
CVE-2023-32713,0.00050,0.16285
CVE-2023-32714,0.00057,0.21529
CVE-2023-32715,0.00046,0.13740
CVE-2023-32716,0.00044,0.10862
CVE-2023-32717,0.00045,0.11801
CVE-2023-3272,0.00096,0.39785
CVE-2023-32721,0.00045,0.11801
CVE-2023-32722,0.00157,0.52194
CVE-2023-32723,0.00091,0.38380
CVE-2023-32724,0.00050,0.16285
CVE-2023-32725,0.00091,0.38380
CVE-2023-32726,0.00061,0.24232
CVE-2023-32727,0.00206,0.58656
CVE-2023-32728,0.00134,0.48492
CVE-2023-3273,0.00094,0.39474
CVE-2023-32731,0.00112,0.44366
CVE-2023-32732,0.00052,0.17989
CVE-2023-32734,0.00054,0.19430
CVE-2023-32738,0.00045,0.11801
CVE-2023-32739,0.00058,0.21913
CVE-2023-3274,0.00124,0.46708
CVE-2023-32740,0.00046,0.13740
CVE-2023-32741,0.00050,0.16285
CVE-2023-32742,0.00076,0.31409
CVE-2023-32743,0.00049,0.14986
CVE-2023-32744,0.00058,0.21913
CVE-2023-32745,0.00058,0.21913
CVE-2023-32746,0.00045,0.11801
CVE-2023-32747,0.00087,0.36261
CVE-2023-32748,0.00142,0.49931
CVE-2023-32749,0.00335,0.68345
CVE-2023-3275,0.00090,0.37725
CVE-2023-32750,0.00827,0.80151
CVE-2023-32751,0.00089,0.37186
CVE-2023-32752,0.00267,0.64328
CVE-2023-32753,0.00267,0.64328
CVE-2023-32754,0.00155,0.51866
CVE-2023-32755,0.00077,0.31741
CVE-2023-32756,0.00199,0.57899
CVE-2023-32757,0.00267,0.64328
CVE-2023-32758,0.00053,0.18555
CVE-2023-32759,0.00049,0.14986
CVE-2023-3276,0.00064,0.26185
CVE-2023-32760,0.00049,0.14986
CVE-2023-32761,0.00053,0.18837
CVE-2023-32762,0.00052,0.17989
CVE-2023-32763,0.00049,0.15801
CVE-2023-32764,0.00043,0.06775
CVE-2023-32766,0.00059,0.22851
CVE-2023-32767,0.00134,0.48548
CVE-2023-3277,0.00131,0.47926
CVE-2023-32781,0.04267,0.91470
CVE-2023-32782,0.00048,0.14225
CVE-2023-32783,0.03155,0.90170
CVE-2023-32784,0.00104,0.42279
CVE-2023-32786,0.00087,0.36261
CVE-2023-32787,0.00088,0.36972
CVE-2023-32788,0.00042,0.05722
CVE-2023-32789,0.00042,0.05722
CVE-2023-3279,0.00049,0.14986
CVE-2023-32790,0.00046,0.13740
CVE-2023-32791,0.00048,0.14563
CVE-2023-32792,0.00048,0.14563
CVE-2023-32793,0.00045,0.11801
CVE-2023-32794,0.00058,0.21913
CVE-2023-32795,0.00052,0.17780
CVE-2023-32796,0.00046,0.13740
CVE-2023-32797,0.00046,0.13740
CVE-2023-32799,0.00049,0.14986
CVE-2023-3280,0.00042,0.05722
CVE-2023-32800,0.00046,0.13740
CVE-2023-32801,0.00046,0.13740
CVE-2023-32802,0.00046,0.13740
CVE-2023-32804,0.00051,0.17175
CVE-2023-32805,0.00042,0.05722
CVE-2023-32806,0.00042,0.05722
CVE-2023-32807,0.00042,0.05722
CVE-2023-32808,0.00042,0.05722
CVE-2023-32809,0.00042,0.05722
CVE-2023-32810,0.00042,0.05722
CVE-2023-32811,0.00042,0.05722
CVE-2023-32812,0.00042,0.05722
CVE-2023-32813,0.00042,0.05722
CVE-2023-32814,0.00042,0.05722
CVE-2023-32815,0.00042,0.05722
CVE-2023-32816,0.00042,0.05722
CVE-2023-32817,0.00042,0.05722
CVE-2023-32818,0.00042,0.05722
CVE-2023-32819,0.00042,0.05722
CVE-2023-3282,0.00042,0.05722
CVE-2023-32820,0.00058,0.22672
CVE-2023-32821,0.00042,0.05722
CVE-2023-32822,0.00042,0.05722
CVE-2023-32823,0.00042,0.05722
CVE-2023-32824,0.00042,0.05722
CVE-2023-32825,0.00042,0.05722
CVE-2023-32826,0.00042,0.05722
CVE-2023-32827,0.00042,0.05722
CVE-2023-32828,0.00043,0.07409
CVE-2023-32829,0.00043,0.07409
CVE-2023-32830,0.00042,0.05722
CVE-2023-32831,0.00042,0.05722
CVE-2023-32832,0.00042,0.05722
CVE-2023-32834,0.00042,0.05722
CVE-2023-32835,0.00042,0.05722
CVE-2023-32836,0.00043,0.07409
CVE-2023-32837,0.00042,0.05722
CVE-2023-32838,0.00042,0.05722
CVE-2023-32839,0.00042,0.05722
CVE-2023-32840,0.00042,0.05722
CVE-2023-32841,0.00080,0.33210
CVE-2023-32842,0.00080,0.33210
CVE-2023-32843,0.00080,0.33210
CVE-2023-32844,0.00080,0.33210
CVE-2023-32845,0.00080,0.33210
CVE-2023-32846,0.00080,0.33210
CVE-2023-32847,0.00048,0.14473
CVE-2023-32848,0.00042,0.05722
CVE-2023-32849,0.00042,0.05722
CVE-2023-32850,0.00049,0.14990
CVE-2023-32851,0.00048,0.14473
CVE-2023-32852,0.00042,0.05722
CVE-2023-32853,0.00042,0.05722
CVE-2023-32854,0.00042,0.05722
CVE-2023-32855,0.00042,0.05722
CVE-2023-32856,0.00042,0.05722
CVE-2023-32857,0.00042,0.05722
CVE-2023-32858,0.00042,0.05722
CVE-2023-32859,0.00042,0.05722
CVE-2023-32860,0.00042,0.05722
CVE-2023-32861,0.00042,0.05722
CVE-2023-32862,0.00042,0.05722
CVE-2023-32863,0.00042,0.05722
CVE-2023-32864,0.00042,0.05722
CVE-2023-32865,0.00042,0.05722
CVE-2023-32866,0.00042,0.05722
CVE-2023-32867,0.00042,0.05722
CVE-2023-32868,0.00042,0.05722
CVE-2023-32869,0.00042,0.05722
CVE-2023-32870,0.00042,0.05722
CVE-2023-32872,0.00042,0.05722
CVE-2023-32874,0.00237,0.61839
CVE-2023-32875,0.00042,0.05722
CVE-2023-32876,0.00042,0.05722
CVE-2023-32877,0.00042,0.05722
CVE-2023-32878,0.00042,0.05722
CVE-2023-32879,0.00042,0.05722
CVE-2023-32880,0.00042,0.05722
CVE-2023-32881,0.00043,0.07409
CVE-2023-32882,0.00042,0.05722
CVE-2023-32883,0.00042,0.05722
CVE-2023-32884,0.00042,0.05722
CVE-2023-32885,0.00042,0.05722
CVE-2023-32886,0.00080,0.33210
CVE-2023-32887,0.00080,0.33210
CVE-2023-32888,0.00080,0.33210
CVE-2023-32889,0.00058,0.22672
CVE-2023-32890,0.00071,0.29205
CVE-2023-32891,0.00042,0.05722
CVE-2023-3291,0.00045,0.12069
CVE-2023-3292,0.00046,0.13740
CVE-2023-3293,0.00045,0.11801
CVE-2023-3294,0.00046,0.13740
CVE-2023-3295,0.00291,0.65913
CVE-2023-32955,0.00061,0.24122
CVE-2023-32956,0.00144,0.50193
CVE-2023-32957,0.00045,0.11801
CVE-2023-32958,0.00045,0.11801
CVE-2023-32960,0.00046,0.13740
CVE-2023-32961,0.00046,0.13740
CVE-2023-32962,0.00045,0.11801
CVE-2023-32964,0.00058,0.21913
CVE-2023-32965,0.00046,0.13740
CVE-2023-32966,0.00046,0.13740
CVE-2023-32968,0.00055,0.20491
CVE-2023-3297,0.00042,0.05722
CVE-2023-32970,0.00044,0.10862
CVE-2023-32971,0.00053,0.19078
CVE-2023-32972,0.00053,0.19078
CVE-2023-32973,0.00053,0.19078
CVE-2023-32974,0.00090,0.37805
CVE-2023-32975,0.00055,0.20491
CVE-2023-32976,0.00047,0.14002
CVE-2023-32977,0.00090,0.37843
CVE-2023-32978,0.00046,0.13740
CVE-2023-32979,0.00044,0.10753
CVE-2023-32980,0.00046,0.13740
CVE-2023-32981,0.00050,0.16285
CVE-2023-32982,0.00044,0.10753
CVE-2023-32983,0.00046,0.13740
CVE-2023-32984,0.00090,0.37843
CVE-2023-32985,0.00046,0.12690
CVE-2023-32986,0.00050,0.16285
CVE-2023-32987,0.00058,0.21913
CVE-2023-32988,0.00044,0.10753
CVE-2023-32989,0.00058,0.21913
CVE-2023-3299,0.00045,0.11801
CVE-2023-32990,0.00046,0.12546
CVE-2023-32991,0.00058,0.21913
CVE-2023-32992,0.00050,0.16285
CVE-2023-32993,0.00046,0.13740
CVE-2023-32994,0.00046,0.13740
CVE-2023-32995,0.00058,0.21913
CVE-2023-32996,0.00044,0.10753
CVE-2023-32997,0.00091,0.38380
CVE-2023-32998,0.00058,0.21913
CVE-2023-32999,0.00044,0.10753
CVE-2023-3300,0.00052,0.17889
CVE-2023-33000,0.00087,0.36261
CVE-2023-33001,0.00087,0.36261
CVE-2023-33002,0.00090,0.37843
CVE-2023-33003,0.00046,0.13740
CVE-2023-33004,0.00044,0.10753
CVE-2023-33005,0.00046,0.13740
CVE-2023-33006,0.00046,0.13740
CVE-2023-33007,0.00090,0.37843
CVE-2023-33008,0.00162,0.52918
CVE-2023-33009,0.02865,0.89751
CVE-2023-3301,0.00042,0.05722
CVE-2023-33010,0.02865,0.89751
CVE-2023-33011,0.00053,0.18860
CVE-2023-33012,0.00047,0.14189
CVE-2023-33013,0.00050,0.16721
CVE-2023-33014,0.00053,0.19001
CVE-2023-33015,0.00046,0.13740
CVE-2023-33016,0.00044,0.10188
CVE-2023-33017,0.00043,0.06775
CVE-2023-33018,0.00043,0.06775
CVE-2023-33019,0.00046,0.13740
CVE-2023-3302,0.00053,0.19001
CVE-2023-33020,0.00046,0.13740
CVE-2023-33021,0.00043,0.06775
CVE-2023-33022,0.00043,0.06775
CVE-2023-33024,0.00043,0.06775
CVE-2023-33025,0.00077,0.31825
CVE-2023-33026,0.00044,0.10188
CVE-2023-33027,0.00044,0.10188
CVE-2023-33028,0.00077,0.31825
CVE-2023-33029,0.00043,0.06775
CVE-2023-3303,0.00045,0.11801
CVE-2023-33030,0.00043,0.06775
CVE-2023-33031,0.00043,0.06775
CVE-2023-33032,0.00043,0.06775
CVE-2023-33033,0.00043,0.06775
CVE-2023-33034,0.00045,0.12206
CVE-2023-33035,0.00043,0.06775
CVE-2023-33036,0.00043,0.06775
CVE-2023-33037,0.00043,0.06775
CVE-2023-33038,0.00043,0.06775
CVE-2023-33039,0.00043,0.06775
CVE-2023-3304,0.00045,0.11801
CVE-2023-33040,0.00046,0.13740
CVE-2023-33041,0.00046,0.13740
CVE-2023-33042,0.00046,0.13740
CVE-2023-33043,0.00046,0.13740
CVE-2023-33044,0.00046,0.13740
CVE-2023-33045,0.00095,0.39711
CVE-2023-33047,0.00044,0.10188
CVE-2023-33048,0.00044,0.10188
CVE-2023-3305,0.00054,0.19490
CVE-2023-33053,0.00045,0.12206
CVE-2023-33054,0.00077,0.31825
CVE-2023-33055,0.00043,0.06775
CVE-2023-33056,0.00046,0.13740
CVE-2023-33059,0.00043,0.06775
CVE-2023-3306,0.00063,0.25635
CVE-2023-33061,0.00044,0.10188
CVE-2023-33062,0.00044,0.10188
CVE-2023-33063,0.00064,0.26339
CVE-2023-3307,0.00076,0.31144
CVE-2023-33070,0.00043,0.06775
CVE-2023-33071,0.00043,0.06775
CVE-2023-33074,0.00043,0.06775
CVE-2023-33079,0.00043,0.06775
CVE-2023-3308,0.00242,0.62285
CVE-2023-33080,0.00044,0.10188
CVE-2023-33081,0.00046,0.13740
CVE-2023-33082,0.00077,0.31825
CVE-2023-33083,0.00077,0.31825
CVE-2023-33085,0.00043,0.06775
CVE-2023-33087,0.00043,0.06775
CVE-2023-33088,0.00045,0.12206
CVE-2023-33089,0.00044,0.10188
CVE-2023-3309,0.00051,0.17093
CVE-2023-33092,0.00043,0.06775
CVE-2023-33094,0.00043,0.06775
CVE-2023-33097,0.00046,0.13740
CVE-2023-33098,0.00044,0.10188
CVE-2023-3310,0.00061,0.24091
CVE-2023-33106,0.00064,0.26339
CVE-2023-33107,0.00064,0.26339
CVE-2023-33108,0.00043,0.06775
CVE-2023-33109,0.00046,0.13740
CVE-2023-3311,0.00051,0.17093
CVE-2023-33110,0.00043,0.06775
CVE-2023-33112,0.00046,0.13740
CVE-2023-33113,0.00043,0.06775
CVE-2023-33114,0.00043,0.06775
CVE-2023-33116,0.00044,0.10188
CVE-2023-33117,0.00043,0.06775
CVE-2023-33118,0.00043,0.06775
CVE-2023-3312,0.00046,0.13740
CVE-2023-33120,0.00043,0.06775
CVE-2023-33121,0.00045,0.12244
CVE-2023-33122,0.00066,0.27210
CVE-2023-33123,0.00050,0.16452
CVE-2023-33124,0.00050,0.16056
CVE-2023-33126,0.00095,0.39751
CVE-2023-33127,0.00133,0.48358
CVE-2023-33128,0.00067,0.27772
CVE-2023-33129,0.00150,0.51081
CVE-2023-3313,0.00043,0.07443
CVE-2023-33130,0.00052,0.18142
CVE-2023-33131,0.11316,0.94722
CVE-2023-33132,0.00042,0.00438
CVE-2023-33133,0.00125,0.46890
CVE-2023-33134,0.00215,0.59553
CVE-2023-33135,0.00248,0.62846
CVE-2023-33136,0.00191,0.56719
CVE-2023-33137,0.00298,0.66307
CVE-2023-33139,0.00052,0.18058
CVE-2023-3314,0.00051,0.17343
CVE-2023-33140,0.00097,0.40245
CVE-2023-33141,0.00105,0.42419
CVE-2023-33142,0.00050,0.16405
CVE-2023-33143,0.00063,0.25174
CVE-2023-33144,0.00066,0.27164
CVE-2023-33145,0.01380,0.84969
CVE-2023-33146,0.00411,0.71312
CVE-2023-33148,0.00060,0.23542
CVE-2023-33149,0.00128,0.47379
CVE-2023-3315,0.00044,0.10753
CVE-2023-33150,0.00308,0.66933
CVE-2023-33151,0.00092,0.38714
CVE-2023-33152,0.00123,0.46619
CVE-2023-33153,0.08720,0.93955
CVE-2023-33154,0.00116,0.45329
CVE-2023-33155,0.00044,0.08140
CVE-2023-33156,0.00048,0.14284
CVE-2023-33157,0.00215,0.59553
CVE-2023-33158,0.00113,0.44762
CVE-2023-33159,0.00107,0.43274
CVE-2023-3316,0.00052,0.17514
CVE-2023-33160,0.00215,0.59553
CVE-2023-33161,0.00113,0.44762
CVE-2023-33162,0.00052,0.18058
CVE-2023-33163,0.00164,0.53117
CVE-2023-33164,0.00213,0.59324
CVE-2023-33165,0.00123,0.46620
CVE-2023-33166,0.00147,0.50628
CVE-2023-33167,0.00147,0.50628
CVE-2023-33168,0.00147,0.50628
CVE-2023-33169,0.00147,0.50628
CVE-2023-3317,0.00043,0.06775
CVE-2023-33170,0.00075,0.30877
CVE-2023-33171,0.00082,0.33942
CVE-2023-33172,0.00147,0.50628
CVE-2023-33173,0.00147,0.50628
CVE-2023-33174,0.00054,0.19472
CVE-2023-33175,0.00087,0.36261
CVE-2023-33176,0.00052,0.17638
CVE-2023-33177,0.00149,0.50918
CVE-2023-33178,0.00065,0.26886
CVE-2023-33179,0.00060,0.23239
CVE-2023-3318,0.00050,0.16708
CVE-2023-33180,0.00064,0.26400
CVE-2023-33181,0.00052,0.17989
CVE-2023-33182,0.00049,0.15163
CVE-2023-33183,0.00045,0.11801
CVE-2023-33184,0.00052,0.17989
CVE-2023-33185,0.00051,0.17093
CVE-2023-33186,0.00057,0.21247
CVE-2023-33187,0.00049,0.14986
CVE-2023-33188,0.00052,0.18120
CVE-2023-33189,0.00134,0.48575
CVE-2023-3319,0.00045,0.11801
CVE-2023-33190,0.00091,0.38380
CVE-2023-33191,0.00060,0.23697
CVE-2023-33192,0.00046,0.13740
CVE-2023-33193,0.00091,0.38380
CVE-2023-33194,0.00051,0.17093
CVE-2023-33195,0.00052,0.17989
CVE-2023-33196,0.00051,0.17093
CVE-2023-33197,0.00051,0.17093
CVE-2023-33198,0.00064,0.26487
CVE-2023-33199,0.00046,0.13740
CVE-2023-3320,0.00791,0.79704
CVE-2023-33200,0.00066,0.27615
CVE-2023-33201,0.00051,0.17152
CVE-2023-33202,0.00045,0.12244
CVE-2023-33203,0.00050,0.16759
CVE-2023-33204,0.00050,0.16759
CVE-2023-33207,0.00058,0.21913
CVE-2023-33208,0.00045,0.11801
CVE-2023-33209,0.00050,0.16404
CVE-2023-3321,0.00050,0.16285
CVE-2023-33210,0.00045,0.11801
CVE-2023-33211,0.00045,0.11801
CVE-2023-33212,0.00058,0.21913
CVE-2023-33213,0.00045,0.11801
CVE-2023-33214,0.00058,0.21913
CVE-2023-33216,0.00045,0.11801
CVE-2023-33217,0.00046,0.13740
CVE-2023-33218,0.00213,0.59307
CVE-2023-33219,0.00213,0.59307
CVE-2023-3322,0.00050,0.16404
CVE-2023-33220,0.00213,0.59307
CVE-2023-33221,0.00213,0.59307
CVE-2023-33222,0.00213,0.59307
CVE-2023-33224,0.00107,0.43151
CVE-2023-33225,0.00137,0.49212
CVE-2023-33226,0.00545,0.75028
CVE-2023-33227,0.00545,0.75028
CVE-2023-33228,0.00049,0.14986
CVE-2023-33229,0.00045,0.11801
CVE-2023-3323,0.00044,0.08128
CVE-2023-33231,0.00046,0.13740
CVE-2023-33234,0.00047,0.13946
CVE-2023-33235,0.00095,0.39572
CVE-2023-33236,0.00127,0.47280
CVE-2023-33237,0.00050,0.16285
CVE-2023-33238,0.00069,0.28479
CVE-2023-33239,0.00109,0.43782
CVE-2023-3324,0.00050,0.16285
CVE-2023-33240,0.00042,0.05722
CVE-2023-33241,0.00070,0.29118
CVE-2023-33242,0.00097,0.40170
CVE-2023-33243,0.01559,0.85892
CVE-2023-33244,0.00087,0.36261
CVE-2023-33245,0.00101,0.41196
CVE-2023-33246,0.97174,0.99773
CVE-2023-33247,0.00048,0.14563
CVE-2023-33248,0.00055,0.20547
CVE-2023-3325,0.00082,0.33953
CVE-2023-33250,0.00042,0.05722
CVE-2023-33251,0.00043,0.06775
CVE-2023-33252,0.00048,0.14563
CVE-2023-33253,0.00225,0.60864
CVE-2023-33254,0.00049,0.14986
CVE-2023-33255,0.00075,0.30951
CVE-2023-33257,0.00045,0.11801
CVE-2023-3326,0.00068,0.28208
CVE-2023-33263,0.00096,0.39763
CVE-2023-33264,0.00045,0.11801
CVE-2023-33265,0.00050,0.16285
CVE-2023-33268,0.00059,0.23008
CVE-2023-33269,0.00097,0.40089
CVE-2023-33270,0.00097,0.40089
CVE-2023-33271,0.00059,0.23008
CVE-2023-33272,0.00097,0.40089
CVE-2023-33273,0.00097,0.40089
CVE-2023-33274,0.00156,0.52034
CVE-2023-33276,0.00046,0.13740
CVE-2023-33277,0.00109,0.43580
CVE-2023-33278,0.00076,0.31600
CVE-2023-33279,0.00076,0.31600
CVE-2023-3328,0.00045,0.11801
CVE-2023-33280,0.00076,0.31600
CVE-2023-33281,0.00046,0.12521
CVE-2023-33282,0.00201,0.58004
CVE-2023-33283,0.00043,0.06775
CVE-2023-33284,0.00092,0.38705
CVE-2023-33285,0.00046,0.13740
CVE-2023-33287,0.00053,0.18547
CVE-2023-33288,0.00042,0.05722
CVE-2023-33289,0.00049,0.15801
CVE-2023-3329,0.00046,0.12561
CVE-2023-33290,0.00046,0.13740
CVE-2023-33291,0.00112,0.44432
CVE-2023-33293,0.00046,0.13740
CVE-2023-33294,0.00111,0.44189
CVE-2023-33295,0.00049,0.14986
CVE-2023-33297,0.00099,0.40769
CVE-2023-33298,0.00043,0.05916
CVE-2023-33299,0.00143,0.50163
CVE-2023-3330,0.00046,0.12730
CVE-2023-33301,0.00045,0.11801
CVE-2023-33303,0.00091,0.38380
CVE-2023-33304,0.00043,0.06775
CVE-2023-33305,0.00044,0.10465
CVE-2023-33306,0.00044,0.10862
CVE-2023-33307,0.00044,0.10862
CVE-2023-33308,0.00233,0.61430
CVE-2023-33309,0.00046,0.13740
CVE-2023-3331,0.00046,0.12703
CVE-2023-33311,0.00045,0.11801
CVE-2023-33312,0.00046,0.13740
CVE-2023-33313,0.00058,0.21913
CVE-2023-33314,0.00058,0.21913
CVE-2023-33315,0.00058,0.21913
CVE-2023-33316,0.00058,0.21913
CVE-2023-33317,0.00046,0.13740
CVE-2023-33318,0.00050,0.16285
CVE-2023-33319,0.00046,0.13740
CVE-2023-3332,0.00045,0.11801
CVE-2023-33320,0.00046,0.13740
CVE-2023-33323,0.00045,0.11801
CVE-2023-33325,0.00046,0.13740
CVE-2023-33326,0.00046,0.13740
CVE-2023-33328,0.00045,0.11801
CVE-2023-33329,0.00045,0.11801
CVE-2023-3333,0.00052,0.17710
CVE-2023-33330,0.00050,0.16404
CVE-2023-33331,0.00050,0.16285
CVE-2023-33332,0.00046,0.13740
CVE-2023-33333,0.00058,0.21913
CVE-2023-33335,0.00046,0.13740
CVE-2023-33336,0.00045,0.11801
CVE-2023-33338,0.01520,0.85703
CVE-2023-3335,0.00042,0.05722
CVE-2023-33355,0.00084,0.34921
CVE-2023-33356,0.00045,0.11801
CVE-2023-33359,0.00046,0.13740
CVE-2023-3336,0.00069,0.28553
CVE-2023-33361,0.00076,0.31600
CVE-2023-33362,0.00076,0.31600
CVE-2023-33363,0.00057,0.21528
CVE-2023-33364,0.00050,0.16721
CVE-2023-33365,0.00096,0.39850
CVE-2023-33366,0.00050,0.16285
CVE-2023-33367,0.00113,0.44702
CVE-2023-33368,0.00049,0.14986
CVE-2023-33369,0.00061,0.23999
CVE-2023-3337,0.00091,0.38380
CVE-2023-33370,0.00046,0.13740
CVE-2023-33371,0.00091,0.38380
CVE-2023-33372,0.00091,0.38380
CVE-2023-33373,0.00091,0.38380
CVE-2023-33374,0.00206,0.58649
CVE-2023-33375,0.00091,0.38380
CVE-2023-33376,0.00091,0.38380
CVE-2023-33377,0.00068,0.27907
CVE-2023-33378,0.00091,0.38380
CVE-2023-33379,0.00091,0.38380
CVE-2023-3338,0.00504,0.74006
CVE-2023-33381,0.00134,0.48489
CVE-2023-33383,0.28799,0.96461
CVE-2023-33386,0.00106,0.42831
CVE-2023-33387,0.00052,0.17989
CVE-2023-3339,0.00064,0.26393
CVE-2023-33394,0.00045,0.11801
CVE-2023-3340,0.00077,0.31941
CVE-2023-33404,0.00201,0.58004
CVE-2023-33405,0.00071,0.29228
CVE-2023-33408,0.00045,0.11801
CVE-2023-33409,0.00048,0.14563
CVE-2023-3341,0.00289,0.65756
CVE-2023-33410,0.00050,0.16285
CVE-2023-33411,0.00109,0.43515
CVE-2023-33412,0.00061,0.24013
CVE-2023-33413,0.00071,0.29135
CVE-2023-3342,0.00262,0.63958
CVE-2023-3343,0.00074,0.30439
CVE-2023-33438,0.00052,0.17702
CVE-2023-33439,0.00942,0.81450
CVE-2023-3344,0.00045,0.11801
CVE-2023-33440,0.08056,0.93724
CVE-2023-33443,0.00106,0.42831
CVE-2023-3345,0.00235,0.61609
CVE-2023-33457,0.00087,0.36569
CVE-2023-3346,0.00367,0.69702
CVE-2023-33460,0.00064,0.26184
CVE-2023-33461,0.00044,0.08085
CVE-2023-33466,0.00129,0.47731
CVE-2023-33468,0.00088,0.36685
CVE-2023-33469,0.00042,0.05722
CVE-2023-3347,0.00079,0.32777
CVE-2023-33472,0.00222,0.60596
CVE-2023-33476,0.00090,0.37718
CVE-2023-33477,0.00072,0.29488
CVE-2023-33478,0.00076,0.31600
CVE-2023-33479,0.00076,0.31600
CVE-2023-3348,0.00052,0.18063
CVE-2023-33480,0.00085,0.35354
CVE-2023-33481,0.00076,0.31600
CVE-2023-33485,0.00071,0.29314
CVE-2023-33486,0.01762,0.86705
CVE-2023-33487,0.01762,0.86705
CVE-2023-3349,0.00093,0.39078
CVE-2023-33492,0.00045,0.11801
CVE-2023-33493,0.00141,0.49721
CVE-2023-33495,0.00046,0.13740
CVE-2023-33496,0.00072,0.29664
CVE-2023-33498,0.00050,0.16285
CVE-2023-3350,0.00087,0.36261
CVE-2023-33507,0.00084,0.34921
CVE-2023-33508,0.00283,0.65366
CVE-2023-33509,0.00076,0.31600
CVE-2023-33510,0.00347,0.68828
CVE-2023-33515,0.00045,0.11801
CVE-2023-33517,0.00087,0.36261
CVE-2023-33518,0.00046,0.13740
CVE-2023-33524,0.00052,0.17893
CVE-2023-33530,0.00062,0.24253
CVE-2023-33532,0.00096,0.40057
CVE-2023-33533,0.00048,0.14345
CVE-2023-33534,0.00053,0.18839
CVE-2023-33536,0.00046,0.12629
CVE-2023-33537,0.00046,0.12629
CVE-2023-33538,0.00120,0.46200
CVE-2023-3354,0.00048,0.14357
CVE-2023-33544,0.00046,0.13802
CVE-2023-33546,0.00044,0.10345
CVE-2023-3355,0.00042,0.05722
CVE-2023-33551,0.00249,0.62958
CVE-2023-33552,0.00190,0.56672
CVE-2023-33553,0.00106,0.42831
CVE-2023-33556,0.56197,0.97401
CVE-2023-33557,0.00055,0.20413
CVE-2023-33558,0.00087,0.36261
CVE-2023-33559,0.00050,0.15983
CVE-2023-3356,0.00046,0.13740
CVE-2023-33560,0.00046,0.13740
CVE-2023-33561,0.00091,0.38380
CVE-2023-33562,0.00091,0.38380
CVE-2023-33563,0.00100,0.40796
CVE-2023-33564,0.00046,0.13740
CVE-2023-33565,0.00044,0.08113
CVE-2023-33566,0.00091,0.38380
CVE-2023-33567,0.00055,0.20491
CVE-2023-33568,0.74568,0.97887
CVE-2023-33569,0.00055,0.20491
CVE-2023-3357,0.00042,0.05722
CVE-2023-33570,0.00050,0.16285
CVE-2023-3358,0.00042,0.05722
CVE-2023-33580,0.00056,0.21088
CVE-2023-33584,0.09083,0.94072
CVE-2023-3359,0.00043,0.06775
CVE-2023-33591,0.00046,0.13740
CVE-2023-33592,0.00108,0.43325
CVE-2023-33595,0.00044,0.10345
CVE-2023-33599,0.00046,0.13740
CVE-2023-33601,0.00055,0.20491
CVE-2023-33604,0.00091,0.38571
CVE-2023-3361,0.00064,0.26487
CVE-2023-33613,0.00045,0.12244
CVE-2023-33617,0.00095,0.39596
CVE-2023-3362,0.00046,0.13740
CVE-2023-33620,0.00063,0.25589
CVE-2023-33621,0.00065,0.26948
CVE-2023-33625,0.00085,0.35312
CVE-2023-33626,0.00107,0.43050
CVE-2023-33627,0.00050,0.16285
CVE-2023-33628,0.00050,0.16285
CVE-2023-33629,0.00911,0.81118
CVE-2023-3363,0.00043,0.06775
CVE-2023-33630,0.00050,0.16285
CVE-2023-33631,0.00050,0.16285
CVE-2023-33632,0.00050,0.16285
CVE-2023-33633,0.00050,0.16285
CVE-2023-33634,0.00050,0.16285
CVE-2023-33635,0.00050,0.16285
CVE-2023-33636,0.00050,0.16285
CVE-2023-33637,0.00050,0.16285
CVE-2023-33638,0.00050,0.16285
CVE-2023-33639,0.00050,0.16285
CVE-2023-3364,0.00046,0.13740
CVE-2023-33640,0.00050,0.16285
CVE-2023-33641,0.00050,0.16285
CVE-2023-33642,0.00050,0.16285
CVE-2023-33643,0.00050,0.16285
CVE-2023-3365,0.00046,0.12561
CVE-2023-33651,0.00084,0.34921
CVE-2023-33652,0.00099,0.40717
CVE-2023-33653,0.00099,0.40561
CVE-2023-33656,0.00044,0.08085
CVE-2023-33657,0.00049,0.15801
CVE-2023-33658,0.00049,0.15801
CVE-2023-33659,0.00049,0.15801
CVE-2023-3366,0.00046,0.13740
CVE-2023-33660,0.00049,0.15801
CVE-2023-33661,0.00046,0.13740
CVE-2023-33663,0.00076,0.31600
CVE-2023-33664,0.00050,0.16285
CVE-2023-33665,0.00076,0.31600
CVE-2023-33666,0.00076,0.31600
CVE-2023-33668,0.00106,0.42831
CVE-2023-33669,0.00087,0.36569
CVE-2023-33670,0.00087,0.36569
CVE-2023-33671,0.00087,0.36569
CVE-2023-33672,0.00046,0.13740
CVE-2023-33673,0.00087,0.36569
CVE-2023-33675,0.00087,0.36569
CVE-2023-3368,0.76057,0.97927
CVE-2023-33684,0.00043,0.06775
CVE-2023-3369,0.00045,0.11801
CVE-2023-33690,0.00050,0.15975
CVE-2023-33693,0.00044,0.08085
CVE-2023-33695,0.00043,0.06775
CVE-2023-33706,0.00049,0.14986
CVE-2023-3371,0.00092,0.38910
CVE-2023-33716,0.00044,0.10345
CVE-2023-33717,0.00044,0.10345
CVE-2023-33718,0.00087,0.36569
CVE-2023-33719,0.00044,0.10345
CVE-2023-3372,0.00045,0.11801
CVE-2023-33720,0.00046,0.13740
CVE-2023-33722,0.00109,0.43817
CVE-2023-33725,0.00046,0.13740
CVE-2023-3373,0.00123,0.46649
CVE-2023-33730,0.00201,0.58004
CVE-2023-33731,0.00064,0.26167
CVE-2023-33732,0.00050,0.16471
CVE-2023-33733,0.00065,0.26953
CVE-2023-33734,0.00076,0.31600
CVE-2023-33735,0.00577,0.75720
CVE-2023-33736,0.00045,0.11801
CVE-2023-3374,0.00091,0.38380
CVE-2023-33740,0.00084,0.34921
CVE-2023-33741,0.00084,0.34921
CVE-2023-33742,0.00096,0.39763
CVE-2023-33743,0.00127,0.47287
CVE-2023-33744,0.00095,0.39742
CVE-2023-33745,0.00095,0.39742
CVE-2023-33747,0.00042,0.05722
CVE-2023-3375,0.00048,0.14578
CVE-2023-33750,0.00045,0.11801
CVE-2023-33751,0.00045,0.11801
CVE-2023-33754,0.00049,0.14986
CVE-2023-33756,0.00087,0.35906
CVE-2023-33757,0.00058,0.21961
CVE-2023-33758,0.00046,0.13740
CVE-2023-33759,0.00106,0.42831
CVE-2023-3376,0.00076,0.31600
CVE-2023-33760,0.00058,0.21961
CVE-2023-33761,0.00046,0.13740
CVE-2023-33762,0.00076,0.31600
CVE-2023-33763,0.00046,0.13740
CVE-2023-33764,0.00045,0.11801
CVE-2023-33768,0.00051,0.17177
CVE-2023-3377,0.00076,0.31600
CVE-2023-33777,0.00047,0.14215
CVE-2023-33778,0.00061,0.24201
CVE-2023-33779,0.00061,0.24091
CVE-2023-33780,0.00045,0.11801
CVE-2023-33781,0.00096,0.39801
CVE-2023-33782,0.00112,0.44289
CVE-2023-33785,0.00045,0.11801
CVE-2023-33786,0.00045,0.11801
CVE-2023-33787,0.00045,0.11801
CVE-2023-33788,0.00045,0.11801
CVE-2023-33789,0.00045,0.11801
CVE-2023-3379,0.00042,0.05722
CVE-2023-33790,0.00045,0.11801
CVE-2023-33791,0.00045,0.11801
CVE-2023-33792,0.00045,0.11801
CVE-2023-33793,0.00045,0.11801
CVE-2023-33794,0.00045,0.11801
CVE-2023-33795,0.00045,0.11801
CVE-2023-33796,0.00184,0.55728
CVE-2023-33797,0.00045,0.11801
CVE-2023-33798,0.00045,0.11801
CVE-2023-33799,0.00045,0.11801
CVE-2023-3380,0.00064,0.25792
CVE-2023-33800,0.00045,0.11801
CVE-2023-33802,0.00044,0.10345
CVE-2023-3381,0.00052,0.17989
CVE-2023-33817,0.00050,0.16285
CVE-2023-3382,0.00052,0.17989
CVE-2023-33829,0.00083,0.34592
CVE-2023-3383,0.00063,0.25553
CVE-2023-33831,0.04822,0.91985
CVE-2023-33832,0.00042,0.05722
CVE-2023-33833,0.00042,0.05722
CVE-2023-33834,0.00058,0.22604
CVE-2023-33835,0.00079,0.33131
CVE-2023-33836,0.00057,0.21530
CVE-2023-33837,0.00074,0.30453
CVE-2023-33839,0.00066,0.27175
CVE-2023-3384,0.00045,0.11801
CVE-2023-33840,0.00044,0.10565
CVE-2023-33842,0.00042,0.05722
CVE-2023-33846,0.00052,0.18141
CVE-2023-33847,0.00055,0.20588
CVE-2023-33848,0.00064,0.26272
CVE-2023-33849,0.00087,0.35988
CVE-2023-3385,0.00068,0.28075
CVE-2023-33850,0.00104,0.42314
CVE-2023-33852,0.00048,0.14578
CVE-2023-33857,0.00058,0.22604
CVE-2023-3386,0.00076,0.31600
CVE-2023-33863,0.00272,0.64678
CVE-2023-33864,0.00272,0.64678
CVE-2023-33865,0.00043,0.07658
CVE-2023-33866,0.00238,0.61997
CVE-2023-33867,0.00043,0.06775
CVE-2023-33868,0.00091,0.38380
CVE-2023-33869,0.00084,0.34798
CVE-2023-3387,0.00051,0.17507
CVE-2023-33871,0.00093,0.39078
CVE-2023-33872,0.00043,0.06775
CVE-2023-33873,0.00042,0.05859
CVE-2023-33874,0.00043,0.06775
CVE-2023-33876,0.00168,0.53588
CVE-2023-33877,0.00043,0.06775
CVE-2023-33878,0.00044,0.08212
CVE-2023-33879,0.00044,0.08085
CVE-2023-3388,0.00065,0.26944
CVE-2023-33880,0.00044,0.08085
CVE-2023-33881,0.00042,0.05722
CVE-2023-33882,0.00042,0.05722
CVE-2023-33883,0.00042,0.05722
CVE-2023-33884,0.00042,0.05722
CVE-2023-33885,0.00042,0.05722
CVE-2023-33886,0.00042,0.05722
CVE-2023-33887,0.00042,0.05722
CVE-2023-33888,0.00042,0.05722
CVE-2023-33889,0.00042,0.05722
CVE-2023-3389,0.00042,0.05722
CVE-2023-33890,0.00042,0.05722
CVE-2023-33891,0.00042,0.05722
CVE-2023-33892,0.00042,0.05722
CVE-2023-33893,0.00042,0.05722
CVE-2023-33894,0.00042,0.05722
CVE-2023-33895,0.00042,0.05722
CVE-2023-33896,0.00042,0.05722
CVE-2023-33897,0.00042,0.05722
CVE-2023-33898,0.00042,0.05722
CVE-2023-33899,0.00042,0.05722
CVE-2023-3390,0.00042,0.05722
CVE-2023-33900,0.00042,0.05722
CVE-2023-33901,0.00042,0.05722
CVE-2023-33902,0.00042,0.05722
CVE-2023-33903,0.00042,0.05722
CVE-2023-33904,0.00042,0.05722
CVE-2023-33905,0.00042,0.05722
CVE-2023-33906,0.00042,0.05722
CVE-2023-33907,0.00042,0.05722
CVE-2023-33908,0.00042,0.05722
CVE-2023-33909,0.00042,0.05722
CVE-2023-3391,0.00063,0.25553
CVE-2023-33910,0.00042,0.05722
CVE-2023-33911,0.00042,0.05722
CVE-2023-33912,0.00042,0.05722
CVE-2023-33913,0.00054,0.19385
CVE-2023-33914,0.00050,0.16790
CVE-2023-33915,0.00074,0.30701
CVE-2023-33916,0.00042,0.05722
CVE-2023-33917,0.00042,0.05722
CVE-2023-33918,0.00042,0.05722
CVE-2023-33919,0.00162,0.52924
CVE-2023-3392,0.00050,0.16285
CVE-2023-33920,0.00043,0.07730
CVE-2023-33921,0.00043,0.07730
CVE-2023-33924,0.00076,0.31600
CVE-2023-33925,0.00046,0.13740
CVE-2023-33926,0.00058,0.21913
CVE-2023-33927,0.00076,0.31600
CVE-2023-33929,0.00045,0.11801
CVE-2023-3393,0.00049,0.15052
CVE-2023-33931,0.00058,0.21913
CVE-2023-33933,0.00061,0.23855
CVE-2023-33934,0.00341,0.68596
CVE-2023-33937,0.00048,0.14756
CVE-2023-33938,0.00059,0.23047
CVE-2023-33939,0.00048,0.14756
CVE-2023-3394,0.00046,0.13740
CVE-2023-33940,0.00048,0.14756
CVE-2023-33941,0.00059,0.23047
CVE-2023-33942,0.00048,0.14756
CVE-2023-33943,0.00048,0.14756
CVE-2023-33944,0.00059,0.23047
CVE-2023-33945,0.00076,0.31600
CVE-2023-33946,0.00056,0.21111
CVE-2023-33947,0.00056,0.21111
CVE-2023-33948,0.00095,0.39483
CVE-2023-33949,0.00072,0.29615
CVE-2023-3395,0.00049,0.14986
CVE-2023-33950,0.00077,0.31662
CVE-2023-33951,0.00045,0.12491
CVE-2023-33952,0.00045,0.12491
CVE-2023-33953,0.00044,0.10188
CVE-2023-33955,0.00052,0.17989
CVE-2023-33956,0.00049,0.14986
CVE-2023-33957,0.00044,0.10862
CVE-2023-33958,0.00046,0.13740
CVE-2023-33959,0.00091,0.38380
CVE-2023-3396,0.00063,0.25738
CVE-2023-33960,0.00060,0.23760
CVE-2023-33961,0.00045,0.11801
CVE-2023-33962,0.00052,0.17638
CVE-2023-33963,0.00073,0.30259
CVE-2023-33964,0.00047,0.13955
CVE-2023-33965,0.00230,0.61267
CVE-2023-33966,0.00091,0.38380
CVE-2023-33967,0.00063,0.25062
CVE-2023-33968,0.00045,0.11801
CVE-2023-33969,0.00045,0.11801
CVE-2023-3397,0.00042,0.05722
CVE-2023-33970,0.00049,0.14986
CVE-2023-33971,0.00049,0.15110
CVE-2023-33972,0.00050,0.16285
CVE-2023-33973,0.00157,0.52089
CVE-2023-33974,0.00133,0.48439
CVE-2023-33975,0.00174,0.54631
CVE-2023-33977,0.00090,0.37877
CVE-2023-33979,0.00049,0.14986
CVE-2023-3398,0.00046,0.13740
CVE-2023-33980,0.00045,0.12348
CVE-2023-33981,0.00045,0.12234
CVE-2023-33982,0.00077,0.32048
CVE-2023-33983,0.00079,0.33068
CVE-2023-33984,0.00045,0.11801
CVE-2023-33985,0.00046,0.13740
CVE-2023-33986,0.00046,0.13740
CVE-2023-33987,0.00102,0.41513
CVE-2023-33988,0.00054,0.19387
CVE-2023-33989,0.00046,0.12703
CVE-2023-3399,0.00067,0.27630
CVE-2023-33990,0.00043,0.06775
CVE-2023-33991,0.00048,0.14814
CVE-2023-33992,0.00049,0.14986
CVE-2023-33993,0.00050,0.16285
CVE-2023-33997,0.00046,0.13740
CVE-2023-34000,0.00084,0.34921
CVE-2023-34002,0.00058,0.21913
CVE-2023-34004,0.00045,0.11801
CVE-2023-34005,0.00058,0.21913
CVE-2023-34006,0.00045,0.11801
CVE-2023-34007,0.00050,0.16285
CVE-2023-34008,0.00046,0.13740
CVE-2023-3401,0.00046,0.12619
CVE-2023-34010,0.00046,0.13740
CVE-2023-34011,0.00045,0.11801
CVE-2023-34012,0.00046,0.13740
CVE-2023-34013,0.00087,0.36261
CVE-2023-34015,0.00058,0.21913
CVE-2023-34017,0.00046,0.13740
CVE-2023-34018,0.00045,0.11801
CVE-2023-34021,0.00046,0.13740
CVE-2023-34022,0.00046,0.13740
CVE-2023-34023,0.00046,0.13740
CVE-2023-34024,0.00058,0.21913
CVE-2023-34025,0.00058,0.21913
CVE-2023-34026,0.00046,0.13740
CVE-2023-34027,0.00072,0.29664
CVE-2023-34028,0.00058,0.21913
CVE-2023-34029,0.00048,0.14563
CVE-2023-3403,0.00051,0.17507
CVE-2023-34030,0.00058,0.21913
CVE-2023-34031,0.00058,0.21913
CVE-2023-34032,0.00046,0.13740
CVE-2023-34033,0.00058,0.21913
CVE-2023-34034,0.00205,0.58487
CVE-2023-34035,0.00045,0.11970
CVE-2023-34036,0.00045,0.11970
CVE-2023-34037,0.00045,0.11970
CVE-2023-34038,0.00046,0.13813
CVE-2023-34039,0.88996,0.98504
CVE-2023-3404,0.00065,0.26892
CVE-2023-34040,0.00044,0.10366
CVE-2023-34041,0.00052,0.17889
CVE-2023-34043,0.00042,0.05722
CVE-2023-34044,0.00045,0.12491
CVE-2023-34045,0.00042,0.05722
CVE-2023-34046,0.00042,0.05722
CVE-2023-34047,0.00063,0.25788
CVE-2023-34048,0.03061,0.90036
CVE-2023-3405,0.00046,0.13740
CVE-2023-34050,0.00045,0.12329
CVE-2023-34051,0.00170,0.54047
CVE-2023-34052,0.00047,0.14006
CVE-2023-34053,0.00052,0.17789
CVE-2023-34054,0.00044,0.10167
CVE-2023-34055,0.00043,0.07615
CVE-2023-34056,0.00043,0.07664
CVE-2023-34057,0.00042,0.05722
CVE-2023-34058,0.00113,0.44620
CVE-2023-34059,0.00042,0.05722
CVE-2023-3406,0.00050,0.15975
CVE-2023-34060,0.00110,0.44101
CVE-2023-34061,0.00052,0.17600
CVE-2023-34062,0.00090,0.37805
CVE-2023-34063,0.00043,0.07658
CVE-2023-34064,0.00078,0.32614
CVE-2023-3407,0.00065,0.26944
CVE-2023-34085,0.00045,0.11801
CVE-2023-34086,0.00043,0.06775
CVE-2023-34087,0.00064,0.26361
CVE-2023-34088,0.00045,0.11801
CVE-2023-34089,0.00076,0.31153
CVE-2023-34090,0.00147,0.50670
CVE-2023-34091,0.00046,0.12619
CVE-2023-34092,0.00104,0.42249
CVE-2023-34093,0.00056,0.20989
CVE-2023-34094,0.00046,0.13740
CVE-2023-34095,0.00164,0.53054
CVE-2023-34096,0.06492,0.93066
CVE-2023-34097,0.00050,0.16285
CVE-2023-34098,0.00052,0.17638
CVE-2023-34099,0.00052,0.17638
CVE-2023-34100,0.00046,0.13740
CVE-2023-34101,0.00084,0.35149
CVE-2023-34102,0.00109,0.43532
CVE-2023-34103,0.00045,0.11801
CVE-2023-34104,0.00051,0.17403
CVE-2023-34105,0.00569,0.75533
CVE-2023-34106,0.00049,0.14986
CVE-2023-34107,0.00049,0.14986
CVE-2023-34108,0.00055,0.20587
CVE-2023-34109,0.00046,0.13740
CVE-2023-3411,0.00069,0.28451
CVE-2023-34110,0.00051,0.17164
CVE-2023-34111,0.00140,0.49586
CVE-2023-34112,0.00048,0.14578
CVE-2023-34113,0.00050,0.16285
CVE-2023-34114,0.00049,0.14986
CVE-2023-34115,0.00043,0.06775
CVE-2023-34116,0.00048,0.14657
CVE-2023-34117,0.00046,0.12712
CVE-2023-34118,0.00043,0.06775
CVE-2023-34119,0.00043,0.06775
CVE-2023-3412,0.00045,0.11801
CVE-2023-34120,0.00043,0.06775
CVE-2023-34121,0.00048,0.14657
CVE-2023-34122,0.00043,0.06775
CVE-2023-34123,0.00048,0.14329
CVE-2023-34124,0.01564,0.85915
CVE-2023-34125,0.00050,0.15975
CVE-2023-34126,0.00050,0.16285
CVE-2023-34127,0.00067,0.27750
CVE-2023-34128,0.00091,0.38380
CVE-2023-34129,0.00304,0.66666
CVE-2023-3413,0.00121,0.46264
CVE-2023-34130,0.00061,0.24201
CVE-2023-34131,0.00052,0.17889
CVE-2023-34132,0.00068,0.28208
CVE-2023-34133,0.00065,0.27132
CVE-2023-34134,0.00049,0.14986
CVE-2023-34135,0.00072,0.29847
CVE-2023-34136,0.00094,0.39469
CVE-2023-34137,0.00091,0.38380
CVE-2023-34138,0.00047,0.14189
CVE-2023-34139,0.00047,0.14189
CVE-2023-3414,0.00055,0.20586
CVE-2023-34140,0.00044,0.10345
CVE-2023-34141,0.00047,0.14189
CVE-2023-34142,0.00087,0.36261
CVE-2023-34143,0.00060,0.23614
CVE-2023-34144,0.00092,0.38764
CVE-2023-34145,0.00092,0.38764
CVE-2023-34146,0.00045,0.12491
CVE-2023-34147,0.00045,0.12491
CVE-2023-34148,0.00045,0.12491
CVE-2023-34149,0.00823,0.80100
CVE-2023-34150,0.00063,0.25051
CVE-2023-34151,0.00044,0.08085
CVE-2023-34152,0.00386,0.70453
CVE-2023-34153,0.00054,0.19363
CVE-2023-34154,0.00046,0.13740
CVE-2023-34155,0.00046,0.13740
CVE-2023-34156,0.00046,0.13740
CVE-2023-34157,0.00046,0.13740
CVE-2023-34158,0.00046,0.13740
CVE-2023-34159,0.00091,0.38380
CVE-2023-34160,0.00046,0.13740
CVE-2023-34161,0.00046,0.13740
CVE-2023-34162,0.00046,0.13740
CVE-2023-34163,0.00046,0.13740
CVE-2023-34164,0.00046,0.13740
CVE-2023-34165,0.00046,0.13740
CVE-2023-34166,0.00046,0.13740
CVE-2023-34167,0.00046,0.13740
CVE-2023-34168,0.00050,0.16285
CVE-2023-34169,0.00058,0.21913
CVE-2023-3417,0.00052,0.17726
CVE-2023-34170,0.00045,0.11801
CVE-2023-34171,0.00058,0.21913
CVE-2023-34172,0.00045,0.11801
CVE-2023-34173,0.00045,0.11801
CVE-2023-34174,0.00046,0.13740
CVE-2023-34175,0.00046,0.13740
CVE-2023-34176,0.00046,0.13740
CVE-2023-34177,0.00058,0.21913
CVE-2023-34178,0.00058,0.21913
CVE-2023-34179,0.00050,0.16285
CVE-2023-3418,0.00045,0.11801
CVE-2023-34180,0.00046,0.13740
CVE-2023-34181,0.00058,0.21913
CVE-2023-34182,0.00058,0.21913
CVE-2023-34183,0.00045,0.11801
CVE-2023-34184,0.00046,0.13740
CVE-2023-34185,0.00048,0.14563
CVE-2023-34187,0.00045,0.11801
CVE-2023-34188,0.00063,0.25213
CVE-2023-34189,0.00091,0.38102
CVE-2023-34192,0.17094,0.95613
CVE-2023-34193,0.00124,0.46766
CVE-2023-34194,0.00052,0.17532
CVE-2023-34195,0.00042,0.05722
CVE-2023-34196,0.00059,0.22950
CVE-2023-34197,0.00412,0.71357
CVE-2023-34198,0.00043,0.06775
CVE-2023-3420,0.00127,0.47337
CVE-2023-34203,0.00074,0.30693
CVE-2023-34204,0.00048,0.14563
CVE-2023-34205,0.00124,0.46792
CVE-2023-34207,0.00093,0.38967
CVE-2023-34208,0.00076,0.31297
CVE-2023-34209,0.00059,0.23052
CVE-2023-3421,0.00229,0.61122
CVE-2023-34210,0.00056,0.21006
CVE-2023-34212,0.00100,0.40868
CVE-2023-34213,0.00128,0.47402
CVE-2023-34214,0.00086,0.35833
CVE-2023-34215,0.00128,0.47402
CVE-2023-34216,0.00046,0.12703
CVE-2023-34217,0.00046,0.12703
CVE-2023-34218,0.00091,0.38380
CVE-2023-34219,0.00045,0.11801
CVE-2023-3422,0.00054,0.19434
CVE-2023-34220,0.00045,0.11801
CVE-2023-34221,0.00045,0.11801
CVE-2023-34222,0.00046,0.13740
CVE-2023-34223,0.00046,0.13740
CVE-2023-34224,0.00045,0.11801
CVE-2023-34225,0.00045,0.11801
CVE-2023-34226,0.00046,0.13740
CVE-2023-34227,0.00087,0.36261
CVE-2023-34228,0.00046,0.12619
CVE-2023-34229,0.00045,0.11801
CVE-2023-3423,0.00050,0.16285
CVE-2023-34230,0.00270,0.64545
CVE-2023-34231,0.00375,0.70023
CVE-2023-34232,0.00482,0.73399
CVE-2023-34233,0.00375,0.70023
CVE-2023-34234,0.00046,0.13740
CVE-2023-34235,0.00084,0.34921
CVE-2023-34236,0.00099,0.40569
CVE-2023-34237,0.00844,0.80353
CVE-2023-34238,0.00058,0.22599
CVE-2023-34239,0.00065,0.26862
CVE-2023-3424,0.00046,0.13740
CVE-2023-34240,0.00091,0.38380
CVE-2023-34241,0.00042,0.05722
CVE-2023-34242,0.00046,0.13740
CVE-2023-34243,0.00046,0.13740
CVE-2023-34244,0.00052,0.17889
CVE-2023-34245,0.00046,0.13740
CVE-2023-34246,0.00070,0.29071
CVE-2023-34247,0.00045,0.11801
CVE-2023-34249,0.00076,0.31600
CVE-2023-3425,0.00052,0.17889
CVE-2023-34250,0.00046,0.13740
CVE-2023-34251,0.00136,0.48981
CVE-2023-34252,0.00285,0.65524
CVE-2023-34253,0.00537,0.74845
CVE-2023-34254,0.00052,0.17710
CVE-2023-34256,0.00042,0.05722
CVE-2023-34257,0.00106,0.42831
CVE-2023-34258,0.00296,0.66217
CVE-2023-34259,0.00554,0.75238
CVE-2023-3426,0.00054,0.19384
CVE-2023-34260,0.00271,0.64596
CVE-2023-34261,0.00185,0.55855
CVE-2023-3427,0.00065,0.26944
CVE-2023-3428,0.00044,0.08085
CVE-2023-3430,0.00093,0.39199
CVE-2023-3431,0.00052,0.17989
CVE-2023-34312,0.00043,0.06775
CVE-2023-34314,0.00043,0.06775
CVE-2023-34316,0.00169,0.53896
CVE-2023-34317,0.00044,0.08128
CVE-2023-34318,0.00042,0.05722
CVE-2023-34319,0.00042,0.05722
CVE-2023-3432,0.00067,0.27762
CVE-2023-34320,0.00066,0.27298
CVE-2023-34321,0.00043,0.06775
CVE-2023-34322,0.00043,0.06775
CVE-2023-34323,0.00043,0.06775
CVE-2023-34324,0.00054,0.19153
CVE-2023-34325,0.00050,0.16056
CVE-2023-34326,0.00043,0.06775
CVE-2023-34327,0.00043,0.06775
CVE-2023-34328,0.00043,0.06775
CVE-2023-34329,0.00043,0.06775
CVE-2023-3433,0.00042,0.05722
CVE-2023-34330,0.00049,0.15052
CVE-2023-34332,0.00043,0.06775
CVE-2023-34333,0.00043,0.06775
CVE-2023-34334,0.00056,0.20762
CVE-2023-34335,0.00048,0.14563
CVE-2023-34336,0.00055,0.20491
CVE-2023-34337,0.00050,0.16285
CVE-2023-34338,0.00061,0.24201
CVE-2023-34339,0.00043,0.06775
CVE-2023-3434,0.00051,0.17098
CVE-2023-34340,0.00661,0.77538
CVE-2023-34341,0.00055,0.20491
CVE-2023-34342,0.00096,0.39763
CVE-2023-34343,0.00056,0.20762
CVE-2023-34344,0.00046,0.13740
CVE-2023-34345,0.00052,0.17604
CVE-2023-34346,0.00134,0.48641
CVE-2023-34347,0.00126,0.47180
CVE-2023-34348,0.00052,0.17889
CVE-2023-34349,0.00043,0.06775
CVE-2023-3435,0.00423,0.71725
CVE-2023-34350,0.00043,0.06775
CVE-2023-34352,0.00068,0.28340
CVE-2023-34353,0.00101,0.41222
CVE-2023-34354,0.00049,0.15110
CVE-2023-34355,0.00043,0.06775
CVE-2023-34356,0.00067,0.27791
CVE-2023-34357,0.00043,0.06775
CVE-2023-34358,0.00081,0.33588
CVE-2023-34359,0.00081,0.33588
CVE-2023-3436,0.00044,0.10345
CVE-2023-34360,0.00048,0.14756
CVE-2023-34362,0.95230,0.99195
CVE-2023-34363,0.00048,0.14563
CVE-2023-34364,0.00134,0.48641
CVE-2023-34365,0.00088,0.37081
CVE-2023-34366,0.00380,0.70247
CVE-2023-34367,0.00315,0.67267
CVE-2023-34368,0.00045,0.11801
CVE-2023-34369,0.00045,0.11801
CVE-2023-34371,0.00058,0.21913
CVE-2023-34372,0.00045,0.11801
CVE-2023-34373,0.00058,0.21913
CVE-2023-34374,0.00045,0.11801
CVE-2023-34375,0.00046,0.13740
CVE-2023-34377,0.00045,0.11801
CVE-2023-34378,0.00058,0.21913
CVE-2023-34379,0.00045,0.11801
CVE-2023-3438,0.00042,0.05722
CVE-2023-34382,0.00052,0.17780
CVE-2023-34383,0.00076,0.31600
CVE-2023-34384,0.00058,0.21913
CVE-2023-34385,0.00050,0.16285
CVE-2023-34386,0.00058,0.21913
CVE-2023-34388,0.00147,0.50724
CVE-2023-34389,0.00065,0.26805
CVE-2023-3439,0.00042,0.05722
CVE-2023-34390,0.00067,0.27874
CVE-2023-34391,0.00043,0.06775
CVE-2023-34392,0.00091,0.38380
CVE-2023-34394,0.00150,0.51202
CVE-2023-34395,0.00042,0.05722
CVE-2023-34396,0.00793,0.79748
CVE-2023-3440,0.00043,0.06775
CVE-2023-34407,0.00087,0.35961
CVE-2023-34408,0.00058,0.22009
CVE-2023-34409,0.00132,0.48280
CVE-2023-34410,0.00052,0.17638
CVE-2023-34411,0.00055,0.20401
CVE-2023-34412,0.00048,0.14756
CVE-2023-34414,0.00058,0.22643
CVE-2023-34415,0.00053,0.18315
CVE-2023-34416,0.00101,0.41236
CVE-2023-34417,0.00068,0.28208
CVE-2023-34418,0.00050,0.16404
CVE-2023-34419,0.00042,0.05722
CVE-2023-3442,0.00087,0.36261
CVE-2023-34420,0.00063,0.24908
CVE-2023-34421,0.00044,0.10862
CVE-2023-34422,0.00044,0.10862
CVE-2023-34425,0.00193,0.57227
CVE-2023-34426,0.00088,0.37081
CVE-2023-34427,0.00043,0.06775
CVE-2023-34429,0.00046,0.13740
CVE-2023-3443,0.00045,0.11801
CVE-2023-34430,0.00043,0.06775
CVE-2023-34431,0.00043,0.06775
CVE-2023-34432,0.00055,0.20747
CVE-2023-34433,0.00091,0.38380
CVE-2023-34434,0.00364,0.69601
CVE-2023-34436,0.00055,0.20747
CVE-2023-34437,0.00087,0.36261
CVE-2023-34438,0.00043,0.06775
CVE-2023-34439,0.00045,0.11801
CVE-2023-3444,0.00046,0.12619
CVE-2023-34441,0.00087,0.36261
CVE-2023-34442,0.00042,0.05722
CVE-2023-34446,0.00046,0.13740
CVE-2023-34447,0.00052,0.17989
CVE-2023-34448,0.00277,0.64950
CVE-2023-34449,0.00049,0.15162
CVE-2023-3445,0.00045,0.11801
CVE-2023-34450,0.00052,0.17638
CVE-2023-34451,0.00053,0.18664
CVE-2023-34452,0.00050,0.16906
CVE-2023-34453,0.00056,0.20790
CVE-2023-34454,0.00056,0.20790
CVE-2023-34455,0.00056,0.20790
CVE-2023-34457,0.00061,0.24176
CVE-2023-34458,0.00052,0.17638
CVE-2023-34459,0.00054,0.19490
CVE-2023-3446,0.00208,0.58813
CVE-2023-34460,0.00063,0.24985
CVE-2023-34461,0.00045,0.11801
CVE-2023-34462,0.00059,0.22957
CVE-2023-34463,0.00046,0.12561
CVE-2023-34464,0.00051,0.17023
CVE-2023-34465,0.00072,0.29466
CVE-2023-34466,0.00045,0.11801
CVE-2023-34467,0.00066,0.27248
CVE-2023-34468,0.87463,0.98409
CVE-2023-34469,0.00052,0.18120
CVE-2023-3447,0.00093,0.39078
CVE-2023-34470,0.00043,0.06775
CVE-2023-34471,0.00050,0.16404
CVE-2023-34472,0.00046,0.12619
CVE-2023-34473,0.00050,0.16285
CVE-2023-34474,0.00062,0.24598
CVE-2023-34475,0.00044,0.08085
CVE-2023-34476,0.00076,0.31600
CVE-2023-34477,0.00076,0.31600
CVE-2023-34478,0.00071,0.29138
CVE-2023-34486,0.00064,0.26154
CVE-2023-34487,0.00076,0.31600
CVE-2023-34488,0.00053,0.19001
CVE-2023-3449,0.00076,0.31144
CVE-2023-34494,0.00046,0.13740
CVE-2023-3450,0.00494,0.73724
CVE-2023-3452,0.00150,0.51201
CVE-2023-3453,0.00045,0.11989
CVE-2023-34537,0.00077,0.31990
CVE-2023-34540,0.00078,0.32756
CVE-2023-34541,0.00143,0.50070
CVE-2023-34545,0.00059,0.22864
CVE-2023-34548,0.00076,0.31600
CVE-2023-3455,0.00048,0.14563
CVE-2023-34551,0.00069,0.28665
CVE-2023-34552,0.00100,0.41018
CVE-2023-34553,0.00045,0.12108
CVE-2023-3456,0.00046,0.13740
CVE-2023-34561,0.00129,0.47555
CVE-2023-34563,0.00087,0.36569
CVE-2023-34565,0.00045,0.11801
CVE-2023-34566,0.00091,0.38380
CVE-2023-34567,0.00043,0.06775
CVE-2023-34568,0.00043,0.06775
CVE-2023-34569,0.00043,0.06775
CVE-2023-3457,0.00077,0.31941
CVE-2023-34570,0.00043,0.06775
CVE-2023-34571,0.00043,0.06775
CVE-2023-34575,0.00063,0.25601
CVE-2023-34576,0.00059,0.22864
CVE-2023-34577,0.00063,0.25601
CVE-2023-3458,0.00077,0.31941
CVE-2023-34581,0.00089,0.37313
CVE-2023-3459,0.00062,0.24555
CVE-2023-34596,0.00044,0.10345
CVE-2023-34597,0.00044,0.10345
CVE-2023-34598,0.03362,0.90479
CVE-2023-34599,0.00071,0.29251
CVE-2023-3460,0.08148,0.93752
CVE-2023-34600,0.00076,0.31600
CVE-2023-34601,0.00076,0.31600
CVE-2023-34602,0.00073,0.30355
CVE-2023-34603,0.00073,0.30355
CVE-2023-34609,0.00058,0.21556
CVE-2023-34610,0.00046,0.13740
CVE-2023-34611,0.00046,0.13740
CVE-2023-34612,0.00046,0.13740
CVE-2023-34613,0.00046,0.13740
CVE-2023-34614,0.00046,0.13740
CVE-2023-34615,0.00046,0.13740
CVE-2023-34616,0.00046,0.13740
CVE-2023-34617,0.00046,0.13740
CVE-2023-3462,0.00046,0.13740
CVE-2023-34620,0.00046,0.13740
CVE-2023-34623,0.00046,0.13740
CVE-2023-34624,0.00049,0.15801
CVE-2023-34625,0.00055,0.20407
CVE-2023-34626,0.00045,0.11801
CVE-2023-3463,0.00128,0.47446
CVE-2023-34634,0.90688,0.98617
CVE-2023-34635,0.00101,0.41206
CVE-2023-34637,0.00045,0.11801
CVE-2023-3464,0.00052,0.17989
CVE-2023-34641,0.00042,0.05722
CVE-2023-34642,0.00042,0.05722
CVE-2023-34644,0.00286,0.65594
CVE-2023-34645,0.00084,0.34921
CVE-2023-34647,0.00046,0.13740
CVE-2023-34648,0.00045,0.12234
CVE-2023-3465,0.00052,0.17989
CVE-2023-34650,0.00046,0.13740
CVE-2023-34651,0.00046,0.13740
CVE-2023-34652,0.00046,0.13740
CVE-2023-34654,0.00046,0.13740
CVE-2023-34656,0.00050,0.16285
CVE-2023-34657,0.00045,0.11801
CVE-2023-34658,0.00046,0.13740
CVE-2023-34659,0.04324,0.91522
CVE-2023-3466,0.00046,0.13740
CVE-2023-34660,0.00046,0.12619
CVE-2023-34666,0.00053,0.18893
CVE-2023-34669,0.00045,0.11985
CVE-2023-3467,0.00043,0.06775
CVE-2023-34671,0.00050,0.16285
CVE-2023-34672,0.00050,0.16285
CVE-2023-34673,0.00049,0.14986
CVE-2023-3469,0.00045,0.11801
CVE-2023-3470,0.00053,0.19001
CVE-2023-3471,0.00055,0.20747
CVE-2023-3472,0.00055,0.20747
CVE-2023-34723,0.01316,0.84574
CVE-2023-34724,0.00050,0.16759
CVE-2023-34725,0.00051,0.17405
CVE-2023-3473,0.00077,0.31941
CVE-2023-34733,0.00053,0.19001
CVE-2023-34734,0.00045,0.11801
CVE-2023-34735,0.00076,0.31600
CVE-2023-34736,0.00050,0.16285
CVE-2023-34738,0.00106,0.42831
CVE-2023-3474,0.00056,0.20802
CVE-2023-34747,0.00107,0.43034
CVE-2023-3475,0.00056,0.20802
CVE-2023-34750,0.00076,0.31600
CVE-2023-34751,0.01503,0.85612
CVE-2023-34752,0.05297,0.92342
CVE-2023-34753,0.01503,0.85612
CVE-2023-34754,0.00076,0.31600
CVE-2023-34755,0.01503,0.85612
CVE-2023-34756,0.01503,0.85612
CVE-2023-34758,0.00063,0.24985
CVE-2023-3476,0.00056,0.20802
CVE-2023-34761,0.00068,0.27908
CVE-2023-3477,0.00056,0.20802
CVE-2023-3478,0.00054,0.19627
CVE-2023-3479,0.00070,0.28965
CVE-2023-34795,0.00050,0.16759
CVE-2023-34796,0.00110,0.44005
CVE-2023-34797,0.00063,0.25605
CVE-2023-34798,0.00134,0.48641
CVE-2023-34800,0.00097,0.40089
CVE-2023-3481,0.00044,0.10188
CVE-2023-3482,0.00064,0.26487
CVE-2023-34823,0.00044,0.10345
CVE-2023-34824,0.00044,0.10345
CVE-2023-34829,0.00044,0.08114
CVE-2023-34830,0.00045,0.11801
CVE-2023-34831,0.00045,0.11801
CVE-2023-34832,0.00230,0.61215
CVE-2023-34833,0.00050,0.16906
CVE-2023-34834,0.23533,0.96161
CVE-2023-34835,0.00052,0.17702
CVE-2023-34836,0.00060,0.23594
CVE-2023-34837,0.00060,0.23594
CVE-2023-34838,0.00052,0.17688
CVE-2023-34839,0.00069,0.28648
CVE-2023-3484,0.00046,0.12619
CVE-2023-34840,0.00052,0.17989
CVE-2023-34842,0.00236,0.61819
CVE-2023-34843,0.00349,0.68964
CVE-2023-34844,0.00106,0.42831
CVE-2023-34845,0.00051,0.17093
CVE-2023-34849,0.00707,0.78369
CVE-2023-3485,0.00043,0.06775
CVE-2023-34852,0.00091,0.38380
CVE-2023-34853,0.00042,0.05722
CVE-2023-34855,0.00049,0.15110
CVE-2023-34856,0.00049,0.15056
CVE-2023-3486,0.00081,0.33789
CVE-2023-34865,0.00107,0.43012
CVE-2023-34867,0.00046,0.13740
CVE-2023-34868,0.00046,0.13740
CVE-2023-34869,0.00046,0.13740
CVE-2023-3487,0.00043,0.06775
CVE-2023-34872,0.00164,0.53111
CVE-2023-34878,0.00084,0.34921
CVE-2023-3488,0.00052,0.18120
CVE-2023-34880,0.00312,0.67099
CVE-2023-3489,0.00087,0.36261
CVE-2023-3490,0.00076,0.31600
CVE-2023-3491,0.00050,0.16285
CVE-2023-34916,0.00046,0.13740
CVE-2023-34917,0.00046,0.13740
CVE-2023-3492,0.00050,0.16285
CVE-2023-34923,0.00050,0.16404
CVE-2023-34924,0.00046,0.13740
CVE-2023-34927,0.00054,0.19490
CVE-2023-34928,0.00046,0.13740
CVE-2023-34929,0.00046,0.13740
CVE-2023-3493,0.00050,0.16285
CVE-2023-34930,0.00046,0.13740
CVE-2023-34931,0.00046,0.13740
CVE-2023-34932,0.00046,0.13740
CVE-2023-34933,0.00046,0.13740
CVE-2023-34934,0.00046,0.13740
CVE-2023-34935,0.00046,0.13740
CVE-2023-34936,0.00046,0.13740
CVE-2023-34937,0.00046,0.13740
CVE-2023-34939,0.00633,0.76901
CVE-2023-3494,0.00042,0.05722
CVE-2023-34940,0.00046,0.13740
CVE-2023-34941,0.00045,0.11801
CVE-2023-34942,0.00046,0.13740
CVE-2023-34944,0.00088,0.36938
CVE-2023-3495,0.00053,0.19001
CVE-2023-34958,0.00045,0.11801
CVE-2023-34959,0.00052,0.17638
CVE-2023-34960,0.88681,0.98478
CVE-2023-34961,0.00046,0.13740
CVE-2023-34962,0.00060,0.23229
CVE-2023-34965,0.00052,0.18014
CVE-2023-34966,0.04398,0.91584
CVE-2023-34967,0.04042,0.91244
CVE-2023-34968,0.00083,0.34503
CVE-2023-34969,0.00054,0.19276
CVE-2023-3497,0.00044,0.08085
CVE-2023-34970,0.00066,0.27615
CVE-2023-34971,0.00046,0.13766
CVE-2023-34972,0.00052,0.18120
CVE-2023-34973,0.00069,0.28553
CVE-2023-34975,0.00050,0.16285
CVE-2023-34976,0.00050,0.16285
CVE-2023-34977,0.00045,0.11801
CVE-2023-34981,0.00227,0.60983
CVE-2023-34982,0.00042,0.05859
CVE-2023-34984,0.00067,0.27660
CVE-2023-34985,0.00050,0.16721
CVE-2023-34986,0.00050,0.16721
CVE-2023-34987,0.00050,0.16721
CVE-2023-34988,0.00050,0.16721
CVE-2023-34989,0.00050,0.16721
CVE-2023-3499,0.00045,0.11801
CVE-2023-34991,0.00062,0.24252
CVE-2023-34992,0.00068,0.27907
CVE-2023-34993,0.00052,0.18045
CVE-2023-34994,0.00044,0.08113
CVE-2023-34995,0.00091,0.38380
CVE-2023-34997,0.00043,0.06775
CVE-2023-34998,0.00091,0.38380
CVE-2023-34999,0.00055,0.20339
CVE-2023-3500,0.00046,0.13740
CVE-2023-35001,0.00046,0.13870
CVE-2023-35002,0.00118,0.45753
CVE-2023-35004,0.00056,0.21135
CVE-2023-35005,0.00053,0.18478
CVE-2023-35009,0.00067,0.27855
CVE-2023-3501,0.00045,0.11801
CVE-2023-35011,0.00051,0.17098
CVE-2023-35012,0.00042,0.05722
CVE-2023-35013,0.00042,0.05722
CVE-2023-35016,0.00058,0.22713
CVE-2023-35018,0.00050,0.15961
CVE-2023-35019,0.00064,0.26312
CVE-2023-3502,0.00079,0.33176
CVE-2023-35020,0.00056,0.21157
CVE-2023-35024,0.00049,0.15916
CVE-2023-35029,0.00059,0.23047
CVE-2023-3503,0.00111,0.44283
CVE-2023-35030,0.00126,0.47128
CVE-2023-35031,0.00048,0.14225
CVE-2023-35032,0.00048,0.14225
CVE-2023-35033,0.00048,0.14225
CVE-2023-35034,0.00271,0.64594
CVE-2023-35035,0.00048,0.14225
CVE-2023-35036,0.00099,0.40674
CVE-2023-35038,0.00058,0.21913
CVE-2023-35039,0.00091,0.38380
CVE-2023-3504,0.00091,0.38380
CVE-2023-35041,0.00057,0.21450
CVE-2023-35042,0.00276,0.64906
CVE-2023-35043,0.00046,0.13740
CVE-2023-35044,0.00046,0.13740
CVE-2023-35047,0.00048,0.14563
CVE-2023-35048,0.00045,0.11801
CVE-2023-3505,0.00046,0.13740
CVE-2023-35053,0.00046,0.13740
CVE-2023-35054,0.00045,0.11801
CVE-2023-35055,0.00134,0.48641
CVE-2023-35056,0.00134,0.48641
CVE-2023-35057,0.00053,0.19001
CVE-2023-3506,0.00048,0.14347
CVE-2023-35064,0.00076,0.31600
CVE-2023-35065,0.00076,0.31600
CVE-2023-35066,0.00076,0.31600
CVE-2023-35067,0.00087,0.36261
CVE-2023-35068,0.00076,0.31600
CVE-2023-35069,0.00090,0.37805
CVE-2023-3507,0.00048,0.14563
CVE-2023-35070,0.00076,0.31600
CVE-2023-35071,0.00076,0.31600
CVE-2023-35072,0.00076,0.31600
CVE-2023-35074,0.00109,0.43769
CVE-2023-35075,0.00045,0.11801
CVE-2023-35077,0.00046,0.13740
CVE-2023-35078,0.95555,0.99269
CVE-2023-3508,0.00048,0.14563
CVE-2023-35080,0.00043,0.06775
CVE-2023-35081,0.67227,0.97666
CVE-2023-35082,0.93274,0.98907
CVE-2023-35083,0.00049,0.14986
CVE-2023-35084,0.00073,0.30259
CVE-2023-35085,0.00237,0.61839
CVE-2023-35086,0.00356,0.69253
CVE-2023-35087,0.00330,0.68144
CVE-2023-35088,0.00577,0.75732
CVE-2023-35089,0.00058,0.21913
CVE-2023-35090,0.00045,0.11801
CVE-2023-35091,0.00058,0.21913
CVE-2023-35092,0.00045,0.11801
CVE-2023-35093,0.00049,0.14986
CVE-2023-35094,0.00045,0.11801
CVE-2023-35095,0.00045,0.11801
CVE-2023-35096,0.00058,0.21913
CVE-2023-35097,0.00046,0.13740
CVE-2023-35098,0.00046,0.13740
CVE-2023-3510,0.00045,0.11801
CVE-2023-3511,0.00045,0.11801
CVE-2023-35110,0.00046,0.13740
CVE-2023-35116,0.00043,0.06775
CVE-2023-3512,0.00090,0.37805
CVE-2023-35120,0.00058,0.21913
CVE-2023-35124,0.00044,0.08128
CVE-2023-35126,0.00131,0.47944
CVE-2023-35127,0.00074,0.30465
CVE-2023-35128,0.00053,0.19001
CVE-2023-3513,0.00045,0.11830
CVE-2023-35131,0.00052,0.17989
CVE-2023-35132,0.00053,0.18483
CVE-2023-35133,0.00061,0.24202
CVE-2023-35134,0.00048,0.14563
CVE-2023-35136,0.00042,0.05722
CVE-2023-35137,0.00093,0.39078
CVE-2023-35138,0.00058,0.21983
CVE-2023-35139,0.00046,0.13740
CVE-2023-3514,0.00043,0.06775
CVE-2023-35140,0.00042,0.05722
CVE-2023-35141,0.00050,0.15988
CVE-2023-35142,0.00091,0.38380
CVE-2023-35143,0.00090,0.37843
CVE-2023-35144,0.00090,0.37843
CVE-2023-35145,0.00044,0.10753
CVE-2023-35146,0.00090,0.37843
CVE-2023-35147,0.00049,0.14986
CVE-2023-35148,0.00055,0.20586
CVE-2023-35149,0.00049,0.14986
CVE-2023-3515,0.00051,0.17093
CVE-2023-35150,0.00292,0.65974
CVE-2023-35151,0.00066,0.27248
CVE-2023-35152,0.00076,0.31205
CVE-2023-35153,0.00051,0.17023
CVE-2023-35154,0.00046,0.13740
CVE-2023-35155,0.00046,0.13740
CVE-2023-35156,0.00116,0.45462
CVE-2023-35157,0.00053,0.18483
CVE-2023-35158,0.00085,0.35458
CVE-2023-35159,0.00085,0.35458
CVE-2023-35160,0.00085,0.35458
CVE-2023-35161,0.00085,0.35458
CVE-2023-35162,0.00103,0.41765
CVE-2023-35163,0.00057,0.21294
CVE-2023-35164,0.00046,0.12619
CVE-2023-35165,0.00049,0.15150
CVE-2023-35166,0.00064,0.26490
CVE-2023-35167,0.00053,0.18483
CVE-2023-35168,0.00049,0.14986
CVE-2023-35169,0.00839,0.80297
CVE-2023-3517,0.00050,0.16285
CVE-2023-35171,0.00063,0.24908
CVE-2023-35172,0.00067,0.27762
CVE-2023-35173,0.00053,0.18664
CVE-2023-35174,0.00103,0.41688
CVE-2023-35175,0.00394,0.70775
CVE-2023-35176,0.00582,0.75831
CVE-2023-35177,0.00384,0.70383
CVE-2023-35178,0.00384,0.70383
CVE-2023-35179,0.00050,0.16285
CVE-2023-3518,0.00046,0.13740
CVE-2023-35180,0.01155,0.83390
CVE-2023-35181,0.00051,0.17399
CVE-2023-35182,0.03447,0.90596
CVE-2023-35183,0.00051,0.17399
CVE-2023-35184,0.03447,0.90596
CVE-2023-35185,0.00093,0.39152
CVE-2023-35186,0.01155,0.83390
CVE-2023-35187,0.01420,0.85164
CVE-2023-35189,0.00290,0.65862
CVE-2023-3519,0.89042,0.98508
CVE-2023-35193,0.00067,0.27791
CVE-2023-35194,0.00067,0.27791
CVE-2023-3520,0.00045,0.11801
CVE-2023-3521,0.00046,0.13740
CVE-2023-3522,0.00076,0.31600
CVE-2023-3523,0.00052,0.18120
CVE-2023-3524,0.00046,0.13740
CVE-2023-3525,0.00076,0.31145
CVE-2023-3526,0.00262,0.63940
CVE-2023-3527,0.00054,0.19351
CVE-2023-3528,0.00076,0.31600
CVE-2023-3529,0.00087,0.36261
CVE-2023-35296,0.00045,0.12365
CVE-2023-35297,0.00150,0.51159
CVE-2023-35298,0.00100,0.40934
CVE-2023-35299,0.00054,0.19472
CVE-2023-35300,0.00215,0.59553
CVE-2023-35302,0.01238,0.84043
CVE-2023-35303,0.01238,0.84043
CVE-2023-35304,0.00048,0.14284
CVE-2023-35305,0.00048,0.14284
CVE-2023-35306,0.00044,0.08140
CVE-2023-35308,0.00090,0.37706
CVE-2023-35309,0.00165,0.53186
CVE-2023-3531,0.00045,0.11801
CVE-2023-35310,0.00163,0.52991
CVE-2023-35311,0.00968,0.81727
CVE-2023-35312,0.00048,0.14284
CVE-2023-35313,0.00123,0.46619
CVE-2023-35314,0.00213,0.59324
CVE-2023-35315,0.00128,0.47379
CVE-2023-35316,0.00045,0.12365
CVE-2023-35317,0.00044,0.08140
CVE-2023-35318,0.00213,0.59324
CVE-2023-35319,0.00213,0.59324
CVE-2023-3532,0.00045,0.11801
CVE-2023-35320,0.00054,0.19472
CVE-2023-35321,0.00213,0.59324
CVE-2023-35322,0.00215,0.59553
CVE-2023-35323,0.00113,0.44762
CVE-2023-35324,0.00054,0.19472
CVE-2023-35325,0.00099,0.40761
CVE-2023-35326,0.00044,0.08140
CVE-2023-35328,0.00054,0.19472
CVE-2023-35329,0.00213,0.59324
CVE-2023-3533,0.00350,0.69006
CVE-2023-35330,0.00147,0.50628
CVE-2023-35331,0.00056,0.21027
CVE-2023-35332,0.00209,0.58901
CVE-2023-35333,0.00208,0.58828
CVE-2023-35335,0.00125,0.46963
CVE-2023-35336,0.00090,0.37706
CVE-2023-35337,0.00048,0.14284
CVE-2023-35338,0.00147,0.50628
CVE-2023-35339,0.00100,0.40934
CVE-2023-3534,0.00064,0.26393
CVE-2023-35340,0.00044,0.08140
CVE-2023-35341,0.00048,0.14284
CVE-2023-35342,0.00054,0.19472
CVE-2023-35343,0.00113,0.44762
CVE-2023-35344,0.00206,0.58616
CVE-2023-35345,0.00206,0.58616
CVE-2023-35346,0.00160,0.52647
CVE-2023-35347,0.00044,0.10457
CVE-2023-35348,0.00071,0.29190
CVE-2023-35349,0.00708,0.78375
CVE-2023-3535,0.00046,0.13740
CVE-2023-35350,0.00213,0.59285
CVE-2023-35351,0.00160,0.52647
CVE-2023-35352,0.00120,0.46179
CVE-2023-35353,0.00044,0.08140
CVE-2023-35355,0.00048,0.14284
CVE-2023-35356,0.00045,0.12070
CVE-2023-35357,0.00048,0.14354
CVE-2023-35358,0.00048,0.14354
CVE-2023-35359,0.00048,0.14350
CVE-2023-3536,0.00046,0.13740
CVE-2023-35360,0.00043,0.07499
CVE-2023-35361,0.00043,0.07499
CVE-2023-35362,0.00043,0.07660
CVE-2023-35363,0.00048,0.14284
CVE-2023-35364,0.00048,0.14284
CVE-2023-35365,0.04313,0.91511
CVE-2023-35366,0.08402,0.93832
CVE-2023-35367,0.04313,0.91511
CVE-2023-35368,0.00113,0.44762
CVE-2023-3537,0.00046,0.13740
CVE-2023-35371,0.00113,0.44762
CVE-2023-35372,0.00113,0.44762
CVE-2023-35373,0.00048,0.14808
CVE-2023-35374,0.00113,0.44762
CVE-2023-35376,0.00100,0.40934
CVE-2023-35377,0.00100,0.40934
CVE-2023-35378,0.00043,0.07499
CVE-2023-35379,0.00048,0.14284
CVE-2023-3538,0.00045,0.11801
CVE-2023-35380,0.00048,0.14284
CVE-2023-35381,0.02113,0.88049
CVE-2023-35382,0.00048,0.14354
CVE-2023-35383,0.00114,0.44870
CVE-2023-35384,0.00085,0.35250
CVE-2023-35385,0.00945,0.81480
CVE-2023-35386,0.00048,0.14354
CVE-2023-35387,0.00050,0.16871
CVE-2023-35388,0.00061,0.24038
CVE-2023-35389,0.01112,0.83043
CVE-2023-3539,0.00046,0.13740
CVE-2023-35390,0.00753,0.79100
CVE-2023-35391,0.00114,0.44870
CVE-2023-35392,0.00063,0.25174
CVE-2023-35393,0.00051,0.17020
CVE-2023-35394,0.00051,0.17020
CVE-2023-3540,0.00046,0.13740
CVE-2023-3541,0.00046,0.13740
CVE-2023-3542,0.00046,0.13740
CVE-2023-3543,0.00056,0.20802
CVE-2023-3544,0.00056,0.20802
CVE-2023-3545,0.00445,0.72366
CVE-2023-3547,0.00087,0.36569
CVE-2023-3548,0.00091,0.38380
CVE-2023-3550,0.00128,0.47552
CVE-2023-3551,0.00049,0.15052
CVE-2023-3552,0.00045,0.11801
CVE-2023-3553,0.00084,0.34859
CVE-2023-3554,0.00046,0.13740
CVE-2023-3555,0.00046,0.13740
CVE-2023-3556,0.00046,0.13740
CVE-2023-3557,0.00046,0.13740
CVE-2023-3558,0.00045,0.11801
CVE-2023-3559,0.00046,0.13740
CVE-2023-3560,0.00046,0.13740
CVE-2023-3561,0.00046,0.13740
CVE-2023-35618,0.00106,0.42733
CVE-2023-35619,0.00063,0.25174
CVE-2023-3562,0.00046,0.13740
CVE-2023-35621,0.00069,0.28485
CVE-2023-35622,0.00073,0.30019
CVE-2023-35624,0.00053,0.18472
CVE-2023-35625,0.00048,0.14284
CVE-2023-35628,0.00479,0.73339
CVE-2023-35629,0.00113,0.44762
CVE-2023-3563,0.00046,0.13740
CVE-2023-35630,0.00113,0.44762
CVE-2023-35631,0.00048,0.14284
CVE-2023-35632,0.00048,0.14284
CVE-2023-35633,0.00097,0.40156
CVE-2023-35634,0.00113,0.44762
CVE-2023-35635,0.00058,0.22622
CVE-2023-35636,0.00092,0.38804
CVE-2023-35638,0.00069,0.28485
CVE-2023-35639,0.01462,0.85396
CVE-2023-3564,0.00046,0.13740
CVE-2023-35641,0.00113,0.44762
CVE-2023-35642,0.00059,0.22954
CVE-2023-35643,0.00114,0.44870
CVE-2023-35644,0.00048,0.14284
CVE-2023-35645,0.00042,0.05722
CVE-2023-35646,0.00092,0.38672
CVE-2023-35647,0.00065,0.26806
CVE-2023-35648,0.00065,0.26806
CVE-2023-35649,0.00058,0.21932
CVE-2023-3565,0.00045,0.11801
CVE-2023-35652,0.00064,0.26342
CVE-2023-35653,0.00042,0.05722
CVE-2023-35654,0.00042,0.05722
CVE-2023-35655,0.00042,0.05722
CVE-2023-35656,0.00088,0.37067
CVE-2023-35658,0.00048,0.14473
CVE-2023-3566,0.00066,0.27234
CVE-2023-35660,0.00042,0.05722
CVE-2023-35661,0.00088,0.37067
CVE-2023-35662,0.00092,0.38672
CVE-2023-35663,0.00088,0.37067
CVE-2023-35664,0.00042,0.05722
CVE-2023-35665,0.00042,0.05722
CVE-2023-35666,0.00042,0.05722
CVE-2023-35667,0.00042,0.05722
CVE-2023-35668,0.00042,0.05722
CVE-2023-35669,0.00042,0.05722
CVE-2023-3567,0.00042,0.05722
CVE-2023-35670,0.00044,0.07794
CVE-2023-35671,0.00042,0.05722
CVE-2023-35673,0.00049,0.14990
CVE-2023-35674,0.00064,0.26456
CVE-2023-35675,0.00042,0.05722
CVE-2023-35676,0.00042,0.05722
CVE-2023-35677,0.00042,0.05722
CVE-2023-35679,0.00046,0.12632
CVE-2023-3568,0.00045,0.11801
CVE-2023-35680,0.00042,0.05722
CVE-2023-35681,0.00092,0.38672
CVE-2023-35682,0.00048,0.14473
CVE-2023-35683,0.00042,0.05722
CVE-2023-35684,0.00049,0.14990
CVE-2023-35687,0.00042,0.05722
CVE-2023-35689,0.00042,0.05722
CVE-2023-3569,0.00091,0.38490
CVE-2023-35690,0.00074,0.30568
CVE-2023-35691,0.00058,0.21932
CVE-2023-35692,0.00042,0.05722
CVE-2023-35693,0.00042,0.05722
CVE-2023-35694,0.00088,0.37067
CVE-2023-35695,0.00112,0.44498
CVE-2023-35696,0.00099,0.40723
CVE-2023-35697,0.00096,0.39785
CVE-2023-35698,0.00092,0.38713
CVE-2023-35699,0.00050,0.16290
CVE-2023-3570,0.00086,0.35531
CVE-2023-35702,0.00055,0.20747
CVE-2023-35703,0.00055,0.20747
CVE-2023-35704,0.00055,0.20747
CVE-2023-35708,0.00083,0.34407
CVE-2023-3571,0.00086,0.35531
CVE-2023-35719,0.00050,0.15947
CVE-2023-3572,0.00124,0.46802
CVE-2023-3573,0.00076,0.31385
CVE-2023-3574,0.00046,0.13786
CVE-2023-3575,0.00045,0.11801
CVE-2023-35759,0.00054,0.19316
CVE-2023-3576,0.00044,0.08085
CVE-2023-35762,0.00187,0.56170
CVE-2023-35763,0.00044,0.08090
CVE-2023-35765,0.00049,0.14986
CVE-2023-35767,0.00077,0.31662
CVE-2023-3577,0.00045,0.11801
CVE-2023-35772,0.00046,0.13740
CVE-2023-35773,0.00058,0.21913
CVE-2023-35774,0.00058,0.21913
CVE-2023-35775,0.00046,0.13740
CVE-2023-35776,0.00045,0.11801
CVE-2023-35778,0.00048,0.14563
CVE-2023-35779,0.00045,0.11801
CVE-2023-3578,0.00063,0.25553
CVE-2023-35780,0.00048,0.14563
CVE-2023-35781,0.00058,0.21913
CVE-2023-35782,0.00076,0.31600
CVE-2023-35783,0.00046,0.13740
CVE-2023-35784,0.00063,0.24985
CVE-2023-35785,0.03440,0.90589
CVE-2023-35786,0.00068,0.27987
CVE-2023-35788,0.00042,0.05722
CVE-2023-35789,0.00042,0.05722
CVE-2023-3579,0.00055,0.20387
CVE-2023-35790,0.00046,0.13833
CVE-2023-35791,0.00046,0.13740
CVE-2023-35792,0.00046,0.13740
CVE-2023-35793,0.00057,0.21318
CVE-2023-35794,0.00063,0.25757
CVE-2023-35796,0.00118,0.45693
CVE-2023-35797,0.00134,0.48484
CVE-2023-35798,0.00044,0.10367
CVE-2023-35799,0.00043,0.06775
CVE-2023-3580,0.00045,0.11801
CVE-2023-35800,0.00045,0.11801
CVE-2023-35801,0.00089,0.37314
CVE-2023-35802,0.00213,0.59307
CVE-2023-35803,0.00162,0.52880
CVE-2023-35808,0.00060,0.23697
CVE-2023-35809,0.00060,0.23697
CVE-2023-3581,0.00089,0.37448
CVE-2023-35810,0.00060,0.23697
CVE-2023-35811,0.00060,0.23697
CVE-2023-35813,0.75792,0.97919
CVE-2023-35818,0.00046,0.13766
CVE-2023-3582,0.00045,0.11801
CVE-2023-35823,0.00042,0.05722
CVE-2023-35824,0.00042,0.05722
CVE-2023-35826,0.00042,0.05722
CVE-2023-35827,0.00042,0.05722
CVE-2023-35828,0.00042,0.05722
CVE-2023-35829,0.00042,0.05722
CVE-2023-35830,0.00523,0.74501
CVE-2023-35833,0.00049,0.14986
CVE-2023-35835,0.00045,0.12069
CVE-2023-35836,0.00052,0.18141
CVE-2023-35837,0.00083,0.34254
CVE-2023-35838,0.00044,0.08085
CVE-2023-35839,0.00072,0.29664
CVE-2023-3584,0.00045,0.11801
CVE-2023-35840,0.00070,0.29122
CVE-2023-35843,0.02782,0.89606
CVE-2023-35844,0.00782,0.79546
CVE-2023-35845,0.00042,0.05722
CVE-2023-35846,0.00046,0.13740
CVE-2023-35847,0.00046,0.13740
CVE-2023-35848,0.00046,0.13740
CVE-2023-35849,0.00087,0.36261
CVE-2023-3585,0.00044,0.10862
CVE-2023-35850,0.00080,0.33218
CVE-2023-35851,0.00110,0.44056
CVE-2023-35852,0.00053,0.18450
CVE-2023-35853,0.00068,0.28208
CVE-2023-35854,0.01157,0.83401
CVE-2023-35855,0.00118,0.45753
CVE-2023-35856,0.00118,0.45753
CVE-2023-35857,0.00091,0.38380
CVE-2023-3586,0.00045,0.11801
CVE-2023-35861,0.00068,0.27935
CVE-2023-35862,0.00049,0.15801
CVE-2023-35863,0.00064,0.25792
CVE-2023-35866,0.00042,0.05722
CVE-2023-35867,0.00052,0.17889
CVE-2023-3587,0.00045,0.11801
CVE-2023-35870,0.00046,0.13740
CVE-2023-35871,0.00057,0.21528
CVE-2023-35872,0.00052,0.17889
CVE-2023-35873,0.00052,0.17889
CVE-2023-35874,0.00044,0.10862
CVE-2023-35876,0.00050,0.16404
CVE-2023-35877,0.00046,0.13740
CVE-2023-35878,0.00045,0.11801
CVE-2023-35879,0.00076,0.31600
CVE-2023-3588,0.00045,0.11801
CVE-2023-35880,0.00058,0.21913
CVE-2023-35882,0.00045,0.11801
CVE-2023-35883,0.00046,0.13740
CVE-2023-35884,0.00046,0.13740
CVE-2023-35885,0.02964,0.89888
CVE-2023-35887,0.00044,0.10367
CVE-2023-3589,0.00058,0.21913
CVE-2023-35890,0.00042,0.05722
CVE-2023-35892,0.00069,0.28751
CVE-2023-35893,0.00066,0.27175
CVE-2023-35895,0.00288,0.65681
CVE-2023-35896,0.00044,0.10565
CVE-2023-35897,0.00044,0.10715
CVE-2023-35898,0.00049,0.15916
CVE-2023-3590,0.00087,0.36261
CVE-2023-35900,0.00044,0.10521
CVE-2023-35901,0.00044,0.10521
CVE-2023-35905,0.00044,0.10565
CVE-2023-35906,0.00063,0.25103
CVE-2023-35908,0.00065,0.26771
CVE-2023-35909,0.00046,0.13740
CVE-2023-3591,0.00087,0.36261
CVE-2023-35910,0.00050,0.16285
CVE-2023-35911,0.00076,0.31600
CVE-2023-35912,0.00058,0.21913
CVE-2023-35913,0.00058,0.21913
CVE-2023-35914,0.00087,0.36261
CVE-2023-35915,0.00076,0.31600
CVE-2023-35916,0.00087,0.36261
CVE-2023-35917,0.00058,0.21913
CVE-2023-35918,0.00046,0.13740
CVE-2023-3592,0.00044,0.10729
CVE-2023-35920,0.00081,0.33789
CVE-2023-35921,0.00081,0.33789
CVE-2023-35924,0.00076,0.31600
CVE-2023-35925,0.00042,0.05722
CVE-2023-35926,0.00184,0.55809
CVE-2023-35927,0.00054,0.20308
CVE-2023-35928,0.00069,0.28453
CVE-2023-35929,0.00060,0.23650
CVE-2023-3593,0.00044,0.10862
CVE-2023-35930,0.00046,0.13740
CVE-2023-35931,0.00050,0.16761
CVE-2023-35932,0.00072,0.29991
CVE-2023-35933,0.00056,0.20790
CVE-2023-35934,0.00090,0.37727
CVE-2023-35936,0.00043,0.06775
CVE-2023-35937,0.00050,0.16285
CVE-2023-35938,0.00077,0.31670
CVE-2023-35939,0.00050,0.16404
CVE-2023-35940,0.00093,0.39078
CVE-2023-35941,0.00091,0.38380
CVE-2023-35942,0.00044,0.10862
CVE-2023-35943,0.00046,0.13740
CVE-2023-35944,0.00046,0.13740
CVE-2023-35945,0.00046,0.13740
CVE-2023-35946,0.00054,0.19248
CVE-2023-35947,0.00061,0.24104
CVE-2023-35948,0.00046,0.13740
CVE-2023-3595,0.00139,0.49416
CVE-2023-35955,0.00064,0.26361
CVE-2023-35956,0.00064,0.26361
CVE-2023-35957,0.00064,0.26361
CVE-2023-35958,0.00064,0.26361
CVE-2023-35959,0.00050,0.16790
CVE-2023-3596,0.00044,0.10871
CVE-2023-35960,0.00050,0.16790
CVE-2023-35961,0.00050,0.16790
CVE-2023-35962,0.00050,0.16790
CVE-2023-35963,0.00050,0.16790
CVE-2023-35964,0.00050,0.16790
CVE-2023-35965,0.00091,0.38380
CVE-2023-35966,0.00091,0.38380
CVE-2023-35967,0.00091,0.38380
CVE-2023-35968,0.00091,0.38380
CVE-2023-35969,0.00064,0.26361
CVE-2023-35970,0.00064,0.26361
CVE-2023-35971,0.00063,0.25005
CVE-2023-35972,0.00067,0.27691
CVE-2023-35973,0.00058,0.21974
CVE-2023-35974,0.00058,0.21974
CVE-2023-35975,0.00046,0.12703
CVE-2023-35976,0.00049,0.14986
CVE-2023-35977,0.00049,0.14986
CVE-2023-35978,0.00063,0.25005
CVE-2023-35979,0.00046,0.13740
CVE-2023-3598,0.00083,0.34242
CVE-2023-35980,0.00203,0.58351
CVE-2023-35981,0.00203,0.58351
CVE-2023-35982,0.00203,0.58351
CVE-2023-35983,0.00047,0.14033
CVE-2023-35984,0.00053,0.18485
CVE-2023-35985,0.00154,0.51727
CVE-2023-35986,0.00055,0.20329
CVE-2023-35987,0.00091,0.38380
CVE-2023-35989,0.00056,0.21135
CVE-2023-3599,0.00063,0.25553
CVE-2023-35990,0.00053,0.18485
CVE-2023-35991,0.00131,0.47926
CVE-2023-35992,0.00053,0.19001
CVE-2023-35993,0.00053,0.18855
CVE-2023-35994,0.00055,0.20747
CVE-2023-35995,0.00055,0.20747
CVE-2023-35996,0.00055,0.20747
CVE-2023-35997,0.00055,0.20747
CVE-2023-35998,0.00043,0.06775
CVE-2023-3600,0.00068,0.28208
CVE-2023-36000,0.00052,0.18120
CVE-2023-36002,0.00044,0.10345
CVE-2023-36003,0.00162,0.52898
CVE-2023-36004,0.00091,0.38120
CVE-2023-36005,0.00111,0.44115
CVE-2023-36006,0.01462,0.85396
CVE-2023-36007,0.00053,0.18566
CVE-2023-36008,0.00077,0.31708
CVE-2023-36009,0.00052,0.18058
CVE-2023-3601,0.00045,0.11801
CVE-2023-36010,0.00069,0.28485
CVE-2023-36011,0.00048,0.14284
CVE-2023-36012,0.00063,0.25174
CVE-2023-36013,0.00100,0.40890
CVE-2023-36014,0.00087,0.36035
CVE-2023-36016,0.00052,0.17534
CVE-2023-36017,0.00350,0.68966
CVE-2023-36018,0.00162,0.52887
CVE-2023-36019,0.00073,0.30019
CVE-2023-36020,0.00049,0.15917
CVE-2023-36021,0.00095,0.39755
CVE-2023-36022,0.00077,0.31708
CVE-2023-36024,0.00066,0.27243
CVE-2023-36025,0.00693,0.78140
CVE-2023-36026,0.00066,0.27243
CVE-2023-36027,0.00066,0.27243
CVE-2023-36028,0.47939,0.97176
CVE-2023-36029,0.00066,0.27243
CVE-2023-3603,0.00044,0.10862
CVE-2023-36030,0.00066,0.27243
CVE-2023-36031,0.00052,0.17534
CVE-2023-36033,0.00043,0.07361
CVE-2023-36034,0.00087,0.36035
CVE-2023-36035,0.00050,0.15984
CVE-2023-36036,0.00043,0.07361
CVE-2023-36037,0.00050,0.16792
CVE-2023-36038,0.00141,0.49791
CVE-2023-36039,0.00050,0.15984
CVE-2023-3604,0.00084,0.34921
CVE-2023-36041,0.00135,0.48660
CVE-2023-36042,0.00043,0.07499
CVE-2023-36043,0.00045,0.11994
CVE-2023-36045,0.00114,0.44961
CVE-2023-36046,0.00048,0.14284
CVE-2023-36047,0.00048,0.14284
CVE-2023-36049,0.00157,0.52169
CVE-2023-3605,0.00048,0.14563
CVE-2023-36050,0.00050,0.15984
CVE-2023-36052,0.00162,0.52858
CVE-2023-36053,0.00136,0.48945
CVE-2023-36054,0.00267,0.64347
CVE-2023-3606,0.00204,0.58420
CVE-2023-3607,0.00046,0.12620
CVE-2023-36076,0.00098,0.40356
CVE-2023-3608,0.00084,0.34632
CVE-2023-36081,0.00109,0.43560
CVE-2023-36082,0.00130,0.47776
CVE-2023-36085,0.00046,0.13740
CVE-2023-36088,0.00144,0.50210
CVE-2023-36089,0.00085,0.35470
CVE-2023-3609,0.00042,0.05722
CVE-2023-36090,0.00085,0.35470
CVE-2023-36091,0.00085,0.35470
CVE-2023-36092,0.00085,0.35470
CVE-2023-36093,0.00045,0.11801
CVE-2023-36095,0.00092,0.38916
CVE-2023-36097,0.00106,0.42831
CVE-2023-3610,0.00042,0.05722
CVE-2023-36100,0.00106,0.42831
CVE-2023-36106,0.00103,0.41798
CVE-2023-36109,0.00261,0.63909
CVE-2023-3611,0.00042,0.05722
CVE-2023-36118,0.00108,0.43398
CVE-2023-3612,0.00091,0.38380
CVE-2023-36121,0.00217,0.59733
CVE-2023-36123,0.00044,0.07794
CVE-2023-36126,0.00046,0.13740
CVE-2023-36127,0.00087,0.36261
CVE-2023-3613,0.00045,0.11801
CVE-2023-36131,0.00091,0.38380
CVE-2023-36132,0.00091,0.38380
CVE-2023-36133,0.00091,0.38380
CVE-2023-36134,0.00148,0.50813
CVE-2023-36135,0.00087,0.36261
CVE-2023-36136,0.00049,0.14986
CVE-2023-36137,0.00046,0.13740
CVE-2023-36138,0.00046,0.13740
CVE-2023-36139,0.00148,0.50813
CVE-2023-3614,0.00044,0.10345
CVE-2023-36140,0.00061,0.24201
CVE-2023-36141,0.00046,0.13740
CVE-2023-36143,0.00088,0.37042
CVE-2023-36144,0.04828,0.91986
CVE-2023-36146,0.00045,0.11801
CVE-2023-3615,0.00061,0.24201
CVE-2023-36158,0.00156,0.52012
CVE-2023-36159,0.00071,0.29281
CVE-2023-3616,0.00076,0.31600
CVE-2023-36160,0.00042,0.05722
CVE-2023-36161,0.00046,0.13740
CVE-2023-36162,0.00133,0.48332
CVE-2023-36163,0.00502,0.73945
CVE-2023-3617,0.00063,0.25553
CVE-2023-36177,0.00268,0.64422
CVE-2023-3618,0.00073,0.30310
CVE-2023-36183,0.00065,0.26766
CVE-2023-36184,0.00052,0.17532
CVE-2023-36187,0.00209,0.58905
CVE-2023-36188,0.00264,0.64143
CVE-2023-36189,0.00065,0.27144
CVE-2023-3619,0.00076,0.31600
CVE-2023-36192,0.00053,0.19001
CVE-2023-36193,0.00053,0.19001
CVE-2023-36198,0.00046,0.13740
CVE-2023-36199,0.00046,0.13740
CVE-2023-3620,0.00045,0.11801
CVE-2023-36201,0.00087,0.36261
CVE-2023-3621,0.00061,0.24091
CVE-2023-36210,0.07147,0.93381
CVE-2023-36211,0.00048,0.14804
CVE-2023-36212,0.00218,0.59849
CVE-2023-36213,0.00069,0.28475
CVE-2023-36217,0.00228,0.61050
CVE-2023-3622,0.00045,0.11801
CVE-2023-36220,0.00182,0.55530
CVE-2023-36222,0.00109,0.43560
CVE-2023-36223,0.00109,0.43560
CVE-2023-3623,0.00063,0.25553
CVE-2023-36234,0.00049,0.15110
CVE-2023-36235,0.00056,0.20989
CVE-2023-36236,0.00054,0.19476
CVE-2023-36239,0.00087,0.36569
CVE-2023-3624,0.00076,0.31600
CVE-2023-36243,0.00053,0.19001
CVE-2023-3625,0.00063,0.25553
CVE-2023-36250,0.00055,0.20747
CVE-2023-36252,0.00091,0.38468
CVE-2023-36255,0.00182,0.55619
CVE-2023-36256,0.00106,0.42710
CVE-2023-36258,0.00143,0.50070
CVE-2023-36259,0.00042,0.05722
CVE-2023-3626,0.00063,0.25553
CVE-2023-36260,0.00047,0.13890
CVE-2023-36263,0.00075,0.30924
CVE-2023-36266,0.00045,0.12509
CVE-2023-3627,0.00058,0.21913
CVE-2023-36271,0.00087,0.36569
CVE-2023-36272,0.00087,0.36569
CVE-2023-36273,0.00087,0.36569
CVE-2023-36274,0.00087,0.36569
CVE-2023-3628,0.00058,0.22010
CVE-2023-36281,0.01180,0.83606
CVE-2023-36284,0.00061,0.23874
CVE-2023-36287,0.00075,0.30878
CVE-2023-36288,0.00045,0.11801
CVE-2023-36289,0.00075,0.30878
CVE-2023-3629,0.00058,0.22010
CVE-2023-36291,0.00064,0.26154
CVE-2023-36293,0.00058,0.22704
CVE-2023-36298,0.00115,0.45193
CVE-2023-36299,0.00673,0.77756
CVE-2023-36301,0.00090,0.37805
CVE-2023-36306,0.00385,0.70410
CVE-2023-36307,0.00044,0.10345
CVE-2023-36308,0.00044,0.10345
CVE-2023-36309,0.00046,0.13740
CVE-2023-3631,0.00076,0.31600
CVE-2023-36310,0.00046,0.13740
CVE-2023-36311,0.00076,0.31600
CVE-2023-36312,0.00045,0.11801
CVE-2023-36313,0.00046,0.13740
CVE-2023-36314,0.00046,0.13740
CVE-2023-36315,0.00046,0.13740
CVE-2023-36317,0.00051,0.17093
CVE-2023-36319,0.00097,0.40239
CVE-2023-3632,0.00091,0.38380
CVE-2023-36321,0.00046,0.13740
CVE-2023-36326,0.00134,0.48641
CVE-2023-36327,0.00134,0.48641
CVE-2023-36328,0.00081,0.33894
CVE-2023-3633,0.00046,0.13740
CVE-2023-36339,0.00087,0.36261
CVE-2023-36340,0.00102,0.41567
CVE-2023-36344,0.00046,0.12577
CVE-2023-36345,0.00115,0.45000
CVE-2023-36346,0.00096,0.40046
CVE-2023-36347,0.00146,0.50504
CVE-2023-36348,0.00200,0.57967
CVE-2023-3635,0.00044,0.10188
CVE-2023-36351,0.00114,0.44987
CVE-2023-36354,0.00046,0.12549
CVE-2023-36355,0.00497,0.73802
CVE-2023-36356,0.00044,0.10170
CVE-2023-36357,0.00044,0.10170
CVE-2023-36358,0.00044,0.10170
CVE-2023-36359,0.00046,0.12549
CVE-2023-3636,0.00062,0.24555
CVE-2023-36361,0.00063,0.25553
CVE-2023-36362,0.00046,0.13740
CVE-2023-36363,0.00046,0.13740
CVE-2023-36364,0.00046,0.13740
CVE-2023-36365,0.00046,0.13740
CVE-2023-36366,0.00046,0.13740
CVE-2023-36367,0.00046,0.13740
CVE-2023-36368,0.00046,0.13740
CVE-2023-36369,0.00046,0.13740
CVE-2023-3637,0.00074,0.30711
CVE-2023-36370,0.00046,0.13740
CVE-2023-36371,0.00046,0.13740
CVE-2023-36375,0.00053,0.18556
CVE-2023-36376,0.00045,0.11972
CVE-2023-36377,0.00042,0.05722
CVE-2023-3638,0.00091,0.38380
CVE-2023-36380,0.00043,0.06775
CVE-2023-36381,0.00052,0.17780
CVE-2023-36382,0.00045,0.11801
CVE-2023-36383,0.00045,0.11801
CVE-2023-36384,0.00046,0.13740
CVE-2023-36385,0.00046,0.13740
CVE-2023-36386,0.00046,0.13740
CVE-2023-36387,0.00062,0.24592
CVE-2023-36388,0.00062,0.24605
CVE-2023-36389,0.00046,0.13740
CVE-2023-36390,0.00046,0.13740
CVE-2023-36391,0.00048,0.14284
CVE-2023-36392,0.00141,0.49791
CVE-2023-36393,0.00113,0.44762
CVE-2023-36394,0.00048,0.14284
CVE-2023-36395,0.00141,0.49791
CVE-2023-36396,0.00113,0.44762
CVE-2023-36397,0.00800,0.79825
CVE-2023-36398,0.00048,0.14284
CVE-2023-36399,0.00048,0.14284
CVE-2023-3640,0.00042,0.05722
CVE-2023-36400,0.00048,0.14284
CVE-2023-36401,0.00189,0.56461
CVE-2023-36402,0.01462,0.85396
CVE-2023-36403,0.00076,0.31404
CVE-2023-36404,0.00068,0.28153
CVE-2023-36405,0.00048,0.14284
CVE-2023-36406,0.00048,0.14284
CVE-2023-36407,0.00048,0.14284
CVE-2023-36408,0.00048,0.14284
CVE-2023-36409,0.00066,0.27243
CVE-2023-3641,0.00046,0.13740
CVE-2023-36410,0.00052,0.17534
CVE-2023-36413,0.00103,0.41747
CVE-2023-36414,0.00196,0.57533
CVE-2023-36415,0.00196,0.57533
CVE-2023-36416,0.00085,0.35361
CVE-2023-36417,0.00113,0.44762
CVE-2023-36418,0.00113,0.44762
CVE-2023-36419,0.00101,0.41110
CVE-2023-3642,0.00046,0.13740
CVE-2023-36420,0.00113,0.44762
CVE-2023-36422,0.00048,0.14284
CVE-2023-36423,0.00189,0.56504
CVE-2023-36424,0.00048,0.14284
CVE-2023-36425,0.00655,0.77355
CVE-2023-36427,0.00197,0.57611
CVE-2023-36428,0.00048,0.14284
CVE-2023-36429,0.00104,0.42332
CVE-2023-3643,0.00063,0.25553
CVE-2023-36431,0.00191,0.56730
CVE-2023-36433,0.00097,0.40209
CVE-2023-36434,0.00101,0.41110
CVE-2023-36435,0.00191,0.56730
CVE-2023-36436,0.00113,0.44762
CVE-2023-36437,0.00189,0.56504
CVE-2023-36438,0.00162,0.52858
CVE-2023-36439,0.00061,0.24038
CVE-2023-3644,0.00076,0.31600
CVE-2023-3645,0.00045,0.11801
CVE-2023-36456,0.00054,0.20307
CVE-2023-36457,0.00059,0.22952
CVE-2023-36458,0.00059,0.22952
CVE-2023-36459,0.00070,0.29001
CVE-2023-3646,0.00046,0.13740
CVE-2023-36460,0.00408,0.71229
CVE-2023-36461,0.00081,0.33790
CVE-2023-36462,0.00053,0.18467
CVE-2023-36463,0.00046,0.13740
CVE-2023-36464,0.00044,0.08085
CVE-2023-36465,0.00054,0.19380
CVE-2023-36466,0.00045,0.11801
CVE-2023-36467,0.00132,0.48270
CVE-2023-36468,0.00429,0.71855
CVE-2023-36469,0.00736,0.78856
CVE-2023-3647,0.00045,0.11801
CVE-2023-36470,0.00736,0.78856
CVE-2023-36471,0.00211,0.59060
CVE-2023-36472,0.00049,0.14986
CVE-2023-36473,0.00046,0.13740
CVE-2023-36474,0.00063,0.25037
CVE-2023-36475,0.12618,0.94975
CVE-2023-36476,0.00076,0.31417
CVE-2023-36477,0.00110,0.43971
CVE-2023-36478,0.00250,0.62992
CVE-2023-36479,0.00055,0.20610
CVE-2023-3648,0.00044,0.10345
CVE-2023-36480,0.00170,0.54082
CVE-2023-36481,0.00046,0.12540
CVE-2023-36482,0.00044,0.10345
CVE-2023-36484,0.00046,0.13740
CVE-2023-36485,0.00094,0.39378
CVE-2023-36486,0.00094,0.39378
CVE-2023-36487,0.00148,0.50813
CVE-2023-36488,0.00045,0.11801
CVE-2023-36489,0.00061,0.24232
CVE-2023-3649,0.00044,0.10345
CVE-2023-36492,0.00063,0.25005
CVE-2023-36494,0.00043,0.06775
CVE-2023-36495,0.00178,0.54978
CVE-2023-36497,0.00050,0.16285
CVE-2023-36499,0.00050,0.16285
CVE-2023-3650,0.00045,0.11801
CVE-2023-36501,0.00046,0.13740
CVE-2023-36502,0.00046,0.13740
CVE-2023-36503,0.00045,0.11801
CVE-2023-36507,0.00046,0.13740
CVE-2023-36508,0.00076,0.31600
CVE-2023-3651,0.00076,0.31600
CVE-2023-36511,0.00058,0.21913
CVE-2023-36513,0.00058,0.21913
CVE-2023-36514,0.00058,0.21913
CVE-2023-36517,0.00058,0.21913
CVE-2023-3652,0.00046,0.13740
CVE-2023-36520,0.00050,0.16404
CVE-2023-36521,0.00046,0.13740
CVE-2023-36522,0.00058,0.21913
CVE-2023-36523,0.00046,0.13740
CVE-2023-36527,0.00050,0.16285
CVE-2023-36529,0.00076,0.31600
CVE-2023-3653,0.00045,0.11801
CVE-2023-36530,0.00045,0.11801
CVE-2023-36532,0.00052,0.17889
CVE-2023-36533,0.00052,0.17889
CVE-2023-36534,0.00097,0.40295
CVE-2023-36535,0.00049,0.14986
CVE-2023-36536,0.00043,0.06775
CVE-2023-36537,0.00043,0.06775
CVE-2023-36538,0.00043,0.06775
CVE-2023-36539,0.00087,0.36261
CVE-2023-3654,0.00084,0.34793
CVE-2023-36540,0.00043,0.06775
CVE-2023-36541,0.00050,0.16285
CVE-2023-36542,0.00264,0.64146
CVE-2023-36543,0.00086,0.35754
CVE-2023-36547,0.00052,0.18045
CVE-2023-36548,0.00052,0.18045
CVE-2023-36549,0.00052,0.18045
CVE-2023-3655,0.00080,0.33425
CVE-2023-36550,0.00052,0.18045
CVE-2023-36551,0.00044,0.10521
CVE-2023-36553,0.00068,0.27907
CVE-2023-36555,0.00045,0.11801
CVE-2023-36556,0.00050,0.16285
CVE-2023-36557,0.00113,0.44762
CVE-2023-36558,0.00048,0.14284
CVE-2023-36559,0.00065,0.26873
CVE-2023-3656,0.01229,0.83957
CVE-2023-36560,0.00103,0.41693
CVE-2023-36561,0.00066,0.27243
CVE-2023-36562,0.00066,0.27243
CVE-2023-36563,0.00266,0.64286
CVE-2023-36564,0.00091,0.38528
CVE-2023-36565,0.00048,0.14284
CVE-2023-36566,0.00109,0.43814
CVE-2023-36567,0.00162,0.52858
CVE-2023-36568,0.00048,0.14284
CVE-2023-36569,0.00051,0.16941
CVE-2023-3657,0.00090,0.37725
CVE-2023-36570,0.00061,0.24038
CVE-2023-36571,0.00061,0.24038
CVE-2023-36572,0.00061,0.24038
CVE-2023-36573,0.00061,0.24038
CVE-2023-36574,0.00061,0.24038
CVE-2023-36575,0.00061,0.24038
CVE-2023-36576,0.00068,0.28153
CVE-2023-36577,0.01295,0.84443
CVE-2023-36578,0.00061,0.24038
CVE-2023-36579,0.00191,0.56730
CVE-2023-3658,0.00090,0.37725
CVE-2023-36581,0.00191,0.56730
CVE-2023-36582,0.00061,0.24038
CVE-2023-36583,0.00061,0.24038
CVE-2023-36584,0.00183,0.55649
CVE-2023-36585,0.00191,0.56730
CVE-2023-36589,0.00061,0.24038
CVE-2023-3659,0.00056,0.20802
CVE-2023-36590,0.00061,0.24038
CVE-2023-36591,0.00061,0.24038
CVE-2023-36592,0.00061,0.24038
CVE-2023-36593,0.00061,0.24038
CVE-2023-36594,0.00048,0.14243
CVE-2023-36596,0.62297,0.97559
CVE-2023-36598,0.00113,0.44762
CVE-2023-3660,0.00083,0.34312
CVE-2023-36602,0.00191,0.56730
CVE-2023-36603,0.00191,0.56730
CVE-2023-36605,0.00048,0.14284
CVE-2023-36606,0.00191,0.56730
CVE-2023-36607,0.00046,0.13740
CVE-2023-36608,0.00049,0.14986
CVE-2023-36609,0.00050,0.16285
CVE-2023-3661,0.00090,0.37725
CVE-2023-36610,0.00087,0.36261
CVE-2023-36611,0.00049,0.14986
CVE-2023-36612,0.00048,0.14771
CVE-2023-36617,0.00049,0.15058
CVE-2023-36618,0.00179,0.55150
CVE-2023-36619,0.05833,0.92681
CVE-2023-3662,0.00042,0.05722
CVE-2023-36620,0.00052,0.18141
CVE-2023-36621,0.00051,0.17347
CVE-2023-36622,0.00333,0.68244
CVE-2023-36623,0.00042,0.05722
CVE-2023-36624,0.00042,0.05722
CVE-2023-36627,0.00044,0.10862
CVE-2023-36628,0.00050,0.16285
CVE-2023-36629,0.00045,0.12069
CVE-2023-3663,0.00139,0.49406
CVE-2023-36630,0.00052,0.17672
CVE-2023-36631,0.00043,0.06775
CVE-2023-36632,0.00052,0.17532
CVE-2023-36633,0.00044,0.10565
CVE-2023-36634,0.00050,0.16285
CVE-2023-36635,0.00048,0.14288
CVE-2023-36637,0.00045,0.11801
CVE-2023-36638,0.00045,0.11801
CVE-2023-36639,0.00050,0.16285
CVE-2023-3664,0.00050,0.16285
CVE-2023-36641,0.00044,0.10465
CVE-2023-36642,0.00043,0.07443
CVE-2023-36646,0.00109,0.43831
CVE-2023-36647,0.00116,0.45257
CVE-2023-36648,0.00148,0.50846
CVE-2023-36649,0.00121,0.46294
CVE-2023-3665,0.00042,0.05722
CVE-2023-36650,0.00050,0.16285
CVE-2023-36651,0.00116,0.45294
CVE-2023-36652,0.00052,0.17537
CVE-2023-36654,0.00126,0.47176
CVE-2023-36655,0.00106,0.42831
CVE-2023-36656,0.00077,0.31747
CVE-2023-36657,0.00091,0.38380
CVE-2023-36658,0.00043,0.06775
CVE-2023-36659,0.00141,0.49721
CVE-2023-36660,0.00060,0.23256
CVE-2023-36661,0.00044,0.10871
CVE-2023-36662,0.00045,0.11801
CVE-2023-36663,0.00050,0.16285
CVE-2023-36664,0.00055,0.20558
CVE-2023-36665,0.00129,0.47750
CVE-2023-36666,0.00046,0.13740
CVE-2023-36667,0.00090,0.37805
CVE-2023-36669,0.00141,0.49721
CVE-2023-3667,0.00045,0.11801
CVE-2023-36670,0.00068,0.27907
CVE-2023-36671,0.00053,0.19004
CVE-2023-36672,0.00052,0.18141
CVE-2023-36673,0.00053,0.19004
CVE-2023-36674,0.00052,0.18025
CVE-2023-36675,0.00059,0.22799
CVE-2023-36677,0.00050,0.16285
CVE-2023-36678,0.00045,0.11801
CVE-2023-3668,0.00050,0.16285
CVE-2023-36682,0.00058,0.21913
CVE-2023-36685,0.00058,0.21913
CVE-2023-36686,0.00046,0.13740
CVE-2023-36687,0.00048,0.14563
CVE-2023-36688,0.00045,0.11801
CVE-2023-36689,0.00046,0.13740
CVE-2023-3669,0.00042,0.05722
CVE-2023-36690,0.00058,0.21913
CVE-2023-36691,0.00058,0.21913
CVE-2023-36692,0.00045,0.11801
CVE-2023-36693,0.00058,0.21913
CVE-2023-36696,0.00048,0.14284
CVE-2023-36697,0.00282,0.65327
CVE-2023-36698,0.00048,0.14284
CVE-2023-3670,0.00052,0.17895
CVE-2023-36701,0.00048,0.14284
CVE-2023-36702,0.00113,0.44762
CVE-2023-36703,0.00191,0.56730
CVE-2023-36704,0.00113,0.44762
CVE-2023-36705,0.00048,0.14284
CVE-2023-36706,0.00097,0.40209
CVE-2023-36707,0.00191,0.56730
CVE-2023-36709,0.00191,0.56730
CVE-2023-3671,0.00046,0.13740
CVE-2023-36710,0.00113,0.44762
CVE-2023-36711,0.00048,0.14284
CVE-2023-36712,0.00050,0.16491
CVE-2023-36713,0.00048,0.14284
CVE-2023-36717,0.00048,0.14284
CVE-2023-36718,0.00051,0.17233
CVE-2023-36719,0.00048,0.14284
CVE-2023-3672,0.00046,0.13740
CVE-2023-36720,0.00191,0.56730
CVE-2023-36721,0.00048,0.14284
CVE-2023-36722,0.00070,0.29076
CVE-2023-36723,0.00197,0.57611
CVE-2023-36724,0.00048,0.14284
CVE-2023-36725,0.00048,0.14284
CVE-2023-36726,0.00048,0.14284
CVE-2023-36727,0.00066,0.27243
CVE-2023-36728,0.00048,0.14284
CVE-2023-36729,0.00048,0.14284
CVE-2023-3673,0.00050,0.16285
CVE-2023-36730,0.00113,0.44762
CVE-2023-36731,0.00048,0.14243
CVE-2023-36732,0.00048,0.14243
CVE-2023-36735,0.00093,0.39198
CVE-2023-36736,0.00071,0.29361
CVE-2023-36737,0.00048,0.14284
CVE-2023-36739,0.00113,0.44762
CVE-2023-3674,0.00045,0.12069
CVE-2023-36740,0.00113,0.44762
CVE-2023-36741,0.00119,0.45861
CVE-2023-36742,0.00113,0.44762
CVE-2023-36743,0.00048,0.14284
CVE-2023-36744,0.00062,0.24456
CVE-2023-36745,0.00302,0.66506
CVE-2023-36746,0.00061,0.24175
CVE-2023-36747,0.00053,0.19001
CVE-2023-36748,0.00077,0.31815
CVE-2023-36749,0.00077,0.31815
CVE-2023-36750,0.00101,0.41144
CVE-2023-36751,0.00101,0.41144
CVE-2023-36752,0.00101,0.41144
CVE-2023-36753,0.00101,0.41144
CVE-2023-36754,0.00121,0.46218
CVE-2023-36755,0.00101,0.41144
CVE-2023-36756,0.00062,0.24456
CVE-2023-36757,0.00056,0.21072
CVE-2023-36758,0.00101,0.41110
CVE-2023-36759,0.00053,0.18472
CVE-2023-3676,0.00058,0.22599
CVE-2023-36760,0.00113,0.44762
CVE-2023-36761,0.65150,0.97624
CVE-2023-36762,0.00087,0.36035
CVE-2023-36763,0.00152,0.51411
CVE-2023-36764,0.00046,0.13766
CVE-2023-36765,0.00101,0.41110
CVE-2023-36766,0.00052,0.18058
CVE-2023-36767,0.00084,0.34930
CVE-2023-36769,0.00053,0.18566
CVE-2023-3677,0.00064,0.26137
CVE-2023-36770,0.00114,0.44961
CVE-2023-36771,0.00114,0.44961
CVE-2023-36772,0.00114,0.44961
CVE-2023-36773,0.00114,0.44961
CVE-2023-36776,0.00043,0.07499
CVE-2023-36777,0.00055,0.20597
CVE-2023-36778,0.00061,0.24038
CVE-2023-3678,0.00076,0.31600
CVE-2023-36780,0.00189,0.56461
CVE-2023-36785,0.00113,0.44762
CVE-2023-36786,0.00189,0.56461
CVE-2023-36787,0.00123,0.46621
CVE-2023-36788,0.00113,0.44762
CVE-2023-36789,0.00189,0.56461
CVE-2023-3679,0.00076,0.31600
CVE-2023-36790,0.00048,0.14284
CVE-2023-36792,0.00113,0.44762
CVE-2023-36793,0.00113,0.44762
CVE-2023-36794,0.00113,0.44762
CVE-2023-36796,0.00113,0.44762
CVE-2023-36799,0.00191,0.56749
CVE-2023-3680,0.00076,0.31600
CVE-2023-36800,0.00052,0.17556
CVE-2023-36801,0.00084,0.34930
CVE-2023-36802,0.00054,0.20306
CVE-2023-36803,0.00047,0.13910
CVE-2023-36804,0.00048,0.14243
CVE-2023-36805,0.00051,0.16932
CVE-2023-36806,0.00051,0.17146
CVE-2023-36807,0.00061,0.24206
CVE-2023-36808,0.00076,0.31600
CVE-2023-36809,0.00078,0.32119
CVE-2023-3681,0.00052,0.17770
CVE-2023-36810,0.00056,0.20790
CVE-2023-36811,0.00045,0.12336
CVE-2023-36812,0.00378,0.70157
CVE-2023-36813,0.00054,0.19189
CVE-2023-36814,0.00046,0.13740
CVE-2023-36815,0.00050,0.16404
CVE-2023-36816,0.00046,0.13740
CVE-2023-36817,0.00091,0.38380
CVE-2023-36818,0.00046,0.13740
CVE-2023-36819,0.00050,0.15975
CVE-2023-3682,0.00076,0.31600
CVE-2023-36820,0.00046,0.13740
CVE-2023-36821,0.00142,0.49981
CVE-2023-36822,0.00053,0.18602
CVE-2023-36823,0.00050,0.16465
CVE-2023-36824,0.00232,0.61399
CVE-2023-36825,0.00138,0.49347
CVE-2023-36826,0.00057,0.21296
CVE-2023-36827,0.00117,0.45511
CVE-2023-36828,0.00054,0.20312
CVE-2023-36829,0.00052,0.17638
CVE-2023-3683,0.00046,0.13740
CVE-2023-36830,0.00043,0.06775
CVE-2023-36831,0.00046,0.13740
CVE-2023-36832,0.00046,0.13740
CVE-2023-36833,0.00049,0.14855
CVE-2023-36834,0.00044,0.10345
CVE-2023-36835,0.00046,0.13740
CVE-2023-36836,0.00042,0.05722
CVE-2023-36838,0.00042,0.05722
CVE-2023-36839,0.00044,0.10345
CVE-2023-3684,0.00046,0.13740
CVE-2023-36840,0.00042,0.05722
CVE-2023-36841,0.00046,0.13740
CVE-2023-36842,0.00049,0.14855
CVE-2023-36843,0.00052,0.17889
CVE-2023-36844,0.03926,0.91148
CVE-2023-36845,0.96737,0.99597
CVE-2023-36846,0.01714,0.86534
CVE-2023-36847,0.01714,0.86534
CVE-2023-36848,0.00044,0.10345
CVE-2023-36849,0.00044,0.10345
CVE-2023-3685,0.00045,0.11801
CVE-2023-36850,0.00044,0.10345
CVE-2023-36851,0.00618,0.76619
CVE-2023-36853,0.00046,0.12648
CVE-2023-36854,0.00054,0.19430
CVE-2023-36857,0.00046,0.13740
CVE-2023-36858,0.00043,0.06775
CVE-2023-36859,0.00066,0.27443
CVE-2023-3686,0.00076,0.31600
CVE-2023-36860,0.00048,0.14657
CVE-2023-36861,0.00055,0.20747
CVE-2023-36862,0.00052,0.18120
CVE-2023-36864,0.00056,0.21135
CVE-2023-36865,0.00113,0.44762
CVE-2023-36866,0.00113,0.44762
CVE-2023-36867,0.00095,0.39490
CVE-2023-36868,0.00052,0.17595
CVE-2023-36869,0.00063,0.25174
CVE-2023-3687,0.00076,0.31600
CVE-2023-36871,0.00071,0.29190
CVE-2023-36872,0.00052,0.18058
CVE-2023-36873,0.00085,0.35250
CVE-2023-36874,0.00147,0.50660
CVE-2023-36876,0.00048,0.14284
CVE-2023-36877,0.00051,0.17020
CVE-2023-36878,0.00106,0.42955
CVE-2023-3688,0.00076,0.31600
CVE-2023-36880,0.00063,0.25174
CVE-2023-36881,0.00051,0.17020
CVE-2023-36882,0.02113,0.88049
CVE-2023-36883,0.00063,0.25174
CVE-2023-36884,0.54195,0.97353
CVE-2023-36886,0.00052,0.17556
CVE-2023-36887,0.00294,0.66111
CVE-2023-36888,0.00063,0.25174
CVE-2023-36889,0.00048,0.14284
CVE-2023-3689,0.00076,0.31600
CVE-2023-36890,0.00068,0.28339
CVE-2023-36891,0.00044,0.08098
CVE-2023-36892,0.00044,0.08098
CVE-2023-36893,0.00092,0.38714
CVE-2023-36894,0.00068,0.28339
CVE-2023-36895,0.00113,0.44762
CVE-2023-36896,0.00113,0.44762
CVE-2023-36897,0.00085,0.35250
CVE-2023-36898,0.00113,0.44762
CVE-2023-36899,0.00084,0.35184
CVE-2023-3690,0.00076,0.31600
CVE-2023-36900,0.00197,0.57586
CVE-2023-36902,0.00108,0.43384
CVE-2023-36903,0.00133,0.48360
CVE-2023-36904,0.00048,0.14284
CVE-2023-36905,0.00114,0.44870
CVE-2023-36906,0.00114,0.44870
CVE-2023-36907,0.00114,0.44870
CVE-2023-36908,0.00052,0.17595
CVE-2023-36909,0.00100,0.40934
CVE-2023-3691,0.00052,0.17598
CVE-2023-36910,0.00945,0.81480
CVE-2023-36911,0.00945,0.81480
CVE-2023-36912,0.00100,0.40934
CVE-2023-36913,0.00114,0.44870
CVE-2023-36914,0.00048,0.14284
CVE-2023-36915,0.00056,0.21135
CVE-2023-36916,0.00056,0.21135
CVE-2023-36917,0.00087,0.36261
CVE-2023-36918,0.00054,0.19387
CVE-2023-36919,0.00054,0.19387
CVE-2023-3692,0.00050,0.16285
CVE-2023-36920,0.00052,0.17889
CVE-2023-36921,0.00046,0.13740
CVE-2023-36922,0.00052,0.17710
CVE-2023-36923,0.00042,0.05722
CVE-2023-36924,0.00046,0.12619
CVE-2023-36925,0.00052,0.17889
CVE-2023-36926,0.00052,0.17889
CVE-2023-3693,0.00063,0.25553
CVE-2023-36932,0.00050,0.16404
CVE-2023-36933,0.00046,0.13740
CVE-2023-36934,0.01404,0.85090
CVE-2023-36936,0.00063,0.25007
CVE-2023-36939,0.00063,0.25290
CVE-2023-3694,0.00063,0.25553
CVE-2023-36940,0.00052,0.17601
CVE-2023-36941,0.00054,0.19382
CVE-2023-36942,0.00054,0.19245
CVE-2023-36947,0.00102,0.41567
CVE-2023-3695,0.00063,0.25553
CVE-2023-36950,0.00102,0.41567
CVE-2023-36952,0.00102,0.41567
CVE-2023-36953,0.11085,0.94654
CVE-2023-36954,0.11085,0.94654
CVE-2023-36955,0.00102,0.41567
CVE-2023-3696,0.00087,0.36569
CVE-2023-36968,0.00050,0.16285
CVE-2023-36969,0.00061,0.24129
CVE-2023-3697,0.00049,0.15925
CVE-2023-36970,0.00052,0.17669
CVE-2023-3698,0.00046,0.12703
CVE-2023-36980,0.00046,0.13740
CVE-2023-36983,0.00087,0.36261
CVE-2023-36984,0.00087,0.36261
CVE-2023-3699,0.00042,0.05722
CVE-2023-36992,0.00080,0.33265
CVE-2023-36993,0.00106,0.42831
CVE-2023-36994,0.00093,0.38965
CVE-2023-36995,0.00046,0.13740
CVE-2023-3700,0.00045,0.11801
CVE-2023-3701,0.00049,0.15925
CVE-2023-3703,0.00091,0.38380
CVE-2023-3704,0.00055,0.20404
CVE-2023-37049,0.00046,0.12561
CVE-2023-3705,0.00064,0.26328
CVE-2023-3706,0.00045,0.11801
CVE-2023-37061,0.00045,0.11801
CVE-2023-37062,0.00045,0.11801
CVE-2023-37063,0.00045,0.11801
CVE-2023-37064,0.00045,0.11801
CVE-2023-37065,0.00045,0.11801
CVE-2023-37066,0.00045,0.11801
CVE-2023-37067,0.00045,0.11801
CVE-2023-37068,0.00081,0.33808
CVE-2023-37069,0.00076,0.31600
CVE-2023-3707,0.00045,0.11801
CVE-2023-37070,0.00051,0.17093
CVE-2023-3708,0.00095,0.39574
CVE-2023-3709,0.00052,0.17889
CVE-2023-3710,0.75328,0.97904
CVE-2023-3711,0.00063,0.25553
CVE-2023-37117,0.00106,0.42831
CVE-2023-3712,0.00042,0.05722
CVE-2023-37122,0.00045,0.11801
CVE-2023-37124,0.00045,0.11801
CVE-2023-37125,0.00045,0.11801
CVE-2023-3713,0.00062,0.24555
CVE-2023-37131,0.00048,0.14563
CVE-2023-37132,0.00045,0.11801
CVE-2023-37133,0.00045,0.11801
CVE-2023-37134,0.00045,0.11801
CVE-2023-37135,0.00045,0.11801
CVE-2023-37136,0.00045,0.11801
CVE-2023-37139,0.00055,0.20631
CVE-2023-3714,0.00057,0.21323
CVE-2023-37140,0.00055,0.20631
CVE-2023-37141,0.00055,0.20631
CVE-2023-37142,0.00055,0.20631
CVE-2023-37143,0.00055,0.20631
CVE-2023-37144,0.00487,0.73538
CVE-2023-37145,0.79852,0.98045
CVE-2023-37146,0.79852,0.98045
CVE-2023-37148,0.79852,0.98045
CVE-2023-37149,0.79852,0.98045
CVE-2023-37150,0.00052,0.17989
CVE-2023-37152,0.00579,0.75768
CVE-2023-37153,0.00052,0.17638
CVE-2023-3716,0.00076,0.31600
CVE-2023-37164,0.00069,0.28556
CVE-2023-37165,0.00687,0.78046
CVE-2023-3717,0.00076,0.31600
CVE-2023-37170,0.00339,0.68503
CVE-2023-37171,0.04892,0.92032
CVE-2023-37172,0.04892,0.92032
CVE-2023-37173,0.04892,0.92032
CVE-2023-37174,0.00044,0.10345
CVE-2023-3718,0.00047,0.13919
CVE-2023-37185,0.00053,0.18664
CVE-2023-37186,0.00053,0.18664
CVE-2023-37187,0.00053,0.18664
CVE-2023-37188,0.00053,0.18664
CVE-2023-37189,0.00045,0.11801
CVE-2023-37190,0.00045,0.11801
CVE-2023-37191,0.00045,0.11801
CVE-2023-37192,0.00054,0.19490
CVE-2023-37194,0.00042,0.05722
CVE-2023-37195,0.00042,0.05722
CVE-2023-37196,0.00050,0.16285
CVE-2023-37197,0.00050,0.16285
CVE-2023-37198,0.00084,0.34942
CVE-2023-37199,0.00084,0.34942
CVE-2023-3720,0.00048,0.14563
CVE-2023-37200,0.00052,0.18120
CVE-2023-37201,0.00106,0.42916
CVE-2023-37202,0.00106,0.42916
CVE-2023-37203,0.00054,0.19430
CVE-2023-37204,0.00054,0.19490
CVE-2023-37205,0.00054,0.19490
CVE-2023-37206,0.00064,0.26487
CVE-2023-37207,0.00092,0.38855
CVE-2023-37208,0.00057,0.21302
CVE-2023-37209,0.00068,0.28208
CVE-2023-3721,0.00045,0.11801
CVE-2023-37210,0.00054,0.19490
CVE-2023-37211,0.00106,0.42916
CVE-2023-37212,0.00068,0.28208
CVE-2023-37213,0.00068,0.27907
CVE-2023-37214,0.00128,0.47402
CVE-2023-37215,0.00091,0.38380
CVE-2023-37216,0.00044,0.10862
CVE-2023-37217,0.00046,0.13740
CVE-2023-37218,0.00090,0.37805
CVE-2023-37219,0.00053,0.19001
CVE-2023-3722,0.00196,0.57552
CVE-2023-37220,0.00091,0.38380
CVE-2023-37221,0.00046,0.13740
CVE-2023-37222,0.00045,0.11801
CVE-2023-37223,0.00061,0.23994
CVE-2023-37224,0.00043,0.06775
CVE-2023-37225,0.00046,0.13740
CVE-2023-37237,0.00050,0.16285
CVE-2023-37238,0.00046,0.13740
CVE-2023-37239,0.00046,0.13740
CVE-2023-3724,0.00048,0.14657
CVE-2023-37240,0.00087,0.36261
CVE-2023-37241,0.00046,0.13740
CVE-2023-37242,0.00091,0.38380
CVE-2023-37243,0.00043,0.06775
CVE-2023-37245,0.00048,0.14563
CVE-2023-37246,0.00055,0.20390
CVE-2023-37247,0.00055,0.20390
CVE-2023-37248,0.00052,0.18061
CVE-2023-37249,0.00050,0.16285
CVE-2023-3725,0.00090,0.37693
CVE-2023-37250,0.00043,0.05916
CVE-2023-37251,0.00046,0.13740
CVE-2023-37254,0.00046,0.13740
CVE-2023-37255,0.00046,0.13740
CVE-2023-37256,0.00046,0.13740
CVE-2023-37257,0.00045,0.11801
CVE-2023-37258,0.00068,0.28208
CVE-2023-37259,0.00045,0.11801
CVE-2023-3726,0.00049,0.14986
CVE-2023-37260,0.00061,0.24202
CVE-2023-37261,0.00087,0.35972
CVE-2023-37262,0.00073,0.30003
CVE-2023-37263,0.00045,0.11801
CVE-2023-37264,0.00051,0.17093
CVE-2023-37265,0.09477,0.94211
CVE-2023-37266,0.07286,0.93431
CVE-2023-37267,0.00068,0.27979
CVE-2023-37268,0.00050,0.16285
CVE-2023-37269,0.00173,0.54526
CVE-2023-3727,0.00087,0.35965
CVE-2023-37270,0.01773,0.86741
CVE-2023-37271,0.00055,0.20491
CVE-2023-37272,0.00045,0.11801
CVE-2023-37273,0.00043,0.06775
CVE-2023-37274,0.00042,0.05722
CVE-2023-37275,0.00046,0.13740
CVE-2023-37276,0.00086,0.35678
CVE-2023-37277,0.00391,0.70662
CVE-2023-37278,0.00050,0.16285
CVE-2023-37279,0.00046,0.13740
CVE-2023-3728,0.00087,0.35965
CVE-2023-37280,0.00075,0.30958
CVE-2023-37281,0.00046,0.13740
CVE-2023-37282,0.00055,0.20747
CVE-2023-37283,0.00091,0.38380
CVE-2023-37284,0.00046,0.13789
CVE-2023-37285,0.00115,0.45160
CVE-2023-37286,0.00233,0.61430
CVE-2023-37287,0.00122,0.46377
CVE-2023-37288,0.00111,0.44230
CVE-2023-37289,0.00267,0.64328
CVE-2023-3729,0.00067,0.27707
CVE-2023-37290,0.00142,0.49897
CVE-2023-37291,0.00121,0.46372
CVE-2023-37292,0.00068,0.27907
CVE-2023-37293,0.00059,0.23078
CVE-2023-37294,0.00060,0.23658
CVE-2023-37295,0.00060,0.23658
CVE-2023-37296,0.00059,0.23078
CVE-2023-37297,0.00060,0.23658
CVE-2023-37298,0.00052,0.17989
CVE-2023-37299,0.00052,0.17989
CVE-2023-3730,0.00084,0.34800
CVE-2023-37300,0.00046,0.13740
CVE-2023-37301,0.00046,0.13740
CVE-2023-37302,0.00052,0.17989
CVE-2023-37303,0.00094,0.39326
CVE-2023-37304,0.00045,0.11801
CVE-2023-37305,0.00046,0.13740
CVE-2023-37306,0.00059,0.22950
CVE-2023-37307,0.00053,0.18547
CVE-2023-37308,0.01031,0.82299
CVE-2023-3731,0.00061,0.24201
CVE-2023-3732,0.00082,0.33965
CVE-2023-3733,0.00088,0.37052
CVE-2023-3734,0.00088,0.37052
CVE-2023-3735,0.00088,0.37052
CVE-2023-3736,0.00088,0.37052
CVE-2023-37360,0.00046,0.13740
CVE-2023-37361,0.00045,0.11801
CVE-2023-37362,0.00050,0.16285
CVE-2023-37364,0.00087,0.36261
CVE-2023-37365,0.00046,0.13740
CVE-2023-37367,0.00046,0.12540
CVE-2023-37368,0.00046,0.12540
CVE-2023-37369,0.00050,0.16457
CVE-2023-3737,0.00088,0.37052
CVE-2023-37372,0.00087,0.36046
CVE-2023-37373,0.00080,0.33458
CVE-2023-37374,0.00052,0.17677
CVE-2023-37375,0.00052,0.17542
CVE-2023-37376,0.00052,0.17677
CVE-2023-37377,0.00046,0.12540
CVE-2023-37378,0.00081,0.33725
CVE-2023-37379,0.00132,0.48176
CVE-2023-3738,0.00079,0.32777
CVE-2023-37386,0.00058,0.21913
CVE-2023-37387,0.00058,0.21913
CVE-2023-37388,0.00045,0.11801
CVE-2023-3739,0.00060,0.23666
CVE-2023-37390,0.00072,0.29664
CVE-2023-37391,0.00048,0.14563
CVE-2023-37392,0.00058,0.21913
CVE-2023-37393,0.00045,0.11801
CVE-2023-3740,0.00088,0.37052
CVE-2023-37404,0.00111,0.44198
CVE-2023-3741,0.00068,0.27907
CVE-2023-37410,0.00042,0.05722
CVE-2023-37415,0.00062,0.24807
CVE-2023-37416,0.00064,0.26361
CVE-2023-37417,0.00064,0.26361
CVE-2023-37418,0.00055,0.20747
CVE-2023-37419,0.00055,0.20747
CVE-2023-3742,0.00054,0.19504
CVE-2023-37420,0.00055,0.20747
CVE-2023-37421,0.00048,0.14756
CVE-2023-37422,0.00048,0.14756
CVE-2023-37423,0.00048,0.14756
CVE-2023-37424,0.00087,0.35982
CVE-2023-37425,0.00063,0.25005
CVE-2023-37426,0.00048,0.14329
CVE-2023-37427,0.00061,0.24013
CVE-2023-37428,0.00068,0.28149
CVE-2023-37429,0.00056,0.21030
CVE-2023-3743,0.00103,0.41798
CVE-2023-37430,0.00056,0.21030
CVE-2023-37431,0.00056,0.21030
CVE-2023-37432,0.00056,0.21030
CVE-2023-37433,0.00056,0.21030
CVE-2023-37434,0.00056,0.21030
CVE-2023-37435,0.00050,0.16821
CVE-2023-37436,0.00050,0.16821
CVE-2023-37437,0.00050,0.16821
CVE-2023-37438,0.00050,0.16821
CVE-2023-37439,0.00052,0.17713
CVE-2023-3744,0.00050,0.16285
CVE-2023-37440,0.00073,0.30201
CVE-2023-37442,0.00064,0.26361
CVE-2023-37443,0.00064,0.26361
CVE-2023-37444,0.00064,0.26361
CVE-2023-37445,0.00055,0.20747
CVE-2023-37446,0.00055,0.20747
CVE-2023-37447,0.00055,0.20747
CVE-2023-37448,0.00043,0.06775
CVE-2023-3745,0.00044,0.08215
CVE-2023-37450,0.00112,0.44419
CVE-2023-37453,0.00044,0.08085
CVE-2023-37454,0.00043,0.07658
CVE-2023-37455,0.00046,0.13740
CVE-2023-37456,0.00046,0.13740
CVE-2023-37457,0.00121,0.46277
CVE-2023-37459,0.00046,0.13740
CVE-2023-3746,0.00045,0.11801
CVE-2023-37460,0.00404,0.71073
CVE-2023-37461,0.00151,0.51350
CVE-2023-37462,0.38472,0.96882
CVE-2023-37463,0.00046,0.13740
CVE-2023-37464,0.00095,0.39730
CVE-2023-37466,0.00245,0.62588
CVE-2023-37467,0.00045,0.11801
CVE-2023-37468,0.00045,0.12069
CVE-2023-37469,0.00055,0.20529
CVE-2023-3747,0.00158,0.52226
CVE-2023-37470,0.00245,0.62550
CVE-2023-37471,0.00068,0.28208
CVE-2023-37472,0.00049,0.14986
CVE-2023-37473,0.00056,0.21019
CVE-2023-37474,0.03495,0.90647
CVE-2023-37475,0.00046,0.13740
CVE-2023-37476,0.00059,0.23223
CVE-2023-37477,0.00067,0.27791
CVE-2023-37478,0.00071,0.29184
CVE-2023-37479,0.00087,0.36024
CVE-2023-3748,0.00044,0.10188
CVE-2023-37480,0.00044,0.10862
CVE-2023-37481,0.00044,0.10862
CVE-2023-37483,0.00102,0.41513
CVE-2023-37484,0.00046,0.13740
CVE-2023-37486,0.00087,0.36261
CVE-2023-37487,0.00049,0.14986
CVE-2023-37488,0.00046,0.13740
CVE-2023-37489,0.00052,0.17889
CVE-2023-3749,0.00042,0.00438
CVE-2023-37490,0.00043,0.06775
CVE-2023-37491,0.00050,0.16285
CVE-2023-37492,0.00049,0.14986
CVE-2023-37496,0.00045,0.11801
CVE-2023-37497,0.00050,0.16285
CVE-2023-37498,0.00050,0.16285
CVE-2023-37499,0.00046,0.13740
CVE-2023-3750,0.00050,0.16044
CVE-2023-37500,0.00046,0.13740
CVE-2023-37501,0.00046,0.13740
CVE-2023-37502,0.00050,0.16285
CVE-2023-37503,0.00091,0.38380
CVE-2023-37504,0.00046,0.13740
CVE-2023-3751,0.00076,0.31600
CVE-2023-37511,0.00045,0.11801
CVE-2023-37512,0.00043,0.06775
CVE-2023-37513,0.00043,0.06775
CVE-2023-37519,0.00046,0.13740
CVE-2023-3752,0.00046,0.13740
CVE-2023-37520,0.00046,0.13740
CVE-2023-37521,0.00046,0.13740
CVE-2023-37522,0.00091,0.38380
CVE-2023-37523,0.00091,0.38380
CVE-2023-3753,0.00046,0.13740
CVE-2023-37532,0.00064,0.26323
CVE-2023-37533,0.00046,0.13740
CVE-2023-37536,0.00677,0.77876
CVE-2023-37537,0.00042,0.05722
CVE-2023-37538,0.00046,0.13740
CVE-2023-3754,0.00046,0.13740
CVE-2023-37543,0.00087,0.36261
CVE-2023-37544,0.00099,0.40582
CVE-2023-37545,0.00044,0.10862
CVE-2023-37546,0.00044,0.10862
CVE-2023-37547,0.00044,0.10862
CVE-2023-37548,0.00044,0.10862
CVE-2023-37549,0.00044,0.10862
CVE-2023-3755,0.00046,0.13740
CVE-2023-37550,0.00044,0.10862
CVE-2023-37551,0.00046,0.12619
CVE-2023-37552,0.00044,0.10862
CVE-2023-37553,0.00044,0.10862
CVE-2023-37554,0.00044,0.10862
CVE-2023-37555,0.00044,0.10862
CVE-2023-37556,0.00044,0.10862
CVE-2023-37557,0.00044,0.10862
CVE-2023-37558,0.00044,0.10862
CVE-2023-37559,0.00044,0.10862
CVE-2023-3756,0.00046,0.13740
CVE-2023-37560,0.00063,0.25005
CVE-2023-37561,0.00063,0.25005
CVE-2023-37562,0.00058,0.21913
CVE-2023-37563,0.00052,0.18141
CVE-2023-37564,0.00043,0.07443
CVE-2023-37565,0.00042,0.05722
CVE-2023-37566,0.00042,0.05722
CVE-2023-37567,0.00110,0.44012
CVE-2023-37568,0.00043,0.06775
CVE-2023-37569,0.00418,0.71548
CVE-2023-3757,0.00046,0.13740
CVE-2023-37570,0.00128,0.47423
CVE-2023-37571,0.00043,0.06775
CVE-2023-37572,0.00087,0.36261
CVE-2023-37573,0.00064,0.26361
CVE-2023-37574,0.00064,0.26361
CVE-2023-37575,0.00064,0.26361
CVE-2023-37576,0.00055,0.20747
CVE-2023-37577,0.00055,0.20747
CVE-2023-37578,0.00055,0.20747
CVE-2023-37579,0.00065,0.26771
CVE-2023-37580,0.27921,0.96418
CVE-2023-37581,0.00092,0.38844
CVE-2023-37582,0.00915,0.81159
CVE-2023-3759,0.00063,0.25553
CVE-2023-37596,0.00059,0.22815
CVE-2023-37597,0.00059,0.22815
CVE-2023-37598,0.00052,0.18051
CVE-2023-37599,0.00118,0.45827
CVE-2023-3760,0.00048,0.14340
CVE-2023-37600,0.00054,0.19245
CVE-2023-37601,0.00088,0.36996
CVE-2023-37602,0.00068,0.27921
CVE-2023-37605,0.00043,0.06775
CVE-2023-37607,0.00155,0.51810
CVE-2023-37608,0.00117,0.45507
CVE-2023-3761,0.00064,0.26487
CVE-2023-37611,0.00052,0.17688
CVE-2023-37613,0.00046,0.13740
CVE-2023-3762,0.00064,0.26487
CVE-2023-37623,0.00050,0.16761
CVE-2023-37624,0.00052,0.17989
CVE-2023-37625,0.00051,0.17093
CVE-2023-37627,0.00076,0.31600
CVE-2023-37628,0.00076,0.31600
CVE-2023-37629,0.13221,0.95071
CVE-2023-3763,0.00064,0.26393
CVE-2023-37630,0.00069,0.28451
CVE-2023-37635,0.00446,0.72397
CVE-2023-37636,0.00045,0.11801
CVE-2023-3764,0.00065,0.26944
CVE-2023-37644,0.00044,0.10345
CVE-2023-37645,0.00046,0.13740
CVE-2023-37646,0.00055,0.20526
CVE-2023-37647,0.00068,0.28208
CVE-2023-37649,0.00084,0.34921
CVE-2023-3765,0.00634,0.76928
CVE-2023-37650,0.00058,0.21913
CVE-2023-37656,0.00189,0.56486
CVE-2023-37657,0.00045,0.11801
CVE-2023-37658,0.00045,0.11801
CVE-2023-37659,0.00191,0.56689
CVE-2023-3766,0.00044,0.10188
CVE-2023-3767,0.00068,0.27907
CVE-2023-37677,0.00272,0.64668
CVE-2023-37679,0.07714,0.93561
CVE-2023-3768,0.00046,0.13740
CVE-2023-37682,0.00076,0.31600
CVE-2023-37683,0.00051,0.17093
CVE-2023-37684,0.00082,0.33986
CVE-2023-37685,0.00082,0.33986
CVE-2023-37686,0.00082,0.33986
CVE-2023-37687,0.00061,0.24091
CVE-2023-37688,0.00080,0.33443
CVE-2023-37689,0.00080,0.33443
CVE-2023-3769,0.00046,0.13740
CVE-2023-37690,0.00080,0.33443
CVE-2023-37692,0.00049,0.15110
CVE-2023-3770,0.00045,0.11801
CVE-2023-37700,0.00087,0.36569
CVE-2023-37701,0.00087,0.36569
CVE-2023-37702,0.00087,0.36569
CVE-2023-37703,0.00087,0.36569
CVE-2023-37704,0.00087,0.36569
CVE-2023-37705,0.00087,0.36569
CVE-2023-37706,0.00087,0.36569
CVE-2023-37707,0.00087,0.36569
CVE-2023-3771,0.00046,0.13740
CVE-2023-37710,0.00087,0.36569
CVE-2023-37711,0.00087,0.36569
CVE-2023-37712,0.00087,0.36569
CVE-2023-37714,0.00087,0.36569
CVE-2023-37715,0.00087,0.36569
CVE-2023-37716,0.00087,0.36569
CVE-2023-37717,0.00087,0.36569
CVE-2023-37718,0.00087,0.36569
CVE-2023-37719,0.00087,0.36569
CVE-2023-3772,0.00042,0.05722
CVE-2023-37721,0.00087,0.36569
CVE-2023-37722,0.00087,0.36569
CVE-2023-37723,0.00087,0.36569
CVE-2023-37728,0.00167,0.53449
CVE-2023-3773,0.00048,0.14232
CVE-2023-37732,0.00044,0.10345
CVE-2023-37733,0.00056,0.20820
CVE-2023-37734,0.42859,0.97014
CVE-2023-37739,0.00050,0.15975
CVE-2023-3774,0.00044,0.10862
CVE-2023-37742,0.00052,0.17989
CVE-2023-37743,0.00046,0.13740
CVE-2023-37744,0.00046,0.13740
CVE-2023-37745,0.00046,0.13740
CVE-2023-37746,0.00046,0.13740
CVE-2023-37748,0.00044,0.10345
CVE-2023-3775,0.00044,0.10862
CVE-2023-37754,0.00291,0.65889
CVE-2023-37755,0.00215,0.59577
CVE-2023-37756,0.00106,0.42831
CVE-2023-37758,0.00053,0.18664
CVE-2023-37759,0.06345,0.92979
CVE-2023-3776,0.00042,0.05722
CVE-2023-37765,0.00044,0.10345
CVE-2023-37766,0.00044,0.10345
CVE-2023-37767,0.00044,0.10345
CVE-2023-37769,0.00046,0.13740
CVE-2023-3777,0.00042,0.05722
CVE-2023-37770,0.00044,0.10345
CVE-2023-37771,0.00076,0.31600
CVE-2023-37772,0.00064,0.26137
CVE-2023-37781,0.00046,0.12730
CVE-2023-37785,0.00045,0.11801
CVE-2023-37786,0.00045,0.11801
CVE-2023-37787,0.00045,0.11801
CVE-2023-37788,0.00046,0.13740
CVE-2023-3779,0.00052,0.17889
CVE-2023-37790,0.00063,0.25197
CVE-2023-37791,0.00117,0.45530
CVE-2023-37793,0.00087,0.36569
CVE-2023-37794,0.00184,0.55725
CVE-2023-37798,0.00051,0.17093
CVE-2023-3781,0.00042,0.05722
CVE-2023-3782,0.00046,0.13740
CVE-2023-37824,0.00076,0.31600
CVE-2023-37826,0.00046,0.13740
CVE-2023-37827,0.00050,0.16906
CVE-2023-37828,0.00046,0.13740
CVE-2023-37829,0.00046,0.13740
CVE-2023-3783,0.00061,0.24106
CVE-2023-37830,0.00046,0.13740
CVE-2023-37831,0.00046,0.13740
CVE-2023-37832,0.00084,0.34921
CVE-2023-37833,0.00045,0.11801
CVE-2023-37836,0.00046,0.13740
CVE-2023-37837,0.00046,0.13740
CVE-2023-37839,0.00143,0.50070
CVE-2023-3784,0.00070,0.28907
CVE-2023-37847,0.00068,0.28208
CVE-2023-37849,0.00053,0.18257
CVE-2023-3785,0.00070,0.28907
CVE-2023-37855,0.00059,0.23052
CVE-2023-37856,0.00059,0.23052
CVE-2023-37857,0.00093,0.38967
CVE-2023-37858,0.00072,0.29488
CVE-2023-37859,0.00100,0.40796
CVE-2023-3786,0.00052,0.18047
CVE-2023-37860,0.00110,0.44056
CVE-2023-37861,0.00091,0.38573
CVE-2023-37862,0.00085,0.35275
CVE-2023-37863,0.00086,0.35531
CVE-2023-37864,0.00100,0.40796
CVE-2023-37867,0.00091,0.38380
CVE-2023-37868,0.00049,0.14986
CVE-2023-3787,0.00070,0.28907
CVE-2023-37871,0.00087,0.36261
CVE-2023-37873,0.00046,0.13740
CVE-2023-37874,0.00045,0.11801
CVE-2023-37875,0.00045,0.11801
CVE-2023-37878,0.00050,0.16285
CVE-2023-37879,0.00087,0.36261
CVE-2023-3788,0.00070,0.28907
CVE-2023-37881,0.00050,0.16285
CVE-2023-37889,0.00058,0.21913
CVE-2023-3789,0.00052,0.17598
CVE-2023-37890,0.00045,0.11801
CVE-2023-37891,0.00058,0.21913
CVE-2023-37892,0.00058,0.21913
CVE-2023-37893,0.00046,0.13740
CVE-2023-37894,0.00046,0.13740
CVE-2023-37895,0.06637,0.93146
CVE-2023-37896,0.00064,0.26449
CVE-2023-37897,0.00058,0.22588
CVE-2023-37899,0.00056,0.20790
CVE-2023-3790,0.00070,0.28907
CVE-2023-37900,0.00044,0.10862
CVE-2023-37901,0.00052,0.18012
CVE-2023-37902,0.00046,0.13740
CVE-2023-37903,0.00267,0.64330
CVE-2023-37904,0.00046,0.13740
CVE-2023-37905,0.00052,0.17638
CVE-2023-37906,0.00045,0.12231
CVE-2023-37907,0.00042,0.05722
CVE-2023-37908,0.00124,0.46801
CVE-2023-37909,0.00260,0.63866
CVE-2023-3791,0.00063,0.25553
CVE-2023-37910,0.00060,0.23257
CVE-2023-37911,0.00071,0.29268
CVE-2023-37912,0.00241,0.62180
CVE-2023-37913,0.00070,0.28955
CVE-2023-37914,0.00470,0.73072
CVE-2023-37915,0.00044,0.10188
CVE-2023-37916,0.00084,0.34921
CVE-2023-37917,0.00050,0.16285
CVE-2023-37918,0.00055,0.20498
CVE-2023-37919,0.00045,0.11801
CVE-2023-3792,0.00052,0.17770
CVE-2023-37920,0.00059,0.22803
CVE-2023-37921,0.00055,0.20747
CVE-2023-37922,0.00055,0.20747
CVE-2023-37923,0.00055,0.20747
CVE-2023-37924,0.00582,0.75830
CVE-2023-37925,0.00042,0.05722
CVE-2023-37926,0.00042,0.05722
CVE-2023-37927,0.00052,0.17710
CVE-2023-37928,0.00050,0.16721
CVE-2023-3793,0.00076,0.31600
CVE-2023-37932,0.00068,0.28333
CVE-2023-37934,0.00044,0.10465
CVE-2023-37935,0.00087,0.36261
CVE-2023-37939,0.00042,0.05722
CVE-2023-3794,0.00046,0.13740
CVE-2023-37941,0.00217,0.59793
CVE-2023-37942,0.00046,0.12546
CVE-2023-37943,0.00087,0.36261
CVE-2023-37944,0.00049,0.14986
CVE-2023-37945,0.00044,0.10753
CVE-2023-37946,0.00091,0.38380
CVE-2023-37947,0.00046,0.13740
CVE-2023-37948,0.00046,0.13740
CVE-2023-37949,0.00049,0.14986
CVE-2023-3795,0.00076,0.31600
CVE-2023-37950,0.00044,0.10753
CVE-2023-37951,0.00049,0.14986
CVE-2023-37952,0.00048,0.14563
CVE-2023-37953,0.00049,0.14986
CVE-2023-37954,0.00046,0.13740
CVE-2023-37955,0.00048,0.14563
CVE-2023-37956,0.00046,0.12546
CVE-2023-37957,0.00058,0.21913
CVE-2023-37958,0.00051,0.16921
CVE-2023-37959,0.00046,0.12528
CVE-2023-3796,0.00050,0.16285
CVE-2023-37960,0.00046,0.12690
CVE-2023-37961,0.00058,0.21913
CVE-2023-37962,0.00058,0.21913
CVE-2023-37963,0.00044,0.10753
CVE-2023-37964,0.00058,0.21913
CVE-2023-37965,0.00049,0.14986
CVE-2023-37966,0.00076,0.31600
CVE-2023-37968,0.00058,0.21913
CVE-2023-3797,0.00061,0.24091
CVE-2023-37970,0.00045,0.11801
CVE-2023-37972,0.00087,0.36261
CVE-2023-37973,0.00058,0.21913
CVE-2023-37974,0.00058,0.21913
CVE-2023-37975,0.00046,0.13740
CVE-2023-37976,0.00046,0.13740
CVE-2023-37977,0.00046,0.13740
CVE-2023-37978,0.00049,0.14986
CVE-2023-37979,0.00084,0.35134
CVE-2023-3798,0.00063,0.25553
CVE-2023-37980,0.00045,0.11801
CVE-2023-37981,0.00046,0.13740
CVE-2023-37982,0.00046,0.13740
CVE-2023-37983,0.00045,0.11801
CVE-2023-37985,0.00058,0.21913
CVE-2023-37986,0.00045,0.11801
CVE-2023-37988,0.00054,0.19382
CVE-2023-3799,0.00063,0.25553
CVE-2023-37990,0.00058,0.21913
CVE-2023-37991,0.00058,0.21913
CVE-2023-37992,0.00058,0.21913
CVE-2023-37993,0.00045,0.11801
CVE-2023-37994,0.00045,0.11801
CVE-2023-37995,0.00058,0.21913
CVE-2023-37996,0.00058,0.21913
CVE-2023-37997,0.00046,0.13740
CVE-2023-37998,0.00058,0.21913
CVE-2023-3800,0.00064,0.26137
CVE-2023-38000,0.00137,0.49036
CVE-2023-38003,0.00058,0.22619
CVE-2023-3801,0.00058,0.22658
CVE-2023-3802,0.00063,0.25553
CVE-2023-38021,0.00042,0.05722
CVE-2023-38022,0.00042,0.05722
CVE-2023-38023,0.00042,0.05722
CVE-2023-38024,0.00155,0.51866
CVE-2023-38025,0.00132,0.48098
CVE-2023-38026,0.00148,0.50813
CVE-2023-38027,0.00120,0.46083
CVE-2023-38028,0.00117,0.45633
CVE-2023-38029,0.00127,0.47285
CVE-2023-3803,0.00052,0.17989
CVE-2023-38030,0.00110,0.44056
CVE-2023-38031,0.00052,0.17905
CVE-2023-38032,0.00052,0.17905
CVE-2023-38033,0.00052,0.17905
CVE-2023-38034,0.00279,0.65072
CVE-2023-38035,0.97187,0.99783
CVE-2023-38039,0.00102,0.41281
CVE-2023-3804,0.00063,0.25553
CVE-2023-38040,0.00046,0.13740
CVE-2023-38041,0.00043,0.06775
CVE-2023-38043,0.00043,0.06775
CVE-2023-38044,0.00076,0.31600
CVE-2023-38045,0.00046,0.13740
CVE-2023-38046,0.00068,0.28095
CVE-2023-3805,0.00063,0.25553
CVE-2023-38056,0.00050,0.15960
CVE-2023-38057,0.00045,0.11801
CVE-2023-38058,0.00045,0.11801
CVE-2023-38059,0.00046,0.13740
CVE-2023-3806,0.00063,0.25553
CVE-2023-38060,0.00048,0.14657
CVE-2023-38061,0.00045,0.11801
CVE-2023-38062,0.00049,0.14986
CVE-2023-38063,0.00045,0.11801
CVE-2023-38064,0.00049,0.14986
CVE-2023-38065,0.00045,0.11801
CVE-2023-38066,0.00046,0.13740
CVE-2023-38067,0.00049,0.14986
CVE-2023-38068,0.00046,0.13740
CVE-2023-38069,0.00043,0.06775
CVE-2023-3807,0.00061,0.24091
CVE-2023-38070,0.00058,0.22592
CVE-2023-38071,0.00058,0.22592
CVE-2023-38072,0.00075,0.30917
CVE-2023-38073,0.00051,0.16940
CVE-2023-38074,0.00051,0.16940
CVE-2023-38075,0.00071,0.29440
CVE-2023-38076,0.00050,0.16764
CVE-2023-3808,0.00061,0.24091
CVE-2023-3809,0.00063,0.25553
CVE-2023-3810,0.00063,0.25553
CVE-2023-3811,0.00063,0.25553
CVE-2023-3812,0.00047,0.14215
CVE-2023-38126,0.02423,0.88904
CVE-2023-38127,0.00149,0.50972
CVE-2023-38128,0.00131,0.47944
CVE-2023-3813,0.00126,0.47217
CVE-2023-38130,0.00072,0.29856
CVE-2023-38131,0.00044,0.10862
CVE-2023-38132,0.00055,0.20570
CVE-2023-38133,0.00095,0.39722
CVE-2023-38136,0.00055,0.20747
CVE-2023-38138,0.00046,0.13740
CVE-2023-38139,0.00048,0.14354
CVE-2023-3814,0.00049,0.14986
CVE-2023-38140,0.00048,0.14354
CVE-2023-38141,0.00048,0.14354
CVE-2023-38142,0.00048,0.14284
CVE-2023-38143,0.00048,0.14243
CVE-2023-38144,0.00048,0.14243
CVE-2023-38146,0.85638,0.98308
CVE-2023-38147,0.00113,0.44762
CVE-2023-38148,0.00113,0.44762
CVE-2023-38149,0.00111,0.44257
CVE-2023-3815,0.00060,0.23646
CVE-2023-38150,0.00048,0.14284
CVE-2023-38151,0.01462,0.85396
CVE-2023-38152,0.01853,0.87097
CVE-2023-38154,0.00048,0.14354
CVE-2023-38155,0.01499,0.85567
CVE-2023-38156,0.00055,0.20508
CVE-2023-38157,0.00092,0.38782
CVE-2023-38158,0.00063,0.25174
CVE-2023-38159,0.00043,0.07734
CVE-2023-38160,0.00047,0.13894
CVE-2023-38161,0.00048,0.14243
CVE-2023-38162,0.00111,0.44257
CVE-2023-38163,0.00050,0.16792
CVE-2023-38164,0.00052,0.17556
CVE-2023-38166,0.00420,0.71624
CVE-2023-38167,0.00046,0.12575
CVE-2023-38169,0.00177,0.54963
CVE-2023-3817,0.00130,0.47808
CVE-2023-38170,0.00113,0.44762
CVE-2023-38171,0.00191,0.56730
CVE-2023-38172,0.00100,0.40934
CVE-2023-38173,0.00063,0.25174
CVE-2023-38174,0.00063,0.25174
CVE-2023-38175,0.00048,0.14284
CVE-2023-38176,0.00048,0.14284
CVE-2023-38177,0.00061,0.24038
CVE-2023-38178,0.00100,0.40934
CVE-2023-38180,0.00717,0.78543
CVE-2023-38181,0.00058,0.22589
CVE-2023-38182,0.00061,0.24038
CVE-2023-38184,0.00208,0.58819
CVE-2023-38185,0.00191,0.56719
CVE-2023-38186,0.00133,0.48360
CVE-2023-38187,0.00095,0.39720
CVE-2023-38188,0.00051,0.17020
CVE-2023-3819,0.00069,0.28584
CVE-2023-38190,0.00050,0.16285
CVE-2023-38191,0.00046,0.13740
CVE-2023-38192,0.00046,0.13740
CVE-2023-38193,0.00151,0.51232
CVE-2023-38194,0.00046,0.13740
CVE-2023-38195,0.00049,0.14986
CVE-2023-38197,0.00085,0.35362
CVE-2023-38198,0.00100,0.40877
CVE-2023-38199,0.00091,0.38380
CVE-2023-3820,0.00050,0.16285
CVE-2023-38200,0.00135,0.48754
CVE-2023-38201,0.00049,0.15919
CVE-2023-38203,0.53216,0.97332
CVE-2023-38204,0.00526,0.74554
CVE-2023-38205,0.82814,0.98183
CVE-2023-38206,0.00065,0.26978
CVE-2023-38207,0.00118,0.45675
CVE-2023-38208,0.00055,0.20497
CVE-2023-38209,0.00051,0.16937
CVE-2023-3821,0.00090,0.37876
CVE-2023-38210,0.00057,0.21313
CVE-2023-38211,0.00604,0.76301
CVE-2023-38212,0.00093,0.38950
CVE-2023-38213,0.00077,0.31860
CVE-2023-38214,0.00047,0.14158
CVE-2023-38215,0.00047,0.14158
CVE-2023-38216,0.00768,0.79346
CVE-2023-38217,0.00138,0.49355
CVE-2023-38218,0.00052,0.17669
CVE-2023-38219,0.00052,0.17691
CVE-2023-3822,0.00070,0.28896
CVE-2023-38220,0.00118,0.45675
CVE-2023-38221,0.00079,0.32927
CVE-2023-38222,0.27590,0.96401
CVE-2023-38223,0.00389,0.70595
CVE-2023-38224,0.27590,0.96401
CVE-2023-38225,0.27590,0.96401
CVE-2023-38226,0.00389,0.70595
CVE-2023-38227,0.27590,0.96401
CVE-2023-38228,0.27590,0.96401
CVE-2023-38229,0.00352,0.69054
CVE-2023-3823,0.00059,0.22834
CVE-2023-38230,0.00680,0.77921
CVE-2023-38231,0.01403,0.85088
CVE-2023-38232,0.00094,0.39366
CVE-2023-38233,0.01403,0.85088
CVE-2023-38234,0.00385,0.70414
CVE-2023-38235,0.00092,0.38774
CVE-2023-38236,0.00092,0.38774
CVE-2023-38237,0.00092,0.38774
CVE-2023-38238,0.00602,0.76251
CVE-2023-38239,0.00092,0.38774
CVE-2023-3824,0.00083,0.34316
CVE-2023-38240,0.00092,0.38774
CVE-2023-38241,0.00092,0.38774
CVE-2023-38242,0.00092,0.38774
CVE-2023-38243,0.00602,0.76251
CVE-2023-38244,0.00092,0.38774
CVE-2023-38245,0.00397,0.70890
CVE-2023-38246,0.00259,0.63739
CVE-2023-38247,0.00092,0.38774
CVE-2023-38248,0.00092,0.38774
CVE-2023-38249,0.00079,0.32927
CVE-2023-3825,0.00067,0.27855
CVE-2023-38250,0.00079,0.32927
CVE-2023-38251,0.00065,0.26978
CVE-2023-38252,0.00044,0.08011
CVE-2023-38253,0.00044,0.08011
CVE-2023-38254,0.00100,0.40934
CVE-2023-38255,0.00046,0.13740
CVE-2023-38256,0.00090,0.37805
CVE-2023-38257,0.00093,0.39078
CVE-2023-38258,0.00052,0.18120
CVE-2023-38259,0.00052,0.18141
CVE-2023-3826,0.00343,0.68641
CVE-2023-38261,0.00055,0.20747
CVE-2023-38267,0.00042,0.05722
CVE-2023-38268,0.00054,0.19329
CVE-2023-3827,0.00056,0.20802
CVE-2023-38275,0.00074,0.30453
CVE-2023-38276,0.00074,0.30453
CVE-2023-3828,0.00056,0.20802
CVE-2023-38280,0.00042,0.05722
CVE-2023-38283,0.00052,0.17638
CVE-2023-38285,0.00046,0.13740
CVE-2023-38286,0.00055,0.20449
CVE-2023-3829,0.00056,0.20802
CVE-2023-3830,0.00046,0.13740
CVE-2023-38303,0.00070,0.28954
CVE-2023-38304,0.00049,0.15137
CVE-2023-38305,0.00046,0.13740
CVE-2023-38306,0.00046,0.13740
CVE-2023-38307,0.00049,0.15137
CVE-2023-38308,0.00052,0.17732
CVE-2023-38309,0.00050,0.16906
CVE-2023-3831,0.00045,0.11801
CVE-2023-38310,0.00054,0.19193
CVE-2023-38311,0.00054,0.19193
CVE-2023-38312,0.00090,0.37805
CVE-2023-38313,0.00046,0.13740
CVE-2023-38314,0.00044,0.10862
CVE-2023-38315,0.00046,0.13740
CVE-2023-38316,0.00091,0.38380
CVE-2023-38317,0.00089,0.37382
CVE-2023-38318,0.00089,0.37382
CVE-2023-38319,0.00089,0.37382
CVE-2023-3832,0.00046,0.13740
CVE-2023-38320,0.00046,0.13740
CVE-2023-38321,0.00105,0.42407
CVE-2023-38322,0.00046,0.13740
CVE-2023-38323,0.00089,0.37382
CVE-2023-38324,0.00052,0.17638
CVE-2023-38325,0.00060,0.23700
CVE-2023-38328,0.00072,0.29488
CVE-2023-3833,0.00046,0.13740
CVE-2023-38330,0.00046,0.13740
CVE-2023-38331,0.01227,0.83952
CVE-2023-38332,0.00048,0.14251
CVE-2023-38333,0.00522,0.74451
CVE-2023-38334,0.00127,0.47348
CVE-2023-38335,0.00128,0.47550
CVE-2023-38336,0.00129,0.47683
CVE-2023-38337,0.00099,0.40632
CVE-2023-3834,0.00046,0.13740
CVE-2023-38343,0.00087,0.36261
CVE-2023-38344,0.00049,0.14986
CVE-2023-38346,0.00064,0.26394
CVE-2023-38347,0.00046,0.13740
CVE-2023-38348,0.00058,0.21913
CVE-2023-38349,0.00058,0.21913
CVE-2023-3835,0.00046,0.13740
CVE-2023-38350,0.00045,0.11801
CVE-2023-38351,0.00165,0.53245
CVE-2023-38352,0.00165,0.53245
CVE-2023-38353,0.00085,0.35522
CVE-2023-38354,0.00165,0.53245
CVE-2023-38355,0.00165,0.53245
CVE-2023-38356,0.00165,0.53245
CVE-2023-38357,0.00192,0.56859
CVE-2023-3836,0.02584,0.89218
CVE-2023-38361,0.00074,0.30453
CVE-2023-38363,0.00044,0.10521
CVE-2023-38364,0.00044,0.10521
CVE-2023-3837,0.00051,0.17093
CVE-2023-38378,0.00394,0.70777
CVE-2023-38379,0.00092,0.38717
CVE-2023-3838,0.00051,0.17093
CVE-2023-38380,0.00046,0.13740
CVE-2023-38381,0.00058,0.21913
CVE-2023-38382,0.00076,0.31600
CVE-2023-38384,0.00046,0.13740
CVE-2023-38387,0.00045,0.11801
CVE-2023-3839,0.00061,0.24091
CVE-2023-38390,0.00058,0.21913
CVE-2023-38391,0.00050,0.16285
CVE-2023-38392,0.00046,0.13740
CVE-2023-38396,0.00058,0.21913
CVE-2023-38397,0.00045,0.11801
CVE-2023-38398,0.00058,0.21913
CVE-2023-3840,0.00046,0.13740
CVE-2023-38400,0.00046,0.13740
CVE-2023-38401,0.00042,0.05722
CVE-2023-38402,0.00043,0.06775
CVE-2023-38403,0.00203,0.58318
CVE-2023-38404,0.00054,0.19351
CVE-2023-38405,0.00046,0.13740
CVE-2023-38406,0.00084,0.34630
CVE-2023-38407,0.00047,0.14205
CVE-2023-38408,0.02999,0.89934
CVE-2023-38409,0.00043,0.06775
CVE-2023-3841,0.00058,0.21913
CVE-2023-38410,0.00043,0.06775
CVE-2023-38411,0.00043,0.06775
CVE-2023-38412,0.00050,0.16285
CVE-2023-38418,0.00043,0.06775
CVE-2023-38419,0.00044,0.10862
CVE-2023-3842,0.00043,0.06775
CVE-2023-38421,0.00060,0.23627
CVE-2023-38422,0.00087,0.36261
CVE-2023-38423,0.00045,0.11801
CVE-2023-38424,0.00055,0.20747
CVE-2023-38425,0.00077,0.31887
CVE-2023-38426,0.00119,0.46006
CVE-2023-38427,0.00063,0.25553
CVE-2023-38428,0.00140,0.49702
CVE-2023-38429,0.00091,0.38380
CVE-2023-3843,0.00237,0.61885
CVE-2023-38430,0.00061,0.23858
CVE-2023-38431,0.00061,0.23858
CVE-2023-38432,0.00140,0.49702
CVE-2023-38433,0.00263,0.64036
CVE-2023-38434,0.00046,0.13740
CVE-2023-38435,0.00414,0.71417
CVE-2023-38436,0.00042,0.05722
CVE-2023-38437,0.00042,0.05722
CVE-2023-38438,0.00042,0.05722
CVE-2023-38439,0.00042,0.05722
CVE-2023-3844,0.00237,0.61885
CVE-2023-38440,0.00042,0.05722
CVE-2023-38441,0.00042,0.05722
CVE-2023-38442,0.00042,0.05722
CVE-2023-38443,0.00042,0.05722
CVE-2023-38444,0.00042,0.05722
CVE-2023-38445,0.00042,0.05722
CVE-2023-38446,0.00042,0.05722
CVE-2023-38447,0.00042,0.05722
CVE-2023-38448,0.00042,0.05722
CVE-2023-38449,0.00042,0.05722
CVE-2023-3845,0.00237,0.61885
CVE-2023-38450,0.00042,0.05722
CVE-2023-38451,0.00042,0.05722
CVE-2023-38452,0.00042,0.05722
CVE-2023-38453,0.00042,0.05722
CVE-2023-38454,0.00042,0.05722
CVE-2023-38455,0.00042,0.05722
CVE-2023-38456,0.00042,0.05722
CVE-2023-38457,0.00042,0.05722
CVE-2023-38458,0.00042,0.05722
CVE-2023-38459,0.00042,0.05722
CVE-2023-3846,0.00237,0.61885
CVE-2023-38460,0.00042,0.05722
CVE-2023-38461,0.00042,0.05722
CVE-2023-38462,0.00042,0.05722
CVE-2023-38463,0.00042,0.05722
CVE-2023-38464,0.00042,0.05722
CVE-2023-38465,0.00042,0.05722
CVE-2023-38466,0.00042,0.05722
CVE-2023-38467,0.00042,0.05722
CVE-2023-38468,0.00042,0.05722
CVE-2023-38469,0.00043,0.06775
CVE-2023-3847,0.00237,0.61885
CVE-2023-38470,0.00043,0.06775
CVE-2023-38471,0.00043,0.06775
CVE-2023-38472,0.00043,0.06775
CVE-2023-38473,0.00043,0.06775
CVE-2023-38474,0.00046,0.13740
CVE-2023-38476,0.00045,0.11801
CVE-2023-38478,0.00046,0.13740
CVE-2023-3848,0.00237,0.61885
CVE-2023-38481,0.00046,0.13740
CVE-2023-38482,0.00045,0.11801
CVE-2023-38484,0.00042,0.05722
CVE-2023-38485,0.00042,0.05722
CVE-2023-38486,0.00043,0.06775
CVE-2023-38487,0.00048,0.14563
CVE-2023-38488,0.00087,0.36268
CVE-2023-38489,0.00085,0.35211
CVE-2023-3849,0.00237,0.61885
CVE-2023-38490,0.00126,0.47135
CVE-2023-38491,0.00142,0.49916
CVE-2023-38492,0.00102,0.41491
CVE-2023-38493,0.00055,0.20425
CVE-2023-38494,0.00084,0.34859
CVE-2023-38495,0.00096,0.39919
CVE-2023-38496,0.00046,0.13848
CVE-2023-38497,0.00042,0.05722
CVE-2023-38498,0.00045,0.12231
CVE-2023-38499,0.00052,0.17989
CVE-2023-3850,0.00076,0.31600
CVE-2023-38500,0.00072,0.29667
CVE-2023-38501,0.00199,0.57893
CVE-2023-38502,0.00044,0.10862
CVE-2023-38503,0.00049,0.14986
CVE-2023-38504,0.00056,0.20790
CVE-2023-38505,0.00056,0.20790
CVE-2023-38507,0.00063,0.25553
CVE-2023-38508,0.00058,0.22009
CVE-2023-38509,0.00115,0.45165
CVE-2023-38510,0.00062,0.24812
CVE-2023-38512,0.00058,0.21913
CVE-2023-38513,0.00045,0.11801
CVE-2023-38515,0.00049,0.14986
CVE-2023-38516,0.00045,0.11801
CVE-2023-38517,0.00045,0.11801
CVE-2023-38518,0.00045,0.11801
CVE-2023-38519,0.00049,0.14986
CVE-2023-3852,0.00199,0.57780
CVE-2023-38521,0.00045,0.11801
CVE-2023-38523,0.00114,0.44781
CVE-2023-38524,0.00050,0.16056
CVE-2023-38525,0.00050,0.16452
CVE-2023-38526,0.00050,0.16452
CVE-2023-38527,0.00050,0.16452
CVE-2023-38528,0.00050,0.16056
CVE-2023-38529,0.00050,0.16452
CVE-2023-3853,0.00046,0.13740
CVE-2023-38530,0.00050,0.16452
CVE-2023-38531,0.00050,0.16452
CVE-2023-38532,0.00045,0.12244
CVE-2023-38537,0.00046,0.13740
CVE-2023-38538,0.00046,0.13740
CVE-2023-3854,0.00076,0.31600
CVE-2023-38541,0.00043,0.06775
CVE-2023-38543,0.00043,0.06775
CVE-2023-38544,0.00043,0.06775
CVE-2023-38545,0.00178,0.55102
CVE-2023-38546,0.00081,0.33725
CVE-2023-38547,0.00240,0.62126
CVE-2023-38548,0.00045,0.11801
CVE-2023-38549,0.00045,0.11801
CVE-2023-3855,0.00046,0.13740
CVE-2023-38552,0.00087,0.36466
CVE-2023-38553,0.00042,0.05722
CVE-2023-38554,0.00042,0.05722
CVE-2023-38555,0.00055,0.20570
CVE-2023-38556,0.00076,0.31154
CVE-2023-38557,0.00042,0.05722
CVE-2023-38558,0.00042,0.05722
CVE-2023-38559,0.00052,0.17523
CVE-2023-3856,0.00046,0.13740
CVE-2023-38560,0.00062,0.24598
CVE-2023-38563,0.00087,0.36570
CVE-2023-38564,0.00048,0.14563
CVE-2023-38565,0.00057,0.21302
CVE-2023-38568,0.00065,0.26759
CVE-2023-38569,0.00048,0.14756
CVE-2023-3857,0.00046,0.13740
CVE-2023-38570,0.00061,0.23810
CVE-2023-38571,0.00080,0.33264
CVE-2023-38572,0.00089,0.37473
CVE-2023-38573,0.00145,0.50304
CVE-2023-38574,0.00063,0.25005
CVE-2023-38576,0.00043,0.06775
CVE-2023-3858,0.00046,0.13740
CVE-2023-38580,0.00054,0.19430
CVE-2023-38582,0.00048,0.14646
CVE-2023-38583,0.00055,0.20747
CVE-2023-38584,0.00088,0.37081
CVE-2023-38585,0.00107,0.43060
CVE-2023-38586,0.00091,0.38380
CVE-2023-38587,0.00043,0.06775
CVE-2023-38588,0.00043,0.07443
CVE-2023-3859,0.00076,0.31600
CVE-2023-38590,0.00298,0.66337
CVE-2023-38591,0.00050,0.16285
CVE-2023-38592,0.00174,0.54644
CVE-2023-38593,0.00047,0.13889
CVE-2023-38594,0.00120,0.46105
CVE-2023-38595,0.00128,0.47473
CVE-2023-38596,0.00054,0.19235
CVE-2023-38597,0.00113,0.44625
CVE-2023-38598,0.00276,0.64937
CVE-2023-38599,0.00100,0.40989
CVE-2023-3860,0.00046,0.13740
CVE-2023-38600,0.00122,0.46395
CVE-2023-38601,0.00062,0.24609
CVE-2023-38602,0.00047,0.14033
CVE-2023-38603,0.00103,0.41689
CVE-2023-38604,0.00179,0.55187
CVE-2023-38605,0.00046,0.13848
CVE-2023-38606,0.00340,0.68545
CVE-2023-38607,0.00045,0.12108
CVE-2023-38608,0.00052,0.18120
CVE-2023-38609,0.00048,0.14563
CVE-2023-3861,0.00046,0.13740
CVE-2023-38610,0.00045,0.12108
CVE-2023-38611,0.00128,0.47473
CVE-2023-38612,0.00046,0.13848
CVE-2023-38615,0.00055,0.20747
CVE-2023-38616,0.00055,0.20747
CVE-2023-38617,0.00054,0.19245
CVE-2023-38618,0.00065,0.27028
CVE-2023-38619,0.00065,0.27028
CVE-2023-3862,0.00046,0.13740
CVE-2023-38620,0.00065,0.27028
CVE-2023-38621,0.00065,0.27028
CVE-2023-38622,0.00065,0.27028
CVE-2023-38623,0.00065,0.27028
CVE-2023-38624,0.00063,0.25604
CVE-2023-38625,0.00063,0.25604
CVE-2023-38626,0.00063,0.25604
CVE-2023-38627,0.00063,0.25604
CVE-2023-3863,0.00042,0.05722
CVE-2023-38632,0.00087,0.36569
CVE-2023-38633,0.00158,0.52264
CVE-2023-3864,0.00050,0.16285
CVE-2023-38640,0.00042,0.05722
CVE-2023-38641,0.00042,0.05722
CVE-2023-38646,0.66372,0.97645
CVE-2023-38647,0.00179,0.55146
CVE-2023-38648,0.00055,0.20747
CVE-2023-38649,0.00055,0.20747
CVE-2023-38650,0.00062,0.24591
CVE-2023-38651,0.00062,0.24591
CVE-2023-38652,0.00062,0.24591
CVE-2023-38653,0.00062,0.24591
CVE-2023-38657,0.00055,0.20747
CVE-2023-38665,0.00044,0.10345
CVE-2023-38666,0.00044,0.10345
CVE-2023-38667,0.00044,0.10345
CVE-2023-38668,0.00044,0.10345
CVE-2023-38669,0.00087,0.36569
CVE-2023-38670,0.00046,0.13740
CVE-2023-38671,0.00087,0.36569
CVE-2023-38672,0.00046,0.13740
CVE-2023-38673,0.00080,0.33253
CVE-2023-38674,0.00046,0.13740
CVE-2023-38675,0.00046,0.13740
CVE-2023-38676,0.00046,0.13740
CVE-2023-38677,0.00046,0.13740
CVE-2023-38678,0.00046,0.13740
CVE-2023-38679,0.00092,0.38921
CVE-2023-38680,0.00092,0.38921
CVE-2023-38681,0.00092,0.38921
CVE-2023-38682,0.00050,0.16452
CVE-2023-38683,0.00050,0.16056
CVE-2023-38684,0.00046,0.13740
CVE-2023-38685,0.00045,0.11801
CVE-2023-38686,0.00062,0.24377
CVE-2023-38687,0.00049,0.15110
CVE-2023-38688,0.00064,0.26487
CVE-2023-38689,0.00316,0.67390
CVE-2023-3869,0.00052,0.17889
CVE-2023-38690,0.00314,0.67208
CVE-2023-38691,0.00049,0.14986
CVE-2023-38692,0.00067,0.27753
CVE-2023-38694,0.00044,0.10753
CVE-2023-38695,0.00077,0.31664
CVE-2023-38697,0.00064,0.26179
CVE-2023-38698,0.00052,0.17729
CVE-2023-38699,0.00058,0.22598
CVE-2023-38700,0.00052,0.17989
CVE-2023-38701,0.00051,0.17342
CVE-2023-38702,0.00077,0.31952
CVE-2023-38703,0.00068,0.28208
CVE-2023-38704,0.00219,0.59894
CVE-2023-38706,0.00045,0.12231
CVE-2023-38708,0.00074,0.30463
CVE-2023-3871,0.00064,0.26393
CVE-2023-38710,0.00044,0.10862
CVE-2023-38711,0.00044,0.10862
CVE-2023-38712,0.00044,0.10862
CVE-2023-38718,0.00044,0.10521
CVE-2023-38719,0.00042,0.05722
CVE-2023-3872,0.00064,0.26393
CVE-2023-38720,0.00074,0.30542
CVE-2023-38721,0.00042,0.05722
CVE-2023-38722,0.00044,0.10565
CVE-2023-38727,0.00074,0.30542
CVE-2023-38728,0.00068,0.28363
CVE-2023-3873,0.00064,0.26393
CVE-2023-38730,0.00074,0.30453
CVE-2023-38732,0.00044,0.10565
CVE-2023-38733,0.00044,0.10565
CVE-2023-38734,0.00073,0.30413
CVE-2023-38735,0.00054,0.19381
CVE-2023-38736,0.00042,0.05722
CVE-2023-38737,0.00056,0.21083
CVE-2023-38738,0.00049,0.15916
CVE-2023-3874,0.00064,0.26393
CVE-2023-38740,0.00068,0.28363
CVE-2023-38741,0.00056,0.21083
CVE-2023-38743,0.00118,0.45693
CVE-2023-38744,0.00081,0.33789
CVE-2023-38745,0.00045,0.12315
CVE-2023-38746,0.00056,0.21001
CVE-2023-38747,0.00056,0.21001
CVE-2023-38748,0.00056,0.21001
CVE-2023-3875,0.00064,0.26393
CVE-2023-38750,0.00087,0.36261
CVE-2023-38751,0.00045,0.11801
CVE-2023-38752,0.00045,0.11801
CVE-2023-38758,0.00052,0.17702
CVE-2023-38759,0.00069,0.28708
CVE-2023-3876,0.00064,0.26393
CVE-2023-38760,0.00059,0.22819
CVE-2023-38761,0.00092,0.38868
CVE-2023-38762,0.00059,0.22819
CVE-2023-38763,0.00065,0.26831
CVE-2023-38764,0.00059,0.22819
CVE-2023-38765,0.00059,0.22819
CVE-2023-38766,0.00082,0.34027
CVE-2023-38767,0.00059,0.22819
CVE-2023-38768,0.00059,0.22819
CVE-2023-38769,0.00059,0.22819
CVE-2023-3877,0.00064,0.26393
CVE-2023-38770,0.00059,0.22819
CVE-2023-38771,0.00059,0.22819
CVE-2023-38773,0.00059,0.22819
CVE-2023-3878,0.00064,0.26393
CVE-2023-3879,0.00064,0.26393
CVE-2023-3880,0.00079,0.33117
CVE-2023-38802,0.00257,0.63598
CVE-2023-3881,0.00079,0.33117
CVE-2023-38817,0.00042,0.05722
CVE-2023-3882,0.00064,0.26393
CVE-2023-38823,0.00202,0.58249
CVE-2023-38826,0.00046,0.13740
CVE-2023-38827,0.00064,0.26167
CVE-2023-38829,0.00109,0.43816
CVE-2023-3883,0.00052,0.17991
CVE-2023-38830,0.00089,0.37303
CVE-2023-38831,0.27204,0.96368
CVE-2023-38836,0.00250,0.63067
CVE-2023-38838,0.00064,0.26275
CVE-2023-38839,0.00063,0.25041
CVE-2023-3884,0.00052,0.17770
CVE-2023-38840,0.00042,0.05722
CVE-2023-38843,0.00055,0.20491
CVE-2023-38845,0.00116,0.45349
CVE-2023-38846,0.00116,0.45349
CVE-2023-38847,0.00116,0.45349
CVE-2023-38848,0.00116,0.45349
CVE-2023-38849,0.00116,0.45349
CVE-2023-3885,0.00052,0.17770
CVE-2023-38850,0.00044,0.10345
CVE-2023-38851,0.00080,0.33210
CVE-2023-38852,0.00080,0.33210
CVE-2023-38853,0.00080,0.33210
CVE-2023-38854,0.00080,0.33210
CVE-2023-38855,0.00080,0.33210
CVE-2023-38856,0.00080,0.33210
CVE-2023-38857,0.00081,0.33796
CVE-2023-38858,0.00093,0.39204
CVE-2023-3886,0.00052,0.17770
CVE-2023-38860,0.00386,0.70476
CVE-2023-38861,0.00273,0.64733
CVE-2023-38862,0.00152,0.51392
CVE-2023-38863,0.00152,0.51392
CVE-2023-38864,0.00152,0.51392
CVE-2023-38865,0.00101,0.41085
CVE-2023-38866,0.00101,0.41085
CVE-2023-3887,0.00052,0.17770
CVE-2023-38870,0.00063,0.25553
CVE-2023-38871,0.00052,0.17989
CVE-2023-38872,0.00089,0.37660
CVE-2023-38873,0.00054,0.19490
CVE-2023-38874,0.00095,0.39748
CVE-2023-38875,0.00059,0.23047
CVE-2023-38876,0.00059,0.23047
CVE-2023-38877,0.00063,0.24891
CVE-2023-38878,0.00077,0.31777
CVE-2023-38879,0.00097,0.40266
CVE-2023-3888,0.00060,0.23704
CVE-2023-38880,0.00064,0.26325
CVE-2023-38881,0.00072,0.29489
CVE-2023-38882,0.00072,0.29489
CVE-2023-38883,0.00072,0.29489
CVE-2023-38884,0.00097,0.40235
CVE-2023-38885,0.00060,0.23323
CVE-2023-38886,0.00160,0.52515
CVE-2023-38887,0.00097,0.40239
CVE-2023-38888,0.00178,0.55087
CVE-2023-38889,0.00102,0.41492
CVE-2023-3889,0.00051,0.17175
CVE-2023-38890,0.00077,0.31983
CVE-2023-38891,0.00055,0.20518
CVE-2023-38894,0.00387,0.70503
CVE-2023-38896,0.00301,0.66490
CVE-2023-38898,0.00046,0.13740
CVE-2023-38899,0.00042,0.05722
CVE-2023-3890,0.00052,0.17770
CVE-2023-38902,0.00053,0.19002
CVE-2023-38904,0.00074,0.30462
CVE-2023-38905,0.00042,0.05722
CVE-2023-38906,0.00094,0.39448
CVE-2023-38907,0.00106,0.42729
CVE-2023-38908,0.00086,0.35744
CVE-2023-38909,0.00096,0.40033
CVE-2023-3891,0.00053,0.19001
CVE-2023-38910,0.00046,0.13740
CVE-2023-38911,0.00049,0.15110
CVE-2023-38912,0.00230,0.61257
CVE-2023-38915,0.00146,0.50523
CVE-2023-38916,0.00060,0.23735
CVE-2023-3892,0.00043,0.06775
CVE-2023-38921,0.00048,0.14225
CVE-2023-38922,0.00050,0.16285
CVE-2023-38924,0.00044,0.10862
CVE-2023-38925,0.00050,0.16285
CVE-2023-38926,0.00050,0.16285
CVE-2023-38928,0.00109,0.43782
CVE-2023-38929,0.00087,0.36569
CVE-2023-3893,0.00056,0.20979
CVE-2023-38930,0.00087,0.36569
CVE-2023-38931,0.00087,0.36569
CVE-2023-38932,0.00087,0.36569
CVE-2023-38933,0.00087,0.36569
CVE-2023-38934,0.00087,0.36569
CVE-2023-38935,0.00124,0.46801
CVE-2023-38936,0.00087,0.36569
CVE-2023-38937,0.00087,0.36569
CVE-2023-38938,0.00087,0.36569
CVE-2023-38939,0.00087,0.36569
CVE-2023-3894,0.00097,0.40146
CVE-2023-38940,0.00087,0.36569
CVE-2023-38941,0.00164,0.53062
CVE-2023-38942,0.00519,0.74382
CVE-2023-38943,0.00093,0.39113
CVE-2023-38947,0.00055,0.20491
CVE-2023-38948,0.00055,0.20491
CVE-2023-38949,0.00057,0.21528
CVE-2023-38950,0.00096,0.39850
CVE-2023-38951,0.00091,0.38629
CVE-2023-38952,0.00068,0.28220
CVE-2023-38954,0.00076,0.31600
CVE-2023-38955,0.00095,0.39582
CVE-2023-38956,0.00096,0.39850
CVE-2023-38958,0.00052,0.17889
CVE-2023-3896,0.00050,0.16759
CVE-2023-38961,0.00272,0.64668
CVE-2023-38964,0.00046,0.13740
CVE-2023-38965,0.00301,0.66481
CVE-2023-38969,0.00061,0.24041
CVE-2023-3897,0.00046,0.12547
CVE-2023-38970,0.00061,0.24041
CVE-2023-38971,0.00061,0.24041
CVE-2023-38973,0.00045,0.11801
CVE-2023-38974,0.00045,0.11801
CVE-2023-38975,0.00094,0.39377
CVE-2023-38976,0.00084,0.34956
CVE-2023-3898,0.00076,0.31600
CVE-2023-38988,0.00045,0.11801
CVE-2023-38989,0.00045,0.11801
CVE-2023-3899,0.00042,0.05722
CVE-2023-38990,0.00045,0.11801
CVE-2023-38991,0.00044,0.10862
CVE-2023-38992,0.00076,0.31600
CVE-2023-38994,0.00042,0.05722
CVE-2023-38996,0.00042,0.05722
CVE-2023-38997,0.00088,0.37046
CVE-2023-38998,0.00046,0.13740
CVE-2023-38999,0.00046,0.13740
CVE-2023-3900,0.00046,0.13740
CVE-2023-39000,0.00046,0.13740
CVE-2023-39001,0.00104,0.41977
CVE-2023-39002,0.00064,0.26181
CVE-2023-39003,0.00084,0.34921
CVE-2023-39004,0.00106,0.42831
CVE-2023-39005,0.00110,0.43991
CVE-2023-39006,0.00045,0.11801
CVE-2023-39007,0.00063,0.25553
CVE-2023-39008,0.00152,0.51488
CVE-2023-39010,0.00128,0.47396
CVE-2023-39013,0.00128,0.47396
CVE-2023-39015,0.00128,0.47396
CVE-2023-39016,0.00128,0.47396
CVE-2023-39017,0.00128,0.47396
CVE-2023-39018,0.00090,0.37757
CVE-2023-39020,0.00128,0.47396
CVE-2023-39021,0.00128,0.47396
CVE-2023-39022,0.00128,0.47396
CVE-2023-39023,0.00128,0.47396
CVE-2023-39026,0.04103,0.91327
CVE-2023-39039,0.00046,0.13740
CVE-2023-3904,0.00046,0.13740
CVE-2023-39040,0.00046,0.13740
CVE-2023-39041,0.00046,0.13740
CVE-2023-39042,0.00084,0.34921
CVE-2023-39043,0.00052,0.17989
CVE-2023-39044,0.00046,0.13740
CVE-2023-39045,0.00046,0.13740
CVE-2023-39046,0.00046,0.13740
CVE-2023-39047,0.00090,0.37830
CVE-2023-39048,0.00084,0.34921
CVE-2023-39049,0.00046,0.13740
CVE-2023-39050,0.00084,0.34921
CVE-2023-39051,0.00084,0.34921
CVE-2023-39052,0.00046,0.13740
CVE-2023-39053,0.00084,0.34921
CVE-2023-39054,0.00084,0.34921
CVE-2023-39056,0.00046,0.13740
CVE-2023-39057,0.00084,0.34921
CVE-2023-39058,0.00046,0.13740
CVE-2023-39059,0.00125,0.46995
CVE-2023-3906,0.00045,0.11801
CVE-2023-39061,0.00061,0.23896
CVE-2023-39062,0.00133,0.48413
CVE-2023-39063,0.00042,0.05722
CVE-2023-39067,0.00050,0.16906
CVE-2023-39068,0.00077,0.31662
CVE-2023-39069,0.00141,0.49721
CVE-2023-3907,0.00068,0.28219
CVE-2023-39070,0.00042,0.05722
CVE-2023-39073,0.00237,0.61839
CVE-2023-39075,0.00044,0.08085
CVE-2023-39076,0.00044,0.08085
CVE-2023-39086,0.00064,0.26487
CVE-2023-3909,0.00044,0.10862
CVE-2023-39094,0.00052,0.17688
CVE-2023-39096,0.00045,0.11801
CVE-2023-39097,0.00045,0.11801
CVE-2023-39106,0.00107,0.43009
CVE-2023-39107,0.00055,0.20556
CVE-2023-39108,0.00942,0.81453
CVE-2023-39109,0.00942,0.81453
CVE-2023-39110,0.00942,0.81453
CVE-2023-39112,0.00046,0.12561
CVE-2023-39113,0.00044,0.10345
CVE-2023-39114,0.00044,0.10345
CVE-2023-39115,0.00575,0.75686
CVE-2023-39121,0.00055,0.20413
CVE-2023-39122,0.00076,0.31600
CVE-2023-39125,0.00046,0.13740
CVE-2023-39128,0.00044,0.10345
CVE-2023-39129,0.00044,0.10345
CVE-2023-39130,0.00044,0.10345
CVE-2023-39135,0.00051,0.17458
CVE-2023-39136,0.00045,0.11984
CVE-2023-39137,0.00053,0.18550
CVE-2023-39138,0.00051,0.17458
CVE-2023-39139,0.00050,0.16759
CVE-2023-3914,0.00046,0.13740
CVE-2023-39141,0.00437,0.72154
CVE-2023-39143,0.88836,0.98491
CVE-2023-39144,0.00084,0.34921
CVE-2023-39147,0.00053,0.18566
CVE-2023-3915,0.00068,0.28219
CVE-2023-39150,0.00134,0.48641
CVE-2023-39151,0.00090,0.37843
CVE-2023-39152,0.00049,0.14986
CVE-2023-39153,0.00046,0.13740
CVE-2023-39154,0.00049,0.14986
CVE-2023-39155,0.00046,0.13740
CVE-2023-39156,0.00046,0.13740
CVE-2023-39157,0.00049,0.15052
CVE-2023-39158,0.00048,0.14563
CVE-2023-39159,0.00048,0.14563
CVE-2023-39162,0.00046,0.13740
CVE-2023-39164,0.00046,0.13740
CVE-2023-39165,0.00058,0.21913
CVE-2023-39166,0.00046,0.13740
CVE-2023-39167,0.00281,0.65255
CVE-2023-39169,0.00091,0.38380
CVE-2023-3917,0.00046,0.13740
CVE-2023-39171,0.00050,0.16285
CVE-2023-39172,0.00122,0.46377
CVE-2023-39173,0.00050,0.16285
CVE-2023-39174,0.00046,0.13740
CVE-2023-39175,0.00046,0.13740
CVE-2023-39181,0.00050,0.16056
CVE-2023-39182,0.00050,0.16452
CVE-2023-39183,0.00050,0.16452
CVE-2023-39184,0.00050,0.16452
CVE-2023-39185,0.00050,0.16452
CVE-2023-39186,0.00050,0.16452
CVE-2023-39187,0.00050,0.16452
CVE-2023-39188,0.00050,0.16452
CVE-2023-39189,0.00042,0.05722
CVE-2023-39191,0.00047,0.14170
CVE-2023-39192,0.00045,0.12491
CVE-2023-39193,0.00045,0.12491
CVE-2023-39194,0.00045,0.12491
CVE-2023-39197,0.00108,0.43391
CVE-2023-39198,0.00043,0.06775
CVE-2023-39199,0.00049,0.14986
CVE-2023-3920,0.00045,0.11801
CVE-2023-39201,0.00043,0.06775
CVE-2023-39202,0.00044,0.10345
CVE-2023-39203,0.00052,0.17889
CVE-2023-39204,0.00052,0.17889
CVE-2023-39205,0.00044,0.10862
CVE-2023-39206,0.00052,0.17889
CVE-2023-39208,0.00052,0.17889
CVE-2023-39209,0.00048,0.14697
CVE-2023-39210,0.00043,0.06775
CVE-2023-39211,0.00043,0.06775
CVE-2023-39212,0.00043,0.06775
CVE-2023-39213,0.00128,0.47400
CVE-2023-39214,0.00048,0.14814
CVE-2023-39215,0.00044,0.10862
CVE-2023-39216,0.00094,0.39469
CVE-2023-39217,0.00052,0.17889
CVE-2023-39218,0.00049,0.14986
CVE-2023-39219,0.00046,0.13740
CVE-2023-3922,0.00046,0.13740
CVE-2023-39221,0.00050,0.16285
CVE-2023-39222,0.00050,0.16721
CVE-2023-39224,0.00043,0.07443
CVE-2023-39226,0.00618,0.76622
CVE-2023-39227,0.00087,0.36261
CVE-2023-39228,0.00052,0.17889
CVE-2023-39230,0.00043,0.06775
CVE-2023-39231,0.00046,0.12619
CVE-2023-39233,0.00087,0.36261
CVE-2023-39234,0.00055,0.20747
CVE-2023-39235,0.00055,0.20747
CVE-2023-39236,0.00052,0.17905
CVE-2023-39237,0.00052,0.17905
CVE-2023-39238,0.00330,0.68144
CVE-2023-39239,0.00279,0.65104
CVE-2023-39240,0.00330,0.68144
CVE-2023-39246,0.00043,0.06775
CVE-2023-39248,0.00081,0.33789
CVE-2023-39250,0.00043,0.06775
CVE-2023-39251,0.00043,0.06775
CVE-2023-39252,0.00100,0.40981
CVE-2023-39253,0.00042,0.05722
CVE-2023-39256,0.00043,0.06775
CVE-2023-39257,0.00043,0.06775
CVE-2023-39259,0.00042,0.05722
CVE-2023-39261,0.00043,0.06775
CVE-2023-39264,0.00062,0.24605
CVE-2023-39265,0.00126,0.47129
CVE-2023-39266,0.00063,0.25005
CVE-2023-39267,0.00067,0.27666
CVE-2023-39268,0.00220,0.60180
CVE-2023-39269,0.00046,0.13740
CVE-2023-39270,0.00065,0.27028
CVE-2023-39271,0.00065,0.27028
CVE-2023-39272,0.00065,0.27028
CVE-2023-39273,0.00065,0.27028
CVE-2023-39274,0.00065,0.27028
CVE-2023-39275,0.00065,0.27028
CVE-2023-39276,0.00044,0.10862
CVE-2023-39277,0.00044,0.10862
CVE-2023-39278,0.00044,0.10862
CVE-2023-39279,0.00044,0.10862
CVE-2023-39280,0.00044,0.10862
CVE-2023-39281,0.00134,0.48641
CVE-2023-39283,0.00043,0.06775
CVE-2023-39284,0.00043,0.06775
CVE-2023-39285,0.00052,0.17889
CVE-2023-39286,0.00052,0.17889
CVE-2023-39287,0.00048,0.14814
CVE-2023-39288,0.00048,0.14814
CVE-2023-39289,0.00093,0.39078
CVE-2023-39290,0.00049,0.14986
CVE-2023-39291,0.00049,0.14986
CVE-2023-39292,0.00076,0.31600
CVE-2023-39293,0.00077,0.31691
CVE-2023-39294,0.00047,0.14002
CVE-2023-39295,0.00047,0.14002
CVE-2023-39296,0.00046,0.13740
CVE-2023-39299,0.00090,0.37805
CVE-2023-39301,0.00045,0.11801
CVE-2023-39308,0.00046,0.13740
CVE-2023-39314,0.00046,0.13740
CVE-2023-39316,0.00056,0.21135
CVE-2023-39317,0.00056,0.21135
CVE-2023-39318,0.00084,0.34876
CVE-2023-39319,0.00061,0.24001
CVE-2023-3932,0.00067,0.27630
CVE-2023-39320,0.00133,0.48306
CVE-2023-39321,0.00074,0.30705
CVE-2023-39322,0.00088,0.36922
CVE-2023-39323,0.00165,0.53175
CVE-2023-39325,0.00153,0.51608
CVE-2023-39326,0.00052,0.17638
CVE-2023-3933,0.00052,0.17889
CVE-2023-39331,0.00054,0.19660
CVE-2023-39332,0.00062,0.24384
CVE-2023-39335,0.00091,0.38380
CVE-2023-39336,0.00053,0.19001
CVE-2023-39337,0.00091,0.38380
CVE-2023-39340,0.00046,0.13740
CVE-2023-39341,0.00049,0.15043
CVE-2023-39342,0.00046,0.13848
CVE-2023-39343,0.00063,0.25708
CVE-2023-39344,0.00071,0.29285
CVE-2023-39345,0.00048,0.14563
CVE-2023-39346,0.00267,0.64368
CVE-2023-39347,0.00043,0.06775
CVE-2023-39348,0.00046,0.13740
CVE-2023-39349,0.00059,0.23173
CVE-2023-3935,0.00128,0.47447
CVE-2023-39350,0.00097,0.40239
CVE-2023-39351,0.00072,0.29466
CVE-2023-39352,0.00118,0.45685
CVE-2023-39353,0.00078,0.32750
CVE-2023-39354,0.00056,0.20995
CVE-2023-39355,0.00063,0.24985
CVE-2023-39356,0.00089,0.37465
CVE-2023-39357,0.00215,0.59579
CVE-2023-39358,0.00071,0.29384
CVE-2023-39359,0.00168,0.53581
CVE-2023-3936,0.00064,0.26255
CVE-2023-39360,0.00051,0.17176
CVE-2023-39361,0.13486,0.95115
CVE-2023-39362,0.01493,0.85538
CVE-2023-39363,0.00051,0.17252
CVE-2023-39364,0.00058,0.21555
CVE-2023-39365,0.00184,0.55808
CVE-2023-39366,0.00056,0.20816
CVE-2023-39369,0.00046,0.13740
CVE-2023-3937,0.00045,0.11801
CVE-2023-39370,0.00045,0.11801
CVE-2023-39371,0.00046,0.13740
CVE-2023-39372,0.00058,0.21913
CVE-2023-39373,0.00045,0.12108
CVE-2023-39374,0.00053,0.19001
CVE-2023-39375,0.00091,0.38380
CVE-2023-39376,0.00046,0.12619
CVE-2023-39377,0.00050,0.16285
CVE-2023-39378,0.00073,0.30255
CVE-2023-39379,0.00087,0.36261
CVE-2023-39380,0.00046,0.13740
CVE-2023-39381,0.00046,0.13740
CVE-2023-39382,0.00046,0.13740
CVE-2023-39383,0.00089,0.37303
CVE-2023-39384,0.00046,0.13740
CVE-2023-39385,0.00091,0.38380
CVE-2023-39386,0.00046,0.13740
CVE-2023-39387,0.00046,0.13740
CVE-2023-39388,0.00046,0.13740
CVE-2023-39389,0.00046,0.13740
CVE-2023-39390,0.00046,0.13740
CVE-2023-39391,0.00087,0.36261
CVE-2023-39392,0.00048,0.14563
CVE-2023-39393,0.00048,0.14563
CVE-2023-39394,0.00048,0.14563
CVE-2023-39395,0.00046,0.13740
CVE-2023-39396,0.00048,0.14701
CVE-2023-39397,0.00046,0.13740
CVE-2023-39398,0.00091,0.38380
CVE-2023-39399,0.00091,0.38380
CVE-2023-39400,0.00091,0.38629
CVE-2023-39401,0.00091,0.38629
CVE-2023-39402,0.00091,0.38629
CVE-2023-39403,0.00091,0.38380
CVE-2023-39404,0.00046,0.13740
CVE-2023-39405,0.00089,0.37678
CVE-2023-39406,0.00046,0.13740
CVE-2023-39407,0.00091,0.38629
CVE-2023-39408,0.00046,0.13740
CVE-2023-39409,0.00046,0.13740
CVE-2023-39410,0.00254,0.63298
CVE-2023-39411,0.00043,0.06775
CVE-2023-39412,0.00058,0.21913
CVE-2023-39413,0.00053,0.19001
CVE-2023-39414,0.00043,0.06775
CVE-2023-39415,0.00097,0.40235
CVE-2023-39416,0.00085,0.35385
CVE-2023-39417,0.00151,0.51329
CVE-2023-39418,0.00114,0.44773
CVE-2023-39419,0.00050,0.16056
CVE-2023-39420,0.00100,0.40796
CVE-2023-39421,0.00049,0.14986
CVE-2023-39422,0.00091,0.38380
CVE-2023-39423,0.00091,0.38380
CVE-2023-39424,0.00110,0.43938
CVE-2023-39427,0.00053,0.18681
CVE-2023-39429,0.00045,0.11801
CVE-2023-39431,0.00053,0.18681
CVE-2023-39434,0.00098,0.40341
CVE-2023-39435,0.00225,0.60866
CVE-2023-39436,0.00046,0.13740
CVE-2023-39437,0.00045,0.11801
CVE-2023-39438,0.00050,0.16404
CVE-2023-39439,0.00091,0.38380
CVE-2023-3944,0.00046,0.13740
CVE-2023-39440,0.00043,0.06775
CVE-2023-39441,0.00241,0.62173
CVE-2023-39443,0.00064,0.26361
CVE-2023-39444,0.00064,0.26361
CVE-2023-39445,0.00055,0.20747
CVE-2023-39446,0.00058,0.21913
CVE-2023-39447,0.00043,0.06775
CVE-2023-39448,0.00103,0.41713
CVE-2023-3945,0.00046,0.13740
CVE-2023-39452,0.00087,0.36261
CVE-2023-39453,0.00143,0.50070
CVE-2023-39454,0.00142,0.49931
CVE-2023-39455,0.00050,0.16721
CVE-2023-39456,0.00245,0.62629
CVE-2023-3946,0.00063,0.25005
CVE-2023-3947,0.00065,0.26944
CVE-2023-3949,0.00065,0.27143
CVE-2023-3950,0.00045,0.11801
CVE-2023-39507,0.00046,0.13740
CVE-2023-39508,0.00085,0.35406
CVE-2023-39509,0.00045,0.12180
CVE-2023-39510,0.00056,0.20816
CVE-2023-39511,0.00056,0.20816
CVE-2023-39512,0.00056,0.20816
CVE-2023-39513,0.00056,0.20816
CVE-2023-39514,0.00056,0.20816
CVE-2023-39515,0.00056,0.20816
CVE-2023-39516,0.00056,0.20816
CVE-2023-39518,0.00053,0.18547
CVE-2023-39519,0.00049,0.14986
CVE-2023-39520,0.00042,0.05722
CVE-2023-39521,0.00058,0.22009
CVE-2023-39522,0.00046,0.13740
CVE-2023-39523,0.00064,0.26498
CVE-2023-39524,0.00076,0.31600
CVE-2023-39525,0.00058,0.21972
CVE-2023-39526,0.00107,0.43017
CVE-2023-39527,0.00046,0.13740
CVE-2023-39528,0.00090,0.37805
CVE-2023-39529,0.00047,0.13955
CVE-2023-3953,0.00044,0.10345
CVE-2023-39530,0.00056,0.21035
CVE-2023-39531,0.00050,0.16404
CVE-2023-39532,0.01270,0.84262
CVE-2023-39533,0.00108,0.43499
CVE-2023-39534,0.00050,0.16436
CVE-2023-39535,0.00043,0.06775
CVE-2023-39536,0.00043,0.06775
CVE-2023-39537,0.00043,0.06775
CVE-2023-39538,0.00043,0.06775
CVE-2023-39539,0.00042,0.05722
CVE-2023-3954,0.00046,0.13740
CVE-2023-39542,0.00320,0.67560
CVE-2023-39543,0.00077,0.31762
CVE-2023-39544,0.00050,0.16285
CVE-2023-39545,0.00050,0.16285
CVE-2023-39546,0.00050,0.16285
CVE-2023-39547,0.00050,0.16285
CVE-2023-39548,0.00050,0.16285
CVE-2023-39549,0.00050,0.16764
CVE-2023-3955,0.00070,0.29100
CVE-2023-39550,0.00050,0.16285
CVE-2023-39551,0.00058,0.22011
CVE-2023-39553,0.00089,0.37650
CVE-2023-39558,0.00046,0.13740
CVE-2023-39559,0.00050,0.16036
CVE-2023-3956,0.00078,0.32745
CVE-2023-39560,0.00076,0.31600
CVE-2023-39562,0.00044,0.10345
CVE-2023-3957,0.00051,0.17507
CVE-2023-39575,0.00044,0.08128
CVE-2023-39578,0.00045,0.11801
CVE-2023-3958,0.00103,0.41974
CVE-2023-39582,0.00055,0.20388
CVE-2023-39584,0.00064,0.26393
CVE-2023-3959,0.00225,0.60866
CVE-2023-39598,0.01072,0.82721
CVE-2023-39599,0.00049,0.15110
CVE-2023-39600,0.00064,0.26181
CVE-2023-3961,0.00237,0.61864
CVE-2023-39610,0.00044,0.10345
CVE-2023-39612,0.00083,0.34463
CVE-2023-39615,0.00046,0.13740
CVE-2023-39616,0.00046,0.13740
CVE-2023-39617,0.00238,0.61958
CVE-2023-39618,0.00238,0.61958
CVE-2023-39619,0.00049,0.15801
CVE-2023-3962,0.00052,0.17889
CVE-2023-39620,0.00098,0.40444
CVE-2023-39631,0.00512,0.74224
CVE-2023-39637,0.00069,0.28526
CVE-2023-39638,0.00066,0.27482
CVE-2023-39639,0.00076,0.31600
CVE-2023-3964,0.00063,0.25691
CVE-2023-39640,0.00076,0.31600
CVE-2023-39641,0.00076,0.31600
CVE-2023-39642,0.00076,0.31600
CVE-2023-39643,0.00076,0.31600
CVE-2023-39645,0.00076,0.31600
CVE-2023-39646,0.00076,0.31600
CVE-2023-39647,0.00076,0.31600
CVE-2023-39648,0.00076,0.31600
CVE-2023-39649,0.00076,0.31600
CVE-2023-3965,0.00052,0.17889
CVE-2023-39650,0.00076,0.31600
CVE-2023-39651,0.00076,0.31600
CVE-2023-39652,0.00076,0.31600
CVE-2023-39654,0.00076,0.31600
CVE-2023-39655,0.00091,0.38380
CVE-2023-39659,0.00264,0.64143
CVE-2023-39660,0.00281,0.65257
CVE-2023-39661,0.00272,0.64668
CVE-2023-39662,0.00272,0.64668
CVE-2023-39663,0.00046,0.13740
CVE-2023-39665,0.00063,0.25553
CVE-2023-39666,0.00068,0.28208
CVE-2023-39667,0.00063,0.25553
CVE-2023-39668,0.00063,0.25553
CVE-2023-39669,0.00053,0.18664
CVE-2023-3967,0.00046,0.13740
CVE-2023-39670,0.00091,0.38380
CVE-2023-39671,0.00068,0.28208
CVE-2023-39672,0.00091,0.38380
CVE-2023-39673,0.00091,0.38380
CVE-2023-39674,0.00068,0.28208
CVE-2023-39675,0.00076,0.31600
CVE-2023-39676,0.00167,0.53449
CVE-2023-39677,0.00632,0.76885
CVE-2023-39678,0.00046,0.13740
CVE-2023-39680,0.00096,0.39864
CVE-2023-39681,0.00272,0.64645
CVE-2023-39685,0.00046,0.13787
CVE-2023-3969,0.00051,0.17093
CVE-2023-39691,0.00091,0.38380
CVE-2023-39695,0.00046,0.13740
CVE-2023-39699,0.00062,0.24844
CVE-2023-3970,0.00051,0.17093
CVE-2023-39700,0.00103,0.41649
CVE-2023-39703,0.00050,0.16906
CVE-2023-39707,0.00051,0.17093
CVE-2023-39708,0.00052,0.17989
CVE-2023-39709,0.00052,0.17989
CVE-2023-3971,0.00133,0.48302
CVE-2023-39710,0.00052,0.17989
CVE-2023-39711,0.00052,0.17989
CVE-2023-39712,0.00052,0.17989
CVE-2023-39714,0.00052,0.17989
CVE-2023-3972,0.00042,0.05722
CVE-2023-39726,0.00390,0.70624
CVE-2023-3973,0.00046,0.13740
CVE-2023-39731,0.00046,0.13740
CVE-2023-39732,0.00084,0.34921
CVE-2023-39733,0.00084,0.34921
CVE-2023-39734,0.00084,0.34921
CVE-2023-39735,0.00084,0.34921
CVE-2023-39736,0.00084,0.34921
CVE-2023-39737,0.00084,0.34921
CVE-2023-39739,0.00084,0.34921
CVE-2023-3974,0.00068,0.27907
CVE-2023-39740,0.00084,0.34921
CVE-2023-39741,0.00044,0.08085
CVE-2023-39742,0.00042,0.05722
CVE-2023-39743,0.00063,0.25385
CVE-2023-39745,0.00046,0.12549
CVE-2023-39747,0.00046,0.13815
CVE-2023-39748,0.00046,0.12549
CVE-2023-39749,0.00082,0.34087
CVE-2023-3975,0.00080,0.33253
CVE-2023-39750,0.00082,0.34087
CVE-2023-39751,0.00046,0.13815
CVE-2023-3977,0.00075,0.30881
CVE-2023-39776,0.00134,0.48641
CVE-2023-39777,0.00045,0.11801
CVE-2023-3978,0.00052,0.17989
CVE-2023-39780,0.00247,0.62725
CVE-2023-39784,0.00046,0.13740
CVE-2023-39785,0.00046,0.13740
CVE-2023-39786,0.00046,0.13740
CVE-2023-3979,0.00045,0.11801
CVE-2023-39796,0.03223,0.90271
CVE-2023-3980,0.00045,0.11801
CVE-2023-39801,0.00044,0.10345
CVE-2023-39805,0.00063,0.25553
CVE-2023-39806,0.00063,0.25553
CVE-2023-39807,0.00076,0.31600
CVE-2023-39808,0.00091,0.38380
CVE-2023-39809,0.00078,0.32607
CVE-2023-3981,0.00049,0.14986
CVE-2023-39810,0.00055,0.20526
CVE-2023-3982,0.00045,0.11801
CVE-2023-39827,0.00046,0.13740
CVE-2023-39828,0.00046,0.13740
CVE-2023-39829,0.00046,0.13740
CVE-2023-3983,0.00084,0.34945
CVE-2023-39834,0.00247,0.62767
CVE-2023-3984,0.00075,0.30968
CVE-2023-39841,0.00045,0.12108
CVE-2023-39842,0.00044,0.10345
CVE-2023-39843,0.00044,0.10345
CVE-2023-39846,0.00106,0.42831
CVE-2023-3985,0.00077,0.31941
CVE-2023-39850,0.00076,0.31600
CVE-2023-39851,0.00076,0.31600
CVE-2023-39852,0.00076,0.31600
CVE-2023-39853,0.00059,0.22849
CVE-2023-39854,0.00049,0.14986
CVE-2023-3986,0.00050,0.16708
CVE-2023-3987,0.00077,0.31941
CVE-2023-3988,0.00077,0.31941
CVE-2023-3989,0.00060,0.23646
CVE-2023-3990,0.00060,0.23646
CVE-2023-39902,0.00043,0.06775
CVE-2023-39903,0.00043,0.06775
CVE-2023-39908,0.00087,0.36261
CVE-2023-39909,0.00056,0.20820
CVE-2023-3991,0.00173,0.54564
CVE-2023-39910,0.00116,0.45383
CVE-2023-39912,0.00101,0.41216
CVE-2023-39913,0.00064,0.26339
CVE-2023-39914,0.00046,0.13740
CVE-2023-39915,0.00046,0.13740
CVE-2023-39916,0.00050,0.15975
CVE-2023-39917,0.00058,0.21913
CVE-2023-39918,0.00046,0.13740
CVE-2023-39919,0.00045,0.11801
CVE-2023-3992,0.00046,0.13740
CVE-2023-39921,0.00045,0.11801
CVE-2023-39923,0.00058,0.21913
CVE-2023-39924,0.00045,0.11801
CVE-2023-39925,0.00058,0.21913
CVE-2023-39926,0.00046,0.13740
CVE-2023-39928,0.00093,0.38949
CVE-2023-3993,0.00121,0.46264
CVE-2023-39930,0.00091,0.38380
CVE-2023-39935,0.00043,0.07443
CVE-2023-39936,0.00053,0.18681
CVE-2023-39938,0.00063,0.25005
CVE-2023-39939,0.00069,0.28611
CVE-2023-3994,0.00046,0.13740
CVE-2023-39944,0.00050,0.16721
CVE-2023-39945,0.00050,0.16436
CVE-2023-39946,0.00047,0.14181
CVE-2023-39947,0.00047,0.14181
CVE-2023-39948,0.00050,0.16436
CVE-2023-39949,0.00050,0.16436
CVE-2023-39950,0.00047,0.14033
CVE-2023-39951,0.00058,0.22704
CVE-2023-39952,0.00070,0.28883
CVE-2023-39953,0.00052,0.17989
CVE-2023-39954,0.00060,0.23229
CVE-2023-39955,0.00052,0.17989
CVE-2023-39956,0.00043,0.06775
CVE-2023-39957,0.00050,0.16759
CVE-2023-39958,0.00052,0.17989
CVE-2023-39959,0.00065,0.26944
CVE-2023-3996,0.00051,0.17450
CVE-2023-39960,0.00064,0.26487
CVE-2023-39961,0.00052,0.17989
CVE-2023-39962,0.00054,0.19153
CVE-2023-39963,0.00050,0.16759
CVE-2023-39964,0.00087,0.35961
CVE-2023-39965,0.00045,0.11801
CVE-2023-39966,0.00106,0.42831
CVE-2023-39967,0.00106,0.42831
CVE-2023-39968,0.00052,0.17638
CVE-2023-39969,0.00068,0.28208
CVE-2023-3997,0.00055,0.20747
CVE-2023-39970,0.00237,0.61839
CVE-2023-39971,0.00046,0.13740
CVE-2023-39972,0.00045,0.11801
CVE-2023-39973,0.00045,0.11801
CVE-2023-39974,0.00046,0.13740
CVE-2023-39975,0.00075,0.30930
CVE-2023-39976,0.00063,0.24985
CVE-2023-39978,0.00046,0.13848
CVE-2023-39979,0.00141,0.49721
CVE-2023-3998,0.00052,0.17889
CVE-2023-39980,0.00070,0.28881
CVE-2023-39981,0.00126,0.47180
CVE-2023-39982,0.00085,0.35522
CVE-2023-39983,0.00073,0.30201
CVE-2023-39984,0.00053,0.19001
CVE-2023-39985,0.00053,0.19001
CVE-2023-39986,0.00052,0.18120
CVE-2023-39987,0.00045,0.11801
CVE-2023-39988,0.00045,0.11801
CVE-2023-39989,0.00058,0.21913
CVE-2023-3999,0.00045,0.11801
CVE-2023-39991,0.00046,0.13740
CVE-2023-39992,0.00046,0.13740
CVE-2023-39999,0.00322,0.67685
CVE-2023-4000,0.00052,0.17889
CVE-2023-40002,0.00049,0.14986
CVE-2023-40007,0.00045,0.11801
CVE-2023-40008,0.00058,0.21913
CVE-2023-40009,0.00048,0.14563
CVE-2023-4001,0.00063,0.25094
CVE-2023-40010,0.00076,0.31600
CVE-2023-40012,0.00054,0.19490
CVE-2023-40013,0.00053,0.19048
CVE-2023-40014,0.00063,0.25704
CVE-2023-40015,0.00046,0.13740
CVE-2023-40017,0.00084,0.34859
CVE-2023-40018,0.00077,0.31662
CVE-2023-40019,0.00044,0.10862
CVE-2023-4002,0.00067,0.27630
CVE-2023-40020,0.00046,0.12561
CVE-2023-40021,0.00054,0.19372
CVE-2023-40022,0.00050,0.16759
CVE-2023-40023,0.00173,0.54481
CVE-2023-40024,0.00046,0.13740
CVE-2023-40025,0.00049,0.14986
CVE-2023-40026,0.00046,0.12730
CVE-2023-40027,0.00052,0.17989
CVE-2023-40028,0.00050,0.15975
CVE-2023-40029,0.00057,0.21464
CVE-2023-4003,0.00055,0.20747
CVE-2023-40030,0.00140,0.49587
CVE-2023-40031,0.00055,0.20747
CVE-2023-40032,0.00042,0.05722
CVE-2023-40033,0.00049,0.14986
CVE-2023-40034,0.00060,0.23620
CVE-2023-40035,0.00126,0.47214
CVE-2023-40036,0.00052,0.18120
CVE-2023-40037,0.00104,0.42301
CVE-2023-40038,0.00053,0.19001
CVE-2023-40039,0.00118,0.45655
CVE-2023-4004,0.00143,0.50098
CVE-2023-40040,0.00073,0.30005
CVE-2023-40041,0.00124,0.46778
CVE-2023-40042,0.00102,0.41438
CVE-2023-40043,0.00050,0.16285
CVE-2023-40044,0.43937,0.97049
CVE-2023-40045,0.00050,0.16906
CVE-2023-40046,0.00050,0.16285
CVE-2023-40047,0.00049,0.15110
CVE-2023-40048,0.00048,0.14563
CVE-2023-40049,0.00074,0.30651
CVE-2023-4005,0.00091,0.38380
CVE-2023-40050,0.00146,0.50531
CVE-2023-40051,0.00050,0.16285
CVE-2023-40052,0.00046,0.13740
CVE-2023-40053,0.00045,0.11801
CVE-2023-40054,0.00223,0.60673
CVE-2023-40055,0.00207,0.58693
CVE-2023-40056,0.00073,0.30237
CVE-2023-40058,0.00090,0.37731
CVE-2023-4006,0.00091,0.38380
CVE-2023-40060,0.00050,0.16285
CVE-2023-40061,0.00109,0.43765
CVE-2023-40062,0.00194,0.57356
CVE-2023-40068,0.00067,0.27763
CVE-2023-40069,0.00068,0.27907
CVE-2023-4007,0.00045,0.11801
CVE-2023-40072,0.00061,0.23931
CVE-2023-40073,0.00042,0.05722
CVE-2023-40074,0.00042,0.05722
CVE-2023-40075,0.00042,0.05722
CVE-2023-40076,0.00042,0.05722
CVE-2023-40077,0.00092,0.38672
CVE-2023-40078,0.00083,0.34381
CVE-2023-40079,0.00042,0.05722
CVE-2023-4008,0.00126,0.47160
CVE-2023-40080,0.00042,0.05722
CVE-2023-40081,0.00042,0.05722
CVE-2023-40082,0.00091,0.38440
CVE-2023-40083,0.00042,0.05722
CVE-2023-40084,0.00042,0.05722
CVE-2023-40087,0.00048,0.14473
CVE-2023-40088,0.00048,0.14473
CVE-2023-40089,0.00042,0.05722
CVE-2023-4009,0.00059,0.22954
CVE-2023-40090,0.00077,0.31973
CVE-2023-40091,0.00042,0.05722
CVE-2023-40092,0.00042,0.05722
CVE-2023-40094,0.00042,0.05722
CVE-2023-40095,0.00042,0.05722
CVE-2023-40096,0.00042,0.05722
CVE-2023-40097,0.00042,0.05722
CVE-2023-40098,0.00042,0.05722
CVE-2023-4010,0.00044,0.08085
CVE-2023-40101,0.00042,0.05722
CVE-2023-40103,0.00042,0.05722
CVE-2023-4011,0.00046,0.13740
CVE-2023-40116,0.00049,0.15074
CVE-2023-40117,0.00042,0.05722
CVE-2023-4012,0.00056,0.20760
CVE-2023-40120,0.00042,0.05722
CVE-2023-40121,0.00042,0.05722
CVE-2023-40123,0.00042,0.05722
CVE-2023-40125,0.00042,0.05722
CVE-2023-40127,0.00042,0.05722
CVE-2023-40128,0.00042,0.05722
CVE-2023-40129,0.00048,0.14473
CVE-2023-4013,0.00048,0.14563
CVE-2023-40130,0.00042,0.05722
CVE-2023-40131,0.00042,0.05722
CVE-2023-40133,0.00042,0.05722
CVE-2023-40134,0.00042,0.05722
CVE-2023-40135,0.00042,0.05722
CVE-2023-40136,0.00042,0.05722
CVE-2023-40137,0.00042,0.05722
CVE-2023-40138,0.00042,0.05722
CVE-2023-40139,0.00042,0.05722
CVE-2023-40140,0.00042,0.05722
CVE-2023-40141,0.00042,0.05722
CVE-2023-40142,0.00042,0.05722
CVE-2023-40144,0.00103,0.41793
CVE-2023-40145,0.00048,0.14342
CVE-2023-4015,0.00042,0.05722
CVE-2023-40150,0.02012,0.87723
CVE-2023-40151,0.00091,0.38380
CVE-2023-40152,0.00086,0.35627
CVE-2023-40153,0.00046,0.13740
CVE-2023-40158,0.00107,0.43060
CVE-2023-4016,0.00043,0.06775
CVE-2023-40163,0.00106,0.42831
CVE-2023-40164,0.00052,0.18120
CVE-2023-40165,0.00047,0.13955
CVE-2023-40166,0.00052,0.18120
CVE-2023-40167,0.00060,0.23713
CVE-2023-40168,0.00073,0.30018
CVE-2023-40170,0.00052,0.18024
CVE-2023-40171,0.00060,0.23760
CVE-2023-40172,0.00058,0.21913
CVE-2023-40173,0.00064,0.26487
CVE-2023-40174,0.00091,0.38380
CVE-2023-40175,0.00127,0.47228
CVE-2023-40176,0.00053,0.18547
CVE-2023-40177,0.00092,0.38929
CVE-2023-40178,0.00052,0.17989
CVE-2023-40179,0.00046,0.13740
CVE-2023-4018,0.00046,0.13740
CVE-2023-40180,0.00059,0.22974
CVE-2023-40181,0.00089,0.37482
CVE-2023-40182,0.00046,0.13740
CVE-2023-40183,0.00052,0.17989
CVE-2023-40184,0.00081,0.33702
CVE-2023-40185,0.00054,0.20304
CVE-2023-40186,0.00118,0.45685
CVE-2023-40187,0.00068,0.28208
CVE-2023-40188,0.00078,0.32750
CVE-2023-4019,0.00050,0.16285
CVE-2023-40193,0.00043,0.07443
CVE-2023-40194,0.00154,0.51727
CVE-2023-40195,0.00119,0.45857
CVE-2023-40196,0.00046,0.13740
CVE-2023-40197,0.00045,0.11801
CVE-2023-40198,0.00048,0.14563
CVE-2023-40199,0.00058,0.21913
CVE-2023-4020,0.00089,0.37678
CVE-2023-40201,0.00058,0.21913
CVE-2023-40202,0.00058,0.21913
CVE-2023-40204,0.00050,0.16285
CVE-2023-40205,0.00046,0.13740
CVE-2023-40206,0.00045,0.11801
CVE-2023-40207,0.00076,0.31600
CVE-2023-40208,0.00064,0.26259
CVE-2023-4021,0.00045,0.11801
CVE-2023-40210,0.00058,0.21913
CVE-2023-40211,0.00087,0.36261
CVE-2023-40212,0.00048,0.14563
CVE-2023-40214,0.00046,0.13740
CVE-2023-40215,0.00050,0.16285
CVE-2023-40216,0.00043,0.06775
CVE-2023-40217,0.00049,0.15169
CVE-2023-40218,0.00044,0.10345
CVE-2023-40219,0.00050,0.16285
CVE-2023-4022,0.00045,0.11801
CVE-2023-40220,0.00043,0.06775
CVE-2023-40221,0.00076,0.31325
CVE-2023-40224,0.00046,0.13740
CVE-2023-40225,0.00149,0.50916
CVE-2023-4023,0.00045,0.11801
CVE-2023-40235,0.00066,0.27306
CVE-2023-40236,0.00048,0.14329
CVE-2023-40238,0.00045,0.12206
CVE-2023-40239,0.00087,0.36261
CVE-2023-40250,0.00091,0.38380
CVE-2023-40251,0.00058,0.21961
CVE-2023-40252,0.00093,0.39148
CVE-2023-40253,0.00090,0.37742
CVE-2023-40254,0.00091,0.38380
CVE-2023-40256,0.00061,0.24201
CVE-2023-40260,0.00091,0.38380
CVE-2023-40267,0.00063,0.24985
CVE-2023-40271,0.00066,0.27266
CVE-2023-40272,0.00135,0.48835
CVE-2023-40273,0.00125,0.46863
CVE-2023-40274,0.00087,0.35906
CVE-2023-4028,0.00042,0.05722
CVE-2023-40281,0.00045,0.11801
CVE-2023-40282,0.00044,0.10345
CVE-2023-40283,0.00042,0.05722
CVE-2023-4029,0.00042,0.05722
CVE-2023-40291,0.00053,0.19001
CVE-2023-40292,0.00044,0.10345
CVE-2023-40293,0.00055,0.20602
CVE-2023-40294,0.00046,0.13740
CVE-2023-40295,0.00087,0.36569
CVE-2023-40296,0.00046,0.13740
CVE-2023-40299,0.00065,0.26885
CVE-2023-4030,0.00043,0.06775
CVE-2023-40300,0.00091,0.38380
CVE-2023-40301,0.00109,0.43782
CVE-2023-40302,0.00091,0.38380
CVE-2023-40303,0.00042,0.05722
CVE-2023-40305,0.00044,0.08085
CVE-2023-40306,0.00046,0.13740
CVE-2023-40307,0.00043,0.06775
CVE-2023-40308,0.00052,0.17889
CVE-2023-40309,0.00091,0.38380
CVE-2023-40310,0.00046,0.13740
CVE-2023-40311,0.00045,0.12069
CVE-2023-40312,0.00044,0.10345
CVE-2023-40313,0.00055,0.20747
CVE-2023-40314,0.00046,0.13740
CVE-2023-40315,0.00043,0.06775
CVE-2023-40328,0.00045,0.11801
CVE-2023-40329,0.00045,0.11801
CVE-2023-4033,0.00043,0.07443
CVE-2023-40330,0.00046,0.13740
CVE-2023-40333,0.00046,0.13740
CVE-2023-40335,0.00046,0.13740
CVE-2023-40336,0.00058,0.21913
CVE-2023-40337,0.00046,0.13740
CVE-2023-40338,0.00044,0.10753
CVE-2023-40339,0.00087,0.36261
CVE-2023-4034,0.00076,0.31600
CVE-2023-40340,0.00087,0.36261
CVE-2023-40341,0.00058,0.21913
CVE-2023-40342,0.00090,0.37843
CVE-2023-40343,0.00087,0.36261
CVE-2023-40344,0.00053,0.18547
CVE-2023-40345,0.00066,0.27434
CVE-2023-40346,0.00090,0.37843
CVE-2023-40347,0.00049,0.14986
CVE-2023-40348,0.00052,0.17889
CVE-2023-40349,0.00052,0.17889
CVE-2023-4035,0.00045,0.11801
CVE-2023-40350,0.00090,0.37843
CVE-2023-40351,0.00046,0.13740
CVE-2023-40352,0.00065,0.27137
CVE-2023-40353,0.00044,0.10451
CVE-2023-40354,0.00049,0.14986
CVE-2023-40357,0.00052,0.17521
CVE-2023-40359,0.00091,0.38380
CVE-2023-4036,0.00045,0.11801
CVE-2023-40360,0.00044,0.08085
CVE-2023-40361,0.00043,0.06775
CVE-2023-40362,0.00062,0.24391
CVE-2023-40363,0.00044,0.10565
CVE-2023-40367,0.00044,0.10565
CVE-2023-40368,0.00043,0.06775
CVE-2023-4037,0.00042,0.05722
CVE-2023-40370,0.00044,0.10521
CVE-2023-40371,0.00042,0.05722
CVE-2023-40372,0.00074,0.30542
CVE-2023-40373,0.00074,0.30542
CVE-2023-40374,0.00074,0.30542
CVE-2023-40375,0.00042,0.05722
CVE-2023-40376,0.00044,0.10565
CVE-2023-40377,0.00042,0.05722
CVE-2023-40378,0.00042,0.05722
CVE-2023-40383,0.00044,0.10345
CVE-2023-40384,0.00049,0.15120
CVE-2023-40385,0.00092,0.38882
CVE-2023-40386,0.00044,0.10345
CVE-2023-40388,0.00046,0.13740
CVE-2023-4039,0.00046,0.13740
CVE-2023-40391,0.00060,0.23279
CVE-2023-40392,0.00046,0.13848
CVE-2023-40393,0.00087,0.36261
CVE-2023-40394,0.00044,0.10345
CVE-2023-40395,0.00053,0.19048
CVE-2023-40397,0.00205,0.58488
CVE-2023-40399,0.00060,0.23279
CVE-2023-4040,0.00052,0.17889
CVE-2023-40400,0.00546,0.75061
CVE-2023-40401,0.00100,0.40996
CVE-2023-40402,0.00052,0.18120
CVE-2023-40403,0.00094,0.39336
CVE-2023-40404,0.00054,0.19430
CVE-2023-40405,0.00046,0.13848
CVE-2023-40406,0.00055,0.20563
CVE-2023-40407,0.00077,0.31662
CVE-2023-40408,0.00110,0.44078
CVE-2023-40409,0.00056,0.20986
CVE-2023-4041,0.00091,0.38380
CVE-2023-40410,0.00057,0.21535
CVE-2023-40411,0.00052,0.18120
CVE-2023-40412,0.00056,0.20986
CVE-2023-40413,0.00066,0.27447
CVE-2023-40414,0.00085,0.35472
CVE-2023-40416,0.00150,0.51026
CVE-2023-40417,0.00116,0.45313
CVE-2023-40418,0.00045,0.12108
CVE-2023-40419,0.00053,0.18859
CVE-2023-4042,0.00044,0.08011
CVE-2023-40420,0.00077,0.31675
CVE-2023-40421,0.00059,0.23167
CVE-2023-40422,0.00044,0.08085
CVE-2023-40423,0.00055,0.20549
CVE-2023-40424,0.00055,0.20503
CVE-2023-40425,0.00045,0.12069
CVE-2023-40426,0.00045,0.12108
CVE-2023-40427,0.00053,0.19048
CVE-2023-40428,0.00052,0.18120
CVE-2023-40429,0.00060,0.23279
CVE-2023-4043,0.00044,0.08225
CVE-2023-40430,0.00052,0.18120
CVE-2023-40431,0.00055,0.20747
CVE-2023-40432,0.00056,0.20986
CVE-2023-40433,0.00045,0.12108
CVE-2023-40434,0.00046,0.13848
CVE-2023-40435,0.00052,0.18120
CVE-2023-40436,0.00087,0.36261
CVE-2023-40437,0.00052,0.18120
CVE-2023-40438,0.00052,0.18120
CVE-2023-40439,0.00044,0.10345
CVE-2023-40440,0.00087,0.36261
CVE-2023-40441,0.00056,0.20790
CVE-2023-40442,0.00046,0.13848
CVE-2023-40443,0.00050,0.16759
CVE-2023-40444,0.00052,0.18141
CVE-2023-40445,0.00054,0.19490
CVE-2023-40446,0.00054,0.19430
CVE-2023-40447,0.00110,0.43972
CVE-2023-40448,0.00203,0.58323
CVE-2023-40449,0.00052,0.17523
CVE-2023-4045,0.00073,0.30381
CVE-2023-40450,0.00045,0.12108
CVE-2023-40451,0.00083,0.34409
CVE-2023-40452,0.00053,0.18903
CVE-2023-40453,0.00049,0.15801
CVE-2023-40454,0.00071,0.29404
CVE-2023-40455,0.00091,0.38380
CVE-2023-40456,0.00049,0.15120
CVE-2023-40458,0.00077,0.31662
CVE-2023-40459,0.00046,0.13740
CVE-2023-4046,0.00072,0.29991
CVE-2023-40460,0.00049,0.15110
CVE-2023-40461,0.00045,0.11801
CVE-2023-40462,0.00044,0.10871
CVE-2023-40463,0.00104,0.41988
CVE-2023-40464,0.00048,0.14310
CVE-2023-40465,0.00043,0.06775
CVE-2023-4047,0.00091,0.38392
CVE-2023-4048,0.00160,0.52575
CVE-2023-4049,0.00114,0.44986
CVE-2023-4050,0.00120,0.46114
CVE-2023-4051,0.00109,0.43819
CVE-2023-40518,0.00048,0.14563
CVE-2023-40519,0.00059,0.23047
CVE-2023-4052,0.00060,0.23745
CVE-2023-40520,0.00049,0.15120
CVE-2023-40528,0.00054,0.19134
CVE-2023-40529,0.00044,0.10345
CVE-2023-4053,0.00109,0.43819
CVE-2023-40530,0.00052,0.17989
CVE-2023-40531,0.00043,0.07443
CVE-2023-40532,0.00046,0.12730
CVE-2023-40534,0.00046,0.13740
CVE-2023-40535,0.00048,0.14756
CVE-2023-40537,0.00091,0.38380
CVE-2023-4054,0.00046,0.12663
CVE-2023-40540,0.00043,0.06775
CVE-2023-40541,0.00043,0.06775
CVE-2023-40542,0.00046,0.13740
CVE-2023-40546,0.00042,0.05859
CVE-2023-40547,0.00169,0.53863
CVE-2023-40548,0.00061,0.23810
CVE-2023-40549,0.00043,0.06775
CVE-2023-4055,0.00077,0.31644
CVE-2023-40550,0.00043,0.06775
CVE-2023-40551,0.00043,0.06775
CVE-2023-40552,0.00045,0.11801
CVE-2023-40553,0.00046,0.13740
CVE-2023-40554,0.00046,0.13740
CVE-2023-40555,0.00072,0.29664
CVE-2023-40556,0.00058,0.21913
CVE-2023-40558,0.00058,0.21913
CVE-2023-40559,0.00058,0.21913
CVE-2023-4056,0.00148,0.50825
CVE-2023-40560,0.00045,0.11801
CVE-2023-40561,0.00058,0.21913
CVE-2023-40567,0.00134,0.48533
CVE-2023-40569,0.00118,0.45685
CVE-2023-4057,0.00064,0.26444
CVE-2023-40570,0.00052,0.17889
CVE-2023-40571,0.00138,0.49347
CVE-2023-40572,0.00166,0.53270
CVE-2023-40573,0.00250,0.62985
CVE-2023-40574,0.00066,0.27607
CVE-2023-40575,0.00065,0.27135
CVE-2023-40576,0.00053,0.18664
CVE-2023-40577,0.00045,0.11801
CVE-2023-40579,0.00049,0.14986
CVE-2023-4058,0.00068,0.28208
CVE-2023-40580,0.00064,0.26487
CVE-2023-40581,0.00529,0.74645
CVE-2023-40582,0.00068,0.27907
CVE-2023-40583,0.00056,0.20790
CVE-2023-40584,0.00044,0.10862
CVE-2023-40585,0.00080,0.33413
CVE-2023-40586,0.00046,0.13740
CVE-2023-40587,0.00063,0.25078
CVE-2023-40588,0.00045,0.12231
CVE-2023-40589,0.00079,0.32858
CVE-2023-4059,0.00052,0.17889
CVE-2023-40590,0.00053,0.19001
CVE-2023-40591,0.00053,0.18259
CVE-2023-40592,0.00050,0.16906
CVE-2023-40593,0.00046,0.13740
CVE-2023-40594,0.00046,0.13740
CVE-2023-40595,0.00055,0.20491
CVE-2023-40596,0.00043,0.06775
CVE-2023-40597,0.00045,0.12178
CVE-2023-40598,0.00055,0.20491
CVE-2023-40599,0.00081,0.33789
CVE-2023-4060,0.00045,0.11801
CVE-2023-40600,0.00087,0.36261
CVE-2023-40601,0.00046,0.13740
CVE-2023-40602,0.00046,0.13740
CVE-2023-40604,0.00045,0.11801
CVE-2023-40605,0.00045,0.11801
CVE-2023-40606,0.00049,0.15052
CVE-2023-40607,0.00058,0.21913
CVE-2023-40609,0.00076,0.31600
CVE-2023-4061,0.00075,0.31117
CVE-2023-40610,0.00498,0.73813
CVE-2023-40611,0.00101,0.41059
CVE-2023-40612,0.00043,0.06775
CVE-2023-40617,0.00059,0.23047
CVE-2023-40618,0.00064,0.26167
CVE-2023-40619,0.00138,0.49347
CVE-2023-40621,0.00052,0.18024
CVE-2023-40622,0.00050,0.16285
CVE-2023-40623,0.00044,0.10862
CVE-2023-40624,0.00045,0.11801
CVE-2023-40625,0.00045,0.11801
CVE-2023-40626,0.00090,0.38002
CVE-2023-40627,0.00046,0.13740
CVE-2023-40628,0.00046,0.13740
CVE-2023-40629,0.00091,0.38380
CVE-2023-40630,0.00091,0.38380
CVE-2023-40631,0.00042,0.05722
CVE-2023-40632,0.00088,0.37067
CVE-2023-40633,0.00042,0.05722
CVE-2023-40634,0.00042,0.05722
CVE-2023-40635,0.00042,0.05722
CVE-2023-40636,0.00042,0.05722
CVE-2023-40637,0.00042,0.05722
CVE-2023-40638,0.00042,0.05722
CVE-2023-40639,0.00042,0.05722
CVE-2023-40640,0.00042,0.05722
CVE-2023-40641,0.00042,0.05722
CVE-2023-40642,0.00042,0.05722
CVE-2023-40643,0.00042,0.05722
CVE-2023-40644,0.00042,0.05722
CVE-2023-40645,0.00042,0.05722
CVE-2023-40646,0.00042,0.05722
CVE-2023-40647,0.00042,0.05722
CVE-2023-40648,0.00042,0.05722
CVE-2023-40649,0.00042,0.05722
CVE-2023-4065,0.00042,0.05722
CVE-2023-40650,0.00042,0.05722
CVE-2023-40651,0.00042,0.05722
CVE-2023-40652,0.00042,0.05722
CVE-2023-40653,0.00042,0.05722
CVE-2023-40654,0.00042,0.05722
CVE-2023-40655,0.00046,0.13740
CVE-2023-40656,0.00046,0.13740
CVE-2023-40657,0.00046,0.13740
CVE-2023-40658,0.00046,0.13740
CVE-2023-40659,0.00046,0.13740
CVE-2023-4066,0.00045,0.12069
CVE-2023-40660,0.00057,0.21302
CVE-2023-40661,0.00042,0.05722
CVE-2023-40662,0.00087,0.36261
CVE-2023-40663,0.00046,0.13740
CVE-2023-40664,0.00046,0.13740
CVE-2023-40665,0.00045,0.11801
CVE-2023-40667,0.00046,0.13740
CVE-2023-40668,0.00045,0.11801
CVE-2023-40669,0.00045,0.11801
CVE-2023-4067,0.00053,0.18553
CVE-2023-40671,0.00058,0.21913
CVE-2023-40674,0.00045,0.11801
CVE-2023-40675,0.00045,0.11801
CVE-2023-40676,0.00045,0.11801
CVE-2023-40677,0.00045,0.11801
CVE-2023-4068,0.00131,0.47976
CVE-2023-40680,0.00045,0.11801
CVE-2023-40681,0.00045,0.11801
CVE-2023-40682,0.00042,0.05722
CVE-2023-40683,0.00075,0.30786
CVE-2023-40684,0.00044,0.10565
CVE-2023-40685,0.00042,0.05722
CVE-2023-40686,0.00042,0.05722
CVE-2023-40687,0.00074,0.30542
CVE-2023-4069,0.00222,0.60563
CVE-2023-40691,0.00049,0.15916
CVE-2023-40692,0.00061,0.23807
CVE-2023-40699,0.00056,0.21083
CVE-2023-4070,0.00131,0.47976
CVE-2023-40703,0.00046,0.13740
CVE-2023-40705,0.00048,0.14756
CVE-2023-40706,0.00091,0.38380
CVE-2023-40707,0.00048,0.14563
CVE-2023-40708,0.00046,0.13740
CVE-2023-40709,0.00046,0.13740
CVE-2023-4071,0.00260,0.63856
CVE-2023-40710,0.00046,0.13740
CVE-2023-40711,0.00081,0.33588
CVE-2023-40712,0.00080,0.33236
CVE-2023-40715,0.00043,0.06775
CVE-2023-40716,0.00043,0.07443
CVE-2023-40717,0.00043,0.06775
CVE-2023-40718,0.00048,0.14563
CVE-2023-40719,0.00043,0.06775
CVE-2023-4072,0.00112,0.44347
CVE-2023-40724,0.00043,0.06775
CVE-2023-40725,0.00044,0.10345
CVE-2023-40726,0.00049,0.15055
CVE-2023-40727,0.00043,0.06775
CVE-2023-40728,0.00042,0.05722
CVE-2023-40729,0.00078,0.32134
CVE-2023-4073,0.00410,0.71283
CVE-2023-40730,0.00049,0.15055
CVE-2023-40731,0.00049,0.15055
CVE-2023-40732,0.00043,0.06775
CVE-2023-40735,0.00067,0.27694
CVE-2023-4074,0.00222,0.60563
CVE-2023-40743,0.00189,0.56474
CVE-2023-40745,0.00081,0.33745
CVE-2023-40748,0.00076,0.31600
CVE-2023-40749,0.00076,0.31600
CVE-2023-4075,0.00222,0.60563
CVE-2023-40750,0.00046,0.13740
CVE-2023-40751,0.00046,0.13740
CVE-2023-40752,0.00046,0.13740
CVE-2023-40753,0.00045,0.11801
CVE-2023-40754,0.00100,0.40796
CVE-2023-40755,0.00046,0.13740
CVE-2023-40756,0.00091,0.38380
CVE-2023-40757,0.00091,0.38380
CVE-2023-40758,0.00091,0.38380
CVE-2023-40759,0.00091,0.38380
CVE-2023-4076,0.00118,0.45783
CVE-2023-40760,0.00091,0.38380
CVE-2023-40761,0.00091,0.38380
CVE-2023-40762,0.00091,0.38380
CVE-2023-40763,0.00091,0.38380
CVE-2023-40764,0.00091,0.38380
CVE-2023-40765,0.00091,0.38380
CVE-2023-40766,0.00091,0.38380
CVE-2023-40767,0.00091,0.38380
CVE-2023-4077,0.00069,0.28668
CVE-2023-40771,0.00063,0.25041
CVE-2023-40779,0.01513,0.85660
CVE-2023-4078,0.00069,0.28668
CVE-2023-40781,0.00065,0.26975
CVE-2023-40784,0.00086,0.35859
CVE-2023-40786,0.00045,0.11801
CVE-2023-40787,0.00076,0.31600
CVE-2023-40788,0.00052,0.17989
CVE-2023-40791,0.00042,0.05722
CVE-2023-40796,0.00054,0.20306
CVE-2023-40797,0.00048,0.14313
CVE-2023-40798,0.00048,0.14313
CVE-2023-40799,0.00087,0.36569
CVE-2023-40800,0.00048,0.14313
CVE-2023-40801,0.00048,0.14313
CVE-2023-40802,0.00044,0.10862
CVE-2023-40809,0.00046,0.13740
CVE-2023-40810,0.00046,0.13740
CVE-2023-40812,0.00046,0.13740
CVE-2023-40813,0.00046,0.13740
CVE-2023-40814,0.00046,0.13740
CVE-2023-40815,0.00046,0.13740
CVE-2023-40816,0.00046,0.13740
CVE-2023-40817,0.00046,0.13740
CVE-2023-40825,0.00107,0.43009
CVE-2023-40826,0.00157,0.52198
CVE-2023-40827,0.00166,0.53356
CVE-2023-40828,0.00209,0.58944
CVE-2023-40829,0.00087,0.36261
CVE-2023-40830,0.00091,0.38380
CVE-2023-40833,0.00148,0.50813
CVE-2023-40834,0.00188,0.56431
CVE-2023-40837,0.00135,0.48830
CVE-2023-40838,0.00169,0.53902
CVE-2023-40839,0.00135,0.48830
CVE-2023-40840,0.00091,0.38380
CVE-2023-40841,0.00091,0.38380
CVE-2023-40842,0.00091,0.38380
CVE-2023-40843,0.00091,0.38380
CVE-2023-40844,0.00091,0.38380
CVE-2023-40845,0.00091,0.38380
CVE-2023-40846,0.00087,0.36569
CVE-2023-40847,0.00091,0.38380
CVE-2023-40848,0.00091,0.38380
CVE-2023-40850,0.00084,0.34921
CVE-2023-40851,0.00048,0.14804
CVE-2023-40852,0.00090,0.37980
CVE-2023-40857,0.00124,0.46787
CVE-2023-40868,0.00136,0.48968
CVE-2023-40869,0.00064,0.26154
CVE-2023-40874,0.00045,0.11801
CVE-2023-40875,0.00045,0.11801
CVE-2023-40876,0.00045,0.11801
CVE-2023-40877,0.00045,0.11801
CVE-2023-4088,0.00042,0.05722
CVE-2023-40889,0.00116,0.45309
CVE-2023-4089,0.00059,0.22834
CVE-2023-40890,0.00116,0.45309
CVE-2023-40891,0.00087,0.36569
CVE-2023-40892,0.00087,0.36569
CVE-2023-40893,0.00087,0.36569
CVE-2023-40894,0.00087,0.36569
CVE-2023-40895,0.00087,0.36569
CVE-2023-40896,0.00087,0.36569
CVE-2023-40897,0.00087,0.36569
CVE-2023-40898,0.00087,0.36569
CVE-2023-40899,0.00087,0.36569
CVE-2023-4090,0.00046,0.13740
CVE-2023-40900,0.00087,0.36569
CVE-2023-40901,0.00063,0.25553
CVE-2023-40902,0.00087,0.36569
CVE-2023-40904,0.00087,0.36569
CVE-2023-4091,0.00151,0.51287
CVE-2023-40915,0.00046,0.13740
CVE-2023-40918,0.00050,0.16285
CVE-2023-4092,0.00076,0.31600
CVE-2023-40920,0.00076,0.31600
CVE-2023-40921,0.00076,0.31600
CVE-2023-40922,0.00076,0.31600
CVE-2023-40923,0.00050,0.16285
CVE-2023-40924,0.00087,0.35961
CVE-2023-4093,0.00046,0.13740
CVE-2023-40930,0.00055,0.20526
CVE-2023-40931,0.00085,0.35448
CVE-2023-40932,0.00053,0.18856
CVE-2023-40933,0.00089,0.37288
CVE-2023-40934,0.00090,0.37709
CVE-2023-4094,0.00046,0.13740
CVE-2023-40942,0.00086,0.35615
CVE-2023-40944,0.00076,0.31600
CVE-2023-40945,0.00076,0.31600
CVE-2023-40946,0.00076,0.31600
CVE-2023-4095,0.00046,0.13740
CVE-2023-40953,0.00058,0.21913
CVE-2023-40954,0.00063,0.25601
CVE-2023-40955,0.00060,0.23735
CVE-2023-40956,0.00060,0.23735
CVE-2023-40957,0.00060,0.23735
CVE-2023-40958,0.00060,0.23735
CVE-2023-4096,0.00048,0.14563
CVE-2023-40968,0.00087,0.35988
CVE-2023-40969,0.00046,0.13740
CVE-2023-4097,0.00050,0.16285
CVE-2023-40970,0.00055,0.20413
CVE-2023-4098,0.00050,0.16285
CVE-2023-40980,0.00214,0.59435
CVE-2023-40982,0.00049,0.15137
CVE-2023-40983,0.00046,0.13740
CVE-2023-40984,0.00049,0.15137
CVE-2023-40985,0.00049,0.15137
CVE-2023-40986,0.00049,0.15137
CVE-2023-40989,0.00091,0.38180
CVE-2023-4099,0.00046,0.12619
CVE-2023-40997,0.00084,0.34956
CVE-2023-40998,0.00084,0.34956
CVE-2023-4100,0.00044,0.10862
CVE-2023-41000,0.00044,0.10345
CVE-2023-41005,0.00102,0.41533
CVE-2023-41009,0.00368,0.69780
CVE-2023-4101,0.00046,0.12619
CVE-2023-41010,0.00042,0.05722
CVE-2023-41011,0.00208,0.58829
CVE-2023-41012,0.00539,0.74869
CVE-2023-41013,0.00050,0.16471
CVE-2023-4102,0.00050,0.16285
CVE-2023-41027,0.00050,0.16285
CVE-2023-41028,0.00053,0.19078
CVE-2023-41029,0.00054,0.19337
CVE-2023-4103,0.00050,0.16285
CVE-2023-41030,0.00102,0.41513
CVE-2023-41031,0.00054,0.19337
CVE-2023-41032,0.00075,0.30917
CVE-2023-41033,0.00075,0.30917
CVE-2023-41034,0.00063,0.24985
CVE-2023-41036,0.00042,0.05722
CVE-2023-41037,0.00046,0.13740
CVE-2023-41039,0.00054,0.19149
CVE-2023-4104,0.00042,0.05722
CVE-2023-41040,0.00055,0.20498
CVE-2023-41041,0.00045,0.11801
CVE-2023-41042,0.00045,0.12231
CVE-2023-41043,0.00045,0.12231
CVE-2023-41044,0.00084,0.35184
CVE-2023-41045,0.00052,0.17989
CVE-2023-41046,0.00090,0.37717
CVE-2023-41047,0.00043,0.07702
CVE-2023-41048,0.00269,0.64455
CVE-2023-41049,0.00046,0.13740
CVE-2023-4105,0.00045,0.11801
CVE-2023-41050,0.00049,0.14986
CVE-2023-41051,0.00044,0.08085
CVE-2023-41052,0.00046,0.13740
CVE-2023-41053,0.00045,0.12069
CVE-2023-41054,0.00144,0.50224
CVE-2023-41055,0.00084,0.34956
CVE-2023-41056,0.00635,0.76952
CVE-2023-41057,0.00046,0.13802
CVE-2023-41058,0.00071,0.29415
CVE-2023-4106,0.00046,0.13740
CVE-2023-41060,0.00089,0.37281
CVE-2023-41061,0.00070,0.28882
CVE-2023-41063,0.00056,0.20986
CVE-2023-41064,0.00330,0.68107
CVE-2023-41065,0.00053,0.18485
CVE-2023-41066,0.00052,0.18120
CVE-2023-41067,0.00043,0.06775
CVE-2023-41068,0.00057,0.21302
CVE-2023-41069,0.00045,0.12108
CVE-2023-4107,0.00046,0.12619
CVE-2023-41070,0.00060,0.23279
CVE-2023-41071,0.00079,0.33132
CVE-2023-41072,0.00055,0.20563
CVE-2023-41073,0.00069,0.28595
CVE-2023-41074,0.00110,0.43972
CVE-2023-41075,0.00053,0.18471
CVE-2023-41077,0.00052,0.18141
CVE-2023-41078,0.00045,0.12108
CVE-2023-41079,0.00045,0.12108
CVE-2023-4108,0.00087,0.36261
CVE-2023-41080,0.00244,0.62397
CVE-2023-41081,0.00087,0.36445
CVE-2023-41084,0.00091,0.38380
CVE-2023-41085,0.00046,0.13740
CVE-2023-41086,0.00058,0.21913
CVE-2023-41088,0.00087,0.36261
CVE-2023-41089,0.00091,0.38380
CVE-2023-4109,0.00045,0.11801
CVE-2023-41094,0.00091,0.38380
CVE-2023-41095,0.00061,0.24201
CVE-2023-41096,0.00046,0.13766
CVE-2023-41097,0.00087,0.36261
CVE-2023-41098,0.00046,0.13740
CVE-2023-4110,0.00200,0.57937
CVE-2023-41100,0.00067,0.27621
CVE-2023-41101,0.00250,0.63006
CVE-2023-41102,0.00046,0.13740
CVE-2023-41103,0.00045,0.11801
CVE-2023-41104,0.00063,0.25683
CVE-2023-41105,0.00055,0.20450
CVE-2023-41106,0.00067,0.27780
CVE-2023-41107,0.00045,0.11801
CVE-2023-41108,0.00107,0.43164
CVE-2023-41109,0.24804,0.96244
CVE-2023-4111,0.00200,0.57937
CVE-2023-41111,0.00046,0.12540
CVE-2023-41112,0.00046,0.12540
CVE-2023-41113,0.00045,0.11801
CVE-2023-41114,0.00049,0.14986
CVE-2023-41115,0.00049,0.14986
CVE-2023-41116,0.00045,0.11801
CVE-2023-41117,0.00091,0.38380
CVE-2023-41118,0.00050,0.16285
CVE-2023-41119,0.00050,0.16285
CVE-2023-4112,0.00231,0.61324
CVE-2023-41120,0.00046,0.12619
CVE-2023-41121,0.00065,0.26949
CVE-2023-41127,0.00045,0.11801
CVE-2023-41128,0.00045,0.11801
CVE-2023-41129,0.00058,0.21913
CVE-2023-4113,0.00263,0.64019
CVE-2023-41131,0.00058,0.21913
CVE-2023-41136,0.00045,0.11801
CVE-2023-41137,0.00061,0.24201
CVE-2023-41138,0.00042,0.05722
CVE-2023-41139,0.00045,0.12491
CVE-2023-4114,0.00390,0.70642
CVE-2023-41140,0.00092,0.38765
CVE-2023-41145,0.00046,0.13740
CVE-2023-41146,0.00045,0.11801
CVE-2023-41149,0.00068,0.27907
CVE-2023-4115,0.00263,0.64019
CVE-2023-41150,0.00045,0.11801
CVE-2023-41151,0.00046,0.13740
CVE-2023-41152,0.00053,0.18685
CVE-2023-41153,0.00053,0.18685
CVE-2023-41154,0.00053,0.18685
CVE-2023-41155,0.00053,0.18685
CVE-2023-41156,0.00053,0.18685
CVE-2023-41157,0.00053,0.18685
CVE-2023-41158,0.00053,0.18685
CVE-2023-41159,0.00053,0.18685
CVE-2023-4116,0.00263,0.64019
CVE-2023-41160,0.00057,0.21396
CVE-2023-41161,0.00053,0.18685
CVE-2023-41162,0.00059,0.23047
CVE-2023-41163,0.00059,0.23047
CVE-2023-41164,0.00064,0.26297
CVE-2023-41165,0.00043,0.06775
CVE-2023-41166,0.00046,0.13740
CVE-2023-41167,0.00045,0.11801
CVE-2023-41168,0.00045,0.11801
CVE-2023-41169,0.00045,0.11801
CVE-2023-4117,0.00138,0.49217
CVE-2023-41170,0.00046,0.13740
CVE-2023-41171,0.00045,0.11801
CVE-2023-41172,0.00045,0.11801
CVE-2023-41173,0.00081,0.33588
CVE-2023-41174,0.00056,0.20986
CVE-2023-41175,0.00058,0.21950
CVE-2023-41176,0.00068,0.28084
CVE-2023-41177,0.00068,0.28084
CVE-2023-41178,0.00068,0.28084
CVE-2023-41179,0.00823,0.80097
CVE-2023-4118,0.00075,0.31088
CVE-2023-41180,0.00044,0.08098
CVE-2023-4119,0.00138,0.49217
CVE-2023-4120,0.00407,0.71200
CVE-2023-4121,0.00175,0.54736
CVE-2023-4122,0.00091,0.38068
CVE-2023-41232,0.00057,0.21278
CVE-2023-41233,0.00063,0.25005
CVE-2023-41235,0.00046,0.13740
CVE-2023-41236,0.00046,0.13740
CVE-2023-41237,0.00046,0.13740
CVE-2023-41238,0.00046,0.13740
CVE-2023-41239,0.00049,0.14986
CVE-2023-4124,0.00046,0.12619
CVE-2023-41241,0.00045,0.11801
CVE-2023-41242,0.00045,0.11801
CVE-2023-41244,0.00058,0.21913
CVE-2023-41248,0.00045,0.11801
CVE-2023-41249,0.00046,0.13740
CVE-2023-4125,0.00050,0.16285
CVE-2023-41250,0.00046,0.13740
CVE-2023-41253,0.00043,0.06775
CVE-2023-41254,0.00062,0.24583
CVE-2023-41255,0.00053,0.19001
CVE-2023-41256,0.00091,0.38380
CVE-2023-41257,0.00116,0.45326
CVE-2023-41259,0.00064,0.26487
CVE-2023-4126,0.00050,0.16285
CVE-2023-41260,0.00064,0.26487
CVE-2023-41261,0.00072,0.29470
CVE-2023-41262,0.00530,0.74650
CVE-2023-41263,0.00072,0.29470
CVE-2023-41264,0.00106,0.42831
CVE-2023-41265,0.76620,0.97942
CVE-2023-41266,0.53000,0.97324
CVE-2023-41267,0.00139,0.49384
CVE-2023-41268,0.00070,0.29092
CVE-2023-4127,0.00048,0.14563
CVE-2023-41270,0.00044,0.10345
CVE-2023-41284,0.00050,0.16285
CVE-2023-41285,0.00050,0.16285
CVE-2023-41287,0.00050,0.16285
CVE-2023-41288,0.00047,0.14002
CVE-2023-41289,0.00047,0.14002
CVE-2023-4129,0.00059,0.22950
CVE-2023-41293,0.00087,0.36261
CVE-2023-41294,0.00091,0.38380
CVE-2023-41295,0.00046,0.13740
CVE-2023-41296,0.00091,0.38380
CVE-2023-41297,0.00091,0.38380
CVE-2023-41298,0.00087,0.36261
CVE-2023-41299,0.00046,0.13740
CVE-2023-41300,0.00046,0.13740
CVE-2023-41301,0.00046,0.13740
CVE-2023-41302,0.00047,0.14215
CVE-2023-41303,0.00046,0.13799
CVE-2023-41304,0.00046,0.13740
CVE-2023-41305,0.00087,0.36261
CVE-2023-41306,0.00046,0.13740
CVE-2023-41307,0.00046,0.13740
CVE-2023-41308,0.00087,0.36261
CVE-2023-41309,0.00046,0.13740
CVE-2023-41310,0.00044,0.10345
CVE-2023-41311,0.00046,0.13740
CVE-2023-41312,0.00046,0.13740
CVE-2023-41314,0.00088,0.37164
CVE-2023-41316,0.00045,0.11801
CVE-2023-41317,0.00049,0.15801
CVE-2023-41318,0.00060,0.23650
CVE-2023-41319,0.00054,0.19265
CVE-2023-4132,0.00042,0.05722
CVE-2023-41320,0.00076,0.31600
CVE-2023-41321,0.00049,0.14986
CVE-2023-41322,0.00050,0.16285
CVE-2023-41323,0.00052,0.17889
CVE-2023-41324,0.00050,0.16285
CVE-2023-41325,0.00042,0.05722
CVE-2023-41326,0.00050,0.16285
CVE-2023-41327,0.00064,0.26267
CVE-2023-41328,0.00064,0.26393
CVE-2023-41329,0.00073,0.30152
CVE-2023-4133,0.00042,0.05722
CVE-2023-41330,0.00669,0.77692
CVE-2023-41331,0.00131,0.47958
CVE-2023-41332,0.00043,0.06775
CVE-2023-41333,0.00043,0.05864
CVE-2023-41335,0.00058,0.21921
CVE-2023-41336,0.00051,0.16914
CVE-2023-41337,0.00043,0.06775
CVE-2023-41338,0.00063,0.25037
CVE-2023-41339,0.00063,0.24908
CVE-2023-41343,0.00048,0.14756
CVE-2023-41344,0.00114,0.44985
CVE-2023-41345,0.00052,0.17905
CVE-2023-41346,0.00052,0.17905
CVE-2023-41347,0.00052,0.17905
CVE-2023-41348,0.00052,0.17905
CVE-2023-41349,0.00093,0.38967
CVE-2023-4135,0.00045,0.12491
CVE-2023-41350,0.00155,0.51866
CVE-2023-41351,0.00155,0.51866
CVE-2023-41352,0.00052,0.17905
CVE-2023-41353,0.00100,0.40796
CVE-2023-41354,0.00059,0.22857
CVE-2023-41355,0.00126,0.47167
CVE-2023-41356,0.00076,0.31250
CVE-2023-41357,0.00114,0.44968
CVE-2023-41358,0.00074,0.30455
CVE-2023-41359,0.00061,0.23876
CVE-2023-4136,0.00052,0.17989
CVE-2023-41360,0.00068,0.28329
CVE-2023-41361,0.00091,0.38380
CVE-2023-41362,0.00085,0.35401
CVE-2023-41363,0.00045,0.11801
CVE-2023-41364,0.00063,0.25553
CVE-2023-41365,0.00045,0.11801
CVE-2023-41366,0.00052,0.17889
CVE-2023-41367,0.00046,0.13740
CVE-2023-41368,0.00046,0.13740
CVE-2023-41369,0.00046,0.13740
CVE-2023-41372,0.00043,0.06775
CVE-2023-41373,0.00321,0.67643
CVE-2023-41374,0.00112,0.44500
CVE-2023-41375,0.00112,0.44500
CVE-2023-41376,0.00049,0.15801
CVE-2023-41378,0.00053,0.18664
CVE-2023-4138,0.00046,0.13740
CVE-2023-41387,0.00055,0.20666
CVE-2023-4139,0.00093,0.39078
CVE-2023-4140,0.00062,0.24555
CVE-2023-4141,0.00147,0.50634
CVE-2023-41419,0.00178,0.55101
CVE-2023-4142,0.00147,0.50634
CVE-2023-41423,0.00052,0.17688
CVE-2023-41425,0.00080,0.33477
CVE-2023-41436,0.00044,0.07751
CVE-2023-41442,0.00272,0.64668
CVE-2023-41443,0.00060,0.23735
CVE-2023-41444,0.00044,0.08115
CVE-2023-41445,0.00134,0.48536
CVE-2023-41446,0.00134,0.48536
CVE-2023-41447,0.00134,0.48536
CVE-2023-41448,0.00134,0.48536
CVE-2023-41449,0.00368,0.69780
CVE-2023-4145,0.00090,0.37876
CVE-2023-41450,0.00334,0.68296
CVE-2023-41451,0.00134,0.48536
CVE-2023-41452,0.00391,0.70662
CVE-2023-41453,0.00134,0.48536
CVE-2023-4147,0.00044,0.08000
CVE-2023-41474,0.00089,0.37266
CVE-2023-4148,0.00064,0.26259
CVE-2023-41484,0.00084,0.34859
CVE-2023-4149,0.00048,0.14474
CVE-2023-4150,0.00046,0.13740
CVE-2023-41507,0.00076,0.31600
CVE-2023-41508,0.00106,0.42831
CVE-2023-4151,0.00046,0.13740
CVE-2023-4152,0.00107,0.43230
CVE-2023-4153,0.00062,0.24555
CVE-2023-41537,0.00046,0.13740
CVE-2023-41538,0.00089,0.37662
CVE-2023-41539,0.00073,0.30355
CVE-2023-4154,0.00061,0.23898
CVE-2023-41542,0.00063,0.25601
CVE-2023-41543,0.00070,0.28981
CVE-2023-41544,0.00272,0.64682
CVE-2023-4155,0.00043,0.06775
CVE-2023-41552,0.00087,0.36569
CVE-2023-41553,0.00087,0.36569
CVE-2023-41554,0.00087,0.36569
CVE-2023-41555,0.00087,0.36569
CVE-2023-41556,0.00087,0.36569
CVE-2023-41557,0.00087,0.36569
CVE-2023-41558,0.00087,0.36569
CVE-2023-41559,0.00087,0.36569
CVE-2023-4156,0.00062,0.24828
CVE-2023-41560,0.00087,0.36569
CVE-2023-41561,0.00087,0.36569
CVE-2023-41562,0.00087,0.36569
CVE-2023-41563,0.00087,0.36569
CVE-2023-41564,0.00050,0.16906
CVE-2023-4157,0.00045,0.11801
CVE-2023-41570,0.00049,0.14986
CVE-2023-41575,0.00045,0.11801
CVE-2023-41578,0.00084,0.34921
CVE-2023-4158,0.00045,0.11801
CVE-2023-41580,0.00084,0.34859
CVE-2023-41588,0.00046,0.13740
CVE-2023-4159,0.00050,0.16285
CVE-2023-41592,0.00051,0.17093
CVE-2023-41593,0.00060,0.23319
CVE-2023-41594,0.00078,0.32247
CVE-2023-41595,0.00064,0.26487
CVE-2023-41597,0.00046,0.13740
CVE-2023-41599,0.00047,0.14215
CVE-2023-4160,0.00051,0.17507
CVE-2023-41601,0.00046,0.13740
CVE-2023-41603,0.00056,0.21141
CVE-2023-41609,0.00046,0.13740
CVE-2023-4161,0.00065,0.26944
CVE-2023-41613,0.00045,0.11993
CVE-2023-41614,0.00045,0.11801
CVE-2023-41615,0.00076,0.31622
CVE-2023-41616,0.00045,0.11801
CVE-2023-41618,0.00046,0.13740
CVE-2023-41619,0.00046,0.13740
CVE-2023-4162,0.00042,0.05722
CVE-2023-41621,0.00046,0.13740
CVE-2023-41623,0.00050,0.16285
CVE-2023-41626,0.00046,0.13740
CVE-2023-41627,0.00048,0.14563
CVE-2023-41628,0.00046,0.13740
CVE-2023-41629,0.00084,0.34921
CVE-2023-4163,0.00042,0.05722
CVE-2023-41630,0.00386,0.70476
CVE-2023-41631,0.00116,0.45272
CVE-2023-41633,0.00044,0.10345
CVE-2023-41635,0.00049,0.14986
CVE-2023-41636,0.00076,0.31600
CVE-2023-41637,0.00143,0.50070
CVE-2023-41638,0.00055,0.20491
CVE-2023-4164,0.00042,0.05722
CVE-2023-41640,0.00050,0.16285
CVE-2023-41642,0.00062,0.24616
CVE-2023-41646,0.00046,0.13740
CVE-2023-41648,0.00046,0.13740
CVE-2023-4165,0.00066,0.27223
CVE-2023-41650,0.00058,0.21913
CVE-2023-41652,0.00076,0.31600
CVE-2023-41653,0.00046,0.13740
CVE-2023-41654,0.00058,0.21913
CVE-2023-41655,0.00045,0.11801
CVE-2023-41657,0.00045,0.11801
CVE-2023-41658,0.00046,0.13740
CVE-2023-41659,0.00058,0.21913
CVE-2023-4166,0.00066,0.27223
CVE-2023-41660,0.00058,0.21913
CVE-2023-41661,0.00045,0.11801
CVE-2023-41662,0.00046,0.13740
CVE-2023-41663,0.00046,0.13740
CVE-2023-41666,0.00045,0.11801
CVE-2023-41667,0.00058,0.21913
CVE-2023-41668,0.00058,0.21913
CVE-2023-41669,0.00058,0.21913
CVE-2023-4167,0.00052,0.17770
CVE-2023-41670,0.00058,0.21913
CVE-2023-41672,0.00058,0.21913
CVE-2023-41673,0.00045,0.11801
CVE-2023-41675,0.00073,0.30201
CVE-2023-41676,0.00049,0.14986
CVE-2023-41678,0.00050,0.16285
CVE-2023-41679,0.00046,0.12561
CVE-2023-4168,0.10602,0.94539
CVE-2023-41680,0.00044,0.10521
CVE-2023-41681,0.00044,0.10521
CVE-2023-41682,0.00094,0.39464
CVE-2023-41684,0.00058,0.21913
CVE-2023-41685,0.00076,0.31600
CVE-2023-41687,0.00045,0.11801
CVE-2023-4169,0.00803,0.79866
CVE-2023-41691,0.00046,0.13740
CVE-2023-41692,0.00046,0.13740
CVE-2023-41693,0.00058,0.21913
CVE-2023-41694,0.00058,0.21913
CVE-2023-41697,0.00058,0.21913
CVE-2023-41699,0.00046,0.13740
CVE-2023-4170,0.00051,0.17093
CVE-2023-4171,0.00086,0.35677
CVE-2023-41710,0.00045,0.11801
CVE-2023-41711,0.00044,0.10862
CVE-2023-41712,0.00044,0.10862
CVE-2023-41713,0.00087,0.36261
CVE-2023-41715,0.00050,0.16285
CVE-2023-41717,0.00042,0.05722
CVE-2023-41718,0.00043,0.06775
CVE-2023-41719,0.00098,0.40359
CVE-2023-4172,0.00064,0.26393
CVE-2023-41720,0.00055,0.20747
CVE-2023-41721,0.00046,0.13740
CVE-2023-41723,0.00045,0.11801
CVE-2023-41725,0.00158,0.52232
CVE-2023-41726,0.00133,0.48468
CVE-2023-41727,0.00134,0.48641
CVE-2023-41728,0.00045,0.11801
CVE-2023-41729,0.00045,0.11801
CVE-2023-4173,0.00204,0.58390
CVE-2023-41730,0.00058,0.21913
CVE-2023-41731,0.00045,0.11801
CVE-2023-41732,0.00058,0.21913
CVE-2023-41733,0.00045,0.11801
CVE-2023-41734,0.00045,0.11801
CVE-2023-41735,0.00087,0.36261
CVE-2023-41736,0.00045,0.11801
CVE-2023-41737,0.00045,0.11801
CVE-2023-41738,0.00129,0.47662
CVE-2023-41739,0.00093,0.39080
CVE-2023-4174,0.00189,0.56499
CVE-2023-41740,0.00093,0.39199
CVE-2023-41741,0.00116,0.45287
CVE-2023-41742,0.00089,0.37303
CVE-2023-41743,0.00042,0.05722
CVE-2023-41744,0.00042,0.05722
CVE-2023-41745,0.00043,0.06775
CVE-2023-41746,0.00110,0.44031
CVE-2023-41747,0.00095,0.39626
CVE-2023-41748,0.00110,0.44031
CVE-2023-41749,0.00087,0.36261
CVE-2023-4175,0.00056,0.20802
CVE-2023-41750,0.00043,0.06775
CVE-2023-41751,0.00043,0.06775
CVE-2023-41752,0.00102,0.41386
CVE-2023-4176,0.00077,0.31941
CVE-2023-41763,0.15841,0.95464
CVE-2023-41764,0.00057,0.21305
CVE-2023-41765,0.00420,0.71624
CVE-2023-41766,0.00048,0.14284
CVE-2023-41767,0.00420,0.71624
CVE-2023-41768,0.00420,0.71624
CVE-2023-41769,0.00420,0.71624
CVE-2023-4177,0.00045,0.12069
CVE-2023-41770,0.00420,0.71624
CVE-2023-41771,0.00420,0.71624
CVE-2023-41772,0.00197,0.57611
CVE-2023-41773,0.00420,0.71624
CVE-2023-41774,0.00420,0.71624
CVE-2023-41775,0.00042,0.05722
CVE-2023-41776,0.00042,0.00438
CVE-2023-41779,0.00042,0.05859
CVE-2023-4178,0.00124,0.46702
CVE-2023-41780,0.00044,0.08111
CVE-2023-41781,0.00046,0.13740
CVE-2023-41782,0.00042,0.05859
CVE-2023-41783,0.00042,0.05859
CVE-2023-41784,0.00106,0.42835
CVE-2023-41786,0.00048,0.14346
CVE-2023-41787,0.00087,0.36261
CVE-2023-41788,0.00054,0.19379
CVE-2023-41789,0.00046,0.13740
CVE-2023-4179,0.00077,0.31941
CVE-2023-41790,0.00091,0.38380
CVE-2023-41791,0.00045,0.11801
CVE-2023-41792,0.00046,0.13740
CVE-2023-41796,0.00046,0.13740
CVE-2023-41797,0.00045,0.11801
CVE-2023-41798,0.00050,0.16285
CVE-2023-4180,0.00077,0.31941
CVE-2023-41800,0.00045,0.11801
CVE-2023-41801,0.00058,0.21913
CVE-2023-41804,0.00045,0.11801
CVE-2023-41806,0.00046,0.13740
CVE-2023-41807,0.00049,0.15144
CVE-2023-41808,0.00087,0.36261
CVE-2023-4181,0.00164,0.53071
CVE-2023-41810,0.00046,0.13740
CVE-2023-41811,0.00046,0.13740
CVE-2023-41812,0.00049,0.15144
CVE-2023-41813,0.00046,0.13740
CVE-2023-41814,0.00046,0.13740
CVE-2023-41815,0.00046,0.13740
CVE-2023-4182,0.00090,0.37725
CVE-2023-4183,0.00143,0.50041
CVE-2023-41834,0.00259,0.63743
CVE-2023-41835,0.00256,0.63508
CVE-2023-41836,0.00044,0.10521
CVE-2023-41838,0.00043,0.07443
CVE-2023-4184,0.00090,0.37725
CVE-2023-41840,0.00053,0.19001
CVE-2023-41841,0.00050,0.16285
CVE-2023-41843,0.00044,0.10565
CVE-2023-41844,0.00044,0.10565
CVE-2023-41846,0.00050,0.16056
CVE-2023-41847,0.00045,0.11801
CVE-2023-4185,0.00063,0.25553
CVE-2023-41850,0.00058,0.21913
CVE-2023-41851,0.00058,0.21913
CVE-2023-41852,0.00058,0.21913
CVE-2023-41853,0.00058,0.21913
CVE-2023-41854,0.00058,0.21913
CVE-2023-41855,0.00045,0.11801
CVE-2023-41856,0.00046,0.13740
CVE-2023-41858,0.00058,0.21913
CVE-2023-41859,0.00045,0.11801
CVE-2023-4186,0.00063,0.25553
CVE-2023-41860,0.00046,0.13740
CVE-2023-41861,0.00046,0.13740
CVE-2023-41863,0.00046,0.13740
CVE-2023-41867,0.00046,0.13740
CVE-2023-41868,0.00046,0.13740
CVE-2023-4187,0.00045,0.11801
CVE-2023-41871,0.00046,0.13740
CVE-2023-41872,0.00046,0.13740
CVE-2023-41874,0.00046,0.13740
CVE-2023-41876,0.00058,0.21913
CVE-2023-41878,0.00084,0.34630
CVE-2023-41879,0.00060,0.23760
CVE-2023-4188,0.00076,0.31600
CVE-2023-41880,0.00054,0.19338
CVE-2023-41881,0.00051,0.17340
CVE-2023-41882,0.00053,0.18547
CVE-2023-41885,0.00046,0.13740
CVE-2023-41886,0.00173,0.54561
CVE-2023-41887,0.00368,0.69789
CVE-2023-41888,0.00047,0.14215
CVE-2023-41889,0.00089,0.37386
CVE-2023-4189,0.00045,0.11801
CVE-2023-41890,0.00054,0.19490
CVE-2023-41891,0.00070,0.28989
CVE-2023-41892,0.87963,0.98436
CVE-2023-41893,0.00046,0.13740
CVE-2023-41894,0.00046,0.13740
CVE-2023-41895,0.00134,0.48641
CVE-2023-41896,0.00046,0.13768
CVE-2023-41897,0.00182,0.55529
CVE-2023-41898,0.00054,0.20304
CVE-2023-41899,0.00050,0.16285
CVE-2023-4190,0.00046,0.13740
CVE-2023-41900,0.00068,0.28074
CVE-2023-41902,0.00042,0.05722
CVE-2023-41904,0.01412,0.85129
CVE-2023-41905,0.00045,0.11801
CVE-2023-41908,0.00046,0.13740
CVE-2023-41909,0.00049,0.14992
CVE-2023-4191,0.00063,0.25553
CVE-2023-41910,0.00063,0.24985
CVE-2023-41911,0.00043,0.06775
CVE-2023-41913,0.00233,0.61431
CVE-2023-41914,0.00042,0.05722
CVE-2023-41915,0.00138,0.49339
CVE-2023-4192,0.00063,0.25553
CVE-2023-41929,0.00042,0.05722
CVE-2023-4193,0.00063,0.25553
CVE-2023-41930,0.00046,0.12690
CVE-2023-41931,0.00090,0.37843
CVE-2023-41932,0.00049,0.14986
CVE-2023-41933,0.00050,0.16285
CVE-2023-41934,0.00046,0.13740
CVE-2023-41935,0.00087,0.36261
CVE-2023-41936,0.00087,0.36261
CVE-2023-41937,0.00087,0.36261
CVE-2023-41938,0.00048,0.14563
CVE-2023-41939,0.00050,0.16285
CVE-2023-4194,0.00042,0.05722
CVE-2023-41940,0.00090,0.37843
CVE-2023-41941,0.00044,0.10753
CVE-2023-41942,0.00046,0.13740
CVE-2023-41943,0.00044,0.10725
CVE-2023-41944,0.00046,0.13740
CVE-2023-41945,0.00050,0.16285
CVE-2023-41946,0.00044,0.10753
CVE-2023-41947,0.00044,0.10753
CVE-2023-41948,0.00045,0.11801
CVE-2023-41949,0.00045,0.11801
CVE-2023-4195,0.00111,0.44180
CVE-2023-41950,0.00058,0.21913
CVE-2023-4196,0.00045,0.11801
CVE-2023-41960,0.00043,0.06775
CVE-2023-41962,0.00063,0.25005
CVE-2023-41963,0.00081,0.33789
CVE-2023-41964,0.00049,0.14986
CVE-2023-41965,0.00087,0.36261
CVE-2023-41966,0.00050,0.16285
CVE-2023-41967,0.00052,0.18120
CVE-2023-41968,0.00058,0.21928
CVE-2023-4197,0.00068,0.27995
CVE-2023-41974,0.00055,0.20747
CVE-2023-41975,0.00078,0.32151
CVE-2023-41976,0.00458,0.72744
CVE-2023-41977,0.00060,0.23273
CVE-2023-41979,0.00045,0.12108
CVE-2023-4198,0.00049,0.14986
CVE-2023-41980,0.00048,0.14248
CVE-2023-41981,0.00046,0.12668
CVE-2023-41982,0.00060,0.23542
CVE-2023-41983,0.00063,0.25757
CVE-2023-41984,0.00077,0.32022
CVE-2023-41986,0.00047,0.14033
CVE-2023-41987,0.00052,0.18120
CVE-2023-41988,0.00064,0.26181
CVE-2023-41989,0.00054,0.19430
CVE-2023-4199,0.00064,0.26393
CVE-2023-41990,0.00073,0.30403
CVE-2023-41991,0.01619,0.86172
CVE-2023-41992,0.00062,0.24611
CVE-2023-41993,0.00184,0.55733
CVE-2023-41994,0.00052,0.18120
CVE-2023-41995,0.00053,0.18471
CVE-2023-41996,0.00047,0.14033
CVE-2023-41997,0.00060,0.23542
CVE-2023-41998,0.00106,0.42831
CVE-2023-41999,0.00649,0.77196
CVE-2023-4200,0.00063,0.25553
CVE-2023-42000,0.00938,0.81405
CVE-2023-42004,0.00070,0.28874
CVE-2023-42006,0.00042,0.05722
CVE-2023-42009,0.00044,0.10565
CVE-2023-4201,0.00063,0.25553
CVE-2023-42012,0.00043,0.06775
CVE-2023-42013,0.00058,0.22604
CVE-2023-42015,0.00044,0.10565
CVE-2023-42017,0.00164,0.53059
CVE-2023-42019,0.00056,0.21083
CVE-2023-4202,0.00053,0.18892
CVE-2023-42022,0.00044,0.10565
CVE-2023-42027,0.00064,0.26257
CVE-2023-42029,0.00052,0.17638
CVE-2023-4203,0.00053,0.18892
CVE-2023-42031,0.00056,0.20772
CVE-2023-4204,0.00091,0.38380
CVE-2023-4206,0.00042,0.05722
CVE-2023-4207,0.00042,0.05722
CVE-2023-4208,0.00042,0.05722
CVE-2023-4209,0.00046,0.13740
CVE-2023-4211,0.21262,0.96011
CVE-2023-4212,0.00057,0.21457
CVE-2023-4213,0.00050,0.16285
CVE-2023-42132,0.00052,0.18120
CVE-2023-42134,0.00053,0.18471
CVE-2023-42135,0.00061,0.24135
CVE-2023-42136,0.00042,0.05722
CVE-2023-42137,0.00062,0.24390
CVE-2023-42138,0.00053,0.19001
CVE-2023-4214,0.00063,0.24985
CVE-2023-42143,0.00045,0.11801
CVE-2023-42144,0.00042,0.05722
CVE-2023-42147,0.00084,0.34921
CVE-2023-4215,0.00094,0.39317
CVE-2023-4216,0.00045,0.11801
CVE-2023-4217,0.00046,0.13740
CVE-2023-42178,0.00049,0.14986
CVE-2023-4218,0.00046,0.12656
CVE-2023-42180,0.00050,0.16285
CVE-2023-42183,0.00046,0.13740
CVE-2023-42188,0.00048,0.14563
CVE-2023-42189,0.00199,0.57789
CVE-2023-4219,0.00064,0.26393
CVE-2023-4220,0.00163,0.52952
CVE-2023-4221,0.00225,0.60840
CVE-2023-4222,0.00225,0.60840
CVE-2023-42222,0.00066,0.27223
CVE-2023-4223,0.00293,0.66012
CVE-2023-4224,0.00293,0.66012
CVE-2023-4225,0.00293,0.66012
CVE-2023-42253,0.00046,0.13740
CVE-2023-4226,0.00293,0.66012
CVE-2023-42261,0.00060,0.23760
CVE-2023-42268,0.00076,0.31600
CVE-2023-4227,0.00046,0.13740
CVE-2023-42270,0.00058,0.21913
CVE-2023-42276,0.00087,0.36569
CVE-2023-42277,0.00087,0.36569
CVE-2023-42278,0.00046,0.13740
CVE-2023-42279,0.00076,0.31600
CVE-2023-4228,0.00046,0.13740
CVE-2023-42280,0.00087,0.35961
CVE-2023-42283,0.00076,0.31600
CVE-2023-42284,0.00076,0.31600
CVE-2023-4229,0.00046,0.13740
CVE-2023-42295,0.00225,0.60847
CVE-2023-42298,0.00042,0.05722
CVE-2023-42299,0.00202,0.58249
CVE-2023-4230,0.00046,0.13740
CVE-2023-4231,0.00076,0.31600
CVE-2023-42319,0.00084,0.34956
CVE-2023-42320,0.00147,0.50725
CVE-2023-42321,0.00148,0.50737
CVE-2023-42322,0.00148,0.50813
CVE-2023-42323,0.00136,0.48968
CVE-2023-42325,0.00083,0.34468
CVE-2023-42326,0.00134,0.48576
CVE-2023-42327,0.00083,0.34468
CVE-2023-42328,0.00181,0.55383
CVE-2023-42331,0.00165,0.53202
CVE-2023-42334,0.00083,0.34508
CVE-2023-42335,0.00116,0.45272
CVE-2023-42336,0.00272,0.64668
CVE-2023-42358,0.00063,0.25637
CVE-2023-42359,0.00063,0.25601
CVE-2023-4236,0.00081,0.33712
CVE-2023-42361,0.00053,0.18838
CVE-2023-42362,0.00046,0.12713
CVE-2023-42363,0.00044,0.10345
CVE-2023-42364,0.00044,0.10345
CVE-2023-42365,0.00044,0.10345
CVE-2023-42366,0.00044,0.10345
CVE-2023-4237,0.00042,0.05722
CVE-2023-42371,0.00061,0.23994
CVE-2023-4238,0.00050,0.16285
CVE-2023-42387,0.00152,0.51457
CVE-2023-4239,0.00046,0.12619
CVE-2023-42398,0.00272,0.64668
CVE-2023-42399,0.00077,0.31706
CVE-2023-42405,0.00103,0.41771
CVE-2023-42406,0.00678,0.77885
CVE-2023-4241,0.00046,0.13740
CVE-2023-4242,0.00045,0.11801
CVE-2023-42425,0.00233,0.61495
CVE-2023-42426,0.00201,0.58095
CVE-2023-42428,0.00082,0.33984
CVE-2023-42429,0.00043,0.06775
CVE-2023-4243,0.00064,0.26505
CVE-2023-42431,0.00045,0.11801
CVE-2023-42435,0.00058,0.21913
CVE-2023-42436,0.00045,0.11801
CVE-2023-42438,0.00052,0.17989
CVE-2023-42439,0.00064,0.26276
CVE-2023-4244,0.00042,0.05722
CVE-2023-42441,0.00052,0.17989
CVE-2023-42442,0.07679,0.93553
CVE-2023-42443,0.00087,0.36569
CVE-2023-42444,0.00051,0.17403
CVE-2023-42445,0.00060,0.23324
CVE-2023-42446,0.00046,0.12619
CVE-2023-42447,0.00044,0.10188
CVE-2023-42448,0.00050,0.16291
CVE-2023-42449,0.00064,0.26493
CVE-2023-4245,0.00053,0.18547
CVE-2023-42450,0.00087,0.36261
CVE-2023-42451,0.00048,0.14563
CVE-2023-42452,0.00045,0.11801
CVE-2023-42453,0.00058,0.22695
CVE-2023-42454,0.00067,0.27762
CVE-2023-42455,0.00060,0.23697
CVE-2023-42456,0.00061,0.24121
CVE-2023-42457,0.00056,0.20790
CVE-2023-42458,0.00075,0.30792
CVE-2023-42459,0.00056,0.20790
CVE-2023-4246,0.00065,0.26944
CVE-2023-42460,0.00048,0.14563
CVE-2023-42461,0.00076,0.31600
CVE-2023-42462,0.00048,0.14771
CVE-2023-42463,0.00042,0.05722
CVE-2023-42464,0.01144,0.83296
CVE-2023-42465,0.00051,0.17254
CVE-2023-42467,0.00042,0.05722
CVE-2023-42468,0.00164,0.53095
CVE-2023-42469,0.00043,0.07673
CVE-2023-4247,0.00065,0.26944
CVE-2023-42470,0.01013,0.82151
CVE-2023-42471,0.00377,0.70123
CVE-2023-42472,0.00050,0.16404
CVE-2023-42473,0.00045,0.11801
CVE-2023-42474,0.00045,0.11801
CVE-2023-42475,0.00045,0.11801
CVE-2023-42476,0.00049,0.14986
CVE-2023-42477,0.00046,0.13740
CVE-2023-42478,0.00046,0.12619
CVE-2023-42479,0.00052,0.17889
CVE-2023-4248,0.00065,0.26944
CVE-2023-42480,0.00052,0.17889
CVE-2023-42481,0.00050,0.16404
CVE-2023-42482,0.00046,0.12540
CVE-2023-42483,0.00043,0.06775
CVE-2023-42486,0.00042,0.05722
CVE-2023-42487,0.00090,0.37805
CVE-2023-42488,0.00090,0.37805
CVE-2023-42489,0.00091,0.38380
CVE-2023-4249,0.00068,0.27907
CVE-2023-42490,0.00087,0.36261
CVE-2023-42491,0.00091,0.38380
CVE-2023-42492,0.00091,0.38380
CVE-2023-42493,0.00091,0.38380
CVE-2023-42494,0.00091,0.38380
CVE-2023-42495,0.00068,0.27907
CVE-2023-42497,0.00059,0.23047
CVE-2023-4250,0.00046,0.13740
CVE-2023-42501,0.00126,0.47115
CVE-2023-42502,0.00062,0.24605
CVE-2023-42503,0.00054,0.20292
CVE-2023-42504,0.00063,0.25017
CVE-2023-42505,0.00044,0.10361
CVE-2023-42506,0.00053,0.19001
CVE-2023-42507,0.00053,0.19001
CVE-2023-42508,0.00053,0.18635
CVE-2023-4251,0.00046,0.13740
CVE-2023-4252,0.00046,0.13740
CVE-2023-42520,0.00046,0.13740
CVE-2023-42521,0.00046,0.13740
CVE-2023-42522,0.00046,0.13740
CVE-2023-42523,0.00046,0.13740
CVE-2023-42524,0.00046,0.13740
CVE-2023-42525,0.00046,0.13740
CVE-2023-42526,0.00046,0.13740
CVE-2023-42527,0.00042,0.05722
CVE-2023-42528,0.00042,0.05722
CVE-2023-42529,0.00042,0.05722
CVE-2023-4253,0.00045,0.11801
CVE-2023-42530,0.00048,0.14227
CVE-2023-42531,0.00071,0.29268
CVE-2023-42532,0.00078,0.32127
CVE-2023-42533,0.00055,0.20747
CVE-2023-42534,0.00042,0.05722
CVE-2023-42535,0.00042,0.05722
CVE-2023-42536,0.00071,0.29268
CVE-2023-42537,0.00071,0.29268
CVE-2023-42538,0.00071,0.29268
CVE-2023-42539,0.00042,0.05722
CVE-2023-4254,0.00045,0.11801
CVE-2023-42540,0.00043,0.06775
CVE-2023-42541,0.00046,0.12540
CVE-2023-42542,0.00042,0.05722
CVE-2023-42543,0.00068,0.28148
CVE-2023-42544,0.00042,0.05722
CVE-2023-42545,0.00068,0.28148
CVE-2023-42546,0.00049,0.14986
CVE-2023-42547,0.00049,0.14986
CVE-2023-42548,0.00049,0.14986
CVE-2023-42549,0.00049,0.14986
CVE-2023-4255,0.00044,0.08085
CVE-2023-42550,0.00049,0.14986
CVE-2023-42551,0.00049,0.14986
CVE-2023-42552,0.00044,0.10345
CVE-2023-42553,0.00046,0.12540
CVE-2023-42554,0.00053,0.19001
CVE-2023-42555,0.00052,0.18120
CVE-2023-42556,0.00052,0.18120
CVE-2023-42557,0.00042,0.05722
CVE-2023-42558,0.00042,0.05722
CVE-2023-42559,0.00052,0.18120
CVE-2023-4256,0.00044,0.08085
CVE-2023-42560,0.00042,0.05722
CVE-2023-42561,0.00055,0.20747
CVE-2023-42562,0.00043,0.06775
CVE-2023-42563,0.00043,0.06775
CVE-2023-42564,0.00043,0.06775
CVE-2023-42565,0.00042,0.05722
CVE-2023-42566,0.00042,0.05722
CVE-2023-42567,0.00043,0.06775
CVE-2023-42568,0.00042,0.05722
CVE-2023-42569,0.00043,0.06775
CVE-2023-4257,0.00075,0.30763
CVE-2023-42570,0.00043,0.06775
CVE-2023-42571,0.00053,0.19001
CVE-2023-42572,0.00052,0.18120
CVE-2023-42573,0.00052,0.17711
CVE-2023-42574,0.00042,0.05722
CVE-2023-42575,0.00053,0.19001
CVE-2023-42576,0.00053,0.19001
CVE-2023-42577,0.00044,0.10345
CVE-2023-42578,0.00078,0.32127
CVE-2023-42579,0.00052,0.18120
CVE-2023-4258,0.00052,0.18120
CVE-2023-42580,0.00071,0.29268
CVE-2023-42581,0.00068,0.28148
CVE-2023-4259,0.00050,0.16759
CVE-2023-4260,0.00088,0.37006
CVE-2023-4262,0.00068,0.27979
CVE-2023-42627,0.00052,0.17702
CVE-2023-42628,0.00052,0.17702
CVE-2023-42629,0.00052,0.17702
CVE-2023-4263,0.00050,0.16759
CVE-2023-42631,0.00042,0.05722
CVE-2023-42632,0.00042,0.05722
CVE-2023-42633,0.00042,0.05722
CVE-2023-42634,0.00042,0.05722
CVE-2023-42635,0.00042,0.05722
CVE-2023-42636,0.00042,0.05722
CVE-2023-42637,0.00042,0.05722
CVE-2023-42638,0.00042,0.05722
CVE-2023-42639,0.00042,0.05722
CVE-2023-4264,0.00050,0.16759
CVE-2023-42640,0.00042,0.05722
CVE-2023-42641,0.00042,0.05722
CVE-2023-42642,0.00042,0.05722
CVE-2023-42643,0.00042,0.05722
CVE-2023-42644,0.00042,0.05722
CVE-2023-42645,0.00042,0.05722
CVE-2023-42646,0.00042,0.05722
CVE-2023-42647,0.00042,0.05722
CVE-2023-42648,0.00042,0.05722
CVE-2023-42649,0.00042,0.05722
CVE-2023-4265,0.00050,0.16759
CVE-2023-42650,0.00042,0.05722
CVE-2023-42651,0.00042,0.05722
CVE-2023-42652,0.00042,0.05722
CVE-2023-42653,0.00042,0.05722
CVE-2023-42654,0.00042,0.05722
CVE-2023-42655,0.00042,0.05722
CVE-2023-42656,0.00046,0.13740
CVE-2023-42657,0.00046,0.12703
CVE-2023-42658,0.00064,0.26168
CVE-2023-42659,0.00050,0.16285
CVE-2023-42660,0.00050,0.16285
CVE-2023-42663,0.00059,0.22805
CVE-2023-42666,0.00046,0.13740
CVE-2023-42669,0.00082,0.33972
CVE-2023-42670,0.00078,0.32238
CVE-2023-42671,0.00042,0.05722
CVE-2023-42672,0.00042,0.05722
CVE-2023-42673,0.00042,0.05722
CVE-2023-42674,0.00042,0.05722
CVE-2023-42675,0.00042,0.05722
CVE-2023-42676,0.00042,0.05722
CVE-2023-42677,0.00042,0.05722
CVE-2023-42678,0.00042,0.05722
CVE-2023-42679,0.00042,0.05722
CVE-2023-42680,0.00042,0.05722
CVE-2023-42681,0.00042,0.05722
CVE-2023-42682,0.00042,0.05722
CVE-2023-42683,0.00042,0.05722
CVE-2023-42684,0.00042,0.05722
CVE-2023-42685,0.00042,0.05722
CVE-2023-42686,0.00042,0.05722
CVE-2023-42687,0.00042,0.05722
CVE-2023-42688,0.00042,0.05722
CVE-2023-42689,0.00042,0.05722
CVE-2023-4269,0.00045,0.11801
CVE-2023-42690,0.00042,0.05722
CVE-2023-42691,0.00042,0.05722
CVE-2023-42692,0.00042,0.05722
CVE-2023-42693,0.00042,0.05722
CVE-2023-42694,0.00042,0.05722
CVE-2023-42695,0.00042,0.05722
CVE-2023-42696,0.00042,0.05722
CVE-2023-42697,0.00042,0.05722
CVE-2023-42698,0.00042,0.05722
CVE-2023-42699,0.00042,0.05722
CVE-2023-4270,0.00046,0.13740
CVE-2023-42700,0.00042,0.05722
CVE-2023-42701,0.00042,0.05722
CVE-2023-42702,0.00042,0.05722
CVE-2023-42703,0.00042,0.05722
CVE-2023-42704,0.00042,0.05722
CVE-2023-42705,0.00042,0.05722
CVE-2023-42706,0.00042,0.05722
CVE-2023-42707,0.00042,0.05722
CVE-2023-42708,0.00042,0.05722
CVE-2023-42709,0.00042,0.05722
CVE-2023-4271,0.00051,0.17507
CVE-2023-42710,0.00042,0.05722
CVE-2023-42711,0.00042,0.05722
CVE-2023-42712,0.00042,0.05722
CVE-2023-42713,0.00042,0.05722
CVE-2023-42714,0.00042,0.05722
CVE-2023-42715,0.00042,0.05722
CVE-2023-42716,0.00088,0.37067
CVE-2023-42717,0.00088,0.37067
CVE-2023-42718,0.00042,0.05722
CVE-2023-42719,0.00042,0.05722
CVE-2023-4272,0.00051,0.17175
CVE-2023-42720,0.00042,0.05722
CVE-2023-42721,0.00042,0.05722
CVE-2023-42722,0.00042,0.05722
CVE-2023-42723,0.00042,0.05722
CVE-2023-42724,0.00042,0.05722
CVE-2023-42725,0.00042,0.05722
CVE-2023-42726,0.00042,0.05722
CVE-2023-42727,0.00042,0.05722
CVE-2023-42728,0.00042,0.05722
CVE-2023-42729,0.00042,0.05722
CVE-2023-4273,0.00042,0.05722
CVE-2023-42730,0.00042,0.05722
CVE-2023-42731,0.00042,0.05722
CVE-2023-42732,0.00042,0.05722
CVE-2023-42733,0.00042,0.05722
CVE-2023-42734,0.00042,0.05722
CVE-2023-42735,0.00042,0.05722
CVE-2023-42736,0.00042,0.05722
CVE-2023-42737,0.00042,0.05722
CVE-2023-42738,0.00042,0.05722
CVE-2023-42739,0.00042,0.05722
CVE-2023-4274,0.00047,0.13988
CVE-2023-42740,0.00042,0.05722
CVE-2023-42741,0.00042,0.05722
CVE-2023-42742,0.00042,0.05722
CVE-2023-42743,0.00042,0.05722
CVE-2023-42744,0.00042,0.05722
CVE-2023-42745,0.00042,0.05722
CVE-2023-42746,0.00042,0.05722
CVE-2023-42747,0.00042,0.05722
CVE-2023-42748,0.00042,0.05722
CVE-2023-42749,0.00042,0.05722
CVE-2023-42750,0.00042,0.05722
CVE-2023-42751,0.00042,0.05722
CVE-2023-42752,0.00042,0.05722
CVE-2023-42753,0.00044,0.08000
CVE-2023-42754,0.00042,0.05722
CVE-2023-42755,0.00042,0.05722
CVE-2023-42756,0.00042,0.05722
CVE-2023-4276,0.00102,0.41513
CVE-2023-42766,0.00043,0.06775
CVE-2023-42768,0.00050,0.16285
CVE-2023-42769,0.00148,0.50813
CVE-2023-4277,0.00057,0.21528
CVE-2023-42770,0.00091,0.38380
CVE-2023-42771,0.00055,0.20570
CVE-2023-42774,0.00042,0.05722
CVE-2023-4278,0.10066,0.94405
CVE-2023-42780,0.00045,0.12358
CVE-2023-42781,0.00058,0.22708
CVE-2023-42782,0.00073,0.30201
CVE-2023-42783,0.00064,0.26275
CVE-2023-42787,0.00090,0.37807
CVE-2023-42788,0.00045,0.12226
CVE-2023-4279,0.00048,0.14563
CVE-2023-42792,0.00101,0.41059
CVE-2023-42793,0.97326,0.99868
CVE-2023-42794,0.00045,0.12327
CVE-2023-42795,0.00974,0.81787
CVE-2023-42796,0.00082,0.34232
CVE-2023-42797,0.00088,0.37000
CVE-2023-42798,0.00047,0.13955
CVE-2023-42799,0.00368,0.69778
CVE-2023-4280,0.00089,0.37678
CVE-2023-42800,0.00391,0.70680
CVE-2023-42801,0.00052,0.17532
CVE-2023-42802,0.00089,0.37678
CVE-2023-42803,0.00050,0.16285
CVE-2023-42804,0.00047,0.14215
CVE-2023-42805,0.00110,0.43939
CVE-2023-42806,0.00099,0.40714
CVE-2023-42807,0.00076,0.31600
CVE-2023-42808,0.00052,0.17989
CVE-2023-42809,0.00073,0.30259
CVE-2023-4281,0.00046,0.13740
CVE-2023-42810,0.00099,0.40780
CVE-2023-42811,0.00045,0.12069
CVE-2023-42812,0.00045,0.11801
CVE-2023-42813,0.00055,0.20401
CVE-2023-42814,0.00055,0.20401
CVE-2023-42815,0.00055,0.20401
CVE-2023-42816,0.00055,0.20401
CVE-2023-42817,0.00044,0.10372
CVE-2023-42818,0.00106,0.42831
CVE-2023-42819,0.00053,0.19049
CVE-2023-4282,0.00051,0.17164
CVE-2023-42820,0.00048,0.14231
CVE-2023-42821,0.00051,0.17403
CVE-2023-42822,0.00059,0.22934
CVE-2023-42824,0.00062,0.24611
CVE-2023-42826,0.00074,0.30594
CVE-2023-42828,0.00053,0.19001
CVE-2023-42829,0.00052,0.18141
CVE-2023-4283,0.00051,0.17507
CVE-2023-42830,0.00044,0.10345
CVE-2023-42831,0.00052,0.18141
CVE-2023-42832,0.00050,0.16759
CVE-2023-42833,0.00085,0.35235
CVE-2023-4284,0.00046,0.13740
CVE-2023-42841,0.00053,0.18855
CVE-2023-42842,0.00052,0.18141
CVE-2023-42844,0.00085,0.35311
CVE-2023-42845,0.00061,0.23999
CVE-2023-42846,0.00110,0.44078
CVE-2023-42847,0.00070,0.28879
CVE-2023-42849,0.00135,0.48821
CVE-2023-42850,0.00052,0.18141
CVE-2023-42852,0.00147,0.50620
CVE-2023-42854,0.00049,0.15821
CVE-2023-42856,0.00060,0.23588
CVE-2023-42857,0.00049,0.15120
CVE-2023-42861,0.00072,0.29681
CVE-2023-42862,0.00060,0.23760
CVE-2023-42865,0.00060,0.23760
CVE-2023-42866,0.00085,0.35472
CVE-2023-42869,0.00046,0.13740
CVE-2023-42870,0.00055,0.20747
CVE-2023-42871,0.00055,0.20747
CVE-2023-42872,0.00052,0.18120
CVE-2023-42874,0.00044,0.10345
CVE-2023-42876,0.00052,0.18120
CVE-2023-42881,0.00055,0.20747
CVE-2023-42882,0.00055,0.20551
CVE-2023-42883,0.00063,0.25102
CVE-2023-42884,0.00059,0.23167
CVE-2023-42886,0.00042,0.05722
CVE-2023-42887,0.00052,0.18141
CVE-2023-42888,0.00080,0.33428
CVE-2023-4289,0.00045,0.11801
CVE-2023-42890,0.00190,0.56657
CVE-2023-42891,0.00055,0.20503
CVE-2023-42894,0.00055,0.20503
CVE-2023-42897,0.00052,0.18120
CVE-2023-42898,0.00057,0.21371
CVE-2023-42899,0.00058,0.22705
CVE-2023-4290,0.00046,0.13740
CVE-2023-42900,0.00052,0.18120
CVE-2023-42901,0.00055,0.20747
CVE-2023-42902,0.00055,0.20747
CVE-2023-42903,0.00055,0.20747
CVE-2023-42904,0.00055,0.20747
CVE-2023-42905,0.00055,0.20747
CVE-2023-42906,0.00055,0.20747
CVE-2023-42907,0.00055,0.20747
CVE-2023-42908,0.00055,0.20747
CVE-2023-42909,0.00055,0.20747
CVE-2023-4291,0.00591,0.76059
CVE-2023-42910,0.00134,0.48641
CVE-2023-42911,0.00055,0.20747
CVE-2023-42912,0.00055,0.20747
CVE-2023-42914,0.00062,0.24501
CVE-2023-42915,0.00056,0.21213
CVE-2023-42916,0.00112,0.44290
CVE-2023-42917,0.00144,0.50191
CVE-2023-42919,0.00060,0.23542
CVE-2023-4292,0.00046,0.13740
CVE-2023-42922,0.00059,0.23167
CVE-2023-42923,0.00046,0.13740
CVE-2023-42924,0.00052,0.18141
CVE-2023-42926,0.00055,0.20551
CVE-2023-42929,0.00052,0.18120
CVE-2023-4293,0.00076,0.31203
CVE-2023-42932,0.00055,0.20503
CVE-2023-42933,0.00053,0.19001
CVE-2023-42934,0.00043,0.06775
CVE-2023-42935,0.00042,0.05722
CVE-2023-42937,0.00060,0.23542
CVE-2023-4294,0.00097,0.40301
CVE-2023-42940,0.00068,0.28212
CVE-2023-42941,0.00043,0.06775
CVE-2023-4295,0.00051,0.17175
CVE-2023-4296,0.00052,0.17524
CVE-2023-4297,0.00045,0.11801
CVE-2023-4298,0.00045,0.11801
CVE-2023-4299,0.00091,0.38380
CVE-2023-4300,0.00107,0.43009
CVE-2023-4301,0.00046,0.13740
CVE-2023-43013,0.00096,0.39842
CVE-2023-43014,0.00050,0.16285
CVE-2023-43015,0.00044,0.10565
CVE-2023-43018,0.00063,0.25103
CVE-2023-4302,0.00044,0.10753
CVE-2023-43021,0.00058,0.22604
CVE-2023-4303,0.00046,0.13740
CVE-2023-4304,0.00044,0.10862
CVE-2023-43041,0.00049,0.15916
CVE-2023-43042,0.00096,0.39947
CVE-2023-43044,0.00082,0.34126
CVE-2023-43045,0.00058,0.22013
CVE-2023-43057,0.00044,0.10565
CVE-2023-43058,0.00073,0.30413
CVE-2023-43064,0.00042,0.05722
CVE-2023-43065,0.00045,0.11801
CVE-2023-43066,0.00042,0.05844
CVE-2023-43067,0.00049,0.14986
CVE-2023-43068,0.00052,0.17905
CVE-2023-43069,0.00042,0.05844
CVE-2023-4307,0.00046,0.13740
CVE-2023-43070,0.00056,0.21111
CVE-2023-43071,0.00048,0.14756
CVE-2023-43072,0.00044,0.08105
CVE-2023-43073,0.00087,0.35974
CVE-2023-43074,0.00080,0.33458
CVE-2023-43076,0.00065,0.26805
CVE-2023-43079,0.00042,0.05722
CVE-2023-4308,0.00047,0.14034
CVE-2023-43081,0.00042,0.05722
CVE-2023-43082,0.00058,0.21961
CVE-2023-43086,0.00043,0.06775
CVE-2023-43087,0.00068,0.28071
CVE-2023-43088,0.00055,0.20747
CVE-2023-43089,0.00043,0.06775
CVE-2023-4309,0.00061,0.23811
CVE-2023-43090,0.00042,0.05722
CVE-2023-4310,0.00120,0.46083
CVE-2023-43102,0.00046,0.13740
CVE-2023-43103,0.00046,0.13740
CVE-2023-4311,0.00050,0.16285
CVE-2023-43114,0.00044,0.10345
CVE-2023-43115,0.00316,0.67364
CVE-2023-43116,0.00043,0.06775
CVE-2023-43118,0.00058,0.21913
CVE-2023-43119,0.00091,0.38380
CVE-2023-43120,0.00050,0.16285
CVE-2023-43121,0.00090,0.37805
CVE-2023-43122,0.00052,0.18120
CVE-2023-43123,0.00042,0.05722
CVE-2023-43124,0.00052,0.18120
CVE-2023-43125,0.00087,0.36261
CVE-2023-43128,0.00090,0.37807
CVE-2023-43129,0.00097,0.40089
CVE-2023-43130,0.00097,0.40089
CVE-2023-43131,0.00541,0.74936
CVE-2023-43132,0.00069,0.28595
CVE-2023-43134,0.00106,0.42831
CVE-2023-43135,0.00234,0.61528
CVE-2023-43137,0.00166,0.53358
CVE-2023-43138,0.00166,0.53358
CVE-2023-43139,0.00237,0.61839
CVE-2023-4314,0.00107,0.43009
CVE-2023-43141,0.00228,0.61049
CVE-2023-43144,0.00076,0.31600
CVE-2023-43147,0.00058,0.21913
CVE-2023-43148,0.00069,0.28713
CVE-2023-43149,0.00081,0.33582
CVE-2023-4315,0.00052,0.17889
CVE-2023-43154,0.00091,0.38380
CVE-2023-4316,0.00046,0.13740
CVE-2023-4317,0.00045,0.11801
CVE-2023-43176,0.00130,0.47852
CVE-2023-43177,0.01928,0.87425
CVE-2023-4318,0.00046,0.13740
CVE-2023-43187,0.00326,0.67877
CVE-2023-43191,0.00045,0.11801
CVE-2023-43192,0.00051,0.17094
CVE-2023-43193,0.00046,0.13740
CVE-2023-43194,0.00046,0.13740
CVE-2023-43196,0.00082,0.34087
CVE-2023-43197,0.00082,0.34087
CVE-2023-43198,0.00082,0.34087
CVE-2023-43199,0.00082,0.34087
CVE-2023-4320,0.00048,0.14563
CVE-2023-43200,0.00082,0.34087
CVE-2023-43201,0.00082,0.34087
CVE-2023-43202,0.00090,0.37998
CVE-2023-43203,0.00082,0.34087
CVE-2023-43204,0.00090,0.37998
CVE-2023-43206,0.00090,0.37998
CVE-2023-43207,0.00090,0.37998
CVE-2023-43208,0.00252,0.63178
CVE-2023-4321,0.00046,0.13740
CVE-2023-43216,0.00106,0.42831
CVE-2023-4322,0.00063,0.24985
CVE-2023-43222,0.00106,0.42831
CVE-2023-43226,0.00055,0.20554
CVE-2023-4323,0.00091,0.38380
CVE-2023-43232,0.00053,0.18547
CVE-2023-43233,0.00046,0.13740
CVE-2023-43234,0.00183,0.55701
CVE-2023-43235,0.00082,0.34087
CVE-2023-43236,0.00082,0.34087
CVE-2023-43237,0.00082,0.34087
CVE-2023-43238,0.00082,0.34087
CVE-2023-43239,0.00082,0.34087
CVE-2023-4324,0.00091,0.38380
CVE-2023-43240,0.00082,0.34087
CVE-2023-43241,0.00082,0.34087
CVE-2023-43242,0.00082,0.34087
CVE-2023-4325,0.00091,0.38380
CVE-2023-43250,0.00062,0.24395
CVE-2023-43251,0.00062,0.24395
CVE-2023-43252,0.00060,0.23520
CVE-2023-43256,0.00064,0.26400
CVE-2023-4326,0.00087,0.36261
CVE-2023-43260,0.00046,0.13740
CVE-2023-43261,0.00476,0.73223
CVE-2023-43263,0.00050,0.16906
CVE-2023-43267,0.00045,0.11801
CVE-2023-43268,0.00064,0.26303
CVE-2023-43269,0.00091,0.38380
CVE-2023-4327,0.00042,0.05722
CVE-2023-43270,0.00191,0.56689
CVE-2023-43271,0.00088,0.36685
CVE-2023-43274,0.00073,0.30355
CVE-2023-43275,0.00055,0.20462
CVE-2023-43278,0.00055,0.20387
CVE-2023-4328,0.00042,0.05722
CVE-2023-43281,0.00154,0.51725
CVE-2023-43284,0.00148,0.50794
CVE-2023-4329,0.00091,0.38380
CVE-2023-43291,0.00127,0.47370
CVE-2023-43295,0.00044,0.07751
CVE-2023-43297,0.00045,0.11801
CVE-2023-43298,0.00046,0.13740
CVE-2023-43299,0.00046,0.13740
CVE-2023-43300,0.00087,0.36261
CVE-2023-43301,0.00084,0.34921
CVE-2023-43302,0.00084,0.34921
CVE-2023-43303,0.00087,0.36261
CVE-2023-43304,0.00084,0.34921
CVE-2023-43305,0.00084,0.34921
CVE-2023-43309,0.00049,0.15137
CVE-2023-4331,0.00087,0.36261
CVE-2023-43314,0.00046,0.13740
CVE-2023-43317,0.00116,0.45294
CVE-2023-43319,0.00046,0.13740
CVE-2023-4332,0.00087,0.36261
CVE-2023-43320,0.00082,0.33955
CVE-2023-43321,0.00055,0.20491
CVE-2023-43322,0.00048,0.14225
CVE-2023-43323,0.00046,0.13740
CVE-2023-43325,0.41721,0.96984
CVE-2023-43326,0.00643,0.77111
CVE-2023-4333,0.00043,0.06775
CVE-2023-43331,0.00045,0.11801
CVE-2023-43336,0.00434,0.72009
CVE-2023-43338,0.00576,0.75713
CVE-2023-43339,0.00092,0.38851
CVE-2023-4334,0.00087,0.36261
CVE-2023-43340,0.00042,0.05722
CVE-2023-43341,0.00045,0.12234
CVE-2023-43342,0.00044,0.07751
CVE-2023-43343,0.00044,0.07751
CVE-2023-43344,0.00044,0.07751
CVE-2023-43345,0.00055,0.20747
CVE-2023-43346,0.00044,0.07751
CVE-2023-4335,0.00087,0.36261
CVE-2023-43352,0.00066,0.27449
CVE-2023-43353,0.00043,0.07740
CVE-2023-43354,0.00043,0.07740
CVE-2023-43355,0.00043,0.07740
CVE-2023-43356,0.00043,0.07740
CVE-2023-43357,0.00043,0.07740
CVE-2023-43358,0.00043,0.07740
CVE-2023-43359,0.00043,0.07740
CVE-2023-4336,0.00091,0.38380
CVE-2023-43360,0.00043,0.07740
CVE-2023-43361,0.00071,0.29188
CVE-2023-43364,0.00094,0.39377
CVE-2023-4337,0.00091,0.38380
CVE-2023-43371,0.00076,0.31600
CVE-2023-43373,0.00076,0.31600
CVE-2023-43374,0.00076,0.31600
CVE-2023-43375,0.00076,0.31600
CVE-2023-43376,0.00045,0.11801
CVE-2023-43377,0.00045,0.11801
CVE-2023-4338,0.00091,0.38380
CVE-2023-43381,0.00063,0.25041
CVE-2023-43382,0.00137,0.49207
CVE-2023-4339,0.00087,0.36261
CVE-2023-4340,0.00091,0.38380
CVE-2023-4341,0.00091,0.38380
CVE-2023-4342,0.00091,0.38380
CVE-2023-4343,0.00087,0.36261
CVE-2023-4344,0.00091,0.38380
CVE-2023-43449,0.00054,0.19314
CVE-2023-4345,0.00049,0.14986
CVE-2023-43453,0.00223,0.60703
CVE-2023-43454,0.00223,0.60703
CVE-2023-43455,0.00223,0.60703
CVE-2023-43456,0.00099,0.40678
CVE-2023-43457,0.00119,0.45962
CVE-2023-43458,0.00061,0.23994
CVE-2023-4346,0.00046,0.13740
CVE-2023-43468,0.00165,0.53196
CVE-2023-43469,0.00167,0.53495
CVE-2023-4347,0.00045,0.11801
CVE-2023-43470,0.00165,0.53196
CVE-2023-43472,0.00116,0.45349
CVE-2023-43477,0.00048,0.14225
CVE-2023-43478,0.00281,0.65238
CVE-2023-43481,0.00318,0.67489
CVE-2023-43484,0.00063,0.25005
CVE-2023-43485,0.00043,0.06775
CVE-2023-43488,0.00043,0.06775
CVE-2023-4349,0.00127,0.47337
CVE-2023-43492,0.00085,0.35325
CVE-2023-43493,0.00049,0.14986
CVE-2023-43494,0.00044,0.10753
CVE-2023-43495,0.00090,0.37843
CVE-2023-43496,0.00055,0.20491
CVE-2023-43497,0.00050,0.16404
CVE-2023-43498,0.00050,0.16404
CVE-2023-43499,0.00090,0.37843
CVE-2023-4350,0.00109,0.43518
CVE-2023-43500,0.00058,0.21913
CVE-2023-43501,0.00046,0.12546
CVE-2023-43502,0.00046,0.13740
CVE-2023-43503,0.00074,0.30545
CVE-2023-43504,0.00114,0.44919
CVE-2023-43505,0.00048,0.14310
CVE-2023-43506,0.00042,0.05722
CVE-2023-43507,0.00056,0.21006
CVE-2023-43508,0.00046,0.12619
CVE-2023-43509,0.00065,0.27010
CVE-2023-4351,0.00107,0.43036
CVE-2023-43510,0.00046,0.12562
CVE-2023-43511,0.00044,0.10188
CVE-2023-43512,0.00044,0.10188
CVE-2023-43514,0.00043,0.06775
CVE-2023-4352,0.00187,0.56224
CVE-2023-4353,0.00157,0.52166
CVE-2023-4354,0.00213,0.59402
CVE-2023-4355,0.00187,0.56224
CVE-2023-4356,0.00127,0.47337
CVE-2023-43566,0.00045,0.11801
CVE-2023-43567,0.00042,0.05722
CVE-2023-43568,0.00042,0.05722
CVE-2023-43569,0.00042,0.05722
CVE-2023-4357,0.00128,0.47465
CVE-2023-43570,0.00042,0.05722
CVE-2023-43571,0.00042,0.05722
CVE-2023-43572,0.00042,0.05722
CVE-2023-43573,0.00042,0.05722
CVE-2023-43574,0.00042,0.05722
CVE-2023-43575,0.00042,0.05722
CVE-2023-43576,0.00042,0.05722
CVE-2023-43577,0.00042,0.05722
CVE-2023-43578,0.00042,0.05722
CVE-2023-43579,0.00042,0.05722
CVE-2023-4358,0.00127,0.47337
CVE-2023-43580,0.00042,0.05722
CVE-2023-43581,0.00042,0.05722
CVE-2023-43582,0.00050,0.16285
CVE-2023-43583,0.00049,0.14986
CVE-2023-43585,0.00049,0.14986
CVE-2023-43586,0.00049,0.15925
CVE-2023-43588,0.00049,0.14986
CVE-2023-4359,0.00107,0.43261
CVE-2023-43590,0.00043,0.06775
CVE-2023-43591,0.00043,0.06775
CVE-2023-4360,0.00108,0.43324
CVE-2023-43608,0.00100,0.40809
CVE-2023-4361,0.00108,0.43475
CVE-2023-43610,0.00050,0.16285
CVE-2023-43611,0.00043,0.06775
CVE-2023-43612,0.00042,0.05722
CVE-2023-43614,0.00063,0.25005
CVE-2023-43615,0.00068,0.28012
CVE-2023-43616,0.00050,0.16028
CVE-2023-43617,0.00052,0.17989
CVE-2023-43618,0.00052,0.17989
CVE-2023-43619,0.00050,0.16759
CVE-2023-4362,0.00132,0.48085
CVE-2023-43620,0.00050,0.16759
CVE-2023-43621,0.00042,0.05722
CVE-2023-43622,0.00063,0.25682
CVE-2023-43623,0.00077,0.31741
CVE-2023-43624,0.00052,0.18120
CVE-2023-43625,0.00248,0.62808
CVE-2023-43627,0.00044,0.08212
CVE-2023-43628,0.00044,0.10714
CVE-2023-4363,0.00083,0.34363
CVE-2023-43630,0.00043,0.06775
CVE-2023-43631,0.00043,0.06775
CVE-2023-43632,0.00050,0.16285
CVE-2023-43633,0.00043,0.06775
CVE-2023-43634,0.00043,0.06775
CVE-2023-43635,0.00043,0.06775
CVE-2023-43636,0.00043,0.06775
CVE-2023-43637,0.00043,0.06775
CVE-2023-4364,0.00108,0.43324
CVE-2023-43640,0.00049,0.14986
CVE-2023-43641,0.00136,0.48982
CVE-2023-43642,0.00046,0.13740
CVE-2023-43643,0.00044,0.10188
CVE-2023-43644,0.00091,0.38380
CVE-2023-43645,0.00046,0.13740
CVE-2023-43646,0.00044,0.10188
CVE-2023-43647,0.00053,0.18547
CVE-2023-43648,0.00066,0.27434
CVE-2023-43649,0.00059,0.22960
CVE-2023-4365,0.00108,0.43324
CVE-2023-43650,0.00088,0.36685
CVE-2023-43651,0.00070,0.29123
CVE-2023-43652,0.00370,0.69832
CVE-2023-43654,0.00112,0.44462
CVE-2023-43655,0.00366,0.69669
CVE-2023-43656,0.00091,0.38380
CVE-2023-43657,0.00052,0.17989
CVE-2023-43658,0.00052,0.17989
CVE-2023-43659,0.00045,0.11801
CVE-2023-4366,0.00054,0.19434
CVE-2023-43660,0.00091,0.38380
CVE-2023-43661,0.00049,0.15052
CVE-2023-43662,0.00179,0.55222
CVE-2023-43663,0.00045,0.11801
CVE-2023-43664,0.00045,0.11801
CVE-2023-43665,0.00064,0.26297
CVE-2023-43666,0.00065,0.26771
CVE-2023-43667,0.00088,0.37137
CVE-2023-43668,0.01295,0.84441
CVE-2023-43669,0.00381,0.70260
CVE-2023-4367,0.00052,0.18123
CVE-2023-4368,0.00054,0.19434
CVE-2023-4369,0.00061,0.24201
CVE-2023-43696,0.00097,0.40160
CVE-2023-43697,0.00092,0.38713
CVE-2023-43698,0.00077,0.31706
CVE-2023-43699,0.00096,0.39785
CVE-2023-43700,0.00092,0.38762
CVE-2023-43701,0.00254,0.63287
CVE-2023-43702,0.00049,0.15110
CVE-2023-43703,0.00049,0.15110
CVE-2023-43704,0.00049,0.15110
CVE-2023-43705,0.00049,0.15110
CVE-2023-43706,0.00049,0.15110
CVE-2023-43707,0.00049,0.15110
CVE-2023-43708,0.00049,0.15110
CVE-2023-43709,0.00049,0.15110
CVE-2023-4371,0.00046,0.13740
CVE-2023-43710,0.00049,0.15110
CVE-2023-43711,0.00049,0.15110
CVE-2023-43712,0.00049,0.15110
CVE-2023-43713,0.00049,0.15110
CVE-2023-43714,0.00049,0.15110
CVE-2023-43715,0.00049,0.15110
CVE-2023-43716,0.00049,0.15110
CVE-2023-43717,0.00049,0.15110
CVE-2023-43718,0.00049,0.15110
CVE-2023-43719,0.00049,0.15110
CVE-2023-4372,0.00051,0.17450
CVE-2023-43720,0.00049,0.15110
CVE-2023-43721,0.00049,0.15110
CVE-2023-43722,0.00049,0.15110
CVE-2023-43723,0.00049,0.15110
CVE-2023-43724,0.00049,0.15110
CVE-2023-43725,0.00049,0.15110
CVE-2023-43726,0.00049,0.15110
CVE-2023-43727,0.00049,0.15110
CVE-2023-43728,0.00049,0.15110
CVE-2023-43729,0.00049,0.15110
CVE-2023-4373,0.00134,0.48641
CVE-2023-43730,0.00049,0.15110
CVE-2023-43731,0.00049,0.15110
CVE-2023-43732,0.00049,0.15110
CVE-2023-43733,0.00049,0.15110
CVE-2023-43734,0.00049,0.15110
CVE-2023-43735,0.00049,0.15110
CVE-2023-43739,0.00106,0.42831
CVE-2023-4374,0.00089,0.37429
CVE-2023-43740,0.00091,0.38068
CVE-2023-43741,0.00043,0.06775
CVE-2023-43742,0.00102,0.41513
CVE-2023-43743,0.00050,0.16285
CVE-2023-43744,0.00055,0.20596
CVE-2023-43746,0.00050,0.16404
CVE-2023-43752,0.00043,0.07443
CVE-2023-43754,0.00045,0.11801
CVE-2023-43755,0.00193,0.57275
CVE-2023-43757,0.00053,0.18665
CVE-2023-4376,0.00045,0.11801
CVE-2023-43760,0.00046,0.13740
CVE-2023-43761,0.00046,0.13740
CVE-2023-43762,0.00411,0.71316
CVE-2023-43763,0.00046,0.13740
CVE-2023-43765,0.00046,0.13740
CVE-2023-43766,0.00042,0.05722
CVE-2023-43767,0.00046,0.13740
CVE-2023-43770,0.00765,0.79286
CVE-2023-43771,0.00042,0.05722
CVE-2023-43775,0.00046,0.13740
CVE-2023-43776,0.00053,0.19001
CVE-2023-43777,0.00049,0.14986
CVE-2023-4378,0.00045,0.11801
CVE-2023-43782,0.00042,0.05722
CVE-2023-43783,0.00075,0.31092
CVE-2023-43784,0.00089,0.37303
CVE-2023-43785,0.00042,0.05722
CVE-2023-43786,0.00042,0.05722
CVE-2023-43787,0.00042,0.05722
CVE-2023-43788,0.00042,0.05722
CVE-2023-43789,0.00042,0.05722
CVE-2023-4379,0.00048,0.14563
CVE-2023-43791,0.00052,0.17781
CVE-2023-43792,0.00093,0.39148
CVE-2023-43793,0.00065,0.26948
CVE-2023-43794,0.00054,0.19149
CVE-2023-43795,0.10955,0.94628
CVE-2023-43796,0.00108,0.43422
CVE-2023-43797,0.00053,0.18547
CVE-2023-43798,0.00069,0.28531
CVE-2023-43799,0.00053,0.19001
CVE-2023-4380,0.00053,0.18483
CVE-2023-43800,0.00060,0.23520
CVE-2023-43801,0.00060,0.23520
CVE-2023-43802,0.00060,0.23520
CVE-2023-43803,0.00060,0.23520
CVE-2023-43804,0.00102,0.41498
CVE-2023-43805,0.00065,0.26948
CVE-2023-43809,0.00172,0.54304
CVE-2023-4381,0.00045,0.11801
CVE-2023-43810,0.00053,0.18664
CVE-2023-43813,0.00060,0.23697
CVE-2023-43814,0.00046,0.13740
CVE-2023-43815,0.00127,0.47310
CVE-2023-43816,0.00127,0.47310
CVE-2023-43817,0.00127,0.47310
CVE-2023-43818,0.00076,0.31439
CVE-2023-43819,0.00085,0.35214
CVE-2023-4382,0.00056,0.21149
CVE-2023-43820,0.00085,0.35214
CVE-2023-43821,0.00085,0.35214
CVE-2023-43822,0.00085,0.35214
CVE-2023-43823,0.00085,0.35214
CVE-2023-43824,0.00085,0.35214
CVE-2023-43825,0.00055,0.20320
CVE-2023-43826,0.00182,0.55575
CVE-2023-43828,0.00045,0.11801
CVE-2023-4383,0.00042,0.05722
CVE-2023-43830,0.00045,0.11801
CVE-2023-43835,0.00295,0.66163
CVE-2023-43836,0.00049,0.14986
CVE-2023-43838,0.00071,0.29188
CVE-2023-4384,0.00070,0.28884
CVE-2023-4385,0.00042,0.05722
CVE-2023-43856,0.00060,0.23760
CVE-2023-43857,0.00045,0.11801
CVE-2023-4386,0.00134,0.48521
CVE-2023-43860,0.00046,0.12724
CVE-2023-43861,0.00046,0.12724
CVE-2023-43862,0.00046,0.12724
CVE-2023-43863,0.00046,0.12724
CVE-2023-43864,0.00046,0.12724
CVE-2023-43865,0.00046,0.12724
CVE-2023-43866,0.00046,0.12724
CVE-2023-43867,0.00046,0.12724
CVE-2023-43868,0.00046,0.12724
CVE-2023-43869,0.00082,0.34087
CVE-2023-4387,0.00042,0.05722
CVE-2023-43870,0.00061,0.24201
CVE-2023-43871,0.00044,0.10353
CVE-2023-43872,0.00044,0.10168
CVE-2023-43873,0.00044,0.07751
CVE-2023-43874,0.00044,0.07751
CVE-2023-43875,0.00046,0.12547
CVE-2023-43876,0.00045,0.11801
CVE-2023-43877,0.00049,0.15110
CVE-2023-43878,0.00049,0.15110
CVE-2023-43879,0.00049,0.15110
CVE-2023-4388,0.00045,0.11801
CVE-2023-43884,0.00045,0.11801
CVE-2023-43885,0.00045,0.12221
CVE-2023-43886,0.00044,0.08113
CVE-2023-43887,0.00061,0.23858
CVE-2023-4389,0.00042,0.05722
CVE-2023-43890,0.00071,0.29283
CVE-2023-43891,0.00181,0.55379
CVE-2023-43892,0.00097,0.40089
CVE-2023-43893,0.00097,0.40089
CVE-2023-43896,0.00052,0.17539
CVE-2023-43898,0.00044,0.08085
CVE-2023-43899,0.00076,0.31600
CVE-2023-4390,0.00045,0.11801
CVE-2023-43900,0.00049,0.14986
CVE-2023-43901,0.00107,0.43251
CVE-2023-43902,0.00318,0.67470
CVE-2023-43905,0.00087,0.36261
CVE-2023-43906,0.00046,0.13740
CVE-2023-43907,0.00053,0.18859
CVE-2023-43909,0.00076,0.31600
CVE-2023-4392,0.00063,0.25738
CVE-2023-4393,0.00046,0.13740
CVE-2023-4394,0.00042,0.05722
CVE-2023-43944,0.00049,0.15110
CVE-2023-4395,0.00045,0.11801
CVE-2023-43951,0.00045,0.11801
CVE-2023-43952,0.00045,0.11801
CVE-2023-43953,0.00045,0.11801
CVE-2023-43955,0.00261,0.63915
CVE-2023-43959,0.00665,0.77594
CVE-2023-43960,0.00242,0.62317
CVE-2023-43961,0.00050,0.16285
CVE-2023-4397,0.00042,0.05722
CVE-2023-43976,0.00106,0.42831
CVE-2023-43979,0.00076,0.31600
CVE-2023-4398,0.00052,0.17889
CVE-2023-43980,0.00076,0.31600
CVE-2023-43981,0.00072,0.29664
CVE-2023-43982,0.00091,0.38380
CVE-2023-43983,0.00076,0.31600
CVE-2023-43984,0.00119,0.45852
CVE-2023-43985,0.00076,0.31600
CVE-2023-43986,0.00076,0.31600
CVE-2023-43988,0.00045,0.11801
CVE-2023-43989,0.00045,0.11801
CVE-2023-4399,0.00050,0.16285
CVE-2023-43990,0.00045,0.11801
CVE-2023-43991,0.00045,0.11801
CVE-2023-43992,0.00045,0.11801
CVE-2023-43993,0.00045,0.11801
CVE-2023-43994,0.00045,0.11801
CVE-2023-43995,0.00045,0.11801
CVE-2023-43996,0.00045,0.11801
CVE-2023-43997,0.00045,0.11801
CVE-2023-43998,0.00045,0.11801
CVE-2023-43999,0.00045,0.11801
CVE-2023-4400,0.00049,0.14986
CVE-2023-44000,0.00045,0.11801
CVE-2023-44001,0.00045,0.11801
CVE-2023-44008,0.00303,0.66602
CVE-2023-44009,0.00255,0.63491
CVE-2023-4401,0.00075,0.31114
CVE-2023-44011,0.00270,0.64555
CVE-2023-44012,0.00090,0.37885
CVE-2023-44013,0.00089,0.37322
CVE-2023-44014,0.00089,0.37322
CVE-2023-44015,0.00089,0.37322
CVE-2023-44016,0.00089,0.37322
CVE-2023-44017,0.00089,0.37322
CVE-2023-44018,0.00089,0.37322
CVE-2023-44019,0.00089,0.37322
CVE-2023-4402,0.00110,0.43934
CVE-2023-44020,0.00089,0.37322
CVE-2023-44021,0.00089,0.37322
CVE-2023-44022,0.00089,0.37322
CVE-2023-44023,0.00089,0.37322
CVE-2023-44024,0.00091,0.38180
CVE-2023-44025,0.00091,0.38180
CVE-2023-44037,0.00098,0.40486
CVE-2023-4404,0.00102,0.41513
CVE-2023-44042,0.00045,0.11801
CVE-2023-44043,0.00046,0.13740
CVE-2023-44044,0.00050,0.16285
CVE-2023-44047,0.00055,0.20413
CVE-2023-44048,0.00045,0.11801
CVE-2023-4406,0.00046,0.13740
CVE-2023-44061,0.00116,0.45272
CVE-2023-4407,0.00090,0.38048
CVE-2023-44075,0.00052,0.17688
CVE-2023-44077,0.00091,0.38380
CVE-2023-44080,0.00282,0.65343
CVE-2023-44081,0.00050,0.16056
CVE-2023-44082,0.00050,0.16056
CVE-2023-44083,0.00050,0.16056
CVE-2023-44084,0.00050,0.16452
CVE-2023-44085,0.00050,0.16452
CVE-2023-44086,0.00050,0.16452
CVE-2023-44087,0.00050,0.16452
CVE-2023-44088,0.00050,0.16285
CVE-2023-44089,0.00046,0.13740
CVE-2023-4409,0.00061,0.24091
CVE-2023-44093,0.00087,0.36261
CVE-2023-44094,0.00046,0.13740
CVE-2023-44095,0.00046,0.13740
CVE-2023-44096,0.00087,0.36261
CVE-2023-44097,0.00087,0.36261
CVE-2023-44098,0.00059,0.22950
CVE-2023-44099,0.00046,0.13740
CVE-2023-4410,0.00081,0.33719
CVE-2023-44100,0.00087,0.36261
CVE-2023-44101,0.00089,0.37303
CVE-2023-44102,0.00046,0.13740
CVE-2023-44103,0.00088,0.37049
CVE-2023-44104,0.00087,0.36261
CVE-2023-44105,0.00091,0.38380
CVE-2023-44106,0.00091,0.38380
CVE-2023-44107,0.00048,0.14563
CVE-2023-44108,0.00046,0.13740
CVE-2023-44109,0.00087,0.36261
CVE-2023-4411,0.00240,0.62122
CVE-2023-44110,0.00044,0.10345
CVE-2023-44111,0.00087,0.36261
CVE-2023-44112,0.00087,0.36261
CVE-2023-44113,0.00087,0.36261
CVE-2023-44114,0.00087,0.36261
CVE-2023-44115,0.00087,0.36261
CVE-2023-44116,0.00091,0.38380
CVE-2023-44117,0.00087,0.36261
CVE-2023-44118,0.00087,0.36261
CVE-2023-44119,0.00046,0.13740
CVE-2023-4412,0.00081,0.33719
CVE-2023-44120,0.00042,0.05722
CVE-2023-44121,0.00044,0.10345
CVE-2023-44122,0.00047,0.14003
CVE-2023-44123,0.00046,0.13766
CVE-2023-44124,0.00044,0.10345
CVE-2023-44125,0.00046,0.13766
CVE-2023-44126,0.00045,0.12334
CVE-2023-44127,0.00045,0.12334
CVE-2023-44128,0.00053,0.18551
CVE-2023-44129,0.00044,0.10345
CVE-2023-4414,0.00065,0.26877
CVE-2023-44141,0.00052,0.18022
CVE-2023-44143,0.00045,0.11801
CVE-2023-44144,0.00046,0.13740
CVE-2023-44145,0.00045,0.11801
CVE-2023-44146,0.00058,0.21913
CVE-2023-4415,0.00304,0.66649
CVE-2023-44150,0.00087,0.36261
CVE-2023-44152,0.00091,0.38380
CVE-2023-44153,0.00087,0.36261
CVE-2023-44154,0.00050,0.16404
CVE-2023-44155,0.00087,0.36261
CVE-2023-44156,0.00087,0.36261
CVE-2023-44157,0.00042,0.05722
CVE-2023-44158,0.00087,0.36261
CVE-2023-44159,0.00087,0.36261
CVE-2023-44160,0.00048,0.14563
CVE-2023-44161,0.00048,0.14563
CVE-2023-44163,0.00106,0.42831
CVE-2023-44164,0.00106,0.42831
CVE-2023-44166,0.00106,0.42831
CVE-2023-44169,0.00106,0.42831
CVE-2023-4417,0.00049,0.14986
CVE-2023-44170,0.00106,0.42831
CVE-2023-44171,0.00106,0.42831
CVE-2023-44172,0.00106,0.42831
CVE-2023-44173,0.00045,0.11801
CVE-2023-44174,0.00045,0.11801
CVE-2023-44175,0.00046,0.13740
CVE-2023-44176,0.00043,0.06775
CVE-2023-44177,0.00043,0.06775
CVE-2023-44178,0.00043,0.06775
CVE-2023-4418,0.00053,0.18664
CVE-2023-44181,0.00045,0.12348
CVE-2023-44182,0.00073,0.30271
CVE-2023-44183,0.00053,0.18573
CVE-2023-44184,0.00044,0.10862
CVE-2023-44185,0.00046,0.13740
CVE-2023-44186,0.00046,0.13740
CVE-2023-44187,0.00042,0.05722
CVE-2023-44188,0.00044,0.10862
CVE-2023-44189,0.00044,0.10345
CVE-2023-4419,0.00084,0.34810
CVE-2023-44190,0.00044,0.10345
CVE-2023-44191,0.00046,0.13740
CVE-2023-44192,0.00046,0.13740
CVE-2023-44193,0.00042,0.05722
CVE-2023-44194,0.00042,0.05722
CVE-2023-44195,0.00052,0.17889
CVE-2023-44196,0.00045,0.12108
CVE-2023-44197,0.00046,0.13740
CVE-2023-44198,0.00048,0.14563
CVE-2023-44199,0.00052,0.17889
CVE-2023-4420,0.00057,0.21375
CVE-2023-44201,0.00042,0.05722
CVE-2023-44203,0.00044,0.10345
CVE-2023-44204,0.00049,0.14855
CVE-2023-44205,0.00046,0.13740
CVE-2023-44206,0.00091,0.38380
CVE-2023-44207,0.00045,0.11801
CVE-2023-44208,0.00091,0.38380
CVE-2023-44209,0.00042,0.05722
CVE-2023-4421,0.00049,0.14986
CVE-2023-44210,0.00043,0.06775
CVE-2023-44211,0.00043,0.06775
CVE-2023-44212,0.00043,0.06775
CVE-2023-44213,0.00043,0.06775
CVE-2023-44214,0.00043,0.06775
CVE-2023-44216,0.00132,0.48183
CVE-2023-44217,0.00042,0.05722
CVE-2023-44218,0.00042,0.05722
CVE-2023-44219,0.00042,0.05722
CVE-2023-4422,0.00045,0.11801
CVE-2023-44220,0.00042,0.05722
CVE-2023-44221,0.00076,0.31385
CVE-2023-44228,0.00045,0.11801
CVE-2023-44229,0.00045,0.11801
CVE-2023-4423,0.00049,0.15840
CVE-2023-44230,0.00045,0.11801
CVE-2023-44231,0.00058,0.21913
CVE-2023-44232,0.00058,0.21913
CVE-2023-44233,0.00058,0.21913
CVE-2023-44236,0.00058,0.21913
CVE-2023-44237,0.00058,0.21913
CVE-2023-44238,0.00058,0.21913
CVE-2023-44239,0.00045,0.11801
CVE-2023-4424,0.00053,0.19001
CVE-2023-44240,0.00058,0.21913
CVE-2023-44241,0.00058,0.21913
CVE-2023-44242,0.00045,0.11801
CVE-2023-44243,0.00058,0.21913
CVE-2023-44244,0.00046,0.13740
CVE-2023-44245,0.00046,0.13740
CVE-2023-44246,0.00058,0.21913
CVE-2023-44248,0.00042,0.05722
CVE-2023-44249,0.00060,0.23660
CVE-2023-44250,0.00050,0.16285
CVE-2023-44251,0.00049,0.15925
CVE-2023-44252,0.00050,0.16285
CVE-2023-44256,0.00121,0.46234
CVE-2023-44257,0.00058,0.21913
CVE-2023-44259,0.00058,0.21913
CVE-2023-44260,0.00058,0.21913
CVE-2023-44261,0.00058,0.21913
CVE-2023-44262,0.00045,0.11801
CVE-2023-44263,0.00045,0.11801
CVE-2023-44264,0.00045,0.11801
CVE-2023-44265,0.00045,0.11801
CVE-2023-44266,0.00045,0.11801
CVE-2023-44267,0.00109,0.43556
CVE-2023-4427,0.00139,0.49476
CVE-2023-44270,0.00052,0.17638
CVE-2023-44271,0.00055,0.20401
CVE-2023-44272,0.00053,0.18592
CVE-2023-44273,0.00063,0.25553
CVE-2023-44275,0.00051,0.17093
CVE-2023-44276,0.00051,0.17093
CVE-2023-44277,0.00042,0.05844
CVE-2023-44278,0.00044,0.08212
CVE-2023-44279,0.00043,0.07443
CVE-2023-4428,0.00175,0.54749
CVE-2023-44281,0.00042,0.05722
CVE-2023-44282,0.00042,0.05722
CVE-2023-44284,0.00052,0.17558
CVE-2023-44285,0.00043,0.06775
CVE-2023-44286,0.00063,0.25005
CVE-2023-44288,0.00046,0.13740
CVE-2023-44289,0.00043,0.06775
CVE-2023-4429,0.00167,0.53430
CVE-2023-44290,0.00043,0.06775
CVE-2023-44291,0.00074,0.30692
CVE-2023-44292,0.00042,0.05722
CVE-2023-44295,0.00050,0.16404
CVE-2023-44296,0.00042,0.05722
CVE-2023-44297,0.00055,0.20747
CVE-2023-44298,0.00055,0.20747
CVE-2023-4430,0.00167,0.53430
CVE-2023-44300,0.00042,0.05722
CVE-2023-44301,0.00049,0.15110
CVE-2023-44302,0.00226,0.60913
CVE-2023-44303,0.00082,0.34004
CVE-2023-44304,0.00169,0.53883
CVE-2023-44305,0.00209,0.58905
CVE-2023-44306,0.00066,0.27474
CVE-2023-44309,0.00048,0.14756
CVE-2023-4431,0.00175,0.54728
CVE-2023-44310,0.00048,0.14756
CVE-2023-44311,0.00059,0.23047
CVE-2023-44315,0.00045,0.11801
CVE-2023-44317,0.00054,0.19315
CVE-2023-44318,0.00048,0.14310
CVE-2023-44319,0.00046,0.12619
CVE-2023-4432,0.00046,0.13740
CVE-2023-44320,0.00045,0.11801
CVE-2023-44321,0.00044,0.10862
CVE-2023-44322,0.00046,0.13740
CVE-2023-44323,0.00050,0.16458
CVE-2023-44324,0.00082,0.33956
CVE-2023-44325,0.00094,0.39330
CVE-2023-44326,0.00065,0.26888
CVE-2023-44327,0.00146,0.50531
CVE-2023-44328,0.00108,0.43347
CVE-2023-44329,0.00146,0.50531
CVE-2023-4433,0.00045,0.11801
CVE-2023-44330,0.00349,0.68925
CVE-2023-44331,0.00069,0.28750
CVE-2023-44332,0.00059,0.22810
CVE-2023-44333,0.00069,0.28750
CVE-2023-44334,0.00059,0.22810
CVE-2023-44335,0.00059,0.22810
CVE-2023-44336,0.00271,0.64616
CVE-2023-44337,0.00136,0.48893
CVE-2023-44338,0.00136,0.48893
CVE-2023-44339,0.00094,0.39330
CVE-2023-4434,0.00052,0.18120
CVE-2023-44340,0.00094,0.39330
CVE-2023-44341,0.00044,0.08105
CVE-2023-44342,0.00043,0.06775
CVE-2023-44343,0.00043,0.06775
CVE-2023-44344,0.00043,0.06775
CVE-2023-44345,0.00044,0.08105
CVE-2023-44346,0.00043,0.06775
CVE-2023-44347,0.00044,0.08105
CVE-2023-44348,0.00094,0.39330
CVE-2023-4435,0.00052,0.18120
CVE-2023-44350,0.00227,0.61001
CVE-2023-44351,0.00227,0.61001
CVE-2023-44352,0.01411,0.85125
CVE-2023-44353,0.00456,0.72684
CVE-2023-44355,0.00116,0.45295
CVE-2023-44356,0.00094,0.39330
CVE-2023-44357,0.00094,0.39330
CVE-2023-44358,0.00094,0.39330
CVE-2023-44359,0.00456,0.72696
CVE-2023-4436,0.00063,0.25553
CVE-2023-44360,0.00094,0.39330
CVE-2023-44361,0.00108,0.43347
CVE-2023-44362,0.00169,0.53939
CVE-2023-44365,0.00332,0.68238
CVE-2023-44366,0.01725,0.86575
CVE-2023-44367,0.00456,0.72696
CVE-2023-4437,0.00130,0.47773
CVE-2023-44371,0.00456,0.72696
CVE-2023-44372,0.00271,0.64616
CVE-2023-44373,0.00078,0.32747
CVE-2023-44374,0.00049,0.15055
CVE-2023-44378,0.00109,0.43532
CVE-2023-4438,0.00130,0.47773
CVE-2023-44381,0.00046,0.12619
CVE-2023-44382,0.00049,0.15052
CVE-2023-44383,0.00045,0.11801
CVE-2023-44384,0.00053,0.18547
CVE-2023-44385,0.00126,0.47128
CVE-2023-44386,0.00052,0.17989
CVE-2023-44387,0.00045,0.12069
CVE-2023-44388,0.00046,0.13740
CVE-2023-44389,0.00053,0.18547
CVE-2023-4439,0.00056,0.20802
CVE-2023-44390,0.00046,0.13740
CVE-2023-44391,0.00046,0.13740
CVE-2023-44392,0.00078,0.32762
CVE-2023-44393,0.00046,0.13740
CVE-2023-44394,0.00053,0.18547
CVE-2023-44395,0.00070,0.29092
CVE-2023-44397,0.00106,0.42831
CVE-2023-44398,0.00085,0.35235
CVE-2023-44399,0.00052,0.17989
CVE-2023-4440,0.00170,0.54134
CVE-2023-44400,0.00042,0.05722
CVE-2023-44401,0.00046,0.13740
CVE-2023-44402,0.00050,0.16759
CVE-2023-4441,0.00090,0.37725
CVE-2023-4442,0.00130,0.47773
CVE-2023-4443,0.00130,0.47773
CVE-2023-4444,0.00130,0.47773
CVE-2023-4445,0.00063,0.25553
CVE-2023-4446,0.00068,0.28208
CVE-2023-44463,0.00052,0.18002
CVE-2023-44464,0.00050,0.16759
CVE-2023-44466,0.00292,0.65962
CVE-2023-44467,0.00092,0.38781
CVE-2023-44469,0.00056,0.21158
CVE-2023-4447,0.00068,0.28208
CVE-2023-44470,0.00058,0.21913
CVE-2023-44471,0.00058,0.21913
CVE-2023-44473,0.00058,0.21913
CVE-2023-44474,0.00046,0.13740
CVE-2023-44475,0.00058,0.21913
CVE-2023-44476,0.00058,0.21913
CVE-2023-44477,0.00045,0.11801
CVE-2023-44479,0.00045,0.11801
CVE-2023-4448,0.00063,0.24985
CVE-2023-44480,0.00050,0.16285
CVE-2023-44481,0.00050,0.16285
CVE-2023-44482,0.00050,0.16285
CVE-2023-44483,0.00090,0.37972
CVE-2023-44484,0.00046,0.13740
CVE-2023-44487,0.70585,0.97764
CVE-2023-44488,0.00082,0.34227
CVE-2023-4449,0.00076,0.31144
CVE-2023-4450,0.00214,0.59498
CVE-2023-4451,0.00064,0.26181
CVE-2023-4452,0.00046,0.13740
CVE-2023-4453,0.00090,0.37876
CVE-2023-4454,0.00046,0.12619
CVE-2023-4455,0.00048,0.14563
CVE-2023-4456,0.00070,0.28945
CVE-2023-4457,0.00087,0.36261
CVE-2023-4459,0.00042,0.05722
CVE-2023-4460,0.00045,0.11801
CVE-2023-4462,0.00065,0.27066
CVE-2023-4463,0.00055,0.20401
CVE-2023-4464,0.00195,0.57471
CVE-2023-4465,0.00116,0.45376
CVE-2023-4466,0.00088,0.36685
CVE-2023-4467,0.00042,0.05722
CVE-2023-4468,0.00060,0.23386
CVE-2023-44689,0.00046,0.13740
CVE-2023-4469,0.00052,0.17889
CVE-2023-44690,0.00059,0.22950
CVE-2023-44693,0.00072,0.29634
CVE-2023-44694,0.00072,0.29634
CVE-2023-44709,0.00106,0.42831
CVE-2023-4471,0.00065,0.26944
CVE-2023-4473,0.00068,0.28365
CVE-2023-4474,0.00100,0.41012
CVE-2023-4475,0.00045,0.12108
CVE-2023-44758,0.00049,0.15110
CVE-2023-4476,0.00046,0.13740
CVE-2023-44760,0.00054,0.19476
CVE-2023-44761,0.00044,0.07751
CVE-2023-44762,0.00049,0.15110
CVE-2023-44763,0.00051,0.17093
CVE-2023-44764,0.00049,0.15110
CVE-2023-44765,0.00049,0.15110
CVE-2023-44766,0.00049,0.15110
CVE-2023-44767,0.00044,0.10353
CVE-2023-44769,0.00044,0.07751
CVE-2023-44770,0.00049,0.15110
CVE-2023-44771,0.00044,0.07751
CVE-2023-4478,0.00046,0.13740
CVE-2023-44794,0.00195,0.57395
CVE-2023-44796,0.00068,0.28015
CVE-2023-4480,0.00050,0.15975
CVE-2023-44807,0.00082,0.34087
CVE-2023-44808,0.00082,0.34087
CVE-2023-44809,0.00671,0.77726
CVE-2023-4481,0.00115,0.45177
CVE-2023-44811,0.00135,0.48820
CVE-2023-44812,0.00069,0.28440
CVE-2023-44813,0.00069,0.28440
CVE-2023-4482,0.00045,0.11801
CVE-2023-44821,0.00069,0.28582
CVE-2023-44824,0.00042,0.05722
CVE-2023-44826,0.00044,0.10353
CVE-2023-44827,0.00055,0.20491
CVE-2023-44828,0.00046,0.12724
CVE-2023-44829,0.00046,0.12724
CVE-2023-44830,0.00046,0.12724
CVE-2023-44831,0.00046,0.12724
CVE-2023-44832,0.00046,0.12724
CVE-2023-44833,0.00046,0.12724
CVE-2023-44834,0.00046,0.12724
CVE-2023-44835,0.00046,0.12724
CVE-2023-44836,0.00046,0.12724
CVE-2023-44837,0.00046,0.12724
CVE-2023-44838,0.00046,0.12724
CVE-2023-44839,0.00046,0.12724
CVE-2023-44846,0.00055,0.20491
CVE-2023-44847,0.00055,0.20491
CVE-2023-44848,0.00050,0.16482
CVE-2023-4485,0.00067,0.27788
CVE-2023-4486,0.00046,0.13740
CVE-2023-44860,0.00081,0.33588
CVE-2023-4487,0.00042,0.00438
CVE-2023-4488,0.00117,0.45573
CVE-2023-4489,0.00061,0.24201
CVE-2023-4490,0.00530,0.74650
CVE-2023-4491,0.00134,0.48641
CVE-2023-4492,0.00046,0.13740
CVE-2023-4493,0.00048,0.14756
CVE-2023-4494,0.00134,0.48641
CVE-2023-4495,0.00046,0.13740
CVE-2023-44954,0.00061,0.23994
CVE-2023-44959,0.00099,0.40717
CVE-2023-4496,0.00046,0.13740
CVE-2023-44961,0.00063,0.25041
CVE-2023-44962,0.00078,0.32256
CVE-2023-4497,0.00046,0.13740
CVE-2023-44973,0.00143,0.50070
CVE-2023-44974,0.00143,0.50070
CVE-2023-4498,0.00046,0.13740
CVE-2023-44981,0.00354,0.69171
CVE-2023-44982,0.00087,0.36261
CVE-2023-44983,0.00087,0.36261
CVE-2023-44984,0.00045,0.11801
CVE-2023-44985,0.00045,0.11801
CVE-2023-44986,0.00045,0.11801
CVE-2023-44987,0.00045,0.11801
CVE-2023-4499,0.00087,0.36261
CVE-2023-44990,0.00045,0.11801
CVE-2023-44991,0.00087,0.36261
CVE-2023-44993,0.00058,0.21913
CVE-2023-44994,0.00058,0.21913
CVE-2023-44995,0.00058,0.21913
CVE-2023-44996,0.00058,0.21913
CVE-2023-44997,0.00058,0.21913
CVE-2023-44998,0.00058,0.21913
CVE-2023-4500,0.00045,0.11801
CVE-2023-45001,0.00076,0.31600
CVE-2023-45003,0.00046,0.13740
CVE-2023-45004,0.00046,0.13740
CVE-2023-45005,0.00046,0.13740
CVE-2023-45006,0.00046,0.13740
CVE-2023-45007,0.00046,0.13740
CVE-2023-45008,0.00045,0.11801
CVE-2023-4501,0.00091,0.38380
CVE-2023-45010,0.00045,0.11801
CVE-2023-45011,0.00058,0.21913
CVE-2023-45012,0.00096,0.39842
CVE-2023-45015,0.00096,0.39842
CVE-2023-45018,0.00096,0.39842
CVE-2023-45019,0.00096,0.39842
CVE-2023-4502,0.00045,0.11801
CVE-2023-45024,0.00087,0.36261
CVE-2023-45039,0.00055,0.20491
CVE-2023-4504,0.00103,0.41715
CVE-2023-45040,0.00055,0.20491
CVE-2023-45041,0.00055,0.20491
CVE-2023-45042,0.00055,0.20491
CVE-2023-45043,0.00055,0.20491
CVE-2023-45044,0.00055,0.20491
CVE-2023-45046,0.00076,0.31600
CVE-2023-45047,0.00058,0.21913
CVE-2023-45048,0.00058,0.21913
CVE-2023-45049,0.00045,0.11801
CVE-2023-4505,0.00062,0.24475
CVE-2023-45050,0.00045,0.11801
CVE-2023-45051,0.00045,0.11801
CVE-2023-45052,0.00058,0.21913
CVE-2023-45054,0.00046,0.13740
CVE-2023-45055,0.00076,0.31600
CVE-2023-45056,0.00045,0.11801
CVE-2023-45057,0.00045,0.11801
CVE-2023-45058,0.00058,0.21913
CVE-2023-45059,0.00045,0.11801
CVE-2023-4506,0.00063,0.25691
CVE-2023-45060,0.00058,0.21913
CVE-2023-45062,0.00046,0.13740
CVE-2023-45063,0.00058,0.21913
CVE-2023-45064,0.00046,0.13740
CVE-2023-45065,0.00046,0.13740
CVE-2023-45066,0.00087,0.36261
CVE-2023-45067,0.00045,0.11801
CVE-2023-45068,0.00058,0.21913
CVE-2023-45069,0.00076,0.31600
CVE-2023-45070,0.00046,0.13740
CVE-2023-45071,0.00046,0.13740
CVE-2023-45072,0.00045,0.11801
CVE-2023-45073,0.00045,0.11801
CVE-2023-45074,0.00076,0.31600
CVE-2023-45075,0.00042,0.05722
CVE-2023-45076,0.00042,0.05722
CVE-2023-45077,0.00042,0.05722
CVE-2023-45078,0.00042,0.05722
CVE-2023-45079,0.00042,0.05722
CVE-2023-4508,0.00044,0.08085
CVE-2023-45083,0.00043,0.06775
CVE-2023-45084,0.00045,0.12108
CVE-2023-45085,0.00043,0.06775
CVE-2023-45102,0.00058,0.21913
CVE-2023-45103,0.00058,0.21913
CVE-2023-45105,0.00046,0.13740
CVE-2023-45106,0.00058,0.21913
CVE-2023-45107,0.00058,0.21913
CVE-2023-45108,0.00058,0.21913
CVE-2023-45109,0.00058,0.21913
CVE-2023-4511,0.00090,0.38012
CVE-2023-45111,0.00096,0.39842
CVE-2023-45115,0.00050,0.16285
CVE-2023-45116,0.00050,0.16285
CVE-2023-45117,0.00050,0.16285
CVE-2023-45118,0.00050,0.16285
CVE-2023-45119,0.00050,0.16285
CVE-2023-4512,0.00055,0.20447
CVE-2023-45120,0.00050,0.16285
CVE-2023-45121,0.00050,0.16285
CVE-2023-45128,0.00061,0.23989
CVE-2023-45129,0.00134,0.48586
CVE-2023-4513,0.00055,0.20447
CVE-2023-45130,0.00068,0.28012
CVE-2023-45131,0.00087,0.36261
CVE-2023-45132,0.00063,0.25553
CVE-2023-45133,0.00060,0.23520
CVE-2023-45134,0.00213,0.59368
CVE-2023-45135,0.00267,0.64321
CVE-2023-45136,0.00367,0.69737
CVE-2023-45137,0.00051,0.17093
CVE-2023-45138,0.00295,0.66139
CVE-2023-45139,0.00082,0.33950
CVE-2023-4514,0.00045,0.11801
CVE-2023-45140,0.00045,0.11801
CVE-2023-45141,0.00058,0.21913
CVE-2023-45142,0.00116,0.45373
CVE-2023-45143,0.01374,0.84932
CVE-2023-45144,0.00413,0.71361
CVE-2023-45145,0.00044,0.08213
CVE-2023-45146,0.00151,0.51242
CVE-2023-45147,0.00045,0.11801
CVE-2023-45148,0.00053,0.18483
CVE-2023-45149,0.00053,0.18896
CVE-2023-45150,0.00051,0.17023
CVE-2023-45151,0.00060,0.23697
CVE-2023-45152,0.00043,0.06775
CVE-2023-45158,0.00075,0.30817
CVE-2023-45159,0.00053,0.19001
CVE-2023-4516,0.00091,0.38381
CVE-2023-45160,0.00060,0.23697
CVE-2023-45161,0.00206,0.58656
CVE-2023-45162,0.00103,0.41771
CVE-2023-45163,0.00206,0.58656
CVE-2023-45165,0.00042,0.05722
CVE-2023-45166,0.00042,0.05722
CVE-2023-45167,0.00042,0.05722
CVE-2023-45168,0.00042,0.05722
CVE-2023-45169,0.00042,0.05722
CVE-2023-4517,0.00045,0.11801
CVE-2023-45170,0.00042,0.05722
CVE-2023-45171,0.00042,0.05722
CVE-2023-45172,0.00042,0.05722
CVE-2023-45173,0.00042,0.05722
CVE-2023-45174,0.00042,0.05722
CVE-2023-45175,0.00042,0.05722
CVE-2023-45176,0.00043,0.06775
CVE-2023-45178,0.00074,0.30542
CVE-2023-4518,0.00046,0.13740
CVE-2023-45182,0.00042,0.05722
CVE-2023-45184,0.00074,0.30453
CVE-2023-45185,0.00049,0.15859
CVE-2023-45189,0.00049,0.15916
CVE-2023-45193,0.00044,0.10521
CVE-2023-45194,0.00049,0.14855
CVE-2023-45198,0.00087,0.36261
CVE-2023-45199,0.00213,0.59307
CVE-2023-4520,0.00065,0.26944
CVE-2023-45201,0.00046,0.13740
CVE-2023-45202,0.00046,0.13740
CVE-2023-45203,0.00046,0.13740
CVE-2023-45204,0.00050,0.16764
CVE-2023-45205,0.00042,0.05722
CVE-2023-45208,0.00082,0.33984
CVE-2023-4521,0.00314,0.67227
CVE-2023-45210,0.00056,0.21111
CVE-2023-45219,0.00043,0.06775
CVE-2023-4522,0.00046,0.13740
CVE-2023-45220,0.00053,0.19001
CVE-2023-45223,0.00045,0.11801
CVE-2023-45225,0.00193,0.57275
CVE-2023-45226,0.00091,0.38380
CVE-2023-45228,0.00046,0.12619
CVE-2023-45229,0.00056,0.20807
CVE-2023-4523,0.00046,0.13740
CVE-2023-45230,0.00051,0.17345
CVE-2023-45231,0.00056,0.20807
CVE-2023-45232,0.00103,0.41642
CVE-2023-45233,0.00072,0.29897
CVE-2023-45234,0.00051,0.17345
CVE-2023-45235,0.00051,0.17345
CVE-2023-45236,0.00087,0.36261
CVE-2023-45237,0.00087,0.36261
CVE-2023-45239,0.00293,0.66031
CVE-2023-45240,0.00043,0.06775
CVE-2023-45241,0.00043,0.06775
CVE-2023-45242,0.00043,0.06775
CVE-2023-45243,0.00043,0.06775
CVE-2023-45244,0.00043,0.06775
CVE-2023-45245,0.00043,0.06775
CVE-2023-45246,0.00043,0.06775
CVE-2023-45247,0.00043,0.06775
CVE-2023-45248,0.00042,0.05722
CVE-2023-45252,0.00042,0.05722
CVE-2023-45253,0.00043,0.06775
CVE-2023-45267,0.00058,0.21913
CVE-2023-45268,0.00058,0.21913
CVE-2023-45269,0.00046,0.13740
CVE-2023-4527,0.00091,0.38092
CVE-2023-45270,0.00058,0.21913
CVE-2023-45273,0.00058,0.21913
CVE-2023-45274,0.00058,0.21913
CVE-2023-45276,0.00058,0.21913
CVE-2023-45277,0.00087,0.35906
CVE-2023-45278,0.00077,0.31713
CVE-2023-45279,0.00045,0.11801
CVE-2023-4528,0.00052,0.17780
CVE-2023-45280,0.00045,0.11801
CVE-2023-45281,0.00046,0.13740
CVE-2023-45282,0.00099,0.40601
CVE-2023-45283,0.00098,0.40554
CVE-2023-45284,0.00052,0.17638
CVE-2023-45285,0.00060,0.23760
CVE-2023-45286,0.00086,0.35749
CVE-2023-45287,0.00071,0.29143
CVE-2023-45292,0.00052,0.18025
CVE-2023-4530,0.00076,0.31600
CVE-2023-45303,0.00055,0.20413
CVE-2023-4531,0.00076,0.31600
CVE-2023-45311,0.00365,0.69619
CVE-2023-45312,0.00074,0.30675
CVE-2023-45316,0.00058,0.22011
CVE-2023-45317,0.00058,0.21913
CVE-2023-45319,0.00081,0.33588
CVE-2023-4532,0.00045,0.11801
CVE-2023-45321,0.00046,0.13766
CVE-2023-45322,0.00053,0.18664
CVE-2023-45323,0.00096,0.39842
CVE-2023-45325,0.00096,0.39842
CVE-2023-45334,0.00096,0.39842
CVE-2023-45336,0.00096,0.39842
CVE-2023-45338,0.00096,0.39842
CVE-2023-4534,0.00052,0.17989
CVE-2023-45340,0.00096,0.39842
CVE-2023-45341,0.00096,0.39842
CVE-2023-45342,0.00096,0.39842
CVE-2023-45343,0.00096,0.39842
CVE-2023-45344,0.00096,0.39842
CVE-2023-45345,0.00096,0.39842
CVE-2023-45346,0.00096,0.39842
CVE-2023-45347,0.00096,0.39842
CVE-2023-45348,0.00049,0.15820
CVE-2023-45349,0.00087,0.36261
CVE-2023-4535,0.00072,0.29860
CVE-2023-45350,0.00050,0.16285
CVE-2023-45351,0.00048,0.14225
CVE-2023-45352,0.00054,0.19477
CVE-2023-45353,0.00055,0.20491
CVE-2023-45354,0.00107,0.43153
CVE-2023-45355,0.00048,0.14225
CVE-2023-45356,0.00048,0.14225
CVE-2023-45357,0.00049,0.14986
CVE-2023-45358,0.00048,0.14756
CVE-2023-4536,0.00050,0.16285
CVE-2023-45360,0.00045,0.11801
CVE-2023-45362,0.00045,0.11801
CVE-2023-45363,0.00047,0.14205
CVE-2023-45364,0.00044,0.10871
CVE-2023-45367,0.00044,0.10862
CVE-2023-45369,0.00045,0.11801
CVE-2023-45370,0.00046,0.13740
CVE-2023-45371,0.00046,0.13740
CVE-2023-45372,0.00046,0.13740
CVE-2023-45373,0.00046,0.13740
CVE-2023-45374,0.00046,0.13740
CVE-2023-45375,0.00050,0.16285
CVE-2023-45376,0.00076,0.31600
CVE-2023-45377,0.00076,0.31600
CVE-2023-45378,0.00076,0.31600
CVE-2023-45379,0.00076,0.31600
CVE-2023-45380,0.00050,0.16285
CVE-2023-45381,0.00076,0.31600
CVE-2023-45382,0.00090,0.37805
CVE-2023-45383,0.00090,0.37805
CVE-2023-45384,0.00091,0.38380
CVE-2023-45386,0.00076,0.31600
CVE-2023-45387,0.00076,0.31600
CVE-2023-45391,0.00045,0.11801
CVE-2023-45393,0.00049,0.14986
CVE-2023-45394,0.00045,0.11801
CVE-2023-45396,0.00046,0.13740
CVE-2023-4540,0.00049,0.15801
CVE-2023-4541,0.00076,0.31600
CVE-2023-4542,0.00067,0.27753
CVE-2023-4543,0.00077,0.31941
CVE-2023-4544,0.00051,0.17093
CVE-2023-4545,0.00077,0.31941
CVE-2023-4546,0.00063,0.25738
CVE-2023-45463,0.00046,0.13740
CVE-2023-45464,0.00046,0.13740
CVE-2023-45465,0.00181,0.55379
CVE-2023-45466,0.00181,0.55379
CVE-2023-45467,0.00097,0.40089
CVE-2023-45468,0.00046,0.13740
CVE-2023-4547,0.00205,0.58480
CVE-2023-45471,0.00088,0.37148
CVE-2023-45479,0.00115,0.45000
CVE-2023-4548,0.00129,0.47572
CVE-2023-45480,0.00115,0.45000
CVE-2023-45481,0.00115,0.45000
CVE-2023-45482,0.00115,0.45000
CVE-2023-45483,0.00115,0.45000
CVE-2023-45484,0.00115,0.45000
CVE-2023-4549,0.00046,0.13740
CVE-2023-45498,0.00331,0.68164
CVE-2023-45499,0.00137,0.49042
CVE-2023-4550,0.00043,0.06775
CVE-2023-4551,0.00043,0.06775
CVE-2023-45510,0.00046,0.13740
CVE-2023-45511,0.00044,0.10345
CVE-2023-4552,0.00043,0.06775
CVE-2023-4553,0.00044,0.08105
CVE-2023-45539,0.00112,0.44384
CVE-2023-4554,0.00043,0.06775
CVE-2023-45540,0.00078,0.32256
CVE-2023-45542,0.00100,0.40806
CVE-2023-4555,0.00052,0.17989
CVE-2023-45554,0.00303,0.66602
CVE-2023-45555,0.00082,0.34071
CVE-2023-45556,0.00044,0.10522
CVE-2023-45558,0.00084,0.34921
CVE-2023-45559,0.00084,0.34921
CVE-2023-4556,0.00063,0.25553
CVE-2023-45560,0.00084,0.34921
CVE-2023-45561,0.00052,0.17989
CVE-2023-4557,0.00063,0.25553
CVE-2023-45572,0.00202,0.58249
CVE-2023-45573,0.00202,0.58249
CVE-2023-45574,0.00237,0.61898
CVE-2023-45575,0.00202,0.58249
CVE-2023-45576,0.00202,0.58249
CVE-2023-45577,0.00202,0.58249
CVE-2023-45578,0.00202,0.58249
CVE-2023-45579,0.00202,0.58249
CVE-2023-4558,0.00063,0.25553
CVE-2023-45580,0.00202,0.58249
CVE-2023-45582,0.00052,0.17889
CVE-2023-45585,0.00043,0.06775
CVE-2023-45587,0.00044,0.10565
CVE-2023-4559,0.00143,0.50041
CVE-2023-4560,0.00049,0.14986
CVE-2023-45601,0.00050,0.16764
CVE-2023-45602,0.00046,0.13740
CVE-2023-45603,0.00091,0.38380
CVE-2023-45604,0.00045,0.11801
CVE-2023-45605,0.00058,0.21913
CVE-2023-45606,0.00058,0.21913
CVE-2023-45607,0.00045,0.11801
CVE-2023-45608,0.00045,0.11801
CVE-2023-45609,0.00045,0.11801
CVE-2023-4561,0.00045,0.11801
CVE-2023-45612,0.00091,0.38380
CVE-2023-45613,0.00061,0.24201
CVE-2023-45614,0.00187,0.56214
CVE-2023-45615,0.00187,0.56214
CVE-2023-45616,0.00187,0.56214
CVE-2023-45617,0.00054,0.19500
CVE-2023-45618,0.00054,0.19500
CVE-2023-45619,0.00054,0.19500
CVE-2023-4562,0.00110,0.44010
CVE-2023-45620,0.00045,0.12348
CVE-2023-45621,0.00045,0.12348
CVE-2023-45622,0.00045,0.12348
CVE-2023-45623,0.00045,0.12348
CVE-2023-45624,0.00045,0.12348
CVE-2023-45625,0.00047,0.13919
CVE-2023-45626,0.00055,0.20491
CVE-2023-45627,0.00044,0.08113
CVE-2023-45628,0.00045,0.11801
CVE-2023-45629,0.00058,0.21913
CVE-2023-45630,0.00046,0.13740
CVE-2023-45632,0.00046,0.13740
CVE-2023-45634,0.00046,0.13740
CVE-2023-45637,0.00046,0.13740
CVE-2023-45638,0.00058,0.21913
CVE-2023-45639,0.00058,0.21913
CVE-2023-4564,0.00045,0.11801
CVE-2023-45640,0.00045,0.11801
CVE-2023-45641,0.00058,0.21913
CVE-2023-45642,0.00058,0.21913
CVE-2023-45643,0.00058,0.21913
CVE-2023-45644,0.00045,0.11801
CVE-2023-45645,0.00058,0.21913
CVE-2023-45646,0.00045,0.11801
CVE-2023-45647,0.00058,0.21913
CVE-2023-45648,0.00222,0.60397
CVE-2023-4565,0.00046,0.13740
CVE-2023-45650,0.00058,0.21913
CVE-2023-45651,0.00058,0.21913
CVE-2023-45653,0.00058,0.21913
CVE-2023-45654,0.00058,0.21913
CVE-2023-45655,0.00058,0.21913
CVE-2023-45656,0.00058,0.21913
CVE-2023-45657,0.00076,0.31600
CVE-2023-45659,0.00043,0.06775
CVE-2023-4566,0.00087,0.36261
CVE-2023-45660,0.00053,0.18483
CVE-2023-45661,0.00070,0.28988
CVE-2023-45662,0.00060,0.23596
CVE-2023-45663,0.00057,0.21293
CVE-2023-45664,0.00095,0.39566
CVE-2023-45666,0.00099,0.40667
CVE-2023-45667,0.00081,0.33499
CVE-2023-45669,0.00063,0.25385
CVE-2023-45670,0.00073,0.30011
CVE-2023-45671,0.00056,0.20993
CVE-2023-45672,0.02497,0.89052
CVE-2023-45674,0.00049,0.14986
CVE-2023-45675,0.00064,0.26501
CVE-2023-45676,0.00054,0.19430
CVE-2023-45677,0.00064,0.26501
CVE-2023-45678,0.00065,0.26885
CVE-2023-45679,0.00065,0.26885
CVE-2023-4568,0.00254,0.63438
CVE-2023-45680,0.00044,0.08011
CVE-2023-45681,0.00056,0.21135
CVE-2023-45682,0.00049,0.15829
CVE-2023-45683,0.00046,0.13740
CVE-2023-45684,0.00073,0.30355
CVE-2023-45685,0.00049,0.15925
CVE-2023-45686,0.00049,0.15925
CVE-2023-45687,0.00087,0.36569
CVE-2023-45688,0.00046,0.12730
CVE-2023-45689,0.00050,0.15975
CVE-2023-4569,0.00042,0.05722
CVE-2023-45690,0.00049,0.14986
CVE-2023-4570,0.00053,0.19001
CVE-2023-45700,0.00045,0.11801
CVE-2023-45701,0.00068,0.28071
CVE-2023-45702,0.00043,0.06775
CVE-2023-45703,0.00046,0.13740
CVE-2023-4571,0.00053,0.19001
CVE-2023-4572,0.00167,0.53430
CVE-2023-45722,0.00091,0.38629
CVE-2023-45723,0.00091,0.38629
CVE-2023-45724,0.00091,0.38380
CVE-2023-45725,0.00045,0.12358
CVE-2023-45727,0.00105,0.42431
CVE-2023-4573,0.00069,0.28665
CVE-2023-45737,0.00045,0.11801
CVE-2023-4574,0.00069,0.28665
CVE-2023-45740,0.00045,0.11801
CVE-2023-45741,0.00043,0.07443
CVE-2023-45746,0.00048,0.14756
CVE-2023-45747,0.00045,0.11801
CVE-2023-45748,0.00058,0.21913
CVE-2023-45749,0.00058,0.21913
CVE-2023-4575,0.00069,0.28665
CVE-2023-45750,0.00046,0.13740
CVE-2023-45751,0.00049,0.15052
CVE-2023-45752,0.00058,0.21913
CVE-2023-45753,0.00058,0.21913
CVE-2023-45754,0.00045,0.11801
CVE-2023-45755,0.00045,0.11801
CVE-2023-45756,0.00046,0.13740
CVE-2023-45757,0.00137,0.49078
CVE-2023-45758,0.00044,0.10753
CVE-2023-45759,0.00046,0.13740
CVE-2023-4576,0.00060,0.23402
CVE-2023-45761,0.00046,0.13740
CVE-2023-45762,0.00046,0.13740
CVE-2023-45763,0.00058,0.21913
CVE-2023-45764,0.00045,0.11801
CVE-2023-45767,0.00045,0.11801
CVE-2023-45768,0.00045,0.11801
CVE-2023-45769,0.00046,0.13740
CVE-2023-4577,0.00056,0.20790
CVE-2023-45770,0.00046,0.13740
CVE-2023-45772,0.00046,0.13740
CVE-2023-45773,0.00042,0.05722
CVE-2023-45774,0.00042,0.05722
CVE-2023-45775,0.00042,0.05722
CVE-2023-45776,0.00042,0.05722
CVE-2023-45777,0.00042,0.05722
CVE-2023-45779,0.00042,0.05722
CVE-2023-4578,0.00056,0.20790
CVE-2023-45780,0.00042,0.05722
CVE-2023-45781,0.00042,0.05722
CVE-2023-4579,0.00052,0.17989
CVE-2023-45794,0.00049,0.15069
CVE-2023-45797,0.00134,0.48641
CVE-2023-45798,0.00237,0.61839
CVE-2023-45799,0.00091,0.38380
CVE-2023-4580,0.00060,0.23760
CVE-2023-45800,0.00073,0.30355
CVE-2023-45801,0.00087,0.36261
CVE-2023-45802,0.00177,0.54918
CVE-2023-45803,0.00043,0.07737
CVE-2023-45805,0.00073,0.30185
CVE-2023-45806,0.00053,0.19046
CVE-2023-45807,0.00044,0.10862
CVE-2023-45809,0.00045,0.11801
CVE-2023-4581,0.00055,0.20640
CVE-2023-45810,0.00046,0.13740
CVE-2023-45811,0.00043,0.07702
CVE-2023-45812,0.00046,0.13740
CVE-2023-45813,0.00046,0.13740
CVE-2023-45814,0.00046,0.13740
CVE-2023-45815,0.00045,0.11801
CVE-2023-45816,0.00046,0.13848
CVE-2023-45818,0.00050,0.16494
CVE-2023-45819,0.00050,0.16906
CVE-2023-4582,0.00068,0.27979
CVE-2023-45820,0.00044,0.10862
CVE-2023-45821,0.00044,0.10862
CVE-2023-45822,0.00062,0.24609
CVE-2023-45823,0.00090,0.37805
CVE-2023-45825,0.00045,0.12069
CVE-2023-45826,0.00049,0.14986
CVE-2023-45827,0.00278,0.65013
CVE-2023-45829,0.00045,0.11801
CVE-2023-4583,0.00054,0.19372
CVE-2023-45830,0.00076,0.31600
CVE-2023-45831,0.00058,0.21913
CVE-2023-45832,0.00045,0.11801
CVE-2023-45833,0.00045,0.11801
CVE-2023-45834,0.00046,0.13740
CVE-2023-45835,0.00046,0.13740
CVE-2023-45836,0.00058,0.21913
CVE-2023-45837,0.00046,0.13740
CVE-2023-45838,0.00100,0.40809
CVE-2023-45839,0.00121,0.46210
CVE-2023-4584,0.00080,0.33327
CVE-2023-45840,0.00121,0.46210
CVE-2023-45841,0.00121,0.46210
CVE-2023-45842,0.00121,0.46210
CVE-2023-45844,0.00053,0.19001
CVE-2023-45847,0.00046,0.13740
CVE-2023-45849,0.00082,0.34007
CVE-2023-4585,0.00064,0.26444
CVE-2023-45851,0.00053,0.19001
CVE-2023-45852,0.09217,0.94125
CVE-2023-45853,0.00121,0.46353
CVE-2023-45855,0.00087,0.35961
CVE-2023-45856,0.00319,0.67555
CVE-2023-45857,0.00055,0.20586
CVE-2023-4586,0.00063,0.24929
CVE-2023-45862,0.00042,0.05722
CVE-2023-45863,0.00042,0.05722
CVE-2023-45864,0.00043,0.06775
CVE-2023-45866,0.00085,0.35345
CVE-2023-45867,0.00048,0.14586
CVE-2023-45868,0.00050,0.15975
CVE-2023-45869,0.00050,0.16285
CVE-2023-4587,0.00042,0.05722
CVE-2023-45871,0.00050,0.16759
CVE-2023-45875,0.00064,0.26487
CVE-2023-45878,0.00502,0.73946
CVE-2023-45879,0.00045,0.11801
CVE-2023-4588,0.00049,0.14986
CVE-2023-45880,0.00049,0.15925
CVE-2023-45881,0.00046,0.13740
CVE-2023-45883,0.00042,0.05722
CVE-2023-45884,0.00055,0.20586
CVE-2023-45885,0.00045,0.11801
CVE-2023-45886,0.00238,0.61969
CVE-2023-45887,0.00276,0.64906
CVE-2023-45889,0.00064,0.26167
CVE-2023-4589,0.00050,0.16285
CVE-2023-45892,0.00110,0.44056
CVE-2023-45893,0.00110,0.44056
CVE-2023-45894,0.00210,0.58962
CVE-2023-45897,0.00045,0.12069
CVE-2023-45898,0.00042,0.05722
CVE-2023-45899,0.00046,0.13791
CVE-2023-4590,0.00134,0.48641
CVE-2023-45901,0.00058,0.21913
CVE-2023-45902,0.00058,0.21913
CVE-2023-45903,0.00058,0.21913
CVE-2023-45904,0.00058,0.21913
CVE-2023-45905,0.00058,0.21913
CVE-2023-45906,0.00058,0.21913
CVE-2023-45907,0.00058,0.21913
CVE-2023-45909,0.00046,0.13740
CVE-2023-4591,0.00098,0.40546
CVE-2023-45911,0.00455,0.72664
CVE-2023-45912,0.00174,0.54588
CVE-2023-4592,0.00059,0.23047
CVE-2023-4593,0.00076,0.31297
CVE-2023-4594,0.00045,0.11801
CVE-2023-4595,0.00072,0.29488
CVE-2023-45951,0.00076,0.31600
CVE-2023-45952,0.00143,0.50070
CVE-2023-45955,0.00046,0.13740
CVE-2023-45956,0.00046,0.13740
CVE-2023-45957,0.00053,0.18547
CVE-2023-45958,0.00046,0.13740
CVE-2023-4596,0.07205,0.93405
CVE-2023-45966,0.00084,0.34921
CVE-2023-4597,0.00058,0.22010
CVE-2023-4598,0.00062,0.24475
CVE-2023-45984,0.00102,0.41567
CVE-2023-45985,0.00045,0.11985
CVE-2023-4599,0.00051,0.17507
CVE-2023-45990,0.00093,0.39154
CVE-2023-45992,0.00118,0.45676
CVE-2023-45996,0.00078,0.32620
CVE-2023-45998,0.00045,0.11801
CVE-2023-4600,0.00045,0.11801
CVE-2023-46001,0.00044,0.08085
CVE-2023-46003,0.00051,0.17093
CVE-2023-46004,0.00050,0.16285
CVE-2023-46005,0.00076,0.31600
CVE-2023-46006,0.00076,0.31600
CVE-2023-46007,0.00076,0.31600
CVE-2023-46009,0.00077,0.31949
CVE-2023-4601,0.00155,0.51880
CVE-2023-46010,0.00091,0.38380
CVE-2023-46014,0.00043,0.06775
CVE-2023-46015,0.00046,0.13740
CVE-2023-46016,0.00046,0.13740
CVE-2023-46017,0.00043,0.06775
CVE-2023-46018,0.00043,0.06775
CVE-2023-46019,0.00046,0.13740
CVE-2023-4602,0.00089,0.37286
CVE-2023-46020,0.00046,0.13740
CVE-2023-46021,0.00043,0.06775
CVE-2023-46022,0.00043,0.06775
CVE-2023-46023,0.00049,0.14986
CVE-2023-46024,0.00073,0.30355
CVE-2023-46025,0.00049,0.14986
CVE-2023-46026,0.00045,0.11801
CVE-2023-4603,0.00089,0.37286
CVE-2023-46033,0.00050,0.16759
CVE-2023-46040,0.00052,0.17688
CVE-2023-46042,0.00352,0.69048
CVE-2023-46054,0.00052,0.17702
CVE-2023-46055,0.00106,0.42858
CVE-2023-46058,0.00052,0.17688
CVE-2023-46059,0.00052,0.17688
CVE-2023-4606,0.00046,0.12561
CVE-2023-46066,0.00045,0.11801
CVE-2023-46067,0.00058,0.21913
CVE-2023-46068,0.00045,0.11801
CVE-2023-46069,0.00045,0.11801
CVE-2023-4607,0.00050,0.16285
CVE-2023-46070,0.00046,0.13740
CVE-2023-46071,0.00046,0.13740
CVE-2023-46072,0.00046,0.13740
CVE-2023-46074,0.00046,0.13740
CVE-2023-46075,0.00046,0.13740
CVE-2023-46076,0.00046,0.13740
CVE-2023-46077,0.00046,0.13740
CVE-2023-46078,0.00058,0.21913
CVE-2023-4608,0.00050,0.16285
CVE-2023-46081,0.00046,0.13740
CVE-2023-46084,0.00050,0.16285
CVE-2023-46085,0.00058,0.21913
CVE-2023-46086,0.00046,0.13740
CVE-2023-46087,0.00058,0.21913
CVE-2023-46088,0.00045,0.11801
CVE-2023-46089,0.00058,0.21913
CVE-2023-46090,0.00046,0.13740
CVE-2023-46091,0.00045,0.11801
CVE-2023-46092,0.00046,0.13740
CVE-2023-46093,0.00045,0.11801
CVE-2023-46094,0.00046,0.13740
CVE-2023-46095,0.00058,0.21913
CVE-2023-46096,0.00045,0.12108
CVE-2023-46097,0.00043,0.06775
CVE-2023-46098,0.00077,0.31815
CVE-2023-46099,0.00045,0.11801
CVE-2023-46100,0.00042,0.05722
CVE-2023-46102,0.00053,0.19001
CVE-2023-46104,0.00044,0.08022
CVE-2023-4611,0.00042,0.05722
CVE-2023-46115,0.00043,0.06775
CVE-2023-46116,0.00802,0.79856
CVE-2023-46117,0.00278,0.65013
CVE-2023-46118,0.00138,0.49342
CVE-2023-46119,0.00060,0.23580
CVE-2023-4612,0.00091,0.38380
CVE-2023-46120,0.00208,0.58755
CVE-2023-46121,0.00052,0.17690
CVE-2023-46122,0.00044,0.10727
CVE-2023-46123,0.00046,0.13740
CVE-2023-46124,0.00064,0.26137
CVE-2023-46125,0.00066,0.27434
CVE-2023-46126,0.00056,0.21222
CVE-2023-46127,0.00053,0.18547
CVE-2023-46128,0.00054,0.20302
CVE-2023-46129,0.00052,0.18041
CVE-2023-4613,0.01854,0.87102
CVE-2023-46130,0.00075,0.31092
CVE-2023-46131,0.00059,0.22974
CVE-2023-46132,0.00046,0.12619
CVE-2023-46133,0.00087,0.36569
CVE-2023-46134,0.00276,0.64906
CVE-2023-46135,0.00046,0.13740
CVE-2023-46136,0.00053,0.18664
CVE-2023-46137,0.00046,0.13740
CVE-2023-46138,0.00046,0.13740
CVE-2023-46139,0.00044,0.08044
CVE-2023-4614,0.01854,0.87102
CVE-2023-46141,0.00155,0.51866
CVE-2023-46142,0.00109,0.43815
CVE-2023-46143,0.00085,0.35275
CVE-2023-46144,0.00061,0.23882
CVE-2023-46147,0.00052,0.17780
CVE-2023-46149,0.00050,0.16285
CVE-2023-4615,0.00151,0.51325
CVE-2023-46150,0.00058,0.21913
CVE-2023-46151,0.00058,0.21913
CVE-2023-46152,0.00058,0.21913
CVE-2023-46153,0.00046,0.13740
CVE-2023-46154,0.00052,0.17780
CVE-2023-46156,0.00046,0.13740
CVE-2023-46157,0.00050,0.16721
CVE-2023-46158,0.00073,0.30413
CVE-2023-4616,0.00151,0.51325
CVE-2023-46167,0.00074,0.30542
CVE-2023-46174,0.00044,0.10565
CVE-2023-46176,0.00042,0.05722
CVE-2023-46177,0.00082,0.34126
CVE-2023-46189,0.00058,0.21913
CVE-2023-46190,0.00058,0.21913
CVE-2023-46191,0.00058,0.21913
CVE-2023-46192,0.00045,0.11801
CVE-2023-46193,0.00058,0.21913
CVE-2023-46194,0.00046,0.13740
CVE-2023-46198,0.00058,0.21913
CVE-2023-46199,0.00045,0.11801
CVE-2023-4620,0.00097,0.40301
CVE-2023-46200,0.00045,0.11801
CVE-2023-46201,0.00046,0.13740
CVE-2023-46202,0.00058,0.21913
CVE-2023-46204,0.00058,0.21913
CVE-2023-46207,0.00087,0.36261
CVE-2023-46208,0.00046,0.13740
CVE-2023-46209,0.00046,0.13740
CVE-2023-46210,0.00045,0.11801
CVE-2023-46211,0.00045,0.11801
CVE-2023-46212,0.00050,0.15988
CVE-2023-46213,0.00049,0.15110
CVE-2023-46214,0.31482,0.96596
CVE-2023-46215,0.00547,0.75094
CVE-2023-46216,0.00134,0.48641
CVE-2023-46217,0.00134,0.48641
CVE-2023-46218,0.00071,0.29397
CVE-2023-46219,0.00052,0.17638
CVE-2023-4622,0.00042,0.05722
CVE-2023-46220,0.00470,0.73041
CVE-2023-46221,0.00470,0.73041
CVE-2023-46222,0.00470,0.73041
CVE-2023-46223,0.00470,0.73041
CVE-2023-46224,0.00470,0.73041
CVE-2023-46225,0.00470,0.73041
CVE-2023-46226,0.00336,0.68376
CVE-2023-46227,0.00080,0.33422
CVE-2023-46228,0.00050,0.16759
CVE-2023-46229,0.00084,0.34630
CVE-2023-4623,0.00042,0.05722
CVE-2023-46232,0.00052,0.17989
CVE-2023-46233,0.00067,0.27762
CVE-2023-46234,0.00052,0.17726
CVE-2023-46235,0.00046,0.13740
CVE-2023-46236,0.00093,0.39078
CVE-2023-46237,0.00050,0.15976
CVE-2023-46238,0.00053,0.18547
CVE-2023-46239,0.00053,0.18664
CVE-2023-4624,0.00045,0.11801
CVE-2023-46240,0.00064,0.26487
CVE-2023-46242,0.00078,0.32639
CVE-2023-46243,0.00062,0.24528
CVE-2023-46244,0.00076,0.31205
CVE-2023-46245,0.00094,0.39466
CVE-2023-46246,0.00042,0.05722
CVE-2023-46247,0.00076,0.31202
CVE-2023-46248,0.00125,0.46956
CVE-2023-46249,0.00096,0.39974
CVE-2023-4625,0.00100,0.40859
CVE-2023-46250,0.00044,0.08085
CVE-2023-46251,0.00052,0.17989
CVE-2023-46252,0.00046,0.13740
CVE-2023-46253,0.00095,0.39650
CVE-2023-46254,0.00045,0.11801
CVE-2023-46255,0.00087,0.36261
CVE-2023-46256,0.00124,0.46801
CVE-2023-46257,0.00470,0.73041
CVE-2023-46258,0.00470,0.73041
CVE-2023-46259,0.00470,0.73041
CVE-2023-46260,0.00470,0.73041
CVE-2023-46261,0.00470,0.73041
CVE-2023-46262,0.00978,0.81834
CVE-2023-46263,0.00306,0.66742
CVE-2023-46264,0.00560,0.75325
CVE-2023-46265,0.01019,0.82209
CVE-2023-46266,0.00583,0.75846
CVE-2023-46277,0.00042,0.05722
CVE-2023-46278,0.00065,0.26805
CVE-2023-46279,0.03566,0.90726
CVE-2023-46281,0.00077,0.31815
CVE-2023-46282,0.00046,0.13740
CVE-2023-46283,0.00046,0.13740
CVE-2023-46284,0.00046,0.13740
CVE-2023-46285,0.00046,0.13740
CVE-2023-46287,0.00052,0.17770
CVE-2023-46288,0.00044,0.08089
CVE-2023-46289,0.00044,0.10871
CVE-2023-46290,0.00063,0.25789
CVE-2023-46298,0.00049,0.15801
CVE-2023-4630,0.00045,0.11801
CVE-2023-46300,0.00097,0.40263
CVE-2023-46301,0.00097,0.40263
CVE-2023-46302,0.00170,0.54106
CVE-2023-46303,0.00048,0.14563
CVE-2023-46306,0.00058,0.22617
CVE-2023-46307,0.00060,0.23717
CVE-2023-46308,0.00091,0.38380
CVE-2023-4631,0.00046,0.13740
CVE-2023-46311,0.00050,0.16404
CVE-2023-46312,0.00046,0.13740
CVE-2023-46313,0.00046,0.13740
CVE-2023-46315,0.00098,0.40486
CVE-2023-46316,0.00042,0.05722
CVE-2023-46317,0.00046,0.13740
CVE-2023-46319,0.00087,0.36261
CVE-2023-4632,0.00042,0.05722
CVE-2023-46321,0.00091,0.38380
CVE-2023-46322,0.00091,0.38380
CVE-2023-46324,0.00064,0.26487
CVE-2023-46326,0.00050,0.16285
CVE-2023-46327,0.00056,0.20806
CVE-2023-46331,0.00044,0.10345
CVE-2023-46332,0.00044,0.10345
CVE-2023-4634,0.02302,0.88615
CVE-2023-46343,0.00042,0.05722
CVE-2023-46345,0.00046,0.13740
CVE-2023-46346,0.00090,0.37805
CVE-2023-46347,0.00076,0.31600
CVE-2023-46348,0.00091,0.38380
CVE-2023-46349,0.00076,0.31600
CVE-2023-4635,0.00097,0.40301
CVE-2023-46351,0.00076,0.31600
CVE-2023-46352,0.00087,0.36261
CVE-2023-46353,0.00076,0.31600
CVE-2023-46354,0.00087,0.36261
CVE-2023-46355,0.00046,0.13740
CVE-2023-46356,0.00076,0.31600
CVE-2023-46357,0.00076,0.31600
CVE-2023-46358,0.00076,0.31600
CVE-2023-4636,0.00050,0.15985
CVE-2023-46361,0.00046,0.13740
CVE-2023-46362,0.00044,0.10345
CVE-2023-46363,0.00044,0.10345
CVE-2023-46369,0.00087,0.36569
CVE-2023-46370,0.15834,0.95464
CVE-2023-46371,0.00046,0.13815
CVE-2023-46373,0.00046,0.13815
CVE-2023-46374,0.00046,0.13740
CVE-2023-46375,0.00058,0.21913
CVE-2023-46376,0.00084,0.34921
CVE-2023-46378,0.00045,0.11801
CVE-2023-46380,0.00064,0.26487
CVE-2023-46381,0.00072,0.29721
CVE-2023-46382,0.00064,0.26487
CVE-2023-46383,0.00082,0.34004
CVE-2023-46384,0.00113,0.44764
CVE-2023-46385,0.00099,0.40731
CVE-2023-46386,0.00113,0.44764
CVE-2023-46387,0.00099,0.40731
CVE-2023-46388,0.00113,0.44764
CVE-2023-46389,0.00099,0.40731
CVE-2023-46393,0.00048,0.14563
CVE-2023-46394,0.00045,0.11801
CVE-2023-46396,0.00045,0.11801
CVE-2023-4640,0.00087,0.36261
CVE-2023-46402,0.00046,0.13740
CVE-2023-46404,0.00343,0.68687
CVE-2023-46407,0.00052,0.18141
CVE-2023-46408,0.00193,0.57246
CVE-2023-46409,0.00193,0.57246
CVE-2023-4641,0.00045,0.12069
CVE-2023-46410,0.00193,0.57246
CVE-2023-46411,0.00193,0.57246
CVE-2023-46412,0.00193,0.57246
CVE-2023-46413,0.00193,0.57246
CVE-2023-46414,0.00251,0.63131
CVE-2023-46415,0.00251,0.63131
CVE-2023-46416,0.00251,0.63131
CVE-2023-46417,0.00251,0.63131
CVE-2023-46418,0.00251,0.63131
CVE-2023-46419,0.00251,0.63131
CVE-2023-4642,0.00048,0.14563
CVE-2023-46420,0.00251,0.63131
CVE-2023-46421,0.00251,0.63131
CVE-2023-46422,0.00251,0.63131
CVE-2023-46423,0.00251,0.63131
CVE-2023-46424,0.00251,0.63131
CVE-2023-46428,0.00055,0.20491
CVE-2023-4643,0.00050,0.16285
CVE-2023-46435,0.00076,0.31600
CVE-2023-46445,0.00074,0.30593
CVE-2023-46446,0.00086,0.35678
CVE-2023-46447,0.00046,0.13848
CVE-2023-46448,0.00046,0.13740
CVE-2023-46449,0.00055,0.20413
CVE-2023-4645,0.00065,0.26944
CVE-2023-46450,0.00045,0.11801
CVE-2023-46451,0.00045,0.11801
CVE-2023-46454,0.00090,0.37742
CVE-2023-46455,0.00048,0.14771
CVE-2023-46456,0.00091,0.38380
CVE-2023-4646,0.00045,0.11801
CVE-2023-46467,0.00052,0.17688
CVE-2023-46468,0.00103,0.41681
CVE-2023-4647,0.00046,0.13740
CVE-2023-46470,0.00052,0.17688
CVE-2023-46471,0.00052,0.17688
CVE-2023-46474,0.00091,0.38433
CVE-2023-46475,0.00045,0.11801
CVE-2023-46478,0.00242,0.62305
CVE-2023-4648,0.00045,0.11801
CVE-2023-46480,0.00233,0.61495
CVE-2023-46482,0.00091,0.38180
CVE-2023-46483,0.00045,0.11801
CVE-2023-46484,0.00223,0.60703
CVE-2023-46485,0.00223,0.60703
CVE-2023-4649,0.00045,0.11801
CVE-2023-46490,0.00055,0.20549
CVE-2023-46491,0.00046,0.13740
CVE-2023-46492,0.00064,0.26154
CVE-2023-46493,0.00056,0.21158
CVE-2023-46494,0.00059,0.22840
CVE-2023-46495,0.00059,0.22840
CVE-2023-46496,0.00069,0.28682
CVE-2023-46497,0.00048,0.14288
CVE-2023-46498,0.00206,0.58603
CVE-2023-46499,0.00059,0.22840
CVE-2023-4650,0.00044,0.10862
CVE-2023-46501,0.00144,0.50236
CVE-2023-46502,0.00148,0.50813
CVE-2023-46503,0.00064,0.26154
CVE-2023-46504,0.00049,0.15110
CVE-2023-46505,0.00050,0.16906
CVE-2023-46509,0.00134,0.48641
CVE-2023-4651,0.00045,0.11801
CVE-2023-46510,0.00134,0.48641
CVE-2023-46518,0.00078,0.32756
CVE-2023-4652,0.00045,0.11801
CVE-2023-46520,0.00066,0.27322
CVE-2023-46521,0.00066,0.27322
CVE-2023-46522,0.00066,0.27322
CVE-2023-46523,0.00066,0.27322
CVE-2023-46525,0.00066,0.27322
CVE-2023-46526,0.00066,0.27322
CVE-2023-46527,0.00066,0.27322
CVE-2023-4653,0.00045,0.11801
CVE-2023-46534,0.00066,0.27322
CVE-2023-46535,0.00066,0.27322
CVE-2023-46536,0.00066,0.27322
CVE-2023-46537,0.00066,0.27322
CVE-2023-46538,0.00066,0.27322
CVE-2023-46539,0.00066,0.27322
CVE-2023-4654,0.00045,0.11801
CVE-2023-46540,0.00079,0.32856
CVE-2023-46541,0.00079,0.32856
CVE-2023-46542,0.00079,0.32856
CVE-2023-46543,0.00079,0.32856
CVE-2023-46544,0.00079,0.32856
CVE-2023-46545,0.00079,0.32856
CVE-2023-46546,0.00079,0.32856
CVE-2023-46547,0.00079,0.32856
CVE-2023-46548,0.00079,0.32856
CVE-2023-46549,0.00079,0.32856
CVE-2023-4655,0.00046,0.13740
CVE-2023-46550,0.00079,0.32856
CVE-2023-46551,0.00079,0.32856
CVE-2023-46552,0.00079,0.32856
CVE-2023-46553,0.00079,0.32856
CVE-2023-46554,0.00079,0.32856
CVE-2023-46555,0.00079,0.32856
CVE-2023-46556,0.00079,0.32856
CVE-2023-46557,0.00079,0.32856
CVE-2023-46558,0.00079,0.32856
CVE-2023-46559,0.00079,0.32856
CVE-2023-46560,0.00079,0.32856
CVE-2023-46562,0.00079,0.32856
CVE-2023-46563,0.00079,0.32856
CVE-2023-46564,0.00079,0.32856
CVE-2023-46569,0.00139,0.49382
CVE-2023-46570,0.00139,0.49382
CVE-2023-46574,0.03124,0.90129
CVE-2023-46575,0.00144,0.50210
CVE-2023-4658,0.00045,0.11801
CVE-2023-46580,0.00049,0.15110
CVE-2023-46581,0.00042,0.05722
CVE-2023-46582,0.00042,0.05722
CVE-2023-46583,0.00050,0.16906
CVE-2023-46584,0.00084,0.35147
CVE-2023-46587,0.00055,0.20747
CVE-2023-46589,0.00484,0.73485
CVE-2023-4659,0.00086,0.35772
CVE-2023-46590,0.00043,0.06775
CVE-2023-46595,0.00045,0.11801
CVE-2023-46601,0.00074,0.30545
CVE-2023-46602,0.00087,0.36569
CVE-2023-46603,0.00087,0.36569
CVE-2023-46604,0.97147,0.99761
CVE-2023-4661,0.00076,0.31600
CVE-2023-46613,0.00045,0.11801
CVE-2023-46614,0.00058,0.21913
CVE-2023-46617,0.00058,0.21913
CVE-2023-46618,0.00058,0.21913
CVE-2023-46619,0.00058,0.21913
CVE-2023-4662,0.00134,0.48641
CVE-2023-46620,0.00058,0.21913
CVE-2023-46621,0.00046,0.13740
CVE-2023-46622,0.00046,0.13740
CVE-2023-46623,0.00049,0.15052
CVE-2023-46624,0.00046,0.13740
CVE-2023-46625,0.00058,0.21913
CVE-2023-46626,0.00046,0.13740
CVE-2023-46627,0.00046,0.13740
CVE-2023-46629,0.00058,0.21913
CVE-2023-4663,0.00046,0.13740
CVE-2023-46634,0.00046,0.13740
CVE-2023-46636,0.00058,0.21913
CVE-2023-46638,0.00058,0.21913
CVE-2023-4664,0.00050,0.16285
CVE-2023-46640,0.00045,0.11801
CVE-2023-46641,0.00045,0.11801
CVE-2023-46642,0.00045,0.11801
CVE-2023-46643,0.00046,0.13740
CVE-2023-46645,0.00059,0.22984
CVE-2023-46646,0.00051,0.17152
CVE-2023-46647,0.00057,0.21374
CVE-2023-46648,0.00063,0.24985
CVE-2023-46649,0.00042,0.05722
CVE-2023-4665,0.00055,0.20491
CVE-2023-46650,0.00090,0.37843
CVE-2023-46651,0.00049,0.14986
CVE-2023-46652,0.00044,0.10753
CVE-2023-46653,0.00049,0.14986
CVE-2023-46654,0.00046,0.12528
CVE-2023-46655,0.00049,0.14986
CVE-2023-46656,0.00046,0.13740
CVE-2023-46657,0.00046,0.13740
CVE-2023-46658,0.00046,0.13740
CVE-2023-46659,0.00090,0.37843
CVE-2023-4666,0.00314,0.67227
CVE-2023-46660,0.00046,0.13740
CVE-2023-46661,0.00091,0.38380
CVE-2023-46662,0.00151,0.51327
CVE-2023-46663,0.00050,0.16404
CVE-2023-46664,0.00091,0.38380
CVE-2023-46665,0.00091,0.38380
CVE-2023-46666,0.00049,0.14986
CVE-2023-46667,0.00050,0.16404
CVE-2023-46668,0.00091,0.38380
CVE-2023-4667,0.00045,0.11801
CVE-2023-46671,0.00049,0.14986
CVE-2023-46672,0.00045,0.12069
CVE-2023-46673,0.00046,0.13740
CVE-2023-46674,0.00045,0.11830
CVE-2023-46675,0.00049,0.14986
CVE-2023-46677,0.00043,0.06775
CVE-2023-46679,0.00043,0.06775
CVE-2023-4668,0.00093,0.39078
CVE-2023-46681,0.00043,0.06775
CVE-2023-46686,0.00046,0.12619
CVE-2023-46688,0.00063,0.25005
CVE-2023-4669,0.00091,0.38380
CVE-2023-46690,0.00198,0.57747
CVE-2023-46693,0.00046,0.13740
CVE-2023-46695,0.00064,0.26297
CVE-2023-46699,0.00046,0.13740
CVE-2023-4670,0.00076,0.31600
CVE-2023-46700,0.00058,0.21987
CVE-2023-46701,0.00046,0.13740
CVE-2023-46705,0.00042,0.05722
CVE-2023-4671,0.00103,0.41771
CVE-2023-46711,0.00052,0.18120
CVE-2023-46712,0.00050,0.16285
CVE-2023-46713,0.00046,0.13740
CVE-2023-4672,0.00046,0.13740
CVE-2023-46722,0.00056,0.20753
CVE-2023-46723,0.00087,0.36261
CVE-2023-46724,0.00610,0.76433
CVE-2023-46725,0.00067,0.27800
CVE-2023-46726,0.00094,0.39336
CVE-2023-46727,0.00068,0.28208
CVE-2023-46728,0.00374,0.69962
CVE-2023-46729,0.00052,0.17989
CVE-2023-4673,0.00076,0.31600
CVE-2023-46730,0.00050,0.16285
CVE-2023-46731,0.00150,0.51030
CVE-2023-46732,0.00125,0.46972
CVE-2023-46733,0.00103,0.41587
CVE-2023-46734,0.00052,0.17638
CVE-2023-46735,0.00046,0.13740
CVE-2023-46736,0.00067,0.27619
CVE-2023-46737,0.00046,0.13740
CVE-2023-46738,0.00044,0.10862
CVE-2023-46739,0.00087,0.36261
CVE-2023-4674,0.00076,0.31600
CVE-2023-46740,0.00091,0.38380
CVE-2023-46741,0.00091,0.38380
CVE-2023-46742,0.00049,0.14986
CVE-2023-46743,0.00045,0.11801
CVE-2023-46744,0.00044,0.10862
CVE-2023-46745,0.00084,0.34921
CVE-2023-46746,0.00051,0.17507
CVE-2023-46747,0.97055,0.99717
CVE-2023-46748,0.00499,0.73848
CVE-2023-46749,0.00044,0.08089
CVE-2023-4675,0.00076,0.31600
CVE-2023-46750,0.00088,0.37164
CVE-2023-46751,0.00090,0.38048
CVE-2023-46752,0.00046,0.13740
CVE-2023-46753,0.00046,0.13740
CVE-2023-46754,0.00046,0.13740
CVE-2023-46755,0.00046,0.13740
CVE-2023-46756,0.00046,0.13740
CVE-2023-46757,0.00087,0.36261
CVE-2023-46758,0.00046,0.13740
CVE-2023-46759,0.00087,0.36261
CVE-2023-4676,0.00046,0.13740
CVE-2023-46760,0.00046,0.13740
CVE-2023-46761,0.00046,0.13740
CVE-2023-46762,0.00046,0.13740
CVE-2023-46763,0.00046,0.13740
CVE-2023-46764,0.00046,0.13740
CVE-2023-46765,0.00046,0.13740
CVE-2023-46766,0.00046,0.13740
CVE-2023-46767,0.00046,0.13740
CVE-2023-46768,0.00046,0.13740
CVE-2023-46769,0.00046,0.13740
CVE-2023-4677,0.00091,0.38380
CVE-2023-46770,0.00046,0.13740
CVE-2023-46771,0.00087,0.36261
CVE-2023-46772,0.00046,0.13740
CVE-2023-46773,0.00091,0.38380
CVE-2023-46774,0.00046,0.13740
CVE-2023-46775,0.00058,0.21913
CVE-2023-46776,0.00058,0.21913
CVE-2023-46777,0.00058,0.21913
CVE-2023-46778,0.00058,0.21913
CVE-2023-46779,0.00058,0.21913
CVE-2023-4678,0.00044,0.10345
CVE-2023-46780,0.00058,0.21913
CVE-2023-46781,0.00058,0.21913
CVE-2023-46782,0.00045,0.11801
CVE-2023-46783,0.00045,0.11801
CVE-2023-46785,0.00096,0.39842
CVE-2023-46787,0.00043,0.06775
CVE-2023-46788,0.00043,0.06775
CVE-2023-46789,0.00043,0.06775
CVE-2023-46793,0.00043,0.06775
CVE-2023-4680,0.00048,0.14697
CVE-2023-46800,0.00043,0.06775
CVE-2023-46802,0.00052,0.18120
CVE-2023-46803,0.00375,0.70010
CVE-2023-46804,0.00375,0.70010
CVE-2023-46805,0.93045,0.98874
CVE-2023-4681,0.00044,0.10345
CVE-2023-46813,0.00042,0.05722
CVE-2023-46814,0.00042,0.05722
CVE-2023-46815,0.00050,0.16285
CVE-2023-46816,0.00049,0.15052
CVE-2023-46817,0.00513,0.74234
CVE-2023-46818,0.00082,0.34095
CVE-2023-46819,0.00085,0.35459
CVE-2023-4682,0.00044,0.10345
CVE-2023-46820,0.00046,0.13740
CVE-2023-46821,0.00050,0.16285
CVE-2023-46822,0.00046,0.13740
CVE-2023-46823,0.00050,0.16285
CVE-2023-46824,0.00045,0.11801
CVE-2023-4683,0.00044,0.10345
CVE-2023-46835,0.00043,0.06775
CVE-2023-46836,0.00043,0.06775
CVE-2023-46837,0.00043,0.06775
CVE-2023-46838,0.00046,0.13740
CVE-2023-46845,0.00124,0.46825
CVE-2023-46846,0.00412,0.71353
CVE-2023-46847,0.03523,0.90678
CVE-2023-46848,0.01357,0.84841
CVE-2023-46849,0.00053,0.18555
CVE-2023-4685,0.00082,0.33967
CVE-2023-46850,0.00523,0.74491
CVE-2023-46851,0.00054,0.19338
CVE-2023-46852,0.00046,0.13740
CVE-2023-46853,0.00091,0.38380
CVE-2023-46854,0.00052,0.17989
CVE-2023-46857,0.00050,0.15935
CVE-2023-46858,0.00050,0.16459
CVE-2023-4686,0.00051,0.17340
CVE-2023-46862,0.00042,0.05722
CVE-2023-46863,0.00185,0.55843
CVE-2023-46864,0.00081,0.33885
CVE-2023-46865,0.00074,0.30480
CVE-2023-46866,0.00046,0.13740
CVE-2023-46867,0.00046,0.13740
CVE-2023-4687,0.00097,0.40301
CVE-2023-46871,0.00046,0.13740
CVE-2023-4688,0.00043,0.06775
CVE-2023-46886,0.00088,0.37084
CVE-2023-46887,0.00084,0.34921
CVE-2023-46889,0.00052,0.18120
CVE-2023-4689,0.00065,0.26944
CVE-2023-46892,0.00053,0.19001
CVE-2023-46894,0.00084,0.34921
CVE-2023-4690,0.00065,0.26944
CVE-2023-46906,0.00044,0.10862
CVE-2023-4691,0.00050,0.16285
CVE-2023-46911,0.00046,0.13740
CVE-2023-46916,0.00052,0.17543
CVE-2023-46918,0.00052,0.18120
CVE-2023-46919,0.00043,0.06775
CVE-2023-4692,0.00042,0.05722
CVE-2023-46925,0.00045,0.11801
CVE-2023-46927,0.00044,0.10345
CVE-2023-46928,0.00044,0.10345
CVE-2023-46929,0.00046,0.13740
CVE-2023-4693,0.00054,0.19659
CVE-2023-46930,0.00044,0.10345
CVE-2023-46931,0.00044,0.10345
CVE-2023-46932,0.00118,0.45753
CVE-2023-46935,0.00045,0.11801
CVE-2023-4694,0.00045,0.12348
CVE-2023-46942,0.00083,0.34469
CVE-2023-46943,0.00091,0.38380
CVE-2023-46944,0.00055,0.20747
CVE-2023-46947,0.00080,0.33433
CVE-2023-4695,0.00106,0.42831
CVE-2023-46952,0.00056,0.20820
CVE-2023-46953,0.00091,0.38180
CVE-2023-46954,0.00091,0.38180
CVE-2023-46956,0.00060,0.23735
CVE-2023-46958,0.00287,0.65623
CVE-2023-4696,0.00091,0.38380
CVE-2023-46963,0.00078,0.32256
CVE-2023-46964,0.00064,0.26154
CVE-2023-4697,0.00050,0.16285
CVE-2023-46974,0.00061,0.23994
CVE-2023-46976,0.02619,0.89295
CVE-2023-46977,0.00079,0.32856
CVE-2023-46978,0.00069,0.28535
CVE-2023-46979,0.02619,0.89295
CVE-2023-4698,0.00084,0.34859
CVE-2023-46980,0.00349,0.68956
CVE-2023-46981,0.00091,0.38180
CVE-2023-46987,0.00204,0.58374
CVE-2023-46989,0.00042,0.05722
CVE-2023-4699,0.00123,0.46649
CVE-2023-46990,0.00127,0.47370
CVE-2023-46992,0.00069,0.28535
CVE-2023-46993,0.02619,0.89295
CVE-2023-46998,0.00075,0.30791
CVE-2023-4700,0.00067,0.27630
CVE-2023-47003,0.00143,0.50070
CVE-2023-47004,0.00056,0.21113
CVE-2023-47014,0.00055,0.20414
CVE-2023-47016,0.00049,0.15801
CVE-2023-4702,0.00091,0.38380
CVE-2023-47024,0.00069,0.28708
CVE-2023-47025,0.00042,0.05722
CVE-2023-4703,0.00107,0.43251
CVE-2023-47033,0.00048,0.14563
CVE-2023-47034,0.00048,0.14563
CVE-2023-47035,0.00048,0.14563
CVE-2023-47037,0.00101,0.41059
CVE-2023-47038,0.00042,0.05722
CVE-2023-47039,0.00042,0.05722
CVE-2023-4704,0.00068,0.28095
CVE-2023-47040,0.00091,0.38066
CVE-2023-47041,0.00428,0.71826
CVE-2023-47042,0.00423,0.71716
CVE-2023-47043,0.00091,0.38066
CVE-2023-47044,0.00146,0.50531
CVE-2023-47046,0.01390,0.85014
CVE-2023-47047,0.00332,0.68238
CVE-2023-47048,0.00109,0.43534
CVE-2023-47049,0.00109,0.43534
CVE-2023-47050,0.00109,0.43534
CVE-2023-47051,0.00127,0.47338
CVE-2023-47052,0.00050,0.15925
CVE-2023-47053,0.00055,0.20418
CVE-2023-47054,0.00146,0.50531
CVE-2023-47055,0.00529,0.74648
CVE-2023-47056,0.00423,0.71716
CVE-2023-47057,0.00428,0.71826
CVE-2023-47058,0.00136,0.48893
CVE-2023-47059,0.00091,0.38066
CVE-2023-4706,0.00043,0.06775
CVE-2023-47060,0.00055,0.20418
CVE-2023-47061,0.00114,0.44797
CVE-2023-47062,0.00114,0.44797
CVE-2023-47063,0.00349,0.68925
CVE-2023-47064,0.00047,0.14158
CVE-2023-47065,0.00047,0.14158
CVE-2023-47066,0.00060,0.23583
CVE-2023-47067,0.00060,0.23583
CVE-2023-47068,0.00060,0.23583
CVE-2023-47069,0.00060,0.23583
CVE-2023-4707,0.00052,0.17770
CVE-2023-47070,0.00088,0.36830
CVE-2023-47071,0.00065,0.26888
CVE-2023-47072,0.00044,0.10354
CVE-2023-47073,0.00088,0.36830
CVE-2023-47074,0.00140,0.49708
CVE-2023-47075,0.00458,0.72747
CVE-2023-47076,0.00057,0.21313
CVE-2023-47077,0.00086,0.35779
CVE-2023-47078,0.00114,0.44797
CVE-2023-47079,0.00114,0.44797
CVE-2023-4708,0.00086,0.35619
CVE-2023-47080,0.00086,0.35779
CVE-2023-47081,0.00086,0.35779
CVE-2023-4709,0.00056,0.20802
CVE-2023-47090,0.00099,0.40565
CVE-2023-47091,0.00046,0.13740
CVE-2023-47093,0.00044,0.10345
CVE-2023-47094,0.00052,0.17702
CVE-2023-47095,0.00052,0.17702
CVE-2023-47096,0.00052,0.17702
CVE-2023-47097,0.00052,0.17702
CVE-2023-47098,0.00052,0.17702
CVE-2023-47099,0.00052,0.17702
CVE-2023-4710,0.00056,0.20802
CVE-2023-47100,0.00063,0.25553
CVE-2023-47101,0.00042,0.05722
CVE-2023-47102,0.00046,0.13740
CVE-2023-47104,0.00092,0.38676
CVE-2023-47106,0.00052,0.18008
CVE-2023-47107,0.00089,0.37248
CVE-2023-47108,0.00088,0.36922
CVE-2023-47109,0.00054,0.19619
CVE-2023-4711,0.00302,0.66527
CVE-2023-47110,0.00046,0.13740
CVE-2023-47111,0.00052,0.17638
CVE-2023-47112,0.00045,0.11801
CVE-2023-47113,0.00042,0.05722
CVE-2023-47114,0.00065,0.26900
CVE-2023-47115,0.01423,0.85184
CVE-2023-47117,0.00090,0.37830
CVE-2023-47118,0.00080,0.33245
CVE-2023-47119,0.00052,0.18014
CVE-2023-4712,0.00077,0.31941
CVE-2023-47120,0.00053,0.18664
CVE-2023-47121,0.00068,0.28208
CVE-2023-47122,0.00054,0.19372
CVE-2023-47124,0.00102,0.41476
CVE-2023-47125,0.00072,0.29667
CVE-2023-47126,0.00052,0.17989
CVE-2023-47127,0.00052,0.17533
CVE-2023-47128,0.00076,0.31600
CVE-2023-47129,0.00071,0.29184
CVE-2023-4713,0.00076,0.31144
CVE-2023-47130,0.00378,0.70157
CVE-2023-4714,0.02512,0.89084
CVE-2023-47140,0.00089,0.37264
CVE-2023-47141,0.00044,0.10465
CVE-2023-47145,0.00042,0.05722
CVE-2023-47146,0.00049,0.15916
CVE-2023-47152,0.00074,0.30453
CVE-2023-47158,0.00044,0.10465
CVE-2023-4716,0.00056,0.21002
CVE-2023-47161,0.00044,0.10465
CVE-2023-47163,0.00049,0.15801
CVE-2023-47164,0.00077,0.31762
CVE-2023-47168,0.00046,0.13740
CVE-2023-47171,0.00049,0.15812
CVE-2023-47172,0.00042,0.05722
CVE-2023-47174,0.00159,0.52499
CVE-2023-47175,0.00149,0.50933
CVE-2023-47177,0.00045,0.11801
CVE-2023-4718,0.00051,0.17507
CVE-2023-47181,0.00045,0.11801
CVE-2023-47182,0.00058,0.21913
CVE-2023-47184,0.00045,0.11801
CVE-2023-47185,0.00046,0.13740
CVE-2023-47186,0.00058,0.21913
CVE-2023-4719,0.00065,0.26944
CVE-2023-47190,0.00045,0.11801
CVE-2023-47191,0.00049,0.14986
CVE-2023-47192,0.00045,0.12491
CVE-2023-47193,0.00045,0.12491
CVE-2023-47194,0.00045,0.12491
CVE-2023-47195,0.00045,0.12491
CVE-2023-47196,0.00045,0.12491
CVE-2023-47197,0.00045,0.12491
CVE-2023-47198,0.00045,0.12491
CVE-2023-47199,0.00045,0.12491
CVE-2023-4720,0.00044,0.10345
CVE-2023-47200,0.00045,0.12491
CVE-2023-47201,0.00047,0.14170
CVE-2023-47202,0.00045,0.12491
CVE-2023-47204,0.00072,0.29664
CVE-2023-47207,0.00108,0.43462
CVE-2023-4721,0.00044,0.10345
CVE-2023-47211,0.00164,0.53043
CVE-2023-47213,0.00103,0.41763
CVE-2023-47215,0.00045,0.11801
CVE-2023-47216,0.00042,0.05722
CVE-2023-47217,0.00042,0.05722
CVE-2023-47219,0.00050,0.16285
CVE-2023-4722,0.00044,0.10345
CVE-2023-47223,0.00045,0.11801
CVE-2023-47226,0.00045,0.11801
CVE-2023-47227,0.00045,0.11801
CVE-2023-47228,0.00045,0.11801
CVE-2023-47229,0.00045,0.11801
CVE-2023-4723,0.00065,0.26944
CVE-2023-47230,0.00058,0.21913
CVE-2023-47231,0.00045,0.11801
CVE-2023-47233,0.00042,0.05722
CVE-2023-47234,0.00046,0.13740
CVE-2023-47235,0.00046,0.13740
CVE-2023-47236,0.00049,0.14986
CVE-2023-47237,0.00058,0.21913
CVE-2023-47238,0.00058,0.21913
CVE-2023-47239,0.00045,0.11801
CVE-2023-4724,0.00050,0.16285
CVE-2023-47240,0.00045,0.11801
CVE-2023-47242,0.00045,0.11801
CVE-2023-47243,0.00058,0.21913
CVE-2023-47244,0.00087,0.36261
CVE-2023-47245,0.00045,0.11801
CVE-2023-47246,0.67520,0.97672
CVE-2023-47247,0.00045,0.11801
CVE-2023-47248,0.00504,0.74013
CVE-2023-47249,0.00046,0.13740
CVE-2023-4725,0.00045,0.11801
CVE-2023-47250,0.00119,0.45851
CVE-2023-47251,0.00245,0.62593
CVE-2023-47253,0.00615,0.76538
CVE-2023-47254,0.00185,0.55835
CVE-2023-47258,0.00046,0.13740
CVE-2023-47259,0.00046,0.13740
CVE-2023-4726,0.00045,0.11801
CVE-2023-47260,0.00046,0.13740
CVE-2023-47261,0.00317,0.67440
CVE-2023-47262,0.00045,0.12108
CVE-2023-47263,0.00046,0.13740
CVE-2023-47264,0.00046,0.13740
CVE-2023-47265,0.00107,0.43162
CVE-2023-47267,0.00091,0.38380
CVE-2023-47271,0.00052,0.17989
CVE-2023-47272,0.00098,0.40337
CVE-2023-47279,0.00107,0.43036
CVE-2023-47283,0.00069,0.28726
CVE-2023-47304,0.00042,0.05722
CVE-2023-47307,0.00046,0.13740
CVE-2023-47308,0.00076,0.31600
CVE-2023-47309,0.00045,0.11801
CVE-2023-47311,0.00046,0.13740
CVE-2023-47312,0.00049,0.14986
CVE-2023-47313,0.00046,0.12730
CVE-2023-47314,0.00045,0.11801
CVE-2023-47315,0.00050,0.16285
CVE-2023-47316,0.00045,0.11801
CVE-2023-4732,0.00042,0.05722
CVE-2023-47320,0.00046,0.12561
CVE-2023-47321,0.00046,0.12619
CVE-2023-47322,0.00058,0.21913
CVE-2023-47323,0.00084,0.34921
CVE-2023-47324,0.00051,0.17093
CVE-2023-47325,0.00045,0.11801
CVE-2023-47326,0.00058,0.21913
CVE-2023-47327,0.00045,0.11801
CVE-2023-4733,0.00056,0.21036
CVE-2023-47335,0.00045,0.12108
CVE-2023-4734,0.00050,0.16759
CVE-2023-47345,0.00046,0.13740
CVE-2023-47346,0.00046,0.13740
CVE-2023-47347,0.00046,0.13740
CVE-2023-4735,0.00050,0.16759
CVE-2023-47350,0.00069,0.28708
CVE-2023-47352,0.00050,0.16759
CVE-2023-47359,0.00087,0.36569
CVE-2023-4736,0.00050,0.16759
CVE-2023-47360,0.00046,0.13833
CVE-2023-47363,0.00078,0.32256
CVE-2023-47364,0.00078,0.32256
CVE-2023-47365,0.00078,0.32256
CVE-2023-47366,0.00078,0.32256
CVE-2023-47367,0.00078,0.32256
CVE-2023-47368,0.00078,0.32256
CVE-2023-47369,0.00078,0.32256
CVE-2023-4737,0.00076,0.31600
CVE-2023-47370,0.00078,0.32256
CVE-2023-47372,0.00078,0.32256
CVE-2023-47373,0.00078,0.32256
CVE-2023-47379,0.00053,0.18547
CVE-2023-4738,0.00050,0.16759
CVE-2023-47380,0.00052,0.17989
CVE-2023-47384,0.00044,0.10345
CVE-2023-4739,0.00175,0.54736
CVE-2023-47390,0.00084,0.34921
CVE-2023-47392,0.00046,0.13740
CVE-2023-47393,0.00046,0.13740
CVE-2023-47397,0.00128,0.47396
CVE-2023-4740,0.00076,0.31144
CVE-2023-4741,0.00076,0.31144
CVE-2023-47417,0.00050,0.16906
CVE-2023-47418,0.00268,0.64422
CVE-2023-4742,0.00076,0.31144
CVE-2023-4743,0.00052,0.17989
CVE-2023-47437,0.00045,0.11801
CVE-2023-4744,0.00088,0.36687
CVE-2023-47440,0.00064,0.26400
CVE-2023-47444,0.00099,0.40717
CVE-2023-47445,0.00076,0.31600
CVE-2023-47446,0.00045,0.11801
CVE-2023-4745,0.00063,0.25553
CVE-2023-47452,0.00042,0.05722
CVE-2023-47453,0.00042,0.05722
CVE-2023-47454,0.00042,0.05722
CVE-2023-47455,0.00048,0.14563
CVE-2023-47456,0.00048,0.14563
CVE-2023-47458,0.00095,0.39668
CVE-2023-47459,0.00083,0.34508
CVE-2023-4746,0.00079,0.32884
CVE-2023-47460,0.00071,0.29285
CVE-2023-47462,0.00272,0.64668
CVE-2023-47463,0.00244,0.62427
CVE-2023-47464,0.00145,0.50373
CVE-2023-47465,0.00042,0.05722
CVE-2023-47467,0.00068,0.28356
CVE-2023-4747,0.00058,0.22658
CVE-2023-47470,0.00140,0.49509
CVE-2023-47471,0.00052,0.17540
CVE-2023-47473,0.00119,0.45871
CVE-2023-4748,0.00113,0.44659
CVE-2023-47488,0.00046,0.12547
CVE-2023-47489,0.00042,0.05722
CVE-2023-4749,0.00063,0.25553
CVE-2023-4750,0.00056,0.21036
CVE-2023-47503,0.00270,0.64555
CVE-2023-47505,0.00045,0.11801
CVE-2023-47506,0.00050,0.16285
CVE-2023-47507,0.00072,0.29664
CVE-2023-47508,0.00046,0.13740
CVE-2023-47509,0.00046,0.13740
CVE-2023-4751,0.00050,0.16759
CVE-2023-47510,0.00046,0.13740
CVE-2023-47511,0.00045,0.11801
CVE-2023-47512,0.00046,0.13740
CVE-2023-47514,0.00046,0.13740
CVE-2023-47516,0.00046,0.13740
CVE-2023-47517,0.00046,0.13740
CVE-2023-47518,0.00046,0.13740
CVE-2023-47519,0.00058,0.21913
CVE-2023-4752,0.00055,0.20519
CVE-2023-47520,0.00046,0.13740
CVE-2023-47521,0.00046,0.13740
CVE-2023-47522,0.00046,0.13740
CVE-2023-47524,0.00046,0.13740
CVE-2023-47525,0.00045,0.11801
CVE-2023-47527,0.00045,0.11801
CVE-2023-47528,0.00045,0.11801
CVE-2023-47529,0.00087,0.36261
CVE-2023-4753,0.00042,0.05722
CVE-2023-47530,0.00050,0.16285
CVE-2023-47531,0.00058,0.21913
CVE-2023-47532,0.00046,0.13740
CVE-2023-47533,0.00045,0.11801
CVE-2023-47536,0.00070,0.29125
CVE-2023-4754,0.00044,0.10345
CVE-2023-47544,0.00046,0.13740
CVE-2023-47545,0.00045,0.11801
CVE-2023-47546,0.00045,0.11801
CVE-2023-47547,0.00046,0.13740
CVE-2023-47548,0.00046,0.13740
CVE-2023-47549,0.00046,0.13740
CVE-2023-4755,0.00044,0.10345
CVE-2023-47550,0.00046,0.13740
CVE-2023-47551,0.00058,0.21913
CVE-2023-47552,0.00058,0.21913
CVE-2023-47553,0.00058,0.21913
CVE-2023-47554,0.00045,0.11801
CVE-2023-47556,0.00058,0.21913
CVE-2023-47558,0.00050,0.16404
CVE-2023-47559,0.00045,0.11801
CVE-2023-4756,0.00044,0.10345
CVE-2023-47560,0.00047,0.13872
CVE-2023-47565,0.01453,0.85354
CVE-2023-4757,0.00045,0.11801
CVE-2023-47573,0.00050,0.16285
CVE-2023-47574,0.00087,0.36261
CVE-2023-47575,0.00046,0.13740
CVE-2023-47576,0.00048,0.14225
CVE-2023-47577,0.00091,0.38380
CVE-2023-47578,0.00058,0.21913
CVE-2023-47579,0.00087,0.36261
CVE-2023-4758,0.00044,0.10345
CVE-2023-47580,0.00050,0.16759
CVE-2023-47581,0.00050,0.16759
CVE-2023-47582,0.00050,0.16759
CVE-2023-47583,0.00050,0.16759
CVE-2023-47584,0.00050,0.16759
CVE-2023-47585,0.00050,0.16759
CVE-2023-47586,0.00050,0.16759
CVE-2023-4759,0.00128,0.47548
CVE-2023-4760,0.00263,0.64051
CVE-2023-47609,0.00071,0.29285
CVE-2023-4761,0.00142,0.49986
CVE-2023-47610,0.00233,0.61430
CVE-2023-47611,0.00042,0.05722
CVE-2023-47612,0.00053,0.19001
CVE-2023-47613,0.00044,0.07794
CVE-2023-47614,0.00042,0.05722
CVE-2023-47615,0.00042,0.05722
CVE-2023-47616,0.00052,0.18120
CVE-2023-47619,0.00049,0.14986
CVE-2023-4762,0.00692,0.78113
CVE-2023-47620,0.00046,0.13740
CVE-2023-47621,0.00055,0.20491
CVE-2023-47623,0.00046,0.13740
CVE-2023-47624,0.00052,0.17604
CVE-2023-47625,0.00044,0.10862
CVE-2023-47627,0.00072,0.29622
CVE-2023-47628,0.00046,0.13740
CVE-2023-47629,0.00050,0.16285
CVE-2023-4763,0.00247,0.62737
CVE-2023-47630,0.00050,0.16285
CVE-2023-47631,0.00060,0.23697
CVE-2023-47633,0.00049,0.15801
CVE-2023-47636,0.00052,0.17989
CVE-2023-47637,0.00058,0.22588
CVE-2023-4764,0.00148,0.50872
CVE-2023-47640,0.00050,0.16285
CVE-2023-47641,0.00046,0.13740
CVE-2023-47642,0.00045,0.11801
CVE-2023-47643,0.01652,0.86299
CVE-2023-47644,0.00058,0.21913
CVE-2023-47645,0.00058,0.21913
CVE-2023-47646,0.00045,0.11801
CVE-2023-47649,0.00058,0.21913
CVE-2023-47650,0.00058,0.21913
CVE-2023-47651,0.00058,0.21913
CVE-2023-47652,0.00046,0.13740
CVE-2023-47653,0.00045,0.11801
CVE-2023-47654,0.00045,0.11801
CVE-2023-47655,0.00058,0.21913
CVE-2023-47656,0.00045,0.11801
CVE-2023-47657,0.00045,0.11801
CVE-2023-47658,0.00045,0.11801
CVE-2023-47659,0.00045,0.11801
CVE-2023-4766,0.00076,0.31600
CVE-2023-47660,0.00045,0.11801
CVE-2023-47662,0.00045,0.11801
CVE-2023-47664,0.00058,0.21913
CVE-2023-47665,0.00046,0.13740
CVE-2023-47666,0.00058,0.21913
CVE-2023-47667,0.00058,0.21913
CVE-2023-47668,0.00087,0.36261
CVE-2023-47669,0.00058,0.21913
CVE-2023-4767,0.00379,0.70212
CVE-2023-47670,0.00058,0.21913
CVE-2023-47671,0.00058,0.21913
CVE-2023-47672,0.00058,0.21913
CVE-2023-47673,0.00046,0.13740
CVE-2023-47674,0.00106,0.42895
CVE-2023-47675,0.00083,0.34310
CVE-2023-47678,0.00067,0.27762
CVE-2023-4768,0.00379,0.70212
CVE-2023-47680,0.00045,0.11801
CVE-2023-47684,0.00046,0.13740
CVE-2023-47685,0.00058,0.21913
CVE-2023-47686,0.00058,0.21913
CVE-2023-47687,0.00058,0.21913
CVE-2023-47688,0.00058,0.21913
CVE-2023-4769,0.00386,0.70451
CVE-2023-47690,0.00046,0.13740
CVE-2023-47695,0.00046,0.13740
CVE-2023-47696,0.00046,0.13740
CVE-2023-47697,0.00046,0.13740
CVE-2023-4770,0.00055,0.20747
CVE-2023-47701,0.00074,0.30542
CVE-2023-47702,0.00082,0.34096
CVE-2023-47703,0.00058,0.22604
CVE-2023-47704,0.00074,0.30453
CVE-2023-47705,0.00044,0.10565
CVE-2023-47706,0.00049,0.15859
CVE-2023-47707,0.00044,0.10565
CVE-2023-4771,0.00046,0.13740
CVE-2023-47718,0.00064,0.26257
CVE-2023-4772,0.00051,0.17507
CVE-2023-47722,0.00042,0.05722
CVE-2023-4773,0.00045,0.11801
CVE-2023-4774,0.00051,0.17507
CVE-2023-47741,0.00052,0.18120
CVE-2023-47746,0.00044,0.10465
CVE-2023-47747,0.00044,0.10465
CVE-2023-4775,0.00051,0.17450
CVE-2023-47754,0.00091,0.38380
CVE-2023-47755,0.00046,0.13740
CVE-2023-47757,0.00058,0.21913
CVE-2023-47758,0.00058,0.21913
CVE-2023-47759,0.00045,0.11801
CVE-2023-4776,0.00050,0.16285
CVE-2023-47765,0.00058,0.21913
CVE-2023-47766,0.00046,0.13740
CVE-2023-47767,0.00046,0.13740
CVE-2023-47768,0.00046,0.13740
CVE-2023-4777,0.00045,0.11801
CVE-2023-47772,0.00045,0.11801
CVE-2023-47773,0.00046,0.13740
CVE-2023-47775,0.00058,0.21913
CVE-2023-47777,0.00051,0.17093
CVE-2023-47779,0.00046,0.13740
CVE-2023-4778,0.00044,0.10345
CVE-2023-47781,0.00058,0.21913
CVE-2023-47784,0.00050,0.16285
CVE-2023-47785,0.00058,0.21913
CVE-2023-47786,0.00045,0.11801
CVE-2023-47787,0.00058,0.21913
CVE-2023-47789,0.00058,0.21913
CVE-2023-4779,0.00045,0.11801
CVE-2023-47790,0.00046,0.13740
CVE-2023-47791,0.00058,0.21913
CVE-2023-47792,0.00058,0.21913
CVE-2023-47797,0.00059,0.23047
CVE-2023-47800,0.00319,0.67555
CVE-2023-47801,0.00044,0.10862
CVE-2023-47804,0.00553,0.75215
CVE-2023-47806,0.00058,0.21913
CVE-2023-47808,0.00045,0.11801
CVE-2023-47809,0.00045,0.11801
CVE-2023-4781,0.00050,0.16759
CVE-2023-47810,0.00045,0.11801
CVE-2023-47811,0.00045,0.11801
CVE-2023-47812,0.00045,0.11801
CVE-2023-47813,0.00045,0.11801
CVE-2023-47814,0.00045,0.11801
CVE-2023-47815,0.00045,0.11801
CVE-2023-47816,0.00045,0.11801
CVE-2023-47817,0.00045,0.11801
CVE-2023-47819,0.00058,0.21913
CVE-2023-4782,0.00044,0.08212
CVE-2023-47821,0.00045,0.11801
CVE-2023-47824,0.00058,0.21913
CVE-2023-47825,0.00058,0.21913
CVE-2023-47827,0.00048,0.14563
CVE-2023-47829,0.00045,0.11801
CVE-2023-4783,0.00045,0.11801
CVE-2023-47831,0.00045,0.11801
CVE-2023-47833,0.00045,0.11801
CVE-2023-47834,0.00045,0.11801
CVE-2023-47835,0.00045,0.11801
CVE-2023-47839,0.00045,0.11801
CVE-2023-47840,0.00049,0.15052
CVE-2023-47844,0.00046,0.13740
CVE-2023-47848,0.00046,0.13740
CVE-2023-4785,0.00055,0.20401
CVE-2023-47850,0.00045,0.11801
CVE-2023-47851,0.00045,0.11801
CVE-2023-47852,0.00050,0.16285
CVE-2023-47853,0.00045,0.11801
CVE-2023-47854,0.00045,0.11801
CVE-2023-47857,0.00042,0.05722
CVE-2023-47858,0.00045,0.11801
CVE-2023-47861,0.00075,0.30777
CVE-2023-47862,0.00262,0.63978
CVE-2023-47865,0.00045,0.11801
CVE-2023-47870,0.00050,0.15988
CVE-2023-47872,0.00045,0.11801
CVE-2023-47875,0.00058,0.21913
CVE-2023-47876,0.00046,0.13740
CVE-2023-47877,0.00045,0.11801
CVE-2023-47882,0.00069,0.28744
CVE-2023-47883,0.00431,0.71903
CVE-2023-47890,0.00053,0.18553
CVE-2023-4792,0.00051,0.17507
CVE-2023-4795,0.00045,0.11801
CVE-2023-4796,0.00050,0.15935
CVE-2023-4797,0.00049,0.15812
CVE-2023-4798,0.00045,0.11801
CVE-2023-4799,0.00045,0.11801
CVE-2023-47990,0.00076,0.31600
CVE-2023-47992,0.00087,0.36569
CVE-2023-47993,0.00046,0.13740
CVE-2023-47994,0.00087,0.36569
CVE-2023-47995,0.00046,0.13740
CVE-2023-47996,0.00046,0.13740
CVE-2023-47997,0.00046,0.13740
CVE-2023-4800,0.00049,0.14986
CVE-2023-48003,0.00097,0.40232
CVE-2023-4801,0.00053,0.19001
CVE-2023-48011,0.00053,0.19001
CVE-2023-48013,0.00053,0.19001
CVE-2023-48014,0.00053,0.19001
CVE-2023-48016,0.00073,0.30355
CVE-2023-48017,0.00058,0.21913
CVE-2023-4802,0.00045,0.11801
CVE-2023-48020,0.00058,0.21913
CVE-2023-48021,0.00058,0.21913
CVE-2023-48022,0.00106,0.42831
CVE-2023-48023,0.00526,0.74564
CVE-2023-48024,0.00046,0.13740
CVE-2023-48025,0.00084,0.34859
CVE-2023-48028,0.00106,0.42831
CVE-2023-48029,0.00056,0.21216
CVE-2023-4803,0.00045,0.11801
CVE-2023-48031,0.00120,0.46102
CVE-2023-48034,0.00046,0.13766
CVE-2023-48039,0.00044,0.10345
CVE-2023-4804,0.00091,0.38380
CVE-2023-48042,0.00059,0.23047
CVE-2023-48049,0.00091,0.38180
CVE-2023-4805,0.00045,0.11801
CVE-2023-48050,0.00091,0.38180
CVE-2023-48051,0.00059,0.22950
CVE-2023-48052,0.00060,0.23614
CVE-2023-48053,0.00059,0.22950
CVE-2023-48054,0.00060,0.23614
CVE-2023-48055,0.00059,0.22950
CVE-2023-48056,0.00056,0.20806
CVE-2023-48058,0.00058,0.21913
CVE-2023-4806,0.00097,0.40171
CVE-2023-48060,0.00058,0.21913
CVE-2023-48063,0.00046,0.13740
CVE-2023-48068,0.00045,0.11801
CVE-2023-4807,0.00043,0.07680
CVE-2023-48078,0.00076,0.31600
CVE-2023-4808,0.00045,0.11801
CVE-2023-48084,0.00080,0.33331
CVE-2023-48085,0.28543,0.96455
CVE-2023-48087,0.00045,0.11801
CVE-2023-48088,0.00045,0.11801
CVE-2023-48089,0.00106,0.42858
CVE-2023-4809,0.00053,0.18847
CVE-2023-48090,0.00045,0.12108
CVE-2023-48094,0.00050,0.16906
CVE-2023-4810,0.00044,0.08128
CVE-2023-48104,0.00046,0.13740
CVE-2023-48105,0.00075,0.30834
CVE-2023-48106,0.00118,0.45753
CVE-2023-48107,0.00093,0.39205
CVE-2023-48109,0.00046,0.13740
CVE-2023-4811,0.00045,0.11801
CVE-2023-48110,0.00046,0.13740
CVE-2023-48111,0.00046,0.13740
CVE-2023-48114,0.00045,0.11801
CVE-2023-48115,0.00045,0.11801
CVE-2023-48116,0.00045,0.11801
CVE-2023-48118,0.00256,0.63527
CVE-2023-4812,0.00046,0.13740
CVE-2023-48121,0.00089,0.37483
CVE-2023-48122,0.00116,0.45349
CVE-2023-48123,0.00170,0.54075
CVE-2023-48124,0.00061,0.23994
CVE-2023-48126,0.00045,0.11801
CVE-2023-48127,0.00045,0.11801
CVE-2023-48128,0.00045,0.11801
CVE-2023-48129,0.00045,0.11801
CVE-2023-4813,0.00102,0.41491
CVE-2023-48130,0.00045,0.11801
CVE-2023-48131,0.00045,0.11801
CVE-2023-48132,0.00045,0.11801
CVE-2023-48133,0.00045,0.11801
CVE-2023-48134,0.00084,0.34921
CVE-2023-48135,0.00045,0.11801
CVE-2023-4814,0.00043,0.06775
CVE-2023-4815,0.00050,0.16285
CVE-2023-4816,0.00050,0.16285
CVE-2023-48161,0.00042,0.05722
CVE-2023-48166,0.00109,0.43515
CVE-2023-4817,0.00050,0.16285
CVE-2023-48172,0.00055,0.20501
CVE-2023-48176,0.00148,0.50813
CVE-2023-4818,0.00050,0.16759
CVE-2023-48185,0.00086,0.35814
CVE-2023-48188,0.00091,0.38180
CVE-2023-4819,0.00046,0.13740
CVE-2023-48192,0.00042,0.05722
CVE-2023-48193,0.00436,0.72097
CVE-2023-48197,0.00045,0.11801
CVE-2023-48198,0.00045,0.11801
CVE-2023-48199,0.00042,0.05758
CVE-2023-4820,0.00045,0.11801
CVE-2023-48200,0.00044,0.07751
CVE-2023-48201,0.00052,0.17688
CVE-2023-48202,0.00045,0.11801
CVE-2023-48204,0.00083,0.34508
CVE-2023-48205,0.00080,0.33253
CVE-2023-48206,0.00065,0.27022
CVE-2023-48207,0.00058,0.22710
CVE-2023-48208,0.00054,0.19245
CVE-2023-4821,0.00045,0.11801
CVE-2023-48217,0.00056,0.20756
CVE-2023-48218,0.00053,0.18315
CVE-2023-48219,0.00052,0.17989
CVE-2023-4822,0.00050,0.16285
CVE-2023-48221,0.00116,0.45244
CVE-2023-48222,0.00045,0.11801
CVE-2023-48223,0.00052,0.17539
CVE-2023-48224,0.00088,0.37137
CVE-2023-48225,0.00067,0.27762
CVE-2023-48226,0.00082,0.34094
CVE-2023-48227,0.00044,0.10753
CVE-2023-48228,0.00112,0.44480
CVE-2023-4823,0.00045,0.11801
CVE-2023-48230,0.00505,0.74042
CVE-2023-48231,0.00071,0.29414
CVE-2023-48232,0.00101,0.41203
CVE-2023-48233,0.00101,0.41203
CVE-2023-48234,0.00101,0.41203
CVE-2023-48235,0.00164,0.53066
CVE-2023-48236,0.00101,0.41203
CVE-2023-48237,0.00101,0.41203
CVE-2023-48238,0.00048,0.14563
CVE-2023-48239,0.00052,0.17515
CVE-2023-4824,0.00058,0.21913
CVE-2023-48240,0.00068,0.28208
CVE-2023-48241,0.00064,0.26487
CVE-2023-48242,0.00064,0.26313
CVE-2023-48243,0.00073,0.30021
CVE-2023-48244,0.00059,0.23047
CVE-2023-48245,0.00078,0.32757
CVE-2023-48246,0.00064,0.26313
CVE-2023-48247,0.00064,0.26328
CVE-2023-48248,0.00052,0.17688
CVE-2023-48249,0.00064,0.26313
CVE-2023-48250,0.00141,0.49721
CVE-2023-48251,0.00141,0.49721
CVE-2023-48252,0.00068,0.28011
CVE-2023-48253,0.00068,0.28011
CVE-2023-48254,0.00059,0.23047
CVE-2023-48255,0.00064,0.26125
CVE-2023-48256,0.00066,0.27595
CVE-2023-48257,0.00074,0.30742
CVE-2023-48258,0.00077,0.31949
CVE-2023-48259,0.00067,0.27657
CVE-2023-48260,0.00067,0.27657
CVE-2023-48261,0.00067,0.27657
CVE-2023-48262,0.00233,0.61430
CVE-2023-48263,0.00233,0.61430
CVE-2023-48264,0.00233,0.61430
CVE-2023-48265,0.00233,0.61430
CVE-2023-48266,0.00233,0.61430
CVE-2023-48268,0.00046,0.13740
CVE-2023-4827,0.00087,0.36569
CVE-2023-48272,0.00046,0.13740
CVE-2023-48278,0.00046,0.13740
CVE-2023-48279,0.00058,0.21913
CVE-2023-4828,0.00045,0.11801
CVE-2023-48281,0.00058,0.21913
CVE-2023-48282,0.00058,0.21913
CVE-2023-48283,0.00058,0.21913
CVE-2023-48284,0.00058,0.21913
CVE-2023-48288,0.00087,0.36261
CVE-2023-48289,0.00045,0.11801
CVE-2023-4829,0.00045,0.11801
CVE-2023-48291,0.00101,0.41074
CVE-2023-48292,0.00059,0.22960
CVE-2023-48293,0.00059,0.22960
CVE-2023-48294,0.00050,0.16825
CVE-2023-48295,0.00053,0.18547
CVE-2023-48297,0.00046,0.13740
CVE-2023-48298,0.00144,0.50237
CVE-2023-48299,0.00055,0.20376
CVE-2023-4830,0.00076,0.31600
CVE-2023-48300,0.00049,0.15840
CVE-2023-48301,0.00051,0.17093
CVE-2023-48302,0.00053,0.18547
CVE-2023-48303,0.00053,0.18547
CVE-2023-48304,0.00051,0.17093
CVE-2023-48305,0.00045,0.12069
CVE-2023-48306,0.00068,0.28208
CVE-2023-48307,0.00068,0.28208
CVE-2023-48308,0.00049,0.14986
CVE-2023-48309,0.00063,0.25037
CVE-2023-4831,0.00076,0.31600
CVE-2023-48310,0.00057,0.21551
CVE-2023-48311,0.00045,0.11801
CVE-2023-48312,0.00061,0.24201
CVE-2023-48313,0.00046,0.13740
CVE-2023-48314,0.00046,0.13740
CVE-2023-48315,0.00939,0.81418
CVE-2023-48316,0.00939,0.81418
CVE-2023-48317,0.00045,0.11801
CVE-2023-4832,0.00076,0.31600
CVE-2023-48320,0.00045,0.11801
CVE-2023-48321,0.00045,0.11801
CVE-2023-48322,0.00046,0.13740
CVE-2023-48323,0.00058,0.21913
CVE-2023-48325,0.00046,0.13740
CVE-2023-48326,0.00046,0.13740
CVE-2023-48327,0.00050,0.16285
CVE-2023-48328,0.00058,0.21913
CVE-2023-48329,0.00045,0.11801
CVE-2023-4833,0.00076,0.31600
CVE-2023-48330,0.00058,0.21913
CVE-2023-48331,0.00058,0.21913
CVE-2023-48333,0.00049,0.14986
CVE-2023-48334,0.00058,0.21913
CVE-2023-48336,0.00045,0.11801
CVE-2023-48339,0.00042,0.05722
CVE-2023-4834,0.00045,0.11801
CVE-2023-48340,0.00042,0.05722
CVE-2023-48341,0.00042,0.05722
CVE-2023-48342,0.00042,0.05722
CVE-2023-48343,0.00042,0.05722
CVE-2023-48344,0.00042,0.05722
CVE-2023-48345,0.00042,0.05722
CVE-2023-48346,0.00042,0.05722
CVE-2023-48347,0.00042,0.05722
CVE-2023-48348,0.00042,0.05722
CVE-2023-48349,0.00042,0.05722
CVE-2023-4835,0.00076,0.31600
CVE-2023-48350,0.00042,0.05722
CVE-2023-48351,0.00042,0.05722
CVE-2023-48352,0.00042,0.05722
CVE-2023-48353,0.00042,0.05722
CVE-2023-48354,0.00042,0.05722
CVE-2023-48355,0.00042,0.05722
CVE-2023-48356,0.00042,0.05722
CVE-2023-48357,0.00042,0.05722
CVE-2023-48358,0.00042,0.05722
CVE-2023-48359,0.00042,0.05722
CVE-2023-4836,0.00045,0.11801
CVE-2023-48360,0.00042,0.05722
CVE-2023-48365,0.00082,0.33959
CVE-2023-48369,0.00046,0.13740
CVE-2023-4837,0.00055,0.20387
CVE-2023-48371,0.00267,0.64328
CVE-2023-48372,0.00155,0.51866
CVE-2023-48373,0.00114,0.44985
CVE-2023-48374,0.00077,0.31741
CVE-2023-48375,0.00050,0.16285
CVE-2023-48376,0.00267,0.64328
CVE-2023-48378,0.00114,0.44985
CVE-2023-48379,0.00077,0.31741
CVE-2023-4838,0.00045,0.11801
CVE-2023-48380,0.00067,0.27869
CVE-2023-48381,0.00071,0.29436
CVE-2023-48382,0.00071,0.29436
CVE-2023-48383,0.00114,0.44985
CVE-2023-48384,0.00155,0.51866
CVE-2023-48387,0.00124,0.46836
CVE-2023-48388,0.00148,0.50813
CVE-2023-48389,0.00114,0.44985
CVE-2023-48390,0.00177,0.54906
CVE-2023-48392,0.00121,0.46372
CVE-2023-48393,0.00059,0.23052
CVE-2023-48394,0.00086,0.35838
CVE-2023-48395,0.00072,0.29488
CVE-2023-48397,0.00056,0.21152
CVE-2023-48398,0.00064,0.26342
CVE-2023-48399,0.00042,0.05722
CVE-2023-4840,0.00051,0.17507
CVE-2023-48401,0.00042,0.05722
CVE-2023-48402,0.00042,0.05722
CVE-2023-48403,0.00088,0.37067
CVE-2023-48404,0.00088,0.37067
CVE-2023-48405,0.00042,0.05722
CVE-2023-48406,0.00042,0.05722
CVE-2023-48407,0.00042,0.05722
CVE-2023-48408,0.00042,0.05722
CVE-2023-48409,0.00043,0.07409
CVE-2023-4841,0.00050,0.15935
CVE-2023-48410,0.00088,0.37067
CVE-2023-48411,0.00042,0.05722
CVE-2023-48412,0.00042,0.05722
CVE-2023-48413,0.00056,0.21152
CVE-2023-48414,0.00042,0.05722
CVE-2023-48415,0.00042,0.05722
CVE-2023-48416,0.00058,0.22672
CVE-2023-48417,0.00061,0.24201
CVE-2023-48418,0.00042,0.05722
CVE-2023-48419,0.00061,0.24201
CVE-2023-4842,0.00051,0.17450
CVE-2023-48420,0.00042,0.05722
CVE-2023-48421,0.00042,0.05722
CVE-2023-48422,0.00042,0.05722
CVE-2023-48423,0.00092,0.38672
CVE-2023-48424,0.00061,0.24201
CVE-2023-48425,0.00083,0.34381
CVE-2023-48427,0.00060,0.23614
CVE-2023-48428,0.00051,0.17177
CVE-2023-48429,0.00044,0.10862
CVE-2023-4843,0.00045,0.11801
CVE-2023-48430,0.00044,0.10862
CVE-2023-48431,0.00046,0.13740
CVE-2023-48433,0.00076,0.31600
CVE-2023-48434,0.00076,0.31600
CVE-2023-4844,0.00064,0.26487
CVE-2023-48440,0.00047,0.14158
CVE-2023-48441,0.00065,0.26978
CVE-2023-48442,0.00047,0.14158
CVE-2023-48443,0.00047,0.14158
CVE-2023-48444,0.00047,0.14158
CVE-2023-48445,0.00047,0.14158
CVE-2023-48446,0.00047,0.14158
CVE-2023-48447,0.00047,0.14158
CVE-2023-48448,0.00047,0.14158
CVE-2023-48449,0.00047,0.14158
CVE-2023-4845,0.00063,0.25553
CVE-2023-48450,0.00047,0.14158
CVE-2023-48451,0.00047,0.14158
CVE-2023-48452,0.00047,0.14158
CVE-2023-48453,0.00047,0.14158
CVE-2023-48454,0.00047,0.14158
CVE-2023-48455,0.00047,0.14158
CVE-2023-48456,0.00047,0.14158
CVE-2023-48457,0.00047,0.14158
CVE-2023-48458,0.00047,0.14158
CVE-2023-48459,0.00047,0.14158
CVE-2023-4846,0.00064,0.26393
CVE-2023-48460,0.00047,0.14158
CVE-2023-48461,0.00047,0.14158
CVE-2023-48462,0.00047,0.14158
CVE-2023-48463,0.00047,0.14158
CVE-2023-48464,0.00047,0.14158
CVE-2023-48465,0.00047,0.14158
CVE-2023-48466,0.00047,0.14158
CVE-2023-48467,0.00047,0.14158
CVE-2023-48468,0.00047,0.14158
CVE-2023-48469,0.00047,0.14158
CVE-2023-4847,0.00052,0.17770
CVE-2023-48470,0.00047,0.14158
CVE-2023-48471,0.00047,0.14158
CVE-2023-48472,0.00047,0.14158
CVE-2023-48473,0.00047,0.14158
CVE-2023-48474,0.00047,0.14158
CVE-2023-48475,0.00047,0.14158
CVE-2023-48476,0.00047,0.14158
CVE-2023-48477,0.00047,0.14158
CVE-2023-48478,0.00047,0.14158
CVE-2023-48479,0.00047,0.14158
CVE-2023-4848,0.00063,0.25553
CVE-2023-48480,0.00047,0.14158
CVE-2023-48481,0.00047,0.14158
CVE-2023-48482,0.00047,0.14158
CVE-2023-48483,0.00047,0.14158
CVE-2023-48484,0.00047,0.14158
CVE-2023-48485,0.00047,0.14158
CVE-2023-48486,0.00047,0.14158
CVE-2023-48487,0.00047,0.14158
CVE-2023-48488,0.00047,0.14158
CVE-2023-48489,0.00047,0.14158
CVE-2023-4849,0.00063,0.25553
CVE-2023-48490,0.00047,0.14158
CVE-2023-48491,0.00047,0.14158
CVE-2023-48492,0.00047,0.14158
CVE-2023-48493,0.00047,0.14158
CVE-2023-48494,0.00047,0.14158
CVE-2023-48495,0.00047,0.14158
CVE-2023-48496,0.00047,0.14158
CVE-2023-48497,0.00047,0.14158
CVE-2023-48498,0.00047,0.14158
CVE-2023-48499,0.00047,0.14158
CVE-2023-4850,0.00063,0.25553
CVE-2023-48500,0.00047,0.14158
CVE-2023-48501,0.00047,0.14158
CVE-2023-48502,0.00047,0.14158
CVE-2023-48503,0.00047,0.14158
CVE-2023-48504,0.00047,0.14158
CVE-2023-48505,0.00047,0.14158
CVE-2023-48506,0.00047,0.14158
CVE-2023-48507,0.00047,0.14158
CVE-2023-48508,0.00047,0.14158
CVE-2023-48509,0.00047,0.14158
CVE-2023-4851,0.00063,0.25553
CVE-2023-48510,0.00047,0.14158
CVE-2023-48511,0.00047,0.14158
CVE-2023-48512,0.00047,0.14158
CVE-2023-48513,0.00047,0.14158
CVE-2023-48514,0.00047,0.14158
CVE-2023-48515,0.00047,0.14158
CVE-2023-48516,0.00047,0.14158
CVE-2023-48517,0.00047,0.14158
CVE-2023-48518,0.00047,0.14158
CVE-2023-48519,0.00047,0.14158
CVE-2023-4852,0.00063,0.25553
CVE-2023-48520,0.00047,0.14158
CVE-2023-48521,0.00047,0.14158
CVE-2023-48522,0.00047,0.14158
CVE-2023-48523,0.00047,0.14158
CVE-2023-48524,0.00047,0.14158
CVE-2023-48525,0.00047,0.14158
CVE-2023-48526,0.00047,0.14158
CVE-2023-48527,0.00047,0.14158
CVE-2023-48528,0.00047,0.14158
CVE-2023-48529,0.00047,0.14158
CVE-2023-4853,0.00206,0.58576
CVE-2023-48530,0.00047,0.14158
CVE-2023-48531,0.00047,0.14158
CVE-2023-48532,0.00047,0.14158
CVE-2023-48533,0.00047,0.14158
CVE-2023-48534,0.00047,0.14158
CVE-2023-48535,0.00047,0.14158
CVE-2023-48536,0.00047,0.14158
CVE-2023-48537,0.00047,0.14158
CVE-2023-48538,0.00047,0.14158
CVE-2023-48539,0.00047,0.14158
CVE-2023-48540,0.00047,0.14158
CVE-2023-48541,0.00047,0.14158
CVE-2023-48542,0.00047,0.14158
CVE-2023-48543,0.00047,0.14158
CVE-2023-48544,0.00047,0.14158
CVE-2023-48545,0.00047,0.14158
CVE-2023-48546,0.00047,0.14158
CVE-2023-48547,0.00047,0.14158
CVE-2023-48548,0.00047,0.14158
CVE-2023-48549,0.00047,0.14158
CVE-2023-48550,0.00047,0.14158
CVE-2023-48551,0.00047,0.14158
CVE-2023-48552,0.00047,0.14158
CVE-2023-48553,0.00047,0.14158
CVE-2023-48554,0.00047,0.14158
CVE-2023-48555,0.00047,0.14158
CVE-2023-48556,0.00047,0.14158
CVE-2023-48557,0.00047,0.14158
CVE-2023-48558,0.00047,0.14158
CVE-2023-48559,0.00047,0.14158
CVE-2023-48560,0.00047,0.14158
CVE-2023-48561,0.00047,0.14158
CVE-2023-48562,0.00047,0.14158
CVE-2023-48563,0.00047,0.14158
CVE-2023-48564,0.00047,0.14158
CVE-2023-48565,0.00047,0.14158
CVE-2023-48566,0.00047,0.14158
CVE-2023-48567,0.00047,0.14158
CVE-2023-48568,0.00047,0.14158
CVE-2023-48569,0.00047,0.14158
CVE-2023-48570,0.00047,0.14158
CVE-2023-48571,0.00047,0.14158
CVE-2023-48572,0.00047,0.14158
CVE-2023-48573,0.00047,0.14158
CVE-2023-48574,0.00047,0.14158
CVE-2023-48575,0.00047,0.14158
CVE-2023-48576,0.00047,0.14158
CVE-2023-48577,0.00047,0.14158
CVE-2023-48578,0.00047,0.14158
CVE-2023-48579,0.00047,0.14158
CVE-2023-4858,0.00045,0.11801
CVE-2023-48580,0.00047,0.14158
CVE-2023-48581,0.00047,0.14158
CVE-2023-48582,0.00047,0.14158
CVE-2023-48583,0.00047,0.14158
CVE-2023-48584,0.00047,0.14158
CVE-2023-48585,0.00047,0.14158
CVE-2023-48586,0.00047,0.14158
CVE-2023-48587,0.00047,0.14158
CVE-2023-48588,0.00047,0.14158
CVE-2023-48589,0.00047,0.14158
CVE-2023-48590,0.00047,0.14158
CVE-2023-48591,0.00047,0.14158
CVE-2023-48592,0.00047,0.14158
CVE-2023-48593,0.00047,0.14158
CVE-2023-48594,0.00047,0.14158
CVE-2023-48595,0.00047,0.14158
CVE-2023-48596,0.00047,0.14158
CVE-2023-48597,0.00047,0.14158
CVE-2023-48598,0.00047,0.14158
CVE-2023-48599,0.00047,0.14158
CVE-2023-48600,0.00047,0.14158
CVE-2023-48601,0.00047,0.14158
CVE-2023-48602,0.00047,0.14158
CVE-2023-48603,0.00047,0.14158
CVE-2023-48604,0.00047,0.14158
CVE-2023-48605,0.00047,0.14158
CVE-2023-48606,0.00047,0.14158
CVE-2023-48607,0.00047,0.14158
CVE-2023-48608,0.00047,0.14158
CVE-2023-48609,0.00047,0.14158
CVE-2023-4861,0.00107,0.43009
CVE-2023-48610,0.00047,0.14158
CVE-2023-48611,0.00047,0.14158
CVE-2023-48612,0.00047,0.14158
CVE-2023-48613,0.00047,0.14158
CVE-2023-48614,0.00047,0.14158
CVE-2023-48615,0.00047,0.14158
CVE-2023-48616,0.00047,0.14158
CVE-2023-48617,0.00047,0.14158
CVE-2023-48618,0.00047,0.14158
CVE-2023-48619,0.00047,0.14158
CVE-2023-4862,0.00045,0.11801
CVE-2023-48620,0.00047,0.14158
CVE-2023-48621,0.00047,0.14158
CVE-2023-48622,0.00047,0.14158
CVE-2023-48623,0.00047,0.14158
CVE-2023-48624,0.00047,0.14158
CVE-2023-48625,0.00143,0.50082
CVE-2023-48626,0.00143,0.50082
CVE-2023-48627,0.00143,0.50082
CVE-2023-48628,0.00143,0.50082
CVE-2023-48629,0.00143,0.50082
CVE-2023-4863,0.38328,0.96874
CVE-2023-48630,0.00143,0.50082
CVE-2023-48631,0.00065,0.26978
CVE-2023-48632,0.00088,0.36830
CVE-2023-48633,0.00089,0.37188
CVE-2023-48634,0.00060,0.23583
CVE-2023-48635,0.00065,0.26888
CVE-2023-48636,0.00086,0.35779
CVE-2023-48637,0.00086,0.35779
CVE-2023-48638,0.00086,0.35779
CVE-2023-48639,0.00139,0.49495
CVE-2023-4864,0.00052,0.17770
CVE-2023-48641,0.00050,0.16285
CVE-2023-48642,0.00048,0.14756
CVE-2023-48646,0.00306,0.66743
CVE-2023-48648,0.00068,0.28208
CVE-2023-48649,0.00052,0.18012
CVE-2023-4865,0.00055,0.20387
CVE-2023-48650,0.00043,0.06775
CVE-2023-48651,0.00043,0.06775
CVE-2023-48652,0.00046,0.13740
CVE-2023-48653,0.00043,0.06775
CVE-2023-48654,0.00091,0.38380
CVE-2023-48655,0.00063,0.25553
CVE-2023-48656,0.00063,0.25553
CVE-2023-48657,0.00063,0.25553
CVE-2023-48658,0.00063,0.25553
CVE-2023-48659,0.00063,0.24900
CVE-2023-4866,0.00063,0.25553
CVE-2023-48660,0.00102,0.41322
CVE-2023-48661,0.00049,0.14986
CVE-2023-48662,0.00055,0.20596
CVE-2023-48663,0.00055,0.20596
CVE-2023-48664,0.00055,0.20596
CVE-2023-48665,0.00055,0.20596
CVE-2023-48667,0.00055,0.20596
CVE-2023-48668,0.00042,0.05844
CVE-2023-4867,0.00061,0.24091
CVE-2023-48670,0.00042,0.05722
CVE-2023-48671,0.00098,0.40486
CVE-2023-48676,0.00043,0.06775
CVE-2023-48677,0.00053,0.18549
CVE-2023-4868,0.00055,0.20387
CVE-2023-48685,0.00096,0.39842
CVE-2023-48687,0.00096,0.39842
CVE-2023-48689,0.00096,0.39842
CVE-2023-4869,0.00055,0.20387
CVE-2023-48691,0.00939,0.81418
CVE-2023-48692,0.00939,0.81418
CVE-2023-48693,0.00227,0.61015
CVE-2023-48694,0.00939,0.81418
CVE-2023-48695,0.00939,0.81418
CVE-2023-48696,0.00939,0.81418
CVE-2023-48697,0.03280,0.90365
CVE-2023-48698,0.00939,0.81418
CVE-2023-48699,0.00083,0.34451
CVE-2023-4870,0.00052,0.17770
CVE-2023-48700,0.00054,0.19149
CVE-2023-48701,0.00052,0.17989
CVE-2023-48702,0.00065,0.27064
CVE-2023-48704,0.00046,0.13740
CVE-2023-48705,0.00111,0.44133
CVE-2023-48706,0.00049,0.15833
CVE-2023-48707,0.00049,0.14986
CVE-2023-48708,0.00099,0.40707
CVE-2023-4871,0.00063,0.25553
CVE-2023-48711,0.00046,0.13740
CVE-2023-48712,0.00050,0.16285
CVE-2023-48713,0.00057,0.21339
CVE-2023-48714,0.00045,0.11801
CVE-2023-48715,0.00060,0.23650
CVE-2023-48716,0.00096,0.39842
CVE-2023-48718,0.00096,0.39842
CVE-2023-4872,0.00063,0.25553
CVE-2023-48720,0.00096,0.39842
CVE-2023-48722,0.00096,0.39842
CVE-2023-48728,0.00106,0.42896
CVE-2023-4873,0.00067,0.27753
CVE-2023-48730,0.00075,0.30777
CVE-2023-48732,0.00045,0.11801
CVE-2023-48736,0.00046,0.13740
CVE-2023-48737,0.00045,0.11801
CVE-2023-48738,0.00076,0.31600
CVE-2023-4874,0.00050,0.16436
CVE-2023-48741,0.00050,0.16285
CVE-2023-48742,0.00050,0.16285
CVE-2023-48743,0.00046,0.13740
CVE-2023-48744,0.00058,0.21913
CVE-2023-48746,0.00046,0.13740
CVE-2023-48748,0.00046,0.13740
CVE-2023-48749,0.00045,0.11801
CVE-2023-4875,0.00056,0.20988
CVE-2023-48751,0.00058,0.21913
CVE-2023-48752,0.00046,0.13740
CVE-2023-48754,0.00058,0.21913
CVE-2023-48755,0.00058,0.21913
CVE-2023-48756,0.00046,0.13740
CVE-2023-4876,0.00087,0.36261
CVE-2023-48762,0.00058,0.21913
CVE-2023-48764,0.00050,0.16285
CVE-2023-48765,0.00045,0.11801
CVE-2023-48766,0.00058,0.21913
CVE-2023-48767,0.00046,0.13740
CVE-2023-48768,0.00058,0.21913
CVE-2023-48769,0.00058,0.21913
CVE-2023-4877,0.00087,0.36261
CVE-2023-48770,0.00045,0.11801
CVE-2023-48771,0.00046,0.13740
CVE-2023-48772,0.00058,0.21913
CVE-2023-48773,0.00058,0.21913
CVE-2023-48778,0.00058,0.21913
CVE-2023-4878,0.00045,0.11801
CVE-2023-48780,0.00045,0.11801
CVE-2023-48781,0.00058,0.21913
CVE-2023-48782,0.00050,0.16721
CVE-2023-48783,0.00056,0.21111
CVE-2023-4879,0.00045,0.11801
CVE-2023-48791,0.00110,0.43926
CVE-2023-48795,0.69435,0.97729
CVE-2023-48796,0.00056,0.20771
CVE-2023-48799,0.00256,0.63507
CVE-2023-48800,0.00256,0.63507
CVE-2023-48801,0.00340,0.68514
CVE-2023-48802,0.00193,0.57181
CVE-2023-48803,0.00193,0.57181
CVE-2023-48804,0.00193,0.57181
CVE-2023-48805,0.00193,0.57181
CVE-2023-48806,0.00193,0.57181
CVE-2023-48807,0.00193,0.57181
CVE-2023-48808,0.00193,0.57181
CVE-2023-48810,0.00193,0.57181
CVE-2023-48811,0.00193,0.57181
CVE-2023-48812,0.00193,0.57181
CVE-2023-48813,0.00055,0.20413
CVE-2023-48815,0.00046,0.13740
CVE-2023-4882,0.00046,0.13740
CVE-2023-48823,0.00282,0.65337
CVE-2023-48824,0.00044,0.10565
CVE-2023-48825,0.00044,0.10565
CVE-2023-48826,0.00058,0.22710
CVE-2023-48827,0.00044,0.10565
CVE-2023-48828,0.00044,0.10565
CVE-2023-4883,0.00046,0.13740
CVE-2023-48830,0.00058,0.22710
CVE-2023-48831,0.00054,0.19245
CVE-2023-48833,0.00054,0.19245
CVE-2023-48834,0.00054,0.19245
CVE-2023-48835,0.00058,0.22710
CVE-2023-48836,0.00044,0.10565
CVE-2023-48837,0.00044,0.10565
CVE-2023-48838,0.00044,0.10565
CVE-2023-48839,0.00044,0.10565
CVE-2023-4884,0.00087,0.36261
CVE-2023-48840,0.00054,0.19245
CVE-2023-48841,0.00058,0.22710
CVE-2023-48842,0.00167,0.53405
CVE-2023-48848,0.00091,0.38085
CVE-2023-48849,0.00214,0.59513
CVE-2023-4885,0.00085,0.35522
CVE-2023-48858,0.00064,0.26167
CVE-2023-48859,0.00116,0.45352
CVE-2023-4886,0.00045,0.12069
CVE-2023-48860,0.00316,0.67339
CVE-2023-48861,0.00042,0.05722
CVE-2023-48863,0.00096,0.39924
CVE-2023-48864,0.00073,0.30355
CVE-2023-48866,0.00045,0.11801
CVE-2023-4887,0.00045,0.11801
CVE-2023-4888,0.00051,0.17450
CVE-2023-48880,0.00045,0.11801
CVE-2023-48881,0.00045,0.11801
CVE-2023-48882,0.00045,0.11801
CVE-2023-48886,0.00072,0.29664
CVE-2023-48887,0.00064,0.26317
CVE-2023-4889,0.00045,0.11801
CVE-2023-48893,0.00055,0.20413
CVE-2023-48894,0.00049,0.14986
CVE-2023-4890,0.00051,0.17507
CVE-2023-48909,0.00118,0.45753
CVE-2023-4891,0.00043,0.06775
CVE-2023-48910,0.00070,0.28782
CVE-2023-48912,0.00058,0.21913
CVE-2023-48913,0.00058,0.21913
CVE-2023-48914,0.00058,0.21913
CVE-2023-4892,0.00045,0.11801
CVE-2023-48925,0.00076,0.31600
CVE-2023-48926,0.00052,0.17889
CVE-2023-48928,0.00046,0.13740
CVE-2023-48929,0.00106,0.42831
CVE-2023-4893,0.00045,0.11801
CVE-2023-48930,0.00063,0.25553
CVE-2023-48940,0.00053,0.18547
CVE-2023-48945,0.00046,0.13740
CVE-2023-48946,0.00046,0.13740
CVE-2023-48947,0.00046,0.13740
CVE-2023-48948,0.00046,0.13740
CVE-2023-48949,0.00046,0.13740
CVE-2023-48950,0.00046,0.13740
CVE-2023-48951,0.00046,0.13740
CVE-2023-48952,0.00046,0.13740
CVE-2023-48958,0.00044,0.10345
CVE-2023-4896,0.00049,0.14986
CVE-2023-48963,0.00046,0.13740
CVE-2023-48964,0.00046,0.13740
CVE-2023-48965,0.00050,0.16285
CVE-2023-48966,0.00055,0.20491
CVE-2023-48967,0.00072,0.29664
CVE-2023-4897,0.00087,0.36569
CVE-2023-4898,0.00084,0.34859
CVE-2023-4899,0.00050,0.16285
CVE-2023-4900,0.00124,0.46828
CVE-2023-49000,0.00093,0.39148
CVE-2023-49001,0.00093,0.39148
CVE-2023-49002,0.00048,0.14563
CVE-2023-49003,0.00046,0.13740
CVE-2023-49004,0.00242,0.62233
CVE-2023-49006,0.00105,0.42483
CVE-2023-49007,0.00087,0.36569
CVE-2023-4901,0.00124,0.46828
CVE-2023-4902,0.00124,0.46828
CVE-2023-49028,0.00109,0.43560
CVE-2023-49029,0.00159,0.52376
CVE-2023-4903,0.00124,0.46828
CVE-2023-49030,0.00066,0.27617
CVE-2023-49032,0.00232,0.61383
CVE-2023-49038,0.00047,0.13890
CVE-2023-4904,0.00124,0.46710
CVE-2023-49040,0.00454,0.72631
CVE-2023-49042,0.00202,0.58249
CVE-2023-49043,0.00202,0.58249
CVE-2023-49044,0.00202,0.58249
CVE-2023-49046,0.00202,0.58249
CVE-2023-49047,0.00046,0.13740
CVE-2023-4905,0.00124,0.46828
CVE-2023-49052,0.00728,0.78739
CVE-2023-49058,0.00049,0.15139
CVE-2023-4906,0.00124,0.46710
CVE-2023-49060,0.00091,0.38380
CVE-2023-49061,0.00046,0.13740
CVE-2023-49062,0.00087,0.36261
CVE-2023-49068,0.00056,0.20751
CVE-2023-4907,0.00124,0.46828
CVE-2023-49070,0.59066,0.97463
CVE-2023-49075,0.00065,0.26858
CVE-2023-49076,0.00051,0.17339
CVE-2023-49077,0.00046,0.13740
CVE-2023-49078,0.00046,0.13740
CVE-2023-49079,0.00072,0.29615
CVE-2023-4908,0.00124,0.46828
CVE-2023-49080,0.00061,0.23945
CVE-2023-49081,0.00051,0.16914
CVE-2023-49082,0.00051,0.16914
CVE-2023-49083,0.00053,0.18664
CVE-2023-49084,0.00055,0.20491
CVE-2023-49085,0.00060,0.23709
CVE-2023-49086,0.00049,0.15110
CVE-2023-49087,0.00048,0.14563
CVE-2023-49088,0.00049,0.15140
CVE-2023-49089,0.00046,0.12690
CVE-2023-4909,0.00124,0.46828
CVE-2023-49090,0.00053,0.18315
CVE-2023-49091,0.00106,0.42831
CVE-2023-49092,0.00087,0.36261
CVE-2023-49093,0.00326,0.67854
CVE-2023-49094,0.00061,0.24125
CVE-2023-49095,0.00047,0.13955
CVE-2023-49096,0.00096,0.39896
CVE-2023-49097,0.00087,0.36569
CVE-2023-49098,0.00045,0.11801
CVE-2023-49099,0.00046,0.13740
CVE-2023-4910,0.00043,0.06775
CVE-2023-49102,0.00050,0.16285
CVE-2023-49103,0.44986,0.97084
CVE-2023-49104,0.00046,0.13740
CVE-2023-49105,0.18686,0.95797
CVE-2023-49106,0.00087,0.36261
CVE-2023-49107,0.00087,0.36261
CVE-2023-49108,0.00049,0.15925
CVE-2023-4911,0.01715,0.86537
CVE-2023-49117,0.00045,0.11801
CVE-2023-49119,0.00045,0.11801
CVE-2023-4912,0.00044,0.10862
CVE-2023-49121,0.00066,0.27260
CVE-2023-49122,0.00066,0.27260
CVE-2023-49123,0.00066,0.27260
CVE-2023-49124,0.00110,0.44060
CVE-2023-49126,0.00110,0.44060
CVE-2023-49127,0.00110,0.44060
CVE-2023-49128,0.00066,0.27260
CVE-2023-49129,0.00050,0.16495
CVE-2023-4913,0.00046,0.13740
CVE-2023-49130,0.00066,0.27260
CVE-2023-49131,0.00066,0.27260
CVE-2023-49132,0.00066,0.27260
CVE-2023-49135,0.00042,0.05722
CVE-2023-4914,0.00087,0.35906
CVE-2023-49140,0.00081,0.33789
CVE-2023-49142,0.00042,0.05722
CVE-2023-49143,0.00081,0.33789
CVE-2023-49145,0.00100,0.40935
CVE-2023-49146,0.00046,0.13740
CVE-2023-49147,0.00043,0.07658
CVE-2023-49148,0.00058,0.21913
CVE-2023-49149,0.00045,0.11801
CVE-2023-4915,0.00046,0.13740
CVE-2023-49150,0.00045,0.11801
CVE-2023-49151,0.00045,0.11801
CVE-2023-49152,0.00045,0.11801
CVE-2023-49153,0.00058,0.21913
CVE-2023-49155,0.00058,0.21913
CVE-2023-49157,0.00045,0.11801
CVE-2023-49159,0.00087,0.36261
CVE-2023-4916,0.00082,0.33953
CVE-2023-49160,0.00045,0.11801
CVE-2023-49161,0.00050,0.16285
CVE-2023-49162,0.00087,0.36261
CVE-2023-49163,0.00058,0.21913
CVE-2023-49164,0.00058,0.21913
CVE-2023-49165,0.00045,0.11801
CVE-2023-49166,0.00050,0.16285
CVE-2023-49168,0.00045,0.11801
CVE-2023-49169,0.00045,0.11801
CVE-2023-4917,0.00049,0.14986
CVE-2023-49170,0.00046,0.13740
CVE-2023-49171,0.00046,0.13740
CVE-2023-49172,0.00046,0.13740
CVE-2023-49173,0.00045,0.11801
CVE-2023-49174,0.00045,0.11801
CVE-2023-49175,0.00045,0.11801
CVE-2023-49176,0.00046,0.13740
CVE-2023-49177,0.00046,0.13740
CVE-2023-49178,0.00046,0.13740
CVE-2023-49179,0.00045,0.11801
CVE-2023-4918,0.00060,0.23697
CVE-2023-49180,0.00045,0.11801
CVE-2023-49181,0.00045,0.11801
CVE-2023-49182,0.00046,0.13740
CVE-2023-49183,0.00046,0.13740
CVE-2023-49184,0.00045,0.11801
CVE-2023-49185,0.00046,0.13740
CVE-2023-49187,0.00046,0.13740
CVE-2023-49188,0.00045,0.11801
CVE-2023-49189,0.00045,0.11801
CVE-2023-4919,0.00049,0.15148
CVE-2023-49190,0.00045,0.11801
CVE-2023-49191,0.00045,0.11801
CVE-2023-49195,0.00045,0.11801
CVE-2023-49197,0.00058,0.21913
CVE-2023-4920,0.00058,0.22658
CVE-2023-49208,0.00084,0.34630
CVE-2023-4921,0.00042,0.05722
CVE-2023-49210,0.00089,0.37313
CVE-2023-49213,0.00154,0.51725
CVE-2023-49214,0.00091,0.38380
CVE-2023-49215,0.00046,0.13740
CVE-2023-49216,0.00045,0.11801
CVE-2023-4922,0.00105,0.42455
CVE-2023-49225,0.00046,0.13740
CVE-2023-49226,0.00053,0.18493
CVE-2023-49228,0.00053,0.19001
CVE-2023-49229,0.00045,0.11801
CVE-2023-4923,0.00092,0.38860
CVE-2023-49230,0.00087,0.36569
CVE-2023-49235,0.00139,0.49382
CVE-2023-49236,0.00155,0.51779
CVE-2023-49237,0.00089,0.37667
CVE-2023-49238,0.00122,0.46458
CVE-2023-49239,0.00087,0.36261
CVE-2023-4924,0.00051,0.17507
CVE-2023-49240,0.00087,0.36261
CVE-2023-49241,0.00087,0.36261
CVE-2023-49242,0.00087,0.36261
CVE-2023-49243,0.00087,0.36261
CVE-2023-49244,0.00087,0.36261
CVE-2023-49245,0.00087,0.36261
CVE-2023-49246,0.00087,0.36261
CVE-2023-49247,0.00087,0.36261
CVE-2023-49248,0.00052,0.18120
CVE-2023-4925,0.00045,0.11801
CVE-2023-49251,0.00077,0.31815
CVE-2023-49252,0.00046,0.13740
CVE-2023-49253,0.00091,0.38380
CVE-2023-49254,0.00048,0.14643
CVE-2023-49255,0.00091,0.38380
CVE-2023-49256,0.00087,0.36261
CVE-2023-49257,0.00050,0.16285
CVE-2023-49258,0.00046,0.13740
CVE-2023-49259,0.00087,0.36261
CVE-2023-4926,0.00092,0.38860
CVE-2023-49260,0.00046,0.13740
CVE-2023-49261,0.00087,0.36261
CVE-2023-49262,0.00091,0.38380
CVE-2023-49269,0.00045,0.11801
CVE-2023-49270,0.00045,0.11801
CVE-2023-49271,0.00045,0.11801
CVE-2023-49272,0.00045,0.11801
CVE-2023-49273,0.00044,0.10753
CVE-2023-49274,0.00046,0.13740
CVE-2023-49276,0.00046,0.13740
CVE-2023-49277,0.00046,0.13740
CVE-2023-49278,0.00046,0.13740
CVE-2023-49279,0.00044,0.10753
CVE-2023-4928,0.00050,0.16285
CVE-2023-49280,0.00066,0.27465
CVE-2023-49281,0.00052,0.17638
CVE-2023-49282,0.00115,0.45155
CVE-2023-49283,0.00115,0.45155
CVE-2023-49284,0.00043,0.07702
CVE-2023-49285,0.01466,0.85410
CVE-2023-49286,0.01940,0.87464
CVE-2023-49287,0.00141,0.49756
CVE-2023-49288,0.00374,0.69962
CVE-2023-49289,0.00052,0.17989
CVE-2023-4929,0.00050,0.16285
CVE-2023-49290,0.00046,0.13740
CVE-2023-49291,0.00676,0.77815
CVE-2023-49292,0.00052,0.17638
CVE-2023-49293,0.00046,0.13740
CVE-2023-49294,0.00104,0.42329
CVE-2023-49295,0.00096,0.39978
CVE-2023-49296,0.00046,0.13740
CVE-2023-49297,0.00065,0.26885
CVE-2023-49298,0.00109,0.43579
CVE-2023-49299,0.00045,0.12251
CVE-2023-4930,0.00046,0.13740
CVE-2023-4931,0.00055,0.20747
CVE-2023-49312,0.00088,0.36685
CVE-2023-49313,0.00064,0.26276
CVE-2023-49314,0.00042,0.05722
CVE-2023-49316,0.00046,0.13740
CVE-2023-4932,0.00051,0.17507
CVE-2023-49321,0.00046,0.13740
CVE-2023-49322,0.00046,0.13740
CVE-2023-49328,0.00166,0.53259
CVE-2023-49329,0.00050,0.16721
CVE-2023-4933,0.00046,0.13740
CVE-2023-49337,0.00045,0.12069
CVE-2023-4934,0.00050,0.16285
CVE-2023-49342,0.00042,0.05722
CVE-2023-49343,0.00042,0.05722
CVE-2023-49344,0.00042,0.05722
CVE-2023-49345,0.00042,0.05722
CVE-2023-49346,0.00042,0.05722
CVE-2023-49347,0.00042,0.05722
CVE-2023-4935,0.00092,0.38860
CVE-2023-49351,0.00091,0.38380
CVE-2023-49355,0.00048,0.14357
CVE-2023-49356,0.00046,0.13740
CVE-2023-4936,0.00050,0.16759
CVE-2023-49363,0.00076,0.31600
CVE-2023-4937,0.00092,0.38860
CVE-2023-49371,0.00076,0.31600
CVE-2023-49372,0.00058,0.21913
CVE-2023-49373,0.00058,0.21913
CVE-2023-49374,0.00058,0.21913
CVE-2023-49375,0.00058,0.21913
CVE-2023-49376,0.00058,0.21913
CVE-2023-49377,0.00058,0.21913
CVE-2023-49378,0.00058,0.21913
CVE-2023-49379,0.00058,0.21913
CVE-2023-4938,0.00051,0.17507
CVE-2023-49380,0.00058,0.21913
CVE-2023-49381,0.00058,0.21913
CVE-2023-49382,0.00058,0.21913
CVE-2023-49383,0.00058,0.21913
CVE-2023-4939,0.00056,0.20993
CVE-2023-49391,0.00079,0.32944
CVE-2023-49394,0.00046,0.13740
CVE-2023-49395,0.00058,0.21913
CVE-2023-49396,0.00058,0.21913
CVE-2023-49397,0.00058,0.21913
CVE-2023-49398,0.00058,0.21913
CVE-2023-4940,0.00092,0.38860
CVE-2023-49402,0.00087,0.36569
CVE-2023-49403,0.00110,0.43936
CVE-2023-49404,0.00087,0.36569
CVE-2023-49405,0.00087,0.36569
CVE-2023-49406,0.00168,0.53588
CVE-2023-49408,0.00087,0.36569
CVE-2023-49409,0.00168,0.53588
CVE-2023-4941,0.00051,0.17507
CVE-2023-49410,0.00087,0.36569
CVE-2023-49411,0.00087,0.36569
CVE-2023-49417,0.00079,0.32856
CVE-2023-49418,0.00079,0.32856
CVE-2023-4942,0.00092,0.38860
CVE-2023-49424,0.00087,0.36569
CVE-2023-49425,0.00087,0.36569
CVE-2023-49426,0.00087,0.36569
CVE-2023-49427,0.00067,0.27738
CVE-2023-49428,0.00611,0.76450
CVE-2023-49429,0.00110,0.43936
CVE-2023-4943,0.00051,0.17507
CVE-2023-49430,0.00087,0.36569
CVE-2023-49431,0.00611,0.76450
CVE-2023-49432,0.00087,0.36569
CVE-2023-49433,0.00087,0.36569
CVE-2023-49434,0.00087,0.36569
CVE-2023-49435,0.00611,0.76450
CVE-2023-49436,0.00611,0.76450
CVE-2023-49437,0.00611,0.76450
CVE-2023-49438,0.00063,0.24908
CVE-2023-4944,0.00051,0.17507
CVE-2023-49442,0.00072,0.29664
CVE-2023-49443,0.00106,0.42831
CVE-2023-49444,0.00049,0.15110
CVE-2023-49446,0.00058,0.21913
CVE-2023-49447,0.00058,0.21913
CVE-2023-49448,0.00058,0.21913
CVE-2023-4945,0.00051,0.17507
CVE-2023-49460,0.00087,0.36569
CVE-2023-49462,0.00094,0.39326
CVE-2023-49463,0.00094,0.39326
CVE-2023-49464,0.00094,0.39326
CVE-2023-49465,0.00087,0.36569
CVE-2023-49467,0.00087,0.36569
CVE-2023-49468,0.00087,0.36569
CVE-2023-49469,0.00075,0.30791
CVE-2023-4947,0.00045,0.11801
CVE-2023-49471,0.00099,0.40717
CVE-2023-4948,0.00045,0.11801
CVE-2023-49484,0.00045,0.11801
CVE-2023-49485,0.00045,0.11801
CVE-2023-49486,0.00045,0.11801
CVE-2023-49487,0.00045,0.11801
CVE-2023-49488,0.00046,0.13740
CVE-2023-49489,0.00046,0.13740
CVE-2023-4949,0.00042,0.05722
CVE-2023-49490,0.00046,0.13740
CVE-2023-49492,0.00046,0.13740
CVE-2023-49493,0.00046,0.13740
CVE-2023-49494,0.00046,0.13740
CVE-2023-4950,0.00097,0.40301
CVE-2023-4951,0.00045,0.11801
CVE-2023-49515,0.00044,0.08114
CVE-2023-49549,0.00084,0.34956
CVE-2023-49550,0.00084,0.34956
CVE-2023-49551,0.00084,0.34956
CVE-2023-49552,0.00084,0.34956
CVE-2023-49553,0.00084,0.34956
CVE-2023-49554,0.00067,0.27626
CVE-2023-49555,0.00068,0.27930
CVE-2023-49556,0.00068,0.27930
CVE-2023-49557,0.00068,0.27930
CVE-2023-49558,0.00068,0.27930
CVE-2023-4956,0.00046,0.13740
CVE-2023-49563,0.00050,0.16906
CVE-2023-49568,0.00046,0.13740
CVE-2023-49569,0.00231,0.61309
CVE-2023-4957,0.00044,0.10345
CVE-2023-49577,0.00046,0.13740
CVE-2023-49578,0.00043,0.06775
CVE-2023-4958,0.00052,0.17524
CVE-2023-49580,0.00052,0.17889
CVE-2023-49581,0.00102,0.41513
CVE-2023-49583,0.00088,0.37083
CVE-2023-49584,0.00045,0.11801
CVE-2023-49587,0.00044,0.10166
CVE-2023-49589,0.00051,0.17434
CVE-2023-4959,0.00048,0.14563
CVE-2023-49594,0.00059,0.22950
CVE-2023-49598,0.00045,0.11801
CVE-2023-49599,0.00043,0.06775
CVE-2023-4960,0.00051,0.17450
CVE-2023-49607,0.00046,0.13740
CVE-2023-4961,0.00050,0.15935
CVE-2023-49619,0.00063,0.25723
CVE-2023-4962,0.00051,0.17507
CVE-2023-49620,0.00143,0.50056
CVE-2023-49621,0.00077,0.31815
CVE-2023-49622,0.00096,0.39842
CVE-2023-49624,0.00096,0.39842
CVE-2023-49625,0.00096,0.39842
CVE-2023-4963,0.00045,0.11801
CVE-2023-49633,0.00096,0.39842
CVE-2023-49639,0.00096,0.39842
CVE-2023-4964,0.00046,0.13740
CVE-2023-49646,0.00044,0.10862
CVE-2023-49647,0.00043,0.06775
CVE-2023-4965,0.00051,0.17093
CVE-2023-49652,0.00044,0.10753
CVE-2023-49653,0.00049,0.14986
CVE-2023-49654,0.00091,0.38380
CVE-2023-49655,0.00058,0.21913
CVE-2023-49656,0.00091,0.38380
CVE-2023-49657,0.00046,0.12523
CVE-2023-49658,0.00096,0.39842
CVE-2023-4966,0.93124,0.98883
CVE-2023-49665,0.00096,0.39842
CVE-2023-49666,0.00096,0.39842
CVE-2023-4967,0.00046,0.13740
CVE-2023-49673,0.00058,0.21913
CVE-2023-49674,0.00044,0.10753
CVE-2023-49677,0.00096,0.39842
CVE-2023-4968,0.00051,0.17507
CVE-2023-49681,0.00096,0.39842
CVE-2023-49688,0.00096,0.39842
CVE-2023-49689,0.00096,0.39842
CVE-2023-4969,0.00065,0.26911
CVE-2023-49691,0.00043,0.07443
CVE-2023-49692,0.00064,0.26450
CVE-2023-49693,0.00214,0.59513
CVE-2023-49694,0.00043,0.06775
CVE-2023-49695,0.00043,0.07443
CVE-2023-49699,0.00043,0.06775
CVE-2023-4970,0.00045,0.11801
CVE-2023-49700,0.00048,0.14563
CVE-2023-49701,0.00091,0.38380
CVE-2023-49706,0.00103,0.41579
CVE-2023-49707,0.00091,0.38380
CVE-2023-49708,0.00091,0.38380
CVE-2023-4971,0.00050,0.16285
CVE-2023-49713,0.00081,0.33789
CVE-2023-49715,0.00082,0.33990
CVE-2023-4972,0.00091,0.38380
CVE-2023-49722,0.00045,0.12108
CVE-2023-4973,0.00060,0.23646
CVE-2023-49733,0.01793,0.86824
CVE-2023-49734,0.00045,0.12070
CVE-2023-49735,0.00056,0.20752
CVE-2023-49736,0.00129,0.47596
CVE-2023-49738,0.00062,0.24599
CVE-2023-49739,0.00046,0.13740
CVE-2023-4974,0.01849,0.87081
CVE-2023-49740,0.00046,0.13740
CVE-2023-49743,0.00045,0.11801
CVE-2023-49744,0.00058,0.21913
CVE-2023-49745,0.00045,0.11801
CVE-2023-49746,0.00045,0.11801
CVE-2023-49747,0.00045,0.11801
CVE-2023-49749,0.00058,0.21913
CVE-2023-4975,0.00065,0.26944
CVE-2023-49750,0.00076,0.31600
CVE-2023-49751,0.00058,0.21913
CVE-2023-49752,0.00076,0.31600
CVE-2023-49759,0.00058,0.21913
CVE-2023-49760,0.00058,0.21913
CVE-2023-49761,0.00058,0.21913
CVE-2023-49762,0.00087,0.36261
CVE-2023-49763,0.00058,0.21913
CVE-2023-49764,0.00050,0.16285
CVE-2023-49765,0.00049,0.14986
CVE-2023-49766,0.00046,0.13740
CVE-2023-49767,0.00045,0.11801
CVE-2023-49769,0.00058,0.21913
CVE-2023-4977,0.00045,0.11801
CVE-2023-49770,0.00045,0.11801
CVE-2023-49771,0.00046,0.13740
CVE-2023-49772,0.00072,0.29664
CVE-2023-49773,0.00072,0.29664
CVE-2023-49775,0.00058,0.21913
CVE-2023-49776,0.00076,0.31600
CVE-2023-49777,0.00052,0.17780
CVE-2023-49778,0.00072,0.29664
CVE-2023-49779,0.00045,0.11801
CVE-2023-4978,0.00046,0.13740
CVE-2023-49782,0.00046,0.13740
CVE-2023-49783,0.00044,0.10862
CVE-2023-49786,0.00513,0.74230
CVE-2023-49788,0.00047,0.14215
CVE-2023-4979,0.00045,0.11801
CVE-2023-49790,0.00046,0.13848
CVE-2023-49791,0.00053,0.18882
CVE-2023-49792,0.00068,0.28208
CVE-2023-49794,0.00054,0.19232
CVE-2023-49795,0.00046,0.13740
CVE-2023-49796,0.00046,0.13740
CVE-2023-49797,0.00042,0.05722
CVE-2023-49798,0.00048,0.14563
CVE-2023-49799,0.00075,0.31104
CVE-2023-4980,0.00045,0.11801
CVE-2023-49800,0.00046,0.13740
CVE-2023-49801,0.00090,0.37805
CVE-2023-49802,0.00057,0.21247
CVE-2023-49803,0.00048,0.14563
CVE-2023-49804,0.00042,0.05722
CVE-2023-49805,0.00050,0.16285
CVE-2023-49807,0.00045,0.11801
CVE-2023-49809,0.00044,0.10862
CVE-2023-4981,0.00045,0.11801
CVE-2023-49810,0.00063,0.25205
CVE-2023-49812,0.00087,0.36261
CVE-2023-49813,0.00046,0.13740
CVE-2023-49814,0.00050,0.16285
CVE-2023-49816,0.00058,0.21913
CVE-2023-49819,0.00072,0.29664
CVE-2023-4982,0.00045,0.11801
CVE-2023-49820,0.00045,0.11801
CVE-2023-49821,0.00058,0.21913
CVE-2023-49823,0.00045,0.11801
CVE-2023-49824,0.00058,0.21913
CVE-2023-49825,0.00050,0.16404
CVE-2023-49826,0.00072,0.29664
CVE-2023-49827,0.00046,0.13740
CVE-2023-49828,0.00045,0.11801
CVE-2023-49829,0.00045,0.11801
CVE-2023-4983,0.00046,0.13740
CVE-2023-49830,0.00049,0.15052
CVE-2023-49833,0.00045,0.11801
CVE-2023-49834,0.00058,0.21913
CVE-2023-49836,0.00045,0.11801
CVE-2023-4984,0.00077,0.31943
CVE-2023-49840,0.00058,0.21913
CVE-2023-49841,0.00045,0.11801
CVE-2023-49842,0.00045,0.11801
CVE-2023-49843,0.00058,0.21913
CVE-2023-49844,0.00058,0.21913
CVE-2023-49846,0.00045,0.11801
CVE-2023-49847,0.00045,0.11801
CVE-2023-4985,0.00042,0.05722
CVE-2023-49853,0.00058,0.21913
CVE-2023-49854,0.00058,0.21913
CVE-2023-49855,0.00058,0.21913
CVE-2023-4986,0.00045,0.12069
CVE-2023-49860,0.00045,0.11801
CVE-2023-49862,0.00069,0.28565
CVE-2023-49863,0.00069,0.28565
CVE-2023-49864,0.00069,0.28565
CVE-2023-4987,0.00042,0.05722
CVE-2023-49874,0.00045,0.11801
CVE-2023-49877,0.00050,0.16463
CVE-2023-49878,0.00056,0.21111
CVE-2023-4988,0.00091,0.38380
CVE-2023-49880,0.00063,0.25103
CVE-2023-49897,0.00281,0.65230
CVE-2023-49898,0.00068,0.28339
CVE-2023-4990,0.00090,0.37805
CVE-2023-4991,0.00043,0.06775
CVE-2023-49914,0.00071,0.29411
CVE-2023-49920,0.00274,0.64764
CVE-2023-49922,0.00049,0.14986
CVE-2023-49923,0.00049,0.14986
CVE-2023-49926,0.00046,0.13740
CVE-2023-49933,0.00054,0.20304
CVE-2023-49934,0.00063,0.25062
CVE-2023-49935,0.00070,0.28886
CVE-2023-49936,0.00059,0.22974
CVE-2023-49937,0.00105,0.42528
CVE-2023-49938,0.00059,0.23167
CVE-2023-4994,0.00061,0.23994
CVE-2023-49943,0.00570,0.75549
CVE-2023-49944,0.00043,0.06775
CVE-2023-49946,0.00083,0.34467
CVE-2023-49947,0.00048,0.14563
CVE-2023-49948,0.00099,0.40566
CVE-2023-49949,0.00085,0.35514
CVE-2023-4995,0.00045,0.11801
CVE-2023-49954,0.00076,0.31600
CVE-2023-49955,0.00046,0.13740
CVE-2023-49956,0.00046,0.13740
CVE-2023-49957,0.00048,0.14563
CVE-2023-49958,0.00047,0.13955
CVE-2023-4996,0.00050,0.16285
CVE-2023-49961,0.00087,0.36261
CVE-2023-49964,0.00102,0.41283
CVE-2023-49967,0.00046,0.13740
CVE-2023-4997,0.00050,0.16285
CVE-2023-4999,0.00050,0.16285
CVE-2023-49990,0.00046,0.13848
CVE-2023-49991,0.00046,0.13848
CVE-2023-49992,0.00046,0.13848
CVE-2023-49993,0.00046,0.13848
CVE-2023-49994,0.00062,0.24598
CVE-2023-49999,0.00110,0.43936
CVE-2023-50000,0.00087,0.36569
CVE-2023-50001,0.00087,0.36569
CVE-2023-50002,0.00087,0.36569
CVE-2023-5001,0.00045,0.11801
CVE-2023-50011,0.00308,0.66896
CVE-2023-50017,0.00058,0.21913
CVE-2023-50019,0.00046,0.13740
CVE-2023-5002,0.00054,0.19623
CVE-2023-50020,0.00046,0.13740
CVE-2023-50027,0.00063,0.25601
CVE-2023-50028,0.00076,0.31600
CVE-2023-5003,0.00084,0.34921
CVE-2023-50030,0.00076,0.31600
CVE-2023-50035,0.00076,0.31600
CVE-2023-50038,0.00050,0.16285
CVE-2023-5004,0.00106,0.42831
CVE-2023-50044,0.00085,0.35334
CVE-2023-5005,0.00045,0.11801
CVE-2023-5006,0.00107,0.43251
CVE-2023-50069,0.00050,0.16906
CVE-2023-5007,0.00096,0.39842
CVE-2023-50070,0.00055,0.20413
CVE-2023-50071,0.00055,0.20413
CVE-2023-50072,0.00045,0.11801
CVE-2023-50073,0.00076,0.31600
CVE-2023-5008,0.00096,0.39842
CVE-2023-50082,0.00657,0.77377
CVE-2023-50089,0.00172,0.54305
CVE-2023-5009,0.00126,0.47160
CVE-2023-50090,0.00091,0.38380
CVE-2023-50092,0.00046,0.13740
CVE-2023-50093,0.00046,0.13740
CVE-2023-50094,0.00211,0.59060
CVE-2023-50096,0.00055,0.20747
CVE-2023-5010,0.00096,0.39842
CVE-2023-50100,0.00045,0.11801
CVE-2023-50101,0.00045,0.11801
CVE-2023-50102,0.00045,0.11801
CVE-2023-50104,0.00143,0.50070
CVE-2023-5011,0.00096,0.39842
CVE-2023-50110,0.00048,0.14563
CVE-2023-5012,0.00043,0.06775
CVE-2023-50120,0.00044,0.10345
CVE-2023-50121,0.00043,0.06775
CVE-2023-50123,0.00106,0.42831
CVE-2023-50124,0.00053,0.19001
CVE-2023-50125,0.00087,0.36261
CVE-2023-50126,0.00045,0.12108
CVE-2023-50127,0.00048,0.14563
CVE-2023-50128,0.00045,0.12108
CVE-2023-50129,0.00045,0.12108
CVE-2023-5013,0.00051,0.17093
CVE-2023-50136,0.00045,0.11801
CVE-2023-50137,0.00045,0.11801
CVE-2023-5014,0.00063,0.25553
CVE-2023-50147,0.00193,0.57181
CVE-2023-5015,0.00052,0.17770
CVE-2023-50159,0.00042,0.05722
CVE-2023-5016,0.00064,0.26172
CVE-2023-50162,0.00060,0.23735
CVE-2023-50164,0.09719,0.94280
CVE-2023-5017,0.00076,0.31600
CVE-2023-50172,0.00043,0.06775
CVE-2023-50175,0.00045,0.11801
CVE-2023-5018,0.00076,0.31600
CVE-2023-5019,0.00063,0.25553
CVE-2023-5020,0.00063,0.25553
CVE-2023-5021,0.00046,0.13740
CVE-2023-5022,0.00064,0.26324
CVE-2023-5023,0.00050,0.16759
CVE-2023-5024,0.00066,0.27168
CVE-2023-50245,0.00087,0.36569
CVE-2023-50246,0.00042,0.05722
CVE-2023-50247,0.00077,0.31662
CVE-2023-50248,0.00044,0.10862
CVE-2023-50249,0.00053,0.18664
CVE-2023-5025,0.00051,0.17093
CVE-2023-50250,0.00046,0.13740
CVE-2023-50251,0.00044,0.10188
CVE-2023-50252,0.00070,0.29114
CVE-2023-50253,0.00049,0.14986
CVE-2023-50254,0.00471,0.73087
CVE-2023-50255,0.00153,0.51607
CVE-2023-50256,0.00052,0.17889
CVE-2023-50258,0.00051,0.16917
CVE-2023-50259,0.00052,0.17993
CVE-2023-5026,0.00052,0.17989
CVE-2023-50262,0.00049,0.15021
CVE-2023-50263,0.00071,0.29449
CVE-2023-50264,0.00064,0.26449
CVE-2023-50265,0.00064,0.26449
CVE-2023-50266,0.00052,0.17989
CVE-2023-50267,0.00045,0.11801
CVE-2023-50268,0.00042,0.05722
CVE-2023-50269,0.00454,0.72637
CVE-2023-5027,0.00064,0.26393
CVE-2023-50271,0.00087,0.36261
CVE-2023-50272,0.00091,0.38380
CVE-2023-50274,0.00042,0.05722
CVE-2023-50275,0.00045,0.12348
CVE-2023-5028,0.00052,0.18050
CVE-2023-5029,0.00050,0.16759
CVE-2023-50290,0.05452,0.92457
CVE-2023-50294,0.00049,0.14986
CVE-2023-50297,0.00063,0.25005
CVE-2023-5030,0.00050,0.16759
CVE-2023-50308,0.00044,0.10465
CVE-2023-5031,0.00063,0.25738
CVE-2023-5032,0.00061,0.24091
CVE-2023-5033,0.00061,0.24091
CVE-2023-50332,0.00048,0.14563
CVE-2023-50333,0.00045,0.11801
CVE-2023-50339,0.00045,0.11801
CVE-2023-5034,0.00063,0.25553
CVE-2023-50341,0.00087,0.36261
CVE-2023-50342,0.00045,0.11801
CVE-2023-50343,0.00049,0.14986
CVE-2023-50344,0.00047,0.14034
CVE-2023-50345,0.00046,0.13740
CVE-2023-50346,0.00045,0.11801
CVE-2023-50348,0.00046,0.13740
CVE-2023-5035,0.00046,0.13740
CVE-2023-50350,0.00059,0.22950
CVE-2023-50351,0.00091,0.38380
CVE-2023-5036,0.00058,0.21913
CVE-2023-50368,0.00045,0.11801
CVE-2023-50369,0.00045,0.11801
CVE-2023-50370,0.00045,0.11801
CVE-2023-50371,0.00045,0.11801
CVE-2023-50372,0.00058,0.21913
CVE-2023-50376,0.00046,0.13740
CVE-2023-50377,0.00045,0.11801
CVE-2023-5041,0.00050,0.16285
CVE-2023-5042,0.00087,0.36261
CVE-2023-50422,0.00099,0.40677
CVE-2023-50423,0.00088,0.37083
CVE-2023-50424,0.00088,0.37083
CVE-2023-50428,0.00059,0.23224
CVE-2023-50429,0.00076,0.31600
CVE-2023-5043,0.00264,0.64138
CVE-2023-50430,0.00053,0.19001
CVE-2023-50431,0.00043,0.06775
CVE-2023-50439,0.00052,0.17889
CVE-2023-5044,0.00083,0.34236
CVE-2023-50440,0.00054,0.19496
CVE-2023-50441,0.00054,0.19496
CVE-2023-50442,0.00042,0.05722
CVE-2023-50443,0.00054,0.19496
CVE-2023-50444,0.00093,0.39078
CVE-2023-50445,0.00042,0.05844
CVE-2023-50446,0.00042,0.05722
CVE-2023-50447,0.00074,0.30578
CVE-2023-50448,0.00087,0.36261
CVE-2023-50449,0.00134,0.48548
CVE-2023-5045,0.00103,0.41771
CVE-2023-50453,0.00046,0.13740
CVE-2023-50454,0.00058,0.21961
CVE-2023-50455,0.00046,0.13740
CVE-2023-50456,0.00046,0.13740
CVE-2023-50457,0.00045,0.11801
CVE-2023-5046,0.00103,0.41771
CVE-2023-50463,0.00075,0.30783
CVE-2023-50465,0.00050,0.15935
CVE-2023-50466,0.00055,0.20596
CVE-2023-50469,0.00087,0.36569
CVE-2023-5047,0.00043,0.06775
CVE-2023-50470,0.00051,0.17093
CVE-2023-50471,0.00046,0.13740
CVE-2023-50472,0.00046,0.13740
CVE-2023-50473,0.00048,0.14756
CVE-2023-50475,0.00121,0.46294
CVE-2023-50477,0.00148,0.50813
CVE-2023-5048,0.00045,0.11801
CVE-2023-50481,0.00081,0.33692
CVE-2023-5049,0.00051,0.17450
CVE-2023-50495,0.00049,0.15801
CVE-2023-5050,0.00051,0.17507
CVE-2023-5051,0.00051,0.17507
CVE-2023-5053,0.00106,0.42831
CVE-2023-5054,0.00065,0.27119
CVE-2023-5055,0.00103,0.41622
CVE-2023-50550,0.00045,0.11801
CVE-2023-50559,0.00042,0.05722
CVE-2023-5056,0.00045,0.12069
CVE-2023-50563,0.00076,0.31600
CVE-2023-50564,0.00055,0.20491
CVE-2023-50565,0.00045,0.11801
CVE-2023-50566,0.00045,0.11801
CVE-2023-50569,0.00069,0.28467
CVE-2023-5057,0.00045,0.11801
CVE-2023-50570,0.00044,0.10345
CVE-2023-50571,0.00102,0.41533
CVE-2023-50572,0.00044,0.10345
CVE-2023-50578,0.00076,0.31600
CVE-2023-5058,0.00043,0.07702
CVE-2023-50585,0.00087,0.36569
CVE-2023-50589,0.00076,0.31622
CVE-2023-5059,0.00053,0.18681
CVE-2023-5060,0.00046,0.13740
CVE-2023-50609,0.00090,0.37885
CVE-2023-5061,0.00045,0.11801
CVE-2023-50612,0.00042,0.05722
CVE-2023-50614,0.00084,0.34921
CVE-2023-5062,0.00051,0.17507
CVE-2023-50628,0.00118,0.45753
CVE-2023-5063,0.00051,0.17507
CVE-2023-50630,0.00064,0.26154
CVE-2023-50639,0.00045,0.11801
CVE-2023-50643,0.00317,0.67440
CVE-2023-50651,0.00149,0.50976
CVE-2023-50658,0.00043,0.06775
CVE-2023-50671,0.00053,0.19001
CVE-2023-5068,0.17538,0.95678
CVE-2023-50692,0.00081,0.33887
CVE-2023-50693,0.00458,0.72741
CVE-2023-50694,0.00458,0.72741
CVE-2023-5070,0.00049,0.14986
CVE-2023-50703,0.00085,0.35522
CVE-2023-50704,0.00046,0.13740
CVE-2023-50705,0.00046,0.13740
CVE-2023-50706,0.00042,0.05859
CVE-2023-50707,0.00046,0.13740
CVE-2023-50708,0.00063,0.24985
CVE-2023-50709,0.00046,0.13740
CVE-2023-5071,0.00051,0.17507
CVE-2023-50710,0.00052,0.17989
CVE-2023-50711,0.00092,0.38847
CVE-2023-50712,0.00045,0.11801
CVE-2023-50713,0.00053,0.18483
CVE-2023-50714,0.00063,0.24985
CVE-2023-50715,0.00064,0.26452
CVE-2023-50719,0.00064,0.26487
CVE-2023-5072,0.00049,0.15801
CVE-2023-50720,0.00052,0.17989
CVE-2023-50721,0.00199,0.57901
CVE-2023-50722,0.00210,0.58979
CVE-2023-50723,0.00119,0.45955
CVE-2023-50724,0.00063,0.24908
CVE-2023-50725,0.00052,0.17638
CVE-2023-50727,0.00052,0.17989
CVE-2023-50728,0.00107,0.43140
CVE-2023-50729,0.00134,0.48641
CVE-2023-5073,0.00045,0.11801
CVE-2023-50730,0.00051,0.17403
CVE-2023-50731,0.00049,0.15017
CVE-2023-50732,0.00092,0.38843
CVE-2023-5074,0.01816,0.86923
CVE-2023-50743,0.00096,0.39842
CVE-2023-5075,0.00042,0.05722
CVE-2023-50752,0.00096,0.39842
CVE-2023-50753,0.00096,0.39842
CVE-2023-5076,0.00045,0.11801
CVE-2023-50760,0.00091,0.38532
CVE-2023-50761,0.00050,0.16465
CVE-2023-50762,0.00050,0.16465
CVE-2023-50764,0.00046,0.12528
CVE-2023-50765,0.00044,0.10753
CVE-2023-50766,0.00058,0.21913
CVE-2023-50767,0.00044,0.10753
CVE-2023-50768,0.00058,0.21913
CVE-2023-50769,0.00044,0.10753
CVE-2023-5077,0.00048,0.14563
CVE-2023-50770,0.00042,0.05722
CVE-2023-50771,0.00046,0.13740
CVE-2023-50772,0.00044,0.10753
CVE-2023-50773,0.00044,0.10753
CVE-2023-50774,0.00057,0.21548
CVE-2023-50775,0.00046,0.13740
CVE-2023-50776,0.00044,0.10753
CVE-2023-50777,0.00044,0.10753
CVE-2023-50778,0.00058,0.21913
CVE-2023-50779,0.00044,0.10753
CVE-2023-5078,0.00042,0.05722
CVE-2023-50783,0.00071,0.29179
CVE-2023-50784,0.00193,0.57271
CVE-2023-50785,0.00069,0.28755
CVE-2023-5079,0.00088,0.37049
CVE-2023-5080,0.00043,0.06775
CVE-2023-5081,0.00043,0.06775
CVE-2023-5082,0.00050,0.16285
CVE-2023-50822,0.00045,0.11801
CVE-2023-50823,0.00045,0.11801
CVE-2023-50824,0.00045,0.11801
CVE-2023-50825,0.00045,0.11801
CVE-2023-50826,0.00045,0.11801
CVE-2023-50827,0.00045,0.11801
CVE-2023-50828,0.00045,0.11801
CVE-2023-50829,0.00045,0.11801
CVE-2023-50830,0.00045,0.11801
CVE-2023-50831,0.00045,0.11801
CVE-2023-50832,0.00045,0.11801
CVE-2023-50833,0.00045,0.11801
CVE-2023-50834,0.00045,0.11801
CVE-2023-50835,0.00058,0.21913
CVE-2023-50836,0.00045,0.11801
CVE-2023-50837,0.00050,0.16285
CVE-2023-50838,0.00050,0.16285
CVE-2023-50839,0.00076,0.31600
CVE-2023-5084,0.00046,0.13740
CVE-2023-50840,0.00050,0.16285
CVE-2023-50841,0.00050,0.16285
CVE-2023-50842,0.00050,0.16285
CVE-2023-50843,0.00050,0.16285
CVE-2023-50844,0.00050,0.16285
CVE-2023-50845,0.00050,0.16285
CVE-2023-50846,0.00050,0.16285
CVE-2023-50847,0.00050,0.16285
CVE-2023-50848,0.00050,0.16285
CVE-2023-50849,0.00050,0.16285
CVE-2023-5085,0.00045,0.11801
CVE-2023-50851,0.00050,0.16285
CVE-2023-50852,0.00050,0.16285
CVE-2023-50853,0.00050,0.16285
CVE-2023-50854,0.00050,0.16285
CVE-2023-50855,0.00050,0.16285
CVE-2023-50856,0.00050,0.16285
CVE-2023-50857,0.00050,0.16285
CVE-2023-50858,0.00058,0.21913
CVE-2023-50859,0.00045,0.11801
CVE-2023-5086,0.00051,0.17507
CVE-2023-50860,0.00045,0.11801
CVE-2023-50862,0.00096,0.39842
CVE-2023-50863,0.00096,0.39842
CVE-2023-50864,0.00096,0.39842
CVE-2023-50865,0.00096,0.39842
CVE-2023-50866,0.00096,0.39842
CVE-2023-50867,0.00096,0.39842
CVE-2023-5087,0.00045,0.11801
CVE-2023-50870,0.00058,0.21913
CVE-2023-50871,0.00045,0.11801
CVE-2023-50873,0.00058,0.21913
CVE-2023-50874,0.00045,0.11801
CVE-2023-50878,0.00058,0.21913
CVE-2023-50879,0.00045,0.11801
CVE-2023-5088,0.00042,0.05722
CVE-2023-50880,0.00045,0.11801
CVE-2023-50881,0.00045,0.11801
CVE-2023-50889,0.00045,0.11801
CVE-2023-5089,0.00046,0.13740
CVE-2023-50891,0.00373,0.69929
CVE-2023-50892,0.00046,0.13740
CVE-2023-50893,0.00046,0.13740
CVE-2023-50896,0.00045,0.11801
CVE-2023-5090,0.00043,0.06775
CVE-2023-50901,0.00046,0.13740
CVE-2023-50902,0.00058,0.21913
CVE-2023-5091,0.00051,0.17175
CVE-2023-50916,0.00348,0.68917
CVE-2023-50917,0.69459,0.97730
CVE-2023-50918,0.00084,0.34630
CVE-2023-50919,0.00106,0.42831
CVE-2023-50920,0.00043,0.06775
CVE-2023-50921,0.00091,0.38380
CVE-2023-50922,0.00055,0.20491
CVE-2023-50924,0.00049,0.15110
CVE-2023-50928,0.00050,0.16285
CVE-2023-50930,0.00055,0.20586
CVE-2023-50931,0.00055,0.20586
CVE-2023-50932,0.00055,0.20586
CVE-2023-50943,0.00367,0.69757
CVE-2023-50944,0.00082,0.34104
CVE-2023-50948,0.00057,0.21530
CVE-2023-50950,0.00044,0.10521
CVE-2023-5096,0.00045,0.11801
CVE-2023-50963,0.00044,0.10521
CVE-2023-50965,0.00288,0.65709
CVE-2023-50968,0.32266,0.96625
CVE-2023-5097,0.00043,0.06775
CVE-2023-50974,0.00043,0.06775
CVE-2023-50976,0.00063,0.24985
CVE-2023-50979,0.00084,0.34921
CVE-2023-5098,0.00046,0.12561
CVE-2023-50980,0.00046,0.13740
CVE-2023-50981,0.00046,0.13740
CVE-2023-50982,0.00116,0.45265
CVE-2023-50983,0.00431,0.71924
CVE-2023-50984,0.00124,0.46801
CVE-2023-50985,0.00124,0.46801
CVE-2023-50986,0.00124,0.46801
CVE-2023-50987,0.00124,0.46801
CVE-2023-50988,0.00124,0.46801
CVE-2023-50989,0.00431,0.71924
CVE-2023-5099,0.00069,0.28754
CVE-2023-50990,0.00124,0.46801
CVE-2023-50991,0.00085,0.35467
CVE-2023-50992,0.00124,0.46801
CVE-2023-50993,0.00068,0.27907
CVE-2023-5100,0.00092,0.38882
CVE-2023-51006,0.00084,0.34921
CVE-2023-5101,0.00092,0.38713
CVE-2023-51010,0.00046,0.13740
CVE-2023-51011,0.00192,0.56846
CVE-2023-51012,0.00192,0.56846
CVE-2023-51013,0.00192,0.56846
CVE-2023-51014,0.00192,0.56846
CVE-2023-51015,0.00192,0.56846
CVE-2023-51016,0.00192,0.56846
CVE-2023-51017,0.00192,0.56846
CVE-2023-51018,0.00192,0.56846
CVE-2023-51019,0.00192,0.56846
CVE-2023-5102,0.00092,0.38713
CVE-2023-51020,0.00192,0.56846
CVE-2023-51021,0.00192,0.56846
CVE-2023-51022,0.00192,0.56846
CVE-2023-51023,0.00192,0.56846
CVE-2023-51024,0.00192,0.56846
CVE-2023-51025,0.00192,0.56846
CVE-2023-51026,0.00192,0.56846
CVE-2023-51027,0.00192,0.56846
CVE-2023-51028,0.00193,0.57181
CVE-2023-5103,0.00088,0.37167
CVE-2023-51033,0.00193,0.57181
CVE-2023-51034,0.00192,0.56846
CVE-2023-51035,0.00193,0.57181
CVE-2023-5104,0.00046,0.13740
CVE-2023-51042,0.00043,0.06775
CVE-2023-51043,0.00043,0.06775
CVE-2023-51048,0.00076,0.31600
CVE-2023-51049,0.00076,0.31600
CVE-2023-5105,0.00046,0.12704
CVE-2023-51050,0.00076,0.31600
CVE-2023-51051,0.00076,0.31600
CVE-2023-51052,0.00076,0.31600
CVE-2023-51059,0.00105,0.42401
CVE-2023-5106,0.00048,0.14563
CVE-2023-51062,0.00046,0.13740
CVE-2023-51063,0.00058,0.21913
CVE-2023-51064,0.00046,0.13740
CVE-2023-51065,0.00124,0.46701
CVE-2023-51066,0.00075,0.30805
CVE-2023-51067,0.00046,0.13740
CVE-2023-51068,0.00045,0.11801
CVE-2023-51070,0.00107,0.43251
CVE-2023-51071,0.00097,0.40301
CVE-2023-51073,0.00264,0.64147
CVE-2023-51074,0.00046,0.13740
CVE-2023-51075,0.00046,0.13740
CVE-2023-51079,0.00046,0.13740
CVE-2023-5108,0.00050,0.16285
CVE-2023-51080,0.00046,0.13740
CVE-2023-51084,0.00087,0.36569
CVE-2023-5109,0.00045,0.11801
CVE-2023-51090,0.00087,0.36569
CVE-2023-51091,0.00087,0.36569
CVE-2023-51092,0.00087,0.36569
CVE-2023-51093,0.00087,0.36569
CVE-2023-51094,0.00169,0.53902
CVE-2023-51095,0.00087,0.36569
CVE-2023-51097,0.00087,0.36569
CVE-2023-51098,0.00126,0.47141
CVE-2023-51099,0.00126,0.47141
CVE-2023-5110,0.00045,0.11801
CVE-2023-51100,0.00126,0.47141
CVE-2023-51101,0.00087,0.36569
CVE-2023-51102,0.00087,0.36569
CVE-2023-51103,0.00046,0.13740
CVE-2023-51104,0.00046,0.13740
CVE-2023-51105,0.00046,0.13740
CVE-2023-51106,0.00046,0.13740
CVE-2023-51107,0.00046,0.13740
CVE-2023-5111,0.00049,0.15110
CVE-2023-5112,0.00049,0.15110
CVE-2023-51123,0.00317,0.67440
CVE-2023-51126,0.00077,0.31691
CVE-2023-51127,0.00114,0.44985
CVE-2023-5113,0.00045,0.12348
CVE-2023-51133,0.00082,0.33982
CVE-2023-51135,0.00082,0.33982
CVE-2023-51136,0.00082,0.33982
CVE-2023-5114,0.00045,0.11801
CVE-2023-5115,0.00067,0.27729
CVE-2023-51154,0.00106,0.42831
CVE-2023-5116,0.00045,0.11801
CVE-2023-5118,0.00045,0.11801
CVE-2023-5119,0.00045,0.11801
CVE-2023-51199,0.00091,0.38380
CVE-2023-5120,0.00045,0.11801
CVE-2023-51200,0.00102,0.41513
CVE-2023-51201,0.00085,0.35522
CVE-2023-51208,0.00091,0.38380
CVE-2023-5121,0.00045,0.11801
CVE-2023-51210,0.00091,0.38180
CVE-2023-51217,0.00121,0.46376
CVE-2023-5124,0.00043,0.06775
CVE-2023-51246,0.00045,0.11801
CVE-2023-5125,0.00045,0.11801
CVE-2023-51252,0.00045,0.11801
CVE-2023-51257,0.00042,0.05722
CVE-2023-51258,0.00042,0.05722
CVE-2023-5126,0.00045,0.11801
CVE-2023-5127,0.00073,0.30161
CVE-2023-51277,0.00063,0.24985
CVE-2023-5128,0.00051,0.17507
CVE-2023-51282,0.00114,0.44803
CVE-2023-5130,0.00131,0.47941
CVE-2023-5131,0.00131,0.47941
CVE-2023-5132,0.00093,0.39078
CVE-2023-5133,0.00048,0.14563
CVE-2023-5134,0.00045,0.11801
CVE-2023-5135,0.00055,0.20552
CVE-2023-51350,0.00667,0.77647
CVE-2023-51354,0.00058,0.21913
CVE-2023-51358,0.00058,0.21913
CVE-2023-5136,0.00056,0.21221
CVE-2023-51361,0.00045,0.11801
CVE-2023-51363,0.00054,0.19496
CVE-2023-5137,0.00045,0.11801
CVE-2023-51371,0.00045,0.11801
CVE-2023-51372,0.00045,0.11801
CVE-2023-51373,0.00046,0.13740
CVE-2023-51374,0.00045,0.11801
CVE-2023-51378,0.00058,0.21913
CVE-2023-51379,0.00060,0.23745
CVE-2023-5138,0.00053,0.19001
CVE-2023-51380,0.00059,0.22984
CVE-2023-51384,0.00045,0.12069
CVE-2023-51385,0.00189,0.56458
CVE-2023-51386,0.00043,0.06775
CVE-2023-51387,0.00057,0.21396
CVE-2023-5139,0.00042,0.05722
CVE-2023-51390,0.00087,0.36261
CVE-2023-51396,0.00045,0.11801
CVE-2023-51397,0.00045,0.11801
CVE-2023-51399,0.00045,0.11801
CVE-2023-5140,0.00046,0.13740
CVE-2023-51402,0.00058,0.21913
CVE-2023-51406,0.00087,0.36261
CVE-2023-51408,0.00087,0.36261
CVE-2023-5141,0.00046,0.13740
CVE-2023-51410,0.00050,0.16285
CVE-2023-51411,0.00091,0.38380
CVE-2023-51412,0.00091,0.38380
CVE-2023-51414,0.00072,0.29664
CVE-2023-51417,0.00050,0.16285
CVE-2023-51419,0.00091,0.38380
CVE-2023-5142,0.00052,0.17598
CVE-2023-51420,0.00049,0.15052
CVE-2023-51421,0.00050,0.16285
CVE-2023-51422,0.00052,0.17780
CVE-2023-51423,0.00076,0.31600
CVE-2023-51426,0.00043,0.06775
CVE-2023-51427,0.00043,0.06775
CVE-2023-51428,0.00043,0.06775
CVE-2023-51429,0.00043,0.06775
CVE-2023-5143,0.00068,0.27979
CVE-2023-51430,0.00043,0.06775
CVE-2023-51431,0.00043,0.06775
CVE-2023-51432,0.00043,0.06775
CVE-2023-51433,0.00043,0.06775
CVE-2023-51434,0.00042,0.05722
CVE-2023-51435,0.00043,0.06775
CVE-2023-51438,0.00122,0.46408
CVE-2023-51439,0.00110,0.44060
CVE-2023-5144,0.00114,0.44965
CVE-2023-51441,0.00067,0.27667
CVE-2023-51442,0.00046,0.13740
CVE-2023-51443,0.00121,0.46207
CVE-2023-51448,0.00071,0.29168
CVE-2023-51449,0.00064,0.26449
CVE-2023-5145,0.00071,0.29263
CVE-2023-51451,0.00063,0.24936
CVE-2023-51457,0.00047,0.14158
CVE-2023-51458,0.00047,0.14158
CVE-2023-51459,0.00047,0.14158
CVE-2023-5146,0.00268,0.64437
CVE-2023-51460,0.00047,0.14158
CVE-2023-51461,0.00047,0.14158
CVE-2023-51462,0.00047,0.14158
CVE-2023-51463,0.00047,0.14158
CVE-2023-51464,0.00047,0.14158
CVE-2023-51467,0.54475,0.97359
CVE-2023-51468,0.00091,0.38380
CVE-2023-51469,0.00076,0.31600
CVE-2023-5147,0.00068,0.28330
CVE-2023-51470,0.00052,0.17780
CVE-2023-51473,0.00091,0.38380
CVE-2023-51475,0.00091,0.38380
CVE-2023-5148,0.00114,0.44965
CVE-2023-5149,0.00068,0.28330
CVE-2023-51490,0.00087,0.36261
CVE-2023-5150,0.00114,0.44965
CVE-2023-51501,0.00046,0.13740
CVE-2023-51502,0.00091,0.38380
CVE-2023-51503,0.00087,0.36261
CVE-2023-51505,0.00072,0.29664
CVE-2023-51508,0.00087,0.36261
CVE-2023-5151,0.00079,0.33098
CVE-2023-51517,0.00045,0.11801
CVE-2023-5152,0.00077,0.32064
CVE-2023-51527,0.00087,0.36261
CVE-2023-5153,0.00077,0.32064
CVE-2023-51535,0.00058,0.21913
CVE-2023-51538,0.00058,0.21913
CVE-2023-51539,0.00058,0.21913
CVE-2023-5154,0.00071,0.29263
CVE-2023-51541,0.00045,0.11801
CVE-2023-51545,0.00058,0.22796
CVE-2023-51547,0.00050,0.16285
CVE-2023-5156,0.00093,0.39198
CVE-2023-5157,0.00120,0.46097
CVE-2023-5158,0.00043,0.06775
CVE-2023-5159,0.00045,0.11801
CVE-2023-5160,0.00045,0.11801
CVE-2023-5161,0.00051,0.17450
CVE-2023-5162,0.00051,0.17507
CVE-2023-5163,0.00056,0.21002
CVE-2023-5164,0.00051,0.17507
CVE-2023-51649,0.00053,0.18592
CVE-2023-5165,0.00043,0.06775
CVE-2023-51650,0.00084,0.34921
CVE-2023-51651,0.00045,0.12069
CVE-2023-51652,0.00050,0.16827
CVE-2023-51654,0.00043,0.06775
CVE-2023-51655,0.00134,0.48641
CVE-2023-51656,0.02615,0.89284
CVE-2023-5166,0.00087,0.36261
CVE-2023-51661,0.00064,0.26487
CVE-2023-51662,0.00050,0.16285
CVE-2023-51663,0.00046,0.13740
CVE-2023-51664,0.00512,0.74213
CVE-2023-51665,0.00087,0.36261
CVE-2023-51668,0.00058,0.21913
CVE-2023-5167,0.00045,0.11801
CVE-2023-51673,0.00058,0.21913
CVE-2023-51675,0.00045,0.11801
CVE-2023-51676,0.00049,0.14986
CVE-2023-51678,0.00048,0.14563
CVE-2023-5168,0.00066,0.27443
CVE-2023-51687,0.00087,0.36261
CVE-2023-51688,0.00087,0.36261
CVE-2023-5169,0.00073,0.30024
CVE-2023-51697,0.00087,0.36261
CVE-2023-51698,0.00086,0.35858
CVE-2023-5170,0.00064,0.26487
CVE-2023-51700,0.00073,0.30259
CVE-2023-51701,0.00048,0.14563
CVE-2023-51702,0.00117,0.45547
CVE-2023-51704,0.00046,0.13740
CVE-2023-51707,0.00164,0.53062
CVE-2023-51708,0.00093,0.39078
CVE-2023-5171,0.00073,0.30024
CVE-2023-51711,0.00055,0.20747
CVE-2023-51713,0.00053,0.18664
CVE-2023-51714,0.00084,0.34630
CVE-2023-51717,0.00091,0.38380
CVE-2023-51719,0.00048,0.14756
CVE-2023-5172,0.00068,0.28208
CVE-2023-51720,0.00048,0.14756
CVE-2023-51721,0.00048,0.14756
CVE-2023-51722,0.00048,0.14756
CVE-2023-51723,0.00048,0.14756
CVE-2023-51724,0.00048,0.14756
CVE-2023-51725,0.00048,0.14756
CVE-2023-51726,0.00048,0.14756
CVE-2023-51727,0.00048,0.14756
CVE-2023-51728,0.00048,0.14756
CVE-2023-51729,0.00048,0.14756
CVE-2023-5173,0.00053,0.18614
CVE-2023-51730,0.00048,0.14756
CVE-2023-51731,0.00048,0.14756
CVE-2023-51732,0.00048,0.14756
CVE-2023-51733,0.00048,0.14756
CVE-2023-51734,0.00048,0.14756
CVE-2023-51735,0.00048,0.14756
CVE-2023-51736,0.00048,0.14756
CVE-2023-51737,0.00048,0.14756
CVE-2023-51738,0.00048,0.14756
CVE-2023-51739,0.00048,0.14756
CVE-2023-5174,0.00068,0.27979
CVE-2023-51740,0.00103,0.41798
CVE-2023-51741,0.00103,0.41798
CVE-2023-51742,0.00081,0.33588
CVE-2023-51743,0.00081,0.33588
CVE-2023-51744,0.00050,0.16404
CVE-2023-51745,0.00050,0.16495
CVE-2023-51746,0.00050,0.16495
CVE-2023-51748,0.00042,0.05722
CVE-2023-51749,0.00042,0.05722
CVE-2023-5175,0.00068,0.28208
CVE-2023-51750,0.00052,0.18141
CVE-2023-51751,0.00050,0.16759
CVE-2023-5176,0.00128,0.47432
CVE-2023-51763,0.00063,0.25553
CVE-2023-51764,0.00412,0.71347
CVE-2023-51765,0.00173,0.54538
CVE-2023-51766,0.00276,0.64889
CVE-2023-51767,0.00051,0.17254
CVE-2023-5177,0.00046,0.13740
CVE-2023-51771,0.00124,0.46801
CVE-2023-51772,0.00050,0.16285
CVE-2023-51773,0.00045,0.12069
CVE-2023-51774,0.00043,0.06775
CVE-2023-51775,0.00043,0.06775
CVE-2023-51779,0.00050,0.16835
CVE-2023-5178,0.01495,0.85551
CVE-2023-51780,0.00042,0.05722
CVE-2023-51781,0.00042,0.05722
CVE-2023-51782,0.00042,0.05722
CVE-2023-51784,0.00217,0.59789
CVE-2023-51785,0.00225,0.60852
CVE-2023-5179,0.00055,0.20747
CVE-2023-51790,0.00069,0.28467
CVE-2023-5180,0.00055,0.20747
CVE-2023-51804,0.00112,0.44498
CVE-2023-51805,0.00059,0.22849
CVE-2023-51806,0.00044,0.10522
CVE-2023-51807,0.00085,0.35404
CVE-2023-5181,0.00045,0.11801
CVE-2023-51810,0.00062,0.24378
CVE-2023-51812,0.00318,0.67450
CVE-2023-51813,0.00045,0.12247
CVE-2023-5182,0.00043,0.06775
CVE-2023-5183,0.00052,0.17595
CVE-2023-51833,0.00106,0.42715
CVE-2023-51837,0.00045,0.12069
CVE-2023-51839,0.00045,0.12069
CVE-2023-5184,0.00042,0.05722
CVE-2023-51840,0.00068,0.28208
CVE-2023-51842,0.00045,0.12069
CVE-2023-51843,0.00045,0.12069
CVE-2023-5185,0.00091,0.38068
CVE-2023-5186,0.00167,0.53506
CVE-2023-5187,0.00066,0.27488
CVE-2023-5188,0.00089,0.37617
CVE-2023-51885,0.00091,0.38391
CVE-2023-51886,0.00094,0.39341
CVE-2023-51887,0.00045,0.12247
CVE-2023-51888,0.00094,0.39341
CVE-2023-51889,0.00091,0.38391
CVE-2023-5189,0.00053,0.18636
CVE-2023-51890,0.00047,0.13890
CVE-2023-51892,0.00265,0.64205
CVE-2023-51906,0.00222,0.60399
CVE-2023-5192,0.00046,0.13786
CVE-2023-51924,0.00078,0.32756
CVE-2023-51925,0.00078,0.32756
CVE-2023-51926,0.00064,0.26487
CVE-2023-51927,0.00063,0.25553
CVE-2023-51928,0.00078,0.32756
CVE-2023-5193,0.00045,0.11801
CVE-2023-5194,0.00045,0.11801
CVE-2023-51946,0.00077,0.31777
CVE-2023-51947,0.00129,0.47666
CVE-2023-51948,0.00116,0.45349
CVE-2023-51949,0.00058,0.21913
CVE-2023-5195,0.00044,0.10862
CVE-2023-51952,0.00087,0.36569
CVE-2023-51953,0.00087,0.36569
CVE-2023-51954,0.00087,0.36569
CVE-2023-51955,0.00087,0.36569
CVE-2023-51956,0.00087,0.36569
CVE-2023-51957,0.00087,0.36569
CVE-2023-51958,0.00087,0.36569
CVE-2023-51959,0.00087,0.36569
CVE-2023-5196,0.00044,0.10862
CVE-2023-51960,0.00087,0.36569
CVE-2023-51961,0.00087,0.36569
CVE-2023-51962,0.00087,0.36569
CVE-2023-51963,0.00087,0.36569
CVE-2023-51964,0.00087,0.36569
CVE-2023-51965,0.00087,0.36569
CVE-2023-51966,0.00087,0.36569
CVE-2023-51967,0.00087,0.36569
CVE-2023-51968,0.00087,0.36569
CVE-2023-51969,0.00087,0.36569
CVE-2023-5197,0.00042,0.05722
CVE-2023-51970,0.00087,0.36569
CVE-2023-51971,0.00087,0.36569
CVE-2023-51972,0.00151,0.51288
CVE-2023-51978,0.00049,0.14986
CVE-2023-5198,0.00045,0.11801
CVE-2023-51982,0.00043,0.06775
CVE-2023-51984,0.00108,0.43440
CVE-2023-51987,0.00100,0.40791
CVE-2023-51989,0.00100,0.40791
CVE-2023-5199,0.00100,0.40799
CVE-2023-5200,0.00051,0.17507
CVE-2023-5201,0.00158,0.52302
CVE-2023-52026,0.00117,0.45609
CVE-2023-52027,0.00118,0.45709
CVE-2023-52028,0.00117,0.45609
CVE-2023-52029,0.00117,0.45609
CVE-2023-5203,0.00190,0.56643
CVE-2023-52030,0.00117,0.45609
CVE-2023-52031,0.00117,0.45609
CVE-2023-52032,0.00117,0.45609
CVE-2023-52038,0.00646,0.77162
CVE-2023-52039,0.00646,0.77162
CVE-2023-5204,0.00182,0.55596
CVE-2023-52040,0.00646,0.77162
CVE-2023-52041,0.00915,0.81160
CVE-2023-52042,0.00915,0.81160
CVE-2023-52046,0.00052,0.17688
CVE-2023-5205,0.00045,0.11801
CVE-2023-52064,0.00076,0.31600
CVE-2023-52068,0.00046,0.13740
CVE-2023-52069,0.00045,0.11801
CVE-2023-5207,0.01875,0.87193
CVE-2023-52071,0.00043,0.06775
CVE-2023-52072,0.00058,0.21913
CVE-2023-52073,0.00058,0.21913
CVE-2023-52074,0.00058,0.21913
CVE-2023-52075,0.00046,0.13740
CVE-2023-52076,0.00414,0.71421
CVE-2023-52077,0.00068,0.27979
CVE-2023-52079,0.00044,0.10862
CVE-2023-52081,0.00046,0.13740
CVE-2023-52082,0.00076,0.31600
CVE-2023-52083,0.00045,0.11801
CVE-2023-52084,0.00045,0.11801
CVE-2023-52085,0.00046,0.12531
CVE-2023-52086,0.00063,0.24985
CVE-2023-5209,0.00045,0.11801
CVE-2023-52090,0.00045,0.12491
CVE-2023-52091,0.00045,0.12491
CVE-2023-52092,0.00045,0.12491
CVE-2023-52093,0.00047,0.14170
CVE-2023-52094,0.00045,0.12491
CVE-2023-52096,0.00071,0.29225
CVE-2023-52098,0.00046,0.13740
CVE-2023-52099,0.00087,0.36261
CVE-2023-5210,0.00046,0.13740
CVE-2023-52100,0.00046,0.13740
CVE-2023-52101,0.00048,0.14563
CVE-2023-52102,0.00087,0.36261
CVE-2023-52103,0.00091,0.38380
CVE-2023-52104,0.00087,0.36261
CVE-2023-52105,0.00046,0.13740
CVE-2023-52106,0.00048,0.14563
CVE-2023-52107,0.00087,0.36261
CVE-2023-52108,0.00046,0.13740
CVE-2023-52109,0.00087,0.36261
CVE-2023-5211,0.00046,0.13740
CVE-2023-52110,0.00046,0.13740
CVE-2023-52111,0.00048,0.14563
CVE-2023-52112,0.00046,0.13740
CVE-2023-52113,0.00046,0.13740
CVE-2023-52114,0.00048,0.14563
CVE-2023-52115,0.00046,0.13740
CVE-2023-52116,0.00046,0.13740
CVE-2023-52119,0.00058,0.21913
CVE-2023-5212,0.00160,0.52578
CVE-2023-52120,0.00058,0.21913
CVE-2023-52121,0.00058,0.21913
CVE-2023-52122,0.00058,0.21913
CVE-2023-52123,0.00058,0.21913
CVE-2023-52124,0.00045,0.11801
CVE-2023-52125,0.00045,0.11801
CVE-2023-52126,0.00046,0.13740
CVE-2023-52127,0.00058,0.21913
CVE-2023-52128,0.00058,0.21913
CVE-2023-52129,0.00058,0.21913
CVE-2023-52130,0.00058,0.21913
CVE-2023-52131,0.00050,0.16285
CVE-2023-52132,0.00050,0.16285
CVE-2023-52133,0.00050,0.16285
CVE-2023-52134,0.00050,0.16285
CVE-2023-52135,0.00050,0.16285
CVE-2023-52136,0.00058,0.21913
CVE-2023-52137,0.00056,0.20769
CVE-2023-52139,0.00050,0.16404
CVE-2023-5214,0.00091,0.38380
CVE-2023-52142,0.00050,0.16285
CVE-2023-52143,0.00087,0.36261
CVE-2023-52145,0.00058,0.21913
CVE-2023-52146,0.00046,0.13740
CVE-2023-52148,0.00046,0.13740
CVE-2023-52149,0.00058,0.21913
CVE-2023-5215,0.00044,0.08085
CVE-2023-52150,0.00058,0.21913
CVE-2023-52151,0.00046,0.13740
CVE-2023-52152,0.00046,0.13740
CVE-2023-5217,0.20991,0.95997
CVE-2023-52173,0.00091,0.38380
CVE-2023-52174,0.00106,0.42831
CVE-2023-52178,0.00045,0.11801
CVE-2023-5218,0.00180,0.55333
CVE-2023-52180,0.00050,0.16404
CVE-2023-52181,0.00072,0.29664
CVE-2023-52182,0.00052,0.17780
CVE-2023-52184,0.00058,0.21913
CVE-2023-52185,0.00087,0.36261
CVE-2023-52187,0.00087,0.36261
CVE-2023-52190,0.00087,0.36261
CVE-2023-52196,0.00046,0.13740
CVE-2023-52197,0.00045,0.11801
CVE-2023-52198,0.00045,0.11801
CVE-2023-52200,0.00058,0.22796
CVE-2023-52201,0.00050,0.16285
CVE-2023-52202,0.00052,0.17780
CVE-2023-52203,0.00045,0.11801
CVE-2023-52204,0.00050,0.16285
CVE-2023-52205,0.00052,0.17780
CVE-2023-52206,0.00052,0.17780
CVE-2023-52207,0.00052,0.17780
CVE-2023-52208,0.00087,0.36261
CVE-2023-5221,0.00218,0.59797
CVE-2023-52213,0.00046,0.13740
CVE-2023-52215,0.00076,0.31600
CVE-2023-52216,0.00058,0.21913
CVE-2023-52218,0.00072,0.29664
CVE-2023-52219,0.00052,0.17780
CVE-2023-5222,0.00164,0.53071
CVE-2023-52221,0.00091,0.38380
CVE-2023-52222,0.00058,0.21913
CVE-2023-52225,0.00072,0.29664
CVE-2023-5223,0.00061,0.24091
CVE-2023-52240,0.00061,0.24001
CVE-2023-52251,0.00115,0.45037
CVE-2023-52252,0.01574,0.85973
CVE-2023-52257,0.00054,0.19245
CVE-2023-5226,0.00047,0.14049
CVE-2023-52262,0.00276,0.64906
CVE-2023-52263,0.00052,0.17638
CVE-2023-52264,0.00052,0.17989
CVE-2023-52265,0.00045,0.11801
CVE-2023-52266,0.00046,0.13740
CVE-2023-52267,0.00046,0.13740
CVE-2023-52269,0.00045,0.11801
CVE-2023-5227,0.00091,0.38380
CVE-2023-52271,0.00043,0.06775
CVE-2023-52274,0.00046,0.13740
CVE-2023-52275,0.00043,0.06775
CVE-2023-52277,0.00053,0.19001
CVE-2023-5228,0.00045,0.11801
CVE-2023-52284,0.00044,0.08085
CVE-2023-52285,0.00073,0.30355
CVE-2023-52286,0.00281,0.65255
CVE-2023-52288,0.00090,0.37805
CVE-2023-52289,0.00048,0.14771
CVE-2023-5229,0.00045,0.11801
CVE-2023-5230,0.00045,0.11801
CVE-2023-52302,0.00046,0.13740
CVE-2023-52303,0.00046,0.13740
CVE-2023-52304,0.00091,0.38380
CVE-2023-52305,0.00046,0.13740
CVE-2023-52306,0.00046,0.13740
CVE-2023-52307,0.00091,0.38380
CVE-2023-52308,0.00046,0.13740
CVE-2023-52309,0.00091,0.38380
CVE-2023-5231,0.00045,0.11801
CVE-2023-52310,0.00068,0.27907
CVE-2023-52311,0.00068,0.27907
CVE-2023-52312,0.00046,0.13740
CVE-2023-52313,0.00046,0.13740
CVE-2023-52314,0.00068,0.27907
CVE-2023-5232,0.00045,0.11801
CVE-2023-52322,0.00046,0.13740
CVE-2023-52323,0.00087,0.36261
CVE-2023-52324,0.00257,0.63587
CVE-2023-52325,0.00442,0.72292
CVE-2023-52326,0.00095,0.39619
CVE-2023-52327,0.00095,0.39619
CVE-2023-52328,0.00095,0.39619
CVE-2023-52329,0.00095,0.39619
CVE-2023-5233,0.00045,0.11801
CVE-2023-52330,0.00095,0.39619
CVE-2023-52331,0.00098,0.40456
CVE-2023-52337,0.00045,0.12491
CVE-2023-52338,0.00045,0.12491
CVE-2023-52339,0.00056,0.20790
CVE-2023-5234,0.00051,0.17507
CVE-2023-5235,0.00050,0.16285
CVE-2023-52353,0.00048,0.14563
CVE-2023-52354,0.00048,0.14563
CVE-2023-52355,0.00117,0.45643
CVE-2023-52356,0.00127,0.47368
CVE-2023-5236,0.00062,0.24846
CVE-2023-5237,0.00045,0.11801
CVE-2023-5238,0.00046,0.13740
CVE-2023-52389,0.00064,0.26190
CVE-2023-5239,0.00048,0.14563
CVE-2023-5240,0.00087,0.36261
CVE-2023-5241,0.00128,0.47437
CVE-2023-5243,0.00045,0.11801
CVE-2023-5244,0.00064,0.26181
CVE-2023-5245,0.00395,0.70796
CVE-2023-5246,0.00100,0.40834
CVE-2023-5247,0.00055,0.20747
CVE-2023-5250,0.00069,0.28754
CVE-2023-5251,0.00051,0.17459
CVE-2023-5252,0.00045,0.11801
CVE-2023-5253,0.00093,0.39078
CVE-2023-5254,0.00089,0.37286
CVE-2023-5255,0.00046,0.13740
CVE-2023-5256,0.00050,0.16285
CVE-2023-5257,0.00045,0.12069
CVE-2023-5258,0.00058,0.22658
CVE-2023-5259,0.00048,0.14340
CVE-2023-5260,0.00077,0.31941
CVE-2023-5261,0.00077,0.31941
CVE-2023-5262,0.00063,0.25592
CVE-2023-5263,0.00061,0.24091
CVE-2023-5264,0.00061,0.24091
CVE-2023-5265,0.00077,0.31941
CVE-2023-5266,0.00085,0.35356
CVE-2023-5267,0.00077,0.31941
CVE-2023-5268,0.00061,0.24091
CVE-2023-5269,0.00076,0.31144
CVE-2023-5270,0.00076,0.31144
CVE-2023-5271,0.00076,0.31144
CVE-2023-5272,0.00076,0.31144
CVE-2023-5273,0.00050,0.16708
CVE-2023-5274,0.00043,0.05916
CVE-2023-5275,0.00043,0.05916
CVE-2023-5276,0.00077,0.31941
CVE-2023-5277,0.00175,0.54736
CVE-2023-5278,0.00077,0.31941
CVE-2023-5279,0.00077,0.31941
CVE-2023-5280,0.00077,0.31941
CVE-2023-5281,0.00077,0.31941
CVE-2023-5282,0.00077,0.31941
CVE-2023-5283,0.00076,0.31144
CVE-2023-5284,0.00099,0.40756
CVE-2023-5285,0.00079,0.33117
CVE-2023-5286,0.00057,0.21464
CVE-2023-5287,0.00051,0.17143
CVE-2023-5288,0.00068,0.28208
CVE-2023-5289,0.00050,0.16285
CVE-2023-5291,0.00051,0.17507
CVE-2023-5292,0.00051,0.17450
CVE-2023-5293,0.00111,0.44145
CVE-2023-5294,0.00109,0.43568
CVE-2023-5295,0.00045,0.11801
CVE-2023-5296,0.00054,0.19490
CVE-2023-5297,0.00064,0.26487
CVE-2023-5298,0.00079,0.33117
CVE-2023-5299,0.00077,0.32056
CVE-2023-5300,0.00063,0.25553
CVE-2023-5301,0.00204,0.58420
CVE-2023-5302,0.00050,0.16708
CVE-2023-5303,0.00056,0.20802
CVE-2023-5304,0.00056,0.20802
CVE-2023-5305,0.00056,0.20802
CVE-2023-5307,0.00097,0.40301
CVE-2023-5308,0.00051,0.17507
CVE-2023-5309,0.00091,0.38380
CVE-2023-5310,0.00044,0.10345
CVE-2023-5311,0.00144,0.50257
CVE-2023-5313,0.00052,0.17989
CVE-2023-5314,0.00045,0.11801
CVE-2023-5315,0.00050,0.16285
CVE-2023-5316,0.00046,0.13740
CVE-2023-5317,0.00045,0.11801
CVE-2023-5318,0.00087,0.36261
CVE-2023-5319,0.00045,0.11801
CVE-2023-5320,0.00046,0.13740
CVE-2023-5321,0.00043,0.06775
CVE-2023-5322,0.00079,0.33098
CVE-2023-5323,0.00046,0.13740
CVE-2023-5324,0.00044,0.08086
CVE-2023-5325,0.00046,0.13740
CVE-2023-5326,0.00050,0.16759
CVE-2023-5327,0.00052,0.18050
CVE-2023-5328,0.00050,0.16759
CVE-2023-5329,0.00061,0.24125
CVE-2023-5330,0.00046,0.13740
CVE-2023-5331,0.00046,0.13740
CVE-2023-5332,0.00130,0.47854
CVE-2023-5333,0.00044,0.10862
CVE-2023-5334,0.00045,0.11801
CVE-2023-5335,0.00045,0.11801
CVE-2023-5336,0.00064,0.26400
CVE-2023-5337,0.00045,0.11801
CVE-2023-5338,0.00045,0.11801
CVE-2023-5339,0.00043,0.06775
CVE-2023-5340,0.00446,0.72397
CVE-2023-5341,0.00042,0.05722
CVE-2023-5343,0.00045,0.11801
CVE-2023-5344,0.00182,0.55568
CVE-2023-5345,0.00042,0.05722
CVE-2023-5346,0.00122,0.46387
CVE-2023-5347,0.00172,0.54443
CVE-2023-5348,0.00097,0.40301
CVE-2023-5349,0.00046,0.13808
CVE-2023-5350,0.00076,0.31600
CVE-2023-5351,0.00045,0.11801
CVE-2023-5352,0.00045,0.11801
CVE-2023-5353,0.00049,0.14986
CVE-2023-5354,0.00046,0.13740
CVE-2023-5355,0.00046,0.12703
CVE-2023-5356,0.00068,0.28219
CVE-2023-5357,0.00045,0.11801
CVE-2023-5358,0.00046,0.13740
CVE-2023-5360,0.96723,0.99590
CVE-2023-5362,0.00049,0.15840
CVE-2023-5363,0.00069,0.28669
CVE-2023-5365,0.00091,0.38380
CVE-2023-5366,0.00042,0.05722
CVE-2023-5367,0.00125,0.47027
CVE-2023-5368,0.00058,0.22598
CVE-2023-5369,0.00043,0.06775
CVE-2023-5370,0.00042,0.05722
CVE-2023-5371,0.00046,0.13740
CVE-2023-5372,0.00050,0.16721
CVE-2023-5373,0.00063,0.25553
CVE-2023-5374,0.00077,0.31941
CVE-2023-5375,0.00083,0.34342
CVE-2023-5376,0.00206,0.58615
CVE-2023-5377,0.00052,0.18120
CVE-2023-5378,0.00062,0.24615
CVE-2023-5379,0.00053,0.18664
CVE-2023-5380,0.00045,0.12491
CVE-2023-5381,0.00051,0.17507
CVE-2023-5382,0.00052,0.17889
CVE-2023-5383,0.00052,0.17889
CVE-2023-5384,0.00068,0.28213
CVE-2023-5385,0.00045,0.11801
CVE-2023-5386,0.00045,0.11801
CVE-2023-5387,0.00045,0.11801
CVE-2023-5391,0.00157,0.52183
CVE-2023-5399,0.00176,0.54806
CVE-2023-5402,0.00511,0.74198
CVE-2023-5408,0.00133,0.48349
CVE-2023-5409,0.00053,0.19001
CVE-2023-5411,0.00045,0.11801
CVE-2023-5412,0.00062,0.24529
CVE-2023-5413,0.00051,0.17507
CVE-2023-5414,0.00062,0.24556
CVE-2023-5415,0.00045,0.11801
CVE-2023-5416,0.00045,0.11801
CVE-2023-5417,0.00045,0.11801
CVE-2023-5419,0.00045,0.11801
CVE-2023-5421,0.00045,0.11801
CVE-2023-5422,0.00061,0.24201
CVE-2023-5423,0.00076,0.31600
CVE-2023-5425,0.00050,0.16285
CVE-2023-5426,0.00079,0.32784
CVE-2023-5427,0.00051,0.17175
CVE-2023-5428,0.00062,0.24475
CVE-2023-5429,0.00062,0.24475
CVE-2023-5430,0.00062,0.24475
CVE-2023-5431,0.00062,0.24475
CVE-2023-5432,0.00051,0.17507
CVE-2023-5433,0.00062,0.24475
CVE-2023-5434,0.00062,0.24475
CVE-2023-5435,0.00062,0.24475
CVE-2023-5436,0.00062,0.24475
CVE-2023-5437,0.00062,0.24475
CVE-2023-5438,0.00062,0.24475
CVE-2023-5439,0.00062,0.24475
CVE-2023-5441,0.00044,0.08011
CVE-2023-5443,0.00087,0.36261
CVE-2023-5444,0.00059,0.23220
CVE-2023-5445,0.00048,0.14756
CVE-2023-5448,0.00185,0.55869
CVE-2023-5449,0.00043,0.06775
CVE-2023-5450,0.00053,0.19001
CVE-2023-5452,0.00045,0.11801
CVE-2023-5454,0.00107,0.43251
CVE-2023-5455,0.00084,0.35112
CVE-2023-5458,0.00045,0.11801
CVE-2023-5459,0.00069,0.28709
CVE-2023-5460,0.00044,0.10457
CVE-2023-5461,0.00064,0.26487
CVE-2023-5462,0.00049,0.15801
CVE-2023-5463,0.00050,0.16759
CVE-2023-5464,0.00062,0.24475
CVE-2023-5465,0.00062,0.24555
CVE-2023-5466,0.00056,0.20812
CVE-2023-5467,0.00051,0.17507
CVE-2023-5468,0.00045,0.11801
CVE-2023-5469,0.00051,0.17507
CVE-2023-5470,0.00051,0.17450
CVE-2023-5471,0.00064,0.26393
CVE-2023-5472,0.00229,0.61122
CVE-2023-5473,0.00107,0.43261
CVE-2023-5474,0.00157,0.52166
CVE-2023-5475,0.00071,0.29135
CVE-2023-5476,0.00127,0.47337
CVE-2023-5477,0.00047,0.13963
CVE-2023-5478,0.00107,0.43261
CVE-2023-5479,0.00052,0.18123
CVE-2023-5480,0.00104,0.42287
CVE-2023-5481,0.00112,0.44429
CVE-2023-5482,0.00149,0.50945
CVE-2023-5483,0.00113,0.44687
CVE-2023-5484,0.00139,0.49421
CVE-2023-5485,0.00108,0.43475
CVE-2023-5486,0.00107,0.43261
CVE-2023-5487,0.00073,0.30294
CVE-2023-5488,0.00061,0.24091
CVE-2023-5489,0.00061,0.24091
CVE-2023-5490,0.00061,0.24091
CVE-2023-5491,0.00061,0.24091
CVE-2023-5492,0.00061,0.24091
CVE-2023-5493,0.00061,0.24091
CVE-2023-5494,0.00067,0.27871
CVE-2023-5495,0.00077,0.31941
CVE-2023-5496,0.00052,0.17989
CVE-2023-5497,0.00061,0.24091
CVE-2023-5498,0.00046,0.13740
CVE-2023-5499,0.00103,0.41798
CVE-2023-5500,0.00078,0.32115
CVE-2023-5504,0.00048,0.14801
CVE-2023-5506,0.00045,0.11801
CVE-2023-5507,0.00045,0.11801
CVE-2023-5509,0.00044,0.10862
CVE-2023-5511,0.00058,0.21913
CVE-2023-5512,0.00046,0.12619
CVE-2023-5514,0.00046,0.13740
CVE-2023-5515,0.00046,0.13740
CVE-2023-5516,0.00046,0.13740
CVE-2023-5519,0.00046,0.13740
CVE-2023-5520,0.00052,0.18120
CVE-2023-5521,0.00087,0.36569
CVE-2023-5522,0.00046,0.13740
CVE-2023-5523,0.00095,0.39680
CVE-2023-5524,0.00061,0.23821
CVE-2023-5525,0.00045,0.11801
CVE-2023-5528,0.00082,0.34107
CVE-2023-5530,0.00045,0.11801
CVE-2023-5531,0.00065,0.26944
CVE-2023-5532,0.00052,0.17889
CVE-2023-5533,0.00102,0.41513
CVE-2023-5534,0.00052,0.17889
CVE-2023-5535,0.00050,0.16041
CVE-2023-5536,0.00042,0.05722
CVE-2023-5537,0.00065,0.26944
CVE-2023-5538,0.00134,0.48475
CVE-2023-5539,0.00166,0.53285
CVE-2023-5540,0.00166,0.53285
CVE-2023-5541,0.00052,0.17989
CVE-2023-5542,0.00053,0.18547
CVE-2023-5543,0.00045,0.12069
CVE-2023-5544,0.00053,0.18547
CVE-2023-5545,0.00052,0.17989
CVE-2023-5546,0.00053,0.18547
CVE-2023-5547,0.00052,0.17989
CVE-2023-5548,0.00052,0.17989
CVE-2023-5549,0.00052,0.17989
CVE-2023-5550,0.00323,0.67718
CVE-2023-5551,0.00045,0.12069
CVE-2023-5552,0.00087,0.36261
CVE-2023-5553,0.00153,0.51602
CVE-2023-5554,0.00061,0.24201
CVE-2023-5555,0.00046,0.13740
CVE-2023-5556,0.00064,0.26181
CVE-2023-5557,0.00530,0.74669
CVE-2023-5558,0.00046,0.13740
CVE-2023-5559,0.00107,0.43251
CVE-2023-5560,0.00097,0.40301
CVE-2023-5561,0.00089,0.37379
CVE-2023-5562,0.00046,0.13740
CVE-2023-5563,0.00046,0.13740
CVE-2023-5564,0.00045,0.11801
CVE-2023-5565,0.00045,0.11801
CVE-2023-5566,0.00142,0.49935
CVE-2023-5567,0.00045,0.11801
CVE-2023-5568,0.00282,0.65310
CVE-2023-5570,0.00087,0.36261
CVE-2023-5571,0.00046,0.13740
CVE-2023-5572,0.00087,0.36569
CVE-2023-5573,0.00044,0.10862
CVE-2023-5574,0.00045,0.12491
CVE-2023-5575,0.00049,0.14986
CVE-2023-5576,0.00083,0.34468
CVE-2023-5577,0.00045,0.11801
CVE-2023-5578,0.00045,0.11801
CVE-2023-5579,0.00052,0.18050
CVE-2023-5580,0.00063,0.25553
CVE-2023-5581,0.00052,0.17770
CVE-2023-5582,0.00051,0.17093
CVE-2023-5583,0.00049,0.15141
CVE-2023-5585,0.00046,0.13740
CVE-2023-5586,0.00053,0.19001
CVE-2023-5587,0.00063,0.25553
CVE-2023-5588,0.00052,0.17604
CVE-2023-5589,0.00063,0.25553
CVE-2023-5590,0.00046,0.13740
CVE-2023-5591,0.00049,0.14986
CVE-2023-5592,0.00085,0.35275
CVE-2023-5593,0.00042,0.05722
CVE-2023-5594,0.00048,0.14563
CVE-2023-5595,0.00044,0.10345
CVE-2023-5598,0.00045,0.11801
CVE-2023-5599,0.00045,0.11801
CVE-2023-5601,0.00584,0.75878
CVE-2023-5602,0.00065,0.26909
CVE-2023-5604,0.00362,0.69522
CVE-2023-5605,0.00045,0.11801
CVE-2023-5606,0.00045,0.11801
CVE-2023-5607,0.00046,0.12704
CVE-2023-5609,0.00046,0.13740
CVE-2023-5610,0.00045,0.11801
CVE-2023-5611,0.00097,0.40301
CVE-2023-5612,0.00052,0.17563
CVE-2023-5613,0.00051,0.17507
CVE-2023-5614,0.00051,0.17507
CVE-2023-5615,0.00045,0.11801
CVE-2023-5618,0.00045,0.11801
CVE-2023-5620,0.00045,0.11801
CVE-2023-5621,0.00051,0.17507
CVE-2023-5622,0.00050,0.16285
CVE-2023-5623,0.00043,0.06775
CVE-2023-5624,0.00048,0.14657
CVE-2023-5625,0.00054,0.19624
CVE-2023-5626,0.00058,0.21913
CVE-2023-5627,0.00087,0.36261
CVE-2023-5629,0.00046,0.13740
CVE-2023-5630,0.00046,0.12619
CVE-2023-5631,0.00680,0.77917
CVE-2023-5632,0.00044,0.10729
CVE-2023-5633,0.00042,0.05722
CVE-2023-5634,0.00076,0.31600
CVE-2023-5635,0.00087,0.36261
CVE-2023-5636,0.00078,0.32084
CVE-2023-5637,0.00087,0.36261
CVE-2023-5638,0.00051,0.17450
CVE-2023-5639,0.00051,0.17450
CVE-2023-5640,0.00483,0.73440
CVE-2023-5641,0.00046,0.13740
CVE-2023-5642,0.00890,0.80890
CVE-2023-5644,0.00048,0.14814
CVE-2023-5645,0.00050,0.16285
CVE-2023-5650,0.00042,0.05722
CVE-2023-5651,0.00044,0.10862
CVE-2023-5652,0.00530,0.74650
CVE-2023-5653,0.00097,0.40301
CVE-2023-5654,0.00046,0.13740
CVE-2023-5658,0.00045,0.11801
CVE-2023-5659,0.00045,0.11801
CVE-2023-5660,0.00045,0.11801
CVE-2023-5661,0.00045,0.11801
CVE-2023-5662,0.00045,0.11801
CVE-2023-5664,0.00051,0.17450
CVE-2023-5666,0.00050,0.15935
CVE-2023-5667,0.00051,0.17507
CVE-2023-5668,0.00045,0.11801
CVE-2023-5669,0.00060,0.23583
CVE-2023-5671,0.00043,0.06775
CVE-2023-5672,0.00049,0.15170
CVE-2023-5673,0.00107,0.43009
CVE-2023-5674,0.00050,0.16285
CVE-2023-5676,0.00044,0.10729
CVE-2023-5678,0.00079,0.32946
CVE-2023-5681,0.00061,0.24091
CVE-2023-5682,0.00063,0.25553
CVE-2023-5683,0.00067,0.27753
CVE-2023-5684,0.00067,0.27753
CVE-2023-5686,0.00063,0.24985
CVE-2023-5687,0.00058,0.21913
CVE-2023-5688,0.00045,0.11801
CVE-2023-5689,0.00045,0.11801
CVE-2023-5690,0.00058,0.21913
CVE-2023-5691,0.00045,0.11801
CVE-2023-5693,0.00063,0.25553
CVE-2023-5694,0.00052,0.17770
CVE-2023-5695,0.00052,0.17770
CVE-2023-5696,0.00052,0.17989
CVE-2023-5697,0.00052,0.17770
CVE-2023-5698,0.00052,0.17770
CVE-2023-5699,0.00052,0.17770
CVE-2023-5700,0.00063,0.25553
CVE-2023-5701,0.00052,0.17770
CVE-2023-5702,0.00052,0.18050
CVE-2023-5703,0.00049,0.15840
CVE-2023-5704,0.00063,0.25691
CVE-2023-5705,0.00051,0.17507
CVE-2023-5706,0.00051,0.17450
CVE-2023-5707,0.00049,0.15840
CVE-2023-5708,0.00045,0.11801
CVE-2023-5709,0.00049,0.14986
CVE-2023-5710,0.00051,0.17507
CVE-2023-5711,0.00051,0.17507
CVE-2023-5712,0.00051,0.17507
CVE-2023-5713,0.00051,0.17507
CVE-2023-5714,0.00051,0.17507
CVE-2023-5715,0.00051,0.17507
CVE-2023-5716,0.00148,0.50813
CVE-2023-5717,0.00042,0.05722
CVE-2023-5718,0.00046,0.13740
CVE-2023-5719,0.00091,0.38380
CVE-2023-5720,0.00087,0.36261
CVE-2023-5721,0.00070,0.29121
CVE-2023-5722,0.00052,0.17989
CVE-2023-5723,0.00052,0.17989
CVE-2023-5724,0.00076,0.31251
CVE-2023-5725,0.00067,0.27754
CVE-2023-5726,0.00077,0.31730
CVE-2023-5727,0.00054,0.19372
CVE-2023-5728,0.00076,0.31251
CVE-2023-5729,0.00052,0.17989
CVE-2023-5730,0.00122,0.46465
CVE-2023-5731,0.00068,0.28208
CVE-2023-5732,0.00099,0.40762
CVE-2023-5737,0.00045,0.11801
CVE-2023-5738,0.00045,0.11801
CVE-2023-5739,0.00043,0.06775
CVE-2023-5740,0.00051,0.17507
CVE-2023-5741,0.00051,0.17507
CVE-2023-5742,0.00045,0.11801
CVE-2023-5743,0.00051,0.17507
CVE-2023-5744,0.00050,0.15935
CVE-2023-5745,0.00045,0.11801
CVE-2023-5746,0.00114,0.44921
CVE-2023-5747,0.00081,0.33917
CVE-2023-5748,0.00042,0.05722
CVE-2023-5749,0.00046,0.13740
CVE-2023-5750,0.00046,0.13740
CVE-2023-5752,0.00043,0.06775
CVE-2023-5753,0.00050,0.16041
CVE-2023-5754,0.00091,0.38380
CVE-2023-5756,0.00065,0.26909
CVE-2023-5757,0.00045,0.11801
CVE-2023-5758,0.00052,0.17989
CVE-2023-5759,0.00081,0.33588
CVE-2023-5760,0.00042,0.05722
CVE-2023-5761,0.00078,0.32639
CVE-2023-5762,0.00080,0.33433
CVE-2023-5763,0.00122,0.46430
CVE-2023-5764,0.00042,0.05722
CVE-2023-5765,0.00091,0.38380
CVE-2023-5766,0.00235,0.61663
CVE-2023-5767,0.00046,0.13740
CVE-2023-5768,0.00046,0.13740
CVE-2023-5769,0.00046,0.13740
CVE-2023-5770,0.00052,0.17889
CVE-2023-5771,0.00052,0.17889
CVE-2023-5772,0.00065,0.27119
CVE-2023-5774,0.00050,0.15935
CVE-2023-5776,0.00061,0.23878
CVE-2023-5777,0.00091,0.38380
CVE-2023-5780,0.00063,0.25553
CVE-2023-5781,0.00063,0.25553
CVE-2023-5782,0.00063,0.25553
CVE-2023-5783,0.00064,0.26393
CVE-2023-5784,0.00063,0.25553
CVE-2023-5785,0.00064,0.26393
CVE-2023-5786,0.00061,0.24091
CVE-2023-5787,0.00061,0.24091
CVE-2023-5789,0.00051,0.17093
CVE-2023-5790,0.00063,0.25553
CVE-2023-5791,0.00052,0.17770
CVE-2023-5792,0.00063,0.25553
CVE-2023-5793,0.00058,0.22009
CVE-2023-5794,0.00063,0.25553
CVE-2023-5795,0.00061,0.24091
CVE-2023-5796,0.00061,0.24091
CVE-2023-5797,0.00042,0.05722
CVE-2023-5798,0.00050,0.16285
CVE-2023-5799,0.00044,0.10862
CVE-2023-5801,0.00176,0.54787
CVE-2023-5802,0.00058,0.21913
CVE-2023-5803,0.00058,0.21913
CVE-2023-5804,0.00063,0.25553
CVE-2023-5805,0.00063,0.25553
CVE-2023-5806,0.00076,0.31600
CVE-2023-5807,0.00076,0.31600
CVE-2023-5808,0.00049,0.14986
CVE-2023-5809,0.00045,0.11801
CVE-2023-5810,0.00070,0.28856
CVE-2023-5811,0.00066,0.27233
CVE-2023-5812,0.00131,0.48054
CVE-2023-5813,0.00059,0.23165
CVE-2023-5814,0.00059,0.23165
CVE-2023-5815,0.00322,0.67703
CVE-2023-5817,0.00050,0.15935
CVE-2023-5818,0.00052,0.17889
CVE-2023-5819,0.00051,0.17507
CVE-2023-5820,0.00071,0.29148
CVE-2023-5821,0.00072,0.29461
CVE-2023-5822,0.00387,0.70499
CVE-2023-5823,0.00058,0.21913
CVE-2023-5824,0.01048,0.82476
CVE-2023-5825,0.00044,0.10862
CVE-2023-5826,0.00076,0.31144
CVE-2023-5827,0.00077,0.31941
CVE-2023-5828,0.00063,0.25553
CVE-2023-5829,0.00061,0.24091
CVE-2023-5830,0.00091,0.38380
CVE-2023-5831,0.00046,0.13740
CVE-2023-5832,0.00047,0.13955
CVE-2023-5833,0.00050,0.16285
CVE-2023-5834,0.00043,0.06775
CVE-2023-5835,0.00052,0.17989
CVE-2023-5836,0.00076,0.31600
CVE-2023-5837,0.00052,0.17989
CVE-2023-5838,0.00087,0.36569
CVE-2023-5839,0.00043,0.06775
CVE-2023-5840,0.00087,0.36569
CVE-2023-5842,0.00045,0.11801
CVE-2023-5843,0.00443,0.72308
CVE-2023-5844,0.00050,0.16285
CVE-2023-5845,0.00046,0.13740
CVE-2023-5846,0.00091,0.38380
CVE-2023-5847,0.00075,0.30795
CVE-2023-5849,0.00180,0.55337
CVE-2023-5850,0.00138,0.49370
CVE-2023-5851,0.00138,0.49336
CVE-2023-5852,0.00181,0.55373
CVE-2023-5853,0.00204,0.58430
CVE-2023-5854,0.00181,0.55373
CVE-2023-5855,0.00181,0.55373
CVE-2023-5856,0.00180,0.55337
CVE-2023-5857,0.00523,0.74496
CVE-2023-5858,0.00157,0.52206
CVE-2023-5859,0.00204,0.58379
CVE-2023-5860,0.00094,0.39380
CVE-2023-5861,0.00045,0.11801
CVE-2023-5862,0.00043,0.06775
CVE-2023-5863,0.00046,0.13740
CVE-2023-5864,0.00045,0.11801
CVE-2023-5865,0.00087,0.36569
CVE-2023-5866,0.00049,0.14986
CVE-2023-5867,0.00045,0.11801
CVE-2023-5868,0.00180,0.55316
CVE-2023-5869,0.01450,0.85334
CVE-2023-5870,0.00122,0.46515
CVE-2023-5871,0.00052,0.17989
CVE-2023-5873,0.00090,0.37876
CVE-2023-5874,0.00045,0.11801
CVE-2023-5875,0.00046,0.13740
CVE-2023-5876,0.00044,0.10862
CVE-2023-5877,0.00106,0.42831
CVE-2023-5879,0.00053,0.19001
CVE-2023-5880,0.00046,0.13740
CVE-2023-5881,0.00087,0.36261
CVE-2023-5882,0.00136,0.48968
CVE-2023-5884,0.00107,0.43251
CVE-2023-5885,0.00094,0.39268
CVE-2023-5886,0.00095,0.39595
CVE-2023-5889,0.00084,0.34859
CVE-2023-5890,0.00045,0.11801
CVE-2023-5891,0.00045,0.11801
CVE-2023-5892,0.00045,0.11801
CVE-2023-5893,0.00058,0.21913
CVE-2023-5894,0.00045,0.11801
CVE-2023-5895,0.00045,0.11801
CVE-2023-5896,0.00045,0.11801
CVE-2023-5897,0.00058,0.21913
CVE-2023-5898,0.00058,0.21913
CVE-2023-5899,0.00058,0.21913
CVE-2023-5900,0.00046,0.13740
CVE-2023-5901,0.00045,0.11801
CVE-2023-5902,0.00046,0.13740
CVE-2023-5903,0.00045,0.11801
CVE-2023-5904,0.00045,0.11801
CVE-2023-5905,0.00050,0.16404
CVE-2023-5906,0.00084,0.34921
CVE-2023-5907,0.00050,0.16404
CVE-2023-5908,0.00069,0.28705
CVE-2023-5909,0.00063,0.25038
CVE-2023-5910,0.00052,0.17638
CVE-2023-5911,0.00045,0.11801
CVE-2023-5913,0.00091,0.38380
CVE-2023-5914,0.00046,0.13740
CVE-2023-5915,0.00101,0.41078
CVE-2023-5916,0.00123,0.46610
CVE-2023-5917,0.00095,0.39494
CVE-2023-5918,0.00063,0.25381
CVE-2023-5919,0.00061,0.24091
CVE-2023-5920,0.00043,0.06775
CVE-2023-5921,0.00043,0.06775
CVE-2023-5922,0.00174,0.54588
CVE-2023-5923,0.00064,0.26393
CVE-2023-5924,0.00064,0.26393
CVE-2023-5925,0.00064,0.26393
CVE-2023-5926,0.00064,0.26393
CVE-2023-5927,0.00064,0.26393
CVE-2023-5928,0.00064,0.26393
CVE-2023-5929,0.00064,0.26393
CVE-2023-5930,0.00052,0.17770
CVE-2023-5931,0.00050,0.16285
CVE-2023-5933,0.00218,0.59824
CVE-2023-5939,0.00106,0.42858
CVE-2023-5940,0.00045,0.11801
CVE-2023-5941,0.00134,0.48641
CVE-2023-5942,0.00045,0.11801
CVE-2023-5943,0.00045,0.11801
CVE-2023-5944,0.00124,0.46844
CVE-2023-5945,0.00089,0.37286
CVE-2023-5946,0.00052,0.17889
CVE-2023-5948,0.00052,0.18120
CVE-2023-5949,0.00084,0.34921
CVE-2023-5950,0.00050,0.16906
CVE-2023-5951,0.00046,0.13740
CVE-2023-5952,0.00106,0.42831
CVE-2023-5953,0.00050,0.16285
CVE-2023-5954,0.00046,0.13740
CVE-2023-5955,0.00045,0.11801
CVE-2023-5956,0.00045,0.11801
CVE-2023-5957,0.00050,0.16285
CVE-2023-5958,0.00097,0.40301
CVE-2023-5959,0.00046,0.13808
CVE-2023-5960,0.00042,0.05722
CVE-2023-5961,0.00058,0.21913
CVE-2023-5962,0.00049,0.14986
CVE-2023-5963,0.00044,0.10862
CVE-2023-5964,0.00206,0.58656
CVE-2023-5965,0.00059,0.22991
CVE-2023-5966,0.00059,0.22991
CVE-2023-5967,0.00044,0.10862
CVE-2023-5968,0.00049,0.14986
CVE-2023-5969,0.00046,0.13740
CVE-2023-5970,0.00088,0.37000
CVE-2023-5972,0.00042,0.05722
CVE-2023-5974,0.00106,0.42831
CVE-2023-5975,0.00064,0.26246
CVE-2023-5976,0.00045,0.11801
CVE-2023-5978,0.00048,0.14563
CVE-2023-5979,0.00048,0.14563
CVE-2023-5980,0.00045,0.11801
CVE-2023-5981,0.00102,0.41249
CVE-2023-5982,0.00052,0.17889
CVE-2023-5983,0.00087,0.36261
CVE-2023-5984,0.00046,0.12619
CVE-2023-5985,0.00045,0.11801
CVE-2023-5986,0.00046,0.13740
CVE-2023-5987,0.00046,0.13740
CVE-2023-5988,0.00046,0.13740
CVE-2023-5989,0.00046,0.13740
CVE-2023-5990,0.00048,0.14563
CVE-2023-5991,0.00603,0.76282
CVE-2023-5995,0.00121,0.46264
CVE-2023-5996,0.00215,0.59545
CVE-2023-5997,0.00180,0.55337
CVE-2023-5998,0.00046,0.13740
CVE-2023-6000,0.00046,0.13740
CVE-2023-6001,0.00087,0.36261
CVE-2023-6002,0.00046,0.13740
CVE-2023-6004,0.00045,0.12069
CVE-2023-6005,0.00045,0.11801
CVE-2023-6006,0.00074,0.30585
CVE-2023-6007,0.00052,0.17889
CVE-2023-6008,0.00052,0.17889
CVE-2023-6009,0.00082,0.33962
CVE-2023-6011,0.00043,0.06775
CVE-2023-6012,0.00153,0.51619
CVE-2023-6013,0.00045,0.11801
CVE-2023-6014,0.00106,0.42831
CVE-2023-6015,0.00087,0.35961
CVE-2023-6016,0.00386,0.70476
CVE-2023-6017,0.00053,0.19001
CVE-2023-6018,0.84665,0.98263
CVE-2023-6019,0.00097,0.40089
CVE-2023-6020,0.05392,0.92414
CVE-2023-6021,0.00354,0.69157
CVE-2023-6022,0.00136,0.48968
CVE-2023-6023,0.00248,0.62835
CVE-2023-6026,0.00082,0.34107
CVE-2023-6027,0.00045,0.11801
CVE-2023-6029,0.00107,0.43251
CVE-2023-6032,0.00047,0.14215
CVE-2023-6033,0.00063,0.25691
CVE-2023-6035,0.00050,0.16285
CVE-2023-6037,0.00045,0.11801
CVE-2023-6038,0.05392,0.92414
CVE-2023-6039,0.00042,0.05722
CVE-2023-6040,0.00042,0.05722
CVE-2023-6042,0.00107,0.43251
CVE-2023-6043,0.00042,0.05722
CVE-2023-6044,0.00055,0.20747
CVE-2023-6045,0.00042,0.05722
CVE-2023-6046,0.00045,0.11801
CVE-2023-6048,0.00044,0.10862
CVE-2023-6049,0.00300,0.66426
CVE-2023-6050,0.00046,0.13740
CVE-2023-6051,0.00046,0.12619
CVE-2023-6052,0.00077,0.31941
CVE-2023-6053,0.00077,0.31941
CVE-2023-6054,0.00077,0.31941
CVE-2023-6061,0.00053,0.19001
CVE-2023-6062,0.00059,0.22952
CVE-2023-6063,0.03329,0.90436
CVE-2023-6064,0.00084,0.34921
CVE-2023-6065,0.00046,0.13740
CVE-2023-6066,0.00045,0.11801
CVE-2023-6069,0.00050,0.16285
CVE-2023-6070,0.00045,0.11801
CVE-2023-6071,0.00055,0.20491
CVE-2023-6073,0.00043,0.06775
CVE-2023-6074,0.00090,0.37725
CVE-2023-6075,0.00056,0.20802
CVE-2023-6076,0.00117,0.45624
CVE-2023-6077,0.00049,0.14986
CVE-2023-6084,0.00063,0.25553
CVE-2023-6093,0.00046,0.13740
CVE-2023-6094,0.00046,0.13740
CVE-2023-6097,0.00056,0.21006
CVE-2023-6098,0.00059,0.23047
CVE-2023-6099,0.00063,0.25553
CVE-2023-6100,0.00056,0.20802
CVE-2023-6101,0.00117,0.45624
CVE-2023-6102,0.00203,0.58309
CVE-2023-6103,0.00053,0.18547
CVE-2023-6105,0.00042,0.05722
CVE-2023-6109,0.00052,0.17889
CVE-2023-6111,0.00042,0.05722
CVE-2023-6112,0.00180,0.55337
CVE-2023-6113,0.00207,0.58672
CVE-2023-6114,0.00145,0.50421
CVE-2023-6117,0.00046,0.13740
CVE-2023-6118,0.00090,0.37805
CVE-2023-6119,0.00042,0.05722
CVE-2023-6120,0.00053,0.18547
CVE-2023-6121,0.00111,0.44196
CVE-2023-6122,0.00046,0.13740
CVE-2023-6124,0.00045,0.11801
CVE-2023-6125,0.00049,0.15052
CVE-2023-6126,0.00090,0.37757
CVE-2023-6127,0.00045,0.11801
CVE-2023-6128,0.00045,0.11801
CVE-2023-6129,0.00064,0.26343
CVE-2023-6130,0.00050,0.16285
CVE-2023-6131,0.00049,0.15052
CVE-2023-6133,0.00073,0.30426
CVE-2023-6134,0.00089,0.37474
CVE-2023-6135,0.00052,0.17989
CVE-2023-6136,0.00087,0.36261
CVE-2023-6137,0.00058,0.21913
CVE-2023-6139,0.00044,0.10862
CVE-2023-6140,0.00107,0.43009
CVE-2023-6141,0.00045,0.11801
CVE-2023-6142,0.00045,0.11801
CVE-2023-6144,0.00046,0.13740
CVE-2023-6145,0.00076,0.31600
CVE-2023-6146,0.00045,0.11801
CVE-2023-6147,0.00046,0.12619
CVE-2023-6148,0.00045,0.11801
CVE-2023-6149,0.00046,0.12619
CVE-2023-6150,0.00087,0.36261
CVE-2023-6151,0.00087,0.36261
CVE-2023-6155,0.00072,0.29470
CVE-2023-6156,0.00054,0.19351
CVE-2023-6157,0.00054,0.19351
CVE-2023-6158,0.00056,0.20993
CVE-2023-6159,0.00049,0.15133
CVE-2023-6160,0.00049,0.15925
CVE-2023-6161,0.00046,0.13740
CVE-2023-6163,0.00045,0.11801
CVE-2023-6164,0.00045,0.11801
CVE-2023-6165,0.00045,0.11801
CVE-2023-6166,0.00046,0.13740
CVE-2023-6174,0.00047,0.14205
CVE-2023-6176,0.00042,0.05722
CVE-2023-6178,0.00046,0.12561
CVE-2023-6179,0.00042,0.05722
CVE-2023-6180,0.00046,0.13740
CVE-2023-6181,0.00083,0.34381
CVE-2023-6184,0.00050,0.16285
CVE-2023-6185,0.00065,0.26899
CVE-2023-6186,0.00065,0.26899
CVE-2023-6187,0.00246,0.62642
CVE-2023-6188,0.00176,0.54787
CVE-2023-6189,0.00046,0.13740
CVE-2023-6190,0.00091,0.38629
CVE-2023-6193,0.00072,0.29634
CVE-2023-6194,0.00047,0.13973
CVE-2023-6196,0.00065,0.26909
CVE-2023-6197,0.00052,0.17889
CVE-2023-6199,0.00049,0.14986
CVE-2023-6200,0.00053,0.18471
CVE-2023-6201,0.00050,0.16721
CVE-2023-6202,0.00045,0.11801
CVE-2023-6203,0.00174,0.54588
CVE-2023-6204,0.00075,0.30828
CVE-2023-6205,0.00066,0.27238
CVE-2023-6206,0.00093,0.39100
CVE-2023-6207,0.00089,0.37271
CVE-2023-6208,0.00080,0.33439
CVE-2023-6209,0.00079,0.32913
CVE-2023-6210,0.00054,0.19490
CVE-2023-6211,0.00054,0.19490
CVE-2023-6212,0.00089,0.37271
CVE-2023-6213,0.00068,0.28208
CVE-2023-6217,0.00046,0.13740
CVE-2023-6218,0.00050,0.16285
CVE-2023-6219,0.00136,0.49005
CVE-2023-6220,0.00824,0.80117
CVE-2023-6222,0.00078,0.32081
CVE-2023-6223,0.00045,0.11801
CVE-2023-6225,0.00050,0.15935
CVE-2023-6226,0.00050,0.15935
CVE-2023-6228,0.00044,0.10345
CVE-2023-6235,0.00053,0.19001
CVE-2023-6238,0.00043,0.06775
CVE-2023-6239,0.00050,0.16285
CVE-2023-6242,0.00065,0.26944
CVE-2023-6244,0.00065,0.26944
CVE-2023-6245,0.00138,0.49279
CVE-2023-6248,0.00179,0.55160
CVE-2023-6250,0.00122,0.46496
CVE-2023-6251,0.00045,0.11801
CVE-2023-6252,0.00107,0.43230
CVE-2023-6253,0.00043,0.07658
CVE-2023-6254,0.00087,0.36261
CVE-2023-6263,0.00127,0.47258
CVE-2023-6264,0.00052,0.17889
CVE-2023-6265,0.00047,0.13887
CVE-2023-6266,0.00138,0.49288
CVE-2023-6267,0.00091,0.38380
CVE-2023-6268,0.00046,0.13740
CVE-2023-6269,0.00092,0.38803
CVE-2023-6270,0.00042,0.05722
CVE-2023-6271,0.00110,0.43991
CVE-2023-6272,0.00106,0.42831
CVE-2023-6273,0.00046,0.13740
CVE-2023-6274,0.00175,0.54736
CVE-2023-6275,0.00075,0.31115
CVE-2023-6276,0.00064,0.26393
CVE-2023-6277,0.00177,0.54891
CVE-2023-6278,0.00046,0.13740
CVE-2023-6279,0.00044,0.10862
CVE-2023-6280,0.00087,0.36261
CVE-2023-6282,0.00046,0.13740
CVE-2023-6287,0.00042,0.05722
CVE-2023-6288,0.00042,0.05722
CVE-2023-6289,0.00045,0.11801
CVE-2023-6290,0.00045,0.11801
CVE-2023-6291,0.00078,0.32772
CVE-2023-6292,0.00046,0.13740
CVE-2023-6293,0.00045,0.12108
CVE-2023-6295,0.00050,0.16285
CVE-2023-6296,0.00065,0.26869
CVE-2023-6297,0.00052,0.17770
CVE-2023-6298,0.00052,0.17514
CVE-2023-6299,0.00052,0.17532
CVE-2023-6300,0.00052,0.17770
CVE-2023-6301,0.00052,0.17770
CVE-2023-6302,0.00061,0.24091
CVE-2023-6303,0.00051,0.17093
CVE-2023-6304,0.00046,0.12693
CVE-2023-6305,0.00063,0.25553
CVE-2023-6306,0.00063,0.25553
CVE-2023-6307,0.00062,0.24333
CVE-2023-6308,0.00136,0.48886
CVE-2023-6309,0.00351,0.69010
CVE-2023-6310,0.00061,0.24091
CVE-2023-6311,0.00061,0.24091
CVE-2023-6312,0.00061,0.24091
CVE-2023-6313,0.00052,0.17770
CVE-2023-6314,0.00055,0.20747
CVE-2023-6315,0.00055,0.20747
CVE-2023-6316,0.00248,0.62803
CVE-2023-6329,0.00314,0.67227
CVE-2023-6333,0.00045,0.11801
CVE-2023-6334,0.00043,0.06775
CVE-2023-6335,0.00043,0.06775
CVE-2023-6336,0.00043,0.06775
CVE-2023-6337,0.00046,0.13740
CVE-2023-6338,0.00042,0.05722
CVE-2023-6339,0.00083,0.34381
CVE-2023-6340,0.00043,0.06775
CVE-2023-6341,0.00125,0.47030
CVE-2023-6342,0.00141,0.49780
CVE-2023-6343,0.00158,0.52292
CVE-2023-6344,0.00158,0.52292
CVE-2023-6345,0.04266,0.91469
CVE-2023-6346,0.00208,0.58802
CVE-2023-6347,0.00175,0.54699
CVE-2023-6348,0.00229,0.61122
CVE-2023-6350,0.00175,0.54737
CVE-2023-6351,0.00175,0.54737
CVE-2023-6352,0.00135,0.48691
CVE-2023-6353,0.00143,0.50162
CVE-2023-6354,0.00143,0.50162
CVE-2023-6355,0.00053,0.19001
CVE-2023-6357,0.00097,0.40288
CVE-2023-6359,0.00046,0.13740
CVE-2023-6360,0.00096,0.39842
CVE-2023-6364,0.00045,0.11801
CVE-2023-6365,0.00045,0.11801
CVE-2023-6366,0.00045,0.11801
CVE-2023-6367,0.00045,0.11801
CVE-2023-6368,0.00052,0.17889
CVE-2023-6369,0.00072,0.29496
CVE-2023-6373,0.00050,0.16285
CVE-2023-6374,0.00049,0.15834
CVE-2023-6375,0.00132,0.48103
CVE-2023-6376,0.00240,0.62105
CVE-2023-6377,0.20996,0.95998
CVE-2023-6378,0.00046,0.13740
CVE-2023-6379,0.00113,0.44659
CVE-2023-6380,0.01158,0.83408
CVE-2023-6381,0.00044,0.10345
CVE-2023-6383,0.00084,0.34921
CVE-2023-6384,0.00045,0.11801
CVE-2023-6389,0.00097,0.40301
CVE-2023-6390,0.00058,0.21913
CVE-2023-6391,0.00075,0.31126
CVE-2023-6393,0.00049,0.14986
CVE-2023-6394,0.00067,0.27762
CVE-2023-6395,0.00535,0.74788
CVE-2023-6401,0.00043,0.06775
CVE-2023-6402,0.00061,0.24091
CVE-2023-6407,0.00093,0.39152
CVE-2023-6410,0.00058,0.22704
CVE-2023-6411,0.00058,0.22704
CVE-2023-6412,0.00058,0.22704
CVE-2023-6413,0.00058,0.22704
CVE-2023-6414,0.00058,0.22704
CVE-2023-6415,0.00058,0.22704
CVE-2023-6416,0.00058,0.22704
CVE-2023-6417,0.00058,0.22704
CVE-2023-6418,0.00058,0.22704
CVE-2023-6419,0.00059,0.23047
CVE-2023-6420,0.00059,0.23047
CVE-2023-6421,0.00084,0.34921
CVE-2023-6422,0.00045,0.11801
CVE-2023-6423,0.00045,0.11801
CVE-2023-6424,0.00045,0.11801
CVE-2023-6425,0.00045,0.11801
CVE-2023-6426,0.00045,0.11801
CVE-2023-6427,0.00045,0.11801
CVE-2023-6428,0.00045,0.11801
CVE-2023-6429,0.00045,0.11801
CVE-2023-6430,0.00045,0.11801
CVE-2023-6431,0.00045,0.11801
CVE-2023-6432,0.00045,0.11801
CVE-2023-6433,0.00045,0.11801
CVE-2023-6434,0.00045,0.11801
CVE-2023-6435,0.00045,0.11801
CVE-2023-6436,0.00076,0.31600
CVE-2023-6438,0.00052,0.17770
CVE-2023-6439,0.00060,0.23646
CVE-2023-6440,0.00050,0.16708
CVE-2023-6442,0.00050,0.16708
CVE-2023-6446,0.00045,0.11801
CVE-2023-6447,0.00046,0.13740
CVE-2023-6448,0.06843,0.93248
CVE-2023-6449,0.00161,0.52683
CVE-2023-6450,0.00043,0.06775
CVE-2023-6456,0.00045,0.11801
CVE-2023-6457,0.00042,0.05722
CVE-2023-6458,0.00091,0.38629
CVE-2023-6459,0.00046,0.13740
CVE-2023-6460,0.00043,0.06775
CVE-2023-6461,0.00046,0.13740
CVE-2023-6462,0.00052,0.17770
CVE-2023-6463,0.00051,0.17093
CVE-2023-6464,0.00063,0.25553
CVE-2023-6465,0.00052,0.17770
CVE-2023-6466,0.00052,0.17770
CVE-2023-6467,0.00052,0.17770
CVE-2023-6472,0.00051,0.17093
CVE-2023-6473,0.00051,0.17093
CVE-2023-6474,0.00054,0.19490
CVE-2023-6476,0.00058,0.21926
CVE-2023-6478,0.00176,0.54784
CVE-2023-6481,0.00046,0.13740
CVE-2023-6482,0.00045,0.12108
CVE-2023-6483,0.00112,0.44298
CVE-2023-6485,0.00045,0.11801
CVE-2023-6488,0.00051,0.17507
CVE-2023-6493,0.00052,0.17889
CVE-2023-6496,0.00052,0.17889
CVE-2023-6497,0.00045,0.11801
CVE-2023-6498,0.00045,0.11801
CVE-2023-6503,0.00046,0.13740
CVE-2023-6504,0.00045,0.11801
CVE-2023-6505,0.00087,0.36261
CVE-2023-6506,0.00053,0.18547
CVE-2023-6507,0.00052,0.17788
CVE-2023-6508,0.00127,0.47337
CVE-2023-6509,0.00127,0.47337
CVE-2023-6510,0.00127,0.47337
CVE-2023-6511,0.00108,0.43475
CVE-2023-6512,0.00086,0.35832
CVE-2023-6514,0.00053,0.19001
CVE-2023-6520,0.00066,0.27145
CVE-2023-6524,0.00050,0.15935
CVE-2023-6527,0.00052,0.17889
CVE-2023-6528,0.00107,0.43009
CVE-2023-6529,0.00052,0.17889
CVE-2023-6530,0.00045,0.11801
CVE-2023-6531,0.00042,0.05722
CVE-2023-6532,0.00058,0.21913
CVE-2023-6534,0.00046,0.13740
CVE-2023-6538,0.00049,0.14986
CVE-2023-6540,0.00064,0.26304
CVE-2023-6542,0.00043,0.06775
CVE-2023-6545,0.00046,0.13740
CVE-2023-6546,0.00045,0.12491
CVE-2023-6547,0.00045,0.11801
CVE-2023-6548,0.01075,0.82739
CVE-2023-6549,0.00724,0.78673
CVE-2023-6551,0.00045,0.11801
CVE-2023-6552,0.00052,0.17989
CVE-2023-6553,0.90901,0.98640
CVE-2023-6554,0.00066,0.27434
CVE-2023-6555,0.00046,0.13740
CVE-2023-6556,0.00051,0.17164
CVE-2023-6558,0.00136,0.48986
CVE-2023-6559,0.00358,0.69320
CVE-2023-6560,0.00042,0.05722
CVE-2023-6561,0.00051,0.17164
CVE-2023-6562,0.00087,0.35961
CVE-2023-6563,0.00092,0.38740
CVE-2023-6566,0.00046,0.12561
CVE-2023-6567,0.00078,0.32639
CVE-2023-6568,0.00046,0.13740
CVE-2023-6569,0.00046,0.13740
CVE-2023-6570,0.00049,0.14986
CVE-2023-6571,0.00046,0.13740
CVE-2023-6572,0.00049,0.15820
CVE-2023-6573,0.00052,0.18120
CVE-2023-6574,0.00061,0.24091
CVE-2023-6575,0.00061,0.24091
CVE-2023-6576,0.00064,0.26137
CVE-2023-6577,0.00051,0.17093
CVE-2023-6578,0.00056,0.20802
CVE-2023-6579,0.00077,0.31941
CVE-2023-6580,0.00064,0.26303
CVE-2023-6581,0.00063,0.25553
CVE-2023-6582,0.00062,0.24255
CVE-2023-6583,0.00053,0.19049
CVE-2023-6588,0.00049,0.14986
CVE-2023-6592,0.00046,0.13740
CVE-2023-6593,0.00091,0.38380
CVE-2023-6594,0.00045,0.11801
CVE-2023-6595,0.00052,0.17889
CVE-2023-6598,0.00045,0.11801
CVE-2023-6599,0.00044,0.08128
CVE-2023-6600,0.00050,0.16888
CVE-2023-6606,0.00042,0.05722
CVE-2023-6607,0.00113,0.44659
CVE-2023-6608,0.00064,0.26393
CVE-2023-6609,0.00046,0.13740
CVE-2023-6610,0.00042,0.05722
CVE-2023-6611,0.00064,0.26393
CVE-2023-6612,0.00081,0.33719
CVE-2023-6613,0.00051,0.17093
CVE-2023-6614,0.00051,0.17093
CVE-2023-6615,0.00052,0.17989
CVE-2023-6616,0.00052,0.17770
CVE-2023-6617,0.00063,0.25553
CVE-2023-6618,0.00089,0.37449
CVE-2023-6619,0.00063,0.25553
CVE-2023-6620,0.00050,0.16285
CVE-2023-6621,0.00046,0.13740
CVE-2023-6622,0.00042,0.05722
CVE-2023-6623,0.10258,0.94450
CVE-2023-6624,0.00045,0.11801
CVE-2023-6625,0.00046,0.13740
CVE-2023-6626,0.00045,0.11801
CVE-2023-6627,0.00046,0.13740
CVE-2023-6629,0.00092,0.38918
CVE-2023-6630,0.00045,0.11801
CVE-2023-6631,0.00042,0.00438
CVE-2023-6632,0.00065,0.26944
CVE-2023-6633,0.00046,0.13740
CVE-2023-6634,0.09110,0.94081
CVE-2023-6636,0.00136,0.48986
CVE-2023-6637,0.00064,0.26246
CVE-2023-6638,0.00052,0.17889
CVE-2023-6645,0.00045,0.11801
CVE-2023-6646,0.00057,0.21320
CVE-2023-6647,0.00077,0.31941
CVE-2023-6648,0.00063,0.25553
CVE-2023-6649,0.00052,0.17770
CVE-2023-6650,0.00052,0.17770
CVE-2023-6651,0.00063,0.25553
CVE-2023-6652,0.00063,0.25553
CVE-2023-6653,0.00052,0.17770
CVE-2023-6654,0.00530,0.74659
CVE-2023-6655,0.00077,0.31941
CVE-2023-6656,0.00063,0.25553
CVE-2023-6657,0.00063,0.25553
CVE-2023-6658,0.00063,0.25553
CVE-2023-6659,0.00064,0.26393
CVE-2023-6660,0.00049,0.14986
CVE-2023-6671,0.00058,0.21913
CVE-2023-6679,0.00042,0.05722
CVE-2023-6680,0.00085,0.35402
CVE-2023-6683,0.00044,0.10862
CVE-2023-6684,0.00051,0.17507
CVE-2023-6687,0.00049,0.14986
CVE-2023-6689,0.00058,0.21913
CVE-2023-6690,0.00084,0.34878
CVE-2023-6691,0.00060,0.23709
CVE-2023-6693,0.00043,0.06775
CVE-2023-6697,0.00052,0.17889
CVE-2023-6699,0.00096,0.39850
CVE-2023-6702,0.00076,0.31372
CVE-2023-6703,0.00083,0.34336
CVE-2023-6704,0.00083,0.34336
CVE-2023-6705,0.00123,0.46532
CVE-2023-6706,0.00083,0.34336
CVE-2023-6707,0.00083,0.34336
CVE-2023-6709,0.00050,0.16285
CVE-2023-6710,0.00045,0.11801
CVE-2023-6711,0.00046,0.13740
CVE-2023-6718,0.00073,0.30255
CVE-2023-6719,0.00046,0.13740
CVE-2023-6720,0.00044,0.10353
CVE-2023-6721,0.00076,0.31172
CVE-2023-6722,0.00087,0.36261
CVE-2023-6723,0.00091,0.38380
CVE-2023-6727,0.00045,0.11801
CVE-2023-6730,0.00052,0.17780
CVE-2023-6732,0.00045,0.11801
CVE-2023-6733,0.00049,0.14986
CVE-2023-6735,0.00042,0.05722
CVE-2023-6737,0.00052,0.17889
CVE-2023-6738,0.00051,0.17507
CVE-2023-6740,0.00042,0.05722
CVE-2023-6741,0.00045,0.11801
CVE-2023-6742,0.00051,0.17507
CVE-2023-6744,0.00045,0.11801
CVE-2023-6746,0.00086,0.35746
CVE-2023-6747,0.00060,0.23319
CVE-2023-6750,0.00084,0.34921
CVE-2023-6751,0.00052,0.17889
CVE-2023-6753,0.00089,0.37193
CVE-2023-6755,0.00061,0.24091
CVE-2023-6756,0.00063,0.25553
CVE-2023-6757,0.00063,0.25738
CVE-2023-6758,0.00051,0.17093
CVE-2023-6759,0.00049,0.15160
CVE-2023-6760,0.00051,0.17093
CVE-2023-6761,0.00061,0.24091
CVE-2023-6762,0.00051,0.17093
CVE-2023-6765,0.00077,0.31941
CVE-2023-6766,0.00050,0.16501
CVE-2023-6767,0.00056,0.20802
CVE-2023-6768,0.00102,0.41513
CVE-2023-6769,0.00058,0.22645
CVE-2023-6771,0.00130,0.47773
CVE-2023-6772,0.00107,0.43245
CVE-2023-6773,0.00061,0.24091
CVE-2023-6774,0.00051,0.17093
CVE-2023-6775,0.00052,0.17989
CVE-2023-6776,0.00045,0.11801
CVE-2023-6778,0.00045,0.11801
CVE-2023-6781,0.00051,0.17450
CVE-2023-6782,0.00051,0.17507
CVE-2023-6784,0.00063,0.25691
CVE-2023-6788,0.00065,0.26944
CVE-2023-6789,0.00045,0.11801
CVE-2023-6790,0.00059,0.23047
CVE-2023-6791,0.00049,0.14986
CVE-2023-6792,0.00049,0.15802
CVE-2023-6793,0.00044,0.10862
CVE-2023-6794,0.00049,0.15057
CVE-2023-6795,0.00049,0.15802
CVE-2023-6798,0.00045,0.11801
CVE-2023-6801,0.00045,0.11801
CVE-2023-6802,0.00059,0.22998
CVE-2023-6803,0.00045,0.12069
CVE-2023-6804,0.00045,0.12069
CVE-2023-6816,0.00138,0.49302
CVE-2023-6817,0.00042,0.05722
CVE-2023-6824,0.00049,0.14986
CVE-2023-6826,0.00133,0.48463
CVE-2023-6827,0.00136,0.48986
CVE-2023-6828,0.00052,0.17889
CVE-2023-6830,0.00052,0.17889
CVE-2023-6831,0.00046,0.12703
CVE-2023-6832,0.00044,0.10862
CVE-2023-6835,0.00046,0.13740
CVE-2023-6836,0.00087,0.36261
CVE-2023-6837,0.00050,0.16404
CVE-2023-6838,0.00046,0.13740
CVE-2023-6839,0.00046,0.13740
CVE-2023-6842,0.00045,0.11801
CVE-2023-6843,0.00045,0.11801
CVE-2023-6845,0.00058,0.21913
CVE-2023-6847,0.00055,0.20425
CVE-2023-6848,0.00063,0.25754
CVE-2023-6849,0.00063,0.24985
CVE-2023-6850,0.00063,0.24985
CVE-2023-6851,0.00076,0.31289
CVE-2023-6852,0.00063,0.24985
CVE-2023-6853,0.00063,0.24985
CVE-2023-6855,0.00178,0.55107
CVE-2023-6856,0.00540,0.74926
CVE-2023-6857,0.00107,0.43210
CVE-2023-6858,0.00099,0.40771
CVE-2023-6859,0.00101,0.41112
CVE-2023-6860,0.00073,0.30145
CVE-2023-6861,0.00099,0.40771
CVE-2023-6862,0.00101,0.41129
CVE-2023-6863,0.00080,0.33439
CVE-2023-6864,0.00101,0.41112
CVE-2023-6865,0.00064,0.26365
CVE-2023-6866,0.00068,0.28208
CVE-2023-6867,0.00053,0.18437
CVE-2023-6868,0.00052,0.17989
CVE-2023-6869,0.00054,0.19490
CVE-2023-6870,0.00052,0.17989
CVE-2023-6871,0.00052,0.17989
CVE-2023-6872,0.00064,0.26487
CVE-2023-6873,0.00060,0.23256
CVE-2023-6875,0.04263,0.91466
CVE-2023-6878,0.00046,0.12619
CVE-2023-6879,0.00058,0.22705
CVE-2023-6882,0.00052,0.17889
CVE-2023-6883,0.00045,0.11801
CVE-2023-6885,0.00063,0.25553
CVE-2023-6886,0.00075,0.30956
CVE-2023-6887,0.00063,0.25553
CVE-2023-6888,0.00099,0.40567
CVE-2023-6889,0.00045,0.11801
CVE-2023-6890,0.00045,0.11801
CVE-2023-6891,0.00042,0.05722
CVE-2023-6893,0.00064,0.26393
CVE-2023-6894,0.00063,0.25738
CVE-2023-6895,0.00080,0.33382
CVE-2023-6896,0.00052,0.17770
CVE-2023-6898,0.00063,0.25553
CVE-2023-6899,0.00075,0.30956
CVE-2023-6900,0.00050,0.16458
CVE-2023-6901,0.00067,0.27753
CVE-2023-6902,0.00063,0.25553
CVE-2023-6903,0.00063,0.25553
CVE-2023-6904,0.00058,0.21913
CVE-2023-6905,0.00091,0.38380
CVE-2023-6906,0.00060,0.23699
CVE-2023-6907,0.00051,0.17347
CVE-2023-6908,0.00053,0.18450
CVE-2023-6909,0.00084,0.34859
CVE-2023-6910,0.00044,0.10862
CVE-2023-6911,0.00045,0.11801
CVE-2023-6912,0.00091,0.38380
CVE-2023-6913,0.00091,0.38380
CVE-2023-6915,0.00049,0.15801
CVE-2023-6918,0.00060,0.23724
CVE-2023-6919,0.00087,0.36261
CVE-2023-6921,0.00067,0.27762
CVE-2023-6924,0.00052,0.17602
CVE-2023-6926,0.00043,0.07363
CVE-2023-6927,0.00118,0.45782
CVE-2023-6928,0.00091,0.38380
CVE-2023-6929,0.00091,0.38380
CVE-2023-6930,0.00091,0.38380
CVE-2023-6931,0.00042,0.05722
CVE-2023-6932,0.00042,0.05722
CVE-2023-6934,0.00051,0.17507
CVE-2023-6938,0.00045,0.11801
CVE-2023-6939,0.00043,0.06775
CVE-2023-6940,0.00134,0.48641
CVE-2023-6941,0.00045,0.11801
CVE-2023-6942,0.00049,0.15834
CVE-2023-6943,0.00048,0.14345
CVE-2023-6944,0.00049,0.14986
CVE-2023-6945,0.00051,0.17093
CVE-2023-6946,0.00075,0.31126
CVE-2023-6955,0.00046,0.13740
CVE-2023-6958,0.00045,0.11801
CVE-2023-6970,0.00052,0.17889
CVE-2023-6971,0.00399,0.70942
CVE-2023-6972,0.00528,0.74611
CVE-2023-6974,0.00264,0.64143
CVE-2023-6975,0.00118,0.45753
CVE-2023-6976,0.00050,0.16285
CVE-2023-6977,0.00555,0.75254
CVE-2023-6979,0.00254,0.63436
CVE-2023-6980,0.00220,0.59977
CVE-2023-6981,0.00304,0.66659
CVE-2023-6984,0.00052,0.17889
CVE-2023-6986,0.00051,0.17507
CVE-2023-6988,0.00051,0.17507
CVE-2023-6990,0.00045,0.11801
CVE-2023-6991,0.00050,0.16285
CVE-2023-6992,0.00042,0.05722
CVE-2023-6994,0.00051,0.17450
CVE-2023-6998,0.00054,0.19258
CVE-2023-7002,0.00217,0.59695
CVE-2023-7008,0.00063,0.25175
CVE-2023-7018,0.00056,0.20991
CVE-2023-7019,0.00045,0.11801
CVE-2023-7020,0.00063,0.25553
CVE-2023-7021,0.00063,0.25553
CVE-2023-7022,0.00063,0.25553
CVE-2023-7023,0.00063,0.25553
CVE-2023-7024,0.00361,0.69493
CVE-2023-7025,0.00042,0.05722
CVE-2023-7026,0.00063,0.25738
CVE-2023-7027,0.00054,0.19394
CVE-2023-7028,0.04478,0.91651
CVE-2023-7031,0.00045,0.11801
CVE-2023-7032,0.00047,0.14013
CVE-2023-7035,0.00051,0.17093
CVE-2023-7036,0.00051,0.17093
CVE-2023-7037,0.00061,0.24091
CVE-2023-7038,0.00054,0.19490
CVE-2023-7039,0.00063,0.25553
CVE-2023-7040,0.00063,0.25738
CVE-2023-7041,0.00050,0.16501
CVE-2023-7042,0.00042,0.05722
CVE-2023-7044,0.00051,0.17507
CVE-2023-7047,0.00042,0.05722
CVE-2023-7048,0.00052,0.17889
CVE-2023-7050,0.00050,0.16708
CVE-2023-7051,0.00052,0.17770
CVE-2023-7052,0.00052,0.17770
CVE-2023-7053,0.00063,0.25553
CVE-2023-7054,0.00051,0.17093
CVE-2023-7055,0.00051,0.17093
CVE-2023-7056,0.00051,0.17093
CVE-2023-7057,0.00052,0.17770
CVE-2023-7058,0.00063,0.25553
CVE-2023-7059,0.00051,0.17093
CVE-2023-7063,0.00052,0.17889
CVE-2023-7068,0.00049,0.14986
CVE-2023-7070,0.00051,0.17450
CVE-2023-7071,0.00051,0.17507
CVE-2023-7074,0.00075,0.31126
CVE-2023-7075,0.00052,0.17770
CVE-2023-7076,0.00052,0.17638
CVE-2023-7078,0.00046,0.13766
CVE-2023-7079,0.00045,0.12338
CVE-2023-7080,0.00053,0.18471
CVE-2023-7082,0.00106,0.42858
CVE-2023-7083,0.00045,0.11801
CVE-2023-7084,0.00045,0.11801
CVE-2023-7089,0.00045,0.11801
CVE-2023-7090,0.00064,0.26137
CVE-2023-7091,0.00061,0.24091
CVE-2023-7092,0.00060,0.23646
CVE-2023-7093,0.00043,0.07616
CVE-2023-7094,0.00064,0.26393
CVE-2023-7095,0.00060,0.23699
CVE-2023-7096,0.00063,0.25553
CVE-2023-7097,0.00063,0.25553
CVE-2023-7098,0.00144,0.50191
CVE-2023-7099,0.00058,0.22658
CVE-2023-7100,0.00063,0.25553
CVE-2023-7101,0.02119,0.88066
CVE-2023-7102,0.00099,0.40707
CVE-2023-7104,0.00131,0.47956
CVE-2023-7105,0.00045,0.12069
CVE-2023-7106,0.00045,0.12069
CVE-2023-7107,0.00045,0.12069
CVE-2023-7108,0.00045,0.12069
CVE-2023-7109,0.00045,0.12069
CVE-2023-7110,0.00045,0.12069
CVE-2023-7111,0.00063,0.25553
CVE-2023-7113,0.00046,0.13740
CVE-2023-7114,0.00091,0.38629
CVE-2023-7116,0.00256,0.63540
CVE-2023-7123,0.00077,0.31941
CVE-2023-7124,0.00060,0.23704
CVE-2023-7125,0.00046,0.13740
CVE-2023-7126,0.00061,0.24091
CVE-2023-7127,0.00063,0.25553
CVE-2023-7128,0.00061,0.24091
CVE-2023-7129,0.00061,0.24091
CVE-2023-7130,0.00061,0.24091
CVE-2023-7131,0.00063,0.25553
CVE-2023-7132,0.00051,0.17093
CVE-2023-7133,0.00060,0.23704
CVE-2023-7134,0.00088,0.36824
CVE-2023-7135,0.00051,0.17093
CVE-2023-7136,0.00051,0.17093
CVE-2023-7137,0.00061,0.24091
CVE-2023-7138,0.00061,0.24091
CVE-2023-7139,0.00063,0.25553
CVE-2023-7140,0.00063,0.25553
CVE-2023-7141,0.00063,0.25553
CVE-2023-7142,0.00063,0.25553
CVE-2023-7143,0.00051,0.17093
CVE-2023-7144,0.00063,0.25553
CVE-2023-7145,0.00166,0.53256
CVE-2023-7146,0.00166,0.53256
CVE-2023-7147,0.00063,0.25553
CVE-2023-7148,0.00075,0.30956
CVE-2023-7149,0.00052,0.17989
CVE-2023-7150,0.00156,0.51912
CVE-2023-7151,0.00046,0.13740
CVE-2023-7152,0.00200,0.57963
CVE-2023-7153,0.00046,0.13740
CVE-2023-7154,0.00045,0.11801
CVE-2023-7155,0.00061,0.24091
CVE-2023-7156,0.00063,0.25553
CVE-2023-7157,0.00063,0.25553
CVE-2023-7158,0.00091,0.38469
CVE-2023-7159,0.00063,0.24985
CVE-2023-7160,0.00046,0.13740
CVE-2023-7161,0.00063,0.25553
CVE-2023-7163,0.01057,0.82554
CVE-2023-7166,0.00065,0.26831
CVE-2023-7170,0.00046,0.13740
CVE-2023-7171,0.00058,0.22009
CVE-2023-7172,0.00085,0.35356
CVE-2023-7173,0.00070,0.28907
CVE-2023-7175,0.00063,0.25553
CVE-2023-7176,0.00076,0.31144
CVE-2023-7177,0.00076,0.31144
CVE-2023-7178,0.00076,0.31144
CVE-2023-7179,0.00076,0.31144
CVE-2023-7180,0.00050,0.16708
CVE-2023-7181,0.00092,0.38928
CVE-2023-7183,0.00064,0.26137
CVE-2023-7184,0.00064,0.26137
CVE-2023-7185,0.00064,0.26137
CVE-2023-7186,0.00064,0.26137
CVE-2023-7187,0.00049,0.15039
CVE-2023-7188,0.00063,0.25553
CVE-2023-7189,0.00064,0.26137
CVE-2023-7190,0.00064,0.26137
CVE-2023-7191,0.00064,0.26137
CVE-2023-7192,0.00042,0.05722
CVE-2023-7193,0.00063,0.25553
CVE-2023-7194,0.00046,0.13740
CVE-2023-7199,0.00072,0.29470
CVE-2023-7200,0.00043,0.06775
CVE-2023-7204,0.00043,0.06775
CVE-2023-7206,0.00053,0.18447
CVE-2023-7207,0.00045,0.12069
CVE-2023-7208,0.00092,0.38734
CVE-2023-7209,0.00081,0.33699
CVE-2023-7210,0.00325,0.67797
CVE-2023-7211,0.00170,0.54077
CVE-2023-7212,0.00063,0.25553
CVE-2023-7213,0.00105,0.42558
CVE-2023-7214,0.00105,0.42558
CVE-2023-7215,0.00061,0.24112
CVE-2023-7218,0.00161,0.52730
CVE-2023-7219,0.00084,0.34815
CVE-2023-7220,0.00084,0.34815
CVE-2023-7221,0.00060,0.23699
CVE-2023-7222,0.00060,0.23699
CVE-2023-7223,0.00051,0.17250
CVE-2023-7224,0.00042,0.05722
CVE-2023-7225,0.00045,0.12069
CVE-2023-7226,0.00063,0.25738
CVE-2023-7227,0.00081,0.33729
CVE-2023-7234,0.00046,0.13740
CVE-2023-7237,0.00087,0.36261
CVE-2023-7238,0.00046,0.13740
CVE-2024-0056,0.00197,0.57616
CVE-2024-0057,0.00227,0.61043
CVE-2024-0181,0.00051,0.17093
CVE-2024-0182,0.00076,0.31600
CVE-2024-0183,0.00051,0.17093
CVE-2024-0184,0.00051,0.17093
CVE-2024-0185,0.00061,0.24091
CVE-2024-0186,0.00063,0.25553
CVE-2024-0187,0.00046,0.13740
CVE-2024-0188,0.00063,0.25553
CVE-2024-0189,0.00051,0.17093
CVE-2024-0190,0.00051,0.17137
CVE-2024-0191,0.00052,0.17770
CVE-2024-0192,0.00051,0.17093
CVE-2024-0193,0.00043,0.06775
CVE-2024-0194,0.00063,0.25553
CVE-2024-0195,0.00107,0.43155
CVE-2024-0196,0.00083,0.34463
CVE-2024-0200,0.00370,0.69853
CVE-2024-0201,0.00051,0.17507
CVE-2024-0204,0.18781,0.95804
CVE-2024-0206,0.00042,0.05722
CVE-2024-0207,0.00046,0.13740
CVE-2024-0208,0.00046,0.13740
CVE-2024-0209,0.00046,0.13740
CVE-2024-0210,0.00046,0.13740
CVE-2024-0211,0.00046,0.13740
CVE-2024-0212,0.00049,0.14986
CVE-2024-0213,0.00042,0.05722
CVE-2024-0217,0.00076,0.31417
CVE-2024-0222,0.00082,0.33940
CVE-2024-0223,0.00082,0.33965
CVE-2024-0224,0.00082,0.33940
CVE-2024-0225,0.00085,0.35408
CVE-2024-0226,0.00045,0.11801
CVE-2024-0227,0.00091,0.38380
CVE-2024-0230,0.00044,0.10345
CVE-2024-0232,0.00044,0.08085
CVE-2024-0233,0.00046,0.13740
CVE-2024-0235,0.00052,0.17889
CVE-2024-0236,0.00052,0.17889
CVE-2024-0237,0.00052,0.17889
CVE-2024-0238,0.00052,0.17889
CVE-2024-0239,0.00046,0.13740
CVE-2024-0241,0.00071,0.29166
CVE-2024-0246,0.00046,0.13740
CVE-2024-0247,0.00063,0.25553
CVE-2024-0251,0.00361,0.69453
CVE-2024-0252,0.00133,0.48450
CVE-2024-0260,0.00054,0.19490
CVE-2024-0261,0.00255,0.63441
CVE-2024-0262,0.00051,0.17093
CVE-2024-0263,0.00213,0.59401
CVE-2024-0264,0.00063,0.24985
CVE-2024-0265,0.00107,0.43062
CVE-2024-0266,0.00050,0.16708
CVE-2024-0267,0.00130,0.47773
CVE-2024-0268,0.00130,0.47773
CVE-2024-0270,0.00063,0.25738
CVE-2024-0271,0.00063,0.25738
CVE-2024-0272,0.00063,0.25738
CVE-2024-0273,0.00063,0.25738
CVE-2024-0274,0.00063,0.25738
CVE-2024-0275,0.00063,0.25738
CVE-2024-0276,0.00063,0.25738
CVE-2024-0277,0.00063,0.25738
CVE-2024-0278,0.00063,0.25738
CVE-2024-0279,0.00063,0.25738
CVE-2024-0280,0.00063,0.25738
CVE-2024-0281,0.00063,0.25738
CVE-2024-0282,0.00052,0.17770
CVE-2024-0283,0.00052,0.17770
CVE-2024-0284,0.00052,0.17770
CVE-2024-0286,0.00060,0.23646
CVE-2024-0287,0.00063,0.25553
CVE-2024-0288,0.00063,0.25553
CVE-2024-0289,0.00068,0.28208
CVE-2024-0290,0.00063,0.25553
CVE-2024-0291,0.00242,0.62295
CVE-2024-0292,0.00240,0.62122
CVE-2024-0293,0.00240,0.62122
CVE-2024-0294,0.00240,0.62122
CVE-2024-0295,0.00240,0.62122
CVE-2024-0296,0.00240,0.62122
CVE-2024-0297,0.00240,0.62122
CVE-2024-0298,0.00240,0.62122
CVE-2024-0299,0.00240,0.62122
CVE-2024-0300,0.00175,0.54736
CVE-2024-0301,0.00063,0.25553
CVE-2024-0302,0.00064,0.26317
CVE-2024-0303,0.00063,0.25553
CVE-2024-0304,0.00063,0.25553
CVE-2024-0305,0.00064,0.26487
CVE-2024-0306,0.00064,0.26393
CVE-2024-0307,0.00064,0.26393
CVE-2024-0308,0.00064,0.26137
CVE-2024-0310,0.00057,0.21391
CVE-2024-0314,0.00046,0.13740
CVE-2024-0315,0.00067,0.27670
CVE-2024-0316,0.00046,0.13740
CVE-2024-0317,0.00046,0.13740
CVE-2024-0318,0.00046,0.13740
CVE-2024-0319,0.00046,0.13740
CVE-2024-0320,0.00046,0.13740
CVE-2024-0321,0.00085,0.35325
CVE-2024-0322,0.00084,0.34859
CVE-2024-0333,0.00054,0.19372
CVE-2024-0340,0.00042,0.05722
CVE-2024-0341,0.00064,0.26449
CVE-2024-0342,0.00063,0.25553
CVE-2024-0343,0.00060,0.23646
CVE-2024-0344,0.00063,0.25553
CVE-2024-0345,0.00052,0.17770
CVE-2024-0346,0.00051,0.17093
CVE-2024-0347,0.00086,0.35677
CVE-2024-0348,0.00051,0.17035
CVE-2024-0349,0.00052,0.17770
CVE-2024-0350,0.00054,0.19490
CVE-2024-0351,0.00051,0.17093
CVE-2024-0352,0.01029,0.82274
CVE-2024-0354,0.00064,0.26449
CVE-2024-0355,0.00063,0.25553
CVE-2024-0356,0.00054,0.19490
CVE-2024-0357,0.00063,0.25553
CVE-2024-0358,0.00064,0.26487
CVE-2024-0359,0.00063,0.25553
CVE-2024-0360,0.00063,0.25553
CVE-2024-0361,0.00063,0.25553
CVE-2024-0362,0.00063,0.25553
CVE-2024-0363,0.00063,0.25553
CVE-2024-0364,0.00063,0.25553
CVE-2024-0381,0.00051,0.17450
CVE-2024-0389,0.00063,0.25553
CVE-2024-0396,0.00063,0.25635
CVE-2024-0402,0.00068,0.28060
CVE-2024-0405,0.00061,0.24039
CVE-2024-0408,0.00042,0.05722
CVE-2024-0409,0.00042,0.05722
CVE-2024-0411,0.00237,0.61856
CVE-2024-0412,0.00277,0.64955
CVE-2024-0413,0.00277,0.64955
CVE-2024-0414,0.00277,0.64955
CVE-2024-0415,0.00277,0.64955
CVE-2024-0416,0.00277,0.64955
CVE-2024-0417,0.00164,0.53071
CVE-2024-0418,0.00254,0.63427
CVE-2024-0419,0.00055,0.20372
CVE-2024-0422,0.00050,0.16708
CVE-2024-0423,0.00050,0.16708
CVE-2024-0424,0.00050,0.16708
CVE-2024-0425,0.00054,0.19490
CVE-2024-0426,0.00063,0.25553
CVE-2024-0429,0.00043,0.06775
CVE-2024-0430,0.00043,0.06775
CVE-2024-0443,0.00042,0.05722
CVE-2024-0454,0.00052,0.18046
CVE-2024-0456,0.00045,0.11801
CVE-2024-0459,0.00061,0.24091
CVE-2024-0460,0.00063,0.25553
CVE-2024-0461,0.00063,0.25553
CVE-2024-0462,0.00063,0.25553
CVE-2024-0463,0.00063,0.25553
CVE-2024-0464,0.00166,0.53256
CVE-2024-0465,0.00113,0.44650
CVE-2024-0466,0.00166,0.53256
CVE-2024-0467,0.00052,0.17989
CVE-2024-0468,0.00063,0.25553
CVE-2024-0469,0.00063,0.25553
CVE-2024-0470,0.00063,0.25553
CVE-2024-0471,0.00063,0.25553
CVE-2024-0472,0.00064,0.26487
CVE-2024-0473,0.00063,0.25553
CVE-2024-0474,0.00063,0.25553
CVE-2024-0475,0.00063,0.25553
CVE-2024-0476,0.00051,0.17093
CVE-2024-0477,0.00063,0.25553
CVE-2024-0478,0.00063,0.25553
CVE-2024-0479,0.00063,0.25553
CVE-2024-0480,0.00095,0.39608
CVE-2024-0481,0.00063,0.25553
CVE-2024-0482,0.00063,0.25553
CVE-2024-0483,0.00063,0.25553
CVE-2024-0484,0.00063,0.25553
CVE-2024-0485,0.00063,0.25553
CVE-2024-0486,0.00063,0.25553
CVE-2024-0487,0.00063,0.25553
CVE-2024-0488,0.00063,0.25553
CVE-2024-0489,0.00063,0.25553
CVE-2024-0490,0.00064,0.26487
CVE-2024-0491,0.00054,0.19490
CVE-2024-0492,0.00063,0.25553
CVE-2024-0493,0.00063,0.25553
CVE-2024-0494,0.00063,0.25553
CVE-2024-0495,0.00063,0.25553
CVE-2024-0496,0.00063,0.25553
CVE-2024-0497,0.00063,0.25553
CVE-2024-0498,0.00063,0.25553
CVE-2024-0499,0.00051,0.17093
CVE-2024-0500,0.00051,0.17093
CVE-2024-0501,0.00051,0.17093
CVE-2024-0502,0.00061,0.24091
CVE-2024-0503,0.00052,0.17770
CVE-2024-0504,0.00060,0.23646
CVE-2024-0505,0.00063,0.25553
CVE-2024-0507,0.00058,0.22795
CVE-2024-0510,0.00236,0.61739
CVE-2024-0517,0.00080,0.33226
CVE-2024-0518,0.00082,0.33965
CVE-2024-0519,0.00179,0.55161
CVE-2024-0521,0.00043,0.06775
CVE-2024-0522,0.00058,0.21913
CVE-2024-0523,0.00063,0.25553
CVE-2024-0524,0.00220,0.59975
CVE-2024-0525,0.00220,0.59975
CVE-2024-0526,0.00220,0.59975
CVE-2024-0527,0.00220,0.59975
CVE-2024-0528,0.00220,0.59975
CVE-2024-0529,0.00063,0.25553
CVE-2024-0530,0.00220,0.59975
CVE-2024-0531,0.00114,0.44862
CVE-2024-0532,0.00114,0.44862
CVE-2024-0533,0.00114,0.44862
CVE-2024-0534,0.00114,0.44862
CVE-2024-0535,0.00086,0.35651
CVE-2024-0536,0.00386,0.70460
CVE-2024-0537,0.00386,0.70460
CVE-2024-0538,0.00386,0.70460
CVE-2024-0539,0.00386,0.70460
CVE-2024-0540,0.00386,0.70460
CVE-2024-0541,0.00386,0.70460
CVE-2024-0542,0.00386,0.70460
CVE-2024-0543,0.00064,0.26487
CVE-2024-0545,0.00046,0.13740
CVE-2024-0546,0.00081,0.33677
CVE-2024-0547,0.00093,0.39009
CVE-2024-0548,0.00093,0.39009
CVE-2024-0552,0.00164,0.53102
CVE-2024-0553,0.00178,0.55099
CVE-2024-0554,0.00044,0.10753
CVE-2024-0555,0.00050,0.15988
CVE-2024-0556,0.00072,0.29488
CVE-2024-0557,0.00051,0.17093
CVE-2024-0558,0.00061,0.24091
CVE-2024-0562,0.00042,0.05722
CVE-2024-0564,0.00045,0.12069
CVE-2024-0565,0.00064,0.26137
CVE-2024-0567,0.00084,0.34819
CVE-2024-0569,0.00135,0.48696
CVE-2024-0570,0.00092,0.38739
CVE-2024-0571,0.00084,0.34815
CVE-2024-0572,0.00084,0.34815
CVE-2024-0573,0.00084,0.34815
CVE-2024-0574,0.00084,0.34815
CVE-2024-0575,0.00084,0.34815
CVE-2024-0576,0.00084,0.34815
CVE-2024-0577,0.00084,0.34815
CVE-2024-0578,0.00084,0.34815
CVE-2024-0579,0.00125,0.46912
CVE-2024-0580,0.00087,0.36261
CVE-2024-0581,0.00043,0.06775
CVE-2024-0582,0.00042,0.05722
CVE-2024-0584,0.00042,0.05722
CVE-2024-0587,0.00052,0.17889
CVE-2024-0599,0.00051,0.17093
CVE-2024-0601,0.00063,0.25738
CVE-2024-0603,0.00064,0.26317
CVE-2024-0605,0.00131,0.47945
CVE-2024-0606,0.00046,0.13740
CVE-2024-0607,0.00042,0.05722
CVE-2024-0617,0.00065,0.26944
CVE-2024-0618,0.00050,0.15935
CVE-2024-0623,0.00052,0.17889
CVE-2024-0624,0.00065,0.26944
CVE-2024-0625,0.00051,0.17507
CVE-2024-0639,0.00042,0.05722
CVE-2024-0641,0.00042,0.05722
CVE-2024-0642,0.00148,0.50813
CVE-2024-0643,0.00148,0.50813
CVE-2024-0645,0.00042,0.05722
CVE-2024-0646,0.00042,0.05722
CVE-2024-0647,0.00052,0.17989
CVE-2024-0648,0.00063,0.25553
CVE-2024-0649,0.00063,0.25553
CVE-2024-0650,0.00052,0.17770
CVE-2024-0651,0.00061,0.24091
CVE-2024-0652,0.00051,0.17137
CVE-2024-0654,0.00044,0.10366
CVE-2024-0655,0.00063,0.25553
CVE-2024-0664,0.00045,0.11801
CVE-2024-0665,0.00065,0.26944
CVE-2024-0667,0.00065,0.26944
CVE-2024-0669,0.00046,0.13740
CVE-2024-0674,0.00042,0.05722
CVE-2024-0675,0.00043,0.06775
CVE-2024-0676,0.00042,0.05722
CVE-2024-0679,0.00053,0.18554
CVE-2024-0688,0.00045,0.11801
CVE-2024-0693,0.00203,0.58279
CVE-2024-0695,0.00203,0.58279
CVE-2024-0696,0.00052,0.17770
CVE-2024-0697,0.00050,0.15975
CVE-2024-0703,0.00045,0.11801
CVE-2024-0705,0.00078,0.32639
CVE-2024-0712,0.00063,0.25553
CVE-2024-0713,0.00061,0.24091
CVE-2024-0714,0.00068,0.27907
CVE-2024-0716,0.00063,0.25738
CVE-2024-0717,0.00052,0.17770
CVE-2024-0718,0.00051,0.17093
CVE-2024-0720,0.00052,0.17989
CVE-2024-0721,0.00052,0.17989
CVE-2024-0722,0.00051,0.17093
CVE-2024-0723,0.00080,0.33471
CVE-2024-0725,0.00080,0.33471
CVE-2024-0726,0.00052,0.17770
CVE-2024-0727,0.00228,0.61053
CVE-2024-0728,0.00063,0.25553
CVE-2024-0729,0.00063,0.25553
CVE-2024-0730,0.00063,0.25553
CVE-2024-0731,0.00049,0.15160
CVE-2024-0732,0.00049,0.15160
CVE-2024-0733,0.00063,0.25553
CVE-2024-0734,0.00063,0.25553
CVE-2024-0735,0.00063,0.25553
CVE-2024-0736,0.00049,0.15160
CVE-2024-0737,0.00081,0.33677
CVE-2024-0738,0.00075,0.30956
CVE-2024-0739,0.00064,0.26317
CVE-2024-0741,0.00046,0.13795
CVE-2024-0742,0.00050,0.16465
CVE-2024-0743,0.00046,0.13740
CVE-2024-0744,0.00046,0.13740
CVE-2024-0745,0.00091,0.38380
CVE-2024-0746,0.00050,0.16457
CVE-2024-0747,0.00052,0.17726
CVE-2024-0748,0.00046,0.13740
CVE-2024-0749,0.00050,0.16465
CVE-2024-0750,0.00063,0.24985
CVE-2024-0751,0.00063,0.24985
CVE-2024-0752,0.00046,0.13740
CVE-2024-0753,0.00051,0.17252
CVE-2024-0754,0.00046,0.13740
CVE-2024-0755,0.00060,0.23256
CVE-2024-0758,0.00074,0.30459
CVE-2024-0769,0.00161,0.52768
CVE-2024-0770,0.00042,0.05722
CVE-2024-0771,0.00042,0.05722
CVE-2024-0772,0.00042,0.05722
CVE-2024-0773,0.00051,0.17093
CVE-2024-0774,0.00042,0.05722
CVE-2024-0775,0.00042,0.05722
CVE-2024-0776,0.00051,0.17093
CVE-2024-0778,0.00063,0.25705
CVE-2024-0781,0.00052,0.17770
CVE-2024-0782,0.00060,0.23542
CVE-2024-0783,0.00069,0.28590
CVE-2024-0784,0.00063,0.25553
CVE-2024-0788,0.00043,0.06775
CVE-2024-0804,0.00084,0.34809
CVE-2024-0805,0.00081,0.33524
CVE-2024-0806,0.00082,0.33940
CVE-2024-0807,0.00082,0.33940
CVE-2024-0808,0.00085,0.35280
CVE-2024-0809,0.00075,0.31098
CVE-2024-0810,0.00052,0.17638
CVE-2024-0811,0.00052,0.17638
CVE-2024-0812,0.00082,0.33965
CVE-2024-0813,0.00059,0.22803
CVE-2024-0814,0.00081,0.33509
CVE-2024-0822,0.00048,0.14563
CVE-2024-0824,0.00045,0.11801
CVE-2024-0841,0.00042,0.05722
CVE-2024-0854,0.00047,0.14014
CVE-2024-0879,0.00045,0.11801
CVE-2024-0880,0.00055,0.20387
CVE-2024-0882,0.00064,0.26449
CVE-2024-0883,0.00063,0.25553
CVE-2024-0884,0.00063,0.25553
CVE-2024-0885,0.00081,0.33677
CVE-2024-0886,0.00042,0.05722
CVE-2024-0887,0.00049,0.15160
CVE-2024-0888,0.00049,0.15160
CVE-2024-0889,0.00081,0.33677
CVE-2024-0890,0.00063,0.25553
CVE-2024-0891,0.00051,0.17093
CVE-2024-0918,0.00073,0.30147
CVE-2024-0919,0.00058,0.22676
CVE-2024-0920,0.00058,0.22676
CVE-2024-0921,0.00067,0.27664
CVE-2024-0922,0.00086,0.35651
CVE-2024-0923,0.00086,0.35651
CVE-2024-0924,0.00088,0.36687
CVE-2024-0925,0.00086,0.35651
CVE-2024-0926,0.00086,0.35651
CVE-2024-0927,0.00086,0.35651
CVE-2024-0928,0.00086,0.35651
CVE-2024-0929,0.00086,0.35651
CVE-2024-0930,0.00086,0.35651
CVE-2024-0931,0.00086,0.35651
CVE-2024-0932,0.00086,0.35651
CVE-2024-0933,0.00063,0.25553
CVE-2024-0936,0.00064,0.26172
CVE-2024-0937,0.00064,0.26172
CVE-2024-0938,0.00063,0.25553
CVE-2024-0939,0.00063,0.25553
CVE-2024-0941,0.00063,0.25553
CVE-2024-0942,0.00066,0.27168
CVE-2024-0943,0.00051,0.17250
CVE-2024-0944,0.00051,0.17250
CVE-2024-0945,0.00063,0.25553
CVE-2024-0946,0.00063,0.25553
CVE-2024-0948,0.00052,0.17989
CVE-2024-0958,0.00051,0.17093
CVE-2024-0959,0.00064,0.26172
CVE-2024-0960,0.00064,0.26172
CVE-2024-0962,0.00042,0.05722
CVE-2024-0986,0.00258,0.63624
CVE-2024-0987,0.00359,0.69367
CVE-2024-0988,0.00421,0.71631
CVE-2024-0989,0.00211,0.59073
CVE-2024-0990,0.00101,0.41140
CVE-2024-0991,0.00101,0.41140
CVE-2024-0992,0.00101,0.41140
CVE-2024-0993,0.00101,0.41140
CVE-2024-0994,0.00101,0.41140
CVE-2024-0995,0.00101,0.41140
CVE-2024-0996,0.00101,0.41140
CVE-2024-0997,0.00161,0.52730
CVE-2024-0998,0.00161,0.52730
CVE-2024-0999,0.00161,0.52730
CVE-2024-1000,0.00123,0.46546
CVE-2024-1001,0.00084,0.34815
CVE-2024-1002,0.00161,0.52730
CVE-2024-1003,0.00161,0.52730
CVE-2024-1004,0.00161,0.52730
CVE-2024-1005,0.00045,0.12069
CVE-2024-1006,0.00045,0.12069
CVE-2024-1007,0.00061,0.24091
CVE-2024-1008,0.00061,0.24091
CVE-2024-1009,0.00045,0.12069
CVE-2024-1010,0.00045,0.12069
CVE-2024-1011,0.00045,0.12069
CVE-2024-1014,0.00046,0.13740
CVE-2024-1015,0.00299,0.66383
CVE-2024-1016,0.00045,0.12069
CVE-2024-1017,0.00045,0.12069
CVE-2024-1018,0.00045,0.12069
CVE-2024-1020,0.00045,0.12069
CVE-2024-1021,0.00062,0.24383
CVE-2024-1022,0.00045,0.12069
CVE-2024-1024,0.00043,0.06775
CVE-2024-1026,0.00046,0.13740
CVE-2024-1027,0.00043,0.06775
CVE-2024-1028,0.00043,0.06775
CVE-2024-1029,0.00046,0.13740
CVE-2024-1030,0.00043,0.06775
CVE-2024-1031,0.00045,0.12069
CVE-2024-1032,0.00047,0.13977
CVE-2024-1033,0.00045,0.12069
CVE-2024-1034,0.00045,0.12069
CVE-2024-1061,0.00049,0.15161
CVE-2024-1063,0.00043,0.06775
CVE-2024-20251,0.00048,0.14756
CVE-2024-20253,0.00162,0.52904
CVE-2024-20263,0.00048,0.14345
CVE-2024-20270,0.00048,0.14756
CVE-2024-20272,0.00127,0.47377
CVE-2024-20277,0.00052,0.17905
CVE-2024-20287,0.00052,0.17554
CVE-2024-20305,0.00048,0.14756
CVE-2024-20652,0.00197,0.57616
CVE-2024-20653,0.00048,0.14284
CVE-2024-20654,0.00272,0.64691
CVE-2024-20655,0.00146,0.50552
CVE-2024-20656,0.00146,0.50588
CVE-2024-20657,0.00048,0.14284
CVE-2024-20658,0.00048,0.14284
CVE-2024-20660,0.00068,0.28339
CVE-2024-20661,0.00065,0.26757
CVE-2024-20662,0.00068,0.28339
CVE-2024-20663,0.00068,0.28339
CVE-2024-20664,0.00068,0.28339
CVE-2024-20666,0.00048,0.14284
CVE-2024-20672,0.00069,0.28485
CVE-2024-20674,0.00048,0.14231
CVE-2024-20675,0.00106,0.42955
CVE-2024-20676,0.00655,0.77355
CVE-2024-20677,0.00114,0.44961
CVE-2024-20680,0.00068,0.28339
CVE-2024-20681,0.00048,0.14284
CVE-2024-20682,0.00061,0.24038
CVE-2024-20683,0.00048,0.14284
CVE-2024-20686,0.00048,0.14284
CVE-2024-20687,0.00069,0.28485
CVE-2024-20690,0.00091,0.38528
CVE-2024-20691,0.00048,0.14284
CVE-2024-20692,0.00050,0.16483
CVE-2024-20694,0.00045,0.11994
CVE-2024-20696,0.00061,0.24038
CVE-2024-20697,0.00061,0.24038
CVE-2024-20698,0.00146,0.50588
CVE-2024-20699,0.00048,0.14284
CVE-2024-20700,0.00108,0.43384
CVE-2024-20709,0.00076,0.31409
CVE-2024-20710,0.00101,0.41220
CVE-2024-20711,0.00101,0.41220
CVE-2024-20712,0.00101,0.41220
CVE-2024-20713,0.00101,0.41220
CVE-2024-20714,0.00101,0.41220
CVE-2024-20715,0.00101,0.41220
CVE-2024-20721,0.00076,0.31409
CVE-2024-20802,0.00043,0.06775
CVE-2024-20803,0.00070,0.29119
CVE-2024-20804,0.00044,0.08212
CVE-2024-20805,0.00044,0.08212
CVE-2024-20806,0.00042,0.05722
CVE-2024-20807,0.00044,0.10345
CVE-2024-20808,0.00042,0.05722
CVE-2024-20809,0.00042,0.05722
CVE-2024-20904,0.00045,0.11801
CVE-2024-20906,0.00045,0.11801
CVE-2024-20908,0.00052,0.17889
CVE-2024-20910,0.00045,0.11801
CVE-2024-20912,0.00045,0.11801
CVE-2024-20914,0.00043,0.07727
CVE-2024-20916,0.00073,0.30158
CVE-2024-20918,0.00112,0.44604
CVE-2024-20920,0.00043,0.07727
CVE-2024-20922,0.00049,0.15906
CVE-2024-20924,0.00048,0.14660
CVE-2024-20926,0.00104,0.42298
CVE-2024-20928,0.00052,0.17889
CVE-2024-20930,0.00044,0.10862
CVE-2024-20932,0.00056,0.21171
CVE-2024-20934,0.00052,0.17889
CVE-2024-20936,0.00052,0.17889
CVE-2024-20938,0.00052,0.17889
CVE-2024-20940,0.00052,0.17889
CVE-2024-20942,0.00052,0.17889
CVE-2024-20944,0.00045,0.11801
CVE-2024-20946,0.00043,0.07727
CVE-2024-20948,0.00052,0.17889
CVE-2024-20950,0.00052,0.17889
CVE-2024-20952,0.00112,0.44604
CVE-2024-20955,0.00052,0.17889
CVE-2024-20957,0.00044,0.10862
CVE-2024-20959,0.00043,0.07727
CVE-2024-20961,0.00044,0.10862
CVE-2024-20963,0.00044,0.10862
CVE-2024-20965,0.00044,0.10862
CVE-2024-20967,0.00044,0.10862
CVE-2024-20969,0.00044,0.10862
CVE-2024-20971,0.00044,0.10862
CVE-2024-20973,0.00044,0.10862
CVE-2024-20975,0.00044,0.10862
CVE-2024-20977,0.00044,0.10862
CVE-2024-20979,0.00045,0.11801
CVE-2024-20981,0.00044,0.10862
CVE-2024-20983,0.00044,0.10862
CVE-2024-20985,0.00044,0.10862
CVE-2024-20987,0.00045,0.11801
CVE-2024-21305,0.00048,0.14284
CVE-2024-21306,0.00057,0.21305
CVE-2024-21307,0.00411,0.71324
CVE-2024-21309,0.00048,0.14284
CVE-2024-21310,0.00048,0.14243
CVE-2024-21311,0.00048,0.14284
CVE-2024-21312,0.00069,0.28485
CVE-2024-21313,0.00102,0.41279
CVE-2024-21314,0.00068,0.28339
CVE-2024-21316,0.00067,0.27732
CVE-2024-21318,0.00189,0.56504
CVE-2024-21319,0.00057,0.21339
CVE-2024-21320,0.00091,0.38528
CVE-2024-21325,0.00113,0.44762
CVE-2024-21326,0.00133,0.48330
CVE-2024-21336,0.00056,0.20773
CVE-2024-21337,0.00055,0.20631
CVE-2024-21382,0.00063,0.25174
CVE-2024-21383,0.00056,0.20773
CVE-2024-21385,0.00128,0.47424
CVE-2024-21387,0.00063,0.25174
CVE-2024-21484,0.00068,0.27934
CVE-2024-21488,0.00048,0.14315
CVE-2024-21585,0.00048,0.14357
CVE-2024-21587,0.00044,0.10345
CVE-2024-21589,0.00087,0.36261
CVE-2024-21591,0.00238,0.61920
CVE-2024-21594,0.00042,0.05722
CVE-2024-21595,0.00052,0.17889
CVE-2024-21596,0.00052,0.17889
CVE-2024-21597,0.00048,0.14563
CVE-2024-21599,0.00049,0.14855
CVE-2024-21600,0.00044,0.10345
CVE-2024-21601,0.00050,0.16906
CVE-2024-21602,0.00046,0.13740
CVE-2024-21603,0.00044,0.10862
CVE-2024-21604,0.00046,0.13740
CVE-2024-21606,0.00052,0.17889
CVE-2024-21607,0.00046,0.13740
CVE-2024-21611,0.00046,0.13740
CVE-2024-21612,0.00046,0.13740
CVE-2024-21613,0.00044,0.10345
CVE-2024-21614,0.00054,0.19316
CVE-2024-21616,0.00046,0.13740
CVE-2024-21617,0.00049,0.14855
CVE-2024-21619,0.00093,0.39078
CVE-2024-21620,0.00046,0.13740
CVE-2024-21622,0.00073,0.30417
CVE-2024-21623,0.00066,0.27229
CVE-2024-21625,0.00227,0.60964
CVE-2024-21627,0.00054,0.19253
CVE-2024-21628,0.00046,0.13740
CVE-2024-21629,0.00061,0.23897
CVE-2024-21630,0.00053,0.18592
CVE-2024-21631,0.00044,0.10353
CVE-2024-21632,0.00068,0.28208
CVE-2024-21633,0.00055,0.20526
CVE-2024-21634,0.00046,0.13740
CVE-2024-21636,0.00052,0.17638
CVE-2024-21637,0.00063,0.25708
CVE-2024-21638,0.00121,0.46225
CVE-2024-21639,0.00048,0.14814
CVE-2024-21640,0.00048,0.14814
CVE-2024-21641,0.00052,0.17989
CVE-2024-21642,0.00064,0.26487
CVE-2024-21643,0.00065,0.27078
CVE-2024-21644,0.44017,0.97053
CVE-2024-21645,0.00046,0.13740
CVE-2024-21646,0.00651,0.77274
CVE-2024-21647,0.00044,0.10188
CVE-2024-21648,0.00063,0.25209
CVE-2024-21650,0.00585,0.75884
CVE-2024-21651,0.00046,0.13865
CVE-2024-21654,0.00084,0.34630
CVE-2024-21655,0.00045,0.12231
CVE-2024-21663,0.00206,0.58605
CVE-2024-21664,0.00053,0.18664
CVE-2024-21665,0.00048,0.14835
CVE-2024-21666,0.00054,0.20302
CVE-2024-21667,0.00054,0.20302
CVE-2024-21668,0.00058,0.22598
CVE-2024-21669,0.00060,0.23669
CVE-2024-21670,0.00091,0.38380
CVE-2024-21672,0.00173,0.54543
CVE-2024-21673,0.00129,0.47598
CVE-2024-21674,0.00165,0.53182
CVE-2024-21732,0.00046,0.13740
CVE-2024-21733,0.00254,0.63298
CVE-2024-21734,0.00045,0.11801
CVE-2024-21735,0.00050,0.16285
CVE-2024-21736,0.00046,0.13740
CVE-2024-21737,0.00049,0.15052
CVE-2024-21738,0.00045,0.11801
CVE-2024-21744,0.00045,0.11801
CVE-2024-21745,0.00045,0.11801
CVE-2024-21747,0.00049,0.14986
CVE-2024-21765,0.00079,0.33069
CVE-2024-21773,0.00062,0.24384
CVE-2024-21796,0.00052,0.18120
CVE-2024-21803,0.00050,0.16474
CVE-2024-21821,0.00051,0.17456
CVE-2024-21833,0.00088,0.36845
CVE-2024-21840,0.00042,0.05722
CVE-2024-21887,0.96416,0.99479
CVE-2024-21907,0.00258,0.63634
CVE-2024-21908,0.00196,0.57527
CVE-2024-21909,0.00132,0.48091
CVE-2024-21910,0.00394,0.70775
CVE-2024-21911,0.00384,0.70394
CVE-2024-21982,0.00049,0.14986
CVE-2024-21985,0.00043,0.06775
CVE-2024-22027,0.00071,0.29353
CVE-2024-22028,0.00052,0.18120
CVE-2024-22047,0.00081,0.33794
CVE-2024-22048,0.00053,0.18668
CVE-2024-22049,0.00101,0.41127
CVE-2024-22050,0.00098,0.40512
CVE-2024-22051,0.00423,0.71718
CVE-2024-22075,0.00046,0.13740
CVE-2024-22076,0.00257,0.63574
CVE-2024-22086,0.00173,0.54501
CVE-2024-22087,0.00173,0.54501
CVE-2024-22088,0.00106,0.42831
CVE-2024-22099,0.00043,0.06775
CVE-2024-22113,0.00063,0.25005
CVE-2024-22124,0.00087,0.36261
CVE-2024-22125,0.00087,0.36261
CVE-2024-22134,0.00049,0.14986
CVE-2024-22135,0.00050,0.16285
CVE-2024-22137,0.00045,0.11801
CVE-2024-22141,0.00087,0.36261
CVE-2024-22142,0.00046,0.13740
CVE-2024-22147,0.00050,0.16285
CVE-2024-22152,0.00050,0.16285
CVE-2024-22154,0.00087,0.36261
CVE-2024-22164,0.00044,0.10862
CVE-2024-22165,0.00044,0.10862
CVE-2024-22190,0.00050,0.16759
CVE-2024-22191,0.00051,0.17093
CVE-2024-22192,0.00087,0.36261
CVE-2024-22194,0.00044,0.08095
CVE-2024-22195,0.00098,0.40481
CVE-2024-22196,0.00049,0.14986
CVE-2024-22197,0.00110,0.43956
CVE-2024-22198,0.00421,0.71662
CVE-2024-22199,0.00055,0.20330
CVE-2024-22203,0.00116,0.45291
CVE-2024-22204,0.00081,0.33904
CVE-2024-22205,0.00092,0.38872
CVE-2024-22206,0.00065,0.26950
CVE-2024-22207,0.00046,0.13740
CVE-2024-22209,0.00061,0.24091
CVE-2024-22211,0.00068,0.28208
CVE-2024-22212,0.00097,0.40172
CVE-2024-22213,0.00051,0.17093
CVE-2024-22216,0.00091,0.38380
CVE-2024-22229,0.00045,0.11801
CVE-2024-22233,0.00052,0.17789
CVE-2024-22283,0.00050,0.16285
CVE-2024-22284,0.00072,0.29664
CVE-2024-22294,0.00087,0.36261
CVE-2024-22301,0.00087,0.36261
CVE-2024-22308,0.00046,0.13740
CVE-2024-22309,0.00072,0.29664
CVE-2024-22317,0.00088,0.37152
CVE-2024-22362,0.00052,0.17532
CVE-2024-22366,0.00043,0.07443
CVE-2024-22368,0.00045,0.12244
CVE-2024-22370,0.00045,0.11801
CVE-2024-22372,0.00043,0.07443
CVE-2024-22380,0.00052,0.18120
CVE-2024-22400,0.00052,0.17638
CVE-2024-22401,0.00053,0.18547
CVE-2024-22402,0.00053,0.18896
CVE-2024-22403,0.00051,0.17135
CVE-2024-22404,0.00053,0.18547
CVE-2024-22406,0.00091,0.38380
CVE-2024-22407,0.00046,0.12619
CVE-2024-22408,0.00050,0.16404
CVE-2024-22409,0.00050,0.16285
CVE-2024-22410,0.00042,0.05722
CVE-2024-22411,0.00050,0.16761
CVE-2024-22414,0.00045,0.11801
CVE-2024-22415,0.00091,0.38629
CVE-2024-22416,0.00136,0.48944
CVE-2024-22417,0.00080,0.33273
CVE-2024-22418,0.00045,0.11801
CVE-2024-22419,0.00099,0.40673
CVE-2024-22420,0.00046,0.13740
CVE-2024-22421,0.00087,0.36261
CVE-2024-22422,0.00046,0.13740
CVE-2024-22424,0.00053,0.18893
CVE-2024-22428,0.00042,0.05722
CVE-2024-22432,0.00043,0.06775
CVE-2024-22490,0.00046,0.13740
CVE-2024-22491,0.00045,0.11801
CVE-2024-22492,0.00052,0.17702
CVE-2024-22493,0.00052,0.17702
CVE-2024-22494,0.00052,0.17702
CVE-2024-22496,0.00046,0.13740
CVE-2024-22497,0.00046,0.13740
CVE-2024-22523,0.00057,0.21252
CVE-2024-22529,0.00328,0.67981
CVE-2024-22545,0.00043,0.06775
CVE-2024-22548,0.00045,0.11801
CVE-2024-22549,0.00045,0.11801
CVE-2024-22550,0.00064,0.26253
CVE-2024-22551,0.00054,0.19245
CVE-2024-22559,0.00045,0.11801
CVE-2024-22562,0.00053,0.19001
CVE-2024-22563,0.00046,0.13740
CVE-2024-22568,0.00058,0.21913
CVE-2024-22570,0.00045,0.11801
CVE-2024-22591,0.00058,0.21913
CVE-2024-22592,0.00058,0.21913
CVE-2024-22593,0.00058,0.21913
CVE-2024-22601,0.00058,0.21913
CVE-2024-22603,0.00058,0.21913
CVE-2024-22625,0.00050,0.16285
CVE-2024-22626,0.00050,0.16285
CVE-2024-22627,0.00050,0.16285
CVE-2024-22628,0.00050,0.16285
CVE-2024-22635,0.00054,0.19245
CVE-2024-22636,0.00106,0.42858
CVE-2024-22637,0.00054,0.19245
CVE-2024-22638,0.00556,0.75268
CVE-2024-22639,0.00054,0.19245
CVE-2024-22643,0.00066,0.27464
CVE-2024-22646,0.00046,0.13740
CVE-2024-22647,0.00046,0.13740
CVE-2024-22648,0.00078,0.32256
CVE-2024-22651,0.00089,0.37667
CVE-2024-22660,0.00079,0.32856
CVE-2024-22662,0.00079,0.32856
CVE-2024-22663,0.00328,0.67981
CVE-2024-22682,0.00043,0.06775
CVE-2024-22699,0.00058,0.21913
CVE-2024-22705,0.00043,0.06775
CVE-2024-22714,0.00046,0.13740
CVE-2024-22715,0.00058,0.21913
CVE-2024-22720,0.00045,0.11801
CVE-2024-22725,0.00046,0.13740
CVE-2024-22729,0.00089,0.37667
CVE-2024-22749,0.00063,0.25756
CVE-2024-22751,0.00082,0.34087
CVE-2024-22768,0.00046,0.12646
CVE-2024-22769,0.00046,0.12646
CVE-2024-22770,0.00046,0.12646
CVE-2024-22771,0.00046,0.12646
CVE-2024-22772,0.00046,0.12646
CVE-2024-22817,0.00058,0.21913
CVE-2024-22818,0.00058,0.21913
CVE-2024-22819,0.00058,0.21913
CVE-2024-22860,0.00196,0.57575
CVE-2024-22861,0.00046,0.13740
CVE-2024-22862,0.00196,0.57575
CVE-2024-22876,0.00045,0.11801
CVE-2024-22877,0.00045,0.11801
CVE-2024-22894,0.00053,0.18563
CVE-2024-22895,0.00051,0.16915
CVE-2024-22911,0.00053,0.19001
CVE-2024-22912,0.00055,0.20747
CVE-2024-22913,0.00055,0.20747
CVE-2024-22914,0.00044,0.10345
CVE-2024-22915,0.00055,0.20747
CVE-2024-22916,0.00117,0.45530
CVE-2024-22919,0.00053,0.19001
CVE-2024-22920,0.00053,0.19001
CVE-2024-22922,0.00063,0.25553
CVE-2024-22938,0.00042,0.05722
CVE-2024-22942,0.00386,0.70469
CVE-2024-22955,0.00053,0.19001
CVE-2024-22956,0.00053,0.19001
CVE-2024-22957,0.00044,0.10345
CVE-2024-23055,0.00134,0.48536
CVE-2024-23057,0.00386,0.70469
CVE-2024-23058,0.00386,0.70469
CVE-2024-23059,0.00386,0.70469
CVE-2024-23060,0.00386,0.70469
CVE-2024-23061,0.00386,0.70469
CVE-2024-23171,0.00045,0.11801
CVE-2024-23172,0.00045,0.11801
CVE-2024-23173,0.00046,0.13740
CVE-2024-23174,0.00045,0.11801
CVE-2024-23177,0.00046,0.13740
CVE-2024-23178,0.00045,0.11801
CVE-2024-23179,0.00046,0.13740
CVE-2024-23180,0.00107,0.43153
CVE-2024-23181,0.00063,0.25005
CVE-2024-23182,0.00066,0.27474
CVE-2024-23183,0.00048,0.14756
CVE-2024-23203,0.00060,0.23760
CVE-2024-23204,0.00070,0.28841
CVE-2024-23206,0.00096,0.39936
CVE-2024-23207,0.00060,0.23240
CVE-2024-23208,0.00056,0.20986
CVE-2024-23209,0.00134,0.48641
CVE-2024-23210,0.00053,0.18485
CVE-2024-23211,0.00053,0.18485
CVE-2024-23212,0.00065,0.26854
CVE-2024-23213,0.00120,0.46105
CVE-2024-23214,0.00089,0.37281
CVE-2024-23215,0.00060,0.23240
CVE-2024-23217,0.00049,0.14990
CVE-2024-23218,0.00095,0.39587
CVE-2024-23219,0.00045,0.12108
CVE-2024-23222,0.00179,0.55203
CVE-2024-23223,0.00060,0.23240
CVE-2024-23224,0.00052,0.18141
CVE-2024-23301,0.00042,0.05722
CVE-2024-23307,0.00043,0.06775
CVE-2024-23329,0.00046,0.13740
CVE-2024-23330,0.00046,0.13740
CVE-2024-23331,0.00065,0.26948
CVE-2024-23332,0.00050,0.16285
CVE-2024-23334,0.00045,0.12069
CVE-2024-23339,0.00046,0.13740
CVE-2024-23340,0.00052,0.17893
CVE-2024-23341,0.00052,0.17989
CVE-2024-23342,0.00045,0.12069
CVE-2024-23345,0.00075,0.30888
CVE-2024-23347,0.00055,0.20747
CVE-2024-23348,0.00088,0.37000
CVE-2024-23387,0.00061,0.23819
CVE-2024-23388,0.00047,0.13890
CVE-2024-23441,0.00043,0.06775
CVE-2024-23453,0.00042,0.05722
CVE-2024-23506,0.00049,0.14986
CVE-2024-23525,0.00067,0.27644
CVE-2024-23613,0.00183,0.55651
CVE-2024-23614,0.00213,0.59307
CVE-2024-23615,0.00213,0.59307
CVE-2024-23616,0.00213,0.59307
CVE-2024-23617,0.00209,0.58905
CVE-2024-23618,0.00142,0.49931
CVE-2024-23619,0.00192,0.56891
CVE-2024-23620,0.00042,0.05722
CVE-2024-23621,0.00291,0.65934
CVE-2024-23622,0.00291,0.65934
CVE-2024-23624,0.00124,0.46762
CVE-2024-23625,0.00124,0.46762
CVE-2024-23626,0.00204,0.58408
CVE-2024-23627,0.00204,0.58408
CVE-2024-23628,0.00204,0.58408
CVE-2024-23629,0.00087,0.36261
CVE-2024-23630,0.00075,0.30808
CVE-2024-23633,0.00057,0.21247
CVE-2024-23636,0.00072,0.29664
CVE-2024-23638,0.00434,0.72025
CVE-2024-23641,0.00043,0.06775
CVE-2024-23644,0.00063,0.25553
CVE-2024-23646,0.00059,0.23151
CVE-2024-23648,0.00087,0.36569
CVE-2024-23649,0.00049,0.14986
CVE-2024-23655,0.00046,0.13740
CVE-2024-23656,0.00060,0.23760
CVE-2024-23659,0.00052,0.17989
CVE-2024-23675,0.00046,0.12619
CVE-2024-23676,0.00045,0.11801
CVE-2024-23677,0.00046,0.13740
CVE-2024-23678,0.00046,0.12680
CVE-2024-23679,0.00120,0.46087
CVE-2024-23680,0.00052,0.17989
CVE-2024-23681,0.00042,0.05722
CVE-2024-23682,0.00042,0.05722
CVE-2024-23683,0.00042,0.05722
CVE-2024-23684,0.00102,0.41567
CVE-2024-23685,0.00052,0.17638
CVE-2024-23686,0.00052,0.17989
CVE-2024-23687,0.00151,0.51277
CVE-2024-23688,0.00052,0.17989
CVE-2024-23689,0.00074,0.30723
CVE-2024-23725,0.00046,0.13740
CVE-2024-23726,0.00090,0.37767
CVE-2024-23730,0.00094,0.39336
CVE-2024-23731,0.00134,0.48641
CVE-2024-23732,0.00046,0.13740
CVE-2024-23738,0.00270,0.64555
CVE-2024-23739,0.00270,0.64555
CVE-2024-23740,0.00235,0.61663
CVE-2024-23741,0.00235,0.61663
CVE-2024-23742,0.00235,0.61663
CVE-2024-23743,0.00270,0.64555
CVE-2024-23744,0.00046,0.13740
CVE-2024-23747,0.00084,0.34921
CVE-2024-23750,0.00054,0.19314
CVE-2024-23751,0.00076,0.31600
CVE-2024-23752,0.00143,0.50070
CVE-2024-23768,0.00049,0.15925
CVE-2024-23770,0.00042,0.05722
CVE-2024-23771,0.00118,0.45655
CVE-2024-23782,0.00045,0.11801
CVE-2024-23790,0.00122,0.46408
CVE-2024-23791,0.00087,0.36261
CVE-2024-23792,0.00046,0.12619
CVE-2024-23817,0.00046,0.13740
CVE-2024-23820,0.00070,0.28981
CVE-2024-23822,0.00044,0.08212
CVE-2024-23826,0.00043,0.06775
CVE-2024-23827,0.00048,0.14251
CVE-2024-23828,0.00042,0.05722
CVE-2024-23829,0.00045,0.12069
CVE-2024-23842,0.00046,0.12646
CVE-2024-23848,0.00043,0.06775
CVE-2024-23849,0.00043,0.06775
CVE-2024-23850,0.00043,0.06775
CVE-2024-23851,0.00043,0.06775
CVE-2024-23855,0.00059,0.23047
CVE-2024-23856,0.00059,0.23047
CVE-2024-23857,0.00059,0.23047
CVE-2024-23858,0.00059,0.23047
CVE-2024-23859,0.00059,0.23047
CVE-2024-23860,0.00059,0.23047
CVE-2024-23861,0.00059,0.23047
CVE-2024-23862,0.00059,0.23047
CVE-2024-23863,0.00059,0.23047
CVE-2024-23864,0.00059,0.23047
CVE-2024-23865,0.00059,0.23047
CVE-2024-23866,0.00059,0.23047
CVE-2024-23867,0.00059,0.23047
CVE-2024-23868,0.00059,0.23047
CVE-2024-23869,0.00059,0.23047
CVE-2024-23870,0.00059,0.23047
CVE-2024-23871,0.00059,0.23047
CVE-2024-23872,0.00059,0.23047
CVE-2024-23873,0.00059,0.23047
CVE-2024-23874,0.00059,0.23047
CVE-2024-23875,0.00059,0.23047
CVE-2024-23876,0.00059,0.23047
CVE-2024-23877,0.00059,0.23047
CVE-2024-23878,0.00059,0.23047
CVE-2024-23879,0.00059,0.23047
CVE-2024-23880,0.00059,0.23047
CVE-2024-23881,0.00059,0.23047
CVE-2024-23882,0.00059,0.23047
CVE-2024-23883,0.00059,0.23047
CVE-2024-23884,0.00059,0.23047
CVE-2024-23885,0.00059,0.23047
CVE-2024-23886,0.00059,0.23047
CVE-2024-23887,0.00059,0.23047
CVE-2024-23888,0.00059,0.23047
CVE-2024-23889,0.00059,0.23047
CVE-2024-23890,0.00059,0.23047
CVE-2024-23891,0.00059,0.23047
CVE-2024-23892,0.00059,0.23047
CVE-2024-23893,0.00059,0.23047
CVE-2024-23894,0.00059,0.23047
CVE-2024-23896,0.00059,0.23047
CVE-2024-23897,0.11940,0.94858
CVE-2024-23898,0.00091,0.38380
CVE-2024-23899,0.00049,0.14986
CVE-2024-23900,0.00044,0.10753
CVE-2024-23901,0.00046,0.13740
CVE-2024-23902,0.00046,0.13740
CVE-2024-23903,0.00046,0.13740
CVE-2024-23904,0.00093,0.39078
CVE-2024-23905,0.00044,0.10753
CVE-2024-23940,0.00046,0.13753
CVE-2024-23985,0.00054,0.19245
CVE-2024-24134,0.00045,0.11801
CVE-2024-24135,0.00043,0.06775
CVE-2024-24136,0.00046,0.13740
CVE-2024-24139,0.00050,0.16285
CVE-2024-24140,0.00050,0.16285
CVE-2024-24141,0.00076,0.31600
CVE-2024-24324,0.06568,0.93095
CVE-2024-24325,0.00386,0.70469
CVE-2024-24326,0.00386,0.70469
CVE-2024-24327,0.00386,0.70469
CVE-2024-24328,0.00386,0.70469
CVE-2024-24329,0.00386,0.70469
CVE-2024-24330,0.00386,0.70469
CVE-2024-24331,0.00386,0.70469
CVE-2024-24332,0.00386,0.70469
CVE-2024-24333,0.00386,0.70469
CVE-2024-24399,0.00055,0.20491
CVE-2024-24736,0.00089,0.37288
